Time,Objective value
0.0188748836517334,37548
0.01891303062438965,37548
0.019874095916748047,37548
0.02080702781677246,37536
0.021654605865478516,37516
0.022528409957885742,37516
0.023355484008789062,37452
0.026069164276123047,37304
0.026773452758789062,37304
0.027372121810913086,37304
0.03000473976135254,37284
0.03270530700683594,37284
0.033397674560546875,37276
0.03609514236450195,37276
0.036801815032958984,37206
0.03943228721618652,37146
0.04010891914367676,37146
0.04272937774658203,37146
0.04545760154724121,37146
0.04818081855773926,37146
0.054913997650146484,37146
0.057808876037597656,37124
0.06253671646118164,37124
0.06732749938964844,37046
0.06820917129516602,37046
0.06888771057128906,37008
0.07150697708129883,37008
0.07421612739562988,37000
0.07693982124328613,37000
0.07767319679260254,36902
0.08037567138671875,36870
0.08104562759399414,36870
0.08772945404052734,36870
0.08858370780944824,36862
0.09121108055114746,36830
0.09189629554748535,36830
0.09257984161376953,36830
0.09518933296203613,36830
0.09788084030151367,36830
0.0985569953918457,36830
0.10316848754882812,36830
0.10393095016479492,36830
0.1066584587097168,36830
0.10947179794311523,36796
0.1102299690246582,36796
0.1130366325378418,36764
0.11577296257019043,36750
0.11646723747253418,36750
0.12313389778137207,36750
0.12796640396118164,36750
0.1308448314666748,36750
0.13369131088256836,36750
0.13655304908752441,36750
0.1393120288848877,36706
0.14002108573913574,36706
0.1407022476196289,36682
0.14331579208374023,36682
0.14602255821228027,36682
0.15076565742492676,36682
0.15149211883544922,36682
0.15625619888305664,36660
0.15906119346618652,36660
0.1597440242767334,36660
0.16237163543701172,36660
0.1670856475830078,36660
0.1678600311279297,36512
0.17050814628601074,36512
0.17322778701782227,36486
0.17799639701843262,36486
0.1807570457458496,36486
0.183502197265625,36486
0.18421006202697754,36486
0.18894338607788086,36486
0.19174528121948242,36486
0.19447970390319824,36486
0.19720888137817383,36486
0.19992685317993164,36486
0.20670247077941895,36486
0.2075212001800537,36486
0.20821452140808105,36486
0.2108449935913086,36486
0.21557354927062988,36486
0.2163538932800293,36486
0.22301840782165527,36486
0.22379207611083984,36486
0.224534273147583,36486
0.22512412071228027,36486
0.22977042198181152,36486
0.2325441837310791,36486
0.2352592945098877,36486
0.23593425750732422,36486
0.23856616020202637,36486
0.24127507209777832,36486
0.24801945686340332,36486
0.24884748458862305,36464
0.24952936172485352,36464
0.25217390060424805,36462
0.25284242630004883,36462
0.2534205913543701,36462
0.25807952880859375,36462
0.2608799934387207,36462
0.2615630626678467,36462
0.26215434074401855,36462
0.26882028579711914,36462
0.2696831226348877,36462
0.2743265628814697,36462
0.2751200199127197,36462
0.27976512908935547,36462
0.2825782299041748,36462
0.2853085994720459,36462
0.2859952449798584,36462
0.2886481285095215,36380
0.29337477684020996,36380
0.2961583137512207,36380
0.296860933303833,36380
0.299518346786499,36380
0.3022282123565674,36380
0.3029160499572754,36380
0.3055386543273926,36380
0.3062279224395752,36380
0.31088900566101074,36380
0.3116569519042969,36380
0.31226110458374023,36380
0.3148808479309082,36380
0.31555604934692383,36380
0.3161435127258301,36380
0.3167252540588379,36380
0.3193655014038086,36380
0.32002902030944824,36380
0.32061028480529785,36368
0.3211793899536133,36324
0.32176923751831055,36280
0.3223562240600586,36280
0.3249473571777344,36280
0.3276646137237549,36280
0.3283553123474121,36264
0.33298540115356445,36264
0.3357865810394287,36244
0.33852410316467285,36244
0.34325504302978516,36244
0.34605860710144043,36244
0.34877967834472656,36244
0.3494865894317627,36244
0.35414767265319824,36244
0.3548769950866699,36244
0.35558104515075684,36228
0.3561744689941406,36228
0.3588085174560547,36228
0.36353278160095215,36228
0.36635804176330566,36200
0.36908555030822754,36200
0.37178754806518555,36200
0.37245678901672363,36184
0.3730487823486328,36184
0.3756723403930664,36184
0.37837719917297363,36184
0.3831014633178711,36184
0.38592052459716797,36184
0.3886377811431885,36184
0.3913536071777344,36184
0.3920273780822754,36184
0.3986849784851074,36184
0.3995077610015869,36184
0.4022252559661865,36184
0.40291476249694824,36184
0.4035208225250244,36182
0.4061622619628906,36182
0.4088904857635498,36180
0.4095628261566162,36180
0.41216540336608887,36180
0.41285085678100586,36180
0.41547489166259766,36180
0.41819024085998535,36152
0.42698025703430176,36152
0.42788171768188477,36152
0.43057703971862793,36152
0.43136000633239746,36148
0.4339945316314697,36148
0.4367184638977051,36148
0.4374058246612549,36148
0.4400310516357422,36148
0.4407012462615967,36148
0.44537925720214844,36148
0.4481816291809082,36142
0.4508960247039795,36142
0.4515972137451172,36142
0.4521791934967041,36110
0.4568471908569336,36110
0.4616236686706543,36110
0.4623982906341553,36110
0.4631459712982178,36110
0.46373629570007324,36110
0.46637868881225586,36110
0.46909427642822266,36110
0.4697763919830322,36110
0.47240686416625977,36074
0.4751114845275879,36074
0.47782468795776367,36074
0.4785001277923584,36074
0.48313379287719727,36074
0.4859349727630615,36074
0.4906637668609619,36074
0.491396427154541,36074
0.4961056709289551,36074
0.5008900165557861,36074
0.5037229061126709,36036
0.5044593811035156,36036
0.5071933269500732,36036
0.5099201202392578,35994
0.510608434677124,35994
0.511206865310669,35994
0.5117800235748291,35994
0.5164079666137695,35980
0.5211961269378662,35980
0.5219621658325195,35980
0.5266156196594238,35980
0.5273337364196777,35980
0.5300290584564209,35980
0.5327529907226562,35980
0.5334300994873047,35980
0.5380713939666748,35980
0.5408766269683838,35980
0.5435776710510254,35980
0.5503511428833008,35980
0.5531313419342041,35980
0.5538983345031738,35980
0.5566153526306152,35974
0.5593364238739014,35960
0.5600283145904541,35960
0.5666847229003906,35960
0.5695788860321045,35956
0.5702643394470215,35906
0.5728838443756104,35906
0.5776162147521973,35906
0.5804145336151123,35906
0.58109450340271,35906
0.581718921661377,35894
0.58837890625,35894
0.5891721248626709,35894
0.5918915271759033,35894
0.5946109294891357,35894
0.5993635654449463,35894
0.6020941734313965,35894
0.602872371673584,35894
0.61155104637146,35894
0.6124069690704346,35894
0.6131665706634521,35894
0.6178028583526611,35894
0.6185729503631592,35894
0.6232032775878906,35894
0.6259486675262451,35894
0.6267180442810059,35894
0.6313667297363281,35894
0.6361081600189209,35894
0.638967752456665,35894
0.6417703628540039,35894
0.6445143222808838,35894
0.649268627166748,35894
0.6500368118286133,35894
0.652644157409668,35894
0.6553604602813721,35894
0.6560328006744385,35894
0.6606903076171875,35894
0.6614639759063721,35894
0.6620616912841797,35894
0.6646780967712402,35894
0.669409990310669,35894
0.6701164245605469,35894
0.6707973480224609,35894
0.6713962554931641,35884
0.671980619430542,35882
0.6766068935394287,35882
0.6794090270996094,35882
0.6841402053833008,35882
0.6869609355926514,35882
0.6896405220031738,35882
0.6943628787994385,35882
0.695134162902832,35882
0.7017762660980225,35882
0.7046713829040527,35882
0.7053651809692383,35882
0.7100090980529785,35882
0.7127659320831299,35882
0.7135257720947266,35882
0.7181499004364014,35882
0.7229268550872803,35882
0.7277882099151611,35882
0.7285501956939697,35882
0.7293190956115723,35882
0.7299063205718994,35882
0.7325189113616943,35882
0.7331762313842773,35882
0.739851713180542,35882
0.7426953315734863,35882
0.7494728565216064,35882
0.7503228187561035,35882
0.7531185150146484,35882
0.7598862648010254,35882
0.7606508731842041,35882
0.7674803733825684,35882
0.7702715396881104,35882
0.771047830581665,35882
0.7738471031188965,35882
0.7765843868255615,35882
0.7793340682983398,35882
0.7800083160400391,35882
0.7826390266418457,35882
0.7853395938873291,35882
0.7880628108978271,35882
0.7887570858001709,35882
0.7954292297363281,35882
0.7962377071380615,35882
0.798957109451294,35882
0.8016879558563232,35882
0.8023886680603027,35866
0.8029899597167969,35866
0.8056268692016602,35866
0.8083570003509521,35866
0.8171291351318359,35866
0.8179481029510498,35866
0.8186759948730469,35866
0.8194029331207275,35866
0.8241336345672607,35866
0.8249115943908691,35866
0.8295571804046631,35866
0.834315299987793,35866
0.8351218700408936,35866
0.8398783206939697,35866
0.8406558036804199,35790
0.8412735462188721,35790
0.8439140319824219,35790
0.8466343879699707,35790
0.8473188877105713,35790
0.851959228515625,35790
0.8547766208648682,35790
0.8554561138153076,35790
0.8600609302520752,35790
0.86283278465271,35790
0.8634860515594482,35790
0.8681201934814453,35790
0.8709194660186768,35790
0.8736202716827393,35790
0.8742811679840088,35790
0.8748266696929932,35790
0.8814144134521484,35790
0.8822591304779053,35790
0.8848404884338379,35790
0.8875200748443604,35790
0.8922269344329834,35790
0.8950262069702148,35790
0.8997550010681152,35790
0.902550220489502,35790
0.9072532653808594,35790
0.9079978466033936,35790
0.9146616458892822,35790
0.9154305458068848,35790
0.9182214736938477,35790
0.920954704284668,35790
0.9216611385345459,35790
0.9263331890106201,35790
0.9271035194396973,35790
0.9317643642425537,35790
0.9325296878814697,35790
0.9371607303619385,35790
0.9419782161712646,35790
0.9427471160888672,35790
0.9473960399627686,35790
0.9501323699951172,35790
0.952932596206665,35790
0.9597141742706299,35790
0.9605629444122314,35790
0.969221830368042,35790
0.9700610637664795,35790
0.974879264831543,35790
0.9756190776824951,35790
0.9803681373596191,35790
0.983161449432373,35790
0.9838597774505615,35790
0.9844808578491211,35790
0.9850795269012451,35790
0.9877023696899414,35790
0.9883766174316406,35790
0.990966796875,35790
0.9916002750396729,35790
0.9921369552612305,35790
0.9967184066772461,35790
0.9974572658538818,35790
1.000030755996704,35790
1.0027108192443848,35790
1.0033462047576904,35790
1.003880262374878,35790
1.0084724426269531,35790
1.009202480316162,35790
1.0138309001922607,35790
1.014582872390747,35790
1.0192101001739502,35790
1.0260295867919922,35790
1.0268056392669678,35790
1.029594898223877,35790
1.0363483428955078,35790
1.037149429321289,35790
1.0378320217132568,35790
1.038428544998169,35790
1.0430717468261719,35790
1.043867826461792,35790
1.0465054512023926,35790
1.0471973419189453,35760
1.051856279373169,35760
1.0566387176513672,35760
1.0574440956115723,35756
1.0621569156646729,35756
1.0649614334106445,35756
1.067681074142456,35732
1.0704050064086914,35732
1.0731196403503418,35728
1.0758259296417236,35724
1.0785539150238037,35724
1.0832841396331787,35724
1.084035873413086,35724
1.0866978168487549,35712
1.0894134044647217,35712
1.0901060104370117,35712
1.0947630405426025,35712
1.0955212116241455,35712
1.1021666526794434,35712
1.10499906539917,35712
1.1078228950500488,35712
1.11253023147583,35712
1.11533522605896,35712
1.1180448532104492,35712
1.1227664947509766,35712
1.123542070388794,35712
1.126157522201538,35712
1.1288607120513916,35712
1.1356239318847656,35712
1.1384634971618652,35712
1.1392319202423096,35712
1.143892765045166,35712
1.1487171649932861,35712
1.1495027542114258,35712
1.1541476249694824,35712
1.1549160480499268,35712
1.1575522422790527,35712
1.1582362651824951,35712
1.1608538627624512,35712
1.1655867099761963,35712
1.1704175472259521,35712
1.171189546585083,35712
1.1738171577453613,35712
1.1765313148498535,35712
1.1792488098144531,35712
1.1839747428894043,35712
1.184746265411377,35712
1.1873669624328613,35712
1.1921029090881348,35668
1.192882776260376,35668
1.197521448135376,35668
1.2023539543151855,35668
1.203111171722412,35664
1.2077696323394775,35664
1.2125492095947266,35664
1.2132995128631592,35664
1.2181017398834229,35664
1.2208960056304932,35664
1.2236394882202148,35664
1.2263619899749756,35664
1.2290823459625244,35664
1.2297728061676025,35664
1.234429121017456,35664
1.237226963043213,35664
1.2399227619171143,35664
1.2426457405090332,35664
1.2453887462615967,35664
1.246079921722412,35664
1.2487053871154785,35664
1.253434419631958,35664
1.256195306777954,35664
1.2590219974517822,35644
1.259718894958496,35634
1.2643914222717285,35586
1.2671828269958496,35586
1.2678742408752441,35586
1.2725472450256348,35586
1.275364637374878,35586
1.2801010608673096,35586
1.2828972339630127,35586
1.2856316566467285,35586
1.2863233089447021,35586
1.288949966430664,35586
1.291682243347168,35410
1.2923767566680908,35410
1.2949910163879395,35410
1.2956860065460205,35410
1.300340175628662,35410
1.301070213317871,35410
1.303802728652954,35410
1.304481029510498,35410
1.307121753692627,35410
1.3078033924102783,35410
1.3104329109191895,35410
1.3131299018859863,35410
1.3138296604156494,35410
1.3164622783660889,35410
1.3171229362487793,35410
1.3217592239379883,35410
1.3225281238555908,35410
1.3271732330322266,35410
1.331918478012085,35410
1.3327043056488037,35410
1.335402250289917,35410
1.3381612300872803,35410
1.3429827690124512,35410
1.3457777500152588,35410
1.3464741706848145,35410
1.3511145114898682,35410
1.3538951873779297,35410
1.3586454391479492,35410
1.3634541034698486,35410
1.3642303943634033,35410
1.3688809871673584,35410
1.371668815612793,35410
1.372366189956665,35372
1.3790192604064941,35372
1.3818233013153076,35372
1.3826930522918701,35372
1.385319471359253,35372
1.3880443572998047,35332
1.3887135982513428,35332
1.3953545093536377,35332
1.398149013519287,35332
1.398951768875122,35332
1.3996384143829346,35332
1.4042744636535645,35332
1.4070749282836914,35332
1.4118030071258545,35332
1.4125642776489258,35332
1.4172065258026123,35332
1.417978048324585,35332
1.4226114749908447,35332
1.4253857135772705,35332
1.428185224533081,35332
1.4329137802124023,35332
1.4336445331573486,35332
1.4343338012695312,35332
1.4389674663543701,35332
1.4397406578063965,35332
1.444401502609253,35332
1.4472017288208008,35332
1.4499232769012451,35332
1.454662799835205,35332
1.4553871154785156,35332
1.4601261615753174,35332
1.4608635902404785,35332
1.4635686874389648,35332
1.4683234691619873,35280
1.4690492153167725,35280
1.4697437286376953,35280
1.4703400135040283,35280
1.4770267009735107,35280
1.4798269271850586,35280
1.4806921482086182,35268
1.4833273887634277,35268
1.486030101776123,35268
1.488757848739624,35268
1.493506908416748,35268
1.4942190647125244,35268
1.498957872390747,35268
1.4997220039367676,35268
1.5023276805877686,35268
1.5029990673065186,35268
1.5056164264678955,35268
1.5123772621154785,35268
1.5131964683532715,35268
1.515897512435913,35268
1.5166044235229492,35268
1.5253074169158936,35268
1.5261638164520264,35268
1.5289371013641357,35268
1.5297105312347412,35268
1.532353401184082,35256
1.5330426692962646,35256
1.5376837253570557,35256
1.5425102710723877,35256
1.545259714126587,35256
1.5459835529327393,35256
1.5487000942230225,35256
1.5534238815307617,35256
1.5541932582855225,35256
1.55684494972229,35256
1.5595524311065674,35256
1.5683300495147705,35256
1.5692431926727295,35256
1.5719456672668457,35256
1.574676513671875,35256
1.5774013996124268,35256
1.580094814300537,35256
1.5807740688323975,35256
1.5833704471588135,35256
1.5880956649780273,35256
1.5888371467590332,35256
1.5915412902832031,35256
1.5962929725646973,35256
1.5991036891937256,35256
1.601822853088379,35256
1.6025242805480957,35256
1.609168291091919,35256
1.6099836826324463,35256
1.6106507778167725,35256
1.6193382740020752,35256
1.6242635250091553,35256
1.6251094341278076,35256
1.625800371170044,35256
1.6305513381958008,35256
1.6333558559417725,35256
1.6400976181030273,35256
1.640923023223877,35256
1.645684003829956,35256
1.646446943283081,35256
1.649169921875,35256
1.649857521057129,35256
1.6545042991638184,35256
1.6552760601043701,35256
1.6599442958831787,35256
1.6607177257537842,35256
1.6673853397369385,35256
1.6702117919921875,35256
1.6709778308868408,35256
1.6715807914733887,35256
1.6762053966522217,35256
1.6769769191741943,35256
1.683645248413086,35256
1.6865642070770264,35256
1.6892812252044678,35256
1.691986083984375,35224
1.6947064399719238,35224
1.6953883171081543,35216
1.6980159282684326,35216
1.7047653198242188,35216
1.707615852355957,35216
1.7083375453948975,35216
1.711045742034912,35208
1.7117278575897217,35208
1.7163889408111572,35208
1.7171452045440674,35208
1.7258129119873047,35208
1.7266883850097656,35208
1.7274549007415771,35208
1.7280356884002686,35208
1.7306523323059082,35208
1.733346700668335,35208
1.738067626953125,35208
1.7408254146575928,35208
1.745595932006836,35208
1.750425100326538,35208
1.7532992362976074,35208
1.756138801574707,35208
1.7568867206573486,35208
1.7616188526153564,35208
1.7664408683776855,35208
1.7671740055084229,35208
1.7698888778686523,35208
1.7726199626922607,35208
1.7753405570983887,35208
1.776031732559204,35208
1.7786624431610107,35208
1.7833976745605469,35208
1.7861497402191162,35208
1.788952350616455,35208
1.7936906814575195,35208
1.7964532375335693,35208
1.801215648651123,35208
1.8020355701446533,35208
1.8027293682098389,35208
1.8033347129821777,35208
1.8079884052276611,35208
1.810741662979126,35208
1.8155484199523926,35208
1.822373390197754,35208
1.8232851028442383,35208
1.8259861469268799,35208
1.8287057876586914,35208
1.8314189910888672,35208
1.8361485004425049,35208
1.8369357585906982,35208
1.8415637016296387,35208
1.8443355560302734,35208
1.8491520881652832,35208
1.8499252796173096,35208
1.856602668762207,35208
1.8574726581573486,35208
1.8661534786224365,35208
1.8670556545257568,35208
1.8737852573394775,35208
1.8745625019073486,35208
1.8753242492675781,35208
1.8819818496704102,35208
1.8828394412994385,35208
1.885457992553711,35208
1.8881540298461914,35208
1.8908600807189941,35208
1.8955833911895752,35208
1.8963727951049805,35208
1.9030177593231201,35208
1.905853271484375,35208
1.9106924533843994,35208
1.913480281829834,35208
1.9161837100982666,35208
1.9168648719787598,35208
1.9235212802886963,35208
1.9263598918914795,35208
1.927086591720581,35208
1.927764892578125,35208
1.9324061870574951,35208
1.9352059364318848,35208
1.9379169940948486,35208
1.9426281452178955,35208
1.9454245567321777,35208
1.948138952255249,35208
1.952892541885376,35208
1.9577367305755615,35208
1.960529088973999,35208
1.96122145652771,35208
1.9658751487731934,35208
1.972733736038208,35208
1.975581169128418,35208
1.9784157276153564,35208
1.9811427593231201,35208
1.983879566192627,35208
1.9866063594818115,35208
1.9873099327087402,35208
1.9939446449279785,35208
1.9947516918182373,35208
1.9974617958068848,35208
1.998138666152954,35208
2.0027928352355957,35208
2.0076301097869873,35208
2.0144519805908203,35208
2.017357110977173,35208
2.0180485248565674,35208
2.0246951580047607,35208
2.0254569053649902,35208
2.028207302093506,35208
2.0289368629455566,35208
2.031642198562622,35208
2.040457010269165,35208
2.0434093475341797,35208
2.0441837310791016,35208
2.0468239784240723,35208
2.0495383739471436,35208
2.0542664527893066,35208
2.057068109512329,35208
2.0577516555786133,35208
2.0623862743377686,35206
2.0651800632476807,35206
2.0719494819641113,35206
2.0727171897888184,35206
2.0754761695861816,35206
2.078284740447998,35206
2.0809860229492188,35206
2.085719108581543,35206
2.090514898300171,35206
2.0933589935302734,35206
2.094088077545166,35206
2.0947718620300293,35206
2.1034905910491943,35206
2.104334831237793,35206
2.1050381660461426,35206
2.105729579925537,35206
2.1063413619995117,35206
2.1129796504974365,35206
2.1157798767089844,35206
2.116560459136963,35206
2.1233670711517334,35206
2.1262779235839844,35206
2.129126787185669,35206
2.1339001655578613,35206
2.138779640197754,35206
2.1395933628082275,35206
2.1443285942077637,35206
2.147146224975586,35206
2.149857521057129,35206
2.152580499649048,35206
2.15732479095459,35206
2.1621017456054688,35206
2.162978410720825,35206
2.165588855743408,35206
2.1683106422424316,35206
2.173025369644165,35206
2.1737844944000244,35206
2.1784327030181885,35206
2.1792070865631104,35206
2.181826591491699,35206
2.1905910968780518,35206
2.1934709548950195,35206
2.1943345069885254,35206
2.203031301498413,35206
2.2038817405700684,35206
2.2086429595947266,35206
2.2094566822052,35206
2.212174415588379,35206
2.2128677368164062,35206
2.21752667427063,35206
2.2182834148406982,35206
2.2249202728271484,35206
2.225787878036499,35206
2.2324583530426025,35206
2.2333338260650635,35206
2.235956907272339,35206
2.2427220344543457,35206
2.2435646057128906,35206
2.2463021278381348,35206
2.2510321140289307,35206
2.251748561859131,35206
2.254469394683838,35206
2.2571804523468018,35206
2.259887218475342,35206
2.262599229812622,35206
2.265321731567383,35206
2.266024589538574,35206
2.2726852893829346,35206
2.2735610008239746,35206
2.2802248001098633,35206
2.2850399017333984,35206
2.2859420776367188,35206
2.2906603813171387,35206
2.2934186458587646,35206
2.298234462738037,35206
2.301046133041382,35206
2.305788993835449,35206
2.306572437286377,35206
2.311211347579956,35206
2.314021110534668,35206
2.320788621902466,35206
2.323685884475708,35206
2.3304715156555176,35206
2.3313488960266113,35206
2.336000919342041,35206
2.3367815017700195,35206
2.345482349395752,35206
2.3503944873809814,35206
2.3512604236602783,35206
2.3560235500335693,35206
2.3588974475860596,35206
2.361701250076294,35198
2.3644258975982666,35198
2.3651225566864014,35198
2.3697803020477295,35198
2.3725898265838623,35198
2.3753201961517334,35198
2.376020908355713,35198
2.3786792755126953,35198
2.381392002105713,35198
2.3860924243927,35198
2.3909366130828857,35198
2.3957574367523193,35198
2.3965513706207275,35198
2.3991658687591553,35198
2.4018852710723877,35198
2.4045963287353516,35198
2.4052906036376953,35198
2.4139463901519775,35198
2.4168992042541504,35198
2.4176714420318604,35198
2.4223177433013916,35198
2.42909574508667,35198
2.429948568344116,35198
2.4307045936584473,35198
2.4373998641967773,35198
2.438222646713257,35198
2.4409313201904297,35198
2.443667411804199,35198
2.4463882446289062,35198
2.449115753173828,35198
2.451861619949341,35198
2.458616018295288,35198
2.4594857692718506,35198
2.4620964527130127,35198
2.4648332595825195,35198
2.4655165672302246,35198
2.470167636871338,35198
2.470942735671997,35198
2.4735569953918457,35198
2.4783146381378174,35198
2.4810800552368164,35198
2.4838778972625732,35198
2.486628293991089,35198
2.4893295764923096,35198
2.492044448852539,35198
2.4927384853363037,35198
2.495354652404785,35198
2.500096321105957,35198
2.504878282546997,35198
2.5056464672088623,35198
2.506380081176758,35198
2.511122226715088,35198
2.511878728866577,35198
2.518537998199463,35198
2.5193498134613037,35198
2.5240566730499268,35198
2.5247838497161865,35198
2.529536008834839,35198
2.530317544937134,35198
2.5329530239105225,35198
2.539740562438965,35198
2.542637348175049,35198
2.5453970432281494,35198
2.5481340885162354,35198
2.54882550239563,35198
2.553469181060791,35198
2.5582263469696045,35198
2.5610692501068115,35198
2.561837911605835,35198
2.566493272781372,35198
2.5672576427459717,35198
2.573925495147705,35198
2.574742078781128,35198
2.575425386428833,35198
2.5800838470458984,35198
2.580868721008301,35198
2.5895590782165527,35198
2.5904693603515625,35198
2.595182418823242,35198
2.6000168323516846,35198
2.6007933616638184,35198
2.6054553985595703,35198
2.6061816215515137,35198
2.610917329788208,35198
2.6137332916259766,35198
2.614429473876953,35198
2.6190662384033203,35198
2.621858835220337,35198
2.6245856285095215,35198
2.6293423175811768,35198
2.630059242248535,35198
2.632786273956299,35198
2.635484218597412,35198
2.644279956817627,35198
2.6451382637023926,35198
2.645920753479004,35198
2.648561716079712,35198
2.651282787322998,35198
2.6519672870635986,35182
2.652554750442505,35182
2.6551637649536133,35182
2.6558401584625244,35182
2.662520170211792,35182
2.6633317470550537,35182
2.668050527572632,35182
2.668828248977661,35182
2.6734631061553955,35182
2.676222324371338,35178
2.6790518760681152,35174
2.6797611713409424,35158
2.6824021339416504,35158
2.6830694675445557,35158
2.685683488845825,35158
2.68839693069458,35158
2.6910979747772217,35158
2.6917879581451416,35158
2.6984620094299316,35158
2.701310634613037,35158
2.702030658721924,35158
2.7067911624908447,35158
2.7075250148773193,35150
2.7122817039489746,35146
2.7130002975463867,35122
2.715705633163452,35122
2.718456983566284,35122
2.723189353942871,35122
2.723968029022217,35122
2.7245535850524902,35122
2.7292072772979736,35122
2.7299301624298096,35122
2.7306087017059326,35122
2.7352609634399414,35122
2.738030195236206,35122
2.7428512573242188,35122
2.7436397075653076,35122
2.7482943534851074,35122
2.7510790824890137,35122
2.7517876625061035,35122
2.7564468383789062,35122
2.761274576187134,35122
2.762042284011841,35122
2.7646727561950684,35122
2.769404649734497,35122
2.770171642303467,35122
2.7728030681610107,35122
2.777554988861084,35122
2.780372381210327,35122
2.783067226409912,35122
2.7837517261505127,35122
2.7863805294036865,35122
2.791092872619629,35122
2.7918691635131836,35122
2.7945032119750977,35122
2.7972161769866943,35122
2.799940347671509,35122
2.8026602268218994,35122
2.8033504486083984,35122
2.8079993724823,35122
2.810802936553955,35122
2.8155317306518555,35122
2.816309690475464,35122
2.822974920272827,35122
2.825815200805664,35122
2.8266074657440186,35122
2.831244707107544,35122
2.836055040359497,35122
2.8388168811798096,35122
2.8395769596099854,35122
2.844221591949463,35122
2.8449954986572266,35122
2.8455915451049805,35122
2.8522727489471436,35122
2.8551018238067627,35122
2.8579087257385254,35118
2.860609769821167,35118
2.8633408546447754,35118
2.8680922985076904,35118
2.868828296661377,35118
2.871554136276245,35118
2.8763043880462646,35118
2.8791117668151855,35118
2.879804849624634,35118
2.8803915977478027,35118
2.88501238822937,35118
2.885732650756836,35118
2.8884525299072266,35118
2.8931803703308105,35118
2.8980212211608887,35118
2.9008471965789795,35118
2.905583381652832,35118
2.906376361846924,35118
2.9069788455963135,35118
2.915673017501831,35118
2.916531562805176,35118
2.919337272644043,35118
2.920006036758423,35118
2.9226269721984863,35118
2.9253368377685547,35118
2.9320883750915527,35118
2.932865619659424,35118
2.939676523208618,35118
2.942564010620117,35118
2.943293333053589,35112
2.9459962844848633,35112
2.948824644088745,35112
2.949528932571411,35112
2.9521632194519043,35112
2.9528486728668213,35112
2.955474615097046,35112
2.9601974487304688,35112
2.9650304317474365,35112
2.9657630920410156,35112
2.970491886138916,35112
2.9712531566619873,35112
2.975903034210205,35112
2.9766829013824463,35112
2.979314088821411,35112
2.9820196628570557,35112
2.986774444580078,35112
2.9895646572113037,35112
2.9943153858184814,35112
2.9971401691436768,35112
3.003908634185791,35112
3.0047624111175537,35112
3.0074026584625244,35112
3.012129545211792,35112
3.0148847103118896,35112
3.0196611881256104,35112
3.020470380783081,35112
3.0231497287750244,35112
3.027886390686035,35112
3.0306496620178223,35112
3.0313620567321777,35112
3.036095142364502,35112
3.03891658782959,35112
3.0416438579559326,35112
3.046417713165283,35112
3.049210786819458,35112
3.053933620452881,35112
3.0567471981048584,35112
3.0594470500946045,35112
3.064180374145508,35112
3.0649538040161133,35112
3.0676121711730957,35112
3.0703396797180176,35112
3.0791003704071045,35112
3.081993341445923,35112
3.0868115425109863,35112
3.089696168899536,35112
3.0905659198760986,35112
3.093188524246216,35112
3.0999443531036377,35112
3.1008059978485107,35112
3.105459213256836,35112
3.1062381267547607,35112
3.1088826656341553,35112
3.113635301589966,35112
3.1163971424102783,35112
3.1192047595977783,35112
3.1239490509033203,35112
3.126788377761841,35112
3.1295084953308105,35112
3.134229898452759,35112
3.139070749282837,35112
3.1418371200561523,35112
3.1445982456207275,35112
3.1473605632781982,35112
3.152165651321411,35112
3.1569645404815674,35094
3.159886121749878,35094
3.1605825424194336,35094
3.1652143001556396,35094
3.168034315109253,35094
3.172760248184204,35094
3.175520896911621,35094
3.176257610321045,35094
3.1789753437042236,35094
3.1857376098632812,35094
3.18650484085083,35094
3.1913249492645264,35094
3.1960959434509277,35094
3.2009201049804688,35094
3.2038066387176514,35094
3.2045702934265137,35094
3.2053442001342773,35094
3.205936908721924,35094
3.2146432399749756,35094
3.2155957221984863,35094
3.220208168029785,35094
3.2250146865844727,35094
3.2257962226867676,35094
3.2324750423431396,35094
3.2353265285491943,35094
3.238086700439453,35094
3.2408828735351562,35094
3.2456653118133545,35094
3.248439311981201,35094
3.251246213912964,35094
3.258026361465454,35094
3.2609241008758545,35094
3.2636473178863525,35094
3.2684171199798584,35094
3.2691891193389893,35094
3.2738404273986816,35094
3.2766404151916504,35094
3.2793471813201904,35094
3.28606915473938,35094
3.286885976791382,35094
3.291609287261963,35094
3.296452283859253,35094
3.301283121109009,35094
3.3020551204681396,35094
3.3087477684020996,35094
3.3116037845611572,35094
3.3184189796447754,35094
3.3192782402038574,35094
3.3261218070983887,35094
3.3309645652770996,35094
3.331833839416504,35094
3.3325424194335938,35094
3.3371877670288086,35094
3.339991569519043,35094
3.3508028984069824,35094
3.3536856174468994,35094
3.354551315307617,35094
3.355313539505005,35094
3.360151529312134,35094
3.3608789443969727,35094
3.3655991554260254,35094
3.3663508892059326,35094
3.36907958984375,35094
3.371809959411621,35094
3.372516393661499,35094
3.37514066696167,35094
3.379875898361206,35094
3.3806545734405518,35094
3.383287191390991,35094
3.383985996246338,35094
3.3866209983825684,35094
3.389364004135132,35094
3.392061233520508,35094
3.3967959880828857,35094
3.3995893001556396,35094
3.4043068885803223,35094
3.407114028930664,35094
3.40983510017395,35094
3.4125421047210693,35094
3.41727614402771,35094
3.420090436935425,35094
3.4228079319000244,35094
3.4275567531585693,35094
3.4283411502838135,35094
3.437023162841797,35094
3.437878370285034,35094
3.4446985721588135,35094
3.447571277618408,35094
3.4523754119873047,35094
3.453246593475342,35094
3.4560558795928955,35094
3.4587881565093994,35094
3.46354079246521,35094
3.4643168449401855,35094
3.4649910926818848,35094
3.4676291942596436,35094
3.4683094024658203,35094
3.4769866466522217,35094
3.4778904914855957,35094
3.4785714149475098,35094
3.4852311611175537,35094
3.486004590988159,35094
3.4887688159942627,35094
3.4935712814331055,35094
3.4943580627441406,35094
3.496990203857422,35094
3.4997010231018066,35094
3.502410411834717,35094
3.5030860900878906,35094
3.5097784996032715,35094
3.5105955600738525,35094
3.515315532684326,35094
3.5181338787078857,35094
3.520848274230957,35094
3.525590419769287,35094
3.530424118041992,35094
3.5332131385803223,35094
3.5359315872192383,35094
3.5366265773773193,35094
3.5412559509277344,35094
3.5420103073120117,35094
3.544649600982666,35094
3.5473475456237793,35094
3.5541136264801025,35094
3.5570085048675537,35094
3.561755418777466,35094
3.566587209701538,35094
3.569347620010376,35094
3.572147846221924,35094
3.5748789310455322,35094
3.5796234607696533,35094
3.584460496902466,35094
3.587204933166504,35094
3.590009927749634,35094
3.5927388668060303,35094
3.593419075012207,35094
3.604113817214966,35094
3.605026960372925,35094
3.6058363914489746,35094
3.6105737686157227,35094
3.6113369464874268,35094
3.620026111602783,35094
3.620931625366211,35094
3.6276962757110596,35094
3.6285157203674316,35094
3.6292035579681396,35094
3.6318209171295166,35094
3.636565685272217,35094
3.641388416290283,35094
3.6441943645477295,35094
3.6489310264587402,35094
3.6496992111206055,35094
3.654337167739868,35094
3.6571414470672607,35094
3.6598756313323975,35094
3.664609909057617,35094
3.6694493293762207,35094
3.6742959022521973,35094
3.6770660877227783,35094
3.6778440475463867,35094
3.6865200996398926,35094
3.687379837036133,35094
3.6921846866607666,35094
3.697017192840576,35094
3.697767496109009,35094
3.7045061588287354,35094
3.7053353786468506,35092
3.7080535888671875,35092
3.71087646484375,35092
3.7135934829711914,35092
3.716301202774048,35092
3.7169721126556396,35092
3.7196149826049805,35092
3.7202999591827393,35092
3.7249417304992676,35092
3.7297825813293457,35092
3.7305057048797607,35092
3.7332208156585693,35092
3.735933780670166,35092
3.7406930923461914,35092
3.7434909343719482,35092
3.7441718578338623,35092
3.7447688579559326,35092
3.7514700889587402,35092
3.752279758453369,35092
3.752941370010376,35092
3.755568504333496,35092
3.7602992057800293,35092
3.761072874069214,35092
3.7677438259124756,35092
3.7685914039611816,35092
3.771207571029663,35092
3.775949239730835,35092
3.7787668704986572,35092
3.7835044860839844,35092
3.784217596054077,35092
3.784876823425293,35092
3.787506580352783,35092
3.7902159690856934,35092
3.7949671745300293,35092
3.795738935470581,35092
3.8003978729248047,35092
3.8031845092773438,35092
3.807922840118408,35092
3.8107285499572754,35092
3.811415433883667,35092
3.818082094192505,35092
3.8209171295166016,35092
3.8217012882232666,35092
3.82432222366333,35092
3.827040195465088,35092
3.8297533988952637,35092
3.8324875831604004,35092
3.8351943492889404,35092
3.8379154205322266,35092
3.8406248092651367,35092
3.8433642387390137,35092
3.846083879470825,35092
3.850846529006958,35092
3.853647470474243,35092
3.8583898544311523,35092
3.8632049560546875,35092
3.865976572036743,35092
3.868783473968506,35092
3.8714959621429443,35092
3.8782825469970703,35092
3.8810718059539795,35092
3.881932020187378,35092
3.8845632076263428,35092
3.8852345943450928,35092
3.8858182430267334,35092
3.8884475231170654,35092
3.8891232013702393,35092
3.889716148376465,35092
3.8963940143585205,35092
3.8971426486968994,35092
3.899935722351074,35092
3.9026405811309814,35092
3.9073967933654785,35092
3.910144805908203,35092
3.912950038909912,35092
3.915666103363037,35092
3.9184048175811768,35092
3.9231204986572266,35092
3.925936698913574,35092
3.9266390800476074,35092
3.9312918186187744,35092
3.932053804397583,35092
3.9367153644561768,35092
3.9395179748535156,35092
3.9422130584716797,35092
3.946971893310547,35092
3.947742462158203,35092
3.952407121658325,35090
3.9571897983551025,35090
3.958005666732788,35090
3.9607200622558594,35090
3.965458869934082,35090
3.970237970352173,35090
3.9731500148773193,35090
3.975890636444092,35090
3.9765944480895996,35090
3.9812498092651367,35090
3.984042167663574,35090
3.9908382892608643,35090
3.9916248321533203,35090
3.9923245906829834,35090
3.9970672130584717,35090
3.999833583831787,35090
4.000611305236816,35090
4.005244731903076,35090
4.006012201309204,35090
4.014703750610352,35090
4.017598628997803,35090
4.020403623580933,35090
4.025282144546509,35090
4.0260984897613525,35090
4.028817415237427,35090
4.033551454544067,35090
4.038383483886719,35090
4.041173934936523,35090
4.04592490196228,35090
4.0487329959869385,35090
4.051463842391968,35090
4.056196212768555,35090
4.056976318359375,35090
4.061633110046387,35090
4.062403202056885,35090
4.065014839172363,35090
4.067735910415649,35090
4.072476148605347,35090
4.075227499008179,35090
4.075996398925781,35090
4.0786333084106445,35090
4.085381031036377,35090
4.08824610710144,35090
4.091012001037598,35090
4.093822717666626,35090
4.098581552505493,35090
4.099364519119263,35090
4.104012966156006,35090
4.104790210723877,35090
4.111454725265503,35090
4.112315893173218,35090
4.116952419281006,35090
4.121764183044434,35090
4.122549057006836,35090
4.125162124633789,35090
4.129900217056274,35090
4.13271951675415,35090
4.13542628288269,35090
4.13812518119812,35090
4.140872478485107,35090
4.14562726020813,35090
4.148442506790161,35090
4.153159141540527,35090
4.157980442047119,35090
4.160766124725342,35090
4.163465261459351,35090
4.16619086265564,35090
4.1729559898376465,35090
4.175803184509277,35090
4.176606893539429,35090
4.181231737136841,35090
4.183975458145142,35090
4.186742782592773,35090
4.187464237213135,35090
4.1901609897613525,35090
4.192875623703003,35090
4.197608947753906,35090
4.198387384414673,35090
4.203012228012085,35090
4.2078306674957275,35090
4.210594177246094,35090
4.215360879898071,35090
4.2161784172058105,35090
4.220926284790039,35090
4.2216713428497314,35090
4.224375486373901,35090
4.2250800132751465,35090
4.229741096496582,35090
4.2365946769714355,35090
4.237367630004883,35090
4.242177486419678,35090
4.247031211853027,35090
4.249844789505005,35090
4.250546932220459,35090
4.2511467933654785,35090
4.2557947635650635,35090
4.256575584411621,35090
4.2612082958221436,35090
4.264006853103638,35090
4.264702320098877,35090
4.267314672470093,35090
4.272027254104614,35090
4.274819850921631,35090
4.279557943344116,35090
4.28232216835022,35090
4.287106990814209,35090
4.287924766540527,35090
4.290642499923706,35090
4.297378301620483,35090
4.300209999084473,35090
4.300941467285156,35090
4.301628112792969,35090
4.3042662143707275,35090
4.309007406234741,35090
4.311771631240845,35090
4.312503337860107,35090
4.317227840423584,35090
4.320038795471191,35090
4.320728778839111,35090
4.323361873626709,35090
4.3280930519104,35090
4.330904245376587,35090
4.335634708404541,35090
4.340431213378906,35090
4.341257810592651,35090
4.348007678985596,35090
4.35080885887146,35090
4.35363245010376,35090
4.3564348220825195,35090
4.357119798660278,35086
4.359750032424927,35086
4.360440492630005,35086
4.365069389343262,35086
4.369893789291382,35086
4.372692346572876,35086
4.373384475708008,35086
4.378028154373169,35086
4.3807923793792725,35086
4.383603811264038,35086
4.386316299438477,35086
4.39103102684021,35086
4.393843173980713,35086
4.396550416946411,35086
4.3972437381744385,35086
4.403912544250488,35086
4.408765077590942,35086
4.409633159637451,35086
4.414278507232666,35086
4.415039777755737,35086
4.415639162063599,35086
4.418258428573608,35086
4.420974254608154,35086
4.421653747558594,35086
4.430330991744995,35086
4.431177616119385,35086
4.431944131851196,35086
4.44059944152832,35086
4.441465139389038,35086
4.44632363319397,35086
4.447049617767334,35086
4.4497551918029785,35086
4.450434446334839,35086
4.4510228633880615,35086
4.453644752502441,35086
4.4563682079315186,35086
4.459073543548584,35086
4.461796760559082,35086
4.462491512298584,35086
4.465116262435913,35086
4.465793132781982,35086
4.470431327819824,35086
4.47120213508606,35086
4.47585654258728,35086
4.476605415344238,35086
4.477278709411621,35086
4.477854490280151,35086
4.482485771179199,35086
4.483252763748169,35086
4.487900972366333,35086
4.490727663040161,35086
4.493449449539185,35086
4.49817967414856,35086
4.49895715713501,35086
4.505615711212158,35086
4.5064239501953125,35086
4.513156890869141,35086
4.516001224517822,35086
4.520825386047363,35086
4.523623704910278,35086
4.526338577270508,35086
4.527010440826416,35086
4.531660318374634,35086
4.5364274978637695,35086
4.537237882614136,35086
4.541977167129517,35086
4.542709827423096,35086
4.545407295227051,35086
4.552123546600342,35086
4.552952766418457,35086
4.557684898376465,35086
4.5604798793792725,35086
4.563188791275024,35086
4.565878391265869,35086
4.566573619842529,35068
4.569180250167847,35068
4.571872234344482,35068
4.574578523635864,35068
4.581332683563232,35068
4.582178592681885,35068
4.590835094451904,35068
4.591751337051392,35068
4.596490144729614,35068
4.599232912063599,35068
4.6019933223724365,35068
4.604793071746826,35068
4.607522249221802,35068
4.60820746421814,35068
4.610833406448364,35068
4.615554571151733,35068
4.620371580123901,35068
4.62108588218689,35068
4.625807046890259,35068
4.6285669803619385,35068
4.631362199783325,35068
4.638110160827637,35068
4.638922929763794,35068
4.641627311706543,35068
4.644362926483154,35068
4.651102542877197,35068
4.651926040649414,35068
4.652617454528809,35068
4.655225038528442,35068
4.657928943634033,35068
4.664669990539551,35068
4.669519901275635,35068
4.672322034835815,35068
4.673125267028809,35068
4.675843238830566,35068
4.67857551574707,35068
4.68329119682312,35068
4.686096429824829,35068
4.686797380447388,35068
4.693434953689575,35068
4.696331024169922,35068
4.699052572250366,35068
4.701752424240112,35068
4.704482793807983,35068
4.707189321517944,35068
4.71195125579834,35068
4.714709997177124,35068
4.717460870742798,35068
4.720286130905151,35068
4.720971345901489,35068
4.721569299697876,35068
4.724198818206787,35068
4.726933240890503,35068
4.727616548538208,35068
4.732268810272217,35068
4.732978820800781,35068
4.739715576171875,35068
4.742579221725464,35068
4.7453906536102295,35068
4.74810266494751,35068
4.754846811294556,35068
4.755709886550903,35068
4.762376546859741,35068
4.7632293701171875,35068
4.76989483833313,35068
4.770704507827759,35068
4.7753989696502686,35068
4.776144981384277,35068
4.778769016265869,35068
4.783489942550659,35068
4.784222602844238,35068
4.788978576660156,35068
4.791788101196289,35068
4.798535346984863,35068
4.801438331604004,35068
4.8041675090789795,35068
4.806881904602051,35068
4.8075737953186035,35068
4.810178995132446,35068
4.8149144649505615,35068
4.819744110107422,35068
4.8204779624938965,35068
4.825205087661743,35068
4.828029632568359,35068
4.830756664276123,35068
4.835494041442871,35068
4.8362860679626465,35068
4.840897083282471,35068
4.841668128967285,35068
4.846349239349365,35068
4.8510894775390625,35068
4.853919506072998,35068
4.856705188751221,35068
4.859424114227295,35068
4.8661744594573975,35068
4.866997241973877,35068
4.869718074798584,35068
4.872451066970825,35068
4.875160455703735,35068
4.8778932094573975,35068
4.8806211948394775,35068
4.8833324909210205,35068
4.886040687561035,35068
4.892800807952881,35068
4.895640134811401,35068
4.902442693710327,35068
4.903296232223511,35068
4.908126592636108,35068
4.9089086055755615,35068
4.911559820175171,35068
4.9122302532196045,35068
4.916870594024658,35068
4.9237072467803955,35068
4.924524784088135,35068
4.927237272262573,35068
4.929953336715698,35068
4.934666633605957,35068
4.939518213272095,35068
4.944330215454102,35068
4.9451117515563965,35068
4.947749137878418,35068
4.948437929153442,35068
4.95103907585144,35068
4.953742980957031,35068
4.958489179611206,35068
4.963268518447876,35068
4.96408486366272,35068
4.968830108642578,35068
4.971648693084717,35068
4.974367380142212,35068
4.979114532470703,35068
4.981922626495361,35068
4.982619285583496,35068
4.985268831253052,35068
4.985962867736816,35068
4.990624189376831,35068
4.993435859680176,35068
4.99613881111145,35068
4.998863458633423,35068
5.001572608947754,35068
5.0063157081604,35068
5.007086515426636,35068
5.0157551765441895,35068
5.016681909561157,35068
5.019391775131226,35068
5.024136781692505,35068
5.026943922042847,35068
5.031659364700317,35068
5.032415866851807,35068
5.039087772369385,35068
5.039909839630127,35068
5.0405802726745605,35068
5.047257900238037,35068
5.0500335693359375,35068
5.0548412799835205,35068
5.055739164352417,35068
5.0604774951934814,35068
5.063281297683716,35068
5.063977241516113,35068
5.068631887435913,35068
5.071415662765503,35068
5.076129913330078,35068
5.078906774520874,35068
5.081714868545532,35068
5.0864691734313965,35068
5.089234828948975,35068
5.091943025588989,35068
5.096663236618042,35068
5.103487491607666,35068
5.10429835319519,35068
5.107014179229736,35068
5.109742879867554,35068
5.11246395111084,35068
5.113162279129028,35068
5.117814540863037,35068
5.118600845336914,35068
5.1212077140808105,35068
5.123934984207153,35046
5.126652002334595,35046
5.1313934326171875,35046
5.134188413619995,35046
5.134879112243652,35046
5.135489463806152,35046
5.1360743045806885,35046
5.138704538345337,35046
5.141411304473877,35046
5.146144390106201,35046
5.148947715759277,35046
5.149633884429932,35046
5.150217771530151,35046
5.158897161483765,35046
5.159753322601318,35046
5.162485122680664,35046
5.165266990661621,35046
5.169984579086304,35046
5.172743320465088,35046
5.175500154495239,35046
5.180334091186523,35046
5.185110330581665,35046
5.185888767242432,35046
5.186666011810303,35046
5.18725323677063,35046
5.195910930633545,35046
5.196735143661499,35046
5.199527978897095,35046
5.202325105667114,35046
5.205032110214233,35046
5.205724239349365,35046
5.2103681564331055,35046
5.213163614273071,35046
5.215868711471558,35046
5.2185752391815186,35046
5.219259262084961,35046
5.219836235046387,35046
5.220412254333496,35046
5.227064847946167,35046
5.229933261871338,35046
5.230620861053467,35046
5.233247995376587,35046
5.237969398498535,35046
5.238740921020508,35046
5.241330862045288,35046
5.2460854053497314,35046
5.246860980987549,35046
5.251503229141235,35046
5.252275228500366,35046
5.258922576904297,35046
5.261813640594482,35046
5.266557216644287,35046
5.269302129745483,35046
5.272038221359253,35046
5.272795677185059,35046
5.275399923324585,35046
5.282133340835571,35046
5.285024166107178,35046
5.285717248916626,35046
5.2883429527282715,35046
5.293068885803223,35046
5.295869588851929,35046
5.302626132965088,35046
5.3034374713897705,35046
5.308173179626465,35046
5.310943841934204,35046
5.311665058135986,35046
5.3143885135650635,35046
5.317097902297974,35046
5.317771673202515,35046
5.326474666595459,35046
5.327382326126099,35046
5.332088947296143,35046
5.332865953445435,35046
5.335488319396973,35046
5.336171865463257,35046
5.342839956283569,35046
5.345670223236084,35046
5.3484814167022705,35046
5.351179599761963,35046
5.353900909423828,35046
5.358638286590576,35046
5.359411716461182,35046
5.362026691436768,35046
5.3647565841674805,35046
5.367489576339722,35046
5.370194673538208,35046
5.374934911727905,35046
5.379766225814819,35046
5.382528305053711,35046
5.385342597961426,35046
5.390085220336914,35002
5.390868663787842,35002
5.395525217056274,35002
5.396310567855835,35002
5.398930549621582,35002
5.399632453918457,35002
5.402264833450317,35002
5.402946710586548,35002
5.4075891971588135,35002
5.410394906997681,35002
5.415106296539307,35002
5.419921398162842,35002
5.420687198638916,35002
5.423292398452759,35002
5.428006649017334,35002
5.428796052932739,35002
5.4314329624176025,35002
5.434121131896973,35002
5.440879821777344,35002
5.441709041595459,35002
5.444462776184082,35002
5.445128679275513,35002
5.451781749725342,35002
5.452659368515015,35002
5.4553000926971436,35002
5.458007335662842,35002
5.460713863372803,35002
5.461396932601929,35002
5.464006662368774,35002
5.4707536697387695,35002
5.47161865234375,35002
5.474257230758667,35002
5.476972818374634,35002
5.477659225463867,35002
5.482309579849243,35002
5.483075141906738,35002
5.485705852508545,35002
5.488417148590088,35002
5.493136882781982,35002
5.493914365768433,35002
5.494501829147339,35002
5.499150514602661,35002
5.499927282333374,35002
5.504570484161377,35002
5.507365942001343,35002
5.510059356689453,35002
5.516803979873657,35002
5.519648313522339,35002
5.520387411117554,35002
5.523093223571777,35002
5.527836799621582,35002
5.528569221496582,35002
5.531270503997803,35002
5.538038015365601,35002
5.538864374160767,35002
5.5415709018707275,35002
5.544288873672485,35002
5.5470051765441895,35002
5.5517356395721436,35002
5.556577920913696,35002
5.557368040084839,35002
5.562006711959839,35002
5.564801216125488,35002
5.569518566131592,35002
5.572257995605469,35002
5.575044631958008,35002
5.577766180038452,35002
5.58047890663147,35002
5.5872297286987305,35002
5.58801007270813,35002
5.590813875198364,35002
5.593512535095215,35002
5.598237037658691,35002
5.601025819778442,35002
5.603724241256714,35002
5.606446981430054,35002
5.613175392150879,35002
5.613989353179932,35002
5.618727207183838,35002
5.619447231292725,35002
5.624150276184082,35002
5.626915216445923,35002
5.629714488983154,35002
5.63444447517395,35002
5.637263536453247,35002
5.637955665588379,35002
5.6405816078186035,35002
5.645325660705566,35002
5.64608359336853,35002
5.650730609893799,35002
5.6535186767578125,35002
5.6562180519104,35002
5.656917095184326,35002
5.661545276641846,35002
5.664290428161621,35002
5.667078733444214,35002
5.67181134223938,35002
5.674564599990845,35002
5.6773810386657715,35002
5.682108163833618,35002
5.682891368865967,35002
5.685540676116943,34994
5.686224937438965,34994
5.688860177993774,34994
5.6915740966796875,34994
5.69224739074707,34994
5.69487738609314,34994
5.70165228843689,34994
5.70647931098938,34994
5.709354639053345,34994
5.7121617794036865,34994
5.7150444984436035,34994
5.717769384384155,34994
5.7204859256744385,34994
5.725217580795288,34994
5.730018615722656,34994
5.730855703353882,34994
5.731560707092285,34994
5.734172344207764,34994
5.734853029251099,34994
5.739490985870361,34994
5.744264125823975,34994
5.745126008987427,34994
5.749772310256958,34994
5.752575397491455,34994
5.755300998687744,34994
5.760019302368164,34994
5.760797739028931,34994
5.763421535491943,34994
5.766146183013916,34994
5.766845464706421,34994
5.769466876983643,34994
5.7701380252838135,34994
5.776803016662598,34994
5.781660079956055,34994
5.784508228302002,34994
5.787319898605347,34994
5.790025472640991,34994
5.790708303451538,34994
5.797356843948364,34994
5.798164129257202,34994
5.804900646209717,34994
5.805735349655151,34994
5.812498569488525,34994
5.81537389755249,34994
5.816065073013306,34994
5.8187079429626465,34994
5.827495098114014,34994
5.830425024032593,34994
5.831187009811401,34994
5.833824157714844,34994
5.836550712585449,34994
5.83925199508667,34994
5.846018314361572,34994
5.846853971481323,34994
5.849563121795654,34994
5.852306604385376,34994
5.855020523071289,34994
5.857742786407471,34994
5.858425855636597,34994
5.863044738769531,34994
5.867875099182129,34994
5.868650436401367,34994
5.879349708557129,34994
5.880246162414551,34994
5.881088972091675,34994
5.887762546539307,34994
5.890598773956299,34994
5.891332387924194,34994
5.892001628875732,34994
5.89664888381958,34994
5.897423267364502,34994
5.904060363769531,34994
5.906956672668457,34994
5.9117186069488525,34994
5.916478157043457,34994
5.917299747467041,34994
5.922019720077515,34994
5.924806594848633,34994
5.92754340171814,34994
5.930282831192017,34994
5.935019016265869,34994
5.937817573547363,34994
5.942555665969849,34994
5.945310592651367,34994
5.9481165409088135,34994
5.950835466384888,34994
5.951537132263184,34994
5.956167936325073,34994
5.958990097045898,34994
5.959678411483765,34994
5.964321136474609,34994
5.967111825942993,34994
5.969830751419067,34994
5.970513105392456,34994
5.97513222694397,34994
5.975905179977417,34994
5.978533029556274,34994
5.981231451034546,34994
5.985975503921509,34994
5.990757942199707,34994
5.993561267852783,34994
5.996412754058838,34994
5.997204065322876,34994
5.9998252391815186,34994
6.002544403076172,34994
6.005269527435303,34994
6.009997129440308,34994
6.01482892036438,34994
6.017653942108154,34994
6.022403955459595,34994
6.025177478790283,34994
6.025852918624878,34994
6.028503656387329,34994
6.0352466106414795,34994
6.036069869995117,34994
6.036763668060303,34994
6.041411399841309,34994
6.046206951141357,34994
6.04703426361084,34994
6.053822040557861,34994
6.054640293121338,34994
6.057366132736206,34994
6.0620951652526855,34994
6.066921710968018,34994
6.067676305770874,34994
6.070390224456787,34994
6.073112726211548,34994
6.079894304275513,34994
6.0807600021362305,34994
6.089444875717163,34994
6.090302228927612,34994
6.093082427978516,34994
6.095794677734375,34994
6.09852409362793,34994
6.101243734359741,34994
6.107997894287109,34994
6.108820915222168,34994
6.109512090682983,34994
6.1181793212890625,34994
6.119085073471069,34994
6.127843856811523,34994
6.128811597824097,34994
6.131457805633545,34994
6.138225078582764,34994
6.139046669006348,34994
6.143792629241943,34994
6.146596193313599,34994
6.147300958633423,34994
6.151911497116089,34994
6.152691841125488,34994
6.159370183944702,34994
6.160222768783569,34994
6.160808801651001,34994
6.167459726333618,34994
6.17025899887085,34994
6.171115875244141,34994
6.175766706466675,34994
6.1805644035339355,34994
6.183354377746582,34994
6.184154272079468,34994
6.186857461929321,34994
6.191596031188965,34994
6.19638204574585,34994
6.197200059890747,34994
6.197906017303467,34994
6.200524091720581,34994
6.205263137817383,34994
6.206021785736084,34994
6.2066473960876465,34994
6.209261178970337,34994
6.211968660354614,34994
6.216703176498413,34994
6.21745753288269,34994
6.222127914428711,34994
6.222899436950684,34994
6.2255260944366455,34994
6.232298135757446,34994
6.233157396316528,34994
6.235778331756592,34994
6.238491058349609,34994
6.243201017379761,34994
6.243993520736694,34994
6.246624946594238,34994
6.253375053405762,34994
6.25423002243042,34994
6.25687313079834,34994
6.261609792709351,34994
6.2663938999176025,34994
6.269230127334595,34994
6.270005941390991,34994
6.27263879776001,34994
6.275339365005493,34994
6.278023958206177,34994
6.280743837356567,34994
6.285458564758301,34994
6.2862162590026855,34994
6.292873859405518,34994
6.293682098388672,34994
6.298397064208984,34994
6.29916787147522,34994
6.305844068527222,34994
6.306674242019653,34994
6.3114097118377686,34994
6.312131404876709,34994
6.3148415088653564,34994
6.317566394805908,34994
6.322298526763916,34994
6.323073625564575,34994
6.33176589012146,34994
6.332663297653198,34994
6.33537483215332,34994
6.336062908172607,34994
6.342743635177612,34994
6.343565940856934,34994
6.344226837158203,34994
6.348881244659424,34994
6.3516621589660645,34994
6.356409549713135,34994
6.3611907958984375,34994
6.364028692245483,34994
6.364809989929199,34994
6.3714845180511475,34994
6.374374151229858,34994
6.377077579498291,34994
6.385866641998291,34994
6.386746168136597,34994
6.391541957855225,34994
6.3923728466033936,34994
6.3971216678619385,34994
6.399923801422119,34994
6.4006006717681885,34994
6.403200149536133,34994
6.407928705215454,34994
6.4086902141571045,34994
6.413330316543579,34994
6.414046764373779,34994
6.418785810470581,34994
6.4235618114471436,34994
6.42438006401062,34994
6.429110050201416,34994
6.429877042770386,34994
6.436537981033325,34994
6.439373731613159,34994
6.440089464187622,34994
6.444831371307373,34994
6.447627544403076,34994
6.450340986251831,34994
6.453053712844849,34994
6.4577953815460205,34994
6.46056604385376,34994
6.463284969329834,34994
6.465973377227783,34994
6.468698978424072,34994
6.475441217422485,34994
6.476258754730225,34994
6.478981256484985,34994
6.479677200317383,34994
6.482286214828491,34994
6.489059686660767,34994
6.489931344985962,34994
6.494563817977905,34994
6.495323419570923,34994
6.499952554702759,34994
6.5027525424957275,34994
6.505446672439575,34994
6.506128311157227,34994
6.510777235031128,34994
6.513576984405518,34994
6.52031397819519,34994
6.5211639404296875,34994
6.523809194564819,34994
6.526530742645264,34994
6.529218912124634,34994
6.529887676239014,34994
6.534520149230957,34994
6.53732705116272,34994
6.544086694717407,34994
6.546947717666626,34994
6.547715902328491,34994
6.550346374511719,34994
6.55103063583374,34994
6.553644418716431,34994
6.562443017959595,34994
6.563346862792969,34994
6.5680787563323975,34994
6.568854570388794,34994
6.5734968185424805,34994
6.576219797134399,34994
6.577004432678223,34994
6.579623222351074,34994
6.586373567581177,34994
6.587188482284546,34994
6.587877511978149,34994
6.592527389526367,34994
6.597317218780518,34994
6.5981125831604,34994
6.602856874465942,34994
6.605663299560547,34994
6.608388185501099,34994
6.609057188034058,34994
6.611685276031494,34994
6.616408824920654,34994
6.619219541549683,34994
6.623976469039917,34994
6.6267921924591064,34994
6.631515741348267,34994
6.638317823410034,34994
6.641146183013916,34994
6.642053127288818,34994
6.642729997634888,34994
6.653446197509766,34994
6.654353141784668,34994
6.657155513763428,34994
6.659952402114868,34994
6.668708801269531,34994
6.669561386108398,34994
6.674325704574585,34994
6.6751322746276855,34994
6.677874803543091,34994
6.6826171875,34994
6.683392524719238,34994
6.683977127075195,34994
6.686600685119629,34994
6.689321279525757,34994
6.692017555236816,34994
6.694726228713989,34994
6.697454214096069,34994
6.702165603637695,34994
6.704928874969482,34994
6.7077391147613525,34994
6.708511114120483,34994
6.709110975265503,34994
6.715760707855225,34994
6.716527223587036,34994
6.721346616744995,34994
6.724145412445068,34994
6.726882219314575,34994
6.729599237442017,34994
6.7323081493377686,34994
6.7390618324279785,34994
6.739924907684326,34994
6.740535020828247,34994
6.745149374008179,34994
6.7479002475738525,34994
6.748678922653198,34994
6.753315687179565,34994
6.758117437362671,34994
6.76088809967041,34994
6.763717174530029,34956
6.768473386764526,34956
6.769246578216553,34956
6.773886203765869,34956
6.774672985076904,34956
6.777294874191284,34956
6.7799904346466064,34956
6.780694961547852,34956
6.783317565917969,34956
6.78601861000061,34956
6.790759086608887,34956
6.793571472167969,34956
6.796305418014526,34956
6.796984672546387,34956
6.80160927772522,34956
6.804413795471191,34956
6.805103778839111,34956
6.8057098388671875,34956
6.812381029129028,34956
6.817247629165649,34956
6.820126295089722,34956
6.824859142303467,34956
6.825633525848389,34956
6.830289840698242,34956
6.835096120834351,34956
6.835873126983643,34956
6.838491439819336,34956
6.843198776245117,34956
6.845962762832642,34956
6.850785732269287,34956
6.853582382202148,34956
6.856288433074951,34956
6.8610193729400635,34956
6.863776922225952,34956
6.864564418792725,34956
6.867213249206543,34956
6.869922399520874,34956
6.874665021896362,34956
6.877477169036865,34956
6.882217884063721,34956
6.884967565536499,34956
6.885700225830078,34956
6.888427972793579,34956
6.893171548843384,34956
6.8938891887664795,34956
6.896605014801025,34956
6.901330471038818,34956
6.9061079025268555,34956
6.906938314437866,34956
6.909650802612305,34956
6.912358999252319,34956
6.917099237442017,34956
6.917881011962891,34956
6.922534942626953,34956
6.925355911254883,34956
6.930114507675171,34956
6.932899475097656,34956
6.93562126159668,34956
6.942379474639893,34956
6.943188905715942,34956
6.9459028244018555,34956
6.948622703552246,34956
6.9513468742370605,34956
6.954060077667236,34956
6.958805799484253,34956
6.965646505355835,34956
6.968487739562988,34956
6.969266891479492,34956
6.971886396408081,34956
6.976643323898315,34956
6.9794251918792725,34956
6.9821178913116455,34956
6.982792854309082,34956
6.989469766616821,34956
6.990292310714722,34956
6.990957975387573,34956
6.9935832023620605,34956
6.998316049575806,34956
6.999091148376465,34956
6.999682426452637,34956
7.004323482513428,34956
7.005092144012451,34956
7.007736921310425,34956
7.010456085205078,34956
7.01112961769104,34956
7.017785549163818,34956
7.018600702285767,34956
7.02332615852356,34956
7.026139974594116,34956
7.026850700378418,34956
7.033488750457764,34956
7.036357879638672,34956
7.039164066314697,34956
7.041872024536133,34956
7.044623374938965,34956
7.045320272445679,34956
7.047950029373169,34956
7.050666570663452,34956
7.0533857345581055,34956
7.0581135749816895,34956
7.060900688171387,34956
7.061603784561157,34956
7.066271543502808,34956
7.071070194244385,34956
7.0718467235565186,34956
7.076496839523315,34956
7.079288005828857,34956
7.086018800735474,34956
7.086807727813721,34956
7.089613914489746,34956
7.092316627502441,34956
7.092990159988403,34956
7.099655866622925,34956
7.102489709854126,34956
7.103200674057007,34956
7.107927083969116,34956
7.112701416015625,34956
7.113561153411865,34956
7.1182215213775635,34956
7.12103533744812,34956
7.1278111934661865,34956
7.1286280155181885,34956
7.131341457366943,34956
7.134039640426636,34956
7.138777017593384,34956
7.1395463943481445,34956
7.144178628921509,34956
7.146943092346191,34956
7.147679805755615,34956
7.150395154953003,34956
7.15308403968811,34956
7.155796051025391,34956
7.156480073928833,34956
7.1671693325042725,34956
7.1680827140808105,34956
7.170944690704346,34956
7.171724796295166,34956
7.178378105163574,34956
7.181224584579468,34956
7.181953430175781,34956
7.184671401977539,34956
7.187387228012085,34956
7.190089464187622,34956
7.192806005477905,34956
7.1955132484436035,34956
7.19628381729126,34956
7.204946279525757,34956
7.207890033721924,34956
7.212726354598999,34956
7.215528964996338,34956
7.220276117324829,34956
7.221041917800903,34956
7.227723121643066,34956
7.228538274765015,34956
7.231257200241089,34956
7.23195219039917,34956
7.23460841178894,34956
7.237335681915283,34956
7.242039680480957,34956
7.242846727371216,34956
7.2454962730407715,34956
7.248193979263306,34956
7.250911474227905,34956
7.259690761566162,34956
7.260650873184204,34956
7.26327657699585,34956
7.265974044799805,34956
7.2686803340911865,34956
7.273416757583618,34956
7.2782533168792725,34956
7.2810468673706055,34956
7.289827823638916,34956
7.290738344192505,34956
7.2914347648620605,34956
7.3001463413238525,34956
7.301048755645752,34956
7.30171537399292,34956
7.308396577835083,34956
7.311253547668457,34956
7.312035083770752,34956
7.3146538734436035,34956
7.319408178329468,34956
7.322198390960693,34956
7.32491135597229,34956
7.327631235122681,34956
7.332364320755005,34956
7.335149765014648,34956
7.3399059772491455,34956
7.3406360149383545,34956
7.341323375701904,34956
7.343926906585693,34956
7.348645210266113,34956
7.349417448043823,34956
7.356047868728638,34956
7.358951091766357,34956
7.359642267227173,34956
7.360226154327393,34956
7.362854719161987,34956
7.367597818374634,34956
7.368371486663818,34956
7.375020980834961,34956
7.377870321273804,34956
7.380677938461304,34956
7.385416269302368,34956
7.388204574584961,34956
7.388883352279663,34956
7.395537853240967,34956
7.398382186889648,34956
7.403181552886963,34956
7.4059906005859375,34956
7.408722162246704,34956
7.409389972686768,34956
7.416045427322388,34956
7.4169182777404785,34956
7.425616979598999,34956
7.42654013633728,34956
7.429249286651611,34956
7.431960344314575,34956
7.432650327682495,34956
7.437310457229614,34956
7.4380292892456055,34956
7.440742254257202,34956
7.441421985626221,34956
7.444065809249878,34956
7.446802854537964,34956
7.449507713317871,34956
7.450176000595093,34956
7.452800512313843,34956
7.455490589141846,34956
7.456149339675903,34956
7.460812330245972,34956
7.4615795612335205,34956
7.470233917236328,34956
7.471141576766968,34956
7.475877523422241,34956
7.476659774780273,34956
7.481326103210449,34956
7.4820897579193115,34956
7.484702110290527,34956
7.491462707519531,34956
7.494363784790039,34956
7.499100208282471,34956
7.4998838901519775,34956
7.5025200843811035,34956
7.507234334945679,34956
7.508007764816284,34956
7.510648488998413,34956
7.515388250350952,34956
7.5181872844696045,34956
7.520900726318359,34956
7.521594285964966,34956
7.524213790893555,34956
7.528931379318237,34956
7.533763647079468,34956
7.536576271057129,34956
7.537278652191162,34956
7.541929006576538,34956
7.546764612197876,34956
7.547561883926392,34956
7.552211046218872,34956
7.555030584335327,34956
7.557746171951294,34956
7.560452699661255,34956
7.5631632804870605,34956
7.5679121017456055,34956
7.570727586746216,34956
7.575490713119507,34956
7.5783185958862305,34956
7.581019163131714,34956
7.5837438106536865,34956
7.590503931045532,34956
7.591331720352173,34956
7.592000961303711,34956
7.598675489425659,34956
7.603533744812012,34956
7.604345321655273,34956
7.611095428466797,34956
7.611907243728638,34956
7.6146252155303955,34956
7.615304946899414,34956
7.6199610233306885,34956
7.620721101760864,34956
7.625368118286133,34956
7.626086473464966,34956
7.6328511238098145,34956
7.633725166320801,34956
7.640398740768433,34956
7.645295858383179,34956
7.646165132522583,34956
7.6528520584106445,34956
7.65567946434021,34956
7.658496379852295,34956
7.663264274597168,34956
7.664047002792358,34956
7.666670799255371,34956
7.66936993598938,34956
7.674091100692749,34956
7.676919460296631,34956
7.679637908935547,34956
7.684370994567871,34956
7.685123920440674,34956
7.687764406204224,34956
7.690461158752441,34956
7.693166017532349,34956
7.695873737335205,34956
7.698590040206909,34956
7.7033209800720215,34956
7.7040855884552,34956
7.70873236656189,34956
7.71152400970459,34956
7.714246034622192,34956
7.719000339508057,34956
7.721752166748047,34956
7.724573135375977,34956
7.725252151489258,34956
7.731920003890991,34956
7.732736825942993,34956
7.737460136413574,34956
7.740251541137695,34956
7.744990587234497,34956
7.747746467590332,34956
7.748506546020508,34956
7.751124143600464,34956
7.75787878036499,34956
7.760726690292358,34956
7.761491775512695,34956
7.766134023666382,34956
7.768899440765381,34956
7.769676208496094,34956
7.772299766540527,34956
7.775015830993652,34956
7.775722026824951,34956
7.778367519378662,34956
7.781082630157471,34956
7.781763076782227,34956
7.788439989089966,34956
7.789271116256714,34956
7.791967391967773,34956
7.7946836948394775,34956
7.799420356750488,34956
7.802216529846191,34956
7.806949615478516,34956
7.807724714279175,34956
7.812366247177124,34956
7.813131093978882,34956
7.8177735805511475,34956
7.818542957305908,34956
7.825200319290161,34956
7.826019048690796,34956
7.832771062850952,34956
7.835670709609985,34956
7.838379859924316,34956
7.839049577713013,34956
7.845743417739868,34956
7.846519708633423,34956
7.851327896118164,34956
7.856123685836792,34956
7.856997013092041,34956
7.859616756439209,34956
7.8623340129852295,34956
7.86503529548645,34956
7.865728855133057,34956
7.870367765426636,34956
7.873107433319092,34956
7.873870134353638,34956
7.876498222351074,34956
7.877183675765991,34956
7.885870456695557,34956
7.8867292404174805,34956
7.889517307281494,34956
7.890189170837402,34956
7.892793893814087,34956
7.897541046142578,34956
7.900327682495117,34956
7.905056953430176,34956
7.905827760696411,34956
7.906433343887329,34956
7.909042835235596,34956
7.911755800247192,34956
7.914474725723267,34956
7.919212341308594,34956
7.919993877410889,34956
7.922616958618164,34956
7.927348852157593,34956
7.932152271270752,34956
7.936970233917236,34956
7.937705993652344,34956
7.942453384399414,34956
7.945244550704956,34956
7.94591498374939,34956
7.946537017822266,34956
7.951180696487427,34956
7.953984260559082,34956
7.9546799659729,34956
7.959319353103638,34956
7.962099075317383,34956
7.964800119400024,34956
7.967516183853149,34956
7.972221374511719,34956
7.975035190582275,34956
7.979775667190552,34956
7.980511903762817,34956
7.983228445053101,34956
7.985950469970703,34956
7.990694761276245,34956
7.993495941162109,34956
7.998230934143066,34956
8.001023292541504,34956
8.003727674484253,34956
8.006441354751587,34956
8.009153842926025,34956
8.017918825149536,34956
8.018826484680176,34956
8.023547410964966,34956
8.02432894706726,34956
8.02694821357727,34956
8.029675722122192,34956
8.030366659164429,34956
8.032978773117065,34956
8.037719249725342,34956
8.038488388061523,34956
8.045133590698242,34956
8.047983884811401,34956
8.052793264389038,34956
8.057574272155762,34956
8.058432340621948,34956
8.061053276062012,34956
8.06376314163208,34956
8.066498756408691,34956
8.073234558105469,34956
8.074100017547607,34956
8.078757762908936,34956
8.08155369758606,34956
8.084270715713501,34956
8.086981534957886,34956
8.09172773361206,34956
8.092508792877197,34956
8.095125913619995,34956
8.099876403808594,34956
8.10472297668457,34956
8.105475664138794,34956
8.110207319259644,34956
8.113002300262451,34956
8.113699913024902,34956
8.120384931564331,34956
8.121194124221802,34956
8.12187123298645,34956
8.124472856521606,34956
8.127185583114624,34956
8.133951902389526,34956
8.136824369430542,34956
8.139628887176514,34956
8.14638066291809,34956
8.149277925491333,34956
8.14993929862976,34956
8.154577732086182,34956
8.161389589309692,34956
8.162306070327759,34956
8.165043115615845,34956
8.17182207107544,34956
8.172685623168945,34956
8.177338600158691,34956
8.180141925811768,34956
8.186902046203613,34956
8.189796447753906,34956
8.196556329727173,34956
8.19736909866333,34956
8.202078819274902,34956
8.206908702850342,34956
8.207683324813843,34956
8.212323665618896,34956
8.215128183364868,34956
8.219866275787354,34956
8.224727630615234,34956
8.225491523742676,34956
8.228120565414429,34956
8.232838153839111,34956
8.237662553787231,34956
8.240455627441406,34956
8.245189666748047,34956
8.249967336654663,34956
8.250789880752563,34956
8.255528450012207,34956
8.258341073989868,34956
8.261045694351196,34956
8.263755559921265,34956
8.264442443847656,34956
8.267074584960938,34956
8.273835182189941,34956
8.276701211929321,34956
8.281482219696045,34956
8.284306764602661,34956
8.28506588935852,34956
8.28773283958435,34956
8.288418769836426,34956
8.289007425308228,34956
8.293643712997437,34956
8.296435356140137,34956
8.301149845123291,34956
8.301916360855103,34956
8.306554794311523,34956
8.313334703445435,34956
8.314179182052612,34956
8.314866304397583,34956
8.31757664680481,34956
8.320292472839355,34956
8.320971250534058,34956
8.325614213943481,34956
8.32842469215393,34956
8.333143472671509,34956
8.333865404129028,34956
8.334540128707886,34956
8.343244075775146,34956
8.34405779838562,34956
8.34892988204956,34956
8.353804111480713,34956
8.354572534561157,34956
8.35535192489624,34956
8.357979774475098,34956
8.360711812973022,34956
8.365423440933228,34956
8.366189956665039,34956
8.366793155670166,34956
8.371427774429321,34956
8.37421178817749,34956
8.380975723266602,34956
8.383873224258423,34956
8.38661789894104,34956
8.389344692230225,34956
8.3920738697052,34956
8.396814346313477,34956
8.39759087562561,34956
8.400230407714844,34956
8.402943134307861,34956
8.405665159225464,34956
8.410423040390015,34956
8.415260076522827,34956
8.420086860656738,34956
8.422855615615845,34956
8.425676584243774,34956
8.42842435836792,34956
8.433136940002441,34956
8.439982175827026,34956
8.442881345748901,34956
8.447670459747314,34956
8.450484991073608,34956
8.451188087463379,34956
8.453823804855347,34956
8.458566427230835,34956
8.463380098342896,34956
8.464144706726074,34956
8.468807935714722,34956
8.471608638763428,34956
8.474313020706177,34956
8.4790518283844,34956
8.479823112487793,34956
8.48652696609497,34956
8.49140214920044,34956
8.49220609664917,34956
8.494921445846558,34956
8.497652769088745,34956
8.50037407875061,34956
8.50106167793274,34956
8.505681991577148,34956
8.508496522903442,34956
8.511204481124878,34956
8.513937950134277,34956
8.514625787734985,34956
8.52129340171814,34956
8.52413010597229,34956
8.528923273086548,34956
8.53176999092102,34956
8.532536268234253,34956
8.539203405380249,34956
8.542102575302124,34956
8.548879146575928,34956
8.549649715423584,34956
8.550330400466919,34956
8.55100154876709,34956
8.559667587280273,34956
8.560526371002197,34956
8.56326961517334,34956
8.566066980361938,34956
8.570837497711182,34956
8.573651790618896,34956
8.574350118637085,34956
8.583032369613647,34956
8.583894968032837,34956
8.584686517715454,34956
8.591372728347778,34956
8.592231512069702,34956
8.598907470703125,34956
8.599735498428345,34956
8.60246229171753,34956
8.60519790649414,34956
8.607933759689331,34956
8.610641241073608,34956
8.613347053527832,34956
8.616050958633423,34956
8.618774652481079,34956
8.619473934173584,34956
8.624115467071533,34956
8.624891996383667,34956
8.629548788070679,34956
8.632359266281128,34956
8.63509225845337,34956
8.63783884048462,34956
8.638537168502808,34956
8.641170740127563,34956
8.645949840545654,34956
8.650761127471924,34956
8.651575803756714,34956
8.654292583465576,34956
8.654972553253174,34956
8.657610893249512,34956
8.660330533981323,34956
8.663018703460693,34956
8.669771432876587,34956
8.670584201812744,34956
8.675307273864746,34956
8.678108215332031,34956
8.68488621711731,34956
8.687697172164917,34956
8.68852162361145,34956
8.689181089401245,34956
8.693846225738525,34956
8.694612741470337,34956
8.699267625808716,34956
8.702006340026855,34956
8.702776908874512,34956
8.703369617462158,34956
8.703962087631226,34956
8.706599235534668,34956
8.707294225692749,34956
8.707860469818115,34956
8.714504480361938,34956
8.7153160572052,34956
8.720027685165405,34956
8.720802307128906,34956
8.723428964614868,34956
8.728172302246094,34956
8.72894287109375,34956
8.72953748703003,34956
8.732162714004517,34956
8.736894607543945,34956
8.741662979125977,34956
8.744464635848999,34956
8.747304677963257,34956
8.752125978469849,34956
8.752849102020264,34956
8.757570028305054,34956
8.762353897094727,34956
8.765194416046143,34956
8.767952919006348,34956
8.768723011016846,34956
8.771347761154175,34956
8.77404499053955,34956
8.77472710609436,34956
8.779361009597778,34956
8.78412127494812,34956
8.784984350204468,34956
8.787628889083862,34956
8.788309335708618,34956
8.7969810962677,34956
8.797886371612549,34956
8.800605058670044,34956
8.801283597946167,34956
8.805917024612427,34956
8.808736801147461,34956
8.813476085662842,34956
8.814248085021973,34956
8.81688404083252,34956
8.823627948760986,34956
8.82439923286438,34956
8.827195405960083,34956
8.83193302154541,34956
8.834679126739502,34956
8.837490320205688,34956
8.840177297592163,34956
8.844920873641968,34956
8.847742319107056,34956
8.852489233016968,34956
8.857322931289673,34956
8.858105421066284,34956
8.862732648849487,34956
8.865498304367065,34956
8.868255376815796,34956
8.87104320526123,34956
8.873769760131836,34956
8.876504182815552,34956
8.877192497253418,34956
8.87779450416565,34956
8.878359317779541,34956
8.880965948104858,34956
8.885708570480347,34956
8.888512134552002,34956
8.893238067626953,34956
8.898014783859253,34956
8.898881673812866,34956
8.901495933532715,34956
8.902170896530151,34956
8.9088294506073,34956
8.911723136901855,34956
8.916468143463135,34956
8.917228937149048,34956
8.919853210449219,34956
8.922574996948242,34956
8.925299644470215,34956
8.928005933761597,34956
8.928691625595093,34956
8.935333013534546,34956
8.936124324798584,34956
8.940852165222168,34956
8.941631555557251,34956
8.942208051681519,34956
8.944830656051636,34956
8.949575662612915,34956
8.952382802963257,34956
8.955087661743164,34956
8.9577956199646,34956
8.958473920822144,34956
8.967140197753906,34956
8.970031261444092,34956
8.970847606658936,34956
8.975575685501099,34956
8.978396654129028,34956
8.985140562057495,34956
8.987992763519287,34956
8.990798950195312,34956
8.991502523422241,34956
8.996133804321289,34956
8.996919393539429,34956
8.999524354934692,34956
9.004259586334229,34956
9.011059522628784,34956
9.01197075843811,34956
9.01266598701477,34956
9.015282154083252,34956
9.020003080368042,34956
9.020785331726074,34956
9.02341341972351,34956
9.024087905883789,34956
9.028730869293213,34956
9.033569097518921,34956
9.036376953125,34956
9.039073467254639,34956
9.043827772140503,34956
9.044600486755371,34956
9.049275398254395,34956
9.052061080932617,34956
9.052746534347534,34956
9.057395219802856,34956
9.064199686050415,34956
9.065010786056519,34956
9.06570553779602,34956
9.072390079498291,34956
9.075231790542603,34956
9.076008081436157,34956
9.076621294021606,34956
9.079228401184082,34956
9.08194875717163,34956
9.08262324333191,34956
9.089292049407959,34956
9.090102195739746,34956
9.096856594085693,34956
9.097684860229492,34956
9.10240387916565,34956
9.105197429656982,34956
9.105884790420532,34956
9.112577199935913,34956
9.11344051361084,34956
9.116050481796265,34956
9.118768692016602,34956
9.12149429321289,34956
9.124194622039795,34956
9.12890911102295,34956
9.131677389144897,34956
9.13651442527771,34956
9.137290000915527,34956
9.13990068435669,34956
9.144649267196655,34956
9.149485111236572,34956
9.152298927307129,34956
9.155005693435669,34956
9.15770936012268,34956
9.16244626045227,34956
9.165194988250732,34956
9.167996883392334,34956
9.16869592666626,34956
9.173351287841797,34956
9.176090717315674,34956
9.180898904800415,34956
9.18176531791687,34956
9.186406373977661,34956
9.18716049194336,34956
9.189764738082886,34956
9.192471981048584,34956
9.197213888168335,34956
9.204047203063965,34956
9.206916093826294,34956
9.211724519729614,34956
9.21251392364502,34956
9.21915864944458,34956
9.220019340515137,34956
9.224658489227295,34956
9.229480504989624,34956
9.2322256565094,34956
9.233004093170166,34956
9.233618259429932,34956
9.236232280731201,34956
9.242981195449829,34956
9.245835781097412,34956
9.246574640274048,34956
9.249268531799316,34956
9.256014347076416,34956
9.25684142112732,34956
9.259573459625244,34956
9.266319751739502,34956
9.271173238754272,34956
9.2719886302948,34956
9.272674560546875,34956
9.275307416915894,34956
9.280024766921997,34956
9.282829999923706,34956
9.285571098327637,34956
9.29232144355774,34956
9.293199300765991,34956
9.301883935928345,34956
9.302794933319092,34956
9.305514335632324,34956
9.30619740486145,34956
9.310844421386719,34956
9.311626672744751,34956
9.318280696868896,34956
9.321119785308838,34956
9.325883626937866,34956
9.32667350769043,34956
9.327446937561035,34956
9.332086324691772,34956
9.334883689880371,34956
9.339620351791382,34956
9.342427730560303,34956
9.347151041030884,34956
9.349963188171387,34956
9.354685544967651,34956
9.35945200920105,34956
9.360204696655273,34956
9.364983797073364,34956
9.365795850753784,34956
9.368518352508545,34956
9.373262166976929,34956
9.376066446304321,34956
9.376761436462402,34956
9.37936806678772,34956
9.38407826423645,34956
9.3848557472229,34956
9.385453939437866,34956
9.392086505889893,34956
9.392948865890503,34956
9.395559072494507,34956
9.39827561378479,34956
9.40097951889038,34956
9.403682470321655,34956
9.408413171768188,34956
9.409189939498901,34956
9.415839672088623,34956
9.416710376739502,34956
9.419332265853882,34956
9.428080797195435,34956
9.430968523025513,34956
9.431840419769287,34956
9.438523292541504,34956
9.441322088241577,34956
9.444130659103394,34956
9.444900751113892,34956
9.447701692581177,34956
9.450422525405884,34956
9.455162525177002,34956
9.455889463424683,34956
9.458605289459229,34956
9.46133041381836,34956
9.466039896011353,34956
9.470859289169312,34956
9.473669528961182,34956
9.474385738372803,34956
9.481042861938477,34956
9.483842134475708,34956
9.484714984893799,34956
9.489353895187378,34956
9.492156028747559,34956
9.494865417480469,34956
9.499598026275635,34956
9.500322341918945,34956
9.505039691925049,34956
9.507857084274292,34956
9.51058578491211,34956
9.513298511505127,34956
9.513973951339722,34956
9.52462911605835,34956
9.52552843093872,34956
9.526362180709839,34956
9.529081583023071,34956
9.531794548034668,34956
9.538553476333618,34956
9.539426326751709,34956
9.5440514087677,34956
9.546849966049194,34956
9.549568891525269,34956
9.552249193191528,34956
9.55695915222168,34956
9.557734966278076,34956
9.56034231185913,34956
9.565056324005127,34956
9.56786036491394,34956
9.572595357894897,34956
9.573378324508667,34956
9.575989961624146,34956
9.57668137550354,34956
9.583329916000366,34956
9.586154222488403,34956
9.588918685913086,34956
9.591707944869995,34956
9.596462965011597,34956
9.597228050231934,34956
9.601863622665405,34956
9.602639198303223,34956
9.61131501197815,34956
9.612156867980957,34956
9.616973638534546,34956
9.619763135910034,34956
9.620450735092163,34956
9.623068571090698,34956
9.629821538925171,34956
9.630641222000122,34956
9.633353233337402,34956
9.636053562164307,34956
9.640796422958374,34956
9.641573905944824,34956
9.64828372001648,34956
9.649054527282715,34956
9.649711608886719,34956
9.652432680130005,34956
9.655130386352539,34956
9.657847881317139,34956
9.660531044006348,34956
9.661193609237671,34956
9.663822889328003,34956
9.6665358543396,34956
9.669233322143555,34956
9.67599105834961,34956
9.676869869232178,34956
9.681532144546509,34956
9.682256937026978,34956
9.684961080551147,34956
9.68565034866333,34956
9.68825364112854,34956
9.688921451568604,34956
9.69758677482605,34956
9.698437452316284,34956
9.699199676513672,34956
9.705864191055298,34956
9.706747055053711,34956
9.709389925003052,34956
9.71209979057312,34956
9.71480417251587,34956
9.721569776535034,34956
9.722435474395752,34956
9.725044965744019,34956
9.727769374847412,34956
9.730462551116943,34956
9.7311270236969,34956
9.73576545715332,34956
9.738576173782349,34956
9.741325616836548,34956
9.746041536331177,34956
9.746837139129639,34956
9.755537986755371,34956
9.75640344619751,34956
9.759137153625488,34956
9.7639639377594,34956
9.764702320098877,34956
9.76539945602417,34956
9.768034219741821,34956
9.774792432785034,34956
9.777656078338623,34956
9.77841067314148,34956
9.785060167312622,34956
9.785926818847656,34956
9.79259729385376,34956
9.793405055999756,34956
9.796103477478027,34956
9.796808004379272,34956
9.799424648284912,34956
9.8021399974823,34956
9.80486512184143,34956
9.805558204650879,34956
9.810168266296387,34956
9.812973260879517,34956
9.813655138015747,34956
9.81829285621643,34956
9.821084976196289,34956
9.825815677642822,34956
9.828575611114502,34956
9.82930612564087,34956
9.829986095428467,34956
9.830589294433594,34956
9.831176996231079,34956
9.833768367767334,34956
9.83646845817566,34956
9.841185808181763,34956
9.8439621925354,34956
9.84473204612732,34956
9.845324754714966,34956
9.849957466125488,34956
9.852768659591675,34956
9.857517004013062,34956
9.862329006195068,34956
9.8650803565979,34956
9.865857124328613,34956
9.872536659240723,34956
9.877421617507935,34956
9.87818193435669,34956
9.87894868850708,34956
9.881601095199585,34956
9.88633680343628,34956
9.893152236938477,34956
9.89600419998169,34956
9.898829936981201,34956
9.903571128845215,34956
9.906333684921265,34956
9.909117460250854,34956
9.911847352981567,34956
9.914557218551636,34956
9.919312238693237,34956
9.922110795974731,34956
9.928842544555664,34956
9.931727647781372,34956
9.934455633163452,34956
9.93514370918274,34956
9.935729503631592,34956
9.938363790512085,34956
9.941069841384888,34956
9.941756248474121,34956
9.946420669555664,34956
9.949217557907104,34956
9.951930046081543,34956
9.952635288238525,34956
9.955281019210815,34956
9.957998991012573,34956
9.964754343032837,34956
9.967617988586426,34956
9.970442295074463,34956
9.975190877914429,34956
9.977964878082275,34956
9.978742837905884,34956
9.981371641159058,34956
9.982039213180542,34956
9.988701581954956,34956
9.991541862487793,34956
9.994346857070923,34956
9.999070882797241,34956
9.999807596206665,34956
10.00656771659851,34956
10.009418249130249,34956
10.010194540023804,34956
10.012811183929443,34956
10.017546653747559,34956
10.020307064056396,34956
10.023089408874512,34956
10.025800466537476,34956
10.026483058929443,34956
10.033151149749756,34956
10.034023761749268,34956
10.040680885314941,34956
10.04148554801941,34956
10.046221733093262,34956
10.049025535583496,34956
10.051741123199463,34956
10.054463386535645,34956
10.057179689407349,34956
10.057851314544678,34956
10.05842661857605,34956
10.063047409057617,34956
10.065844774246216,34956
10.068578958511353,34956
10.071288108825684,34956
10.07399320602417,34956
10.078734159469604,34956
10.083496809005737,34956
10.084269523620605,34956
10.087065935134888,34956
10.091786623001099,34956
10.09456205368042,34956
10.097276449203491,34956
10.101998090744019,34956
10.102778196334839,34956
10.107423067092896,34956
10.110215187072754,34956
10.114946365356445,34956
10.115708589553833,34956
10.118346929550171,34956
10.119020462036133,34956
10.123671531677246,34956
10.128487586975098,34956
10.129211187362671,34956
10.129884004592896,34956
10.134507656097412,34956
10.135292053222656,34956
10.139915943145752,34956
10.140671730041504,34956
10.145292520523071,34956
10.150112628936768,34956
10.154927492141724,34956
10.159752130508423,34956
10.16253924369812,34956
10.167304754257202,34956
10.170098543167114,34956
10.172793626785278,34956
10.17346715927124,34956
10.178106307983398,34956
10.180910348892212,34956
10.181603908538818,34956
10.186224460601807,34956
10.188971757888794,34956
10.193796873092651,34956
10.196627855300903,34956
10.199350833892822,34956
10.20002293586731,34956
10.202641010284424,34956
10.205353736877441,34956
10.212103843688965,34956
10.214959144592285,34956
10.217754364013672,34956
10.218456983566284,34956
10.223078966140747,34956
10.227914810180664,34956
10.2286958694458,34956
10.231322765350342,34956
10.23199200630188,34956
10.2386474609375,34956
10.243571758270264,34956
10.244367122650146,34956
10.251044273376465,34956
10.251869440078735,34956
10.254578351974487,34956
10.255271196365356,34956
10.259926557540894,34956
10.262726783752441,34956
10.26343321800232,34956
10.26401400566101,34956
10.26867389678955,34956
10.273433208465576,34956
10.274250984191895,34956
10.274909257888794,34956
10.277539014816284,34956
10.28024697303772,34956
10.282953262329102,34956
10.285658597946167,34956
10.294430017471313,34956
10.297381401062012,34956
10.300175905227661,34956
10.300844669342041,34956
10.303465843200684,34956
10.308176279067993,34956
10.310980796813965,34956
10.311681270599365,34956
10.316345453262329,34956
10.31705641746521,34956
10.317727327346802,34956
10.320348262786865,34956
10.325059175491333,34956
10.32577633857727,34956
10.326459646224976,34956
10.3270423412323,34956
10.333685398101807,34956
10.33657717704773,34956
10.337259769439697,34956
10.339877367019653,34956
10.342582702636719,34956
10.349342107772827,34956
10.350185632705688,34956
10.352813482284546,34956
10.355504512786865,34956
10.360221862792969,34956
10.360993385314941,34956
10.365616083145142,34956
10.370393753051758,34956
10.373278141021729,34956
10.373955488204956,34956
10.376600742340088,34956
10.37929630279541,34956
10.386047124862671,34956
10.386871576309204,34956
10.387568712234497,34956
10.388157606124878,34956
10.390774011611938,34956
10.393481492996216,34956
10.396182298660278,34956
10.39888858795166,34956
10.399552583694458,34956
10.40418815612793,34956
10.404918670654297,34956
10.40762734413147,34956
10.41437840461731,34956
10.415141582489014,34956
10.417937278747559,34956
10.418623208999634,34956
10.425286054611206,34956
10.426032304763794,34956
10.426801443099976,34956
10.431442499160767,34956
10.436208009719849,34956
10.43706202507019,34956
10.439690589904785,34956
10.440380334854126,34956
10.44707441329956,34956
10.447843074798584,34956
10.452667236328125,34956
10.455479383468628,34956
10.460201501846313,34956
10.464985847473145,34956
10.465747594833374,34956
10.46855902671814,34956
10.471280813217163,34956
10.475465059280396,34956
10.476644277572632,34956
10.488839864730835,34956
10.494044780731201,34956
10.498960971832275,34956
10.507611274719238,34956
10.512661695480347,34956
10.521315574645996,34956
10.529993295669556,34956
10.535044193267822,34956
10.540165901184082,34956
10.541501998901367,34956
10.546216487884521,34956
10.551123142242432,34956
10.55977177619934,34956
10.561087131500244,34956
10.565831422805786,34956
10.567041635513306,34956
10.57183027267456,34956
10.58043646812439,34956
10.581759929656982,34956
10.59395718574524,34956
10.599004983901978,34956
10.607842922210693,34956
10.61296010017395,34956
10.614314794540405,34956
10.619118928909302,34956
10.627770185470581,34956
10.629117250442505,34956
10.63018536567688,34956
10.631269693374634,34956
10.636000871658325,34956
10.640914678573608,34956
10.64210295677185,34956
10.643187999725342,34956
10.647996425628662,34956
10.652895212173462,34956
10.661530494689941,34956
10.662798881530762,34956
10.667683362960815,34956
10.68000602722168,34956
10.681477546691895,34956
10.686235904693604,34956
10.694845199584961,34956
10.699824810028076,34956
10.701130867004395,34956
10.702189207077026,34956
10.714405298233032,34956
10.7158043384552,34956
10.716971158981323,34956
10.729189395904541,34956
10.730642080307007,34956
10.739161252975464,34956
10.744200944900513,34956
10.749108076095581,34956
10.75399899482727,34956
10.758906602859497,34956
10.76379680633545,34956
10.776144981384277,34956
10.777485847473145,34956
10.786228656768799,34956
10.787494897842407,34956
10.788687467575073,34956
10.793481349945068,34956
10.798414468765259,34956
10.799602508544922,34956
10.804362535476685,34956
10.809269666671753,34956
10.810459852218628,34956
10.818969011306763,34956
10.824018955230713,34956
10.825194358825684,34956
10.829972267150879,34956
10.838623285293579,34956
10.84369421005249,34956
10.844862461090088,34956
10.845890760421753,34956
10.854374647140503,34956
10.859364748001099,34956
10.864417552947998,34956
10.87304139137268,34956
10.878116846084595,34956
10.890487432479858,34956
10.891887903213501,34956
10.896822929382324,34956
10.89801573753357,34956
10.899059295654297,34956
10.903786897659302,34956
10.912413835525513,34956
10.913726568222046,34956
10.918510913848877,34956
10.923409223556519,34956
10.928297758102417,34956
10.933194398880005,34956
10.941812753677368,34956
10.94314169883728,34956
10.947965860366821,34956
10.956609964370728,34956
10.957931280136108,34956
10.97012734413147,34956
10.975322723388672,34956
10.980223655700684,34956
10.981430768966675,34956
10.993593454360962,34956
10.99498987197876,34956
11.003600358963013,34956
11.004840850830078,34956
11.013462543487549,34956
11.014759063720703,34956
11.023236513137817,34956
11.024577379226685,34956
11.029358625411987,34956
11.041696548461914,34956
11.043169260025024,34956
11.051701068878174,34956
11.053014039993286,34956
11.061526775360107,34956
11.070301055908203,34956
11.071635961532593,34956
11.080130577087402,34956
11.088836193084717,34956
11.090176343917847,34956
11.098929166793823,34956
11.103887557983398,34956
11.10521125793457,34956
11.117458820343018,34956
11.122563362121582,34956
11.123886108398438,34956
11.136090755462646,34956
11.14119577407837,34956
11.142527103424072,34956
11.14732575416565,34956
11.159650564193726,34956
11.161057949066162,34956
11.165989637374878,34956
11.17463231086731,34956
11.183394432067871,34956
11.188380718231201,34956
11.189708232879639,34956
11.198220014572144,34956
11.203274011611938,34956
11.211915016174316,34956
11.213216304779053,34956
11.217974185943604,34956
11.226617574691772,34956
11.23910927772522,34956
11.244156837463379,34956
11.249228239059448,34956
11.254331111907959,34956
11.259301662445068,34956
11.264374256134033,34956
11.273046731948853,34956
11.278119802474976,34956
11.286792755126953,34956
11.288138151168823,34956
11.296651601791382,34956
11.301716089248657,34956
11.31037712097168,34956
11.315418243408203,34956
11.324073553085327,34956
11.332842350006104,34956
11.341621160507202,34956
11.34668779373169,34956
11.351629734039307,34956
11.356560230255127,34956
11.35774278640747,34956
11.373641014099121,34956
11.378851175308228,34956
11.38023591041565,34956
11.381442308425903,34956
11.389930248260498,34956
11.394984006881714,34956
11.40361475944519,34956
11.412378311157227,34956
11.413742780685425,34956
11.42223596572876,34956
11.427315711975098,34956
11.43591594696045,34956
11.440958499908447,34956
11.445871353149414,34956
11.450831413269043,34956
11.455755949020386,34956
11.460670232772827,34956
11.46556282043457,34956
11.47049331665039,34956
11.471662759780884,34956
11.480114936828613,34956
11.485075235366821,34956
11.490118980407715,34956
11.49877405166626,34956
11.50011420249939,34956
11.504891633987427,34956
11.513501644134521,34956
11.522185325622559,34956
11.523587465286255,34956
11.532259225845337,34956
11.533519744873047,34956
11.538429975509644,34956
11.543351173400879,34956
11.548265218734741,34956
11.556906700134277,34956
11.565682411193848,34956
11.574363231658936,34956
11.575730323791504,34956
11.580597877502441,34956
11.58177661895752,34956
11.59396505355835,34956
11.606422901153564,34956
11.608008623123169,34956
11.609372854232788,34956
11.614158630371094,34956
11.61535358428955,34956
11.623836040496826,34956
11.636328220367432,34956
11.641479969024658,34956
11.646549701690674,34956
11.655163526535034,34956
11.660248756408691,34956
11.668904542922974,34956
11.673959493637085,34956
11.678874969482422,34956
11.687521934509277,34956
11.696292400360107,34956
11.701369285583496,34956
11.70630407333374,34956
11.71865177154541,34956
11.723780870437622,34956
11.728854179382324,34956
11.733785629272461,34956
11.742404460906982,34956
11.747447490692139,34956
11.752371072769165,34956
11.761030673980713,34956
11.766084432601929,34956
11.770986795425415,34956
11.779603004455566,34956
11.784632682800293,34956
11.78955864906311,34956
11.794436693191528,34956
11.803057670593262,34956
11.808123588562012,34956
11.813004732131958,34956
11.821640253067017,34956
11.830406665802002,34956
11.831734895706177,34956
11.840226888656616,34956
11.845202922821045,34956
11.853981018066406,34956
11.86275577545166,34956
11.867803812026978,34956
11.872737884521484,34956
11.881379842758179,34956
11.882718324661255,34956
11.887494564056396,34956
11.892399311065674,34956
11.893605470657349,34956
11.902105808258057,34956
11.907161235809326,34956
11.912083387374878,34956
11.917014360427856,34956
11.918213367462158,34956
11.926710605621338,34956
11.93544602394104,34956
11.936764001846313,34956
11.941545963287354,34956
11.950174331665039,34956
11.955230951309204,34956
11.960139513015747,34956
11.965029001235962,34956
11.966194152832031,34956
11.978383779525757,34956
11.979856252670288,34956
11.988354444503784,34956
11.99341344833374,34956
12.005738019943237,34956
12.007132530212402,34956
12.012063980102539,34956
12.016981363296509,34956
12.021892786026001,34956
12.030540466308594,34956
12.035511493682861,34956
12.036840915679932,34956
12.041603565216064,34956
12.046525955200195,34956
12.051447629928589,34956
12.056364059448242,34956
12.061282396316528,34956
12.069915533065796,34956
12.078700065612793,34956
12.08003044128418,34956
12.084802389144897,34956
12.09342622756958,34956
12.102200508117676,34956
12.107253789901733,34956
12.123316287994385,34956
12.12488079071045,34956
12.129830837249756,34956
12.131022453308105,34956
12.139517068862915,34956
12.144532918930054,34956
12.145691394805908,34956
12.150500297546387,34956
12.159120798110962,34956
12.160401344299316,34956
12.169022798538208,34956
12.177810430526733,34956
12.179123640060425,34956
12.187627077102661,34956
12.192609071731567,34956
12.205020666122437,34956
12.206578731536865,34956
12.215198516845703,34956
12.216528415679932,34956
12.228777170181274,34956
12.233982801437378,34956
12.235162496566772,34956
12.23994255065918,34956
12.241140365600586,34956
12.245897769927979,34956
12.258251190185547,34956
12.26335597038269,34956
12.264698266983032,34956
12.273191928863525,34956
12.27454161643982,34956
12.279315710067749,34956
12.284226179122925,34956
12.2965669631958,34956
12.301673412322998,34956
12.30674958229065,34956
12.31167483329773,34956
12.312845468521118,34956
12.325041770935059,34956
12.326453924179077,34956
12.338796615600586,34956
12.340285778045654,34956
12.345058679580688,34956
12.353688478469849,34956
12.355012893676758,34956
12.359818696975708,34956
12.368462324142456,34956
12.37718915939331,34956
12.378569602966309,34956
12.387059211730957,34956
12.395843744277954,34956
12.397236824035645,34956
12.40575623512268,34956
12.407079219818115,34956
12.419311046600342,34956
12.424437522888184,34956
12.425774335861206,34956
12.434282779693604,34956
12.43932843208313,34956
12.444257736206055,34956
12.44917917251587,34956
12.457845687866211,34956
12.462848901748657,34956
12.471497058868408,34956
12.480307817459106,34956
12.485373497009277,34956
12.48659348487854,34956
12.502530336380005,34956
12.50399398803711,34956
12.505236625671387,34956
12.506431341171265,34956
12.511183738708496,34956
12.51976990699768,34956
12.521088123321533,34956
12.529602766036987,34956
12.538398027420044,34956
12.543477296829224,34956
12.552083015441895,34956
12.557154417037964,34956
12.565794467926025,34956
12.570852518081665,34956
12.579507827758789,34956
12.588265419006348,34956
12.59700870513916,34956
12.598367929458618,34956
12.599417209625244,34956
12.604204654693604,34956
12.609131574630737,34956
12.6103196144104,34956
12.622518301010132,34956
12.62766170501709,34956
12.632695436477661,34956
12.637616634368896,34956
12.646231889724731,34956
12.64747953414917,34956
12.65611982345581,34956
12.657458782196045,34956
12.662221431732178,34956
12.667155742645264,34956
12.675788402557373,34956
12.684589385986328,34956
12.685849905014038,34956
12.694462537765503,34956
12.703253030776978,34956
12.704579591751099,34956
12.713091611862183,34956
12.714403629302979,34956
12.726564884185791,34956
12.727946519851685,34956
12.73285174369812,34956
12.741480350494385,34956
12.75025749206543,34956
12.755286931991577,34956
12.763869047164917,34956
12.76891565322876,34956
12.77011775970459,34956
12.774845361709595,34956
12.779745101928711,34956
12.788365125656128,34956
12.789673089981079,34956
12.794752359390259,34956
12.807139158248901,34956
12.808552503585815,34956
12.817156076431274,34956
12.822236061096191,34956
12.82342529296875,34956
12.828185319900513,34956
12.833095073699951,34956
12.838016510009766,34956
12.842920064926147,34956
12.84781002998352,34956
12.85273551940918,34956
12.857650995254517,34956
12.862558364868164,34956
12.871188402175903,34956
12.876230001449585,34956
12.881157636642456,34956
12.893497467041016,34956
12.894902467727661,34956
12.896096229553223,34956
12.897161483764648,34956
12.90187668800354,34956
12.906788110733032,34956
12.907953977584839,34956
12.916454076766968,34956
12.92511534690857,34956
12.926528453826904,34956
12.935146808624268,34956
12.940195560455322,34956
12.941377639770508,34956
12.957325220108032,34956
12.96251392364502,34956
12.967525959014893,34956
12.972652435302734,34956
12.97397494316101,34956
12.978739023208618,34956
12.983662128448486,34956
12.984851121902466,34956
12.993348598480225,34956
12.998397588729858,34956
13.007020235061646,34956
13.011994123458862,34956
13.020729541778564,34956
13.02578592300415,34956
13.030707836151123,34956
13.031921148300171,34956
13.032958030700684,34956
13.045135021209717,34956
13.050347805023193,34956
13.051534175872803,34956
13.052559614181519,34956
13.06482219696045,34956
13.066303491592407,34956
13.07114052772522,34956
13.083507537841797,34956
13.084908723831177,34956
13.086074829101562,34956
13.090859651565552,34956
13.092061281204224,34956
13.093117952346802,34956
13.09420132637024,34956
13.102690935134888,34956
13.107753276824951,34956
13.112696647644043,34956
13.11762547492981,34956
13.11880350112915,34956
13.127262592315674,34956
13.128555536270142,34956
13.144514322280884,34956
13.145950078964233,34956
13.150862693786621,34956
13.155832767486572,34956
13.157090187072754,34956
13.165715217590332,34956
13.170802116394043,34956
13.179473638534546,34956
13.184481620788574,34956
13.185720443725586,34956
13.190624713897705,34956
13.199253559112549,34956
13.211665391921997,34956
13.213117122650146,34956
13.21437668800354,34956
13.223021984100342,34956
13.228022336959839,34956
13.236819982528687,34956
13.23815107345581,34956
13.242918252944946,34956
13.25526475906372,34956
13.256680250167847,34956
13.261587619781494,34956
13.266514778137207,34956
13.271418809890747,34956
13.280042886734009,34956
13.285073518753052,34956
13.290028095245361,34956
13.302402973175049,34956
13.307512521743774,34956
13.31632375717163,34956
13.317659378051758,34956
13.326170444488525,34956
13.327454566955566,34956
13.332393884658813,34956
13.333569288253784,34956
13.334609985351562,34956
13.350550413131714,34956
13.35580325126648,34956
13.360791444778442,34956
13.365820169448853,34956
13.378143072128296,34956
13.383175611495972,34956
13.384637117385864,34956
13.389447689056396,34956
13.394343614578247,34956
13.40299391746521,34956
13.408061742782593,34956
13.412981510162354,34956
13.414167165756226,34956
13.426358699798584,34956
13.431480169296265,34956
13.436537504196167,34956
13.441455364227295,34956
13.446371793746948,34956
13.451303005218506,34956
13.456191539764404,34956
13.461092710494995,34956
13.462291240692139,34956
13.470794677734375,34956
13.47955060005188,34956
13.484627485275269,34956
13.485822439193726,34956
13.490626096725464,34956
13.499271631240845,34956
13.507992267608643,34956
13.513068675994873,34956
13.51819634437561,34956
13.51954960823059,34956
13.524304389953613,34956
13.525505781173706,34956
13.526539087295532,34956
13.531309843063354,34956
13.539944648742676,34956
13.541247129440308,34956
13.549733877182007,34956
13.55470585823059,34956
13.559730291366577,34956
13.560936212539673,34956
13.569447755813599,34956
13.574425458908081,34956
13.579497814178467,34956
13.58440899848938,34956
13.593055248260498,34956
13.601759910583496,34956
13.60316777229309,34956
13.61549711227417,34956
13.620605945587158,34956
13.625645160675049,34956
13.638004064559937,34956
13.643106698989868,34956
13.644455909729004,34956
13.652969598770142,34956
13.658047676086426,34956
13.666684627532959,34956
13.671669483184814,34956
13.672937631607056,34956
13.681596755981445,34956
13.694076299667358,34956
13.695481061935425,34956
13.700425148010254,34956
13.701616048812866,34956
13.7064208984375,34956
13.715062856674194,34956
13.716355085372925,34956
13.717536687850952,34956
13.726025342941284,34956
13.727308988571167,34956
13.73595142364502,34956
13.737311601638794,34956
13.742117166519165,34956
13.750753402709961,34956
13.752065420150757,34956
13.7679922580719,34956
13.769440412521362,34956
13.77447247505188,34956
13.78312349319458,34956
13.784471035003662,34956
13.789243936538696,34956
13.801597595214844,34956
13.803066968917847,34956
13.807830095291138,34956
13.812753915786743,34956
13.817660093307495,34956
13.826285600662231,34956
13.827635288238525,34956
13.836153507232666,34956
13.841206550598145,34956
13.84239411354065,34956
13.858393907546997,34956
13.859853267669678,34956
13.86484956741333,34956
13.866102933883667,34956
13.867315530776978,34956
13.872097730636597,34956
13.876993656158447,34956
13.878204345703125,34956
13.8830087184906,34956
13.88418698310852,34956
13.896390676498413,34956
13.897851943969727,34956
13.898865222930908,34956
13.899864912033081,34956
13.904576063156128,34956
13.909502506256104,34956
13.914380550384521,34956
13.919280052185059,34956
13.927872896194458,34956
13.932937622070312,34956
13.937851190567017,34956
13.946484565734863,34956
13.951493740081787,34956
13.952680110931396,34956
13.95371675491333,34956
13.954702138900757,34956
13.963160514831543,34956
13.964415311813354,34956
13.973031044006348,34956
13.974319696426392,34956
13.975345849990845,34956
13.976381540298462,34956
13.981128692626953,34956
13.986016511917114,34956
13.994594812393188,34956
13.995886087417603,34956
14.000599384307861,34956
14.001733779907227,34956
14.010121583938599,34956
14.015127420425415,34956
14.016263008117676,34956
14.020955801010132,34956
14.022056818008423,34956
14.026796102523804,34956
14.027909278869629,34956
14.028830766677856,34956
14.029757976531982,34956
14.030652046203613,34956
14.031556367874146,34956
14.032464265823364,34956
14.033376455307007,34956
14.034266710281372,34956
14.03514838218689,34956
14.036042213439941,34956
14.036937236785889,34956
14.03784465789795,34956
14.038760423660278,34956
14.039655923843384,34956
14.040549039840698,34956
14.041452407836914,34956
14.046094179153442,34956
14.047168970108032,34956
14.048060655593872,34956
14.05267882347107,34956
14.053706645965576,34956
14.054608583450317,34956
14.055490970611572,34956
14.05638861656189,34956
14.0572829246521,34956
14.05815863609314,34956
14.059035062789917,34956
14.059921264648438,34956
14.060806035995483,34956
14.061694145202637,34956
14.062567710876465,34956
14.063461542129517,34956
14.064358711242676,34956
14.076414108276367,34956
14.077804803848267,34956
14.078734636306763,34956
14.079630136489868,34956
14.084267377853394,34956
14.085328102111816,34956
14.086212158203125,34956
14.08710765838623,34956
14.088004350662231,34956
14.088886260986328,34956
14.097179174423218,34956
14.098408937454224,34956
14.099294900894165,34956
14.100173950195312,34956
14.10106611251831,34956
14.101937532424927,34956
14.102801322937012,34956
14.103672981262207,34956
14.104557991027832,34956
14.105437517166138,34956
14.10632872581482,34956
14.107192516326904,34956
14.108057737350464,34956
14.108943939208984,34956
14.109826564788818,34956
14.110708713531494,34956
14.111593961715698,34956
14.112480640411377,34956
14.11336374282837,34956
14.114247798919678,34956
14.115120649337769,34956
14.115965366363525,34956
14.116823434829712,34956
14.117708206176758,34956
14.118595600128174,34956
14.119470357894897,34956
14.120317697525024,34956
14.121191024780273,34956
14.122085571289062,34956
14.122978448867798,34956
14.123864889144897,34956
14.124747514724731,34956
14.125622987747192,34956
14.126509666442871,34956
14.127400875091553,34956
14.128283262252808,34956
14.129157066345215,34956
14.130040407180786,34956
14.130922794342041,34956
14.131798505783081,34956
14.132679462432861,34956
14.133566856384277,34956
14.134423017501831,34956
14.135295391082764,34956
14.136162042617798,34956
14.137039184570312,34956
14.137910604476929,34956
14.138800382614136,34956
14.139678955078125,34956
14.140562057495117,34956
14.141440629959106,34956
14.142317056655884,34956
14.14319133758545,34956
14.144075632095337,34956
14.144962310791016,34956
14.145854949951172,34956
14.146744012832642,34956
14.147613763809204,34956
14.148459434509277,34956
14.149351596832275,34956
14.150231838226318,34956
14.151088953018188,34956
14.151960372924805,34956
14.15281891822815,34956
14.153685569763184,34956
14.154530048370361,34956
14.155378103256226,34956
14.15625786781311,34956
14.157117366790771,34956
14.158005237579346,34956
14.158886432647705,34956
14.159772396087646,34956
14.160646438598633,34956
14.161530494689941,34956
14.162416696548462,34956
14.163301229476929,34956
14.16417646408081,34956
14.165058851242065,34956
14.165942192077637,34956
14.166812419891357,34956
14.167668581008911,34956
14.168545484542847,34956
14.169435501098633,34956
14.170291185379028,34956
14.171163558959961,34956
14.172036409378052,34956
14.172886610031128,34956
14.173748970031738,34956
14.174615621566772,34956
14.175487041473389,34956
14.176358699798584,34956
14.177245855331421,34956
14.178116083145142,34956
14.179001092910767,34956
14.179873943328857,34956
14.180763006210327,34956
14.181649208068848,34956
14.182544231414795,34956
14.18342900276184,34956
14.184301614761353,34956
14.18516993522644,34956
14.186052799224854,34956
14.1869535446167,34956
14.187837839126587,34956
14.188709735870361,34956
14.189586162567139,34956
14.190454959869385,34956
14.191330432891846,34956
14.192203760147095,34956
14.193084001541138,34956
14.193968296051025,34956
14.194846153259277,34956
14.195727109909058,34956
14.19661808013916,34956
14.197493553161621,34956
14.198376893997192,34956
14.199257850646973,34956
14.200100183486938,34956
14.200977325439453,34956
14.201864957809448,34956
14.202759742736816,34956
14.203631401062012,34956
14.204498529434204,34956
14.205368041992188,34956
14.206209421157837,34956
14.207072496414185,34956
14.20796275138855,34956
14.20884394645691,34956
14.209724426269531,34956
14.210612297058105,34956
14.211485862731934,34956
14.21237301826477,34956
14.213258266448975,34956
14.214142799377441,34956
14.215031623840332,34956
14.21591305732727,34956
14.216795682907104,34956
14.217652559280396,34956
14.218536853790283,34956
14.219423294067383,34956
14.22029185295105,34956
14.221150636672974,34956
14.222026348114014,34956
14.222909927368164,34956
14.22378945350647,34956
14.224655389785767,34956
14.225532293319702,34956
14.226422786712646,34956
14.227302312850952,34956
14.228179216384888,34956
14.229063272476196,34956
14.229952096939087,34956
14.230823993682861,34956
14.231703996658325,34956
14.232566833496094,34956
14.233428001403809,34956
14.234318494796753,34956
14.235201120376587,34956
14.236077308654785,34956
14.236951112747192,34956
14.237830638885498,34956
14.23869252204895,34956
14.239570379257202,34956
14.240456104278564,34956
14.241334438323975,34956
14.242204666137695,34956
14.24308156967163,34956
14.243971824645996,34956
14.244863271713257,34956
14.245752096176147,34956
14.246637105941772,34956
14.247509241104126,34956
14.248372793197632,34956
14.249232292175293,34956
14.250087261199951,34956
14.250965356826782,34956
14.25185227394104,34956
14.252715110778809,34956
14.253590106964111,34956
14.254450798034668,34956
14.25532579421997,34956
14.25619125366211,34956
14.257055759429932,34956
14.257921934127808,34956
14.258808612823486,34956
14.25968599319458,34956
14.26056718826294,34956
14.261448383331299,34956
14.262323379516602,34956
14.263197422027588,34956
14.264074087142944,34956
14.264947175979614,34956
14.265836477279663,34956
14.266707181930542,34956
14.26758098602295,34956
14.2684645652771,34956
14.269334316253662,34956
14.270167350769043,34956
14.271053552627563,34956
14.271943092346191,34956
14.272799015045166,34956
14.27367615699768,34956
14.27453064918518,34956
14.275402069091797,34956
14.276285171508789,34956
14.277164220809937,34956
14.278044700622559,34956
14.27892017364502,34956
14.27978777885437,34956
14.280664920806885,34956
14.281551599502563,34956
14.28243637084961,34956
14.283322095870972,34956
14.28420615196228,34956
14.285089015960693,34956
14.28596806526184,34956
14.286841630935669,34956
14.287698030471802,34956
14.288574695587158,34956
14.289465188980103,34956
14.290311813354492,34956
14.291181325912476,34956
14.292058944702148,34956
14.292901992797852,34956
14.293760061264038,34956
14.294637680053711,34956
14.295526266098022,34956
14.296419382095337,34956
14.297306299209595,34956
14.298176050186157,34956
14.299055099487305,34956
14.299929857254028,34956
14.300801038742065,34956
14.301671266555786,34956
14.30255126953125,34956
14.303435564041138,34956
14.304319143295288,34956
14.305188417434692,34956
14.306071996688843,34956
14.30696964263916,34956
14.3078293800354,34956
14.308693647384644,34956
14.309571266174316,34956
14.310415983200073,34956
14.311293125152588,34956
14.31214952468872,34956
14.313030481338501,34956
14.313909769058228,34956
14.31479287147522,34956
14.315675973892212,34956
14.316560506820679,34956
14.317441940307617,34956
14.318331480026245,34956
14.31921648979187,34956
14.320102214813232,34956
14.32098650932312,34956
14.321859359741211,34956
14.322736263275146,34956
14.323631763458252,34956
14.324510097503662,34956
14.325383424758911,34956
14.326255083084106,34956
14.327113389968872,34956
14.32798457145691,34956
14.328856706619263,34956
14.32974624633789,34956
14.330628395080566,34956
14.33151650428772,34956
14.332393884658813,34956
14.333276510238647,34956
14.334157705307007,34956
14.335037231445312,34956
14.335927486419678,34956
14.336814403533936,34956
14.337685823440552,34956
14.338567018508911,34956
14.33945608139038,34956
14.340324878692627,34956
14.341190099716187,34956
14.342041254043579,34956
14.3429114818573,34956
14.343764781951904,34956
14.344632625579834,34956
14.345520973205566,34956
14.346413612365723,34956
14.347291469573975,34956
14.348163843154907,34956
14.349042177200317,34956
14.349925518035889,34956
14.350816488265991,34956
14.351704120635986,34956
14.35258936882019,34956
14.353464841842651,34956
14.354334354400635,34956
14.355212926864624,34956
14.356102466583252,34956
14.356981992721558,34956
14.357854127883911,34956
14.358706712722778,34956
14.359584331512451,34956
14.36047649383545,34956
14.36135745048523,34956
14.362231969833374,34956
14.363113164901733,34956
14.363993167877197,34956
14.364877462387085,34956
14.365755319595337,34956
14.366655349731445,34956
14.367546558380127,34956
14.368425846099854,34956
14.36930799484253,34956
14.370179653167725,34956
14.371068000793457,34956
14.37193751335144,34956
14.372809648513794,34956
14.373692512512207,34956
14.374579191207886,34956
14.375465631484985,34956
14.376356840133667,34956
14.377227306365967,34956
14.378115177154541,34956
14.378998279571533,34956
14.37988018989563,34956
14.380764961242676,34956
14.381641864776611,34956
14.38251781463623,34956
14.383389472961426,34956
14.384262561798096,34956
14.385146379470825,34956
14.386008977890015,34956
14.38688588142395,34956
14.387758016586304,34956
14.388624429702759,34956
14.38950490951538,34956
14.390381574630737,34956
14.391264200210571,34956
14.392134428024292,34956
14.393016815185547,34956
14.393888711929321,34956
14.394755840301514,34956
14.39563250541687,34956
14.396532773971558,34956
14.39742112159729,34956
14.39830470085144,34956
14.399149417877197,34956
14.400022268295288,34956
14.40090298652649,34956
14.401795625686646,34956
14.402662992477417,34956
14.403529167175293,34956
14.404398679733276,34956
14.405233144760132,34956
14.406080722808838,34956
14.406964778900146,34956
14.407838344573975,34956
14.40871810913086,34956
14.409606218338013,34956
14.410486221313477,34956
14.41136384010315,34956
14.412230730056763,34956
14.413094282150269,34956
14.41397476196289,34956
14.414863109588623,34956
14.415740251541138,34956
14.416633605957031,34956
14.417516231536865,34956
14.418375015258789,34956
14.419223546981812,34956
14.420078992843628,34956
14.420960187911987,34956
14.421849489212036,34956
14.42272400856018,34956
14.423585891723633,34956
14.424457550048828,34956
14.42532992362976,34956
14.426195621490479,34956
14.427069187164307,34956
14.427950143814087,34956
14.428821325302124,34956
14.429687023162842,34956
14.430570125579834,34956
14.431451320648193,34956
14.43233036994934,34956
14.433209657669067,34956
14.4340980052948,34956
14.434984683990479,34956
14.435873985290527,34956
14.43674921989441,34956
14.437610149383545,34956
14.438486576080322,34956
14.439379692077637,34956
14.440250635147095,34956
14.441092729568481,34956
14.441958665847778,34956
14.442811012268066,34956
14.443684339523315,34956
14.444548606872559,34956
14.445414066314697,34956
14.446303606033325,34956
14.447185754776001,34956
14.4480721950531,34956
14.448954820632935,34956
14.449819326400757,34956
14.450678825378418,34956
14.451546669006348,34956
14.452402830123901,34956
14.453278064727783,34956
14.454141855239868,34956
14.455014944076538,34956
14.455849885940552,34956
14.456694602966309,34956
14.457547903060913,34956
14.458412170410156,34956
14.459262371063232,34956
14.460092544555664,34956
14.460929155349731,34956
14.46178150177002,34956
14.462646961212158,34956
14.463518142700195,34956
14.46437382698059,34956
14.465208768844604,34956
14.466054916381836,34956
14.46692180633545,34956
14.467796087265015,34956
14.468662738800049,34956
14.469505071640015,34956
14.47034764289856,34956
14.471190690994263,34956
14.472040891647339,34956
14.47292447090149,34956
14.473792791366577,34956
14.474698066711426,34956
14.475534677505493,34956
14.476384162902832,34956
14.47721815109253,34956
14.478075981140137,34956
14.478938579559326,34956
14.479763507843018,34956
14.480607986450195,34956
14.481462001800537,34956
14.48233151435852,34956
14.48318862915039,34956
14.484047889709473,34956
14.484921216964722,34956
14.485573291778564,34956
14.486061811447144,34956
14.486571311950684,34956
14.487060785293579,34956
14.487550020217896,34956
14.488028287887573,34956
14.488515138626099,34956
14.489001750946045,34956
14.48949933052063,34956
14.489986419677734,34956
14.490474939346313,34956
14.49096417427063,34956
14.49146580696106,34956
14.491950273513794,34956
14.492440700531006,34956
14.492929458618164,34956
14.493417739868164,34956
14.493901491165161,34956
14.494402647018433,34956
14.494883060455322,34956
14.495379209518433,34956
14.495863676071167,34956
14.496373176574707,34956
14.496851921081543,34956
14.497351169586182,34956
14.497840642929077,34956
14.498343229293823,34956
14.498830080032349,34956
14.499322175979614,34956
14.499813318252563,34956
14.500312566757202,34956
14.500808000564575,34956
14.501302719116211,34956
14.501796960830688,34956
14.502297401428223,34956
14.502782821655273,34956
14.503275632858276,34956
14.5037522315979,34956
14.504237413406372,34956
14.50472903251648,34956
14.505212306976318,34956
14.505702018737793,34956
14.506184339523315,34956
14.506692886352539,34956
14.507180213928223,34956
14.507672309875488,34956
14.508155584335327,34956
14.50865364074707,34956
14.509134769439697,34956
14.509632110595703,34956
14.510120391845703,34956
14.510614156723022,34956
14.511093139648438,34956
14.511594295501709,34956
14.512083292007446,34956
14.51258373260498,34956
14.513075113296509,34956
14.513581991195679,34956
14.514062881469727,34956
14.514565706253052,34956
14.515045881271362,34956
14.51554012298584,34956
14.516026496887207,34956
14.51653265953064,34956
14.517025470733643,34956
14.517527341842651,34956
14.518019437789917,34956
14.51850962638855,34956
14.518998384475708,34956
14.51950216293335,34956
14.519986629486084,34956
14.520485639572144,34956
14.520961046218872,34956
14.52146053314209,34956
14.52195405960083,34956
14.522462129592896,34956
14.52294659614563,34956
14.523452281951904,34956
14.523931741714478,34956
14.524433851242065,34956
14.524921178817749,34956
14.525421857833862,34956
14.525917053222656,34956
14.526416301727295,34956
14.526909351348877,34956
14.527406215667725,34956
14.52790093421936,34956
14.528395414352417,34956
14.528888702392578,34956
14.529383420944214,34956
14.529871225357056,34956
14.53036618232727,34956
14.530857563018799,34956
14.531340837478638,34956
14.531833410263062,34956
14.532335996627808,34956
14.532826662063599,34956
14.533323287963867,34956
14.53380823135376,34956
14.534298181533813,34956
14.534785985946655,34956
14.53528118133545,34956
14.535767793655396,34956
14.536267280578613,34956
14.536761999130249,34956
14.537254810333252,34956
14.53774118423462,34956
14.538233757019043,34956
14.53873324394226,34956
14.539225101470947,34956
14.539713382720947,34956
14.540195941925049,34956
14.540693759918213,34956
14.541181325912476,34956
14.541667699813843,34956
14.542153358459473,34956
14.542643070220947,34956
14.54313349723816,34956
14.543631315231323,34956
14.544121980667114,34956
14.544621706008911,34956
14.545120239257812,34956
14.545618534088135,34956
14.546115159988403,34956
14.546622037887573,34956
14.547114372253418,34956
14.547603130340576,34956
14.548084020614624,34956
14.54858684539795,34956
14.549074172973633,34956
14.549571990966797,34956
14.550060033798218,34956
14.550561904907227,34956
14.55104684829712,34956
14.551543474197388,34956
14.552033424377441,34956
14.552532434463501,34956
14.553019285202026,34956
14.553516387939453,34956
14.554000616073608,34956
14.554491758346558,34956
14.554970979690552,34956
14.555469036102295,34956
14.555960655212402,34956
14.55646538734436,34956
14.556946039199829,34956
14.557446718215942,34956
14.557928085327148,34956
14.558422088623047,34956
14.558912754058838,34956
14.559409856796265,34956
14.559892892837524,34956
14.560381889343262,34956
14.560863733291626,34956
14.561359643936157,34956
14.561840295791626,34956
14.562335014343262,34956
14.562821388244629,34956
14.563316583633423,34956
14.563794374465942,34956
14.564284801483154,34956
14.564774751663208,34956
14.565272331237793,34956
14.565756797790527,34956
14.56625509262085,34956
14.566741228103638,34956
14.567224979400635,34956
14.567715406417847,34956
14.568197011947632,34956
14.56869649887085,34956
14.569185018539429,34956
14.569685935974121,34956
14.570169687271118,34956
14.57066035270691,34956
14.571152210235596,34956
14.571647882461548,34956
14.572132349014282,34956
14.572622776031494,34956
14.573113679885864,34956
14.573606729507446,34956
14.574093103408813,34956
14.574593544006348,34956
14.575073003768921,34956
14.575580835342407,34956
14.576071500778198,34956
14.576586961746216,34956
14.577072143554688,34956
14.577567100524902,34956
14.578058958053589,34956
14.578547477722168,34956
14.579026937484741,34956
14.579521417617798,34956
14.580010414123535,34956
14.580501079559326,34956
14.580984830856323,34956
14.581477642059326,34956
14.581950902938843,34956
14.582456827163696,34956
14.582941055297852,34956
14.583427906036377,34956
14.583909749984741,34956
14.584411859512329,34956
14.584895849227905,34956
14.585396766662598,34956
14.585872650146484,34956
14.586377620697021,34956
14.586870670318604,34956
14.587362051010132,34956
14.587852239608765,34956
14.588336944580078,34956
14.588826656341553,34956
14.589323043823242,34956
14.589813232421875,34956
14.590315103530884,34956
14.590800523757935,34956
14.591298341751099,34956
14.591782569885254,34956
14.592262506484985,34956
14.592741250991821,34956
14.593225479125977,34956
14.593721628189087,34956
14.594209909439087,34956
14.594700574874878,34956
14.595194101333618,34956
14.595680952072144,34956
14.596164226531982,34956
14.59666895866394,34956
14.597154140472412,34956
14.59764814376831,34956
14.598131895065308,34956
14.598625659942627,34956
14.599119663238525,34956
14.599611520767212,34956
14.600097417831421,34956
14.600600719451904,34956
14.601086139678955,34956
14.601583242416382,34956
14.60205864906311,34956
14.602558135986328,34956
14.60304307937622,34956
14.603536128997803,34956
14.604024410247803,34956
14.60452151298523,34956
14.605002403259277,34956
14.605499267578125,34956
14.605982542037964,34956
14.606486082077026,34956
14.606974124908447,34956
14.607475996017456,34956
14.60796308517456,34956
14.608459949493408,34956
14.608952522277832,34956
14.609457969665527,34956
14.609938621520996,34956
14.610439777374268,34956
14.610923290252686,34956
14.611419916152954,34956
14.611903667449951,34956
14.612395763397217,34956
14.612879037857056,34956
14.613362073898315,34956
14.61385202407837,34956
14.614347696304321,34956
14.614837646484375,34956
14.615330934524536,34956
14.615814447402954,34956
14.616320610046387,34956
14.61681056022644,34956
14.617303848266602,34956
14.617786645889282,34956
14.618277311325073,34956
14.618763446807861,34956
14.61925721168518,34956
14.619742155075073,34956
14.620238542556763,34956
14.62073016166687,34956
14.62121319770813,34956
14.62170147895813,34956
14.622183322906494,34956
14.622676849365234,34956
14.623156547546387,34956
14.62365198135376,34956
14.62413239479065,34956
14.624620199203491,34956
14.625105142593384,34956
14.625602960586548,34956
14.626086473464966,34956
14.626595258712769,34956
14.627074480056763,34956
14.62757921218872,34956
14.628062725067139,34956
14.62855863571167,34956
14.6290442943573,34956
14.629530906677246,34956
14.630019426345825,34956
14.630511045455933,34956
14.63100004196167,34956
14.631507873535156,34956
14.631999492645264,34956
14.632496118545532,34956
14.632987260818481,34956
14.633481502532959,34956
14.63397216796875,34956
14.634469747543335,34956
14.63496208190918,34956
14.635460376739502,34956
14.63594126701355,34956
14.636436939239502,34956
14.636931896209717,34956
14.637420654296875,34956
14.637909412384033,34956
14.63840651512146,34956
14.638888120651245,34956
14.63937497138977,34956
14.63986611366272,34956
14.640358209609985,34956
14.640843868255615,34956
14.64133334159851,34956
14.641820669174194,34956
14.642322063446045,34956
14.642809867858887,34956
14.643311738967896,34956
14.643795728683472,34956
14.644277811050415,34956
14.644760847091675,34956
14.64525580406189,34956
14.645745515823364,34956
14.646228551864624,34956
14.646730899810791,34956
14.647215366363525,34956
14.647697925567627,34956
14.648188352584839,34956
14.648686408996582,34956
14.649169921875,34956
14.649668216705322,34956
14.650150775909424,34956
14.650650024414062,34956
14.651131629943848,34956
14.651620149612427,34956
14.652103662490845,34956
14.652599096298218,34956
14.653088092803955,34956
14.653584957122803,34956
14.654062509536743,34956
14.654561519622803,34956
14.655047178268433,34956
14.655538558959961,34956
14.656022310256958,34956
14.656529903411865,34956
14.657018184661865,34956
14.657507181167603,34956
14.657986164093018,34956
14.658483982086182,34956
14.658968210220337,34956
14.659462213516235,34956
14.659947395324707,34956
14.660451412200928,34956
14.660944700241089,34956
14.661435842514038,34956
14.661927700042725,34956
14.662416219711304,34956
14.662909269332886,34956
14.663407564163208,34956
14.66390323638916,34956
14.664403438568115,34956
14.664878845214844,34956
14.665369033813477,34956
14.665853500366211,34956
14.66635537147522,34956
14.666848182678223,34956
14.66734504699707,34956
14.667827367782593,34956
14.668323993682861,34956
14.668817281723022,34956
14.669304609298706,34956
14.669792175292969,34956
14.670281410217285,34956
14.670771360397339,34956
14.67126989364624,34956
14.671758651733398,34956
14.67224669456482,34956
14.672736167907715,34956
14.673226833343506,34956
14.673721551895142,34956
14.674195051193237,34956
14.674678325653076,34956
14.675157308578491,34956
14.675657033920288,34956
14.676139831542969,34956
14.676652431488037,34956
14.677139282226562,34956
14.677634000778198,34956
14.67811894416809,34956
14.678609609603882,34956
14.67910099029541,34956
14.679593801498413,34956
14.680079460144043,34956
14.680573463439941,34956
14.681069612503052,34956
14.681564569473267,34956
14.682036638259888,34956
14.682539939880371,34956
14.68302035331726,34956
14.683516263961792,34956
14.68401050567627,34956
14.6845121383667,34956
14.684998750686646,34956
14.685491800308228,34956
14.685970067977905,34956
14.686480283737183,34956
14.686966180801392,34956
14.687467813491821,34956
14.687953233718872,34956
14.688440322875977,34956
14.688922643661499,34956
14.68942141532898,34956
14.689910650253296,34956
14.690395593643188,34956
14.690876483917236,34956
14.691373586654663,34956
14.691863298416138,34956
14.692355632781982,34956
14.692839622497559,34956
14.693342208862305,34956
14.693828105926514,34956
14.694315910339355,34956
14.694794416427612,34956
14.695288896560669,34956
14.695771932601929,34956
14.696272850036621,34956
14.696747303009033,34956
14.697232723236084,34956
14.697731733322144,34956
14.69821286201477,34956
14.69870138168335,34956
14.699191093444824,34956
14.699690103530884,34956
14.700183629989624,34956
14.700677871704102,34956
14.701164722442627,34956
14.701655149459839,34956
14.70214295387268,34956
14.702635049819946,34956
14.703120470046997,34956
14.70361614227295,34956
14.70409870147705,34956
14.704600811004639,34956
14.705088376998901,34956
14.705590963363647,34956
14.706074714660645,34956
14.706587553024292,34956
14.707077264785767,34956
14.707573890686035,34956
14.70805025100708,34956
14.708553075790405,34956
14.709044933319092,34956
14.709546566009521,34956
14.710034370422363,34956
14.710530281066895,34956
14.711012601852417,34956
14.71151089668274,34956
14.712000608444214,34956
14.71250295639038,34956
14.712993621826172,34956
14.713483333587646,34956
14.713971853256226,34956
14.714473724365234,34956
14.714961290359497,34956
14.715461254119873,34956
14.715935468673706,34956
14.716434717178345,34956
14.716926336288452,34956
14.717413902282715,34956
14.71790099143982,34956
14.718396186828613,34956
14.718878746032715,34956
14.71936583518982,34956
14.71984601020813,34956
14.720343351364136,34956
14.720830202102661,34956
14.721323251724243,34956
14.721811771392822,34956
14.722310543060303,34956
14.722797155380249,34956
14.723299026489258,34956
14.723776578903198,34956
14.724268436431885,34956
14.724756240844727,34956
14.72524881362915,34956
14.725725650787354,34956
14.726205110549927,34956
14.726698637008667,34956
14.72718596458435,34956
14.727679014205933,34956
14.72816014289856,34956
14.728653907775879,34956
14.729135274887085,34956
14.729635238647461,34956
14.730123281478882,34956
14.730624914169312,34956
14.731107234954834,34956
14.731608152389526,34956
14.73209524154663,34956
14.732585191726685,34956
14.733072757720947,34956
14.733558654785156,34956
14.734040975570679,34956
14.734534978866577,34956
14.735029935836792,34956
14.73552656173706,34956
14.736013174057007,34956
14.736507892608643,34956
14.736999034881592,34956
14.737496137619019,34956
14.737982749938965,34956
14.738481998443604,34956
14.738978624343872,34956
14.739481210708618,34956
14.739974737167358,34956
14.740478754043579,34956
14.74096393585205,34956
14.741449117660522,34956
14.74193263053894,34956
14.742431402206421,34956
14.742916584014893,34956
14.743408679962158,34956
14.743889808654785,34956
14.74438738822937,34956
14.744872331619263,34956
14.745368719100952,34956
14.74586033821106,34956
14.746354579925537,34956
14.746830463409424,34956
14.747322797775269,34956
14.747819662094116,34956
14.74831247329712,34956
14.748804092407227,34956
14.749304294586182,34956
14.749786138534546,34956
14.750283241271973,34956
14.750767707824707,34956
14.75126314163208,34956
14.751746892929077,34956
14.752236127853394,34956
14.7527174949646,34956
14.7532057762146,34956
14.753690719604492,34956
14.754173994064331,34956
14.75467324256897,34956
14.755158185958862,34956
14.755649328231812,34956
14.756131649017334,34956
14.756635904312134,34956
14.757117986679077,34956
14.757617235183716,34956
14.758108615875244,34956
14.758597612380981,34956
14.759081363677979,34956
14.759575128555298,34956
14.760056495666504,34956
14.760547161102295,34956
14.761039972305298,34956
14.761541366577148,34956
14.76202917098999,34956
14.762530088424683,34956
14.763014078140259,34956
14.763504266738892,34956
14.7639901638031,34956
14.76448655128479,34956
14.76497769355774,34956
14.765476703643799,34956
14.765966415405273,34956
14.766478776931763,34956
14.76696491241455,34956
14.767461061477661,34956
14.767939567565918,34956
14.768433809280396,34956
14.768918514251709,34956
14.769406080245972,34956
14.769893884658813,34956
14.770386457443237,34956
14.770879030227661,34956
14.77137303352356,34956
14.771856307983398,34956
14.77234959602356,34956
14.772830963134766,34956
14.773322820663452,34956
14.773797512054443,34956
14.774290323257446,34956
14.774779319763184,34956
14.775274991989136,34956
14.77576494216919,34956
14.776260614395142,34956
14.776746988296509,34956
14.777233600616455,34956
14.777734518051147,34956
14.778212785720825,34956
14.778714895248413,34956
14.779200553894043,34956
14.77970004081726,34956
14.780192375183105,34956
14.780683279037476,34956
14.7811758518219,34956
14.781674861907959,34956
14.782162189483643,34956
14.782656192779541,34956
14.783135175704956,34956
14.783642292022705,34956
14.784116268157959,34956
14.784608125686646,34956
14.785093069076538,34956
14.785590410232544,34956
14.786073207855225,34956
14.786582946777344,34956
14.787065505981445,34956
14.787560224533081,34956
14.788047552108765,34956
14.788544654846191,34956
14.789036750793457,34956
14.789531469345093,34956
14.790018081665039,34956
14.790520191192627,34956
14.791011333465576,34956
14.791501998901367,34956
14.791988134384155,34956
14.792487621307373,34956
14.792972803115845,34956
14.79347562789917,34956
14.793953657150269,34956
14.794451713562012,34956
14.794934511184692,34956
14.795424461364746,34956
14.79590916633606,34956
14.796417474746704,34956
14.796905994415283,34956
14.797393798828125,34956
14.797879695892334,34956
14.7983717918396,34956
14.798850297927856,34956
14.7993483543396,34956
14.799830675125122,34956
14.800324201583862,34956
14.800803422927856,34956
14.801294088363647,34956
14.801783323287964,34956
14.802273988723755,34956
14.802756786346436,34956
14.803247451782227,34956
14.803733825683594,34956
14.80422043800354,34956
14.804710388183594,34956
14.805193901062012,34956
14.805680274963379,34956
14.806171417236328,34956
14.80668044090271,34956
14.807162046432495,34956
14.807653188705444,34956
14.808137655258179,34956
14.808629751205444,34956
14.809104681015015,34956
14.809597969055176,34956
14.810084104537964,34956
14.810581684112549,34956
14.811059474945068,34956
14.811554908752441,34956
14.812039852142334,34956
14.81253433227539,34956
14.813016653060913,34956
14.813508987426758,34956
14.81399416923523,34956
14.814487934112549,34956
14.81497573852539,34956
14.815460443496704,34956
14.815950870513916,34956
14.816453456878662,34956
14.816935539245605,34956
14.817426681518555,34956
14.817911148071289,34956
14.818403720855713,34956
14.818886280059814,34956
14.819376468658447,34956
14.819867849349976,34956
14.820358276367188,34956
14.820842027664185,34956
14.82133412361145,34956
14.821818351745605,34956
14.822318077087402,34956
14.82280945777893,34956
14.823301553726196,34956
14.823788404464722,34956
14.82427167892456,34956
14.824755907058716,34956
14.82523798942566,34956
14.825731754302979,34956
14.826217651367188,34956
14.82671308517456,34956
14.827204704284668,34956
14.827706813812256,34956
14.82819414138794,34956
14.828696489334106,34956
14.829174280166626,34956
14.82967209815979,34956
14.830161571502686,34956
14.830684661865234,34956
14.831172466278076,34956
14.8316650390625,34956
14.832151889801025,34956
14.832655429840088,34956
14.833128690719604,34956
14.833631753921509,34956
14.834118127822876,34956
14.834615468978882,34956
14.835089206695557,34956
14.835583925247192,34956
14.836065769195557,34956
14.836578845977783,34956
14.837071180343628,34956
14.837591171264648,34956
14.83807921409607,34956
14.838574886322021,34956
14.839066743850708,34956
14.83955693244934,34956
14.840041399002075,34956
14.840535163879395,34956
14.841025352478027,34956
14.841523885726929,34956
14.842007875442505,34956
14.842506170272827,34956
14.84299111366272,34956
14.843492984771729,34956
14.843975067138672,34956
14.84449553489685,34956
14.84498405456543,34956
14.84548020362854,34956
14.84596562385559,34956
14.846463918685913,34956
14.846957683563232,34956
14.84744381904602,34956
14.847922563552856,34956
14.84841012954712,34956
14.848892450332642,34956
14.84939169883728,34956
14.849883079528809,34956
14.850373983383179,34956
14.850858688354492,34956
14.851355791091919,34956
14.851837873458862,34956
14.85232663154602,34956
14.852816104888916,34956
14.853310346603394,34956
14.853796005249023,34956
14.854289770126343,34956
14.854773044586182,34956
14.855264902114868,34956
14.855753898620605,34956
14.856252431869507,34956
14.856745958328247,34956
14.857237339019775,34956
14.857728719711304,34956
14.858203887939453,34956
14.858702659606934,34956
14.859189510345459,34956
14.859689712524414,34956
14.860174655914307,34956
14.86066746711731,34956
14.861140966415405,34956
14.861637115478516,34956
14.86212968826294,34956
14.862622737884521,34956
14.863109827041626,34956
14.863603353500366,34956
14.864082336425781,34956
14.864575862884521,34956
14.865071058273315,34956
14.865569114685059,34956
14.866052389144897,34956
14.866563081741333,34956
14.867055177688599,34956
14.8675537109375,34956
14.86804723739624,34956
14.868546485900879,34956
14.869037389755249,34956
14.86954379081726,34956
14.87002944946289,34956
14.870530128479004,34956
14.871017456054688,34956
14.871516466140747,34956
14.872004985809326,34956
14.872498512268066,34956
14.872987508773804,34956
14.87348484992981,34956
14.873971700668335,34956
14.874476432800293,34956
14.87496304512024,34956
14.875452995300293,34956
14.875935792922974,34956
14.87643837928772,34956
14.876921892166138,34956
14.877413034439087,34956
14.877894401550293,34956
14.878390789031982,34956
14.878864049911499,34956
14.879349708557129,34956
14.879835367202759,34956
14.880338430404663,34956
14.8808274269104,34956
14.881324291229248,34956
14.881813526153564,34956
14.882294654846191,34956
14.882778644561768,34956
14.88327145576477,34956
14.883758544921875,34956
14.884236335754395,34956
14.88472843170166,34956
14.885210037231445,34956
14.88571047782898,34956
14.886193752288818,34956
14.886701107025146,34956
14.887184619903564,34956
14.887680768966675,34956
14.888173341751099,34956
14.888665199279785,34956
14.889143943786621,34956
14.889636039733887,34956
14.890127420425415,34956
14.890623807907104,34956
14.891110897064209,34956
14.89160943031311,34956
14.892093420028687,34956
14.892588376998901,34956
14.893071413040161,34956
14.893570899963379,34956
14.894052743911743,34956
14.89454698562622,34956
14.89503264427185,34956
14.8955237865448,34956
14.89600682258606,34956
14.89650583267212,34956
14.896984577178955,34956
14.897485733032227,34956
14.897977352142334,34956
14.898462295532227,34956
14.898948431015015,34956
14.89943790435791,34956
14.899922609329224,34956
14.900420427322388,34956
14.900906801223755,34956
14.901392459869385,34956
14.901877403259277,34956
14.902367115020752,34956
14.90285611152649,34956
14.903351068496704,34956
14.903839111328125,34956
14.904324769973755,34956
14.904809713363647,34956
14.905301332473755,34956
14.905789375305176,34956
14.906294107437134,34956
14.906784296035767,34956
14.907276630401611,34956
14.907759428024292,34956
14.908247947692871,34956
14.908730030059814,34956
14.909223079681396,34956
14.909716606140137,34956
14.910192251205444,34956
14.910690069198608,34956
14.911172866821289,34956
14.91167163848877,34956
14.912150621414185,34956
14.912644624710083,34956
14.913124799728394,34956
14.913617849349976,34956
14.914100408554077,34956
14.91458511352539,34956
14.915074348449707,34956
14.91557240486145,34956
14.916059970855713,34956
14.916569709777832,34956
14.917052268981934,34956
14.917552471160889,34956
14.91804051399231,34956
14.91854190826416,34956
14.919030904769897,34956
14.919532537460327,34956
14.92001724243164,34956
14.920502424240112,34956
14.920988082885742,34956
14.921488761901855,34956
14.92197871208191,34956
14.9224693775177,34956
14.922953844070435,34956
14.9234459400177,34956
14.92393970489502,34956
14.924418687820435,34956
14.924891948699951,34956
14.925391435623169,34956
14.925878047943115,34956
14.926378726959229,34956
14.926861047744751,34956
14.927359342575073,34956
14.927842140197754,34956
14.928329229354858,34956
14.928813695907593,34956
14.92930293083191,34956
14.929786682128906,34956
14.930282354354858,34956
14.930771589279175,34956
14.931267738342285,34956
14.931761741638184,34956
14.932246685028076,34956
14.932739496231079,34956
14.933224201202393,34956
14.933719635009766,34956
14.934203386306763,34956
14.934693098068237,34956
14.935176610946655,34956
14.935665845870972,34956
14.936157941818237,34956
14.936661958694458,34956
14.937147855758667,34956
14.937636613845825,34956
14.93811845779419,34956
14.938616514205933,34956
14.939098358154297,34956
14.93959379196167,34956
14.940072298049927,34956
14.940572738647461,34956
14.941059350967407,34956
14.941553354263306,34956
14.942036867141724,34956
14.942525386810303,34956
14.943015336990356,34956
14.943509817123413,34956
14.94399118423462,34956
14.944488525390625,34956
14.944980382919312,34956
14.94548225402832,34956
14.945958137512207,34956
14.94645643234253,34956
14.946935176849365,34956
14.94742751121521,34956
14.947911262512207,34956
14.948405742645264,34956
14.948890686035156,34956
14.949376106262207,34956
14.94986629486084,34956
14.950361967086792,34956
14.950837850570679,34956
14.951322555541992,34956
14.951803207397461,34956
14.952305316925049,34956
14.952791690826416,34956
14.953288316726685,34956
14.953781604766846,34956
14.954282760620117,34956
14.9547700881958,34956
14.955259799957275,34956
14.955752611160278,34956
14.9562509059906,34956
14.956747055053711,34956
14.957221031188965,34956
14.957722902297974,34956
14.95820927619934,34956
14.958700895309448,34956
14.959183692932129,34956
14.959673643112183,34956
14.960152864456177,34956
14.960647821426392,34956
14.961138248443604,34956
14.961634635925293,34956
14.962124347686768,34956
14.96260690689087,34956
14.963088035583496,34956
14.963578224182129,34956
14.964061260223389,34956
14.964563131332397,34956
14.965051174163818,34956
14.965556144714355,34956
14.966038703918457,34956
14.966555833816528,34956
14.967045545578003,34956
14.96755313873291,34956
14.968042850494385,34956
14.968545913696289,34956
14.969034194946289,34956
14.969534158706665,34956
14.970005512237549,34956
14.970499992370605,34956
14.97098708152771,34956
14.971482276916504,34956
14.97197413444519,34956
14.972467184066772,34956
14.97294545173645,34956
14.973442077636719,34956
14.973924160003662,34956
14.974422216415405,34956
14.97490406036377,34956
14.975397825241089,34956
14.975880146026611,34956
14.976374864578247,34956
14.976860284805298,34956
14.977349281311035,34956
14.977828741073608,34956
14.978312015533447,34956
14.978796482086182,34956
14.979291200637817,34956
14.979784488677979,34956
14.98027753829956,34956
14.980769634246826,34956
14.981249332427979,34956
14.981735706329346,34956
14.98221755027771,34956
14.98270320892334,34956
14.983186483383179,34956
14.983684778213501,34956
14.984172821044922,34956
14.984659433364868,34956
14.985151529312134,34956
14.985639810562134,34956
14.986122608184814,34956
14.986626863479614,34956
14.98711109161377,34956
14.987604856491089,34956
14.988088130950928,34956
14.988580703735352,34956
14.989071607589722,34956
14.989566087722778,34956
14.990058660507202,34956
14.990554094314575,34956
14.991039276123047,34956
14.991543054580688,34956
14.992035150527954,34956
14.992528915405273,34956
14.993017196655273,34956
14.993512630462646,34956
14.993997812271118,34956
14.994494199752808,34956
14.994977712631226,34956
14.995474576950073,34956
14.99595856666565,34956
14.996464967727661,34956
14.996954679489136,34956
14.997443675994873,34956
14.997936725616455,34956
14.998430490493774,34956
14.998917579650879,34956
14.999409198760986,34956
14.999897480010986,34956
15.000393390655518,34956
15.000874996185303,34956
15.001369953155518,34956
15.001853227615356,34956
15.002347946166992,34956
15.00284194946289,34956
15.003339052200317,34956
15.003820419311523,34956
15.004317998886108,34956
15.004804134368896,34956
15.005296468734741,34956
15.005789041519165,34956
15.006279468536377,34956
15.00675344467163,34956
15.007254838943481,34956
15.007744073867798,34956
15.008232831954956,34956
15.008723974227905,34956
15.009214401245117,34956
15.009705781936646,34956
15.010189294815063,34956
15.010681867599487,34956
15.011165857315063,34956
15.0116605758667,34956
15.012153148651123,34956
15.012651205062866,34956
15.013136148452759,34956
15.01362943649292,34956
15.01412582397461,34956
15.014623403549194,34956
15.015114307403564,34956
15.015608310699463,34956
15.016096591949463,34956
15.016599655151367,34956
15.017088413238525,34956
15.017590284347534,34956
15.018078327178955,34956
15.018572568893433,34956
15.019060850143433,34956
15.019550561904907,34956
15.02003812789917,34956
15.020542621612549,34956
15.021018743515015,34956
15.021511316299438,34956
15.021994590759277,34956
15.022500276565552,34956
15.022984743118286,34956
15.023483037948608,34956
15.023957967758179,34956
15.024456262588501,34956
15.024948596954346,34956
15.025441408157349,34956
15.025914907455444,34956
15.026412963867188,34956
15.026899576187134,34956
15.027392625808716,34956
15.027875423431396,34956
15.028367757797241,34956
15.028850317001343,34956
15.029340267181396,34956
15.029830694198608,34956
15.030327320098877,34956
15.030811548233032,34956
15.03131365776062,34956
15.031787872314453,34956
15.032280445098877,34956
15.032767057418823,34956
15.033262729644775,34956
15.033744812011719,34956
15.034225463867188,34956
15.034712553024292,34956
15.035199880599976,34956
15.035689115524292,34956
15.036168813705444,34956
15.036670207977295,34956
15.037157773971558,34956
15.037641763687134,34956
15.038127899169922,34956
15.038626194000244,34956
15.039106845855713,34956
15.039604902267456,34956
15.040088891983032,34956
15.040585994720459,34956
15.041069984436035,34956
15.041565179824829,34956
15.042043447494507,34956
15.042533159255981,34956
15.043022394180298,34956
15.043520450592041,34956
15.043994903564453,34956
15.044493913650513,34956
15.044976949691772,34956
15.045470952987671,34956
15.045960187911987,34956
15.046462535858154,34956
15.046948194503784,34956
15.047444820404053,34956
15.047932147979736,34956
15.048424482345581,34956
15.048909187316895,34956
15.049410581588745,34956
15.04990553855896,34956
15.050394773483276,34956
15.050872564315796,34956
15.051367998123169,34956
15.051851034164429,34956
15.052412509918213,34956
15.05326795578003,34956
15.054137706756592,34956
15.054997444152832,34956
15.05585527420044,34956
15.056715250015259,34956
15.057543754577637,34956
15.058384418487549,34956
15.059226989746094,34956
15.060098648071289,34956
15.060941934585571,34956
15.061784744262695,34956
15.062632322311401,34956
15.063391208648682,34956
15.063875675201416,34956
15.064368724822998,34956
15.06484842300415,34956
15.06534481048584,34956
15.065827369689941,34956
15.066325664520264,34956
15.066816568374634,34956
15.06730842590332,34956
15.067790985107422,34956
15.06829047203064,34956
15.068783044815063,34956
15.06927490234375,34956
15.069764375686646,34956
15.070266008377075,34956
15.07075023651123,34956
15.071233034133911,34956
15.071727752685547,34956
15.072213888168335,34956
15.072711706161499,34956
15.073198318481445,34956
15.073699712753296,34956
15.074187755584717,34956
15.074679613113403,34956
15.075168132781982,34956
15.075661897659302,34956
15.076155424118042,34956
15.076654434204102,34956
15.077139854431152,34956
15.077636003494263,34956
15.078125,34956
15.078621864318848,34956
15.079102039337158,34956
15.079596281051636,34956
15.080088376998901,34956
15.080582857131958,34956
15.081069469451904,34956
15.081570386886597,34956
15.082061767578125,34956
15.082566738128662,34956
15.083058595657349,34956
15.08355712890625,34956
15.084041357040405,34956
15.084545612335205,34956
15.085032939910889,34956
15.08552861213684,34956
15.086014986038208,34956
15.086523294448853,34956
15.087006330490112,34956
15.087501764297485,34956
15.08799123764038,34956
15.088495254516602,34956
15.088981628417969,34956
15.089480876922607,34956
15.089972972869873,34956
15.090471982955933,34956
15.090948581695557,34956
15.091438055038452,34956
15.091927528381348,34956
15.092419862747192,34956
15.092909812927246,34956
15.093403339385986,34956
15.093888282775879,34956
15.09438419342041,34956
15.09486436843872,34956
15.095362901687622,34956
15.09585976600647,34956
15.096359252929688,34956
15.09684157371521,34956
15.097339630126953,34956
15.097830533981323,34956
15.0983304977417,34956
15.098816156387329,34956
15.099311351776123,34956
15.099803447723389,34956
15.100294828414917,34956
15.100775957107544,34956
15.101274490356445,34956
15.101762294769287,34956
15.102264642715454,34956
15.10275149345398,34956
15.10323190689087,34956
15.103723049163818,34956
15.104207515716553,34956
15.104694366455078,34956
15.105180978775024,34956
15.105672597885132,34956
15.106152772903442,34956
15.10664987564087,34956
15.107133865356445,34956
15.10762906074524,34956
15.108118295669556,34956
15.10861349105835,34956
15.109087467193604,34956
15.109583377838135,34956
15.11006784439087,34956
15.110562324523926,34956
15.111050367355347,34956
15.11154818534851,34956
15.11202883720398,34956
15.112525701522827,34956
15.113013744354248,34956
15.113501071929932,34956
15.113980770111084,34956
15.114476203918457,34956
15.114956855773926,34956
15.115458488464355,34956
15.115932941436768,34956
15.116425037384033,34956
15.116918563842773,34956
15.117420196533203,34956
15.117907285690308,34956
15.11840271949768,34956
15.118885517120361,34956
15.119378805160522,34956
15.11987018585205,34956
15.120364904403687,34956
15.120855569839478,34956
15.121348142623901,34956
15.121824979782104,34956
15.122308015823364,34956
15.122786283493042,34956
15.123281478881836,34956
15.123762845993042,34956
15.124252080917358,34956
15.124741315841675,34956
15.125228643417358,34956
15.125719785690308,34956
15.126195907592773,34956
15.126696348190308,34956
15.127192258834839,34956
15.12769103050232,34956
15.128185510635376,34956
15.128683090209961,34956
15.129172801971436,34956
15.129665851593018,34956
15.130156755447388,34956
15.130656242370605,34956
15.13113284111023,34956
15.131625413894653,34956
15.13210916519165,34956
15.132596731185913,34956
15.133076906204224,34956
15.133578300476074,34956
15.134057760238647,34956
15.134543895721436,34956
15.135024785995483,34956
15.13551378250122,34956
15.135998249053955,34956
15.136507511138916,34956
15.13699197769165,34956
15.137487888336182,34956
15.137975931167603,34956
15.138474941253662,34956
15.138959169387817,34956
15.139447927474976,34956
15.139941930770874,34956
15.140444040298462,34956
15.140923261642456,34956
15.141410827636719,34956
15.141901969909668,34956
15.142395734786987,34956
15.14287805557251,34956
15.1433744430542,34956
15.143859624862671,34956
15.144352197647095,34956
15.144835948944092,34956
15.145338773727417,34956
15.145824909210205,34956
15.14633321762085,34956
15.146821737289429,34956
15.147315740585327,34956
15.14780569076538,34956
15.148300170898438,34956
15.148788213729858,34956
15.149282217025757,34956
15.149773120880127,34956
15.150276899337769,34956
15.150755167007446,34956
15.151252508163452,34956
15.1517333984375,34956
15.152217626571655,34956
15.152717113494873,34956
15.153202056884766,34956
15.15369462966919,34956
15.154178857803345,34956
15.15467381477356,34956
15.155159950256348,34956
15.155655860900879,34956
15.156149864196777,34956
15.15664529800415,34956
15.15713357925415,34956
15.157623052597046,34956
15.158113956451416,34956
15.158610820770264,34956
15.159092903137207,34956
15.159595727920532,34956
15.16006875038147,34956
15.160563230514526,34956
15.161044359207153,34956
15.161538124084473,34956
15.162010669708252,34956
15.162504434585571,34956
15.162992477416992,34956
15.163493633270264,34956
15.163986206054688,34956
15.164488315582275,34956
15.164977550506592,34956
15.1654794216156,34956
15.165966510772705,34956
15.166466474533081,34956
15.166939973831177,34956
15.167444944381714,34956
15.167933940887451,34956
15.168426275253296,34956
15.16891360282898,34956
15.169411659240723,34956
15.169908285140991,34956
15.170396327972412,34956
15.170885562896729,34956
15.171384572982788,34956
15.17186427116394,34956
15.172358751296997,34956
15.172834634780884,34956
15.17332410812378,34956
15.173803567886353,34956
15.174289226531982,34956
15.174773931503296,34956
15.175270795822144,34956
15.175753116607666,34956
15.176254987716675,34956
15.176734209060669,34956
15.177219152450562,34956
15.177721738815308,34956
15.178211450576782,34956
15.178695440292358,34956
15.179185152053833,34956
15.179677963256836,34956
15.180162191390991,34956
15.180658340454102,34956
15.181132555007935,34956
15.181628942489624,34956
15.182112455368042,34956
15.182613611221313,34956
15.183099746704102,34956
15.183598518371582,34956
15.184078931808472,34956
15.18457293510437,34956
15.185064554214478,34956
15.185556411743164,34956
15.186043739318848,34956
15.186549186706543,34956
15.187033414840698,34956
15.187530517578125,34956
15.188023090362549,34956
15.188522338867188,34956
15.189011335372925,34956
15.189505577087402,34956
15.189997911453247,34956
15.190501689910889,34956
15.190984964370728,34956
15.191481590270996,34956
15.191956043243408,34956
15.192449808120728,34956
15.192935228347778,34956
15.193436622619629,34956
15.193920612335205,34956
15.19440245628357,34956
15.194889307022095,34956
15.195383310317993,34956
15.195870637893677,34956
15.196361541748047,34956
15.196847200393677,34956
15.197339296340942,34956
15.197829008102417,34956
15.198324203491211,34956
15.198802709579468,34956
15.19929027557373,34956
15.199774265289307,34956
15.200265169143677,34956
15.200747728347778,34956
15.201234579086304,34956
15.201725721359253,34956
15.202215194702148,34956
15.202703475952148,34956
15.203184366226196,34956
15.203678369522095,34956
15.204164266586304,34956
15.204650163650513,34956
15.205130100250244,34956
15.205620765686035,34956
15.206095695495605,34956
15.206602334976196,34956
15.20708680152893,34956
15.207582235336304,34956
15.208071231842041,34956
15.208563804626465,34956
15.209051370620728,34956
15.20954942703247,34956
15.210038423538208,34956
15.210521459579468,34956
15.211013555526733,34956
15.211504697799683,34956
15.211987733840942,34956
15.212483167648315,34956
15.212962865829468,34956
15.213465213775635,34956
15.21395230293274,34956
15.214452743530273,34956
15.214930772781372,34956
15.215411186218262,34956
15.21590542793274,34956
15.216410875320435,34956
15.2169029712677,34956
15.2173912525177,34956
15.21788763999939,34956
15.218383312225342,34956
15.218867063522339,34956
15.21935224533081,34956
15.219840288162231,34956
15.220335721969604,34956
15.220825672149658,34956
15.221325159072876,34956
15.221810817718506,34956
15.222300052642822,34956
15.222782850265503,34956
15.22328233718872,34956
15.223766326904297,34956
15.224263191223145,34956
15.224748849868774,34956
15.22523832321167,34956
15.22573471069336,34956
15.226223945617676,34956
15.226725816726685,34956
15.227208375930786,34956
15.227705001831055,34956
15.228191614151001,34956
15.228682518005371,34956
15.22916316986084,34956
15.229662418365479,34956
15.230146169662476,34956
15.230639219284058,34956
15.23112177848816,34956
15.23162055015564,34956
15.232107162475586,34956
15.23259973526001,34956
15.23309063911438,34956
15.23359227180481,34956
15.234075546264648,34956
15.23456859588623,34956
15.235054731369019,34956
15.235546827316284,34956
15.236027717590332,34956
15.236541748046875,34956
15.23702359199524,34956
15.237514019012451,34956
15.238008499145508,34956
15.238501787185669,34956
15.238982677459717,34956
15.239472389221191,34956
15.239956855773926,34956
15.240453481674194,34956
15.240933895111084,34956
15.241425275802612,34956
15.241913318634033,34956
15.242406606674194,34956
15.24289321899414,34956
15.24337649345398,34956
15.243854522705078,34956
15.244352102279663,34956
15.244845151901245,34956
15.245340347290039,34956
15.245827198028564,34956
15.246335983276367,34956
15.246816873550415,34956
15.247312307357788,34956
15.247797966003418,34956
15.248286485671997,34956
15.248765468597412,34956
15.24926233291626,34956
15.249747276306152,34956
15.250227212905884,34956
15.250713348388672,34956
15.25119686126709,34956
15.251694202423096,34956
15.25218677520752,34956
15.25268292427063,34956
15.253169536590576,34956
15.25365662574768,34956
15.254141330718994,34956
15.254637241363525,34956
15.255115985870361,34956
15.255606651306152,34956
15.256092309951782,34956
15.256600856781006,34956
15.257089376449585,34956
15.25758695602417,34956
15.258068561553955,34956
15.258564233779907,34956
15.25905442237854,34956
15.259538173675537,34956
15.26002550125122,34956
15.260529041290283,34956
15.26100778579712,34956
15.261494636535645,34956
15.261977195739746,34956
15.262470006942749,34956
15.262961387634277,34956
15.263455629348755,34956
15.263943195343018,34956
15.264434099197388,34956
15.264923572540283,34956
15.265411376953125,34956
15.265901565551758,34956
15.266393184661865,34956
15.266878843307495,34956
15.267375469207764,34956
15.267866373062134,34956
15.268361330032349,34956
15.268842935562134,34956
15.269327640533447,34956
15.269816875457764,34956
15.270300149917603,34956
15.27078914642334,34956
15.271286010742188,34956
15.271770477294922,34956
15.272268533706665,34956
15.272762060165405,34956
15.273265838623047,34956
15.273747444152832,34956
15.274234771728516,34956
15.2747323513031,34956
15.275214672088623,34956
15.275710821151733,34956
15.276190042495728,34956
15.276691436767578,34956
15.277173519134521,34956
15.277665853500366,34956
15.27814793586731,34956
15.278647184371948,34956
15.27913236618042,34956
15.279634714126587,34956
15.28011703491211,34956
15.280609846115112,34956
15.281095027923584,34956
15.281580448150635,34956
15.282065868377686,34956
15.282549858093262,34956
15.28303861618042,34956
15.283524513244629,34956
15.284016370773315,34956
15.284516096115112,34956
15.284997701644897,34956
15.285494327545166,34956
15.285975933074951,34956
15.28648591041565,34956
15.286976099014282,34956
15.28747034072876,34956
15.287959575653076,34956
15.28845500946045,34956
15.288942337036133,34956
15.289433717727661,34956
15.289921283721924,34956
15.290411710739136,34956
15.290892839431763,34956
15.29138708114624,34956
15.291863918304443,34956
15.292366027832031,34956
15.292845964431763,34956
15.293336868286133,34956
15.293814659118652,34956
15.294314861297607,34956
15.294797420501709,34956
15.295292615890503,34956
15.29577898979187,34956
15.296283960342407,34956
15.29677963256836,34956
15.297276973724365,34956
15.297766923904419,34956
15.29825234413147,34956
15.298744916915894,34956
15.299229621887207,34956
15.299729585647583,34956
15.300213098526001,34956
15.300695896148682,34956
15.30118465423584,34956
15.30167818069458,34956
15.302162885665894,34956
15.30265760421753,34956
15.303143501281738,34956
15.303640365600586,34956
15.30413007736206,34956
15.3046133518219,34956
15.305107116699219,34956
15.305609703063965,34956
15.306094408035278,34956
15.306596517562866,34956
15.30708384513855,34956
15.307577848434448,34956
15.308059930801392,34956
15.30855417251587,34956
15.309043645858765,34956
15.309535264968872,34956
15.310018301010132,34956
15.310511350631714,34956
15.311005353927612,34956
15.311500310897827,34956
15.311990976333618,34956
15.31248950958252,34956
15.312981843948364,34956
15.313472032546997,34956
15.313960552215576,34956
15.314459562301636,34956
15.314939737319946,34956
15.31544017791748,34956
15.315926790237427,34956
15.316428661346436,34956
15.316914796829224,34956
15.31740117073059,34956
15.317882299423218,34956
15.31838345527649,34956
15.318875789642334,34956
15.319365978240967,34956
15.319847106933594,34956
15.320342063903809,34956
15.320836544036865,34956
15.321331262588501,34956
15.32181978225708,34956
15.322317123413086,34956
15.32279658317566,34956
15.323288679122925,34956
15.323766946792603,34956
15.324258089065552,34956
15.324742555618286,34956
15.325226306915283,34956
15.325718879699707,34956
15.32620120048523,34956
15.326707363128662,34956
15.327186107635498,34956
15.327677488327026,34956
15.328170776367188,34956
15.328662872314453,34956
15.32914400100708,34956
15.329627513885498,34956
15.330110311508179,34956
15.330606698989868,34956
15.331092357635498,34956
15.331587791442871,34956
15.33207392692566,34956
15.33257269859314,34956
15.333054065704346,34956
15.333548307418823,34956
15.334037065505981,34956
15.3345308303833,34956
15.335025310516357,34956
15.335523843765259,34956
15.336007595062256,34956
15.336507081985474,34956
15.336997032165527,34956
15.337499856948853,34956
15.337988376617432,34956
15.338481664657593,34956
15.338971853256226,34956
15.339468240737915,34956
15.339955806732178,34956
15.340442895889282,34956
15.340919017791748,34956
15.341410160064697,34956
15.341894388198853,34956
15.342381477355957,34956
15.342860460281372,34956
15.343350648880005,34956
15.343841314315796,34956
15.344336986541748,34956
15.34481930732727,34956
15.345311641693115,34956
15.345793962478638,34956
15.346302032470703,34956
15.346784353256226,34956
15.347275018692017,34956
15.347763061523438,34956
15.348249197006226,34956
15.34873342514038,34956
15.349222898483276,34956
15.349719285964966,34956
15.350203275680542,34956
15.350693464279175,34956
15.351181983947754,34956
15.351669311523438,34956
15.352155923843384,34956
15.352642059326172,34956
15.353131532669067,34956
15.353631019592285,34956
15.354118585586548,34956
15.354600429534912,34956
15.355087280273438,34956
15.355584383010864,34956
15.35606050491333,34956
15.356564283370972,34956
15.357052326202393,34956
15.357550382614136,34956
15.358029127120972,34956
15.358530282974243,34956
15.359013795852661,34956
15.359511375427246,34956
15.359989881515503,34956
15.360487461090088,34956
15.360978364944458,34956
15.361473798751831,34956
15.361963987350464,34956
15.362464427947998,34956
15.362935543060303,34956
15.363430976867676,34956
15.363917112350464,34956
15.364413261413574,34956
15.364896059036255,34956
15.36539101600647,34956
15.365875005722046,34956
15.366366863250732,34956
15.366846561431885,34956
15.367335081100464,34956
15.367817401885986,34956
15.368304252624512,34956
15.368788719177246,34956
15.369273900985718,34956
15.369755983352661,34956
15.370234251022339,34956
15.370725393295288,34956
15.371206283569336,34956
15.371705770492554,34956
15.372183799743652,34956
15.372679233551025,34956
15.373170614242554,34956
15.373667001724243,34956
15.374153852462769,34956
15.374644994735718,34956
15.375117778778076,34956
15.375616312026978,34956
15.376092433929443,34956
15.376590967178345,34956
15.37707805633545,34956
15.37757134437561,34956
15.378052949905396,34956
15.378561973571777,34956
15.379035949707031,34956
15.379533052444458,34956
15.38001298904419,34956
15.380497455596924,34956
15.38097596168518,34956
15.381471157073975,34956
15.381953477859497,34956
15.382446765899658,34956
15.382930994033813,34956
15.383431911468506,34956
15.383919715881348,34956
15.384405612945557,34956
15.384894371032715,34956
15.385396718978882,34956
15.385878086090088,34956
15.386373281478882,34956
15.386854887008667,34956
15.387340068817139,34956
15.387828350067139,34956
15.388315439224243,34956
15.388797760009766,34956
15.389285802841187,34956
15.389776468276978,34956
15.390270471572876,34956
15.39075517654419,34956
15.39124608039856,34956
15.39173150062561,34956
15.392218828201294,34956
15.392701864242554,34956
15.393182516098022,34956
15.393675327301025,34956
15.39416241645813,34956
15.394643306732178,34956
15.395130634307861,34956
15.395623445510864,34956
15.396101474761963,34956
15.396605491638184,34956
15.397092819213867,34956
15.397592306137085,34956
15.39807415008545,34956
15.398571729660034,34956
15.399063110351562,34956
15.39955472946167,34956
15.400035858154297,34956
15.400529384613037,34956
15.401018857955933,34956
15.40151858329773,34956
15.402003765106201,34956
15.402506589889526,34956
15.402993202209473,34956
15.403492450714111,34956
15.403965473175049,34956
15.404467344284058,34956
15.404949188232422,34956
15.405433416366577,34956
15.405914783477783,34956
15.406413555145264,34956
15.40690541267395,34956
15.407395362854004,34956
15.407880067825317,34956
15.40837836265564,34956
15.408861875534058,34956
15.409352779388428,34956
15.409838676452637,34956
15.410330057144165,34956
15.410811424255371,34956
15.41130781173706,34956
15.411781549453735,34956
15.412264108657837,34956
15.412753820419312,34956
15.41323733329773,34956
15.413732767105103,34956
15.4142165184021,34956
15.414712190628052,34956
15.415194511413574,34956
15.41569471359253,34956
15.416180849075317,34956
15.416682243347168,34956
15.417172908782959,34956
15.417669534683228,34956
15.418155670166016,34956
15.4186532497406,34956
15.4191415309906,34956
15.419639587402344,34956
15.420132875442505,34956
15.420631647109985,34956
15.421115159988403,34956
15.421605825424194,34956
15.422090291976929,34956
15.422573566436768,34956
15.423051118850708,34956
15.423548698425293,34956
15.424028158187866,34956
15.424523115158081,34956
15.425008058547974,34956
15.425508260726929,34956
15.425997495651245,34956
15.426507949829102,34956
15.42699909210205,34956
15.42749547958374,34956
15.427974700927734,34956
15.428469181060791,34956
15.428958415985107,34956
15.429454803466797,34956
15.429927349090576,34956
15.43042278289795,34956
15.430906772613525,34956
15.431401014328003,34956
15.43189001083374,34956
15.432382345199585,34956
15.432872772216797,34956
15.433369874954224,34956
15.433857679367065,34956
15.434347152709961,34956
15.434831619262695,34956
15.43531608581543,34956
15.435792922973633,34956
15.43629264831543,34956
15.436784505844116,34956
15.437273740768433,34956
15.437761545181274,34956
15.438250064849854,34956
15.438732862472534,34956
15.439211130142212,34956
15.439702272415161,34956
15.440176248550415,34956
15.440664052963257,34956
15.441150665283203,34956
15.44165325164795,34956
15.442140102386475,34956
15.442636966705322,34956
15.443120002746582,34956
15.443609714508057,34956
15.444096326828003,34956
15.444591045379639,34956
15.445080757141113,34956
15.445580005645752,34956
15.446068048477173,34956
15.446573972702026,34956
15.447058200836182,34956
15.447561502456665,34956
15.448049306869507,34956
15.448545217514038,34956
15.449023723602295,34956
15.449524641036987,34956
15.450008869171143,34956
15.45051121711731,34956
15.45099425315857,34956
15.451486825942993,34956
15.451972961425781,34956
15.452467203140259,34956
15.452952146530151,34956
15.453442096710205,34956
15.453916072845459,34956
15.454413414001465,34956
15.454901456832886,34956
15.455382585525513,34956
15.455866813659668,34956
15.45637059211731,34956
15.456863403320312,34956
15.45736312866211,34956
15.457850217819214,34956
15.458339214324951,34956
15.458819150924683,34956
15.459312438964844,34956
15.45980191230774,34956
15.46030569076538,34956
15.460785865783691,34956
15.461281061172485,34956
15.461765766143799,34956
15.462255239486694,34956
15.46274447441101,34956
15.463222980499268,34956
15.463724374771118,34956
15.464210271835327,34956
15.46471118927002,34956
15.465199947357178,34956
15.465696573257446,34956
15.466172218322754,34956
15.46667766571045,34956
15.467170000076294,34956
15.46766710281372,34956
15.4681556224823,34956
15.468645572662354,34956
15.46912693977356,34956
15.46961760520935,34956
15.47009539604187,34956
15.47058916091919,34956
15.471076965332031,34956
15.471575498580933,34956
15.472057580947876,34956
15.47255802154541,34956
15.473043441772461,34956
15.47354507446289,34956
15.474029779434204,34956
15.474519491195679,34956
15.474995851516724,34956
15.47548508644104,34956
15.475975751876831,34956
15.476484298706055,34956
15.476964473724365,34956
15.477455377578735,34956
15.477937936782837,34956
15.47843599319458,34956
15.478914737701416,34956
15.479406595230103,34956
15.47989296913147,34956
15.480388879776001,34956
15.480875015258789,34956
15.481372356414795,34956
15.481856107711792,34956
15.482345342636108,34956
15.482834577560425,34956
15.483324527740479,34956
15.483810663223267,34956
15.48430871963501,34956
15.4847993850708,34956
15.485288619995117,34956
15.485772609710693,34956
15.486271142959595,34956
15.486762046813965,34956
15.48725938796997,34956
15.48775029182434,34956
15.488234519958496,34956
15.488717555999756,34956
15.489197731018066,34956
15.48969292640686,34956
15.490179777145386,34956
15.490680456161499,34956
15.491170167922974,34956
15.491662979125977,34956
15.492147445678711,34956
15.49264121055603,34956
15.493123769760132,34956
15.493617296218872,34956
15.494096755981445,34956
15.49458122253418,34956
15.49506163597107,34956
15.495554447174072,34956
15.496034145355225,34956
15.496539831161499,34956
15.497030019760132,34956
15.497529029846191,34956
15.498015403747559,34956
15.498518466949463,34956
15.499009132385254,34956
15.499510049819946,34956
15.499992847442627,34956
15.500487804412842,34956
15.500977039337158,34956
15.501474618911743,34956
15.501949787139893,34956
15.502431869506836,34956
15.50292158126831,34956
15.503410339355469,34956
15.503902673721313,34956
15.50439977645874,34956
15.504883289337158,34956
15.505369186401367,34956
15.50585150718689,34956
15.50635814666748,34956
15.506843566894531,34956
15.507330179214478,34956
15.507813453674316,34956
15.508303880691528,34956
15.508791208267212,34956
15.509284734725952,34956
15.50977373123169,34956
15.510269165039062,34956
15.510751485824585,34956
15.511253118515015,34956
15.511740446090698,34956
15.512221097946167,34956
15.512719869613647,34956
15.51320505142212,34956
15.513696432113647,34956
15.51418924331665,34956
15.514678716659546,34956
15.515163660049438,34956
15.515663385391235,34956
15.516146898269653,34956
15.516657590866089,34956
15.517146348953247,34956
15.517641067504883,34956
15.51813006401062,34956
15.518617868423462,34956
15.519115447998047,34956
15.519612073898315,34956
15.520084619522095,34956
15.520585775375366,34956
15.52106785774231,34956
15.521574020385742,34956
15.522062540054321,34956
15.522555112838745,34956
15.523040294647217,34956
15.523540735244751,34956
15.524013757705688,34956
15.524507284164429,34956
15.52498173713684,34956
15.525469541549683,34956
15.525954246520996,34956
15.526457786560059,34956
15.526946067810059,34956
15.527435779571533,34956
15.527920007705688,34956
15.528420686721802,34956
15.528898000717163,34956
15.529396533966064,34956
15.529879331588745,34956
15.530371904373169,34956
15.530855655670166,34956
15.531351089477539,34956
15.53183913230896,34956
15.532336473464966,34956
15.532820463180542,34956
15.53331184387207,34956
15.533803701400757,34956
15.534299850463867,34956
15.534785032272339,34956
15.535271167755127,34956
15.535755157470703,34956
15.536251068115234,34956
15.536746263504028,34956
15.537235498428345,34956
15.537729024887085,34956
15.5382080078125,34956
15.538703203201294,34956
15.539190292358398,34956
15.539686441421509,34956
15.540174961090088,34956
15.540674448013306,34956
15.541150093078613,34956
15.541634559631348,34956
15.542126178741455,34956
15.542619228363037,34956
15.543098211288452,34956
15.543593168258667,34956
15.544089555740356,34956
15.544580936431885,34956
15.545072793960571,34956
15.545557260513306,34956
15.546036005020142,34956
15.546537160873413,34956
15.547023057937622,34956
15.547522068023682,34956
15.54800820350647,34956
15.54850959777832,34956
15.548996686935425,34956
15.549495220184326,34956
15.549983024597168,34956
15.55047869682312,34956
15.550963401794434,34956
15.551456451416016,34956
15.551979541778564,34956
15.55247163772583,34956
15.55295729637146,34956
15.553439378738403,34956
15.553928852081299,34956
15.554425954818726,34956
15.554915189743042,34956
15.555414199829102,34956
15.555905818939209,34956
15.556398391723633,34956
15.556880474090576,34956
15.557371377944946,34956
15.55784797668457,34956
15.5583336353302,34956
15.55882477760315,34956
15.559324979782104,34956
15.559814214706421,34956
15.560296535491943,34956
15.560778141021729,34956
15.561271905899048,34956
15.561763048171997,34956
15.562260150909424,34956
15.562753677368164,34956
15.563231945037842,34956
15.56373119354248,34956
15.564212322235107,34956
15.564708709716797,34956
15.565187931060791,34956
15.565670490264893,34956
15.566151857376099,34956
15.56665825843811,34956
15.567137956619263,34956
15.567637920379639,34956
15.568126440048218,34956
15.568621635437012,34956
15.56910490989685,34956
15.569603681564331,34956
15.570088386535645,34956
15.570588111877441,34956
15.571071863174438,34956
15.57155728340149,34956
15.572043180465698,34956
15.57253646850586,34956
15.573012590408325,34956
15.573503494262695,34956
15.573982000350952,34956
15.574471473693848,34956
15.574952602386475,34956
15.575451850891113,34956
15.575929164886475,34956
15.57642936706543,34956
15.576918601989746,34956
15.57741904258728,34956
15.577892541885376,34956
15.57839584350586,34956
15.578881025314331,34956
15.579367876052856,34956
15.579855918884277,34956
15.580361127853394,34956
15.580848455429077,34956
15.5813467502594,34956
15.581830501556396,34956
15.582328081130981,34956
15.582816123962402,34956
15.583312273025513,34956
15.583801031112671,34956
15.58428955078125,34956
15.584782123565674,34956
15.585274934768677,34956
15.585762023925781,34956
15.586254358291626,34956
15.586750507354736,34956
15.587234735488892,34956
15.587733268737793,34956
15.588221073150635,34956
15.58872127532959,34956
15.58921217918396,34956
15.58970856666565,34956
15.590193033218384,34956
15.590686082839966,34956
15.591175317764282,34956
15.591661214828491,34956
15.592138528823853,34956
15.592639684677124,34956
15.593130826950073,34956
15.593626976013184,34956
15.59411334991455,34956
15.594615697860718,34956
15.595101594924927,34956
15.595604419708252,34956
15.596087217330933,34956
15.59660029411316,34956
15.597079992294312,34956
15.597567796707153,34956
15.598052263259888,34956
15.598554611206055,34956
15.599037647247314,34956
15.599533081054688,34956
15.600017309188843,34956
15.60051155090332,34956
15.601006507873535,34956
15.601507902145386,34956
15.601996898651123,34956
15.602490186691284,34956
15.602977991104126,34956
15.60347580909729,34956
15.603962182998657,34956
15.604456186294556,34956
15.604950428009033,34956
15.605432510375977,34956
15.605916500091553,34956
15.606415271759033,34956
15.606899976730347,34956
15.607393264770508,34956
15.60788869857788,34956
15.608385801315308,34956
15.608875036239624,34956
15.609364986419678,34956
15.609849214553833,34956
15.610350131988525,34956
15.610837697982788,34956
15.61133599281311,34956
15.611825466156006,34956
15.612314224243164,34956
15.612801790237427,34956
15.613288402557373,34956
15.613779306411743,34956
15.614274024963379,34956
15.614758014678955,34956
15.615249156951904,34956
15.615739345550537,34956
15.61621618270874,34956
15.61671781539917,34956
15.617199659347534,34956
15.61768364906311,34956
15.618169069290161,34956
15.618656873703003,34956
15.619138240814209,34956
15.619632244110107,34956
15.620119094848633,34956
15.620608568191528,34956
15.621092557907104,34956
15.62158465385437,34956
15.622073888778687,34956
15.622568845748901,34956
15.623051166534424,34956
15.62354850769043,34956
15.624026775360107,34956
15.624526262283325,34956
15.625017166137695,34956
15.625499725341797,34956
15.625987768173218,34956
15.626499891281128,34956
15.626981496810913,34956
15.627476453781128,34956
15.627959728240967,34956
15.628445625305176,34956
15.628931045532227,34956
15.629421710968018,34956
15.629907131195068,34956
15.630408525466919,34956
15.6308913230896,34956
15.63138723373413,34956
15.631863355636597,34956
15.632350444793701,34956
15.63282823562622,34956
15.633328437805176,34956
15.633816480636597,34956
15.6343092918396,34956
15.634792804718018,34956
15.635292053222656,34956
15.635775089263916,34956
15.636279106140137,34956
15.636762142181396,34956
15.637250900268555,34956
15.637736558914185,34956
15.638228416442871,34956
15.638719320297241,34956
15.639201164245605,34956
15.639692306518555,34956
15.640182256698608,34956
15.640684843063354,34956
15.641175270080566,34956
15.641670942306519,34956
15.642153978347778,34956
15.642653703689575,34956
15.643138408660889,34956
15.643637418746948,34956
15.644120454788208,34956
15.64460825920105,34956
15.645096778869629,34956
15.645597696304321,34956
15.646079540252686,34956
15.646582126617432,34956
15.647063970565796,34956
15.647566318511963,34956
15.648049354553223,34956
15.64854383468628,34956
15.649026155471802,34956
15.649519920349121,34956
15.650010347366333,34956
15.650508403778076,34956
15.650998830795288,34956
15.65149211883545,34956
15.651977300643921,34956
15.652474164962769,34956
15.652969360351562,34956
15.653459548950195,34956
15.653947114944458,34956
15.65444302558899,34956
15.654935359954834,34956
15.655431270599365,34956
15.65592098236084,34956
15.65642237663269,34956
15.656909227371216,34956
15.657411098480225,34956
15.657899618148804,34956
15.658392667770386,34956
15.658878087997437,34956
15.6593656539917,34956
15.659853219985962,34956
15.660346984863281,34956
15.6608247756958,34956
15.661317586898804,34956
15.661808490753174,34956
15.66230058670044,34956
15.662788152694702,34956
15.663273096084595,34956
15.663760423660278,34956
15.66425108909607,34956
15.664736270904541,34956
15.665223121643066,34956
15.665715217590332,34956
15.666204452514648,34956
15.666704893112183,34956
15.667184114456177,34956
15.66767430305481,34956
15.668145895004272,34956
15.668645143508911,34956
15.669127464294434,34956
15.669620275497437,34956
15.670104503631592,34956
15.670594930648804,34956
15.671083450317383,34956
15.67157793045044,34956
15.672056198120117,34956
15.67255187034607,34956
15.673029661178589,34956
15.673532962799072,34956
15.674024820327759,34956
15.674523830413818,34956
15.67501425743103,34956
15.675498008728027,34956
15.67598295211792,34956
15.676478862762451,34956
15.676962852478027,34956
15.677457332611084,34956
15.677941799163818,34956
15.678436756134033,34956
15.678915977478027,34956
15.679413557052612,34956
15.679900407791138,34956
15.680391550064087,34956
15.680877923965454,34956
15.681372165679932,34956
15.681864023208618,34956
15.682356357574463,34956
15.682839155197144,34956
15.683335542678833,34956
15.683822631835938,34956
15.684314250946045,34956
15.6847984790802,34956
15.685284852981567,34956
15.685769319534302,34956
15.68627667427063,34956
15.686759948730469,34956
15.687258243560791,34956
15.687745809555054,34956
15.688220739364624,34956
15.688716411590576,34956
15.689203023910522,34956
15.689698219299316,34956
15.69017243385315,34956
15.690672636032104,34956
15.691156148910522,34956
15.691657304763794,34956
15.692140102386475,34956
15.692636489868164,34956
15.693118572235107,34956
15.693607568740845,34956
15.69408655166626,34956
15.694585800170898,34956
15.695079565048218,34956
15.695577621459961,34956
15.696070194244385,34956
15.696573257446289,34956
15.697051763534546,34956
15.69754695892334,34956
15.698033571243286,34956
15.698523998260498,34956
15.699000835418701,34956
15.699495792388916,34956
15.699983596801758,34956
15.700477838516235,34956
15.700966119766235,34956
15.701462507247925,34956
15.701946496963501,34956
15.702440023422241,34956
15.70292329788208,34956
15.703409910202026,34956
15.703890085220337,34956
15.704383850097656,34956
15.704869508743286,34956
15.705363512039185,34956
15.705854654312134,34956
15.706359386444092,34956
15.70684266090393,34956
15.707340717315674,34956
15.707832336425781,34956
15.708330631256104,34956
15.708809852600098,34956
15.709301948547363,34956
15.709791421890259,34956
15.71028995513916,34956
15.710774183273315,34956
15.711261987686157,34956
15.711751222610474,34956
15.712230682373047,34956
15.712713241577148,34956
15.713201761245728,34956
15.713700771331787,34956
15.714183568954468,34956
15.714680194854736,34956
15.715164184570312,34956
15.715653657913208,34956
15.716139793395996,34956
15.716648578643799,34956
15.71713137626648,34956
15.717625379562378,34956
15.718109369277954,34956
15.718610525131226,34956
15.719086408615112,34956
15.719581365585327,34956
15.720056056976318,34956
15.720554113388062,34956
15.721044301986694,34956
15.721530675888062,34956
15.722002983093262,34956
15.722495317459106,34956
15.722976446151733,34956
15.723477363586426,34956
15.723960399627686,34956
15.72445034980774,34956
15.724934577941895,34956
15.725425958633423,34956
15.725911140441895,34956
15.726412534713745,34956
15.726892948150635,34956
15.72739028930664,34956
15.727868556976318,34956
15.728369951248169,34956
15.72885537147522,34956
15.729342222213745,34956
15.729823112487793,34956
15.730311155319214,34956
15.73079800605774,34956
15.731291770935059,34956
15.73176646232605,34956
15.73225712776184,34956
15.73274278640747,34956
15.733225345611572,34956
15.733722686767578,34956
15.734217882156372,34956
15.734708786010742,34956
15.735194444656372,34956
15.735684156417847,34956
15.736167192459106,34956
15.73666763305664,34956
15.737148523330688,34956
15.737640857696533,34956
15.738131523132324,34956
15.738632440567017,34956
15.739119529724121,34956
15.739614725112915,34956
15.740087985992432,34956
15.740585803985596,34956
15.741065502166748,34956
15.741564273834229,34956
15.742043733596802,34956
15.742539882659912,34956
15.743022680282593,34956
15.743527173995972,34956
15.74400782585144,34956
15.74450159072876,34956
15.744993448257446,34956
15.745489358901978,34956
15.745977878570557,34956
15.746492624282837,34956
15.746965169906616,34956
15.74746322631836,34956
15.74795413017273,34956
15.748445749282837,34956
15.748933553695679,34956
15.749430179595947,34956
15.74991226196289,34956
15.750404596328735,34956
15.750888347625732,34956
15.75138783454895,34956
15.751869440078735,34956
15.752368211746216,34956
15.752851009368896,34956
15.753351211547852,34956
15.753835678100586,34956
15.75432825088501,34956
15.754810094833374,34956
15.755293369293213,34956
15.755767583847046,34956
15.756273984909058,34956
15.756763696670532,34956
15.75726056098938,34956
15.757744789123535,34956
15.758223533630371,34956
15.758719205856323,34956
15.759204626083374,34956
15.759704828262329,34956
15.760188579559326,34956
15.760686159133911,34956
15.761170387268066,34956
15.76166296005249,34956
15.762154579162598,34956
15.762655258178711,34956
15.763148307800293,34956
15.763643026351929,34956
15.764119625091553,34956
15.76461386680603,34956
15.765105247497559,34956
15.765612602233887,34956
15.766101598739624,34956
15.766608476638794,34956
15.76708722114563,34956
15.767577409744263,34956
15.768051624298096,34956
15.768541097640991,34956
15.769028902053833,34956
15.769524812698364,34956
15.77000379562378,34956
15.770501613616943,34956
15.770986557006836,34956
15.771476030349731,34956
15.771955728530884,34956
15.772452116012573,34956
15.772936344146729,34956
15.773421287536621,34956
15.773908376693726,34956
15.774407863616943,34956
15.77489423751831,34956
15.775380373001099,34956
15.77587628364563,34956
15.776376008987427,34956
15.77685809135437,34956
15.777348518371582,34956
15.777836799621582,34956
15.778335094451904,34956
15.778817892074585,34956
15.779314994812012,34956
15.779796123504639,34956
15.780290365219116,34956
15.78077507019043,34956
15.781254768371582,34956
15.78173828125,34956
15.782227754592896,34956
15.78271746635437,34956
15.783206462860107,34956
15.783693313598633,34956
15.784173250198364,34956
15.78466534614563,34956
15.785144329071045,34956
15.785627603530884,34956
15.786115646362305,34956
15.786628484725952,34956
15.787112712860107,34956
15.787611484527588,34956
15.78809905052185,34956
15.788579940795898,34956
15.789061307907104,34956
15.789555788040161,34956
15.790037870407104,34956
15.79052996635437,34956
15.791015148162842,34956
15.791509628295898,34956
15.791993856430054,34956
15.792490005493164,34956
15.792978048324585,34956
15.793471574783325,34956
15.793945789337158,34956
15.794437646865845,34956
15.794919967651367,34956
15.795414209365845,34956
15.795904636383057,34956
15.796404838562012,34956
15.796886682510376,34956
15.797378540039062,34956
15.79785680770874,34956
15.798357009887695,34956
15.79883599281311,34956
15.799326658248901,34956
15.79981017112732,34956
15.800296783447266,34956
15.800776720046997,34956
15.801272630691528,34956
15.801760196685791,34956
15.802257299423218,34956
15.802741050720215,34956
15.803231000900269,34956
15.803713083267212,34956
15.804198265075684,34956
15.804690599441528,34956
15.805176019668579,34956
15.805676937103271,34956
15.806163787841797,34956
15.806668519973755,34956
15.807153940200806,34956
15.807652950286865,34956
15.808131217956543,34956
15.808628559112549,34956
15.809113025665283,34956
15.809600114822388,34956
15.810089349746704,34956
15.810579538345337,34956
15.81107234954834,34956
15.811570167541504,34956
15.812060594558716,34956
15.812564849853516,34956
15.81304669380188,34956
15.813541650772095,34956
15.814022541046143,34956
15.814514636993408,34956
15.814997434616089,34956
15.815495014190674,34956
15.815983533859253,34956
15.816489934921265,34956
15.816974639892578,34956
15.817476034164429,34956
15.817964792251587,34956
15.818458795547485,34956
15.818938255310059,34956
15.819430828094482,34956
15.819904565811157,34956
15.820400476455688,34956
15.820881605148315,34956
15.82137656211853,34956
15.821863174438477,34956
15.822353839874268,34956
15.822835445404053,34956
15.823327779769897,34956
15.823816537857056,34956
15.824304103851318,34956
15.824787855148315,34956
15.825279474258423,34956
15.825768947601318,34956
15.826272249221802,34956
15.82676362991333,34956
15.827258110046387,34956
15.827743530273438,34956
15.828221321105957,34956
15.828711748123169,34956
15.829196214675903,34956
15.82968544960022,34956
15.830175638198853,34956
15.830677032470703,34956
15.831158876419067,34956
15.831658363342285,34956
15.832131624221802,34956
15.832626342773438,34956
15.833114385604858,34956
15.833613872528076,34956
15.83409309387207,34956
15.834587574005127,34956
15.83506989479065,34956
15.83555269241333,34956
15.836044073104858,34956
15.836554765701294,34956
15.837043285369873,34956
15.837535858154297,34956
15.838021039962769,34956
15.83851957321167,34956
15.839010238647461,34956
15.839502096176147,34956
15.839987754821777,34956
15.84048080444336,34956
15.840968132019043,34956
15.841458559036255,34956
15.841944217681885,34956
15.84243893623352,34956
15.842922449111938,34956
15.843410730361938,34956
15.843895196914673,34956
15.844393253326416,34956
15.844882249832153,34956
15.845370769500732,34956
15.845856189727783,34956
15.846356630325317,34956
15.846840620040894,34956
15.847335815429688,34956
15.847821474075317,34956
15.848316192626953,34956
15.848809957504272,34956
15.849307537078857,34956
15.849790811538696,34956
15.850282430648804,34956
15.850764274597168,34956
15.851260423660278,34956
15.851752281188965,34956
15.852229356765747,34956
15.852720260620117,34956
15.8532075881958,34956
15.85369873046875,34956
15.854181051254272,34956
15.854670286178589,34956
15.855153560638428,34956
15.85565185546875,34956
15.85613489151001,34956
15.85664677619934,34956
15.857137203216553,34956
15.857627153396606,34956
15.858110904693604,34956
15.858608484268188,34956
15.859095573425293,34956
15.859594345092773,34956
15.86007571220398,34956
15.860572338104248,34956
15.86105751991272,34956
15.861560344696045,34956
15.86204743385315,34956
15.862535953521729,34956
15.863023281097412,34956
15.863516807556152,34956
15.86399531364441,34956
15.864490270614624,34956
15.864973306655884,34956
15.86546802520752,34956
15.865959882736206,34956
15.866463899612427,34956
15.866950273513794,34956
15.86743950843811,34956
15.867927074432373,34956
15.868427276611328,34956
15.868915319442749,34956
15.869410037994385,34956
15.869901657104492,34956
15.870390892028809,34956
15.870879173278809,34956
15.871366500854492,34956
15.87185025215149,34956
15.872341632843018,34956
15.872828483581543,34956
15.873319625854492,34956
15.873809814453125,34956
15.874308109283447,34956
15.874793767929077,34956
15.875291585922241,34956
15.87577748298645,34956
15.876273155212402,34956
15.876763820648193,34956
15.877265453338623,34956
15.87775468826294,34956
15.87825345993042,34956
15.878743648529053,34956
15.87923789024353,34956
15.879730224609375,34956
15.880211353302002,34956
15.880715370178223,34956
15.881204605102539,34956
15.881697177886963,34956
15.882186651229858,34956
15.882678508758545,34956
15.883155107498169,34956
15.883648872375488,34956
15.884131908416748,34956
15.884635925292969,34956
15.885124921798706,34956
15.885624408721924,34956
15.886111497879028,34956
15.886619329452515,34956
15.88710355758667,34956
15.88759994506836,34956
15.888088703155518,34956
15.888592720031738,34956
15.889065742492676,34956
15.889561176300049,34956
15.890047788619995,34956
15.89054822921753,34956
15.891035079956055,34956
15.891534566879272,34956
15.892019033432007,34956
15.892518043518066,34956
15.89299750328064,34956
15.8934965133667,34956
15.893991470336914,34956
15.89449405670166,34956
15.894983053207397,34956
15.895482778549194,34956
15.895957946777344,34956
15.896467208862305,34956
15.89694595336914,34956
15.897438526153564,34956
15.897930145263672,34956
15.89841628074646,34956
15.898905754089355,34956
15.899404048919678,34956
15.89989447593689,34956
15.900386810302734,34956
15.900875091552734,34956
15.901365756988525,34956
15.901852369308472,34956
15.902344942092896,34956
15.902827501296997,34956
15.903315305709839,34956
15.903789043426514,34956
15.90428614616394,34956
15.904771566390991,34956
15.905271291732788,34956
15.905763626098633,34956
15.90625524520874,34956
15.906744480133057,34956
15.907228231430054,34956
15.907723188400269,34956
15.908202648162842,34956
15.90869426727295,34956
15.909181833267212,34956
15.90967869758606,34956
15.910162210464478,34956
15.910644292831421,34956
15.9111328125,34956
15.911617517471313,34956
15.912108659744263,34956
15.912607431411743,34956
15.913095474243164,34956
15.91358757019043,34956
15.914071321487427,34956
15.914556980133057,34956
15.915047407150269,34956
15.915544748306274,34956
15.916030645370483,34956
15.916545152664185,34956
15.91702914237976,34956
15.917521953582764,34956
15.91801142692566,34956
15.918505191802979,34956
15.918983697891235,34956
15.919479846954346,34956
15.919973373413086,34956
15.920469284057617,34956
15.92096495628357,34956
15.921462535858154,34956
15.921936511993408,34956
15.922425985336304,34956
15.922913312911987,34956
15.923404693603516,34956
15.923896551132202,34956
15.924379587173462,34956
15.924860954284668,34956
15.925355911254883,34956
15.92583680152893,34956
15.926338911056519,34956
15.926818609237671,34956
15.92731523513794,34956
15.927796363830566,34956
15.928287744522095,34956
15.92876935005188,34956
15.929256200790405,34956
15.929742097854614,34956
15.93022871017456,34956
15.93072509765625,34956
15.931203365325928,34956
15.931693077087402,34956
15.932180881500244,34956
15.932671308517456,34956
15.93316125869751,34956
15.933663845062256,34956
15.93415093421936,34956
15.934645175933838,34956
15.935129165649414,34956
15.935619831085205,34956
15.936105251312256,34956
15.93661093711853,34956
15.937098026275635,34956
15.937594175338745,34956
15.938076972961426,34956
15.938565969467163,34956
15.939054489135742,34956
15.93955135345459,34956
15.940041780471802,34956
15.940534353256226,34956
15.941017389297485,34956
15.941500186920166,34956
15.941981554031372,34956
15.942463397979736,34956
15.942946672439575,34956
15.943445920944214,34956
15.943938255310059,34956
15.94443655014038,34956
15.944921016693115,34956
15.94541883468628,34956
15.945892810821533,34956
15.94640064239502,34956
15.946888446807861,34956
15.9473876953125,34956
15.947871208190918,34956
15.94836139678955,34956
15.948844194412231,34956
15.949331283569336,34956
15.949821949005127,34956
15.950312852859497,34956
15.950801849365234,34956
15.951292753219604,34956
15.951788187026978,34956
15.952288389205933,34956
15.952773809432983,34956
15.953260660171509,34956
15.953748941421509,34956
15.954236030578613,34956
15.954731702804565,34956
15.955223798751831,34956
15.955716133117676,34956
15.956189632415771,34956
15.956687450408936,34956
15.957180976867676,34956
15.957677364349365,34956
15.958153247833252,34956
15.95864486694336,34956
15.959132671356201,34956
15.959625720977783,34956
15.9601149559021,34956
15.960609436035156,34956
15.961090326309204,34956
15.961586952209473,34956
15.962066411972046,34956
15.962562561035156,34956
15.963051557540894,34956
15.963551759719849,34956
15.964035987854004,34956
15.964527606964111,34956
15.965012550354004,34956
15.965506553649902,34956
15.965987205505371,34956
15.966490745544434,34956
15.966972827911377,34956
15.967466592788696,34956
15.967955350875854,34956
15.96843671798706,34956
15.968918085098267,34956
15.969412326812744,34956
15.969897747039795,34956
15.97039794921875,34956
15.970882654190063,34956
15.9713716506958,34956
15.971863031387329,34956
15.972352743148804,34956
15.972837209701538,34956
15.973319053649902,34956
15.973799228668213,34956
15.974286794662476,34956
15.974777460098267,34956
15.975262880325317,34956
15.975759506225586,34956
15.97625184059143,34956
15.976739406585693,34956
15.97723126411438,34956
15.977725267410278,34956
15.97820782661438,34956
15.978699445724487,34956
15.979175567626953,34956
15.97967004776001,34956
15.980162143707275,34956
15.980658292770386,34956
15.981139183044434,34956
15.981626272201538,34956
15.982117652893066,34956
15.982601642608643,34956
15.983079195022583,34956
15.98356580734253,34956
15.98405647277832,34956
15.984565496444702,34956
15.985052824020386,34956
15.985554218292236,34956
15.986037492752075,34956
15.986537456512451,34956
15.98702073097229,34956
15.987518310546875,34956
15.988010883331299,34956
15.988508224487305,34956
15.988999605178833,34956
15.989491701126099,34956
15.989977836608887,34956
15.990480184555054,34956
15.99095344543457,34956
15.99144458770752,34956
15.991923093795776,34956
15.992425680160522,34956
15.992917537689209,34956
15.993413925170898,34956
15.993896007537842,34956
15.994388818740845,34956
15.994876861572266,34956
15.995357990264893,34956
15.995843887329102,34956
15.996350765228271,34956
15.996841192245483,34956
15.99733591079712,34956
15.997823238372803,34956
15.998316526412964,34956
15.998804330825806,34956
15.999297380447388,34956
15.999781608581543,34956
16.00028133392334,34956
16.000754594802856,34956
16.00125217437744,34956
16.001741647720337,34956
16.00222897529602,34956
16.002720594406128,34956
16.003202438354492,34956
16.00369167327881,34956
16.00418496131897,34956
16.00467610359192,34956
16.005163431167603,34956
16.005652904510498,34956
16.00613284111023,34956
16.006640911102295,34956
16.007126331329346,34956
16.007622003555298,34956
16.008110523223877,34956
16.00861167907715,34956
16.009097814559937,34956
16.00958752632141,34956
16.01007628440857,34956
16.01057195663452,34956
16.01105833053589,34956
16.011552095413208,34956
16.012036085128784,34956
16.012535572052002,34956
16.013020038604736,34956
16.01351571083069,34956
16.014009952545166,34956
16.01450490951538,34956
16.014999866485596,34956
16.01550030708313,34956
16.01598286628723,34956
16.016483306884766,34956
16.016976594924927,34956
16.017478466033936,34956
16.017966508865356,34956
16.018455743789673,34956
16.018940925598145,34956
16.019437551498413,34956
16.01992893218994,34956
16.020429372787476,34956
16.020915508270264,34956
16.021403074264526,34956
16.021896362304688,34956
16.02239179611206,34956
16.02286672592163,34956
16.023364782333374,34956
16.02385401725769,34956
16.02433681488037,34956
16.024820804595947,34956
16.02531623840332,34956
16.02579951286316,34956
16.02630305290222,34956
16.026791095733643,34956
16.027286529541016,34956
16.02777361869812,34956
16.028254508972168,34956
16.02873945236206,34956
16.029226779937744,34956
16.029725790023804,34956
16.030218362808228,34956
16.03071618080139,34956
16.03120446205139,34956
16.031704664230347,34956
16.032188415527344,34956
16.03267812728882,34956
16.033162832260132,34956
16.03365969657898,34956
16.03413486480713,34956
16.034632205963135,34956
16.03512167930603,34956
16.03561782836914,34956
16.036097526550293,34956
16.036611795425415,34956
16.03709840774536,34956
16.037583351135254,34956
16.038071870803833,34956
16.038572072982788,34956
16.039058685302734,34956
16.03955578804016,34956
16.040039539337158,34956
16.040542125701904,34956
16.041029453277588,34956
16.04153060913086,34956
16.04201316833496,34956
16.0425066947937,34956
16.042989492416382,34956
16.043482780456543,34956
16.043975830078125,34956
16.044471502304077,34956
16.044957876205444,34956
16.045451402664185,34956
16.045930862426758,34956
16.04642939567566,34956
16.046911478042603,34956
16.047405004501343,34956
16.047892332077026,34956
16.048380136489868,34956
16.048871755599976,34956
16.049362421035767,34956
16.049850702285767,34956
16.05034589767456,34956
16.05082607269287,34956
16.05132293701172,34956
16.051809310913086,34956
16.052300930023193,34956
16.05278515815735,34956
16.053266286849976,34956
16.053740978240967,34956
16.05423402786255,34956
16.054725170135498,34956
16.055214166641235,34956
16.055716037750244,34956
16.056196212768555,34956
16.056710243225098,34956
16.057190656661987,34956
16.057689905166626,34956
16.058173418045044,34956
16.058664798736572,34956
16.05915069580078,34956
16.05964732170105,34956
16.060137033462524,34956
16.060641527175903,34956
16.061126232147217,34956
16.061623573303223,34956
16.06210994720459,34956
16.062602043151855,34956
16.063085556030273,34956
16.06359100341797,34956
16.064078092575073,34956
16.064581632614136,34956
16.065065145492554,34956
16.065555334091187,34956
16.066042184829712,34956
16.066550970077515,34956
16.06704020500183,34956
16.06754422187805,34956
16.06803560256958,34956
16.06852889060974,34956
16.069013118743896,34956
16.069506645202637,34956
16.069988012313843,34956
16.070477962493896,34956
16.070961952209473,34956
16.071460485458374,34956
16.071953058242798,34956
16.072439908981323,34956
16.07292866706848,34956
16.073426485061646,34956
16.073909282684326,34956
16.074405908584595,34956
16.074893951416016,34956
16.075380563735962,34956
16.075870275497437,34956
16.076368808746338,34956
16.076855182647705,34956
16.077344179153442,34956
16.07783269882202,34956
16.078327655792236,34956
16.078815937042236,34956
16.079315900802612,34956
16.079810857772827,34956
16.080297470092773,34956
16.080790042877197,34956
16.081275939941406,34956
16.081767082214355,34956
16.0822651386261,34956
16.0827534198761,34956
16.08322811126709,34956
16.08372473716736,34956
16.08421230316162,34956
16.084702968597412,34956
16.08519434928894,34956
16.08569574356079,34956
16.086179733276367,34956
16.086676597595215,34956
16.087165355682373,34956
16.08766007423401,34956
16.088141679763794,34956
16.0886492729187,34956
16.0891375541687,34956
16.089627027511597,34956
16.0901198387146,34956
16.090808153152466,34956
16.091310501098633,34956
16.091800212860107,34956
16.092291593551636,34956
16.0927734375,34956
16.093263864517212,34956
16.093749523162842,34956
16.094231128692627,34956
16.094730377197266,34956
16.095203638076782,34956
16.095694541931152,34956
16.09618592262268,34956
16.096689701080322,34956
16.097180366516113,34956
16.097682237625122,34956
16.0981662273407,34956
16.098652839660645,34956
16.099140167236328,34956
16.099628925323486,34956
16.10011076927185,34956
16.100608110427856,34956
16.101090908050537,34956
16.10158920288086,34956
16.102069854736328,34956
16.102566480636597,34956
16.10305118560791,34956
16.103554725646973,34956
16.104037046432495,34956
16.10453176498413,34956
16.10501503944397,34956
16.105512142181396,34956
16.105998277664185,34956
16.10650062561035,34956
16.10698676109314,34956
16.107489824295044,34956
16.107980489730835,34956
16.10847544670105,34956
16.10896635055542,34956
16.10947012901306,34956
16.109959363937378,34956
16.1104576587677,34956
16.110950231552124,34956
16.111440896987915,34956
16.11193323135376,34956
16.112426280975342,34956
16.112908840179443,34956
16.113410234451294,34956
16.113897562026978,34956
16.114394426345825,34956
16.114880561828613,34956
16.11536192893982,34956
16.11585307121277,34956
16.116345167160034,34956
16.116819620132446,34956
16.117310047149658,34956
16.117796182632446,34956
16.118288040161133,34956
16.11876654624939,34956
16.11925172805786,34956
16.119734048843384,34956
16.120216369628906,34956
16.12070894241333,34956
16.12119722366333,34956
16.12169361114502,34956
16.122178554534912,34956
16.122671604156494,34956
16.12315058708191,34956
16.123647689819336,34956
16.124133110046387,34956
16.124626636505127,34956
16.125118494033813,34956
16.125619888305664,34956
16.126111268997192,34956
16.126611709594727,34956
16.127095222473145,34956
16.12759232521057,34956
16.12807822227478,34956
16.12857174873352,34956
16.12905979156494,34956
16.129559993743896,34956
16.13004970550537,34956
16.13054585456848,34956
16.131033897399902,34956
16.131518840789795,34956
16.13200807571411,34956
16.132507801055908,34956
16.132990837097168,34956
16.133477926254272,34956
16.133951902389526,34956
16.134442806243896,34956
16.134925365447998,34956
16.135416984558105,34956
16.135905027389526,34956
16.13640809059143,34956
16.136892557144165,34956
16.13737988471985,34956
16.1378755569458,34956
16.138365983963013,34956
16.138858556747437,34956
16.139345169067383,34956
16.139830112457275,34956
16.140326499938965,34956
16.140807151794434,34956
16.141305685043335,34956
16.141777753829956,34956
16.142269372940063,34956
16.142749786376953,34956
16.14323377609253,34956
16.143728971481323,34956
16.14421772956848,34956
16.144704818725586,34956
16.14518404006958,34956
16.145678997039795,34956
16.146162033081055,34956
16.146657705307007,34956
16.147135496139526,34956
16.14763355255127,34956
16.14811944961548,34956
16.14861297607422,34956
16.149094820022583,34956
16.14959168434143,34956
16.15007710456848,34956
16.150570154190063,34956
16.151050567626953,34956
16.15155339241028,34956
16.152037143707275,34956
16.15253496170044,34956
16.15302538871765,34956
16.153525590896606,34956
16.15401268005371,34956
16.15451455116272,34956
16.15499258041382,34956
16.155486345291138,34956
16.15596652030945,34956
16.156474351882935,34956
16.15695548057556,34956
16.157450675964355,34956
16.157938480377197,34956
16.158425331115723,34956
16.158904314041138,34956
16.15939736366272,34956
16.159892320632935,34956
16.16038203239441,34956
16.160864114761353,34956
16.16135311126709,34956
16.161832094192505,34956
16.16233491897583,34956
16.16280961036682,34956
16.16331124305725,34956
16.16379189491272,34956
16.164283752441406,34956
16.164775609970093,34956
16.165268421173096,34956
16.16575813293457,34956
16.166269063949585,34956
16.166759967803955,34956
16.167251110076904,34956
16.16773509979248,34956
16.1682186126709,34956
16.168707609176636,34956
16.169198513031006,34956
16.169697284698486,34956
16.1701819896698,34956
16.17067813873291,34956
16.171160459518433,34956
16.17166042327881,34956
16.17215371131897,34956
16.17265796661377,34956
16.173145294189453,34956
16.173635721206665,34956
16.174131870269775,34956
16.174630165100098,34956
16.17512559890747,34956
16.17562770843506,34956
16.176108360290527,34956
16.176620483398438,34956
16.177099466323853,34956
16.17759394645691,34956
16.17808437347412,34956
16.178574800491333,34956
16.17906355857849,34956
16.179561614990234,34956
16.180044651031494,34956
16.180541276931763,34956
16.181018352508545,34956
16.181519031524658,34956
16.182003259658813,34956
16.182503938674927,34956
16.18298649787903,34956
16.18348217010498,34956
16.183967351913452,34956
16.184460401535034,34956
16.184943437576294,34956
16.185437440872192,34956
16.185913801193237,34956
16.186421394348145,34956
16.18690848350525,34956
16.187402486801147,34956
16.187885999679565,34956
16.188382387161255,34956
16.188867568969727,34956
16.189358472824097,34956
16.18985342979431,34956
16.190346479415894,34956
16.19084095954895,34956
16.191324949264526,34956
16.19181752204895,34956
16.192312479019165,34956
16.192798137664795,34956
16.193295001983643,34956
16.193774461746216,34956
16.19426393508911,34956
16.194747924804688,34956
16.195232629776,34956
16.195713996887207,34956
16.196187734603882,34956
16.196696043014526,34956
16.197176694869995,34956
16.197675943374634,34956
16.198159217834473,34956
16.198657274246216,34956
16.1991446018219,34956
16.199633359909058,34956
16.200121879577637,34956
16.200616598129272,34956
16.201106071472168,34956
16.201599597930908,34956
16.20208740234375,34956
16.202579736709595,34956
16.20305323600769,34956
16.203542709350586,34956
16.20403003692627,34956
16.204530954360962,34956
16.20502281188965,34956
16.20552968978882,34956
16.206014156341553,34956
16.206528425216675,34956
16.20702052116394,34956
16.20751690864563,34956
16.207998752593994,34956
16.208481788635254,34956
16.208972215652466,34956
16.209465742111206,34956
16.20994806289673,34956
16.210447549819946,34956
16.210938215255737,34956
16.211432695388794,34956
16.211917877197266,34956
16.212403059005737,34956
16.21289348602295,34956
16.213392734527588,34956
16.213874578475952,34956
16.214369773864746,34956
16.2148540019989,34956
16.215347051620483,34956
16.21583080291748,34956
16.21633005142212,34956
16.21681523323059,34956
16.21731448173523,34956
16.217803239822388,34956
16.218299627304077,34956
16.218788385391235,34956
16.21927785873413,34956
16.219765663146973,34956
16.220258235931396,34956
16.22074317932129,34956
16.22123432159424,34956
16.221728801727295,34956
16.22221088409424,34956
16.22269296646118,34956
16.22318196296692,34956
16.22367787361145,34956
16.22416639328003,34956
16.22465443611145,34956
16.22513699531555,34956
16.225629568099976,34956
16.22611689567566,34956
16.22662615776062,34956
16.227110385894775,34956
16.227614641189575,34956
16.228102207183838,34956
16.22860097885132,34956
16.22908878326416,34956
16.229588747024536,34956
16.230076551437378,34956
16.230579137802124,34956
16.23106622695923,34956
16.231568813323975,34956
16.232054710388184,34956
16.232550144195557,34956
16.233043909072876,34956
16.233537197113037,34956
16.234015941619873,34956
16.2345130443573,34956
16.2350013256073,34956
16.23548436164856,34956
16.235962629318237,34956
16.23646378517151,34956
16.236953496932983,34956
16.237447023391724,34956
16.23793601989746,34956
16.23843216896057,34956
16.23891544342041,34956
16.23941683769226,34956
16.239894151687622,34956
16.2403883934021,34956
16.240874528884888,34956
16.241363763809204,34956
16.241846561431885,34956
16.242339372634888,34956
16.24282193183899,34956
16.24330973625183,34956
16.243791103363037,34956
16.244293451309204,34956
16.244779586791992,34956
16.245271682739258,34956
16.24575924873352,34956
16.2462375164032,34956
16.24674081802368,34956
16.247232913970947,34956
16.247724056243896,34956
16.24820351600647,34956
16.248692512512207,34956
16.249184370040894,34956
16.249675035476685,34956
16.25015425682068,34956
16.25065279006958,34956
16.251136541366577,34956
16.25163698196411,34956
16.252129554748535,34956
16.252620220184326,34956
16.25311017036438,34956
16.253593921661377,34956
16.25408101081848,34956
16.25461196899414,34956
16.255101442337036,34956
16.255596160888672,34956
16.25608468055725,34956
16.256596326828003,34956
16.257088661193848,34956
16.257587432861328,34956
16.25807785987854,34956
16.258585929870605,34956
16.259075164794922,34956
16.25957727432251,34956
16.260064601898193,34956
16.260562419891357,34956
16.261053323745728,34956
16.26154136657715,34956
16.2620267868042,34956
16.262526988983154,34956
16.263004779815674,34956
16.26349639892578,34956
16.263977766036987,34956
16.264477729797363,34956
16.26496148109436,34956
16.265459060668945,34956
16.265942096710205,34956
16.26643967628479,34956
16.266921997070312,34956
16.26740837097168,34956
16.267887592315674,34956
16.26837658882141,34956
16.268863439559937,34956
16.269347667694092,34956
16.269832611083984,34956
16.27032780647278,34956
16.270812273025513,34956
16.27130126953125,34956
16.271783113479614,34956
16.272277355194092,34956
16.272760152816772,34956
16.27325463294983,34956
16.27374005317688,34956
16.274224996566772,34956
16.274715900421143,34956
16.275203227996826,34956
16.2756986618042,34956
16.276176929473877,34956
16.276684522628784,34956
16.277166604995728,34956
16.277657508850098,34956
16.27814030647278,34956
16.278635025024414,34956
16.279130220413208,34956
16.279630422592163,34956
16.28012228012085,34956
16.280622005462646,34956
16.2811017036438,34956
16.28158211708069,34956
16.282055377960205,34956
16.282556295394897,34956
16.28304100036621,34956
16.28354024887085,34956
16.284029483795166,34956
16.28452491760254,34956
16.285005807876587,34956
16.285499811172485,34956
16.285985469818115,34956
16.286497592926025,34956
16.286983728408813,34956
16.287480115890503,34956
16.287961721420288,34956
16.288460731506348,34956
16.28894329071045,34956
16.2894446849823,34956
16.289939403533936,34956
16.290440320968628,34956
16.290921926498413,34956
16.29140853881836,34956
16.29189944267273,34956
16.292390823364258,34956
16.292875289916992,34956
16.293370723724365,34956
16.293857097625732,34956
16.29435110092163,34956
16.294837713241577,34956
16.29531717300415,34956
16.295804500579834,34956
16.29631280899048,34956
16.29680323600769,34956
16.29729413986206,34956
16.29776668548584,34956
16.29825520515442,34956
16.298739910125732,34956
16.29922389984131,34956
16.299710988998413,34956
16.300199508666992,34956
16.300700187683105,34956
16.301183462142944,34956
16.301676034927368,34956
16.302165031433105,34956
16.30265712738037,34956
16.30314826965332,34956
16.303650379180908,34956
16.304138660430908,34956
16.304639101028442,34956
16.305129766464233,34956
16.30562925338745,34956
16.306103467941284,34956
16.30660581588745,34956
16.307090997695923,34956
16.307581424713135,34956
16.308063507080078,34956
16.308562755584717,34956
16.309051036834717,34956
16.309550762176514,34956
16.310036659240723,34956
16.310537099838257,34956
16.31101417541504,34956
16.311505556106567,34956
16.31199073791504,34956
16.31248688697815,34956
16.312971830368042,34956
16.313469648361206,34956
16.3139431476593,34956
16.314433574676514,34956
16.31491756439209,34956
16.31540036201477,34956
16.315885066986084,34956
16.31639337539673,34956
16.31688165664673,34956
16.317373514175415,34956
16.317856550216675,34956
16.318353176116943,34956
16.318835020065308,34956
16.319338083267212,34956
16.31982183456421,34956
16.3203125,34956
16.320791482925415,34956
16.321288347244263,34956
16.321776628494263,34956
16.322275400161743,34956
16.322763442993164,34956
16.323253393173218,34956
16.323747634887695,34956
16.32423162460327,34956
16.324718475341797,34956
16.32520580291748,34956
16.325700998306274,34956
16.326181888580322,34956
16.326693534851074,34956
16.327179193496704,34956
16.327674865722656,34956
16.328168392181396,34956
16.328661918640137,34956
16.32915234565735,34956
16.329643726348877,34956
16.330122470855713,34956
16.33061695098877,34956
16.33110761642456,34956
16.33160376548767,34956
16.33208680152893,34956
16.332584857940674,34956
16.333076000213623,34956
16.333560943603516,34956
16.33404517173767,34956
16.33453869819641,34956
16.33501625061035,34956
16.335511922836304,34956
16.335991144180298,34956
16.336491346359253,34956
16.336979389190674,34956
16.337472915649414,34956
16.337953329086304,34956
16.338453769683838,34956
16.338945150375366,34956
16.339441776275635,34956
16.33992576599121,34956
16.34042739868164,34956
16.340909481048584,34956
16.341397285461426,34956
16.34187650680542,34956
16.342364072799683,34956
16.342843770980835,34956
16.34334111213684,34956
16.343819856643677,34956
16.344305992126465,34956
16.344794511795044,34956
16.345288515090942,34956
16.34576916694641,34956
16.346275568008423,34956
16.346768379211426,34956
16.347252130508423,34956
16.347734689712524,34956
16.34821605682373,34956
16.348705053329468,34956
16.349189043045044,34956
16.349684715270996,34956
16.350179195404053,34956
16.350670337677002,34956
16.351161003112793,34956
16.351651906967163,34956
16.35213613510132,34956
16.352627277374268,34956
16.353118419647217,34956
16.353602647781372,34956
16.354092597961426,34956
16.354593992233276,34956
16.355077743530273,34956
16.355578660964966,34956
16.3560631275177,34956
16.356569528579712,34956
16.357050895690918,34956
16.357548475265503,34956
16.35802721977234,34956
16.35851526260376,34956
16.3590030670166,34956
16.359495401382446,34956
16.35997700691223,34956
16.360471963882446,34956
16.360955476760864,34956
16.36144781112671,34956
16.361932277679443,34956
16.36242961883545,34956
16.362912893295288,34956
16.36340856552124,34956
16.363893508911133,34956
16.364385843276978,34956
16.364869356155396,34956
16.36536478996277,34956
16.36585283279419,34956
16.366356134414673,34956
16.36682939529419,34956
16.367321968078613,34956
16.367801189422607,34956
16.368304014205933,34956
16.36878800392151,34956
16.3692786693573,34956
16.3697612285614,34956
16.3702552318573,34956
16.370737552642822,34956
16.37121820449829,34956
16.37171721458435,34956
16.372198581695557,34956
16.372698545455933,34956
16.373177766799927,34956
16.37367033958435,34956
16.3741512298584,34956
16.374643087387085,34956
16.375131130218506,34956
16.375626802444458,34956
16.3761146068573,34956
16.376618146896362,34956
16.377089738845825,34956
16.377588510513306,34956
16.378065824508667,34956
16.37856912612915,34956
16.3790500164032,34956
16.379552125930786,34956
16.38003945350647,34956
16.380532026290894,34956
16.381006002426147,34956
16.381494760513306,34956
16.38198184967041,34956
16.38247561454773,34956
16.382964372634888,34956
16.383461475372314,34956
16.383949995040894,34956
16.384437084197998,34956
16.384924173355103,34956
16.385412454605103,34956
16.38588571548462,34956
16.386390924453735,34956
16.386866807937622,34956
16.38735795021057,34956
16.387848377227783,34956
16.388341426849365,34956
16.388829708099365,34956
16.38931941986084,34956
16.389800548553467,34956
16.390300512313843,34956
16.390783548355103,34956
16.391275882720947,34956
16.391767024993896,34956
16.392261743545532,34956
16.392742395401,34956
16.39322853088379,34956
16.393726587295532,34956
16.394208908081055,34956
16.39469885826111,34956
16.395182132720947,34956
16.39568305015564,34956
16.39617085456848,34956
16.39667057991028,34956
16.397157192230225,34956
16.397650003433228,34956
16.398133039474487,34956
16.39863109588623,34956
16.399118185043335,34956
16.399611473083496,34956
16.400089979171753,34956
16.400580167770386,34956
16.401068210601807,34956
16.401564359664917,34956
16.40204644203186,34956
16.402532815933228,34956
16.403015613555908,34956
16.403502941131592,34956
16.403980493545532,34956
16.404479265213013,34956
16.404960870742798,34956
16.40545105934143,34956
16.405935287475586,34956
16.406439781188965,34956
16.40692925453186,34956
16.407431840896606,34956
16.40791082382202,34956
16.40839982032776,34956
16.408886194229126,34956
16.40936517715454,34956
16.409847497940063,34956
16.410343170166016,34956
16.410832166671753,34956
16.411327600479126,34956
16.411805868148804,34956
16.412291049957275,34956
16.41276717185974,34956
16.413257837295532,34956
16.413742542266846,34956
16.414231061935425,34956
16.414720058441162,34956
16.415199756622314,34956
16.415690898895264,34956
16.416184186935425,34956
16.416686534881592,34956
16.417182445526123,34956
16.417672872543335,34956
16.418163061141968,34956
16.41866445541382,34956
16.41915249824524,34956
16.419641971588135,34956
16.420125484466553,34956
16.420624017715454,34956
16.421106338500977,34956
16.421589851379395,34956
16.42207431793213,34956
16.422569751739502,34956
16.423055410385132,34956
16.42354941368103,34956
16.424034357070923,34956
16.42453384399414,34956
16.42501187324524,34956
16.42550253868103,34956
16.425978899002075,34956
16.426490306854248,34956
16.426981925964355,34956
16.427469491958618,34956
16.42795443534851,34956
16.428449153900146,34956
16.428935766220093,34956
16.429439306259155,34956
16.429929733276367,34956
16.43042016029358,34956
16.430906534194946,34956
16.431403160095215,34956
16.431890726089478,34956
16.43238401412964,34956
16.432870149612427,34956
16.433361291885376,34956
16.433850049972534,34956
16.434340000152588,34956
16.43481731414795,34956
16.435309886932373,34956
16.43579888343811,34956
16.43629550933838,34956
16.43678092956543,34956
16.437268495559692,34956
16.43774175643921,34956
16.438223361968994,34956
16.43871831893921,34956
16.439207553863525,34956
16.439696550369263,34956
16.44018316268921,34956
16.440683841705322,34956
16.441159963607788,34956
16.44164800643921,34956
16.44212508201599,34956
16.442618131637573,34956
16.44310188293457,34956
16.443594217300415,34956
16.444074869155884,34956
16.444574117660522,34956
16.445058345794678,34956
16.44554829597473,34956
16.446044921875,34956
16.44654893875122,34956
16.447033643722534,34956
16.447523593902588,34956
16.448004722595215,34956
16.448493242263794,34956
16.448971033096313,34956
16.44946575164795,34956
16.44993782043457,34956
16.45043706893921,34956
16.450912952423096,34956
16.451403856277466,34956
16.45188283920288,34956
16.45237112045288,34956
16.45285677909851,34956
16.45335078239441,34956
16.453840494155884,34956
16.454339027404785,34956
16.45482110977173,34956
16.455323457717896,34956
16.455808401107788,34956
16.456313610076904,34956
16.456804037094116,34956
16.457300662994385,34956
16.45779013633728,34956
16.458282232284546,34956
16.45876455307007,34956
16.459260940551758,34956
16.45974326133728,34956
16.46022915840149,34956
16.460724115371704,34956
16.46120309829712,34956
16.46169638633728,34956
16.462180614471436,34956
16.462680101394653,34956
16.463160037994385,34956
16.463653802871704,34956
16.464137077331543,34956
16.46462059020996,34956
16.46509099006653,34956
16.465584754943848,34956
16.466074228286743,34956
16.46658158302307,34956
16.467069387435913,34956
16.467565774917603,34956
16.468047380447388,34956
16.46853470802307,34956
16.469011306762695,34956
16.469494581222534,34956
16.46998143196106,34956
16.47048568725586,34956
16.47096562385559,34956
16.47144889831543,34956
16.47193717956543,34956
16.47243332862854,34956
16.472924947738647,34956
16.473415851593018,34956
16.473894596099854,34956
16.47439455986023,34956
16.474880695343018,34956
16.47537088394165,34956
16.47585964202881,34956
16.476366996765137,34956
16.47684597969055,34956
16.477339267730713,34956
16.477826356887817,34956
16.478312253952026,34956
16.478790521621704,34956
16.47928524017334,34956
16.479777097702026,34956
16.480268716812134,34956
16.480756521224976,34956
16.481245517730713,34956
16.481727361679077,34956
16.482218742370605,34956
16.482717990875244,34956
16.483207941055298,34956
16.483699798583984,34956
16.484172344207764,34956
16.48466396331787,34956
16.485155820846558,34956
16.485650777816772,34956
16.48613739013672,34956
16.48664951324463,34956
16.48712968826294,34956
16.48762321472168,34956
16.488112449645996,34956
16.488600730895996,34956
16.48908567428589,34956
16.48958468437195,34956
16.490071535110474,34956
16.490565299987793,34956
16.491048574447632,34956
16.49154758453369,34956
16.492039918899536,34956
16.492536067962646,34956
16.493016004562378,34956
16.493507146835327,34956
16.494003772735596,34956
16.494507789611816,34956
16.494991779327393,34956
16.495490074157715,34956
16.495973587036133,34956
16.496484994888306,34956
16.4969642162323,34956
16.497448444366455,34956
16.497933864593506,34956
16.498424530029297,34956
16.49891209602356,34956
16.499410152435303,34956
16.49989891052246,34956
16.50039291381836,34956
16.500876903533936,34956
16.501368045806885,34956
16.50185465812683,34956
16.50234889984131,34956
16.50283169746399,34956
16.503332138061523,34956
16.503818035125732,34956
16.50430727005005,34956
16.504790544509888,34956
16.505281686782837,34956
16.505765676498413,34956
16.50626564025879,34956
16.50675368309021,34956
16.507246732711792,34956
16.507731914520264,34956
16.508219718933105,34956
16.50870442390442,34956
16.50919222831726,34956
16.509690523147583,34956
16.510173082351685,34956
16.510664701461792,34956
16.511146306991577,34956
16.51163935661316,34956
16.512130737304688,34956
16.512632846832275,34956
16.513120889663696,34956
16.51360321044922,34956
16.514085292816162,34956
16.514575242996216,34956
16.51505994796753,34956
16.515559434890747,34956
16.516040325164795,34956
16.516542673110962,34956
16.51702618598938,34956
16.51752758026123,34956
16.518010139465332,34956
16.51851534843445,34956
16.51899790763855,34956
16.51949644088745,34956
16.519979000091553,34956
16.520477533340454,34956
16.520962476730347,34956
16.521458625793457,34956
16.521945238113403,34956
16.522443294525146,34956
16.52292513847351,34956
16.523414611816406,34956
16.523902416229248,34956
16.524399518966675,34956
16.5248806476593,34956
16.525375843048096,34956
16.52585768699646,34956
16.526354789733887,34956
16.5268292427063,34956
16.527324199676514,34956
16.527815341949463,34956
16.528311014175415,34956
16.5287983417511,34956
16.52928376197815,34956
16.52977180480957,34956
16.53026247024536,34956
16.53075122833252,34956
16.531234979629517,34956
16.531728744506836,34956
16.53221821784973,34956
16.53271508216858,34956
16.533201932907104,34956
16.533693075180054,34956
16.534180164337158,34956
16.53467631340027,34956
16.535157918930054,34956
16.535653352737427,34956
16.536134958267212,34956
16.536638021469116,34956
16.537124156951904,34956
16.537620306015015,34956
16.538109064102173,34956
16.538604736328125,34956
16.539091110229492,34956
16.539592027664185,34956
16.540085315704346,34956
16.54058599472046,34956
16.541077613830566,34956
16.54156494140625,34956
16.542046308517456,34956
16.542536735534668,34956
16.543025970458984,34956
16.543521404266357,34956
16.544002294540405,34956
16.544504404067993,34956
16.544994115829468,34956
16.54549741744995,34956
16.545980215072632,34956
16.54648756980896,34956
16.546971797943115,34956
16.547468900680542,34956
16.547951698303223,34956
16.548444747924805,34956
16.548922300338745,34956
16.54940962791443,34956
16.549898624420166,34956
16.5503888130188,34956
16.550873041152954,34956
16.55136251449585,34956
16.55184268951416,34956
16.552346229553223,34956
16.55283832550049,34956
16.553335428237915,34956
16.553821563720703,34956
16.554312705993652,34956
16.55479383468628,34956
16.55528211593628,34956
16.555768966674805,34956
16.556267261505127,34956
16.556756258010864,34956
16.557246923446655,34956
16.557732582092285,34956
16.55821442604065,34956
16.558698892593384,34956
16.559179306030273,34956
16.559670209884644,34956
16.560161352157593,34956
16.56065320968628,34956
16.561128616333008,34956
16.5616295337677,34956
16.562119722366333,34956
16.562612771987915,34956
16.563097715377808,34956
16.56359577178955,34956
16.564077138900757,34956
16.564570903778076,34956
16.565053462982178,34956
16.565553903579712,34956
16.566030263900757,34956
16.56654119491577,34956
16.567033290863037,34956
16.567530155181885,34956
16.56800937652588,34956
16.568504333496094,34956
16.568997383117676,34956
16.569490432739258,34956
16.569974422454834,34956
16.570465087890625,34956
16.570956707000732,34956
16.57145071029663,34956
16.571935176849365,34956
16.572426557540894,34956
16.572911500930786,34956
16.573406219482422,34956
16.573887586593628,34956
16.574379205703735,34956
16.574870109558105,34956
16.57536768913269,34956
16.575860023498535,34956
16.576366901397705,34956
16.57685399055481,34956
16.57734751701355,34956
16.57783842086792,34956
16.578327894210815,34956
16.578814268112183,34956
16.579315662384033,34956
16.57979655265808,34956
16.580297708511353,34956
16.580780029296875,34956
16.581275701522827,34956
16.581768035888672,34956
16.582260131835938,34956
16.582744598388672,34956
16.583235502243042,34956
16.58372664451599,34956
16.584215879440308,34956
16.584712505340576,34956
16.58519721031189,34956
16.58569359779358,34956
16.586174726486206,34956
16.586679935455322,34956
16.587159395217896,34956
16.587655067443848,34956
16.588140726089478,34956
16.588627099990845,34956
16.589111328125,34956
16.589603900909424,34956
16.59008502960205,34956
16.5905864238739,34956
16.591081380844116,34956
16.59157657623291,34956
16.592058420181274,34956
16.592563152313232,34956
16.59304690361023,34956
16.593541145324707,34956
16.594032049179077,34956
16.594533681869507,34956
16.595020532608032,34956
16.59551429748535,34956
16.595999240875244,34956
16.59650993347168,34956
16.59700059890747,34956
16.597501516342163,34956
16.597993850708008,34956
16.598495721817017,34956
16.598975658416748,34956
16.599473237991333,34956
16.59995722770691,34956
16.600447177886963,34956
16.60093402862549,34956
16.60142230987549,34956
16.6019070148468,34956
16.602400064468384,34956
16.602875232696533,34956
16.603370189666748,34956
16.603861331939697,34956
16.604350566864014,34956
16.604829788208008,34956
16.60533380508423,34956
16.60582733154297,34956
16.606332302093506,34956
16.60681986808777,34956
16.607311487197876,34956
16.607794046401978,34956
16.60829997062683,34956
16.60878300666809,34956
16.60928463935852,34956
16.609766483306885,34956
16.61025643348694,34956
16.610737562179565,34956
16.61122155189514,34956
16.61171245574951,34956
16.61219048500061,34956
16.6126868724823,34956
16.613179922103882,34956
16.61366891860962,34956
16.614157676696777,34956
16.614654541015625,34956
16.615129709243774,34956
16.61562943458557,34956
16.616109132766724,34956
16.61662006378174,34956
16.617111682891846,34956
16.617616415023804,34956
16.618104696273804,34956
16.618598699569702,34956
16.619081258773804,34956
16.61957597732544,34956
16.620072841644287,34956
16.620574951171875,34956
16.621065616607666,34956
16.621565341949463,34956
16.622049808502197,34956
16.622544288635254,34956
16.623027563095093,34956
16.623522996902466,34956
16.624002695083618,34956
16.624505758285522,34956
16.624983072280884,34956
16.62548303604126,34956
16.625961542129517,34956
16.626461267471313,34956
16.6269474029541,34956
16.627435445785522,34956
16.62792420387268,34956
16.628419637680054,34956
16.628902435302734,34956
16.629393815994263,34956
16.62988567352295,34956
16.630380153656006,34956
16.630863428115845,34956
16.63135528564453,34956
16.631843328475952,34956
16.632333040237427,34956
16.63282346725464,34956
16.63332200050354,34956
16.63381004333496,34956
16.6343092918396,34956
16.634784698486328,34956
16.635278940200806,34956
16.63576340675354,34956
16.636274099349976,34956
16.636759281158447,34956
16.6372492313385,34956
16.637730360031128,34956
16.63822031021118,34956
16.638712406158447,34956
16.6391921043396,34956
16.639687538146973,34956
16.640174388885498,34956
16.64067029953003,34956
16.641160488128662,34956
16.64165949821472,34956
16.64214539527893,34956
16.642640113830566,34956
16.64311909675598,34956
16.643610954284668,34956
16.644094705581665,34956
16.644583463668823,34956
16.645065307617188,34956
16.64557194709778,34956
16.646050691604614,34956
16.64656162261963,34956
16.647050380706787,34956
16.647547960281372,34956
16.64802074432373,34956
16.648524045944214,34956
16.64900517463684,34956
16.64949655532837,34956
16.649987936019897,34956
16.65048575401306,34956
16.65096092224121,34956
16.65145707130432,34956
16.651941776275635,34956
16.65243172645569,34956
16.652910470962524,34956
16.65340495109558,34956
16.653892755508423,34956
16.65438723564148,34956
16.654868841171265,34956
16.6553635597229,34956
16.65584444999695,34956
16.656354188919067,34956
16.656847953796387,34956
16.657338857650757,34956
16.657819747924805,34956
16.658313274383545,34956
16.65879535675049,34956
16.65929102897644,34956
16.65977644920349,34956
16.660266637802124,34956
16.660754919052124,34956
16.661238431930542,34956
16.66173529624939,34956
16.66221594810486,34956
16.662712812423706,34956
16.663183450698853,34956
16.663676977157593,34956
16.664164781570435,34956
16.664656162261963,34956
16.66513705253601,34956
16.665624380111694,34956
16.666111946105957,34956
16.6666157245636,34956
16.667100429534912,34956
16.66759991645813,34956
16.668084383010864,34956
16.66857409477234,34956
16.669063806533813,34956
16.66955828666687,34956
16.670050621032715,34956
16.670546531677246,34956
16.671037435531616,34956
16.67153310775757,34956
16.672028303146362,34956
16.672527551651,34956
16.67301917076111,34956
16.673513412475586,34956
16.67399787902832,34956
16.67449116706848,34956
16.674973487854004,34956
16.675474643707275,34956
16.6759672164917,34956
16.676477193832397,34956
16.67695951461792,34956
16.67745304107666,34956
16.67793917655945,34956
16.678426027297974,34956
16.6789128780365,34956
16.679400205612183,34956
16.679882526397705,34956
16.680375576019287,34956
16.68086051940918,34956
16.681354999542236,34956
16.681846380233765,34956
16.682334184646606,34956
16.682827949523926,34956
16.683325052261353,34956
16.683809518814087,34956
16.684308767318726,34956
16.684793949127197,34956
16.68528437614441,34956
16.685773134231567,34956
16.68626832962036,34956
16.68674898147583,34956
16.687233686447144,34956
16.68772029876709,34956
16.68820309638977,34956
16.688689947128296,34956
16.68916368484497,34956
16.68964433670044,34956
16.690126657485962,34956
16.690635204315186,34956
16.691115617752075,34956
16.691606044769287,34956
16.69209313392639,34956
16.692588329315186,34956
16.69307231903076,34956
16.69356393814087,34956
16.69404888153076,34956
16.694538593292236,34956
16.695022106170654,34956
16.695518970489502,34956
16.696001768112183,34956
16.69651699066162,34956
16.697009801864624,34956
16.697503328323364,34956
16.697991609573364,34956
16.698484420776367,34956
16.698975324630737,34956
16.699467658996582,34956
16.699951171875,34956
16.70043420791626,34956
16.700921773910522,34956
16.701417446136475,34956
16.701898336410522,34956
16.702394247055054,34956
16.702876329421997,34956
16.7033748626709,34956
16.703860759735107,34956
16.70434808731079,34956
16.704832553863525,34956
16.705328226089478,34956
16.705816507339478,34956
16.706331253051758,34956
16.706815481185913,34956
16.707309246063232,34956
16.707799196243286,34956
16.708285570144653,34956
16.708774089813232,34956
16.709272146224976,34956
16.70976495742798,34956
16.710265159606934,34956
16.710749626159668,34956
16.711235761642456,34956
16.711729764938354,34956
16.712214708328247,34956
16.712714433670044,34956
16.7131986618042,34956
16.713690519332886,34956
16.714176893234253,34956
16.714670658111572,34956
16.715153217315674,34956
16.715645790100098,34956
16.71613049507141,34956
16.716638565063477,34956
16.717120885849,34956
16.71761703491211,34956
16.71810030937195,34956
16.7186062335968,34956
16.719088792800903,34956
16.719591856002808,34956
16.72007703781128,34956
16.72058081626892,34956
16.72105598449707,34956
16.72154998779297,34956
16.722031593322754,34956
16.72253179550171,34956
16.723015546798706,34956
16.723512649536133,34956
16.723997592926025,34956
16.724494457244873,34956
16.72499179840088,34956
16.72549033164978,34956
16.72597575187683,34956
16.726486921310425,34956
16.726980924606323,34956
16.72747540473938,34956
16.727969646453857,34956
16.728468418121338,34956
16.72895312309265,34956
16.729442596435547,34956
16.729931592941284,34956
16.73041343688965,34956
16.73090386390686,34956
16.731393575668335,34956
16.731878519058228,34956
16.7323739528656,34956
16.732858180999756,34956
16.733357191085815,34956
16.733846187591553,34956
16.734347343444824,34956
16.73483633995056,34956
16.73532772064209,34956
16.73580765724182,34956
16.73630952835083,34956
16.736794471740723,34956
16.737295389175415,34956
16.7377827167511,34956
16.73828625679016,34956
16.738771200180054,34956
16.739267349243164,34956
16.739758253097534,34956
16.740246057510376,34956
16.740725994110107,34956
16.74120330810547,34956
16.741698026657104,34956
16.742183685302734,34956
16.742685079574585,34956
16.743167400360107,34956
16.743661880493164,34956
16.744144439697266,34956
16.744643926620483,34956
16.74513578414917,34956
16.74562430381775,34956
16.746107578277588,34956
16.74661660194397,34956
16.74709177017212,34956
16.74759006500244,34956
16.748077630996704,34956
16.748571634292603,34956
16.749051332473755,34956
16.74955177307129,34956
16.750035047531128,34956
16.750526666641235,34956
16.751015186309814,34956
16.75151538848877,34956
16.752007007598877,34956
16.75250244140625,34956
16.75299072265625,34956
16.753483533859253,34956
16.75397253036499,34956
16.754457235336304,34956
16.75494122505188,34956
16.755424976348877,34956
16.75592017173767,34956
16.756423950195312,34956
16.756908655166626,34956
16.75739812850952,34956
16.75787854194641,34956
16.758365392684937,34956
16.758850812911987,34956
16.759350299835205,34956
16.759841680526733,34956
16.760334014892578,34956
16.760822534561157,34956
16.76131582260132,34956
16.76179838180542,34956
16.762296438217163,34956
16.76278305053711,34956
16.76327347755432,34956
16.763755321502686,34956
16.764247179031372,34956
16.764724731445312,34956
16.765207529067993,34956
16.765690803527832,34956
16.766180992126465,34956
16.76668357849121,34956
16.76717209815979,34956
16.767667531967163,34956
16.768149614334106,34956
16.768646717071533,34956
16.76912808418274,34956
16.76961922645569,34956
16.770099401474,34956
16.77060294151306,34956
16.771089553833008,34956
16.771586894989014,34956
16.772068738937378,34956
16.77256441116333,34956
16.7730553150177,34956
16.773550271987915,34956
16.774033784866333,34956
16.77452039718628,34956
16.77500581741333,34956
16.77550172805786,34956
16.77599596977234,34956
16.77649974822998,34956
16.776975631713867,34956
16.777466773986816,34956
16.77794885635376,34956
16.778447151184082,34956
16.77893614768982,34956
16.779433965682983,34956
16.779919624328613,34956
16.780401468276978,34956
16.78088068962097,34956
16.7813663482666,34956
16.78185224533081,34956
16.782347917556763,34956
16.782840490341187,34956
16.783332586288452,34956
16.78382182121277,34956
16.784322023391724,34956
16.784801721572876,34956
16.78528070449829,34956
16.78576922416687,34956
16.786282062530518,34956
16.786770343780518,34956
16.78725838661194,34956
16.787737369537354,34956
16.78821063041687,34956
16.788708209991455,34956
16.78919768333435,34956
16.78968358039856,34956
16.790167093276978,34956
16.790655374526978,34956
16.79114580154419,34956
16.79163360595703,34956
16.792123317718506,34956
16.792622089385986,34956
16.793102979660034,34956
16.7935893535614,34956
16.794079542160034,34956
16.794570684432983,34956
16.795064449310303,34956
16.795562982559204,34956
16.796038389205933,34956
16.79654097557068,34956
16.797019481658936,34956
16.797521829605103,34956
16.79800844192505,34956
16.798502206802368,34956
16.798988819122314,34956
16.799482822418213,34956
16.79997444152832,34956
16.800471782684326,34956
16.800952911376953,34956
16.801445484161377,34956
16.80193281173706,34956
16.80243158340454,34956
16.802921056747437,34956
16.803404092788696,34956
16.803884744644165,34956
16.804372787475586,34956
16.804861307144165,34956
16.8053560256958,34956
16.805838584899902,34956
16.80634093284607,34956
16.80682635307312,34956
16.807312965393066,34956
16.807801008224487,34956
16.808302402496338,34956
16.808784008026123,34956
16.809275150299072,34956
16.809757947921753,34956
16.810247659683228,34956
16.810739994049072,34956
16.81122851371765,34956
16.811721563339233,34956
16.81220507621765,34956
16.812699556350708,34956
16.813182830810547,34956
16.81367516517639,34956
16.814165830612183,34956
16.814664840698242,34956
16.81514310836792,34956
16.815643787384033,34956
16.81612730026245,34956
16.816637754440308,34956
16.817117929458618,34956
16.817615270614624,34956
16.818097591400146,34956
16.81858992576599,34956
16.81908130645752,34956
16.819576501846313,34956
16.82005262374878,34956
16.820552349090576,34956
16.82103419303894,34956
16.82153296470642,34956
16.8220157623291,34956
16.822509050369263,34956
16.822993278503418,34956
16.823482513427734,34956
16.82396626472473,34956
16.824464797973633,34956
16.824944257736206,34956
16.825435400009155,34956
16.825915575027466,34956
16.826416015625,34956
16.826892375946045,34956
16.82737445831299,34956
16.82786512374878,34956
16.828351974487305,34956
16.828828811645508,34956
16.829324960708618,34956
16.829811096191406,34956
16.830307245254517,34956
16.83078932762146,34956
16.831279277801514,34956
16.831756830215454,34956
16.83223295211792,34956
16.83272933959961,34956
16.83321523666382,34956
16.833706855773926,34956
16.83418869972229,34956
16.834686994552612,34956
16.835171699523926,34956
16.83566188812256,34956
16.836141109466553,34956
16.83664894104004,34956
16.837132453918457,34956
16.837630033493042,34956
16.838112115859985,34956
16.838615655899048,34956
16.839101552963257,34956
16.839597463607788,34956
16.840075731277466,34956
16.840574264526367,34956
16.841065645217896,34956
16.841552257537842,34956
16.842034816741943,34956
16.842525959014893,34956
16.843000411987305,34956
16.84349536895752,34956
16.843984365463257,34956
16.84448552131653,34956
16.844976663589478,34956
16.8454692363739,34956
16.84595274925232,34956
16.846450805664062,34956
16.84693431854248,34956
16.84743046760559,34956
16.847917318344116,34956
16.84841537475586,34956
16.848897457122803,34956
16.84938955307007,34956
16.849883794784546,34956
16.850382566452026,34956
16.850867986679077,34956
16.85136127471924,34956
16.85185480117798,34956
16.852351665496826,34956
16.852843523025513,34956
16.853339195251465,34956
16.85382866859436,34956
16.854321479797363,34956
16.85480046272278,34956
16.855295181274414,34956
16.8557870388031,34956
16.85628342628479,34956
16.85677146911621,34956
16.857268810272217,34956
16.857754230499268,34956
16.858233213424683,34956
16.858724355697632,34956
16.859211921691895,34956
16.859699964523315,34956
16.860193729400635,34956
16.860689640045166,34956
16.86117649078369,34956
16.861676931381226,34956
16.86216902732849,34956
16.862659692764282,34956
16.86313509941101,34956
16.86363434791565,34956
16.864129543304443,34956
16.864633321762085,34956
16.865122318267822,34956
16.865607261657715,34956
16.866087675094604,34956
16.866592407226562,34956
16.867075204849243,34956
16.86756658554077,34956
16.86804699897766,34956
16.86854362487793,34956
16.869019031524658,34956
16.8695125579834,34956
16.869993925094604,34956
16.870489358901978,34956
16.87096881866455,34956
16.871466398239136,34956
16.871941566467285,34956
16.87243366241455,34956
16.87291646003723,34956
16.87340760231018,34956
16.873886585235596,34956
16.874374389648438,34956
16.874853134155273,34956
16.875345945358276,34956
16.875838041305542,34956
16.876338720321655,34956
16.87681555747986,34956
16.877311944961548,34956
16.877804279327393,34956
16.878308534622192,34956
16.87878656387329,34956
16.879282236099243,34956
16.87976837158203,34956
16.88026738166809,34956
16.880751371383667,34956
16.88122868537903,34956
16.88171672821045,34956
16.882193326950073,34956
16.8826801776886,34956
16.883172750473022,34956
16.883667945861816,34956
16.884156227111816,34956
16.88464665412903,34956
16.88513159751892,34956
16.88564395904541,34956
16.886139392852783,34956
16.886650800704956,34956
16.887139081954956,34956
16.887632369995117,34956
16.88810968399048,34956
16.88859796524048,34956
16.8890860080719,34956
16.88960909843445,34956
16.890090703964233,34956
16.89058208465576,34956
16.891063690185547,34956
16.89155650138855,34956
16.89204454421997,34956
16.892537355422974,34956
16.89301824569702,34956
16.893518209457397,34956
16.89399218559265,34956
16.89449691772461,34956
16.894978761672974,34956
16.895466089248657,34956
16.895951747894287,34956
16.896459341049194,34956
16.896936178207397,34956
16.897433042526245,34956
16.897916316986084,34956
16.898414373397827,34956
16.89888906478882,34956
16.899385690689087,34956
16.899871587753296,34956
16.900365114212036,34956
16.90085220336914,34956
16.901347637176514,34956
16.90183401107788,34956
16.902315616607666,34956
16.902806758880615,34956
16.903311014175415,34956
16.903811931610107,34956
16.904301166534424,34956
16.90477991104126,34956
16.90527057647705,34956
16.905789852142334,34956
16.90630054473877,34956
16.906780004501343,34956
16.907280445098877,34956
16.90777087211609,34956
16.908270597457886,34956
16.908764600753784,34956
16.90926480293274,34956
16.909752130508423,34956
16.910247564315796,34956
16.910738706588745,34956
16.91122817993164,34956
16.911729097366333,34956
16.912217617034912,34956
16.912713527679443,34956
16.9132080078125,34956
16.913699865341187,34956
16.91417932510376,34956
16.91466999053955,34956
16.915156841278076,34956
16.915639877319336,34956
16.91611886024475,34956
16.9166259765625,34956
16.917105674743652,34956
16.917595148086548,34956
16.918090105056763,34956
16.918839931488037,34956
16.91968584060669,34956
16.920528888702393,34956
16.92138934135437,34956
16.922261238098145,34956
16.92309880256653,34956
16.923940181732178,34956
16.92479419708252,34956
16.9256534576416,34956
16.92652988433838,34956
16.92741060256958,34956
16.928266048431396,34956
16.929085969924927,34956
16.929919004440308,34956
16.930772304534912,34956
16.931630611419678,34956
16.932487726211548,34956
16.93332004547119,34956
16.934165000915527,34956
16.935017824172974,34956
16.935887336730957,34956
16.936742782592773,34956
16.937584400177002,34956
16.93842601776123,34956
16.939275979995728,34956
16.940136909484863,34956
16.941022634506226,34956
16.9418842792511,34956
16.942718744277954,34956
16.94355821609497,34956
16.944409370422363,34956
16.9452862739563,34956
16.94613265991211,34956
16.946980237960815,34956
16.94783091545105,34956
16.948692083358765,34956
16.9495587348938,34956
16.950406312942505,34956
16.951234340667725,34956
16.952088594436646,34956
16.952950477600098,34956
16.9537992477417,34956
16.954634428024292,34956
16.95547842979431,34956
16.956345796585083,34956
16.95719051361084,34956
16.958040714263916,34956
16.95890164375305,34956
16.959752082824707,34956
16.9605872631073,34956
16.961423873901367,34956
16.962279558181763,34956
16.963144540786743,34956
16.96401286125183,34956
16.964890480041504,34956
16.9657564163208,34956
16.96659278869629,34956
16.967442512512207,34956
16.96829390525818,34956
16.969146013259888,34956
16.970009803771973,34956
16.970848083496094,34956
16.971692085266113,34956
16.9725399017334,34956
16.97340178489685,34956
16.97427749633789,34956
16.975146293640137,34956
16.97600269317627,34956
16.97684359550476,34956
16.977687120437622,34956
16.978538513183594,34956
16.979402780532837,34956
16.980227947235107,34956
16.981058597564697,34956
16.98189687728882,34956
16.982754468917847,34956
16.983614206314087,34956
16.984453201293945,34956
16.985286951065063,34956
16.98613715171814,34956
16.987006902694702,34956
16.98788285255432,34956
16.988730430603027,34956
16.98957633972168,34956
16.990455150604248,34956
16.991328716278076,34956
16.992154598236084,34956
16.992998600006104,34956
16.99384093284607,34956
16.994698524475098,34956
16.995558500289917,34956
16.99641704559326,34956
16.99726128578186,34956
16.99811029434204,34956
16.998963117599487,34956
16.999797821044922,34956
17.00064253807068,34956
17.001501083374023,34956
17.002373218536377,34956
17.00321888923645,34956
17.004050493240356,34956
17.004897594451904,34956
17.005755186080933,34956
17.00662112236023,34956
17.007494688034058,34956
17.008368015289307,34956
17.009228467941284,34956
17.01005530357361,34956
17.010898113250732,34956
17.011746406555176,34956
17.012609481811523,34956
17.01347780227661,34956
17.014354705810547,34956
17.01520323753357,34956
17.01603126525879,34956
17.016875982284546,34956
17.017725706100464,34956
17.018593788146973,34956
17.019449710845947,34956
17.020276308059692,34956
17.021108865737915,34956
17.021967887878418,34956
17.022826433181763,34956
17.023696184158325,34956
17.024578094482422,34956
17.02544617652893,34956
17.026298999786377,34956
17.027137994766235,34956
17.027989864349365,34956
17.028851747512817,34956
17.02969193458557,34956
17.030539512634277,34956
17.03138756752014,34956
17.032246112823486,34956
17.03311038017273,34956
17.03399395942688,34956
17.03486180305481,34956
17.035704135894775,34956
17.036550045013428,34956
17.037401914596558,34956
17.038275003433228,34956
17.039130210876465,34956
17.039966344833374,34956
17.040799379348755,34956
17.041661262512207,34956
17.042518138885498,34956
17.04339575767517,34956
17.044267654418945,34956
17.04510259628296,34956
17.0459303855896,34956
17.046778440475464,34956
17.047635078430176,34956
17.048503875732422,34956
17.04933762550354,34956
17.050169229507446,34956
17.05102038383484,34956
17.051883459091187,34956
17.052737951278687,34956
17.05357599258423,34956
17.05444312095642,34956
17.055295944213867,34956
17.056134462356567,34956
17.057018518447876,34956
17.05788278579712,34956
17.058748960494995,34956
17.059585571289062,34956
17.060434341430664,34956
17.061286211013794,34956
17.06215262413025,34956
17.06299591064453,34956
17.06384015083313,34956
17.06469225883484,34956
17.065549850463867,34956
17.0664222240448,34956
17.06725549697876,34956
17.068095207214355,34956
17.068943977355957,34956
17.069798946380615,34956
17.07066822052002,34956
17.071537017822266,34956
17.07239270210266,34956
17.07321310043335,34956
17.074055910110474,34956
17.07490372657776,34956
17.075765371322632,34956
17.076622009277344,34956
17.07746410369873,34956
17.078308582305908,34956
17.079156160354614,34956
17.080018281936646,34956
17.080851316452026,34956
17.081701040267944,34956
17.082540035247803,34956
17.083410024642944,34956
17.084244966506958,34956
17.085076332092285,34956
17.085927963256836,34956
17.086796522140503,34956
17.0876567363739,34956
17.088505744934082,34956
17.089354753494263,34956
17.090194702148438,34956
17.09106707572937,34956
17.091939210891724,34956
17.092787981033325,34956
17.09363555908203,34956
17.09446907043457,34956
17.09530806541443,34956
17.096153259277344,34956
17.09703302383423,34956
17.097895622253418,34956
17.098728895187378,34956
17.099581003189087,34956
17.100425004959106,34956
17.101293087005615,34956
17.10214352607727,34956
17.103009462356567,34956
17.103883266448975,34956
17.104713201522827,34956
17.105557918548584,34956
17.10641598701477,34956
17.107281923294067,34956
17.108121156692505,34956
17.10895824432373,34956
17.109801769256592,34956
17.110665798187256,34956
17.11152935028076,34956
17.112394332885742,34956
17.113231658935547,34956
17.11408519744873,34956
17.11492085456848,34956
17.115777730941772,34956
17.116640329360962,34956
17.11749792098999,34956
17.118340492248535,34956
17.11917734146118,34956
17.120035886764526,34956
17.120901584625244,34956
17.121782064437866,34956
17.122654914855957,34956
17.123520851135254,34956
17.124367475509644,34956
17.12520170211792,34956
17.12604784965515,34956
17.126923322677612,34956
17.12777280807495,34956
17.128610134124756,34956
17.129451513290405,34956
17.13031506538391,34956
17.13118624687195,34956
17.132031440734863,34956
17.132872343063354,34956
17.133718013763428,34956
17.13459014892578,34956
17.13543963432312,34956
17.13629126548767,34956
17.137126445770264,34956
17.137982606887817,34956
17.138850450515747,34956
17.139707803726196,34956
17.140594720840454,34956
17.141443967819214,34956
17.142282247543335,34956
17.14312243461609,34956
17.14397430419922,34956
17.14484715461731,34956
17.14567756652832,34956
17.146517992019653,34956
17.147356748580933,34956
17.14821481704712,34956
17.149065494537354,34956
17.149893045425415,34956
17.150747299194336,34956
17.151604413986206,34956
17.152456283569336,34956
17.153332471847534,34956
17.154199361801147,34956
17.155067205429077,34956
17.155897855758667,34956
17.15675115585327,34956
17.15759778022766,34956
17.158464193344116,34956
17.15933322906494,34956
17.160224199295044,34956
17.161073207855225,34956
17.161916255950928,34956
17.162758827209473,34956
17.163604497909546,34956
17.16446828842163,34956
17.16532301902771,34956
17.166158437728882,34956
17.167014837265015,34956
17.16787552833557,34956
17.168752193450928,34956
17.169585943222046,34956
17.1704261302948,34956
17.17128038406372,34956
17.17213535308838,34956
17.17299199104309,34956
17.173829317092896,34956
17.174673557281494,34956
17.17552399635315,34956
17.176400423049927,34956
17.177260637283325,34956
17.178102731704712,34956
17.178956985473633,34956
17.17978572845459,34956
17.18063497543335,34956
17.18148684501648,34956
17.18235969543457,34956
17.183192253112793,34956
17.18402409553528,34956
17.18487238883972,34956
17.185730934143066,34956
17.18660020828247,34956
17.18744421005249,34956
17.188292264938354,34956
17.18913459777832,34956
17.18998646736145,34956
17.190857648849487,34956
17.19172167778015,34956
17.192569494247437,34956
17.19344401359558,34956
17.194327354431152,34956
17.195164918899536,34956
17.195997953414917,34956
17.1968412399292,34956
17.197694778442383,34956
17.198564291000366,34956
17.199399709701538,34956
17.20023012161255,34956
17.201080322265625,34956
17.20194411277771,34956
17.20279359817505,34956
17.203623294830322,34956
17.204463720321655,34956
17.205333948135376,34956
17.206186056137085,34956
17.207027435302734,34956
17.207870721817017,34956
17.20872926712036,34956
17.20960760116577,34956
17.210444450378418,34956
17.211270809173584,34956
17.21210813522339,34956
17.21296787261963,34956
17.21382236480713,34956
17.214686632156372,34956
17.2155282497406,34956
17.216391563415527,34956
17.217228174209595,34956
17.218077421188354,34956
17.218926191329956,34956
17.21980381011963,34956
17.220637559890747,34956
17.22148871421814,34956
17.222333431243896,34956
17.223199129104614,34956
17.22404909133911,34956
17.224889993667603,34956
17.225730419158936,34956
17.226600646972656,34956
17.227447748184204,34956
17.22831439971924,34956
17.229137182235718,34956
17.229994297027588,34956
17.230830430984497,34956
17.231664657592773,34956
17.232517957687378,34956
17.23338222503662,34956
17.234229803085327,34956
17.23506212234497,34956
17.23590612411499,34956
17.236774921417236,34956
17.237637996673584,34956
17.238510370254517,34956
17.23937463760376,34956
17.240211963653564,34956
17.241048574447632,34956
17.241894483566284,34956
17.242744207382202,34956
17.243616342544556,34956
17.24445080757141,34956
17.24529767036438,34956
17.246150493621826,34956
17.24703025817871,34956
17.247876167297363,34956
17.24871516227722,34956
17.249562740325928,34956
17.250410556793213,34956
17.251272678375244,34956
17.252134084701538,34956
17.252983331680298,34956
17.253846883773804,34956
17.254682302474976,34956
17.25552535057068,34956
17.256386280059814,34956
17.257251739501953,34956
17.25808811187744,34956
17.25892949104309,34956
17.259777307510376,34956
17.260634660720825,34956
17.261494874954224,34956
17.262333869934082,34956
17.26317048072815,34956
17.26403021812439,34956
17.264894723892212,34956
17.265771865844727,34956
17.266643524169922,34956
17.267498254776,34956
17.268340826034546,34956
17.269181728363037,34956
17.270029067993164,34956
17.270886182785034,34956
17.271725177764893,34956
17.27256941795349,34956
17.273425579071045,34956
17.2742919921875,34956
17.275148630142212,34956
17.275988817214966,34956
17.276843309402466,34956
17.27768325805664,34956
17.2785484790802,34956
17.279377460479736,34956
17.280208110809326,34956
17.28105401992798,34956
17.281924724578857,34956
17.282803297042847,34956
17.283660650253296,34956
17.284504652023315,34956
17.285362243652344,34956
17.286272525787354,34956
17.287120580673218,34956
17.287960052490234,34956
17.288806200027466,34956
17.289661645889282,34956
17.2905330657959,34956
17.29137659072876,34956
17.292210578918457,34956
17.293066024780273,34956
17.293925523757935,34956
17.294782161712646,34956
17.295621871948242,34956
17.296475410461426,34956
17.29733109474182,34956
17.298193216323853,34956
17.299020528793335,34956
17.299854278564453,34956
17.300707578659058,34956
17.301567792892456,34956
17.30242896080017,34956
17.303255319595337,34956
17.30409860610962,34956
17.304951667785645,34956
17.305814027786255,34956
17.306690454483032,34956
17.30755877494812,34956
17.308410167694092,34956
17.30924391746521,34956
17.31007480621338,34956
17.310919523239136,34956
17.311784267425537,34956
17.312645196914673,34956
17.313485145568848,34956
17.314327716827393,34956
17.315175771713257,34956
17.31603765487671,34956
17.316922903060913,34956
17.31777572631836,34956
17.318630933761597,34956
17.31945776939392,34956
17.320306062698364,34956
17.32115602493286,34956
17.322026252746582,34956
17.322861194610596,34956
17.32369637489319,34956
17.324538469314575,34956
17.32540774345398,34956
17.326262950897217,34956
17.32709813117981,34956
17.32795000076294,34956
17.328815698623657,34956
17.32967972755432,34956
17.330528497695923,34956
17.33137083053589,34956
17.332208156585693,34956
17.33307433128357,34956
17.333914756774902,34956
17.334755897521973,34956
17.335599899291992,34956
17.336469173431396,34956
17.33732843399048,34956
17.33814811706543,34956
17.33898663520813,34956
17.339847326278687,34956
17.340710639953613,34956
17.341573476791382,34956
17.342426300048828,34956
17.343296766281128,34956
17.344170093536377,34956
17.345030784606934,34956
17.34589695930481,34956
17.346742153167725,34956
17.34756827354431,34956
17.34841537475586,34956
17.349283933639526,34956
17.350133895874023,34956
17.35097312927246,34956
17.351828813552856,34956
17.352683305740356,34956
17.35354709625244,34956
17.35438585281372,34956
17.355210542678833,34956
17.35606050491333,34956
17.35692811012268,34956
17.35777497291565,34956
17.358617782592773,34956
17.359466552734375,34956
17.360329151153564,34956
17.361193656921387,34956
17.362021923065186,34956
17.362857341766357,34956
17.363703727722168,34956
17.3645658493042,34956
17.36541175842285,34956
17.366252899169922,34956
17.367088317871094,34956
17.36794924736023,34956
17.368810892105103,34956
17.369676113128662,34956
17.370515823364258,34956
17.371378898620605,34956
17.372206449508667,34956
17.37304711341858,34956
17.373881578445435,34956
17.37474822998047,34956
17.375598669052124,34956
17.37644076347351,34956
17.377281427383423,34956
17.378129482269287,34956
17.378986597061157,34956
17.37986135482788,34956
17.38072443008423,34956
17.381588459014893,34956
17.38241219520569,34956
17.383249521255493,34956
17.38409185409546,34956
17.38495635986328,34956
17.385804414749146,34956
17.386648416519165,34956
17.38749051094055,34956
17.38834047317505,34956
17.3892023563385,34956
17.390063285827637,34956
17.390928030014038,34956
17.391780614852905,34956
17.392616987228394,34956
17.393458366394043,34956
17.394323587417603,34956
17.395188808441162,34956
17.396012544631958,34956
17.396864652633667,34956
17.39771342277527,34956
17.398574113845825,34956
17.399436950683594,34956
17.400303602218628,34956
17.40113925933838,34956
17.40197443962097,34956
17.40281367301941,34956
17.403664112091064,34956
17.404518604278564,34956
17.40536403656006,34956
17.406184911727905,34956
17.40703558921814,34956
17.407886266708374,34956
17.40875220298767,34956
17.409592390060425,34956
17.410433053970337,34956
17.41127896308899,34956
17.412142515182495,34956
17.413020610809326,34956
17.413861989974976,34956
17.414724111557007,34956
17.415573835372925,34956
17.416417360305786,34956
17.417264461517334,34956
17.41812777519226,34956
17.418983936309814,34956
17.419824361801147,34956
17.420674085617065,34956
17.42151713371277,34956
17.422394037246704,34956
17.423229455947876,34956
17.424067497253418,34956
17.424924612045288,34956
17.425776720046997,34956
17.42663550376892,34956
17.427528142929077,34956
17.42838406562805,34956
17.429219245910645,34956
17.43005895614624,34956
17.43091130256653,34956
17.43177103996277,34956
17.432639122009277,34956
17.43347930908203,34956
17.434309720993042,34956
17.435153484344482,34956
17.436028718948364,34956
17.436896800994873,34956
17.43777632713318,34956
17.43863797187805,34956
17.43947196006775,34956
17.440311908721924,34956
17.441157817840576,34956
17.442021369934082,34956
17.44287419319153,34956
17.443711280822754,34956
17.444550275802612,34956
17.445414543151855,34956
17.446293830871582,34956
17.447116136550903,34956
17.447962045669556,34956
17.448807954788208,34956
17.449676752090454,34956
17.45052695274353,34956
17.451404809951782,34956
17.452244997024536,34956
17.453072786331177,34956
17.453901290893555,34956
17.454750299453735,34956
17.455612421035767,34956
17.45647692680359,34956
17.457310914993286,34956
17.458149671554565,34956
17.458993911743164,34956
17.459843158721924,34956
17.46072006225586,34956
17.46157217025757,34956
17.462432622909546,34956
17.463268756866455,34956
17.46410346031189,34956
17.464953660964966,34956
17.465810298919678,34956
17.46665334701538,34956
17.467491149902344,34956
17.46833348274231,34956
17.469180822372437,34956
17.470037937164307,34956
17.470879077911377,34956
17.471730947494507,34956
17.472588300704956,34956
17.47345519065857,34956
17.474318265914917,34956
17.47518038749695,34956
17.476039171218872,34956
17.47689199447632,34956
17.477734088897705,34956
17.4785897731781,34956
17.47946000099182,34956
17.480303525924683,34956
17.481138944625854,34956
17.481982707977295,34956
17.48283553123474,34956
17.483691215515137,34956
17.484532594680786,34956
17.48536252975464,34956
17.4862060546875,34956
17.48707890510559,34956
17.487951040267944,34956
17.48881483078003,34956
17.489667177200317,34956
17.490503311157227,34956
17.491347551345825,34956
17.492187023162842,34956
17.493041038513184,34956
17.49388885498047,34956
17.49478840827942,34956
17.49565029144287,34956
17.49649477005005,34956
17.497327089309692,34956
17.498167276382446,34956
17.499029636383057,34956
17.49988102912903,34956
17.500726461410522,34956
17.501574754714966,34956
17.502434253692627,34956
17.503315210342407,34956
17.50413179397583,34956
17.504968881607056,34956
17.5058171749115,34956
17.506694793701172,34956
17.50755000114441,34956
17.508395671844482,34956
17.50922703742981,34956
17.510087966918945,34956
17.51094388961792,34956
17.511780500411987,34956
17.512627124786377,34956
17.513471126556396,34956
17.51433777809143,34956
17.51520299911499,34956
17.51605796813965,34956
17.516907930374146,34956
17.517749309539795,34956
17.518584489822388,34956
17.519434928894043,34956
17.520294189453125,34956
17.521148204803467,34956
17.52198624610901,34956
17.522831201553345,34956
17.523688077926636,34956
17.52455425262451,34956
17.52539610862732,34956
17.52623152732849,34956
17.52708625793457,34956
17.52795171737671,34956
17.52880883216858,34956
17.52967882156372,34956
17.530529260635376,34956
17.531380891799927,34956
17.53221082687378,34956
17.533061027526855,34956
17.53391671180725,34956
17.534790992736816,34956
17.535631895065308,34956
17.53647255897522,34956
17.537325382232666,34956
17.538182258605957,34956
17.53903555870056,34956
17.539920568466187,34956
17.540764093399048,34956
17.541610956192017,34956
17.5424485206604,34956
17.543291568756104,34956
17.544143438339233,34956
17.545005083084106,34956
17.545851230621338,34956
17.546705722808838,34956
17.547562837600708,34956
17.548428535461426,34956
17.54926633834839,34956
17.550098419189453,34956
17.55094265937805,34956
17.551801681518555,34956
17.552669048309326,34956
17.553551197052002,34956
17.55440902709961,34956
17.555235385894775,34956
17.556073427200317,34956
17.556928157806396,34956
17.557783365249634,34956
17.558645009994507,34956
17.559486627578735,34956
17.56032657623291,34956
17.561169862747192,34956
17.562033653259277,34956
17.56288504600525,34956
17.563756465911865,34956
17.56460189819336,34956
17.5654399394989,34956
17.566288948059082,34956
17.567129611968994,34956
17.567986488342285,34956
17.568848371505737,34956
17.569738149642944,34956
17.570592403411865,34956
17.57142996788025,34956
17.572269201278687,34956
17.573118209838867,34956
17.57398557662964,34956
17.57484483718872,34956
17.57568907737732,34956
17.57655119895935,34956
17.577411651611328,34956
17.578280448913574,34956
17.579116821289062,34956
17.579957246780396,34956
17.580814361572266,34956
17.58167862892151,34956
17.582556009292603,34956
17.583452939987183,34956
17.584303379058838,34956
17.585134267807007,34956
17.585970163345337,34956
17.58682608604431,34956
17.58768916130066,34956
17.588544845581055,34956
17.589386224746704,34956
17.590208530426025,34956
17.59106755256653,34956
17.591938972473145,34956
17.592769145965576,34956
17.593607664108276,34956
17.594468593597412,34956
17.59532880783081,34956
17.596193552017212,34956
17.5970618724823,34956
17.597914218902588,34956
17.59874963760376,34956
17.59958553314209,34956
17.600430965423584,34956
17.601293563842773,34956
17.602144241333008,34956
17.60297966003418,34956
17.603820085525513,34956
17.604665756225586,34956
17.605537176132202,34956
17.606425285339355,34956
17.60727286338806,34956
17.608119249343872,34956
17.608964681625366,34956
17.60980772972107,34956
17.610652208328247,34956
17.61151385307312,34956
17.612383127212524,34956
17.613266706466675,34956
17.61412000656128,34956
17.61495065689087,34956
17.615796327590942,34956
17.616650581359863,34956
17.617513418197632,34956
17.618365049362183,34956
17.61919379234314,34956
17.62003779411316,34956
17.6208918094635,34956
17.62175989151001,34956
17.622594594955444,34956
17.62343454360962,34956
17.624290943145752,34956
17.625159978866577,34956
17.626002073287964,34956
17.626835346221924,34956
17.627676248550415,34956
17.628536701202393,34956
17.62939190864563,34956
17.63022232055664,34956
17.63107204437256,34956
17.631917238235474,34956
17.63279104232788,34956
17.633665084838867,34956
17.63452458381653,34956
17.63536238670349,34956
17.63620352745056,34956
17.6370530128479,34956
17.637898921966553,34956
17.638758420944214,34956
17.639615535736084,34956
17.640458822250366,34956
17.641298294067383,34956
17.642144441604614,34956
17.64300775527954,34956
17.64388370513916,34956
17.644761323928833,34956
17.645628452301025,34956
17.64647150039673,34956
17.647320985794067,34956
17.64816975593567,34956
17.649043321609497,34956
17.649881601333618,34956
17.65071940422058,34956
17.651573181152344,34956
17.65243649482727,34956
17.65329599380493,34956
17.654125690460205,34956
17.654969453811646,34956
17.65582799911499,34956
17.65670943260193,34956
17.65757727622986,34956
17.658450841903687,34956
17.659306287765503,34956
17.660133123397827,34956
17.660982847213745,34956
17.661842107772827,34956
17.66270089149475,34956
17.66355586051941,34956
17.66438865661621,34956
17.66521978378296,34956
17.66608190536499,34956
17.666948080062866,34956
17.667853593826294,34956
17.668699502944946,34956
17.66955828666687,34956
17.67039704322815,34956
17.67122983932495,34956
17.672078371047974,34956
17.672919273376465,34956
17.67379331588745,34956
17.674665927886963,34956
17.675508975982666,34956
17.676357746124268,34956
17.67719531059265,34956
17.678051471710205,34956
17.678913593292236,34956
17.679749250411987,34956
17.68059015274048,34956
17.68144130706787,34956
17.682296991348267,34956
17.683120489120483,34956
17.68396019935608,34956
17.68480944633484,34956
17.685669660568237,34956
17.68652892112732,34956
17.687373876571655,34956
17.688209056854248,34956
17.689062118530273,34956
17.689913749694824,34956
17.690776824951172,34956
17.691654682159424,34956
17.692502737045288,34956
17.6933856010437,34956
17.694254875183105,34956
17.695082664489746,34956
17.69592022895813,34956
17.69678282737732,34956
17.697646141052246,34956
17.698508739471436,34956
17.69934606552124,34956
17.700190544128418,34956
17.70103621482849,34956
17.70189881324768,34956
17.70274257659912,34956
17.70358157157898,34956
17.70442247390747,34956
17.705281019210815,34956
17.706132411956787,34956
17.70697855949402,34956
17.707824230194092,34956
17.70867896080017,34956
17.709545850753784,34956
17.710421800613403,34956
17.711276531219482,34956
17.71211528778076,34956
17.712958812713623,34956
17.713796377182007,34956
17.71465253829956,34956
17.715516805648804,34956
17.71638250350952,34956
17.717212915420532,34956
17.718057870864868,34956
17.718909978866577,34956
17.719781637191772,34956
17.72061061859131,34956
17.72145128250122,34956
17.722304582595825,34956
17.723162412643433,34956
17.72401237487793,34956
17.72484588623047,34956
17.72569513320923,34956
17.726562976837158,34956
17.727425575256348,34956
17.728309154510498,34956
17.7291579246521,34956
17.73002028465271,34956
17.730860710144043,34956
17.731698989868164,34956
17.73254656791687,34956
17.733407974243164,34956
17.734291553497314,34956
17.735141277313232,34956
17.736005306243896,34956
17.736852884292603,34956
17.737695932388306,34956
17.7385573387146,34956
17.739431142807007,34956
17.740264177322388,34956
17.741092681884766,34956
17.74193572998047,34956
17.742802381515503,34956
17.74366283416748,34956
17.74449324607849,34956
17.74533700942993,34956
17.746173858642578,34956
17.74704074859619,34956
17.747909545898438,34956
17.748779296875,34956
17.749643564224243,34956
17.750483512878418,34956
17.751312017440796,34956
17.752160787582397,34956
17.753019332885742,34956
17.753867387771606,34956
17.75470495223999,34956
17.755553483963013,34956
17.75642418861389,34956
17.75728750228882,34956
17.75811767578125,34956
17.75896430015564,34956
17.759820461273193,34956
17.76068353652954,34956
17.761556386947632,34956
17.762431621551514,34956
17.763283491134644,34956
17.76410460472107,34956
17.76494312286377,34956
17.765785455703735,34956
17.76665735244751,34956
17.7675142288208,34956
17.768349647521973,34956
17.769185543060303,34956
17.770041942596436,34956
17.770915746688843,34956
17.771759510040283,34956
17.77260160446167,34956
17.773452520370483,34956
17.77431869506836,34956
17.7751522064209,34956
17.775980472564697,34956
17.77684473991394,34956
17.777708053588867,34956
17.778568029403687,34956
17.779412984848022,34956
17.780258655548096,34956
17.78111171722412,34956
17.781984567642212,34956
17.782849550247192,34956
17.783703804016113,34956
17.784568786621094,34956
17.7854266166687,34956
17.786272764205933,34956
17.78710436820984,34956
17.78796124458313,34956
17.788812160491943,34956
17.789666175842285,34956
17.790520668029785,34956
17.7913875579834,34956
17.792208909988403,34956
17.793050527572632,34956
17.793898344039917,34956
17.794756650924683,34956
17.795600652694702,34956
17.796456813812256,34956
17.797300100326538,34956
17.79815149307251,34956
17.79902935028076,34956
17.799903631210327,34956
17.800760984420776,34956
17.80160164833069,34956
17.80243706703186,34956
17.803282022476196,34956
17.80414056777954,34956
17.804999828338623,34956
17.805837869644165,34956
17.806694507598877,34956
17.80754828453064,34956
17.808417320251465,34956
17.809253454208374,34956
17.81009340286255,34956
17.810951471328735,34956
17.811814069747925,34956
17.812664270401,34956
17.813498973846436,34956
17.814351081848145,34956
17.81520390510559,34956
17.816051483154297,34956
17.816926956176758,34956
17.817791223526,34956
17.818655252456665,34956
17.819485902786255,34956
17.820331811904907,34956
17.821167469024658,34956
17.822028636932373,34956
17.822911500930786,34956
17.823763847351074,34956
17.824636936187744,34956
17.82546830177307,34956
17.82631754875183,34956
17.827163696289062,34956
17.828027963638306,34956
17.82887601852417,34956
17.829718589782715,34956
17.830565929412842,34956
17.831429481506348,34956
17.832300662994385,34956
17.833133697509766,34956
17.83396077156067,34956
17.83481502532959,34956
17.835683345794678,34956
17.83653712272644,34956
17.837377071380615,34956
17.83821177482605,34956
17.83906602859497,34956
17.839925289154053,34956
17.84081745147705,34956
17.841657161712646,34956
17.84251308441162,34956
17.84334635734558,34956
17.84418296813965,34956
17.845038175582886,34956
17.84589409828186,34956
17.846765518188477,34956
17.84765934944153,34956
17.848520517349243,34956
17.849360466003418,34956
17.850197315216064,34956
17.851053476333618,34956
17.851914882659912,34956
17.852744102478027,34956
17.85357093811035,34956
17.854419231414795,34956
17.855283737182617,34956
17.85613179206848,34956
17.856984615325928,34956
17.857836484909058,34956
17.858688831329346,34956
17.85956835746765,34956
17.860411167144775,34956
17.861257314682007,34956
17.86209774017334,34956
17.86295509338379,34956
17.863820552825928,34956
17.86469340324402,34956
17.865557193756104,34956
17.866424560546875,34956
17.867251873016357,34956
17.868093490600586,34956
17.868947982788086,34956
17.86981987953186,34956
17.87065362930298,34956
17.8714919090271,34956
17.872342109680176,34956
17.8731951713562,34956
17.874045372009277,34956
17.874919414520264,34956
17.87579607963562,34956
17.876640558242798,34956
17.877476692199707,34956
17.8783278465271,34956
17.879179000854492,34956
17.880038499832153,34956
17.880878925323486,34956
17.881728649139404,34956
17.882573127746582,34956
17.88344144821167,34956
17.884273529052734,34956
17.885105848312378,34956
17.88595223426819,34956
17.886829137802124,34956
17.88767719268799,34956
17.888507843017578,34956
17.889347076416016,34956
17.89019751548767,34956
17.891063451766968,34956
17.89190649986267,34956
17.892742395401,34956
17.893593549728394,34956
17.894453525543213,34956
17.895310640335083,34956
17.89617896080017,34956
17.897033214569092,34956
17.89787268638611,34956
17.898701429367065,34956
17.899552822113037,34956
17.900411367416382,34956
17.901283264160156,34956
17.902109622955322,34956
17.9029541015625,34956
17.903804779052734,34956
17.904680967330933,34956
17.90555500984192,34956
17.906440258026123,34956
17.90729022026062,34956
17.908114433288574,34956
17.90894842147827,34956
17.909789085388184,34956
17.91065549850464,34956
17.911500453948975,34956
17.912333965301514,34956
17.913166522979736,34956
17.914027452468872,34956
17.91489315032959,34956
17.915730237960815,34956
17.916582584381104,34956
17.917426824569702,34956
17.918293714523315,34956
17.91914963722229,34956
17.92002534866333,34956
17.92086410522461,34956
17.921738624572754,34956
17.922595262527466,34956
17.923458099365234,34956
17.924302577972412,34956
17.925140619277954,34956
17.92599105834961,34956
17.92686700820923,34956
17.927706003189087,34956
17.92854595184326,34956
17.929389238357544,34956
17.930251121520996,34956
17.931108474731445,34956
17.93199062347412,34956
17.932841300964355,34956
17.93367862701416,34956
17.934521436691284,34956
17.9353768825531,34956
17.936230659484863,34956
17.937108039855957,34956
17.937939405441284,34956
17.938793897628784,34956
17.939640045166016,34956
17.940504550933838,34956
17.9413800239563,34956
17.94223117828369,34956
17.943094968795776,34956
17.943926572799683,34956
17.944774866104126,34956
17.945626258850098,34956
17.94650101661682,34956
17.94732904434204,34956
17.94815444946289,34956
17.94899845123291,34956
17.94986653327942,34956
17.950732469558716,34956
17.95157480239868,34956
17.952420473098755,34956
17.953270196914673,34956
17.954120874404907,34956
17.954946756362915,34956
17.955790281295776,34956
17.956653118133545,34956
17.95751953125,34956
17.958377599716187,34956
17.959216117858887,34956
17.96007227897644,34956
17.96092414855957,34956
17.961785078048706,34956
17.962636470794678,34956
17.963499307632446,34956
17.96435809135437,34956
17.96518611907959,34956
17.96602439880371,34956
17.966880559921265,34956
17.96775484085083,34956
17.968597173690796,34956
17.969430208206177,34956
17.97027325630188,34956
17.971128940582275,34956
17.971988201141357,34956
17.972824096679688,34956
17.973662853240967,34956
17.97451686859131,34956
17.97539210319519,34956
17.976223468780518,34956
17.977067947387695,34956
17.977916479110718,34956
17.978785037994385,34956
17.97964358329773,34956
17.980517625808716,34956
17.981379508972168,34956
17.98222541809082,34956
17.983052968978882,34956
17.983888387680054,34956
17.98474144935608,34956
17.985608100891113,34956
17.98646593093872,34956
17.987298250198364,34956
17.988141298294067,34956
17.989004373550415,34956
17.989875555038452,34956
17.99075698852539,34956
17.99159550666809,34956
17.992450714111328,34956
17.993286609649658,34956
17.994121551513672,34956
17.994975805282593,34956
17.995845794677734,34956
17.996695280075073,34956
17.997536659240723,34956
17.998393774032593,34956
17.999261379241943,34956
18.000099658966064,34956
18.00093650817871,34956
18.001792430877686,34956
18.002638578414917,34956
18.003499269485474,34956
18.004374980926514,34956
18.005228281021118,34956
18.0060875415802,34956
18.006930112838745,34956
18.007772207260132,34956
18.008636474609375,34956
18.009501934051514,34956
18.01034426689148,34956
18.01117181777954,34956
18.012022972106934,34956
18.012881994247437,34956
18.013729333877563,34956
18.014570236206055,34956
18.01541304588318,34956
18.01627206802368,34956
18.017125606536865,34956
18.017998933792114,34956
18.018869876861572,34956
18.01971960067749,34956
18.020606517791748,34956
18.021493434906006,34956
18.022331714630127,34956
18.023165702819824,34956
18.024014711380005,34956
18.02488136291504,34956
18.025747299194336,34956
18.026594400405884,34956
18.02744722366333,34956
18.028302669525146,34956
18.029163360595703,34956
18.029995918273926,34956
18.030840396881104,34956
18.031699180603027,34956
18.032561540603638,34956
18.033427476882935,34956
18.03427243232727,34956
18.035107135772705,34956
18.0359628200531,34956
18.03684663772583,34956
18.037678956985474,34956
18.03851842880249,34956
18.03936767578125,34956
18.040218353271484,34956
18.041072845458984,34956
18.041913509368896,34956
18.042763710021973,34956
18.04362654685974,34956
18.044477224349976,34956
18.04534339904785,34956
18.046181678771973,34956
18.047045469284058,34956
18.04788589477539,34956
18.048725843429565,34956
18.04957628250122,34956
18.050441026687622,34956
18.0512957572937,34956
18.05216908454895,34956
18.053017616271973,34956
18.05386519432068,34956
18.054708242416382,34956
18.055570125579834,34956
18.056448698043823,34956
18.05730891227722,34956
18.058139324188232,34956
18.05898356437683,34956
18.059831380844116,34956
18.060707092285156,34956
18.061553478240967,34956
18.062397480010986,34956
18.063255786895752,34956
18.064140796661377,34956
18.065011739730835,34956
18.065877437591553,34956
18.06672692298889,34956
18.06757616996765,34956
18.068421363830566,34956
18.069261074066162,34956
18.07010817527771,34956
18.070973873138428,34956
18.071807622909546,34956
18.072654247283936,34956
18.073502779006958,34956
18.0743727684021,34956
18.075201988220215,34956
18.076039791107178,34956
18.07689881324768,34956
18.07776665687561,34956
18.078630685806274,34956
18.079490184783936,34956
18.080371141433716,34956
18.081207752227783,34956
18.08204936981201,34956
18.08289885520935,34956
18.083751440048218,34956
18.084623336791992,34956
18.085455894470215,34956
18.08630895614624,34956
18.08716082572937,34956
18.088024854660034,34956
18.088871955871582,34956
18.089711666107178,34956
18.090750217437744,34956
18.091619729995728,34956
18.0924973487854,34956
18.093366861343384,34956
18.09419822692871,34956
18.095038890838623,34956
18.095879316329956,34956
18.09673500061035,34956
18.09759283065796,34956
18.09845733642578,34956
18.09929132461548,34956
18.10012722015381,34956
18.100972414016724,34956
18.101842164993286,34956
18.10271644592285,34956
18.103567123413086,34956
18.10442590713501,34956
18.10527014732361,34956
18.106104373931885,34956
18.106964111328125,34956
18.107826471328735,34956
18.10867714881897,34956
18.109506368637085,34956
18.110345125198364,34956
18.111202716827393,34956
18.112058639526367,34956
18.11289668083191,34956
18.113736867904663,34956
18.1145920753479,34956
18.1154625415802,34956
18.116339445114136,34956
18.117193937301636,34956
18.118047952651978,34956
18.118878841400146,34956
18.11971640586853,34956
18.120569229125977,34956
18.121429920196533,34956
18.122286319732666,34956
18.123112201690674,34956
18.123950958251953,34956
18.124802112579346,34956
18.125667333602905,34956
18.126551389694214,34956
18.127402305603027,34956
18.128253936767578,34956
18.129091024398804,34956
18.129940032958984,34956
18.130799055099487,34956
18.131664037704468,34956
18.13250470161438,34956
18.13334584236145,34956
18.134191513061523,34956
18.135061264038086,34956
18.135931730270386,34956
18.136812210083008,34956
18.137650728225708,34956
18.13847589492798,34956
18.139308214187622,34956
18.14015293121338,34956
18.1410071849823,34956
18.14186406135559,34956
18.14270853996277,34956
18.143550157546997,34956
18.144402265548706,34956
18.14527463912964,34956
18.146090984344482,34956
18.146939277648926,34956
18.147789239883423,34956
18.148646354675293,34956
18.14949917793274,34956
18.150335550308228,34956
18.15117835998535,34956
18.152031183242798,34956
18.15287947654724,34956
18.153743028640747,34956
18.154614686965942,34956
18.155476808547974,34956
18.156326293945312,34956
18.15716242790222,34956
18.15800929069519,34956
18.158872365951538,34956
18.15972352027893,34956
18.160562992095947,34956
18.161409854888916,34956
18.16226887702942,34956
18.163134574890137,34956
18.163971185684204,34956
18.16481614112854,34956
18.16567301750183,34956
18.16654896736145,34956
18.16743040084839,34956
18.168318271636963,34956
18.169159412384033,34956
18.169995307922363,34956
18.170839309692383,34956
18.171695470809937,34956
18.17255449295044,34956
18.173418045043945,34956
18.174296617507935,34956
18.175153255462646,34956
18.175987482070923,34956
18.17683243751526,34956
18.177685499191284,34956
18.178552865982056,34956
18.17940044403076,34956
18.180235862731934,34956
18.181078910827637,34956
18.181939601898193,34956
18.182814836502075,34956
18.183643579483032,34956
18.184482097625732,34956
18.185325860977173,34956
18.186185598373413,34956
18.187049388885498,34956
18.187894344329834,34956
18.18874454498291,34956
18.189597129821777,34956
18.190465211868286,34956
18.19130229949951,34956
18.192136526107788,34956
18.192984580993652,34956
18.193846464157104,34956
18.19469165802002,34956
18.195529222488403,34956
18.1963894367218,34956
18.197235345840454,34956
18.198081016540527,34956
18.198935985565186,34956
18.199799060821533,34956
18.20065450668335,34956
18.201526641845703,34956
18.20236825942993,34956
18.203214645385742,34956
18.204049348831177,34956
18.204891443252563,34956
18.20574426651001,34956
18.206628799438477,34956
18.207457065582275,34956
18.20829153060913,34956
18.20913290977478,34956
18.20999264717102,34956
18.210835456848145,34956
18.211682319641113,34956
18.212534427642822,34956
18.21339201927185,34956
18.21426486968994,34956
18.21510124206543,34956
18.21593451499939,34956
18.216792345046997,34956
18.217660903930664,34956
18.218531370162964,34956
18.219398498535156,34956
18.22025156021118,34956
18.22109079360962,34956
18.221936225891113,34956
18.222776651382446,34956
18.223632335662842,34956
18.2244815826416,34956
18.22534489631653,34956
18.22620701789856,34956
18.22707176208496,34956
18.22789978981018,34956
18.22874665260315,34956
18.22959876060486,34956
18.23047709465027,34956
18.231311559677124,34956
18.232156991958618,34956
18.23300862312317,34956
18.23387908935547,34956
18.23472762107849,34956
18.23557209968567,34956
18.236436367034912,34956
18.237299919128418,34956
18.238138675689697,34956
18.238989114761353,34956
18.23986053466797,34956
18.240717887878418,34956
18.241609573364258,34956
18.242469310760498,34956
18.243297338485718,34956
18.244127988815308,34956
18.244983196258545,34956
18.245855808258057,34956
18.246718645095825,34956
18.247563362121582,34956
18.248413801193237,34956
18.249258756637573,34956
18.25011658668518,34956
18.25096106529236,34956
18.251806259155273,34956
18.25265622138977,34956
18.253523588180542,34956
18.254368782043457,34956
18.255189657211304,34956
18.256036520004272,34956
18.256912231445312,34956
18.257766485214233,34956
18.258637189865112,34956
18.25949263572693,34956
18.260349988937378,34956
18.261178493499756,34956
18.262022733688354,34956
18.262884616851807,34956
18.263744354248047,34956
18.264578342437744,34956
18.265413999557495,34956
18.266270637512207,34956
18.26712441444397,34956
18.267982006072998,34956
18.26881241798401,34956
18.269665956497192,34956
18.270528554916382,34956
18.271392107009888,34956
18.27221703529358,34956
18.27306056022644,34956
18.273921728134155,34956
18.2747802734375,34956
18.275657892227173,34956
18.276535272598267,34956
18.277405261993408,34956
18.278234243392944,34956
18.279070377349854,34956
18.279918670654297,34956
18.280786514282227,34956
18.2816481590271,34956
18.282495498657227,34956
18.283341884613037,34956
18.284189224243164,34956
18.28506302833557,34956
18.28589916229248,34956
18.28675675392151,34956
18.287614345550537,34956
18.288469791412354,34956
18.289316654205322,34956
18.290151357650757,34956
18.290998697280884,34956
18.29184603691101,34956
18.292701959609985,34956
18.293543338775635,34956
18.29440999031067,34956
18.295273780822754,34956
18.29611086845398,34956
18.29695725440979,34956
18.297802448272705,34956
18.29867172241211,34956
18.29951763153076,34956
18.30036187171936,34956
18.301205158233643,34956
18.302067041397095,34956
18.302919626235962,34956
18.30379605293274,34956
18.304657220840454,34956
18.30552363395691,34956
18.30637264251709,34956
18.307210445404053,34956
18.30806255340576,34956
18.308934926986694,34956
18.30977201461792,34956
18.310601472854614,34956
18.31144142150879,34956
18.312301635742188,34956
18.31315326690674,34956
18.313993215560913,34956
18.314840078353882,34956
18.315697193145752,34956
18.316572666168213,34956
18.317412614822388,34956
18.318254709243774,34956
18.319097995758057,34956
18.319960355758667,34956
18.32082509994507,34956
18.32167363166809,34956
18.322537422180176,34956
18.32339334487915,34956
18.32429075241089,34956
18.325146198272705,34956
18.32597589492798,34956
18.326831340789795,34956
18.327683925628662,34956
18.328552722930908,34956
18.329410552978516,34956
18.330235958099365,34956
18.331077575683594,34956
18.331936836242676,34956
18.332805156707764,34956
18.333635330200195,34956
18.334495306015015,34956
18.33535408973694,34956
18.33621597290039,34956
18.33707547187805,34956
18.337904691696167,34956
18.33875274658203,34956
18.339614868164062,34956
18.340474605560303,34956
18.341325998306274,34956
18.34216809272766,34956
18.343031883239746,34956
18.34387469291687,34956
18.344719886779785,34956
18.34556746482849,34956
18.346434116363525,34956
18.347269773483276,34956
18.34809160232544,34956
18.348933458328247,34956
18.34979224205017,34956
18.35064697265625,34956
18.351486206054688,34956
18.352341175079346,34956
18.353185176849365,34956
18.35404634475708,34956
18.354920625686646,34956
18.355772972106934,34956
18.356650829315186,34956
18.357492923736572,34956
18.358333349227905,34956
18.359164714813232,34956
18.360036373138428,34956
18.360894441604614,34956
18.36178159713745,34956
18.36264395713806,34956
18.36347198486328,34956
18.36430811882019,34956
18.365145683288574,34956
18.36601495742798,34956
18.36687207221985,34956
18.36770224571228,34956
18.368542194366455,34956
18.36940288543701,34956
18.37024998664856,34956
18.37110424041748,34956
18.37199091911316,34956
18.372837781906128,34956
18.373672485351562,34956
18.3745174407959,34956
18.375375747680664,34956
18.376256704330444,34956
18.37708067893982,34956
18.377917289733887,34956
18.378769874572754,34956
18.379633903503418,34956
18.380467176437378,34956
18.381307125091553,34956
18.382142543792725,34956
18.38299298286438,34956
18.38385009765625,34956
18.384695291519165,34956
18.38552474975586,34956
18.386388540267944,34956
18.387258291244507,34956
18.38811683654785,34956
18.388962984085083,34956
18.389832973480225,34956
18.390681505203247,34956
18.391519784927368,34956
18.3923761844635,34956
18.393224716186523,34956
18.394088983535767,34956
18.394923210144043,34956
18.395768404006958,34956
18.396632194519043,34956
18.39750099182129,34956
18.398372411727905,34956
18.3992338180542,34956
18.40008234977722,34956
18.40091371536255,34956
18.401747465133667,34956
18.402596473693848,34956
18.40346360206604,34956
18.404310703277588,34956
18.405137538909912,34956
18.405986070632935,34956
18.40685224533081,34956
18.407715559005737,34956
18.40855121612549,34956
18.40938425064087,34956
18.41023278236389,34956
18.411102533340454,34956
18.411956787109375,34956
18.41282081604004,34956
18.413675546646118,34956
18.414520502090454,34956
18.41535997390747,34956
18.416211128234863,34956
18.417078971862793,34956
18.417940616607666,34956
18.418766736984253,34956
18.419600009918213,34956
18.420449256896973,34956
18.421314239501953,34956
18.42213201522827,34956
18.42299509048462,34956
18.42385482788086,34956
18.42471480369568,34956
18.42559313774109,34956
18.426454305648804,34956
18.42731475830078,34956
18.4281485080719,34956
18.42898726463318,34956
18.429837703704834,34956
18.430690050125122,34956
18.431548357009888,34956
18.432392835617065,34956
18.433229446411133,34956
18.43407154083252,34956
18.434937000274658,34956
18.435776710510254,34956
18.43662142753601,34956
18.437458753585815,34956
18.43832755088806,34956
18.439173698425293,34956
18.440009593963623,34956
18.440854787826538,34956
18.441706895828247,34956
18.44257640838623,34956
18.44341254234314,34956
18.44423747062683,34956
18.44508647918701,34956
18.445942878723145,34956
18.44683313369751,34956
18.447701454162598,34956
18.448440551757812,34956
18.448936700820923,34956
18.449426412582397,34956
18.449917793273926,34956
18.450400590896606,34956
18.450889348983765,34956
18.451384782791138,34956
18.451869249343872,34956
18.452359914779663,34956
18.452848196029663,34956
18.45334219932556,34956
18.453832387924194,34956
18.454326152801514,34956
18.454811573028564,34956
18.455310583114624,34956
18.45579767227173,34956
18.4563090801239,34956
18.45679545402527,34956
18.45728898048401,34956
18.457770347595215,34956
18.45827031135559,34956
18.458763122558594,34956
18.459251880645752,34956
18.459728002548218,34956
18.460206747055054,34956
18.460696697235107,34956
18.461188077926636,34956
18.461682558059692,34956
18.46217393875122,34956
18.46268057823181,34956
18.463160753250122,34956
18.463661909103394,34956
18.464149713516235,34956
18.464640855789185,34956
18.46512532234192,34956
18.46561861038208,34956
18.46610379219055,34956
18.46661877632141,34956
18.467105627059937,34956
18.46761131286621,34956
18.468090295791626,34956
18.46859884262085,34956
18.469085216522217,34956
18.46958065032959,34956
18.47006392478943,34956
18.470571041107178,34956
18.471046686172485,34956
18.471538066864014,34956
18.47202444076538,34956
18.472541570663452,34956
18.473033905029297,34956
18.47353482246399,34956
18.47400975227356,34956
18.474510192871094,34956
18.47499966621399,34956
18.475506067276,34956
18.475994348526,34956
18.476502895355225,34956
18.476988792419434,34956
18.47748565673828,34956
18.477976322174072,34956
18.478461265563965,34956
18.478942394256592,34956
18.47944402694702,34956
18.479934453964233,34956
18.480428457260132,34956
18.48091959953308,34956
18.481420755386353,34956
18.48190426826477,34956
18.48240375518799,34956
18.482891082763672,34956
18.48337984085083,34956
18.483859062194824,34956
18.484350204467773,34956
18.484828233718872,34956
18.485321521759033,34956
18.485815048217773,34956
18.48632025718689,34956
18.486796140670776,34956
18.487290620803833,34956
18.48777723312378,34956
18.488266706466675,34956
18.48875880241394,34956
18.48924422264099,34956
18.489731788635254,34956
18.49021887779236,34956
18.490707874298096,34956
18.4912006855011,34956
18.4917049407959,34956
18.49218463897705,34956
18.492684364318848,34956
18.493170261383057,34956
18.493661642074585,34956
18.494150400161743,34956
18.49464225769043,34956
18.49513578414917,34956
18.49563193321228,34956
18.496117115020752,34956
18.49662470817566,34956
18.497113704681396,34956
18.49760413169861,34956
18.498093605041504,34956
18.498600244522095,34956
18.49909281730652,34956
18.49958872795105,34956
18.50007390975952,34956
18.500572443008423,34956
18.501047372817993,34956
18.501546621322632,34956
18.502034187316895,34956
18.502524614334106,34956
18.503010988235474,34956
18.503506183624268,34956
18.503989696502686,34956
18.504486083984375,34956
18.50497317314148,34956
18.505457401275635,34956
18.505945205688477,34956
18.506454467773438,34956
18.506942987442017,34956
18.50743293762207,34956
18.507920742034912,34956
18.508416414260864,34956
18.50890302658081,34956
18.50938630104065,34956
18.5098717212677,34956
18.5103542804718,34956
18.510836839675903,34956
18.511379718780518,34956
18.51225471496582,34956
18.513118505477905,34956
18.514002323150635,34956
18.51483678817749,34956
18.51567316055298,34956
18.516539812088013,34956
18.517409324645996,34956
18.518291234970093,34956
18.51913857460022,34956
18.519975423812866,34956
18.520816802978516,34956
18.521668910980225,34956
18.522528409957886,34956
18.523396492004395,34956
18.524287939071655,34956
18.52513837814331,34956
18.52597165107727,34956
18.52682614326477,34956
18.527679443359375,34956
18.528546810150146,34956
18.529422998428345,34956
18.530280113220215,34956
18.53111433982849,34956
18.53196406364441,34956
18.532822370529175,34956
18.533681392669678,34956
18.534552335739136,34956
18.535383224487305,34956
18.536207914352417,34956
18.53705620765686,34956
18.53791832923889,34956
18.53877854347229,34956
18.53961682319641,34956
18.540464639663696,34956
18.54132342338562,34956
18.542174339294434,34956
18.543038845062256,34956
18.543884992599487,34956
18.544732570648193,34956
18.545578002929688,34956
18.54644203186035,34956
18.54730772972107,34956
18.548187971115112,34956
18.54906177520752,34956
18.549917221069336,34956
18.55075716972351,34956
18.55159902572632,34956
18.55245089530945,34956
18.553327560424805,34956
18.554152965545654,34956
18.55499267578125,34956
18.555849313735962,34956
18.556719303131104,34956
18.557596921920776,34956
18.55846929550171,34956
18.559305667877197,34956
18.56013798713684,34956
18.560994386672974,34956
18.56185483932495,34956
18.562716722488403,34956
18.563574075698853,34956
18.5644211769104,34956
18.565272569656372,34956
18.56612277030945,34956
18.56699514389038,34956
18.567832946777344,34956
18.568676471710205,34956
18.569517850875854,34956
18.570377349853516,34956
18.571231842041016,34956
18.572100400924683,34956
18.572940826416016,34956
18.573788166046143,34956
18.574629306793213,34956
18.57548689842224,34956
18.57638716697693,34956
18.57726502418518,34956
18.578104972839355,34956
18.578940868377686,34956
18.57979130744934,34956
18.580647706985474,34956
18.581516981124878,34956
18.582372903823853,34956
18.583194255828857,34956
18.58403968811035,34956
18.584884881973267,34956
18.58576202392578,34956
18.586661100387573,34956
18.5875301361084,34956
18.588394165039062,34956
18.589223861694336,34956
18.590059518814087,34956
18.59091019630432,34956
18.591769456863403,34956
18.592607975006104,34956
18.593443393707275,34956
18.59429430961609,34956
18.59513759613037,34956
18.596001148223877,34956
18.596855878829956,34956
18.597704648971558,34956
18.598557710647583,34956
18.599414825439453,34956
18.60027575492859,34956
18.60111951828003,34956
18.601955890655518,34956
18.602803230285645,34956
18.60365605354309,34956
18.60452127456665,34956
18.60540199279785,34956
18.606265544891357,34956
18.60709524154663,34956
18.607946395874023,34956
18.608794450759888,34956
18.609658002853394,34956
18.610528230667114,34956
18.611403942108154,34956
18.612261533737183,34956
18.613091230392456,34956
18.613938331604004,34956
18.614795207977295,34956
18.61565089225769,34956
18.61650276184082,34956
18.617340803146362,34956
18.618177890777588,34956
18.619045734405518,34956
18.619889974594116,34956
18.62073016166687,34956
18.621572732925415,34956
18.622427940368652,34956
18.623281240463257,34956
18.624131441116333,34956
18.62501883506775,34956
18.62587881088257,34956
18.62672734260559,34956
18.627575159072876,34956
18.6284282207489,34956
18.62929391860962,34956
18.630128145217896,34956
18.63096308708191,34956
18.631802797317505,34956
18.63266634941101,34956
18.633522033691406,34956
18.634356260299683,34956
18.635196208953857,34956
18.636051177978516,34956
18.636921644210815,34956
18.6377956867218,34956
18.638652563095093,34956
18.63952898979187,34956
18.64036774635315,34956
18.64119791984558,34956
18.642040967941284,34956
18.642904043197632,34956
18.643747568130493,34956
18.644582509994507,34956
18.645421266555786,34956
18.64628314971924,34956
18.64714002609253,34956
18.64799666404724,34956
18.648886680603027,34956
18.64976739883423,34956
18.650640964508057,34956
18.651482820510864,34956
18.65233016014099,34956
18.653176307678223,34956
18.65403938293457,34956
18.654916048049927,34956
18.655784606933594,34956
18.656635999679565,34956
18.657489776611328,34956
18.658341884613037,34956
18.65920376777649,34956
18.660033226013184,34956
18.660868883132935,34956
18.66171407699585,34956
18.662569761276245,34956
18.6634202003479,34956
18.664257287979126,34956
18.665082454681396,34956
18.66593313217163,34956
18.666808366775513,34956
18.667664527893066,34956
18.668544054031372,34956
18.66940927505493,34956
18.67025637626648,34956
18.671096086502075,34956
18.671945810317993,34956
18.672812700271606,34956
18.67365527153015,34956
18.674492835998535,34956
18.67532753944397,34956
18.676170349121094,34956
18.67703914642334,34956
18.677912712097168,34956
18.67874312400818,34956
18.679577112197876,34956
18.680427074432373,34956
18.681276082992554,34956
18.682156085968018,34956
18.68303370475769,34956
18.68386936187744,34956
18.684702157974243,34956
18.685563564300537,34956
18.686442613601685,34956
18.6872878074646,34956
18.688117265701294,34956
18.68895936012268,34956
18.689812898635864,34956
18.690669775009155,34956
18.691499948501587,34956
18.692343950271606,34956
18.693187952041626,34956
18.694051265716553,34956
18.69488501548767,34956
18.695722341537476,34956
18.696574211120605,34956
18.69743037223816,34956
18.69828772544861,34956
18.69914746284485,34956
18.700011730194092,34956
18.700870513916016,34956
18.70177149772644,34956
18.70261859893799,34956
18.703453302383423,34956
18.704294443130493,34956
18.705140352249146,34956
18.705994129180908,34956
18.706846952438354,34956
18.707695484161377,34956
18.708549737930298,34956
18.70941424369812,34956
18.71025252342224,34956
18.7110915184021,34956
18.711936950683594,34956
18.7128005027771,34956
18.713680744171143,34956
18.714542627334595,34956
18.71536898612976,34956
18.71620273590088,34956
18.71706223487854,34956
18.717928171157837,34956
18.71879529953003,34956
18.71965479850769,34956
18.720494270324707,34956
18.721328496932983,34956
18.722167015075684,34956
18.723036289215088,34956
18.723907232284546,34956
18.724770545959473,34956
18.72560167312622,34956
18.72645902633667,34956
18.727308750152588,34956
18.728169679641724,34956
18.729010343551636,34956
18.7298526763916,34956
18.730702877044678,34956
18.731562614440918,34956
18.732431650161743,34956
18.73328137397766,34956
18.734126567840576,34956
18.734957695007324,34956
18.73580503463745,34956
18.736676454544067,34956
18.737540006637573,34956
18.7384033203125,34956
18.739222049713135,34956
18.740055561065674,34956
18.740894317626953,34956
18.741754293441772,34956
18.74261713027954,34956
18.743454217910767,34956
18.7442946434021,34956
18.74514150619507,34956
18.7460036277771,34956
18.74689483642578,34956
18.747772455215454,34956
18.748624801635742,34956
18.749462366104126,34956
18.750300645828247,34956
18.75114393234253,34956
18.752014875411987,34956
18.752853393554688,34956
18.753687620162964,34956
18.754539012908936,34956
18.755401849746704,34956
18.756259202957153,34956
18.757091760635376,34956
18.757923126220703,34956
18.75878381729126,34956
18.75965189933777,34956
18.76051354408264,34956
18.76136875152588,34956
18.76219153404236,34956
18.763035535812378,34956
18.763892650604248,34956
18.76475763320923,34956
18.765615463256836,34956
18.76649498939514,34956
18.767367362976074,34956
18.7681941986084,34956
18.76902437210083,34956
18.76987648010254,34956
18.770734071731567,34956
18.771570444107056,34956
18.772416591644287,34956
18.77327013015747,34956
18.774121284484863,34956
18.774999618530273,34956
18.77586340904236,34956
18.776707887649536,34956
18.77754831314087,34956
18.778395175933838,34956
18.77924871444702,34956
18.78012704849243,34956
18.780983448028564,34956
18.781887769699097,34956
18.782729864120483,34956
18.78356122970581,34956
18.78440570831299,34956
18.785255432128906,34956
18.786097764968872,34956
18.786942720413208,34956
18.78779149055481,34956
18.788642406463623,34956
18.789504051208496,34956
18.790369987487793,34956
18.791208028793335,34956
18.792041301727295,34956
18.792892694473267,34956
18.793744564056396,34956
18.794613361358643,34956
18.795477151870728,34956
18.79633927345276,34956
18.797162532806396,34956
18.79800271987915,34956
18.798853158950806,34956
18.799718379974365,34956
18.800588369369507,34956
18.80144238471985,34956
18.802281141281128,34956
18.803115367889404,34956
18.80397057533264,34956
18.804845809936523,34956
18.805712938308716,34956
18.80658984184265,34956
18.80744218826294,34956
18.80826997756958,34956
18.809099435806274,34956
18.809959173202515,34956
18.81083083152771,34956
18.81166958808899,34956
18.81251072883606,34956
18.813360452651978,34956
18.814224243164062,34956
18.815067052841187,34956
18.81589984893799,34956
18.81676459312439,34956
18.817625999450684,34956
18.818493843078613,34956
18.819353342056274,34956
18.820234298706055,34956
18.821078777313232,34956
18.8219096660614,34956
18.822755813598633,34956
18.823611974716187,34956
18.824483633041382,34956
18.825310707092285,34956
18.82613492012024,34956
18.82699489593506,34956
18.827864408493042,34956
18.828725576400757,34956
18.829596519470215,34956
18.830431699752808,34956
18.831267833709717,34956
18.832112550735474,34956
18.83297848701477,34956
18.833860874176025,34956
18.834736108779907,34956
18.835596323013306,34956
18.836439847946167,34956
18.83727526664734,34956
18.838120222091675,34956
18.838983297348022,34956
18.8398540019989,34956
18.840720653533936,34956
18.841604948043823,34956
18.842450618743896,34956
18.843295574188232,34956
18.844139337539673,34956
18.845006227493286,34956
18.845856428146362,34956
18.84670615196228,34956
18.847553730010986,34956
18.848400592803955,34956
18.849266052246094,34956
18.85011076927185,34956
18.850956916809082,34956
18.851800203323364,34956
18.85264492034912,34956
18.853498458862305,34956
18.854373455047607,34956
18.855245351791382,34956
18.856117486953735,34956
18.85701870918274,34956
18.85787010192871,34956
18.858701944351196,34956
18.859549283981323,34956
18.860409259796143,34956
18.86128330230713,34956
18.862114191055298,34956
18.862966299057007,34956
18.86382222175598,34956
18.86468768119812,34956
18.865539073944092,34956
18.866422176361084,34956
18.867260932922363,34956
18.86809229850769,34956
18.86894392967224,34956
18.86980652809143,34956
18.870647430419922,34956
18.871490478515625,34956
18.872347831726074,34956
18.87319850921631,34956
18.874070405960083,34956
18.874931573867798,34956
18.875802993774414,34956
18.876673698425293,34956
18.877514600753784,34956
18.878355026245117,34956
18.87920618057251,34956
18.88006281852722,34956
18.880939722061157,34956
18.881781339645386,34956
18.882628202438354,34956
18.88347291946411,34956
18.884334802627563,34956
18.88518500328064,34956
18.88603401184082,34956
18.886890172958374,34956
18.88773798942566,34956
18.888598680496216,34956
18.889459371566772,34956
18.890313625335693,34956
18.89114260673523,34956
18.89198875427246,34956
18.892836332321167,34956
18.89369821548462,34956
18.894518852233887,34956
18.89535403251648,34956
18.896188735961914,34956
18.897048234939575,34956
18.89789390563965,34956
18.898725271224976,34956
18.899574041366577,34956
18.90042996406555,34956
18.901293516159058,34956
18.902134656906128,34956
18.903002738952637,34956
18.90387201309204,34956
18.904699325561523,34956
18.90552830696106,34956
18.90639352798462,34956
18.907256841659546,34956
18.908093690872192,34956
18.908922910690308,34956
18.909772634506226,34956
18.9106228351593,34956
18.911489963531494,34956
18.912358283996582,34956
18.91320252418518,34956
18.914037704467773,34956
18.914881706237793,34956
18.91573715209961,34956
18.916598796844482,34956
18.917448043823242,34956
18.91832184791565,34956
18.9191837310791,34956
18.920027256011963,34956
18.920865297317505,34956
18.921716928482056,34956
18.922585487365723,34956
18.923477172851562,34956
18.924332857131958,34956
18.925166845321655,34956
18.926002740859985,34956
18.926875829696655,34956
18.927749156951904,34956
18.928589582443237,34956
18.929425954818726,34956
18.930275678634644,34956
18.93112015724182,34956
18.93197250366211,34956
18.932804107666016,34956
18.933690547943115,34956
18.93455195426941,34956
18.935436010360718,34956
18.936315298080444,34956
18.937156200408936,34956
18.937992811203003,34956
18.938846349716187,34956
18.939691066741943,34956
18.940565586090088,34956
18.94140076637268,34956
18.94223117828369,34956
18.943084716796875,34956
18.943941831588745,34956
18.94480037689209,34956
18.945668697357178,34956
18.94653868675232,34956
18.94737195968628,34956
18.948207139968872,34956
18.949055433273315,34956
18.94991683959961,34956
18.95077633857727,34956
18.95160698890686,34956
18.95244574546814,34956
18.953294277191162,34956
18.95414400100708,34956
18.955018281936646,34956
18.95589518547058,34956
18.956786632537842,34956
18.95762586593628,34956
18.958462953567505,34956
18.959317922592163,34956
18.96017861366272,34956
18.961016416549683,34956
18.961862325668335,34956
18.96270728111267,34956
18.963557243347168,34956
18.964411973953247,34956
18.965254068374634,34956
18.96608829498291,34956
18.966952085494995,34956
18.96781849861145,34956
18.968693256378174,34956
18.969574451446533,34956
18.97043800354004,34956
18.971272468566895,34956
18.972102642059326,34956
18.97295331954956,34956
18.973819494247437,34956
18.974677085876465,34956
18.975520133972168,34956
18.976374864578247,34956
18.977219104766846,34956
18.978075981140137,34956
18.97895050048828,34956
18.97979760169983,34956
18.980641841888428,34956
18.981487035751343,34956
18.982343196868896,34956
18.983201265335083,34956
18.984038591384888,34956
18.984886646270752,34956
18.985738277435303,34956
18.986613035202026,34956
18.987476110458374,34956
18.98833656311035,34956
18.989161252975464,34956
18.989996910095215,34956
18.99084973335266,34956
18.99171805381775,34956
18.99260115623474,34956
18.993460178375244,34956
18.994295835494995,34956
18.995131254196167,34956
18.995980978012085,34956
18.99685835838318,34956
18.997727394104004,34956
18.99860954284668,34956
18.999462604522705,34956
19.00029945373535,34956
19.001137495040894,34956
19.001981735229492,34956
19.002856492996216,34956
19.003705739974976,34956
19.004554748535156,34956
19.005406856536865,34956
19.00627899169922,34956
19.007116079330444,34956
19.00794553756714,34956
19.008788585662842,34956
19.009654760360718,34956
19.010531902313232,34956
19.011396884918213,34956
19.01225233078003,34956
19.013092279434204,34956
19.013938426971436,34956
19.014784812927246,34956
19.01565980911255,34956
19.01651358604431,34956
19.01736545562744,34956
19.018207788467407,34956
19.01907444000244,34956
19.019935846328735,34956
19.020787477493286,34956
19.021620988845825,34956
19.02245569229126,34956
19.023306846618652,34956
19.024158716201782,34956
19.02499485015869,34956
19.02583336830139,34956
19.026686191558838,34956
19.027534008026123,34956
19.028412103652954,34956
19.029276847839355,34956
19.030107259750366,34956
19.030943632125854,34956
19.03178882598877,34956
19.032652616500854,34956
19.033525228500366,34956
19.034377813339233,34956
19.035208225250244,34956
19.03604555130005,34956
19.036897659301758,34956
19.037748336791992,34956
19.038606882095337,34956
19.03946590423584,34956
19.0402991771698,34956
19.041139364242554,34956
19.041982650756836,34956
19.042844772338867,34956
19.043696403503418,34956
19.044530630111694,34956
19.045377731323242,34956
19.04621696472168,34956
19.04708480834961,34956
19.047948360443115,34956
19.048804998397827,34956
19.049644708633423,34956
19.0504949092865,34956
19.051350831985474,34956
19.0522038936615,34956
19.053045749664307,34956
19.053887367248535,34956
19.05473804473877,34956
19.05561327934265,34956
19.05648422241211,34956
19.057351112365723,34956
19.058179140090942,34956
19.059022903442383,34956
19.05987286567688,34956
19.060734748840332,34956
19.061605215072632,34956
19.062467336654663,34956
19.063297033309937,34956
19.064130544662476,34956
19.06497597694397,34956
19.065850019454956,34956
19.06669592857361,34956
19.067543983459473,34956
19.068387985229492,34956
19.06924819946289,34956
19.070104598999023,34956
19.070974588394165,34956
19.071853637695312,34956
19.072694063186646,34956
19.07353377342224,34956
19.074381589889526,34956
19.075233936309814,34956
19.07608151435852,34956
19.076926708221436,34956
19.077760457992554,34956
19.078620433807373,34956
19.079474687576294,34956
19.080334424972534,34956
19.08121156692505,34956
19.082067251205444,34956
19.08290719985962,34956
19.083755016326904,34956
19.084601640701294,34956
19.0854651927948,34956
19.08635640144348,34956
19.08720564842224,34956
19.088041067123413,34956
19.088889122009277,34956
19.08974266052246,34956
19.090603590011597,34956
19.091471433639526,34956
19.092308282852173,34956
19.093138217926025,34956
19.093978881835938,34956
19.094835996627808,34956
19.09569478034973,34956
19.096531629562378,34956
19.097378492355347,34956
19.098214864730835,34956
19.09908413887024,34956
19.099961757659912,34956
19.10082221031189,34956
19.101659297943115,34956
19.102505207061768,34956
19.103365182876587,34956
19.104222774505615,34956
19.105072259902954,34956
19.105924606323242,34956
19.106778860092163,34956
19.107619524002075,34956
19.108468055725098,34956
19.109345197677612,34956
19.110167503356934,34956
19.111011743545532,34956
19.111862659454346,34956
19.112725496292114,34956
19.113577365875244,34956
19.114442825317383,34956
19.115275859832764,34956
19.116103172302246,34956
19.11694598197937,34956
19.11780595779419,34956
19.11867094039917,34956
19.1195285320282,34956
19.120359182357788,34956
19.121198415756226,34956
19.12203574180603,34956
19.1228928565979,34956
19.123780250549316,34956
19.12463665008545,34956
19.12547492980957,34956
19.12632942199707,34956
19.127169847488403,34956
19.128037214279175,34956
19.12892246246338,34956
19.12981367111206,34956
19.13070011138916,34956
19.13155198097229,34956
19.132389783859253,34956
19.13321805000305,34956
19.134071826934814,34956
19.134936809539795,34956
19.135802030563354,34956
19.136663675308228,34956
19.137495756149292,34956
19.138343334197998,34956
19.139188766479492,34956
19.14006471633911,34956
19.14090323448181,34956
19.141741037368774,34956
19.142593383789062,34956
19.143455505371094,34956
19.14432120323181,34956
19.14516592025757,34956
19.146047592163086,34956
19.146886348724365,34956
19.14771342277527,34956
19.148563623428345,34956
19.14942717552185,34956
19.150285005569458,34956
19.151116371154785,34956
19.151968002319336,34956
19.152825355529785,34956
19.153687953948975,34956
19.154552698135376,34956
19.1554114818573,34956
19.15623712539673,34956
19.15708065032959,34956
19.157942295074463,34956
19.15880846977234,34956
19.159684896469116,34956
19.160521268844604,34956
19.161359548568726,34956
19.162203311920166,34956
19.16306972503662,34956
19.16392731666565,34956
19.164759397506714,34956
19.165606021881104,34956
19.166465044021606,34956
19.16732358932495,34956
19.168139219284058,34956
19.168985605239868,34956
19.169843196868896,34956
19.170710563659668,34956
19.17158269882202,34956
19.172438383102417,34956
19.17328190803528,34956
19.17412233352661,34956
19.17498254776001,34956
19.1758451461792,34956
19.176716566085815,34956
19.177571773529053,34956
19.17844843864441,34956
19.179285049438477,34956
19.18010973930359,34956
19.180955171585083,34956
19.181806087493896,34956
19.182661056518555,34956
19.183500051498413,34956
19.184349536895752,34956
19.18519616127014,34956
19.186050176620483,34956
19.18693208694458,34956
19.187790870666504,34956
19.188629627227783,34956
19.189475536346436,34956
19.190458059310913,34956
19.191319704055786,34956
19.19217801094055,34956
19.19301462173462,34956
19.193850994110107,34956
19.194694995880127,34956
19.19555425643921,34956
19.196434259414673,34956
19.1973135471344,34956
19.198135375976562,34956
19.19896936416626,34956
19.19981288909912,34956
19.200676679611206,34956
19.20152711868286,34956
19.2023606300354,34956
19.203202962875366,34956
19.20405077934265,34956
19.204922437667847,34956
19.20576763153076,34956
19.206621885299683,34956
19.207465171813965,34956
19.20831823348999,34956
19.209165573120117,34956
19.210044860839844,34956
19.210927486419678,34956
19.211800813674927,34956
19.212647914886475,34956
19.213480710983276,34956
19.214325428009033,34956
19.215177059173584,34956
19.216044664382935,34956
19.216888189315796,34956
19.2177312374115,34956
19.21857500076294,34956
19.219442129135132,34956
19.220298051834106,34956
19.221158027648926,34956
19.222028970718384,34956
19.222931146621704,34956
19.223776817321777,34956
19.22462034225464,34956
19.22547197341919,34956
19.22633147239685,34956
19.22720742225647,34956
19.22807288169861,34956
19.228910446166992,34956
19.22975182533264,34956
19.230599880218506,34956
19.231470108032227,34956
19.232314348220825,34956
19.23315143585205,34956
19.234000205993652,34956
19.234851837158203,34956
19.23572540283203,34956
19.236568212509155,34956
19.23741602897644,34956
19.238266944885254,34956
19.23912286758423,34956
19.239989280700684,34956
19.240865230560303,34956
19.241740703582764,34956
19.242578744888306,34956
19.24341917037964,34956
19.244266271591187,34956
19.24511742591858,34956
19.246002435684204,34956
19.24686336517334,34956
19.247700691223145,34956
19.24854278564453,34956
19.249391794204712,34956
19.250250816345215,34956
19.251091480255127,34956
19.251918077468872,34956
19.252752542495728,34956
19.25361180305481,34956
19.25447678565979,34956
19.255329608917236,34956
19.256153106689453,34956
19.256999731063843,34956
19.257840633392334,34956
19.258697271347046,34956
19.259546041488647,34956
19.260389804840088,34956
19.261215925216675,34956
19.26207160949707,34956
19.262929439544678,34956
19.263787984848022,34956
19.264662981033325,34956
19.2655611038208,34956
19.26640224456787,34956
19.2672336101532,34956
19.268077850341797,34956
19.268938302993774,34956
19.269779205322266,34956
19.270614862442017,34956
19.271463632583618,34956
19.27231454849243,34956
19.27316689491272,34956
19.274019956588745,34956
19.274866819381714,34956
19.27569818496704,34956
19.276553869247437,34956
19.27741527557373,34956
19.278282642364502,34956
19.279114484786987,34956
19.279954195022583,34956
19.280800342559814,34956
19.281665325164795,34956
19.282528400421143,34956
19.28339958190918,34956
19.284224271774292,34956
19.285050630569458,34956
19.28590965270996,34956
19.28678250312805,34956
19.28762984275818,34956
19.288461923599243,34956
19.289309978485107,34956
19.290157079696655,34956
19.291029930114746,34956
19.2918860912323,34956
19.292739629745483,34956
19.293569326400757,34956
19.294416666030884,34956
19.2952618598938,34956
19.29612970352173,34956
19.29702091217041,34956
19.29789400100708,34956
19.29878044128418,34956
19.29963994026184,34956
19.30047917366028,34956
19.30132555961609,34956
19.302173376083374,34956
19.303043127059937,34956
19.303910970687866,34956
19.30475950241089,34956
19.30558681488037,34956
19.30643630027771,34956
19.30728030204773,34956
19.30813241004944,34956
19.30897355079651,34956
19.30981421470642,34956
19.310665607452393,34956
19.311522722244263,34956
19.312400579452515,34956
19.313258409500122,34956
19.314085721969604,34956
19.31492853164673,34956
19.315771341323853,34956
19.316643238067627,34956
19.31749176979065,34956
19.318334579467773,34956
19.319172620773315,34956
19.32002902030945,34956
19.32090973854065,34956
19.321744441986084,34956
19.32258367538452,34956
19.323439359664917,34956
19.32430624961853,34956
19.32516360282898,34956
19.326025009155273,34956
19.326908111572266,34956
19.32779049873352,34956
19.32868218421936,34956
19.32955813407898,34956
19.330406665802002,34956
19.33123779296875,34956
19.3320734500885,34956
19.332918882369995,34956
19.333788871765137,34956
19.33465051651001,34956
19.33549737930298,34956
19.33636236190796,34956
19.337209701538086,34956
19.338077068328857,34956
19.33894920349121,34956
19.339784145355225,34956
19.340627908706665,34956
19.34148359298706,34956
19.342337608337402,34956
19.343188524246216,34956
19.34402084350586,34956
19.3448703289032,34956
19.345727682113647,34956
19.346607208251953,34956
19.347454071044922,34956
19.34830617904663,34956
19.34913969039917,34956
19.349981546401978,34956
19.35083794593811,34956
19.351710557937622,34956
19.352555513381958,34956
19.353397607803345,34956
19.354234218597412,34956
19.35510015487671,34956
19.35597324371338,34956
19.35684847831726,34956
19.35768175125122,34956
19.35851263999939,34956
19.359357833862305,34956
19.360212326049805,34956
19.361050605773926,34956
19.361891746520996,34956
19.36273980140686,34956
19.36359977722168,34956
19.364474773406982,34956
19.365351915359497,34956
19.36616611480713,34956
19.36701536178589,34956
19.367857694625854,34956
19.368711948394775,34956
19.36956524848938,34956
19.37040424346924,34956
19.37124514579773,34956
19.372089385986328,34956
19.372936248779297,34956
19.373798608779907,34956
19.374677896499634,34956
19.37556791305542,34956
19.37641143798828,34956
19.377248525619507,34956
19.378084659576416,34956
19.378947973251343,34956
19.37981867790222,34956
19.38068723678589,34956
19.381579637527466,34956
19.382418155670166,34956
19.38325309753418,34956
19.384090900421143,34956
19.384957790374756,34956
19.38580298423767,34956
19.38664484024048,34956
19.387499809265137,34956
19.388346433639526,34956
19.389203548431396,34956
19.39008378982544,34956
19.39093255996704,34956
19.391772031784058,34956
19.392613410949707,34956
19.393465280532837,34956
19.39433526992798,34956
19.395168781280518,34956
19.39601230621338,34956
19.396873712539673,34956
19.397751331329346,34956
19.39862823486328,34956
19.399482011795044,34956
19.40032148361206,34956
19.401159048080444,34956
19.402005672454834,34956
19.402876138687134,34956
19.403738021850586,34956
19.404601335525513,34956
19.405479192733765,34956
19.40632462501526,34956
19.40716552734375,34956
19.408011198043823,34956
19.40887188911438,34956
19.40974497795105,34956
19.410592317581177,34956
19.411433219909668,34956
19.412277936935425,34956
19.413119316101074,34956
19.413987636566162,34956
19.414814233779907,34956
19.415655851364136,34956
19.416507720947266,34956
19.417380809783936,34956
19.418230295181274,34956
19.419050931930542,34956
19.419891119003296,34956
19.420740842819214,34956
19.421605587005615,34956
19.422463178634644,34956
19.423330307006836,34956
19.42417049407959,34956
19.425023078918457,34956
19.425869464874268,34956
19.42674422264099,34956
19.42763924598694,34956
19.42848777770996,34956
19.42932415008545,34956
19.430159091949463,34956
19.431016445159912,34956
19.431889295578003,34956
19.43272089958191,34956
19.433560371398926,34956
19.434418439865112,34956
19.435287714004517,34956
19.4361629486084,34956
19.437039136886597,34956
19.43787693977356,34956
19.4387149810791,34956
19.439558744430542,34956
19.44041156768799,34956
19.441285371780396,34956
19.442144632339478,34956
19.442983627319336,34956
19.44382882118225,34956
19.44468879699707,34956
19.44555902481079,34956
19.446444988250732,34956
19.447301149368286,34956
19.448123693466187,34956
19.44896912574768,34956
19.449820041656494,34956
19.450690031051636,34956
19.451539039611816,34956
19.45241618156433,34956
19.453280687332153,34956
19.45410943031311,34956
19.454949378967285,34956
19.45580005645752,34956
19.45668053627014,34956
19.457512617111206,34956
19.458361864089966,34956
19.459206342697144,34956
19.460069179534912,34956
19.460922241210938,34956
19.46176528930664,34956
19.462616205215454,34956
19.463469743728638,34956
19.464332580566406,34956
19.465195178985596,34956
19.46604323387146,34956
19.466885328292847,34956
19.467735290527344,34956
19.468589305877686,34956
19.46944761276245,34956
19.470309495925903,34956
19.471140384674072,34956
19.47197723388672,34956
19.472830295562744,34956
19.473685264587402,34956
19.474551677703857,34956
19.475399017333984,34956
19.47623586654663,34956
19.47709584236145,34956
19.47796607017517,34956
19.47885537147522,34956
19.479740142822266,34956
19.48060703277588,34956
19.48144006729126,34956
19.482285737991333,34956
19.483128786087036,34956
19.483984231948853,34956
19.484840869903564,34956
19.485684633255005,34956
19.486548900604248,34956
19.48740005493164,34956
19.48826551437378,34956
19.48913288116455,34956
19.489975929260254,34956
19.490808963775635,34956
19.491655349731445,34956
19.492501497268677,34956
19.493377208709717,34956
19.49422812461853,34956
19.495065689086914,34956
19.495906114578247,34956
19.496771097183228,34956
19.497625589370728,34956
19.49849772453308,34956
19.49936819076538,34956
19.50019335746765,34956
19.50103259086609,34956
19.50188398361206,34956
19.502739429473877,34956
19.503600358963013,34956
19.50446367263794,34956
19.505296230316162,34956
19.506130933761597,34956
19.50698733329773,34956
19.507856130599976,34956
19.508728742599487,34956
19.50959825515747,34956
19.510459184646606,34956
19.511292695999146,34956
19.512125730514526,34956
19.51297426223755,34956
19.51383137702942,34956
19.514682292938232,34956
19.51552391052246,34956
19.516377210617065,34956
19.517226934432983,34956
19.518102407455444,34956
19.51893949508667,34956
19.519778728485107,34956
19.520628929138184,34956
19.521503686904907,34956
19.522368669509888,34956
19.5232195854187,34956
19.524091720581055,34956
19.524932861328125,34956
19.525770664215088,34956
19.52661943435669,34956
19.527469635009766,34956
19.528345346450806,34956
19.52920699119568,34956
19.5300509929657,34956
19.53089141845703,34956
19.531739711761475,34956
19.53259539604187,34956
19.533458948135376,34956
19.53431224822998,34956
19.535199403762817,34956
19.53603172302246,34956
19.536871671676636,34956
19.537707328796387,34956
19.53857707977295,34956
19.539430379867554,34956
19.54027223587036,34956
19.541101455688477,34956
19.54195761680603,34956
19.54282307624817,34956
19.54370617866516,34956
19.544556856155396,34956
19.5454044342041,34956
19.54625368118286,34956
19.54710865020752,34956
19.54798126220703,34956
19.548864364624023,34956
19.549696922302246,34956
19.550533771514893,34956
19.551382541656494,34956
19.55222988128662,34956
19.55311131477356,34956
19.553964376449585,34956
19.55479907989502,34956
19.555655241012573,34956
19.556516647338867,34956
19.55737328529358,34956
19.558233737945557,34956
19.559088230133057,34956
19.55998730659485,34956
19.56082010269165,34956
19.561665773391724,34956
19.562517404556274,34956
19.56338334083557,34956
19.56423544883728,34956
19.565080165863037,34956
19.565925121307373,34956
19.566787004470825,34956
19.567659616470337,34956
19.56852436065674,34956
19.56938099861145,34956
19.57020139694214,34956
19.57105040550232,34956
19.5718994140625,34956
19.5727641582489,34956
19.573599100112915,34956
19.574439525604248,34956
19.5752911567688,34956
19.576151609420776,34956
19.577043056488037,34956
19.577911376953125,34956
19.5787513256073,34956
19.57960057258606,34956
19.580442905426025,34956
19.5813090801239,34956
19.58217692375183,34956
19.583041191101074,34956
19.583879470825195,34956
19.584726333618164,34956
19.585570335388184,34956
19.586442470550537,34956
19.587328672409058,34956
19.588180541992188,34956
19.58901286125183,34956
19.589858055114746,34956
19.59071111679077,34956
19.591588020324707,34956
19.59242820739746,34956
19.593259572982788,34956
19.594102144241333,34956
19.59495449066162,34956
19.5958251953125,34956
19.59670901298523,34956
19.597545385360718,34956
19.598378896713257,34956
19.599222660064697,34956
19.600080728530884,34956
19.600931882858276,34956
19.601771354675293,34956
19.602619171142578,34956
19.603475332260132,34956
19.604339122772217,34956
19.605202674865723,34956
19.60608673095703,34956
19.606969833374023,34956
19.607834577560425,34956
19.608729124069214,34956
19.609572172164917,34956
19.610419511795044,34956
19.611265182495117,34956
19.61211633682251,34956
19.612958192825317,34956
19.61379909515381,34956
19.61464834213257,34956
19.61550521850586,34956
19.616379022598267,34956
19.61721158027649,34956
19.618048429489136,34956
19.618894577026367,34956
19.619757175445557,34956
19.62063431739807,34956
19.62149930000305,34956
19.622339010238647,34956
19.623157739639282,34956
19.624003887176514,34956
19.624867916107178,34956
19.625725030899048,34956
19.626609325408936,34956
19.627484560012817,34956
19.628312587738037,34956
19.629146099090576,34956
19.630001306533813,34956
19.630855560302734,34956
19.63172149658203,34956
19.632585048675537,34956
19.63341760635376,34956
19.634266138076782,34956
19.635119438171387,34956
19.635996341705322,34956
19.63685369491577,34956
19.63770079612732,34956
19.638535022735596,34956
19.639393091201782,34956
19.64025354385376,34956
19.641077518463135,34956
19.641931533813477,34956
19.642788648605347,34956
19.643662691116333,34956
19.644516706466675,34956
19.645381927490234,34956
19.646278142929077,34956
19.647135019302368,34956
19.648019790649414,34956
19.64890694618225,34956
19.649760007858276,34956
19.650603532791138,34956
19.65144681930542,34956
19.652299642562866,34956
19.65315318107605,34956
19.653995037078857,34956
19.65483069419861,34956
19.65567898750305,34956
19.65654182434082,34956
19.657410383224487,34956
19.658276557922363,34956
19.65910792350769,34956
19.65994429588318,34956
19.660781860351562,34956
19.66164803504944,34956
19.662526845932007,34956
19.66338324546814,34956
19.664272785186768,34956
19.665100812911987,34956
19.665940046310425,34956
19.666797637939453,34956
19.667659521102905,34956
19.668511629104614,34956
19.669354915618896,34956
19.67018413543701,34956
19.671039819717407,34956
19.671918630599976,34956
19.67275047302246,34956
19.6735942363739,34956
19.674445390701294,34956
19.675313711166382,34956
19.676161766052246,34956
19.67702603340149,34956
19.677902221679688,34956
19.67875099182129,34956
19.67958974838257,34956
19.68043565750122,34956
19.681286811828613,34956
19.68216371536255,34956
19.683043241500854,34956
19.683870315551758,34956
19.68471384048462,34956
19.68554949760437,34956
19.68642497062683,34956
19.68730878829956,34956
19.68816590309143,34956
19.68900990486145,34956
19.689851999282837,34956
19.690712213516235,34956
19.691580772399902,34956
19.692421674728394,34956
19.693267107009888,34956
19.69410490989685,34956
19.694963693618774,34956
19.695818185806274,34956
19.696660041809082,34956
19.697495937347412,34956
19.698343992233276,34956
19.69920253753662,34956
19.700047254562378,34956
19.700920581817627,34956
19.701797008514404,34956
19.702640295028687,34956
19.703474521636963,34956
19.704318523406982,34956
19.705176830291748,34956
19.706052780151367,34956
19.706940174102783,34956
19.70778250694275,34956
19.708626747131348,34956
19.709474802017212,34956
19.710334300994873,34956
19.711211681365967,34956
19.712068796157837,34956
19.71290373802185,34956
19.71374273300171,34956
19.714598655700684,34956
19.71546721458435,34956
19.7163028717041,34956
19.71713876724243,34956
19.71798872947693,34956
19.71884512901306,34956
19.71971893310547,34956
19.720590829849243,34956
19.721434354782104,34956
19.72227931022644,34956
19.72311568260193,34956
19.723973512649536,34956
19.724862813949585,34956
19.725728034973145,34956
19.726581573486328,34956
19.72742533683777,34956
19.72827649116516,34956
19.72913694381714,34956
19.730015754699707,34956
19.73090147972107,34956
19.73176121711731,34956
19.732594966888428,34956
19.733431816101074,34956
19.734281063079834,34956
19.735141038894653,34956
19.736026287078857,34956
19.736926317214966,34956
19.737780570983887,34956
19.738621473312378,34956
19.73946452140808,34956
19.74031901359558,34956
19.741182327270508,34956
19.742052793502808,34956
19.742916107177734,34956
19.7437424659729,34956
19.74459433555603,34956
19.74544906616211,34956
19.7463161945343,34956
19.747146606445312,34956
19.74799394607544,34956
19.748836517333984,34956
19.74970507621765,34956
19.750569343566895,34956
19.751441717147827,34956
19.752321481704712,34956
19.75314450263977,34956
19.75397801399231,34956
19.754830360412598,34956
19.755685567855835,34956
19.75654435157776,34956
19.757390022277832,34956
19.7582266330719,34956
19.75908136367798,34956
19.759949207305908,34956
19.76081132888794,34956
19.76165533065796,34956
19.762494802474976,34956
19.763339519500732,34956
19.764176845550537,34956
19.765048265457153,34956
19.76591467857361,34956
19.76676845550537,34956
19.76760220527649,34956
19.768447160720825,34956
19.769303560256958,34956
19.77014946937561,34956
19.770981311798096,34956
19.77182173728943,34956
19.77267336845398,34956
19.773536205291748,34956
19.7744140625,34956
19.775272369384766,34956
19.776095867156982,34956
19.776947259902954,34956
19.77780842781067,34956
19.778679132461548,34956
19.779518842697144,34956
19.780367851257324,34956
19.78120732307434,34956
19.782070875167847,34956
19.78293800354004,34956
19.7837872505188,34956
19.78462815284729,34956
19.78546905517578,34956
19.786324977874756,34956
19.78717827796936,34956
19.788066864013672,34956
19.788925886154175,34956
19.78975796699524,34956
19.790606021881104,34956
19.791451692581177,34956
19.79232168197632,34956
19.793193340301514,34956
19.794046640396118,34956
19.794881105422974,34956
19.79572820663452,34956
19.796581745147705,34956
19.797452926635742,34956
19.798317432403564,34956
19.799158334732056,34956
19.799988269805908,34956
19.800825595855713,34956
19.801679849624634,34956
19.80254626274109,34956
19.803435802459717,34956
19.80428695678711,34956
19.8051118850708,34956
19.805949449539185,34956
19.806817531585693,34956
19.80770182609558,34956
19.80856990814209,34956
19.809407234191895,34956
19.810233116149902,34956
19.811078310012817,34956
19.81194519996643,34956
19.81281566619873,34956
19.81369137763977,34956
19.814529418945312,34956
19.815359354019165,34956
19.816201210021973,34956
19.81708073616028,34956
19.817915201187134,34956
19.81875491142273,34956
19.81960654258728,34956
19.820465326309204,34956
19.82132601737976,34956
19.822152614593506,34956
19.823005437850952,34956
19.823861837387085,34956
19.824726819992065,34956
19.82559370994568,34956
19.826473474502563,34956
19.82735252380371,34956
19.828234910964966,34956
19.829073190689087,34956
19.829909086227417,34956
19.83075761795044,34956
19.83161950111389,34956
19.83247995376587,34956
19.83331561088562,34956
19.83415722846985,34956
19.83500838279724,34956
19.835871934890747,34956
19.836739778518677,34956
19.837584257125854,34956
19.838432788848877,34956
19.8392813205719,34956
19.8401300907135,34956
19.840996980667114,34956
19.841830015182495,34956
19.842668533325195,34956
19.84354543685913,34956
19.844411373138428,34956
19.845288038253784,34956
19.84615397453308,34956
19.847014904022217,34956
19.84784960746765,34956
19.848682403564453,34956
19.84953498840332,34956
19.85039496421814,34956
19.85123634338379,34956
19.852078437805176,34956
19.852926015853882,34956
19.85378885269165,34956
19.854651927947998,34956
19.855509281158447,34956
19.856370210647583,34956
19.857208490371704,34956
19.858042240142822,34956
19.858896493911743,34956
19.8597571849823,34956
19.860622882843018,34956
19.861470699310303,34956
19.86230182647705,34956
19.863140106201172,34956
19.863988876342773,34956
19.86484956741333,34956
19.86568522453308,34956
19.86654019355774,34956
19.867398262023926,34956
19.86826229095459,34956
19.869113445281982,34956
19.86999273300171,34956
19.870861053466797,34956
19.871711254119873,34956
19.87255835533142,34956
19.87340784072876,34956
19.874279975891113,34956
19.875166654586792,34956
19.876024961471558,34956
19.876861572265625,34956
19.877700090408325,34956
19.878543615341187,34956
19.879420518875122,34956
19.880255937576294,34956
19.881085634231567,34956
19.881934881210327,34956
19.882803440093994,34956
19.883676052093506,34956
19.884526252746582,34956
19.88536286354065,34956
19.886194467544556,34956
19.887054204940796,34956
19.8879177570343,34956
19.888779878616333,34956
19.88963556289673,34956
19.890475273132324,34956
19.891331434249878,34956
19.892168045043945,34956
19.89303421974182,34956
19.8938627243042,34956
19.894704580307007,34956
19.89555287361145,34956
19.89641761779785,34956
19.897270679473877,34956
19.89809823036194,34956
19.89894461631775,34956
19.899799585342407,34956
19.900663137435913,34956
19.901543378829956,34956
19.902411937713623,34956
19.903285264968872,34956
19.9041166305542,34956
19.904958486557007,34956
19.905811071395874,34956
19.906684160232544,34956
19.907578468322754,34956
19.908432960510254,34956
19.90925931930542,34956
19.91008949279785,34956
19.91094207763672,34956
19.911808013916016,34956
19.912646055221558,34956
19.913482904434204,34956
19.914325952529907,34956
19.915181875228882,34956
19.91604518890381,34956
19.916917085647583,34956
19.917816400527954,34956
19.91864824295044,34956
19.919496774673462,34956
19.9203462600708,34956
19.921195030212402,34956
19.922049283981323,34956
19.92288374900818,34956
19.923720598220825,34956
19.924582958221436,34956
19.925448179244995,34956
19.926299571990967,34956
19.927133321762085,34956
19.92798376083374,34956
19.92883563041687,34956
19.929697275161743,34956
19.93056082725525,34956
19.931403160095215,34956
19.932244539260864,34956
19.93308401107788,34956
19.933942317962646,34956
19.93480110168457,34956
19.935662269592285,34956
19.936498880386353,34956
19.937336683273315,34956
19.938185453414917,34956
19.9390389919281,34956
19.93991255760193,34956
19.940792083740234,34956
19.941630363464355,34956
19.94247341156006,34956
19.943324327468872,34956
19.944190979003906,34956
19.945078372955322,34956
19.945934057235718,34956
19.946780920028687,34956
19.947624444961548,34956
19.948477506637573,34956
19.949352025985718,34956
19.950175046920776,34956
19.951011657714844,34956
19.9518620967865,34956
19.95272660255432,34956
19.953567266464233,34956
19.954400777816772,34956
19.955233573913574,34956
19.95609140396118,34956
19.956969499588013,34956
19.95780062675476,34956
19.95862865447998,34956
19.959485054016113,34956
19.96036195755005,34956
19.96121311187744,34956
19.962072372436523,34956
19.962939262390137,34956
19.963829278945923,34956
19.964686155319214,34956
19.965519666671753,34956
19.966371059417725,34956
19.96721863746643,34956
19.96808433532715,34956
19.968921661376953,34956
19.969762563705444,34956
19.970605850219727,34956
19.9714674949646,34956
19.97234296798706,34956
19.973191022872925,34956
19.974024057388306,34956
19.97486448287964,34956
19.975711822509766,34956
19.976585149765015,34956
19.977452278137207,34956
19.978330373764038,34956
19.97916007041931,34956
19.979997158050537,34956
19.98084855079651,34956
19.981717109680176,34956
19.982597827911377,34956
19.983455419540405,34956
19.98428702354431,34956
19.98511528968811,34956
19.985965490341187,34956
19.986834287643433,34956
19.987714052200317,34956
19.98856472969055,34956
19.989408254623413,34956
19.990253925323486,34956
19.99109721183777,34956
19.991971731185913,34956
19.992802381515503,34956
19.993644952774048,34956
19.994491815567017,34956
19.995354652404785,34956
19.996196508407593,34956
19.997039794921875,34956
19.997894287109375,34956
19.998758792877197,34956
19.999633312225342,34956
20.000521659851074,34956
20.00135636329651,34956
20.002192735671997,34956
20.003031969070435,34956
20.00389337539673,34956
20.004751920700073,34956
20.005581617355347,34956
20.006444454193115,34956
20.007288932800293,34956
20.008151292800903,34956
20.009032726287842,34956
20.00989556312561,34956
20.010733604431152,34956
20.011582612991333,34956
20.012431383132935,34956
20.013293266296387,34956
20.01414680480957,34956
20.01501488685608,34956
20.015857696533203,34956
20.016715049743652,34956
20.017560243606567,34956
20.018433332443237,34956
20.019298791885376,34956
20.020174503326416,34956
20.021041870117188,34956
20.021885871887207,34956
20.022724151611328,34956
20.023574829101562,34956
20.02444577217102,34956
20.025295734405518,34956
20.026113271713257,34956
20.026970863342285,34956
20.027827739715576,34956
20.028706073760986,34956
20.02957272529602,34956
20.030407428741455,34956
20.031238079071045,34956
20.03209638595581,34956
20.03295636177063,34956
20.03383493423462,34956
20.034703969955444,34956
20.03553867340088,34956
20.036398887634277,34956
20.0372474193573,34956
20.03810143470764,34956
20.03897213935852,34956
20.03984308242798,34956
20.04068422317505,34956
20.041523218154907,34956
20.042365789413452,34956
20.04321527481079,34956
20.04406714439392,34956
20.04490613937378,34956
20.045753002166748,34956
20.046616554260254,34956
20.047478675842285,34956
20.04832434654236,34956
20.04916763305664,34956
20.050012350082397,34956
20.050856590270996,34956
20.05171537399292,34956
20.05258297920227,34956
20.053457260131836,34956
20.05433177947998,34956
20.0551815032959,34956
20.056018352508545,34956
20.056870222091675,34956
20.057734489440918,34956
20.05861496925354,34956
20.059482097625732,34956
20.06032919883728,34956
20.06115984916687,34956
20.062004566192627,34956
20.062851428985596,34956
20.063734531402588,34956
20.06459403038025,34956
20.065479278564453,34956
20.06632971763611,34956
20.06715202331543,34956
20.067994117736816,34956
20.0688636302948,34956
20.069709062576294,34956
20.070536136627197,34956
20.071383237838745,34956
20.072233200073242,34956
20.07308340072632,34956
20.073936462402344,34956
20.07479429244995,34956
20.075632572174072,34956
20.0764901638031,34956
20.077349424362183,34956
20.078221082687378,34956
20.079063415527344,34956
20.079907417297363,34956
20.080761432647705,34956
20.081626176834106,34956
20.082496881484985,34956
20.08337092399597,34956
20.084192514419556,34956
20.08502745628357,34956
20.085872888565063,34956
20.08676052093506,34956
20.087637662887573,34956
20.088503122329712,34956
20.08934259414673,34956
20.090180158615112,34956
20.091222047805786,34956
20.09209632873535,34956
20.09297490119934,34956
20.09385895729065,34956
20.09471106529236,34956
20.095544815063477,34956
20.096407651901245,34956
20.09726619720459,34956
20.098122358322144,34956
20.09895610809326,34956
20.0997896194458,34956
20.10063362121582,34956
20.101496696472168,34956
20.102365493774414,34956
20.103233098983765,34956
20.104111909866333,34956
20.10493516921997,34956
20.105770587921143,34956
20.106626987457275,34956
20.10748600959778,34956
20.108325004577637,34956
20.10914945602417,34956
20.10999894142151,34956
20.110857725143433,34956
20.11170721054077,34956
20.11258625984192,34956
20.113433361053467,34956
20.114276885986328,34956
20.115116834640503,34956
20.11596965789795,34956
20.116853713989258,34956
20.117742776870728,34956
20.118586540222168,34956
20.119428873062134,34956
20.12027668952942,34956
20.121138095855713,34956
20.12199640274048,34956
20.12286901473999,34956
20.123762369155884,34956
20.12460231781006,34956
20.1254460811615,34956
20.126306533813477,34956
20.127159118652344,34956
20.12801194190979,34956
20.128849029541016,34956
20.129687070846558,34956
20.130540370941162,34956
20.13141942024231,34956
20.13227939605713,34956
20.13313055038452,34956
20.133983373641968,34956
20.134819984436035,34956
20.135675191879272,34956
20.136552095413208,34956
20.137410640716553,34956
20.138252019882202,34956
20.139079332351685,34956
20.139925479888916,34956
20.140777111053467,34956
20.141650438308716,34956
20.142526149749756,34956
20.143413305282593,34956
20.144248485565186,34956
20.145082712173462,34956
20.145928382873535,34956
20.146801471710205,34956
20.14765954017639,34956
20.148494243621826,34956
20.149348735809326,34956
20.15019917488098,34956
20.151058673858643,34956
20.151905298233032,34956
20.152745962142944,34956
20.15359377861023,34956
20.15445637702942,34956
20.155317544937134,34956
20.15614080429077,34956
20.156991481781006,34956
20.157843351364136,34956
20.15870952606201,34956
20.15954828262329,34956
20.160399436950684,34956
20.161222457885742,34956
20.162065029144287,34956
20.1629159450531,34956
20.163772344589233,34956
20.164624214172363,34956
20.165488719940186,34956
20.166340351104736,34956
20.167171478271484,34956
20.168019771575928,34956
20.168899059295654,34956
20.16977548599243,34956
20.170626640319824,34956
20.17146372795105,34956
20.17230725288391,34956
20.17315435409546,34956
20.174022436141968,34956
20.174890995025635,34956
20.175771236419678,34956
20.17665934562683,34956
20.177542448043823,34956
20.178372383117676,34956
20.179213285446167,34956
20.180063486099243,34956
20.18092393875122,34956
20.181771278381348,34956
20.182612895965576,34956
20.183470010757446,34956
20.18433117866516,34956
20.185185194015503,34956
20.186015844345093,34956
20.18687105178833,34956
20.18772053718567,34956
20.18858027458191,34956
20.18944501876831,34956
20.190308332443237,34956
20.191144466400146,34956
20.191978216171265,34956
20.19283127784729,34956
20.193690061569214,34956
20.19457483291626,34956
20.195455074310303,34956
20.19633936882019,34956
20.197224855422974,34956
20.198062896728516,34956
20.198899507522583,34956
20.199747323989868,34956
20.20061230659485,34956
20.201486110687256,34956
20.20235323905945,34956
20.203179121017456,34956
20.204020977020264,34956
20.204874753952026,34956
20.20574188232422,34956
20.20663285255432,34956
20.207491159439087,34956
20.208328008651733,34956
20.209161043167114,34956
20.21001887321472,34956
20.21087884902954,34956
20.211771249771118,34956
20.212626934051514,34956
20.213464975357056,34956
20.214300394058228,34956
20.21514391899109,34956
20.216020345687866,34956
20.21689772605896,34956
20.21773862838745,34956
20.21857237815857,34956
20.219423294067383,34956
20.220274686813354,34956
20.221131324768066,34956
20.22200107574463,34956
20.222832679748535,34956
20.223681688308716,34956
20.2245192527771,34956
20.225377321243286,34956
20.226261138916016,34956
20.227118730545044,34956
20.227967023849487,34956
20.228805541992188,34956
20.229647397994995,34956
20.230504274368286,34956
20.231346368789673,34956
20.232177257537842,34956
20.23302674293518,34956
20.233877182006836,34956
20.234741687774658,34956
20.235604524612427,34956
20.236456871032715,34956
20.2372989654541,34956
20.238142013549805,34956
20.239004135131836,34956
20.23988699913025,34956
20.240755796432495,34956
20.24158477783203,34956
20.242425441741943,34956
20.243278741836548,34956
20.244134426116943,34956
20.244993686676025,34956
20.245849609375,34956
20.24669647216797,34956
20.247528553009033,34956
20.24837875366211,34956
20.24925184249878,34956
20.250089168548584,34956
20.250928163528442,34956
20.251783847808838,34956
20.25264048576355,34956
20.25349760055542,34956
20.254326343536377,34956
20.255159616470337,34956
20.256006240844727,34956
20.25686812400818,34956
20.257720470428467,34956
20.258575439453125,34956
20.259409427642822,34956
20.260228633880615,34956
20.261077880859375,34956
20.26195454597473,34956
20.26282024383545,34956
20.263678550720215,34956
20.264519214630127,34956
20.26537823677063,34956
20.266223669052124,34956
20.267094135284424,34956
20.267963409423828,34956
20.268850326538086,34956
20.269707918167114,34956
20.27053952217102,34956
20.271385669708252,34956
20.272232055664062,34956
20.273096323013306,34956
20.273934602737427,34956
20.27478051185608,34956
20.275623083114624,34956
20.276499271392822,34956
20.277348518371582,34956
20.278178691864014,34956
20.27902603149414,34956
20.27988362312317,34956
20.280755758285522,34956
20.281595468521118,34956
20.282438278198242,34956
20.283281326293945,34956
20.28413438796997,34956
20.28500771522522,34956
20.28586459159851,34956
20.286750078201294,34956
20.287593841552734,34956
20.288431882858276,34956
20.28927230834961,34956
20.29012131690979,34956
20.29097580909729,34956
20.291804552078247,34956
20.292651891708374,34956
20.293500185012817,34956
20.29436421394348,34956
20.295227527618408,34956
20.296076774597168,34956
20.296912908554077,34956
20.297744274139404,34956
20.298601150512695,34956
20.299469709396362,34956
20.30032467842102,34956
20.301189184188843,34956
20.302061319351196,34956
20.302960634231567,34956
20.303797006607056,34956
20.30463480949402,34956
20.305479288101196,34956
20.306351900100708,34956
20.30719780921936,34956
20.30803108215332,34956
20.30886721611023,34956
20.30972695350647,34956
20.310596227645874,34956
20.31144070625305,34956
20.31228494644165,34956
20.313117027282715,34956
20.313968658447266,34956
20.314833641052246,34956
20.315688610076904,34956
20.316539764404297,34956
20.31737732887268,34956
20.318212032318115,34956
20.31907558441162,34956
20.319949626922607,34956
20.320825338363647,34956
20.321659564971924,34956
20.3224995136261,34956
20.32335138320923,34956
20.32421350479126,34956
20.325096368789673,34956
20.3259756565094,34956
20.32685875892639,34956
20.327701091766357,34956
20.328543663024902,34956
20.32939600944519,34956
20.330268144607544,34956
20.33115530014038,34956
20.33201313018799,34956
20.33284068107605,34956
20.33367919921875,34956
20.334537744522095,34956
20.335404634475708,34956
20.336223125457764,34956
20.337069749832153,34956
20.33791470527649,34956
20.33877182006836,34956
20.339641094207764,34956
20.34050178527832,34956
20.341338872909546,34956
20.342183351516724,34956
20.343027114868164,34956
20.343894720077515,34956
20.344743967056274,34956
20.34558415412903,34956
20.346450090408325,34956
20.34730291366577,34956
20.348166942596436,34956
20.349029064178467,34956
20.34987497329712,34956
20.3507239818573,34956
20.351577758789062,34956
20.352431535720825,34956
20.353320121765137,34956
20.354169845581055,34956
20.35501480102539,34956
20.355850219726562,34956
20.356709957122803,34956
20.357569456100464,34956
20.358434915542603,34956
20.359265565872192,34956
20.36010503768921,34956
20.360955238342285,34956
20.361834287643433,34956
20.362674474716187,34956
20.36350131034851,34956
20.364347457885742,34956
20.365204572677612,34956
20.36608362197876,34956
20.366964101791382,34956
20.367801666259766,34956
20.368646144866943,34956
20.369502067565918,34956
20.370361804962158,34956
20.371230363845825,34956
20.372098684310913,34956
20.372981071472168,34956
20.37382173538208,34956
20.374654531478882,34956
20.375498056411743,34956
20.37636661529541,34956
20.37725043296814,34956
20.378106832504272,34956
20.378937005996704,34956
20.3797709941864,34956
20.38061261177063,34956
20.381478309631348,34956
20.382374048233032,34956
20.383253574371338,34956
20.38411021232605,34956
20.38493537902832,34956
20.38577699661255,34956
20.386638402938843,34956
20.387500047683716,34956
20.388388872146606,34956
20.389236211776733,34956
20.390064001083374,34956
20.39090871810913,34956
20.391764879226685,34956
20.392635345458984,34956
20.393466234207153,34956
20.394297122955322,34956
20.395137786865234,34956
20.39599084854126,34956
20.39685845375061,34956
20.397692441940308,34956
20.398539304733276,34956
20.3993980884552,34956
20.400271892547607,34956
20.40109944343567,34956
20.401947021484375,34956
20.40278649330139,34956
20.40364670753479,34956
20.404523372650146,34956
20.405393600463867,34956
20.406283378601074,34956
20.40714120864868,34956
20.407975912094116,34956
20.408828258514404,34956
20.4096782207489,34956
20.410537481307983,34956
20.411396026611328,34956
20.412230491638184,34956
20.413066148757935,34956
20.413914918899536,34956
20.41476845741272,34956
20.415637254714966,34956
20.416486978530884,34956
20.417332649230957,34956
20.41817331314087,34956
20.419029712677002,34956
20.419892072677612,34956
20.420753240585327,34956
20.421594619750977,34956
20.422441720962524,34956
20.42330050468445,34956
20.424158573150635,34956
20.42499876022339,34956
20.425836086273193,34956
20.42669939994812,34956
20.4275541305542,34956
20.42842984199524,34956
20.429295778274536,34956
20.430128812789917,34956
20.430957317352295,34956
20.43181014060974,34956
20.432671070098877,34956
20.433531045913696,34956
20.434370756149292,34956
20.435208082199097,34956
20.436055898666382,34956
20.43691325187683,34956
20.437796115875244,34956
20.438639163970947,34956
20.439475059509277,34956
20.440317392349243,34956
20.441173791885376,34956
20.442039251327515,34956
20.44287633895874,34956
20.443731784820557,34956
20.444577932357788,34956
20.445438861846924,34956
20.446281909942627,34956
20.447104454040527,34956
20.447949409484863,34956
20.448809146881104,34956
20.44968056678772,34956
20.45054006576538,34956
20.451423168182373,34956
20.452291011810303,34956
20.453120708465576,34956
20.453969955444336,34956
20.454821586608887,34956
20.455687284469604,34956
20.45653510093689,34956
20.45737910270691,34956
20.458216190338135,34956
20.45907187461853,34956
20.459928512573242,34956
20.46076464653015,34956
20.461605072021484,34956
20.46245241165161,34956
20.463314533233643,34956
20.464176654815674,34956
20.465041160583496,34956
20.465885877609253,34956
20.46673083305359,34956
20.467573642730713,34956
20.468436002731323,34956
20.469311475753784,34956
20.47016453742981,34956
20.47100329399109,34956
20.471853256225586,34956
20.472707271575928,34956
20.47357177734375,34956
20.474457263946533,34956
20.475308895111084,34956
20.47613835334778,34956
20.4769926071167,34956
20.47784972190857,34956
20.47872233390808,34956
20.479588985443115,34956
20.480451107025146,34956
20.481300592422485,34956
20.482139587402344,34956
20.482988357543945,34956
20.483839988708496,34956
20.484708070755005,34956
20.485581874847412,34956
20.48643922805786,34956
20.487282514572144,34956
20.488129377365112,34956
20.488996505737305,34956
20.48985528945923,34956
20.490689277648926,34956
20.491531372070312,34956
20.492377758026123,34956
20.49324870109558,34956
20.49407696723938,34956
20.49491786956787,34956
20.495763778686523,34956
20.49663496017456,34956
20.497506618499756,34956
20.498374462127686,34956
20.499199628829956,34956
20.500041484832764,34956
20.500882625579834,34956
20.501742362976074,34956
20.502605438232422,34956
20.50348925590515,34956
20.504321813583374,34956
20.50515365600586,34956
20.506000995635986,34956
20.506885528564453,34956
20.507760763168335,34956
20.508636474609375,34956
20.509469747543335,34956
20.510300874710083,34956
20.511236667633057,34956
20.51209330558777,34956
20.512953996658325,34956
20.513832092285156,34956
20.514704942703247,34956
20.515544652938843,34956
20.516396045684814,34956
20.517249822616577,34956
20.518105030059814,34956
20.51893973350525,34956
20.519782543182373,34956
20.520631074905396,34956
20.52149796485901,34956
20.52237319946289,34956
20.523236751556396,34956
20.52406668663025,34956
20.52490258216858,34956
20.525748252868652,34956
20.52661895751953,34956
20.52747893333435,34956
20.528318643569946,34956
20.52915096282959,34956
20.5300030708313,34956
20.530864000320435,34956
20.531741857528687,34956
20.532582759857178,34956
20.533418655395508,34956
20.534246683120728,34956
20.535090446472168,34956
20.53595995903015,34956
20.536800146102905,34956
20.53764247894287,34956
20.53849196434021,34956
20.53935217857361,34956
20.54020047187805,34956
20.541040897369385,34956
20.541886806488037,34956
20.5427463054657,34956
20.543609619140625,34956
20.544455528259277,34956
20.545340538024902,34956
20.546205282211304,34956
20.54704785346985,34956
20.547889232635498,34956
20.548744201660156,34956
20.549604177474976,34956
20.550441026687622,34956
20.55127787590027,34956
20.552111387252808,34956
20.552964448928833,34956
20.55384063720703,34956
20.554702281951904,34956
20.55557084083557,34956
20.556429386138916,34956
20.557267665863037,34956
20.55809998512268,34956
20.558955430984497,34956
20.559823036193848,34956
20.56066370010376,34956
20.561506032943726,34956
20.562357187271118,34956
20.56321668624878,34956
20.56405997276306,34956
20.564889192581177,34956
20.56574010848999,34956
20.566601037979126,34956
20.56746244430542,34956
20.56831693649292,34956
20.569162130355835,34956
20.569992065429688,34956
20.570839166641235,34956
20.571694374084473,34956
20.57257843017578,34956
20.573437929153442,34956
20.574280261993408,34956
20.575109481811523,34956
20.57594585418701,34956
20.57682514190674,34956
20.577686071395874,34956
20.578519821166992,34956
20.579366445541382,34956
20.58020853996277,34956
20.581075429916382,34956
20.58195471763611,34956
20.58284091949463,34956
20.58369207382202,34956
20.584535837173462,34956
20.58538317680359,34956
20.586236476898193,34956
20.58711552619934,34956
20.587981700897217,34956
20.588828086853027,34956
20.58966827392578,34956
20.590513944625854,34956
20.591371059417725,34956
20.592226028442383,34956
20.593098878860474,34956
20.59393048286438,34956
20.594770431518555,34956
20.59562039375305,34956
20.596481323242188,34956
20.597360372543335,34956
20.59821081161499,34956
20.599039316177368,34956
20.599878311157227,34956
20.600728511810303,34956
20.60158348083496,34956
20.602465391159058,34956
20.603334665298462,34956
20.60416054725647,34956
20.604997873306274,34956
20.605852842330933,34956
20.606724739074707,34956
20.607600212097168,34956
20.608486890792847,34956
20.60936212539673,34956
20.610193967819214,34956
20.611032724380493,34956
20.61187744140625,34956
20.612730741500854,34956
20.613568782806396,34956
20.614422082901,34956
20.615272045135498,34956
20.616129159927368,34956
20.61701226234436,34956
20.617897748947144,34956
20.618734121322632,34956
20.619577884674072,34956
20.62042737007141,34956
20.621283769607544,34956
20.62213444709778,34956
20.6229727268219,34956
20.6238214969635,34956
20.624671697616577,34956
20.62554359436035,34956
20.62640404701233,34956
20.627286434173584,34956
20.628133296966553,34956
20.62895703315735,34956
20.62979745864868,34956
20.630648136138916,34956
20.63150691986084,34956
20.632387399673462,34956
20.63323736190796,34956
20.634073734283447,34956
20.634921550750732,34956
20.63577675819397,34956
20.636653184890747,34956
20.63748288154602,34956
20.638317823410034,34956
20.639153718948364,34956
20.640018224716187,34956
20.6408851146698,34956
20.64176297187805,34956
20.642603874206543,34956
20.643447160720825,34956
20.6442973613739,34956
20.64514923095703,34956
20.645998001098633,34956
20.646848917007446,34956
20.647698163986206,34956
20.648547887802124,34956
20.649428129196167,34956
20.65030813217163,34956
20.651179313659668,34956
20.652045011520386,34956
20.652880668640137,34956
20.653732776641846,34956
20.654586791992188,34956
20.65545892715454,34956
20.656327486038208,34956
20.65717077255249,34956
20.65800642967224,34956
20.658862590789795,34956
20.659709453582764,34956
20.660565614700317,34956
20.661408185958862,34956
20.662257432937622,34956
20.663094520568848,34956
20.66395902633667,34956
20.66482973098755,34956
20.665708780288696,34956
20.6665780544281,34956
20.667409658432007,34956
20.66823410987854,34956
20.669087409973145,34956
20.66995859146118,34956
20.670809984207153,34956
20.671648263931274,34956
20.672487258911133,34956
20.673348903656006,34956
20.674211502075195,34956
20.67507028579712,34956
20.67590880393982,34956
20.676758766174316,34956
20.677612781524658,34956
20.67846918106079,34956
20.679324865341187,34956
20.680142641067505,34956
20.68098473548889,34956
20.68183732032776,34956
20.68269991874695,34956
20.683565855026245,34956
20.684439659118652,34956
20.68531107902527,34956
20.686140775680542,34956
20.686993837356567,34956
20.68784189224243,34956
20.68869948387146,34956
20.689545154571533,34956
20.69037890434265,34956
20.69121551513672,34956
20.692072868347168,34956
20.69294786453247,34956
20.69382381439209,34956
20.694657802581787,34956
20.69548797607422,34956
20.69634485244751,34956
20.69719648361206,34956
20.698057413101196,34956
20.698917865753174,34956
20.699800491333008,34956
20.70064115524292,34956
20.701478242874146,34956
20.702309608459473,34956
20.703155517578125,34956
20.70401930809021,34956
20.704856872558594,34956
20.70570397377014,34956
20.706570625305176,34956
20.707441091537476,34956
20.708271980285645,34956
20.709105253219604,34956
20.709949254989624,34956
20.71080446243286,34956
20.711676836013794,34956
20.7125346660614,34956
20.713377475738525,34956
20.714215517044067,34956
20.71505355834961,34956
20.715909481048584,34956
20.71678328514099,34956
20.717652559280396,34956
20.71848487854004,34956
20.719325065612793,34956
20.720162630081177,34956
20.72102189064026,34956
20.721901655197144,34956
20.72277045249939,34956
20.723610639572144,34956
20.72445297241211,34956
20.725303411483765,34956
20.72616171836853,34956
20.727031230926514,34956
20.72789216041565,34956
20.728734731674194,34956
20.72957992553711,34956
20.730430126190186,34956
20.731297731399536,34956
20.7321298122406,34956
20.73296618461609,34956
20.73381495475769,34956
20.734684944152832,34956
20.73553442955017,34956
20.73638081550598,34956
20.7372145652771,34956
20.738073348999023,34956
20.738933801651,34956
20.739784479141235,34956
20.740659713745117,34956
20.7415189743042,34956
20.742356061935425,34956
20.74318838119507,34956
20.74404215812683,34956
20.74490261077881,34956
20.74574375152588,34956
20.746588945388794,34956
20.747432231903076,34956
20.748292684555054,34956
20.749168157577515,34956
20.750038146972656,34956
20.750909090042114,34956
20.751750469207764,34956
20.752581357955933,34956
20.75342297554016,34956
20.754276990890503,34956
20.755138158798218,34956
20.75597906112671,34956
20.756829500198364,34956
20.75767683982849,34956
20.758548259735107,34956
20.759390830993652,34956
20.760217666625977,34956
20.76106095314026,34956
20.761927843093872,34956
20.762789249420166,34956
20.763636350631714,34956
20.764480113983154,34956
20.765336751937866,34956
20.766199588775635,34956
20.767040252685547,34956
20.767884492874146,34956
20.768731594085693,34956
20.769590854644775,34956
20.770448923110962,34956
20.77129864692688,34956
20.772143125534058,34956
20.773010730743408,34956
20.773861169815063,34956
20.77470874786377,34956
20.775553703308105,34956
20.776403188705444,34956
20.777266025543213,34956
20.778135299682617,34956
20.779012203216553,34956
20.779849529266357,34956
20.780688285827637,34956
20.781535863876343,34956
20.782397270202637,34956
20.78325343132019,34956
20.78409457206726,34956
20.784935474395752,34956
20.785786151885986,34956
20.786656379699707,34956
20.78752589225769,34956
20.788405895233154,34956
20.789256811141968,34956
20.79007601737976,34956
20.790913820266724,34956
20.791770458221436,34956
20.792648315429688,34956
20.79348635673523,34956
20.794323205947876,34956
20.795166015625,34956
20.796021699905396,34956
20.796876192092896,34956
20.797710180282593,34956
20.798556804656982,34956
20.799411058425903,34956
20.800285816192627,34956
20.801130771636963,34956
20.802003860473633,34956
20.802872896194458,34956
20.803744077682495,34956
20.804577112197876,34956
20.80541467666626,34956
20.80626916885376,34956
20.8071186542511,34956
20.80796527862549,34956
20.808810472488403,34956
20.809656381607056,34956
20.810509204864502,34956
20.811380863189697,34956
20.81223225593567,34956
20.81308674812317,34956
20.813920974731445,34956
20.81476593017578,34956
20.815627336502075,34956
20.816492080688477,34956
20.81736660003662,34956
20.818203687667847,34956
20.819039344787598,34956
20.819885730743408,34956
20.82073950767517,34956
20.82160472869873,34956
20.82244062423706,34956
20.823278665542603,34956
20.824124574661255,34956
20.824992418289185,34956
20.825852870941162,34956
20.826727628707886,34956
20.82756519317627,34956
20.82840919494629,34956
20.829248905181885,34956
20.830111503601074,34956
20.830981016159058,34956
20.83182954788208,34956
20.832656145095825,34956
20.833505153656006,34956
20.834355354309082,34956
20.835213899612427,34956
20.836082458496094,34956
20.836930990219116,34956
20.8377685546875,34956
20.838618278503418,34956
20.839476346969604,34956
20.840359449386597,34956
20.84121584892273,34956
20.842055320739746,34956
20.842888593673706,34956
20.843749523162842,34956
20.84460759162903,34956
20.84546446800232,34956
20.846303462982178,34956
20.847137928009033,34956
20.847978591918945,34956
20.848846197128296,34956
20.84969735145569,34956
20.850555181503296,34956
20.851394414901733,34956
20.852229833602905,34956
20.853082418441772,34956
20.85394597053528,34956
20.85482382774353,34956
20.855669021606445,34956
20.856513738632202,34956
20.857358694076538,34956
20.858213901519775,34956
20.859095573425293,34956
20.859990119934082,34956
20.86083483695984,34956
20.861674785614014,34956
20.86251735687256,34956
20.863380670547485,34956
20.864224195480347,34956
20.86505675315857,34956
20.86590027809143,34956
20.86676573753357,34956
20.867623329162598,34956
20.86850118637085,34956
20.869378805160522,34956
20.870222091674805,34956
20.871065616607666,34956
20.871906280517578,34956
20.87275719642639,34956
20.87361431121826,34956
20.874460697174072,34956
20.875296115875244,34956
20.876140594482422,34956
20.877004146575928,34956
20.877877950668335,34956
20.878745317459106,34956
20.87957453727722,34956
20.88041400909424,34956
20.881255865097046,34956
20.882118940353394,34956
20.882999420166016,34956
20.883875131607056,34956
20.884716033935547,34956
20.885557889938354,34956
20.886416912078857,34956
20.88727831840515,34956
20.88814663887024,34956
20.889029264450073,34956
20.88990330696106,34956
20.890737533569336,34956
20.89158010482788,34956
20.8924298286438,34956
20.893309116363525,34956
20.894141674041748,34956
20.89497709274292,34956
20.895827531814575,34956
20.896690607070923,34956
20.8975670337677,34956
20.898433208465576,34956
20.899278163909912,34956
20.900115966796875,34956
20.900968313217163,34956
20.90182614326477,34956
20.90270733833313,34956
20.903597593307495,34956
20.90443992614746,34956
20.905282497406006,34956
20.906116247177124,34956
20.90699577331543,34956
20.90782856941223,34956
20.90866470336914,34956
20.909512519836426,34956
20.9103741645813,34956
20.91123628616333,34956
20.91208267211914,34956
20.91292953491211,34956
20.913769721984863,34956
20.91461753845215,34956
20.915462970733643,34956
20.916353702545166,34956
20.91721200942993,34956
20.918050050735474,34956
20.91889524459839,34956
20.91974973678589,34956
20.920603275299072,34956
20.9214506149292,34956
20.922287702560425,34956
20.923128843307495,34956
20.923977613449097,34956
20.924837112426758,34956
20.925711631774902,34956
20.92659044265747,34956
20.92748260498047,34956
20.92833113670349,34956
20.92916464805603,34956
20.930023431777954,34956
20.93088698387146,34956
20.931724071502686,34956
20.932560205459595,34956
20.933393239974976,34956
20.934229612350464,34956
20.93509292602539,34956
20.935938835144043,34956
20.936782598495483,34956
20.93763542175293,34956
20.938499212265015,34956
20.939375638961792,34956
20.940234899520874,34956
20.941071271896362,34956
20.941903352737427,34956
20.94275951385498,34956
20.943620204925537,34956
20.944498300552368,34956
20.945358753204346,34956
20.946194410324097,34956
20.947038650512695,34956
20.94788670539856,34956
20.948748111724854,34956
20.94961953163147,34956
20.950496912002563,34956
20.951366424560547,34956
20.952197551727295,34956
20.953041791915894,34956
20.953898191452026,34956
20.954760789871216,34956
20.95559787750244,34956
20.95645022392273,34956
20.957297563552856,34956
20.958146810531616,34956
20.95900058746338,34956
20.95983386039734,34956
20.960676908493042,34956
20.96152949333191,34956
20.962398052215576,34956
20.96322512626648,34956
20.964058876037598,34956
20.964903831481934,34956
20.965760707855225,34956
20.96664309501648,34956
20.96750283241272,34956
20.96833896636963,34956
20.969170570373535,34956
20.97001886367798,34956
20.970876216888428,34956
20.971755504608154,34956
20.97261619567871,34956
20.973459243774414,34956
20.974299669265747,34956
20.975143909454346,34956
20.975995302200317,34956
20.97688102722168,34956
20.977738618850708,34956
20.978579998016357,34956
20.979414463043213,34956
20.98025941848755,34956
20.9811110496521,34956
20.982011318206787,34956
20.98289132118225,34956
20.98372459411621,34956
20.984565496444702,34956
20.985414505004883,34956
20.986286640167236,34956
20.98713707923889,34956
20.988016843795776,34956
20.988851308822632,34956
20.989692449569702,34956
20.990543365478516,34956
20.991409301757812,34956
20.992253303527832,34956
20.993082761764526,34956
20.993935346603394,34956
20.994800806045532,34956
20.99569797515869,34956
20.996581554412842,34956
20.99746060371399,34956
20.998315811157227,34956
20.99915361404419,34956
20.999998092651367,34956
21.00085735321045,34956
21.001736402511597,34956
21.00261664390564,34956
21.003450632095337,34956
21.00429105758667,34956
21.00513243675232,34956
21.005990266799927,34956
21.006859064102173,34956
21.007702589035034,34956
21.008543491363525,34956
21.00939679145813,34956
21.010265588760376,34956
21.01111364364624,34956
21.011998414993286,34956
21.012845754623413,34956
21.013683795928955,34956
21.014525413513184,34956
21.01536989212036,34956
21.01623034477234,34956
21.01707935333252,34956
21.017915964126587,34956
21.018762826919556,34956
21.019622087478638,34956
21.020501136779785,34956
21.02135992050171,34956
21.02222728729248,34956
21.02307677268982,34956
21.02392053604126,34956
21.024757862091064,34956
21.02561640739441,34956
21.026488065719604,34956
21.027320861816406,34956
21.028154134750366,34956
21.02899742126465,34956
21.029863119125366,34956
21.03072690963745,34956
21.03160524368286,34956
21.03247904777527,34956
21.033316135406494,34956
21.03415012359619,34956
21.035000324249268,34956
21.035858869552612,34956
21.03671908378601,34956
21.037559986114502,34956
21.038408517837524,34956
21.039264678955078,34956
21.040122270584106,34956
21.04095435142517,34956
21.041794538497925,34956
21.042643547058105,34956
21.0435209274292,34956
21.04438281059265,34956
21.045267343521118,34956
21.046141386032104,34956
21.046982288360596,34956
21.047823190689087,34956
21.04866361618042,34956
21.04952359199524,34956
21.050400495529175,34956
21.051275968551636,34956
21.052103757858276,34956
21.052950143814087,34956
21.053797721862793,34956
21.05466055870056,34956
21.055511713027954,34956
21.056360483169556,34956
21.057199716567993,34956
21.05806064605713,34956
21.05894660949707,34956
21.059800386428833,34956
21.06064224243164,34956
21.061484336853027,34956
21.06234073638916,34956
21.063185691833496,34956
21.064042568206787,34956
21.064878940582275,34956
21.06571054458618,34956
21.06656241416931,34956
21.067431211471558,34956
21.068313360214233,34956
21.069190502166748,34956
21.070055961608887,34956
21.070895433425903,34956
21.07172989845276,34956
21.072577714920044,34956
21.073444366455078,34956
21.074284076690674,34956
21.075112104415894,34956
21.075942516326904,34956
21.07680916786194,34956
21.07768988609314,34956
21.078553676605225,34956
21.0793879032135,34956
21.080222845077515,34956
21.081071853637695,34956
21.081927061080933,34956
21.08279275894165,34956
21.08363962173462,34956
21.084495306015015,34956
21.08534598350525,34956
21.086198806762695,34956
21.087077617645264,34956
21.087966918945312,34956
21.088834762573242,34956
21.089664697647095,34956
21.09051513671875,34956
21.091367959976196,34956
21.092234134674072,34956
21.093063831329346,34956
21.093905448913574,34956
21.094751358032227,34956
21.09561061859131,34956
21.09647226333618,34956
21.097309589385986,34956
21.098139762878418,34956
21.0989830493927,34956
21.099838495254517,34956
21.10070776939392,34956
21.101562023162842,34956
21.102399587631226,34956
21.103229999542236,34956
21.10408091545105,34956
21.104946613311768,34956
21.10582399368286,34956
21.106712579727173,34956
21.10756802558899,34956
21.108444452285767,34956
21.109278917312622,34956
21.110104084014893,34956
21.110953330993652,34956
21.11180877685547,34956
21.112664699554443,34956
21.113492727279663,34956
21.114343881607056,34956
21.115188360214233,34956
21.116053342819214,34956
21.11691403388977,34956
21.117799282073975,34956
21.118682146072388,34956
21.119516611099243,34956
21.12036371231079,34956
21.12120795249939,34956
21.122063398361206,34956
21.122902631759644,34956
21.123739004135132,34956
21.124590396881104,34956
21.125452518463135,34956
21.12634563446045,34956
21.127216339111328,34956
21.128044843673706,34956
21.128883838653564,34956
21.12973403930664,34956
21.13058114051819,34956
21.131437301635742,34956
21.132282495498657,34956
21.133118391036987,34956
21.133976221084595,34956
21.134841918945312,34956
21.135720252990723,34956
21.13658118247986,34956
21.137420177459717,34956
21.138266563415527,34956
21.139114379882812,34956
21.139987468719482,34956
21.140854835510254,34956
21.141719102859497,34956
21.142556190490723,34956
21.143404722213745,34956
21.144253730773926,34956
21.145118951797485,34956
21.145984649658203,34956
21.146845817565918,34956
21.147685050964355,34956
21.14853549003601,34956
21.14939022064209,34956
21.150253295898438,34956
21.1510910987854,34956
21.15193486213684,34956
21.15279531478882,34956
21.15365958213806,34956
21.154520750045776,34956
21.15540075302124,34956
21.15628218650818,34956
21.157099723815918,34956
21.157938241958618,34956
21.158787727355957,34956
21.15964674949646,34956
21.16049551963806,34956
21.16132426261902,34956
21.16216468811035,34956
21.16301417350769,34956
21.16389489173889,34956
21.164756298065186,34956
21.16560649871826,34956
21.16645574569702,34956
21.167298793792725,34956
21.16814875602722,34956
21.169023513793945,34956
21.16988492012024,34956
21.170716285705566,34956
21.17155647277832,34956
21.172405004501343,34956
21.173266172409058,34956
21.174145221710205,34956
21.17501163482666,34956
21.175852298736572,34956
21.176701307296753,34956
21.17754340171814,34956
21.178409099578857,34956
21.17924976348877,34956
21.1800799369812,34956
21.180925846099854,34956
21.18177556991577,34956
21.182660341262817,34956
21.183533906936646,34956
21.184364080429077,34956
21.18519902229309,34956
21.18605375289917,34956
21.186919450759888,34956
21.18779754638672,34956
21.188667058944702,34956
21.189510583877563,34956
21.19034504890442,34956
21.191184282302856,34956
21.192045211791992,34956
21.192928552627563,34956
21.1937837600708,34956
21.194623947143555,34956
21.19546365737915,34956
21.19632577896118,34956
21.19717025756836,34956
21.198053121566772,34956
21.19890832901001,34956
21.199751615524292,34956
21.20059871673584,34956
21.201451539993286,34956
21.202319145202637,34956
21.2031991481781,34956
21.204053163528442,34956
21.204888343811035,34956
21.205730438232422,34956
21.20659875869751,34956
21.207478284835815,34956
21.20833396911621,34956
21.209161043167114,34956
21.209999561309814,34956
21.21084451675415,34956
21.211703300476074,34956
21.212557315826416,34956
21.2133948802948,34956
21.21423840522766,34956
21.215089321136475,34956
21.215953588485718,34956
21.216835737228394,34956
21.217686891555786,34956
21.218514680862427,34956
21.21935486793518,34956
21.220206022262573,34956
21.221070528030396,34956
21.221962213516235,34956
21.222811460494995,34956
21.223646879196167,34956
21.224491834640503,34956
21.225350379943848,34956
21.226216077804565,34956
21.227118968963623,34956
21.22795844078064,34956
21.228800535202026,34956
21.22964906692505,34956
21.230507373809814,34956
21.231361389160156,34956
21.232191562652588,34956
21.233030319213867,34956
21.233882427215576,34956
21.234755754470825,34956
21.23563265800476,34956
21.236477851867676,34956
21.237316370010376,34956
21.23815083503723,34956
21.2390079498291,34956
21.239867448806763,34956
21.24070906639099,34956
21.241552114486694,34956
21.24241352081299,34956
21.24329137802124,34956
21.244158506393433,34956
21.245019674301147,34956
21.245859384536743,34956
21.246717929840088,34956
21.24756693840027,34956
21.248427152633667,34956
21.249285459518433,34956
21.250142812728882,34956
21.250988721847534,34956
21.251832723617554,34956
21.252680778503418,34956
21.253551244735718,34956
21.25442886352539,34956
21.25527334213257,34956
21.256107330322266,34956
21.256962299346924,34956
21.257818460464478,34956
21.258700609207153,34956
21.25956964492798,34956
21.26045799255371,34956
21.261298894882202,34956
21.262126684188843,34956
21.2629611492157,34956
21.26381802558899,34956
21.264675617218018,34956
21.265512704849243,34956
21.26636242866516,34956
21.267210483551025,34956
21.26806402206421,34956
21.268938541412354,34956
21.269795656204224,34956
21.270638465881348,34956
21.271485090255737,34956
21.27233862876892,34956
21.273202180862427,34956
21.27408266067505,34956
21.27496314048767,34956
21.275818824768066,34956
21.27665901184082,34956
21.27750253677368,34956
21.27835249900818,34956
21.279211282730103,34956
21.280041933059692,34956
21.280877590179443,34956
21.281720399856567,34956
21.282582759857178,34956
21.283445596694946,34956
21.284297466278076,34956
21.285126447677612,34956
21.28596782684326,34956
21.286824226379395,34956
21.2876877784729,34956
21.288562536239624,34956
21.28943419456482,34956
21.290266275405884,34956
21.291104793548584,34956
21.291943311691284,34956
21.292803049087524,34956
21.293654680252075,34956
21.29450488090515,34956
21.295363426208496,34956
21.296215534210205,34956
21.29710292816162,34956
21.29798698425293,34956
21.298815727233887,34956
21.299646139144897,34956
21.30048179626465,34956
21.301334142684937,34956
21.302179098129272,34956
21.30300545692444,34956
21.303847312927246,34956
21.304691076278687,34956
21.305554151535034,34956
21.30643916130066,34956
21.30732035636902,34956
21.30817222595215,34956
21.30901002883911,34956
21.309845685958862,34956
21.310689449310303,34956
21.311548948287964,34956
21.3123939037323,34956
21.31322193145752,34956
21.314050674438477,34956
21.314907789230347,34956
21.315778493881226,34956
21.3166561126709,34956
21.317504405975342,34956
21.318337202072144,34956
21.319173097610474,34956
21.320034980773926,34956
21.320894956588745,34956
21.321730613708496,34956
21.322569608688354,34956
21.323413848876953,34956
21.324278116226196,34956
21.32512378692627,34956
21.325990438461304,34956
21.326854944229126,34956
21.327703714370728,34956
21.32853627204895,34956
21.32938861846924,34956
21.330230474472046,34956
21.331109285354614,34956
21.331972122192383,34956
21.332803964614868,34956
21.33364725112915,34956
21.334489107131958,34956
21.335342168807983,34956
21.336188793182373,34956
21.337037563323975,34956
21.337889671325684,34956
21.338745832443237,34956
21.339616537094116,34956
21.340455055236816,34956
21.341297388076782,34956
21.342138528823853,34956
21.342999935150146,34956
21.343862771987915,34956
21.344735860824585,34956
21.34557580947876,34956
21.34643054008484,34956
21.347275495529175,34956
21.348126649856567,34956
21.349003314971924,34956
21.349874019622803,34956
21.350708484649658,34956
21.351543188095093,34956
21.352386474609375,34956
21.353233098983765,34956
21.35407567024231,34956
21.354918956756592,34956
21.35576868057251,34956
21.35663628578186,34956
21.357508420944214,34956
21.3584086894989,34956
21.359237670898438,34956
21.360079288482666,34956
21.3609299659729,34956
21.361795902252197,34956
21.362656354904175,34956
21.363526821136475,34956
21.364360809326172,34956
21.365198135375977,34956
21.366044282913208,34956
21.3669171333313,34956
21.367788791656494,34956
21.368650913238525,34956
21.369481086730957,34956
21.370322465896606,34956
21.3711678981781,34956
21.372028589248657,34956
21.372863054275513,34956
21.373699188232422,34956
21.374552726745605,34956
21.37541437149048,34956
21.376274585723877,34956
21.37710928916931,34956
21.377944707870483,34956
21.378800630569458,34956
21.37966799736023,34956
21.380521059036255,34956
21.381391525268555,34956
21.382274627685547,34956
21.38310742378235,34956
21.383944988250732,34956
21.384793758392334,34956
21.38565468788147,34956
21.38655424118042,34956
21.387428283691406,34956
21.388265371322632,34956
21.389090538024902,34956
21.389937162399292,34956
21.39080786705017,34956
21.39168691635132,34956
21.392568111419678,34956
21.393454790115356,34956
21.394285678863525,34956
21.395116806030273,34956
21.395967483520508,34956
21.396847009658813,34956
21.39774441719055,34956
21.398590803146362,34956
21.399426460266113,34956
21.400263786315918,34956
21.40110754966736,34956
21.40197992324829,34956
21.402822732925415,34956
21.403669595718384,34956
21.404515504837036,34956
21.40537118911743,34956
21.4062283039093,34956
21.407110452651978,34956
21.40794038772583,34956
21.40878415107727,34956
21.40964150428772,34956
21.410516023635864,34956
21.411382913589478,34956
21.412248611450195,34956
21.413066387176514,34956
21.41391396522522,34956
21.414756774902344,34956
21.415624618530273,34956
21.41652274131775,34956
21.417385578155518,34956
21.41820740699768,34956
21.419049501419067,34956
21.419902801513672,34956
21.420767307281494,34956
21.421624898910522,34956
21.4224750995636,34956
21.423330545425415,34956
21.424169778823853,34956
21.425031185150146,34956
21.425891160964966,34956
21.426737546920776,34956
21.427567720413208,34956
21.42841601371765,34956
21.429279565811157,34956
21.43011212348938,34956
21.430949926376343,34956
21.431792736053467,34956
21.4326434135437,34956
21.433504819869995,34956
21.434374570846558,34956
21.435259580612183,34956
21.436136484146118,34956
21.436999559402466,34956
21.437843799591064,34956
21.438676357269287,34956
21.43951654434204,34956
21.440391302108765,34956
21.441255569458008,34956
21.44213318824768,34956
21.44300889968872,34956
21.44385290145874,34956
21.444698572158813,34956
21.445547342300415,34956
21.446423053741455,34956
21.447306871414185,34956
21.448182106018066,34956
21.44905686378479,34956
21.449942350387573,34956
21.45077919960022,34956
21.45161509513855,34956
21.452462911605835,34956
21.453324556350708,34956
21.454193592071533,34956
21.455039739608765,34956
21.455878734588623,34956
21.456730365753174,34956
21.45758867263794,34956
21.458457708358765,34956
21.459288358688354,34956
21.460110902786255,34956
21.46096181869507,34956
21.46181845664978,34956
21.46269989013672,34956
21.463550090789795,34956
21.46444320678711,34956
21.46534299850464,34956
21.466188669204712,34956
21.46703267097473,34956
21.467886447906494,34956
21.468745708465576,34956
21.469618320465088,34956
21.470458269119263,34956
21.47129797935486,34956
21.472148418426514,34956
21.473020792007446,34956
21.473891973495483,34956
21.474742889404297,34956
21.47556972503662,34956
21.47643804550171,34956
21.47728991508484,34956
21.478151321411133,34956
21.47905158996582,34956
21.479934453964233,34956
21.480791330337524,34956
21.481626987457275,34956
21.482463121414185,34956
21.48331594467163,34956
21.48417639732361,34956
21.485018968582153,34956
21.485849380493164,34956
21.486708164215088,34956
21.487566471099854,34956
21.488450050354004,34956
21.489320516586304,34956
21.490198135375977,34956
21.49103856086731,34956
21.49187660217285,34956
21.492725610733032,34956
21.493581771850586,34956
21.494443655014038,34956
21.49527883529663,34956
21.49610948562622,34956
21.496964693069458,34956
21.49783182144165,34956
21.498656272888184,34956
21.499489545822144,34956
21.50033950805664,34956
21.501192092895508,34956
21.502052783966064,34956
21.50290822982788,34956
21.50378918647766,34956
21.504664659500122,34956
21.50555181503296,34956
21.506444454193115,34956
21.507275342941284,34956
21.508105754852295,34956
21.508951425552368,34956
21.5098135471344,34956
21.51067352294922,34956
21.51150631904602,34956
21.512349843978882,34956
21.513192653656006,34956
21.514055013656616,34956
21.514892578125,34956
21.5157368183136,34956
21.516597270965576,34956
21.517468452453613,34956
21.518332719802856,34956
21.519188404083252,34956
21.520063638687134,34956
21.52090358734131,34956
21.521743297576904,34956
21.522597312927246,34956
21.523451805114746,34956
21.52432155609131,34956
21.525140285491943,34956
21.525975942611694,34956
21.526829719543457,34956
21.527681827545166,34956
21.528538465499878,34956
21.5294132232666,34956
21.530288219451904,34956
21.531174421310425,34956
21.53201651573181,34956
21.532860279083252,34956
21.533711433410645,34956
21.53457808494568,34956
21.53542160987854,34956
21.536262273788452,34956
21.537102699279785,34956
21.537959337234497,34956
21.538825035095215,34956
21.539711952209473,34956
21.540555715560913,34956
21.54140043258667,34956
21.542234897613525,34956
21.543097496032715,34956
21.54397225379944,34956
21.544838666915894,34956
21.545682668685913,34956
21.546534299850464,34956
21.547387838363647,34956
21.548237085342407,34956
21.549107313156128,34956
21.549977779388428,34956
21.55081844329834,34956
21.551656246185303,34956
21.55250072479248,34956
21.55336833000183,34956
21.554227828979492,34956
21.55509614944458,34956
21.555935859680176,34956
21.556785583496094,34956
21.55763292312622,34956
21.55850648880005,34956
21.55938458442688,34956
21.560245275497437,34956
21.561079740524292,34956
21.5619215965271,34956
21.562773942947388,34956
21.563636302947998,34956
21.564500093460083,34956
21.565353870391846,34956
21.566184520721436,34956
21.567035675048828,34956
21.567898511886597,34956
21.568750858306885,34956
21.569589614868164,34956
21.5704345703125,34956
21.571287393569946,34956
21.572157382965088,34956
21.573030710220337,34956
21.573877096176147,34956
21.57471203804016,34956
21.57554578781128,34956
21.576414823532104,34956
21.577282190322876,34956
21.578155279159546,34956
21.579046487808228,34956
21.57990550994873,34956
21.580738306045532,34956
21.581573009490967,34956
21.58242416381836,34956
21.583296537399292,34956
21.584127187728882,34956
21.584973335266113,34956
21.585820198059082,34956
21.586694717407227,34956
21.587572813034058,34956
21.588438034057617,34956
21.58931612968445,34956
21.590150117874146,34956
21.590982675552368,34956
21.591841220855713,34956
21.592705965042114,34956
21.593562126159668,34956
21.59440326690674,34956
21.595245838165283,34956
21.596086978912354,34956
21.596959829330444,34956
21.597848176956177,34956
21.598726511001587,34956
21.599597930908203,34956
21.6004421710968,34956
21.601284742355347,34956
21.60212254524231,34956
21.602988243103027,34956
21.60387134552002,34956
21.60472583770752,34956
21.605561017990112,34956
21.606422901153564,34956
21.607274532318115,34956
21.60814666748047,34956
21.608991861343384,34956
21.609832286834717,34956
21.61068320274353,34956
21.61154818534851,34956
21.61241054534912,34956
21.61326766014099,34956
21.61414408683777,34956
21.61497688293457,34956
21.615810871124268,34956
21.616668939590454,34956
21.6175320148468,34956
21.618383646011353,34956
21.61920428276062,34956
21.62004804611206,34956
21.620899200439453,34956
21.621768951416016,34956
21.62261128425598,34956
21.623451948165894,34956
21.624298810958862,34956
21.625158548355103,34956
21.62600064277649,34956
21.626854181289673,34956
21.627702951431274,34956
21.628551244735718,34956
21.629411697387695,34956
21.630255222320557,34956
21.63109016418457,34956
21.631942987442017,34956
21.632813930511475,34956
21.633681535720825,34956
21.634530067443848,34956
21.63538885116577,34956
21.636232137680054,34956
21.63707709312439,34956
21.63792061805725,34956
21.638784408569336,34956
21.63965368270874,34956
21.64049458503723,34956
21.641340970993042,34956
21.642194509506226,34956
21.64305591583252,34956
21.64392924308777,34956
21.644776582717896,34956
21.645675659179688,34956
21.64656400680542,34956
21.647425889968872,34956
21.648266315460205,34956
21.64909601211548,34956
21.649942636489868,34956
21.650822639465332,34956
21.65165066719055,34956
21.652488470077515,34956
21.653342247009277,34956
21.65420174598694,34956
21.655057430267334,34956
21.655889987945557,34956
21.656747817993164,34956
21.65759778022766,34956
21.6584792137146,34956
21.65932559967041,34956
21.66017460823059,34956
21.661006450653076,34956
21.66186022758484,34956
21.662713289260864,34956
21.663573265075684,34956
21.664432287216187,34956
21.66528606414795,34956
21.666104555130005,34956
21.666969537734985,34956
21.667818069458008,34956
21.668691635131836,34956
21.66952610015869,34956
21.670371055603027,34956
21.671212196350098,34956
21.67207646369934,34956
21.67294931411743,34956
21.67381763458252,34956
21.674678564071655,34956
21.675517082214355,34956
21.676371812820435,34956
21.67721915245056,34956
21.6780743598938,34956
21.6789608001709,34956
21.679831981658936,34956
21.680666208267212,34956
21.681511163711548,34956
21.682358026504517,34956
21.683221340179443,34956
21.684056043624878,34956
21.684887886047363,34956
21.685723781585693,34956
21.686594486236572,34956
21.68746829032898,34956
21.688345670700073,34956
21.689213752746582,34956
21.69006109237671,34956
21.690892934799194,34956
21.69174599647522,34956
21.692601203918457,34956
21.693468809127808,34956
21.69431185722351,34956
21.69515633583069,34956
21.69601058959961,34956
21.69688653945923,34956
21.697749376296997,34956
21.698624849319458,34956
21.699496746063232,34956
21.70032787322998,34956
21.701160430908203,34956
21.70200252532959,34956
21.70285677909851,34956
21.703735828399658,34956
21.70461130142212,34956
21.70544695854187,34956
21.706291913986206,34956
21.707133293151855,34956
21.707999229431152,34956
21.70889377593994,34956
21.709760427474976,34956
21.710594177246094,34956
21.711436986923218,34956
21.71228265762329,34956
21.713142156600952,34956
21.713975191116333,34956
21.714813947677612,34956
21.71565890312195,34956
21.71653127670288,34956
21.71740460395813,34956
21.71827483177185,34956
21.719128847122192,34956
21.719980239868164,34956
21.720815896987915,34956
21.72166395187378,34956
21.72252583503723,34956
21.723384141921997,34956
21.724202156066895,34956
21.725040435791016,34956
21.72589421272278,34956
21.726765155792236,34956
21.727608919143677,34956
21.728448629379272,34956
21.72930598258972,34956
21.730162620544434,34956
21.731041193008423,34956
21.731899976730347,34956
21.7327778339386,34956
21.73364520072937,34956
21.734474420547485,34956
21.735315322875977,34956
21.73616623878479,34956
21.737043142318726,34956
21.737911224365234,34956
21.738805294036865,34956
21.739689588546753,34956
21.74053931236267,34956
21.741369247436523,34956
21.742204666137695,34956
21.74305820465088,34956
21.74392294883728,34956
21.744760990142822,34956
21.745607614517212,34956
21.746466398239136,34956
21.747321605682373,34956
21.7481791973114,34956
21.74900984764099,34956
21.749850034713745,34956
21.750704526901245,34956
21.751572608947754,34956
21.75242042541504,34956
21.7532639503479,34956
21.754103899002075,34956
21.754962921142578,34956
21.755826234817505,34956
21.756696701049805,34956
21.757558822631836,34956
21.758410692214966,34956
21.75925087928772,34956
21.760090351104736,34956
21.760941743850708,34956
21.761804342269897,34956
21.762696266174316,34956
21.763532638549805,34956
21.76437783241272,34956
21.76521325111389,34956
21.766067266464233,34956
21.7669575214386,34956
21.76779270172119,34956
21.768627882003784,34956
21.769469022750854,34956
21.770330905914307,34956
21.771188020706177,34956
21.772069931030273,34956
21.77289628982544,34956
21.77373719215393,34956
21.774587392807007,34956
21.775452852249146,34956
21.77634358406067,34956
21.777188539505005,34956
21.778027057647705,34956
21.778871059417725,34956
21.77972412109375,34956
21.78058385848999,34956
21.781424045562744,34956
21.782253742218018,34956
21.783089637756348,34956
21.783944368362427,34956
21.78481149673462,34956
21.785672426223755,34956
21.786505937576294,34956
21.787349700927734,34956
21.788194179534912,34956
21.789058446884155,34956
21.789910793304443,34956
21.790748834609985,34956
21.791589498519897,34956
21.79244613647461,34956
21.793314456939697,34956
21.794161319732666,34956
21.794998168945312,34956
21.795836925506592,34956
21.79669189453125,34956
21.797547101974487,34956
21.798439741134644,34956
21.799312114715576,34956
21.800143718719482,34956
21.80098247528076,34956
21.801838874816895,34956
21.80269503593445,34956
21.803566217422485,34956
21.804455995559692,34956
21.80528950691223,34956
21.80611824989319,34956
21.806970357894897,34956
21.807831048965454,34956
21.808679580688477,34956
21.809515714645386,34956
21.81035351753235,34956
21.811200380325317,34956
21.81206464767456,34956
21.812947034835815,34956
21.81379532814026,34956
21.814635276794434,34956
21.81547498703003,34956
21.816336154937744,34956
21.817195653915405,34956
21.8180410861969,34956
21.818882703781128,34956
21.819730520248413,34956
21.820586919784546,34956
21.821459770202637,34956
21.822338581085205,34956
21.823197841644287,34956
21.824032068252563,34956
21.824867486953735,34956
21.82571268081665,34956
21.826583862304688,34956
21.82744026184082,34956
21.82827591896057,34956
21.8291072845459,34956
21.829963207244873,34956
21.830835103988647,34956
21.831662893295288,34956
21.832502365112305,34956
21.833350658416748,34956
21.834205627441406,34956
21.835076808929443,34956
21.83593511581421,34956
21.83680248260498,34956
21.837642431259155,34956
21.838488578796387,34956
21.839332342147827,34956
21.840184450149536,34956
21.841044425964355,34956
21.84188675880432,34956
21.84273052215576,34956
21.84359383583069,34956
21.844463348388672,34956
21.845303297042847,34956
21.846133947372437,34956
21.846999406814575,34956
21.847864389419556,34956
21.84873342514038,34956
21.849588632583618,34956
21.850430011749268,34956
21.851258993148804,34956
21.8520929813385,34956
21.852947235107422,34956
21.853811740875244,34956
21.854687929153442,34956
21.85552167892456,34956
21.85637664794922,34956
21.857213020324707,34956
21.858067512512207,34956
21.85894465446472,34956
21.859814405441284,34956
21.86064910888672,34956
21.861496210098267,34956
21.862337112426758,34956
21.863192319869995,34956
21.864059686660767,34956
21.864917993545532,34956
21.865753173828125,34956
21.866609811782837,34956
21.86745834350586,34956
21.868326902389526,34956
21.869159936904907,34956
21.87000012397766,34956
21.87084722518921,34956
21.871708393096924,34956
21.872584104537964,34956
21.87345790863037,34956
21.874300003051758,34956
21.875137090682983,34956
21.875983953475952,34956
21.876851081848145,34956
21.877740383148193,34956
21.878592491149902,34956
21.879428386688232,34956
21.8802649974823,34956
21.881101608276367,34956
21.881956338882446,34956
21.882806301116943,34956
21.883649826049805,34956
21.884495735168457,34956
21.885350227355957,34956
21.886211156845093,34956
21.887068271636963,34956
21.887920379638672,34956
21.888751745224,34956
21.889588594436646,34956
21.890445709228516,34956
21.891303300857544,34956
21.892136096954346,34956
21.892974376678467,34956
21.893823385238647,34956
21.89469051361084,34956
21.895567178726196,34956
21.896437406539917,34956
21.897329807281494,34956
21.898205518722534,34956
21.899041175842285,34956
21.899879455566406,34956
21.900717973709106,34956
21.90157127380371,34956
21.902430057525635,34956
21.903273582458496,34956
21.904098987579346,34956
21.904958486557007,34956
21.905823469161987,34956
21.906700372695923,34956
21.907562017440796,34956
21.90839147567749,34956
21.909228563308716,34956
21.910084009170532,34956
21.91095542907715,34956
21.91179347038269,34956
21.912630081176758,34956
21.91347336769104,34956
21.914333820343018,34956
21.915179014205933,34956
21.916017055511475,34956
21.916874885559082,34956
21.917733192443848,34956
21.918601512908936,34956
21.919445514678955,34956
21.920303106307983,34956
21.92112421989441,34956
21.9219708442688,34956
21.92282223701477,34956
21.92369031906128,34956
21.92455792427063,34956
21.9254093170166,34956
21.92623734474182,34956
21.927087783813477,34956
21.9279465675354,34956
21.92881464958191,34956
21.929697275161743,34956
21.930548906326294,34956
21.93139123916626,34956
21.932235956192017,34956
21.93309736251831,34956
21.93395185470581,34956
21.934787273406982,34956
21.93563437461853,34956
21.936487913131714,34956
21.9373517036438,34956
21.9382004737854,34956
21.939080476760864,34956
21.93995952606201,34956
21.940802812576294,34956
21.941635370254517,34956
21.942479372024536,34956
21.943347215652466,34956
21.944166660308838,34956
21.94499707221985,34956
21.9458429813385,34956
21.94671082496643,34956
21.947572469711304,34956
21.948410511016846,34956
21.949260234832764,34956
21.950100898742676,34956
21.950963973999023,34956
21.951797485351562,34956
21.952637672424316,34956
21.953477382659912,34956
21.954341650009155,34956
21.95519518852234,34956
21.956027269363403,34956
21.956886768341064,34956
21.95773935317993,34956
21.958608388900757,34956
21.95946168899536,34956
21.960320711135864,34956
21.961180925369263,34956
21.9620578289032,34956
21.962923288345337,34956
21.963755130767822,34956
21.964593410491943,34956
21.965452671051025,34956
21.966317176818848,34956
21.967158794403076,34956
21.968001127243042,34956
21.968851327896118,34956
21.969714879989624,34956
21.970581531524658,34956
21.971444845199585,34956
21.972285985946655,34956
21.973111867904663,34956
21.97395968437195,34956
21.974823713302612,34956
21.97569465637207,34956
21.976582527160645,34956
21.97741937637329,34956
21.978253841400146,34956
21.97908902168274,34956
21.979949951171875,34956
21.980822563171387,34956
21.98170566558838,34956
21.98257851600647,34956
21.983415842056274,34956
21.984254121780396,34956
21.98509454727173,34956
21.985957384109497,34956
21.986807823181152,34956
21.987647771835327,34956
21.988498210906982,34956
21.989355087280273,34956
21.990211486816406,34956
21.991071462631226,34956
21.991922616958618,34956
21.992760181427002,34956
21.99360418319702,34956
21.99445605278015,34956
21.995335340499878,34956
21.99619460105896,34956
21.9970383644104,34956
21.997878313064575,34956
21.998728036880493,34956
21.999591588974,34956
22.00044536590576,34956
22.001283645629883,34956
22.002129077911377,34956
22.00297737121582,34956
22.003845691680908,34956
22.004709243774414,34956
22.00558066368103,34956
22.00645875930786,34956
22.007350206375122,34956
22.008166313171387,34956
22.00899839401245,34956
22.00984525680542,34956
22.010709285736084,34956
22.011550664901733,34956
22.012396574020386,34956
22.0132315158844,34956
22.01408863067627,34956
22.01495671272278,34956
22.015798807144165,34956
22.01663637161255,34956
22.017483472824097,34956
22.01835012435913,34956
22.01920747756958,34956
22.020089864730835,34956
22.02092170715332,34956
22.021761655807495,34956
22.022618055343628,34956
22.023475885391235,34956
22.02433705329895,34956
22.025211334228516,34956
22.026050567626953,34956
22.026899337768555,34956
22.027734994888306,34956
22.028589248657227,34956
22.029452800750732,34956
22.03031873703003,34956
22.03117299079895,34956
22.03201913833618,34956
22.03285264968872,34956
22.033705234527588,34956
22.034559726715088,34956
22.03544855117798,34956
22.03632378578186,34956
22.037150144577026,34956
22.03798508644104,34956
22.038833141326904,34956
22.039703130722046,34956
22.04053783416748,34956
22.041375398635864,34956
22.042211055755615,34956
22.04306411743164,34956
22.043946504592896,34956
22.044814348220825,34956
22.045655727386475,34956
22.046492099761963,34956
22.047340393066406,34956
22.048192024230957,34956
22.049046993255615,34956
22.049880981445312,34956
22.050719261169434,34956
22.05157494544983,34956
22.0524423122406,34956
22.053284168243408,34956
22.054160118103027,34956
22.055030584335327,34956
22.055862426757812,34956
22.056703090667725,34956
22.0575532913208,34956
22.05842423439026,34956
22.059268951416016,34956
22.060111045837402,34956
22.060948133468628,34956
22.06179714202881,34956
22.062666177749634,34956
22.06352186203003,34956
22.064374923706055,34956
22.065202951431274,34956
22.066037893295288,34956
22.066906452178955,34956
22.06778049468994,34956
22.06865644454956,34956
22.069493293762207,34956
22.07034397125244,34956
22.071175575256348,34956
22.0720317363739,34956
22.07291603088379,34956
22.073800802230835,34956
22.074634313583374,34956
22.075469970703125,34956
22.076326608657837,34956
22.077173233032227,34956
22.078022241592407,34956
22.078859329223633,34956
22.07970881462097,34956
22.08056139945984,34956
22.081422090530396,34956
22.082267999649048,34956
22.083139896392822,34956
22.083996772766113,34956
22.084837675094604,34956
22.085678100585938,34956
22.08653712272644,34956
22.0874125957489,34956
22.08823251724243,34956
22.089070320129395,34956
22.089909315109253,34956
22.090956687927246,34956
22.09178376197815,34956
22.092621564865112,34956
22.093469619750977,34956
22.0943284034729,34956
22.09518837928772,34956
22.096027374267578,34956
22.096891164779663,34956
22.097744464874268,34956
22.09859871864319,34956
22.09946584701538,34956
22.1003258228302,34956
22.101154565811157,34956
22.102001905441284,34956
22.102851390838623,34956
22.103716611862183,34956
22.104570388793945,34956
22.105444192886353,34956
22.1063015460968,34956
22.107131004333496,34956
22.107972145080566,34956
22.10882329940796,34956
22.109680891036987,34956
22.11054539680481,34956
22.111393451690674,34956
22.112237215042114,34956
22.11308765411377,34956
22.113954067230225,34956
22.114823579788208,34956
22.11568832397461,34956
22.116528511047363,34956
22.117371320724487,34956
22.11821699142456,34956
22.119086265563965,34956
22.119925260543823,34956
22.120769739151,34956
22.121609926223755,34956
22.12247657775879,34956
22.123342990875244,34956
22.12419056892395,34956
22.125030279159546,34956
22.125856637954712,34956
22.12672185897827,34956
22.127583026885986,34956
22.128429412841797,34956
22.129262685775757,34956
22.130106687545776,34956
22.1309711933136,34956
22.131845235824585,34956
22.132710695266724,34956
22.13358497619629,34956
22.134422302246094,34956
22.135252475738525,34956
22.13608980178833,34956
22.136961936950684,34956
22.13783359527588,34956
22.138674020767212,34956
22.139509201049805,34956
22.140361309051514,34956
22.14122724533081,34956
22.14206886291504,34956
22.142897129058838,34956
22.143744707107544,34956
22.144607305526733,34956
22.145479202270508,34956
22.14637303352356,34956
22.14720845222473,34956
22.148051977157593,34956
22.14889407157898,34956
22.149756908416748,34956
22.15063500404358,34956
22.151500940322876,34956
22.152349948883057,34956
22.1531879901886,34956
22.154029846191406,34956
22.154879808425903,34956
22.155755281448364,34956
22.156620025634766,34956
22.157461404800415,34956
22.15830087661743,34956
22.159135580062866,34956
22.159989595413208,34956
22.160850524902344,34956
22.161688089370728,34956
22.16252613067627,34956
22.163371801376343,34956
22.16423535346985,34956
22.165102243423462,34956
22.1659574508667,34956
22.166807174682617,34956
22.167665243148804,34956
22.168513298034668,34956
22.169378995895386,34956
22.17025089263916,34956
22.171130418777466,34956
22.17199683189392,34956
22.17283844947815,34956
22.173680543899536,34956
22.17453145980835,34956
22.17540407180786,34956
22.176288604736328,34956
22.177135467529297,34956
22.177968740463257,34956
22.17880344390869,34956
22.17965793609619,34956
22.180521249771118,34956
22.18135404586792,34956
22.182191371917725,34956
22.183035850524902,34956
22.183898210525513,34956
22.18476390838623,34956
22.185619831085205,34956
22.18651580810547,34956
22.187361001968384,34956
22.18819236755371,34956
22.189042568206787,34956
22.189906358718872,34956
22.190775394439697,34956
22.191641092300415,34956
22.19248390197754,34956
22.19333028793335,34956
22.194168090820312,34956
22.19503092765808,34956
22.195875883102417,34956
22.196724891662598,34956
22.19757843017578,34956
22.198434114456177,34956
22.19929051399231,34956
22.200117349624634,34956
22.20095467567444,34956
22.201804637908936,34956
22.202669858932495,34956
22.203548669815063,34956
22.204421758651733,34956
22.205288887023926,34956
22.206128120422363,34956
22.206977367401123,34956
22.20782709121704,34956
22.208688974380493,34956
22.20956826210022,34956
22.210442781448364,34956
22.211283206939697,34956
22.212116479873657,34956
22.212964296340942,34956
22.213825941085815,34956
22.21466588973999,34956
22.215492010116577,34956
22.216346740722656,34956
22.217203855514526,34956
22.21807289123535,34956
22.218903064727783,34956
22.219735145568848,34956
22.220587015151978,34956
22.22145986557007,34956
22.222334384918213,34956
22.223185539245605,34956
22.22401452064514,34956
22.22485113143921,34956
22.225696086883545,34956
22.226572275161743,34956
22.2274489402771,34956
22.22832751274109,34956
22.22918462753296,34956
22.230016946792603,34956
22.23084831237793,34956
22.23169994354248,34956
22.23256278038025,34956
22.233431100845337,34956
22.23427176475525,34956
22.23511528968811,34956
22.235964059829712,34956
22.23684048652649,34956
22.23769736289978,34956
22.23855710029602,34956
22.23940110206604,34956
22.240251302719116,34956
22.24110174179077,34956
22.241971969604492,34956
22.242841243743896,34956
22.24369978904724,34956
22.24453902244568,34956
22.245385885238647,34956
22.246237754821777,34956
22.247117042541504,34956
22.24799656867981,34956
22.24884009361267,34956
22.24967908859253,34956
22.250523567199707,34956
22.25138545036316,34956
22.252257347106934,34956
22.25311779975891,34956
22.253952026367188,34956
22.254789352416992,34956
22.255637168884277,34956
22.256508588790894,34956
22.257392406463623,34956
22.258235216140747,34956
22.25907588005066,34956
22.259915590286255,34956
22.2607638835907,34956
22.261635065078735,34956
22.262474060058594,34956
22.2633113861084,34956
22.26414728164673,34956
22.265006065368652,34956
22.26586937904358,34956
22.26671600341797,34956
22.267560243606567,34956
22.26840353012085,34956
22.269261837005615,34956
22.270114421844482,34956
22.270968675613403,34956
22.27180242538452,34956
22.272653102874756,34956
22.273500680923462,34956
22.27436375617981,34956
22.275234937667847,34956
22.27609086036682,34956
22.276933431625366,34956
22.27778458595276,34956
22.278643369674683,34956
22.279496431350708,34956
22.280361890792847,34956
22.28121328353882,34956
22.282050132751465,34956
22.28289294242859,34956
22.28374171257019,34956
22.28461003303528,34956
22.28546905517578,34956
22.28633189201355,34956
22.28715205192566,34956
22.2879958152771,34956
22.288849592208862,34956
22.289716720581055,34956
22.290595769882202,34956
22.291441202163696,34956
22.292283535003662,34956
22.293124437332153,34956
22.29398798942566,34956
22.294853448867798,34956
22.295734405517578,34956
22.29658555984497,34956
22.297420978546143,34956
22.298272609710693,34956
22.299126148223877,34956
22.300003051757812,34956
22.30087184906006,34956
22.30169653892517,34956
22.302544832229614,34956
22.303386926651,34956
22.304245948791504,34956
22.3051118850708,34956
22.305962324142456,34956
22.30681347846985,34956
22.30765414237976,34956
22.308512449264526,34956
22.30939221382141,34956
22.31021761894226,34956
22.311055898666382,34956
22.311901330947876,34956
22.312771320343018,34956
22.313642024993896,34956
22.314518451690674,34956
22.315354108810425,34956
22.31618046760559,34956
22.317034482955933,34956
22.317890644073486,34956
22.318748712539673,34956
22.31962490081787,34956
22.320508241653442,34956
22.321357250213623,34956
22.322185277938843,34956
22.323022603988647,34956
22.323891401290894,34956
22.324742078781128,34956
22.325584173202515,34956
22.326436519622803,34956
22.327287197113037,34956
22.328139305114746,34956
22.32897186279297,34956
22.329808712005615,34956
22.330653190612793,34956
22.331529140472412,34956
22.33240509033203,34956
22.333276510238647,34956
22.33410620689392,34956
22.334950923919678,34956
22.33580446243286,34956
22.336679935455322,34956
22.33756732940674,34956
22.338417768478394,34956
22.33925437927246,34956
22.34009552001953,34956
22.34094738960266,34956
22.341819047927856,34956
22.342714309692383,34956
22.343566417694092,34956
22.34439468383789,34956
22.34522318840027,34956
22.346083402633667,34956
22.346967697143555,34956
22.34783697128296,34956
22.348729610443115,34956
22.349576234817505,34956
22.35042405128479,34956
22.351259231567383,34956
22.352113485336304,34956
22.352975368499756,34956
22.35381317138672,34956
22.354637145996094,34956
22.355490922927856,34956
22.356359243392944,34956
22.35721206665039,34956
22.358067750930786,34956
22.35890555381775,34956
22.3597469329834,34956
22.360597610473633,34956
22.361461400985718,34956
22.362343072891235,34956
22.36318564414978,34956
22.364022254943848,34956
22.364856481552124,34956
22.365700721740723,34956
22.366569995880127,34956
22.36743950843811,34956
22.368317127227783,34956
22.36917996406555,34956
22.37000870704651,34956
22.37084197998047,34956
22.37168598175049,34956
22.372543573379517,34956
22.37342882156372,34956
22.37430715560913,34956
22.375179529190063,34956
22.37602400779724,34956
22.37687373161316,34956
22.377723217010498,34956
22.378589868545532,34956
22.37944197654724,34956
22.380281925201416,34956
22.38112163543701,34956
22.381981372833252,34956
22.382847547531128,34956
22.383716344833374,34956
22.384585857391357,34956
22.385425567626953,34956
22.386273622512817,34956
22.38710927963257,34956
22.387973070144653,34956
22.38883399963379,34956
22.38967537879944,34956
22.390519618988037,34956
22.39137578010559,34956
22.392231702804565,34956
22.393090963363647,34956
22.393959522247314,34956
22.394797563552856,34956
22.395636558532715,34956
22.396501541137695,34956
22.397372007369995,34956
22.398250102996826,34956
22.39909338951111,34956
22.399929523468018,34956
22.40077495574951,34956
22.401623249053955,34956
22.402493715286255,34956
22.403329372406006,34956
22.404158115386963,34956
22.405009269714355,34956
22.40587019920349,34956
22.40676212310791,34956
22.407620906829834,34956
22.408457279205322,34956
22.409302949905396,34956
22.410144090652466,34956
22.411017417907715,34956
22.41189408302307,34956
22.412745475769043,34956
22.413573265075684,34956
22.414412021636963,34956
22.415257215499878,34956
22.41610860824585,34956
22.41699194908142,34956
22.41785717010498,34956
22.41870403289795,34956
22.419541835784912,34956
22.420393466949463,34956
22.42125105857849,34956
22.42212462425232,34956
22.42297625541687,34956
22.42381715774536,34956
22.424664974212646,34956
22.425528049468994,34956
22.426409006118774,34956
22.427247047424316,34956
22.42807674407959,34956
22.428914785385132,34956
22.429778814315796,34956
22.43062663078308,34956
22.43146586418152,34956
22.4323148727417,34956
22.433170318603516,34956
22.434029579162598,34956
22.434881925582886,34956
22.435741424560547,34956
22.43661594390869,34956
22.43743658065796,34956
22.438278675079346,34956
22.439103841781616,34956
22.439963340759277,34956
22.44081211090088,34956
22.44165015220642,34956
22.442505359649658,34956
22.443333625793457,34956
22.444166660308838,34956
22.44499635696411,34956
22.445833683013916,34956
22.446675062179565,34956
22.447526454925537,34956
22.44836950302124,34956
22.449212551116943,34956
22.4500675201416,34956
22.450896739959717,34956
22.45175313949585,34956
22.45259118080139,34956
22.453450918197632,34956
22.45428705215454,34956
22.45511794090271,34956
22.455947399139404,34956
22.45681142807007,34956
22.457666873931885,34956
22.4585018157959,34956
22.459362030029297,34956
22.460182428359985,34956
22.46102738380432,34956
22.46184754371643,34956
22.462696313858032,34956
22.46352505683899,34956
22.464375019073486,34956
22.46520447731018,34956
22.466052770614624,34956
22.466916799545288,34956
22.467750072479248,34956
22.468618869781494,34956
22.469438552856445,34956
22.47028422355652,34956
22.47110414505005,34956
22.471949577331543,34956
22.47257900238037,34956
22.473061561584473,34956
22.47355842590332,34956
22.474040985107422,34956
22.474528312683105,34956
22.475018739700317,34956
22.475513696670532,34956
22.476006031036377,34956
22.47651219367981,34956
22.477007627487183,34956
22.477505207061768,34956
22.47799038887024,34956
22.478484630584717,34956
22.47896718978882,34956
22.47945237159729,34956
22.479937076568604,34956
22.48042941093445,34956
22.48092031478882,34956
22.48141646385193,34956
22.48190140724182,34956
22.482391595840454,34956
22.482882738113403,34956
22.483375549316406,34956
22.483852863311768,34956
22.48434805870056,34956
22.48483180999756,34956
22.485318183898926,34956
22.48580002784729,34956
22.486308813095093,34956
22.48679232597351,34956
22.487283945083618,34956
22.487775564193726,34956
22.488260746002197,34956
22.48875093460083,34956
22.489248037338257,34956
22.489736080169678,34956
22.4902241230011,34956
22.490720510482788,34956
22.491209030151367,34956
22.491703271865845,34956
22.492191553115845,34956
22.492679595947266,34956
22.493163347244263,34956
22.49365234375,34956
22.494142293930054,34956
22.4946231842041,34956
22.495105743408203,34956
22.4955952167511,34956
22.496073961257935,34956
22.496586322784424,34956
22.497063875198364,34956
22.4975688457489,34956
22.49806046485901,34956
22.498566389083862,34956
22.49905490875244,34956
22.499546766281128,34956
22.500030279159546,34956
22.500532150268555,34956
22.501011610031128,34956
22.501508951187134,34956
22.50199270248413,34956
22.502481698989868,34956
22.502969980239868,34956
22.503458499908447,34956
22.503944635391235,34956
22.504440784454346,34956
22.504924297332764,34956
22.505420923233032,34956
22.50590181350708,34956
22.50640082359314,34956
22.506889581680298,34956
22.50738525390625,34956
22.507869243621826,34956
22.50836205482483,34956
22.50884985923767,34956
22.509341955184937,34956
22.50983166694641,34956
22.510324001312256,34956
22.510807275772095,34956
22.51129412651062,34956
22.511778354644775,34956
22.51226019859314,34956
22.51273488998413,34956
22.513210773468018,34956
22.513705253601074,34956
22.514193058013916,34956
22.514690160751343,34956
22.515172243118286,34956
22.515662908554077,34956
22.516143560409546,34956
22.516637325286865,34956
22.517120599746704,34956
22.517626523971558,34956
22.518113613128662,34956
22.518617868423462,34956
22.519102096557617,34956
22.51959228515625,34956
22.520076751708984,34956
22.520570278167725,34956
22.521053552627563,34956
22.521551370620728,34956
22.52203941345215,34956
22.522544145584106,34956
22.523029088974,34956
22.52351188659668,34956
22.523986339569092,34956
22.524491548538208,34956
22.524978637695312,34956
22.525470495224,34956
22.525951623916626,34956
22.52646231651306,34956
22.526954889297485,34956
22.52744460105896,34956
22.527933597564697,34956
22.52843189239502,34956
22.528923988342285,34956
22.529406785964966,34956
22.529886722564697,34956
22.530383110046387,34956
22.53087282180786,34956
22.531368732452393,34956
22.531852960586548,34956
22.532347917556763,34956
22.53282117843628,34956
22.533316135406494,34956
22.53379774093628,34956
22.534290075302124,34956
22.53477430343628,34956
22.53527331352234,34956
22.535757303237915,34956
22.536261796951294,34956
22.536756992340088,34956
22.53724980354309,34956
22.537745475769043,34956
22.538236618041992,34956
22.53874135017395,34956
22.53922963142395,34956
22.539717197418213,34956
22.54020071029663,34956
22.540690183639526,34956
22.54117441177368,34956
22.541663885116577,34956
22.542154550552368,34956
22.542644500732422,34956
22.54313063621521,34956
22.543614387512207,34956
22.544103622436523,34956
22.544601917266846,34956
22.54508900642395,34956
22.545580625534058,34956
22.546059370040894,34956
22.546563625335693,34956
22.547046184539795,34956
22.547538995742798,34956
22.548031091690063,34956
22.548519611358643,34956
22.54900336265564,34956
22.549497604370117,34956
22.54998278617859,34956
22.550475597381592,34956
22.550967931747437,34956
22.5514657497406,34956
22.55195426940918,34956
22.552443742752075,34956
22.55292272567749,34956
22.553412437438965,34956
22.553898096084595,34956
22.554388761520386,34956
22.554868936538696,34956
22.555363416671753,34956
22.555846691131592,34956
22.55634617805481,34956
22.556828022003174,34956
22.55732011795044,34956
22.55781126022339,34956
22.558305978775024,34956
22.558783292770386,34956
22.559277772903442,34956
22.55975580215454,34956
22.560236930847168,34956
22.56073808670044,34956
22.561219930648804,34956
22.56171679496765,34956
22.562202215194702,34956
22.56269121170044,34956
22.563173294067383,34956
22.563673734664917,34956
22.564154386520386,34956
22.564643144607544,34956
22.565117835998535,34956
22.565621376037598,34956
22.566116333007812,34956
22.566624402999878,34956
22.567113399505615,34956
22.567603826522827,34956
22.568087339401245,34956
22.56857991218567,34956
22.569066524505615,34956
22.569563388824463,34956
22.57005000114441,34956
22.57054376602173,34956
22.571020364761353,34956
22.571518182754517,34956
22.572002410888672,34956
22.572505235671997,34956
22.572993993759155,34956
22.573485374450684,34956
22.57397747039795,34956
22.574474096298218,34956
22.574958324432373,34956
22.57544732093811,34956
22.575931072235107,34956
22.576436758041382,34956
22.576920986175537,34956
22.57741665840149,34956
22.577908992767334,34956
22.57840323448181,34956
22.57887864112854,34956
22.579362869262695,34956
22.579851388931274,34956
22.580337047576904,34956
22.580831050872803,34956
22.58132290840149,34956
22.581809759140015,34956
22.58230233192444,34956
22.582789182662964,34956
22.583283185958862,34956
22.583775520324707,34956
22.58426785469055,34956
22.584752559661865,34956
22.58524441719055,34956
22.585721015930176,34956
22.5862033367157,34956
22.586705446243286,34956
22.58718991279602,34956
22.587691068649292,34956
22.588173389434814,34956
22.58867383003235,34956
22.58916187286377,34956
22.58965516090393,34956
22.59013843536377,34956
22.590622186660767,34956
22.59110951423645,34956
22.591612339019775,34956
22.592097520828247,34956
22.592589139938354,34956
22.59307885169983,34956
22.59357452392578,34956
22.594054698944092,34956
22.594559907913208,34956
22.595040798187256,34956
22.595539808273315,34956
22.596014738082886,34956
22.596526622772217,34956
22.597014665603638,34956
22.597508907318115,34956
22.597997426986694,34956
22.598503589630127,34956
22.598992824554443,34956
22.599491357803345,34956
22.599971532821655,34956
22.600467920303345,34956
22.60095453262329,34956
22.601461172103882,34956
22.60195255279541,34956
22.60244607925415,34956
22.602924585342407,34956
22.60341477394104,34956
22.603898525238037,34956
22.60438871383667,34956
22.604875326156616,34956
22.60537052154541,34956
22.60585880279541,34956
22.606359243392944,34956
22.606853485107422,34956
22.607342004776,34956
22.607827186584473,34956
22.6083242893219,34956
22.60881280899048,34956
22.60929846763611,34956
22.60978651046753,34956
22.610274076461792,34956
22.610763549804688,34956
22.611268281936646,34956
22.611756324768066,34956
22.612249851226807,34956
22.612740516662598,34956
22.613227605819702,34956
22.613720417022705,34956
22.61420512199402,34956
22.614699363708496,34956
22.61518359184265,34956
22.61567711830139,34956
22.616164684295654,34956
22.616665363311768,34956
22.61715292930603,34956
22.617653131484985,34956
22.618131399154663,34956
22.618631601333618,34956
22.619119882583618,34956
22.6196129322052,34956
22.62009859085083,34956
22.620596408843994,34956
22.621084928512573,34956
22.62157917022705,34956
22.62206196784973,34956
22.62255859375,34956
22.623044967651367,34956
22.623539447784424,34956
22.6240291595459,34956
22.624534130096436,34956
22.625024557113647,34956
22.625518083572388,34956
22.625998497009277,34956
22.626502990722656,34956
22.62699794769287,34956
22.627496242523193,34956
22.627989530563354,34956
22.62848162651062,34956
22.62896490097046,34956
22.629448890686035,34956
22.629936456680298,34956
22.630438327789307,34956
22.63091778755188,34956
22.63141655921936,34956
22.631898403167725,34956
22.63239622116089,34956
22.632882595062256,34956
22.63338613510132,34956
22.63387680053711,34956
22.634366273880005,34956
22.63485312461853,34956
22.635345220565796,34956
22.635827779769897,34956
22.636337757110596,34956
22.636821746826172,34956
22.637319326400757,34956
22.637810707092285,34956
22.63830542564392,34956
22.6387882232666,34956
22.639288663864136,34956
22.639774560928345,34956
22.640273332595825,34956
22.64076256752014,34956
22.6412615776062,34956
22.641746282577515,34956
22.64222812652588,34956
22.642723321914673,34956
22.64321732521057,34956
22.643715143203735,34956
22.64419960975647,34956
22.64469313621521,34956
22.645177364349365,34956
22.6456778049469,34956
22.646166801452637,34956
22.64667248725891,34956
22.647162437438965,34956
22.6476628780365,34956
22.648144960403442,34956
22.64864444732666,34956
22.64913010597229,34956
22.64962363243103,34956
22.65011191368103,34956
22.650600910186768,34956
22.651087522506714,34956
22.651591777801514,34956
22.652074337005615,34956
22.652573347091675,34956
22.653057098388672,34956
22.653541803359985,34956
22.654031991958618,34956
22.65452742576599,34956
22.655009031295776,34956
22.655508518218994,34956
22.65599489212036,34956
22.65650749206543,34956
22.656989812850952,34956
22.657493829727173,34956
22.65797758102417,34956
22.65847682952881,34956
22.6589515209198,34956
22.65945029258728,34956
22.659942388534546,34956
22.66043448448181,34956
22.66090989112854,34956
22.66139245033264,34956
22.661865234375,34956
22.662365436553955,34956
22.662853002548218,34956
22.66334581375122,34956
22.66382908821106,34956
22.66431975364685,34956
22.664802312850952,34956
22.6652934551239,34956
22.665770053863525,34956
22.666261911392212,34956
22.666748523712158,34956
22.667236328125,34956
22.6677348613739,34956
22.66821789741516,34956
22.66870379447937,34956
22.669187784194946,34956
22.66968274116516,34956
22.670169830322266,34956
22.670671463012695,34956
22.671159029006958,34956
22.671653032302856,34956
22.672141313552856,34956
22.67264199256897,34956
22.673121452331543,34956
22.673609733581543,34956
22.674089670181274,34956
22.674574851989746,34956
22.67505383491516,34956
22.67554545402527,34956
22.67602801322937,34956
22.676531553268433,34956
22.6770122051239,34956
22.67750859260559,34956
22.67799210548401,34956
22.678494215011597,34956
22.678968906402588,34956
22.679460763931274,34956
22.679940700531006,34956
22.68043303489685,34956
22.680925130844116,34956
22.681419610977173,34956
22.681904792785645,34956
22.682395219802856,34956
22.682880640029907,34956
22.683367490768433,34956
22.683847427368164,34956
22.68433117866516,34956
22.684814453125,34956
22.68531036376953,34956
22.68579936027527,34956
22.68630862236023,34956
22.68679404258728,34956
22.68728232383728,34956
22.687766551971436,34956
22.6882586479187,34956
22.68874430656433,34956
22.68923258781433,34956
22.689719200134277,34956
22.69020986557007,34956
22.69070839881897,34956
22.69119143486023,34956
22.691678285598755,34956
22.69215703010559,34956
22.692651510238647,34956
22.69313931465149,34956
22.6936354637146,34956
22.69411826133728,34956
22.694608449935913,34956
22.69508647918701,34956
22.69558572769165,34956
22.696070194244385,34956
22.696574211120605,34956
22.697057008743286,34956
22.69755530357361,34956
22.698041915893555,34956
22.69853687286377,34956
22.69902777671814,34956
22.699519157409668,34956
22.699992179870605,34956
22.70048213005066,34956
22.700957536697388,34956
22.70145606994629,34956
22.701948165893555,34956
22.702451944351196,34956
22.70292353630066,34956
22.703412771224976,34956
22.70390248298645,34956
22.70439100265503,34956
22.704874992370605,34956
22.705368041992188,34956
22.705856800079346,34956
22.70635223388672,34956
22.706841468811035,34956
22.70733880996704,34956
22.707828521728516,34956
22.708329677581787,34956
22.708818674087524,34956
22.70931100845337,34956
22.70979332923889,34956
22.710283517837524,34956
22.710764169692993,34956
22.71126079559326,34956
22.711754083633423,34956
22.712246894836426,34956
22.71273112297058,34956
22.713215112686157,34956
22.713704824447632,34956
22.714195251464844,34956
22.71469235420227,34956
22.715174436569214,34956
22.7156662940979,34956
22.7161545753479,34956
22.71665096282959,34956
22.717135190963745,34956
22.717638969421387,34956
22.71812915802002,34956
22.718621730804443,34956
22.71911120414734,34956
22.71960186958313,34956
22.720085859298706,34956
22.72057604789734,34956
22.72106099128723,34956
22.721551179885864,34956
22.7220299243927,34956
22.722532749176025,34956
22.723015785217285,34956
22.723514318466187,34956
22.72400736808777,34956
22.724510192871094,34956
22.7250018119812,34956
22.72549796104431,34956
22.72598433494568,34956
22.726489543914795,34956
22.72698187828064,34956
22.727476596832275,34956
22.727964401245117,34956
22.72846245765686,34956
22.728955030441284,34956
22.72944974899292,34956
22.729937314987183,34956
22.73043727874756,34956
22.730924129486084,34956
22.731414556503296,34956
22.731905460357666,34956
22.73239302635193,34956
22.732877492904663,34956
22.73337197303772,34956
22.733853578567505,34956
22.7343430519104,34956
22.734825372695923,34956
22.735318660736084,34956
22.735804796218872,34956
22.736312866210938,34956
22.736799240112305,34956
22.73730206489563,34956
22.737789392471313,34956
22.738284826278687,34956
22.738776922225952,34956
22.739267349243164,34956
22.739758253097534,34956
22.74024724960327,34956
22.740739107131958,34956
22.74122452735901,34956
22.74171757698059,34956
22.74220108985901,34956
22.742692947387695,34956
22.743175268173218,34956
22.743670225143433,34956
22.744158267974854,34956
22.744651794433594,34956
22.745136976242065,34956
22.745630502700806,34956
22.74610996246338,34956
22.74661111831665,34956
22.747100114822388,34956
22.747596263885498,34956
22.748085260391235,34956
22.748584270477295,34956
22.749065399169922,34956
22.749563455581665,34956
22.75005555152893,34956
22.750548601150513,34956
22.751028060913086,34956
22.751530408859253,34956
22.752017736434937,34956
22.752511739730835,34956
22.753002405166626,34956
22.753496885299683,34956
22.75398850440979,34956
22.754483461380005,34956
22.75497841835022,34956
22.755467891693115,34956
22.7559597492218,34956
22.7564640045166,34956
22.75695300102234,34956
22.75744891166687,34956
22.757937908172607,34956
22.75843834877014,34956
22.758931398391724,34956
22.75942587852478,34956
22.759914875030518,34956
22.760409116744995,34956
22.76090145111084,34956
22.761393547058105,34956
22.76188349723816,34956
22.762372493743896,34956
22.76285982131958,34956
22.763358116149902,34956
22.763843059539795,34956
22.764334440231323,34956
22.76482319831848,34956
22.765323162078857,34956
22.7658052444458,34956
22.76630711555481,34956
22.766785860061646,34956
22.76728057861328,34956
22.767772674560547,34956
22.768270254135132,34956
22.768755435943604,34956
22.76923418045044,34956
22.76973605155945,34956
22.77021861076355,34956
22.77071189880371,34956
22.771193265914917,34956
22.77168297767639,34956
22.77216625213623,34956
22.772666454315186,34956
22.773155689239502,34956
22.773653030395508,34956
22.77413821220398,34956
22.774622201919556,34956
22.775107860565186,34956
22.775598287582397,34956
22.776070594787598,34956
22.776573419570923,34956
22.777061939239502,34956
22.77755570411682,34956
22.77804160118103,34956
22.7785382270813,34956
22.77901840209961,34956
22.779521942138672,34956
22.779998302459717,34956
22.78049635887146,34956
22.780986547470093,34956
22.781479835510254,34956
22.781960248947144,34956
22.782450199127197,34956
22.782936811447144,34956
22.78343677520752,34956
22.783918619155884,34956
22.784412622451782,34956
22.78489375114441,34956
22.78538465499878,34956
22.785868406295776,34956
22.786367654800415,34956
22.78685164451599,34956
22.787346839904785,34956
22.787827968597412,34956
22.788320779800415,34956
22.788804531097412,34956
22.789302825927734,34956
22.789782524108887,34956
22.79027533531189,34956
22.790756225585938,34956
22.791252851486206,34956
22.791749238967896,34956
22.79223346710205,34956
22.79271912574768,34956
22.79319453239441,34956
22.793694019317627,34956
22.794177055358887,34956
22.794673204421997,34956
22.795156717300415,34956
22.795649528503418,34956
22.796136379241943,34956
22.7966468334198,34956
22.79713487625122,34956
22.7976336479187,34956
22.798116207122803,34956
22.798609495162964,34956
22.79909896850586,34956
22.79959726333618,34956
22.800082683563232,34956
22.800577878952026,34956
22.801063299179077,34956
22.801570415496826,34956
22.802048683166504,34956
22.80254554748535,34956
22.80302929878235,34956
22.80352807044983,34956
22.804016590118408,34956
22.804507732391357,34956
22.804996252059937,34956
22.805487155914307,34956
22.805964708328247,34956
22.806469202041626,34956
22.806950330734253,34956
22.807444095611572,34956
22.807926654815674,34956
22.808427095413208,34956
22.808913707733154,34956
22.809415340423584,34956
22.809894323349,34956
22.81039071083069,34956
22.81087350845337,34956
22.811365365982056,34956
22.811849355697632,34956
22.812347173690796,34956
22.81282663345337,34956
22.8133225440979,34956
22.813815593719482,34956
22.814316749572754,34956
22.81480860710144,34956
22.81530261039734,34956
22.815784692764282,34956
22.816291093826294,34956
22.81678342819214,34956
22.817270278930664,34956
22.81775426864624,34956
22.818236589431763,34956
22.818726301193237,34956
22.819217205047607,34956
22.819714307785034,34956
22.82020902633667,34956
22.820701599121094,34956
22.821191787719727,34956
22.821686029434204,34956
22.82217001914978,34956
22.82266116142273,34956
22.823142290115356,34956
22.823639392852783,34956
22.82412600517273,34956
22.82462787628174,34956
22.825104236602783,34956
22.825605630874634,34956
22.826088428497314,34956
22.826601028442383,34956
22.8270742893219,34956
22.827568769454956,34956
22.828051805496216,34956
22.828553915023804,34956
22.829029321670532,34956
22.829520225524902,34956
22.830010414123535,34956
22.83050560951233,34956
22.830997705459595,34956
22.831499814987183,34956
22.831987380981445,34956
22.832483053207397,34956
22.832974195480347,34956
22.833475351333618,34956
22.833950757980347,34956
22.834452629089355,34956
22.834940671920776,34956
22.835428714752197,34956
22.83591628074646,34956
22.836414337158203,34956
22.836897373199463,34956
22.837384462356567,34956
22.8378689289093,34956
22.838361740112305,34956
22.838842391967773,34956
22.839333057403564,34956
22.83982276916504,34956
22.84032106399536,34956
22.8408043384552,34956
22.84129548072815,34956
22.841789722442627,34956
22.84229302406311,34956
22.842782497406006,34956
22.843279361724854,34956
22.843762636184692,34956
22.844256162643433,34956
22.844746112823486,34956
22.84523057937622,34956
22.84572696685791,34956
22.84621787071228,34956
22.846724271774292,34956
22.847201585769653,34956
22.847700834274292,34956
22.848185777664185,34956
22.848676681518555,34956
22.849158763885498,34956
22.849651336669922,34956
22.850130319595337,34956
22.850629568099976,34956
22.85111117362976,34956
22.851604223251343,34956
22.852083921432495,34956
22.852574110031128,34956
22.85305666923523,34956
22.853551149368286,34956
22.85403537750244,34956
22.85452961921692,34956
22.855013132095337,34956
22.855506896972656,34956
22.855987787246704,34956
22.85649347305298,34956
22.856980800628662,34956
22.85747766494751,34956
22.85796070098877,34956
22.858444690704346,34956
22.85893154144287,34956
22.859429121017456,34956
22.859922885894775,34956
22.860407829284668,34956
22.86089015007019,34956
22.861384391784668,34956
22.86187434196472,34956
22.862361192703247,34956
22.86285638809204,34956
22.86335039138794,34956
22.863831996917725,34956
22.864323139190674,34956
22.86481499671936,34956
22.86531138420105,34956
22.865795373916626,34956
22.866284370422363,34956
22.86676812171936,34956
22.867260694503784,34956
22.86775016784668,34956
22.868247270584106,34956
22.868739128112793,34956
22.869225025177002,34956
22.869712591171265,34956
22.87019968032837,34956
22.8706955909729,34956
22.871180295944214,34956
22.87168049812317,34956
22.872173070907593,34956
22.87266993522644,34956
22.873154163360596,34956
22.873642683029175,34956
22.874129056930542,34956
22.87462592124939,34956
22.875107526779175,34956
22.87560486793518,34956
22.87608814239502,34956
22.876587390899658,34956
22.877073049545288,34956
22.87757182121277,34956
22.87805151939392,34956
22.878555059432983,34956
22.8790385723114,34956
22.87954354286194,34956
22.8800265789032,34956
22.88052201271057,34956
22.88101315498352,34956
22.881513118743896,34956
22.882001161575317,34956
22.88250422477722,34956
22.882987022399902,34956
22.883487462997437,34956
22.88398241996765,34956
22.88448190689087,34956
22.88496446609497,34956
22.88545823097229,34956
22.885941743850708,34956
22.88643765449524,34956
22.886919736862183,34956
22.88740873336792,34956
22.887890815734863,34956
22.888389587402344,34956
22.88888168334961,34956
22.889363288879395,34956
22.889848232269287,34956
22.89034914970398,34956
22.890827894210815,34956
22.891320943832397,34956
22.89180564880371,34956
22.892298936843872,34956
22.89278817176819,34956
22.89328384399414,34956
22.893776416778564,34956
22.894269704818726,34956
22.894758701324463,34956
22.895248651504517,34956
22.895740270614624,34956
22.896233320236206,34956
22.89674162864685,34956
22.8972270488739,34956
22.897719144821167,34956
22.89821147918701,34956
22.89869737625122,34956
22.899181604385376,34956
22.899670839309692,34956
22.900157928466797,34956
22.900652170181274,34956
22.90113854408264,34956
22.90163254737854,34956
22.902117252349854,34956
22.902611017227173,34956
22.903098106384277,34956
22.903599739074707,34956
22.904083728790283,34956
22.904582738876343,34956
22.90507459640503,34956
22.905575037002563,34956
22.90606164932251,34956
22.906561851501465,34956
22.907047510147095,34956
22.907543659210205,34956
22.908024549484253,34956
22.908515214920044,34956
22.9089937210083,34956
22.909483194351196,34956
22.909971714019775,34956
22.910472631454468,34956
22.91095995903015,34956
22.911449909210205,34956
22.911935806274414,34956
22.912431478500366,34956
22.91291308403015,34956
22.913398265838623,34956
22.913885593414307,34956
22.914374828338623,34956
22.914867401123047,34956
22.91535973548889,34956
22.915839910507202,34956
22.916339635849,34956
22.916819095611572,34956
22.917319297790527,34956
22.917797565460205,34956
22.918290376663208,34956
22.918771982192993,34956
22.919262886047363,34956
22.91975212097168,34956
22.920245885849,34956
22.92073917388916,34956
22.92122769355774,34956
22.921708822250366,34956
22.922198057174683,34956
22.922688961029053,34956
22.923179864883423,34956
22.923661708831787,34956
22.924136877059937,34956
22.924627780914307,34956
22.925111055374146,34956
22.925610542297363,34956
22.926095724105835,34956
22.92659854888916,34956
22.927077293395996,34956
22.927577257156372,34956
22.92806577682495,34956
22.928568840026855,34956
22.929043531417847,34956
22.92954421043396,34956
22.930028200149536,34956
22.930521726608276,34956
22.93100094795227,34956
22.931502103805542,34956
22.93198323249817,34956
22.932466745376587,34956
22.932949781417847,34956
22.933439254760742,34956
22.933918237686157,34956
22.934410572052002,34956
22.93489170074463,34956
22.935389518737793,34956
22.935874462127686,34956
22.936372756958008,34956
22.93685817718506,34956
22.93735408782959,34956
22.93784236907959,34956
22.938339233398438,34956
22.93882727622986,34956
22.939326524734497,34956
22.939809322357178,34956
22.940300464630127,34956
22.940783739089966,34956
22.94128108024597,34956
22.941762685775757,34956
22.942246675491333,34956
22.942737579345703,34956
22.943214654922485,34956
22.943702697753906,34956
22.94418978691101,34956
22.944684743881226,34956
22.945162773132324,34956
22.945653200149536,34956
22.946136951446533,34956
22.946642875671387,34956
22.947134017944336,34956
22.94763469696045,34956
22.948118686676025,34956
22.94861602783203,34956
22.949102878570557,34956
22.94959855079651,34956
22.950072050094604,34956
22.950570821762085,34956
22.95106315612793,34956
22.95156216621399,34956
22.952041149139404,34956
22.952543258666992,34956
22.9530348777771,34956
22.953527212142944,34956
22.954015493392944,34956
22.95452117919922,34956
22.955012559890747,34956
22.955512523651123,34956
22.956003189086914,34956
22.95651340484619,34956
22.957008361816406,34956
22.957491874694824,34956
22.957982540130615,34956
22.958471536636353,34956
22.958963632583618,34956
22.959460735321045,34956
22.95994281768799,34956
22.960428953170776,34956
22.960917711257935,34956
22.961405515670776,34956
22.961893796920776,34956
22.962382316589355,34956
22.962862968444824,34956
22.96335506439209,34956
22.96383261680603,34956
22.964320182800293,34956
22.964805126190186,34956
22.965295791625977,34956
22.965776443481445,34956
22.96628212928772,34956
22.96676468849182,34956
22.96726632118225,34956
22.967750310897827,34956
22.96823740005493,34956
22.968734979629517,34956
22.969218492507935,34956
22.969717502593994,34956
22.970195293426514,34956
22.970690727233887,34956
22.97117042541504,34956
22.97165822982788,34956
22.972140312194824,34956
22.972633600234985,34956
22.973116397857666,34956
22.973617553710938,34956
22.974096298217773,34956
22.974595069885254,34956
22.975078344345093,34956
22.975570678710938,34956
22.9760582447052,34956
22.97655153274536,34956
22.977039098739624,34956
22.977532625198364,34956
22.97801375389099,34956
22.97850251197815,34956
22.978981971740723,34956
22.979475259780884,34956
22.97996234893799,34956
22.980453729629517,34956
22.98094367980957,34956
22.981439113616943,34956
22.98192024230957,34956
22.982415914535522,34956
22.982895851135254,34956
22.98338794708252,34956
22.983870267868042,34956
22.984363079071045,34956
22.984854221343994,34956
22.985352516174316,34956
22.98583436012268,34956
22.98633074760437,34956
22.98681354522705,34956
22.987310647964478,34956
22.987793684005737,34956
22.98829221725464,34956
22.988776683807373,34956
22.98926877975464,34956
22.98975372314453,34956
22.990248441696167,34956
22.990734100341797,34956
22.99121880531311,34956
22.99170970916748,34956
22.99219250679016,34956
22.992694854736328,34956
22.993178367614746,34956
22.993669986724854,34956
22.994153022766113,34956
22.994652032852173,34956
22.995134830474854,34956
22.99562668800354,34956
22.99609899520874,34956
22.996614456176758,34956
22.99709725379944,34956
22.997591733932495,34956
22.998072147369385,34956
22.998568058013916,34956
22.999053955078125,34956
22.999548196792603,34956
23.000027179718018,34956
23.000518798828125,34956
23.000998973846436,34956
23.00149965286255,34956
23.00198245048523,34956
23.00247836112976,34956
23.002960681915283,34956
23.003448724746704,34956
23.003923177719116,34956
23.004411697387695,34956
23.004898071289062,34956
23.00538659095764,34956
23.005873680114746,34956
23.006377458572388,34956
23.006868839263916,34956
23.007359981536865,34956
23.007851600646973,34956
23.00834584236145,34956
23.008840560913086,34956
23.00933599472046,34956
23.0098135471344,34956
23.01030158996582,34956
23.010785818099976,34956
23.011274814605713,34956
23.011747360229492,34956
23.01224660873413,34956
23.01272678375244,34956
23.013216972351074,34956
23.0137140750885,34956
23.014203310012817,34956
23.014699935913086,34956
23.01519513130188,34956
23.015684843063354,34956
23.016172885894775,34956
23.01668357849121,34956
23.017176628112793,34956
23.01766800880432,34956
23.018157958984375,34956
23.01863741874695,34956
23.019129514694214,34956
23.019616842269897,34956
23.020105361938477,34956
23.020601987838745,34956
23.021092414855957,34956
23.021585702896118,34956
23.022071838378906,34956
23.022566318511963,34956
23.023056268692017,34956
23.023552417755127,34956
23.024032592773438,34956
23.024532318115234,34956
23.025014877319336,34956
23.02550506591797,34956
23.025988340377808,34956
23.026500701904297,34956
23.02698564529419,34956
23.027480125427246,34956
23.027968168258667,34956
23.02846670150757,34956
23.028955221176147,34956
23.02945113182068,34956
23.029932022094727,34956
23.03043270111084,34956
23.030916213989258,34956
23.031407117843628,34956
23.031890869140625,34956
23.032379627227783,34956
23.03286600112915,34956
23.033365964889526,34956
23.033855438232422,34956
23.03435778617859,34956
23.034842252731323,34956
23.03533387184143,34956
23.035818099975586,34956
23.036322593688965,34956
23.036811113357544,34956
23.037304162979126,34956
23.03779101371765,34956
23.038283824920654,34956
23.038768529891968,34956
23.039265155792236,34956
23.039750337600708,34956
23.04023313522339,34956
23.04072380065918,34956
23.04120373725891,34956
23.04169774055481,34956
23.042178630828857,34956
23.04267907142639,34956
23.043167114257812,34956
23.043663263320923,34956
23.044138193130493,34956
23.0446355342865,34956
23.045125484466553,34956
23.045618772506714,34956
23.046107292175293,34956
23.046613693237305,34956
23.04709219932556,34956
23.04758596420288,34956
23.04806900024414,34956
23.048563480377197,34956
23.049044847488403,34956
23.049548149108887,34956
23.050031423568726,34956
23.05053210258484,34956
23.051013231277466,34956
23.0515034198761,34956
23.051986932754517,34956
23.052485704421997,34956
23.052966594696045,34956
23.053459882736206,34956
23.0539493560791,34956
23.054444789886475,34956
23.054922819137573,34956
23.055416584014893,34956
23.0559024810791,34956
23.05640721321106,34956
23.0568950176239,34956
23.057389497756958,34956
23.057880401611328,34956
23.05837059020996,34956
23.05884838104248,34956
23.0593421459198,34956
23.05982542037964,34956
23.0603244304657,34956
23.060802221298218,34956
23.061298847198486,34956
23.061779737472534,34956
23.06227159500122,34956
23.062751293182373,34956
23.063236713409424,34956
23.063727855682373,34956
23.064210891723633,34956
23.0647029876709,34956
23.065176248550415,34956
23.065659284591675,34956
23.066141843795776,34956
23.066643238067627,34956
23.06712818145752,34956
23.067612409591675,34956
23.068106412887573,34956
23.06860113143921,34956
23.069082260131836,34956
23.069584131240845,34956
23.070067644119263,34956
23.070570945739746,34956
23.071059703826904,34956
23.071545362472534,34956
23.072027444839478,34956
23.07253336906433,34956
23.07302212715149,34956
23.073514938354492,34956
23.073995351791382,34956
23.07450270652771,34956
23.07498073577881,34956
23.075481176376343,34956
23.075974225997925,34956
23.076476097106934,34956
23.076955795288086,34956
23.07744860649109,34956
23.077942371368408,34956
23.078436136245728,34956
23.078920602798462,34956
23.079419374465942,34956
23.079902410507202,34956
23.08038592338562,34956
23.080874919891357,34956
23.0813729763031,34956
23.081857442855835,34956
23.082357168197632,34956
23.082839727401733,34956
23.08333730697632,34956
23.083822011947632,34956
23.084322929382324,34956
23.084813594818115,34956
23.08530330657959,34956
23.08578848838806,34956
23.086286783218384,34956
23.08676815032959,34956
23.087263107299805,34956
23.08774757385254,34956
23.088233470916748,34956
23.088730096817017,34956
23.08920907974243,34956
23.089709758758545,34956
23.090189218521118,34956
23.09067726135254,34956
23.091161727905273,34956
23.091655254364014,34956
23.092146158218384,34956
23.09264373779297,34956
23.09313201904297,34956
23.09363079071045,34956
23.094123363494873,34956
23.094609260559082,34956
23.0950984954834,34956
23.095592260360718,34956
23.096070051193237,34956
23.09656834602356,34956
23.097062826156616,34956
23.09756088256836,34956
23.098055601119995,34956
23.09855890274048,34956
23.0990309715271,34956
23.099528074264526,34956
23.100011110305786,34956
23.100507497787476,34956
23.100985527038574,34956
23.101482629776,34956
23.101964473724365,34956
23.102461576461792,34956
23.102938413619995,34956
23.103431463241577,34956
23.103919982910156,34956
23.104402542114258,34956
23.104892015457153,34956
23.10537838935852,34956
23.105863571166992,34956
23.106365203857422,34956
23.106853723526,34956
23.107353687286377,34956
23.10783815383911,34956
23.108330488204956,34956
23.108813047409058,34956
23.10931134223938,34956
23.10979723930359,34956
23.110291242599487,34956
23.110777378082275,34956
23.111270904541016,34956
23.111750841140747,34956
23.112224340438843,34956
23.112712621688843,34956
23.11320424079895,34956
23.113701820373535,34956
23.1141836643219,34956
23.11468243598938,34956
23.115172624588013,34956
23.11566162109375,34956
23.116146564483643,34956
23.116652965545654,34956
23.11713457107544,34956
23.117629766464233,34956
23.118115663528442,34956
23.118614673614502,34956
23.11909770965576,34956
23.119590282440186,34956
23.120070219039917,34956
23.12056541442871,34956
23.121055126190186,34956
23.121543884277344,34956
23.12203574180603,34956
23.12253189086914,34956
23.12302327156067,34956
23.123521327972412,34956
23.12401056289673,34956
23.124507904052734,34956
23.124985933303833,34956
23.125484704971313,34956
23.125969648361206,34956
23.12646460533142,34956
23.1269371509552,34956
23.12743353843689,34956
23.127918481826782,34956
23.128415822982788,34956
23.128892183303833,34956
23.129382133483887,34956
23.129876852035522,34956
23.130369186401367,34956
23.130853414535522,34956
23.131351709365845,34956
23.1318461894989,34956
23.13232970237732,34956
23.132814407348633,34956
23.133301734924316,34956
23.133788347244263,34956
23.134281396865845,34956
23.13476848602295,34956
23.13524580001831,34956
23.135730028152466,34956
23.136216402053833,34956
23.13671588897705,34956
23.137206554412842,34956
23.13769793510437,34956
23.138181686401367,34956
23.13867473602295,34956
23.139162302017212,34956
23.13965892791748,34956
23.14014506340027,34956
23.140636682510376,34956
23.141119480133057,34956
23.141615867614746,34956
23.142101526260376,34956
23.142597198486328,34956
23.143084287643433,34956
23.143574714660645,34956
23.14406943321228,34956
23.14456796646118,34956
23.145048141479492,34956
23.145549774169922,34956
23.146038055419922,34956
23.146541595458984,34956
23.14703106880188,34956
23.147524118423462,34956
23.14801001548767,34956
23.148504734039307,34956
23.148991346359253,34956
23.14949059486389,34956
23.149983167648315,34956
23.150479555130005,34956
23.150963306427002,34956
23.15144968032837,34956
23.15194034576416,34956
23.15243434906006,34956
23.152918338775635,34956
23.153417825698853,34956
23.15389347076416,34956
23.15438413619995,34956
23.154876232147217,34956
23.15536332130432,34956
23.1558518409729,34956
23.156355381011963,34956
23.15684413909912,34956
23.157341718673706,34956
23.157828092575073,34956
23.158324241638184,34956
23.158814907073975,34956
23.15930485725403,34956
23.159788846969604,34956
23.160281658172607,34956
23.160773277282715,34956
23.161267280578613,34956
23.161746501922607,34956
23.162224054336548,34956
23.162718534469604,34956
23.163206577301025,34956
23.163700819015503,34956
23.16419243812561,34956
23.164692878723145,34956
23.16517210006714,34956
23.165659427642822,34956
23.166131258010864,34956
23.166633367538452,34956
23.16711688041687,34956
23.167609453201294,34956
23.1681010723114,34956
23.168596982955933,34956
23.169082641601562,34956
23.169572353363037,34956
23.170056581497192,34956
23.170555114746094,34956
23.171045780181885,34956
23.1715407371521,34956
23.17201828956604,34956
23.17250657081604,34956
23.172998189926147,34956
23.17350459098816,34956
23.173996925354004,34956
23.1744966506958,34956
23.174986600875854,34956
23.175490617752075,34956
23.17597246170044,34956
23.176478624343872,34956
23.176963329315186,34956
23.177461624145508,34956
23.17795181274414,34956
23.178440809249878,34956
23.17892599105835,34956
23.17941427230835,34956
23.17989754676819,34956
23.18039846420288,34956
23.18088126182556,34956
23.181371212005615,34956
23.18185305595398,34956
23.182340145111084,34956
23.182823657989502,34956
23.183316946029663,34956
23.183809995651245,34956
23.18429684638977,34956
23.184775352478027,34956
23.185271978378296,34956
23.185754776000977,34956
23.186251401901245,34956
23.186729192733765,34956
23.1872136592865,34956
23.187695503234863,34956
23.18818759918213,34956
23.18868899345398,34956
23.189176559448242,34956
23.18967342376709,34956
23.190155267715454,34956
23.190651655197144,34956
23.191143035888672,34956
23.19164252281189,34956
23.192129850387573,34956
23.192615509033203,34956
23.193098306655884,34956
23.193594694137573,34956
23.194077014923096,34956
23.19456171989441,34956
23.195038080215454,34956
23.195541620254517,34956
23.196024894714355,34956
23.19652771949768,34956
23.197016954421997,34956
23.197519540786743,34956
23.198005437850952,34956
23.198506116867065,34956
23.198997020721436,34956
23.199490070343018,34956
23.199974060058594,34956
23.200475215911865,34956
23.20096731185913,34956
23.20145869255066,34956
23.20194435119629,34956
23.202446937561035,34956
23.20292901992798,34956
23.20342206954956,34956
23.203914403915405,34956
23.204408645629883,34956
23.204899072647095,34956
23.205389976501465,34956
23.20587968826294,34956
23.206379652023315,34956
23.20687460899353,34956
23.207365036010742,34956
23.207849502563477,34956
23.20834255218506,34956
23.208827257156372,34956
23.20932388305664,34956
23.20980930328369,34956
23.210308074951172,34956
23.210798978805542,34956
23.2112877368927,34956
23.211775064468384,34956
23.212273359298706,34956
23.212761163711548,34956
23.213252782821655,34956
23.213735580444336,34956
23.2142117023468,34956
23.214706897735596,34956
23.215192317962646,34956
23.215686082839966,34956
23.21617293357849,34956
23.216679334640503,34956
23.217169523239136,34956
23.21766972541809,34956
23.21814727783203,34956
23.21864151954651,34956
23.21912670135498,34956
23.21962070465088,34956
23.220110416412354,34956
23.220598459243774,34956
23.22109341621399,34956
23.221580266952515,34956
23.222060203552246,34956
23.22255563735962,34956
23.223031044006348,34956
23.223527431488037,34956
23.22401189804077,34956
23.224501371383667,34956
23.22498393058777,34956
23.225481510162354,34956
23.22596287727356,34956
23.226465940475464,34956
23.22695016860962,34956
23.22744631767273,34956
23.227932929992676,34956
23.22842502593994,34956
23.228907823562622,34956
23.229402780532837,34956
23.229897022247314,34956
23.23038601875305,34956
23.230873584747314,34956
23.231372117996216,34956
23.231855869293213,34956
23.232349395751953,34956
23.232839107513428,34956
23.23333430290222,34956
23.23381519317627,34956
23.234307050704956,34956
23.23479652404785,34956
23.235286951065063,34956
23.235767364501953,34956
23.236258506774902,34956
23.23674249649048,34956
23.23723340034485,34956
23.23772954940796,34956
23.23821473121643,34956
23.238712787628174,34956
23.239198923110962,34956
23.239692449569702,34956
23.2401704788208,34956
23.240668296813965,34956
23.241150617599487,34956
23.241652488708496,34956
23.24214220046997,34956
23.242640733718872,34956
23.243128776550293,34956
23.243629693984985,34956
23.244113206863403,34956
23.244606971740723,34956
23.24509572982788,34956
23.245591402053833,34956
23.246079683303833,34956
23.246574640274048,34956
23.24705696105957,34956
23.24755358695984,34956
23.248032093048096,34956
23.248530626296997,34956
23.24902367591858,34956
23.24951720237732,34956
23.250006437301636,34956
23.25049877166748,34956
23.25097155570984,34956
23.251471757888794,34956
23.251957654953003,34956
23.252459049224854,34956
23.25293469429016,34956
23.253434896469116,34956
23.253909826278687,34956
23.254401206970215,34956
23.254892826080322,34956
23.25537943840027,34956
23.25586485862732,34956
23.25636124610901,34956
23.256850719451904,34956
23.257344961166382,34956
23.257818698883057,34956
23.258314847946167,34956
23.258806467056274,34956
23.259310245513916,34956
23.25978922843933,34956
23.260288953781128,34956
23.260775804519653,34956
23.26127052307129,34956
23.26175093650818,34956
23.26224684715271,34956
23.262736558914185,34956
23.263216972351074,34956
23.26371479034424,34956
23.264198064804077,34956
23.264689207077026,34956
23.265175342559814,34956
23.265669584274292,34956
23.26615333557129,34956
23.2666494846344,34956
23.26713275909424,34956
23.267632722854614,34956
23.268123388290405,34956
23.268624544143677,34956
23.26910376548767,34956
23.26959466934204,34956
23.27008557319641,34956
23.27058243751526,34956
23.27105951309204,34956
23.271562337875366,34956
23.272035360336304,34956
23.272530794143677,34956
23.273021459579468,34956
23.273510217666626,34956
23.274000883102417,34956
23.27449345588684,34956
23.274986267089844,34956
23.275479793548584,34956
23.275962829589844,34956
23.276469230651855,34956
23.2769615650177,34956
23.277464389801025,34956
23.277937650680542,34956
23.27842950820923,34956
23.278905630111694,34956
23.27938985824585,34956
23.27987790107727,34956
23.280365705490112,34956
23.28085732460022,34956
23.281352043151855,34956
23.281843900680542,34956
23.28234314918518,34956
23.28282904624939,34956
23.283321380615234,34956
23.283804416656494,34956
23.284302949905396,34956
23.284785509109497,34956
23.28527569770813,34956
23.285764455795288,34956
23.28626322746277,34956
23.286750555038452,34956
23.28723645210266,34956
23.287730932235718,34956
23.288210153579712,34956
23.288702726364136,34956
23.289196014404297,34956
23.28968644142151,34956
23.29017472267151,34956
23.290674448013306,34956
23.291165351867676,34956
23.29166316986084,34956
23.292141675949097,34956
23.29263472557068,34956
23.293121814727783,34956
23.293617248535156,34956
23.294094800949097,34956
23.294594287872314,34956
23.295082092285156,34956
23.29558229446411,34956
23.296061754226685,34956
23.296568155288696,34956
23.297051191329956,34956
23.297552585601807,34956
23.298032999038696,34956
23.29853057861328,34956
23.299018621444702,34956
23.29952597618103,34956
23.300009727478027,34956
23.300511360168457,34956
23.30099368095398,34956
23.301493406295776,34956
23.301982879638672,34956
23.302479028701782,34956
23.30296778678894,34956
23.30346369743347,34956
23.3039493560791,34956
23.304455518722534,34956
23.304936170578003,34956
23.305436849594116,34956
23.305920839309692,34956
23.306421518325806,34956
23.306905508041382,34956
23.307396411895752,34956
23.307888746261597,34956
23.308391332626343,34956
23.308884382247925,34956
23.30937623977661,34956
23.309863805770874,34956
23.310360193252563,34956
23.310847997665405,34956
23.311338663101196,34956
23.31182861328125,34956
23.3123300075531,34956
23.312820434570312,34956
23.31331706047058,34956
23.313812732696533,34956
23.31430673599243,34956
23.314800262451172,34956
23.315291166305542,34956
23.315770149230957,34956
23.316256284713745,34956
23.316744565963745,34956
23.317227125167847,34956
23.317723751068115,34956
23.3182156085968,34956
23.31871008872986,34956
23.31919813156128,34956
23.319688081741333,34956
23.320168256759644,34956
23.320658445358276,34956
23.3211407661438,34956
23.321635961532593,34956
23.322113513946533,34956
23.322609186172485,34956
23.323094606399536,34956
23.32358145713806,34956
23.3240704536438,34956
23.324572801589966,34956
23.325056552886963,34956
23.325547456741333,34956
23.326030015945435,34956
23.32653498649597,34956
23.327025413513184,34956
23.327520847320557,34956
23.328012228012085,34956
23.328516960144043,34956
23.328996181488037,34956
23.329487085342407,34956
23.329970121383667,34956
23.33045268058777,34956
23.330934047698975,34956
23.331429719924927,34956
23.33191180229187,34956
23.332404851913452,34956
23.332885265350342,34956
23.333375215530396,34956
23.333865642547607,34956
23.334363222122192,34956
23.334851503372192,34956
23.335347890853882,34956
23.335832357406616,34956
23.336344003677368,34956
23.336827754974365,34956
23.337321043014526,34956
23.337812423706055,34956
23.338294982910156,34956
23.338769674301147,34956
23.33925700187683,34956
23.339754581451416,34956
23.3402361869812,34956
23.34072780609131,34956
23.341205596923828,34956
23.3416965007782,34956
23.34217619895935,34956
23.342658281326294,34956
23.343140602111816,34956
23.343639373779297,34956
23.344125986099243,34956
23.344621419906616,34956
23.34510326385498,34956
23.345598459243774,34956
23.346088647842407,34956
23.34659481048584,34956
23.34708333015442,34956
23.347580909729004,34956
23.348064422607422,34956
23.348568201065063,34956
23.349055290222168,34956
23.34955668449402,34956
23.35004162788391,34956
23.350545167922974,34956
23.351035118103027,34956
23.351523637771606,34956
23.35201120376587,34956
23.352511167526245,34956
23.353004455566406,34956
23.35350751876831,34956
23.35399031639099,34956
23.354484796524048,34956
23.354960203170776,34956
23.35546326637268,34956
23.355953693389893,34956
23.356443881988525,34956
23.356918573379517,34956
23.35741376876831,34956
23.357892513275146,34956
23.358392477035522,34956
23.358883380889893,34956
23.35937190055847,34956
23.35985279083252,34956
23.36035132408142,34956
23.36082935333252,34956
23.36132526397705,34956
23.3618106842041,34956
23.36229681968689,34956
23.362776041030884,34956
23.36325478553772,34956
23.363737106323242,34956
23.364214181900024,34956
23.3647038936615,34956
23.36518931388855,34956
23.365682125091553,34956
23.366167068481445,34956
23.366662740707397,34956
23.367141485214233,34956
23.36762547492981,34956
23.368119716644287,34956
23.368616819381714,34956
23.369102239608765,34956
23.369601011276245,34956
23.370081663131714,34956
23.370583295822144,34956
23.371071338653564,34956
23.371568202972412,34956
23.372049808502197,34956
23.372541189193726,34956
23.373031854629517,34956
23.373526096343994,34956
23.374019622802734,34956
23.374512434005737,34956
23.37499713897705,34956
23.37548542022705,34956
23.375967979431152,34956
23.376469135284424,34956
23.37695813179016,34956
23.37745952606201,34956
23.377941846847534,34956
23.378434896469116,34956
23.37892770767212,34956
23.379410982131958,34956
23.379889965057373,34956
23.38038992881775,34956
23.380872011184692,34956
23.38136315345764,34956
23.381853580474854,34956
23.382352590560913,34956
23.382840871810913,34956
23.38332724571228,34956
23.383808612823486,34956
23.38430118560791,34956
23.384783506393433,34956
23.385276317596436,34956
23.385760068893433,34956
23.386265754699707,34956
23.386752128601074,34956
23.387248754501343,34956
23.38773274421692,34956
23.388221740722656,34956
23.388708353042603,34956
23.389196395874023,34956
23.38968801498413,34956
23.390174388885498,34956
23.390669107437134,34956
23.39116096496582,34956
23.39165472984314,34956
23.392131090164185,34956
23.39262580871582,34956
23.39310336112976,34956
23.3936026096344,34956
23.394083261489868,34956
23.39458394050598,34956
23.395066499710083,34956
23.39555597305298,34956
23.39604687690735,34956
23.396546125411987,34956
23.397030353546143,34956
23.397519826889038,34956
23.39800262451172,34956
23.39849305152893,34956
23.398972034454346,34956
23.39946484565735,34956
23.39995241165161,34956
23.400439023971558,34956
23.40092635154724,34956
23.40141463279724,34956
23.401906490325928,34956
23.40239930152893,34956
23.40287208557129,34956
23.403358697891235,34956
23.403836488723755,34956
23.404327869415283,34956
23.404812812805176,34956
23.40531015396118,34956
23.405802488327026,34956
23.406301736831665,34956
23.40678644180298,34956
23.40728759765625,34956
23.40777087211609,34956
23.408258199691772,34956
23.408732652664185,34956
23.409221172332764,34956
23.40971803665161,34956
23.410207986831665,34956
23.410693883895874,34956
23.411176443099976,34956
23.411664247512817,34956
23.41214632987976,34956
23.412641286849976,34956
23.41312336921692,34956
23.413624048233032,34956
23.41411328315735,34956
23.41460633277893,34956
23.415092945098877,34956
23.41559672355652,34956
23.416073083877563,34956
23.416572093963623,34956
23.417057037353516,34956
23.41755223274231,34956
23.418033361434937,34956
23.41852378845215,34956
23.41901159286499,34956
23.419511795043945,34956
23.419999361038208,34956
23.420490503311157,34956
23.420970916748047,34956
23.42147421836853,34956
23.421966075897217,34956
23.42247247695923,34956
23.42296051979065,34956
23.423462390899658,34956
23.423944234848022,34956
23.424436569213867,34956
23.42491316795349,34956
23.425409078598022,34956
23.425890922546387,34956
23.42638850212097,34956
23.426873445510864,34956
23.427367448806763,34956
23.427857637405396,34956
23.42834973335266,34956
23.4288432598114,34956
23.4293372631073,34956
23.42982292175293,34956
23.430321216583252,34956
23.430808067321777,34956
23.43129539489746,34956
23.431777000427246,34956
23.432270526885986,34956
23.432751417160034,34956
23.433234214782715,34956
23.433730840682983,34956
23.43422222137451,34956
23.434714317321777,34956
23.435197114944458,34956
23.435688018798828,34956
23.4361674785614,34956
23.436662197113037,34956
23.43714451789856,34956
23.437650442123413,34956
23.438138723373413,34956
23.43862771987915,34956
23.439111471176147,34956
23.439613580703735,34956
23.440096616744995,34956
23.440595626831055,34956
23.441080808639526,34956
23.44157862663269,34956
23.442068576812744,34956
23.4425687789917,34956
23.44305920600891,34956
23.443551540374756,34956
23.444034576416016,34956
23.444528818130493,34956
23.44501495361328,34956
23.445510864257812,34956
23.445991277694702,34956
23.446501970291138,34956
23.44699001312256,34956
23.447481393814087,34956
23.4479763507843,34956
23.448476552963257,34956
23.448967933654785,34956
23.449470043182373,34956
23.449955463409424,34956
23.45043921470642,34956
23.450921773910522,34956
23.451420783996582,34956
23.45190453529358,34956
23.452392578125,34956
23.45288324356079,34956
23.453375577926636,34956
23.45386028289795,34956
23.454360723495483,34956
23.4548556804657,34956
23.455350399017334,34956
23.455843210220337,34956
23.456345081329346,34956
23.4568190574646,34956
23.457316875457764,34956
23.457801580429077,34956
23.45829963684082,34956
23.458796739578247,34956
23.45928978919983,34956
23.45977520942688,34956
23.460277318954468,34956
23.460768699645996,34956
23.4612557888031,34956
23.461750268936157,34956
23.462249279022217,34956
23.462738752365112,34956
23.46322226524353,34956
23.463716506958008,34956
23.464199542999268,34956
23.464686632156372,34956
23.465160846710205,34956
23.46565341949463,34956
23.46612811088562,34956
23.46663808822632,34956
23.46712064743042,34956
23.467609882354736,34956
23.46809482574463,34956
23.4685959815979,34956
23.469080686569214,34956
23.46957230567932,34956
23.470062255859375,34956
23.470558881759644,34956
23.471038818359375,34956
23.471526861190796,34956
23.472014904022217,34956
23.472506761550903,34956
23.47299599647522,34956
23.473479509353638,34956
23.473958253860474,34956
23.474452018737793,34956
23.474934577941895,34956
23.47543740272522,34956
23.47591996192932,34956
23.476423740386963,34956
23.476906061172485,34956
23.477396249771118,34956
23.47787117958069,34956
23.478364944458008,34956
23.47885775566101,34956
23.47934865951538,34956
23.4798321723938,34956
23.480329513549805,34956
23.480803966522217,34956
23.48129940032959,34956
23.4817852973938,34956
23.48228430747986,34956
23.482762336730957,34956
23.483265161514282,34956
23.483745574951172,34956
23.48422384262085,34956
23.48471760749817,34956
23.485202074050903,34956
23.48568868637085,34956
23.48616600036621,34956
23.486664295196533,34956
23.487157344818115,34956
23.487650871276855,34956
23.488138437271118,34956
23.488621711730957,34956
23.489109754562378,34956
23.489607334136963,34956
23.490091562271118,34956
23.49058485031128,34956
23.49106788635254,34956
23.491554021835327,34956
23.492045402526855,34956
23.49254059791565,34956
23.493022203445435,34956
23.493523597717285,34956
23.49400782585144,34956
23.494502305984497,34956
23.49499225616455,34956
23.495484352111816,34956
23.495970487594604,34956
23.496477365493774,34956
23.49695920944214,34956
23.49745488166809,34956
23.497939825057983,34956
23.498443841934204,34956
23.498926639556885,34956
23.499429941177368,34956
23.499921798706055,34956
23.500423192977905,34956
23.500913858413696,34956
23.501410484313965,34956
23.501898765563965,34956
23.50238561630249,34956
23.50286602973938,34956
23.503361701965332,34956
23.50383424758911,34956
23.504321575164795,34956
23.504802465438843,34956
23.50530433654785,34956
23.505799770355225,34956
23.506304025650024,34956
23.506782054901123,34956
23.507263660430908,34956
23.5077543258667,34956
23.50825071334839,34956
23.508747816085815,34956
23.509230613708496,34956
23.509718894958496,34956
23.51020908355713,34956
23.510704517364502,34956
23.51118755340576,34956
23.51168203353882,34956
23.512166023254395,34956
23.512658834457397,34956
23.513143301010132,34956
23.51363706588745,34956
23.514125108718872,34956
23.514618158340454,34956
23.515093088150024,34956
23.515584707260132,34956
23.516058683395386,34956
23.51656746864319,34956
23.51704692840576,34956
23.51753568649292,34956
23.51802349090576,34956
23.518515586853027,34956
23.518999814987183,34956
23.519495248794556,34956
23.519975662231445,34956
23.52046823501587,34956
23.52095341682434,34956
23.52144503593445,34956
23.521930932998657,34956
23.522427082061768,34956
23.522911071777344,34956
23.523405075073242,34956
23.52389407157898,34956
23.524378061294556,34956
23.52485752105713,34956
23.525352239608765,34956
23.525838136672974,34956
23.52633547782898,34956
23.526822090148926,34956
23.527311086654663,34956
23.52779197692871,34956
23.528285264968872,34956
23.528768062591553,34956
23.52926754951477,34956
23.529742002487183,34956
23.530232191085815,34956
23.530718088150024,34956
23.531197547912598,34956
23.531696557998657,34956
23.532185077667236,34956
23.532676458358765,34956
23.53315830230713,34956
23.533649444580078,34956
23.53413438796997,34956
23.53463077545166,34956
23.535112142562866,34956
23.535610675811768,34956
23.536092042922974,34956
23.53659987449646,34956
23.537081718444824,34956
23.537583589553833,34956
23.538076877593994,34956
23.538575410842896,34956
23.539050817489624,34956
23.539539575576782,34956
23.54001474380493,34956
23.540512323379517,34956
23.541005611419678,34956
23.541500568389893,34956
23.541988611221313,34956
23.542483806610107,34956
23.542975425720215,34956
23.543473720550537,34956
23.543957233428955,34956
23.5444598197937,34956
23.54493737220764,34956
23.54542875289917,34956
23.545907974243164,34956
23.54640483856201,34956
23.546887397766113,34956
23.547382593154907,34956
23.547870874404907,34956
23.54836654663086,34956
23.548858165740967,34956
23.549351692199707,34956
23.549837589263916,34956
23.550328254699707,34956
23.550812005996704,34956
23.551294803619385,34956
23.551775693893433,34956
23.5522677898407,34956
23.552754878997803,34956
23.553234577178955,34956
23.553733587265015,34956
23.554221153259277,34956
23.554710149765015,34956
23.55520224571228,34956
23.555699348449707,34956
23.556190729141235,34956
23.556697368621826,34956
23.55717945098877,34956
23.55766749382019,34956
23.55815029144287,34956
23.558648347854614,34956
23.559134006500244,34956
23.559626817703247,34956
23.56010341644287,34956
23.560595750808716,34956
23.56107997894287,34956
23.561575174331665,34956
23.562058448791504,34956
23.562549591064453,34956
23.563040494918823,34956
23.563541650772095,34956
23.56402015686035,34956
23.564517736434937,34956
23.565000534057617,34956
23.565489768981934,34956
23.565971851348877,34956
23.566482305526733,34956
23.566960334777832,34956
23.56746220588684,34956
23.567941188812256,34956
23.56843376159668,34956
23.568917512893677,34956
23.569409132003784,34956
23.569897413253784,34956
23.57039213180542,34956
23.57088541984558,34956
23.57138442993164,34956
23.571865797042847,34956
23.572359085083008,34956
23.572833776474,34956
23.573325872421265,34956
23.573820114135742,34956
23.574307918548584,34956
23.574798822402954,34956
23.57529330253601,34956
23.57577610015869,34956
23.576273679733276,34956
23.57675862312317,34956
23.577245712280273,34956
23.57773494720459,34956
23.578209161758423,34956
23.57870578765869,34956
23.57918906211853,34956
23.579674243927002,34956
23.58016562461853,34956
23.580653190612793,34956
23.581140756607056,34956
23.581640481948853,34956
23.5821316242218,34956
23.582621335983276,34956
23.583100080490112,34956
23.58359408378601,34956
23.58408212661743,34956
23.58457851409912,34956
23.585070848464966,34956
23.585556983947754,34956
23.586044311523438,34956
23.586549282073975,34956
23.587037801742554,34956
23.58753204345703,34956
23.588010787963867,34956
23.588496923446655,34956
23.588984727859497,34956
23.589470148086548,34956
23.589943647384644,34956
23.590439081192017,34956
23.590914964675903,34956
23.591413259506226,34956
23.591907024383545,34956
23.592405319213867,34956
23.59287929534912,34956
23.59336280822754,34956
23.593857526779175,34956
23.594358921051025,34956
23.594847440719604,34956
23.595340490341187,34956
23.595831155776978,34956
23.59633207321167,34956
23.596810579299927,34956
23.597301959991455,34956
23.59778928756714,34956
23.598284006118774,34956
23.598761320114136,34956
23.599236726760864,34956
23.599725484848022,34956
23.60020899772644,34956
23.60070252418518,34956
23.601190090179443,34956
23.601685523986816,34956
23.60217022895813,34956
23.60266137123108,34956
23.603147506713867,34956
23.60365104675293,34956
23.60414481163025,34956
23.60463786125183,34956
23.60512375831604,34956
23.60562515258789,34956
23.606099843978882,34956
23.606614589691162,34956
23.607102394104004,34956
23.607605457305908,34956
23.608097314834595,34956
23.608599185943604,34956
23.60908818244934,34956
23.60957932472229,34956
23.610069036483765,34956
23.610568284988403,34956
23.611044883728027,34956
23.611536026000977,34956
23.612008571624756,34956
23.612501621246338,34956
23.612986087799072,34956
23.613487720489502,34956
23.61397886276245,34956
23.614479541778564,34956
23.614962577819824,34956
23.615462064743042,34956
23.615946531295776,34956
23.616446256637573,34956
23.616944313049316,34956
23.61743998527527,34956
23.617921352386475,34956
23.618418216705322,34956
23.618900060653687,34956
23.61939835548401,34956
23.619884967803955,34956
23.620375156402588,34956
23.620859384536743,34956
23.621351718902588,34956
23.62183165550232,34956
23.6223304271698,34956
23.622815370559692,34956
23.62331509590149,34956
23.623806476593018,34956
23.62429118156433,34956
23.624780893325806,34956
23.62528109550476,34956
23.62576460838318,34956
23.626256465911865,34956
23.626741409301758,34956
23.627233743667603,34956
23.627731561660767,34956
23.62821388244629,34956
23.628706455230713,34956
23.629196882247925,34956
23.629692792892456,34956
23.630174160003662,34956
23.630664110183716,34956
23.631144523620605,34956
23.631640672683716,34956
23.632126331329346,34956
23.6326265335083,34956
23.63311457633972,34956
23.63361144065857,34956
23.634102821350098,34956
23.634600400924683,34956
23.635074138641357,34956
23.635569095611572,34956
23.636043071746826,34956
23.636539459228516,34956
23.63702392578125,34956
23.637515783309937,34956
23.637990713119507,34956
23.638492822647095,34956
23.638969898223877,34956
23.639464139938354,34956
23.639949321746826,34956
23.64044952392578,34956
23.640934467315674,34956
23.641427040100098,34956
23.64192008972168,34956
23.64241099357605,34956
23.642894744873047,34956
23.643386125564575,34956
23.64386010169983,34956
23.64435863494873,34956
23.644840478897095,34956
23.645334482192993,34956
23.645816564559937,34956
23.646321535110474,34956
23.646808385849,34956
23.647290468215942,34956
23.647773265838623,34956
23.64827251434326,34956
23.648764610290527,34956
23.649250745773315,34956
23.649731636047363,34956
23.650218963623047,34956
23.65070867538452,34956
23.65119767189026,34956
23.651686906814575,34956
23.652175188064575,34956
23.65267586708069,34956
23.653162002563477,34956
23.653658628463745,34956
23.654146432876587,34956
23.654645442962646,34956
23.655116081237793,34956
23.655606985092163,34956
23.656083822250366,34956
23.656595945358276,34956
23.65708017349243,34956
23.657577991485596,34956
23.65805459022522,34956
23.658538579940796,34956
23.659026622772217,34956
23.659515142440796,34956
23.66000008583069,34956
23.66049838066101,34956
23.660990238189697,34956
23.66148281097412,34956
23.661974668502808,34956
23.662458896636963,34956
23.662947177886963,34956
23.663450002670288,34956
23.663934230804443,34956
23.664423942565918,34956
23.66490888595581,34956
23.665409803390503,34956
23.665895700454712,34956
23.666407823562622,34956
23.666887283325195,34956
23.667388200759888,34956
23.66787099838257,34956
23.66836380958557,34956
23.66884708404541,34956
23.669340133666992,34956
23.66982936859131,34956
23.67032289505005,34956
23.67081356048584,34956
23.671300888061523,34956
23.671788215637207,34956
23.672279596328735,34956
23.672764539718628,34956
23.673248052597046,34956
23.67373275756836,34956
23.67421269416809,34956
23.674697160720825,34956
23.675182580947876,34956
23.675673723220825,34956
23.676159381866455,34956
23.676666259765625,34956
23.67714023590088,34956
23.67763638496399,34956
23.67811894416809,34956
23.678621292114258,34956
23.67911195755005,34956
23.679600954055786,34956
23.680094003677368,34956
23.680593252182007,34956
23.68107032775879,34956
23.681566953659058,34956
23.68205237388611,34956
23.682549238204956,34956
23.683024644851685,34956
23.683515787124634,34956
23.684003114700317,34956
23.684499979019165,34956
23.68498969078064,34956
23.685489177703857,34956
23.685970783233643,34956
23.68647813796997,34956
23.686963319778442,34956
23.687450408935547,34956
23.687936305999756,34956
23.688422918319702,34956
23.688905477523804,34956
23.68939781188965,34956
23.68987727165222,34956
23.69036364555359,34956
23.69085192680359,34956
23.691338300704956,34956
23.691828966140747,34956
23.692323923110962,34956
23.692814826965332,34956
23.693307399749756,34956
23.693798065185547,34956
23.694300174713135,34956
23.694777965545654,34956
23.695268154144287,34956
23.695750951766968,34956
23.696234703063965,34956
23.696725845336914,34956
23.697205066680908,34956
23.697693586349487,34956
23.698179244995117,34956
23.69867515563965,34956
23.69916558265686,34956
23.699657917022705,34956
23.700140953063965,34956
23.700627088546753,34956
23.701111316680908,34956
23.70160436630249,34956
23.702087879180908,34956
23.70257568359375,34956
23.70306372642517,34956
23.70354700088501,34956
23.70403003692627,34956
23.704528331756592,34956
23.70501208305359,34956
23.705501794815063,34956
23.705986738204956,34956
23.706493377685547,34956
23.706981897354126,34956
23.707478523254395,34956
23.707966327667236,34956
23.708451509475708,34956
23.708943128585815,34956
23.70943546295166,34956
23.709917068481445,34956
23.710397958755493,34956
23.710880279541016,34956
23.711381435394287,34956
23.711868047714233,34956
23.712367057800293,34956
23.71286106109619,34956
23.713351488113403,34956
23.7138352394104,34956
23.714327812194824,34956
23.714807987213135,34956
23.71529245376587,34956
23.715778589248657,34956
23.716285467147827,34956
23.716777086257935,34956
23.717272758483887,34956
23.717753410339355,34956
23.718246459960938,34956
23.718725204467773,34956
23.719208002090454,34956
23.71969985961914,34956
23.720194101333618,34956
23.720694541931152,34956
23.721171617507935,34956
23.72166633605957,34956
23.722155570983887,34956
23.72264814376831,34956
23.72313117980957,34956
23.72361946105957,34956
23.724107027053833,34956
23.724605798721313,34956
23.7250919342041,34956
23.725592851638794,34956
23.726075649261475,34956
23.726581573486328,34956
23.727073907852173,34956
23.727580547332764,34956
23.728066444396973,34956
23.728559255599976,34956
23.729047060012817,34956
23.72954297065735,34956
23.73003125190735,34956
23.730525016784668,34956
23.73101019859314,34956
23.731507062911987,34956
23.731985807418823,34956
23.732484102249146,34956
23.732964038848877,34956
23.73346185684204,34956
23.73394513130188,34956
23.734435319900513,34956
23.734920024871826,34956
23.735411405563354,34956
23.735905647277832,34956
23.73639726638794,34956
23.736891269683838,34956
23.737382173538208,34956
23.737868070602417,34956
23.738364458084106,34956
23.738840579986572,34956
23.739331483840942,34956
23.739827871322632,34956
23.740321159362793,34956
23.74081039428711,34956
23.7413010597229,34956
23.741796731948853,34956
23.742288827896118,34956
23.742766618728638,34956
23.7432541847229,34956
23.74373745918274,34956
23.744220972061157,34956
23.744722366333008,34956
23.745203733444214,34956
23.74568772315979,34956
23.746177434921265,34956
23.746678113937378,34956
23.747155904769897,34956
23.747655630111694,34956
23.74814772605896,34956
23.74864363670349,34956
23.7491295337677,34956
23.7496235370636,34956
23.75010347366333,34956
23.750593185424805,34956
23.751070737838745,34956
23.751564979553223,34956
23.752056121826172,34956
23.75254797935486,34956
23.753027200698853,34956
23.753519773483276,34956
23.754005670547485,34956
23.75450372695923,34956
23.75498104095459,34956
23.755481243133545,34956
23.755954265594482,34956
23.756467580795288,34956
23.7569637298584,34956
23.75745177268982,34956
23.757938861846924,34956
23.758435249328613,34956
23.758918046951294,34956
23.75941300392151,34956
23.75989603996277,34956
23.760395526885986,34956
23.76087760925293,34956
23.76137948036194,34956
23.761855840682983,34956
23.762360095977783,34956
23.762847900390625,34956
23.763341188430786,34956
23.76382303237915,34956
23.764318466186523,34956
23.764811277389526,34956
23.765305519104004,34956
23.76579213142395,34956
23.766292810440063,34956
23.766780614852905,34956
23.767279386520386,34956
23.767765760421753,34956
23.76824975013733,34956
23.768731594085693,34956
23.76921248435974,34956
23.76970410346985,34956
23.77018427848816,34956
23.77068066596985,34956
23.77115488052368,34956
23.771648645401,34956
23.772135734558105,34956
23.772632837295532,34956
23.773128747940063,34956
23.773617267608643,34956
23.774096965789795,34956
23.774597644805908,34956
23.775084733963013,34956
23.775572061538696,34956
23.776055812835693,34956
23.77655863761902,34956
23.777040719985962,34956
23.77753973007202,34956
23.77803134918213,34956
23.77851915359497,34956
23.77901029586792,34956
23.779510974884033,34956
23.780004739761353,34956
23.780503273010254,34956
23.780993223190308,34956
23.78149700164795,34956
23.781981706619263,34956
23.782477855682373,34956
23.782965898513794,34956
23.783459901809692,34956
23.783945083618164,34956
23.784446716308594,34956
23.78493571281433,34956
23.785433530807495,34956
23.785906553268433,34956
23.786415100097656,34956
23.78690791130066,34956
23.78739285469055,34956
23.787877559661865,34956
23.78836679458618,34956
23.788851976394653,34956
23.789345026016235,34956
23.78982663154602,34956
23.790307998657227,34956
23.79079556465149,34956
23.791283130645752,34956
23.791772603988647,34956
23.792255878448486,34956
23.792747497558594,34956
23.793232679367065,34956
23.79373025894165,34956
23.794212818145752,34956
23.794700384140015,34956
23.795191287994385,34956
23.795679330825806,34956
23.79615569114685,34956
23.7966570854187,34956
23.797147750854492,34956
23.797643899917603,34956
23.79812526702881,34956
23.798616647720337,34956
23.79910135269165,34956
23.7995924949646,34956
23.800087928771973,34956
23.800583839416504,34956
23.801065683364868,34956
23.801558017730713,34956
23.802033185958862,34956
23.802536010742188,34956
23.80302667617798,34956
23.803519248962402,34956
23.80400276184082,34956
23.80448889732361,34956
23.804970741271973,34956
23.805468320846558,34956
23.805959939956665,34956
23.806464433670044,34956
23.806951761245728,34956
23.807445287704468,34956
23.807941198349,34956
23.808437824249268,34956
23.80891466140747,34956
23.809405088424683,34956
23.80988883972168,34956
23.810378313064575,34956
23.810856819152832,34956
23.81134033203125,34956
23.811825037002563,34956
23.81230616569519,34956
23.81279706954956,34956
23.813284873962402,34956
23.813777446746826,34956
23.814272165298462,34956
23.81476140022278,34956
23.815251111984253,34956
23.81572699546814,34956
23.816210746765137,34956
23.816710472106934,34956
23.81719398498535,34956
23.817694187164307,34956
23.818185091018677,34956
23.81868076324463,34956
23.819175720214844,34956
23.81967806816101,34956
23.820165395736694,34956
23.82066583633423,34956
23.82114005088806,34956
23.82163381576538,34956
23.82211947441101,34956
23.82262349128723,34956
23.823108434677124,34956
23.823596715927124,34956
23.824081420898438,34956
23.82457184791565,34956
23.825044870376587,34956
23.825542211532593,34956
23.82602882385254,34956
23.826528549194336,34956
23.82702326774597,34956
23.827524185180664,34956
23.828003406524658,34956
23.828493118286133,34956
23.828983068466187,34956
23.82947587966919,34956
23.829951763153076,34956
23.83044719696045,34956
23.830930709838867,34956
23.83141565322876,34956
23.831902027130127,34956
23.832398891448975,34956
23.83287739753723,34956
23.83336615562439,34956
23.8338463306427,34956
23.834347248077393,34956
23.83483862876892,34956
23.83531904220581,34956
23.8358097076416,34956
23.83631134033203,34956
23.83679723739624,34956
23.837289333343506,34956
23.837775230407715,34956
23.838265895843506,34956
23.838748455047607,34956
23.839226007461548,34956
23.839720249176025,34956
23.840211153030396,34956
23.840696096420288,34956
23.84117341041565,34956
23.84166383743286,34956
23.84215021133423,34956
23.842644691467285,34956
23.843135833740234,34956
23.843629598617554,34956
23.84412121772766,34956
23.844616174697876,34956
23.8451087474823,34956
23.845598697662354,34956
23.846081733703613,34956
23.846587657928467,34956
23.84707760810852,34956
23.84757137298584,34956
23.848055124282837,34956
23.848551034927368,34956
23.84903383255005,34956
23.84952712059021,34956
23.850016355514526,34956
23.85050654411316,34956
23.850990056991577,34956
23.85149335861206,34956
23.851972818374634,34956
23.8524649143219,34956
23.852940320968628,34956
23.853433847427368,34956
23.853924036026,34956
23.854419708251953,34956
23.854893922805786,34956
23.85538649559021,34956
23.855875968933105,34956
23.85637855529785,34956
23.856863498687744,34956
23.857351779937744,34956
23.857836961746216,34956
23.8583242893219,34956
23.858807802200317,34956
23.85929846763611,34956
23.85978412628174,34956
23.86027455329895,34956
23.860762119293213,34956
23.861249923706055,34956
23.861732721328735,34956
23.86221146583557,34956
23.86270308494568,34956
23.863186836242676,34956
23.863678216934204,34956
23.864163637161255,34956
23.86465573310852,34956
23.865148544311523,34956
23.865641832351685,34956
23.866124391555786,34956
23.866631269454956,34956
23.86711835861206,34956
23.86761713027954,34956
23.868103981018066,34956
23.86860179901123,34956
23.86908221244812,34956
23.86958074569702,34956
23.87005305290222,34956
23.87054991722107,34956
23.8710355758667,34956
23.871529817581177,34956
23.87201738357544,34956
23.872509479522705,34956
23.87299633026123,34956
23.873494863510132,34956
23.873987913131714,34956
23.874487161636353,34956
23.874968767166138,34956
23.87546420097351,34956
23.875957012176514,34956
23.876461267471313,34956
23.876938343048096,34956
23.87742567062378,34956
23.877910137176514,34956
23.878403186798096,34956
23.87888789176941,34956
23.879379272460938,34956
23.879865646362305,34956
23.880357265472412,34956
23.88084101676941,34956
23.881337642669678,34956
23.88183093070984,34956
23.882328271865845,34956
23.882821321487427,34956
23.88331651687622,34956
23.883808851242065,34956
23.884307622909546,34956
23.884784698486328,34956
23.885277032852173,34956
23.88576889038086,34956
23.886260986328125,34956
23.88674783706665,34956
23.887232542037964,34956
23.887735605239868,34956
23.88821792602539,34956
23.88871955871582,34956
23.889197826385498,34956
23.88968801498413,34956
23.890177011489868,34956
23.890666961669922,34956
23.89114809036255,34956
23.89163899421692,34956
23.892130136489868,34956
23.892620086669922,34956
23.893104076385498,34956
23.89359951019287,34956
23.89409565925598,34956
23.894590854644775,34956
23.895073652267456,34956
23.895573616027832,34956
23.896065950393677,34956
23.896570682525635,34956
23.897062301635742,34956
23.897555828094482,34956
23.8980393409729,34956
23.89853072166443,34956
23.899017333984375,34956
23.899513483047485,34956
23.899991750717163,34956
23.900489568710327,34956
23.900973558425903,34956
23.9014675617218,34956
23.901947021484375,34956
23.902441263198853,34956
23.902926206588745,34956
23.903427600860596,34956
23.90391707420349,34956
23.904409170150757,34956
23.904900550842285,34956
23.905393362045288,34956
23.90587592124939,34956
23.906382083892822,34956
23.906871795654297,34956
23.907359838485718,34956
23.907848358154297,34956
23.90833330154419,34956
23.908820867538452,34956
23.909306526184082,34956
23.90978693962097,34956
23.910279035568237,34956
23.91075301170349,34956
23.911250114440918,34956
23.91173028945923,34956
23.912219285964966,34956
23.912704944610596,34956
23.913187265396118,34956
23.91368818283081,34956
23.914173126220703,34956
23.91465663909912,34956
23.91513991355896,34956
23.91563844680786,34956
23.916120767593384,34956
23.916628122329712,34956
23.917114973068237,34956
23.917604207992554,34956
23.918094396591187,34956
23.918590545654297,34956
23.919063568115234,34956
23.919562339782715,34956
23.920043468475342,34956
23.920544385910034,34956
23.921032190322876,34956
23.921519994735718,34956
23.922006368637085,34956
23.922508478164673,34956
23.922998428344727,34956
23.923489809036255,34956
23.923975229263306,34956
23.924468994140625,34956
23.92495036125183,34956
23.925447463989258,34956
23.92593288421631,34956
23.926438093185425,34956
23.926921367645264,34956
23.927403688430786,34956
23.92788338661194,34956
23.928375244140625,34956
23.928858757019043,34956
23.929348945617676,34956
23.929834365844727,34956
23.9303297996521,34956
23.930819272994995,34956
23.931310653686523,34956
23.93180227279663,34956
23.932299613952637,34956
23.932774543762207,34956
23.933269023895264,34956
23.933756113052368,34956
23.934245824813843,34956
23.934733629226685,34956
23.935219526290894,34956
23.93571138381958,34956
23.936195373535156,34956
23.936699151992798,34956
23.937188625335693,34956
23.937682628631592,34956
23.93817114830017,34956
23.93866229057312,34956
23.939146757125854,34956
23.939628839492798,34956
23.94011092185974,34956
23.940605878829956,34956
23.94108486175537,34956
23.941584587097168,34956
23.94206976890564,34956
23.94256353378296,34956
23.943050146102905,34956
23.94353938102722,34956
23.944021224975586,34956
23.944506406784058,34956
23.944990396499634,34956
23.94548773765564,34956
23.94597554206848,34956
23.946481704711914,34956
23.946959495544434,34956
23.94745945930481,34956
23.947951555252075,34956
23.94844937324524,34956
23.94892978668213,34956
23.949418544769287,34956
23.949904918670654,34956
23.950405836105347,34956
23.9509015083313,34956
23.951393127441406,34956
23.951890230178833,34956
23.952373266220093,34956
23.952857732772827,34956
23.953348398208618,34956
23.95383071899414,34956
23.954323053359985,34956
23.95481014251709,34956
23.955304384231567,34956
23.955787658691406,34956
23.956290245056152,34956
23.956778049468994,34956
23.957262992858887,34956
23.957746982574463,34956
23.958237886428833,34956
23.95871877670288,34956
23.95920157432556,34956
23.9596905708313,34956
23.960175275802612,34956
23.960668325424194,34956
23.961150407791138,34956
23.96164059638977,34956
23.962119817733765,34956
23.962610006332397,34956
23.963091611862183,34956
23.963589191436768,34956
23.96407651901245,34956
23.964579105377197,34956
23.965070247650146,34956
23.9655704498291,34956
23.966064929962158,34956
23.966578006744385,34956
23.96706461906433,34956
23.967553853988647,34956
23.968040943145752,34956
23.96854019165039,34956
23.969030141830444,34956
23.969525575637817,34956
23.97000813484192,34956
23.970496654510498,34956
23.97098731994629,34956
23.971485137939453,34956
23.97196316719055,34956
23.972465753555298,34956
23.972951650619507,34956
23.973450183868408,34956
23.973933458328247,34956
23.974427700042725,34956
23.974909782409668,34956
23.975393533706665,34956
23.975874423980713,34956
23.976381301879883,34956
23.976868629455566,34956
23.977365016937256,34956
23.977858543395996,34956
23.978342294692993,34956
23.978826999664307,34956
23.979328393936157,34956
23.979811906814575,34956
23.980306386947632,34956
23.98079252243042,34956
23.981287479400635,34956
23.98177409172058,34956
23.982255458831787,34956
23.98274850845337,34956
23.98324728012085,34956
23.98374366760254,34956
23.98422360420227,34956
23.984710931777954,34956
23.98520541191101,34956
23.9856960773468,34956
23.986189603805542,34956
23.986687660217285,34956
23.98716163635254,34956
23.987653255462646,34956
23.98814058303833,34956
23.988640308380127,34956
23.989129066467285,34956
23.989616632461548,34956
23.990095853805542,34956
23.99058985710144,34956
23.991084575653076,34956
23.991583347320557,34956
23.992070198059082,34956
23.992568731307983,34956
23.99305820465088,34956
23.993556022644043,34956
23.994038343429565,34956
23.99454140663147,34956
23.9950270652771,34956
23.995521306991577,34956
23.996010780334473,34956
23.99652409553528,34956
23.9970064163208,34956
23.997498035430908,34956
23.997992038726807,34956
23.9984872341156,34956
23.998968839645386,34956
23.999467611312866,34956
23.999950647354126,34956
24.00045132637024,34956
24.00093913078308,34956
24.001431703567505,34956
24.00191640853882,34956
24.0024094581604,34956
24.002899885177612,34956
24.003387212753296,34956
24.003870248794556,34956
24.00436758995056,34956
24.004860877990723,34956
24.00536322593689,34956
24.005845546722412,34956
24.00635528564453,34956
24.006847858428955,34956
24.007347106933594,34956
24.00783634185791,34956
24.00833535194397,34956
24.00882911682129,34956
24.009321451187134,34956
24.009812355041504,34956
24.010310649871826,34956
24.01078176498413,34956
24.011277198791504,34956
24.01176142692566,34956
24.01225709915161,34956
24.012747049331665,34956
24.013230085372925,34956
24.013725996017456,34956
24.014214992523193,34956
24.014710903167725,34956
24.015196323394775,34956
24.015683889389038,34956
24.01616144180298,34956
24.016661643981934,34956
24.017142057418823,34956
24.017629861831665,34956
24.01811981201172,34956
24.018617868423462,34956
24.019106149673462,34956
24.01960825920105,34956
24.020102739334106,34956
24.020586490631104,34956
24.02107000350952,34956
24.021554946899414,34956
24.02203869819641,34956
24.022533178329468,34956
24.02302575111389,34956
24.023529052734375,34956
24.024009466171265,34956
24.02450466156006,34956
24.02498745918274,34956
24.025480270385742,34956
24.02596163749695,34956
24.026463747024536,34956
24.0269513130188,34956
24.027449131011963,34956
24.027939319610596,34956
24.028429746627808,34956
24.02891969680786,34956
24.029409408569336,34956
24.029895782470703,34956
24.030391693115234,34956
24.03087091445923,34956
24.031370401382446,34956
24.03186321258545,34956
24.032360076904297,34956
24.032846927642822,34956
24.033347368240356,34956
24.033831119537354,34956
24.034327507019043,34956
24.034818410873413,34956
24.035321712493896,34956
24.035812854766846,34956
24.03632402420044,34956
24.036800861358643,34956
24.03728938102722,34956
24.03777837753296,34956
24.038267374038696,34956
24.038753271102905,34956
24.039249420166016,34956
24.039739847183228,34956
24.040218114852905,34956
24.04070281982422,34956
24.041186571121216,34956
24.041684865951538,34956
24.04217219352722,34956
24.042657613754272,34956
24.04313611984253,34956
24.04361867904663,34956
24.044105052947998,34956
24.044599533081055,34956
24.045093774795532,34956
24.045586347579956,34956
24.046066284179688,34956
24.04656982421875,34956
24.04704976081848,34956
24.04754948616028,34956
24.04802441596985,34956
24.04851460456848,34956
24.048986434936523,34956
24.049474477767944,34956
24.049962043762207,34956
24.050455331802368,34956
24.050938367843628,34956
24.051429748535156,34956
24.051907062530518,34956
24.052398443222046,34956
24.052894592285156,34956
24.053380489349365,34956
24.053863048553467,34956
24.05435538291931,34956
24.054834842681885,34956
24.05533003807068,34956
24.055806159973145,34956
24.056312561035156,34956
24.056796073913574,34956
24.0572772026062,34956
24.057772159576416,34956
24.058266401290894,34956
24.05875515937805,34956
24.059247255325317,34956
24.05974292755127,34956
24.06022071838379,34956
24.060713529586792,34956
24.061196088790894,34956
24.06169629096985,34956
24.062185049057007,34956
24.0626859664917,34956
24.06317639350891,34956
24.063663244247437,34956
24.064147472381592,34956
24.06463050842285,34956
24.06512141227722,34956
24.065613985061646,34956
24.06609296798706,34956
24.06659483909607,34956
24.067076683044434,34956
24.067561388015747,34956
24.068048238754272,34956
24.068553924560547,34956
24.069037199020386,34956
24.069533824920654,34956
24.07001042366028,34956
24.070512533187866,34956
24.070991277694702,34956
24.0714750289917,34956
24.07195806503296,34956
24.07244849205017,34956
24.072930812835693,34956
24.073419332504272,34956
24.07390785217285,34956
24.074400901794434,34956
24.07488250732422,34956
24.075371503829956,34956
24.075846433639526,34956
24.076348066329956,34956
24.07682776451111,34956
24.07731556892395,34956
24.077788829803467,34956
24.078284740447998,34956
24.07876992225647,34956
24.07926297187805,34956
24.079747915267944,34956
24.080228328704834,34956
24.080720901489258,34956
24.081207752227783,34956
24.081706047058105,34956
24.082190990447998,34956
24.082679748535156,34956
24.083166122436523,34956
24.08365774154663,34956
24.084131002426147,34956
24.084625244140625,34956
24.0851149559021,34956
24.085615634918213,34956
24.08610510826111,34956
24.086605072021484,34956
24.08709716796875,34956
24.087599277496338,34956
24.08808922767639,34956
24.088589429855347,34956
24.089082956314087,34956
24.0895779132843,34956
24.090060472488403,34956
24.09055495262146,34956
24.091039419174194,34956
24.091541051864624,34956
24.092026233673096,34956
24.092528820037842,34956
24.093013286590576,34956
24.09351396560669,34956
24.094005823135376,34956
24.094501495361328,34956
24.094984769821167,34956
24.095484972000122,34956
24.095975399017334,34956
24.096490621566772,34956
24.096973657608032,34956
24.09745740890503,34956
24.097943782806396,34956
24.098432540893555,34956
24.098918437957764,34956
24.09941601753235,34956
24.09989857673645,34956
24.100391626358032,34956
24.10087299346924,34956
24.101365327835083,34956
24.101848363876343,34956
24.10233974456787,34956
24.102818250656128,34956
24.10331654548645,34956
24.103808164596558,34956
24.104305505752563,34956
24.10479497909546,34956
24.10528016090393,34956
24.10575532913208,34956
24.106253385543823,34956
24.106746912002563,34956
24.10723614692688,34956
24.10772442817688,34956
24.10821557044983,34956
24.108702182769775,34956
24.109190940856934,34956
24.10968041419983,34956
24.11017155647278,34956
24.11066961288452,34956
24.111156463623047,34956
24.111650466918945,34956
24.112133264541626,34956
24.112629175186157,34956
24.113108158111572,34956
24.113605737686157,34956
24.114089488983154,34956
24.114574193954468,34956
24.115060329437256,34956
24.11554765701294,34956
24.11603593826294,34956
24.116547346115112,34956
24.117035388946533,34956
24.117525100708008,34956
24.118016004562378,34956
24.11852216720581,34956
24.119007110595703,34956
24.11950159072876,34956
24.119993448257446,34956
24.120497465133667,34956
24.120985507965088,34956
24.121487855911255,34956
24.121968984603882,34956
24.122459173202515,34956
24.12295389175415,34956
24.123452186584473,34956
24.12394094467163,34956
24.124423265457153,34956
24.124895811080933,34956
24.125391960144043,34956
24.125884532928467,34956
24.126383543014526,34956
24.126859426498413,34956
24.12736225128174,34956
24.12783908843994,34956
24.12832760810852,34956
24.12881636619568,34956
24.129303693771362,34956
24.12979769706726,34956
24.130290508270264,34956
24.130768537521362,34956
24.13126230239868,34956
24.131755113601685,34956
24.132234811782837,34956
24.132723331451416,34956
24.133217573165894,34956
24.13371181488037,34956
24.13418698310852,34956
24.13468027114868,34956
24.135167360305786,34956
24.135664701461792,34956
24.136143684387207,34956
24.136648654937744,34956
24.137135982513428,34956
24.13762879371643,34956
24.138111352920532,34956
24.138609170913696,34956
24.13909363746643,34956
24.139583826065063,34956
24.140073776245117,34956
24.140563488006592,34956
24.14104723930359,34956
24.141550540924072,34956
24.142046451568604,34956
24.142548084259033,34956
24.143038034439087,34956
24.143540382385254,34956
24.14402413368225,34956
24.144517183303833,34956
24.145010709762573,34956
24.145506858825684,34956
24.145992517471313,34956
24.146487712860107,34956
24.146977424621582,34956
24.147474765777588,34956
24.147958278656006,34956
24.14845061302185,34956
24.148937463760376,34956
24.149428606033325,34956
24.14991593360901,34956
24.150413036346436,34956
24.150890350341797,34956
24.151384830474854,34956
24.15187382698059,34956
24.1523654460907,34956
24.152846574783325,34956
24.1533465385437,34956
24.153836488723755,34956
24.154332399368286,34956
24.154813289642334,34956
24.155306577682495,34956
24.155790090560913,34956
24.156285524368286,34956
24.156771898269653,34956
24.157251834869385,34956
24.15773868560791,34956
24.158223390579224,34956
24.158712148666382,34956
24.15919518470764,34956
24.15969491004944,34956
24.160187005996704,34956
24.160683393478394,34956
24.161166667938232,34956
24.161658763885498,34956
24.162144660949707,34956
24.162630796432495,34956
24.16311764717102,34956
24.16362237930298,34956
24.164108753204346,34956
24.16460394859314,34956
24.16509699821472,34956
24.165595293045044,34956
24.16607642173767,34956
24.16658878326416,34956
24.167072534561157,34956
24.167564392089844,34956
24.168054580688477,34956
24.168540716171265,34956
24.169026136398315,34956
24.169520139694214,34956
24.169997930526733,34956
24.170498371124268,34956
24.170990467071533,34956
24.171485424041748,34956
24.17196798324585,34956
24.172466278076172,34956
24.172948837280273,34956
24.173444032669067,34956
24.173927783966064,34956
24.17442011833191,34956
24.174904108047485,34956
24.175397872924805,34956
24.17588448524475,34956
24.176387310028076,34956
24.176872968673706,34956
24.177356481552124,34956
24.177836894989014,34956
24.178323984146118,34956
24.1788170337677,34956
24.17929983139038,34956
24.179784297943115,34956
24.18027973175049,34956
24.180769681930542,34956
24.181264877319336,34956
24.181752920150757,34956
24.182246685028076,34956
24.182732105255127,34956
24.183223247528076,34956
24.183711528778076,34956
24.184195518493652,34956
24.184685468673706,34956
24.185179233551025,34956
24.18567132949829,34956
24.186159133911133,34956
24.18665599822998,34956
24.187131881713867,34956
24.187633752822876,34956
24.188127517700195,34956
24.188621759414673,34956
24.189114570617676,34956
24.18961238861084,34956
24.19009280204773,34956
24.190590620040894,34956
24.19107747077942,34956
24.19157886505127,34956
24.19206666946411,34956
24.192562580108643,34956
24.19305157661438,34956
24.193545818328857,34956
24.194031476974487,34956
24.1945321559906,34956
24.195016622543335,34956
24.195515155792236,34956
24.195997953414917,34956
24.196508169174194,34956
24.196995973587036,34956
24.197490453720093,34956
24.197981595993042,34956
24.198476791381836,34956
24.198952198028564,34956
24.199446439743042,34956
24.199937343597412,34956
24.20042324066162,34956
24.2009060382843,34956
24.201401948928833,34956
24.201890230178833,34956
24.202389240264893,34956
24.202866077423096,34956
24.2033588886261,34956
24.203842878341675,34956
24.204341411590576,34956
24.204832553863525,34956
24.205328464508057,34956
24.20581889152527,34956
24.20633101463318,34956
24.206814527511597,34956
24.2073073387146,34956
24.207793712615967,34956
24.208285093307495,34956
24.208775997161865,34956
24.20927596092224,34956
24.209763765335083,34956
24.210238218307495,34956
24.210736751556396,34956
24.211228847503662,34956
24.211729288101196,34956
24.212213039398193,34956
24.212708473205566,34956
24.213188886642456,34956
24.21367120742798,34956
24.21415662765503,34956
24.21464729309082,34956
24.215140104293823,34956
24.215633869171143,34956
24.21612024307251,34956
24.216623306274414,34956
24.21711230278015,34956
24.217602252960205,34956
24.21808624267578,34956
24.21858286857605,34956
24.21906590461731,34956
24.219560146331787,34956
24.220041036605835,34956
24.220537185668945,34956
24.22101879119873,34956
24.22152066230774,34956
24.22200584411621,34956
24.22250270843506,34956
24.222984790802002,34956
24.223483562469482,34956
24.223974466323853,34956
24.224470615386963,34956
24.224952936172485,34956
24.225451469421387,34956
24.22594666481018,34956
24.226443767547607,34956
24.226925134658813,34956
24.22741937637329,34956
24.227906942367554,34956
24.22840690612793,34956
24.228890895843506,34956
24.22938561439514,34956
24.229875802993774,34956
24.23036789894104,34956
24.230858087539673,34956
24.231354236602783,34956
24.231839179992676,34956
24.232337951660156,34956
24.232829093933105,34956
24.233327388763428,34956
24.233819484710693,34956
24.23431396484375,34956
24.234800338745117,34956
24.235296964645386,34956
24.235777139663696,34956
24.236286163330078,34956
24.236767768859863,34956
24.237268686294556,34956
24.237748622894287,34956
24.238232851028442,34956
24.23872447013855,34956
24.239210844039917,34956
24.23970317840576,34956
24.240189790725708,34956
24.24068331718445,34956
24.241172552108765,34956
24.241658687591553,34956
24.242136240005493,34956
24.2426335811615,34956
24.243112802505493,34956
24.243602752685547,34956
24.244086027145386,34956
24.24458909034729,34956
24.245072841644287,34956
24.24556827545166,34956
24.246047973632812,34956
24.24655795097351,34956
24.24704933166504,34956
24.247545957565308,34956
24.248029232025146,34956
24.248528957366943,34956
24.249017000198364,34956
24.249509572982788,34956
24.24999475479126,34956
24.250484466552734,34956
24.25096821784973,34956
24.25146174430847,34956
24.251954317092896,34956
24.25244688987732,34956
24.252933025360107,34956
24.25342559814453,34956
24.25390863418579,34956
24.25439977645874,34956
24.254889726638794,34956
24.25537919998169,34956
24.255864143371582,34956
24.25637125968933,34956
24.256861686706543,34956
24.257356882095337,34956
24.257845401763916,34956
24.258338689804077,34956
24.258827924728394,34956
24.259324312210083,34956
24.259812355041504,34956
24.260308504104614,34956
24.26079511642456,34956
24.261290550231934,34956
24.26178216934204,34956
24.26227903366089,34956
24.26275372505188,34956
24.263235569000244,34956
24.263731718063354,34956
24.26421594619751,34956
24.26471209526062,34956
24.26519465446472,34956
24.26568627357483,34956
24.266178369522095,34956
24.266689777374268,34956
24.26716899871826,34956
24.267659187316895,34956
24.268141746520996,34956
24.26864242553711,34956
24.269126415252686,34956
24.269618272781372,34956
24.270099401474,34956
24.270593404769897,34956
24.271070957183838,34956
24.27156138420105,34956
24.27204442024231,34956
24.272539138793945,34956
24.27302360534668,34956
24.273521184921265,34956
24.274007558822632,34956
24.274495840072632,34956
24.274986028671265,34956
24.275487661361694,34956
24.27597665786743,34956
24.276488780975342,34956
24.276982307434082,34956
24.2774715423584,34956
24.277953147888184,34956
24.278443336486816,34956
24.278931140899658,34956
24.279419898986816,34956
24.279905319213867,34956
24.280394315719604,34956
24.280872583389282,34956
24.281367301940918,34956
24.281858205795288,34956
24.282355070114136,34956
24.282833576202393,34956
24.283335208892822,34956
24.283822059631348,34956
24.284319639205933,34956
24.28479290008545,34956
24.28529119491577,34956
24.285779237747192,34956
24.28628158569336,34956
24.286769151687622,34956
24.287267446517944,34956
24.287750005722046,34956
24.2882297039032,34956
24.28873038291931,34956
24.28921341896057,34956
24.289706707000732,34956
24.290196657180786,34956
24.29068636894226,34956
24.291166305541992,34956
24.291662454605103,34956
24.292147636413574,34956
24.292635679244995,34956
24.29312515258789,34956
24.29361653327942,34956
24.29411029815674,34956
24.294606685638428,34956
24.295095205307007,34956
24.295592069625854,34956
24.29607629776001,34956
24.29658341407776,34956
24.297075510025024,34956
24.297569036483765,34956
24.29806089401245,34956
24.29855728149414,34956
24.2990505695343,34956
24.29954767227173,34956
24.300036668777466,34956
24.300536632537842,34956
24.301025867462158,34956
24.301523685455322,34956
24.302011966705322,34956
24.302513599395752,34956
24.30299210548401,34956
24.303487539291382,34956
24.30398392677307,34956
24.30447769165039,34956
24.304967403411865,34956
24.305461883544922,34956
24.305949687957764,34956
24.306460857391357,34956
24.30694055557251,34956
24.3074369430542,34956
24.307928323745728,34956
24.308420181274414,34956
24.308903455734253,34956
24.309386014938354,34956
24.309871196746826,34956
24.310367345809937,34956
24.310847520828247,34956
24.31135058403015,34956
24.31183362007141,34956
24.312331199645996,34956
24.312815189361572,34956
24.31331706047058,34956
24.31379199028015,34956
24.314284086227417,34956
24.31477379798889,34956
24.315263271331787,34956
24.315751552581787,34956
24.31623411178589,34956
24.316737174987793,34956
24.317216396331787,34956
24.317710876464844,34956
24.31818437576294,34956
24.318679571151733,34956
24.31915783882141,34956
24.319653749465942,34956
24.32013440132141,34956
24.32062816619873,34956
24.32111144065857,34956
24.321603059768677,34956
24.322084665298462,34956
24.32258629798889,34956
24.323066234588623,34956
24.323566913604736,34956
24.324050188064575,34956
24.324554920196533,34956
24.325040102005005,34956
24.32553243637085,34956
24.32602310180664,34956
24.32653522491455,34956
24.32701539993286,34956
24.327515840530396,34956
24.32800006866455,34956
24.328486680984497,34956
24.328977346420288,34956
24.329471349716187,34956
24.32995104789734,34956
24.33044743537903,34956
24.330937147140503,34956
24.331432104110718,34956
24.331910610198975,34956
24.332406044006348,34956
24.332884073257446,34956
24.33337378501892,34956
24.33385467529297,34956
24.33434534072876,34956
24.33483600616455,34956
24.335334300994873,34956
24.335824728012085,34956
24.33631682395935,34956
24.3367919921875,34956
24.33728575706482,34956
24.337770700454712,34956
24.3382568359375,34956
24.33874750137329,34956
24.3392333984375,34956
24.33972954750061,34956
24.34021496772766,34956
24.34070086479187,34956
24.3411808013916,34956
24.34167456626892,34956
24.342155933380127,34956
24.342637062072754,34956
24.34312605857849,34956
24.34362030029297,34956
24.34409737586975,34956
24.34458613395691,34956
24.345062494277954,34956
24.34555411338806,34956
24.3460373878479,34956
24.346542596817017,34956
24.347033500671387,34956
24.347529888153076,34956
24.348018169403076,34956
24.348525762557983,34956
24.34901523590088,34956
24.3495192527771,34956
24.350000381469727,34956
24.350484609603882,34956
24.350964784622192,34956
24.351465225219727,34956
24.35194754600525,34956
24.35244607925415,34956
24.352930068969727,34956
24.353421688079834,34956
24.353909254074097,34956
24.35440683364868,34956
24.354891777038574,34956
24.35538649559021,34956
24.355862140655518,34956
24.356369972229004,34956
24.356853485107422,34956
24.357351303100586,34956
24.357844829559326,34956
24.358338117599487,34956
24.358824968338013,34956
24.35931634902954,34956
24.359805583953857,34956
24.360300064086914,34956
24.360790252685547,34956
24.361281156539917,34956
24.361764907836914,34956
24.362252950668335,34956
24.362740755081177,34956
24.36322593688965,34956
24.363708019256592,34956
24.364187955856323,34956
24.36467957496643,34956
24.365161657333374,34956
24.365649223327637,34956
24.366136074066162,34956
24.36663579940796,34956
24.367117881774902,34956
24.36760926246643,34956
24.36810040473938,34956
24.36860418319702,34956
24.36909055709839,34956
24.369582414627075,34956
24.370058059692383,34956
24.37055492401123,34956
24.37104320526123,34956
24.371537685394287,34956
24.37202739715576,34956
24.372520685195923,34956
24.373003005981445,34956
24.37349534034729,34956
24.373984813690186,34956
24.374470472335815,34956
24.374959230422974,34956
24.375455617904663,34956
24.375941514968872,34956
24.376445531845093,34956
24.376928329467773,34956
24.3774197101593,34956
24.377910375595093,34956
24.378391981124878,34956
24.37887477874756,34956
24.379366397857666,34956
24.379846334457397,34956
24.380342483520508,34956
24.380829334259033,34956
24.381321668624878,34956
24.381813526153564,34956
24.382303476333618,34956
24.382789373397827,34956
24.383280277252197,34956
24.3837628364563,34956
24.38425850868225,34956
24.384744882583618,34956
24.38523530960083,34956
24.385724306106567,34956
24.386209726333618,34956
24.38670325279236,34956
24.387182474136353,34956
24.387683153152466,34956
24.38817548751831,34956
24.388664484024048,34956
24.389143466949463,34956
24.389641284942627,34956
24.390122175216675,34956
24.39061403274536,34956
24.391098499298096,34956
24.391595363616943,34956
24.392083406448364,34956
24.392582416534424,34956
24.39306092262268,34956
24.39355993270874,34956
24.39404559135437,34956
24.394543647766113,34956
24.39502239227295,34956
24.39552879333496,34956
24.396015405654907,34956
24.396522521972656,34956
24.397011041641235,34956
24.39750385284424,34956
24.397977113723755,34956
24.398470163345337,34956
24.39896321296692,34956
24.399460792541504,34956
24.399948835372925,34956
24.4004385471344,34956
24.400922775268555,34956
24.40141224861145,34956
24.40189480781555,34956
24.402384996414185,34956
24.402867555618286,34956
24.40336298942566,34956
24.403846979141235,34956
24.404343366622925,34956
24.404837131500244,34956
24.405330181121826,34956
24.405812978744507,34956
24.40631890296936,34956
24.406805753707886,34956
24.407301425933838,34956
24.40778136253357,34956
24.408276081085205,34956
24.408759593963623,34956
24.409250736236572,34956
24.409739017486572,34956
24.410233736038208,34956
24.410725831985474,34956
24.411211013793945,34956
24.411696195602417,34956
24.412184715270996,34956
24.41267967224121,34956
24.41315984725952,34956
24.4136483669281,34956
24.414130687713623,34956
24.41462993621826,34956
24.415112257003784,34956
24.415608406066895,34956
24.416096925735474,34956
24.41660737991333,34956
24.417094230651855,34956
24.41759753227234,34956
24.418089151382446,34956
24.418582439422607,34956
24.41906976699829,34956
24.419559001922607,34956
24.420042753219604,34956
24.420544624328613,34956
24.42102861404419,34956
24.4215304851532,34956
24.422019481658936,34956
24.422521829605103,34956
24.423008918762207,34956
24.42350196838379,34956
24.423995971679688,34956
24.424498319625854,34956
24.424984216690063,34956
24.425477981567383,34956
24.425968647003174,34956
24.426470279693604,34956
24.42695951461792,34956
24.427449703216553,34956
24.427934885025024,34956
24.428428649902344,34956
24.428916931152344,34956
24.42941164970398,34956
24.429890632629395,34956
24.43037223815918,34956
24.43085503578186,34956
24.431341886520386,34956
24.43183422088623,34956
24.432323455810547,34956
24.432802438735962,34956
24.433303833007812,34956
24.43379831314087,34956
24.434298038482666,34956
24.43478226661682,34956
24.43527889251709,34956
24.435757160186768,34956
24.436261415481567,34956
24.43675994873047,34956
24.437249422073364,34956
24.43773913383484,34956
24.438222646713257,34956
24.438704013824463,34956
24.439193725585938,34956
24.43969464302063,34956
24.440182209014893,34956
24.440677404403687,34956
24.441156148910522,34956
24.44165015220642,34956
24.442139625549316,34956
24.442635774612427,34956
24.443122625350952,34956
24.443607330322266,34956
24.444092750549316,34956
24.444592714309692,34956
24.445072412490845,34956
24.445573329925537,34956
24.446061372756958,34956
24.44657611846924,34956
24.447063446044922,34956
24.447560787200928,34956
24.44804859161377,34956
24.44855260848999,34956
24.44903540611267,34956
24.449535608291626,34956
24.45002245903015,34956
24.45052456855774,34956
24.451011180877686,34956
24.451510429382324,34956
24.45199227333069,34956
24.45249319076538,34956
24.45297884941101,34956
24.45347809791565,34956
24.453968048095703,34956
24.45445489883423,34956
24.454939603805542,34956
24.45543909072876,34956
24.455933332443237,34956
24.456432819366455,34956
24.45692253112793,34956
24.457420110702515,34956
24.45791220664978,34956
24.458402633666992,34956
24.458885192871094,34956
24.45937490463257,34956
24.459864377975464,34956
24.460356950759888,34956
24.460840225219727,34956
24.461328268051147,34956
24.46181631088257,34956
24.462315320968628,34956
24.462799549102783,34956
24.463298320770264,34956
24.46377992630005,34956
24.464267253875732,34956
24.464754343032837,34956
24.465232372283936,34956
24.465723037719727,34956
24.46621322631836,34956
24.466715812683105,34956
24.467206478118896,34956
24.467692852020264,34956
24.468173265457153,34956
24.468663454055786,34956
24.469146966934204,34956
24.469632387161255,34956
24.47012186050415,34956
24.470622301101685,34956
24.471110343933105,34956
24.471603870391846,34956
24.47209095954895,34956
24.47258472442627,34956
24.47306728363037,34956
24.47356867790222,34956
24.47405195236206,34956
24.47454023361206,34956
24.475024461746216,34956
24.475523710250854,34956
24.476006746292114,34956
24.476506233215332,34956
24.476988792419434,34956
24.47748327255249,34956
24.477965116500854,34956
24.478466987609863,34956
24.47895622253418,34956
24.47945237159729,34956
24.479936599731445,34956
24.480422258377075,34956
24.480909824371338,34956
24.481399059295654,34956
24.481873750686646,34956
24.482367038726807,34956
24.482855081558228,34956
24.483349561691284,34956
24.48383402824402,34956
24.484323024749756,34956
24.484801769256592,34956
24.485285997390747,34956
24.485759735107422,34956
24.486262321472168,34956
24.48676085472107,34956
24.487260103225708,34956
24.48774480819702,34956
24.488232851028442,34956
24.48873233795166,34956
24.48922061920166,34956
24.489715099334717,34956
24.490198612213135,34956
24.490694999694824,34956
24.491185426712036,34956
24.49168562889099,34956
24.492171049118042,34956
24.4926598072052,34956
24.49313449859619,34956
24.49362874031067,34956
24.49411153793335,34956
24.494603872299194,34956
24.495091915130615,34956
24.49558162689209,34956
24.496065139770508,34956
24.496574640274048,34956
24.49706768989563,34956
24.497556924819946,34956
24.498038291931152,34956
24.49852728843689,34956
24.499013662338257,34956
24.499515295028687,34956
24.499999046325684,34956
24.50049114227295,34956
24.500978231430054,34956
24.501471996307373,34956
24.50196647644043,34956
24.50245475769043,34956
24.502935886383057,34956
24.50341796875,34956
24.503909826278687,34956
24.504408836364746,34956
24.504898071289062,34956
24.505385398864746,34956
24.505861282348633,34956
24.506358861923218,34956
24.50684380531311,34956
24.50734305381775,34956
24.507829666137695,34956
24.50832223892212,34956
24.50880765914917,34956
24.50929307937622,34956
24.509780168533325,34956
24.510269165039062,34956
24.510756254196167,34956
24.51123571395874,34956
24.511734008789062,34956
24.5122230052948,34956
24.512710332870483,34956
24.513187885284424,34956
24.51367688179016,34956
24.514170169830322,34956
24.514673233032227,34956
24.51516056060791,34956
24.515647411346436,34956
24.516129732131958,34956
24.516640663146973,34956
24.51711678504944,34956
24.517608642578125,34956
24.51808476448059,34956
24.51858901977539,34956
24.519073963165283,34956
24.519572973251343,34956
24.520065546035767,34956
24.52055835723877,34956
24.52104091644287,34956
24.521546602249146,34956
24.5220308303833,34956
24.522533893585205,34956
24.523017406463623,34956
24.523511171340942,34956
24.52399516105652,34956
24.52448868751526,34956
24.524972438812256,34956
24.52546977996826,34956
24.525959968566895,34956
24.526453495025635,34956
24.526936054229736,34956
24.527425050735474,34956
24.52791404724121,34956
24.528408765792847,34956
24.528894662857056,34956
24.529382944107056,34956
24.529871702194214,34956
24.53036069869995,34956
24.53084945678711,34956
24.531336069107056,34956
24.5318284034729,34956
24.53231906890869,34956
24.532793283462524,34956
24.53329300880432,34956
24.533777236938477,34956
24.534270763397217,34956
24.53475832939148,34956
24.535247564315796,34956
24.535733699798584,34956
24.536216259002686,34956
24.536718130111694,34956
24.537203311920166,34956
24.5376935005188,34956
24.53817653656006,34956
24.53867506980896,34956
24.539165019989014,34956
24.53965735435486,34956
24.540140390396118,34956
24.540632009506226,34956
24.541107177734375,34956
24.541595935821533,34956
24.542078733444214,34956
24.542574882507324,34956
24.543058156967163,34956
24.543559789657593,34956
24.544046640396118,34956
24.54453992843628,34956
24.545023679733276,34956
24.5455265045166,34956
24.545999765396118,34956
24.54650640487671,34956
24.546994924545288,34956
24.547479152679443,34956
24.547962188720703,34956
24.548460721969604,34956
24.548935174942017,34956
24.54942226409912,34956
24.549906969070435,34956
24.550400495529175,34956
24.55088186264038,34956
24.55137038230896,34956
24.55184817314148,34956
24.552347421646118,34956
24.552837371826172,34956
24.55333375930786,34956
24.553825616836548,34956
24.554316997528076,34956
24.554805278778076,34956
24.555301666259766,34956
24.55578351020813,34956
24.55627727508545,34956
24.556762218475342,34956
24.557244062423706,34956
24.55773162841797,34956
24.558217763900757,34956
24.5587158203125,34956
24.559200286865234,34956
24.559696912765503,34956
24.560184717178345,34956
24.560681581497192,34956
24.561168670654297,34956
24.561665058135986,34956
24.562146186828613,34956
24.562639236450195,34956
24.563124418258667,34956
24.56361413002014,34956
24.564104318618774,34956
24.564597845077515,34956
24.565080404281616,34956
24.5655734539032,34956
24.566047430038452,34956
24.566548585891724,34956
24.56704020500183,34956
24.567535877227783,34956
24.56801724433899,34956
24.56850552558899,34956
24.568981885910034,34956
24.569472074508667,34956
24.56995677947998,34956
24.57045841217041,34956
24.57094120979309,34956
24.57143759727478,34956
24.57192349433899,34956
24.57242250442505,34956
24.572903871536255,34956
24.573390007019043,34956
24.573863983154297,34956
24.57435965538025,34956
24.57484531402588,34956
24.57534623146057,34956
24.575833797454834,34956
24.576335191726685,34956
24.576817750930786,34956
24.577309131622314,34956
24.577792167663574,34956
24.578287601470947,34956
24.578776359558105,34956
24.579265594482422,34956
24.579752683639526,34956
24.580227613449097,34956
24.580727338790894,34956
24.581209897994995,34956
24.58170199394226,34956
24.58218550682068,34956
24.582677841186523,34956
24.583157777786255,34956
24.583657026290894,34956
24.584142684936523,34956
24.584641933441162,34956
24.585123538970947,34956
24.58562397956848,34956
24.586106300354004,34956
24.58660650253296,34956
24.587092399597168,34956
24.587591886520386,34956
24.588085651397705,34956
24.588585376739502,34956
24.58906078338623,34956
24.589550733566284,34956
24.590030908584595,34956
24.590534687042236,34956
24.59102487564087,34956
24.591522216796875,34956
24.59200358390808,34956
24.592502117156982,34956
24.592984676361084,34956
24.593480587005615,34956
24.59395408630371,34956
24.59444785118103,34956
24.594932079315186,34956
24.595422744750977,34956
24.595914125442505,34956
24.596419095993042,34956
24.59690499305725,34956
24.597402572631836,34956
24.597887992858887,34956
24.59838056564331,34956
24.598869562149048,34956
24.599358320236206,34956
24.599839687347412,34956
24.600342273712158,34956
24.600826501846313,34956
24.601309776306152,34956
24.601787567138672,34956
24.602277994155884,34956
24.602768659591675,34956
24.603259801864624,34956
24.603745698928833,34956
24.60421919822693,34956
24.60470151901245,34956
24.60518455505371,34956
24.605672121047974,34956
24.606152772903442,34956
24.60664963722229,34956
24.60714054107666,34956
24.607632398605347,34956
24.608110666275024,34956
24.608603954315186,34956
24.609088897705078,34956
24.6095871925354,34956
24.610069036483765,34956
24.6105637550354,34956
24.61104655265808,34956
24.611542463302612,34956
24.612025260925293,34956
24.612519025802612,34956
24.61300754547119,34956
24.61349892616272,34956
24.6139817237854,34956
24.614474058151245,34956
24.614946842193604,34956
24.615443229675293,34956
24.615933179855347,34956
24.616435050964355,34956
24.616918563842773,34956
24.617417097091675,34956
24.617906093597412,34956
24.61838960647583,34956
24.618870973587036,34956
24.61936330795288,34956
24.619845151901245,34956
24.62033700942993,34956
24.620823860168457,34956
24.62131118774414,34956
24.621792554855347,34956
24.622284412384033,34956
24.62277364730835,34956
24.623271703720093,34956
24.62376117706299,34956
24.62423586845398,34956
24.624725818634033,34956
24.625214099884033,34956
24.625712156295776,34956
24.626186847686768,34956
24.62668800354004,34956
24.62717843055725,34956
24.62768006324768,34956
24.62816286087036,34956
24.628659963607788,34956
24.629146099090576,34956
24.629647731781006,34956
24.63012933731079,34956
24.630630016326904,34956
24.631113529205322,34956
24.631612539291382,34956
24.6320960521698,34956
24.63259267807007,34956
24.633086442947388,34956
24.633578300476074,34956
24.63405203819275,34956
24.634541749954224,34956
24.635019540786743,34956
24.635520935058594,34956
24.636007070541382,34956
24.636510133743286,34956
24.637001991271973,34956
24.637500762939453,34956
24.63799262046814,34956
24.63848042488098,34956
24.638967275619507,34956
24.639461517333984,34956
24.639944553375244,34956
24.640437602996826,34956
24.64091396331787,34956
24.64140486717224,34956
24.641886949539185,34956
24.64236855506897,34956
24.642864227294922,34956
24.64336133003235,34956
24.643847942352295,34956
24.64433717727661,34956
24.64482069015503,34956
24.645321130752563,34956
24.64581274986267,34956
24.64631962776184,34956
24.64680790901184,34956
24.647294998168945,34956
24.647785902023315,34956
24.64827585220337,34956
24.648760080337524,34956
24.64925456047058,34956
24.649744510650635,34956
24.650228261947632,34956
24.650720357894897,34956
24.65120840072632,34956
24.651705026626587,34956
24.652193069458008,34956
24.652693510055542,34956
24.653175830841064,34956
24.65365719795227,34956
24.654147386550903,34956
24.654641151428223,34956
24.655115365982056,34956
24.655609130859375,34956
24.656102657318115,34956
24.656606912612915,34956
24.65708827972412,34956
24.65757918357849,34956
24.65806221961975,34956
24.658552646636963,34956
24.659034967422485,34956
24.659534692764282,34956
24.660025358200073,34956
24.660521507263184,34956
24.661004781723022,34956
24.661500692367554,34956
24.661990642547607,34956
24.66248631477356,34956
24.66296076774597,34956
24.66345477104187,34956
24.6639347076416,34956
24.66442346572876,34956
24.664909601211548,34956
24.665401220321655,34956
24.665884256362915,34956
24.66638445854187,34956
24.66686987876892,34956
24.667356491088867,34956
24.66783881187439,34956
24.66832971572876,34956
24.668818473815918,34956
24.669310808181763,34956
24.66979217529297,34956
24.67028546333313,34956
24.670767784118652,34956
24.6712589263916,34956
24.671741485595703,34956
24.67222809791565,34956
24.6727192401886,34956
24.673205137252808,34956
24.673699140548706,34956
24.674187660217285,34956
24.674685955047607,34956
24.67516779899597,34956
24.67566227912903,34956
24.676136255264282,34956
24.67664909362793,34956
24.67713165283203,34956
24.67762303352356,34956
24.67810297012329,34956
24.67859983444214,34956
24.679091215133667,34956
24.67958378791809,34956
24.680057764053345,34956
24.680557250976562,34956
24.681038856506348,34956
24.68154239654541,34956
24.682030200958252,34956
24.682526111602783,34956
24.683018684387207,34956
24.683511972427368,34956
24.683998346328735,34956
24.68450117111206,34956
24.68497633934021,34956
24.685475826263428,34956
24.685959339141846,34956
24.68647003173828,34956
24.686951875686646,34956
24.687448501586914,34956
24.687937021255493,34956
24.688429832458496,34956
24.68892240524292,34956
24.689414739608765,34956
24.689906120300293,34956
24.690389156341553,34956
24.690868854522705,34956
24.6913640499115,34956
24.69185709953308,34956
24.69235062599182,34956
24.69283127784729,34956
24.693331956863403,34956
24.693821907043457,34956
24.69432282447815,34956
24.694810390472412,34956
24.695301055908203,34956
24.695788383483887,34956
24.69629716873169,34956
24.696781396865845,34956
24.697277307510376,34956
24.69776439666748,34956
24.698251008987427,34956
24.698737144470215,34956
24.69921875,34956
24.699713706970215,34956
24.700201272964478,34956
24.700689792633057,34956
24.70116877555847,34956
24.701662302017212,34956
24.702152013778687,34956
24.70263910293579,34956
24.703122854232788,34956
24.703614950180054,34956
24.704103231430054,34956
24.70460033416748,34956
24.705084085464478,34956
24.70558190345764,34956
24.706063508987427,34956
24.70678997039795,34956
24.707640647888184,34956
24.70850419998169,34956
24.70937490463257,34956
24.710261821746826,34956
24.711113214492798,34956
24.71195697784424,34956
24.71280837059021,34956
24.71366310119629,34956
24.714534997940063,34956
24.71538496017456,34956
24.716219902038574,34956
24.717087268829346,34956
24.71794605255127,34956
24.718793392181396,34956
24.71963143348694,34956
24.72047472000122,34956
24.72133231163025,34956
24.722187280654907,34956
24.723036527633667,34956
24.72390055656433,34956
24.724762678146362,34956
24.72560715675354,34956
24.72644829750061,34956
24.727301120758057,34956
24.728159427642822,34956
24.72904658317566,34956
24.729888200759888,34956
24.730756044387817,34956
24.731586456298828,34956
24.73242449760437,34956
24.73326826095581,34956
24.73411536216736,34956
24.734968185424805,34956
24.735811948776245,34956
24.736663103103638,34956
24.73751187324524,34956
24.738388299942017,34956
24.739219188690186,34956
24.740054845809937,34956
24.740898370742798,34956
24.74176335334778,34956
24.742637395858765,34956
24.743507385253906,34956
24.74433422088623,34956
24.74519395828247,34956
24.74608039855957,34956
24.746941804885864,34956
24.74776864051819,34956
24.748607635498047,34956
24.749460220336914,34956
24.750325202941895,34956
24.751154899597168,34956
24.752000331878662,34956
24.752850770950317,34956
24.75372004508972,34956
24.754584074020386,34956
24.75545024871826,34956
24.756325244903564,34956
24.757148504257202,34956
24.757986068725586,34956
24.758843898773193,34956
24.759703159332275,34956
24.76056480407715,34956
24.76141095161438,34956
24.7622492313385,34956
24.763092517852783,34956
24.763954877853394,34956
24.76482629776001,34956
24.76569128036499,34956
24.766565561294556,34956
24.767404317855835,34956
24.768250942230225,34956
24.769100666046143,34956
24.769979000091553,34956
24.770816564559937,34956
24.77166438102722,34956
24.772522687911987,34956
24.773382663726807,34956
24.774216890335083,34956
24.77505087852478,34956
24.775906085968018,34956
24.776771783828735,34956
24.7776460647583,34956
24.778477907180786,34956
24.779314279556274,34956
24.780153274536133,34956
24.781012535095215,34956
24.781891584396362,34956
24.782742738723755,34956
24.78358221054077,34956
24.784435272216797,34956
24.785277843475342,34956
24.786116361618042,34956
24.786977767944336,34956
24.78784155845642,34956
24.788673162460327,34956
24.78949809074402,34956
24.79034686088562,34956
24.791213989257812,34956
24.792067527770996,34956
24.792960166931152,34956
24.79382872581482,34956
24.79466438293457,34956
24.795504808425903,34956
24.7963604927063,34956
24.797218322753906,34956
24.798065423965454,34956
24.798903942108154,34956
24.799760580062866,34956
24.800626754760742,34956
24.80148983001709,34956
24.802334308624268,34956
24.803162813186646,34956
24.804014921188354,34956
24.804879188537598,34956
24.805754899978638,34956
24.80661916732788,34956
24.80747938156128,34956
24.808351755142212,34956
24.80920910835266,34956
24.81006622314453,34956
24.810904264450073,34956
24.81175947189331,34956
24.812613010406494,34956
24.813483238220215,34956
24.814329862594604,34956
24.815158128738403,34956
24.816006898880005,34956
24.816885232925415,34956
24.81774401664734,34956
24.8185875415802,34956
24.819435596466064,34956
24.820281267166138,34956
24.821130514144897,34956
24.82197642326355,34956
24.822821140289307,34956
24.823670148849487,34956
24.824535608291626,34956
24.825400829315186,34956
24.82628059387207,34956
24.827147722244263,34956
24.827998638153076,34956
24.82883381843567,34956
24.829682111740112,34956
24.830541849136353,34956
24.831409454345703,34956
24.83223295211792,34956
24.833067655563354,34956
24.833911895751953,34956
24.834765195846558,34956
24.835625171661377,34956
24.83650493621826,34956
24.83736300468445,34956
24.8381929397583,34956
24.83902359008789,34956
24.839870929718018,34956
24.84073829650879,34956
24.84158754348755,34956
24.8424289226532,34956
24.843276262283325,34956
24.844120264053345,34956
24.84499192237854,34956
24.845823764801025,34956
24.846670866012573,34956
24.84752869606018,34956
24.848390340805054,34956
24.849225759506226,34956
24.8500554561615,34956
24.850905418395996,34956
24.85176682472229,34956
24.85263204574585,34956
24.853469133377075,34956
24.854311227798462,34956
24.85514760017395,34956
24.856019258499146,34956
24.856884479522705,34956
24.857733249664307,34956
24.85858392715454,34956
24.859431743621826,34956
24.86026668548584,34956
24.861107349395752,34956
24.861958503723145,34956
24.862805604934692,34956
24.863672018051147,34956
24.864535331726074,34956
24.865389823913574,34956
24.866222381591797,34956
24.867079257965088,34956
24.86793804168701,34956
24.868799686431885,34956
24.86967706680298,34956
24.870551824569702,34956
24.871406316757202,34956
24.872230052947998,34956
24.873062133789062,34956
24.87392497062683,34956
24.874796867370605,34956
24.875638246536255,34956
24.87649369239807,34956
24.87733221054077,34956
24.878185033798218,34956
24.879024505615234,34956
24.879865407943726,34956
24.880716562271118,34956
24.88156747817993,34956
24.882431507110596,34956
24.88330101966858,34956
24.884132385253906,34956
24.884986639022827,34956
24.885828256607056,34956
24.886677742004395,34956
24.887532234191895,34956
24.88840413093567,34956
24.889233350753784,34956
24.89007043838501,34956
24.89090657234192,34956
24.891778469085693,34956
24.892623901367188,34956
24.89346718788147,34956
24.89432168006897,34956
24.895168781280518,34956
24.896029233932495,34956
24.89690637588501,34956
24.897761344909668,34956
24.898607969284058,34956
24.899441242218018,34956
24.900277853012085,34956
24.901129245758057,34956
24.901982307434082,34956
24.902817487716675,34956
24.903668642044067,34956
24.904509782791138,34956
24.90536403656006,34956
24.90621519088745,34956
24.907119035720825,34956
24.90796947479248,34956
24.908810138702393,34956
24.909648418426514,34956
24.910491704940796,34956
24.91135597229004,34956
24.912204265594482,34956
24.91303515434265,34956
24.913881540298462,34956
24.91472864151001,34956
24.915592908859253,34956
24.916447401046753,34956
24.917282819747925,34956
24.918123722076416,34956
24.918982982635498,34956
24.919837951660156,34956
24.920664072036743,34956
24.921496868133545,34956
24.92235255241394,34956
24.92322015762329,34956
24.92406177520752,34956
24.92489242553711,34956
24.92575192451477,34956
24.92662739753723,34956
24.927476406097412,34956
24.928311586380005,34956
24.929154872894287,34956
24.930007219314575,34956
24.930847644805908,34956
24.93171763420105,34956
24.932581663131714,34956
24.93343496322632,34956
24.934263229370117,34956
24.935096263885498,34956
24.93594217300415,34956
24.93680238723755,34956
24.937669277191162,34956
24.938525438308716,34956
24.939388036727905,34956
24.940235376358032,34956
24.94107460975647,34956
24.941927909851074,34956
24.942786931991577,34956
24.943645238876343,34956
24.944541215896606,34956
24.945400953292847,34956
24.94623041152954,34956
24.947078704833984,34956
24.947932958602905,34956
24.948785066604614,34956
24.94965100288391,34956
24.950479745864868,34956
24.95132088661194,34956
24.952163219451904,34956
24.95303225517273,34956
24.953879594802856,34956
24.954718351364136,34956
24.955566883087158,34956
24.956441164016724,34956
24.957298040390015,34956
24.958137273788452,34956
24.9589946269989,34956
24.959855556488037,34956
24.960699796676636,34956
24.961544275283813,34956
24.962405681610107,34956
24.96326971054077,34956
24.96409296989441,34956
24.964929819107056,34956
24.965776443481445,34956
24.96665048599243,34956
24.967521905899048,34956
24.96838068962097,34956
24.96921730041504,34956
24.970052480697632,34956
24.970897912979126,34956
24.971746683120728,34956
24.972602367401123,34956
24.973458528518677,34956
24.974285364151,34956
24.975117921829224,34956
24.97597050666809,34956
24.97685480117798,34956
24.977685928344727,34956
24.978530645370483,34956
24.979376316070557,34956
24.98022484779358,34956
24.98108196258545,34956
24.981919288635254,34956
24.982763290405273,34956
24.9836266040802,34956
24.984495639801025,34956
24.985360383987427,34956
24.986204147338867,34956
24.98706078529358,34956
24.987937927246094,34956
24.98883318901062,34956
24.98966932296753,34956
24.990511417388916,34956
24.991358995437622,34956
24.99221420288086,34956
24.993063926696777,34956
24.993911027908325,34956
24.99475908279419,34956
24.995606184005737,34956
24.996477603912354,34956
24.997316598892212,34956
24.998154401779175,34956
24.99900245666504,34956
24.99985909461975,34956
25.000714778900146,34956
25.001550436019897,34956
25.0023992061615,34956
25.003247022628784,34956
25.00409483909607,34956
25.004920721054077,34956
25.005752325057983,34956
25.00660538673401,34956
25.007463693618774,34956
25.00832223892212,34956
25.009151697158813,34956
25.009990692138672,34956
25.01084589958191,34956
25.01171326637268,34956
25.012551069259644,34956
25.013384580612183,34956
25.014243841171265,34956
25.015090465545654,34956
25.015957355499268,34956
25.016831159591675,34956
25.01766872406006,34956
25.01854157447815,34956
25.019373893737793,34956
25.020200967788696,34956
25.02105736732483,34956
25.02191925048828,34956
25.022756099700928,34956
25.023597240447998,34956
25.024452209472656,34956
25.02532410621643,34956
25.02619171142578,34956
25.02706503868103,34956
25.02791976928711,34956
25.028778791427612,34956
25.029615879058838,34956
25.030466318130493,34956
25.03131604194641,34956
25.03217387199402,34956
25.033050537109375,34956
25.033929109573364,34956
25.03479552268982,34956
25.035621166229248,34956
25.036468982696533,34956
25.037320137023926,34956
25.03817653656006,34956
25.039056062698364,34956
25.039923429489136,34956
25.040790796279907,34956
25.041623830795288,34956
25.042464017868042,34956
25.043323516845703,34956
25.04418396949768,34956
25.04502511024475,34956
25.045868158340454,34956
25.046722888946533,34956
25.047584295272827,34956
25.048447370529175,34956
25.04928421974182,34956
25.050108909606934,34956
25.05095672607422,34956
25.051816701889038,34956
25.05269145965576,34956
25.053553342819214,34956
25.054396867752075,34956
25.055222988128662,34956
25.056058168411255,34956
25.056912422180176,34956
25.057772159576416,34956
25.058627367019653,34956
25.059470653533936,34956
25.060308933258057,34956
25.06115484237671,34956
25.06202721595764,34956
25.06286311149597,34956
25.063749074935913,34956
25.06458067893982,34956
25.06544518470764,34956
25.066280364990234,34956
25.067113161087036,34956
25.06794285774231,34956
25.068785429000854,34956
25.069624662399292,34956
25.070473194122314,34956
25.07134771347046,34956
25.072180032730103,34956
25.073011875152588,34956
25.073854446411133,34956
25.07471489906311,34956
25.075565576553345,34956
25.07640767097473,34956
25.07725214958191,34956
25.07817029953003,34956
25.079054832458496,34956
25.079917192459106,34956
25.080767154693604,34956
25.081606149673462,34956
25.082445859909058,34956
25.083293676376343,34956
25.08416438102722,34956
25.08504056930542,34956
25.085866689682007,34956
25.08671474456787,34956
25.08755111694336,34956
25.08842372894287,34956
25.089300394058228,34956
25.090166330337524,34956
25.091033697128296,34956
25.09189534187317,34956
25.092730283737183,34956
25.093579053878784,34956
25.094438314437866,34956
25.095295429229736,34956
25.09612011909485,34956
25.09697651863098,34956
25.097827434539795,34956
25.09870433807373,34956
25.099547386169434,34956
25.100380659103394,34956
25.101227521896362,34956
25.10208821296692,34956
25.102955102920532,34956
25.103825569152832,34956
25.104668855667114,34956
25.105504751205444,34956
25.106370210647583,34956
25.107229471206665,34956
25.108081579208374,34956
25.10892939567566,34956
25.109768867492676,34956
25.11063027381897,34956
25.11150574684143,34956
25.112357139587402,34956
25.113229751586914,34956
25.114109992980957,34956
25.114991903305054,34956
25.11583971977234,34956
25.116689443588257,34956
25.11754536628723,34956
25.118407011032104,34956
25.119293451309204,34956
25.120139837265015,34956
25.12098789215088,34956
25.121829748153687,34956
25.122671365737915,34956
25.123539686203003,34956
25.124367713928223,34956
25.12520718574524,34956
25.126058340072632,34956
25.126917839050293,34956
25.12776803970337,34956
25.128607511520386,34956
25.129446744918823,34956
25.130292177200317,34956
25.131148099899292,34956
25.132017612457275,34956
25.132898092269897,34956
25.133753299713135,34956
25.134615659713745,34956
25.13544774055481,34956
25.13629913330078,34956
25.13713550567627,34956
25.137994050979614,34956
25.138849020004272,34956
25.13969349861145,34956
25.140538454055786,34956
25.141393184661865,34956
25.14226508140564,34956
25.143102884292603,34956
25.143935680389404,34956
25.144770860671997,34956
25.14563274383545,34956
25.146511554718018,34956
25.147374153137207,34956
25.148197650909424,34956
25.1490318775177,34956
25.149881601333618,34956
25.150745630264282,34956
25.151580572128296,34956
25.15241575241089,34956
25.153249979019165,34956
25.154101610183716,34956
25.154956817626953,34956
25.15581202507019,34956
25.156680583953857,34956
25.15752363204956,34956
25.158357858657837,34956
25.159188985824585,34956
25.16004490852356,34956
25.16093134880066,34956
25.16182589530945,34956
25.162686109542847,34956
25.163522958755493,34956
25.164362907409668,34956
25.16521382331848,34956
25.16609501838684,34956
25.166935920715332,34956
25.167769193649292,34956
25.16861867904663,34956
25.16947364807129,34956
25.17034387588501,34956
25.171215057373047,34956
25.17204236984253,34956
25.172884941101074,34956
25.1737277507782,34956
25.174590587615967,34956
25.17546534538269,34956
25.176328659057617,34956
25.17716407775879,34956
25.178013801574707,34956
25.178858757019043,34956
25.179725170135498,34956
25.180565118789673,34956
25.18140983581543,34956
25.182255268096924,34956
25.183102130889893,34956
25.1839542388916,34956
25.184794425964355,34956
25.18563437461853,34956
25.186495304107666,34956
25.187360048294067,34956
25.18820881843567,34956
25.18908715248108,34956
25.18996286392212,34956
25.190793991088867,34956
25.191628217697144,34956
25.192469358444214,34956
25.19333028793335,34956
25.19419264793396,34956
25.19505476951599,34956
25.19589400291443,34956
25.196737051010132,34956
25.197589874267578,34956
25.198457717895508,34956
25.19933319091797,34956
25.2001793384552,34956
25.20100498199463,34956
25.20183515548706,34956
25.20269012451172,34956
25.203547954559326,34956
25.204434633255005,34956
25.20528244972229,34956
25.206110954284668,34956
25.20696496963501,34956
25.207820892333984,34956
25.208694458007812,34956
25.209564447402954,34956
25.21040439605713,34956
25.211231470108032,34956
25.212074518203735,34956
25.21293306350708,34956
25.213791847229004,34956
25.214621543884277,34956
25.215465784072876,34956
25.21632432937622,34956
25.21717929840088,34956
25.21805739402771,34956
25.218908548355103,34956
25.219752550125122,34956
25.220602989196777,34956
25.221463918685913,34956
25.222328424453735,34956
25.223154544830322,34956
25.22398591041565,34956
25.224837064743042,34956
25.225695610046387,34956
25.226550340652466,34956
25.227381706237793,34956
25.228212356567383,34956
25.22905731201172,34956
25.22991418838501,34956
25.23076319694519,34956
25.231640577316284,34956
25.232514142990112,34956
25.233351945877075,34956
25.234185457229614,34956
25.235029935836792,34956
25.23588752746582,34956
25.236781358718872,34956
25.237639665603638,34956
25.23847794532776,34956
25.239317178726196,34956
25.240152835845947,34956
25.241021394729614,34956
25.24191904067993,34956
25.242807149887085,34956
25.243654489517212,34956
25.244497537612915,34956
25.245340585708618,34956
25.246182680130005,34956
25.24706268310547,34956
25.247944355010986,34956
25.248829126358032,34956
25.24968409538269,34956
25.250511646270752,34956
25.251348733901978,34956
25.252190113067627,34956
25.253056287765503,34956
25.253949642181396,34956
25.254799365997314,34956
25.255635023117065,34956
25.25648283958435,34956
25.257330179214478,34956
25.25818634033203,34956
25.259019136428833,34956
25.259859800338745,34956
25.260709047317505,34956
25.261576652526855,34956
25.262426614761353,34956
25.263304471969604,34956
25.26416563987732,34956
25.265006065368652,34956
25.265841245651245,34956
25.2667019367218,34956
25.267558574676514,34956
25.268407821655273,34956
25.269248485565186,34956
25.270092487335205,34956
25.270944356918335,34956
25.271812200546265,34956
25.272687673568726,34956
25.273528337478638,34956
25.2743661403656,34956
25.275203227996826,34956
25.276057958602905,34956
25.276941776275635,34956
25.277822732925415,34956
25.278722286224365,34956
25.279578924179077,34956
25.280418395996094,34956
25.281254053115845,34956
25.282107830047607,34956
25.282984972000122,34956
25.283822774887085,34956
25.284656047821045,34956
25.285499572753906,34956
25.286375999450684,34956
25.28725838661194,34956
25.288126468658447,34956
25.28896403312683,34956
25.289804935455322,34956
25.290651321411133,34956
25.29151749610901,34956
25.29236102104187,34956
25.29319405555725,34956
25.29403781890869,34956
25.29490065574646,34956
25.295767545700073,34956
25.29665231704712,34956
25.297494411468506,34956
25.298325777053833,34956
25.29915714263916,34956
25.30001187324524,34956
25.30086922645569,34956
25.301713466644287,34956
25.302546501159668,34956
25.303404569625854,34956
25.30426597595215,34956
25.305142641067505,34956
25.30599880218506,34956
25.306848764419556,34956
25.30769944190979,34956
25.308558702468872,34956
25.309428453445435,34956
25.310263633728027,34956
25.311092138290405,34956
25.311930894851685,34956
25.312799215316772,34956
25.313669681549072,34956
25.314543962478638,34956
25.315439224243164,34956
25.316327333450317,34956
25.317172527313232,34956
25.31801414489746,34956
25.318856239318848,34956
25.319710969924927,34956
25.32057523727417,34956
25.32146120071411,34956
25.322325944900513,34956
25.32315945625305,34956
25.32399344444275,34956
25.3248393535614,34956
25.325693130493164,34956
25.32656955718994,34956
25.32740330696106,34956
25.328238248825073,34956
25.32909393310547,34956
25.329957962036133,34956
25.330820560455322,34956
25.331690549850464,34956
25.332520723342896,34956
25.33335542678833,34956
25.334201097488403,34956
25.33506727218628,34956
25.33594274520874,34956
25.336804151535034,34956
25.337645053863525,34956
25.338493585586548,34956
25.33934760093689,34956
25.34021258354187,34956
25.341078281402588,34956
25.341970920562744,34956
25.34282612800598,34956
25.343673944473267,34956
25.344516277313232,34956
25.345370531082153,34956
25.346231698989868,34956
25.3470618724823,34956
25.347893714904785,34956
25.34873390197754,34956
25.349600553512573,34956
25.350467681884766,34956
25.351329803466797,34956
25.352206707000732,34956
25.353047370910645,34956
25.353881359100342,34956
25.354727029800415,34956
25.355589866638184,34956
25.356470584869385,34956
25.35734987258911,34956
25.358176946640015,34956
25.359014749526978,34956
25.35986614227295,34956
25.360732078552246,34956
25.361595630645752,34956
25.362451791763306,34956
25.36328911781311,34956
25.364121675491333,34956
25.364978313446045,34956
25.36584234237671,34956
25.36672043800354,34956
25.367586374282837,34956
25.368418216705322,34956
25.369251489639282,34956
25.37009334564209,34956
25.37095546722412,34956
25.37179470062256,34956
25.37264323234558,34956
25.37348175048828,34956
25.374324560165405,34956
25.375169277191162,34956
25.37602996826172,34956
25.376870155334473,34956
25.377715349197388,34956
25.37856411933899,34956
25.379432201385498,34956
25.380307912826538,34956
25.38115692138672,34956
25.381990909576416,34956
25.382835388183594,34956
25.38368844985962,34956
25.384549379348755,34956
25.3853862285614,34956
25.386211156845093,34956
25.387077569961548,34956
25.38793396949768,34956
25.38879895210266,34956
25.389673233032227,34956
25.39055323600769,34956
25.39141058921814,34956
25.392229557037354,34956
25.393082857131958,34956
25.393924474716187,34956
25.39479684829712,34956
25.395668506622314,34956
25.396557807922363,34956
25.397408485412598,34956
25.398231744766235,34956
25.39907193183899,34956
25.399930953979492,34956
25.400801181793213,34956
25.40164613723755,34956
25.402487993240356,34956
25.40333867073059,34956
25.40420150756836,34956
25.405046701431274,34956
25.405874490737915,34956
25.40673065185547,34956
25.407584190368652,34956
25.40845274925232,34956
25.409289360046387,34956
25.410134315490723,34956
25.41096258163452,34956
25.411799430847168,34956
25.41266107559204,34956
25.41353487968445,34956
25.414411067962646,34956
25.41525101661682,34956
25.416083574295044,34956
25.41694211959839,34956
25.417799949645996,34956
25.418683528900146,34956
25.41955280303955,34956
25.420445680618286,34956
25.42128872871399,34956
25.42210626602173,34956
25.422963619232178,34956
25.423819541931152,34956
25.424694061279297,34956
25.425575256347656,34956
25.426475763320923,34956
25.427308082580566,34956
25.428133726119995,34956
25.42897391319275,34956
25.429828882217407,34956
25.430688858032227,34956
25.431514024734497,34956
25.43235969543457,34956
25.433206796646118,34956
25.434064626693726,34956
25.434940099716187,34956
25.43580198287964,34956
25.436652183532715,34956
25.437493562698364,34956
25.438344717025757,34956
25.439198970794678,34956
25.440072059631348,34956
25.44093132019043,34956
25.44176959991455,34956
25.442606687545776,34956
25.443460702896118,34956
25.444336652755737,34956
25.44516134262085,34956
25.445997714996338,34956
25.44685435295105,34956
25.44771456718445,34956
25.448587894439697,34956
25.449459552764893,34956
25.450300455093384,34956
25.45112657546997,34956
25.45198392868042,34956
25.452853679656982,34956
25.45373034477234,34956
25.45461082458496,34956
25.45549440383911,34956
25.45634365081787,34956
25.45717716217041,34956
25.458029747009277,34956
25.45888066291809,34956
25.459734678268433,34956
25.460564851760864,34956
25.46140146255493,34956
25.462260723114014,34956
25.46312403678894,34956
25.463976860046387,34956
25.46489644050598,34956
25.46575164794922,34956
25.46659779548645,34956
25.467445850372314,34956
25.468292951583862,34956
25.46914052963257,34956
25.470025539398193,34956
25.470887184143066,34956
25.47172522544861,34956
25.472577810287476,34956
25.47343683242798,34956
25.474320888519287,34956
25.475181579589844,34956
25.476019144058228,34956
25.476866245269775,34956
25.477718353271484,34956
25.478577613830566,34956
25.479435682296753,34956
25.480276584625244,34956
25.481119871139526,34956
25.48197078704834,34956
25.482844591140747,34956
25.483704566955566,34956
25.48455238342285,34956
25.485389947891235,34956
25.486228466033936,34956
25.487081050872803,34956
25.487947940826416,34956
25.48881244659424,34956
25.489660501480103,34956
25.4905002117157,34956
25.491358280181885,34956
25.49221110343933,34956
25.493070363998413,34956
25.493918657302856,34956
25.494759798049927,34956
25.495614051818848,34956
25.496490001678467,34956
25.497331857681274,34956
25.49816656112671,34956
25.499014139175415,34956
25.499874114990234,34956
25.500736236572266,34956
25.50157642364502,34956
25.50243306159973,34956
25.503285884857178,34956
25.504144430160522,34956
25.505003452301025,34956
25.505879640579224,34956
25.50678563117981,34956
25.507619619369507,34956
25.508455514907837,34956
25.509294509887695,34956
25.51015043258667,34956
25.511014699935913,34956
25.5118465423584,34956
25.51268243789673,34956
25.513532161712646,34956
25.514399528503418,34956
25.515220403671265,34956
25.516053915023804,34956
25.51690936088562,34956
25.51776909828186,34956
25.518635749816895,34956
25.519500494003296,34956
25.520379781723022,34956
25.52126717567444,34956
25.522120237350464,34956
25.52295231819153,34956
25.523791551589966,34956
25.5246422290802,34956
25.525509119033813,34956
25.526354789733887,34956
25.527181386947632,34956
25.528025150299072,34956
25.52889132499695,34956
25.529753923416138,34956
25.53060483932495,34956
25.53144884109497,34956
25.532284259796143,34956
25.533132314682007,34956
25.533993244171143,34956
25.53484559059143,34956
25.535688638687134,34956
25.536544799804688,34956
25.5373957157135,34956
25.53824496269226,34956
25.539103031158447,34956
25.539950847625732,34956
25.540785312652588,34956
25.54163908958435,34956
25.542498350143433,34956
25.543373823165894,34956
25.544201850891113,34956
25.545036554336548,34956
25.545889139175415,34956
25.546757698059082,34956
25.547629833221436,34956
25.548506259918213,34956
25.549356937408447,34956
25.550185680389404,34956
25.55101251602173,34956
25.55186104774475,34956
25.552714824676514,34956
25.553590536117554,34956
25.554478883743286,34956
25.555318117141724,34956
25.556145906448364,34956
25.55699872970581,34956
25.557857990264893,34956
25.558705806732178,34956
25.5595440864563,34956
25.5603928565979,34956
25.561251163482666,34956
25.562106370925903,34956
25.562952041625977,34956
25.563782215118408,34956
25.564630270004272,34956
25.565492153167725,34956
25.566370248794556,34956
25.56723165512085,34956
25.568068265914917,34956
25.568914890289307,34956
25.569761514663696,34956
25.570626974105835,34956
25.571487426757812,34956
25.57236361503601,34956
25.57323384284973,34956
25.57406759262085,34956
25.57491421699524,34956
25.57576274871826,34956
25.576629877090454,34956
25.577481746673584,34956
25.578324794769287,34956
25.57917094230652,34956
25.580020666122437,34956
25.58088207244873,34956
25.58174753189087,34956
25.58264446258545,34956
25.583504915237427,34956
25.58434557914734,34956
25.585188627243042,34956
25.586047887802124,34956
25.586931943893433,34956
25.587779760360718,34956
25.58862018585205,34956
25.58946943283081,34956
25.590327501296997,34956
25.591185092926025,34956
25.59205985069275,34956
25.5929217338562,34956
25.593796491622925,34956
25.59463882446289,34956
25.5954749584198,34956
25.59633231163025,34956
25.597177743911743,34956
25.59803032875061,34956
25.598857879638672,34956
25.59969472885132,34956
25.6005437374115,34956
25.60141348838806,34956
25.60226559638977,34956
25.603102207183838,34956
25.603947162628174,34956
25.604804277420044,34956
25.605677127838135,34956
25.606561183929443,34956
25.607419967651367,34956
25.60831046104431,34956
25.6091787815094,34956
25.610023975372314,34956
25.61086416244507,34956
25.61171317100525,34956
25.612581729888916,34956
25.613427877426147,34956
25.6142578125,34956
25.6150906085968,34956
25.615941047668457,34956
25.616806030273438,34956
25.61765718460083,34956
25.618499994277954,34956
25.61935329437256,34956
25.620213270187378,34956
25.62107539176941,34956
25.62194013595581,34956
25.622833013534546,34956
25.623666048049927,34956
25.624499559402466,34956
25.62534475326538,34956
25.626190423965454,34956
25.627076387405396,34956
25.627950191497803,34956
25.628796100616455,34956
25.629644870758057,34956
25.63049030303955,34956
25.631347179412842,34956
25.632221698760986,34956
25.633074522018433,34956
25.633909702301025,34956
25.634747743606567,34956
25.63560152053833,34956
25.636479377746582,34956
25.637367725372314,34956
25.63820242881775,34956
25.63902735710144,34956
25.639859199523926,34956
25.640721082687378,34956
25.641587495803833,34956
25.64246439933777,34956
25.643309354782104,34956
25.6441433429718,34956
25.644996643066406,34956
25.64584517478943,34956
25.646705865859985,34956
25.647536754608154,34956
25.64837074279785,34956
25.649210929870605,34956
25.650071144104004,34956
25.650940656661987,34956
25.6517972946167,34956
25.6526300907135,34956
25.653477668762207,34956
25.654327392578125,34956
25.655185222625732,34956
25.65605592727661,34956
25.656943798065186,34956
25.65781593322754,34956
25.65869903564453,34956
25.659541368484497,34956
25.66037940979004,34956
25.661228895187378,34956
25.6620934009552,34956
25.662936449050903,34956
25.6637704372406,34956
25.66462254524231,34956
25.665470361709595,34956
25.6663498878479,34956
25.667183876037598,34956
25.66806125640869,34956
25.668914556503296,34956
25.669747352600098,34956
25.670589447021484,34956
25.671448230743408,34956
25.672314167022705,34956
25.673140287399292,34956
25.67398738861084,34956
25.6748309135437,34956
25.67569351196289,34956
25.676568746566772,34956
25.67744016647339,34956
25.678274631500244,34956
25.679103136062622,34956
25.679952144622803,34956
25.680808544158936,34956
25.681686878204346,34956
25.682541370391846,34956
25.683384895324707,34956
25.684221506118774,34956
25.68506932258606,34956
25.6859450340271,34956
25.686782360076904,34956
25.68762516975403,34956
25.688472986221313,34956
25.68932819366455,34956
25.69018244743347,34956
25.69105052947998,34956
25.6918728351593,34956
25.692719221115112,34956
25.693559408187866,34956
25.694419145584106,34956
25.69529628753662,34956
25.696157932281494,34956
25.69703960418701,34956
25.697871923446655,34956
25.698703289031982,34956
25.699552297592163,34956
25.700413942337036,34956
25.701274633407593,34956
25.702099561691284,34956
25.7029390335083,34956
25.703787803649902,34956
25.70464301109314,34956
25.705520153045654,34956
25.706387281417847,34956
25.707204818725586,34956
25.708053588867188,34956
25.708898067474365,34956
25.70976209640503,34956
25.710633039474487,34956
25.71147608757019,34956
25.712311029434204,34956
25.7131507396698,34956
25.714013814926147,34956
25.714877367019653,34956
25.71571683883667,34956
25.716570377349854,34956
25.717422485351562,34956
25.718297004699707,34956
25.71912431716919,34956
25.7199649810791,34956
25.720804691314697,34956
25.721657752990723,34956
25.722517251968384,34956
25.72335910797119,34956
25.724225282669067,34956
25.725086212158203,34956
25.725919723510742,34956
25.72677516937256,34956
25.727625370025635,34956
25.728490829467773,34956
25.72936511039734,34956
25.730197429656982,34956
25.731024503707886,34956
25.731877326965332,34956
25.73272728919983,34956
25.73359775543213,34956
25.73444414138794,34956
25.735283136367798,34956
25.73611831665039,34956
25.736989498138428,34956
25.737863063812256,34956
25.73874568939209,34956
25.739615440368652,34956
25.740450620651245,34956
25.74128222465515,34956
25.74212646484375,34956
25.7429838180542,34956
25.74382781982422,34956
25.7446711063385,34956
25.745509386062622,34956
25.746370792388916,34956
25.747226238250732,34956
25.748100996017456,34956
25.74895191192627,34956
25.749796152114868,34956
25.750645637512207,34956
25.75150179862976,34956
25.752381563186646,34956
25.75325870513916,34956
25.75408935546875,34956
25.754924774169922,34956
25.75576949119568,34956
25.756637573242188,34956
25.757500648498535,34956
25.75833225250244,34956
25.759161949157715,34956
25.7600200176239,34956
25.760887622833252,34956
25.761722564697266,34956
25.762598276138306,34956
25.763488292694092,34956
25.764366149902344,34956
25.765196084976196,34956
25.766038417816162,34956
25.76689100265503,34956
25.76775550842285,34956
25.768600940704346,34956
25.769442081451416,34956
25.770291805267334,34956
25.771142959594727,34956
25.772021770477295,34956
25.772886991500854,34956
25.773764610290527,34956
25.77461314201355,34956
25.775452852249146,34956
25.776307344436646,34956
25.777150630950928,34956
25.778014659881592,34956
25.778852462768555,34956
25.779695987701416,34956
25.780537366867065,34956
25.78139638900757,34956
25.782270908355713,34956
25.783133506774902,34956
25.78396773338318,34956
25.78480291366577,34956
25.785649299621582,34956
25.78651762008667,34956
25.787376642227173,34956
25.78823709487915,34956
25.78907322883606,34956
25.789917945861816,34956
25.790766954421997,34956
25.79162073135376,34956
25.79245400428772,34956
25.79328203201294,34956
25.794133186340332,34956
25.79499578475952,34956
25.795877695083618,34956
25.796744346618652,34956
25.797624349594116,34956
25.798469305038452,34956
25.79930806159973,34956
25.8001389503479,34956
25.8009991645813,34956
25.801857709884644,34956
25.80269432067871,34956
25.80353546142578,34956
25.80439305305481,34956
25.805252075195312,34956
25.806081295013428,34956
25.806921005249023,34956
25.80777144432068,34956
25.80862855911255,34956
25.809486150741577,34956
25.810362815856934,34956
25.811193227767944,34956
25.812032461166382,34956
25.81287455558777,34956
25.813730001449585,34956
25.814587116241455,34956
25.8154354095459,34956
25.81629204750061,34956
25.817124843597412,34956
25.817973613739014,34956
25.818828344345093,34956
25.81969141960144,34956
25.820574522018433,34956
25.821411848068237,34956
25.82224416732788,34956
25.823084354400635,34956
25.823938131332397,34956
25.82480549812317,34956
25.825674533843994,34956
25.826570749282837,34956
25.82740616798401,34956
25.82823634147644,34956
25.829075813293457,34956
25.82994031906128,34956
25.830804586410522,34956
25.8316490650177,34956
25.832489252090454,34956
25.833329439163208,34956
25.834190845489502,34956
25.83504366874695,34956
25.835926055908203,34956
25.836794137954712,34956
25.8376202583313,34956
25.83845806121826,34956
25.839314937591553,34956
25.840163946151733,34956
25.84104871749878,34956
25.841899156570435,34956
25.842732191085815,34956
25.843572854995728,34956
25.844427585601807,34956
25.845300912857056,34956
25.846118688583374,34956
25.846965312957764,34956
25.847810745239258,34956
25.848679304122925,34956
25.849538326263428,34956
25.850417613983154,34956
25.851250886917114,34956
25.85208296775818,34956
25.852935314178467,34956
25.853800296783447,34956
25.854652404785156,34956
25.855488300323486,34956
25.856345653533936,34956
25.857192277908325,34956
25.85807991027832,34956
25.858937740325928,34956
25.859779357910156,34956
25.860613107681274,34956
25.861454486846924,34956
25.862308502197266,34956
25.86316752433777,34956
25.863999843597412,34956
25.86483860015869,34956
25.86568784713745,34956
25.86656141281128,34956
25.867435693740845,34956
25.86831569671631,34956
25.86917018890381,34956
25.87000823020935,34956
25.870856285095215,34956
25.87170910835266,34956
25.872578382492065,34956
25.87341332435608,34956
25.874248504638672,34956
25.875075817108154,34956
25.87593102455139,34956
25.87679624557495,34956
25.877631664276123,34956
25.87847399711609,34956
25.879323482513428,34956
25.880186557769775,34956
25.88101840019226,34956
25.881852865219116,34956
25.88268780708313,34956
25.88354754447937,34956
25.884398698806763,34956
25.88523578643799,34956
25.886078596115112,34956
25.886942148208618,34956
25.8877956867218,34956
25.88865303993225,34956
25.889537811279297,34956
25.89038610458374,34956
25.891268491744995,34956
25.89211630821228,34956
25.892953157424927,34956
25.89379358291626,34956
25.894647359848022,34956
25.895506858825684,34956
25.896347761154175,34956
25.89718198776245,34956
25.89803147315979,34956
25.89888858795166,34956
25.89973783493042,34956
25.90056824684143,34956
25.90141248703003,34956
25.90226697921753,34956
25.903130054473877,34956
25.90399169921875,34956
25.904860973358154,34956
25.905731678009033,34956
25.906620264053345,34956
25.90745210647583,34956
25.90829825401306,34956
25.909128427505493,34956
25.90999150276184,34956
25.91084098815918,34956
25.911673069000244,34956
25.91252303123474,34956
25.91338038444519,34956
25.91423726081848,34956
25.915096759796143,34956
25.915971517562866,34956
25.916853189468384,34956
25.91770625114441,34956
25.918542861938477,34956
25.91938829421997,34956
25.920236825942993,34956
25.921111583709717,34956
25.921976566314697,34956
25.922852039337158,34956
25.92371702194214,34956
25.92454195022583,34956
25.925382375717163,34956
25.92622685432434,34956
25.927101373672485,34956
25.927934885025024,34956
25.928768157958984,34956
25.929607629776,34956
25.930458545684814,34956
25.931318283081055,34956
25.932137489318848,34956
25.932976245880127,34956
25.933825254440308,34956
25.934693098068237,34956
25.935563325881958,34956
25.936431884765625,34956
25.937273263931274,34956
25.938103914260864,34956
25.93895196914673,34956
25.939812898635864,34956
25.940674304962158,34956
25.941524028778076,34956
25.942367553710938,34956
25.94318723678589,34956
25.9440438747406,34956
25.944908380508423,34956
25.9457426071167,34956
25.946589708328247,34956
25.94743824005127,34956
25.9483003616333,34956
25.94916605949402,34956
25.950018405914307,34956
25.95085096359253,34956
25.951679944992065,34956
25.952516555786133,34956
25.95336627960205,34956
25.954238414764404,34956
25.955119609832764,34956
25.95594549179077,34956
25.95679783821106,34956
25.957646369934082,34956
25.958510875701904,34956
25.959384202957153,34956
25.960227251052856,34956
25.961061239242554,34956
25.961905002593994,34956
25.96275782585144,34956
25.963626623153687,34956
25.96451210975647,34956
25.965360164642334,34956
25.966188669204712,34956
25.967039346694946,34956
25.967896461486816,34956
25.968764543533325,34956
25.96959662437439,34956
25.970431566238403,34956
25.97128677368164,34956
25.972145080566406,34956
25.973017930984497,34956
25.97388529777527,34956
25.974708795547485,34956
25.975548028945923,34956
25.976409435272217,34956
25.977270126342773,34956
25.978136777877808,34956
25.978999137878418,34956
25.979838609695435,34956
25.980684280395508,34956
25.981541395187378,34956
25.98240900039673,34956
25.983234167099,34956
25.984068870544434,34956
25.98491096496582,34956
25.98576784133911,34956
25.98666000366211,34956
25.987510681152344,34956
25.988345861434937,34956
25.98917531967163,34956
25.99002504348755,34956
25.990888833999634,34956
25.991737604141235,34956
25.99257254600525,34956
25.993420600891113,34956
25.99427318572998,34956
25.995128870010376,34956
25.995991706848145,34956
25.99688172340393,34956
25.99773669242859,34956
25.99858832359314,34956
25.999439239501953,34956
26.000285863876343,34956
26.00114941596985,34956
26.001981735229492,34956
26.002824783325195,34956
26.003669261932373,34956
26.004533290863037,34956
26.005386352539062,34956
26.006217002868652,34956
26.0070698261261,34956
26.007917404174805,34956
26.008781671524048,34956
26.009645223617554,34956
26.010528802871704,34956
26.011390924453735,34956
26.01225709915161,34956
26.013094425201416,34956
26.013929843902588,34956
26.014779090881348,34956
26.015636682510376,34956
26.01650834083557,34956
26.017348766326904,34956
26.018187761306763,34956
26.019036293029785,34956
26.019903421401978,34956
26.020734786987305,34956
26.021575450897217,34956
26.022422552108765,34956
26.02327299118042,34956
26.02413010597229,34956
26.02499794960022,34956
26.025831699371338,34956
26.02668523788452,34956
26.027539491653442,34956
26.028401613235474,34956
26.029268741607666,34956
26.030134201049805,34956
26.03096604347229,34956
26.031806707382202,34956
26.03266167640686,34956
26.03353214263916,34956
26.034382343292236,34956
26.0352144241333,34956
26.036051750183105,34956
26.036925077438354,34956
26.037803411483765,34956
26.038660764694214,34956
26.039541244506836,34956
26.04040765762329,34956
26.04123830795288,34956
26.04207682609558,34956
26.042928457260132,34956
26.043797254562378,34956
26.044682264328003,34956
26.045562505722046,34956
26.04643416404724,34956
26.047269821166992,34956
26.04809880256653,34956
26.048951148986816,34956
26.04981303215027,34956
26.05064606666565,34956
26.05148720741272,34956
26.052329778671265,34956
26.053189754486084,34956
26.05406618118286,34956
26.054933547973633,34956
26.055770874023438,34956
26.05661702156067,34956
26.057464361190796,34956
26.058321714401245,34956
26.059194803237915,34956
26.06004762649536,34956
26.060877084732056,34956
26.061725854873657,34956
26.06257724761963,34956
26.063445806503296,34956
26.064302921295166,34956
26.06479787826538,34956
26.06528663635254,34956
26.06578016281128,34956
26.066285133361816,34956
26.066768646240234,34956
26.067264080047607,34956
26.0677490234375,34956
26.06822180747986,34956
26.06872797012329,34956
26.06920099258423,34956
26.069698810577393,34956
26.0701847076416,34956
26.070683240890503,34956
26.07115602493286,34956
26.071651458740234,34956
26.072131872177124,34956
26.072638511657715,34956
26.073126316070557,34956
26.073607921600342,34956
26.074085474014282,34956
26.074575662612915,34956
26.075050115585327,34956
26.075551509857178,34956
26.076030731201172,34956
26.076534271240234,34956
26.07702112197876,34956
26.077513456344604,34956
26.077998399734497,34956
26.078481912612915,34956
26.078965663909912,34956
26.079464197158813,34956
26.079952716827393,34956
26.080448389053345,34956
26.080942153930664,34956
26.081437587738037,34956
26.081921339035034,34956
26.08241057395935,34956
26.082891941070557,34956
26.083382844924927,34956
26.083868980407715,34956
26.084356784820557,34956
26.084842920303345,34956
26.085330963134766,34956
26.085827112197876,34956
26.086320638656616,34956
26.086802005767822,34956
26.087286949157715,34956
26.08777356147766,34956
26.088266611099243,34956
26.088753700256348,34956
26.089231729507446,34956
26.089717388153076,34956
26.09020686149597,34956
26.090879678726196,34956
26.091369152069092,34956
26.091858863830566,34956
26.09235143661499,34956
26.09282922744751,34956
26.093345642089844,34956
26.093834400177002,34956
26.094335556030273,34956
26.09482979774475,34956
26.095332145690918,34956
26.095816373825073,34956
26.096322059631348,34956
26.096807718276978,34956
26.097289323806763,34956
26.09777855873108,34956
26.098265647888184,34956
26.09874677658081,34956
26.0992431640625,34956
26.099729299545288,34956
26.10021734237671,34956
26.10071635246277,34956
26.101206064224243,34956
26.101694583892822,34956
26.1021831035614,34956
26.10270094871521,34956
26.103195428848267,34956
26.103698253631592,34956
26.104180812835693,34956
26.104679822921753,34956
26.105173349380493,34956
26.10567569732666,34956
26.10615849494934,34956
26.106663942337036,34956
26.107155323028564,34956
26.107650995254517,34956
26.108134031295776,34956
26.108630180358887,34956
26.109119176864624,34956
26.109612703323364,34956
26.110094785690308,34956
26.110586881637573,34956
26.11106848716736,34956
26.111560344696045,34956
26.11204957962036,34956
26.112538814544678,34956
26.113023042678833,34956
26.11351466178894,34956
26.11399221420288,34956
26.114479303359985,34956
26.114963054656982,34956
26.11546540260315,34956
26.115952253341675,34956
26.1164448261261,34956
26.11692762374878,34956
26.11742091178894,34956
26.11790680885315,34956
26.11838698387146,34956
26.11886978149414,34956
26.11936068534851,34956
26.119847297668457,34956
26.12034320831299,34956
26.120836973190308,34956
26.121335983276367,34956
26.12181854248047,34956
26.122302055358887,34956
26.122791051864624,34956
26.123270511627197,34956
26.123765230178833,34956
26.124264240264893,34956
26.124757528305054,34956
26.125231981277466,34956
26.125734567642212,34956
26.12621760368347,34956
26.12672710418701,34956
26.12721872329712,34956
26.127707481384277,34956
26.128190517425537,34956
26.12868356704712,34956
26.129167795181274,34956
26.12966513633728,34956
26.13015580177307,34956
26.13065218925476,34956
26.131135940551758,34956
26.131634950637817,34956
26.132116079330444,34956
26.132615327835083,34956
26.133097648620605,34956
26.133578538894653,34956
26.13405966758728,34956
26.134551763534546,34956
26.135034322738647,34956
26.135528087615967,34956
26.136011362075806,34956
26.136520624160767,34956
26.13700795173645,34956
26.137497425079346,34956
26.137983798980713,34956
26.138477087020874,34956
26.138951063156128,34956
26.13944363594055,34956
26.139923572540283,34956
26.140416383743286,34956
26.140904426574707,34956
26.141393899917603,34956
26.1418776512146,34956
26.142374277114868,34956
26.142868280410767,34956
26.143365144729614,34956
26.14384412765503,34956
26.144330739974976,34956
26.14481496810913,34956
26.14531135559082,34956
26.14580535888672,34956
26.146310567855835,34956
26.146803855895996,34956
26.14729881286621,34956
26.14779281616211,34956
26.14828610420227,34956
26.148778676986694,34956
26.14926815032959,34956
26.14975666999817,34956
26.150237560272217,34956
26.15073871612549,34956
26.15121841430664,34956
26.15170645713806,34956
26.1521999835968,34956
26.1526882648468,34956
26.153162002563477,34956
26.153650760650635,34956
26.154132604599,34956
26.15463161468506,34956
26.15511918067932,34956
26.15561604499817,34956
26.156102180480957,34956
26.1566162109375,34956
26.15710973739624,34956
26.157607793807983,34956
26.158088445663452,34956
26.158576488494873,34956
26.15906524658203,34956
26.159555196762085,34956
26.160048007965088,34956
26.16054654121399,34956
26.16102623939514,34956
26.16152262687683,34956
26.161998987197876,34956
26.1624915599823,34956
26.16297435760498,34956
26.163469076156616,34956
26.163954734802246,34956
26.16444683074951,34956
26.16493511199951,34956
26.165423154830933,34956
26.16591477394104,34956
26.166409969329834,34956
26.1668918132782,34956
26.167391300201416,34956
26.16787075996399,34956
26.168365240097046,34956
26.16885495185852,34956
26.169341564178467,34956
26.169826984405518,34956
26.17031955718994,34956
26.170798778533936,34956
26.171289682388306,34956
26.171770572662354,34956
26.172266483306885,34956
26.172754526138306,34956
26.173248291015625,34956
26.173736333847046,34956
26.174224615097046,34956
26.174723625183105,34956
26.175212860107422,34956
26.175713539123535,34956
26.176199197769165,34956
26.17670178413391,34956
26.177191734313965,34956
26.177683115005493,34956
26.178171396255493,34956
26.178669452667236,34956
26.179160356521606,34956
26.179662942886353,34956
26.18014144897461,34956
26.180638313293457,34956
26.181124687194824,34956
26.181621313095093,34956
26.18209457397461,34956
26.182587146759033,34956
26.18306851387024,34956
26.183568000793457,34956
26.18405842781067,34956
26.184555292129517,34956
26.185041427612305,34956
26.185534715652466,34956
26.186022520065308,34956
26.18652653694153,34956
26.187010765075684,34956
26.187506675720215,34956
26.18797993659973,34956
26.18847107887268,34956
26.18895673751831,34956
26.18945813179016,34956
26.189940214157104,34956
26.190430879592896,34956
26.190916538238525,34956
26.191414833068848,34956
26.191893577575684,34956
26.192387104034424,34956
26.192862510681152,34956
26.193354845046997,34956
26.1938419342041,34956
26.19434142112732,34956
26.19482421875,34956
26.19532537460327,34956
26.195804595947266,34956
26.196303367614746,34956
26.196791410446167,34956
26.197288990020752,34956
26.197773694992065,34956
26.198259115219116,34956
26.198753595352173,34956
26.19923710823059,34956
26.199737071990967,34956
26.200223922729492,34956
26.200710773468018,34956
26.201201915740967,34956
26.201703310012817,34956
26.20218586921692,34956
26.202688694000244,34956
26.203179836273193,34956
26.203673362731934,34956
26.204161882400513,34956
26.204662322998047,34956
26.20514464378357,34956
26.205636024475098,34956
26.206125736236572,34956
26.20665192604065,34956
26.20713782310486,34956
26.207627296447754,34956
26.20811629295349,34956
26.208612203598022,34956
26.209095239639282,34956
26.209596872329712,34956
26.210081815719604,34956
26.210577487945557,34956
26.211066007614136,34956
26.21156334877014,34956
26.21204948425293,34956
26.21254563331604,34956
26.213033199310303,34956
26.213530778884888,34956
26.214017152786255,34956
26.214518547058105,34956
26.214996576309204,34956
26.21548843383789,34956
26.215975761413574,34956
26.216488361358643,34956
26.216976165771484,34956
26.21748185157776,34956
26.217969179153442,34956
26.21846628189087,34956
26.218953132629395,34956
26.21943998336792,34956
26.219929933547974,34956
26.22042155265808,34956
26.220909357070923,34956
26.221408128738403,34956
26.22190022468567,34956
26.222398281097412,34956
26.222883939743042,34956
26.22338032722473,34956
26.223860502243042,34956
26.224355459213257,34956
26.224847555160522,34956
26.225345611572266,34956
26.225836753845215,34956
26.22633671760559,34956
26.226821899414062,34956
26.227324724197388,34956
26.22781205177307,34956
26.2283034324646,34956
26.22879719734192,34956
26.229287147521973,34956
26.229772329330444,34956
26.23026132583618,34956
26.230743169784546,34956
26.23123335838318,34956
26.231720685958862,34956
26.2322096824646,34956
26.232704401016235,34956
26.233188152313232,34956
26.233681440353394,34956
26.23416519165039,34956
26.234657287597656,34956
26.23514413833618,34956
26.2356379032135,34956
26.23612904548645,34956
26.236637830734253,34956
26.237120389938354,34956
26.23761010169983,34956
26.238094568252563,34956
26.23857808113098,34956
26.239060401916504,34956
26.239563703536987,34956
26.240056037902832,34956
26.240554332733154,34956
26.241044521331787,34956
26.241544246673584,34956
26.24201774597168,34956
26.242511987686157,34956
26.24299383163452,34956
26.243495225906372,34956
26.243983268737793,34956
26.24448037147522,34956
26.24496102333069,34956
26.24545907974243,34956
26.245939016342163,34956
26.24644708633423,34956
26.246930360794067,34956
26.24741768836975,34956
26.247907161712646,34956
26.248397827148438,34956
26.248876094818115,34956
26.249366521835327,34956
26.249861240386963,34956
26.250364303588867,34956
26.25085186958313,34956
26.25134253501892,34956
26.251829147338867,34956
26.252326011657715,34956
26.252816677093506,34956
26.253304719924927,34956
26.25379729270935,34956
26.254301071166992,34956
26.25478720664978,34956
26.25528573989868,34956
26.255770921707153,34956
26.256261825561523,34956
26.25675392150879,34956
26.257238149642944,34956
26.257719039916992,34956
26.258203983306885,34956
26.258697986602783,34956
26.259180545806885,34956
26.259671211242676,34956
26.260154008865356,34956
26.26064372062683,34956
26.261129140853882,34956
26.26162552833557,34956
26.262109994888306,34956
26.262606859207153,34956
26.263096809387207,34956
26.263590335845947,34956
26.26407527923584,34956
26.264575004577637,34956
26.265058994293213,34956
26.26555347442627,34956
26.266035079956055,34956
26.266545057296753,34956
26.26702904701233,34956
26.26752209663391,34956
26.268007040023804,34956
26.26850461959839,34956
26.26898431777954,34956
26.269479513168335,34956
26.269959449768066,34956
26.270452976226807,34956
26.27094340324402,34956
26.27144479751587,34956
26.271929264068604,34956
26.27242374420166,34956
26.272910118103027,34956
26.273398876190186,34956
26.273885011672974,34956
26.274380683898926,34956
26.274869680404663,34956
26.275365829467773,34956
26.275853157043457,34956
26.276347637176514,34956
26.27683186531067,34956
26.27732539176941,34956
26.277809381484985,34956
26.27829360961914,34956
26.278781175613403,34956
26.279272317886353,34956
26.27975606918335,34956
26.280253648757935,34956
26.280742406845093,34956
26.281238317489624,34956
26.281728267669678,34956
26.282217502593994,34956
26.282700061798096,34956
26.283186674118042,34956
26.283690929412842,34956
26.284176111221313,34956
26.284658670425415,34956
26.285143613815308,34956
26.285642623901367,34956
26.286122798919678,34956
26.286624670028687,34956
26.287106037139893,34956
26.287598848342896,34956
26.288091897964478,34956
26.28858733177185,34956
26.289063692092896,34956
26.289557456970215,34956
26.290045976638794,34956
26.290544748306274,34956
26.291027784347534,34956
26.291547775268555,34956
26.292036294937134,34956
26.292524814605713,34956
26.293009281158447,34956
26.293500423431396,34956
26.293984413146973,34956
26.29451012611389,34956
26.294995546340942,34956
26.295496940612793,34956
26.29597020149231,34956
26.296472311019897,34956
26.29695773124695,34956
26.297463178634644,34956
26.297953844070435,34956
26.298450708389282,34956
26.298934936523438,34956
26.299423694610596,34956
26.299910068511963,34956
26.300401210784912,34956
26.300892114639282,34956
26.30137324333191,34956
26.301864862442017,34956
26.302356719970703,34956
26.302844524383545,34956
26.303343057632446,34956
26.3038387298584,34956
26.304330587387085,34956
26.3048095703125,34956
26.305299758911133,34956
26.305782794952393,34956
26.306281805038452,34956
26.30676555633545,34956
26.30724549293518,34956
26.307739973068237,34956
26.30823016166687,34956
26.308717489242554,34956
26.30920124053955,34956
26.309693336486816,34956
26.310184478759766,34956
26.310685634613037,34956
26.31117582321167,34956
26.311666011810303,34956
26.312146186828613,34956
26.312641620635986,34956
26.313128232955933,34956
26.313626289367676,34956
26.31410551071167,34956
26.31459903717041,34956
26.31508493423462,34956
26.315574169158936,34956
26.316057920455933,34956
26.3165602684021,34956
26.317043781280518,34956
26.317546844482422,34956
26.318035364151,34956
26.31852388381958,34956
26.319010496139526,34956
26.31951332092285,34956
26.320002794265747,34956
26.320499658584595,34956
26.320980310440063,34956
26.321481704711914,34956
26.321959733963013,34956
26.322449445724487,34956
26.322930574417114,34956
26.32342290878296,34956
26.323909759521484,34956
26.324407815933228,34956
26.324883460998535,34956
26.325380086898804,34956
26.325854778289795,34956
26.326357126235962,34956
26.326841831207275,34956
26.327335834503174,34956
26.327826023101807,34956
26.32831621170044,34956
26.328799724578857,34956
26.329286098480225,34956
26.329766273498535,34956
26.330260038375854,34956
26.33075189590454,34956
26.331247806549072,34956
26.331732034683228,34956
26.332210063934326,34956
26.332700490951538,34956
26.333176612854004,34956
26.33366632461548,34956
26.334145307540894,34956
26.33464026451111,34956
26.335126161575317,34956
26.335615396499634,34956
26.336097717285156,34956
26.336610078811646,34956
26.337092638015747,34956
26.337594509124756,34956
26.338083744049072,34956
26.338579177856445,34956
26.339064359664917,34956
26.339561939239502,34956
26.340043306350708,34956
26.340545654296875,34956
26.34102487564087,34956
26.341528177261353,34956
26.34201669692993,34956
26.34250020980835,34956
26.34299397468567,34956
26.343489170074463,34956
26.343961715698242,34956
26.34445548057556,34956
26.344943523406982,34956
26.345431804656982,34956
26.34591841697693,34956
26.34641170501709,34956
26.34689211845398,34956
26.347380876541138,34956
26.34786081314087,34956
26.348354816436768,34956
26.34884262084961,34956
26.349334478378296,34956
26.349819898605347,34956
26.35031270980835,34956
26.35079526901245,34956
26.351285934448242,34956
26.351775407791138,34956
26.352267026901245,34956
26.352757692337036,34956
26.353248834609985,34956
26.35374093055725,34956
26.354220628738403,34956
26.354710578918457,34956
26.35519242286682,34956
26.355684280395508,34956
26.35616946220398,34956
26.3566677570343,34956
26.35715079307556,34956
26.357646703720093,34956
26.35814356803894,34956
26.358626127243042,34956
26.35911512374878,34956
26.35961127281189,34956
26.360094785690308,34956
26.36059284210205,34956
26.361083507537842,34956
26.361579656600952,34956
26.362069368362427,34956
26.362565755844116,34956
26.363040447235107,34956
26.363539695739746,34956
26.364025592803955,34956
26.364518404006958,34956
26.364999771118164,34956
26.36549186706543,34956
26.36598014831543,34956
26.36648416519165,34956
26.366963386535645,34956
26.367446422576904,34956
26.367933750152588,34956
26.368419408798218,34956
26.36890983581543,34956
26.36940026283264,34956
26.36988878250122,34956
26.370381116867065,34956
26.370864391326904,34956
26.371350049972534,34956
26.37184190750122,34956
26.372334241867065,34956
26.372827768325806,34956
26.373316049575806,34956
26.373796224594116,34956
26.374276399612427,34956
26.37476944923401,34956
26.375258684158325,34956
26.375744819641113,34956
26.376225471496582,34956
26.376714944839478,34956
26.377198219299316,34956
26.377687692642212,34956
26.378166437149048,34956
26.378652811050415,34956
26.379135370254517,34956
26.379631280899048,34956
26.380112648010254,34956
26.38060188293457,34956
26.381089448928833,34956
26.381582736968994,34956
26.382070302963257,34956
26.382561683654785,34956
26.383049249649048,34956
26.383540630340576,34956
26.38402795791626,34956
26.38452172279358,34956
26.38500738143921,34956
26.385496616363525,34956
26.3859760761261,34956
26.38649272918701,34956
26.386977910995483,34956
26.387460947036743,34956
26.38794469833374,34956
26.388431310653687,34956
26.388913869857788,34956
26.38939356803894,34956
26.38987374305725,34956
26.390371084213257,34956
26.390856504440308,34956
26.39135217666626,34956
26.391833782196045,34956
26.3923237323761,34956
26.392813205718994,34956
26.393307209014893,34956
26.393781900405884,34956
26.39426875114441,34956
26.394764184951782,34956
26.395254611968994,34956
26.395750761032104,34956
26.39623761177063,34956
26.396738290786743,34956
26.397226333618164,34956
26.397716999053955,34956
26.398200750350952,34956
26.398688077926636,34956
26.39917492866516,34956
26.39967393875122,34956
26.4001624584198,34956
26.40066170692444,34956
26.4011492729187,34956
26.401647090911865,34956
26.402129650115967,34956
26.4026198387146,34956
26.403110027313232,34956
26.40360140800476,34956
26.40408182144165,34956
26.40457534790039,34956
26.405059337615967,34956
26.40555763244629,34956
26.406036376953125,34956
26.406538009643555,34956
26.40701913833618,34956
26.407516717910767,34956
26.407997608184814,34956
26.40848731994629,34956
26.40897488594055,34956
26.40946364402771,34956
26.409947633743286,34956
26.41043472290039,34956
26.410922050476074,34956
26.411417245864868,34956
26.41189408302307,34956
26.41238784790039,34956
26.41287136077881,34956
26.41336441040039,34956
26.413845777511597,34956
26.414339303970337,34956
26.41483163833618,34956
26.4153311252594,34956
26.415812969207764,34956
26.416303634643555,34956
26.416786432266235,34956
26.417274951934814,34956
26.417767763137817,34956
26.41826367378235,34956
26.418746948242188,34956
26.419236660003662,34956
26.419727087020874,34956
26.420204639434814,34956
26.420695066452026,34956
26.421175718307495,34956
26.421665906906128,34956
26.42214059829712,34956
26.422630071640015,34956
26.423120975494385,34956
26.42361831665039,34956
26.42409896850586,34956
26.424582958221436,34956
26.425062894821167,34956
26.425554752349854,34956
26.426033973693848,34956
26.42654585838318,34956
26.427032709121704,34956
26.42752170562744,34956
26.427994966506958,34956
26.428481817245483,34956
26.428970098495483,34956
26.42945170402527,34956
26.42994499206543,34956
26.430428743362427,34956
26.43090796470642,34956
26.43140721321106,34956
26.431882619857788,34956
26.43237066268921,34956
26.43285322189331,34956
26.43334436416626,34956
26.433825731277466,34956
26.43432593345642,34956
26.43481183052063,34956
26.435325622558594,34956
26.435811281204224,34956
26.436312913894653,34956
26.43679428100586,34956
26.437288999557495,34956
26.43777847290039,34956
26.438278436660767,34956
26.438769817352295,34956
26.439261436462402,34956
26.439741611480713,34956
26.440220832824707,34956
26.4407160282135,34956
26.441197156906128,34956
26.44168472290039,34956
26.442173719406128,34956
26.442663431167603,34956
26.443149089813232,34956
26.443641185760498,34956
26.444129705429077,34956
26.444616317749023,34956
26.445096969604492,34956
26.44559669494629,34956
26.446078062057495,34956
26.44658088684082,34956
26.447060108184814,34956
26.447547435760498,34956
26.448020935058594,34956
26.44853377342224,34956
26.449012517929077,34956
26.449512720108032,34956
26.450000286102295,34956
26.450489282608032,34956
26.4509699344635,34956
26.45147442817688,34956
26.45196294784546,34956
26.45246148109436,34956
26.45295238494873,34956
26.453437566757202,34956
26.453921794891357,34956
26.45441222190857,34956
26.45490026473999,34956
26.455403089523315,34956
26.455888032913208,34956
26.456382751464844,34956
26.456868410110474,34956
26.45736050605774,34956
26.457853317260742,34956
26.458351612091064,34956
26.458826303482056,34956
26.459319353103638,34956
26.459805250167847,34956
26.460296392440796,34956
26.46078062057495,34956
26.461261749267578,34956
26.4617440700531,34956
26.462229013442993,34956
26.462726354599,34956
26.46321702003479,34956
26.463713884353638,34956
26.46420407295227,34956
26.46469783782959,34956
26.46518349647522,34956
26.465675354003906,34956
26.466163873672485,34956
26.46666121482849,34956
26.467139959335327,34956
26.467625856399536,34956
26.4681077003479,34956
26.4685959815979,34956
26.469069242477417,34956
26.469566583633423,34956
26.470052003860474,34956
26.47055220603943,34956
26.471039533615112,34956
26.471540689468384,34956
26.47202730178833,34956
26.4725399017334,34956
26.473029136657715,34956
26.47352647781372,34956
26.474009037017822,34956
26.474504232406616,34956
26.474988222122192,34956
26.475475788116455,34956
26.47594976425171,34956
26.47645664215088,34956
26.476948022842407,34956
26.47743320465088,34956
26.477916479110718,34956
26.47840714454651,34956
26.4788875579834,34956
26.4793803691864,34956
26.47986674308777,34956
26.48035764694214,34956
26.48084545135498,34956
26.481335639953613,34956
26.481818199157715,34956
26.482303619384766,34956
26.482797145843506,34956
26.483282804489136,34956
26.483771085739136,34956
26.48425841331482,34956
26.484748601913452,34956
26.485233783721924,34956
26.4860737323761,34956
26.486919164657593,34956
26.487759351730347,34956
26.48859190940857,34956
26.489378213882446,34956
26.489858865737915,34956
26.490355730056763,34956
26.490839958190918,34956
26.491342544555664,34956
26.491820812225342,34956
26.492308378219604,34956
26.492799043655396,34956
26.493303298950195,34956
26.49378275871277,34956
26.494271755218506,34956
26.49476170539856,34956
26.495254278182983,34956
26.495744466781616,34956
26.496227502822876,34956
26.49672818183899,34956
26.4972140789032,34956
26.497716903686523,34956
26.49819779396057,34956
26.498697996139526,34956
26.499191284179688,34956
26.499687671661377,34956
26.500177145004272,34956
26.500668048858643,34956
26.50115418434143,34956
26.501967668533325,34956
26.50281524658203,34956
26.50366187095642,34956
26.50451135635376,34956
26.505353212356567,34956
26.506187200546265,34956
26.507025241851807,34956
26.507871389389038,34956
26.50870966911316,34956
26.50954794883728,34956
26.510384798049927,34956
26.51123595237732,34956
26.51209020614624,34956
26.512922048568726,34956
26.5137779712677,34956
26.51461148262024,34956
26.515462398529053,34956
26.516291856765747,34956
26.517134189605713,34956
26.51795983314514,34956
26.518815279006958,34956
26.519651412963867,34956
26.520509243011475,34956
26.52137279510498,34956
26.522186756134033,34956
26.523046255111694,34956
26.523881912231445,34956
26.524733543395996,34956
26.52555751800537,34956
26.526402473449707,34956
26.527233362197876,34956
26.52808141708374,34956
26.528920650482178,34956
26.529768705368042,34956
26.530627489089966,34956
26.531462907791138,34956
26.532312631607056,34956
26.533125400543213,34956
26.533977270126343,34956
26.534812450408936,34956
26.535654306411743,34956
26.53649139404297,34956
26.537347078323364,34956
26.538183212280273,34956
26.53901720046997,34956
26.539871215820312,34956
26.540705919265747,34956
26.541553258895874,34956
26.542386770248413,34956
26.54322624206543,34956
26.544065475463867,34956
26.544899940490723,34956
26.545736074447632,34956
26.5465989112854,34956
26.54744791984558,34956
26.54828119277954,34956
26.549134492874146,34956
26.54996132850647,34956
26.550804376602173,34956
26.551628589630127,34956
26.552468299865723,34956
26.553293466567993,34956
26.55413246154785,34956
26.55496573448181,34956
26.55581521987915,34956
26.556671857833862,34956
26.5575008392334,34956
26.55836248397827,34956
26.559178352355957,34956
26.560025453567505,34956
26.560861587524414,34956
26.56169819831848,34956
26.56252884864807,34956
26.563380479812622,34956
26.56422472000122,34956
26.565063953399658,34956
26.565927743911743,34956
26.566768407821655,34956
26.567612171173096,34956
26.568436861038208,34956
26.569288969039917,34956
26.570117712020874,34956
26.570958375930786,34956
26.571789979934692,34956
26.572648286819458,34956
26.573495149612427,34956
26.574334621429443,34956
26.57518196105957,34956
26.576016426086426,34956
26.576884508132935,34956
26.577698945999146,34956
26.57854986190796,34956
26.57939052581787,34956
26.5802321434021,34956
26.581071853637695,34956
26.581918478012085,34956
26.582770347595215,34956
26.58360195159912,34956
26.58446192741394,34956
26.58529782295227,34956
26.586138010025024,34956
26.586982250213623,34956
26.587822198867798,34956
26.58865189552307,34956
26.58950161933899,34956
26.59034776687622,34956
26.59118962287903,34956
26.59203577041626,34956
26.592873334884644,34956
26.593722820281982,34956
26.594544887542725,34956
26.59539484977722,34956
26.596211433410645,34956
26.59707474708557,34956
26.597909688949585,34956
26.59876847267151,34956
26.59962248802185,34956
26.600459337234497,34956
26.601309299468994,34956
26.602139234542847,34956
26.602989435195923,34956
26.60380792617798,34956
26.60465908050537,34956
26.605493307113647,34956
26.60635781288147,34956
26.60718607902527,34956
26.608044147491455,34956
26.608890056610107,34956
26.60972762107849,34956
26.610586404800415,34956
26.611427307128906,34956
26.6122887134552,34956
26.613111972808838,34956
26.613963842391968,34956
26.614797115325928,34956
26.615657091140747,34956
26.616517782211304,34956
26.617352962493896,34956
26.6182062625885,34956
26.619036197662354,34956
26.619882106781006,34956
26.620721578598022,34956
26.621575832366943,34956
26.62240219116211,34956
26.623244524002075,34956
26.624078273773193,34956
26.62492537498474,34956
26.625782251358032,34956
26.626617193222046,34956
26.627480268478394,34956
26.628318786621094,34956
26.629175424575806,34956
26.63002038002014,34956
26.630863428115845,34956
26.631694316864014,34956
26.6325523853302,34956
26.6334068775177,34956
26.634230136871338,34956
26.635080814361572,34956
26.635920524597168,34956
26.63677716255188,34956
26.637606143951416,34956
26.638463258743286,34956
26.639278888702393,34956
26.64011788368225,34956
26.64095115661621,34956
26.641806840896606,34956
26.64266347885132,34956
26.643492221832275,34956
26.644339561462402,34956
26.64517641067505,34956
26.646042823791504,34956
26.646881818771362,34956
26.647722482681274,34956
26.648552656173706,34956
26.64940857887268,34956
26.650253772735596,34956
26.651087760925293,34956
26.651944637298584,34956
26.652777194976807,34956
26.653626441955566,34956
26.654448986053467,34956
26.655296802520752,34956
26.6561176776886,34956
26.65697717666626,34956
26.6578209400177,34956
26.658671855926514,34956
26.659528732299805,34956
26.660354137420654,34956
26.661203384399414,34956
26.662018299102783,34956
26.66286849975586,34956
26.663698196411133,34956
26.664531707763672,34956
26.665370225906372,34956
26.66620683670044,34956
26.667052030563354,34956
26.667900323867798,34956
26.668754816055298,34956
26.669586896896362,34956
26.670434951782227,34956
26.671252965927124,34956
26.6720929145813,34956
26.672919750213623,34956
26.673767566680908,34956
26.674590349197388,34956
26.675450801849365,34956
26.676298141479492,34956
26.67714023590088,34956
26.677998542785645,34956
26.678826332092285,34956
26.679685831069946,34956
26.680522680282593,34956
26.68138289451599,34956
26.682215213775635,34956
26.683053970336914,34956
26.68388557434082,34956
26.684739589691162,34956
26.685598373413086,34956
26.68644380569458,34956
26.687297105789185,34956
26.68812322616577,34956
26.688979864120483,34956
26.689800262451172,34956
26.69064998626709,34956
26.691487312316895,34956
26.69233465194702,34956
26.693159818649292,34956
26.69401478767395,34956
26.69486427307129,34956
26.695697784423828,34956
26.69655966758728,34956
26.697375774383545,34956
26.698235273361206,34956
26.69905662536621,34956
26.699916124343872,34956
26.700738191604614,34956
26.701581239700317,34956
26.70241141319275,34956
26.70326852798462,34956
26.70411968231201,34956
26.7049458026886,34956
26.705808639526367,34956
26.70665693283081,34956
26.707520961761475,34956
26.708365440368652,34956
26.70919704437256,34956
26.710028409957886,34956
26.71088409423828,34956
26.71173596382141,34956
26.712570905685425,34956
26.713425874710083,34956
26.714256286621094,34956
26.715102672576904,34956
26.715919971466064,34956
26.71677875518799,34956
26.717622995376587,34956
26.718467712402344,34956
26.71931552886963,34956
26.72015380859375,34956
26.721012830734253,34956
26.721838235855103,34956
26.722700119018555,34956
26.723539113998413,34956
26.724399089813232,34956
26.725223302841187,34956
26.72606110572815,34956
26.726898431777954,34956
26.727762699127197,34956
26.728617906570435,34956
26.72944951057434,34956
26.730305433273315,34956
26.731128931045532,34956
26.731979608535767,34956
26.732804536819458,34956
26.73364543914795,34956
26.734475135803223,34956
26.73532509803772,34956
26.736156225204468,34956
26.73701572418213,34956
26.737879753112793,34956
26.73870539665222,34956
26.739565134048462,34956
26.740410566329956,34956
26.7412531375885,34956
26.74206829071045,34956
26.742924690246582,34956
26.743739128112793,34956
26.744584560394287,34956
26.745427131652832,34956
26.74629282951355,34956
26.747135877609253,34956
26.747973680496216,34956
26.74881649017334,34956
26.749640226364136,34956
26.750488996505737,34956
26.751325130462646,34956
26.752156496047974,34956
26.75299572944641,34956
26.75385046005249,34956
26.754695177078247,34956
26.75553607940674,34956
26.75639772415161,34956
26.75722026824951,34956
26.75806474685669,34956
26.758899688720703,34956
26.759740114212036,34956
26.760570287704468,34956
26.761415481567383,34956
26.762245416641235,34956
26.763098001480103,34956
26.763951539993286,34956
26.764782428741455,34956
26.765640020370483,34956
26.766488313674927,34956
26.767343759536743,34956
26.768160820007324,34956
26.768997192382812,34956
26.769835472106934,34956
26.770690441131592,34956
26.77153182029724,34956
26.772375345230103,34956
26.773226737976074,34956
26.77405619621277,34956
26.774919509887695,34956
26.775739192962646,34956
26.776593923568726,34956
26.777422189712524,34956
26.778280019760132,34956
26.77908992767334,34956
26.779930114746094,34956
26.780773162841797,34956
26.78162145614624,34956
26.782469272613525,34956
26.783306121826172,34956
26.78414487838745,34956
26.784971952438354,34956
26.785821676254272,34956
26.78666090965271,34956
26.787498950958252,34956
26.788336277008057,34956
26.78918194770813,34956
26.790027856826782,34956
26.79086709022522,34956
26.791719436645508,34956
26.792548894882202,34956
26.793415784835815,34956
26.794220447540283,34956
26.79506754875183,34956
26.795902729034424,34956
26.79675841331482,34956
26.79759454727173,34956
26.79844832420349,34956
26.799301862716675,34956
26.80012321472168,34956
26.80098795890808,34956
26.801818370819092,34956
26.80265998840332,34956
26.803491830825806,34956
26.80433702468872,34956
26.805169105529785,34956
26.806017875671387,34956
26.806877613067627,34956
26.807716131210327,34956
26.808569192886353,34956
26.80940294265747,34956
26.810251712799072,34956
26.811064958572388,34956
26.81191396713257,34956
26.812747955322266,34956
26.813588857650757,34956
26.814424753189087,34956
26.815273761749268,34956
26.816102027893066,34956
26.816956520080566,34956
26.817814588546753,34956
26.818648099899292,34956
26.819490432739258,34956
26.82031226158142,34956
26.821154594421387,34956
26.82199501991272,34956
26.822840690612793,34956
26.823676347732544,34956
26.82453179359436,34956
26.82539653778076,34956
26.826212882995605,34956
26.827078819274902,34956
26.827918767929077,34956
26.828773021697998,34956
26.829588651657104,34956
26.830443620681763,34956
26.831265926361084,34956
26.83210563659668,34956
26.832947254180908,34956
26.833792448043823,34956
26.83464288711548,34956
26.83547878265381,34956
26.836333990097046,34956
26.83715295791626,34956
26.83799982070923,34956
26.83883023262024,34956
26.83967137336731,34956
26.840503454208374,34956
26.84135937690735,34956
26.84220838546753,34956
26.8430392742157,34956
26.84389567375183,34956
26.844728231430054,34956
26.845574378967285,34956
26.846410512924194,34956
26.84726047515869,34956
26.84808897972107,34956
26.848937511444092,34956
26.849769592285156,34956
26.85062313079834,34956
26.851482152938843,34956
26.85230779647827,34956
26.853156089782715,34956
26.854002237319946,34956
26.85486078262329,34956
26.85567879676819,34956
26.856520891189575,34956
26.857348918914795,34956
26.85819935798645,34956
26.859047174453735,34956
26.859885931015015,34956
26.860750198364258,34956
26.861579656600952,34956
26.862427711486816,34956
26.8632550239563,34956
26.864099740982056,34956
26.864933967590332,34956
26.865774154663086,34956
26.866617679595947,34956
26.867480039596558,34956
26.868322372436523,34956
26.86915636062622,34956
26.87001347541809,34956
26.87084460258484,34956
26.8716881275177,34956
26.872508764266968,34956
26.87336039543152,34956
26.874187469482422,34956
26.8750319480896,34956
26.875874757766724,34956
26.87673783302307,34956
26.877599477767944,34956
26.87842631340027,34956
26.879285097122192,34956
26.88011407852173,34956
26.880972146987915,34956
26.881793975830078,34956
26.882636308670044,34956
26.88347339630127,34956
26.884323596954346,34956
26.885163068771362,34956
26.886006116867065,34956
26.8868727684021,34956
26.887717723846436,34956
26.888563632965088,34956
26.889392137527466,34956
26.890231132507324,34956
26.891045093536377,34956
26.891899347305298,34956
26.892726182937622,34956
26.89357089996338,34956
26.89441704750061,34956
26.89526343345642,34956
26.89611792564392,34956
26.896958589553833,34956
26.897810697555542,34956
26.898630142211914,34956
26.89948034286499,34956
26.900306224822998,34956
26.90115213394165,34956
26.901984453201294,34956
26.90284276008606,34956
26.90369415283203,34956
26.904528617858887,34956
26.90539026260376,34956
26.906217575073242,34956
26.9070827960968,34956
26.907914876937866,34956
26.90877938270569,34956
26.909610748291016,34956
26.91046953201294,34956
26.911312580108643,34956
26.912147998809814,34956
26.912995100021362,34956
26.91383647918701,34956
26.914682149887085,34956
26.915509700775146,34956
26.916367530822754,34956
26.917190551757812,34956
26.918028354644775,34956
26.9188551902771,34956
26.91971445083618,34956
26.92056655883789,34956
26.921403884887695,34956
26.922263383865356,34956
26.923089265823364,34956
26.923932790756226,34956
26.92476487159729,34956
26.92562699317932,34956
26.926454544067383,34956
26.927298545837402,34956
26.928117513656616,34956
26.928988218307495,34956
26.92984962463379,34956
26.930677890777588,34956
26.931543588638306,34956
26.932371616363525,34956
26.933210611343384,34956
26.934042930603027,34956
26.934906482696533,34956
26.935739040374756,34956
26.93660855293274,34956
26.93746066093445,34956
26.93829655647278,34956
26.939143419265747,34956
26.93997621536255,34956
26.940839767456055,34956
26.94166922569275,34956
26.942518711090088,34956
26.94334840774536,34956
26.94418239593506,34956
26.945013761520386,34956
26.94587540626526,34956
26.946738958358765,34956
26.947568893432617,34956
26.94843363761902,34956
26.949255228042603,34956
26.950096130371094,34956
26.950925827026367,34956
26.951780080795288,34956
26.952608823776245,34956
26.95346164703369,34956
26.954306840896606,34956
26.955141067504883,34956
26.955993175506592,34956
26.95684504508972,34956
26.95769214630127,34956
26.958521127700806,34956
26.959369897842407,34956
26.960198163986206,34956
26.961036443710327,34956
26.961870670318604,34956
26.962722539901733,34956
26.963578939437866,34956
26.964414596557617,34956
26.965261220932007,34956
26.96608304977417,34956
26.966946363449097,34956
26.96777057647705,34956
26.968621492385864,34956
26.96946358680725,34956
26.970304250717163,34956
26.97112798690796,34956
26.971987009048462,34956
26.972846508026123,34956
26.97367572784424,34956
26.974535703659058,34956
26.97537612915039,34956
26.976229906082153,34956
26.97706174850464,34956
26.977912664413452,34956
26.978743076324463,34956
26.979596853256226,34956
26.980442762374878,34956
26.981280088424683,34956
26.982128143310547,34956
26.98296070098877,34956
26.983813524246216,34956
26.984639883041382,34956
26.985492944717407,34956
26.98632287979126,34956
26.98716163635254,34956
26.98799180984497,34956
26.988847970962524,34956
26.98969578742981,34956
26.99052929878235,34956
26.991393327713013,34956
26.99222707748413,34956
26.993090867996216,34956
26.99392294883728,34956
26.99476432800293,34956
26.99560022354126,34956
26.99646234512329,34956
26.99730944633484,34956
26.99813675880432,34956
26.99899196624756,34956
26.999826669692993,34956
27.00066876411438,34956
27.001495838165283,34956
27.002346992492676,34956
27.003175497055054,34956
27.004023551940918,34956
27.00485849380493,34956
27.005716800689697,34956
27.00658082962036,34956
27.007411241531372,34956
27.008267879486084,34956
27.009105920791626,34956
27.00996446609497,34956
27.010795831680298,34956
27.011643409729004,34956
27.01247239112854,34956
27.013332843780518,34956
27.014183521270752,34956
27.01502227783203,34956
27.015878200531006,34956
27.01672339439392,34956
27.017572164535522,34956
27.018404960632324,34956
27.019236087799072,34956
27.02007269859314,34956
27.020923376083374,34956
27.021755933761597,34956
27.022611379623413,34956
27.02346682548523,34956
27.024293184280396,34956
27.025141954421997,34956
27.02597451210022,34956
27.026849269866943,34956
27.027687788009644,34956
27.028525829315186,34956
27.029357194900513,34956
27.030211448669434,34956
27.03106164932251,34956
27.031893491744995,34956
27.032753705978394,34956
27.03359055519104,34956
27.034438133239746,34956
27.035257577896118,34956
27.036100149154663,34956
27.03694224357605,34956
27.037792921066284,34956
27.03862476348877,34956
27.039479732513428,34956
27.04033398628235,34956
27.041158199310303,34956
27.042012929916382,34956
27.042847871780396,34956
27.043697834014893,34956
27.044535636901855,34956
27.045374155044556,34956
27.046204805374146,34956
27.047064781188965,34956
27.047913074493408,34956
27.048755884170532,34956
27.049614191055298,34956
27.050445556640625,34956
27.051306009292603,34956
27.052114963531494,34956
27.052961349487305,34956
27.053800106048584,34956
27.054641246795654,34956
27.05547785758972,34956
27.056342124938965,34956
27.057198524475098,34956
27.058024168014526,34956
27.0588698387146,34956
27.0596923828125,34956
27.060542106628418,34956
27.06136703491211,34956
27.06220769882202,34956
27.063043117523193,34956
27.06387972831726,34956
27.064719438552856,34956
27.065576553344727,34956
27.066444873809814,34956
27.067287921905518,34956
27.068134307861328,34956
27.068962574005127,34956
27.069807767868042,34956
27.070643663406372,34956
27.071510314941406,34956
27.072339057922363,34956
27.073182582855225,34956
27.074026346206665,34956
27.074872493743896,34956
27.0757315158844,34956
27.07657742500305,34956
27.077436685562134,34956
27.078254461288452,34956
27.07909607887268,34956
27.079933166503906,34956
27.080775499343872,34956
27.081611156463623,34956
27.082467079162598,34956
27.083312034606934,34956
27.084142923355103,34956
27.084996700286865,34956
27.08582615852356,34956
27.08668804168701,34956
27.087509632110596,34956
27.088369607925415,34956
27.08919930458069,34956
27.090041160583496,34956
27.090879917144775,34956
27.091739416122437,34956
27.092596292495728,34956
27.09342312812805,34956
27.09427523612976,34956
27.09508776664734,34956
27.09593677520752,34956
27.09677505493164,34956
27.0976402759552,34956
27.09848380088806,34956
27.09933352470398,34956
27.100172996520996,34956
27.10102653503418,34956
27.101880073547363,34956
27.102721214294434,34956
27.103581190109253,34956
27.104402542114258,34956
27.105254411697388,34956
27.10608220100403,34956
27.10694169998169,34956
27.107771396636963,34956
27.10862445831299,34956
27.109477281570435,34956
27.11031484603882,34956
27.111159563064575,34956
27.11199378967285,34956
27.11284589767456,34956
27.113674640655518,34956
27.114511966705322,34956
27.11534833908081,34956
27.11618208885193,34956
27.117029190063477,34956
27.117883682250977,34956
27.118775606155396,34956
27.11962056159973,34956
27.120476007461548,34956
27.1212956905365,34956
27.1221342086792,34956
27.122965812683105,34956
27.123807907104492,34956
27.12464165687561,34956
27.125510215759277,34956
27.12642526626587,34956
27.127232313156128,34956
27.128080129623413,34956
27.128899574279785,34956
27.12974238395691,34956
27.13057279586792,34956
27.13141441345215,34956
27.132250785827637,34956
27.13308882713318,34956
27.13393783569336,34956
27.134785175323486,34956
27.135647535324097,34956
27.136479139328003,34956
27.137338638305664,34956
27.138165712356567,34956
27.13902974128723,34956
27.13988184928894,34956
27.140745639801025,34956
27.1415593624115,34956
27.142409801483154,34956
27.14325761795044,34956
27.144089698791504,34956
27.14495086669922,34956
27.14578366279602,34956
27.146636486053467,34956
27.147459268569946,34956
27.148306608200073,34956
27.14913034439087,34956
27.149978160858154,34956
27.1508150100708,34956
27.151670694351196,34956
27.152519941329956,34956
27.153356075286865,34956
27.154202938079834,34956
27.155048608779907,34956
27.1559100151062,34956
27.156750679016113,34956
27.157594203948975,34956
27.1584210395813,34956
27.159281730651855,34956
27.16011929512024,34956
27.160960912704468,34956
27.161819219589233,34956
27.162652492523193,34956
27.16349506378174,34956
27.164318799972534,34956
27.165160179138184,34956
27.166001081466675,34956
27.16685438156128,34956
27.167695999145508,34956
27.168541431427002,34956
27.169401168823242,34956
27.170217514038086,34956
27.171072006225586,34956
27.171902656555176,34956
27.17274785041809,34956
27.173572540283203,34956
27.174415349960327,34956
27.175247192382812,34956
27.176091194152832,34956
27.176941394805908,34956
27.177788019180298,34956
27.17863655090332,34956
27.179476976394653,34956
27.180334329605103,34956
27.181145429611206,34956
27.181994915008545,34956
27.182833194732666,34956
27.18367886543274,34956
27.1845121383667,34956
27.185367345809937,34956
27.18620538711548,34956
27.187050580978394,34956
27.18790912628174,34956
27.1887423992157,34956
27.18958616256714,34956
27.190407514572144,34956
27.191253662109375,34956
27.192082166671753,34956
27.192925691604614,34956
27.193758964538574,34956
27.194618225097656,34956
27.195478677749634,34956
27.196316480636597,34956
27.197168111801147,34956
27.198010683059692,34956
27.19884753227234,34956
27.19967770576477,34956
27.20051336288452,34956
27.201342344284058,34956
27.202197551727295,34956
27.203043460845947,34956
27.203888654708862,34956
27.20473551750183,34956
27.205573797225952,34956
27.206433534622192,34956
27.207261085510254,34956
27.208104610443115,34956
27.20893907546997,34956
27.20978021621704,34956
27.21060848236084,34956
27.211463928222656,34956
27.212310552597046,34956
27.21313786506653,34956
27.213991403579712,34956
27.21482276916504,34956
27.215680360794067,34956
27.21650743484497,34956
27.217357873916626,34956
27.21819019317627,34956
27.2190363407135,34956
27.219867706298828,34956
27.22072458267212,34956
27.22158193588257,34956
27.22240948677063,34956
27.223269939422607,34956
27.224104642868042,34956
27.224963665008545,34956
27.225789546966553,34956
27.226648807525635,34956
27.22747278213501,34956
27.228325128555298,34956
27.22916078567505,34956
27.22999358177185,34956
27.23084783554077,34956
27.231688976287842,34956
27.232539415359497,34956
27.233362674713135,34956
27.234204053878784,34956
27.23503041267395,34956
27.23587942123413,34956
27.23672389984131,34956
27.237581253051758,34956
27.238441467285156,34956
27.239274263381958,34956
27.240121126174927,34956
27.240949392318726,34956
27.241809606552124,34956
27.242641925811768,34956
27.243510007858276,34956
27.244343996047974,34956
27.24518895149231,34956
27.24601984024048,34956
27.246885538101196,34956
27.247737646102905,34956
27.248576402664185,34956
27.249435424804688,34956
27.250250816345215,34956
27.2510929107666,34956
27.251925945281982,34956
27.252767324447632,34956
27.253602504730225,34956
27.25445580482483,34956
27.255300998687744,34956
27.256129026412964,34956
27.256990909576416,34956
27.257826566696167,34956
27.25868272781372,34956
27.259515523910522,34956
27.260350704193115,34956
27.2611825466156,34956
27.26202368736267,34956
27.262857675552368,34956
27.263712882995605,34956
27.26456928253174,34956
27.2653968334198,34956
27.266263484954834,34956
27.267094612121582,34956
27.267951726913452,34956
27.268773317337036,34956
27.26961040496826,34956
27.27042865753174,34956
27.271280527114868,34956
27.27211833000183,34956
27.27295756340027,34956
27.273810625076294,34956
27.274637937545776,34956
27.275495529174805,34956
27.27634334564209,34956
27.277202606201172,34956
27.278024911880493,34956
27.278876781463623,34956
27.27971076965332,34956
27.28057312965393,34956
27.281435012817383,34956
27.28226399421692,34956
27.28310775756836,34956
27.283948183059692,34956
27.284813404083252,34956
27.28563690185547,34956
27.286486625671387,34956
27.287308931350708,34956
27.288151741027832,34956
27.288989305496216,34956
27.28984761238098,34956
27.290706157684326,34956
27.291534662246704,34956
27.292383909225464,34956
27.293187141418457,34956
27.294033765792847,34956
27.294856309890747,34956
27.295706033706665,34956
27.296560287475586,34956
27.297411918640137,34956
27.29823398590088,34956
27.299089670181274,34956
27.29995059967041,34956
27.3007709980011,34956
27.3016197681427,34956
27.30243444442749,34956
27.30327820777893,34956
27.30410099029541,34956
27.304940223693848,34956
27.30577564239502,34956
27.306631088256836,34956
27.307469606399536,34956
27.308322191238403,34956
27.309172868728638,34956
27.31000280380249,34956
27.31085443496704,34956
27.311687707901,34956
27.312531232833862,34956
27.31336760520935,34956
27.31419539451599,34956
27.315031051635742,34956
27.315885543823242,34956
27.316734075546265,34956
27.31758451461792,34956
27.318437576293945,34956
27.31927514076233,34956
27.320119380950928,34956
27.3209331035614,34956
27.3217830657959,34956
27.322612524032593,34956
27.323468446731567,34956
27.324298620224,34956
27.32515025138855,34956
27.325993299484253,34956
27.326836347579956,34956
27.327688694000244,34956
27.328524827957153,34956
27.329378128051758,34956
27.330198526382446,34956
27.331045866012573,34956
27.331876039505005,34956
27.332715034484863,34956
27.33354663848877,34956
27.33440375328064,34956
27.33526587486267,34956
27.336079597473145,34956
27.336950063705444,34956
27.337782621383667,34956
27.338629961013794,34956
27.339467525482178,34956
27.340306282043457,34956
27.341134071350098,34956
27.341984510421753,34956
27.34283757209778,34956
27.343678951263428,34956
27.344534158706665,34956
27.345367431640625,34956
27.346222400665283,34956
27.347047805786133,34956
27.34789228439331,34956
27.34872579574585,34956
27.349565267562866,34956
27.35039782524109,34956
27.351253032684326,34956
27.35209035873413,34956
27.352924346923828,34956
27.353777170181274,34956
27.354612827301025,34956
27.355461835861206,34956
27.356306314468384,34956
27.35713267326355,34956
27.35796618461609,34956
27.35881209373474,34956
27.359652757644653,34956
27.360506534576416,34956
27.361356496810913,34956
27.36218571662903,34956
27.36303472518921,34956
27.363862991333008,34956
27.364707946777344,34956
27.365541696548462,34956
27.36638879776001,34956
27.367214679718018,34956
27.36806321144104,34956
27.368900775909424,34956
27.369753122329712,34956
27.370612859725952,34956
27.371445417404175,34956
27.37230110168457,34956
27.373108863830566,34956
27.373976707458496,34956
27.3748037815094,34956
27.375640869140625,34956
27.376482486724854,34956
27.37732195854187,34956
27.378159761428833,34956
27.37900447845459,34956
27.37986421585083,34956
27.380698204040527,34956
27.381544828414917,34956
27.382370233535767,34956
27.383213996887207,34956
27.384045362472534,34956
27.38488531112671,34956
27.38571786880493,34956
27.386581659317017,34956
27.387426376342773,34956
27.38827610015869,34956
27.389124631881714,34956
27.389955520629883,34956
27.39079761505127,34956
27.391628980636597,34956
27.392463207244873,34956
27.393303632736206,34956
27.39414358139038,34956
27.39498782157898,34956
27.395836114883423,34956
27.39669156074524,34956
27.397529125213623,34956
27.39838743209839,34956
27.39920997619629,34956
27.400075674057007,34956
27.40091562271118,34956
27.401756763458252,34956
27.402586698532104,34956
27.403444051742554,34956
27.404304265975952,34956
27.405126571655273,34956
27.40597915649414,34956
27.4068284034729,34956
27.407682180404663,34956
27.408507347106934,34956
27.409363269805908,34956
27.41017484664917,34956
27.411022663116455,34956
27.411861181259155,34956
27.412707328796387,34956
27.413562059402466,34956
27.414387226104736,34956
27.415244102478027,34956
27.416067600250244,34956
27.41694211959839,34956
27.417773485183716,34956
27.418625354766846,34956
27.419452667236328,34956
27.42031168937683,34956
27.421159744262695,34956
27.42199444770813,34956
27.422846794128418,34956
27.423689365386963,34956
27.42454719543457,34956
27.425370454788208,34956
27.426204442977905,34956
27.42704701423645,34956
27.42789912223816,34956
27.428735733032227,34956
27.429592609405518,34956
27.430452823638916,34956
27.431272745132446,34956
27.432111501693726,34956
27.432925939559937,34956
27.43378758430481,34956
27.43460202217102,34956
27.435454845428467,34956
27.436305284500122,34956
27.437135457992554,34956
27.437965393066406,34956
27.438825130462646,34956
27.43968439102173,34956
27.440515279769897,34956
27.44137144088745,34956
27.442200422286987,34956
27.443081378936768,34956
27.443918228149414,34956
27.444761514663696,34956
27.445592403411865,34956
27.44646716117859,34956
27.44732689857483,34956
27.448155164718628,34956
27.44900918006897,34956
27.44984459877014,34956
27.450709342956543,34956
27.451534748077393,34956
27.45237374305725,34956
27.453200817108154,34956
27.454046964645386,34956
27.45488667488098,34956
27.45574188232422,34956
27.456613063812256,34956
27.457435846328735,34956
27.458293676376343,34956
27.459116220474243,34956
27.45996880531311,34956
27.460803985595703,34956
27.461641550064087,34956
27.462477922439575,34956
27.463332176208496,34956
27.464167833328247,34956
27.46501326560974,34956
27.465866327285767,34956
27.466712474822998,34956
27.46758198738098,34956
27.46839213371277,34956
27.46922993659973,34956
27.470067977905273,34956
27.470908164978027,34956
27.47173810005188,34956
27.472591638565063,34956
27.47343873977661,34956
27.474274396896362,34956
27.475125789642334,34956
27.47595453262329,34956
27.476810932159424,34956
27.477645874023438,34956
27.478511095046997,34956
27.479345321655273,34956
27.480186223983765,34956
27.481035470962524,34956
27.48187804222107,34956
27.482733726501465,34956
27.48356819152832,34956
27.48442506790161,34956
27.485252618789673,34956
27.48609495162964,34956
27.486933708190918,34956
27.487775564193726,34956
27.488608598709106,34956
27.489465951919556,34956
27.490321159362793,34956
27.49114966392517,34956
27.49200415611267,34956
27.49283790588379,34956
27.493696451187134,34956
27.494513511657715,34956
27.495363235473633,34956
27.496193170547485,34956
27.497045040130615,34956
27.49787664413452,34956
27.4987313747406,34956
27.499594688415527,34956
27.500419855117798,34956
27.5012788772583,34956
27.50210189819336,34956
27.502953052520752,34956
27.50378918647766,34956
27.504624843597412,34956
27.505452632904053,34956
27.506290674209595,34956
27.507127285003662,34956
27.507974863052368,34956
27.50883150100708,34956
27.509662866592407,34956
27.510514497756958,34956
27.51133108139038,34956
27.512166023254395,34956
27.512989282608032,34956
27.51383638381958,34956
27.514673948287964,34956
27.515519380569458,34956
27.516377687454224,34956
27.51722240447998,34956
27.518079042434692,34956
27.518908500671387,34956
27.519768238067627,34956
27.52060580253601,34956
27.521467447280884,34956
27.522302627563477,34956
27.52312994003296,34956
27.52396035194397,34956
27.52481698989868,34956
27.525660514831543,34956
27.526512145996094,34956
27.527371406555176,34956
27.52819323539734,34956
27.52903938293457,34956
27.529866695404053,34956
27.530714750289917,34956
27.5315420627594,34956
27.53239345550537,34956
27.533222198486328,34956
27.534072875976562,34956
27.53492498397827,34956
27.53575611114502,34956
27.536617040634155,34956
27.53745126724243,34956
27.538296937942505,34956
27.539124727249146,34956
27.53998064994812,34956
27.54081439971924,34956
27.54166078567505,34956
27.54250741004944,34956
27.543349742889404,34956
27.5441997051239,34956
27.545035362243652,34956
27.54589056968689,34956
27.54672360420227,34956
27.54757070541382,34956
27.548410177230835,34956
27.549252033233643,34956
27.55007529258728,34956
27.5509295463562,34956
27.55178451538086,34956
27.55262064933777,34956
27.553476333618164,34956
27.554311752319336,34956
27.55514907836914,34956
27.555975437164307,34956
27.55683159828186,34956
27.557661056518555,34956
27.55851149559021,34956
27.559348583221436,34956
27.56019926071167,34956
27.561054229736328,34956
27.56188726425171,34956
27.56274437904358,34956
27.563591241836548,34956
27.56444811820984,34956
27.565258741378784,34956
27.566088914871216,34956
27.566937685012817,34956
27.567787408828735,34956
27.568630695343018,34956
27.56947159767151,34956
27.57033085823059,34956
27.571156978607178,34956
27.572006940841675,34956
27.572829246520996,34956
27.573679447174072,34956
27.574515104293823,34956
27.575350284576416,34956
27.576164484024048,34956
27.57701563835144,34956
27.57784938812256,34956
27.57869553565979,34956
27.579540014266968,34956
27.580382108688354,34956
27.581212282180786,34956
27.582041263580322,34956
27.58288264274597,34956
27.583718061447144,34956
27.584559440612793,34956
27.585403203964233,34956
27.586257934570312,34956
27.587104320526123,34956
27.58794355392456,34956
27.588802099227905,34956
27.5896315574646,34956
27.590482234954834,34956
27.5913188457489,34956
27.59214758872986,34956
27.592991590499878,34956
27.59382915496826,34956
27.594664335250854,34956
27.59551501274109,34956
27.596380949020386,34956
27.59720230102539,34956
27.598064661026,34956
27.5988929271698,34956
27.599738597869873,34956
27.60058045387268,34956
27.60143256187439,34956
27.602266788482666,34956
27.603103637695312,34956
27.603948831558228,34956
27.60479187965393,34956
27.605645179748535,34956
27.606486558914185,34956
27.607344388961792,34956
27.608156204223633,34956
27.609005212783813,34956
27.60983943939209,34956
27.61068034172058,34956
27.611504077911377,34956
27.61234450340271,34956
27.613170385360718,34956
27.6140193939209,34956
27.614867210388184,34956
27.61570906639099,34956
27.616565704345703,34956
27.61739206314087,34956
27.61823344230652,34956
27.619065523147583,34956
27.61991572380066,34956
27.620748043060303,34956
27.62160038948059,34956
27.62244153022766,34956
27.62328839302063,34956
27.624134063720703,34956
27.624966382980347,34956
27.625810623168945,34956
27.626659393310547,34956
27.627509117126465,34956
27.628331661224365,34956
27.6291720867157,34956
27.62999439239502,34956
27.630831480026245,34956
27.631693363189697,34956
27.632526397705078,34956
27.63336968421936,34956
27.634191036224365,34956
27.635030269622803,34956
27.635869026184082,34956
27.636714220046997,34956
27.637548446655273,34956
27.638395071029663,34956
27.639223337173462,34956
27.64007306098938,34956
27.640923738479614,34956
27.641759872436523,34956
27.642608404159546,34956
27.64343023300171,34956
27.644274711608887,34956
27.645089626312256,34956
27.645942211151123,34956
27.646798133850098,34956
27.64763569831848,34956
27.64847755432129,34956
27.649325847625732,34956
27.650178909301758,34956
27.651000499725342,34956
27.651846408843994,34956
27.652666091918945,34956
27.653520584106445,34956
27.654349327087402,34956
27.655181884765625,34956
27.656020164489746,34956
27.656875371932983,34956
27.65771222114563,34956
27.658571243286133,34956
27.65942668914795,34956
27.660255670547485,34956
27.661104440689087,34956
27.661940336227417,34956
27.66278839111328,34956
27.66362190246582,34956
27.66447949409485,34956
27.665305376052856,34956
27.66613793373108,34956
27.666985750198364,34956
27.667834997177124,34956
27.66869568824768,34956
27.66952681541443,34956
27.67038607597351,34956
27.671203136444092,34956
27.672051906585693,34956
27.672884464263916,34956
27.67372155189514,34956
27.674558877944946,34956
27.675415992736816,34956
27.676276683807373,34956
27.677103996276855,34956
27.67795991897583,34956
27.678794622421265,34956
27.6796452999115,34956
27.68046736717224,34956
27.681315898895264,34956
27.682140350341797,34956
27.682992935180664,34956
27.683823108673096,34956
27.68467950820923,34956
27.685538291931152,34956
27.686374187469482,34956
27.68722152709961,34956
27.688060998916626,34956
27.68891668319702,34956
27.689743280410767,34956
27.690584897994995,34956
27.691420793533325,34956
27.692272901535034,34956
27.693108320236206,34956
27.693958520889282,34956
27.694812536239624,34956
27.695652723312378,34956
27.696526527404785,34956
27.69734263420105,34956
27.69818615913391,34956
27.69901967048645,34956
27.69986081123352,34956
27.700695037841797,34956
27.701554536819458,34956
27.702415227890015,34956
27.70324683189392,34956
27.70409083366394,34956
27.704931497573853,34956
27.705780267715454,34956
27.706623077392578,34956
27.70748019218445,34956
27.708303928375244,34956
27.709142923355103,34956
27.709985971450806,34956
27.7108416557312,34956
27.71169424057007,34956
27.712523937225342,34956
27.71339249610901,34956
27.71421241760254,34956
27.715060234069824,34956
27.7158842086792,34956
27.716729164123535,34956
27.717560529708862,34956
27.718416929244995,34956
27.719265699386597,34956
27.72010111808777,34956
27.72095227241516,34956
27.721786975860596,34956
27.722637176513672,34956
27.723460912704468,34956
27.72430419921875,34956
27.725133419036865,34956
27.725976943969727,34956
27.726815938949585,34956
27.72767210006714,34956
27.728532552719116,34956
27.72936749458313,34956
27.730215072631836,34956
27.73104238510132,34956
27.731882095336914,34956
27.732710123062134,34956
27.73354721069336,34956
27.73438310623169,34956
27.735222339630127,34956
27.736051082611084,34956
27.736915349960327,34956
27.737770080566406,34956
27.738600969314575,34956
27.739460706710815,34956
27.74029016494751,34956
27.74113368988037,34956
27.741967916488647,34956
27.74282169342041,34956
27.743653774261475,34956
27.744497299194336,34956
27.74533247947693,34956
27.746174573898315,34956
27.747028589248657,34956
27.747865676879883,34956
27.748713493347168,34956
27.74953556060791,34956
27.750389099121094,34956
27.751219034194946,34956
27.75205659866333,34956
27.752888679504395,34956
27.753742456436157,34956
27.75458335876465,34956
27.755422115325928,34956
27.756287097930908,34956
27.757121562957764,34956
27.757984399795532,34956
27.758803367614746,34956
27.75965189933777,34956
27.760491132736206,34956
27.761338233947754,34956
27.76216769218445,34956
27.763015747070312,34956
27.763863563537598,34956
27.7646963596344,34956
27.76555562019348,34956
27.766398191452026,34956
27.767248392105103,34956
27.768065452575684,34956
27.768921852111816,34956
27.76975703239441,34956
27.770607948303223,34956
27.771447896957397,34956
27.772290468215942,34956
27.773131370544434,34956
27.77397060394287,34956
27.774828910827637,34956
27.775649070739746,34956
27.776503801345825,34956
27.77734136581421,34956
27.778167963027954,34956
27.778998136520386,34956
27.779858112335205,34956
27.780702829360962,34956
27.781531810760498,34956
27.782389640808105,34956
27.783217430114746,34956
27.784077167510986,34956
27.784898042678833,34956
27.785746812820435,34956
27.78658938407898,34956
27.787439346313477,34956
27.788264989852905,34956
27.789113521575928,34956
27.789955377578735,34956
27.79079508781433,34956
27.791648626327515,34956
27.79248023033142,34956
27.7933247089386,34956
27.794155597686768,34956
27.79499125480652,34956
27.795828342437744,34956
27.796685218811035,34956
27.797521591186523,34956
27.798376083374023,34956
27.799227714538574,34956
27.800052404403687,34956
27.8009090423584,34956
27.801737546920776,34956
27.802583932876587,34956
27.80341625213623,34956
27.804282426834106,34956
27.805111169815063,34956
27.805962085723877,34956
27.806816577911377,34956
27.80766010284424,34956
27.808513164520264,34956
27.809345960617065,34956
27.810187101364136,34956
27.811021089553833,34956
27.81185817718506,34956
27.812692403793335,34956
27.81354284286499,34956
27.814385175704956,34956
27.81522297859192,34956
27.816078901290894,34956
27.81691884994507,34956
27.81776213645935,34956
27.818575620651245,34956
27.81944179534912,34956
27.820263862609863,34956
27.82109570503235,34956
27.8219313621521,34956
27.82278037071228,34956
27.82361674308777,34956
27.824471473693848,34956
27.825332403182983,34956
27.826149225234985,34956
27.82701873779297,34956
27.827855348587036,34956
27.82871723175049,34956
27.829553842544556,34956
27.830395460128784,34956
27.83121395111084,34956
27.832069396972656,34956
27.832916975021362,34956
27.833754301071167,34956
27.834612607955933,34956
27.835442543029785,34956
27.836296558380127,34956
27.83711266517639,34956
27.83796525001526,34956
27.83880376815796,34956
27.83965277671814,34956
27.840487718582153,34956
27.84133815765381,34956
27.842187643051147,34956
27.84301519393921,34956
27.84387731552124,34956
27.844711542129517,34956
27.84557604789734,34956
27.846402645111084,34956
27.847232341766357,34956
27.84807014465332,34956
27.848920822143555,34956
27.849769115447998,34956
27.85061478614807,34956
27.851471424102783,34956
27.85230565071106,34956
27.853150129318237,34956
27.85397481918335,34956
27.8548264503479,34956
27.85566282272339,34956
27.856515407562256,34956
27.857349395751953,34956
27.85819697380066,34956
27.859049081802368,34956
27.85988712310791,34956
27.86073923110962,34956
27.861572980880737,34956
27.86242365837097,34956
27.86324954032898,34956
27.86408567428589,34956
27.864915132522583,34956
27.86576199531555,34956
27.866606950759888,34956
27.867465257644653,34956
27.868316173553467,34956
27.869138956069946,34956
27.8700053691864,34956
27.870848178863525,34956
27.871705293655396,34956
27.872539043426514,34956
27.873384475708008,34956
27.874208688735962,34956
27.875059127807617,34956
27.875914335250854,34956
27.876760721206665,34956
27.8776113986969,34956
27.87844181060791,34956
27.87929630279541,34956
27.880114555358887,34956
27.880956649780273,34956
27.88178515434265,34956
27.88262915611267,34956
27.883472681045532,34956
27.88432478904724,34956
27.885174989700317,34956
27.88599729537964,34956
27.886852264404297,34956
27.88767170906067,34956
27.888518810272217,34956
27.889352321624756,34956
27.89021611213684,34956
27.89104914665222,34956
27.891900062561035,34956
27.892733097076416,34956
27.893581867218018,34956
27.894437074661255,34956
27.89527463912964,34956
27.896129846572876,34956
27.896953344345093,34956
27.89780330657959,34956
27.898638486862183,34956
27.899478912353516,34956
27.900315523147583,34956
27.901163339614868,34956
27.902002811431885,34956
27.902843475341797,34956
27.903687953948975,34956
27.904510974884033,34956
27.905359745025635,34956
27.906180381774902,34956
27.907034635543823,34956
27.90786075592041,34956
27.9087131023407,34956
27.90954899787903,34956
27.910406351089478,34956
27.91125178337097,34956
27.91208028793335,34956
27.912935495376587,34956
27.91376757621765,34956
27.914618253707886,34956
27.915437698364258,34956
27.916293621063232,34956
27.917117595672607,34956
27.917964935302734,34956
27.91879153251648,34956
27.919655084609985,34956
27.920517683029175,34956
27.921342372894287,34956
27.922192811965942,34956
27.9230318069458,34956
27.923876762390137,34956
27.924699783325195,34956
27.925544261932373,34956
27.926390171051025,34956
27.927228689193726,34956
27.92806887626648,34956
27.928910493850708,34956
27.929774522781372,34956
27.9306058883667,34956
27.931467056274414,34956
27.932281970977783,34956
27.933124542236328,34956
27.933957815170288,34956
27.9347984790802,34956
27.935625076293945,34956
27.936487197875977,34956
27.937339782714844,34956
27.938191175460815,34956
27.939045906066895,34956
27.93986964225769,34956
27.940733671188354,34956
27.94155764579773,34956
27.942397832870483,34956
27.943225145339966,34956
27.94407033920288,34956
27.944912672042847,34956
27.945760250091553,34956
27.946624517440796,34956
27.947458028793335,34956
27.94831657409668,34956
27.949143886566162,34956
27.95000696182251,34956
27.95084238052368,34956
27.95168709754944,34956
27.95251202583313,34956
27.95336937904358,34956
27.954224824905396,34956
27.955050945281982,34956
27.95589804649353,34956
27.95674705505371,34956
27.95759129524231,34956
27.95842170715332,34956
27.959269046783447,34956
27.960089683532715,34956
27.960939168930054,34956
27.961774826049805,34956
27.962629795074463,34956
27.963494062423706,34956
27.964322090148926,34956
27.96516513824463,34956
27.965980529785156,34956
27.966845512390137,34956
27.967660903930664,34956
27.968511819839478,34956
27.969346284866333,34956
27.970181465148926,34956
27.97101926803589,34956
27.97186851501465,34956
27.97272276878357,34956
27.973554611206055,34956
27.974402904510498,34956
27.97521185874939,34956
27.97605586051941,34956
27.976902961730957,34956
27.977740049362183,34956
27.978577136993408,34956
27.97942852973938,34956
27.98026943206787,34956
27.981112241744995,34956
27.981973886489868,34956
27.98279643058777,34956
27.983644723892212,34956
27.98446226119995,34956
27.985316038131714,34956
27.98612403869629,34956
27.986981868743896,34956
27.987821578979492,34956
27.988667726516724,34956
27.98950958251953,34956
27.99035620689392,34956
27.99120807647705,34956
27.992027044296265,34956
27.992884159088135,34956
27.99372124671936,34956
27.994571924209595,34956
27.995407104492188,34956
27.99623680114746,34956
27.997081756591797,34956
27.997933626174927,34956
27.998783349990845,34956
27.999623775482178,34956
28.00048565864563,34956
28.001315355300903,34956
28.00215458869934,34956
28.002973079681396,34956
28.003818035125732,34956
28.004648685455322,34956
28.005485773086548,34956
28.006325483322144,34956
28.00716757774353,34956
28.008020162582397,34956
28.00885248184204,34956
28.009705066680908,34956
28.010536193847656,34956
28.01137948036194,34956
28.0121910572052,34956
28.013038396835327,34956
28.013875246047974,34956
28.01472020149231,34956
28.015565156936646,34956
28.016425371170044,34956
28.01728391647339,34956
28.018099546432495,34956
28.018950939178467,34956
28.019768714904785,34956
28.020615577697754,34956
28.021438598632812,34956
28.02229404449463,34956
28.023128986358643,34956
28.023977041244507,34956
28.024802207946777,34956
28.025665044784546,34956
28.026535749435425,34956
28.02735447883606,34956
28.02820062637329,34956
28.02902889251709,34956
28.029890298843384,34956
28.030723571777344,34956
28.031558513641357,34956
28.03239917755127,34956
28.033238410949707,34956
28.034075021743774,34956
28.0349178314209,34956
28.035784482955933,34956
28.036623239517212,34956
28.037474393844604,34956
28.038297653198242,34956
28.03925919532776,34956
28.040202379226685,34956
28.041048526763916,34956
28.04190468788147,34956
28.04273009300232,34956
28.043593883514404,34956
28.044429302215576,34956
28.045292377471924,34956
28.046117782592773,34956
28.046966791152954,34956
28.047797679901123,34956
28.048654794692993,34956
28.049509525299072,34956
28.050336360931396,34956
28.051189422607422,34956
28.052018880844116,34956
28.05286955833435,34956
28.053701877593994,34956
28.054563522338867,34956
28.055397510528564,34956
28.056254863739014,34956
28.05709409713745,34956
28.057933568954468,34956
28.05878210067749,34956
28.05962109565735,34956
28.060465812683105,34956
28.061294078826904,34956
28.062135457992554,34956
28.06296706199646,34956
28.06380844116211,34956
28.064637184143066,34956
28.06548833847046,34956
28.066365003585815,34956
28.067192316055298,34956
28.06804633140564,34956
28.06888175010681,34956
28.0697340965271,34956
28.07055401802063,34956
28.0714054107666,34956
28.072251319885254,34956
28.07308316230774,34956
28.073923349380493,34956
28.074777364730835,34956
28.075643301010132,34956
28.076473474502563,34956
28.07733464241028,34956
28.078170776367188,34956
28.07902979850769,34956
28.079861402511597,34956
28.080699920654297,34956
28.08152198791504,34956
28.082388401031494,34956
28.083235025405884,34956
28.084070444107056,34956
28.084925174713135,34956
28.0857572555542,34956
28.08661937713623,34956
28.087442636489868,34956
28.088299036026,34956
28.08912229537964,34956
28.089965343475342,34956
28.090997457504272,34956
28.09182119369507,34956
28.092673540115356,34956
28.093501806259155,34956
28.09434723854065,34956
28.095172882080078,34956
28.09601068496704,34956
28.096853256225586,34956
28.097706079483032,34956
28.09855031967163,34956
28.099392414093018,34956
28.10023593902588,34956
28.101069927215576,34956
28.101920127868652,34956
28.10273790359497,34956
28.103584051132202,34956
28.104424476623535,34956
28.10527491569519,34956
28.10610842704773,34956
28.10696530342102,34956
28.107820987701416,34956
28.10864543914795,34956
28.1095027923584,34956
28.110344886779785,34956
28.111199617385864,34956
28.112037420272827,34956
28.112881898880005,34956
28.11372137069702,34956
28.11457133293152,34956
28.11541485786438,34956
28.116260766983032,34956
28.117109537124634,34956
28.11793828010559,34956
28.118801832199097,34956
28.1196231842041,34956
28.12047243118286,34956
28.12129521369934,34956
28.122132539749146,34956
28.12296962738037,34956
28.123823404312134,34956
28.124682903289795,34956
28.12550711631775,34956
28.126359462738037,34956
28.127171993255615,34956
28.128013372421265,34956
28.128845930099487,34956
28.12968397140503,34956
28.130519151687622,34956
28.131368398666382,34956
28.132188320159912,34956
28.13304376602173,34956
28.133907318115234,34956
28.13473105430603,34956
28.135576963424683,34956
28.13640809059143,34956
28.13725972175598,34956
28.138078212738037,34956
28.13893151283264,34956
28.139769792556763,34956
28.140615224838257,34956
28.14145064353943,34956
28.142298460006714,34956
28.14315128326416,34956
28.14397382736206,34956
28.14482092857361,34956
28.14566397666931,34956
28.14653182029724,34956
28.147363901138306,34956
28.148207426071167,34956
28.14903974533081,34956
28.149901866912842,34956
28.150753259658813,34956
28.151592016220093,34956
28.15244698524475,34956
28.153281450271606,34956
28.15412187576294,34956
28.154943227767944,34956
28.155792951583862,34956
28.156641483306885,34956
28.157490253448486,34956
28.158336639404297,34956
28.159178495407104,34956
28.160037994384766,34956
28.160860061645508,34956
28.161720037460327,34956
28.162553548812866,34956
28.163408756256104,34956
28.164218187332153,34956
28.16505479812622,34956
28.165888786315918,34956
28.166748523712158,34956
28.167588472366333,34956
28.16843581199646,34956
28.169289112091064,34956
28.170121669769287,34956
28.17096972465515,34956
28.17179036140442,34956
28.172642469406128,34956
28.17347812652588,34956
28.174320697784424,34956
28.175143241882324,34956
28.1759934425354,34956
28.17685103416443,34956
28.177693128585815,34956
28.178551197052002,34956
28.17938494682312,34956
28.18022060394287,34956
28.181052207946777,34956
28.181910514831543,34956
28.182727575302124,34956
28.18357253074646,34956
28.18440866470337,34956
28.18525528907776,34956
28.186103582382202,34956
28.18693733215332,34956
28.18780279159546,34956
28.188629865646362,34956
28.189476251602173,34956
28.190308809280396,34956
28.191153526306152,34956
28.191984176635742,34956
28.19282341003418,34956
28.193655014038086,34956
28.194496154785156,34956
28.19535803794861,34956
28.19618010520935,34956
28.197043657302856,34956
28.197868824005127,34956
28.198715448379517,34956
28.19954800605774,34956
28.200390338897705,34956
28.20121145248413,34956
28.202064752578735,34956
28.202917098999023,34956
28.20374846458435,34956
28.20461130142212,34956
28.205443382263184,34956
28.206298351287842,34956
28.20712184906006,34956
28.207972526550293,34956
28.208802223205566,34956
28.209641456604004,34956
28.210474014282227,34956
28.21133303642273,34956
28.21218514442444,34956
28.21301293373108,34956
28.213870525360107,34956
28.214702606201172,34956
28.21554970741272,34956
28.21638536453247,34956
28.21722984313965,34956
28.21806502342224,34956
28.218905925750732,34956
28.219751596450806,34956
28.220595836639404,34956
28.2214457988739,34956
28.222284078598022,34956
28.223124504089355,34956
28.22394609451294,34956
28.224797248840332,34956
28.225634336471558,34956
28.226483583450317,34956
28.2273211479187,34956
28.228158712387085,34956
28.2290141582489,34956
28.2298526763916,34956
28.230712413787842,34956
28.231544733047485,34956
28.23238778114319,34956
28.23321509361267,34956
28.234047651290894,34956
28.23488187789917,34956
28.235729932785034,34956
28.236562967300415,34956
28.237425565719604,34956
28.238290309906006,34956
28.239109992980957,34956
28.23996877670288,34956
28.240797996520996,34956
28.241671562194824,34956
28.24250555038452,34956
28.24335026741028,34956
28.24416470527649,34956
28.245018482208252,34956
28.245875597000122,34956
28.24671697616577,34956
28.247572898864746,34956
28.248409271240234,34956
28.24925446510315,34956
28.25006866455078,34956
28.250913381576538,34956
28.251744747161865,34956
28.25260305404663,34956
28.253432750701904,34956
28.25429391860962,34956
28.255138635635376,34956
28.25596833229065,34956
28.25683569908142,34956
28.257669925689697,34956
28.25852632522583,34956
28.25934648513794,34956
28.260197162628174,34956
28.261026859283447,34956
28.26187229156494,34956
28.2627112865448,34956
28.26356315612793,34956
28.26442551612854,34956
28.26525354385376,34956
28.266092538833618,34956
28.26692509651184,34956
28.26777482032776,34956
28.2686026096344,34956
28.26945161819458,34956
28.2702739238739,34956
28.271116971969604,34956
28.271966695785522,34956
28.272804737091064,34956
28.273656368255615,34956
28.274489164352417,34956
28.27533745765686,34956
28.27615761756897,34956
28.277016639709473,34956
28.27784752845764,34956
28.278688430786133,34956
28.279521226882935,34956
28.28037738800049,34956
28.28122305870056,34956
28.28205943107605,34956
28.282912015914917,34956
28.28374409675598,34956
28.284587144851685,34956
28.285412549972534,34956
28.28627038002014,34956
28.287102460861206,34956
28.287952423095703,34956
28.288798093795776,34956
28.289649486541748,34956
28.290502786636353,34956
28.29132914543152,34956
28.292180061340332,34956
28.293014764785767,34956
28.293861865997314,34956
28.29469132423401,34956
28.295548915863037,34956
28.29638361930847,34956
28.297218084335327,34956
28.29806089401245,34956
28.298903465270996,34956
28.29975652694702,34956
28.300598859786987,34956
28.301443099975586,34956
28.302274465560913,34956
28.303119897842407,34956
28.303956747055054,34956
28.30479860305786,34956
28.305630207061768,34956
28.30648970603943,34956
28.307340621948242,34956
28.308169841766357,34956
28.309029579162598,34956
28.309869050979614,34956
28.31071424484253,34956
28.311533212661743,34956
28.31238055229187,34956
28.31321692466736,34956
28.31406044960022,34956
28.314895391464233,34956
28.315748691558838,34956
28.316612720489502,34956
28.31744122505188,34956
28.318286180496216,34956
28.31910800933838,34956
28.319952249526978,34956
28.32078504562378,34956
28.321638584136963,34956
28.32246732711792,34956
28.32331657409668,34956
28.324146270751953,34956
28.32499384880066,34956
28.325843334197998,34956
28.3266863822937,34956
28.327542304992676,34956
28.3283634185791,34956
28.32920217514038,34956
28.33003854751587,34956
28.330875158309937,34956
28.33170437812805,34956
28.332558155059814,34956
28.333412408828735,34956
28.33424711227417,34956
28.335092782974243,34956
28.335928678512573,34956
28.3367817401886,34956
28.337614059448242,34956
28.33847737312317,34956
28.339305877685547,34956
28.340148210525513,34956
28.34099245071411,34956
28.34183645248413,34956
28.34269070625305,34956
28.34352684020996,34956
28.344380140304565,34956
28.34519362449646,34956
28.34604239463806,34956
28.346888303756714,34956
28.347732067108154,34956
28.348559379577637,34956
28.349420070648193,34956
28.350274324417114,34956
28.351099729537964,34956
28.351956844329834,34956
28.352787017822266,34956
28.35363531112671,34956
28.35445809364319,34956
28.35530686378479,34956
28.356136560440063,34956
28.35699200630188,34956
28.3578360080719,34956
28.358684539794922,34956
28.359537839889526,34956
28.360368728637695,34956
28.361220121383667,34956
28.36206030845642,34956
28.36291790008545,34956
28.363747596740723,34956
28.364587783813477,34956
28.365424394607544,34956
28.366278648376465,34956
28.36711549758911,34956
28.36795687675476,34956
28.368812799453735,34956
28.36964440345764,34956
28.370492935180664,34956
28.371326208114624,34956
28.372153997421265,34956
28.372994899749756,34956
28.373834371566772,34956
28.374665021896362,34956
28.375519037246704,34956
28.376380443572998,34956
28.377209424972534,34956
28.378061294555664,34956
28.37887668609619,34956
28.379720449447632,34956
28.380542755126953,34956
28.3813955783844,34956
28.382218599319458,34956
28.38306212425232,34956
28.383888959884644,34956
28.384742259979248,34956
28.385594129562378,34956
28.386435747146606,34956
28.387290954589844,34956
28.388111114501953,34956
28.3889741897583,34956
28.389812469482422,34956
28.390649795532227,34956
28.391477584838867,34956
28.392340898513794,34956
28.393187761306763,34956
28.394017457962036,34956
28.394879817962646,34956
28.395711183547974,34956
28.396562337875366,34956
28.397398710250854,34956
28.39822554588318,34956
28.399062395095825,34956
28.399906873703003,34956
28.400736331939697,34956
28.401570081710815,34956
28.402419805526733,34956
28.403252601623535,34956
28.404109716415405,34956
28.404939651489258,34956
28.405790090560913,34956
28.40662956237793,34956
28.407466411590576,34956
28.408299207687378,34956
28.40913701057434,34956
28.40996479988098,34956
28.410820245742798,34956
28.41167640686035,34956
28.412504196166992,34956
28.41336679458618,34956
28.414188623428345,34956
28.41503667831421,34956
28.415866136550903,34956
28.41671633720398,34956
28.417548179626465,34956
28.418400049209595,34956
28.41922378540039,34956
28.420068740844727,34956
28.42092728614807,34956
28.421761989593506,34956
28.422607421875,34956
28.423435926437378,34956
28.424286365509033,34956
28.42511773109436,34956
28.425958395004272,34956
28.426801443099976,34956
28.427667140960693,34956
28.42851424217224,34956
28.429352283477783,34956
28.43019700050354,34956
28.431025505065918,34956
28.431869506835938,34956
28.432692766189575,34956
28.43354296684265,34956
28.434375762939453,34956
28.43521475791931,34956
28.43604874610901,34956
28.43691396713257,34956
28.43777322769165,34956
28.438602924346924,34956
28.43945860862732,34956
28.440300941467285,34956
28.441160202026367,34956
28.441994667053223,34956
28.442832231521606,34956
28.443671464920044,34956
28.444528818130493,34956
28.44539165496826,34956
28.446215629577637,34956
28.447076559066772,34956
28.44791316986084,34956
28.448766708374023,34956
28.449581623077393,34956
28.450439929962158,34956
28.451276540756226,34956
28.452112436294556,34956
28.45294976234436,34956
28.453799724578857,34956
28.45466136932373,34956
28.455482959747314,34956
28.456347465515137,34956
28.457165479660034,34956
28.45800757408142,34956
28.458842992782593,34956
28.45967721939087,34956
28.46050262451172,34956
28.461355209350586,34956
28.462185859680176,34956
28.463037490844727,34956
28.463898181915283,34956
28.464729070663452,34956
28.465570211410522,34956
28.466413259506226,34956
28.467264652252197,34956
28.468091011047363,34956
28.468930959701538,34956
28.469760417938232,34956
28.47061777114868,34956
28.4714674949646,34956
28.472301244735718,34956
28.47314715385437,34956
28.473979949951172,34956
28.47482943534851,34956
28.475663423538208,34956
28.47651195526123,34956
28.477347373962402,34956
28.47818112373352,34956
28.47901701927185,34956
28.479868412017822,34956
28.480727672576904,34956
28.481558322906494,34956
28.48241639137268,34956
28.483237504959106,34956
28.484095573425293,34956
28.48491907119751,34956
28.48577570915222,34956
28.486610889434814,34956
28.487459182739258,34956
28.488306522369385,34956
28.489147186279297,34956
28.489999055862427,34956
28.490838050842285,34956
28.49168848991394,34956
28.492509126663208,34956
28.493359565734863,34956
28.494189262390137,34956
28.49502992630005,34956
28.49585509300232,34956
28.496728658676147,34956
28.49757957458496,34956
28.498417139053345,34956
28.49927282333374,34956
28.500100135803223,34956
28.500953435897827,34956
28.501782417297363,34956
28.502625226974487,34956
28.50345206260681,34956
28.50429654121399,34956
28.505117177963257,34956
28.505972146987915,34956
28.50683045387268,34956
28.507660627365112,34956
28.50851821899414,34956
28.509360551834106,34956
28.510218143463135,34956
28.511051416397095,34956
28.511908531188965,34956
28.512738466262817,34956
28.513593673706055,34956
28.514451026916504,34956
28.515281915664673,34956
28.516127347946167,34956
28.51696538925171,34956
28.517816066741943,34956
28.518648147583008,34956
28.519490480422974,34956
28.52032709121704,34956
28.521162509918213,34956
28.521998405456543,34956
28.522849559783936,34956
28.52370047569275,34956
28.524538040161133,34956
28.52539610862732,34956
28.526215314865112,34956
28.527069091796875,34956
28.527904748916626,34956
28.52873659133911,34956
28.529567003250122,34956
28.53042769432068,34956
28.531273126602173,34956
28.532111406326294,34956
28.532962799072266,34956
28.533802032470703,34956
28.5346577167511,34956
28.535475969314575,34956
28.5363347530365,34956
28.53716278076172,34956
28.53799819946289,34956
28.538835048675537,34956
28.539685010910034,34956
28.54054307937622,34956
28.541380405426025,34956
28.54222059249878,34956
28.543049573898315,34956
28.543891429901123,34956
28.544747352600098,34956
28.545597314834595,34956
28.54644799232483,34956
28.547303915023804,34956
28.548131942749023,34956
28.548975229263306,34956
28.549833059310913,34956
28.550673246383667,34956
28.55152678489685,34956
28.55234718322754,34956
28.55318856239319,34956
28.55402421951294,34956
28.55486226081848,34956
28.555694103240967,34956
28.55656385421753,34956
28.557411432266235,34956
28.558249473571777,34956
28.55910015106201,34956
28.559924602508545,34956
28.560776472091675,34956
28.56161141395569,34956
28.562472343444824,34956
28.563286066055298,34956
28.564130544662476,34956
28.56497311592102,34956
28.565826892852783,34956
28.566683769226074,34956
28.5675151348114,34956
28.568358182907104,34956
28.569167137145996,34956
28.570013284683228,34956
28.570852518081665,34956
28.57171082496643,34956
28.572532415390015,34956
28.573376893997192,34956
28.574206829071045,34956
28.575064420700073,34956
28.575929880142212,34956
28.57676339149475,34956
28.57762312889099,34956
28.57845163345337,34956
28.579293966293335,34956
28.580121278762817,34956
28.580958366394043,34956
28.581793308258057,34956
28.582645893096924,34956
28.5834858417511,34956
28.58432960510254,34956
28.585174083709717,34956
28.58600878715515,34956
28.586873531341553,34956
28.58768653869629,34956
28.588537216186523,34956
28.589374542236328,34956
28.590205907821655,34956
28.591039657592773,34956
28.591896057128906,34956
28.592747688293457,34956
28.59358239173889,34956
28.594435691833496,34956
28.595274448394775,34956
28.5961172580719,34956
28.596946954727173,34956
28.59779644012451,34956
28.598631143569946,34956
28.59947371482849,34956
28.600305795669556,34956
28.601150274276733,34956
28.602009534835815,34956
28.60283374786377,34956
28.60369324684143,34956
28.604529857635498,34956
28.605390310287476,34956
28.606212854385376,34956
28.607062339782715,34956
28.60788917541504,34956
28.608744859695435,34956
28.609596967697144,34956
28.61043429374695,34956
28.611287593841553,34956
28.612112045288086,34956
28.612956523895264,34956
28.613781690597534,34956
28.61462712287903,34956
28.61546277999878,34956
28.61631751060486,34956
28.617143392562866,34956
28.617997407913208,34956
28.61886167526245,34956
28.619689464569092,34956
28.620551824569702,34956
28.621381998062134,34956
28.62223720550537,34956
28.6230571269989,34956
28.62389326095581,34956
28.62472939491272,34956
28.625582218170166,34956
28.626439094543457,34956
28.627278566360474,34956
28.628128051757812,34956
28.62896203994751,34956
28.62981081008911,34956
28.630629301071167,34956
28.6314799785614,34956
28.63231325149536,34956
28.63314437866211,34956
28.63397216796875,34956
28.634833097457886,34956
28.635680675506592,34956
28.636524438858032,34956
28.63737416267395,34956
28.63819980621338,34956
28.63904595375061,34956
28.639878273010254,34956
28.64070987701416,34956
28.64154314994812,34956
28.64238977432251,34956
28.643222332000732,34956
28.64407253265381,34956
28.644931316375732,34956
28.645759344100952,34956
28.646634340286255,34956
28.64746356010437,34956
28.64832305908203,34956
28.649141550064087,34956
28.649979829788208,34956
28.65081548690796,34956
28.651666164398193,34956
28.65251111984253,34956
28.653358936309814,34956
28.654208421707153,34956
28.655039072036743,34956
28.655903816223145,34956
28.65673828125,34956
28.65758466720581,34956
28.658427715301514,34956
28.65926718711853,34956
28.660089254379272,34956
28.66094708442688,34956
28.661789178848267,34956
28.662628889083862,34956
28.66347885131836,34956
28.664316654205322,34956
28.6651508808136,34956
28.665985822677612,34956
28.666855573654175,34956
28.667675495147705,34956
28.66850972175598,34956
28.66934084892273,34956
28.67019009590149,34956
28.671038150787354,34956
28.67186689376831,34956
28.6727192401886,34956
28.67353105545044,34956
28.674376010894775,34956
28.67520236968994,34956
28.676053047180176,34956
28.67689037322998,34956
28.677730560302734,34956
28.678557634353638,34956
28.67941451072693,34956
28.6802761554718,34956
28.681097745895386,34956
28.681954860687256,34956
28.68278932571411,34956
28.68363308906555,34956
28.684446334838867,34956
28.68529963493347,34956
28.686124086380005,34956
28.68698525428772,34956
28.687832355499268,34956
28.688676595687866,34956
28.689539194107056,34956
28.690370798110962,34956
28.691219091415405,34956
28.6920382976532,34956
28.69288468360901,34956
28.693731784820557,34956
28.69459056854248,34956
28.695429801940918,34956
28.696296453475952,34956
28.697136163711548,34956
28.69796395301819,34956
28.698822498321533,34956
28.69965958595276,34956
28.700522422790527,34956
28.701361179351807,34956
28.702195644378662,34956
28.70302438735962,34956
28.703880071640015,34956
28.70473599433899,34956
28.705572605133057,34956
28.706438302993774,34956
28.707279443740845,34956
28.708123207092285,34956
28.708951234817505,34956
28.70978832244873,34956
28.710622549057007,34956
28.71146869659424,34956
28.712312698364258,34956
28.713152647018433,34956
28.714010000228882,34956
28.714836597442627,34956
28.715680360794067,34956
28.716509342193604,34956
28.71735715866089,34956
28.718173027038574,34956
28.71901798248291,34956
28.719849824905396,34956
28.720697164535522,34956
28.72153115272522,34956
28.722384214401245,34956
28.72324800491333,34956
28.724064350128174,34956
28.72492241859436,34956
28.72576093673706,34956
28.726639986038208,34956
28.727474212646484,34956
28.728313446044922,34956
28.729140520095825,34956
28.72999668121338,34956
28.7308566570282,34956
28.731690645217896,34956
28.732544660568237,34956
28.7333767414093,34956
28.734214544296265,34956
28.73503804206848,34956
28.735886573791504,34956
28.736727952957153,34956
28.737571239471436,34956
28.73840832710266,34956
28.73926568031311,34956
28.74011492729187,34956
28.740946531295776,34956
28.741797924041748,34956
28.74263334274292,34956
28.743495225906372,34956
28.744324445724487,34956
28.74517035484314,34956
28.74599575996399,34956
28.74686908721924,34956
28.747729778289795,34956
28.748568296432495,34956
28.74942636489868,34956
28.75025486946106,34956
28.75110173225403,34956
28.751936674118042,34956
28.75278878211975,34956
28.753613710403442,34956
28.754457473754883,34956
28.755300045013428,34956
28.756143808364868,34956
28.756999731063843,34956
28.757840156555176,34956
28.758694410324097,34956
28.75952649116516,34956
28.760379552841187,34956
28.761200428009033,34956
28.76206684112549,34956
28.76290464401245,34956
28.763763904571533,34956
28.76461124420166,34956
28.765447854995728,34956
28.76631450653076,34956
28.76713991165161,34956
28.767988204956055,34956
28.76880931854248,34956
28.7696635723114,34956
28.77049994468689,34956
28.771351099014282,34956
28.77217435836792,34956
28.773022651672363,34956
28.77388095855713,34956
28.774713277816772,34956
28.77556800842285,34956
28.77642512321472,34956
28.777281999588013,34956
28.778108835220337,34956
28.778951406478882,34956
28.779781579971313,34956
28.780632734298706,34956
28.78148102760315,34956
28.782318115234375,34956
28.783161163330078,34956
28.783990144729614,34956
28.784834384918213,34956
28.78565502166748,34956
28.786509037017822,34956
28.787341594696045,34956
28.788177251815796,34956
28.789015531539917,34956
28.78986406326294,34956
28.790724754333496,34956
28.79155206680298,34956
28.79241156578064,34956
28.793249368667603,34956
28.794107675552368,34956
28.794938802719116,34956
28.795776844024658,34956
28.796621561050415,34956
28.79748034477234,34956
28.79833149909973,34956
28.79916024208069,34956
28.800010919570923,34956
28.800847053527832,34956
28.801690101623535,34956
28.802515268325806,34956
28.803369283676147,34956
28.80419373512268,34956
28.80504035949707,34956
28.805874347686768,34956
28.806737899780273,34956
28.807604551315308,34956
28.808430910110474,34956
28.80929207801819,34956
28.810117721557617,34956
28.81097984313965,34956
28.811795949935913,34956
28.812634706497192,34956
28.8134708404541,34956
28.81432294845581,34956
28.815150260925293,34956
28.815999746322632,34956
28.81686282157898,34956
28.817702054977417,34956
28.81855273246765,34956
28.81937885284424,34956
28.820220232009888,34956
28.82105302810669,34956
28.82189679145813,34956
28.82273292541504,34956
28.823593616485596,34956
28.824453830718994,34956
28.8252854347229,34956
28.82613492012024,34956
28.826974153518677,34956
28.827826261520386,34956
28.828656673431396,34956
28.829519987106323,34956
28.830359935760498,34956
28.831204652786255,34956
28.832047700881958,34956
28.83289361000061,34956
28.833744049072266,34956
28.834585189819336,34956
28.83543872833252,34956
28.836264610290527,34956
28.837111473083496,34956
28.83794617652893,34956
28.83878493309021,34956
28.83961772918701,34956
28.840471744537354,34956
28.84131908416748,34956
28.842147827148438,34956
28.842999935150146,34956
28.84384298324585,34956
28.844683170318604,34956
28.84550714492798,34956
28.84636640548706,34956
28.847193479537964,34956
28.84803867340088,34956
28.84888505935669,34956
28.849732160568237,34956
28.850590467453003,34956
28.851418256759644,34956
28.85227632522583,34956
28.853095769882202,34956
28.853944301605225,34956
28.854774713516235,34956
28.855623245239258,34956
28.856470108032227,34956
28.85731291770935,34956
28.85814070701599,34956
28.85898733139038,34956
28.859840393066406,34956
28.860676288604736,34956
28.861527919769287,34956
28.86235499382019,34956
28.86319589614868,34956
28.864023208618164,34956
28.86487364768982,34956
28.86570453643799,34956
28.866559743881226,34956
28.867416858673096,34956
28.868252277374268,34956
28.869100093841553,34956
28.869933366775513,34956
28.87079882621765,34956
28.871622800827026,34956
28.87248659133911,34956
28.87333083152771,34956
28.874174118041992,34956
28.875011205673218,34956
28.875866174697876,34956
28.876739501953125,34956
28.877573251724243,34956
28.87843346595764,34956
28.879246473312378,34956
28.88009023666382,34956
28.880924463272095,34956
28.881760120391846,34956
28.882594108581543,34956
28.8834490776062,34956
28.88430428504944,34956
28.885131359100342,34956
28.8859920501709,34956
28.886832237243652,34956
28.88768243789673,34956
28.888509035110474,34956
28.889349460601807,34956
28.89018225669861,34956
28.891021966934204,34956
28.891865730285645,34956
28.89271879196167,34956
28.893574953079224,34956
28.894399881362915,34956
28.895253658294678,34956
28.8960862159729,34956
28.89695692062378,34956
28.897792100906372,34956
28.89863657951355,34956
28.899465799331665,34956
28.900319814682007,34956
28.90116047859192,34956
28.902002811431885,34956
28.902849435806274,34956
28.903684377670288,34956
28.904526710510254,34956
28.905356407165527,34956
28.906197547912598,34956
28.907031059265137,34956
28.90789008140564,34956
28.90872621536255,34956
28.909578561782837,34956
28.91042971611023,34956
28.911261796951294,34956
28.91210174560547,34956
28.91292119026184,34956
28.913772344589233,34956
28.914588928222656,34956
28.915437936782837,34956
28.91627597808838,34956
28.917109966278076,34956
28.91795563697815,34956
28.918801069259644,34956
28.919658422470093,34956
28.920487880706787,34956
28.92134737968445,34956
28.922165155410767,34956
28.92300820350647,34956
28.92384386062622,34956
28.924687147140503,34956
28.92551565170288,34956
28.926376342773438,34956
28.927215814590454,34956
28.92805790901184,34956
28.92891526222229,34956
28.929747104644775,34956
28.93060803413391,34956
28.93142795562744,34956
28.932272911071777,34956
28.933096647262573,34956
28.933937072753906,34956
28.934764862060547,34956
28.935622692108154,34956
28.93648338317871,34956
28.937315702438354,34956
28.938161611557007,34956
28.93899917602539,34956
28.939847469329834,34956
28.94067692756653,34956
28.941511154174805,34956
28.94234871864319,34956
28.943183183670044,34956
28.944011926651,34956
28.944868803024292,34956
28.94572687149048,34956
28.946563005447388,34956
28.947409868240356,34956
28.948219776153564,34956
28.9490647315979,34956
28.94988989830017,34956
28.95073914527893,34956
28.951576232910156,34956
28.95242404937744,34956
28.9532527923584,34956
28.954100131988525,34956
28.954963207244873,34956
28.95579433441162,34956
28.956660747528076,34956
28.95750093460083,34956
28.958362102508545,34956
28.959190845489502,34956
28.96002697944641,34956
28.960857629776,34956
28.96171736717224,34956
28.96257448196411,34956
28.963407278060913,34956
28.964256763458252,34956
28.9650821685791,34956
28.965928077697754,34956
28.966769456863403,34956
28.96760845184326,34956
28.96844506263733,34956
28.969292879104614,34956
28.97013235092163,34956
28.970977544784546,34956
28.97183322906494,34956
28.97265911102295,34956
28.973506689071655,34956
28.97432541847229,34956
28.975176095962524,34956
28.97600293159485,34956
28.976872444152832,34956
28.977715015411377,34956
28.978561401367188,34956
28.979400634765625,34956
28.980236530303955,34956
28.981087923049927,34956
28.98192572593689,34956
28.982780694961548,34956
28.983601331710815,34956
28.9844491481781,34956
28.985281705856323,34956
28.98611354827881,34956
28.986957550048828,34956
28.98781704902649,34956
28.98866295814514,34956
28.989498138427734,34956
28.990351915359497,34956
28.991170167922974,34956
28.99202537536621,34956
28.992851734161377,34956
28.99369478225708,34956
28.994534492492676,34956
28.995378255844116,34956
28.996213674545288,34956
28.997071743011475,34956
28.997926712036133,34956
28.998767614364624,34956
28.999624967575073,34956
29.000450372695923,34956
29.0013165473938,34956
29.00214433670044,34956
29.002982139587402,34956
29.003808975219727,34956
29.004668712615967,34956
29.005518913269043,34956
29.0063693523407,34956
29.00721836090088,34956
29.008050680160522,34956
29.008912563323975,34956
29.009732723236084,34956
29.010568380355835,34956
29.011403560638428,34956
29.012247562408447,34956
29.013082027435303,34956
29.013933181762695,34956
29.014789819717407,34956
29.015618801116943,34956
29.016483306884766,34956
29.017321348190308,34956
29.018176555633545,34956
29.019001722335815,34956
29.01985478401184,34956
29.020689725875854,34956
29.021550178527832,34956
29.022400856018066,34956
29.023228406906128,34956
29.024091005325317,34956
29.02492380142212,34956
29.02577567100525,34956
29.02661371231079,34956
29.027467727661133,34956
29.028297901153564,34956
29.029136419296265,34956
29.029967546463013,34956
29.030823707580566,34956
29.031688451766968,34956
29.032519340515137,34956
29.033371686935425,34956
29.034186363220215,34956
29.035028219223022,34956
29.03586220741272,34956
29.036709547042847,34956
29.037549257278442,34956
29.038404941558838,34956
29.03924870491028,34956
29.040084838867188,34956
29.04094886779785,34956
29.04177951812744,34956
29.042633295059204,34956
29.043456554412842,34956
29.044304370880127,34956
29.04513669013977,34956
29.04597568511963,34956
29.046813488006592,34956
29.047667980194092,34956
29.048524141311646,34956
29.049357891082764,34956
29.05020236968994,34956
29.051036834716797,34956
29.051887035369873,34956
29.0527184009552,34956
29.05355668067932,34956
29.054389715194702,34956
29.055229902267456,34956
29.05605983734131,34956
29.056923627853394,34956
29.057770252227783,34956
29.05860710144043,34956
29.059456825256348,34956
29.060275077819824,34956
29.06111168861389,34956
29.061936140060425,34956
29.062788009643555,34956
29.06362009048462,34956
29.06446933746338,34956
29.065301418304443,34956
29.06614899635315,34956
29.067033290863037,34956
29.0679030418396,34956
29.068759202957153,34956
29.06958270072937,34956
29.070441961288452,34956
29.071271419525146,34956
29.072103261947632,34956
29.07294225692749,34956
29.073798894882202,34956
29.074644088745117,34956
29.075483798980713,34956
29.076347827911377,34956
29.077170848846436,34956
29.078039407730103,34956
29.07884907722473,34956
29.079699516296387,34956
29.080538511276245,34956
29.081390619277954,34956
29.082212924957275,34956
29.083069324493408,34956
29.083931922912598,34956
29.084752559661865,34956
29.085614681243896,34956
29.086453676223755,34956
29.087301015853882,34956
29.088125467300415,34956
29.088992834091187,34956
29.089821338653564,34956
29.09067940711975,34956
29.091533184051514,34956
29.092371463775635,34956
29.093221187591553,34956
29.09405255317688,34956
29.09490394592285,34956
29.09573197364807,34956
29.096607208251953,34956
29.097429990768433,34956
29.09829020500183,34956
29.099117517471313,34956
29.099966049194336,34956
29.100823402404785,34956
29.101659059524536,34956
29.102509260177612,34956
29.10332989692688,34956
29.10416889190674,34956
29.104999780654907,34956
29.105838537216187,34956
29.106680393218994,34956
29.1075382232666,34956
29.108375072479248,34956
29.109208822250366,34956
29.110063552856445,34956
29.11089324951172,34956
29.111734867095947,34956
29.112573623657227,34956
29.113431930541992,34956
29.114258527755737,34956
29.115083694458008,34956
29.115916967391968,34956
29.116785526275635,34956
29.11764144897461,34956
29.118470430374146,34956
29.11931347846985,34956
29.120120763778687,34956
29.12096881866455,34956
29.12179398536682,34956
29.122628450393677,34956
29.1234712600708,34956
29.124308824539185,34956
29.125144243240356,34956
29.12599015235901,34956
29.126848459243774,34956
29.127683877944946,34956
29.128525257110596,34956
29.129342079162598,34956
29.130186557769775,34956
29.131015062332153,34956
29.13188600540161,34956
29.132721662521362,34956
29.13357162475586,34956
29.134416580200195,34956
29.135255336761475,34956
29.13609218597412,34956
29.13694143295288,34956
29.1378014087677,34956
29.138617992401123,34956
29.139465808868408,34956
29.14029598236084,34956
29.141122817993164,34956
29.1419517993927,34956
29.14280939102173,34956
29.143667697906494,34956
29.14449691772461,34956
29.14534902572632,34956
29.14617681503296,34956
29.147037506103516,34956
29.14786410331726,34956
29.148710250854492,34956
29.149543523788452,34956
29.150390625,34956
29.151224613189697,34956
29.152071475982666,34956
29.152933359146118,34956
29.153758764266968,34956
29.15461826324463,34956
29.155458450317383,34956
29.156325578689575,34956
29.15714716911316,34956
29.157987117767334,34956
29.158811569213867,34956
29.15967559814453,34956
29.160531282424927,34956
29.161364316940308,34956
29.162217140197754,34956
29.163047313690186,34956
29.1638925075531,34956
29.164716482162476,34956
29.165581464767456,34956
29.166459321975708,34956
29.16731071472168,34956
29.168142318725586,34956
29.168987274169922,34956
29.169841766357422,34956
29.170681715011597,34956
29.171531915664673,34956
29.172358989715576,34956
29.17325496673584,34956
29.174108266830444,34956
29.174957990646362,34956
29.17579984664917,34956
29.17666006088257,34956
29.17752194404602,34956
29.17834758758545,34956
29.179195880889893,34956
29.18002724647522,34956
29.180901527404785,34956
29.18172287940979,34956
29.18257999420166,34956
29.183422565460205,34956
29.184267282485962,34956
29.185099363327026,34956
29.18594980239868,34956
29.18682074546814,34956
29.187657356262207,34956
29.188520193099976,34956
29.18934440612793,34956
29.190184593200684,34956
29.191020488739014,34956
29.19185972213745,34956
29.192693948745728,34956
29.193556308746338,34956
29.194417476654053,34956
29.195246696472168,34956
29.19609808921814,34956
29.19694185256958,34956
29.197805881500244,34956
29.198631048202515,34956
29.199469327926636,34956
29.20030951499939,34956
29.20114541053772,34956
29.201987504959106,34956
29.202834844589233,34956
29.203694105148315,34956
29.20451784133911,34956
29.205378770828247,34956
29.206209897994995,34956
29.207080841064453,34956
29.207894563674927,34956
29.20873188972473,34956
29.20956325531006,34956
29.210424184799194,34956
29.21126079559326,34956
29.212095975875854,34956
29.212939023971558,34956
29.213776111602783,34956
29.214634656906128,34956
29.215451955795288,34956
29.216312885284424,34956
29.217141151428223,34956
29.217981576919556,34956
29.218815088272095,34956
29.21966791152954,34956
29.220518827438354,34956
29.221355199813843,34956
29.22219467163086,34956
29.223028659820557,34956
29.22387456893921,34956
29.22470474243164,34956
29.225538969039917,34956
29.226382970809937,34956
29.227229118347168,34956
29.22806692123413,34956
29.228919506072998,34956
29.229778289794922,34956
29.230603456497192,34956
29.231459379196167,34956
29.232298135757446,34956
29.233142614364624,34956
29.23396587371826,34956
29.234808206558228,34956
29.23564577102661,34956
29.236504554748535,34956
29.237350702285767,34956
29.238188982009888,34956
29.239032745361328,34956
29.239871978759766,34956
29.240713834762573,34956
29.24153995513916,34956
29.242388248443604,34956
29.243212938308716,34956
29.244057416915894,34956
29.244892597198486,34956
29.245746850967407,34956
29.24660301208496,34956
29.247445821762085,34956
29.24830150604248,34956
29.249131441116333,34956
29.24997568130493,34956
29.25079345703125,34956
29.25164484977722,34956
29.252471446990967,34956
29.253329277038574,34956
29.254152297973633,34956
29.255005836486816,34956
29.255867958068848,34956
29.25670051574707,34956
29.257561206817627,34956
29.258394241333008,34956
29.259230852127075,34956
29.260067224502563,34956
29.260904550552368,34956
29.26173734664917,34956
29.26258873939514,34956
29.263431787490845,34956
29.26427412033081,34956
29.2651264667511,34956
29.26595377922058,34956
29.26683259010315,34956
29.26763606071472,34956
29.268482446670532,34956
29.26931619644165,34956
29.27014708518982,34956
29.27097797393799,34956
29.271834135055542,34956
29.272688150405884,34956
29.273528337478638,34956
29.274373769760132,34956
29.275200366973877,34956
29.276044130325317,34956
29.27687668800354,34956
29.27772545814514,34956
29.278550148010254,34956
29.279402494430542,34956
29.280231475830078,34956
29.281078815460205,34956
29.28194499015808,34956
29.282768964767456,34956
29.283628463745117,34956
29.284459829330444,34956
29.285324811935425,34956
29.28615093231201,34956
29.286996364593506,34956
29.287827253341675,34956
29.288681268692017,34956
29.289526224136353,34956
29.29036808013916,34956
29.291213989257812,34956
29.292048454284668,34956
29.292893886566162,34956
29.293729782104492,34956
29.294568061828613,34956
29.29541826248169,34956
29.29628300666809,34956
29.297123432159424,34956
29.29796576499939,34956
29.298828601837158,34956
29.29965901374817,34956
29.30051040649414,34956
29.301333904266357,34956
29.30218768119812,34956
29.303011417388916,34956
29.303850889205933,34956
29.304681301116943,34956
29.305540084838867,34956
29.306406021118164,34956
29.30722975730896,34956
29.308082580566406,34956
29.308915376663208,34956
29.309767246246338,34956
29.310601234436035,34956
29.311463594436646,34956
29.31228518486023,34956
29.313119173049927,34956
29.313968420028687,34956
29.314809799194336,34956
29.31566858291626,34956
29.316505670547485,34956
29.31734824180603,34956
29.31815814971924,34956
29.319005012512207,34956
29.319838762283325,34956
29.320703268051147,34956
29.32153820991516,34956
29.3223934173584,34956
29.323228359222412,34956
29.324068546295166,34956
29.324928045272827,34956
29.32576036453247,34956
29.326624870300293,34956
29.327443599700928,34956
29.328293323516846,34956
29.32912254333496,34956
29.32996416091919,34956
29.33079695701599,34956
29.33165740966797,34956
29.33251690864563,34956
29.333345413208008,34956
29.33419370651245,34956
29.33502960205078,34956
29.3358736038208,34956
29.336718797683716,34956
29.337555646896362,34956
29.338385343551636,34956
29.33922266960144,34956
29.340065956115723,34956
29.340917110443115,34956
29.341771125793457,34956
29.342602491378784,34956
29.34345531463623,34956
29.34428071975708,34956
29.345118045806885,34956
29.345949172973633,34956
29.346794605255127,34956
29.3476300239563,34956
29.34848165512085,34956
29.349324703216553,34956
29.35016703605652,34956
29.351019144058228,34956
29.351850748062134,34956
29.352693796157837,34956
29.353521585464478,34956
29.35436987876892,34956
29.355205297470093,34956
29.356066942214966,34956
29.356912851333618,34956
29.35777187347412,34956
29.35863208770752,34956
29.35945773124695,34956
29.360318660736084,34956
29.36114001274109,34956
29.361985445022583,34956
29.362825632095337,34956
29.36366581916809,34956
29.364499807357788,34956
29.36535406112671,34956
29.366183042526245,34956
29.36703848838806,34956
29.367902755737305,34956
29.36873197555542,34956
29.369577646255493,34956
29.370402097702026,34956
29.371249198913574,34956
29.372073650360107,34956
29.37291169166565,34956
29.37374258041382,34956
29.37459373474121,34956
29.375449657440186,34956
29.376285791397095,34956
29.37712788581848,34956
29.377970457077026,34956
29.37881851196289,34956
29.379640102386475,34956
29.380486249923706,34956
29.381308794021606,34956
29.382153511047363,34956
29.38299298286438,34956
29.383840084075928,34956
29.38470458984375,34956
29.38552498817444,34956
29.38639807701111,34956
29.38722538948059,34956
29.38807725906372,34956
29.388901472091675,34956
29.38976550102234,34956
29.390591859817505,34956
29.391459465026855,34956
29.39230442047119,34956
29.393146514892578,34956
29.393995761871338,34956
29.39483118057251,34956
29.39568591117859,34956
29.396515369415283,34956
29.3973650932312,34956
29.398186922073364,34956
29.399031400680542,34956
29.39987063407898,34956
29.40072226524353,34956
29.40157699584961,34956
29.40240454673767,34956
29.403250455856323,34956
29.404064655303955,34956
29.404911994934082,34956
29.405744075775146,34956
29.40659999847412,34956
29.407434225082397,34956
29.408283472061157,34956
29.409099817276,34956
29.409937381744385,34956
29.410784244537354,34956
29.411619424819946,34956
29.412478923797607,34956
29.413313627243042,34956
29.414156913757324,34956
29.414981842041016,34956
29.41582703590393,34956
29.416677713394165,34956
29.41751456260681,34956
29.418363332748413,34956
29.41920256614685,34956
29.4200541973114,34956
29.42088270187378,34956
29.421728372573853,34956
29.4225435256958,34956
29.42340087890625,34956
29.424230575561523,34956
29.425089597702026,34956
29.42591643333435,34956
29.426767110824585,34956
29.427602767944336,34956
29.428452253341675,34956
29.429303884506226,34956
29.430128574371338,34956
29.430970430374146,34956
29.431790113449097,34956
29.432636737823486,34956
29.433465480804443,34956
29.434301614761353,34956
29.435136079788208,34956
29.435976028442383,34956
29.43681764602661,34956
29.43767261505127,34956
29.43852972984314,34956
29.43935489654541,34956
29.440205097198486,34956
29.44104266166687,34956
29.441893100738525,34956
29.44272541999817,34956
29.443581342697144,34956
29.444420337677002,34956
29.44525647163391,34956
29.44609570503235,34956
29.446954488754272,34956
29.447821855545044,34956
29.448651552200317,34956
29.44951105117798,34956
29.4503333568573,34956
29.451177835464478,34956
29.452014446258545,34956
29.452852487564087,34956
29.453685760498047,34956
29.454537868499756,34956
29.455400705337524,34956
29.456223487854004,34956
29.45708966255188,34956
29.457918643951416,34956
29.458771228790283,34956
29.459591150283813,34956
29.460442543029785,34956
29.46127939224243,34956
29.462115049362183,34956
29.462955474853516,34956
29.463810205459595,34956
29.464672327041626,34956
29.46549153327942,34956
29.46636652946472,34956
29.467186212539673,34956
29.468045473098755,34956
29.468867778778076,34956
29.46970224380493,34956
29.470537900924683,34956
29.471389770507812,34956
29.472224950790405,34956
29.47306728363037,34956
29.47391939163208,34956
29.4747531414032,34956
29.475600004196167,34956
29.476435899734497,34956
29.477290630340576,34956
29.478118181228638,34956
29.47895884513855,34956
29.479789972305298,34956
29.480645656585693,34956
29.4815092086792,34956
29.48234462738037,34956
29.48318386077881,34956
29.484012842178345,34956
29.484862089157104,34956
29.48569130897522,34956
29.486538887023926,34956
29.48737668991089,34956
29.488213539123535,34956
29.48904800415039,34956
29.489898681640625,34956
29.490756511688232,34956
29.491586208343506,34956
29.492443799972534,34956
29.493277311325073,34956
29.494119882583618,34956
29.49495530128479,34956
29.495806217193604,34956
29.496644258499146,34956
29.4974946975708,34956
29.49833083152771,34956
29.499174118041992,34956
29.50002408027649,34956
29.500861167907715,34956
29.501705646514893,34956
29.502530336380005,34956
29.50337815284729,34956
29.50420331954956,34956
29.505043268203735,34956
29.50588369369507,34956
29.506749629974365,34956
29.507588624954224,34956
29.508429765701294,34956
29.509288549423218,34956
29.510111808776855,34956
29.510960817337036,34956
29.511781215667725,34956
29.512629747390747,34956
29.513468265533447,34956
29.514314651489258,34956
29.515148162841797,34956
29.515997171401978,34956
29.516865730285645,34956
29.51769208908081,34956
29.51855707168579,34956
29.519392490386963,34956
29.52023720741272,34956
29.521055221557617,34956
29.521889448165894,34956
29.522731065750122,34956
29.52357816696167,34956
29.52442193031311,34956
29.525270462036133,34956
29.52612805366516,34956
29.526965141296387,34956
29.527830600738525,34956
29.528645992279053,34956
29.529494524002075,34956
29.530330657958984,34956
29.531160831451416,34956
29.531997680664062,34956
29.532848834991455,34956
29.533698558807373,34956
29.534532070159912,34956
29.53538727760315,34956
29.536216974258423,34956
29.537078857421875,34956
29.53790831565857,34956
29.53877353668213,34956
29.539607763290405,34956
29.54045796394348,34956
29.54129910469055,34956
29.542136192321777,34956
29.542992115020752,34956
29.543829679489136,34956
29.544678926467896,34956
29.545496463775635,34956
29.546353816986084,34956
29.547186374664307,34956
29.548051595687866,34956
29.54887843132019,34956
29.54972195625305,34956
29.550572395324707,34956
29.551409244537354,34956
29.55225896835327,34956
29.553085327148438,34956
29.553926706314087,34956
29.554757833480835,34956
29.55559754371643,34956
29.55643653869629,34956
29.557286977767944,34956
29.558117151260376,34956
29.55897068977356,34956
29.55982279777527,34956
29.56064772605896,34956
29.561492204666138,34956
29.562309741973877,34956
29.563168048858643,34956
29.563973665237427,34956
29.56482219696045,34956
29.5656476020813,34956
29.56650972366333,34956
29.567354679107666,34956
29.56819462776184,34956
29.56905508041382,34956
29.569880723953247,34956
29.570743322372437,34956
29.57157254219055,34956
29.572421073913574,34956
29.57324743270874,34956
29.574076414108276,34956
29.574909448623657,34956
29.575758934020996,34956
29.576606512069702,34956
29.577460765838623,34956
29.578327655792236,34956
29.57914423942566,34956
29.579996824264526,34956
29.58082103729248,34956
29.58166742324829,34956
29.58249807357788,34956
29.583337783813477,34956
29.584153175354004,34956
29.585009813308716,34956
29.58587098121643,34956
29.58671736717224,34956
29.587562084197998,34956
29.58839726448059,34956
29.589256763458252,34956
29.590077877044678,34956
29.59091305732727,34956
29.591748476028442,34956
29.59259295463562,34956
29.5934157371521,34956
29.594277381896973,34956
29.595118761062622,34956
29.5959575176239,34956
29.59682321548462,34956
29.597665309906006,34956
29.598524808883667,34956
29.599340438842773,34956
29.600169897079468,34956
29.60100555419922,34956
29.601855278015137,34956
29.60269021987915,34956
29.603541135787964,34956
29.604400396347046,34956
29.605224132537842,34956
29.6060688495636,34956
29.606897592544556,34956
29.607746601104736,34956
29.608582735061646,34956
29.609423637390137,34956
29.610255002975464,34956
29.61110234260559,34956
29.61195659637451,34956
29.61279320716858,34956
29.613648414611816,34956
29.614482164382935,34956
29.615329027175903,34956
29.616146087646484,34956
29.617002248764038,34956
29.61784029006958,34956
29.618688106536865,34956
29.619519233703613,34956
29.62037706375122,34956
29.62122678756714,34956
29.62205719947815,34956
29.622904300689697,34956
29.62374234199524,34956
29.624601125717163,34956
29.625426530838013,34956
29.626266717910767,34956
29.627094507217407,34956
29.627944469451904,34956
29.628793001174927,34956
29.629635334014893,34956
29.63049077987671,34956
29.63132619857788,34956
29.63216519355774,34956
29.63298511505127,34956
29.63383412361145,34956
29.634668111801147,34956
29.63551115989685,34956
29.636353254318237,34956
29.637200117111206,34956
29.638047695159912,34956
29.638885974884033,34956
29.63974690437317,34956
29.64057993888855,34956
29.64142346382141,34956
29.642256021499634,34956
29.64308762550354,34956
29.643937587738037,34956
29.644768714904785,34956
29.645612955093384,34956
29.64647340774536,34956
29.64733648300171,34956
29.64815044403076,34956
29.649014472961426,34956
29.6498384475708,34956
29.650683403015137,34956
29.65151572227478,34956
29.65238332748413,34956
29.65320372581482,34956
29.654057502746582,34956
29.654907703399658,34956
29.655749559402466,34956
29.65661072731018,34956
29.657442569732666,34956
29.65828824043274,34956
29.659104585647583,34956
29.659949779510498,34956
29.6607882976532,34956
29.66163396835327,34956
29.66247296333313,34956
29.663330078125,34956
29.6641845703125,34956
29.66501259803772,34956
29.665871620178223,34956
29.666703462600708,34956
29.667547702789307,34956
29.668366193771362,34956
29.66922402381897,34956
29.67005443572998,34956
29.67091155052185,34956
29.671761989593506,34956
29.672608137130737,34956
29.673461437225342,34956
29.674297094345093,34956
29.675140619277954,34956
29.675962448120117,34956
29.67681884765625,34956
29.677659273147583,34956
29.678500652313232,34956
29.679343461990356,34956
29.680187463760376,34956
29.68103337287903,34956
29.681869745254517,34956
29.682724475860596,34956
29.683553218841553,34956
29.68440294265747,34956
29.6852285861969,34956
29.686062574386597,34956
29.68690061569214,34956
29.687756538391113,34956
29.68860149383545,34956
29.689451456069946,34956
29.690311431884766,34956
29.691123485565186,34956
29.691980838775635,34956
29.69282031059265,34956
29.693660020828247,34956
29.69449234008789,34956
29.69533109664917,34956
29.69616198539734,34956
29.697022199630737,34956
29.697868824005127,34956
29.6987087726593,34956
29.699563026428223,34956
29.700398445129395,34956
29.70123600959778,34956
29.702058792114258,34956
29.70290207862854,34956
29.70373821258545,34956
29.70457363128662,34956
29.705403804779053,34956
29.706262826919556,34956
29.707108974456787,34956
29.707942247390747,34956
29.70879602432251,34956
29.709628105163574,34956
29.7104754447937,34956
29.711299657821655,34956
29.71214008331299,34956
29.712976694107056,34956
29.713818550109863,34956
29.714648485183716,34956
29.715502738952637,34956
29.716358423233032,34956
29.71718168258667,34956
29.718037843704224,34956
29.71887183189392,34956
29.719727754592896,34956
29.720561504364014,34956
29.72139835357666,34956
29.722214698791504,34956
29.72305464744568,34956
29.72390103340149,34956
29.724745988845825,34956
29.725597858428955,34956
29.726441383361816,34956
29.727287530899048,34956
29.728103160858154,34956
29.72895121574402,34956
29.729788064956665,34956
29.73063325881958,34956
29.73146891593933,34956
29.732324600219727,34956
29.733166694641113,34956
29.734001874923706,34956
29.73485493659973,34956
29.735686540603638,34956
29.73654007911682,34956
29.737374782562256,34956
29.738197803497314,34956
29.73903727531433,34956
29.73988628387451,34956
29.74072003364563,34956
29.741575956344604,34956
29.74242854118347,34956
29.743252754211426,34956
29.744096279144287,34956
29.744932889938354,34956
29.74579405784607,34956
29.746636152267456,34956
29.747500896453857,34956
29.748337030410767,34956
29.749181509017944,34956
29.750033617019653,34956
29.750868320465088,34956
29.751726627349854,34956
29.75255799293518,34956
29.75341010093689,34956
29.754230260849,34956
29.75506615638733,34956
29.755925178527832,34956
29.756765842437744,34956
29.757610082626343,34956
29.758461475372314,34956
29.75932478904724,34956
29.760141611099243,34956
29.76099467277527,34956
29.76183271408081,34956
29.762680530548096,34956
29.763498067855835,34956
29.764346599578857,34956
29.765169382095337,34956
29.76600670814514,34956
29.766854763031006,34956
29.7677059173584,34956
29.768563747406006,34956
29.76939368247986,34956
29.770246028900146,34956
29.77107048034668,34956
29.771936416625977,34956
29.772773265838623,34956
29.77361273765564,34956
29.774450302124023,34956
29.77530574798584,34956
29.776151418685913,34956
29.776994228363037,34956
29.77784538269043,34956
29.778679847717285,34956
29.779531240463257,34956
29.78035259246826,34956
29.781193733215332,34956
29.782033920288086,34956
29.782881259918213,34956
29.783722400665283,34956
29.784570455551147,34956
29.78543186187744,34956
29.78626799583435,34956
29.787126064300537,34956
29.787952423095703,34956
29.788798570632935,34956
29.78963041305542,34956
29.79047393798828,34956
29.79131317138672,34956
29.792155742645264,34956
29.792993307113647,34956
29.79384422302246,34956
29.794692993164062,34956
29.795527696609497,34956
29.796388387680054,34956
29.797202348709106,34956
29.798046827316284,34956
29.798876762390137,34956
29.79971718788147,34956
29.800537586212158,34956
29.80138325691223,34956
29.802221298217773,34956
29.80306315422058,34956
29.80392813682556,34956
29.80475878715515,34956
29.805605173110962,34956
29.80643081665039,34956
29.807281017303467,34956
29.808108806610107,34956
29.808950662612915,34956
29.809778690338135,34956
29.81063175201416,34956
29.811485052108765,34956
29.81231951713562,34956
29.813170194625854,34956
29.814000844955444,34956
29.81484818458557,34956
29.815669298171997,34956
29.816530466079712,34956
29.81736159324646,34956
29.818204879760742,34956
29.819041967391968,34956
29.819894075393677,34956
29.82075023651123,34956
29.821571826934814,34956
29.822431325912476,34956
29.823269605636597,34956
29.824126720428467,34956
29.824969053268433,34956
29.82580828666687,34956
29.82664728164673,34956
29.82750701904297,34956
29.828361988067627,34956
29.829185485839844,34956
29.830037117004395,34956
29.830872774124146,34956
29.83173632621765,34956
29.83254909515381,34956
29.833396911621094,34956
29.834227323532104,34956
29.83507513999939,34956
29.83591866493225,34956
29.83677387237549,34956
29.837629318237305,34956
29.838458776474,34956
29.839311122894287,34956
29.84013295173645,34956
29.840978384017944,34956
29.84181308746338,34956
29.842650651931763,34956
29.843488693237305,34956
29.844345331192017,34956
29.845173358917236,34956
29.846014499664307,34956
29.846874952316284,34956
29.847720861434937,34956
29.8485746383667,34956
29.84940505027771,34956
29.85025119781494,34956
29.85106897354126,34956
29.85192036628723,34956
29.85275411605835,34956
29.85361337661743,34956
29.854456424713135,34956
29.85529112815857,34956
29.856136560440063,34956
29.856976985931396,34956
29.857830047607422,34956
29.85865306854248,34956
29.859501361846924,34956
29.860339641571045,34956
29.86118221282959,34956
29.86202096939087,34956
29.862871646881104,34956
29.863728284835815,34956
29.864555597305298,34956
29.865402221679688,34956
29.866233587265015,34956
29.867104530334473,34956
29.867931365966797,34956
29.868776321411133,34956
29.869609594345093,34956
29.87046480178833,34956
29.87131667137146,34956
29.872143268585205,34956
29.8729989528656,34956
29.87383222579956,34956
29.874675989151,34956
29.87550115585327,34956
29.876360177993774,34956
29.877192974090576,34956
29.878039121627808,34956
29.87887692451477,34956
29.87972855567932,34956
29.88058590888977,34956
29.88141417503357,34956
29.88227343559265,34956
29.883102655410767,34956
29.883953094482422,34956
29.88477325439453,34956
29.885604858398438,34956
29.88645076751709,34956
29.887301206588745,34956
29.888129949569702,34956
29.888970375061035,34956
29.889822006225586,34956
29.890660524368286,34956
29.8915114402771,34956
29.89233374595642,34956
29.8931725025177,34956
29.894007205963135,34956
29.89484715461731,34956
29.895687341690063,34956
29.896549463272095,34956
29.897401332855225,34956
29.898231029510498,34956
29.89908266067505,34956
29.89992094039917,34956
29.900784969329834,34956
29.901613473892212,34956
29.902466535568237,34956
29.903289318084717,34956
29.904125452041626,34956
29.904962062835693,34956
29.90581250190735,34956
29.906673431396484,34956
29.90750551223755,34956
29.908363580703735,34956
29.909181833267212,34956
29.91002607345581,34956
29.910860776901245,34956
29.91171622276306,34956
29.91254234313965,34956
29.913389444351196,34956
29.914226055145264,34956
29.915072917938232,34956
29.915929317474365,34956
29.9167742729187,34956
29.917627811431885,34956
29.91844892501831,34956
29.91929602622986,34956
29.920128107070923,34956
29.92096734046936,34956
29.92180037498474,34956
29.922658681869507,34956
29.923508405685425,34956
29.924344062805176,34956
29.92519998550415,34956
29.926024198532104,34956
29.926881790161133,34956
29.927711248397827,34956
29.928546905517578,34956
29.929386615753174,34956
29.93022322654724,34956
29.9310622215271,34956
29.931923866271973,34956
29.932786226272583,34956
29.933608055114746,34956
29.93447494506836,34956
29.935306549072266,34956
29.93614411354065,34956
29.93699288368225,34956
29.937856435775757,34956
29.938692331314087,34956
29.939554929733276,34956
29.940406560897827,34956
29.94123077392578,34956
29.942089080810547,34956
29.942924976348877,34956
29.943791151046753,34956
29.94461178779602,34956
29.945462465286255,34956
29.946287870407104,34956
29.947123527526855,34956
29.94795298576355,34956
29.948811292648315,34956
29.949670791625977,34956
29.95050072669983,34956
29.951354265213013,34956
29.952189207077026,34956
29.953052043914795,34956
29.95388889312744,34956
29.954729080200195,34956
29.95555019378662,34956
29.956401824951172,34956
29.95723009109497,34956
29.958075761795044,34956
29.95892357826233,34956
29.959763765335083,34956
29.960614442825317,34956
29.96143364906311,34956
29.962279081344604,34956
29.96310544013977,34956
29.963948011398315,34956
29.9647798538208,34956
29.965633869171143,34956
29.96649146080017,34956
29.96733045578003,34956
29.968177795410156,34956
29.969011783599854,34956
29.96985960006714,34956
29.97068166732788,34956
29.971527576446533,34956
29.97236704826355,34956
29.973202228546143,34956
29.97404456138611,34956
29.974895238876343,34956
29.975748538970947,34956
29.97658610343933,34956
29.977442741394043,34956
29.978278636932373,34956
29.979130744934082,34956
29.97996211051941,34956
29.980807304382324,34956
29.981637716293335,34956
29.98249912261963,34956
29.983340978622437,34956
29.984172344207764,34956
29.985031366348267,34956
29.985865116119385,34956
29.986722946166992,34956
29.9875431060791,34956
29.988391399383545,34956
29.989221811294556,34956
29.990071296691895,34956
29.99090051651001,34956
29.99176025390625,34956
29.992616891860962,34956
29.993448734283447,34956
29.994304895401,34956
29.995128870010376,34956
29.99598526954651,34956
29.996826887130737,34956
29.997658729553223,34956
29.998475074768066,34956
29.999321460723877,34956
30.00014877319336,34956
30.001001834869385,34956
30.00185537338257,34956
30.002685070037842,34956
30.003540754318237,34956
30.004382610321045,34956
30.00521492958069,34956
30.006046056747437,34956
30.00690221786499,34956
30.007726669311523,34956
30.008597135543823,34956
30.009434461593628,34956
30.010273933410645,34956
30.011117219924927,34956
30.01196050643921,34956
30.01281213760376,34956
30.01363468170166,34956
30.014482259750366,34956
30.015315294265747,34956
30.0161452293396,34956
30.016984224319458,34956
30.017839908599854,34956
30.018686056137085,34956
30.019527196884155,34956
30.020376443862915,34956
30.021202564239502,34956
30.0220685005188,34956
30.022883653640747,34956
30.023733854293823,34956
30.024576902389526,34956
30.025420904159546,34956
30.026276111602783,34956
30.02711844444275,34956
30.027977228164673,34956
30.028810262680054,34956
30.029664516448975,34956
30.03050708770752,34956
30.03136944770813,34956
30.0322003364563,34956
30.033041954040527,34956
30.033873081207275,34956
30.03472399711609,34956
30.035571813583374,34956
30.036415576934814,34956
30.03727149963379,34956
30.038093328475952,34956
30.038935899734497,34956
30.039764165878296,34956
30.040619134902954,34956
30.04145050048828,34956
30.042288780212402,34956
30.043123483657837,34956
30.043975114822388,34956
30.044833660125732,34956
30.045660972595215,34956
30.046523571014404,34956
30.047364234924316,34956
30.048216819763184,34956
30.04905080795288,34956
30.049890756607056,34956
30.05072045326233,34956
30.05157446861267,34956
30.05242085456848,34956
30.05325937271118,34956
30.05410361289978,34956
30.054937601089478,34956
30.055779218673706,34956
30.056615591049194,34956
30.057483673095703,34956
30.05831789970398,34956
30.05916118621826,34956
30.060001611709595,34956
30.060845613479614,34956
30.06169605255127,34956
30.06252932548523,34956
30.063393115997314,34956
30.06419825553894,34956
30.065049648284912,34956
30.065882444381714,34956
30.066734075546265,34956
30.067552089691162,34956
30.0684015750885,34956
30.069247007369995,34956
30.070075273513794,34956
30.07092571258545,34956
30.07176637649536,34956
30.072619438171387,34956
30.073450565338135,34956
30.07430338859558,34956
30.075129985809326,34956
30.075973749160767,34956
30.076817274093628,34956
30.077675342559814,34956
30.078532218933105,34956
30.079370260238647,34956
30.080217599868774,34956
30.081058740615845,34956
30.0819034576416,34956
30.082727193832397,34956
30.083566665649414,34956
30.084404230117798,34956
30.085245609283447,34956
30.086079835891724,34956
30.086941957473755,34956
30.087799787521362,34956
30.088631868362427,34956
30.089491367340088,34956
30.09052085876465,34956
30.09138536453247,34956
30.09221386909485,34956
30.093066692352295,34956
30.09391975402832,34956
30.09475302696228,34956
30.09560251235962,34956
30.096428155899048,34956
30.097273349761963,34956
30.098090648651123,34956
30.098936557769775,34956
30.099774837493896,34956
30.100619554519653,34956
30.101451635360718,34956
30.102309226989746,34956
30.10316014289856,34956
30.103989839553833,34956
30.104849815368652,34956
30.105686902999878,34956
30.106553077697754,34956
30.107368230819702,34956
30.108202934265137,34956
30.10904026031494,34956
30.109891653060913,34956
30.11073398590088,34956
30.111579656600952,34956
30.11244225502014,34956
30.113272190093994,34956
30.114133596420288,34956
30.11494469642639,34956
30.11579155921936,34956
30.116626501083374,34956
30.117477655410767,34956
30.11830711364746,34956
30.11915612220764,34956
30.120003700256348,34956
30.12083625793457,34956
30.121686697006226,34956
30.12252402305603,34956
30.123371362686157,34956
30.12419819831848,34956
30.125036239624023,34956
30.125866174697876,34956
30.126722812652588,34956
30.127556085586548,34956
30.128414154052734,34956
30.129276752471924,34956
30.130091190338135,34956
30.130945205688477,34956
30.131783723831177,34956
30.132648944854736,34956
30.133471727371216,34956
30.134324073791504,34956
30.13514280319214,34956
30.13599681854248,34956
30.13685178756714,34956
30.137685775756836,34956
30.138535022735596,34956
30.13935422897339,34956
30.14020800590515,34956
30.141022443771362,34956
30.14187264442444,34956
30.142704248428345,34956
30.143542289733887,34956
30.144371509552002,34956
30.14521813392639,34956
30.14607000350952,34956
30.146913766860962,34956
30.147770166397095,34956
30.14860486984253,34956
30.14944863319397,34956
30.150265216827393,34956
30.15110945701599,34956
30.151946783065796,34956
30.152793169021606,34956
30.153621673583984,34956
30.154476404190063,34956
30.155334949493408,34956
30.156155109405518,34956
30.157020330429077,34956
30.157862901687622,34956
30.15872287750244,34956
30.159551858901978,34956
30.160391807556152,34956
30.161216974258423,34956
30.162072896957397,34956
30.162930965423584,34956
30.163763284683228,34956
30.164621114730835,34956
30.16545343399048,34956
30.166306257247925,34956
30.167125701904297,34956
30.16797184944153,34956
30.168806314468384,34956
30.16965413093567,34956
30.170490980148315,34956
30.171346187591553,34956
30.172199249267578,34956
30.173024654388428,34956
30.173882007598877,34956
30.174718618392944,34956
30.175573587417603,34956
30.176410675048828,34956
30.177246809005737,34956
30.178083419799805,34956
30.178935050964355,34956
30.179774522781372,34956
30.180625677108765,34956
30.18148899078369,34956
30.182321310043335,34956
30.18317699432373,34956
30.18399930000305,34956
30.18484854698181,34956
30.185685634613037,34956
30.186534643173218,34956
30.18736958503723,34956
30.18822193145752,34956
30.189062118530273,34956
30.189908266067505,34956
30.19075870513916,34956
30.191593170166016,34956
30.192448139190674,34956
30.1932635307312,34956
30.194111108779907,34956
30.19494366645813,34956
30.195791959762573,34956
30.196638584136963,34956
30.197497844696045,34956
30.198354959487915,34956
30.199176788330078,34956
30.200037240982056,34956
30.20087480545044,34956
30.201740264892578,34956
30.20257258415222,34956
30.203425645828247,34956
30.20425581932068,34956
30.205106735229492,34956
30.205957651138306,34956
30.20680809020996,34956
30.20765995979309,34956
30.208488702774048,34956
30.209338188171387,34956
30.210153818130493,34956
30.21100687980652,34956
30.21184468269348,34956
30.212690353393555,34956
30.213510274887085,34956
30.214350700378418,34956
30.215190172195435,34956
30.21603012084961,34956
30.216897010803223,34956
30.217732667922974,34956
30.218583822250366,34956
30.21941637992859,34956
30.220245838165283,34956
30.221078872680664,34956
30.221925735473633,34956
30.222758054733276,34956
30.223608016967773,34956
30.224464893341064,34956
30.22529673576355,34956
30.226147413253784,34956
30.22698736190796,34956
30.227834463119507,34956
30.22867226600647,34956
30.229512691497803,34956
30.230350017547607,34956
30.231194496154785,34956
30.232033729553223,34956
30.232879161834717,34956
30.233736753463745,34956
30.23456835746765,34956
30.235421180725098,34956
30.23623514175415,34956
30.237092971801758,34956
30.237930297851562,34956
30.238770246505737,34956
30.239603757858276,34956
30.2404625415802,34956
30.241303205490112,34956
30.242130517959595,34956
30.242985486984253,34956
30.24382472038269,34956
30.244672536849976,34956
30.24549889564514,34956
30.246357917785645,34956
30.247186422348022,34956
30.248034954071045,34956
30.24886131286621,34956
30.249722242355347,34956
30.25058341026306,34956
30.251405477523804,34956
30.25225806236267,34956
30.253066301345825,34956
30.253922939300537,34956
30.254737854003906,34956
30.255585432052612,34956
30.25643301010132,34956
30.25727367401123,34956
30.258095741271973,34956
30.25895357131958,34956
30.259816884994507,34956
30.2606463432312,34956
30.261497497558594,34956
30.262313842773438,34956
30.263165712356567,34956
30.263981580734253,34956
30.26482892036438,34956
30.26566767692566,34956
30.266524076461792,34956
30.267366886138916,34956
30.268205881118774,34956
30.269062280654907,34956
30.26988673210144,34956
30.270737648010254,34956
30.271549940109253,34956
30.27239155769348,34956
30.273209810256958,34956
30.27406144142151,34956
30.27489948272705,34956
30.275749683380127,34956
30.27659845352173,34956
30.27744770050049,34956
30.278303384780884,34956
30.279123783111572,34956
30.279972076416016,34956
30.280786752700806,34956
30.281639099121094,34956
30.28245997428894,34956
30.28330659866333,34956
30.284140586853027,34956
30.284985065460205,34956
30.2858247756958,34956
30.286686182022095,34956
30.28754711151123,34956
30.28837490081787,34956
30.28921890258789,34956
30.290035486221313,34956
30.290892362594604,34956
30.291704416275024,34956
30.292554140090942,34956
30.29339575767517,34956
30.29423236846924,34956
30.2950599193573,34956
30.295915603637695,34956
30.29677677154541,34956
30.297611951828003,34956
30.29846692085266,34956
30.299278736114502,34956
30.300119638442993,34956
30.300955295562744,34956
30.301788330078125,34956
30.302627325057983,34956
30.303475379943848,34956
30.30430245399475,34956
30.305155277252197,34956
30.30601477622986,34956
30.306849002838135,34956
30.30769157409668,34956
30.30850887298584,34956
30.309361219406128,34956
30.310187339782715,34956
30.3110408782959,34956
30.311869382858276,34956
30.312708139419556,34956
30.31353759765625,34956
30.314390659332275,34956
30.31525230407715,34956
30.316067457199097,34956
30.31692337989807,34956
30.317745685577393,34956
30.318596124649048,34956
30.31943154335022,34956
30.320289134979248,34956
30.32110595703125,34956
30.32194972038269,34956
30.32278299331665,34956
30.323639392852783,34956
30.324498414993286,34956
30.325321912765503,34956
30.326176166534424,34956
30.32701539993286,34956
30.32785964012146,34956
30.328689098358154,34956
30.329524040222168,34956
30.330365419387817,34956
30.331205368041992,34956
30.332046270370483,34956
30.332889318466187,34956
30.33374834060669,34956
30.33457589149475,34956
30.335431575775146,34956
30.33626079559326,34956
30.3371000289917,34956
30.337934017181396,34956
30.338775634765625,34956
30.33960771560669,34956
30.34045910835266,34956
30.34130859375,34956
30.34213399887085,34956
30.342989921569824,34956
30.3438241481781,34956
30.344675064086914,34956
30.345492124557495,34956
30.346348524093628,34956
30.34716820716858,34956
30.348023176193237,34956
30.34885263442993,34956
30.34970760345459,34956
30.350561380386353,34956
30.351393461227417,34956
30.35223698616028,34956
30.353073596954346,34956
30.35392165184021,34956
30.35474967956543,34956
30.35559105873108,34956
30.35643172264099,34956
30.357282876968384,34956
30.358123779296875,34956
30.35896635055542,34956
30.359827756881714,34956
30.360655307769775,34956
30.3614981174469,34956
30.362325429916382,34956
30.3631649017334,34956
30.36400294303894,34956
30.36484432220459,34956
30.36567449569702,34956
30.366542100906372,34956
30.367393016815186,34956
30.368226766586304,34956
30.36907982826233,34956
30.369913339614868,34956
30.370758295059204,34956
30.371587991714478,34956
30.37242555618286,34956
30.37325930595398,34956
30.37409543991089,34956
30.374939680099487,34956
30.37578845024109,34956
30.376657962799072,34956
30.37747573852539,34956
30.378332138061523,34956
30.379164934158325,34956
30.380029439926147,34956
30.380857944488525,34956
30.381691694259644,34956
30.382503509521484,34956
30.383359670639038,34956
30.384187936782837,34956
30.38503336906433,34956
30.385884761810303,34956
30.386730432510376,34956
30.38759160041809,34956
30.388410091400146,34956
30.38925528526306,34956
30.390082597732544,34956
30.39092183113098,34956
30.391753673553467,34956
30.392607927322388,34956
30.393458366394043,34956
30.39429020881653,34956
30.39514422416687,34956
30.395976781845093,34956
30.39683485031128,34956
30.39765763282776,34956
30.398504972457886,34956
30.39933443069458,34956
30.400182247161865,34956
30.40101647377014,34956
30.40186595916748,34956
30.402722597122192,34956
30.403549671173096,34956
30.40439486503601,34956
30.405201196670532,34956
30.40605354309082,34956
30.406880617141724,34956
30.407732248306274,34956
30.408570051193237,34956
30.409414291381836,34956
30.410261392593384,34956
30.411094427108765,34956
30.411949396133423,34956
30.41277575492859,34956
30.413633108139038,34956
30.414461374282837,34956
30.415307760238647,34956
30.416137218475342,34956
30.41697931289673,34956
30.41781234741211,34956
30.418665170669556,34956
30.41949963569641,34956
30.420348405838013,34956
30.421190977096558,34956
30.422026872634888,34956
30.422879219055176,34956
30.423706531524658,34956
30.424554109573364,34956
30.425392150878906,34956
30.426224946975708,34956
30.42706608772278,34956
30.42792820930481,34956
30.42877960205078,34956
30.429619073867798,34956
30.43047261238098,34956
30.431307554244995,34956
30.432142972946167,34956
30.43297505378723,34956
30.433812856674194,34956
30.43465280532837,34956
30.43550157546997,34956
30.43635129928589,34956
30.437196969985962,34956
30.438050031661987,34956
30.438878059387207,34956
30.439738035202026,34956
30.440574645996094,34956
30.441441535949707,34956
30.44226837158203,34956
30.443115711212158,34956
30.443949460983276,34956
30.444804906845093,34956
30.445645332336426,34956
30.44649338722229,34956
30.44734835624695,34956
30.44817805290222,34956
30.449021577835083,34956
30.449857234954834,34956
30.450721979141235,34956
30.451557159423828,34956
30.452412843704224,34956
30.453253984451294,34956
30.45409607887268,34956
30.4549503326416,34956
30.455791473388672,34956
30.456664323806763,34956
30.457478523254395,34956
30.458329677581787,34956
30.45915722846985,34956
30.459994554519653,34956
30.460827827453613,34956
30.46167755126953,34956
30.462526559829712,34956
30.46336269378662,34956
30.464210510253906,34956
30.465046167373657,34956
30.465896129608154,34956
30.466725826263428,34956
30.46757221221924,34956
30.468406915664673,34956
30.469250440597534,34956
30.470086097717285,34956
30.470937490463257,34956
30.471800565719604,34956
30.47249722480774,34956
30.47298574447632,34956
30.473480463027954,34956
30.47396683692932,34956
30.47446584701538,34956
30.474955797195435,34956
30.47545027732849,34956
30.475931406021118,34956
30.47644281387329,34956
30.476927995681763,34956
30.477420330047607,34956
30.47790265083313,34956
30.47839879989624,34956
30.478885173797607,34956
30.479384660720825,34956
30.479870319366455,34956
30.480364561080933,34956
30.480847358703613,34956
30.481346130371094,34956
30.481837511062622,34956
30.482324361801147,34956
30.482808828353882,34956
30.483296871185303,34956
30.48378562927246,34956
30.4842689037323,34956
30.484756231307983,34956
30.485255002975464,34956
30.48574686050415,34956
30.486231088638306,34956
30.4867262840271,34956
30.48720359802246,34956
30.48769974708557,34956
30.48818039894104,34956
30.48867702484131,34956
30.48916506767273,34956
30.489657402038574,34956
30.49013590812683,34956
30.4906268119812,34956
30.491106033325195,34956
30.491607666015625,34956
30.49209475517273,34956
30.492588996887207,34956
30.493069171905518,34956
30.49357032775879,34956
30.494054555892944,34956
30.49454355239868,34956
30.495033502578735,34956
30.49553346633911,34956
30.496026515960693,34956
30.496537446975708,34956
30.497021675109863,34956
30.497525930404663,34956
30.49800968170166,34956
30.498520612716675,34956
30.49901294708252,34956
30.499505519866943,34956
30.49999737739563,34956
30.500494956970215,34956
30.500983238220215,34956
30.501474142074585,34956
30.50196623802185,34956
30.502457857131958,34956
30.50294280052185,34956
30.50343346595764,34956
30.503917694091797,34956
30.50441598892212,34956
30.504904985427856,34956
30.50539803504944,34956
30.505881786346436,34956
30.506386518478394,34956
30.506879329681396,34956
30.50737452507019,34956
30.507855653762817,34956
30.5083429813385,34956
30.508838415145874,34956
30.509326219558716,34956
30.50981092453003,34956
30.51030397415161,34956
30.510793924331665,34956
30.511279106140137,34956
30.51176428794861,34956
30.512253999710083,34956
30.512738943099976,34956
30.51321005821228,34956
30.513699769973755,34956
30.51418423652649,34956
30.514675617218018,34956
30.5151629447937,34956
30.51566219329834,34956
30.516151428222656,34956
30.51665210723877,34956
30.51712989807129,34956
30.51761817932129,34956
30.518100023269653,34956
30.518593072891235,34956
30.519079208374023,34956
30.51957416534424,34956
30.520058155059814,34956
30.520555019378662,34956
30.521034002304077,34956
30.52153491973877,34956
30.522013187408447,34956
30.522505521774292,34956
30.52300238609314,34956
30.523505687713623,34956
30.52398705482483,34956
30.52448320388794,34956
30.524967432022095,34956
30.525465726852417,34956
30.52594494819641,34956
30.52645182609558,34956
30.526939392089844,34956
30.527435779571533,34956
30.52792739868164,34956
30.528430461883545,34956
30.52891778945923,34956
30.529417991638184,34956
30.52991008758545,34956
30.530406951904297,34956
30.530897855758667,34956
30.531389713287354,34956
30.531866550445557,34956
30.532361030578613,34956
30.532841682434082,34956
30.53334331512451,34956
30.53383207321167,34956
30.534319639205933,34956
30.534814596176147,34956
30.535305738449097,34956
30.53578233718872,34956
30.536287784576416,34956
30.536777019500732,34956
30.537266492843628,34956
30.53775668144226,34956
30.53823208808899,34956
30.538723468780518,34956
30.539214611053467,34956
30.539709329605103,34956
30.54019808769226,34956
30.540690898895264,34956
30.54117727279663,34956
30.541674852371216,34956
30.542164087295532,34956
30.542659521102905,34956
30.543141841888428,34956
30.54364037513733,34956
30.544130563735962,34956
30.54462957382202,34956
30.54511046409607,34956
30.545595169067383,34956
30.546082973480225,34956
30.54658055305481,34956
30.547067880630493,34956
30.547553300857544,34956
30.54804491996765,34956
30.548538208007812,34956
30.54901933670044,34956
30.549519538879395,34956
30.549996852874756,34956
30.550485610961914,34956
30.55097770690918,34956
30.551469564437866,34956
30.551957368850708,34956
30.55245304107666,34956
30.552932739257812,34956
30.553423643112183,34956
30.55390739440918,34956
30.554393529891968,34956
30.554877519607544,34956
30.555363416671753,34956
30.555846452713013,34956
30.55634880065918,34956
30.556838512420654,34956
30.55733060836792,34956
30.557817220687866,34956
30.558319091796875,34956
30.55880570411682,34956
30.55929732322693,34956
30.559776782989502,34956
30.560269117355347,34956
30.56075692176819,34956
30.5612473487854,34956
30.561736822128296,34956
30.56222939491272,34956
30.562718391418457,34956
30.563209056854248,34956
30.563705682754517,34956
30.564191579818726,34956
30.564682483673096,34956
30.56516933441162,34956
30.565669298171997,34956
30.566161155700684,34956
30.56666874885559,34956
30.567153215408325,34956
30.567650318145752,34956
30.568137168884277,34956
30.568641662597656,34956
30.569127082824707,34956
30.569626808166504,34956
30.570122003555298,34956
30.570611476898193,34956
30.571085214614868,34956
30.571577787399292,34956
30.5720694065094,34956
30.572568655014038,34956
30.573044061660767,34956
30.573538064956665,34956
30.574012994766235,34956
30.57451057434082,34956
30.574991464614868,34956
30.575486183166504,34956
30.575974941253662,34956
30.57647204399109,34956
30.576956272125244,34956
30.577448844909668,34956
30.5779287815094,34956
30.57842230796814,34956
30.578901767730713,34956
30.57940363883972,34956
30.579896450042725,34956
30.580393075942993,34956
30.580885410308838,34956
30.5813729763031,34956
30.581857681274414,34956
30.58235478401184,34956
30.58283305168152,34956
30.58332657814026,34956
30.583811283111572,34956
30.58430504798889,34956
30.584783792495728,34956
30.585274696350098,34956
30.585758447647095,34956
30.586248636245728,34956
30.586739778518677,34956
30.587223291397095,34956
30.587716341018677,34956
30.58820128440857,34956
30.588682413101196,34956
30.58916711807251,34956
30.589662551879883,34956
30.590144395828247,34956
30.590636491775513,34956
30.591111183166504,34956
30.591610431671143,34956
30.592090368270874,34956
30.59258770942688,34956
30.59307360649109,34956
30.59360671043396,34956
30.594141483306885,34956
30.594637870788574,34956
30.59512186050415,34956
30.595617532730103,34956
30.596107244491577,34956
30.596622467041016,34956
30.59711527824402,34956
30.597614526748657,34956
30.598105907440186,34956
30.598605394363403,34956
30.59908437728882,34956
30.59958267211914,34956
30.600066900253296,34956
30.600566625595093,34956
30.601055145263672,34956
30.601547718048096,34956
30.602033138275146,34956
30.60253143310547,34956
30.603018760681152,34956
30.60350728034973,34956
30.603988647460938,34956
30.60448694229126,34956
30.604968786239624,34956
30.605469703674316,34956
30.605953454971313,34956
30.606456518173218,34956
30.606938123703003,34956
30.607424020767212,34956
30.607901334762573,34956
30.60839605331421,34956
30.608881950378418,34956
30.609376192092896,34956
30.609861373901367,34956
30.610361337661743,34956
30.610849857330322,34956
30.611348152160645,34956
30.61182928085327,34956
30.612324714660645,34956
30.612813472747803,34956
30.613303184509277,34956
30.6137855052948,34956
30.61427354812622,34956
30.614757537841797,34956
30.615246534347534,34956
30.61573028564453,34956
30.616211652755737,34956
30.61671757698059,34956
30.61720561981201,34956
30.61768937110901,34956
30.61817693710327,34956
30.61866044998169,34956
30.619155406951904,34956
30.619646549224854,34956
30.62012553215027,34956
30.620617628097534,34956
30.62110686302185,34956
30.6216037273407,34956
30.62208080291748,34956
30.622583150863647,34956
30.623068809509277,34956
30.623570442199707,34956
30.624051809310913,34956
30.62454342842102,34956
30.625027179718018,34956
30.625519275665283,34956
30.62599754333496,34956
30.626505374908447,34956
30.626992225646973,34956
30.627488613128662,34956
30.627970695495605,34956
30.62846326828003,34956
30.628956079483032,34956
30.629437685012817,34956
30.629921913146973,34956
30.63042116165161,34956
30.630905628204346,34956
30.63139843940735,34956
30.63189148902893,34956
30.6323823928833,34956
30.63287353515625,34956
30.63336992263794,34956
30.63385796546936,34956
30.63435411453247,34956
30.634844303131104,34956
30.635337352752686,34956
30.635821104049683,34956
30.636326551437378,34956
30.636817693710327,34956
30.63731026649475,34956
30.637789487838745,34956
30.638277053833008,34956
30.638755559921265,34956
30.63924765586853,34956
30.639731407165527,34956
30.640214204788208,34956
30.64070749282837,34956
30.64119553565979,34956
30.641693592071533,34956
30.642173528671265,34956
30.64266586303711,34956
30.64315938949585,34956
30.643656015396118,34956
30.644140481948853,34956
30.64463233947754,34956
30.64510679244995,34956
30.645601272583008,34956
30.646088361740112,34956
30.64659070968628,34956
30.647068977355957,34956
30.647565603256226,34956
30.64805769920349,34956
30.64854645729065,34956
30.64902973175049,34956
30.649530172348022,34956
30.650022506713867,34956
30.650520086288452,34956
30.651008367538452,34956
30.65150213241577,34956
30.651989221572876,34956
30.652477741241455,34956
30.652966260910034,34956
30.6534686088562,34956
30.65395164489746,34956
30.654438257217407,34956
30.65492296218872,34956
30.655415058135986,34956
30.655899047851562,34956
30.65640616416931,34956
30.65689969062805,34956
30.657395839691162,34956
30.657882690429688,34956
30.658377647399902,34956
30.65886092185974,34956
30.6593599319458,34956
30.659847259521484,34956
30.660338163375854,34956
30.660828351974487,34956
30.66131901741028,34956
30.661796808242798,34956
30.662288188934326,34956
30.662778854370117,34956
30.663268089294434,34956
30.663755655288696,34956
30.664246559143066,34956
30.664725303649902,34956
30.66521191596985,34956
30.665698766708374,34956
30.6661856174469,34956
30.666693449020386,34956
30.667168378829956,34956
30.667658805847168,34956
30.668145895004272,34956
30.668641090393066,34956
30.669124841690063,34956
30.66960859298706,34956
30.670090913772583,34956
30.670591831207275,34956
30.67107892036438,34956
30.67157554626465,34956
30.67205786705017,34956
30.672553777694702,34956
30.673038005828857,34956
30.67352819442749,34956
30.674007177352905,34956
30.674505472183228,34956
30.674997091293335,34956
30.67548704147339,34956
30.6759774684906,34956
30.67647671699524,34956
30.676965475082397,34956
30.677468299865723,34956
30.67795705795288,34956
30.67845106124878,34956
30.678932666778564,34956
30.67941403388977,34956
30.679896354675293,34956
30.68038535118103,34956
30.68087363243103,34956
30.681373357772827,34956
30.681859970092773,34956
30.68235421180725,34956
30.682835340499878,34956
30.683326482772827,34956
30.68380355834961,34956
30.684298038482666,34956
30.684786796569824,34956
30.68528127670288,34956
30.68577551841736,34956
30.68626308441162,34956
30.68674921989441,34956
30.687228202819824,34956
30.68771767616272,34956
30.688201665878296,34956
30.688700437545776,34956
30.689180850982666,34956
30.68966579437256,34956
30.690154790878296,34956
30.690648317337036,34956
30.69113540649414,34956
30.69163155555725,34956
30.692115306854248,34956
30.69260835647583,34956
30.69309091567993,34956
30.6935818195343,34956
30.694064140319824,34956
30.694565534591675,34956
30.69505548477173,34956
30.69554615020752,34956
30.696038484573364,34956
30.696532011032104,34956
30.697014093399048,34956
30.69750714302063,34956
30.697991609573364,34956
30.698480367660522,34956
30.698974609375,34956
30.699469566345215,34956
30.699954509735107,34956
30.700450897216797,34956
30.7009334564209,34956
30.70142126083374,34956
30.70190930366516,34956
30.70239496231079,34956
30.70288109779358,34956
30.703376054763794,34956
30.703850984573364,34956
30.704346418380737,34956
30.704829454421997,34956
30.705324411392212,34956
30.70581579208374,34956
30.706318378448486,34956
30.70680522918701,34956
30.707300424575806,34956
30.707785606384277,34956
30.708271980285645,34956
30.708746433258057,34956
30.70924425125122,34956
30.709725618362427,34956
30.710215091705322,34956
30.710713863372803,34956
30.711194038391113,34956
30.711687803268433,34956
30.71217656135559,34956
30.71266269683838,34956
30.713141441345215,34956
30.713634729385376,34956
30.714123964309692,34956
30.71462631225586,34956
30.715101957321167,34956
30.715598344802856,34956
30.71608543395996,34956
30.71659278869629,34956
30.71708059310913,34956
30.717575788497925,34956
30.71806788444519,34956
30.718566179275513,34956
30.719053506851196,34956
30.71954870223999,34956
30.720028400421143,34956
30.720522165298462,34956
30.72100520133972,34956
30.72149920463562,34956
30.72197198867798,34956
30.722460508346558,34956
30.722940683364868,34956
30.72343873977661,34956
30.723922729492188,34956
30.72441053390503,34956
30.72490358352661,34956
30.725392818450928,34956
30.72588324546814,34956
30.726383686065674,34956
30.72687268257141,34956
30.727370500564575,34956
30.727846145629883,34956
30.728339195251465,34956
30.728833198547363,34956
30.729325771331787,34956
30.729807376861572,34956
30.730295658111572,34956
30.730777263641357,34956
30.73126792907715,34956
30.731757164001465,34956
30.732247591018677,34956
30.732733011245728,34956
30.733217477798462,34956
30.733715534210205,34956
30.734194040298462,34956
30.734686136245728,34956
30.735172986984253,34956
30.73566699028015,34956
30.736153841018677,34956
30.736660718917847,34956
30.737149715423584,34956
30.737645864486694,34956
30.738129138946533,34956
30.738622903823853,34956
30.7391095161438,34956
30.73959517478943,34956
30.740085124969482,34956
30.740582704544067,34956
30.741073846817017,34956
30.741567850112915,34956
30.742056608200073,34956
30.742554426193237,34956
30.74303960800171,34956
30.743534326553345,34956
30.744019508361816,34956
30.744513988494873,34956
30.744991064071655,34956
30.745485067367554,34956
30.74596357345581,34956
30.7464656829834,34956
30.746948957443237,34956
30.747443199157715,34956
30.747931957244873,34956
30.748427867889404,34956
30.74892020225525,34956
30.7494113445282,34956
30.749902486801147,34956
30.750391721725464,34956
30.75087070465088,34956
30.751368284225464,34956
30.75184988975525,34956
30.752336025238037,34956
30.752827882766724,34956
30.75332021713257,34956
30.75380253791809,34956
30.754297256469727,34956
30.754781246185303,34956
30.755276679992676,34956
30.75575304031372,34956
30.756232023239136,34956
30.756739139556885,34956
30.757230281829834,34956
30.757721424102783,34956
30.758209705352783,34956
30.758703470230103,34956
30.75918674468994,34956
30.75968837738037,34956
30.760162353515625,34956
30.76065731048584,34956
30.761139392852783,34956
30.76163077354431,34956
30.76211380958557,34956
30.76260781288147,34956
30.76309871673584,34956
30.76360297203064,34956
30.76409411430359,34956
30.764590740203857,34956
30.765073537826538,34956
30.765567302703857,34956
30.766056776046753,34956
30.76655912399292,34956
30.767038583755493,34956
30.767542123794556,34956
30.76802682876587,34956
30.768514394760132,34956
30.76899766921997,34956
30.769500970840454,34956
30.76998734474182,34956
30.770483255386353,34956
30.770970106124878,34956
30.77146816253662,34956
30.771955013275146,34956
30.77244281768799,34956
30.772926568984985,34956
30.773417472839355,34956
30.77390718460083,34956
30.774402141571045,34956
30.77489137649536,34956
30.77537727355957,34956
30.775871753692627,34956
30.776366472244263,34956
30.77685022354126,34956
30.777345895767212,34956
30.777836561203003,34956
30.778329133987427,34956
30.77880311012268,34956
30.779297590255737,34956
30.779772996902466,34956
30.780262231826782,34956
30.780752420425415,34956
30.78123188018799,34956
30.781731843948364,34956
30.782222986221313,34956
30.78271508216858,34956
30.783207416534424,34956
30.78369903564453,34956
30.7841854095459,34956
30.78466510772705,34956
30.78515124320984,34956
30.785641193389893,34956
30.786128044128418,34956
30.786632776260376,34956
30.78712272644043,34956
30.787615060806274,34956
30.788108825683594,34956
30.788602352142334,34956
30.78908085823059,34956
30.789573669433594,34956
30.790063858032227,34956
30.790565252304077,34956
30.791059970855713,34956
30.791553020477295,34956
30.792038202285767,34956
30.79253077507019,34956
30.79301381111145,34956
30.793508768081665,34956
30.793989658355713,34956
30.79448437690735,34956
30.79497218132019,34956
30.795459270477295,34956
30.795944690704346,34956
30.796443700790405,34956
30.796936511993408,34956
30.79742670059204,34956
30.797910690307617,34956
30.798399925231934,34956
30.798887729644775,34956
30.799387454986572,34956
30.79987096786499,34956
30.800368070602417,34956
30.800843238830566,34956
30.8013334274292,34956
30.801820039749146,34956
30.802319288253784,34956
30.80280041694641,34956
30.803290367126465,34956
30.803779125213623,34956
30.80427575111389,34956
30.80476403236389,34956
30.805257558822632,34956
30.80574893951416,34956
30.806236743927002,34956
30.80673623085022,34956
30.807226419448853,34956
30.807718992233276,34956
30.808206796646118,34956
30.80869197845459,34956
30.809184789657593,34956
30.809682607650757,34956
30.810165643692017,34956
30.810651779174805,34956
30.811131954193115,34956
30.811627626419067,34956
30.81210684776306,34956
30.812607526779175,34956
30.81309485435486,34956
30.81359028816223,34956
30.814080715179443,34956
30.81456685066223,34956
30.815057277679443,34956
30.81554651260376,34956
30.81603169441223,34956
30.816538095474243,34956
30.817015409469604,34956
30.817509412765503,34956
30.817988395690918,34956
30.818488121032715,34956
30.818965435028076,34956
30.819456100463867,34956
30.819937229156494,34956
30.820416927337646,34956
30.820902347564697,34956
30.82139492034912,34956
30.821890830993652,34956
30.822388172149658,34956
30.82286262512207,34956
30.823357105255127,34956
30.823836088180542,34956
30.824333429336548,34956
30.82481288909912,34956
30.825307846069336,34956
30.825787782669067,34956
30.82629370689392,34956
30.826780319213867,34956
30.827277421951294,34956
30.82775616645813,34956
30.828251123428345,34956
30.828729152679443,34956
30.829220294952393,34956
30.829705715179443,34956
30.830200910568237,34956
30.830691814422607,34956
30.831173181533813,34956
30.83167028427124,34956
30.832144260406494,34956
30.832635164260864,34956
30.8331196308136,34956
30.833609580993652,34956
30.83410406112671,34956
30.8346004486084,34956
30.8350830078125,34956
30.835585594177246,34956
30.83607053756714,34956
30.83658003807068,34956
30.83706545829773,34956
30.837560176849365,34956
30.838051319122314,34956
30.83854913711548,34956
30.839033365249634,34956
30.83953022956848,34956
30.84001111984253,34956
30.840511560440063,34956
30.84100031852722,34956
30.841498374938965,34956
30.84198307991028,34956
30.842479705810547,34956
30.842952489852905,34956
30.84345245361328,34956
30.84393835067749,34956
30.844431161880493,34956
30.84491777420044,34956
30.845405340194702,34956
30.84589695930481,34956
30.84640145301819,34956
30.846890449523926,34956
30.84739112854004,34956
30.847872018814087,34956
30.848364114761353,34956
30.848844528198242,34956
30.849344968795776,34956
30.849833011627197,34956
30.85032629966736,34956
30.85081458091736,34956
30.851311922073364,34956
30.851798057556152,34956
30.852283477783203,34956
30.85276746749878,34956
30.853267908096313,34956
30.853758811950684,34956
30.854243516921997,34956
30.854731559753418,34956
30.855219841003418,34956
30.855713844299316,34956
30.856197118759155,34956
30.8566951751709,34956
30.857178926467896,34956
30.85767102241516,34956
30.85816192626953,34956
30.858652591705322,34956
30.859143018722534,34956
30.859636306762695,34956
30.860121726989746,34956
30.860612154006958,34956
30.861101388931274,34956
30.8615939617157,34956
30.86207675933838,34956
30.862570762634277,34956
30.863059759140015,34956
30.86355209350586,34956
30.864042282104492,34956
30.86453866958618,34956
30.865017890930176,34956
30.865512132644653,34956
30.866005659103394,34956
30.866516590118408,34956
30.867000341415405,34956
30.867489099502563,34956
30.867971181869507,34956
30.868468523025513,34956
30.86895489692688,34956
30.869446754455566,34956
30.8699369430542,34956
30.87043261528015,34956
30.870909452438354,34956
30.871405601501465,34956
30.871885299682617,34956
30.87236976623535,34956
30.87286376953125,34956
30.87335467338562,34956
30.873844861984253,34956
30.874335050582886,34956
30.87482452392578,34956
30.875312566757202,34956
30.87580943107605,34956
30.87631392478943,34956
30.87680172920227,34956
30.87728714942932,34956
30.87777066230774,34956
30.87826704978943,34956
30.87874126434326,34956
30.87923288345337,34956
30.879714250564575,34956
30.88019585609436,34956
30.88069438934326,34956
30.881178855895996,34956
30.881678342819214,34956
30.882166147232056,34956
30.88265562057495,34956
30.883142232894897,34956
30.883641719818115,34956
30.884125232696533,34956
30.884617567062378,34956
30.88509440422058,34956
30.88558864593506,34956
30.886069297790527,34956
30.886569023132324,34956
30.88705086708069,34956
30.887551307678223,34956
30.88804292678833,34956
30.888529539108276,34956
30.889002799987793,34956
30.889496088027954,34956
30.889984130859375,34956
30.890479803085327,34956
30.890962600708008,34956
30.89145851135254,34956
30.89193558692932,34956
30.892430067062378,34956
30.89291787147522,34956
30.89341139793396,34956
30.89389443397522,34956
30.894386291503906,34956
30.89486026763916,34956
30.895360231399536,34956
30.895850896835327,34956
30.89635968208313,34956
30.896850109100342,34956
30.89734697341919,34956
30.897829055786133,34956
30.89832305908203,34956
30.89881658554077,34956
30.899313926696777,34956
30.899797439575195,34956
30.900293827056885,34956
30.900781393051147,34956
30.901275634765625,34956
30.901763439178467,34956
30.902251958847046,34956
30.902738332748413,34956
30.90321683883667,34956
30.903698205947876,34956
30.904187202453613,34956
30.90467381477356,34956
30.905163764953613,34956
30.905652284622192,34956
30.906144380569458,34956
30.906646728515625,34956
30.907134771347046,34956
30.907626628875732,34956
30.908106327056885,34956
30.908594846725464,34956
30.909075498580933,34956
30.9095675945282,34956
30.910041332244873,34956
30.910539865493774,34956
30.91102933883667,34956
30.91152572631836,34956
30.912009477615356,34956
30.912500858306885,34956
30.912983179092407,34956
30.91348147392273,34956
30.913971662521362,34956
30.91446328163147,34956
30.914937496185303,34956
30.915424346923828,34956
30.915912866592407,34956
30.916404008865356,34956
30.916887760162354,34956
30.917381048202515,34956
30.917869567871094,34956
30.918359756469727,34956
30.9188494682312,34956
30.919331312179565,34956
30.919816255569458,34956
30.920300722122192,34956
30.92078733444214,34956
30.92127823829651,34956
30.92175555229187,34956
30.92223358154297,34956
30.92273259162903,34956
30.9232234954834,34956
30.9237163066864,34956
30.924198865890503,34956
30.924697637557983,34956
30.92519211769104,34956
30.925683975219727,34956
30.92617177963257,34956
30.92667031288147,34956
30.92715358734131,34956
30.92764663696289,34956
30.928136587142944,34956
30.92862892150879,34956
30.929110765457153,34956
30.929594039916992,34956
30.93008017539978,34956
30.930577993392944,34956
30.931058406829834,34956
30.931556224822998,34956
30.932040214538574,34956
30.93253755569458,34956
30.93302321434021,34956
30.93351173400879,34956
30.93398404121399,34956
30.934484004974365,34956
30.93496561050415,34956
30.935457944869995,34956
30.935941219329834,34956
30.936442375183105,34956
30.936927795410156,34956
30.93742036819458,34956
30.937907218933105,34956
30.938406705856323,34956
30.938889026641846,34956
30.939378261566162,34956
30.939862728118896,34956
30.94035315513611,34956
30.94083547592163,34956
30.941331386566162,34956
30.94181728363037,34956
30.942315340042114,34956
30.942795038223267,34956
30.94327974319458,34956
30.943761825561523,34956
30.944249391555786,34956
30.944724559783936,34956
30.945207118988037,34956
30.945700883865356,34956
30.94618821144104,34956
30.946687936782837,34956
30.947169542312622,34956
30.947662115097046,34956
30.94814443588257,34956
30.948630809783936,34956
30.94912576675415,34956
30.949626922607422,34956
30.95010232925415,34956
30.950590133666992,34956
30.95108151435852,34956
30.951578617095947,34956
30.95206379890442,34956
30.95256233215332,34956
30.95303964614868,34956
30.953541040420532,34956
30.954023599624634,34956
30.95452070236206,34956
30.95499348640442,34956
30.955496549606323,34956
30.955974817276,34956
30.956483840942383,34956
30.956971406936646,34956
30.957465648651123,34956
30.957950830459595,34956
30.95844340324402,34956
30.958929777145386,34956
30.959418773651123,34956
30.9599027633667,34956
30.960391521453857,34956
30.960871934890747,34956
30.961371898651123,34956
30.961859941482544,34956
30.962345838546753,34956
30.962831258773804,34956
30.963318586349487,34956
30.9638090133667,34956
30.964300632476807,34956
30.9647855758667,34956
30.965275049209595,34956
30.9657621383667,34956
30.96625852584839,34956
30.96674346923828,34956
30.967226028442383,34956
30.9677152633667,34956
30.968208074569702,34956
30.968706846237183,34956
30.969193935394287,34956
30.969691276550293,34956
30.97018265724182,34956
30.97067427635193,34956
30.97116255760193,34956
30.971652030944824,34956
30.972134828567505,34956
30.97263503074646,34956
30.973119974136353,34956
30.97361707687378,34956
30.974095344543457,34956
30.974586486816406,34956
30.975077867507935,34956
30.97557234764099,34956
30.976057291030884,34956
30.97655987739563,34956
30.977047443389893,34956
30.977551698684692,34956
30.978034734725952,34956
30.978528261184692,34956
30.979010820388794,34956
30.979511976242065,34956
30.97999405860901,34956
30.980490922927856,34956
30.980963468551636,34956
30.98146104812622,34956
30.981943368911743,34956
30.982423305511475,34956
30.982910871505737,34956
30.98340106010437,34956
30.983885288238525,34956
30.98438310623169,34956
30.984862327575684,34956
30.985351085662842,34956
30.985832452774048,34956
30.98634099960327,34956
30.986830472946167,34956
30.987326860427856,34956
30.9878146648407,34956
30.988309621810913,34956
30.988788604736328,34956
30.98926877975464,34956
30.98975658416748,34956
30.990254163742065,34956
30.990745067596436,34956
30.991234064102173,34956
30.99172806739807,34956
30.99220848083496,34956
30.992696523666382,34956
30.993170976638794,34956
30.993661642074585,34956
30.994145393371582,34956
30.99463176727295,34956
30.99511480331421,34956
30.995607376098633,34956
30.996092557907104,34956
30.9965922832489,34956
30.997076272964478,34956
30.997572898864746,34956
30.99805974960327,34956
30.998555660247803,34956
30.999038696289062,34956
30.999528646469116,34956
31.00001549720764,34956
31.00050401687622,34956
31.000985860824585,34956
31.001490354537964,34956
31.00197410583496,34956
31.0024676322937,34956
31.00295877456665,34956
31.00345754623413,34956
31.003939390182495,34956
31.004435777664185,34956
31.00492215156555,34956
31.00541090965271,34956
31.00590443611145,34956
31.00640606880188,34956
31.006887435913086,34956
31.00737237930298,34956
31.007866859436035,34956
31.008355379104614,34956
31.008838891983032,34956
31.009333848953247,34956
31.009825944900513,34956
31.01031517982483,34956
31.010801076889038,34956
31.011293649673462,34956
31.011773109436035,34956
31.012259006500244,34956
31.012744188308716,34956
31.013227939605713,34956
31.01371693611145,34956
31.014204025268555,34956
31.014695167541504,34956
31.015185356140137,34956
31.015676736831665,34956
31.016160488128662,34956
31.016660928726196,34956
31.017141342163086,34956
31.017637968063354,34956
31.018120050430298,34956
31.018633127212524,34956
31.019118070602417,34956
31.019614458084106,34956
31.020107984542847,34956
31.020604133605957,34956
31.02109670639038,34956
31.021604776382446,34956
31.022093057632446,34956
31.022587537765503,34956
31.023078441619873,34956
31.02357769012451,34956
31.02406120300293,34956
31.024559259414673,34956
31.02504014968872,34956
31.02553153038025,34956
31.026017427444458,34956
31.026516675949097,34956
31.027000904083252,34956
31.02749752998352,34956
31.027990341186523,34956
31.028488636016846,34956
31.02897357940674,34956
31.029460430145264,34956
31.029951333999634,34956
31.03044843673706,34956
31.03093695640564,34956
31.031436443328857,34956
31.031926155090332,34956
31.032411336898804,34956
31.03289484977722,34956
31.03339171409607,34956
31.033875465393066,34956
31.03436827659607,34956
31.034857273101807,34956
31.035351753234863,34956
31.035844087600708,34956
31.036347150802612,34956
31.036834239959717,34956
31.037320375442505,34956
31.03780484199524,34956
31.038295030593872,34956
31.038780689239502,34956
31.039276838302612,34956
31.03976845741272,34956
31.040251970291138,34956
31.04073166847229,34956
31.041216135025024,34956
31.041716814041138,34956
31.04220199584961,34956
31.04269289970398,34956
31.04317808151245,34956
31.043665647506714,34956
31.04415249824524,34956
31.044642686843872,34956
31.045124292373657,34956
31.045616149902344,34956
31.046098947525024,34956
31.04659628868103,34956
31.04707980155945,34956
31.047571897506714,34956
31.048063278198242,34956
31.048555612564087,34956
31.049044609069824,34956
31.049540996551514,34956
31.050033807754517,34956
31.05052137374878,34956
31.051008462905884,34956
31.05150079727173,34956
31.051990270614624,34956
31.052482843399048,34956
31.05296039581299,34956
31.05346131324768,34956
31.053946018218994,34956
31.054426431655884,34956
31.054911851882935,34956
31.055402278900146,34956
31.0558865070343,34956
31.05639338493347,34956
31.05688452720642,34956
31.057366609573364,34956
31.057857513427734,34956
31.058356285095215,34956
31.05883812904358,34956
31.05933141708374,34956
31.059814929962158,34956
31.060312747955322,34956
31.060795783996582,34956
31.06128191947937,34956
31.0617733001709,34956
31.062251806259155,34956
31.062743186950684,34956
31.063223838806152,34956
31.0637104511261,34956
31.064193964004517,34956
31.064685583114624,34956
31.065162658691406,34956
31.065657377243042,34956
31.066139936447144,34956
31.066648960113525,34956
31.067142724990845,34956
31.067631006240845,34956
31.068110466003418,34956
31.0685932636261,34956
31.069076538085938,34956
31.0695698261261,34956
31.070054531097412,34956
31.070772171020508,34956
31.07161831855774,34956
31.072469234466553,34956
31.07332968711853,34956
31.073829412460327,34956
31.074334859848022,34956
31.07482147216797,34956
31.075310468673706,34956
31.07580041885376,34956
31.076321363449097,34956
31.07681441307068,34956
31.07730722427368,34956
31.07780170440674,34956
31.07829189300537,34956
31.078777074813843,34956
31.079275846481323,34956
31.07976007461548,34956
31.08023500442505,34956
31.08072590827942,34956
31.08120608329773,34956
31.081692457199097,34956
31.082173824310303,34956
31.08265709877014,34956
31.083138465881348,34956
31.08363151550293,34956
31.084111213684082,34956
31.084611654281616,34956
31.085097789764404,34956
31.085590839385986,34956
31.08608055114746,34956
31.08659076690674,34956
31.087077617645264,34956
31.087583780288696,34956
31.088080883026123,34956
31.0885910987854,34956
31.08907675743103,34956
31.089571475982666,34956
31.090059280395508,34956
31.090556621551514,34956
31.091035842895508,34956
31.09152889251709,34956
31.09200167655945,34956
31.092490911483765,34956
31.09298324584961,34956
31.093480587005615,34956
31.093966484069824,34956
31.094457626342773,34956
31.094936847686768,34956
31.09542751312256,34956
31.095919847488403,34956
31.0964195728302,34956
31.096904754638672,34956
31.097397565841675,34956
31.097886085510254,34956
31.09838342666626,34956
31.09886407852173,34956
31.099361419677734,34956
31.099848747253418,34956
31.100334644317627,34956
31.100815296173096,34956
31.10131001472473,34956
31.101794481277466,34956
31.102283716201782,34956
31.102768421173096,34956
31.103259086608887,34956
31.103744745254517,34956
31.104228258132935,34956
31.10472297668457,34956
31.105215787887573,34956
31.105701684951782,34956
31.1061954498291,34956
31.106695413589478,34956
31.10719060897827,34956
31.107680559158325,34956
31.10817313194275,34956
31.108662843704224,34956
31.109137058258057,34956
31.109630584716797,34956
31.110116958618164,34956
31.11060094833374,34956
31.11108160018921,34956
31.11156702041626,34956
31.11205792427063,34956
31.112552165985107,34956
31.113030910491943,34956
31.11352801322937,34956
31.114001750946045,34956
31.114494562149048,34956
31.114981651306152,34956
31.115474939346313,34956
31.115956783294678,34956
31.116463661193848,34956
31.116949558258057,34956
31.11744260787964,34956
31.117933988571167,34956
31.1184344291687,34956
31.118916511535645,34956
31.11941146850586,34956
31.119893789291382,34956
31.120380401611328,34956
31.12086844444275,34956
31.12135148048401,34956
31.121840000152588,34956
31.122324466705322,34956
31.12281322479248,34956
31.12330412864685,34956
31.123789310455322,34956
31.124274730682373,34956
31.12475061416626,34956
31.125238180160522,34956
31.12572741508484,34956
31.126219272613525,34956
31.12672257423401,34956
31.12720537185669,34956
31.127695083618164,34956
31.128177165985107,34956
31.128658294677734,34956
31.12914204597473,34956
31.129639148712158,34956
31.130133152008057,34956
31.130627393722534,34956
31.131114959716797,34956
31.131606578826904,34956
31.132099866867065,34956
31.132599592208862,34956
31.133079290390015,34956
31.133577823638916,34956
31.134069681167603,34956
31.134564876556396,34956
31.135047674179077,34956
31.13554358482361,34956
31.136033535003662,34956
31.136542320251465,34956
31.13702702522278,34956
31.13752031326294,34956
31.13800311088562,34956
31.13850498199463,34956
31.13898801803589,34956
31.139479160308838,34956
31.13996434211731,34956
31.140467405319214,34956
31.140952348709106,34956
31.141451835632324,34956
31.141936540603638,34956
31.142427444458008,34956
31.142913103103638,34956
31.143412351608276,34956
31.14389944076538,34956
31.14440131187439,34956
31.144884824752808,34956
31.145371198654175,34956
31.145856857299805,34956
31.146357536315918,34956
31.146852493286133,34956
31.147335052490234,34956
31.14781928062439,34956
31.148316860198975,34956
31.148796796798706,34956
31.149298667907715,34956
31.14978313446045,34956
31.150269269943237,34956
31.150755167007446,34956
31.151235580444336,34956
31.151734828948975,34956
31.15221667289734,34956
31.152719974517822,34956
31.15320920944214,34956
31.153706073760986,34956
31.15418767929077,34956
31.154687643051147,34956
31.155176639556885,34956
31.15567135810852,34956
31.156159162521362,34956
31.156657218933105,34956
31.15714740753174,34956
31.15764570236206,34956
31.158135414123535,34956
31.158634424209595,34956
31.159120082855225,34956
31.15961456298828,34956
31.160098791122437,34956
31.160589456558228,34956
31.161078691482544,34956
31.1615731716156,34956
31.16205596923828,34956
31.162545204162598,34956
31.163036584854126,34956
31.16352391242981,34956
31.16400146484375,34956
31.164501905441284,34956
31.164990186691284,34956
31.165496110916138,34956
31.165980100631714,34956
31.166489362716675,34956
31.166980504989624,34956
31.167468070983887,34956
31.1679630279541,34956
31.168456077575684,34956
31.168941497802734,34956
31.169435739517212,34956
31.16991114616394,34956
31.17039656639099,34956
31.17088484764099,34956
31.171382904052734,34956
31.171863794326782,34956
31.172359943389893,34956
31.172851085662842,34956
31.17334270477295,34956
31.173821926116943,34956
31.17432141304016,34956
31.174808979034424,34956
31.175304174423218,34956
31.175787448883057,34956
31.17628526687622,34956
31.17677140235901,34956
31.177263736724854,34956
31.17774748802185,34956
31.178231477737427,34956
31.178720235824585,34956
31.179202556610107,34956
31.179691553115845,34956
31.1801700592041,34956
31.180667638778687,34956
31.18114995956421,34956
31.181647777557373,34956
31.182126998901367,34956
31.182616710662842,34956
31.183104515075684,34956
31.183607816696167,34956
31.184091091156006,34956
31.184586763381958,34956
31.18506932258606,34956
31.185561180114746,34956
31.18604350090027,34956
31.186549186706543,34956
31.187037229537964,34956
31.18753695487976,34956
31.188026905059814,34956
31.188518047332764,34956
31.189003944396973,34956
31.18949317932129,34956
31.189982652664185,34956
31.190481424331665,34956
31.190979719161987,34956
31.191460609436035,34956
31.191941022872925,34956
31.19244074821472,34956
31.192920923233032,34956
31.193413257598877,34956
31.193902492523193,34956
31.194396495819092,34956
31.19487762451172,34956
31.195367574691772,34956
31.19585657119751,34956
31.196357011795044,34956
31.196848392486572,34956
31.197336196899414,34956
31.19782519340515,34956
31.198317766189575,34956
31.198801040649414,34956
31.19929075241089,34956
31.199769735336304,34956
31.200246572494507,34956
31.200738191604614,34956
31.201224088668823,34956
31.201722621917725,34956
31.202207565307617,34956
31.202703714370728,34956
31.203201055526733,34956
31.203691959381104,34956
31.204176664352417,34956
31.204667806625366,34956
31.205156803131104,34956
31.205641984939575,34956
31.206129789352417,34956
31.206636667251587,34956
31.207122325897217,34956
31.207616567611694,34956
31.20810341835022,34956
31.20859956741333,34956
31.209087371826172,34956
31.20957112312317,34956
31.210055589675903,34956
31.210554599761963,34956
31.21104598045349,34956
31.211543083190918,34956
31.2120144367218,34956
31.21250629425049,34956
31.212984085083008,34956
31.213481426239014,34956
31.21397042274475,34956
31.214512825012207,34956
31.21499013900757,34956
31.21548628807068,34956
31.215975761413574,34956
31.216487884521484,34956
31.21697235107422,34956
31.217464923858643,34956
31.21794819831848,34956
31.21843981742859,34956
31.218918561935425,34956
31.219411849975586,34956
31.219902753829956,34956
31.220397233963013,34956
31.220884323120117,34956
31.221386432647705,34956
31.221877813339233,34956
31.222367763519287,34956
31.2228524684906,34956
31.22334933280945,34956
31.223832845687866,34956
31.224330186843872,34956
31.224841594696045,34956
31.22536849975586,34956
31.225854873657227,34956
31.22635817527771,34956
31.226842164993286,34956
31.227334022521973,34956
31.2278254032135,34956
31.22831630706787,34956
31.22879648208618,34956
31.229286432266235,34956
31.229775428771973,34956
31.23026943206787,34956
31.230756521224976,34956
31.23123264312744,34956
31.231731176376343,34956
31.232227087020874,34956
31.23270845413208,34956
31.233192205429077,34956
31.23368740081787,34956
31.23417043685913,34956
31.234663009643555,34956
31.23514199256897,34956
31.23562502861023,34956
31.236115217208862,34956
31.236621141433716,34956
31.23711395263672,34956
31.237614631652832,34956
31.238096714019775,34956
31.23860478401184,34956
31.239092588424683,34956
31.239588737487793,34956
31.240079164505005,34956
31.240572929382324,34956
31.241061449050903,34956
31.24155902862549,34956
31.242032527923584,34956
31.242520809173584,34956
31.243003845214844,34956
31.2434983253479,34956
31.243985652923584,34956
31.244480848312378,34956
31.244970560073853,34956
31.245463848114014,34956
31.245938062667847,34956
31.24644136428833,34956
31.246928215026855,34956
31.247413635253906,34956
31.2479031085968,34956
31.24839425086975,34956
31.248889207839966,34956
31.24938726425171,34956
31.24987268447876,34956
31.25035786628723,34956
31.25084638595581,34956
31.2513325214386,34956
31.251814603805542,34956
31.252308130264282,34956
31.252787351608276,34956
31.25327491760254,34956
31.253758907318115,34956
31.254246473312378,34956
31.2547390460968,34956
31.255221843719482,34956
31.25572109222412,34956
31.25619912147522,34956
31.256689310073853,34956
31.257178783416748,34956
31.257671117782593,34956
31.258162021636963,34956
31.258651733398438,34956
31.259137630462646,34956
31.259632110595703,34956
31.26011610031128,34956
31.260613441467285,34956
31.26109528541565,34956
31.261595487594604,34956
31.262070178985596,34956
31.26256012916565,34956
31.263043880462646,34956
31.26353621482849,34956
31.264025926589966,34956
31.264522552490234,34956
31.26500177383423,34956
31.26549458503723,34956
31.265976190567017,34956
31.266485452651978,34956
31.266969919204712,34956
31.267466068267822,34956
31.267954349517822,34956
31.26845121383667,34956
31.268935203552246,34956
31.2694308757782,34956
31.2699191570282,34956
31.270413637161255,34956
31.27089834213257,34956
31.27139449119568,34956
31.271878242492676,34956
31.272368907928467,34956
31.272844076156616,34956
31.273337841033936,34956
31.27381944656372,34956
31.274315357208252,34956
31.27480387687683,34956
31.27529811859131,34956
31.27577805519104,34956
31.276275873184204,34956
31.276768445968628,34956
31.27725315093994,34956
31.2777361869812,34956
31.278225421905518,34956
31.2787184715271,34956
31.279207468032837,34956
31.279701948165894,34956
31.280189990997314,34956
31.280675649642944,34956
31.281155586242676,34956
31.28164792060852,34956
31.282139778137207,34956
31.282622575759888,34956
31.283114671707153,34956
31.283607959747314,34956
31.284087896347046,34956
31.284582376480103,34956
31.285077571868896,34956
31.285573482513428,34956
31.286059141159058,34956
31.286561965942383,34956
31.28704857826233,34956
31.287531852722168,34956
31.288015127182007,34956
31.288511514663696,34956
31.288999557495117,34956
31.289496898651123,34956
31.289979934692383,34956
31.29047155380249,34956
31.290954113006592,34956
31.291435956954956,34956
31.291917085647583,34956
31.29241704940796,34956
31.292911291122437,34956
31.29340672492981,34956
31.293894290924072,34956
31.294392824172974,34956
31.294877767562866,34956
31.295373678207397,34956
31.29586362838745,34956
31.296366453170776,34956
31.296860456466675,34956
31.297356605529785,34956
31.29784369468689,34956
31.298325538635254,34956
31.298810958862305,34956
31.29930281639099,34956
31.299785375595093,34956
31.30028986930847,34956
31.300785541534424,34956
31.301268100738525,34956
31.301748514175415,34956
31.30223321914673,34956
31.302724838256836,34956
31.30319881439209,34956
31.303691625595093,34956
31.304174423217773,34956
31.304670810699463,34956
31.305160760879517,34956
31.305654287338257,34956
31.306142807006836,34956
31.306649446487427,34956
31.30713415145874,34956
31.30762791633606,34956
31.30810809135437,34956
31.308599710464478,34956
31.309091567993164,34956
31.309589862823486,34956
31.310083150863647,34956
31.31057596206665,34956
31.311063289642334,34956
31.311557054519653,34956
31.312036991119385,34956
31.312530040740967,34956
31.313024044036865,34956
31.313517570495605,34956
31.314008951187134,34956
31.3145010471344,34956
31.31498432159424,34956
31.31548547744751,34956
31.315970420837402,34956
31.316473960876465,34956
31.316962718963623,34956
31.317463159561157,34956
31.317952632904053,34956
31.318447589874268,34956
31.318930864334106,34956
31.319424629211426,34956
31.319910049438477,34956
31.32040500640869,34956
31.320895671844482,34956
31.321388006210327,34956
31.32187819480896,34956
31.322368621826172,34956
31.322855234146118,34956
31.323352098464966,34956
31.323837757110596,34956
31.324330806732178,34956
31.32481575012207,34956
31.32530975341797,34956
31.32579803466797,34956
31.326301097869873,34956
31.326786756515503,34956
31.32728147506714,34956
31.32776689529419,34956
31.32825517654419,34956
31.328747034072876,34956
31.329230785369873,34956
31.32972741127014,34956
31.3302161693573,34956
31.330708026885986,34956
31.331197500228882,34956
31.331687211990356,34956
31.332170248031616,34956
31.332666635513306,34956
31.33315348625183,34956
31.333642959594727,34956
31.33413529396057,34956
31.334636449813843,34956
31.33512234687805,34956
31.335617303848267,34956
31.33609676361084,34956
31.33660864830017,34956
31.33709979057312,34956
31.33760142326355,34956
31.33808708190918,34956
31.338592767715454,34956
31.33907437324524,34956
31.339563131332397,34956
31.340044736862183,34956
31.340545654296875,34956
31.341036319732666,34956
31.341527700424194,34956
31.342005014419556,34956
31.34249711036682,34956
31.34297752380371,34956
31.34347915649414,34956
31.343972206115723,34956
31.344472646713257,34956
31.34495496749878,34956
31.345446348190308,34956
31.345937252044678,34956
31.346442937850952,34956
31.346922874450684,34956
31.34740900993347,34956
31.34788942337036,34956
31.348376512527466,34956
31.348864793777466,34956
31.349355697631836,34956
31.34984254837036,34956
31.350335836410522,34956
31.350818634033203,34956
31.351309299468994,34956
31.351801872253418,34956
31.352292776107788,34956
31.352782726287842,34956
31.35327410697937,34956
31.353755712509155,34956
31.354254007339478,34956
31.354739904403687,34956
31.355220556259155,34956
31.355709314346313,34956
31.356194734573364,34956
31.356695652008057,34956
31.35718560218811,34956
31.35767698287964,34956
31.358156204223633,34956
31.358647108078003,34956
31.3591365814209,34956
31.359636783599854,34956
31.360116720199585,34956
31.36015248298645,34956
