Time,Diversity
0.001934051513671875,98
0.0023174285888671875,98
0.0029191970825195312,98
0.003481626510620117,98
0.004011392593383789,98
0.005083560943603516,97
0.006177425384521484,96
0.007045269012451172,96
0.008056640625,96
0.009046554565429688,95
0.010160207748413086,94
0.011026859283447266,92
0.012027978897094727,90
0.013019561767578125,89
0.014053583145141602,88
0.015003204345703125,86
0.016064167022705078,85
0.0170290470123291,86
0.018063068389892578,84
0.019002437591552734,82
0.020082473754882812,80
0.02102208137512207,75
0.02211284637451172,72
0.023096084594726562,67
0.02405095100402832,61
0.025046348571777344,50
0.02611517906188965,47
0.027103424072265625,44
0.02807331085205078,43
0.029097318649291992,44
0.03005194664001465,44
0.03110957145690918,45
0.03205108642578125,45
0.033030033111572266,43
0.03403663635253906,31
0.03511333465576172,28
0.03605294227600098,24
0.037045955657958984,23
0.0380859375,19
0.039037466049194336,18
0.040082454681396484,19
0.04103231430053711,18
0.04207444190979004,17
0.04310965538024902,19
0.04404616355895996,19
0.04508042335510254,18
0.046005964279174805,18
0.04704475402832031,17
0.04810976982116699,16
0.04902172088623047,16
0.050069570541381836,17
0.05100703239440918,17
0.052045583724975586,16
0.05300569534301758,14
0.05403327941894531,11
0.05503559112548828,9
0.05606532096862793,8
0.05710482597351074,9
0.058022499084472656,7
0.059046030044555664,5
0.06007647514343262,3
0.061101436614990234,3
0.06203055381774902,3
0.0630497932434082,2
0.06402087211608887,0
0.06505608558654785,0
0.06611824035644531,0
0.06704282760620117,0
0.0680837631225586,0
0.06900286674499512,0
0.07003307342529297,0
0.07106876373291016,0
0.07210087776184082,0
0.0730276107788086,0
0.07405805587768555,0
0.07506680488586426,1
0.07610726356506348,0
0.0770254135131836,0
0.07805967330932617,0
0.07910561561584473,0
0.08002877235412598,0
0.08105826377868652,0
0.0821075439453125,0
0.08301663398742676,0
0.08405113220214844,1
0.08500218391418457,0
0.08601093292236328,0
0.08704447746276855,0
0.08807706832885742,0
0.08910417556762695,0
0.09001684188842773,0
0.0910651683807373,0
0.09209513664245605,0
0.0930185317993164,0
0.09404373168945312,0
0.0950930118560791,0
0.09601926803588867,0
0.09702873229980469,0
0.09806609153747559,1
0.09908318519592285,0
0.1001126766204834,0
0.10100984573364258,0
0.1020498275756836,0
0.10305905342102051,0
0.10409045219421387,0
0.1050114631652832,0
0.1060483455657959,0
0.10707449913024902,0
0.10811901092529297,0
0.10903310775756836,0
0.11008572578430176,0
0.11101651191711426,0
0.11204123497009277,0
0.11306905746459961,0
0.11410260200500488,0
0.11502432823181152,1
0.11612176895141602,0
0.11705231666564941,0
0.11807036399841309,0
0.11908173561096191,0
0.12000322341918945,0
0.12105107307434082,0
0.12208914756774902,0
0.1231234073638916,0
0.12402033805847168,0
0.1250903606414795,0
0.12601208686828613,0
0.12706851959228516,0
0.1280980110168457,0
0.12905073165893555,0
0.1300797462463379,1
0.13102030754089355,1
0.13206696510314941,2
0.133026123046875,2
0.13402771949768066,2
0.13506078720092773,2
0.1360769271850586,2
0.13709807395935059,1
0.13807368278503418,1
0.1391127109527588,2
0.14001107215881348,2
0.14104342460632324,1
0.1420738697052002,0
0.1430954933166504,0
0.1440427303314209,0
0.14508533477783203,0
0.14600825309753418,0
0.1470496654510498,1
0.14809489250183105,1
0.1490182876586914,2
0.15004324913024902,2
0.1510767936706543,2
0.15200543403625488,2
0.15305519104003906,1
0.1540663242340088,1
0.1550922393798828,1
0.15610432624816895,0
0.15703892707824707,0
0.15809369087219238,0
0.15902256965637207,0
0.1600487232208252,0
0.16108393669128418,1
0.16211819648742676,1
0.16301941871643066,1
0.16403722763061523,1
0.1650557518005371,1
0.16608929634094238,1
0.1670067310333252,1
0.16802287101745605,1
0.1690692901611328,1
0.17008543014526367,0
0.17110705375671387,0
0.17201495170593262,0
0.17304563522338867,0
0.17407536506652832,0
0.17511725425720215,0
0.17603182792663574,0
0.17708659172058105,0
0.17800307273864746,0
0.1790485382080078,0
0.18010258674621582,0
0.18102025985717773,1
0.1820545196533203,1
0.1831071376800537,1
0.18401551246643066,1
0.18505859375,1
0.1860969066619873,1
0.1871168613433838,1
0.18803930282592773,1
0.18907546997070312,1
0.1900780200958252,0
0.19111275672912598,0
0.19201946258544922,0
0.19303631782531738,0
0.1940450668334961,0
0.19507694244384766,0
0.1961061954498291,0
0.19703125953674316,0
0.1980447769165039,0
0.19907593727111816,0
0.20011496543884277,0
0.20104265213012695,0
0.20206665992736816,0
0.20308995246887207,0
0.20401334762573242,0
0.20505332946777344,0
0.20610570907592773,0
0.20702099800109863,0
0.2080385684967041,0
0.20906829833984375,1
0.21012377738952637,0
0.21102190017700195,0
0.21203970909118652,0
0.21307659149169922,0
0.21408987045288086,0
0.21502327919006348,0
0.21605324745178223,0
0.21703076362609863,1
0.2180647850036621,1
0.21907758712768555,1
0.22009658813476562,1
0.22107338905334473,2
0.2221062183380127,2
0.2230215072631836,3
0.22404813766479492,3
0.22501063346862793,2
0.226043701171875,1
0.2270801067352295,1
0.22809362411499023,2
0.2290184497833252,2
0.23005247116088867,2
0.2310781478881836,2
0.2321033477783203,2
0.23309063911437988,1
0.23412203788757324,0
0.23504233360290527,0
0.23607254028320312,0
0.23702669143676758,0
0.23805499076843262,1
0.23908162117004395,0
0.2400960922241211,0
0.2410280704498291,0
0.24206066131591797,0
0.24307894706726074,0
0.244002103805542,0
0.24504899978637695,0
0.24608850479125977,0
0.24701142311096191,0
0.24805212020874023,0
0.24909424781799316,0
0.25011420249938965,1
0.25102686882019043,0
0.2520637512207031,0
0.2530949115753174,0
0.25400614738464355,0
0.2550349235534668,0
0.25606584548950195,0
0.25710511207580566,0
0.25801873207092285,0
0.2590479850769043,0
0.26007699966430664,0
0.2610912322998047,0
0.26200437545776367,0
0.2630164623260498,0
0.26405882835388184,0
0.2650868892669678,0
0.2660098075866699,0
0.2670478820800781,0
0.2680830955505371,0
0.2691080570220947,0
0.2700235843658447,0
0.27104640007019043,0
0.2720928192138672,0
0.2730066776275635,0
0.274050235748291,0
0.27507829666137695,0
0.276012659072876,0
0.277057409286499,0
0.2780873775482178,0
0.2790982723236084,0
0.28002023696899414,1
0.2810523509979248,0
0.28207850456237793,0
0.28310728073120117,0
0.28402042388916016,0
0.2850520610809326,0
0.28606581687927246,0
0.28710079193115234,0
0.28801679611206055,0
0.2890486717224121,0
0.2900831699371338,0
0.29111266136169434,0
0.29204344749450684,0
0.29306578636169434,0
0.2940945625305176,0
0.2950136661529541,0
0.29602766036987305,0
0.2970848083496094,0
0.29810214042663574,0
0.299022912979126,0
0.30004334449768066,0
0.30109238624572754,0
0.3020169734954834,0
0.30304813385009766,0
0.30408811569213867,0
0.3050200939178467,0
0.30603957176208496,0
0.3070790767669678,0
0.30809688568115234,0
0.3090338706970215,1
0.3100717067718506,0
0.3110816478729248,0
0.3121170997619629,0
0.3130166530609131,0
0.3140542507171631,0
0.31508803367614746,0
0.31610608100891113,0
0.3170955181121826,0
0.31803107261657715,0
0.3190431594848633,1
0.3200819492340088,0
0.3210148811340332,0
0.3220341205596924,0
0.3230745792388916,0
0.3240070343017578,0
0.3250765800476074,0
0.3260045051574707,0
0.32704663276672363,1
0.3280618190765381,1
0.3290255069732666,1
0.33007049560546875,1
0.33108949661254883,0
0.332012414932251,0
0.33310580253601074,1
0.33402109146118164,0
0.33503174781799316,0
0.33606648445129395,0
0.3370184898376465,0
0.3380441665649414,0
0.3390767574310303,0
0.34009766578674316,0
0.34102344512939453,0
0.34204959869384766,0
0.3430461883544922,0
0.34406590461730957,0
0.3451063632965088,0
0.346022367477417,0
0.34705448150634766,0
0.34807562828063965,0
0.3491041660308838,1
0.35001516342163086,0
0.35102033615112305,0
0.3520333766937256,0
0.3530580997467041,0
0.3540778160095215,0
0.35509276390075684,0
0.35605955123901367,0
0.35709547996520996,0
0.35801053047180176,0
0.35902929306030273,0
0.36005449295043945,0
0.36108851432800293,0
0.3620164394378662,0
0.3630213737487793,0
0.3640313148498535,0
0.3650541305541992,0
0.36607837677001953,0
0.36710309982299805,0
0.3680264949798584,0
0.3690814971923828,0
0.3701014518737793,0
0.3710353374481201,0
0.3720555305480957,0
0.37308216094970703,0
0.37400341033935547,0
0.37504076957702637,0
0.37606024742126465,0
0.3771059513092041,1
0.37801456451416016,0
0.37903738021850586,0
0.38007664680480957,0
0.38111448287963867,0
0.38202834129333496,0
0.3830580711364746,0
0.38407421112060547,0
0.3851137161254883,0
0.3860299587249756,0
0.3870720863342285,0
0.3880946636199951,0
0.38902902603149414,1
0.3900575637817383,1
0.39107632637023926,1
0.39208197593688965,0
0.3931248188018799,0
0.39409303665161133,0
0.3950033187866211,0
0.39603710174560547,0
0.3970925807952881,0
0.39812564849853516,0
0.3990349769592285,0
0.40003156661987305,1
0.4010610580444336,0
0.4020662307739258,0
0.40308594703674316,0
0.40410470962524414,0
0.4050326347351074,0
0.40604686737060547,0
0.40706634521484375,0
0.4080841541290283,0
0.40900301933288574,0
0.4100155830383301,0
0.41102147102355957,0
0.41202282905578613,0
0.413069486618042,0
0.4140739440917969,0
0.41510796546936035,0
0.4160130023956299,0
0.41708898544311523,0
0.4180178642272949,0
0.41904377937316895,0
0.42005133628845215,0
0.421006441116333,0
0.4220435619354248,0
0.4230494499206543,0
0.42408180236816406,0
0.42503952980041504,0
0.4260585308074951,0
0.42708635330200195,0
0.42809629440307617,0
0.42905545234680176,0
0.43007898330688477,0
0.4311037063598633,0
0.432037353515625,0
0.4331052303314209,0
0.4340219497680664,0
0.43506383895874023,0
0.436093807220459,0
0.43705296516418457,1
0.43805599212646484,0
0.4390738010406494,0
0.4400804042816162,0
0.4411203861236572,0
0.44202375411987305,0
0.4430680274963379,0
0.444105863571167,0
0.4450373649597168,0
0.4460632801055908,0
0.4470949172973633,0
0.44800615310668945,0
0.44904565811157227,0
0.45008087158203125,0
0.45110607147216797,0
0.4520244598388672,1
0.453066349029541,0
0.4540739059448242,0
0.4550938606262207,0
0.4560055732727051,0
0.45706915855407715,0
0.4581010341644287,0
0.4590301513671875,0
0.4600496292114258,0
0.46102333068847656,0
0.4620542526245117,0
0.4631054401397705,0
0.46401262283325195,0
0.46509480476379395,0
0.46601271629333496,1
0.4670131206512451,1
0.46810388565063477,0
0.4690699577331543,0
0.4700946807861328,0
0.47102785110473633,0
0.4720745086669922,0
0.4730057716369629,1
0.474031925201416,1
0.4750385284423828,1
0.4760932922363281,1
0.47701287269592285,0
0.47806525230407715,0
0.4790816307067871,0
0.4800124168395996,0
0.4810326099395752,0
0.4820823669433594,0
0.4830200672149658,0
0.4840364456176758,1
0.4850606918334961,1
0.486067533493042,1
0.4870717525482178,1
0.4880836009979248,1
0.48900580406188965,0
0.49002504348754883,0
0.4910578727722168,0
0.492084264755249,0
0.49301767349243164,0
0.4940617084503174,0
0.4950892925262451,1
0.49610257148742676,1
0.4970107078552246,1
0.49802541732788086,0
0.4990396499633789,0
0.5000519752502441,0
0.5010647773742676,0
0.5020766258239746,0
0.5031023025512695,0
0.5040044784545898,0
0.5050251483917236,0
0.5060455799102783,0
0.5070762634277344,0
0.5081081390380859,0
0.509019136428833,0
0.5100276470184326,0
0.511049747467041,0
0.5120651721954346,0
0.5131101608276367,0
0.51401686668396,0
0.5150432586669922,0
0.5160753726959229,0
0.5170936584472656,0
0.5180573463439941,0
0.519066572189331,0
0.5200896263122559,0
0.5210397243499756,0
0.5221047401428223,0
0.523026704788208,0
0.5240328311920166,0
0.5250935554504395,0
0.5260145664215088,0
0.5270326137542725,0
0.5280640125274658,0
0.5291225910186768,0
0.5300283432006836,0
0.531050443649292,0
0.5320718288421631,0
0.5330214500427246,0
0.5340683460235596,0
0.535081148147583,0
0.536109209060669,0
0.537071704864502,0
0.5381021499633789,0
0.5390162467956543,0
0.5400621891021729,0
0.541083574295044,1
0.5420880317687988,0
0.5431041717529297,0
0.5440425872802734,0
0.5450880527496338,0
0.5461084842681885,0
0.5470185279846191,0
0.5480539798736572,0
0.5490686893463135,0
0.5500936508178711,0
0.5511047840118408,0
0.5520162582397461,0
0.5530297756195068,0
0.5540790557861328,0
0.5550909042358398,0
0.5560951232910156,0
0.5571088790893555,0
0.5580179691314697,0
0.5590474605560303,0
0.5600636005401611,0
0.5610988140106201,0
0.5621225833892822,0
0.5630302429199219,0
0.5640828609466553,0
0.5651195049285889,0
0.5660462379455566,0
0.5670773983001709,0
0.5680909156799316,0
0.5690922737121582,1
0.5701093673706055,0
0.5710177421569824,0
0.5720534324645996,0
0.5731058120727539,0
0.574122428894043,0
0.5750298500061035,0
0.5760619640350342,0
0.5771028995513916,0
0.5780420303344727,1
0.579064130783081,1
0.5800855159759521,0
0.58101487159729,0
0.5820350646972656,0
0.5830478668212891,0
0.5840761661529541,0
0.585097074508667,0
0.5860195159912109,1
0.5870442390441895,1
0.5880863666534424,1
0.5890119075775146,0
0.5900404453277588,0
0.5910933017730713,0
0.5920886993408203,0
0.5930664539337158,0
0.5940537452697754,1
0.5951204299926758,1
0.5960578918457031,1
0.5970218181610107,0
0.5980105400085449,0
0.5990872383117676,0
0.6000158786773682,0
0.6010997295379639,1
0.6020467281341553,0
0.6031029224395752,0
0.6040468215942383,0
0.6051275730133057,0
0.606071949005127,0
0.607011079788208,0
0.6080658435821533,0
0.6090230941772461,0
0.6100914478302002,0
0.611058235168457,0
0.6120092868804932,0
0.6130752563476562,0
0.6140553951263428,0
0.6150176525115967,0
0.616008996963501,0
0.6171042919158936,0
0.6180324554443359,0
0.6190202236175537,0
0.620121955871582,0
0.6210987567901611,0
0.6220793724060059,0
0.6230623722076416,0
0.6240148544311523,1
0.6250061988830566,0
0.6261124610900879,0
0.627068281173706,0
0.6280357837677002,0
0.6290102005004883,0
0.6301038265228271,0
0.6310949325561523,0
0.6320741176605225,0
0.6330380439758301,0
0.6340179443359375,0
0.635113000869751,0
0.6360704898834229,0
0.6370573043823242,0
0.6380224227905273,0
0.6391041278839111,0
0.6400773525238037,1
0.6410746574401855,0
0.6420283317565918,0
0.6430089473724365,0
0.6441030502319336,0
0.645075798034668,0
0.646045446395874,0
0.6470322608947754,0
0.648115873336792,0
0.6490964889526367,0
0.6500537395477295,0
0.6510140895843506,0
0.6520857810974121,0
0.6530604362487793,0
0.6540281772613525,0
0.655095100402832,0
0.6560578346252441,0
0.6570403575897217,0
0.6580066680908203,0
0.6590855121612549,0
0.6600651741027832,0
0.661036491394043,0
0.6620054244995117,0
0.6630792617797852,0
0.66404128074646,0
0.6650233268737793,0
0.6660110950469971,0
0.6670968532562256,0
0.6680643558502197,0
0.6690433025360107,0
0.6700108051300049,0
0.6710917949676514,0
0.6720631122589111,0
0.673046350479126,0
0.6740167140960693,0
0.6750035285949707,0
0.6761105060577393,0
0.6770739555358887,0
0.6780440807342529,0
0.6790163516998291,0
0.6800987720489502,0
0.6810834407806396,0
0.6820330619812012,0
0.6830065250396729,0
0.6841156482696533,0
0.685091495513916,0
0.6860547065734863,0
0.6870336532592773,0
0.6880230903625488,0
0.6891355514526367,0
0.6901111602783203,1
0.6910052299499512,1
0.6921110153198242,1
0.6931023597717285,1
0.6940569877624512,1
0.6950428485870361,1
0.6960208415985107,1
0.6971137523651123,1
0.6980750560760498,1
0.6990456581115723,1
0.7000129222869873,0
0.7011079788208008,0
0.7020785808563232,0
0.7030308246612549,0
0.7041282653808594,0
0.7050821781158447,0
0.7060561180114746,0
0.7070388793945312,0
0.7080192565917969,0
0.7090137004852295,0
0.7101016044616699,0
0.7110860347747803,0
0.7120521068572998,0
0.7130320072174072,0
0.714026927947998,0
0.7151131629943848,0
0.7160978317260742,0
0.7171080112457275,0
0.7180767059326172,0
0.7190725803375244,0
0.7200372219085693,0
0.7210221290588379,0
0.7220990657806396,0
0.7230525016784668,0
0.7240047454833984,0
0.7251119613647461,0
0.72607421875,0
0.7270455360412598,0
0.7280137538909912,0
0.7290074825286865,0
0.7300832271575928,0
0.7310669422149658,0
0.7320253849029541,0
0.7330062389373779,0
0.7340912818908691,0
0.735055685043335,0
0.7360351085662842,0
0.7370178699493408,0
0.7381279468536377,0
0.7390909194946289,0
0.7400553226470947,0
0.7410464286804199,0
0.7420258522033691,0
0.7430918216705322,0
0.7440588474273682,0
0.7450485229492188,0
0.7460246086120605,0
0.7471160888671875,0
0.7480831146240234,0
0.7490673065185547,0
0.750025749206543,0
0.7510035037994385,0
0.752110481262207,0
0.7530832290649414,0
0.7540574073791504,0
0.7550480365753174,0
0.7560341358184814,0
0.757056713104248,0
0.7580382823944092,0
0.7590131759643555,0
0.7601003646850586,0
0.7610974311828613,1
0.7620627880096436,0
0.763031005859375,0
0.7641162872314453,0
0.7651026248931885,0
0.7660610675811768,0
0.7670271396636963,0
0.7680041790008545,0
0.76910400390625,0
0.7700824737548828,0
0.7710452079772949,0
0.7720251083374023,0
0.7730193138122559,0
0.7741034030914307,0
0.7750532627105713,0
0.7760167121887207,0
0.7770087718963623,0
0.7780852317810059,0
0.7790582180023193,0
0.7800338268280029,0
0.7810137271881104,0
0.7820956707000732,0
0.7830536365509033,0
0.7840125560760498,0
0.7850968837738037,0
0.7860491275787354,0
0.7870166301727295,0
0.7881174087524414,0
0.7890903949737549,0
0.7900636196136475,0
0.7910449504852295,0
0.7920103073120117,0
0.7931094169616699,0
0.7940845489501953,0
0.7950372695922852,0
0.7960107326507568,0
0.7971086502075195,0
0.798072338104248,0
0.7990546226501465,0
0.8000304698944092,0
0.8011109828948975,0
0.8020949363708496,0
0.8030943870544434,0
0.8040707111358643,0
0.805077314376831,0
0.806046724319458,0
0.8071250915527344,1
0.8080730438232422,0
0.8090918064117432,0
0.8100557327270508,0
0.8110392093658447,0
0.81211256980896,0
0.8131005764007568,0
0.8140630722045898,1
0.8150501251220703,1
0.8160088062286377,1
0.8170943260192871,1
0.8180491924285889,1
0.8190228939056396,0
0.8201088905334473,0
0.8210771083831787,0
0.8220515251159668,0
0.8230113983154297,0
0.8241047859191895,0
0.8250727653503418,0
0.8260250091552734,0
0.8271090984344482,0
0.8280668258666992,0
0.8290848731994629,0
0.8300745487213135,0
0.8310401439666748,0
0.8321211338043213,0
0.8330934047698975,0
0.8340685367584229,0
0.8350214958190918,0
0.8360955715179443,0
0.8370676040649414,0
0.8380346298217773,0
0.8391191959381104,0
0.8400862216949463,0
0.8410565853118896,0
0.8420407772064209,0
0.8430423736572266,0
0.8440110683441162,0
0.8450989723205566,0
0.8460574150085449,0
0.8470125198364258,0
0.8480970859527588,0
0.849088191986084,0
0.850060224533081,0
0.8510270118713379,0
0.8521075248718262,0
0.8530740737915039,1
0.854015588760376,1
0.855111837387085,0
0.8560802936553955,0
0.8570353984832764,0
0.8580794334411621,0
0.8591046333312988,0
0.8600165843963623,0
0.8610777854919434,0
0.8621253967285156,0
0.863041877746582,0
0.8640921115875244,1
0.8650269508361816,1
0.866063117980957,1
0.8671009540557861,1
0.8680059909820557,1
0.8690891265869141,0
0.8701074123382568,0
0.8710188865661621,1
0.8720545768737793,0
0.8731026649475098,0
0.874108076095581,0
0.8750195503234863,0
0.8760149478912354,0
0.8771049976348877,0
0.8780107498168945,0
0.8790292739868164,0
0.8800420761108398,0
0.8811080455780029,0
0.8820180892944336,0
0.8830373287200928,0
0.8840668201446533,0
0.8850162029266357,0
0.8860414028167725,0
0.8870584964752197,0
0.8880741596221924,0
0.8890399932861328,0
0.8900802135467529,0
0.8910880088806152,0
0.8921184539794922,0
0.8930637836456299,0
0.8940985202789307,0
0.8950281143188477,0
0.8960545063018799,0
0.8971085548400879,0
0.8980135917663574,0
0.8990304470062256,0
0.9000506401062012,0
0.9010844230651855,0
0.9021036624908447,0
0.9030313491821289,0
0.9040372371673584,0
0.9050760269165039,0
0.9060847759246826,0
0.9071004390716553,0
0.90812087059021,0
0.9090301990509033,0
0.9100580215454102,0
0.9110736846923828,0
0.9121007919311523,0
0.9130101203918457,0
0.9140133857727051,0
0.915036678314209,0
0.9160511493682861,0
0.9170858860015869,0
0.918097972869873,0
0.9190113544464111,0
0.9201090335845947,0
0.9210333824157715,0
0.9220521450042725,0
0.9230737686157227,0
0.9240970611572266,0
0.9250311851501465,0
0.9260585308074951,0
0.9270718097686768,0
0.9280943870544434,0
0.9290375709533691,0
0.93003249168396,0
0.9310359954833984,0
0.9320633411407471,0
0.9331092834472656,0
0.934006929397583,0
0.9350283145904541,0
0.9360406398773193,0
0.9371025562286377,0
0.9380075931549072,0
0.9390382766723633,0
0.9400637149810791,0
0.9411008358001709,0
0.9420070648193359,0
0.9430365562438965,0
0.9440438747406006,0
0.9450774192810059,0
0.9461030960083008,0
0.9470114707946777,0
0.948021650314331,0
0.9490575790405273,0
0.9500827789306641,0
0.9510064125061035,0
0.9520838260650635,0
0.953096866607666,0
0.9541196823120117,0
0.9550540447235107,0
0.956092357635498,0
0.9571058750152588,0
0.9580154418945312,0
0.9590365886688232,0
0.9600603580474854,0
0.9610128402709961,0
0.9620370864868164,0
0.9630460739135742,0
0.9640617370605469,0
0.9650895595550537,0
0.9661023616790771,0
0.9670054912567139,0
0.968024730682373,0
0.9690344333648682,0
0.9700484275817871,0
0.9710831642150879,0
0.972003698348999,0
0.9730281829833984,0
0.9740550518035889,0
0.9750759601593018,0
0.9760785102844238,0
0.9770083427429199,0
0.9780211448669434,0
0.9790380001068115,0
0.9801113605499268,0
0.9810221195220947,0
0.9820363521575928,0
0.9830546379089355,0
0.9840803146362305,0
0.9851007461547852,0
0.9861102104187012,0
0.9870355129241943,0
0.988044261932373,0
0.9891219139099121,0
0.9900169372558594,0
0.99102783203125,0
0.9920542240142822,0
0.9931025505065918,0
0.9940090179443359,0
0.9950199127197266,0
0.9960334300994873,0
0.9970693588256836,0
0.9980823993682861,0
0.9991240501403809,0
1.000025987625122,0
1.001084804534912,0
1.0020086765289307,0
1.0030577182769775,0
1.0040843486785889,0
1.0050289630889893,1
1.0060334205627441,1
1.0070629119873047,1
1.0080780982971191,0
1.0090079307556152,0
1.010040521621704,0
1.011056900024414,0
1.0120923519134521,0
1.0130176544189453,0
1.014040470123291,0
1.015084981918335,0
1.0161075592041016,0
1.017028570175171,0
1.0180659294128418,0
1.0190813541412354,1
1.0200250148773193,0
1.0210833549499512,0
1.0220179557800293,0
1.0230467319488525,0
1.0240740776062012,0
1.0250186920166016,0
1.0260443687438965,0
1.0270729064941406,0
1.0280871391296387,0
1.0290474891662598,0
1.030073642730713,0
1.0311083793640137,0
1.0320236682891846,0
1.0331175327301025,0
1.0340373516082764,1
1.0350563526153564,1
1.0360713005065918,0
1.0371031761169434,0
1.03802490234375,0
1.039031744003296,0
1.0400574207305908,0
1.0411219596862793,0
1.0420372486114502,0
1.0430471897125244,0
1.044072151184082,0
1.0450944900512695,0
1.046013355255127,0
1.0470430850982666,0
1.048044204711914,0
1.0490856170654297,0
1.0500147342681885,0
1.051029920578003,0
1.0520238876342773,1
1.0530433654785156,0
1.054070234298706,0
1.0550918579101562,0
1.056091070175171,0
1.057004451751709,0
1.05804443359375,0
1.059065818786621,0
1.060082197189331,0
1.0611004829406738,0
1.0620067119598389,0
1.0630147457122803,0
1.064079999923706,0
1.0650901794433594,0
1.066129207611084,0
1.067009449005127,0
1.0680551528930664,0
1.069075345993042,0
1.070087194442749,0
1.0710093975067139,0
1.0720343589782715,0
1.0730459690093994,0
1.0740630626678467,0
1.0750856399536133,0
1.0760953426361084,0
1.077031135559082,0
1.0780470371246338,0
1.0790691375732422,0
1.0801007747650146,0
1.0810096263885498,0
1.0820372104644775,0
1.0830411911010742,0
1.0840802192687988,0
1.0850958824157715,0
1.086003303527832,0
1.0870029926300049,0
1.0880188941955566,0
1.0890448093414307,0
1.0900614261627197,0
1.091080904006958,0
1.0920968055725098,0
1.0930192470550537,0
1.0940332412719727,0
1.0950498580932617,0
1.096095085144043,0
1.097019910812378,0
1.0980479717254639,1
1.0990755558013916,1
1.1000866889953613,1
1.1010723114013672,1
1.1020910739898682,1
1.1030066013336182,0
1.1040310859680176,0
1.105036735534668,0
1.1060528755187988,0
1.1070830821990967,0
1.108119010925293,0
1.1090269088745117,0
1.1100471019744873,0
1.1110725402832031,0
1.112105131149292,0
1.1130149364471436,0
1.114055871963501,0
1.1150684356689453,0
1.1161012649536133,0
1.1170189380645752,0
1.1180419921875,0
1.1190731525421143,0
1.120091438293457,0
1.121062994003296,0
1.122087001800537,0
1.1231000423431396,0
1.1240320205688477,0
1.125091791152954,0
1.1261029243469238,0
1.1270151138305664,0
1.128035545349121,0
1.1290724277496338,0
1.1300055980682373,0
1.1310148239135742,0
1.1320395469665527,0
1.1330904960632324,0
1.1341092586517334,0
1.1350321769714355,0
1.1360504627227783,0
1.1370282173156738,0
1.138077974319458,0
1.1391069889068604,0
1.1400275230407715,0
1.141103982925415,0
1.142012596130371,0
1.143040657043457,0
1.1440069675445557,0
1.1450235843658447,0
1.1460468769073486,0
1.1470839977264404,0
1.1480133533477783,0
1.1490366458892822,0
1.1500611305236816,0
1.1510920524597168,0
1.152101993560791,0
1.1531116962432861,0
1.154017448425293,0
1.1550548076629639,0
1.1560754776000977,0
1.1571235656738281,0
1.1580820083618164,0
1.1590931415557861,0
1.1601126194000244,1
1.16102933883667,1
1.1620657444000244,1
1.163102149963379,2
1.1641106605529785,2
1.165024995803833,2
1.1660289764404297,3
1.1670639514923096,3
1.1680803298950195,3
1.1690897941589355,2
1.1700944900512695,1
1.1711153984069824,1
1.1720170974731445,1
1.173011302947998,1
1.174041986465454,0
1.175063133239746,0
1.1760873794555664,0
1.1771011352539062,0
1.178025484085083,0
1.1790549755096436,0
1.1800830364227295,0
1.1811065673828125,0
1.1820170879364014,0
1.1830270290374756,0
1.184053659439087,0
1.1850624084472656,0
1.186070442199707,0
1.1871111392974854,0
1.188016414642334,0
1.1890418529510498,0
1.1900837421417236,0
1.1911048889160156,0
1.1920275688171387,0
1.1930761337280273,1
1.1940791606903076,1
1.1951003074645996,1
1.1960480213165283,1
1.1970572471618652,0
1.1980793476104736,0
1.1991076469421387,0
1.20001220703125,0
1.2010550498962402,0
1.2020647525787354,0
1.203089952468872,0
1.2041075229644775,0
1.2050118446350098,0
1.2060160636901855,0
1.2070503234863281,0
1.2080638408660889,0
1.2090978622436523,0
1.21002197265625,0
1.211040735244751,0
1.2120468616485596,0
1.213083267211914,0
1.214113712310791,0
1.2150194644927979,0
1.2160561084747314,0
1.2170801162719727,0
1.2181084156036377,0
1.219010829925537,0
1.2200181484222412,0
1.2210972309112549,0
1.2220933437347412,0
1.2230021953582764,0
1.2240231037139893,0
1.2251014709472656,0
1.2261245250701904,0
1.227036714553833,0
1.228062629699707,0
1.2290115356445312,0
1.2300291061401367,0
1.2310593128204346,0
1.2320659160614014,0
1.2330281734466553,0
1.2340490818023682,0
1.2350704669952393,0
1.236100673675537,0
1.237041711807251,0
1.2380664348602295,0
1.2390806674957275,0
1.2400915622711182,0
1.2410430908203125,0
1.2420530319213867,0
1.2430670261383057,0
1.244084119796753,0
1.2451233863830566,0
1.2460319995880127,0
1.247053861618042,0
1.2480709552764893,0
1.249096393585205,0
1.250004529953003,0
1.251011848449707,0
1.2520217895507812,0
1.2530517578125,0
1.2540667057037354,0
1.2550880908966064,0
1.2560923099517822,0
1.2570202350616455,0
1.2580358982086182,0
1.2590692043304443,0
1.2600772380828857,0
1.261108636856079,0
1.2620210647583008,0
1.2630467414855957,0
1.2640776634216309,0
1.2650940418243408,0
1.2660996913909912,0
1.2670140266418457,0
1.2680668830871582,0
1.2690958976745605,0
1.2701032161712646,0
1.2710087299346924,0
1.2720158100128174,0
1.2730278968811035,0
1.274048089981079,0
1.275073766708374,0
1.276090383529663,0
1.2771103382110596,0
1.2780084609985352,0
1.2790513038635254,0
1.2800543308258057,0
1.2810850143432617,0
1.2821142673492432,0
1.2830309867858887,0
1.2840499877929688,0
1.2850749492645264,0
1.2861104011535645,0
1.2870206832885742,1
1.2880356311798096,1
1.289069414138794,1
1.2901201248168945,0
1.291020154953003,0
1.2920446395874023,0
1.2930853366851807,0
1.2940070629119873,0
1.2950336933135986,0
1.2960560321807861,1
1.2970964908599854,0
1.298105239868164,0
1.299010992050171,0
1.3000311851501465,0
1.3010540008544922,0
1.3020639419555664,0
1.3030869960784912,0
1.304079532623291,0
1.3050060272216797,0
1.3060355186462402,0
1.3070564270019531,0
1.3080921173095703,0
1.3090026378631592,0
1.3100171089172363,0
1.311034917831421,0
1.3120572566986084,0
1.3130810260772705,0
1.314119815826416,0
1.315023422241211,0
1.3160502910614014,0
1.3170626163482666,0
1.3180944919586182,0
1.319124698638916,0
1.3200230598449707,0
1.3210453987121582,0
1.3221194744110107,0
1.3230276107788086,0
1.3240370750427246,0
1.325010061264038,0
1.3260416984558105,0
1.3270485401153564,0
1.3280906677246094,0
1.3290326595306396,0
1.330070972442627,0
1.3310966491699219,0
1.3320043087005615,0
1.3330843448638916,0
1.3341102600097656,0
1.3350114822387695,0
1.336029052734375,0
1.3370957374572754,0
1.3381197452545166,0
1.3390278816223145,0
1.340069055557251,0
1.341029405593872,0
1.3420403003692627,0
1.3430111408233643,0
1.3440372943878174,0
1.3450727462768555,0
1.346097469329834,0
1.3470022678375244,0
1.3480114936828613,0
1.3490252494812012,0
1.3500609397888184,0
1.3510894775390625,0
1.352102518081665,0
1.3530101776123047,0
1.354018211364746,0
1.3550426959991455,0
1.356064796447754,0
1.3570046424865723,0
1.3580195903778076,0
1.3590545654296875,0
1.3600895404815674,0
1.361008644104004,0
1.3620352745056152,0
1.3630759716033936,0
1.3641114234924316,0
1.365035057067871,0
1.3660790920257568,0
1.367119312286377,0
1.368032455444336,0
1.3690812587738037,1
1.3700966835021973,1
1.3710246086120605,1
1.372046709060669,1
1.3730731010437012,1
1.37410306930542,0
1.3750016689300537,1
1.3760569095611572,1
1.3770835399627686,1
1.37807297706604,1
1.3790152072906494,0
1.3800396919250488,0
1.381068468093872,0
1.3820984363555908,0
1.3830955028533936,0
1.384014368057251,0
1.3850276470184326,0
1.3860468864440918,0
1.3870573043823242,0
1.3880717754364014,0
1.3890979290008545,0
1.3901000022888184,0
1.3910374641418457,0
1.3920526504516602,0
1.3930740356445312,0
1.3941328525543213,0
1.395031213760376,0
1.3960778713226318,0
1.3970966339111328,0
1.3980076313018799,0
1.3990228176116943,0
1.4000303745269775,0
1.4010381698608398,0
1.402038812637329,0
1.4030730724334717,0
1.404090404510498,0
1.4051146507263184,0
1.406022310256958,0
1.4070358276367188,0
1.4080398082733154,0
1.4090888500213623,0
1.4101195335388184,0
1.4110345840454102,0
1.4120533466339111,0
1.4130733013153076,0
1.4141032695770264,0
1.4150235652923584,0
1.4160594940185547,0
1.4170827865600586,0
1.418104648590088,0
1.4190056324005127,0
1.420017957687378,0
1.42104172706604,0
1.422128438949585,0
1.42303466796875,0
1.4240529537200928,0
1.4250023365020752,0
1.4260272979736328,0
1.4270622730255127,0
1.4280962944030762,0
1.4290382862091064,0
1.4300572872161865,0
1.4310834407806396,0
1.4320106506347656,0
1.4331104755401611,0
1.4340150356292725,0
1.4350430965423584,1
1.4360620975494385,1
1.4370155334472656,0
1.4380567073822021,0
1.4390842914581299,0
1.4401037693023682,0
1.44107985496521,0
1.4420952796936035,0
1.4430091381072998,0
1.4440362453460693,0
1.4451029300689697,0
1.446012258529663,0
1.447031021118164,0
1.4480383396148682,0
1.449073314666748,0
1.4500970840454102,0
1.4510116577148438,0
1.4520630836486816,0
1.4531054496765137,0
1.4540162086486816,0
1.4550590515136719,0
1.4560809135437012,0
1.4571130275726318,0
1.4580256938934326,0
1.459028959274292,0
1.4600310325622559,0
1.4611048698425293,0
1.462021827697754,0
1.4630963802337646,0
1.4641015529632568,0
1.4650568962097168,0
1.466073751449585,0
1.4671072959899902,0
1.468017578125,0
1.4691007137298584,0
1.4700202941894531,0
1.4710500240325928,1
1.4720768928527832,1
1.4731571674346924,1
1.4740636348724365,1
1.4750959873199463,1
1.4760029315948486,2
1.477043867111206,2
1.4780676364898682,1
1.4790937900543213,0
1.4801101684570312,1
1.4810256958007812,1
1.4820380210876465,0
1.483057975769043,0
1.484074354171753,0
1.4850986003875732,0
1.4860057830810547,0
1.4870281219482422,0
1.4880359172821045,0
1.4890682697296143,0
1.4900970458984375,0
1.4911231994628906,0
1.4920406341552734,0
1.4930634498596191,0
1.494074821472168,0
1.4951057434082031,0
1.4960136413574219,0
1.4970333576202393,0
1.4980461597442627,0
1.4990811347961426,0
1.5000956058502197,0
1.5010156631469727,0
1.5020525455474854,0
1.503079891204834,0
1.5040967464447021,0
1.505011796951294,0
1.5060296058654785,0
1.5070738792419434,0
1.5081040859222412,0
1.5090115070343018,0
1.510059118270874,0
1.5110876560211182,0
1.512012004852295,0
1.5130395889282227,0
1.5140695571899414,0
1.5151042938232422,0
1.5160200595855713,0
1.517052173614502,0
1.5180811882019043,1
1.519113302230835,0
1.5200111865997314,0
1.5210373401641846,0
1.5220255851745605,0
1.5230681896209717,0
1.52408766746521,0
1.5250248908996582,0
1.526033639907837,0
1.5270702838897705,0
1.5280861854553223,0
1.529052734375,0
1.530087947845459,0
1.5311095714569092,0
1.5320169925689697,0
1.533055305480957,0
1.5340876579284668,0
1.5350992679595947,0
1.5360257625579834,0
1.5370793342590332,0
1.5380923748016357,0
1.5391149520874023,0
1.5400116443634033,0
1.5410926342010498,0
1.5421104431152344,0
1.5430176258087158,0
1.5440504550933838,0
1.5450687408447266,0
1.5460727214813232,0
1.5470826625823975,0
1.5480868816375732,0
1.54911470413208,0
1.5500226020812988,0
1.5510485172271729,0
1.5520687103271484,0
1.553084373474121,0
1.5540032386779785,0
1.5550122261047363,0
1.556015968322754,0
1.5570530891418457,0
1.558067798614502,0
1.5590953826904297,0
1.5600075721740723,0
1.5610287189483643,0
1.5620532035827637,0
1.5630829334259033,0
1.564124345779419,0
1.5650596618652344,0
1.5660820007324219,0
1.5671038627624512,0
1.5680115222930908,0
1.5690529346466064,0
1.5700774192810059,0
1.5711236000061035,0
1.572054386138916,0
1.5731215476989746,0
1.5740301609039307,0
1.5750703811645508,0
1.5760917663574219,1
1.5770258903503418,0
1.578049659729004,0
1.579087734222412,0
1.5801053047180176,0
1.5810320377349854,0
1.5820608139038086,0
1.5830764770507812,0
1.5841104984283447,0
1.5850391387939453,0
1.5860645771026611,0
1.5870985984802246,0
1.5880107879638672,0
1.5892927646636963,0
1.5900309085845947,1
1.5910673141479492,0
1.592071533203125,0
1.5931155681610107,0
1.5940182209014893,0
1.59503173828125,0
1.596055507659912,0
1.59708833694458,0
1.59810471534729,0
1.59901762008667,0
1.60003662109375,0
1.6010587215423584,0
1.602081537246704,0
1.6030941009521484,0
1.6041209697723389,0
1.6050338745117188,0
1.6060583591461182,0
1.6070752143859863,0
1.6080970764160156,0
1.6090235710144043,0
1.6100397109985352,0
1.6110889911651611,0
1.6120171546936035,0
1.6130633354187012,0
1.6140873432159424,1
1.6150140762329102,0
1.6160480976104736,0
1.6170752048492432,0
1.6180999279022217,0
1.6190037727355957,0
1.6200377941131592,0
1.6210668087005615,0
1.622082233428955,0
1.6230342388153076,0
1.624054193496704,0
1.625002145767212,0
1.6260271072387695,0
1.6270339488983154,0
1.6280548572540283,0
1.6290051937103271,0
1.6300289630889893,0
1.6310575008392334,0
1.6320745944976807,0
1.633040189743042,0
1.6340670585632324,0
1.6351003646850586,0
1.6360101699829102,0
1.6370742321014404,0
1.6380996704101562,0
1.6390283107757568,0
1.640052080154419,0
1.6410377025604248,0
1.6420838832855225,0
1.6431055068969727,1
1.64400315284729,0
1.6450743675231934,0
1.6460959911346436,0
1.6470136642456055,0
1.6480324268341064,0
1.6490657329559326,0
1.650094985961914,0
1.6511127948760986,0
1.652014970779419,0
1.6530389785766602,0
1.654062032699585,0
1.655066728591919,0
1.656099796295166,0
1.657104253768921,0
1.6580142974853516,0
1.6590209007263184,0
1.6600422859191895,0
1.6610960960388184,0
1.662013053894043,0
1.6630454063415527,0
1.6640651226043701,0
1.6651020050048828,0
1.6660046577453613,0
1.6670269966125488,1
1.6680326461791992,0
1.669036626815796,0
1.6700670719146729,0
1.671095609664917,0
1.672105312347412,0
1.6730153560638428,0
1.6740307807922363,0
1.6750543117523193,0
1.6760728359222412,0
1.6771140098571777,0
1.6780321598052979,0
1.6790657043457031,0
1.6800932884216309,0
1.6810050010681152,0
1.6820237636566162,0
1.6830682754516602,0
1.6840996742248535,0
1.6851227283477783,0
1.6860229969024658,0
1.6870200634002686,0
1.6880607604980469,0
1.6890814304351807,0
1.6901066303253174,0
1.6910228729248047,0
1.6920421123504639,0
1.693053960800171,0
1.6940829753875732,0
1.6950061321258545,0
1.6960349082946777,0
1.6970701217651367,0
1.698106050491333,0
1.6990306377410889,0
1.7000617980957031,0
1.7010979652404785,1
1.7021174430847168,1
1.7030484676361084,1
1.7040810585021973,1
1.705075979232788,2
1.7060837745666504,1
1.7071082592010498,1
1.708024263381958,0
1.7090449333190918,0
1.7100729942321777,0
1.7110981941223145,0
1.7120120525360107,1
1.7130522727966309,0
1.7140376567840576,0
1.7150628566741943,0
1.716076374053955,0
1.7170896530151367,0
1.7180132865905762,0
1.7190449237823486,0
1.7200639247894287,0
1.721015214920044,0
1.7220444679260254,0
1.7230024337768555,0
1.7240219116210938,0
1.7250704765319824,0
1.7261030673980713,0
1.7270030975341797,0
1.7280237674713135,0
1.7290904521942139,0
1.7301077842712402,0
1.7310097217559814,0
1.7320232391357422,0
1.7330896854400635,0
1.7341139316558838,0
1.7350623607635498,0
1.7361021041870117,0
1.7370481491088867,0
1.738060712814331,0
1.7390685081481934,0
1.740093469619751,0
1.741037130355835,0
1.7420384883880615,0
1.7430639266967773,0
1.744093894958496,0
1.7451167106628418,0
1.7460176944732666,0
1.7470316886901855,0
1.748079776763916,0
1.7491047382354736,0
1.750007152557373,0
1.7510175704956055,0
1.752026081085205,0
1.7530536651611328,0
1.7540771961212158,0
1.7550921440124512,0
1.7561137676239014,0
1.757086992263794,0
1.758105754852295,0
1.7590091228485107,0
1.760012149810791,0
1.7610256671905518,0
1.7620439529418945,0
1.7630581855773926,0
1.764094352722168,0
1.765012502670288,0
1.7660253047943115,0
1.7670326232910156,0
1.7680602073669434,0
1.7690820693969727,0
1.7701189517974854,0
1.7710239887237549,0
1.7720651626586914,0
1.7731010913848877,0
1.7740323543548584,0
1.775050163269043,0
1.776069164276123,0
1.7770984172821045,0
1.7780210971832275,1
1.779005527496338,0
1.780090093612671,0
1.7810964584350586,0
1.7820017337799072,0
1.7830471992492676,0
1.7840843200683594,0
1.7850031852722168,0
1.7860257625579834,0
1.787057876586914,0
1.7880709171295166,0
1.7890939712524414,0
1.7901079654693604,0
1.7910234928131104,0
1.792060136795044,0
1.7930948734283447,0
1.794015645980835,0
1.7950358390808105,0
1.7960655689239502,1
1.7970752716064453,0
1.7980995178222656,0
1.7990038394927979,0
1.8000378608703613,0
1.8010668754577637,0
1.8020870685577393,0
1.8031082153320312,0
1.8040027618408203,0
1.805032730102539,0
1.8060481548309326,0
1.8070576190948486,0
1.8080852031707764,0
1.8091075420379639,0
1.810042142868042,0
1.8110783100128174,0
1.8120882511138916,0
1.813110589981079,0
1.814016580581665,0
1.8150315284729004,0
1.8160510063171387,0
1.817096471786499,0
1.8181195259094238,0
1.8190257549285889,0
1.8200669288635254,0
1.82110595703125,0
1.822028398513794,0
1.8230767250061035,0
1.8240187168121338,0
1.8250765800476074,0
1.826108455657959,0
1.8270320892333984,0
1.8280396461486816,0
1.8290996551513672,1
1.8300268650054932,1
1.831087589263916,0
1.8321235179901123,0
1.833071231842041,0
1.8340282440185547,0
1.8350601196289062,0
1.8360857963562012,0
1.8370330333709717,0
1.838036060333252,1
1.8390731811523438,0
1.8400862216949463,0
1.8410239219665527,0
1.8420445919036865,0
1.843106985092163,0
1.844008207321167,0
1.8450391292572021,0
1.846059799194336,0
1.8470711708068848,0
1.8480899333953857,0
1.8491053581237793,0
1.8500218391418457,0
1.851036787033081,0
1.852064847946167,0
1.8530941009521484,0
1.8540112972259521,0
1.8550386428833008,0
1.856062650680542,0
1.8570070266723633,0
1.8580281734466553,0
1.859041452407837,0
1.8600518703460693,0
1.8610820770263672,0
1.8620073795318604,0
1.8630313873291016,0
1.8640456199645996,0
1.8650710582733154,0
1.8660931587219238,0
1.867027997970581,0
1.8680381774902344,0
1.8690681457519531,0
1.8700742721557617,0
1.8710930347442627,0
1.8721120357513428,0
1.8730201721191406,0
1.8740355968475342,0
1.8750483989715576,0
1.876068353652954,0
1.8770778179168701,0
1.8781015872955322,0
1.8790106773376465,0
1.8800394535064697,0
1.8810486793518066,0
1.882087230682373,0
1.8831007480621338,0
1.88401198387146,0
1.8850374221801758,0
1.8860549926757812,0
1.8870790004730225,0
1.888110876083374,0
1.8890395164489746,0
1.8900516033172607,0
1.8910973072052002,0
1.8920042514801025,0
1.8930320739746094,0
1.894049882888794,0
1.8951060771942139,0
1.8961067199707031,0
1.8970344066619873,0
1.8980567455291748,0
1.8990967273712158,0
1.900111436843872,0
1.9010164737701416,0
1.902040719985962,0
1.9030652046203613,0
1.904076337814331,0
1.9050841331481934,0
1.9060089588165283,0
1.9070143699645996,0
1.9080452919006348,0
1.909076452255249,0
1.9100749492645264,0
1.9110944271087646,0
1.9121038913726807,0
1.9130144119262695,0
1.9140255451202393,0
1.9150614738464355,0
1.9160070419311523,0
1.9170222282409668,0
1.9180500507354736,0
1.9190773963928223,0
1.9201035499572754,0
1.9210128784179688,0
1.9220314025878906,0
1.9230575561523438,0
1.9240138530731201,0
1.9250860214233398,0
1.9260039329528809,0
1.9270350933074951,0
1.9280507564544678,0
1.9290053844451904,0
1.9300150871276855,0
1.9310309886932373,0
1.9320454597473145,0
1.9330079555511475,0
1.9340271949768066,0
1.9350636005401611,0
1.936082124710083,0
1.9370472431182861,0
1.9380781650543213,0
1.9390828609466553,0
1.9400982856750488,0
1.9410572052001953,0
1.942077398300171,0
1.9431102275848389,0
1.9440033435821533,0
1.945054054260254,0
1.9460790157318115,0
1.9471023082733154,0
1.948007345199585,0
1.9490442276000977,0
1.9500629901885986,0
1.9510905742645264,0
1.9520361423492432,1
1.9530467987060547,0
1.9540870189666748,0
1.955104112625122,0
1.9560058116912842,0
1.957031488418579,0
1.9580471515655518,0
1.9590551853179932,0
1.9600698947906494,0
1.9610230922698975,0
1.962054967880249,0
1.9630839824676514,0
1.9640963077545166,0
1.965017318725586,0
1.9660546779632568,0
1.967071533203125,0
1.9680960178375244,0
1.969006061553955,0
1.9700500965118408,0
1.9710607528686523,0
1.9720842838287354,0
1.9730103015899658,0
1.974031686782837,0
1.9750356674194336,0
1.9760627746582031,0
1.9770984649658203,0
1.9781239032745361,0
1.9790172576904297,0
1.9800329208374023,0
1.9811151027679443,0
1.9820232391357422,0
1.983048677444458,0
1.9840633869171143,0
1.9850866794586182,0
1.9861016273498535,0
1.987006425857544,0
1.9880411624908447,0
1.9890031814575195,0
1.9900145530700684,0
1.991032361984253,0
1.9920454025268555,0
1.9931070804595947,0
1.9940030574798584,0
1.995025873184204,0
1.9960520267486572,0
1.9970660209655762,0
1.9980790615081787,0
1.9990997314453125,0
2.000105619430542,0
2.001009941101074,0
2.0020227432250977,0
2.0030312538146973,0
2.0040576457977295,0
2.0050766468048096,0
2.006103754043579,0
2.0071091651916504,0
2.008016586303711,0
2.009032726287842,0
2.010040760040283,0
2.011080741882324,0
2.012101888656616,0
2.013010263442993,0
2.014024019241333,0
2.0150556564331055,0
2.016098976135254,0
2.0170087814331055,0
2.0180232524871826,0
2.0190513134002686,0
2.0200517177581787,0
2.021077871322632,0
2.0220210552215576,0
2.0230348110198975,0
2.0241103172302246,0
2.0250701904296875,0
2.0261149406433105,0
2.027027130126953,0
2.0280561447143555,0
2.029104232788086,0
2.030021905899048,0
2.0310468673706055,0
2.032061815261841,0
2.0330302715301514,0
2.0340359210968018,0
2.035054922103882,0
2.036069631576538,0
2.0370171070098877,0
2.0380489826202393,0
2.039052724838257,0
2.0400779247283936,0
2.0410447120666504,0
2.0420498847961426,0
2.043070077896118,0
2.0440778732299805,0
2.0450987815856934,0
2.046088218688965,0
2.047119617462158,0
2.0480237007141113,0
2.049065589904785,0
2.050079584121704,0
2.051105499267578,0
2.0520198345184326,0
2.0530500411987305,0
2.054053783416748,0
2.055102586746216,0
2.056124687194824,0
2.057037830352783,0
2.058051109313965,0
2.0590717792510986,0
2.060096263885498,0
2.0610105991363525,0
2.062023639678955,0
2.0630428791046143,0
2.064052104949951,0
2.0650150775909424,0
2.0660288333892822,0
2.067065954208374,0
2.0680723190307617,0
2.0690083503723145,0
2.0700337886810303,0
2.071054220199585,0
2.0720725059509277,0
2.073117256164551,0
2.0740301609039307,0
2.0750412940979004,0
2.0760669708251953,0
2.0770890712738037,0
2.0781033039093018,0
2.079008102416992,0
2.0800344944000244,0
2.081068992614746,0
2.0820937156677246,0
2.0831212997436523,0
2.084029197692871,0
2.08504581451416,0
2.0860605239868164,0
2.08707594871521,0
2.0881030559539795,0
2.0890188217163086,0
2.090038299560547,0
2.091071128845215,0
2.092101812362671,0
2.093015193939209,0
2.094040632247925,0
2.0950558185577393,0
2.0960705280303955,0
2.097101926803589,0
2.0980167388916016,0
2.0990383625030518,0
2.100058078765869,0
2.101090669631958,0
2.1021127700805664,0
2.103020668029785,0
2.1040468215942383,0
2.1050727367401123,0
2.106093168258667,0
2.107015609741211,0
2.108029365539551,0
2.1090493202209473,0
2.1100711822509766,0
2.1110966205596924,0
2.1120216846466064,0
2.1130523681640625,0
2.1140782833099365,0
2.115100383758545,0
2.116117477416992,0
2.1170384883880615,0
2.118044853210449,0
2.119062662124634,0
2.1200830936431885,0
2.1210973262786865,0
2.1221089363098145,0
2.123004674911499,0
2.124025344848633,0
2.1250789165496826,0
2.1261138916015625,0
2.1270203590393066,0
2.128047466278076,0
2.1290271282196045,0
2.1300392150878906,0
2.1310644149780273,0
2.1320667266845703,0
2.1330084800720215,0
2.1340441703796387,0
2.1350769996643066,0
2.1360878944396973,0
2.1370346546173096,0
2.1380929946899414,0
2.1390058994293213,0
2.1400301456451416,0
2.1411054134368896,0
2.1420094966888428,0
2.1430511474609375,0
2.144073009490967,0
2.1450400352478027,0
2.1460516452789307,0
2.1470658779144287,0
2.1480796337127686,0
2.149102210998535,0
2.1500160694122314,0
2.1510374546051025,0
2.152064085006714,0
2.1530871391296387,0
2.1541106700897217,0
2.155013084411621,0
2.156033992767334,0
2.157043218612671,0
2.158104658126831,0
2.159010887145996,0
2.1600303649902344,0
2.161068916320801,0
2.1620752811431885,0
2.1631059646606445,0
2.164015293121338,0
2.1650726795196533,0
2.1661064624786377,0
2.1670162677764893,0
2.1680407524108887,0
2.1690595149993896,0
2.1700899600982666,0
2.1710925102233887,0
2.172114849090576,0
2.173032760620117,0
2.1740634441375732,0
2.1750736236572266,0
2.176089286804199,0
2.1771209239959717,0
2.178029775619507,0
2.1790571212768555,0
2.1800801753997803,0
2.1810953617095947,0
2.1821064949035645,0
2.183013916015625,0
2.184030294418335,0
2.18505597114563,0
2.1860690116882324,0
2.1870927810668945,0
2.188002824783325,0
2.189026355743408,0
2.190034866333008,0
2.1910593509674072,0
2.1920690536499023,0
2.1931071281433105,0
2.1940250396728516,0
2.1950714588165283,0
2.196096658706665,0
2.1970252990722656,0
2.1980433464050293,0
2.199075222015381,1
2.200103759765625,0
2.201009511947632,0
2.202028512954712,0
2.2030508518218994,0
2.2040746212005615,0
2.2051174640655518,0
2.2060282230377197,0
2.207059144973755,0
2.2080812454223633,0
2.20900297164917,0
2.210031509399414,0
2.211069345474243,0
2.2120790481567383,0
2.2130203247070312,0
2.214049816131592,0
2.215066909790039,0
2.2160885334014893,0
2.217003107070923,0
2.2180416584014893,0
2.21907377243042,0
2.2200965881347656,0
2.221010208129883,0
2.2220282554626465,1
2.223032236099243,0
2.2240426540374756,0
2.225027561187744,0
2.22603178024292,0
2.2270357608795166,0
2.22806453704834,0
2.229104518890381,0
2.2300078868865967,0
2.2310338020324707,0
2.2320480346679688,0
2.2330973148345947,0
2.234004020690918,0
2.2350516319274902,0
2.2360591888427734,0
2.2370059490203857,0
2.2380199432373047,0
2.2390329837799072,0
2.2400567531585693,0
2.241102457046509,0
2.242124080657959,0
2.243043899536133,0
2.244068145751953,0
2.245008707046509,0
2.2460334300994873,0
2.247070789337158,1
2.2480862140655518,1
2.249004364013672,1
2.250051975250244,1
2.251103162765503,1
2.252018451690674,0
2.2530438899993896,0
2.254059076309204,1
2.255067825317383,1
2.2560672760009766,1
2.2570064067840576,1
2.2580268383026123,2
2.2590513229370117,1
2.260085105895996,1
2.2610037326812744,0
2.2620303630828857,0
2.2630510330200195,0
2.264077663421631,0
2.2650034427642822,0
2.2660255432128906,0
2.267054796218872,1
2.268092632293701,0
2.2691001892089844,0
2.2700095176696777,0
2.271045207977295,0
2.2720625400543213,0
2.2730791568756104,0
2.2740025520324707,0
2.2750067710876465,0
2.2760274410247803,0
2.27705979347229,0
2.2780792713165283,0
2.279090404510498,0
2.2801036834716797,0
2.2810182571411133,0
2.2820465564727783,0
2.283061981201172,0
2.2840754985809326,0
2.2850897312164307,0
2.2861015796661377,0
2.2870161533355713,0
2.2880496978759766,0
2.2890725135803223,0
2.290102243423462,0
2.291006088256836,0
2.292017936706543,0
2.293062686920166,0
2.294097900390625,0
2.295109272003174,0
2.2960143089294434,0
2.297044038772583,0
2.298063278198242,0
2.299069404602051,0
2.3000926971435547,0
2.3010141849517822,0
2.302043914794922,0
2.303065538406372,0
2.304088592529297,0
2.3051106929779053,0
2.3060262203216553,0
2.3070242404937744,0
2.308056116104126,0
2.3090758323669434,0
2.310107469558716,0
2.311011791229248,0
2.312021255493164,0
2.313052177429199,0
2.3140664100646973,0
2.3150734901428223,0
2.3160879611968994,0
2.3170251846313477,0
2.3180527687072754,0
2.3190665245056152,0
2.32009220123291,0
2.321004629135132,0
2.322033166885376,0
2.3230526447296143,0
2.3240597248077393,0
2.3251278400421143,0
2.326047420501709,0
2.3270606994628906,0
2.3280770778656006,0
2.3290319442749023,0
2.330045223236084,0
2.3310766220092773,0
2.332097053527832,0
2.3330397605895996,0
2.334059953689575,0
2.3350913524627686,0
2.3361053466796875,0
2.337056875228882,0
2.3380985260009766,0
2.3390085697174072,0
2.340019941329956,0
2.3410940170288086,0
2.3421244621276855,0
2.3430755138397217,0
2.344106674194336,0
2.345045804977417,0
2.3460755348205566,0
2.347106456756592,0
2.3480348587036133,0
2.3490636348724365,0
2.3500821590423584,0
2.3511135578155518,0
2.3520166873931885,0
2.3530497550964355,0
2.354076623916626,0
2.355085849761963,0
2.3560237884521484,0
2.3570632934570312,0
2.358090877532959,0
2.3591089248657227,0
2.360008478164673,0
2.3610432147979736,0
2.362053632736206,0
2.363074779510498,0
2.3640987873077393,0
2.365003824234009,0
2.366023302078247,0
2.367050886154175,0
2.368074417114258,0
2.369108200073242,0
2.370030641555786,0
2.371049404144287,0
2.3720948696136475,0
2.3730194568634033,0
2.374025583267212,1
2.3750319480895996,0
2.3760244846343994,0
2.377063274383545,0
2.378103494644165,0
2.3791122436523438,0
2.3800208568573,0
2.381037950515747,0
2.3820531368255615,0
2.3830742835998535,0
2.384092330932617,0
2.3851115703582764,0
2.386026620864868,0
2.387049674987793,0
2.3880786895751953,0
2.389103412628174,0
2.3901093006134033,0
2.3910071849823,0
2.3920350074768066,0
2.3930628299713135,0
2.394073724746704,0
2.3950071334838867,0
2.396029472351074,0
2.3970470428466797,0
2.398084878921509,0
2.399092674255371,0
2.4001059532165527,0
2.4010188579559326,0
2.4020309448242188,0
2.403043746948242,0
2.4040868282318115,0
2.4051051139831543,0
2.406029224395752,0
2.4070658683776855,0
2.408099412918091,0
2.409034252166748,0
2.410071849822998,0
2.4111037254333496,0
2.4120078086853027,0
2.413057327270508,0
2.4140896797180176,0
2.415011405944824,0
2.416003942489624,1
2.41703724861145,0
2.418043613433838,0
2.419083595275879,0
2.420092821121216,0
2.4210052490234375,0
2.4220163822174072,0
2.423046827316284,0
2.4240546226501465,0
2.42507004737854,0
2.426023244857788,0
2.4270570278167725,0
2.4280853271484375,0
2.429021120071411,0
2.430054187774658,0
2.431067943572998,0
2.4320950508117676,0
2.433056116104126,0
2.4340994358062744,0
2.435115337371826,0
2.436110019683838,0
2.4370594024658203,0
2.43808650970459,0
2.439009666442871,0
2.4400317668914795,0
2.4410901069641113,0
2.4420089721679688,0
2.443030834197998,0
2.4440548419952393,0
2.445014476776123,0
2.4460270404815674,0
2.44704270362854,0
2.448065996170044,0
2.4490838050842285,0
2.450098991394043,0
2.4511172771453857,0
2.452049732208252,0
2.4530370235443115,0
2.454106330871582,0
2.4550318717956543,0
2.4560954570770264,0
2.457042694091797,0
2.458091974258423,0
2.4590351581573486,0
2.4601023197174072,0
2.461033821105957,0
2.4620578289031982,0
2.46308970451355,0
2.4640915393829346,0
2.465024709701538,0
2.466029644012451,0
2.4670658111572266,0
2.4680941104888916,0
2.469038963317871,0
2.4700918197631836,0
2.471096992492676,0
2.4720165729522705,0
2.4730474948883057,0
2.474060297012329,0
2.475062608718872,0
2.476083517074585,0
2.4771132469177246,0
2.4780218601226807,0
2.479048252105713,0
2.4800736904144287,0
2.481093168258667,0
2.4821012020111084,0
2.483010768890381,0
2.484016180038452,0
2.4850685596466064,0
2.486107587814331,0
2.4870285987854004,0
2.4880692958831787,0
2.4890964031219482,0
2.4900050163269043,0
2.49104380607605,0
2.4920637607574463,0
2.4930837154388428,0
2.494006872177124,0
2.495022773742676,0
2.4960358142852783,0
2.4970643520355225,1
2.498072624206543,1
2.4990882873535156,0
2.5001208782196045,0
2.501039743423462,0
2.5020580291748047,1
2.503096342086792,1
2.504009246826172,1
2.5050432682037354,2
2.506082773208618,1
2.5070691108703613,1
2.5080952644348145,0
2.509101152420044,1
2.5100202560424805,0
2.5110185146331787,0
2.5120346546173096,0
2.513087034225464,0
2.514108896255493,0
2.515016794204712,0
2.516057014465332,0
2.5170738697052,0
2.5181164741516113,0
2.5190184116363525,0
2.520059823989868,0
2.521073579788208,0
2.522010326385498,0
2.523014545440674,0
2.524031639099121,0
2.525068998336792,0
2.526012420654297,0
2.5270321369171143,0
2.5280559062957764,0
2.5291097164154053,0
2.530026435852051,0
2.531038522720337,0
2.5320613384246826,0
2.533003091812134,0
2.534019708633423,0
2.5350332260131836,0
2.5360517501831055,0
2.5370075702667236,0
2.5380260944366455,0
2.539033889770508,0
2.5400450229644775,0
2.5410971641540527,0
2.542121410369873,0
2.543026924133301,0
2.5440359115600586,0
2.545118570327759,0
2.546034336090088,0
2.54707407951355,0
2.5480844974517822,0
2.5491058826446533,0
2.5500130653381348,0
2.551060914993286,0
2.5521066188812256,0
2.553023099899292,0
2.5540390014648438,0
2.5550613403320312,0
2.556112766265869,0
2.557030200958252,0
2.5580530166625977,0
2.559049606323242,0
2.560058832168579,0
2.5611026287078857,0
2.5620086193084717,0
2.5630247592926025,0
2.5640459060668945,0
2.5650174617767334,0
2.5660390853881836,0
2.5670578479766846,0
2.5680770874023438,0
2.5691049098968506,0
2.5700066089630127,0
2.5710465908050537,0
2.5720787048339844,0
2.573110580444336,0
2.574012517929077,0
2.5750162601470947,0
2.57603120803833,0
2.577052354812622,0
2.5780954360961914,0
2.5791168212890625,0
2.5800321102142334,0
2.5810489654541016,0
2.582063913345337,0
2.583080768585205,0
2.5840988159179688,0
2.585010290145874,0
2.586029529571533,0
2.587050199508667,0
2.588090419769287,0
2.5891218185424805,0
2.590024709701538,0
2.5910308361053467,0
2.592052936553955,0
2.5930819511413574,0
2.5940239429473877,0
2.5950605869293213,0
2.5960841178894043,0
2.597105026245117,0
2.598029613494873,0
2.599064350128174,0
2.6000828742980957,0
2.6011219024658203,0
2.6020302772521973,0
2.603058099746704,0
2.6040561199188232,0
2.605077028274536,0
2.6060798168182373,0
2.607102632522583,0
2.6080243587493896,0
2.6090357303619385,0
2.610060453414917,0
2.6110777854919434,0
2.612109899520874,0
2.613013505935669,0
2.6140148639678955,0
2.6150076389312744,0
2.6160390377044678,0
2.617065668106079,0
2.6180832386016846,0
2.6191024780273438,0
2.6200897693634033,0
2.621095895767212,0
2.6221065521240234,0
2.6230247020721436,0
2.6240406036376953,0
2.6250789165496826,0
2.62612247467041,0
2.6270601749420166,0
2.628079891204834,0
2.629030227661133,0
2.6300418376922607,0
2.63106107711792,0
2.63208270072937,0
2.6330246925354004,0
2.634042501449585,0
2.635066032409668,0
2.636077642440796,0
2.637031316757202,0
2.638049840927124,0
2.6390717029571533,0
2.6400914192199707,0
2.6410443782806396,0
2.642072916030884,0
2.64310622215271,0
2.6440844535827637,0
2.6450657844543457,0
2.6460869312286377,0
2.647095203399658,0
2.6481053829193115,0
2.6490445137023926,0
2.650102376937866,0
2.651106834411621,0
2.6520116329193115,0
2.6530656814575195,0
2.654087781906128,0
2.6551051139831543,0
2.65602445602417,0
2.6570897102355957,0
2.6580049991607666,0
2.6590311527252197,0
2.660038948059082,0
2.6611104011535645,0
2.6620190143585205,0
2.66304349899292,0
2.6640589237213135,0
2.6650938987731934,0
2.6661136150360107,0
2.6670165061950684,0
2.6680474281311035,0
2.6690797805786133,0
2.67000675201416,0
2.671020269393921,0
2.6720292568206787,0
2.6730499267578125,0
2.674067735671997,0
2.6750733852386475,0
2.6761035919189453,0
2.6770167350769043,0
2.6780338287353516,0
2.6790611743927,0
2.6800930500030518,0
2.681004047393799,0
2.68202805519104,0
2.683058500289917,0
2.6840977668762207,0
2.6850292682647705,0
2.6860623359680176,0
2.687100887298584,0
2.688015937805176,0
2.6890573501586914,0
2.690079689025879,0
2.691108465194702,1
2.692002534866333,0
2.693016290664673,0
2.694042205810547,0
2.6950552463531494,0
2.6960885524749756,0
2.6970059871673584,0
2.698044776916504,0
2.699066162109375,0
2.7000808715820312,0
2.701014757156372,0
2.7020349502563477,0
2.7030563354492188,0
2.704087257385254,0
2.7051191329956055,0
2.706026554107666,0
2.707047939300537,0
2.7080764770507812,0
2.7091224193573,0
2.710016965866089,0
2.7110445499420166,0
2.7120578289031982,0
2.7130661010742188,0
2.714083671569824,0
2.7151308059692383,0
2.7160370349884033,0
2.717057943344116,0
2.7180840969085693,0
2.7191076278686523,0
2.7200136184692383,0
2.721036911010742,0
2.7220098972320557,0
2.723015546798706,0
2.7240214347839355,0
2.725074291229248,0
2.7260823249816895,0
2.727038621902466,0
2.728062868118286,0
2.72910737991333,0
2.7300145626068115,0
2.7310338020324707,0
2.73203444480896,0
2.7331020832061768,0
2.734025239944458,0
2.7350380420684814,0
2.736048698425293,0
2.737006187438965,0
2.738025665283203,0
2.73903489112854,0
2.7400569915771484,0
2.7411131858825684,0
2.7420437335968018,0
2.7430520057678223,0
2.7440736293792725,0
2.7450528144836426,0
2.746060848236084,0
2.7470741271972656,0
2.74811053276062,0
2.7490174770355225,0
2.7500369548797607,0
2.7510576248168945,0
2.7520792484283447,0
2.7531094551086426,0
2.7540123462677,0
2.7550323009490967,0
2.7560529708862305,0
2.757024049758911,0
2.7580482959747314,0
2.7590582370758057,0
2.7600889205932617,0
2.7610061168670654,0
2.762033462524414,0
2.763057231903076,0
2.764080286026001,0
2.7650034427642822,0
2.766028881072998,0
2.7670464515686035,0
2.768082857131958,0
2.769117593765259,0
2.7700319290161133,0
2.771059513092041,0
2.7720823287963867,0
2.7730047702789307,0
2.7740304470062256,0
2.7750518321990967,0
2.7760536670684814,0
2.777064323425293,0
2.7780888080596924,0
2.77900767326355,0
2.7800183296203613,0
2.7810330390930176,0
2.782066583633423,0
2.7830793857574463,0
2.784090518951416,0
2.7850027084350586,0
2.78604793548584,0
2.7870521545410156,0
2.788078784942627,0
2.7890071868896484,0
2.7900283336639404,0
2.791058301925659,0
2.7920684814453125,0
2.7930808067321777,0
2.7940893173217773,0
2.7951254844665527,0
2.796041965484619,0
2.7970690727233887,0
2.7980971336364746,0
2.7990152835845947,0
2.8000426292419434,0
2.8010976314544678,0
2.802006483078003,0
2.8030471801757812,0
2.804075241088867,0
2.8050894737243652,1
2.8060073852539062,0
2.8070216178894043,0
2.8080382347106934,0
2.8090620040893555,0
2.810091972351074,0
2.8111042976379395,0
2.812016487121582,0
2.8130578994750977,0
2.8140878677368164,0
2.815110445022583,0
2.8160274028778076,0
2.8170526027679443,0
2.8180665969848633,0
2.8190884590148926,0
2.820122241973877,0
2.8210318088531494,0
2.822052478790283,0
2.8230693340301514,0
2.8241004943847656,0
2.825016498565674,0
2.8260371685028076,0
2.8270773887634277,0
2.828125238418579,0
2.829069137573242,0
2.8300931453704834,0
2.831015110015869,0
2.8320322036743164,0
2.8331048488616943,0
2.834005355834961,0
2.8350582122802734,0
2.8361001014709473,0
2.8370535373687744,0
2.8380658626556396,0
2.8390698432922363,0
2.840114116668701,0
2.8410744667053223,0
2.8420958518981934,0
2.8430440425872803,0
2.8440728187561035,0
2.84501576423645,0
2.846038341522217,0
2.8470675945281982,0
2.8480958938598633,0
2.849020004272461,0
2.8500289916992188,0
2.851034641265869,0
2.8520565032958984,0
2.853109836578369,0
2.854013204574585,0
2.8550291061401367,0
2.856060743331909,0
2.857013702392578,0
2.8580353260040283,0
2.859036684036255,0
2.8600592613220215,0
2.8610775470733643,0
2.862111806869507,0
2.8630287647247314,0
2.8640594482421875,0
2.865076780319214,0
2.866107940673828,0
2.8670032024383545,0
2.868011951446533,0
2.8690381050109863,0
2.870072841644287,0
2.871105670928955,0
2.87201189994812,0
2.8730356693267822,0
2.8740651607513428,0
2.8751003742218018,0
2.8761234283447266,0
2.8770179748535156,0
2.8780136108398438,0
2.8790390491485596,0
2.8800599575042725,0
2.8810837268829346,0
2.8821024894714355,0
2.8830084800720215,0
2.8840367794036865,0
2.8850483894348145,0
2.8860723972320557,0
2.8871047496795654,0
2.8880136013031006,0
2.8890340328216553,0
2.890061140060425,0
2.891101598739624,0
2.892014980316162,0
2.8930156230926514,0
2.8940587043762207,0
2.8951075077056885,0
2.8960177898406982,0
2.8970589637756348,0
2.8981010913848877,0
2.899005889892578,0
2.900028944015503,0
2.90105938911438,0
2.902080774307251,1
2.903005838394165,1
2.9040448665618896,0
2.905048370361328,0
2.9060845375061035,0
2.907104015350342,0
2.9080028533935547,0
2.909031391143799,0
2.910064458847046,0
2.911083459854126,0
2.9121129512786865,0
2.9130265712738037,0
2.914059638977051,0
2.9150781631469727,0
2.9160096645355225,0
2.91705584526062,0
2.918063163757324,0
2.919085741043091,0
2.92010235786438,0
2.9210190773010254,0
2.922053098678589,0
2.923076868057251,0
2.9240965843200684,0
2.9251058101654053,0
2.926022529602051,0
2.9270572662353516,0
2.9280221462249756,0
2.929074287414551,0
2.9300880432128906,0
2.9310150146484375,0
2.9320311546325684,0
2.9331018924713135,0
2.9340105056762695,0
2.9350340366363525,0
2.936063051223755,0
2.9371237754821777,0
2.9380266666412354,0
2.939037322998047,0
2.9400510787963867,0
2.941025972366333,0
2.9420571327209473,0
2.9430618286132812,0
2.9440886974334717,0
2.945046901702881,0
2.9460718631744385,0
2.9470834732055664,0
2.948099136352539,0
2.949105739593506,0
2.9500162601470947,0
2.951038122177124,0
2.952120065689087,0
2.95302414894104,0
2.9540512561798096,0
2.9550697803497314,0
2.956096887588501,0
2.95701265335083,0
2.958017587661743,0
2.9590413570404053,0
2.9600720405578613,0
2.9610440731048584,0
2.9620730876922607,0
2.963099956512451,0
2.9641101360321045,0
2.965022563934326,0
2.966050624847412,0
2.9670701026916504,0
2.968097686767578,0
2.9690206050872803,0
2.9700303077697754,0
2.9710516929626465,0
2.9720897674560547,0
2.973007917404175,0
2.9740259647369385,0
2.9750492572784424,1
2.9760594367980957,0
2.977083921432495,0
2.9781126976013184,0
2.9790198802948,0
2.9800384044647217,0
2.9810404777526855,0
2.982105016708374,0
2.9830124378204346,0
2.9840505123138428,0
2.9850738048553467,0
2.986093759536743,0
2.987009286880493,0
2.988032579421997,0
2.9890053272247314,0
2.9900240898132324,0
2.991037130355835,0
2.9920573234558105,0
2.9930169582366943,0
2.9940366744995117,0
2.995075225830078,0
2.9961040019989014,0
2.997014284133911,0
2.998034715652466,0
2.9990596771240234,0
3.0000810623168945,0
3.0010976791381836,0
3.002012252807617,0
3.003023147583008,0
3.004040479660034,0
3.0050718784332275,0
3.006103515625,0
3.0071210861206055,0
3.008023738861084,0
3.00905179977417,0
3.010082244873047,0
3.0111007690429688,0
3.0120139122009277,0
3.0130369663238525,0
3.0140745639801025,0
3.0150885581970215,0
3.0161006450653076,0
3.0170199871063232,0
3.0180366039276123,0
3.019052267074585,0
3.020066976547241,0
3.021089553833008,0
3.0220367908477783,0
3.023062229156494,0
3.0240695476531982,0
3.025094747543335,0
3.0260047912597656,0
3.027029514312744,0
3.0280959606170654,0
3.0290424823760986,0
3.0300827026367188,0
3.031092405319214,0
3.0320076942443848,0
3.0330657958984375,0
3.034095525741577,0
3.0350072383880615,0
3.0360443592071533,0
3.0371150970458984,0
3.0380115509033203,0
3.039045572280884,0
3.0400781631469727,0
3.041029214859009,0
3.0420422554016113,0
3.0430514812469482,0
3.0440640449523926,0
3.0450222492218018,0
3.046032190322876,0
3.047055721282959,0
3.0480828285217285,0
3.0491182804107666,0
3.0500333309173584,0
3.0510482788085938,0
3.0520777702331543,0
3.053093433380127,0
3.0540053844451904,0
3.0550293922424316,0
3.0560407638549805,0
3.057101249694824,0
3.0581352710723877,0
3.059025287628174,0
3.0600712299346924,0
3.0610101222991943,0
3.0620334148406982,0
3.0630593299865723,0
3.0640687942504883,0
3.0650155544281006,0
3.0660436153411865,0
3.0670573711395264,0
3.068077325820923,0
3.069101095199585,0
3.0700056552886963,0
3.0710227489471436,0
3.072064161300659,0
3.0730817317962646,0
3.074100971221924,0
3.075025796890259,0
3.0760385990142822,0
3.0770697593688965,0
3.0780770778656006,0
3.0790951251983643,0
3.080007791519165,0
3.081040143966675,0
3.082059621810913,0
3.083066940307617,0
3.0840821266174316,0
3.085113763809204,0
3.086026668548584,0
3.0870697498321533,0
3.0880916118621826,0
3.089010000228882,0
3.090034246444702,0
3.0910654067993164,1
3.092068672180176,0
3.0930874347686768,0
3.0940074920654297,0
3.0950334072113037,0
3.0960588455200195,0
3.0970962047576904,0
3.098003625869751,0
3.0990169048309326,0
3.1000494956970215,0
3.101076364517212,1
3.102088451385498,0
3.103019952774048,0
3.104032039642334,0
3.1050660610198975,0
3.1060802936553955,0
3.1070125102996826,0
3.10802960395813,0
3.1090586185455322,0
3.1101105213165283,0
3.111020803451538,0
3.1120498180389404,0
3.1130924224853516,0
3.1141152381896973,0
3.1150267124176025,0
3.116042375564575,0
3.1170830726623535,0
3.118116617202759,0
3.1190285682678223,0
3.1200802326202393,0
3.1211137771606445,0
3.12202525138855,0
3.123058319091797,0
3.124075412750244,0
3.1250851154327393,0
3.126100778579712,1
3.127002477645874,0
3.1280226707458496,0
3.12908935546875,0
3.130012273788452,0
3.131035804748535,0
3.132049798965454,0
3.1330087184906006,0
3.134019374847412,0
3.1350340843200684,0
3.136075019836426,0
3.137031316757202,0
3.1380512714385986,0
3.1390082836151123,0
3.140026569366455,0
3.141082286834717,0
3.142106533050537,0
3.143022298812866,0
3.1440446376800537,0
3.1450231075286865,0
3.1460392475128174,0
3.147061824798584,0
3.148073673248291,0
3.149030923843384,0
3.150067090988159,0
3.1510980129241943,0
3.1520259380340576,0
3.1530747413635254,0
3.1540894508361816,0
3.155006170272827,0
3.1560418605804443,0
3.157087564468384,0
3.158039093017578,0
3.1590733528137207,0
3.1601037979125977,0
3.161024808883667,0
3.162047863006592,0
3.1630654335021973,0
3.1640660762786865,0
3.165117025375366,0
3.16603946685791,0
3.1670644283294678,0
3.16808819770813,0
3.169018507003784,0
3.1700422763824463,0
3.1710925102233887,1
3.1721019744873047,0
3.1731104850769043,0
3.17401385307312,0
3.1750407218933105,0
3.1760787963867188,0
3.1771044731140137,0
3.178023338317871,0
3.179046630859375,0
3.1800448894500732,0
3.1810600757598877,0
3.182096242904663,0
3.1830368041992188,0
3.1840569972991943,0
3.1850697994232178,0
3.1861016750335693,0
3.1870198249816895,0
3.1880385875701904,0
3.189059019088745,0
3.1900835037231445,0
3.1911046504974365,0
3.192021369934082,0
3.1930501461029053,0
3.194070339202881,0
3.195086717605591,0
3.19610857963562,0
3.1970202922821045,0
3.198040246963501,0
3.1990654468536377,0
3.200093984603882,0
3.2010374069213867,0
3.2020676136016846,0
3.203094244003296,0
3.204003095626831,0
3.205030679702759,0
3.206054925918579,0
3.2070858478546143,0
3.208115577697754,0
3.209017038345337,0
3.210047960281372,0
3.211077928543091,0
3.212103843688965,0
3.2130167484283447,0
3.214026927947998,0
3.215064525604248,0
3.2160956859588623,0
3.2170064449310303,0
3.218045234680176,0
3.219057321548462,0
3.2200772762298584,0
3.2210023403167725,0
3.222033739089966,0
3.223052740097046,0
3.22407603263855,0
3.225099802017212,0
3.2260076999664307,0
3.227051019668579,0
3.228069543838501,0
3.229060173034668,0
3.2300775051116943,0
3.2311058044433594,0
3.232003688812256,0
3.2330758571624756,0
3.2341151237487793,0
3.2350192070007324,0
3.2360708713531494,0
3.237015724182129,0
3.238034963607788,0
3.2390527725219727,0
3.240082263946533,0
3.2410407066345215,0
3.2420403957366943,0
3.2430455684661865,0
3.2440710067749023,0
3.2450385093688965,0
3.246076822280884,0
3.2470955848693848,0
3.248112201690674,0
3.249037265777588,0
3.2500662803649902,0
3.251070499420166,0
3.252092123031616,0
3.2531018257141113,0
3.2541255950927734,0
3.255042314529419,0
3.256063461303711,0
3.2570953369140625,0
3.258105754852295,0
3.259012222290039,0
3.2600338459014893,0
3.2610645294189453,0
3.262073278427124,0
3.263084888458252,0
3.264103889465332,0
3.2650227546691895,0
3.266050338745117,0
3.2670695781707764,0
3.268094301223755,0
3.269122838973999,0
3.270035982131958,0
3.271047592163086,0
3.2720935344696045,0
3.27301025390625,0
3.2740397453308105,0
3.2750751972198486,0
3.276094436645508,0
3.277008533477783,0
3.278028964996338,0
3.2790653705596924,0
3.280081033706665,0
3.2810990810394287,0
3.28202223777771,0
3.283051013946533,0
3.2840735912323,0
3.2851052284240723,0
3.2860281467437744,0
3.2870497703552246,0
3.288078784942627,0
3.289094924926758,0
3.2900235652923584,0
3.2910547256469727,0
3.292076587677002,0
3.2930972576141357,0
3.2940192222595215,0
3.295065402984619,0
3.2960829734802246,0
3.2970073223114014,0
3.2980453968048096,0
3.2990684509277344,0
3.300096035003662,0
3.3011178970336914,0
3.302013635635376,0
3.303030490875244,0
3.3040671348571777,0
3.3050897121429443,0
3.306114912033081,0
3.307018756866455,0
3.30802845954895,0
3.309063196182251,0
3.3100955486297607,0
3.3110992908477783,0
3.312119960784912,0
3.3130416870117188,0
3.314058542251587,0
3.315080404281616,0
3.316098928451538,0
3.317018508911133,0
3.3180530071258545,0
3.319059133529663,0
3.320065498352051,0
3.3211004734039307,0
3.3220133781433105,0
3.323038339614868,0
3.32405948638916,0
3.3250982761383057,0
3.3260061740875244,0
3.3270280361175537,0
3.328052282333374,0
3.3290066719055176,0
3.330026149749756,0
3.331056833267212,0
3.3320844173431396,0
3.333036184310913,0
3.3340530395507812,0
3.3350894451141357,0
3.3361029624938965,0
3.3370659351348877,0
3.338081121444702,0
3.339109420776367,0
3.3400075435638428,0
3.3410701751708984,0
3.342092514038086,0
3.3430581092834473,0
3.344078302383423,0
3.3450276851654053,0
3.346059799194336,0
3.347078323364258,0
3.348090887069702,0
3.3490476608276367,0
3.3500680923461914,0
3.3510963916778564,0
3.3521084785461426,0
3.3530232906341553,0
3.354044198989868,0
3.355070114135742,0
3.35609769821167,0
3.3570716381073,0
3.358102798461914,0
3.3590104579925537,0
3.3600432872772217,0
3.3610517978668213,0
3.362077474594116,0
3.363096237182617,0
3.3641202449798584,0
3.36503005027771,0
3.366054058074951,0
3.3670718669891357,0
3.3681018352508545,0
3.369019031524658,0
3.3700568675994873,0
3.371066093444824,0
3.372070074081421,0
3.373112916946411,0
3.374020576477051,0
3.3750452995300293,0
3.3760547637939453,0
3.3770837783813477,0
3.3781073093414307,0
3.379018783569336,0
3.3800370693206787,0
3.381066083908081,0
3.382089138031006,0
3.383096933364868,0
3.3840243816375732,0
3.3850619792938232,0
3.386078119277954,0
3.387098789215088,0
3.388011932373047,0
3.3890514373779297,0
3.3900837898254395,0
3.391017436981201,1
3.3920247554779053,1
3.393066167831421,1
3.3940021991729736,1
3.395050048828125,0
3.3961148262023926,1
3.397080421447754,1
3.398038387298584,1
3.399102210998535,1
3.4000496864318848,2
3.401078939437866,1
3.402104377746582,0
3.4030067920684814,0
3.404043436050415,0
3.4050815105438232,0
3.406116008758545,0
3.4070441722869873,0
3.408060073852539,0
3.4091057777404785,0
3.4100236892700195,0
3.4110524654388428,0
3.4120938777923584,0
3.4131288528442383,0
3.4140424728393555,0
3.4150850772857666,0
3.416116237640381,0
3.4170284271240234,0
3.4180715084075928,0
3.419097661972046,0
3.42000675201416,0
3.42106556892395,0
3.422088384628296,0
3.423023223876953,0
3.4240591526031494,0
3.4250993728637695,0
3.426015615463257,0
3.427048683166504,0
3.4280872344970703,0
3.4290225505828857,0
3.4300284385681152,0
3.4310662746429443,0
3.4320051670074463,0
3.433079242706299,0
3.4341282844543457,0
3.435025930404663,1
3.4360551834106445,1
3.437044382095337,1
3.4380600452423096,0
3.439072370529175,0
3.4401049613952637,0
3.4410560131073,0
3.4420981407165527,0
3.443004608154297,0
3.444025754928589,0
3.4450807571411133,0
3.4461302757263184,0
3.447049617767334,0
3.448080062866211,0
3.4490275382995605,0
3.4500629901885986,0
3.451092004776001,0
3.4520082473754883,0
3.453097343444824,0
3.454016923904419,0
3.455049514770508,0
3.4560790061950684,0
3.457051992416382,0
3.4580800533294678,0
3.4591219425201416,0
3.4600205421447754,0
3.461099863052368,0
3.4620182514190674,0
3.463047742843628,0
3.4640727043151855,0
3.4650180339813232,0
3.4660675525665283,0
3.4671149253845215,0
3.4680261611938477,0
3.4690914154052734,0
3.4700279235839844,0
3.471099853515625,0
3.4720263481140137,0
3.4730687141418457,0
3.4741029739379883,0
3.475017786026001,0
3.4760429859161377,0
3.477090835571289,0
3.4780080318450928,0
3.4790518283843994,0
3.4800844192504883,0
3.4810121059417725,0
3.482038974761963,0
3.483060359954834,0
3.4841091632843018,0
3.4850218296051025,0
3.486046075820923,0
3.4870870113372803,0
3.4880220890045166,0
3.4890811443328857,0
3.490015745162964,0
3.491060972213745,0
3.492091417312622,1
3.493039846420288,1
3.4940764904022217,1
3.4950954914093018,1
3.49611234664917,1
3.497037649154663,1
3.4980623722076416,2
3.4990928173065186,1
3.5001189708709717,1
3.5010344982147217,0
3.5020697116851807,1
3.503077983856201,1
3.504096746444702,0
3.505011558532715,0
3.5060465335845947,0
3.507063150405884,0
3.5080721378326416,0
3.5091001987457275,0
3.510006904602051,0
3.511040687561035,0
3.5120561122894287,0
3.513076066970825,0
3.5141024589538574,0
3.515105962753296,0
3.5160157680511475,0
3.517045736312866,0
3.5180864334106445,0
3.519108533859253,0
3.520014762878418,0
3.521026849746704,0
3.5220746994018555,0
3.523090362548828,0
3.5241143703460693,0
3.525035858154297,0
3.5260753631591797,0
3.5270917415618896,0
3.528014659881592,0
3.529045581817627,0
3.5300278663635254,0
3.531052589416504,0
3.5320849418640137,0
3.5330350399017334,0
3.534073829650879,0
3.5350866317749023,0
3.536116361618042,0
3.5370757579803467,0
3.5381107330322266,0
3.5390162467956543,0
3.5400404930114746,0
3.5410029888153076,0
3.5420405864715576,0
3.543067216873169,0
3.5440874099731445,0
3.5450379848480225,0
3.546060085296631,0
3.5470948219299316,0
3.548006057739258,0
3.549102306365967,0
3.5500118732452393,0
3.551046848297119,0
3.5520763397216797,0
3.5530991554260254,1
3.5541176795959473,0
3.555109977722168,0
3.5560190677642822,0
3.5570802688598633,0
3.5581071376800537,0
3.5590221881866455,0
3.5600485801696777,0
3.5610570907592773,0
3.562063455581665,0
3.563095808029175,0
3.5641093254089355,0
3.565058708190918,0
3.5660743713378906,0
3.567095994949341,0
3.5680270195007324,0
3.5690457820892334,0
3.5700571537017822,0
3.5711007118225098,0
3.5720255374908447,0
3.57305908203125,0
3.5740790367126465,0
3.575014114379883,1
3.576063632965088,0
3.57706356048584,0
3.578094720840454,0
3.5791070461273193,0
3.580014944076538,0
3.581069231033325,0
3.5820724964141846,0
3.583101987838745,0
3.5840048789978027,0
3.58504056930542,0
3.586056709289551,0
3.5870800018310547,0
3.5880966186523438,0
3.58915376663208,0
3.5900988578796387,0
3.5910251140594482,0
3.5920469760894775,0
3.5930895805358887,0
3.594022035598755,0
3.5950534343719482,0
3.596095085144043,0
3.5970144271850586,0
3.5980446338653564,0
3.5990583896636963,1
3.600074052810669,1
3.6011033058166504,1
3.6020026206970215,0
3.6030075550079346,0
3.6040329933166504,0
3.6050596237182617,0
3.606067657470703,0
3.607079267501831,0
3.6081135272979736,0
3.609020709991455,0
3.6100456714630127,0
3.61106014251709,0
3.6121633052825928,0
3.6131362915039062,0
3.6140682697296143,0
3.6150588989257812,0
3.616029739379883,0
3.6170949935913086,0
3.618013620376587,0
3.6190361976623535,0
3.6200647354125977,0
3.6210241317749023,0
3.622030735015869,0
3.6230521202087402,0
3.624082326889038,0
3.6250317096710205,0
3.626051425933838,0
3.6270830631256104,0
3.628122568130493,0
3.629072904586792,0
3.6300158500671387,0
3.6310596466064453,0
3.632079839706421,0
3.6330320835113525,0
3.6340997219085693,0
3.635002851486206,0
3.63602352142334,0
3.6371023654937744,0
3.638007640838623,0
3.639019012451172,0
3.640045166015625,0
3.641101360321045,0
3.642005681991577,0
3.6430788040161133,0
3.6440155506134033,0
3.6450045108795166,0
3.6460139751434326,0
3.6470437049865723,0
3.6480634212493896,0
3.6490161418914795,0
3.650057315826416,0
3.6510848999023438,0
3.652087450027466,0
3.6530563831329346,0
3.654064416885376,0
3.6550889015197754,0
3.6560215950012207,0
3.657087802886963,0
3.6580426692962646,0
3.659064531326294,0
3.660109758377075,0
3.6610331535339355,0
3.662076234817505,0
3.6630942821502686,0
3.6640994548797607,0
3.6650214195251465,0
3.666045665740967,0
3.6670496463775635,0
3.668055772781372,0
3.669100046157837,0
3.670004367828369,0
3.671018600463867,0
3.672022819519043,0
3.6730618476867676,0
3.674077033996582,0
3.6750972270965576,0
3.6760120391845703,0
3.677062749862671,0
3.678081750869751,0
3.679006338119507,0
3.680046796798706,0
3.6810731887817383,0
3.682086229324341,0
3.6830177307128906,0
3.684028387069702,1
3.6850714683532715,0
3.6860837936401367,0
3.687094211578369,0
3.688018321990967,0
3.689049243927002,0
3.6900782585144043,0
3.6910946369171143,0
3.6921255588531494,0
3.6930272579193115,0
3.6940488815307617,0
3.695060968399048,0
3.6960768699645996,0
3.69710373878479,0
3.6980135440826416,0
3.699023723602295,0
3.7000575065612793,0
3.701076030731201,0
3.7021021842956543,0
3.7030158042907715,0
3.7040374279022217,0
3.7050766944885254,0
3.706082582473755,0
3.7071142196655273,0
3.70802640914917,0
3.7090470790863037,0
3.7100675106048584,0
3.7111003398895264,0
3.7120108604431152,0
3.7130322456359863,0
3.71406626701355,0
3.7150959968566895,0
3.7160189151763916,0
3.7170279026031494,0
3.718055486679077,0
3.71907901763916,0
3.720095634460449,0
3.721006155014038,0
3.7220335006713867,0
3.72308087348938,0
3.7240917682647705,0
3.7250185012817383,0
3.7260491847991943,0
3.7270584106445312,0
3.728074789047241,0
3.729098320007324,0
3.730006456375122,0
3.7310738563537598,0
3.7320809364318848,0
3.733018159866333,0
3.734034538269043,0
3.735060930252075,0
3.736020565032959,0
3.737088441848755,0
3.738117218017578,0
3.7390336990356445,0
3.740050792694092,0
3.7410292625427246,0
3.742048740386963,0
3.7430853843688965,0
3.7440061569213867,0
3.7450954914093018,0
3.746009111404419,0
3.7470452785491943,0
3.7480711936950684,0
3.7490243911743164,1
3.7500686645507812,0
3.7510836124420166,0
3.752110242843628,0
3.753013849258423,0
3.7540283203125,0
3.7550570964813232,0
3.7560746669769287,0
3.7570598125457764,0
3.758082151412964,0
3.7591137886047363,0
3.7600255012512207,0
3.761044502258301,0
3.762075424194336,0
3.7630815505981445,0
3.764092445373535,0
3.7650177478790283,0
3.766049385070801,0
3.76705265045166,0
3.768061637878418,0
3.769113063812256,0
3.770019769668579,0
3.7710390090942383,0
3.7720556259155273,0
3.7730796337127686,0
3.7741103172302246,0
3.7750232219696045,0
3.7760627269744873,0
3.777078151702881,0
3.7780821323394775,0
3.7791459560394287,0
3.7800745964050293,0
3.781097173690796,0
3.7820088863372803,0
3.7830185890197754,0
3.784029245376587,0
3.7850394248962402,0
3.7860684394836426,0
3.78709077835083,0
3.788004159927368,0
3.7890331745147705,0
3.790058135986328,0
3.7910680770874023,0
3.7920968532562256,0
3.7930235862731934,0
3.7940337657928467,0
3.795072317123413,0
3.7960948944091797,0
3.7970120906829834,0
3.7980167865753174,0
3.799039125442505,0
3.800053119659424,0
3.801074504852295,0
3.8020918369293213,0
3.8031232357025146,0
3.8040292263031006,0
3.805086135864258,0
3.8061017990112305,0
3.807003974914551,0
3.8080310821533203,0
3.809046983718872,0
3.8100545406341553,0
3.811100482940674,0
3.812009811401367,0
3.8130383491516113,0
3.81406307220459,0
3.815084218978882,0
3.81610107421875,0
3.817030668258667,0
3.8180439472198486,0
3.819075345993042,0
3.820082902908325,0
3.8211092948913574,0
3.822023630142212,0
3.823021173477173,0
3.824044704437256,0
3.8250770568847656,0
3.8261139392852783,0
3.8270156383514404,0
3.8280344009399414,0
3.8290627002716064,0
3.8300716876983643,0
3.831010103225708,0
3.8320224285125732,0
3.833077907562256,0
3.83410382270813,0
3.8350157737731934,0
3.8360939025878906,0
3.8370468616485596,0
3.8380751609802246,0
3.8390989303588867,0
3.840099811553955,0
3.8410465717315674,0
3.8420732021331787,0
3.8430416584014893,0
3.844081163406372,0
3.8450164794921875,0
3.8460488319396973,0
3.847064256668091,0
3.8480887413024902,0
3.8490488529205322,0
3.8501007556915283,0
3.851012945175171,0
3.852036476135254,0
3.8530690670013428,0
3.8541109561920166,0
3.8550593852996826,0
3.8560049533843994,0
3.8571197986602783,0
3.8581020832061768,0
3.859071969985962,0
3.8600025177001953,0
3.8610997200012207,0
3.8620405197143555,0
3.8631138801574707,0
3.8640520572662354,0
3.8651010990142822,1
3.8660542964935303,0
3.8670125007629395,0
3.868067502975464,0
3.86901593208313,0
3.8700714111328125,0
3.8710250854492188,0
3.872089147567749,0
3.8730437755584717,0
3.8740944862365723,0
3.8750555515289307,0
3.87602162361145,0
3.8771233558654785,0
3.878065347671509,0
3.8790299892425537,0
3.880110263824463,0
3.8810219764709473,0
3.8820669651031494,0
3.883033275604248,0
3.884097099304199,0
3.8850693702697754,0
3.8860373497009277,0
3.887012243270874,0
3.888096570968628,0
3.8890678882598877,0
3.8900163173675537,0
3.8910868167877197,0
3.892047882080078,0
3.8930366039276123,0
3.8940112590789795,0
3.8950929641723633,0
3.8960635662078857,0
3.8970394134521484,0
3.898109197616577,0
3.899081230163574,0
3.9000487327575684,0
3.901057481765747,0
3.9020256996154785,0
3.903007745742798,0
3.90405535697937,0
3.905031204223633,0
3.9061050415039062,0
3.907078504562378,0
3.9080402851104736,0
3.909008741378784,0
3.9100921154022217,0
3.911062717437744,0
3.9120380878448486,0
3.913005828857422,0
3.9141104221343994,0
3.915071487426758,0
3.916029930114746,0
3.9170114994049072,0
3.9181013107299805,0
3.919067859649658,0
3.9200313091278076,0
3.9210290908813477,0
3.9221012592315674,0
3.923067808151245,0
3.924030065536499,0
3.9251482486724854,0
3.926006555557251,0
3.927093029022217,0
3.9280614852905273,0
3.929044246673584,0
3.930009365081787,0
3.931107759475708,0
3.9320850372314453,0
3.9330761432647705,0
3.934030532836914,0
3.935122489929199,0
3.9360969066619873,0
3.9370718002319336,0
3.9380319118499756,0
3.939131736755371,0
3.94010329246521,0
3.9410674571990967,0
3.9420368671417236,0
3.943016290664673,0
3.9440228939056396,0
3.9451096057891846,0
3.9460885524749756,0
3.947037696838379,0
3.948003053665161,0
3.9490838050842285,0
3.9500553607940674,0
3.951021671295166,0
3.9520981311798096,0
3.9530863761901855,0
3.9540586471557617,0
3.9550368785858154,0
3.9560091495513916,0
3.9571011066436768,0
3.9580554962158203,0
3.9590141773223877,0
3.9601008892059326,0
3.96108078956604,0
3.962054967880249,0
3.9630284309387207,0
3.9641082286834717,0
3.9651150703430176,0
3.9660847187042236,0
3.9670376777648926,0
3.9680068492889404,0
3.969102621078491,0
3.9700818061828613,0
3.971043348312378,0
3.97210431098938,0
3.9730899333953857,0
3.9740586280822754,0
3.9750194549560547,0
3.976109266281128,0
3.977085590362549,0
3.9780642986297607,0
3.9790103435516357,0
3.9801061153411865,0
3.9810965061187744,0
3.9820916652679443,0
3.9830706119537354,0
3.984039068222046,0
3.985018253326416,0
3.9861066341400146,0
3.9870848655700684,0
3.988048791885376,0
3.989037275314331,0
3.9900197982788086,0
3.991098642349243,0
3.9920742511749268,0
3.993053674697876,0
3.994020938873291,0
3.9951112270355225,0
3.996084451675415,0
3.997051477432251,0
3.9980151653289795,0
3.9990885257720947,0
4.000061273574829,0
4.00102162361145,0
4.002010822296143,0
4.00309157371521,0
4.0040507316589355,0
4.005114793777466,0
4.006073951721191,0
4.00703239440918,0
4.008004188537598,0
4.009109735488892,0
4.01007604598999,0
4.011051893234253,0
4.0120158195495605,0
4.013098239898682,0
4.014065742492676,0
4.015019416809082,0
4.016123533248901,0
4.017085790634155,0
4.01807427406311,0
4.019035577774048,0
4.0200066566467285,0
4.021092891693115,0
4.022049427032471,0
4.0230255126953125,0
4.0241124629974365,0
4.025087118148804,0
4.026053428649902,0
4.027017593383789,0
4.028115272521973,0
4.029083490371704,0
4.030043840408325,0
4.031117916107178,0
4.03208065032959,0
4.033070802688599,0
4.034034490585327,0
4.035085201263428,0
4.036046981811523,0
4.037008762359619,0
4.038089275360107,0
4.039050579071045,0
4.040044069290161,0
4.041008949279785,0
4.042118072509766,0
4.043078422546387,0
4.044039487838745,0
4.045013189315796,0
4.046117782592773,0
4.0470805168151855,0
4.048028945922852,0
4.049009799957275,0
4.050109624862671,0
4.0510663986206055,0
4.052018642425537,0
4.053024768829346,0
4.054095029830933,0
4.0550596714019775,0
4.056025981903076,0
4.057007074356079,0
4.058085680007935,0
4.059055328369141,0
4.06003999710083,0
4.061025619506836,0
4.062102556228638,0
4.063082218170166,0
4.064035177230835,0
4.065125942230225,0
4.066086292266846,0
4.067068338394165,0
4.0680224895477295,0
4.0691070556640625,0
4.07007360458374,0
4.071033954620361,0
4.072007179260254,0
4.073093414306641,0
4.074028730392456,0
4.075019598007202,0
4.076094627380371,0
4.077075004577637,0
4.07807469367981,0
4.0790345668792725,0
4.080010890960693,0
4.081127643585205,0
4.082107782363892,0
4.083067178726196,0
4.084022283554077,0
4.085005521774292,0
4.086083173751831,0
4.0870420932769775,1
4.088109016418457,0
4.089087963104248,0
4.090046644210815,0
4.0910046100616455,0
4.092081785202026,0
4.093068838119507,0
4.09402871131897,0
4.095093011856079,0
4.096054553985596,0
4.097031354904175,0
4.098124980926514,0
4.099081993103027,0
4.100032567977905,0
4.101116180419922,0
4.102075815200806,0
4.103040456771851,0
4.104131460189819,0
4.105096340179443,0
4.1060638427734375,0
4.107023000717163,0
4.108099699020386,0
4.109069585800171,0
4.110029697418213,0
4.111096143722534,0
4.112054824829102,0
4.113039493560791,0
4.114003419876099,0
4.115073919296265,0
4.116021394729614,0
4.117116689682007,0
4.1180078983306885,0
4.1190197467803955,0
4.120083808898926,0
4.121045827865601,0
4.122081995010376,0
4.123118877410889,0
4.124020099639893,0
4.1251060962677,0
4.126002311706543,0
4.127044200897217,0
4.128071546554565,0
4.129023551940918,0
4.130061626434326,0
4.131078720092773,0
4.132102012634277,0
4.13308310508728,0
4.134119749069214,0
4.13502049446106,0
4.1360602378845215,0
4.137007713317871,0
4.138062238693237,0
4.139101266860962,0
4.140012264251709,0
4.141061782836914,0
4.142076253890991,0
4.143095254898071,0
4.144119501113892,0
4.145106077194214,0
4.146009922027588,0
4.147036790847778,0
4.148054838180542,0
4.1490161418914795,0
4.1500349044799805,0
4.151066303253174,0
4.152076721191406,0
4.153027772903442,0
4.154042959213257,0
4.155055284500122,0
4.156096696853638,0
4.1571080684661865,0
4.1580164432525635,0
4.159024715423584,0
4.160053253173828,0
4.161111116409302,0
4.162024259567261,0
4.16304087638855,0
4.16405177116394,0
4.165096044540405,0
4.166005373001099,0
4.167028188705444,0
4.168044090270996,0
4.169073581695557,0
4.1700873374938965,0
4.171108245849609,0
4.17201042175293,0
4.17303991317749,0
4.174066781997681,0
4.175111770629883,0
4.176011562347412,0
4.177058935165405,0
4.178075075149536,0
4.179108619689941,0
4.180013179779053,0
4.181024789810181,0
4.182047367095947,0
4.183060884475708,0
4.18409276008606,0
4.1851184368133545,0
4.186041831970215,0
4.187053680419922,0
4.188066005706787,0
4.189104795455933,0
4.190004587173462,0
4.191046237945557,0
4.192074537277222,0
4.193098306655884,0
4.194009065628052,0
4.195024251937866,0
4.196052312850952,0
4.197061538696289,0
4.198075771331787,0
4.19909930229187,0
4.200014352798462,0
4.201034307479858,0
4.202039480209351,0
4.20306134223938,0
4.204067230224609,0
4.20508337020874,0
4.2061076164245605,0
4.20702862739563,0
4.208048582077026,0
4.209095478057861,0
4.2101075649261475,0
4.211007595062256,0
4.212028741836548,0
4.213042736053467,0
4.214057683944702,0
4.215088844299316,0
4.216116428375244,0
4.217024087905884,0
4.218048810958862,0
4.2190752029418945,0
4.220095872879028,0
4.221006870269775,0
4.2220094203948975,0
4.22303581237793,0
4.2240495681762695,0
4.225071430206299,0
4.226102352142334,0
4.2271153926849365,0
4.228040456771851,0
4.22906231880188,0
4.230077505111694,0
4.231097221374512,0
4.232118129730225,0
4.233101844787598,0
4.234016180038452,0
4.23504900932312,0
4.236072540283203,0
4.237018585205078,0
4.238032817840576,0
4.239065170288086,0
4.240084886550903,0
4.241056203842163,0
4.242075204849243,0
4.243095397949219,0
4.244005918502808,0
4.245041131973267,0
4.246049642562866,0
4.2470808029174805,0
4.248094081878662,0
4.249041795730591,0
4.250053405761719,0
4.2510786056518555,0
4.2520763874053955,0
4.253033876419067,0
4.254054069519043,0
4.2550835609436035,0
4.256101608276367,0
4.257018804550171,0
4.258025169372559,0
4.259047746658325,0
4.2600579261779785,0
4.261066675186157,0
4.2621073722839355,0
4.263012170791626,0
4.264045000076294,0
4.265079021453857,0
4.2661049365997314,0
4.267005443572998,0
4.268038511276245,0
4.269073963165283,0
4.270083427429199,0
4.271106719970703,0
4.272005319595337,0
4.273017406463623,0
4.274044990539551,0
4.275083303451538,0
4.276104211807251,0
4.277010917663574,0
4.278037071228027,0
4.2790586948394775,0
4.280065059661865,0
4.281073093414307,0
4.2820963859558105,0
4.2830047607421875,0
4.284012317657471,0
4.285053730010986,0
4.28607702255249,0
4.287099361419678,0
4.288009166717529,0
4.2890284061431885,0
4.290034055709839,0
4.2910544872283936,0
4.292070150375366,0
4.293099641799927,0
4.294005870819092,0
4.295029640197754,0
4.296062231063843,0
4.297091007232666,0
4.298004150390625,0
4.299026727676392,0
4.300043821334839,0
4.301091194152832,0
4.3020195960998535,1
4.3030383586883545,0
4.304041624069214,0
4.305058717727661,0
4.306101083755493,0
4.307122707366943,0
4.308037996292114,0
4.30906867980957,0
4.310089111328125,0
4.3111138343811035,0
4.312017440795898,0
4.313032865524292,0
4.31405782699585,0
4.315072298049927,0
4.316089153289795,0
4.317002058029175,0
4.318017482757568,0
4.3190460205078125,0
4.320070266723633,0
4.3210930824279785,0
4.322010278701782,0
4.323039293289185,0
4.324037790298462,0
4.325066566467285,0
4.326085805892944,0
4.327006101608276,0
4.328032732009888,0
4.329058647155762,0
4.330082178115845,0
4.331085920333862,0
4.332112789154053,0
4.333020210266113,0
4.334097623825073,0
4.335016489028931,0
4.336035490036011,0
4.3370020389556885,0
4.33802342414856,0
4.339062213897705,0
4.340080738067627,0
4.3410258293151855,0
4.342043161392212,0
4.3431079387664795,0
4.34403657913208,0
4.345105409622192,0
4.346010684967041,0
4.3470330238342285,0
4.34804892539978,0
4.349113464355469,0
4.350019931793213,0
4.351045846939087,0
4.3520872592926025,0
4.353020429611206,0
4.354053020477295,0
4.355083227157593,0
4.3561131954193115,0
4.3570716381073,0
4.358095407485962,0
4.359011173248291,0
4.3600358963012695,0
4.361052513122559,0
4.362066030502319,0
4.3630900382995605,0
4.364006996154785,0
4.365038871765137,0
4.366042137145996,0
4.367066383361816,0
4.368105888366699,0
4.36902379989624,0
4.370041131973267,0
4.371051788330078,0
4.372075080871582,0
4.373101234436035,0
4.374009609222412,0
4.375011444091797,0
4.376036643981934,0
4.3770592212677,0
4.378100872039795,0
4.379014730453491,0
4.380032777786255,0
4.381060361862183,0
4.3820960521698,0
4.383010387420654,0
4.38401985168457,0
4.385045051574707,0
4.38605809211731,0
4.387068271636963,0
4.388099431991577,0
4.389009237289429,0
4.390036106109619,0
4.391058921813965,0
4.392090320587158,0
4.393007516860962,0
4.394017457962036,0
4.395038604736328,0
4.3960981369018555,0
4.397009372711182,0
4.398032903671265,0
4.399048566818237,0
4.400065660476685,0
4.401102542877197,0
4.402005910873413,0
4.403034925460815,0
4.404061555862427,0
4.405101776123047,0
4.406022787094116,0
4.407052755355835,0
4.407965660095215,0
