Time,Objective value
0.0014216899871826172,726369616
0.0017371177673339844,726369616
0.0046732425689697266,726369616
0.007447719573974609,726086212
0.0103912353515625,711829290
0.012990713119506836,711829290
0.015515804290771484,711634528
0.01802539825439453,693801507
0.0204620361328125,668505686
0.02289557456970215,659266350
0.02535557746887207,659266350
0.02762627601623535,656483318
0.029924392700195312,656483318
0.0322873592376709,655514495
0.034673213958740234,627515486
0.03699517250061035,627515486
0.03931760787963867,627515486
0.041558265686035156,627515486
0.04374814033508301,627515486
0.04590344429016113,627515486
0.048072099685668945,609581079
0.050287485122680664,608927619
0.05243849754333496,608927619
0.054630279541015625,608927619
0.05677914619445801,588649233
0.05892038345336914,587411727
0.06108403205871582,587411727
0.06320071220397949,586125645
0.06534409523010254,584179661
0.06759023666381836,577689118
0.07013750076293945,577689118
0.07239675521850586,576472597
0.07456445693969727,576472597
0.07674431800842285,576472597
0.07889914512634277,576353914
0.08110547065734863,571601577
0.08330869674682617,571601577
0.0854647159576416,571601577
0.08755040168762207,570505055
0.08970427513122559,570505055
0.09193301200866699,569818446
0.09417366981506348,564785807
0.09637808799743652,563851336
0.09874343872070312,563851336
0.10195422172546387,563414222
0.1048882007598877,563414222
0.10816574096679688,563414222
0.11073517799377441,562008183
0.11318230628967285,562008183
0.11580204963684082,560268475
0.1186521053314209,560268475
0.12131547927856445,560268475
0.1241450309753418,560268475
0.12703633308410645,559695999
0.13013887405395508,558862436
0.13311553001403809,558841266
0.13618874549865723,558841266
0.13912320137023926,558695248
0.14218926429748535,557925120
0.14552903175354004,557925120
0.14858508110046387,557906148
0.15186810493469238,557871809
0.1547842025756836,557871809
0.15775084495544434,557757932
0.1609327793121338,557757932
0.1634352207183838,557559331
0.16614365577697754,557559331
0.16885876655578613,556763655
0.172027587890625,556763655
0.17504215240478516,556724540
0.17801928520202637,556609824
0.1809251308441162,556424258
0.18407821655273438,555753728
0.1871929168701172,555753728
0.1901569366455078,555753728
0.19307899475097656,555753728
0.19609856605529785,555753728
0.19913506507873535,555753728
0.20160222053527832,555753728
0.20405983924865723,555753728
0.20693302154541016,555753728
0.20978736877441406,555753728
0.21271729469299316,555753728
0.2159423828125,555753728
0.21881341934204102,555613323
0.22165751457214355,555613323
0.22452306747436523,555613323
0.2276630401611328,555340656
0.23001360893249512,555340656
0.23304510116577148,555340656
0.23615503311157227,555200251
0.23910212516784668,555200251
0.24190783500671387,555200251
0.24469637870788574,555200251
0.24757862091064453,555200251
0.25072193145751953,555200251
0.2538020610809326,555174583
0.25679612159729004,555174583
0.2599482536315918,555174583
0.2630772590637207,555174583
0.26599550247192383,555174583
0.2688870429992676,555174583
0.2721133232116699,555174583
0.2750253677368164,555174583
0.2778439521789551,555174583
0.28067851066589355,555174583
0.2835276126861572,555174583
0.2866806983947754,555174583
0.2897453308105469,554230791
0.2927210330963135,554230791
0.29531121253967285,554230791
0.2985036373138428,554230791
0.301358699798584,554230791
0.30408763885498047,554230791
0.30691027641296387,554230791
0.31012439727783203,553671639
0.31325435638427734,553671639
0.31615543365478516,553671639
0.3192598819732666,553671639
0.32250499725341797,553671639
0.32607555389404297,553671639
0.32935571670532227,551091001
0.332552433013916,551091001
0.3356611728668213,551091001
0.33893465995788574,551091001
0.3424816131591797,551091001
0.3456106185913086,551091001
0.34838438034057617,551091001
0.351071834564209,551091001
0.3535590171813965,551091001
0.3558812141418457,551091001
0.3587777614593506,551091001
0.3621180057525635,551091001
0.3655130863189697,551007204
0.3686392307281494,551007204
0.3718094825744629,551007204
0.37486982345581055,551007204
0.37830066680908203,551007204
0.3818035125732422,551007204
0.38498616218566895,551007204
0.3884298801422119,551007204
0.3916633129119873,551007204
0.39536213874816895,551007204
0.3984529972076416,550588274
0.401064395904541,550588274
0.4035513401031494,550588274
0.406085729598999,550588274
0.40880918502807617,550588274
0.41121363639831543,550476841
0.41362428665161133,550476841
0.4163529872894287,550476841
0.41876792907714844,550476841
0.42145347595214844,545643765
0.4238460063934326,545643765
0.4262509346008301,545468950
0.4287741184234619,545468950
0.4311044216156006,545468950
0.4335446357727051,544423011
0.43622541427612305,544423011
0.4396545886993408,544423011
0.4420657157897949,544423011
0.4448976516723633,544423011
0.4474904537200928,544242916
0.4499697685241699,544242916
0.45218753814697266,544242916
0.45437145233154297,544242916
0.4565551280975342,544242916
0.4586496353149414,544242916
0.46070146560668945,544242916
0.4627413749694824,544242916
0.46477770805358887,544242916
0.46680355072021484,544242916
0.4687929153442383,541243587
0.47073960304260254,541243587
0.4727661609649658,541243587
0.47478437423706055,541243587
0.47687458992004395,541243587
0.4788525104522705,541243587
0.48088979721069336,541243587
0.48288798332214355,540837652
0.48493385314941406,540837652
0.48691368103027344,540837652
0.48894357681274414,535715887
0.4909501075744629,535715887
0.49295663833618164,535715887
0.4949061870574951,535316912
0.4969198703765869,535316912
0.4989330768585205,535316912
0.5009505748748779,535316912
0.5029275417327881,535316912
0.5049002170562744,535316912
0.5068581104278564,535316912
0.5088241100311279,535102359
0.5107955932617188,535102359
0.5127637386322021,535102359
0.5147101879119873,535102359
0.5166659355163574,535102359
0.518688440322876,535102359
0.5206506252288818,535102359
0.5226373672485352,535102359
0.5246326923370361,534934900
0.526606559753418,534934900
0.5285725593566895,534934900
0.5305254459381104,534934900
0.5324869155883789,534934900
0.5344488620758057,534934900
0.5363936424255371,534934900
0.5383872985839844,534934900
0.5403547286987305,534934900
0.5423069000244141,534934900
0.5442557334899902,534720546
0.5462076663970947,534720546
0.5482039451599121,534720546
0.5501623153686523,534720546
0.5521228313446045,534049690
0.5540914535522461,534049690
0.5560965538024902,534049690
0.5580461025238037,534049690
0.5600099563598633,533787104
0.5619983673095703,533787104
0.5639898777008057,533787104
0.5659618377685547,533787104
0.5679004192352295,533787104
0.5698916912078857,533787104
0.5718560218811035,533787104
0.5738096237182617,533787104
0.5757865905761719,533787104
0.5777673721313477,533787104
0.5797324180603027,533787104
0.581700325012207,533787104
0.5836725234985352,533787104
0.5856320858001709,533787104
0.5876061916351318,533787104
0.5895869731903076,533787104
0.5915420055389404,533787104
0.5934915542602539,533787104
0.59548020362854,533787104
0.5980663299560547,533787104
0.6006448268890381,533787104
0.6026828289031982,532345452
0.6046669483184814,532345452
0.6066458225250244,532345452
0.6086225509643555,532345452
0.610832929611206,532345452
0.6128978729248047,532345452
0.614886999130249,532345452
0.6168408393859863,532345452
0.6188528537750244,532345452
0.6208016872406006,532345452
0.6227245330810547,532345452
0.6246941089630127,532250221
0.6266884803771973,532250221
0.6286685466766357,532250221
0.6306285858154297,532250221
0.6326127052307129,532250221
0.6347470283508301,532250221
0.6367030143737793,532250221
0.6386463642120361,532250221
0.6406021118164062,532250221
0.6425943374633789,531581497
0.6445798873901367,531581497
0.6465415954589844,531581497
0.6485064029693604,531581497
0.6505172252655029,531581497
0.6524703502655029,531581497
0.6544246673583984,531581497
0.6563947200775146,531581497
0.6583564281463623,531581497
0.6603424549102783,531581497
0.662285566329956,531581497
0.6643366813659668,531581497
0.6663343906402588,531295428
0.6682803630828857,531295428
0.6702735424041748,531295428
0.672248363494873,531295428
0.6742210388183594,531295428
0.6761972904205322,531295428
0.6781666278839111,531295428
0.6801679134368896,531295428
0.6821646690368652,531295428
0.6841349601745605,531295428
0.6860866546630859,531295428
0.6880471706390381,531295428
0.689971923828125,531295428
0.6919112205505371,531225379
0.693864107131958,531225379
0.6958203315734863,531225379
0.69783616065979,531225379
0.6998796463012695,531225379
0.7018413543701172,531225379
0.7037897109985352,531225379
0.7057740688323975,531225379
0.7077319622039795,531225379
0.7097039222717285,531225379
0.7116279602050781,531225379
0.7135903835296631,531225379
0.7155277729034424,531225379
0.7175431251525879,530010221
0.719510555267334,530010221
0.7214899063110352,530010221
0.7234296798706055,530010221
0.7254219055175781,530010221
0.7274236679077148,530010221
0.7294266223907471,530010221
0.7314701080322266,530010221
0.7336277961730957,529180712
0.735640287399292,529180712
0.7376606464385986,529180712
0.7396368980407715,529180712
0.7417304515838623,529180712
0.7437653541564941,529180712
0.7457716464996338,529180712
0.7477729320526123,529180712
0.7498040199279785,529180712
0.7517669200897217,529180712
0.7537837028503418,529180712
0.7557735443115234,528970256
0.7577352523803711,528970256
0.7597243785858154,528970256
0.7616920471191406,528970256
0.7636420726776123,528970256
0.7656054496765137,528970256
0.7675511837005615,528970256
0.7695136070251465,528970256
0.7714748382568359,528970256
0.7734489440917969,528970256
0.7754144668579102,528970256
0.7773616313934326,528970256
0.7793252468109131,528970256
0.7820334434509277,528970256
0.7856738567352295,528970256
0.7893788814544678,528970256
0.7931270599365234,528970256
0.795905351638794,528970256
0.7979044914245605,528970256
0.7999279499053955,528970256
0.80190110206604,528970256
0.8039069175720215,528970256
0.8058607578277588,528970256
0.8079054355621338,528970256
0.8098564147949219,528970256
0.8118252754211426,528970256
0.8137938976287842,528970256
0.8157544136047363,528970256
0.8177142143249512,528970256
0.8196926116943359,528970256
0.821652889251709,528970256
0.8235807418823242,528970256
0.8255710601806641,528970256
0.8275237083435059,528970256
0.829538106918335,528970256
0.8314900398254395,528970256
0.8334417343139648,528970256
0.8353803157806396,528970256
0.8374159336090088,528970256
0.8394050598144531,528970256
0.8413746356964111,528970256
0.8433151245117188,528970256
0.8452463150024414,528970256
0.8473176956176758,528970256
0.8493659496307373,528970256
0.8513178825378418,528956370
0.853308916091919,528956370
0.855290412902832,528956370
0.857248067855835,528956370
0.8591868877410889,528815239
0.8611459732055664,528815239
0.8631391525268555,528815239
0.8651442527770996,528801353
0.8671085834503174,528801353
0.8690516948699951,528801353
0.8710198402404785,528801353
0.8729839324951172,528801353
0.8749825954437256,528801353
0.8769643306732178,528589326
0.8789482116699219,528589326
0.8809189796447754,528589326
0.8828444480895996,528589326
0.8848340511322021,528589326
0.8867740631103516,528589326
0.8887379169464111,528589326
0.8906826972961426,528589326
0.8926494121551514,528589326
0.8945927619934082,528589326
0.8965737819671631,528343014
0.8985464572906494,528343014
0.9005632400512695,528343014
0.9025163650512695,528343014
0.9044666290283203,528343014
0.9064309597015381,528343014
0.9084148406982422,528343014
0.9103713035583496,528283003
0.9123468399047852,528283003
0.9143829345703125,528283003
0.9164109230041504,528283003
0.9183714389801025,528283003
0.9204058647155762,528283003
0.9223499298095703,528283003
0.9243836402893066,527990083
0.9263536930084229,527990083
0.9283590316772461,527990083
0.9303178787231445,527981017
0.9323289394378662,527978163
0.9343118667602539,527978163
0.9362671375274658,527978163
0.9382100105285645,527978163
0.9401969909667969,527978163
0.9421436786651611,527968277
0.9440860748291016,527968277
0.9460370540618896,527968277
0.948012113571167,527824915
0.9500222206115723,527824915
0.9519882202148438,527824915
0.9539587497711182,527824915
0.9558911323547363,527824915
0.9578735828399658,527824915
0.9599409103393555,527824915
0.9619359970092773,527824915
0.9639167785644531,527824915
0.9658663272857666,527824915
0.9678633213043213,527824915
0.9698212146759033,527824915
0.9718112945556641,527824915
0.9737765789031982,527824915
0.9757320880889893,527824915
0.9777452945709229,527824915
0.9797382354736328,527824915
0.981722354888916,527824915
0.983668327331543,527824915
0.9856598377227783,527824915
0.9876267910003662,527824915
0.9896223545074463,527824915
0.9916021823883057,527824915
0.9935691356658936,527824915
0.9955189228057861,527824915
0.9974958896636963,527824915
0.9994604587554932,527793965
1.0014283657073975,526843204
1.0033941268920898,526812144
1.00535249710083,526812144
1.0072848796844482,526812144
1.009260892868042,526812144
1.011232852935791,526479011
1.013204574584961,526479011
1.0151622295379639,526479011
1.017137050628662,526479011
1.0190773010253906,526479011
1.0210421085357666,526479011
1.0230224132537842,526479011
1.0249855518341064,526479011
1.0269408226013184,525858816
1.0289278030395508,525858816
1.030871868133545,525858816
1.032804250717163,525858816
1.0347940921783447,525858816
1.0368101596832275,525858816
1.0388572216033936,525858816
1.040834665298462,525858816
1.042802333831787,525858816
1.04490065574646,525858816
1.0468850135803223,525858816
1.048915147781372,525858816
1.0508673191070557,525858816
1.0528781414031982,525858816
1.0548176765441895,525858816
1.0568451881408691,525858816
1.0588178634643555,525858816
1.0608527660369873,525858816
1.0628066062927246,525858816
1.064753770828247,525858816
1.066749095916748,525858816
1.0687079429626465,525858816
1.070631980895996,525858816
1.0725891590118408,525858816
1.074552297592163,525858816
1.0765912532806396,525858816
1.0785503387451172,525858816
1.0805203914642334,525858816
1.0824902057647705,525858816
1.0844686031341553,525858816
1.0864269733428955,525858816
1.0883870124816895,525858816
1.090376615524292,525858816
1.092353105545044,525858816
1.094311237335205,525858816
1.0962719917297363,525858816
1.0982122421264648,525858816
1.1001873016357422,525858816
1.1021573543548584,525858816
1.1040849685668945,525858816
1.1060705184936523,525858816
1.108034610748291,525858816
1.1099903583526611,525858816
1.1119482517242432,525858816
1.1139016151428223,525858816
1.1158580780029297,525858816
1.1178202629089355,525858816
1.119762659072876,525858816
1.121704339981079,525858816
1.1236774921417236,525858816
1.1256399154663086,525858816
1.1275758743286133,525858816
1.1295242309570312,525858816
1.1314921379089355,525858816
1.133472204208374,525858816
1.1353974342346191,525858816
1.1373639106750488,525608812
1.1393446922302246,525608812
1.1413025856018066,525608812
1.143254041671753,525608812
1.145195484161377,525608812
1.147156000137329,525608812
1.1491518020629883,525608812
1.1511139869689941,525608812
1.1530869007110596,525608812
1.1550624370574951,525468471
1.1570324897766113,525468471
1.1589865684509277,525468471
1.1609978675842285,525468471
1.1629574298858643,525468471
1.164919376373291,525468471
1.1668965816497803,525468471
1.1688504219055176,525445796
1.1708037853240967,525445796
1.1727547645568848,525445796
1.174713373184204,525445796
1.1767020225524902,525445796
1.178673505783081,525445796
1.1806209087371826,525445796
1.1825683116912842,525445796
1.1845173835754395,525445796
1.1864886283874512,525445796
1.1884450912475586,525445796
1.1903924942016602,525445796
1.1923794746398926,525445796
1.1943252086639404,525445796
1.196326732635498,525445796
1.198594331741333,525445796
1.2013676166534424,525445796
1.2033641338348389,525445796
1.2054111957550049,525445796
1.2073745727539062,525445796
1.2093558311462402,525445796
1.211656093597412,525445796
1.2137293815612793,525445796
1.2156946659088135,525445796
1.2176549434661865,525445796
1.2196521759033203,525445796
1.2216134071350098,525445796
1.2235534191131592,525445796
1.2255115509033203,525445796
1.2275235652923584,525445796
1.2294795513153076,525445796
1.2314724922180176,525445796
1.233433723449707,525445796
1.2353525161743164,525445796
1.2373204231262207,525445796
1.2392754554748535,525445796
1.2412686347961426,525445796
1.243189811706543,525445796
1.245133399963379,525445796
1.2471401691436768,525445796
1.2491085529327393,525445796
1.251060962677002,525445796
1.2530303001403809,525445796
1.2549769878387451,525168227
1.256941795349121,525168227
1.2589118480682373,525168227
1.2609155178070068,525168227
1.2628753185272217,525168227
1.2648756504058838,525168227
1.2668516635894775,525168227
1.2688558101654053,525168227
1.270813226699829,525168227
1.272810459136963,525168227
1.2747840881347656,525168227
1.2767055034637451,525168227
1.2786643505096436,525168227
1.2806267738342285,525168227
1.282583236694336,525168227
1.2845971584320068,525168227
1.2865715026855469,525053119
1.2885456085205078,524565619
1.2904911041259766,524565619
1.292449951171875,524565619
1.2943856716156006,524449533
1.2963895797729492,524449533
1.2984039783477783,524449533
1.3003861904144287,524449533
1.3023324012756348,524449533
1.3042817115783691,524449533
1.3062312602996826,524449533
1.308229923248291,524449533
1.3101859092712402,524449533
1.3121037483215332,524449533
1.3140506744384766,524449533
1.3160016536712646,524449533
1.3179340362548828,524449533
1.3199081420898438,524449533
1.3218626976013184,524449533
1.3238577842712402,524449533
1.3258204460144043,524449533
1.3277719020843506,524449533
1.3297343254089355,524449533
1.3316760063171387,524449533
1.3336141109466553,524449533
1.3355703353881836,524449533
1.3375940322875977,524449533
1.3395416736602783,524449533
1.3415918350219727,524449533
1.343553066253662,524449533
1.3467075824737549,524449533
1.35099458694458,524449533
1.3546419143676758,524449533
1.3583459854125977,524449533
1.3620128631591797,524449533
1.3656458854675293,524449533
1.3693091869354248,524449533
1.3731653690338135,524449533
1.3768160343170166,524449533
1.38041090965271,524449533
1.3840351104736328,524449533
1.3876399993896484,524449533
1.3912246227264404,524449533
1.3947954177856445,524449533
1.3984119892120361,524449533
1.4020521640777588,524449533
1.405625820159912,524449533
1.40928316116333,524449533
1.412905216217041,524449533
1.4165513515472412,524449533
1.4202244281768799,524449533
1.4238312244415283,524449533
1.4276649951934814,524449533
1.4315016269683838,524449533
1.4353358745574951,524449533
1.4390606880187988,524449533
1.4425692558288574,524449533
1.446061134338379,524449533
1.4494612216949463,524449533
1.452761173248291,524449533
1.4560890197753906,524449533
1.4593381881713867,524449533
1.4626085758209229,523376825
1.465883493423462,523376825
1.469148874282837,523376825
1.4724133014678955,523376825
1.4756414890289307,523376825
1.4791359901428223,523376825
1.4812037944793701,523376825
1.4832613468170166,523376825
1.4853713512420654,523376825
1.4874308109283447,523376825
1.4896526336669922,523376825
1.491753339767456,523148210
1.4938082695007324,523148210
1.495837926864624,523148210
1.4978742599487305,523148210
1.499880075454712,522994323
1.501920223236084,522994323
1.5039451122283936,522994323
1.5059680938720703,522994323
1.5079882144927979,522994323
1.5100278854370117,522994323
1.5120699405670166,522994323
1.5140948295593262,522994323
1.5161283016204834,522994323
1.5181901454925537,522994323
1.520232915878296,522994323
1.5222749710083008,522994323
1.5243291854858398,522994323
1.5263864994049072,522994323
1.5284409523010254,522994323
1.5305187702178955,522994323
1.5325570106506348,522994323
1.53460693359375,522994323
1.5366744995117188,522994323
1.5386779308319092,522994323
1.5407359600067139,522994323
1.542745590209961,522994323
1.5459401607513428,522994323
1.5481398105621338,522994323
1.5502450466156006,520888695
1.5523028373718262,520888695
1.5543475151062012,520888695
1.5563991069793701,520888695
1.5584514141082764,520888695
1.5604867935180664,520888695
1.562525749206543,520888695
1.564579963684082,520888695
1.5666205883026123,520778409
1.5686590671539307,520778409
1.5706822872161865,520778409
1.5727260112762451,520778409
1.574761152267456,520778409
1.5768177509307861,520778409
1.5788729190826416,520778409
1.5809404850006104,520778409
1.582993507385254,517399087
1.5850460529327393,517399087
1.5871057510375977,517399087
1.5891830921173096,517399087
1.5912141799926758,517399087
1.5932788848876953,517399087
1.595289945602417,517399087
1.5973374843597412,517251297
1.5993499755859375,517251297
1.6014280319213867,517251297
1.6034862995147705,517251297
1.6055693626403809,517251297
1.6075999736785889,517251297
1.6096470355987549,517251297
1.6116793155670166,517251297
1.613760232925415,517251297
1.6157889366149902,517251297
1.6178309917449951,517251297
1.6198556423187256,517251297
1.6218914985656738,517251297
1.6239378452301025,516926320
1.6259965896606445,516926320
1.6280267238616943,516926320
1.6300971508026123,516926320
1.6321418285369873,516926320
1.6341972351074219,516926320
1.636228084564209,516926320
1.638301134109497,516926320
1.6403186321258545,516926320
1.6423606872558594,516926320
1.644376277923584,516926320
1.6464099884033203,516926320
1.648425817489624,516926320
1.6505122184753418,516926320
1.6525771617889404,516926320
1.6546046733856201,516926320
1.656625509262085,516926320
1.6586716175079346,516926320
1.6606764793395996,516926320
1.6627271175384521,516926320
1.6647593975067139,516926320
1.666806936264038,516926320
1.6688425540924072,516926320
1.6708884239196777,516926320
1.6729116439819336,516926320
1.6749608516693115,516926320
1.6769793033599854,516926320
1.6790294647216797,516926320
1.6810648441314697,516926320
1.6831307411193848,516926320
1.685178518295288,516926320
1.6872479915618896,516926320
1.6893131732940674,516926320
1.69138503074646,516926320
1.693441390991211,516926320
1.6955058574676514,516926320
1.6977746486663818,516844484
1.7016408443450928,516844484
1.7046639919281006,516844484
1.7067580223083496,516844484
1.7088429927825928,516844484
1.710932731628418,516844484
1.713027000427246,516844484
1.715085744857788,516844484
1.7171437740325928,516844484
1.7192165851593018,516844484
1.7213075160980225,516844484
1.7233750820159912,516844484
1.7253937721252441,516844484
1.7274909019470215,516844484
1.7295074462890625,516844484
1.7315537929534912,516844484
1.7335801124572754,516844484
1.7356617450714111,516844484
1.737684965133667,516844484
1.739739179611206,516844484
1.7417881488800049,516844484
1.7439510822296143,516523366
1.7460145950317383,515254652
1.748110294342041,515254652
1.7501296997070312,515254652
1.7522296905517578,515254652
1.7542905807495117,515254652
1.7563412189483643,515131434
1.758519172668457,515131434
1.7605562210083008,515131434
1.762580394744873,515131434
1.7646257877349854,515131434
1.7667388916015625,515131434
1.768852710723877,515131434
1.7709252834320068,515131434
1.7730259895324707,515131434
1.7750887870788574,515131434
1.777189016342163,515131434
1.7792506217956543,515131434
1.7813434600830078,515131434
1.7835721969604492,515131434
1.785597801208496,515131434
1.7876272201538086,515131434
1.789665937423706,515131434
1.7918727397918701,515131434
1.79392671585083,515131434
1.79591965675354,515131434
1.7980916500091553,515131434
1.800584077835083,515131434
1.8028161525726318,514968988
1.8051140308380127,514968988
1.8087103366851807,514968988
1.812453031539917,514968988
1.81608247756958,514968988
1.8197948932647705,514968988
1.823326826095581,514968988
1.8269338607788086,514968988
1.8306002616882324,514968988
1.832934856414795,514968988
1.8349874019622803,514968988
1.8371198177337646,514968988
1.8392114639282227,514968988
1.8413243293762207,514968988
1.8435559272766113,514968988
1.8456709384918213,514968988
1.8477933406829834,514968988
1.849867820739746,514968988
1.853015661239624,514968988
1.8555161952972412,514968988
1.8582379817962646,514968988
1.8604700565338135,514968988
1.8625962734222412,514968988
1.8646824359893799,514968988
1.8668124675750732,514968988
1.868870496749878,514968988
1.8710026741027832,514968988
1.8732171058654785,514968988
1.8763577938079834,514968988
1.8789024353027344,514968988
1.8810694217681885,514968988
1.8831994533538818,514968988
1.8853213787078857,514968988
1.8873815536499023,514968988
1.8894774913787842,514968988
1.8916232585906982,514968988
1.8938345909118652,514968988
1.8958985805511475,514968988
1.8979575634002686,514968988
1.900073766708374,514606818
1.9021613597869873,514606818
1.9043054580688477,514606818
1.9065351486206055,514606818
1.9086825847625732,514606818
1.910804271697998,514606818
1.9129116535186768,514606818
1.9150598049163818,514606818
1.9172422885894775,514606818
1.919468879699707,514606818
1.9216504096984863,514606818
1.9238932132720947,514606818
1.9261274337768555,514606818
1.928335189819336,514606818
1.9304983615875244,514606818
1.9328346252441406,514606818
1.9350392818450928,514482019
1.9373176097869873,514482019
1.9394288063049316,514482019
1.9415946006774902,514450379
1.9435982704162598,514450379
1.9456408023834229,514450379
1.9476375579833984,514450379
1.9496607780456543,514450379
1.9516584873199463,514325989
1.9536848068237305,514325989
1.9556572437286377,514325989
1.957653284072876,514325989
1.9595959186553955,514325989
1.9616196155548096,514325989
1.9635629653930664,514325989
1.9655282497406006,514325989
1.9674839973449707,514325989
1.9694585800170898,514325989
1.9714088439941406,514325989
1.9733717441558838,514325989
1.9753637313842773,514325989
1.9773495197296143,514308549
1.9793000221252441,514308549
1.9812839031219482,514308549
1.9832484722137451,514308549
1.9852793216705322,514308549
1.9872236251831055,514308549
1.9892387390136719,514165447
1.991234302520752,514165447
1.9931931495666504,514143554
1.9951834678649902,513866553
1.9971208572387695,513866553
1.999067783355713,513695366
2.0010926723480225,513695366
2.0030579566955566,513695366
2.0050244331359863,513695366
2.006990432739258,513695366
2.0089802742004395,513695366
2.0109193325042725,513695366
2.0129058361053467,513695366
2.0148634910583496,513695366
2.0168166160583496,513695366
2.018758535385132,513695366
2.020724058151245,513695366
2.022674083709717,513695366
2.024650812149048,513695366
2.0266053676605225,513695366
2.0285654067993164,513695366
2.0305283069610596,513695366
2.0325140953063965,513695366
2.0344460010528564,513695366
2.0364677906036377,513695366
2.038426399230957,513695366
2.040390729904175,513695366
2.042325019836426,513695366
2.0442826747894287,513695366
2.046233892440796,513695366
2.048210382461548,513695366
2.0501961708068848,513695366
2.05216646194458,513695366
2.0540826320648193,513695366
2.056044101715088,513695366
2.058067798614502,513695366
2.060063600540161,513695366
2.0620310306549072,513695366
2.0641627311706543,513689849
2.0661892890930176,513689849
2.0682239532470703,513689849
2.07029128074646,513568106
2.0723371505737305,513568106
2.0742905139923096,513568106
2.076317071914673,513568106
2.078259229660034,513568106
2.0802578926086426,513553448
2.0822336673736572,513547974
2.0842013359069824,513547974
2.086151123046875,513547974
2.0881333351135254,513547974
2.0901548862457275,513547974
2.0921099185943604,513547974
2.09405255317688,513414682
2.0961403846740723,513414682
2.09810733795166,513414682
2.1001782417297363,513414682
2.1021294593811035,513414682
2.1041693687438965,513414682
2.10613751411438,513414682
2.10819149017334,513414682
2.1101396083831787,513414682
2.1121718883514404,513414682
2.1141257286071777,513414682
2.116093873977661,513192558
2.118076801300049,513192558
2.120029926300049,513192558
2.1219570636749268,513192558
2.1239190101623535,513192558
2.125885486602783,513192558
2.127901315689087,513192558
2.1298751831054688,513192558
2.1318612098693848,513192558
2.1338279247283936,513192558
2.135791301727295,513192558
2.137749671936035,513192558
2.1397032737731934,513192558
2.1416659355163574,513192558
2.143599033355713,513192558
2.1455397605895996,513192558
2.14751935005188,513192558
2.149519681930542,513192558
2.1514835357666016,513066551
2.153517961502075,513066551
2.1555135250091553,513066551
2.1575136184692383,513066551
2.159505605697632,513066551
2.161451816558838,513066551
2.163417339324951,513066551
2.1653945446014404,513066551
2.1673831939697266,513066551
2.169344425201416,513066551
2.17128324508667,513066551
2.173245906829834,513066551
2.1752400398254395,513066551
2.1771903038024902,513066551
2.1791505813598633,513066551
2.1811282634735107,513066551
2.183199405670166,513066551
2.185178279876709,513066551
2.187281370162964,513066551
2.189256429672241,513066551
2.191216230392456,513066551
2.193228244781494,513066551
2.195202112197876,513066551
2.1972758769989014,513066551
2.199286699295044,513066551
2.2012650966644287,513066551
2.203233480453491,513066551
2.205183982849121,513066551
2.2071259021759033,513066551
2.209078073501587,513066551
2.211031436920166,513066551
2.2129833698272705,513066551
2.2149136066436768,513066551
2.2168877124786377,513066551
2.2188618183135986,513066551
2.2208471298217773,513066551
2.2228386402130127,513066551
2.224804162979126,513066551
2.226762533187866,513066551
2.2287378311157227,513066551
2.2306973934173584,513066551
2.232750177383423,513066551
2.234673500061035,513066551
2.236630916595459,513066551
2.2385778427124023,513066551
2.240546703338623,513066551
2.24249267578125,513066551
2.244450807571411,513066551
2.2464284896850586,513066551
2.2484030723571777,513066551
2.2503952980041504,513066551
2.2523443698883057,513066551
2.2542693614959717,513066551
2.2562389373779297,513066551
2.258195638656616,513066551
2.2601635456085205,513066551
2.262146472930908,513066551
2.2641539573669434,513066551
2.266134738922119,513066551
2.268132448196411,513066551
2.2700955867767334,513066551
2.2721264362335205,513066551
2.2740674018859863,513066551
2.2760565280914307,513066551
2.278036594390869,513066551
2.279996871948242,513066551
2.2819559574127197,513066551
2.283959150314331,513066551
2.285905599594116,513066551
2.287863254547119,513066551
2.2897980213165283,513066551
2.291733980178833,513066551
2.2937004566192627,513066551
2.2957115173339844,513066551
2.2976725101470947,513066551
2.2996785640716553,513066551
2.301682233810425,513066551
2.3036630153656006,513066551
2.305600881576538,513066551
2.307541847229004,513066551
2.3095662593841553,513066551
2.3115012645721436,513066551
2.313541889190674,513066551
2.3155524730682373,513066551
2.3175323009490967,513066551
2.3194615840911865,513066551
2.3214268684387207,513066551
2.3233587741851807,513066551
2.325355291366577,513066551
2.3273189067840576,513066551
2.329296112060547,513066551
2.331256628036499,513066551
2.3332207202911377,513066551
2.335172176361084,513066551
2.3371670246124268,513066551
2.3391170501708984,513066551
2.3410935401916504,513066551
2.3430566787719727,513066551
2.3449935913085938,513066551
2.3469488620758057,513066551
2.348926544189453,513066551
2.350903034210205,513066551
2.3528459072113037,513066551
2.3547801971435547,513066551
2.3568029403686523,513066551
2.358755111694336,513066551
2.360705852508545,513066551
2.3626551628112793,513066551
2.3646209239959717,513066551
2.366546392440796,513066551
2.3685150146484375,513066551
2.370487689971924,513066551
2.372432231903076,513066551
2.374393939971924,513066551
2.376337766647339,513066551
2.3782780170440674,513066551
2.3802366256713867,513066551
2.382183313369751,513066551
2.384117603302002,513066551
2.3860881328582764,513066551
2.3880772590637207,513066551
2.3900232315063477,513066551
2.391979455947876,512837512
2.3939146995544434,512837512
2.3958740234375,512837512
2.397814989089966,512837512
2.399820327758789,512837512
2.4021787643432617,512837512
2.4042699337005615,512837512
2.4062392711639404,512837512
2.4082205295562744,512837512
2.4102373123168945,512837512
2.412325620651245,512837512
2.414313554763794,512659679
2.4163084030151367,512659679
2.418294906616211,512659679
2.420285224914551,512659679
2.422269821166992,512659679
2.4242453575134277,512659679
2.426176071166992,512659679
2.4281082153320312,512659679
2.430030107498169,512659679
2.4319956302642822,512659679
2.4339537620544434,512659679
2.4359521865844727,512659679
2.4378838539123535,512659679
2.439850091934204,512659679
2.441776752471924,512659679
2.4437179565429688,512659679
2.4456589221954346,512659679
2.447624683380127,512659679
2.4495911598205566,512659679
2.45156192779541,512659679
2.4535768032073975,512659679
2.4555227756500244,512659679
2.4574689865112305,512659679
2.4594526290893555,512626839
2.4614217281341553,512626839
2.4634220600128174,512626839
2.4653751850128174,512626839
2.4673187732696533,512626839
2.469285488128662,512626839
2.4712305068969727,512626839
2.4731764793395996,512626839
2.4751365184783936,512626839
2.477135419845581,512626839
2.479123592376709,512626839
2.4810776710510254,512626839
2.4830405712127686,512626839
2.48506760597229,512626839
2.4870424270629883,512626839
2.4890286922454834,512626839
2.4909579753875732,512626839
2.4929358959198,512626839
2.4948976039886475,512626839
2.496894359588623,512626839
2.4988222122192383,512626839
2.500781297683716,512626839
2.5026915073394775,512626839
2.504645586013794,512626839
2.506601572036743,512626839
2.5085456371307373,512626839
2.5104825496673584,512626839
2.5124619007110596,512626839
2.514378547668457,512626839
2.516319990158081,512626839
2.5182831287384033,512626839
2.520233631134033,512626839
2.522181272506714,512555974
2.5241291522979736,512555974
2.526052236557007,512555974
2.5280046463012695,512532069
2.5299460887908936,512532069
2.5319344997406006,512532069
2.5338845252990723,512532069
2.5358364582061768,512532069
2.5377840995788574,512532069
2.5397772789001465,512532069
2.5417463779449463,512532069
2.5436854362487793,512532069
2.5456361770629883,512532069
2.5481913089752197,512532069
2.5501794815063477,512532069
2.5521583557128906,512513923
2.5540997982025146,512513923
2.5561540126800537,512513923
2.5581185817718506,512513923
2.5601179599761963,512513923
2.5620477199554443,512513923
2.564059257507324,512513923
2.5659897327423096,512513923
2.5679728984832764,512513923
2.5699660778045654,512513923
2.5720248222351074,512513923
2.574359655380249,512513923
2.5765621662139893,512513923
2.578625202178955,512513923
2.5806937217712402,512513923
2.582766532897949,512513923
2.584850549697876,512513923
2.5869016647338867,512513923
2.5889148712158203,512513923
2.5908901691436768,512513923
2.5929195880889893,512513923
2.59488844871521,512513923
2.596895217895508,512513923
2.598820924758911,512513923
2.6007962226867676,512513923
2.602792739868164,512513923
2.6048007011413574,512513923
2.60675311088562,512513923
2.6087427139282227,512513923
2.6107449531555176,512513923
2.612727165222168,512513923
2.614701747894287,512513923
2.6166434288024902,512513923
2.6185994148254395,512513923
2.6205575466156006,512493831
2.6225247383117676,512493831
2.6245126724243164,512493831
2.6265010833740234,512493831
2.6285040378570557,512493831
2.630462646484375,512493831
2.632432222366333,512493831
2.6344683170318604,512493831
2.6364331245422363,512493831
2.638383388519287,512493831
2.6403868198394775,512493831
2.6423559188842773,512493831
2.6443393230438232,512493831
2.6462957859039307,512493831
2.648329257965088,512493831
2.6503512859344482,512493831
2.6523382663726807,512493831
2.654270887374878,512493831
2.656229257583618,512493831
2.658172130584717,512493831
2.660135507583618,512493831
2.6620538234710693,512493831
2.663994312286377,512493831
2.665931463241577,512493831
2.6679115295410156,512493831
2.6698622703552246,512493831
2.6718432903289795,512493831
2.6737871170043945,512493831
2.6757426261901855,512493831
2.6777024269104004,512493831
2.6796696186065674,512493831
2.681629180908203,512493831
2.683626174926758,512493831
2.685580015182495,512493831
2.687546491622925,512493831
2.689541816711426,512493831
2.691516399383545,512493831
2.6934726238250732,512493831
2.6954286098480225,512493831
2.6974310874938965,512493831
2.6994752883911133,512493831
2.7014200687408447,512493831
2.7033865451812744,512493831
2.7053277492523193,512245692
2.7073113918304443,512245692
2.709261417388916,512245692
2.7112061977386475,512245692
2.7131690979003906,512245692
2.7151482105255127,512245692
2.717134952545166,512245692
2.719083309173584,512245692
2.7210781574249268,512245692
2.7230288982391357,512245692
2.7249977588653564,512245692
2.7269222736358643,512245692
2.728914976119995,512245692
2.7308502197265625,512245692
2.732818365097046,512245692
2.7347655296325684,512238704
2.7367382049560547,512238704
2.738691806793213,512238704
2.7406327724456787,512238704
2.7425756454467773,512238704
2.7445452213287354,512238704
2.7465224266052246,512238704
2.7484943866729736,512238704
2.7504637241363525,512238704
2.752393960952759,512238704
2.754361629486084,512238704
2.7563343048095703,512238704
2.7582905292510986,512238704
2.760267496109009,512238704
2.7622363567352295,512238704
2.764209508895874,512238704
2.7661516666412354,512238704
2.768111228942871,512238704
2.770073890686035,512238704
2.7720706462860107,512238704
2.774035930633545,512238704
2.775982618331909,512238704
2.777923583984375,512238704
2.779881000518799,512238704
2.7818307876586914,512238704
2.783829927444458,512238704
2.7858400344848633,512060893
2.7878124713897705,512060893
2.789780855178833,512060893
2.7917373180389404,512060893
2.7937381267547607,512060893
2.7957091331481934,512060893
2.7976856231689453,512060893
2.7996561527252197,511896070
2.8016436100006104,511896070
2.803600549697876,511896070
2.8055613040924072,511896070
2.807525873184204,511896070
2.809499502182007,511896070
2.8114562034606934,511896070
2.8134326934814453,511896070
2.815384864807129,511896070
2.817349433898926,511896070
2.8193020820617676,511896070
2.8213024139404297,511896070
2.823248863220215,511896070
2.8252573013305664,511896070
2.8272135257720947,511896070
2.8291666507720947,511896070
2.8311707973480225,511896070
2.833181619644165,511896070
2.8351433277130127,511896070
2.8371806144714355,511896070
2.8391592502593994,511896070
2.841155767440796,511896070
2.843096971511841,511896070
2.8450331687927246,511896070
2.846989393234253,511896070
2.8489930629730225,511896070
2.8509411811828613,511896070
2.852902889251709,511896070
2.8548758029937744,511896070
2.856848955154419,511896070
2.858772039413452,511896070
2.8607466220855713,511896070
2.862691879272461,511896070
2.864652156829834,511896070
2.866623640060425,511896070
2.8685781955718994,511896070
2.8705315589904785,511896070
2.8725006580352783,511896070
2.874450206756592,511896070
2.8764116764068604,511896070
2.8783786296844482,511896070
2.8803627490997314,511896070
2.8823091983795166,511896070
2.884284257888794,511896070
2.8862485885620117,511896070
2.8881888389587402,511896070
2.8901126384735107,511896070
2.8920717239379883,511896070
2.8940296173095703,511896070
2.8960206508636475,511896070
2.897977828979492,511896070
2.8999249935150146,511896070
2.9019057750701904,511896070
2.9038915634155273,511896070
2.9058115482330322,511896070
2.90777587890625,511896070
2.9096970558166504,511896070
2.911665439605713,511896070
2.913628578186035,511896070
2.915578603744507,511896070
2.917526960372925,511896070
2.9195194244384766,511896070
2.921513080596924,511896070
2.9234445095062256,511896070
2.925370693206787,511896070
2.927366018295288,511896070
2.9293570518493652,511896070
2.9312946796417236,511896070
2.9334299564361572,511896070
2.9357194900512695,511896070
2.937955617904663,511896070
2.9401848316192627,511896070
2.942444086074829,511896070
2.9446799755096436,511896070
2.9468727111816406,511896070
2.949098825454712,511896070
2.951107978820801,511896070
2.9530999660491943,511896070
2.9550654888153076,511896070
2.9570109844207764,511896070
2.9589478969573975,511896070
2.9608864784240723,511896070
2.9628093242645264,511896070
2.964799642562866,511896070
2.9667556285858154,511896070
2.9687469005584717,511896070
2.9707117080688477,511896070
2.972684144973755,511896070
2.9746172428131104,511896070
2.976583480834961,511896070
2.9785382747650146,511896070
2.980496883392334,511896070
2.982476234436035,511896070
2.9844579696655273,511896070
2.9864933490753174,511896070
2.9884867668151855,511896070
2.990462064743042,511896070
2.992432117462158,511896070
2.994398593902588,511896070
2.9963808059692383,511896070
2.998318910598755,511896070
3.0002686977386475,511896070
3.002596855163574,511896070
3.0046935081481934,511896070
3.0066566467285156,511896070
3.0086076259613037,511896070
3.010674238204956,511896070
3.012690782546997,511896070
3.014655828475952,511896070
3.0166237354278564,511896070
3.018613576889038,511896070
3.020583152770996,511896070
3.0225090980529785,511896070
3.024474859237671,511896070
3.0263969898223877,511896070
3.028353691101074,511896070
3.0303425788879395,511896070
3.0323047637939453,511896070
3.0342519283294678,511896070
3.0362181663513184,511896070
3.038158655166626,511896070
3.0401041507720947,511896070
3.042036771774292,511896070
3.043976068496704,511896070
3.0459136962890625,511896070
3.04789662361145,511896070
3.049821376800537,511896070
3.051812171936035,511896070
3.0537831783294678,511896070
3.0557501316070557,511896070
3.0576958656311035,511896070
3.0596659183502197,511896070
3.0615994930267334,511896070
3.063544988632202,511896070
3.065499782562256,511896070
3.0674824714660645,511896070
3.0694210529327393,511896070
3.0713694095611572,511896070
3.073322296142578,511896070
3.0752382278442383,511896070
3.077167510986328,511896070
3.0791263580322266,511896070
3.081080675125122,511896070
3.0813655853271484,511896070
