Time,Objective value
0.001500844955444336,77800
0.0015859603881835938,77800
0.004534006118774414,77256
0.006994724273681641,76336
0.009437322616577148,76062
0.011720657348632812,75624
0.014009237289428711,75348
0.01608562469482422,74988
0.017998218536376953,74758
0.01974010467529297,74662
0.021538257598876953,74596
0.023212194442749023,74362
0.024846315383911133,73772
0.02646636962890625,73576
0.03139019012451172,73146
0.03307509422302246,73146
0.034868717193603516,72990
0.03689718246459961,72990
0.0389254093170166,72990
0.04418206214904785,72782
0.049324750900268555,72782
0.05145716667175293,72610
0.05358266830444336,72428
0.055359601974487305,72382
0.06049084663391113,72312
0.06566548347473145,72312
0.06766366958618164,72196
0.06925511360168457,72010
0.07067155838012695,72010
0.07522439956665039,71628
0.07992386817932129,71628
0.08157038688659668,71578
0.08652544021606445,71398
0.0915224552154541,71398
0.09332156181335449,71398
0.09830355644226074,71380
0.10339784622192383,71342
0.10535264015197754,71336
0.10715031623840332,71284
0.10893797874450684,71276
0.11059069633483887,71242
0.11226010322570801,71060
0.11415410041809082,71060
0.11590695381164551,71060
0.11751818656921387,71060
0.12268400192260742,71060
0.12450909614562988,71060
0.12955355644226074,70800
0.131333589553833,70800
0.136366605758667,70776
0.14447879791259766,70776
0.14962983131408691,70776
0.1545422077178955,70776
0.15603375434875488,70726
0.160660982131958,70588
0.17189407348632812,70588
0.1735520362854004,70560
0.1780989170074463,70560
0.18933534622192383,70560
0.19093918800354004,70484
0.19887852668762207,70478
0.20691275596618652,70478
0.21158742904663086,70478
0.2163393497467041,70466
0.22425532341003418,70460
0.23228693008422852,70460
0.24361944198608398,70460
0.25175046920776367,70460
0.26314496994018555,70460
0.271439790725708,70460
0.27321600914001465,70460
0.2776825428009033,70460
0.29209327697753906,70460
0.2938065528869629,70460
0.3116285800933838,70460
0.3134181499481201,70342
0.3247067928314209,70342
0.32616710662841797,70282
0.3309316635131836,70264
0.3322765827178955,70236
0.3466160297393799,70236
0.3582344055175781,70236
0.36316561698913574,70236
0.3743736743927002,70220
0.37935376167297363,70220
0.3872716426849365,70220
0.39533472061157227,70220
0.4066605567932129,70220
0.41156530380249023,70220
0.42274928092956543,70220
0.4277150630950928,70034
0.4389047622680664,70034
0.4438750743865967,69900
0.448535680770874,69900
0.46302366256713867,69900
0.46475791931152344,69872
0.4726827144622803,69872
0.48073458671569824,69872
0.48554182052612305,69840
0.48690366744995117,69802
0.5012099742889404,69802
0.5128152370452881,69802
0.5179109573364258,69802
0.5225841999053955,69802
0.5272824764251709,69802
0.5384783744812012,69802
0.5566191673278809,69802
0.5619091987609863,69802
0.5701019763946533,69802
0.5748763084411621,69802
0.579538106918335,69796
0.5841801166534424,69796
0.5921304225921631,69786
0.6001765727996826,69786
0.6114945411682129,69786
0.619774341583252,69786
0.6278693675994873,69750
0.6326570510864258,69750
0.6372995376586914,69690
0.6419415473937988,69690
0.6498992443084717,69690
0.6580228805541992,69690
0.6693944931030273,69674
0.6742353439331055,69674
0.6856541633605957,69674
0.6906788349151611,69674
0.705327033996582,69674
0.7070677280426025,69672
0.7117276191711426,69672
0.7196602821350098,69672
0.7343113422393799,69672
0.7491376399993896,69672
0.7510077953338623,69672
0.7523925304412842,69672
0.7601709365844727,69672
0.7682697772979736,69672
0.7828786373138428,69672
0.791259765625,69672
0.7960543632507324,69672
0.8105626106262207,69672
0.8155696392059326,69672
0.8269376754760742,69672
0.8349812030792236,69672
0.8400917053222656,69668
0.8545427322387695,69668
0.8660452365875244,69668
0.8777894973754883,69668
0.889401912689209,69668
0.891038179397583,69668
0.9118740558624268,69666
0.9237098693847656,69664
0.9255683422088623,69664
0.9367995262145996,69660
0.9416570663452148,69660
0.9464361667633057,69616
0.9576139450073242,69600
0.9658474922180176,69600
0.9739305973052979,69600
0.9819090366363525,69600
0.9901130199432373,69600
0.9981915950775146,69600
1.0095858573913574,69552
1.021000862121582,69552
1.0260717868804932,69552
1.0405020713806152,69552
1.0521037578582764,69552
1.053945779800415,69508
1.0617337226867676,69420
1.0665373802185059,69420
1.084301233291626,69420
1.0892837047576904,69392
1.1008381843566895,69392
1.1092121601104736,69392
1.1205899715423584,69392
1.1222550868988037,69392
1.13653564453125,69392
1.1513245105743408,69392
1.1564867496490479,69392
1.1648828983306885,69392
1.172905445098877,69392
1.1842494010925293,69392
1.189178466796875,69392
1.2003469467163086,69392
1.2118263244628906,69392
1.2266323566436768,69364
1.2316317558288574,69364
1.2397089004516602,69364
1.2477989196777344,69340
1.2558903694152832,69336
1.2574126720428467,69312
1.2684674263000488,69292
1.279867172241211,69292
1.2816762924194336,69292
1.2894926071166992,69292
1.297565221786499,69292
1.3056206703186035,69292
1.3136868476867676,69292
1.321749210357666,69292
1.3331060409545898,69278
1.3380675315856934,69278
1.355780839920044,69278
1.3640265464782715,69278
1.3658568859100342,69264
1.3672776222229004,69264
1.3719086647033691,69264
1.3830959796905518,69264
1.3880438804626465,69264
1.3926987648010254,69250
1.40061616897583,69250
1.4053962230682373,69250
1.4166245460510254,69246
1.4281182289123535,69226
1.4363539218902588,69226
1.4444234371185303,69226
1.4557676315307617,69226
1.4705009460449219,69226
1.4788916110992432,69226
1.4803671836853027,69188
1.4915812015533447,69188
1.4965345859527588,69188
1.504422664642334,69188
1.5059261322021484,69188
1.5169594287872314,69188
1.528411865234375,69188
1.5398833751678467,69188
1.5415325164794922,69188
1.5460467338562012,69188
1.5606212615966797,69188
1.5689077377319336,69188
1.580334186553955,69188
1.5886778831481934,69188
1.600071907043457,69188
1.6083018779754639,69188
1.6196534633636475,69176
1.6246025562286377,69176
1.6292316913604736,69176
1.640388011932373,69176
1.6420235633850098,69176
1.6530506610870361,69176
1.6579220294952393,69176
1.6660194396972656,69176
1.670813798904419,69176
1.678760051727295,69176
1.6868269443511963,69176
1.6981921195983887,69176
1.7030353546142578,69176
1.7143590450286865,69176
1.729046106338501,69176
1.734079122543335,69176
1.7358744144439697,69176
1.7501945495605469,69176
1.7551286220550537,69176
1.766552209854126,69158
1.7781982421875,69158
1.7798774242401123,69158
1.7843647003173828,69158
1.7955667972564697,69158
1.8005187511444092,69158
1.8051769733428955,69158
1.8163490295410156,69158
1.8179214000701904,69158
1.8258485794067383,69158
1.840449333190918,69154
1.842111587524414,69154
1.8435301780700684,69154
1.848175287246704,69154
1.8626532554626465,69154
1.8676393032073975,69154
1.8725500106811523,69154
1.8870539665222168,69154
1.8984534740447998,69154
1.910149335861206,69154
1.9153015613555908,69154
1.9267780780792236,69154
1.9318554401397705,69154
1.9367539882659912,69154
1.9514422416687012,69154
1.9663105010986328,69136
1.9713895320892334,69136
1.9762868881225586,69136
1.9809999465942383,69118
1.995614767074585,69118
1.997342586517334,69106
1.998701572418213,69098
2.0064544677734375,69098
2.0243277549743652,69098
2.036013126373291,69098
2.044265031814575,69098
2.052400588989258,69098
2.0704076290130615,69098
2.0788118839263916,69098
2.0804660320281982,69098
2.094727039337158,69098
2.1029744148254395,69098
2.1177563667297363,69098
2.126077651977539,69098
2.140789747238159,69098
2.1523966789245605,69098
2.157325029373169,69098
2.168513774871826,69098
2.1865034103393555,69098
2.1949570178985596,69098
2.1967828273773193,69098
2.2048838138580322,69098
2.2129948139190674,69058
2.227588415145874,69058
2.2358884811401367,69058
2.2472715377807617,69058
2.262150526046753,69058
2.267265796661377,69058
2.275434970855713,69058
2.286867141723633,69058
2.2952194213867188,69058
2.306574583053589,69058
2.314800977706909,69058
2.3261349201202393,69058
2.3276758193969727,69058
2.342278003692627,69058
2.3506267070770264,68992
2.3620641231536865,68992
2.36374831199646,68992
2.3683841228485107,68992
2.3797287940979004,68992
2.391249656677246,68992
2.396110773086548,68992
2.4074437618255615,68992
2.418828248977661,68992
2.427183151245117,68992
2.432011127471924,68992
2.4432337284088135,68992
2.4481754302978516,68992
2.4561023712158203,68992
2.4740214347839355,68992
2.4857311248779297,68992
2.507127046585083,68992
2.512474298477173,68992
2.5175621509552,68992
2.525517702102661,68992
2.5334911346435547,68992
2.5449588298797607,68992
2.5597896575927734,68928
2.5648632049560547,68928
2.579511880874634,68928
2.5813896656036377,68928
2.5893261432647705,68928
2.6005818843841553,68928
2.60893177986145,68928
2.6202704906463623,68928
2.631748914718628,68928
2.6366939544677734,68928
2.6479156017303467,68928
2.662700653076172,68928
2.6743433475494385,68928
2.682469129562378,68928
2.687401056289673,68928
2.6986515522003174,68928
2.7133948802948,68928
2.7217297554016113,68928
2.7298004627227783,68928
2.737891674041748,68928
2.7460052967071533,68928
2.754094123840332,68928
2.7654783725738525,68928
2.770383596420288,68928
2.781569004058838,68928
2.7897939682006836,68928
2.7979025840759277,68920
2.8092379570007324,68864
2.82067608833313,68864
2.83872127532959,68864
2.8474133014678955,68864
2.8557288646698,68864
2.860708713531494,68864
2.878390073776245,68864
2.8868508338928223,68864
2.8884761333465576,68864
2.902947425842285,68864
2.911186933517456,68864
2.9161620140075684,68864
2.924387216567993,68864
2.9259212017059326,68864
2.940258741378784,68864
2.951840877532959,68864
2.963395595550537,68864
2.9750232696533203,68864
2.980130672454834,68864
2.994642734527588,68826
2.9997379779815674,68826
3.007636070251465,68826
3.015706777572632,68826
3.0302867889404297,68826
3.038578987121582,68826
3.0435280799865723,68820
3.0481672286987305,68818
3.056103229522705,68818
3.067430019378662,68802
3.0756442546844482,68802
3.0869956016540527,68802
3.091951608657837,68786
3.0998735427856445,68786
3.1079938411712646,68786
3.1127824783325195,68786
3.1207141876220703,68786
3.128783702850342,68780
3.1401023864746094,68780
3.1450629234313965,68780
3.152923107147217,68780
3.160999059677124,68780
3.1723427772521973,68780
3.183852434158325,68780
3.1952292919158936,68780
3.2003419399261475,68730
3.2115347385406494,68730
3.2163052558898926,68730
3.224417209625244,68730
3.2358484268188477,68724
3.2442283630371094,68724
3.2522284984588623,68724
3.2701668739318848,68724
3.2754933834075928,68724
3.290064811706543,68670
3.2951231002807617,68670
3.2966468334198,68670
3.3011364936828613,68662
3.3123443126678467,68662
3.3205485343933105,68662
3.3318870067596436,68662
3.349858045578003,68654
3.351822853088379,68654
3.363110303878784,68654
3.367978572845459,68654
3.3727867603302,68654
3.3774333000183105,68654
3.3886332511901855,68644
3.4001243114471436,68644
3.408291816711426,68644
3.422781229019165,68644
3.431070327758789,68644
3.445834159851074,68622
3.4510514736175537,68614
3.462393283843994,68614
3.470782518386841,68614
3.482168674468994,68614
3.4838545322418213,68614
3.494896173477173,68612
3.5031111240386963,68612
3.5112173557281494,68612
3.522562265396118,68602
3.527517557144165,68602
3.532191038131714,68602
3.543400764465332,68594
3.5482988357543945,68594
3.559636116027832,68594
3.567863941192627,68594
3.57265305519104,68594
3.5936942100524902,68594
3.5990540981292725,68594
3.6135201454162598,68594
3.6251611709594727,68594
3.6399292945861816,68594
3.6452627182006836,68594
3.659916877746582,68594
3.6649527549743652,68532
3.6729748249053955,68532
3.6779325008392334,68532
3.6793212890625,68532
3.690352439880371,68532
3.7084803581237793,68532
3.7234976291656494,68532
3.735255241394043,68532
3.7402830123901367,68532
3.745128870010376,68532
3.756281614303589,68532
3.7710464000701904,68532
3.7760610580444336,68532
3.7808644771575928,68532
3.798626661300659,68532
3.8102972507476807,68532
3.8154478073120117,68532
3.820244312286377,68532
3.8346731662750244,68532
3.8396236896514893,68532
3.8543083667755127,68532
3.8626551628112793,68532
3.8676538467407227,68532
3.878906011581421,68532
3.8839457035064697,68532
3.8920490741729736,68532
3.8968610763549805,68532
3.9113190174102783,68532
3.9163432121276855,68532
3.9244260787963867,68532
3.9324569702148438,68532
3.9503118991851807,68532
3.9554827213287354,68532
3.9733662605285645,68532
3.9785051345825195,68532
3.9932637214660645,68532
4.001647233963013,68532
4.009673833847046,68532
4.0210301876068115,68532
4.029333829879761,68532
4.040870666503906,68532
4.042545318603516,68458
4.050342559814453,68458
4.058404445648193,68458
4.069626092910767,68458
4.081094980239868,68458
4.086278200149536,68458
4.094297170639038,68458
4.105546712875366,68458
4.10726261138916,68458
4.111871242523193,68458
4.1230175495147705,68458
4.134500503540039,68458
4.142722129821777,68458
4.150838136672974,68458
4.158838748931885,68458
4.163744211196899,68458
4.191290616989136,68458
4.1967573165893555,68458
4.2050676345825195,68458
4.2100043296813965,68458
4.217950820922852,68458
4.2325804233551025,68458
4.240777254104614,68458
4.242497682571411,68458
4.256909370422363,68458
4.265223979949951,68458
4.279956340789795,68458
4.291515588760376,68458
4.299923658370972,68458
4.317828178405762,68458
4.319701433181763,68458
4.327655076980591,68458
4.342230319976807,68458
4.34732985496521,68458
4.358863353729248,68458
4.367086410522461,68458
4.371941804885864,68458
4.383113384246826,68458
4.3945631980896,68458
4.406153678894043,68458
4.414339303970337,68458
4.419349431991577,68458
4.430692434310913,68458
4.432341814041138,68458
4.443399906158447,68420
4.45166277885437,68420
4.456463575363159,68420
4.464415550231934,68420
4.475674867630005,68420
4.4840240478515625,68420
4.495314598083496,68420
4.503605127334595,68420
4.515119791030884,68420
4.520045757293701,68420
4.531234502792358,68420
4.542705297470093,68416
4.547653436660767,68416
4.552353620529175,68416
4.560346364974976,68416
4.571696996688843,68416
4.573254823684692,68416
4.581138372421265,68416
4.58913254737854,68416
4.5905516147613525,68416
4.5981996059417725,68416
4.6028807163238525,68416
4.613964796066284,68416
4.615483283996582,68416
4.616527318954468,68416
4.620807409286499,68416
4.6252522468566895,68416
4.629701375961304,68416
4.640679121017456,68416
4.64214563369751,68416
4.646435260772705,68416
4.650860548019409,68416
4.652000427246094,68416
4.656264543533325,68416
4.657378911972046,68416
4.6616370677948,68416
4.662745237350464,68416
4.6636834144592285,68416
4.664579629898071,68416
4.665463209152222,68416
4.666337013244629,68416
4.667207479476929,68416
4.668076038360596,68416
4.672231435775757,68416
4.673453092575073,68408
4.674511432647705,68408
4.675525188446045,68408
4.676527976989746,68408
4.6775500774383545,68408
4.6785643100738525,68408
4.679590225219727,68408
4.680611848831177,68408
4.688215732574463,68408
4.696199417114258,68408
4.70745587348938,68408
4.722020864486694,68408
4.723843812942505,68408
4.731682062149048,68408
4.736422777175903,68408
4.75080132484436,68408
4.759039878845215,68408
4.767113208770752,68408
4.768687725067139,68408
4.773090124130249,68408
4.784190893173218,68408
4.7889509201049805,68408
4.790319919586182,68408
4.797917604446411,68408
4.808992862701416,68408
4.810471296310425,68408
4.815096378326416,68408
4.816282749176025,68408
4.8172547817230225,68408
4.818238258361816,68408
4.825822353363037,68408
4.827139139175415,68408
4.83800196647644,68408
4.8393919467926025,68408
4.840500831604004,68408
4.841441631317139,68408
4.842351675033569,68408
4.843229532241821,68408
4.844119548797607,68408
4.844984769821167,68408
4.845846891403198,68408
4.846700191497803,68408
4.8475470542907715,68408
4.848393678665161,68408
4.849246025085449,68408
4.850097417831421,68408
4.850948333740234,68408
4.8517985343933105,68408
4.852651119232178,68408
4.853495121002197,68408
4.854355096817017,68408
4.8552093505859375,68408
4.856062889099121,68408
4.856916904449463,68408
4.857767343521118,68408
4.858616828918457,68408
4.859462022781372,68408
4.860312223434448,68408
4.86116623878479,68408
4.862017631530762,68408
4.862868309020996,68408
4.863730192184448,68408
4.864572286605835,68408
4.865415334701538,68408
4.866269588470459,68408
4.8671205043792725,68408
4.867968559265137,68408
4.868815183639526,68408
4.869666814804077,68408
4.870511770248413,68408
4.871361970901489,68408
4.872216463088989,68408
4.873070240020752,68408
4.87393593788147,68408
4.874788522720337,68408
4.875641345977783,68408
4.876488924026489,68408
4.877340316772461,68408
4.878196954727173,68408
4.8790528774261475,68408
4.879908084869385,68408
4.8807618618011475,68408
4.8816142082214355,68408
4.882458686828613,68408
4.883310317993164,68408
4.884176015853882,68408
4.885027170181274,68408
4.885880470275879,68408
4.886734962463379,68408
4.887588262557983,68408
4.88843560218811,68408
4.889287233352661,68408
4.890142917633057,68408
4.890998840332031,68408
4.891851902008057,68408
4.892704963684082,68408
4.893549919128418,68408
4.894413709640503,68408
4.895265340805054,68408
4.896120071411133,68408
4.896973371505737,68408
4.897826433181763,68408
4.898677587509155,68408
4.89952278137207,68408
4.900371789932251,68408
4.901225566864014,68408
4.902076482772827,68408
4.902927398681641,68408
4.903785228729248,68408
4.904640436172485,68408
4.905483722686768,68408
4.906334638595581,68408
4.9071879386901855,68408
4.908043622970581,68408
4.908895015716553,68408
4.9097490310668945,68408
4.9105987548828125,68408
4.911446571350098,68408
4.91229772567749,68408
4.91315221786499,68408
4.914015293121338,68408
4.914870977401733,68408
4.915722370147705,68408
4.916569948196411,68408
4.9174182415008545,68408
4.918271541595459,68408
4.91912841796875,68408
4.919983863830566,68408
4.920836687088013,68408
4.921691179275513,68408
4.922539949417114,68408
4.92339301109314,68408
4.92426061630249,68408
4.925116300582886,68408
4.925963878631592,68408
4.926814794540405,68408
4.927669048309326,68408
4.92851710319519,68408
4.929367780685425,68408
4.930222749710083,68408
4.931076526641846,68408
4.931933403015137,68408
4.932784795761108,68408
4.933648586273193,68408
4.934494972229004,68408
4.935348987579346,68408
4.936200380325317,68408
4.937057733535767,68408
4.9379119873046875,68408
4.9387664794921875,68408
4.939621925354004,68408
4.9404706954956055,68408
4.94132399559021,68408
4.9421775341033936,68408
4.9430272579193115,68408
4.943891525268555,68408
4.944745063781738,68408
4.945599317550659,68408
4.946443557739258,68408
4.947293281555176,68408
4.948143243789673,68408
4.948997259140015,68408
4.949847936630249,68408
4.950695991516113,68408
4.951541900634766,68408
4.9523961544036865,68408
4.953249454498291,68408
4.954118490219116,68408
4.954971551895142,68408
4.955821990966797,68408
4.956672430038452,68408
4.957519769668579,68408
4.958373069763184,68408
4.959228515625,68408
4.960078954696655,68408
4.960930347442627,68408
4.961777925491333,68408
4.962633848190308,68408
4.963476657867432,68408
4.964337587356567,68408
4.965194463729858,68408
4.966053247451782,68408
4.966902732849121,68408
4.9677534103393555,68408
4.968604803085327,68408
4.969449281692505,68408
4.970298767089844,68408
4.971152305603027,68408
4.972005367279053,68408
4.9728569984436035,68408
4.973721265792847,68408
4.974574089050293,68408
4.97541880607605,68408
4.976269245147705,68408
4.977121591567993,68408
4.977973699569702,68408
4.978828191757202,68408
4.979681491851807,68408
4.980527400970459,68408
4.981377601623535,68408
4.982227325439453,68408
4.9830803871154785,68408
4.983945608139038,68408
4.984800577163696,68408
4.98565411567688,68408
4.98650336265564,68408
4.987354278564453,68408
4.988205671310425,68408
4.989058256149292,68408
4.989916086196899,68408
4.9907684326171875,68408
4.991621732711792,68408
4.992466688156128,68408
4.993316650390625,68408
4.994181871414185,68408
4.995036840438843,68408
4.99588680267334,68408
4.996741056442261,68408
4.9975905418396,68408
4.9984352588653564,68408
4.999288082122803,68408
5.000145196914673,68408
5.000997543334961,68408
5.0018532276153564,68408
5.002706050872803,68408
5.003551483154297,68408
5.004410982131958,68408
5.005264759063721,68408
5.006117582321167,68408
5.006967544555664,68408
5.007818222045898,68408
5.008667230606079,68408
5.009510278701782,68408
5.010364532470703,68408
5.011218547821045,68408
5.012073516845703,68408
5.01292872428894,68408
5.013788461685181,68408
5.014640808105469,68408
5.015487432479858,68408
5.016337156295776,68408
5.017192363739014,68408
5.01804518699646,68408
5.018897533416748,68408
5.019749879837036,68408
5.020603895187378,68408
5.021447658538818,68408
5.022297382354736,68408
5.0231475830078125,68408
5.024011135101318,68408
5.024863243103027,68408
5.025715351104736,68408
5.02656626701355,68408
5.02741551399231,68408
5.028266191482544,68408
5.029115438461304,68408
5.029970407485962,68408
5.0308215618133545,68408
5.031673908233643,68408
5.032518148422241,68408
5.033367872238159,68408
5.034235239028931,68408
5.035086631774902,68408
5.0359392166137695,68408
5.0367889404296875,68408
5.037644863128662,68408
5.038487911224365,68408
5.039337158203125,68408
5.040189504623413,68408
5.041043519973755,68408
5.041893005371094,68408
5.04274320602417,68408
5.043598175048828,68408
5.044448137283325,68408
5.045299291610718,68408
5.046156167984009,68408
5.047008514404297,68408
5.047857999801636,68408
5.048708438873291,68408
5.0495524406433105,68408
5.050401926040649,68408
5.0512611865997314,68408
5.052111625671387,68408
5.05296778678894,68408
5.053829193115234,68408
5.0546910762786865,68408
5.055538892745972,68408
5.0563929080963135,68408
5.057248592376709,68408
5.058106184005737,68408
5.058956861495972,68408
5.059809923171997,68408
5.060665130615234,68408
5.061511993408203,68408
5.062366008758545,68408
5.063222408294678,68408
5.064086437225342,68408
5.064939498901367,68408
5.065788507461548,68408
5.066640138626099,68408
5.067486524581909,68408
5.068341970443726,68408
5.069197654724121,68408
5.070053815841675,68408
5.070907354354858,68408
5.071761608123779,68408
5.072614908218384,68408
5.073459148406982,68408
5.074322700500488,68408
5.075176000595093,68408
5.076030731201172,68408
5.0768818855285645,68408
5.077736139297485,68408
5.078586101531982,68408
5.079432964324951,68408
5.0802857875823975,68408
5.081139087677002,68408
5.081995487213135,68408
5.082852602005005,68408
5.083715200424194,68408
5.084566593170166,68408
5.085412502288818,68408
5.08626389503479,68408
5.0871171951293945,68408
5.087972402572632,68408
5.088821887969971,68408
5.0896759033203125,68408
5.090523958206177,68408
5.0913755893707275,68408
5.092228174209595,68408
5.093083143234253,68408
5.0939459800720215,68408
5.094801902770996,68408
5.095653772354126,68408
5.096500635147095,68408
5.097351312637329,68408
5.098204851150513,68408
5.099058389663696,68408
5.099911212921143,68408
5.100760459899902,68408
5.1016151905059814,68408
5.102461576461792,68408
5.103311538696289,68408
5.1041765213012695,68408
5.105033874511719,68408
5.105886936187744,68408
5.10674262046814,68408
5.10759162902832,68408
5.1084394454956055,68408
5.109290599822998,68408
5.110145330429077,68408
5.11099910736084,68408
5.1118505001068115,68408
5.112703800201416,68408
5.1135499477386475,68408
5.114408016204834,68408
5.115260362625122,68408
5.116114139556885,68408
5.116966724395752,68408
5.11781907081604,68408
5.1186747550964355,68408
5.119518280029297,68408
5.120375394821167,68408
5.121229648590088,68408
5.12208366394043,68408
5.122939825057983,68408
5.123800039291382,68408
5.124655246734619,68408
5.1255035400390625,68408
5.126355171203613,68408
5.127209901809692,68408
5.12806510925293,68408
5.12891960144043,68408
5.129770994186401,68408
5.130625009536743,68408
5.131473779678345,68408
5.132325887680054,68408
5.133177995681763,68408
5.1340415477752686,68408
5.1348936557769775,68408
5.135742664337158,68408
5.136591672897339,68408
5.137441396713257,68408
5.138293504714966,68408
5.139144659042358,68408
5.1399993896484375,68408
5.140852451324463,68408
5.141705274581909,68408
5.142549753189087,68408
5.143397808074951,68408
5.14426326751709,68408
5.145115613937378,68408
5.145969867706299,68408
5.146825790405273,68408
5.147677659988403,68408
5.148523569107056,68408
5.149374723434448,68408
5.150232791900635,68408
5.1510865688323975,68408
5.151939392089844,68408
5.152794122695923,68408
5.153663158416748,68408
5.154511451721191,68408
5.155363082885742,68408
5.156217813491821,68408
5.157072305679321,68408
5.157927513122559,68408
5.158778429031372,68408
5.159628629684448,68408
5.160473585128784,68408
5.161323070526123,68408
5.162178993225098,68408
5.163030385971069,68408
5.163895606994629,68408
5.164746999740601,68408
5.165600061416626,68408
5.166445732116699,68408
5.167297601699829,68408
5.16814661026001,68408
5.169002056121826,68408
5.169854164123535,68408
5.170707702636719,68408
5.171551465988159,68408
5.17240047454834,68408
5.173253536224365,68408
5.174121856689453,68408
5.174979209899902,68408
5.1758339405059814,68408
5.176684141159058,68408
5.177531003952026,68408
5.178382158279419,68408
5.179233551025391,68408
5.180085182189941,68408
5.180940389633179,68408
5.181793928146362,68408
5.182648658752441,68408
5.183490514755249,68408
5.184350967407227,68408
5.185203313827515,68408
5.186058759689331,68408
5.186912775039673,68408
5.187762260437012,68408
5.188613176345825,68408
5.189459800720215,68408
5.1903088092803955,68408
5.191161870956421,68408
5.192015886306763,68408
5.192870616912842,68408
5.193732261657715,68408
5.19458532333374,68408
5.195427417755127,68408
5.196279287338257,68408
5.197133541107178,68408
5.197985410690308,68408
5.198832988739014,68408
5.199683427810669,68408
5.200526475906372,68408
5.201380252838135,68408
5.202230930328369,68408
5.203084468841553,68408
5.203945875167847,68408
5.204797029495239,68408
5.205647230148315,68408
5.206493616104126,68408
5.2073447704315186,68408
5.20819878578186,68408
5.2090513706207275,68408
5.209904432296753,68408
5.210752487182617,68408
5.211604595184326,68408
5.212451219558716,68408
5.213305711746216,68408
5.214173316955566,68408
5.215026617050171,68408
5.215875148773193,68408
5.216724872589111,68408
5.2175726890563965,68408
5.218417644500732,68408
5.219272613525391,68408
5.220127820968628,68408
5.220982074737549,68408
5.2218358516693115,68408
5.222684860229492,68408
5.223528861999512,68408
5.2243876457214355,68408
5.225240707397461,68408
5.2260918617248535,68408
5.2269439697265625,68408
5.227797985076904,68408
5.228649139404297,68408
5.229495525360107,68408
5.230344533920288,68408
5.231203317642212,68408
5.232057809829712,68408
5.232909679412842,68408
5.233770370483398,68408
5.234625577926636,68408
5.235471248626709,68408
5.236322402954102,68408
5.237178325653076,68408
5.23803186416626,68408
5.238884210586548,68408
5.239738941192627,68408
5.240594148635864,68408
5.241441011428833,68408
5.242290735244751,68408
5.243139743804932,68408
5.244007587432861,68408
5.244858026504517,68408
5.2457098960876465,68408
5.246553659439087,68408
5.247409343719482,68408
5.248263835906982,68408
5.249118328094482,68408
5.249971866607666,68408
5.250823736190796,68408
5.251672983169556,68408
5.252516508102417,68408
5.25336766242981,68408
5.254232168197632,68408
5.25508451461792,68408
5.255937337875366,68408
5.2567877769470215,68408
5.257645130157471,68408
5.258490085601807,68408
5.259341478347778,68408
5.2601964473724365,68408
5.261050701141357,68408
5.261903524398804,68408
5.262755632400513,68408
5.263615131378174,68408
5.264463663101196,68408
5.265315294265747,68408
5.266172170639038,68408
5.2670252323150635,68408
5.26788067817688,68408
5.268733024597168,68408
5.269583225250244,68408
5.270428419113159,68408
5.271275281906128,68408
5.272127628326416,68408
5.27298378944397,68408
5.273839950561523,68408
5.274690389633179,68408
5.275537490844727,68408
5.276388645172119,68408
5.277244567871094,68408
5.27810263633728,68408
5.278955936431885,68408
5.2798097133636475,68408
5.280663251876831,68408
5.281508684158325,68408
5.282360792160034,68408
5.283215045928955,68408
5.28407621383667,68408
5.284933090209961,68408
5.285786151885986,68408
5.286640167236328,68408
5.287481784820557,68408
5.288335084915161,68408
5.289186239242554,68408
5.2900402545928955,68408
5.290891885757446,68408
5.2917444705963135,68408
5.29259181022644,68408
5.293440103530884,68408
5.2943079471588135,68408
5.2951648235321045,68408
5.296021223068237,68408
5.296874284744263,68408
5.29772424697876,68408
5.298574209213257,68408
5.2994208335876465,68408
5.300272464752197,68408
5.301126480102539,68408
5.301978826522827,68408
5.302833318710327,68408
5.303696870803833,68408
5.304542541503906,68408
5.305393934249878,68408
5.306245565414429,68408
5.307097434997559,68408
5.307950973510742,68408
5.308805227279663,68408
5.309657096862793,68408
5.310500621795654,68408
5.311353445053101,68408
5.312207221984863,68408
5.3130621910095215,68408
5.3139283657073975,68408
5.3147804737091064,68408
5.3156304359436035,68408
5.31647801399231,68408
5.317329168319702,68408
5.318181753158569,68408
5.319035768508911,68408
5.319887161254883,68408
5.320740461349487,68408
5.32159423828125,68408
5.322437047958374,68408
5.323290109634399,68408
5.324153423309326,68408
5.325008392333984,68408
5.325859785079956,68408
5.326714038848877,68408
5.3275651931762695,68408
5.328412771224976,68408
5.329265117645264,68408
5.33011794090271,68408
5.330970525741577,68408
5.331821918487549,68408
5.332671642303467,68408
5.333516836166382,68408
5.334381580352783,68408
5.335232734680176,68408
5.336085081100464,68408
5.33694052696228,68408
5.337791442871094,68408
5.33864426612854,68408
5.339489459991455,68408
5.340339660644531,68408
5.341194152832031,68408
5.342049837112427,68408
5.342906951904297,68408
5.343767166137695,68408
5.344623327255249,68408
5.345469951629639,68408
5.346323251724243,68408
5.3471739292144775,68408
5.3480236530303955,68408
5.34887433052063,68408
5.3497254848480225,68408
5.350575923919678,68408
5.351421356201172,68408
5.352275371551514,68408
5.353130102157593,68408
5.353994369506836,68408
5.354851484298706,68408
5.3557069301605225,68408
5.356553554534912,68408
5.357404470443726,68408
5.358260154724121,68408
5.359116077423096,68408
5.359972953796387,68408
5.360824108123779,68408
5.36167573928833,68408
5.362520217895508,68408
5.363368272781372,68408
5.364232301712036,68408
5.365085601806641,68408
5.3659398555755615,68408
5.366791009902954,68408
5.367645263671875,68408
5.368490695953369,68408
5.3693389892578125,68408
5.370194673538208,68408
5.371051073074341,68408
5.371901988983154,68408
5.3727545738220215,68408
5.373615264892578,68408
5.3744611740112305,68408
5.375316381454468,68408
5.376168966293335,68408
5.377018928527832,68408
5.377869606018066,68408
5.378720045089722,68408
5.379571437835693,68408
5.380417346954346,68408
5.3812737464904785,68408
5.382122755050659,68408
5.38297700881958,68408
5.383840322494507,68408
5.3846917152404785,68408
5.385537624359131,68408
5.386385917663574,68408
5.387240171432495,68408
5.388095378875732,68408
5.388948917388916,68408
5.3897998332977295,68408
5.390652418136597,68408
5.391497611999512,68408
5.392350196838379,68408
5.393205165863037,68408
5.394068241119385,68408
5.3949244022369385,68408
5.395776271820068,68408
5.396631956100464,68408
5.397475481033325,68408
5.398326635360718,68408
5.399179220199585,68408
5.4000303745269775,68408
5.400881767272949,68408
5.401735782623291,68408
5.402588129043579,68408
5.4034364223480225,68408
5.404300689697266,68408
5.405154228210449,68408
5.406006336212158,68408
5.406864166259766,68408
5.407717943191528,68408
5.408570051193237,68408
5.409416198730469,68408
5.410265207290649,68408
5.411116123199463,68408
5.411968469619751,68408
5.412817478179932,68408
5.413680076599121,68408
5.414524793624878,68408
5.415377140045166,68408
5.416231870651245,68408
5.41708779335022,68408
5.4179394245147705,68408
5.418792009353638,68408
5.419643878936768,68408
5.420484781265259,68408
5.421333074569702,68408
5.422186851501465,68408
5.423040866851807,68408
5.42390513420105,68408
5.42475700378418,68408
5.425610303878784,68408
5.42645525932312,68408
5.427304744720459,68408
5.428156614303589,68408
5.429007530212402,68408
5.429855108261108,68408
5.430706739425659,68408
5.431550025939941,68408
5.432401895523071,68408
5.433251857757568,68408
5.434118270874023,68408
5.434971570968628,68408
5.435823917388916,68408
5.436680793762207,68408
5.4375245571136475,68408
5.438371658325195,68408
5.439228296279907,68408
5.440080881118774,68408
5.440932512283325,68408
5.44178318977356,68408
5.442638635635376,68408
5.443482160568237,68408
5.444342613220215,68408
5.445193290710449,68408
5.446046829223633,68408
5.446897506713867,68408
5.447749376296997,68408
5.448597431182861,68408
5.449445486068726,68408
5.450295448303223,68408
5.4511494636535645,68408
5.45200252532959,68408
5.452856540679932,68408
5.453718185424805,68408
5.4545698165893555,68408
5.455413341522217,68408
5.456269025802612,68408
5.457123756408691,68408
5.457976818084717,68408
5.458825349807739,68408
5.459677457809448,68408
5.460522651672363,68408
5.4613728523254395,68408
5.46222448348999,68408
5.463080167770386,68408
5.4639482498168945,68408
5.4648027420043945,68408
5.465656280517578,68408
5.466500520706177,68408
5.467350482940674,68408
5.468204736709595,68408
5.4690563678741455,68408
5.469909906387329,68408
5.470762491226196,68408
5.471615552902222,68408
5.472462177276611,68408
5.473311901092529,68408
5.474174976348877,68408
5.475029230117798,68408
5.475881814956665,68408
5.476732969284058,68408
5.477584362030029,68408
5.478429317474365,68408
5.479279518127441,68408
5.480133056640625,68408
5.480986595153809,68408
5.481838703155518,68408
5.48268985748291,68408
5.483534574508667,68408
5.484398603439331,68408
5.485249757766724,68408
5.486101150512695,68408
5.4869561195373535,68408
5.487808465957642,68408
5.488661766052246,68408
5.489503383636475,68408
5.4903564453125,68408
5.4912097454071045,68408
5.492060899734497,68408
5.49291205406189,68408
5.493776559829712,68408
5.494629383087158,68408
5.495474815368652,68408
5.496324777603149,68408
5.497177600860596,68408
5.498028039932251,68408
5.498883962631226,68408
5.499736309051514,68408
5.500587224960327,68408
5.501430988311768,68408
5.50227952003479,68408
5.503137111663818,68408
5.504002094268799,68408
5.504851818084717,68408
5.505706548690796,68408
5.506548166275024,68408
5.507398843765259,68408
5.508251190185547,68408
5.509105443954468,68408
5.509958505630493,68408
5.5108373165130615,68408
5.511693239212036,68408
5.512537956237793,68408
5.513387441635132,68408
5.5142529010772705,68408
5.515104293823242,68408
5.515957355499268,68408
5.516807317733765,68408
5.5176591873168945,68408
5.518505573272705,68408
5.519356727600098,68408
5.520208120346069,68408
5.521060228347778,68408
5.521910667419434,68408
5.522763013839722,68408
5.52362322807312,68408
5.524472236633301,68408
5.525321960449219,68408
5.5261757373809814,68408
5.527027606964111,68408
5.527883052825928,68408
5.528737545013428,68408
5.529587507247925,68408
5.530431032180786,68408
5.531286001205444,68408
5.532139778137207,68408
5.532994508743286,68408
5.533854246139526,68408
5.53471040725708,68408
5.535555124282837,68408
5.5364089012146,68408
5.5372607707977295,68408
5.538116693496704,68408
5.538970470428467,68408
5.5398218631744385,68408
5.540672063827515,68408
5.5415167808532715,68408
5.542364835739136,68408
5.543215990066528,68408
5.54408073425293,68408
5.544935464859009,68408
5.545785665512085,68408
5.546635627746582,68408
5.5474817752838135,68408
5.5483362674713135,68408
5.54918909072876,68408
5.550041437149048,68408
5.550891637802124,68408
5.551743984222412,68408
5.552591562271118,68408
5.553482532501221,68408
5.554377794265747,68408
5.555234909057617,68408
5.5560901165008545,68408
5.556948184967041,68408
5.557801008224487,68408
5.558673620223999,68408
5.559522390365601,68408
5.5603718757629395,68408
5.561228513717651,68408
5.562082767486572,68408
5.562939405441284,68408
5.56380295753479,68408
5.564667463302612,68408
5.565518379211426,68408
5.566368341445923,68408
5.567224025726318,68408
5.568078517913818,68408
5.568934917449951,68408
5.569783926010132,68408
5.570636749267578,68408
5.571481943130493,68408
5.572335720062256,68408
5.573185443878174,68408
5.574049472808838,68408
5.574903726577759,68408
5.575754642486572,68408
5.576606035232544,68408
5.577452182769775,68408
5.578301429748535,68408
5.579156160354614,68408
5.580009460449219,68408
5.580864429473877,68408
5.58171534538269,68408
5.5825676918029785,68408
5.5834128856658936,68408
5.584274053573608,68408
5.585124731063843,68408
5.585981130599976,68408
5.5868308544158936,68408
5.587680339813232,68408
5.588525772094727,68408
5.589381456375122,68408
5.590233087539673,68408
5.591087579727173,68408
5.59193754196167,68408
5.5927886962890625,68408
5.593647480010986,68408
5.594491004943848,68408
5.595341682434082,68408
5.596197128295898,68408
5.597046613693237,68408
5.597897529602051,68408
5.5987465381622314,68408
5.599599599838257,68408
5.600444793701172,68408
5.601294279098511,68408
5.602142810821533,68408
5.602998971939087,68408
5.603860855102539,68408
5.60471248626709,68408
5.605563402175903,68408
5.606409072875977,68408
5.607261419296265,68408
5.608112573623657,68408
5.608964443206787,68408
5.609817743301392,68408
5.610670328140259,68408
5.6115193367004395,68408
5.612369775772095,68408
5.613224267959595,68408
5.6140875816345215,68408
5.614940643310547,68408
5.615790605545044,68408
5.6166465282440186,68408
5.617491960525513,68408
5.618345022201538,68408
5.61919903755188,68408
5.620065927505493,68408
5.6209166049957275,68408
5.6217663288116455,68408
5.622616767883301,68408
5.623462915420532,68408
5.624322414398193,68408
5.625176429748535,68408
5.626025199890137,68408
5.626879692077637,68408
5.627730369567871,68408
5.6285765171051025,68408
5.629422426223755,68408
5.630278825759888,68408
5.631136655807495,68408
5.6319944858551025,68408
5.632845163345337,68408
5.63370943069458,68408
5.634552717208862,68408
5.635403633117676,68408
5.636254072189331,68408
5.6371095180511475,68408
5.6379640102386475,68408
5.638816833496094,68408
5.639666557312012,68408
5.64051365852356,68408
5.641363859176636,68408
5.642215013504028,68408
5.643068552017212,68408
5.643932819366455,68408
5.6447858810424805,68408
5.6456403732299805,68408
5.646481990814209,68408
5.647335052490234,68408
5.648187637329102,68408
5.649041414260864,68408
5.649893283843994,68408
5.6507463455200195,68408
5.651593208312988,68408
5.652439594268799,68408
5.653290510177612,68408
5.654156684875488,68408
5.655013561248779,68408
5.655869245529175,68408
5.656719207763672,68408
5.657569408416748,68408
5.658413887023926,68408
5.659266948699951,68408
5.660115957260132,68408
5.660970449447632,68408
5.661822080612183,68408
5.662675619125366,68408
5.663520097732544,68408
5.66438102722168,68408
5.665234565734863,68408
5.666087627410889,68408
5.666939973831177,68408
5.6677937507629395,68408
5.668644905090332,68408
5.669489622116089,68408
5.670341968536377,68408
5.6711952686309814,68408
5.672045469284058,68408
5.67290186882019,68408
5.673759460449219,68408
5.674612283706665,68408
5.675458908081055,68408
5.676311016082764,68408
5.677161931991577,68408
5.67801570892334,68408
5.678865671157837,68408
5.679718732833862,68408
5.68056583404541,68408
5.6814165115356445,68408
5.682269334793091,68408
5.683120489120483,68408
5.683985710144043,68408
5.684839248657227,68408
5.685691833496094,68408
5.686538219451904,68408
5.6873931884765625,68408
5.688248157501221,68408
5.6891069412231445,68408
5.689958333969116,68408
5.690812349319458,68408
5.691659927368164,68408
5.692504167556763,68408
5.693356275558472,68408
5.694217920303345,68408
5.695072174072266,68408
5.6959240436553955,68408
5.696775436401367,68408
5.697620868682861,68408
5.6984639167785645,68408
5.699312448501587,68408
5.700163841247559,68408
5.701014518737793,68408
5.701868295669556,68408
5.702722787857056,68408
5.703580617904663,68408
5.704428434371948,68408
5.7052836418151855,68408
5.7061378955841064,68408
5.7069926261901855,68408
5.70784330368042,68408
5.708694219589233,68408
5.709537506103516,68408
5.710389852523804,68408
5.711238145828247,68408
5.71208930015564,68408
5.7129411697387695,68408
5.713799476623535,68408
5.714650630950928,68408
5.715496063232422,68408
5.716348886489868,68408
5.717204809188843,68408
5.718056678771973,68408
5.71890926361084,68408
5.719761371612549,68408
5.720612049102783,68408
5.721455812454224,68408
5.722306251525879,68408
5.723159313201904,68408
5.724028825759888,68408
5.724879264831543,68408
5.725733518600464,68408
5.726580381393433,68408
5.727424621582031,68408
5.728271961212158,68408
5.729125738143921,68408
5.729975938796997,68408
5.730832099914551,68408
5.731680870056152,68408
5.732526063919067,68408
5.73337459564209,68408
5.734237909317017,68408
5.7350897789001465,68408
5.735944747924805,68408
5.736795902252197,68408
5.7376508712768555,68408
5.738494396209717,68408
5.739348649978638,68408
5.740198850631714,68408
5.741054058074951,68408
5.741905450820923,68408
5.742758750915527,68408
5.7436230182647705,68408
5.7444703578948975,68408
5.745320558547974,68408
5.746175527572632,68408
5.7470293045043945,68408
5.747882843017578,68408
5.748732805252075,68408
5.749581575393677,68408
5.750428915023804,68408
5.751281261444092,68408
5.752134561538696,68408
5.752988815307617,68408
5.753847599029541,68408
5.754700422286987,68408
5.75554633140564,68408
5.756397485733032,68408
5.757247447967529,68408
5.7580976486206055,68408
5.758951425552368,68408
5.759803533554077,68408
5.760655879974365,68408
5.761504173278809,68408
5.762354135513306,68408
5.763206958770752,68408
5.764069557189941,68408
5.764921426773071,68408
5.765771865844727,68408
5.766629695892334,68408
5.767474889755249,68408
5.768327951431274,68408
5.769178152084351,68408
5.770033597946167,68408
5.770888090133667,68408
5.771738290786743,68408
5.772589206695557,68408
5.773437023162842,68408
5.774300813674927,68408
5.775155782699585,68408
5.776007652282715,68408
5.776859283447266,68408
5.777712345123291,68408
5.778563737869263,68408
5.779411315917969,68408
5.780262231826782,68408
5.7811102867126465,68408
5.781961441040039,68408
5.78281044960022,68408
5.783673524856567,68408
5.78451943397522,68408
5.785371541976929,68408
5.7862231731414795,68408
5.787079095840454,68408
5.787929058074951,68408
5.78878116607666,68408
5.789633750915527,68408
5.790480852127075,68408
5.791333198547363,68408
5.792187690734863,68408
5.79304051399231,68408
5.793906211853027,68408
5.794756174087524,68408
5.79560661315918,68408
5.796452045440674,68408
5.7973058223724365,68408
5.7981579303741455,68408
5.799013614654541,68408
5.79986572265625,68408
5.800719261169434,68408
5.80156397819519,68408
5.802413702011108,68408
5.8032660484313965,68408
5.8041298389434814,68408
5.804981231689453,68408
5.8058319091796875,68408
5.806684732437134,68408
5.807527303695679,68408
5.808375120162964,68408
5.809228420257568,68408
5.810078859329224,68408
5.81093168258667,68408
5.811782121658325,68408
5.812636375427246,68408
5.813479661941528,68408
5.814347743988037,68408
5.815199375152588,68408
5.816054344177246,68408
5.8169074058532715,68408
5.817760944366455,68408
5.81861424446106,68408
5.819460153579712,68408
5.82030987739563,68408
5.821164131164551,68408
5.8220155239105225,68408
5.822868824005127,68408
5.823727607727051,68408
5.824582099914551,68408
5.825429439544678,68408
5.82628321647644,68408
5.827134609222412,68408
5.827989339828491,68408
5.82883882522583,68408
5.829692363739014,68408
5.83053731918335,68408
5.831389665603638,68408
5.832241535186768,68408
5.833097696304321,68408
5.833963394165039,68408
5.834813594818115,68408
5.835662841796875,68408
5.8365089893341064,68408
5.837360620498657,68408
5.838216066360474,68408
5.839071273803711,68408
5.839925765991211,68408
5.840775728225708,68408
5.841626882553101,68408
5.842467784881592,68408
5.843315839767456,68408
5.844181060791016,68408
5.84503436088562,68408
5.845885753631592,68408
5.846741199493408,68408
5.847592115402222,68408
5.8484416007995605,68408
5.849288702011108,68408
5.850144863128662,68408
5.85099720954895,68408
5.8518476486206055,68408
5.852699279785156,68408
5.853545188903809,68408
5.854405164718628,68408
5.855259656906128,68408
5.856110572814941,68408
5.856963157653809,68408
5.857811450958252,68408
5.858666896820068,68408
5.859515428543091,68408
5.860369920730591,68408
5.861221075057983,68408
5.86207389831543,68408
5.862925052642822,68408
5.863787651062012,68408
5.864637851715088,68408
5.865481376647949,68408
5.8663365840911865,68408
5.867186546325684,68408
5.868039846420288,68408
5.868891000747681,68408
5.869746446609497,68408
5.87059211730957,68408
5.871433258056641,68408
5.872289180755615,68408
5.873143434524536,68408
5.874009609222412,68408
5.87486457824707,68408
5.875715494155884,68408
5.876563787460327,68408
5.877406358718872,68408
5.878260850906372,68408
5.879114151000977,68408
5.879969358444214,68408
5.880819082260132,68408
5.881674766540527,68408
5.8825178146362305,68408
5.883368492126465,68408
5.884231328964233,68408
5.885085344314575,68408
5.885941743850708,68408
5.8867926597595215,68408
5.887644529342651,68408
5.888489723205566,68408
5.8893420696258545,68408
5.890197038650513,68408
5.891049861907959,68408
5.891902208328247,68408
5.8927531242370605,68408
5.893619060516357,68408
5.89446234703064,68408
5.895315408706665,68408
5.896170377731323,68408
5.897024869918823,68408
5.897879600524902,68408
5.898728609085083,68408
5.899579286575317,68408
5.900423526763916,68408
5.9012768268585205,68408
5.902133226394653,68408
5.902983903884888,68408
5.903844833374023,68408
5.904696226119995,68408
5.9055397510528564,68408
5.906391143798828,68408
5.9072465896606445,68408
5.908100843429565,68408
5.908955335617065,68408
5.909806728363037,68408
5.910663604736328,68408
5.911507606506348,68408
5.912357568740845,68408
5.91321587562561,68408
5.914083242416382,68408
5.91493821144104,68408
5.91579270362854,68408
5.916649580001831,68408
5.917495965957642,68408
5.918345928192139,68408
5.91920018196106,68408
5.9200522899627686,68408
5.920905828475952,68408
5.921756267547607,68408
5.922612190246582,68408
5.923457622528076,68408
5.924323558807373,68408
5.92517614364624,68408
5.926028251647949,68408
5.926876783370972,68408
5.927731037139893,68408
5.928579330444336,68408
5.929426908493042,68408
5.930278062820435,68408
5.93113374710083,68408
5.931983470916748,68408
5.93283224105835,68408
5.933691501617432,68408
5.934540271759033,68408
5.9353928565979,68408
5.936243772506714,68408
5.937097072601318,68408
5.937952518463135,68408
5.938803434371948,68408
5.939651012420654,68408
5.940494775772095,68408
5.941346883773804,68408
5.9421961307525635,68408
5.943050384521484,68408
5.943912506103516,68408
5.944768667221069,68408
5.9456188678741455,68408
5.946464776992798,68408
5.947312116622925,68408
5.948168039321899,68408
5.949021816253662,68408
5.949875354766846,68408
5.950726270675659,68408
5.951579809188843,68408
5.952426910400391,68408
5.953280448913574,68408
5.95414400100708,68408
5.954997777938843,68408
5.955847263336182,68408
5.956698894500732,68408
5.957542657852173,68408
5.958393335342407,68408
5.959248304367065,68408
5.960104703903198,68408
5.96095609664917,68408
5.961810827255249,68408
5.96266508102417,68408
5.96351170539856,68408
5.96437406539917,68408
5.9652321338653564,68408
5.966084957122803,68408
5.966937780380249,68408
5.967787981033325,68408
5.9686408042907715,68408
5.969489336013794,68408
5.970339775085449,68408
5.971191883087158,68408
5.972047328948975,68408
5.972900152206421,68408
5.973761081695557,68408
5.974614381790161,68408
5.975462198257446,68408
5.976313829421997,68408
5.9771692752838135,68408
5.9780237674713135,68408
5.9788782596588135,68408
5.979727506637573,68408
5.9805779457092285,68408
5.9814229011535645,68408
5.982275724411011,68408
5.983126640319824,68408
5.983989477157593,68408
5.984834909439087,68408
5.985686779022217,68408
5.986529111862183,68408
5.987379550933838,68408
5.988230466842651,68408
5.98908805847168,68408
5.9899396896362305,68408
5.990792751312256,68408
5.991641998291016,68408
5.9924914836883545,68408
5.99333930015564,68408
5.994202613830566,68408
5.995058298110962,68408
5.995912075042725,68408
5.996761083602905,68408
5.997613191604614,68408
5.9984540939331055,68408
5.999305963516235,68408
6.000159025192261,68408
6.001013994216919,68408
6.001861572265625,68408
6.002715826034546,68408
6.003570556640625,68408
6.004424810409546,68408
6.005277872085571,68408
6.006134986877441,68408
6.006984710693359,68408
6.007834434509277,68408
6.008686542510986,68408
6.0095343589782715,68408
6.010387182235718,68408
6.011239767074585,68408
6.012093782424927,68408
6.012946844100952,68408
6.013802766799927,68408
6.014658451080322,68408
6.0155041217803955,68408
6.016355514526367,68408
6.017209529876709,68408
6.018065929412842,68408
6.018916845321655,68408
6.019767761230469,68408
6.02061653137207,68408
6.02146315574646,68408
6.022310495376587,68408
6.023166179656982,68408
6.02402925491333,68408
6.024886131286621,68408
6.025735855102539,68408
6.02658748626709,68408
6.0274341106414795,68408
6.028285264968872,68408
6.029139518737793,68408
6.029999017715454,68408
6.030850410461426,68408
6.031704664230347,68408
6.032549619674683,68408
6.033399343490601,68408
6.03426456451416,68408
6.035117149353027,68408
6.035969018936157,68408
6.036823511123657,68408
6.037671089172363,68408
6.038517713546753,68408
6.039367914199829,68408
6.040221691131592,68408
6.041076898574829,68408
6.04192852973938,68408
6.042780160903931,68408
6.043646574020386,68408
6.044492244720459,68408
6.04534649848938,68408
6.046197891235352,68408
6.047053813934326,68408
6.047905206680298,68408
6.0487565994262695,68408
6.049610376358032,68408
6.050455093383789,68408
6.051307678222656,68408
6.052160978317261,68408
6.053010702133179,68408
6.053873300552368,68408
6.054723501205444,68408
6.055571556091309,68408
6.056416749954224,68408
6.057267189025879,68408
6.058116674423218,68408
6.058967351913452,68408
6.059817790985107,68408
6.060672044754028,68408
6.061514139175415,68408
6.062365531921387,68408
6.063217639923096,68408
6.064084053039551,68408
6.064934253692627,68408
6.0657875537872314,68408
6.066637754440308,68408
6.067481994628906,68408
6.068328142166138,68408
6.069184064865112,68408
6.070035934448242,68408
6.070888042449951,68408
6.071740388870239,68408
6.0725929737091064,68408
6.073439598083496,68408
6.074300765991211,68408
6.075154542922974,68408
6.076008319854736,68408
6.07685923576355,68408
6.077709436416626,68408
6.078556299209595,68408
6.07940936088562,68408
6.080267429351807,68408
6.081120252609253,68408
6.08197283744812,68408
6.082822322845459,68408
6.083686113357544,68408
6.084532737731934,68408
6.085382461547852,68408
6.086233139038086,68408
6.087085008621216,68408
6.08793830871582,68408
6.088788986206055,68408
6.0896384716033936,68408
6.090485095977783,68408
6.091335296630859,68408
6.092188358306885,68408
6.093043804168701,68408
6.093908309936523,68408
6.09476113319397,68408
6.095614671707153,68408
6.096458911895752,68408
6.097309589385986,68408
6.098162412643433,68408
6.0990149974823,68408
6.099867820739746,68408
6.1007184982299805,68408
6.101567268371582,68408
6.10241174697876,68408
6.10326361656189,68408
6.104128122329712,68408
6.104980945587158,68408
6.105832576751709,68408
6.106683731079102,68408
6.1075239181518555,68408
6.108376979827881,68408
6.109229326248169,68408
6.1100828647613525,68408
6.1109397411346436,68408
6.111789703369141,68408
6.112642765045166,68408
6.113487005233765,68408
6.114349842071533,68408
6.115201711654663,68408
6.116057395935059,68408
6.116911172866821,68408
6.117762804031372,68408
6.118616819381714,68408
6.119464159011841,68408
6.120311737060547,68408
6.121166944503784,68408
6.122018098831177,68408
6.122872829437256,68408
6.123737096786499,68408
6.1245856285095215,68408
6.125430345535278,68408
6.126283884048462,68408
6.1271326541900635,68408
6.127984523773193,68408
6.128836393356323,68408
6.1296868324279785,68408
6.130529165267944,68408
6.131380319595337,68408
6.132232904434204,68408
6.133081912994385,68408
6.133948564529419,68408
6.134798526763916,68408
6.135650873184204,68408
6.136496305465698,68408
6.137349367141724,68408
6.138199806213379,68408
6.139056205749512,68408
6.139909029006958,68408
6.140760660171509,68408
6.141613483428955,68408
6.142461061477661,68408
6.1433141231536865,68408
6.144178628921509,68408
6.145031213760376,68408
6.1458823680877686,68408
6.1467368602752686,68408
6.14758563041687,68408
6.1484293937683105,68408
6.149284362792969,68408
6.150136947631836,68408
6.1509904861450195,68408
6.15184211730957,68408
6.152695417404175,68408
6.153537034988403,68408
6.154399156570435,68408
6.155254364013672,68408
6.156108140945435,68408
6.156962633132935,68408
6.157813549041748,68408
6.158666610717773,68408
6.1595139503479,68408
6.1603639125823975,68408
6.161219596862793,68408
6.162073612213135,68408
6.162923812866211,68408
6.163785934448242,68408
6.164641857147217,68408
6.165483236312866,68408
6.166332721710205,68408
6.167184114456177,68408
6.1680357456207275,68408
6.1688854694366455,68408
6.169737339019775,68408
6.1705896854400635,68408
6.171433687210083,68408
6.17228627204895,68408
6.173139333724976,68408
6.174003601074219,68408
6.174852132797241,68408
6.175703048706055,68408
6.176547050476074,68408
6.177398681640625,68408
6.1782495975494385,68408
6.179105997085571,68408
6.179961442947388,68408
6.18081259727478,68408
6.181665658950806,68408
6.182510137557983,68408
6.183362722396851,68408
6.1842241287231445,68408
6.185078859329224,68408
6.185928583145142,68408
6.186778783798218,68408
6.1876325607299805,68408
6.188474416732788,68408
6.189322471618652,68408
6.1901750564575195,68408
6.19102668762207,68408
6.191880702972412,68408
6.192734479904175,68408
6.1935906410217285,68408
6.194439172744751,68408
6.195291996002197,68408
6.196146011352539,68408
6.196997165679932,68408
6.1978466510772705,68408
6.198695421218872,68408
6.199540376663208,68408
6.200392007827759,68408
6.2012434005737305,68408
6.202096939086914,68408
6.202951669692993,68408
6.203811168670654,68408
6.20466160774231,68408
6.205508470535278,68408
6.206360578536987,68408
6.207213640213013,68408
6.208071947097778,68408
6.208929538726807,68408
6.20978045463562,68408
6.2106311321258545,68408
6.211474180221558,68408
6.212327718734741,68408
6.213180303573608,68408
6.214044094085693,68408
6.214899778366089,68408
6.215754508972168,68408
6.216599941253662,68408
6.217445135116577,68408
6.218292951583862,68408
6.219147443771362,68408
6.220000743865967,68408
6.220854759216309,68408
6.221703290939331,68408
6.222549915313721,68408
6.223406076431274,68408
6.224271059036255,68408
6.225125074386597,68408
6.225977897644043,68408
6.2268266677856445,68408
6.227680444717407,68408
6.228527784347534,68408
6.229376554489136,68408
6.23022985458374,68408
6.231083393096924,68408
6.231939077377319,68408
6.232792377471924,68408
6.2336509227752686,68408
6.234494209289551,68408
6.235344648361206,68408
6.236196279525757,68408
6.2370500564575195,68408
6.237903118133545,68408
6.238754749298096,68408
6.2396018505096436,68408
6.240448951721191,68408
6.24130392074585,68408
6.242157459259033,68408
6.243006944656372,68408
6.243866682052612,68408
6.244718551635742,68408
6.245572805404663,68408
6.246420860290527,68408
6.24727463722229,68408
6.24812650680542,68408
6.248980283737183,68408
6.249829292297363,68408
6.250683307647705,68408
6.2515270709991455,68408
6.252376079559326,68408
6.253228425979614,68408
6.254092693328857,68408
6.254942893981934,68408
6.25579047203064,68408
6.25664758682251,68408
6.257490158081055,68408
6.25834059715271,68408
6.259196758270264,68408
6.260052680969238,68408
6.260903835296631,68408
6.261754989624023,68408
6.262608766555786,68408
6.26345419883728,68408
6.2643115520477295,68408
6.2651612758636475,68408
6.266017436981201,68408
6.2668702602386475,68408
6.267719030380249,68408
6.268566608428955,68408
6.2694127559661865,68408
6.270266771316528,68408
6.271121025085449,68408
6.271975517272949,68408
6.272826194763184,68408
6.273685932159424,68408
6.274531364440918,68408
6.2753822803497314,68408
6.276237487792969,68408
6.2770912647247314,68408
6.277942180633545,68408
6.278794288635254,68408
6.279648303985596,68408
6.280494451522827,68408
6.281347751617432,68408
6.282200813293457,68408
6.283051013946533,68408
6.283913612365723,68408
6.284767150878906,68408
6.285619020462036,68408
6.286460876464844,68408
6.287315607070923,68408
6.288171052932739,68408
6.289025783538818,68408
6.289878845214844,68408
6.290728330612183,68408
6.291584014892578,68408
6.29242730140686,68408
6.293276786804199,68408
6.29414176940918,68408
6.294996976852417,68408
6.295849323272705,68408
6.296701908111572,68408
6.297549247741699,68408
6.298402786254883,68408
6.2992565631866455,68408
6.300110816955566,68408
6.30096435546875,68408
6.3018152713775635,68408
6.302664279937744,68408
6.3035056591033936,68408
6.304367542266846,68408
6.3052191734313965,68408
6.306072473526001,68408
6.306929588317871,68408
6.3077802658081055,68408
6.308635234832764,68408
6.309478759765625,68408
6.310329437255859,68408
6.311185836791992,68408
6.312040090560913,68408
6.312892913818359,68408
6.313755035400391,68408
6.314605236053467,68408
6.315452575683594,68408
6.316302537918091,68408
6.317157745361328,68408
6.318012714385986,68408
6.318863868713379,68408
6.319716453552246,68408
6.320563554763794,68408
6.321407794952393,68408
6.322261095046997,68408
6.323115825653076,68408
6.323982000350952,68408
6.3248350620269775,68408
6.325689315795898,68408
6.326532602310181,68408
6.327385187149048,68408
6.32823920249939,68408
6.329092264175415,68408
6.329946756362915,68408
6.330795526504517,68408
6.331650733947754,68408
6.332498788833618,68408
6.333347797393799,68408
6.3342108726501465,68408
6.335066795349121,68408
6.335922002792358,68408
6.336773157119751,68408
6.337628126144409,68408
6.338476896286011,68408
6.339329481124878,68408
6.3401854038238525,68408
6.341041326522827,68408
6.3418943881988525,68408
6.342747211456299,68408
6.34360408782959,68408
6.3444530963897705,68408
6.345304012298584,68408
6.346157789230347,68408
6.347010612487793,68408
6.347863674163818,68408
6.3487138748168945,68408
6.349565029144287,68408
6.3504111766815186,68408
6.3512656688690186,68408
6.3521199226379395,68408
6.352971315383911,68408
6.353833198547363,68408
6.354682683944702,68408
6.355528831481934,68408
6.356377124786377,68408
6.357228994369507,68408
6.358083248138428,68408
6.358938217163086,68408
6.359792709350586,68408
6.360645532608032,68408
6.361496210098267,68408
6.362348794937134,68408
6.363200426101685,68408
6.364062547683716,68408
6.364918231964111,68408
6.365771532058716,68408
6.366624593734741,68408
6.367471218109131,68408
6.3683226108551025,68408
6.369175434112549,68408
6.370026588439941,68408
6.370881795883179,68408
6.371733903884888,68408
6.37258505821228,68408
6.373430252075195,68408
6.374293565750122,68408
6.3751490116119385,68408
6.376001358032227,68408
6.376855134963989,68408
6.377707481384277,68408
6.378551244735718,68408
6.379401683807373,68408
6.3802549839019775,68408
6.381107568740845,68408
6.38196063041687,68408
6.3828136920928955,68408
6.383678436279297,68408
6.384523391723633,68408
6.385375022888184,68408
6.386228799819946,68408
6.387084722518921,68408
6.387939214706421,68408
6.388791084289551,68408
6.389647006988525,68408
6.390489816665649,68408
6.39133882522583,68408
6.392194509506226,68408
6.393046140670776,68408
6.393916130065918,68408
6.39476752281189,68408
6.395622730255127,68408
6.3964684009552,68408
6.397323131561279,68408
6.398177146911621,68408
6.399032115936279,68408
6.399885892868042,68408
6.400737285614014,68408
6.401585578918457,68408
6.402436017990112,68408
6.403289318084717,68408
6.404153823852539,68408
6.405008792877197,68408
6.405858516693115,68408
6.406709909439087,68408
6.407556533813477,68408
6.40841007232666,68408
6.409261226654053,68408
6.410116910934448,68408
6.4109697341918945,68408
6.411820650100708,68408
6.412673473358154,68408
6.4135212898254395,68408
6.414384841918945,68408
6.415240287780762,68408
6.416093111038208,68408
6.416944980621338,68408
6.417797565460205,68408
6.418647527694702,68408
6.4194886684417725,68408
6.420340061187744,68408
6.4211952686309814,68408
6.422050476074219,68408
6.422904014587402,68408
6.423766374588013,68408
6.424620866775513,68408
6.425463676452637,68408
6.426312685012817,68408
6.427166223526001,68408
6.428020477294922,68408
6.428872346878052,68408
6.429722785949707,68408
6.430570363998413,68408
6.431415796279907,68408
6.4322662353515625,68408
6.433119058609009,68408
6.433982849121094,68408
6.434837579727173,68408
6.435692548751831,68408
6.436541318893433,68408
6.437394857406616,68408
6.438249111175537,68408
6.439103126525879,68408
6.4399542808532715,68408
6.440807580947876,68408
6.441657543182373,68408
6.442504644393921,68408
6.443356513977051,68408
6.444222927093506,68408
6.4450788497924805,68408
6.445933103561401,68408
6.446783065795898,68408
6.447635889053345,68408
6.448477745056152,68408
6.44933009147644,68408
6.450183868408203,68408
6.451038837432861,68408
6.451893329620361,68408
6.452744245529175,68408
6.453608512878418,68408
6.454453706741333,68408
6.455305099487305,68408
6.456158638000488,68408
6.457012176513672,68408
6.457860946655273,68408
6.458711624145508,68408
6.4595561027526855,68408
6.460408449172974,68408
6.461255073547363,68408
6.462111234664917,68408
6.462963104248047,68408
6.463821172714233,68408
6.46467661857605,68408
6.465522527694702,68408
6.466373443603516,68408
6.467228174209595,68408
6.468080759048462,68408
6.468936443328857,68408
6.4697887897491455,68408
6.47063946723938,68408
6.471486330032349,68408
6.472337961196899,68408
6.473193645477295,68408
6.474057674407959,68408
6.474912166595459,68408
6.475765705108643,68408
6.47661828994751,68408
6.4774651527404785,68408
6.478321075439453,68408
6.47917628288269,68408
6.4800310134887695,68408
6.480884313583374,68408
6.481739521026611,68408
6.48259425163269,68408
6.483439922332764,68408
6.484297275543213,68408
6.485151290893555,68408
6.486006498336792,68408
6.486859560012817,68408
6.4877142906188965,68408
6.48856258392334,68408
6.48940896987915,68408
6.49026083946228,68408
6.491131782531738,68408
6.491984844207764,68408
6.49283504486084,68408
6.493696212768555,68408
6.494543552398682,68408
6.4953954219818115,68408
6.496263742446899,68408
6.497117757797241,68408
6.497971534729004,68408
6.4988250732421875,68408
6.499679327011108,68408
6.500523328781128,68408
6.501378536224365,68408
6.502232789993286,68408
6.503086805343628,68408
6.503951549530029,68408
6.504806041717529,68408
6.505659580230713,68408
6.506505489349365,68408
6.507359504699707,68408
6.508214712142944,68408
6.509069442749023,68408
6.509922027587891,68408
6.510772228240967,68408
6.511645555496216,68408
6.512491464614868,68408
6.51334285736084,68408
6.514208078384399,68408
6.515061616897583,68408
6.515914678573608,68408
6.5167670249938965,68408
6.517620086669922,68408
6.518467426300049,68408
6.519320487976074,68408
6.520174264907837,68408
6.521029472351074,68408
6.5218825340271,68408
6.5227344036102295,68408
6.523591995239258,68408
6.524441242218018,68408
6.525294065475464,68408
6.526149749755859,68408
6.52700662612915,68408
6.527858734130859,68408
6.528716325759888,68408
6.529564142227173,68408
6.530414581298828,68408
6.531267404556274,68408
6.532120227813721,68408
6.5329749584198,68408
6.533836841583252,68408
6.534691572189331,68408
6.535536289215088,68408
6.536387205123901,68408
6.537238359451294,68408
6.538090229034424,68408
6.538943290710449,68408
6.5397937297821045,68408
6.540647268295288,68408
6.541492462158203,68408
6.542344331741333,68408
6.5431969165802,68408
6.544066905975342,68408
6.544924020767212,68408
6.545774936676025,68408
6.546633958816528,68408
6.547481536865234,68408
6.548329830169678,68408
6.54918098449707,68408
6.550036191940308,68408
6.550889253616333,68408
6.5517401695251465,68408
6.552587270736694,68408
6.553428411483765,68408
6.554348945617676,68408
6.555245637893677,68408
6.556102275848389,68408
6.5569562911987305,68408
6.557809352874756,68408
6.5586628913879395,68408
6.5595033168792725,68408
6.560364484786987,68408
6.561223030090332,68408
6.562078475952148,68408
6.562927961349487,68408
6.563785791397095,68408
6.564638376235962,68408
6.565480709075928,68408
6.566343069076538,68408
6.5671937465667725,68408
6.568048000335693,68408
6.568918228149414,68408
6.569768905639648,68408
6.5706212520599365,68408
6.571467399597168,68408
6.572319269180298,68408
6.573169231414795,68408
6.574032545089722,68408
6.574884414672852,68408
6.575736999511719,68408
6.576586723327637,68408
6.5774314403533936,68408
6.578284025192261,68408
6.579139947891235,68408
6.579993963241577,68408
6.580846071243286,68408
6.581699371337891,68408
6.58254861831665,68408
6.583393573760986,68408
6.584258556365967,68408
6.585113286972046,68408
6.585968732833862,68408
6.586819648742676,68408
6.587670564651489,68408
6.5885210037231445,68408
6.589369058609009,68408
6.59022068977356,68408
6.591071367263794,68408
6.591922998428345,68408
6.5927746295928955,68408
6.5936360359191895,68408
6.594478607177734,68408
6.595327138900757,68408
6.596177339553833,68408
6.597028493881226,68408
6.597882032394409,68408
6.59873366355896,68408
6.5995848178863525,68408
6.600429058074951,68408
6.601276874542236,68408
6.602129220962524,68408
6.602982759475708,68408
6.603837490081787,68408
6.604687213897705,68408
6.605532169342041,68408
6.606384515762329,68408
6.60723614692688,68408
6.608089208602905,68408
6.608942031860352,68408
6.609794616699219,68408
6.610643625259399,68408
6.611487150192261,68408
6.612335920333862,68408
6.613187789916992,68408
6.614053249359131,68408
6.6149046421051025,68408
6.615756988525391,68408
6.616608381271362,68408
6.617449998855591,68408
6.618301630020142,68408
6.61915397644043,68408
6.6200172901153564,68408
6.6208672523498535,68408
6.621720552444458,68408
6.622570037841797,68408
6.623416185379028,68408
6.624282121658325,68408
6.625134468078613,68408
6.625983238220215,68408
6.626837253570557,68408
6.627684593200684,68408
6.628528833389282,68408
6.629380464553833,68408
6.630232334136963,68408
6.631086349487305,68408
6.631937503814697,68408
6.6327900886535645,68408
6.633652210235596,68408
6.634493827819824,68408
6.635341167449951,68408
6.636195421218872,68408
6.637048006057739,68408
6.637901544570923,68408
6.638749599456787,68408
6.639601469039917,68408
6.640445232391357,68408
6.641294240951538,68408
6.642145156860352,68408
6.643003225326538,68408
6.643860340118408,68408
6.644709825515747,68408
6.645557165145874,68408
6.646409273147583,68408
6.647273778915405,68408
6.6481311321258545,68408
6.648984432220459,68408
6.649834871292114,68408
6.650688409805298,68408
6.651530027389526,68408
6.652384519577026,68408
6.653249025344849,68408
6.6541173458099365,68408
6.6549742221832275,68408
6.6558263301849365,68408
6.656677722930908,68408
6.6575236320495605,68408
6.658373117446899,68408
6.65922737121582,68408
6.660079002380371,68408
6.660932779312134,68408
6.661780834197998,68408
6.662630319595337,68408
6.663476467132568,68408
6.664334297180176,68408
6.665185928344727,68408
6.6660425662994385,68408
6.666890859603882,68408
6.667743444442749,68408
6.668592691421509,68408
6.669439792633057,68408
6.670293092727661,68408
6.671146869659424,68408
6.672001361846924,68408
6.6728551387786865,68408
6.673715829849243,68408
6.6745665073394775,68408
6.675409555435181,68408
6.676258563995361,68408
6.677111864089966,68408
6.677963018417358,68408
6.678812265396118,68408
6.679662227630615,68408
6.680508375167847,68408
6.681356906890869,68408
6.682208299636841,68408
6.683061599731445,68408
6.683924674987793,68408
6.68477725982666,68408
6.685629367828369,68408
6.686473846435547,68408
6.687323093414307,68408
6.688173532485962,68408
6.689023494720459,68408
6.689874649047852,68408
6.690724849700928,68408
6.691574335098267,68408
6.692417860031128,68408
6.693271636962891,68408
6.6941375732421875,68408
6.694989442825317,68408
6.695835828781128,68408
6.696686506271362,68408
6.6975321769714355,68408
6.698383331298828,68408
6.699237585067749,68408
6.700089693069458,68408
6.700943470001221,68408
6.701793909072876,68408
6.702645540237427,68408
6.703488349914551,68408
6.704348087310791,68408
6.7051990032196045,68408
6.706050872802734,68408
6.70690131187439,68408
6.707749605178833,68408
6.708605527877808,68408
6.709449529647827,68408
6.710301160812378,68408
6.711153984069824,68408
6.712005376815796,68408
6.712855815887451,68408
6.7137157917022705,68408
6.714555740356445,68408
6.715404272079468,68408
6.716254472732544,68408
6.717103481292725,68408
6.717956304550171,68408
6.718809604644775,68408
6.719661712646484,68408
6.720501661300659,68408
6.721351861953735,68408
6.722203969955444,68408
6.723058223724365,68408
6.723919630050659,68408
6.724771499633789,68408
6.725621700286865,68408
6.726463317871094,68408
6.727315187454224,68408
6.728172302246094,68408
6.729027032852173,68408
6.729879379272461,68408
6.73073148727417,68408
6.731580495834351,68408
6.732425212860107,68408
6.733274936676025,68408
6.734137535095215,68408
6.7349889278411865,68408
6.735839128494263,68408
6.7366859912872314,68408
6.737527132034302,68408
6.7383763790130615,68408
6.739230632781982,68408
6.740081787109375,68408
6.740935564041138,68408
6.741788864135742,68408
6.742640972137451,68408
6.743484735488892,68408
6.7443437576293945,68408
6.745197772979736,68408
6.746049642562866,68408
6.746901750564575,68408
6.747755527496338,68408
6.748602628707886,68408
6.749446868896484,68408
6.750293493270874,68408
6.75114893913269,68408
6.752005338668823,68408
6.752856969833374,68408
6.753717422485352,68408
6.754571437835693,68408
6.755415439605713,68408
6.7562644481658936,68408
6.757115364074707,68408
6.757965564727783,68408
6.758813858032227,68408
6.759663820266724,68408
6.760507822036743,68408
6.761359214782715,68408
6.762212753295898,68408
6.763065576553345,68408
6.763928174972534,68408
6.764777183532715,68408
6.765629291534424,68408
6.7664735317230225,68408
6.767328977584839,68408
6.768182754516602,68408
6.769034385681152,68408
6.7698869705200195,68408
6.7707319259643555,68408
6.771578311920166,68408
6.772423028945923,68408
6.773277759552002,68408
6.774141788482666,68408
6.774996280670166,68408
6.775847434997559,68408
6.776698589324951,68408
6.777543306350708,68408
6.778390407562256,68408
6.77924108505249,68408
6.780091762542725,68408
6.7809436321258545,68408
6.781795263290405,68408
6.782650470733643,68408
6.7835001945495605,68408
6.784366607666016,68408
6.785218715667725,68408
6.786072492599487,68408
6.7869274616241455,68408
6.787777900695801,68408
6.788631439208984,68408
6.789472818374634,68408
6.790322542190552,68408
6.791173219680786,68408
6.792025327682495,68408
6.792874813079834,68408
6.793737173080444,68408
6.794591426849365,68408
6.7954347133636475,68408
6.796284198760986,68408
6.797141075134277,68408
6.797992944717407,68408
6.798840522766113,68408
6.7996907234191895,68408
6.800535678863525,68408
6.801386833190918,68408
6.802239418029785,68408
6.803091764450073,68408
6.803956985473633,68408
6.804806470870972,68408
6.805658340454102,68408
6.806503057479858,68408
6.807351589202881,68408
6.808201789855957,68408
6.8090550899505615,68408
6.809902667999268,68408
6.810758352279663,68408
6.811606168746948,68408
6.812453031539917,68408
6.813302755355835,68408
6.8141679763793945,68408
6.815021514892578,68408
6.815873146057129,68408
6.816723108291626,68408
6.817573308944702,68408
6.81842041015625,68408
6.819272756576538,68408
6.820125579833984,68408
6.820980548858643,68408
6.8218324184417725,68408
6.8226845264434814,68408
6.823528051376343,68408
6.824389219284058,68408
6.825242757797241,68408
6.82609486579895,68408
6.826944828033447,68408
6.827796220779419,68408
6.8286452293396,68408
6.82948899269104,68408
6.830337762832642,68408
6.831190824508667,68408
6.832041025161743,68408
6.832893133163452,68408
6.833757638931274,68408
6.834614276885986,68408
6.835456609725952,68408
6.8363072872161865,68408
6.8371617794036865,68408
6.838014841079712,68408
6.838865756988525,68408
6.8397135734558105,68408
6.840565204620361,68408
6.841409683227539,68408
6.842260122299194,68408
6.843112230300903,68408
6.843973875045776,68408
6.844828128814697,68408
6.8456785678863525,68408
6.846522331237793,68408
6.847374200820923,68408
6.848229646682739,68408
6.8490824699401855,68408
6.849935531616211,68408
6.850783348083496,68408
6.851636171340942,68408
6.852477788925171,68408
6.85332989692688,68408
6.854193925857544,68408
6.855045795440674,68408
6.85589599609375,68408
6.856749057769775,68408
6.857600450515747,68408
6.858443021774292,68408
6.8592894077301025,68408
6.860144853591919,68408
6.860998868942261,68408
6.861851215362549,68408
6.862703561782837,68408
6.863548040390015,68408
6.864405632019043,68408
6.865259647369385,68408
6.866111755371094,68408
6.8669657707214355,68408
6.867814779281616,68408
6.868666410446167,68408
6.869510889053345,68408
6.870362758636475,68408
6.871217489242554,68408
6.872076988220215,68408
6.872931480407715,68408
6.873789310455322,68408
6.874646186828613,68408
6.87549090385437,68408
6.876340627670288,68408
6.877192974090576,68408
6.878044128417969,68408
6.878898859024048,68408
6.879750490188599,68408
6.880597114562988,68408
6.881441593170166,68408
6.882289886474609,68408
6.883142709732056,68408
6.884010314941406,68408
6.884863376617432,68408
6.885714054107666,68408
6.886555194854736,68408
6.887402534484863,68408
6.888255596160889,68408
6.889109373092651,68408
6.8899595737457275,68408
6.890810012817383,68408
6.891658067703247,68408
6.892505407333374,68408
6.893356084823608,68408
6.894218921661377,68408
6.895074367523193,68408
6.895931959152222,68408
6.896783113479614,68408
6.897637128829956,68408
6.898482322692871,68408
6.899333238601685,68408
6.900187015533447,68408
6.901037931442261,68408
6.901888608932495,68408
6.902740240097046,68408
6.90359091758728,68408
6.904439687728882,68408
6.9052910804748535,68408
6.9061455726623535,68408
6.90700101852417,68408
6.907855272293091,68408
6.90871000289917,68408
6.909555435180664,68408
6.910407304763794,68408
6.9112632274627686,68408
6.912114381790161,68408
6.912969589233398,68408
6.913827657699585,68408
6.914680004119873,68408
6.915523529052734,68408
6.9163737297058105,68408
6.917224884033203,68408
6.918081283569336,68408
6.91893196105957,68408
6.919785737991333,68408
6.920639276504517,68408
6.921485900878906,68408
6.922337770462036,68408
6.923192739486694,68408
6.924059152603149,68408
6.924913644790649,68408
6.925762891769409,68408
6.926614999771118,68408
6.927452564239502,68408
6.928303003311157,68408
6.929157257080078,68408
6.930008411407471,68408
6.930861473083496,68408
6.9317169189453125,68408
6.93256688117981,68408
6.93341326713562,68408
6.934273958206177,68408
6.935124397277832,68408
6.935979127883911,68408
6.9368298053741455,68408
6.937684059143066,68408
6.93852686882019,68408
6.93937873840332,68408
6.94023060798645,68408
6.941082954406738,68408
6.9419333934783936,68408
6.942785024642944,68408
6.943649768829346,68408
6.944493532180786,68408
6.945345401763916,68408
6.946197509765625,68408
6.947046756744385,68408
6.947898626327515,68408
6.948749303817749,68408
6.949600458145142,68408
6.950446128845215,68408
6.9512975215911865,68408
6.952149868011475,68408
6.953003406524658,68408
6.9538633823394775,68408
6.954710960388184,68408
6.95555567741394,68408
6.956404685974121,68408
6.957258939743042,68408
6.958109140396118,68408
6.958960771560669,68408
6.959810256958008,68408
6.9606640338897705,68408
6.961504220962524,68408
6.9623541831970215,68408
6.963207721710205,68408
6.9640724658966064,68408
6.9649248123168945,68408
6.965774059295654,68408
6.966625452041626,68408
6.967470169067383,68408
6.968319892883301,68408
6.969171762466431,68408
6.97002649307251,68408
6.970881223678589,68408
6.9717323780059814,68408
6.972582817077637,68408
6.973426818847656,68408
6.974290370941162,68408
6.9751434326171875,68408
6.976005554199219,68408
6.9768593311309814,68408
6.977707862854004,68408
6.978552579879761,68408
6.979403734207153,68408
6.9802563190460205,68408
6.981125831604004,68408
6.981981515884399,68408
6.98283314704895,68408
6.983694076538086,68408
6.984539747238159,68408
6.985395669937134,68408
6.98624849319458,68408
6.987096309661865,68408
6.987950325012207,68408
6.988799571990967,68408
6.989650011062622,68408
6.9904961585998535,68408
6.99134635925293,68408
6.992200136184692,68408
6.993055582046509,68408
6.993928670883179,68408
6.9947803020477295,68408
6.99564266204834,68408
6.996489524841309,68408
6.997338533401489,68408
6.998190641403198,68408
6.999044179916382,68408
6.999898195266724,68408
7.0007500648498535,68408
7.001603364944458,68408
7.002445459365845,68408
7.003297328948975,68408
7.004160404205322,68408
7.00501275062561,68408
7.005864143371582,68408
7.006715297698975,68408
7.007563829421997,68408
7.0084068775177,68408
7.009259462356567,68408
7.010109901428223,68408
7.010961294174194,68408
7.011813163757324,68408
7.012663125991821,68408
7.0135064125061035,68408
7.014365911483765,68408
7.015222787857056,68408
7.016077041625977,68408
7.0169291496276855,68408
7.017782926559448,68408
7.018636226654053,68408
7.01947808265686,68408
7.020327568054199,68408
7.021177530288696,68408
7.022453308105469,68408
7.024009704589844,68408
7.025571584701538,68408
7.027137517929077,68408
7.028710842132568,68408
7.030269145965576,68408
7.031841039657593,68408
7.033400535583496,68408
7.034984827041626,68408
7.036541938781738,68408
7.038108825683594,68408
7.039681673049927,68408
7.041242599487305,68408
7.042811632156372,68408
7.044379472732544,68408
7.045948266983032,68408
7.0475077629089355,68408
7.049077987670898,68408
7.0506432056427,68408
7.052204847335815,68408
7.053783655166626,68408
7.055344820022583,68408
7.056917190551758,68408
7.0584800243377686,68408
7.060046672821045,68408
7.061617374420166,68408
7.063175678253174,68408
7.064755201339722,68408
7.066313028335571,68408
7.067887544631958,68408
7.06944727897644,68408
7.07101583480835,68408
7.0725791454315186,68408
7.074146747589111,68408
7.075714111328125,68408
7.0772705078125,68408
7.078845500946045,68408
7.08040452003479,68408
7.08197021484375,68408
7.083529710769653,68408
7.085105657577515,68408
7.086672782897949,68408
7.088230133056641,68408
7.089798927307129,68408
7.0913567543029785,68408
7.092929363250732,68408
7.094493627548218,68408
7.096060037612915,68408
7.097618103027344,68408
7.099183082580566,68408
7.100752592086792,68408
7.102315187454224,68408
7.103899002075195,68408
7.105461120605469,68408
7.107026815414429,68408
7.108590602874756,68408
7.110152006149292,68408
7.111716032028198,68408
7.113275766372681,68408
7.114852666854858,68408
7.116417169570923,68408
7.11798357963562,68408
7.119541168212891,68408
7.121107578277588,68408
7.122678995132446,68408
7.124250411987305,68408
7.125821352005005,68408
7.127377510070801,68408
7.128947973251343,68408
7.130510091781616,68408
7.132076263427734,68408
7.133650302886963,68408
7.13521146774292,68408
7.136780500411987,68408
7.138342618942261,68408
7.139912366867065,68408
7.141469955444336,68408
7.143030643463135,68408
7.144607067108154,68408
7.146172761917114,68408
7.147740602493286,68408
7.1493000984191895,68408
7.150869846343994,68408
7.1524341106414795,68408
7.154010534286499,68408
7.1555774211883545,68408
7.1571409702301025,68408
7.1587073802948,68408
7.1602702140808105,68408
7.16183614730835,68408
7.163395404815674,68408
7.164971828460693,68408
7.166534185409546,68408
7.168105363845825,68408
7.169674873352051,68408
7.171234369277954,68408
7.172801971435547,68408
7.17437219619751,68408
7.1759397983551025,68408
7.177504062652588,68408
7.17906928062439,68408
7.180638551712036,68408
7.182202577590942,68408
7.183782339096069,68408
7.185346603393555,68408
7.186915636062622,68408
7.18847918510437,68408
7.190046787261963,68408
7.19160795211792,68408
7.193169832229614,68408
7.194745779037476,68408
7.196308851242065,68408
7.197873115539551,68408
7.199434757232666,68408
7.201001167297363,68408
7.202564716339111,68408
7.204134225845337,68408
7.205705642700195,68408
7.20726466178894,68408
7.208837985992432,68408
7.210399866104126,68408
7.211965084075928,68408
7.213522911071777,68408
7.215098857879639,68408
7.216667890548706,68408
7.218228578567505,68408
7.219796895980835,68408
7.221354961395264,68408
7.222930669784546,68408
7.224496126174927,68408
7.226065635681152,68408
7.227635383605957,68408
7.229199409484863,68408
7.23076605796814,68408
7.232326030731201,68408
7.233904838562012,68408
7.235464572906494,68408
7.237030982971191,68408
7.238598823547363,68408
7.2401652336120605,68408
7.241727113723755,68408
7.243298530578613,68408
7.244878530502319,68408
7.246436595916748,68408
7.2480034828186035,68408
7.249568223953247,68408
7.251133441925049,68408
7.252699136734009,68408
7.254267454147339,68408
7.255843639373779,68408
7.257405757904053,68408
7.258970260620117,68408
7.260533094406128,68408
7.2621049880981445,68408
7.263681173324585,68408
7.265240907669067,68408
7.266808748245239,68408
7.268372535705566,68408
7.269937515258789,68408
7.271497011184692,68408
7.27306604385376,68408
7.274648904800415,68408
7.276208400726318,68408
7.277779817581177,68408
7.279341220855713,68408
7.280911684036255,68408
7.28246808052063,68408
7.284042119979858,68408
7.28560733795166,68408
7.287168979644775,68408
7.288738489151001,68408
7.290302276611328,68408
7.291871547698975,68408
7.293431282043457,68408
7.295008897781372,68408
7.296574831008911,68408
7.298135995864868,68408
7.2997047901153564,68408
7.301267147064209,68408
7.3028364181518555,68408
7.30440354347229,68408
7.30597186088562,68408
7.307535171508789,68408
7.309099197387695,68408
7.310675859451294,68408
7.312235355377197,68408
7.313812971115112,68408
7.315370321273804,68408
7.316940784454346,68408
7.318500757217407,68408
7.320066213607788,68408
7.321630954742432,68408
7.323194980621338,68408
7.3247764110565186,68408
7.326333999633789,68408
7.327905178070068,68408
7.329464435577393,68408
7.331029891967773,68408
7.332600116729736,68408
7.33416748046875,68408
7.335735559463501,68408
7.337296724319458,68408
7.338865041732788,68408
7.340423107147217,68408
7.341995716094971,68408
7.343552827835083,68408
7.345127582550049,68408
7.346697568893433,68408
7.348259449005127,68408
7.34982705116272,68408
7.351387977600098,68408
7.3529534339904785,68408
7.3545215129852295,68408
7.356088638305664,68408
7.357659101486206,68408
7.359221458435059,68408
7.360790014266968,68408
7.362352609634399,68408
7.363924264907837,68408
7.365486145019531,68408
7.367056846618652,68408
7.368620157241821,68408
7.3701841831207275,68408
7.37175178527832,68408
7.37331223487854,68408
7.374889135360718,68408
7.376443862915039,68408
7.37801456451416,68408
7.379579067230225,68408
7.381140470504761,68408
7.3827128410339355,68408
7.384287595748901,68408
7.385860204696655,68408
7.387421607971191,68408
7.388985872268677,68408
7.390548229217529,68408
7.392116546630859,68408
7.393696069717407,68408
7.395259380340576,68408
7.396828889846802,68408
7.398391246795654,68408
7.399954319000244,68408
7.401515960693359,68408
7.403079509735107,68408
7.404661417007446,68408
7.4062206745147705,68408
7.407794237136841,68408
7.409356117248535,68408
7.410921335220337,68408
7.412481784820557,68408
7.414055824279785,68408
7.415625333786011,68408
7.417187213897705,68408
7.418758392333984,68408
7.420318603515625,68408
7.421889781951904,68408
7.423450469970703,68408
7.4250266551971436,68408
7.426592588424683,68408
7.428154706954956,68408
7.429724931716919,68408
7.4312849044799805,68408
7.4328601360321045,68408
7.43442964553833,68408
7.43599796295166,68408
7.4375646114349365,68408
7.439129590988159,68408
7.440694332122803,68408
7.442255973815918,68408
7.443834066390991,68408
7.445395469665527,68408
7.446967124938965,68408
7.448528528213501,68408
7.450093030929565,68408
7.451662302017212,68408
7.4532225131988525,68408
7.454805374145508,68408
7.4563634395599365,68408
7.457927227020264,68408
7.459489107131958,68408
7.4610583782196045,68408
7.462617874145508,68408
7.464191436767578,68408
7.465762376785278,68408
7.4673240184783936,68408
7.4688966274261475,68408
7.470457315444946,68408
7.4720234870910645,68408
7.473594665527344,68408
7.4751574993133545,68408
7.476724863052368,68408
7.478284120559692,68408
7.4798502922058105,68408
7.481410026550293,68408
7.482975959777832,68408
7.4845499992370605,68408
7.486120700836182,68408
7.487685441970825,68408
7.489246368408203,68408
7.490814924240112,68408
7.492372035980225,68408
7.493949890136719,68408
7.4955127239227295,68408
7.497081518173218,68408
7.498646020889282,68408
7.50020956993103,68408
7.501778841018677,68408
7.503340482711792,68408
7.504919767379761,68408
7.506482362747192,68408
7.508050918579102,68408
7.509620189666748,68408
7.511183500289917,68408
7.512746334075928,68408
7.514313697814941,68408
7.515885829925537,68408
7.517441034317017,68408
7.519006967544556,68408
7.520569324493408,68408
7.522131443023682,68408
7.523709774017334,68408
7.525274276733398,68408
7.526842832565308,68408
7.528401851654053,68408
7.529965877532959,68408
7.5315258502960205,68408
7.533091068267822,68408
7.53466796875,68408
7.5362279415130615,68408
7.537798643112183,68408
7.539355278015137,68408
7.540927171707153,68408
7.54248571395874,68408
7.544065475463867,68408
7.545632839202881,68408
7.5471906661987305,68408
7.548758506774902,68408
7.5503199100494385,68408
7.55189061164856,68408
7.553450345993042,68408
7.555022239685059,68408
7.556593656539917,68408
7.558154821395874,68408
7.559725999832153,68408
7.561282396316528,68408
7.5628578662872314,68408
7.564427852630615,68408
7.565990209579468,68408
7.567556142807007,68408
7.5691235065460205,68408
7.570694446563721,68408
7.572254180908203,68408
7.5738348960876465,68408
7.57539439201355,68408
7.576962232589722,68408
7.57852029800415,68408
7.580087900161743,68408
7.58165431022644,68408
7.583218812942505,68408
7.584794998168945,68408
7.586357831954956,68408
7.587929725646973,68408
7.589485168457031,68408
7.591048240661621,68408
7.592616319656372,68408
7.594189405441284,68408
7.595763206481934,68408
7.597323417663574,68408
7.598897218704224,68408
7.6004555225372314,68408
7.602025270462036,68408
7.603598117828369,68408
7.605159521102905,68408
7.606727838516235,68408
7.6082892417907715,68408
7.609858751296997,68408
7.611422061920166,68408
7.612986326217651,68408
7.6145570278167725,68408
7.616120100021362,68408
7.617690563201904,68408
7.6192522048950195,68408
7.620825290679932,68408
7.622384309768677,68408
7.623960971832275,68408
7.625525712966919,68408
7.627090692520142,68408
7.628659963607788,68408
7.630221128463745,68408
7.631789922714233,68408
7.633354902267456,68408
7.634930372238159,68408
7.636490821838379,68408
7.638059377670288,68408
7.639626502990723,68408
7.641187906265259,68408
7.642759084701538,68408
7.644333124160767,68408
7.645900726318359,68408
7.647463321685791,68408
7.649029016494751,68408
7.650598526000977,68408
7.652155637741089,68408
7.653736114501953,68408
7.655298471450806,68408
7.656869649887085,68408
7.658427476882935,68408
7.659996271133423,68408
7.661554336547852,68408
7.663125991821289,68408
7.664706468582153,68408
7.666263103485107,68408
7.667837142944336,68408
7.669396638870239,68408
7.670963287353516,68408
7.672518253326416,68408
7.674099683761597,68408
7.6756696701049805,68408
7.677236080169678,68408
7.678811073303223,68408
7.68036961555481,68408
7.6819374561309814,68408
7.68349552154541,68408
7.685070276260376,68408
7.686639785766602,68408
7.6881983280181885,68408
7.6897711753845215,68408
7.691332578659058,68408
7.692906379699707,68408
7.694472551345825,68408
7.696042537689209,68408
7.697611570358276,68408
7.699170112609863,68408
7.700741529464722,68408
7.7023024559021,68408
7.703880786895752,68408
7.705440521240234,68408
7.707005023956299,68408
7.708571910858154,68408
7.71012806892395,68408
7.711698770523071,68408
7.713263511657715,68408
7.714840650558472,68408
7.716403961181641,68408
7.717970609664917,68408
7.719529867172241,68408
7.721097707748413,68408
7.722662448883057,68408
7.724234580993652,68408
7.725801467895508,68408
7.727355718612671,68408
7.728924036026001,68408
7.730484962463379,68408
7.732051849365234,68408
7.733628273010254,68408
7.735195636749268,68408
7.736762523651123,68408
7.73832106590271,68408
7.739892959594727,68408
7.7414515018463135,68408
7.743022203445435,68408
7.744598865509033,68408
7.7461607456207275,68408
7.747729301452637,68408
7.7492876052856445,68408
7.7508544921875,68408
7.752413272857666,68408
7.753989934921265,68408
7.755550384521484,68408
7.757119417190552,68408
7.758691072463989,68408
7.760246276855469,68408
7.76181697845459,68408
7.763379335403442,68408
7.764954090118408,68408
7.766514301300049,68408
7.768082618713379,68408
7.7696497440338135,68408
7.7712085247039795,68408
7.772777557373047,68408
7.774346828460693,68408
7.775916814804077,68408
7.777476787567139,68408
7.779050350189209,68408
7.78061580657959,68408
7.7821807861328125,68408
7.783759593963623,68408
7.785322427749634,68408
7.786891460418701,68408
7.788447141647339,68408
7.790016174316406,68408
7.791584253311157,68408
7.793149709701538,68408
7.794726848602295,68408
7.796287298202515,68408
7.797855615615845,68408
7.799411773681641,68408
7.800982713699341,68408
7.802539348602295,68408
7.8041157722473145,68408
7.805680990219116,68408
7.807247161865234,68408
7.808817148208618,68408
7.81037712097168,68408
7.811950922012329,68408
7.8135058879852295,68408
7.815078258514404,68408
7.8166468143463135,68408
7.818206310272217,68408
7.819777727127075,68408
7.8213372230529785,68408
7.822907447814941,68408
7.824473142623901,68408
7.8260414600372314,68408
7.82761287689209,68408
7.829174280166626,68408
7.830739498138428,68408
7.83229923248291,68408
7.833879470825195,68408
7.835439920425415,68408
7.837003946304321,68408
7.838567733764648,68408
7.840127944946289,68408
7.841696500778198,68408
7.843255996704102,68408
7.844833612442017,68408
7.846397399902344,68408
7.847964525222778,68408
7.8495190143585205,68408
7.851081371307373,68408
7.852653741836548,68408
7.85421895980835,68408
7.855788230895996,68408
7.857347011566162,68408
7.858917713165283,68408
7.860477685928345,68408
7.862044811248779,68408
7.863614320755005,68408
7.8651721477508545,68408
7.8667402267456055,68408
7.868297576904297,68408
7.869865417480469,68408
7.871426343917847,68408
7.872992515563965,68408
7.874565839767456,68408
7.876127481460571,68408
7.877700567245483,68408
7.879261493682861,68408
7.8808324337005615,68408
7.88239598274231,68408
7.8839709758758545,68408
7.885531663894653,68408
7.887096166610718,68408
7.888668775558472,68408
7.890229940414429,68408
7.891796112060547,68408
7.893350839614868,68408
7.894930839538574,68408
7.896491527557373,68408
7.898060083389282,68408
7.8996288776397705,68408
7.901186943054199,68408
7.902760028839111,68408
7.9043288230896,68408
7.905898571014404,68408
7.907462120056152,68408
7.909027576446533,68408
7.910592317581177,68408
7.912152528762817,68408
7.913734197616577,68408
7.915295839309692,68408
7.916867017745972,68408
7.918428659439087,68408
7.919995307922363,68408
7.921562671661377,68408
7.923122882843018,68408
7.924704551696777,68408
7.926263093948364,68408
7.927832365036011,68408
7.929399728775024,68408
7.930969476699829,68408
7.932530879974365,68408
7.934106349945068,68408
7.935673952102661,68408
7.937239170074463,68408
7.938804864883423,68408
7.940368175506592,68408
7.941936492919922,68408
7.943493366241455,68408
7.945070266723633,68408
7.946638345718384,68408
7.948197841644287,68408
7.94976806640625,68408
7.95132851600647,68408
7.952895879745483,68408
7.954467296600342,68408
7.956037759780884,68408
7.957601070404053,68408
7.9591593742370605,68408
7.960730791091919,68408
7.962293386459351,68408
7.963872671127319,68408
7.965430498123169,68408
7.966999769210815,68408
7.968563795089722,68408
7.970119953155518,68408
7.97168755531311,68408
7.973249435424805,68408
7.974829435348511,68408
7.9763898849487305,68408
7.97795557975769,68408
7.979514837265015,68408
7.981083869934082,68408
7.982651472091675,68408
7.984220743179321,68408
7.985787391662598,68408
7.987350940704346,68408
7.988922834396362,68408
7.990481376647949,68408
7.99204683303833,68408
7.9936203956604,68408
7.9951841831207275,68408
7.996756315231323,68408
7.998311996459961,68408
7.999883413314819,68408
8.001441717147827,68408
8.003005504608154,68408
8.00458025932312,68408
8.006140232086182,68408
8.007711172103882,68408
8.009267568588257,68408
8.010846138000488,68408
8.012408256530762,68408
8.01398229598999,68408
8.015542030334473,68408
8.017109632492065,68408
8.018678903579712,68408
8.02023959159851,68408
8.021809339523315,68408
8.023370027542114,68408
8.024946212768555,68408
8.026505708694458,68408
8.028069257736206,68408
8.029637575149536,68408
8.031199216842651,68408
8.032770872116089,68408
8.034335851669312,68408
8.035901308059692,68408
8.037465810775757,68408
8.03903079032898,68408
8.040596961975098,68408
8.042155981063843,68408
8.04373812675476,68408
8.045295476913452,68408
8.04686427116394,68408
8.048425197601318,68408
8.049992084503174,68408
8.051549196243286,68408
8.053116798400879,68408
8.05469799041748,68408
8.056256294250488,68408
8.057828426361084,68408
8.059389352798462,68408
8.060954809188843,68408
8.062513828277588,68408
8.064089059829712,68408
8.065655946731567,68408
8.067222356796265,68408
8.068791389465332,68408
8.070347309112549,68408
8.071917295455933,68408
8.07347846031189,68408
8.075049877166748,68408
8.076618909835815,68408
8.07818078994751,68408
8.079750299453735,68408
8.081310272216797,68408
8.082879781723022,68408
8.08444857597351,68408
8.086017370223999,68408
8.087581157684326,68408
8.0891432762146,68408
8.09071135520935,68408
8.092268705368042,68408
8.09385085105896,68408
8.095413208007812,68408
8.096977233886719,68408
8.098541736602783,68408
8.10010838508606,68408
8.101677894592285,68408
8.103237867355347,68408
8.10481572151184,68408
8.106377840042114,68408
8.107943296432495,68408
8.109501361846924,68408
8.111071825027466,68408
8.112640142440796,68408
8.114207029342651,68408
8.115776777267456,68408
8.117337465286255,68408
8.118907690048218,68408
8.120465278625488,68408
8.122036695480347,68408
8.123605966567993,68408
8.12516736984253,68408
8.126732349395752,68408
8.128296852111816,68408
8.1298668384552,68408
8.131426811218262,68408
8.132991552352905,68408
8.1345694065094,68408
8.136129379272461,68408
8.13769817352295,68408
8.139257907867432,68408
8.140822410583496,68408
8.142384052276611,68408
8.143963098526001,68408
8.14552116394043,68408
8.147092342376709,68408
8.148664712905884,68408
8.150223016738892,68408
8.151794672012329,68408
8.153355360031128,68408
8.15493893623352,68408
8.15649700164795,68408
8.158061027526855,68408
8.159627437591553,68408
8.161189079284668,68408
8.162757873535156,68408
8.164318561553955,68408
8.165883302688599,68408
8.167444229125977,68408
8.169007301330566,68408
8.17057204246521,68408
8.172132968902588,68408
8.173714399337769,68408
8.175273418426514,68408
8.176849365234375,68408
8.178407430648804,68408
8.179977416992188,68408
8.181539058685303,68408
8.183101415634155,68408
8.184674978256226,68408
8.186234712600708,68408
8.187802791595459,68408
8.189360857009888,68408
8.190932750701904,68408
8.192496061325073,68408
8.19406771659851,68408
8.195640325546265,68408
8.197203636169434,68408
8.198773384094238,68408
8.200334548950195,68408
8.201905727386475,68408
8.203463315963745,68408
8.205039501190186,68408
8.206607580184937,68408
8.208172798156738,68408
8.20973825454712,68408
8.211298704147339,68408
8.212870359420776,68408
8.21444296836853,68408
8.216010808944702,68408
8.217576742172241,68408
8.219136238098145,68408
8.220709323883057,68408
8.222273111343384,68408
8.223850965499878,68408
8.225412607192993,68408
8.226979970932007,68408
8.228538990020752,68408
8.230104684829712,68408
8.23167109489441,68408
8.23323130607605,68408
8.234814405441284,68408
8.236366033554077,68408
8.237932443618774,68408
8.239493131637573,68408
8.241062641143799,68408
8.242629289627075,68408
8.24419355392456,68408
8.245764255523682,68408
8.247328758239746,68408
8.248893022537231,68408
8.250451803207397,68408
8.252018690109253,68408
8.253588914871216,68408
8.25515365600586,68408
8.25671935081482,68408
8.258281230926514,68408
8.259845972061157,68408
8.261404991149902,68408
8.262974262237549,68408
8.264543533325195,68408
8.266109228134155,68408
8.267676591873169,68408
8.269233703613281,68408
8.27080225944519,68408
8.272366523742676,68408
8.273942708969116,68408
8.275504112243652,68408
8.27707314491272,68408
8.278640508651733,68408
8.280197381973267,68408
8.281761884689331,68408
8.283325672149658,68408
8.284905910491943,68408
8.286465883255005,68408
8.288038730621338,68408
8.289604902267456,68408
8.291165590286255,68408
8.292735815048218,68408
8.294306516647339,68408
8.295878887176514,68408
8.297438859939575,68408
8.298998355865479,68408
8.30056643486023,68408
8.302128791809082,68408
8.303710222244263,68408
8.305269718170166,68408
8.306837797164917,68408
8.308397769927979,68408
8.30996322631836,68408
8.311523914337158,68408
8.313089847564697,68408
8.31467080116272,68408
8.31622838973999,68408
8.317797183990479,68408
8.319359540939331,68408
8.320928573608398,68408
8.322487592697144,68408
8.324068546295166,68408
8.32563328742981,68408
8.327197313308716,68408
8.328768968582153,68408
8.330332517623901,68408
8.331902503967285,68408
8.333459377288818,68408
8.335038661956787,68408
8.336606979370117,68408
8.338168382644653,68408
8.3397376537323,68408
8.341297626495361,68408
8.342870950698853,68408
8.344441413879395,68408
8.346010684967041,68408
8.347577810287476,68408
8.349136590957642,68408
8.350706338882446,68408
8.352264642715454,68408
8.353842735290527,68408
8.355400323867798,68408
8.35697054862976,68408
8.358532667160034,68408
8.360097169876099,68408
8.361669301986694,68408
8.363229990005493,68408
8.364806413650513,68408
8.366370677947998,68408
8.367938041687012,68408
8.369494915008545,68408
8.37105941772461,68408
8.372629165649414,68408
8.37419605255127,68408
8.375767230987549,68408
8.377328634262085,68408
8.378893375396729,68408
8.380457639694214,68408
8.382025957107544,68408
8.383596420288086,68408
8.385158061981201,68408
8.386725187301636,68408
8.38828706741333,68408
8.389857530593872,68408
8.391416311264038,68408
8.392979860305786,68408
8.394545793533325,68408
8.396108388900757,68408
8.397685766220093,68408
8.3992440700531,68408
8.400814056396484,68408
8.402376890182495,68408
8.403953075408936,68408
8.405514478683472,68408
8.407082557678223,68408
8.408648014068604,68408
8.410209894180298,68408
8.411782264709473,68408
8.41334342956543,68408
8.41492486000061,68408
8.416483879089355,68408
8.418051481246948,68408
8.41961932182312,68408
8.421181678771973,68408
8.422754287719727,68408
8.424322366714478,68408
8.425891637802124,68408
8.427453517913818,68408
8.429018497467041,68408
8.43058967590332,68408
8.432149887084961,68408
8.433727979660034,68408
8.435283899307251,68408
8.43685007095337,68408
8.438414812088013,68408
8.43997836112976,68408
8.441534757614136,68408
8.443100214004517,68408
8.444679975509644,68408
8.446240901947021,68408
8.44781231880188,68408
8.449369430541992,68408
8.450936794281006,68408
8.452495813369751,68408
8.454071283340454,68408
8.455638885498047,68408
8.457200288772583,68408
8.458773851394653,68408
8.460334539413452,68408
8.46190071105957,68408
8.463463306427002,68408
8.465038537979126,68408
8.466598510742188,68408
8.46816349029541,68408
8.469726800918579,68408
8.471288681030273,68408
8.472864627838135,68408
8.474424362182617,68408
8.475993156433105,68408
8.47755479812622,68408
8.479123830795288,68408
8.480694055557251,68408
8.482252836227417,68408
8.483835458755493,68408
8.485398530960083,68408
8.486963272094727,68408
8.48852014541626,68408
8.490088701248169,68408
8.49166464805603,68408
8.493225812911987,68408
8.49480128288269,68408
8.496362209320068,68408
8.497939348220825,68408
8.499488830566406,68408
8.501059293746948,68408
8.5026273727417,68408
8.504200458526611,68408
8.505768299102783,68408
8.507329940795898,68408
8.50889539718628,68408
8.510457038879395,68408
8.512017488479614,68408
8.513592720031738,68408
8.515159368515015,68408
8.516725301742554,68408
8.51828932762146,68408
8.519858360290527,68408
8.521421670913696,68408
8.522995948791504,68408
8.524569749832153,68408
8.52613115310669,68408
8.527698040008545,68408
8.529258251190186,68408
8.53083324432373,68408
8.532390117645264,68408
8.533968448638916,68408
8.535526514053345,68408
8.537094831466675,68408
8.538663625717163,68408
8.540225744247437,68408
8.54179573059082,68408
8.54335641860962,68408
8.54494047164917,68408
8.546495914459229,68408
8.548054218292236,68408
8.549620389938354,68408
8.551186561584473,68408
8.552759408950806,68408
8.55432939529419,68408
8.55590033531189,68408
8.557461977005005,68408
8.559033393859863,68408
8.560596227645874,68408
8.562159299850464,68408
8.563738346099854,68408
8.56529426574707,68408
8.566866159439087,68408
8.568424701690674,68408
8.569994926452637,68408
8.571553230285645,68408
8.573120832443237,68408
8.574700355529785,68408
8.5762619972229,68408
8.577831506729126,68408
8.579391479492188,68408
8.580957412719727,68408
8.582513570785522,68408
8.584086418151855,68408
8.585652589797974,68408
8.587214946746826,68408
8.588779926300049,68408
8.590335369110107,68408
8.591907739639282,68408
8.593459129333496,68408
8.595035314559937,68408
8.596604108810425,68408
8.598166465759277,68408
8.59973406791687,68408
8.601294994354248,68408
8.602867841720581,68408
8.604437112808228,68408
8.606001138687134,68408
8.607567548751831,68408
8.609132289886475,68408
8.610701322555542,68408
8.61225962638855,68408
8.613837718963623,68408
8.615395307540894,68408
8.616961479187012,68408
8.61851716041565,68408
8.620093822479248,68408
8.621658563613892,68408
8.623222351074219,68408
8.624799966812134,68408
8.626359462738037,68408
8.627929449081421,68408
8.62949514389038,68408
8.631061553955078,68408
8.632630109786987,68408
8.634198427200317,68408
8.63576889038086,68408
8.637332201004028,68408
8.638901710510254,68408
8.64046335220337,68408
8.642027139663696,68408
8.643599510192871,68408
8.645166158676147,68408
8.646745204925537,68408
8.64830994606018,68408
8.64987826347351,68408
8.651435375213623,68408
8.653000593185425,68408
8.654578447341919,68408
8.656137466430664,68408
8.657703876495361,68408
8.659263849258423,68408
8.660836219787598,68408
8.662395238876343,68408
8.663971424102783,68408
8.665569067001343,68408
8.66714596748352,68408
8.66872262954712,68408
8.670295476913452,68408
8.67186450958252,68408
8.673434019088745,68408
8.675017833709717,68408
8.676588773727417,68408
8.678160429000854,68408
8.67974042892456,68408
8.681307792663574,68408
8.682883977890015,68408
8.684458255767822,68408
8.686038970947266,68408
8.687611103057861,68408
8.689173936843872,68408
8.690751791000366,68408
8.6923189163208,68408
8.693905591964722,68408
8.695473909378052,68408
8.697049617767334,68408
8.698618173599243,68408
8.700186252593994,68408
8.701766014099121,68408
8.703332901000977,68408
8.704922437667847,68408
8.706487894058228,68408
8.708060264587402,68408
8.709635019302368,68408
8.711201667785645,68408
8.712775468826294,68408
8.714356422424316,68408
8.715929508209229,68408
8.71749472618103,68408
8.719070196151733,68408
8.720648050308228,68408
8.722208738327026,68408
8.723798513412476,68408
8.725358963012695,68408
8.726938247680664,68408
8.72850775718689,68408
8.730082273483276,68408
8.731656074523926,68408
8.733222723007202,68408
8.734808206558228,68408
8.736375093460083,68408
8.737952947616577,68408
8.739519834518433,68408
8.741094827651978,68408
8.742678165435791,68408
8.744240760803223,68408
8.745819807052612,68408
8.747393369674683,68408
8.748970746994019,68408
8.750534296035767,68408
8.752110242843628,68408
8.753694534301758,68408
8.755263328552246,68408
8.75683879852295,68408
8.758402347564697,68408
8.759979248046875,68408
8.76154112815857,68408
8.763113021850586,68408
8.764700651168823,68408
8.766266345977783,68408
8.76784610748291,68408
8.769412755966187,68408
8.77098536491394,68408
8.772555112838745,68408
8.774139642715454,68408
8.775717973709106,68408
8.777288436889648,68408
8.778865098953247,68408
8.780429124832153,68408
8.78200387954712,68408
8.78358769416809,68408
8.785155773162842,68408
8.786731243133545,68408
8.788302421569824,68408
8.789872884750366,68408
8.791438341140747,68408
8.793010234832764,68408
8.794596433639526,68408
8.796162366867065,68408
8.797738552093506,68408
8.799304246902466,68408
8.800879001617432,68408
8.802443981170654,68408
8.804031133651733,68408
8.80560564994812,68408
8.807173728942871,68408
8.80875039100647,68408
8.810317516326904,68408
8.811892032623291,68408
8.813462018966675,68408
8.815046787261963,68408
8.816621541976929,68408
8.818194389343262,68408
8.819764375686646,68408
8.821330785751343,68408
8.822908163070679,68408
8.824486494064331,68408
8.826055526733398,68408
8.827626705169678,68408
8.829198598861694,68408
8.830779075622559,68408
8.832348823547363,68408
8.833937644958496,68408
8.835504293441772,68408
8.837080001831055,68408
8.83865237236023,68408
8.840216636657715,68408
8.841797113418579,68408
8.843361854553223,68408
8.844951152801514,68408
8.846506834030151,68408
8.848083257675171,68408
8.849655151367188,68408
8.851223468780518,68408
8.852798223495483,68408
8.854372024536133,68408
8.855955123901367,68408
8.85752010345459,68408
8.859089374542236,68408
8.860662937164307,68408
8.862231731414795,68408
8.863817930221558,68408
8.865389585494995,68408
8.866963386535645,68408
8.868531942367554,68408
8.870105028152466,68408
8.871679782867432,68408
8.873252868652344,68408
8.874835014343262,68408
8.876402854919434,68408
8.877978801727295,68408
8.879546165466309,68408
8.881120681762695,68408
8.882701873779297,68408
8.884274244308472,68408
8.885851860046387,68408
8.887418508529663,68408
8.888991355895996,68408
8.890565633773804,68408
8.892131567001343,68408
8.893715143203735,68408
8.895287036895752,68408
8.896863222122192,68408
8.898428678512573,68408
8.900003433227539,68408
8.901575565338135,68408
8.903146028518677,68408
8.9047269821167,68408
8.906291007995605,68408
8.90786623954773,68408
8.909428358078003,68408
8.911004066467285,68408
8.912577152252197,68408
8.914149522781372,68408
8.91572880744934,68408
8.91729187965393,68408
8.918868064880371,68408
8.92043662071228,68408
8.922005891799927,68408
8.923584938049316,68408
8.925154685974121,68408
8.926733493804932,68408
8.928302526473999,68408
8.929876327514648,68408
8.93143916130066,68408
8.933008432388306,68408
8.934598207473755,68408
8.936161756515503,68408
8.93773889541626,68408
8.939302921295166,68408
8.94087815284729,68408
8.942443132400513,68408
8.944032430648804,68408
8.94560432434082,68408
8.94717001914978,68408
8.94874906539917,68408
8.950315713882446,68408
8.951894283294678,68408
8.953466176986694,68408
8.955044507980347,68408
8.956620454788208,68408
8.958187580108643,68408
8.959755659103394,68408
8.961319923400879,68408
8.962899446487427,68408
8.964473009109497,68408
8.966049909591675,68408
8.967622995376587,68408
8.969196796417236,68408
8.970771312713623,68408
8.972337007522583,68408
8.97392749786377,68408
8.975494623184204,68408
8.977068424224854,68408
8.978644609451294,68408
8.98021125793457,68408
8.981783866882324,68408
8.98335313796997,68408
8.984936714172363,68408
8.986507654190063,68408
8.988081455230713,68408
8.98965859413147,68408
8.99122166633606,68408
8.992793798446655,68408
8.994370698928833,68408
8.995946645736694,68408
8.997512102127075,68408
8.999091625213623,68408
9.000661373138428,68408
9.002229928970337,68408
9.00381588935852,68408
9.00538444519043,68408
9.00696063041687,68408
9.008524894714355,68408
9.010103702545166,68408
9.01167368888855,68408
9.01324200630188,68408
9.014825344085693,68408
9.016389608383179,68408
9.017961978912354,68408
9.019529104232788,68408
9.021105289459229,68408
9.022681474685669,68408
9.024255275726318,68408
9.025830745697021,68408
9.027395486831665,68408
9.02896761894226,68408
9.030532360076904,68408
9.032100915908813,68408
9.033687353134155,68408
9.035250663757324,68408
9.036826610565186,68408
9.038398265838623,68408
9.039973497390747,68408
9.041544198989868,68408
9.043121576309204,68408
9.044697523117065,68408
9.046268939971924,68408
9.047843933105469,68408
9.04941463470459,68408
9.050987243652344,68408
9.052556037902832,68408
9.054137229919434,68408
9.055715322494507,68408
9.057287216186523,68408
9.058863162994385,68408
9.060421705245972,68408
9.061999559402466,68408
9.063576698303223,68408
9.065145015716553,68408
9.066722631454468,68408
9.068288326263428,68408
9.06986665725708,68408
9.071433782577515,68408
9.073004722595215,68408
9.074585676193237,68408
9.076151609420776,68408
9.077724933624268,68408
9.079291582107544,68408
9.080866813659668,68408
9.082431316375732,68408
9.084016799926758,68408
9.085590362548828,68408
9.087158918380737,68408
9.08873724937439,68408
9.090309381484985,68408
9.091887950897217,68408
9.093453884124756,68408
9.095032930374146,68408
9.096604347229004,68408
9.098168134689331,68408
9.099747896194458,68408
9.101314544677734,68408
9.102888345718384,68408
9.104467868804932,68408
9.10603928565979,68408
9.107612609863281,68408
9.109177350997925,68408
9.110756158828735,68408
9.112322092056274,68408
9.113906621932983,68408
9.115478515625,68408
9.117050170898438,68408
9.118623495101929,68408
9.120194435119629,68408
9.121772766113281,68408
9.123335361480713,68408
9.124921560287476,68408
9.126487016677856,68408
9.128057718276978,68408
9.129634857177734,68408
9.13120174407959,68408
9.132776498794556,68408
9.134350776672363,68408
9.1359281539917,68408
9.137497425079346,68408
9.139073610305786,68408
9.140647649765015,68408
9.142214059829712,68408
9.143803358078003,68408
9.145372152328491,68408
9.146939516067505,68408
9.148508548736572,68408
9.150081872940063,68408
9.15165376663208,68408
9.153222799301147,68408
9.154817581176758,68408
9.156380414962769,68408
9.157954931259155,68408
9.159518480300903,68408
9.16109013557434,68408
9.1626615524292,68408
9.164237976074219,68408
9.16581106185913,68408
9.16737961769104,68408
9.168956518173218,68408
9.170513391494751,68408
9.17209005355835,68408
9.17367172241211,68408
9.175236225128174,68408
9.176814556121826,68408
9.178375720977783,68408
9.179957389831543,68408
9.181525230407715,68408
9.183098077774048,68408
9.184684038162231,68408
9.1862473487854,68408
9.187824249267578,68408
9.189393281936646,68408
9.190967798233032,68408
9.192535638809204,68408
9.19411587715149,68408
9.195693254470825,68408
9.197261095046997,68408
9.198838949203491,68408
9.200406312942505,68408
9.20198106765747,68408
9.203544616699219,68408
9.205129623413086,68408
9.206701278686523,68408
9.2082679271698,68408
9.209844827651978,68408
9.211410760879517,68408
9.212984323501587,68408
9.214552402496338,68408
9.216127395629883,68408
9.21770167350769,68408
9.219268560409546,68408
9.22084379196167,68408
9.22240948677063,68408
9.223994731903076,68408
9.225555896759033,68408
9.227134704589844,68408
9.228710651397705,68408
9.230281114578247,68408
9.231856346130371,68408
9.23342490196228,68408
9.235007286071777,68408
9.236583471298218,68408
9.238148212432861,68408
9.239727973937988,68408
9.24129343032837,68408
9.242754697799683,68408
9.24362850189209,68408
9.244477272033691,68408
9.245331764221191,68408
9.246185541152954,68408
9.247037410736084,68408
9.247889280319214,68408
9.24873948097229,68408
9.249587535858154,68408
9.250432968139648,68408
9.251286506652832,68408
9.25214147567749,68408
9.252993106842041,68408
9.25385332107544,68408
9.25470757484436,68408
9.255548238754272,68408
9.256398677825928,68408
9.257249593734741,68408
9.258103847503662,68408
9.258955955505371,68408
9.259804010391235,68408
9.260659217834473,68408
9.26150894165039,68408
9.262359380722046,68408
9.263216018676758,68408
9.26408052444458,68408
9.264931201934814,68408
9.265783548355103,68408
9.266637325286865,68408
9.267479181289673,68408
9.268325090408325,68408
9.269173383712769,68408
9.270025968551636,68408
9.270877838134766,68408
9.271727323532104,68408
9.272578716278076,68408
9.273427963256836,68408
9.274293184280396,68408
9.27514910697937,68408
9.2760009765625,68408
9.276850938796997,68408
9.27769923210144,68408
9.278543949127197,68408
9.279399871826172,68408
9.28025221824646,68408
9.281107425689697,68408
9.281959772109985,68408
9.282810688018799,68408
9.283671855926514,68408
9.28451657295227,68408
9.285367250442505,68408
9.286222457885742,68408
9.28707504272461,68408
9.287929058074951,68408
9.288779258728027,68408
9.289628744125366,68408
9.290475606918335,68408
9.291327238082886,68408
9.292176008224487,68408
9.293029069900513,68408
9.293891906738281,68408
9.294742345809937,68408
9.295594930648804,68408
9.296438694000244,68408
9.297290086746216,68408
9.298142194747925,68408
9.29899549484253,68408
9.29984736442566,68408
9.300699949264526,68408
9.301544666290283,68408
9.3024001121521,68408
9.303254127502441,68408
9.304122924804688,68408
9.304975509643555,68408
9.305826902389526,68408
9.306678056716919,68408
9.307528018951416,68408
9.308376789093018,68408
9.309231042861938,68408
9.31008505821228,68408
9.31093978881836,68408
9.311792135238647,68408
9.312644004821777,68408
9.313491344451904,68408
9.314352035522461,68408
9.315202951431274,68408
9.316056251525879,68408
9.316908359527588,68408
9.317760467529297,68408
9.318615436553955,68408
9.3194580078125,68408
9.32030963897705,68408
9.321161270141602,68408
9.322012662887573,68408
9.322864055633545,68408
9.323722839355469,68408
9.324573278427124,68408
9.32542085647583,68408
9.326274156570435,68408
9.327129125595093,68408
9.327983140945435,68408
9.328832864761353,68408
9.329684495925903,68408
9.330528497695923,68408
9.331380128860474,68408
9.3322274684906,68408
9.3330819606781,68408
9.333946228027344,68408
9.334797143936157,68408
9.33565092086792,68408
9.336496829986572,68408
9.33734917640686,68408
9.33820390701294,68408
9.339059114456177,68408
9.339912414550781,68408
9.340763330459595,68408
9.341617822647095,68408
9.342463493347168,68408
9.343317985534668,68408
9.344177484512329,68408
9.345030546188354,68408
9.34588074684143,68408
9.346730470657349,68408
9.347579956054688,68408
9.348426580429077,68408
9.34927487373352,68408
9.350127458572388,68408
9.350974798202515,68408
9.351821184158325,68408
9.352670669555664,68408
9.353512525558472,68408
9.354374408721924,68408
9.355230331420898,68408
9.35608434677124,68408
9.356935262680054,68408
9.357786178588867,68408
9.358641147613525,68408
9.359485149383545,68408
9.360333919525146,68408
9.361185789108276,68408
9.362040281295776,68408
9.362890481948853,68408
9.363752126693726,68408
9.364606142044067,68408
9.365451335906982,68408
9.366300821304321,68408
9.367154359817505,68408
9.368011236190796,68408
9.36886477470398,68408
9.369716882705688,68408
9.370564937591553,68408
9.371409893035889,68408
9.37225866317749,68408
9.373108148574829,68408
9.373974084854126,68408
9.37482476234436,68408
9.37567687034607,68408
9.376522064208984,68408
9.377373933792114,68408
9.378222703933716,68408
9.37907600402832,68408
9.379931449890137,68408
9.380781888961792,68408
9.381637334823608,68408
9.382480382919312,68408
9.383331537246704,68408
9.384197473526001,68408
9.385051965713501,68408
9.385908842086792,68408
9.386764526367188,68408
9.38762903213501,68408
9.388476371765137,68408
9.389330387115479,68408
9.390182495117188,68408
9.391034126281738,68408
9.391884088516235,68408
9.39274001121521,68408
9.393593072891235,68408
9.394436359405518,68408
9.395290613174438,68408
9.396143674850464,68408
9.396994352340698,68408
9.397844791412354,68408
9.39869475364685,68408
9.39953899383545,68408
9.400387048721313,68408
9.40123724937439,68408
9.402090311050415,68408
9.402945041656494,68408
9.403806209564209,68408
9.404658555984497,68408
9.405507564544678,68408
9.406359434127808,68408
9.407212734222412,68408
9.40806269645691,68408
9.408913135528564,68408
9.409766912460327,68408
9.410618782043457,68408
9.41146469116211,68408
9.412315130233765,68408
9.41316843032837,68408
9.414031267166138,68408
9.414879322052002,68408
9.415732860565186,68408
9.41658639907837,68408
9.417429208755493,68408
9.41828203201294,68408
9.41913104057312,68408
9.4199857711792,68408
9.420837879180908,68408
9.421688318252563,68408
9.42253065109253,68408
9.423382759094238,68408
9.424243450164795,68408
9.425098419189453,68408
9.425950527191162,68408
9.426804304122925,68408
9.427653551101685,68408
9.42849349975586,68408
9.42934513092041,68408
9.430195569992065,68408
9.431052207946777,68408
9.431905508041382,68408
9.432756185531616,68408
9.433621406555176,68408
9.434465408325195,68408
9.435312986373901,68408
9.436166524887085,68408
9.43701958656311,68408
9.43787431716919,68408
9.438726663589478,68408
9.439574718475342,68408
9.44041919708252,68408
9.441271305084229,68408
9.442123651504517,68408
9.442975282669067,68408
9.443835735321045,68408
9.444690942764282,68408
9.445542097091675,68408
9.446394205093384,68408
9.447247743606567,68408
9.448100566864014,68408
9.448955059051514,68408
9.449806451797485,68408
9.45066237449646,68408
9.451506614685059,68408
9.452358722686768,68408
9.45321273803711,68408
9.454079389572144,68408
9.454931259155273,68408
9.455781698226929,68408
9.456634998321533,68408
9.457484006881714,68408
9.45833134651184,68408
9.459188461303711,68408
9.460041999816895,68408
9.46089792251587,68408
9.461751699447632,68408
9.462601900100708,68408
9.463449239730835,68408
9.464308261871338,68408
9.46515941619873,68408
9.466010570526123,68408
9.466856241226196,68408
9.467711210250854,68408
9.468556642532349,68408
9.469406366348267,68408
9.47025752067566,68408
9.471112966537476,68408
9.471964359283447,68408
9.472816467285156,68408
9.473676443099976,68408
9.474528551101685,68408
9.47538423538208,68408
9.476236343383789,68408
9.477089405059814,68408
9.477945804595947,68408
9.47879934310913,68408
9.479653120040894,68408
9.480497121810913,68408
9.48134970664978,68408
9.482199668884277,68408
9.483052730560303,68408
9.483916282653809,68408
9.484768629074097,68408
9.48562240600586,68408
9.486469030380249,68408
9.48732042312622,68408
9.488178730010986,68408
9.48903203010559,68408
9.489882469177246,68408
9.490732669830322,68408
9.491586923599243,68408
9.492433071136475,68408
9.493283748626709,68408
9.494146347045898,68408
9.495003700256348,68408
9.495856761932373,68408
9.496708869934082,68408
9.497555255889893,68408
9.498407363891602,68408
9.49926209449768,68408
9.500115156173706,68408
9.500970363616943,68408
9.50182294845581,68408
9.502670288085938,68408
9.50351595878601,68408
9.504380464553833,68408
9.505234956741333,68408
9.506088495254517,68408
9.506943225860596,68408
9.507792472839355,68408
9.508648157119751,68408
9.509490489959717,68408
9.510340213775635,68408
9.511195659637451,68408
9.512051105499268,68408
9.512906551361084,68408
9.51377248764038,68408
9.51462435722351,68408
9.515470266342163,68408
9.51632022857666,68408
9.51717209815979,68408
9.518027782440186,68408
9.518880605697632,68408
9.519734859466553,68408
9.520586729049683,68408
9.521429777145386,68408
9.52228045463562,68408
9.523133277893066,68408
9.524000406265259,68408
9.524850368499756,68408
9.525701761245728,68408
9.526547193527222,68408
9.527400255203247,68408
9.528249979019165,68408
9.529103517532349,68408
9.529956102371216,68408
9.530805826187134,68408
9.531659603118896,68408
9.532505989074707,68408
9.533356189727783,68408
9.534218549728394,68408
9.535070896148682,68408
9.535921096801758,68408
9.53676986694336,68408
9.537620782852173,68408
9.538466453552246,68408
9.53931736946106,68408
9.540169715881348,68408
9.541022300720215,68408
9.541873455047607,68408
9.542724132537842,68408
9.543580293655396,68408
9.54442811012268,68408
9.545282125473022,68408
9.54613733291626,68408
9.54699158668518,68408
9.547844409942627,68408
9.548696041107178,68408
9.54953932762146,68408
9.550390243530273,68408
9.551241874694824,68408
9.552093744277954,68408
9.552947044372559,68408
9.553807020187378,68408
9.554661750793457,68408
9.555506229400635,68408
9.556352853775024,68408
9.557205200195312,68408
9.55806040763855,68408
9.558915138244629,68408
9.559767484664917,68408
9.560620546340942,68408
9.561466217041016,68408
9.562316417694092,68408
9.5631685256958,68408
9.56403136253357,68408
9.564885139465332,68408
9.565736770629883,68408
9.56658935546875,68408
9.567432880401611,68408
9.568285703659058,68408
9.569137334823608,68408
9.569993734359741,68408
9.570846796035767,68408
9.571698427200317,68408
9.572540521621704,68408
9.573394298553467,68408
9.574257850646973,68408
9.575109481811523,68408
9.57595944404602,68408
9.5768141746521,68408
9.577664375305176,68408
9.578507423400879,68408
9.579359292984009,68408
9.580211639404297,68408
9.581063747406006,68408
9.581916570663452,68408
9.582767009735107,68408
9.583630561828613,68408
9.584473848342896,68408
9.585326671600342,68408
9.586179256439209,68408
9.587034702301025,68408
9.587884902954102,68408
9.588735342025757,68408
9.589584589004517,68408
9.590431451797485,68408
9.591283798217773,68408
9.592133522033691,68408
9.592986822128296,68408
9.593846321105957,68408
9.594698667526245,68408
9.59554409980774,68408
9.596396446228027,68408
9.59725284576416,68408
9.598104238510132,68408
9.59895658493042,68408
9.5998055934906,68408
9.600656986236572,68408
9.601505041122437,68408
9.602357149124146,68408
9.603208541870117,68408
9.604072332382202,68408
9.604925394058228,68408
9.605776071548462,68408
9.606630802154541,68408
9.607473850250244,68408
9.60832405090332,68408
9.60917854309082,68408
9.61003041267395,68408
9.610882043838501,68408
9.611732482910156,68408
9.612585544586182,68408
9.613430738449097,68408
9.614296913146973,68408
9.61515188217163,68408
9.61600947380066,68408
9.616862058639526,68408
9.61771273612976,68408
9.618556499481201,68408
9.619406700134277,68408
9.620270252227783,68408
9.621127605438232,68408
9.62197995185852,68408
9.622830629348755,68408
9.623690366744995,68408
9.62453579902649,68408
9.625390529632568,68408
9.626244306564331,68408
9.627098083496094,68408
9.627952098846436,68408
9.628801107406616,68408
9.629649639129639,68408
9.630490779876709,68408
9.631339311599731,68408
9.632194757461548,68408
9.633046865463257,68408
9.633910655975342,68408
9.634762048721313,68408
9.635615348815918,68408
9.636460781097412,68408
9.637309551239014,68408
9.63815975189209,68408
9.639015436172485,68408
9.639865398406982,68408
9.640715599060059,68408
9.641565084457397,68408
9.642414331436157,68408
9.643266916275024,68408
9.644128561019897,68408
9.644981622695923,68408
9.645833015441895,68408
9.6466805934906,68408
9.647525310516357,68408
9.64837646484375,68408
9.649226188659668,68408
9.65007996559143,68408
9.650933265686035,68408
9.651788473129272,68408
9.652639389038086,68408
9.65348219871521,68408
9.65434193611145,68408
9.655197858810425,68408
9.656053304672241,68408
9.656905889511108,68408
9.657753944396973,68408
9.658605813980103,68408
9.659451723098755,68408
9.660301685333252,68408
9.661158084869385,68408
9.662012577056885,68408
9.662863492965698,68408
9.66372799873352,68408
9.664576053619385,68408
9.665424823760986,68408
9.666277885437012,68408
9.667133092880249,68408
9.667989492416382,68408
9.668842554092407,68408
9.6696937084198,68408
9.670539617538452,68408
9.671390056610107,68408
9.672244787216187,68408
9.67309832572937,68408
9.673964500427246,68408
9.674817085266113,68408
9.675672054290771,68408
9.676514863967896,68408
9.677366733551025,68408
9.678218364715576,68408
9.679073333740234,68408
9.679925441741943,68408
9.680777311325073,68408
9.68163013458252,68408
9.682475328445435,68408
9.683324575424194,68408
9.684187889099121,68408
9.685039520263672,68408
9.685894250869751,68408
9.68674612045288,68408
9.687596559524536,68408
9.688445091247559,68408
9.689296245574951,68408
9.690149307250977,68408
9.690999269485474,68408
9.691848039627075,68408
9.692702531814575,68408
9.693548679351807,68408
9.6944100856781,68408
9.695262432098389,68408
9.696115016937256,68408
9.696967124938965,68408
9.69782042503357,68408
9.698669195175171,68408
9.699516773223877,68408
9.700366258621216,68408
9.701217889785767,68408
9.702071189880371,68408
9.70292592048645,68408
9.7037832736969,68408
9.704634428024292,68408
9.705479383468628,68408
9.706330299377441,68408
9.70718264579773,68408
9.708034038543701,68408
9.708889484405518,68408
9.709744453430176,68408
9.710593461990356,68408
9.711439371109009,68408
9.712287187576294,68408
9.71314287185669,68408
9.714006423950195,68408
9.71485948562622,68408
9.715710639953613,68408
9.716557264328003,68408
9.717409133911133,68408
9.718260288238525,68408
9.719117641448975,68408
9.719972610473633,68408
9.720823764801025,68408
9.721675872802734,68408
9.72251844406128,68408
9.723370790481567,68408
9.724234342575073,68408
9.725090980529785,68408
9.725940704345703,68408
9.72679591178894,68408
9.727649927139282,68408
9.728495121002197,68408
9.729348182678223,68408
9.730203866958618,68408
9.731054782867432,68408
9.731908082962036,68408
9.73275876045227,68408
9.733620882034302,68408
9.734465599060059,68408
9.735316276550293,68408
9.736172676086426,68408
9.737025737762451,68408
9.737879276275635,68408
9.738729476928711,68408
9.739579439163208,68408
9.740425825119019,68408
9.74127745628357,68408
9.742130279541016,68408
9.742988109588623,68408
9.743849992752075,68408
9.744702100753784,68408
9.745551824569702,68408
9.746402740478516,68408
9.747256994247437,68408
9.748111248016357,68408
9.74896240234375,68408
9.749816656112671,68408
9.750671863555908,68408
9.751516342163086,68408
9.752371072769165,68408
9.753224849700928,68408
9.754090309143066,68408
9.754945755004883,68408
9.755795955657959,68408
9.75664734840393,68408
9.757495164871216,68408
9.758345127105713,68408
9.75920033454895,68408
9.760053873062134,68408
9.76090669631958,68408
9.761757373809814,68408
9.762609720230103,68408
9.763453483581543,68408
9.764315366744995,68408
9.765170097351074,68408
9.76602029800415,68408
9.766874074935913,68408
9.767728805541992,68408
9.768579959869385,68408
9.769423961639404,68408
9.770277261734009,68408
9.771131753921509,68408
9.771983861923218,68408
9.772836923599243,68408
9.7736976146698,68408
9.774543285369873,68408
9.775393962860107,68408
9.776248216629028,68408
9.777099847793579,68408
9.777952909469604,68408
9.778804779052734,68408
9.779658079147339,68408
9.780503988265991,68408
9.78136134147644,68408
9.782217025756836,68408
9.783069610595703,68408
9.783934831619263,68408
9.784784317016602,68408
9.785635948181152,68408
9.78648328781128,68408
9.787333965301514,68408
9.788189172744751,68408
9.789040803909302,68408
9.789894104003906,68408
9.790744543075562,68408
9.791600227355957,68408
9.792447328567505,68408
9.793299436569214,68408
9.79416298866272,68408
9.795017957687378,68408
9.795870542526245,68408
9.796722412109375,68408
9.797575235366821,68408
9.79842472076416,68408
9.799274444580078,68408
9.80012845993042,68408
9.800982236862183,68408
9.801836729049683,68408
9.802688598632812,68408
9.803531646728516,68408
9.804395914077759,68408
9.805252075195312,68408
9.806107521057129,68408
9.806959867477417,68408
9.807809829711914,68408
9.808664321899414,68408
9.809513092041016,68408
9.810365438461304,68408
9.811218023300171,68408
9.812072277069092,68408
9.8129243850708,68408
9.813782215118408,68408
9.814637660980225,68408
9.815484523773193,68408
9.816334009170532,68408
9.817186832427979,68408
9.81803822517395,68408
9.818893671035767,68408
9.81974196434021,68408
9.820587635040283,68408
9.821434020996094,68408
9.822287797927856,68408
9.823141813278198,68408
9.824009418487549,68408
9.824863910675049,68408
9.825716733932495,68408
9.826566219329834,68408
9.827413320541382,68408
9.828263759613037,68408
9.829119443893433,68408
9.829973697662354,68408
9.830823183059692,68408
9.831674814224243,68408
9.832518815994263,68408
9.833370447158813,68408
9.83423638343811,68408
9.835090160369873,68408
9.83594536781311,68408
9.83680009841919,68408
9.837654113769531,68408
9.838502407073975,68408
9.839357376098633,68408
9.840208292007446,68408
9.841058731079102,68408
9.841910600662231,68408
9.842767000198364,68408
9.84363341331482,68408
9.84447979927063,68408
9.845335006713867,68408
9.846189022064209,68408
9.847042322158813,68408
9.847898006439209,68408
9.848747730255127,68408
9.849600315093994,68408
9.850446701049805,68408
9.851297378540039,68408
9.852154016494751,68408
9.853007555007935,68408
9.853869915008545,68408
9.854725360870361,68408
9.8555748462677,68408
9.856421709060669,68408
9.85727596282959,68408
9.858130693435669,68408
9.858983516693115,68408
9.859835624694824,68408
9.860687732696533,68408
9.861532211303711,68408
9.862382173538208,68408
9.863234043121338,68408
9.864098310470581,68408
9.864949703216553,68408
9.865806341171265,68408
9.86665964126587,68408
9.867502450942993,68408
9.868354320526123,68408
9.869207859039307,68408
9.870062589645386,68408
9.870918035507202,68408
9.871769666671753,68408
9.872622013092041,68408
9.873469591140747,68408
9.874335527420044,68408
9.875191450119019,68408
9.876043558120728,68408
9.876896381378174,68408
9.877746820449829,68408
9.878596782684326,68408
9.879443645477295,68408
9.88029432296753,68408
9.881150245666504,68408
9.882002830505371,68408
9.882848262786865,68408
9.88370966911316,68408
9.884554624557495,68408
9.885406017303467,68408
9.8862624168396,68408
9.887113571166992,68408
9.887963056564331,68408
9.888814687728882,68408
9.889668941497803,68408
9.890514612197876,68408
9.89136552810669,68408
9.892218828201294,68408
9.89307427406311,68408
9.893941164016724,68408
9.89478874206543,68408
9.895645380020142,68408
9.896490335464478,68408
9.897343397140503,68408
9.898199558258057,68408
9.899052143096924,68408
9.899904251098633,68408
9.90076208114624,68408
9.901617527008057,68408
9.902461290359497,68408
9.903307676315308,68408
9.90417218208313,68408
9.90502643585205,68408
9.905881643295288,68408
9.906732082366943,68408
9.907583713531494,68408
9.908427476882935,68408
9.909282207489014,68408
9.910137176513672,68408
9.910990476608276,68408
9.911841630935669,68408
9.912694692611694,68408
9.913539409637451,68408
9.914403915405273,68408
9.915256261825562,68408
9.916108131408691,68408
9.916961669921875,68408
9.917813777923584,68408
9.918665170669556,68408
9.919506072998047,68408
9.92035698890686,68408
9.921206951141357,68408
9.922061443328857,68408
9.922915935516357,68408
9.92377495765686,68408
9.924632787704468,68408
9.92547869682312,68408
9.926329135894775,68408
9.92718243598938,68408
9.928038358688354,68408
9.928893089294434,68408
9.929746866226196,68408
9.930598974227905,68408
9.931448221206665,68408
9.932300329208374,68408
9.933152198791504,68408
9.934015989303589,68408
9.93486762046814,68408
9.935718297958374,68408
9.9365713596344,68408
9.937417984008789,68408
9.93827223777771,68408
9.93912410736084,68408
9.939975023269653,68408
9.940829515457153,68408
9.941681385040283,68408
9.942527294158936,68408
9.943380355834961,68408
9.944244861602783,68408
9.945096254348755,68408
9.945950269699097,68408
9.94680142402649,68408
9.947649955749512,68408
9.94849443435669,68408
9.949345350265503,68408
9.950199127197266,68408
9.951053142547607,68408
9.951904773712158,68408
9.952755212783813,68408
9.953615427017212,68408
9.954459428787231,68408
9.955312967300415,68408
9.956165075302124,68408
9.957020044326782,68408
9.957873821258545,68408
9.958727598190308,68408
9.959578037261963,68408
9.960425615310669,68408
9.961278200149536,68408
9.962132692337036,68408
9.962988376617432,68408
9.963850021362305,68408
9.964701414108276,68408
9.965545892715454,68408
9.966399192810059,68408
9.967254400253296,68408
9.9681077003479,68408
9.968962907791138,68408
9.969813108444214,68408
9.970665216445923,68408
9.97150707244873,68408
9.972357988357544,68408
9.97321105003357,68408
9.97407341003418,68408
9.974925756454468,68408
9.975776672363281,68408
9.976627111434937,68408
9.977474212646484,68408
9.978322982788086,68408
9.979176998138428,68408
9.98002815246582,68408
9.980881214141846,68408
9.98173475265503,68408
9.982585906982422,68408
9.983432292938232,68408
9.984292268753052,68408
9.985143899917603,68408
9.986000061035156,68408
9.986851453781128,68408
9.987701654434204,68408
9.988548040390015,68408
9.98940110206604,68408
9.99025559425354,68408
9.991107940673828,68408
9.9919593334198,68408
9.992812395095825,68408
9.993672132492065,68408
9.99452018737793,68408
9.995371341705322,68408
9.996224164962769,68408
9.99707841873169,68408
9.997931718826294,68408
9.99878215789795,68408
9.999638795852661,68408
10.000480651855469,68408
10.001330614089966,68408
10.002182960510254,68408
10.003036737442017,68408
10.003901481628418,68408
10.004751205444336,68408
10.005604028701782,68408
10.006451845169067,68408
10.00730299949646,68408
10.008159399032593,68408
10.009011268615723,68408
10.009864568710327,68408
10.01071548461914,68408
10.011565923690796,68408
10.012410640716553,68408
10.013262510299683,68408
10.01412558555603,68408
10.014978647232056,68408
10.015827655792236,68408
10.016680717468262,68408
10.017523050308228,68408
10.018373727798462,68408
10.019224643707275,68408
10.02008318901062,68408
10.020942211151123,68408
10.021793127059937,68408
10.022648334503174,68408
10.023499011993408,68408
10.024360656738281,68408
10.025213241577148,68408
10.0260648727417,68408
10.02691650390625,68408
10.027763605117798,68408
10.028615236282349,68408
10.029459714889526,68408
10.030313730239868,68408
10.031166315078735,68408
10.032021284103394,68408
10.032870769500732,68408
10.033734321594238,68408
10.034583568572998,68408
10.035427808761597,68408
10.036283016204834,68408
10.037138223648071,68408
10.037991762161255,68408
10.038840532302856,68408
10.039692163467407,68408
10.040539026260376,68408
10.04139232635498,68408
10.04224443435669,68408
10.043100595474243,68408
10.043964147567749,68408
10.044816017150879,68408
10.045668601989746,68408
10.046513795852661,68408
10.047366380691528,68408
10.048218727111816,68408
10.049070835113525,68408
10.049928903579712,68408
10.050777912139893,68408
10.051630973815918,68408
10.052476406097412,68408
10.053325891494751,68408
10.054192066192627,68408
10.055047035217285,68408
10.055896520614624,68408
10.056748390197754,68408
10.05759572982788,68408
10.058441638946533,68408
10.05929446220398,68408
10.060143947601318,68408
10.060996770858765,68408
10.061851739883423,68408
10.062702655792236,68408
10.063549518585205,68408
10.064408540725708,68408
10.065258502960205,68408
10.066109418869019,68408
10.066960573196411,68408
10.0678129196167,68408
10.068662881851196,68408
10.069508075714111,68408
10.070359945297241,68408
10.071215867996216,68408
10.072070121765137,68408
10.072922706604004,68408
10.073778629302979,68408
10.074633359909058,68408
10.075475931167603,68408
10.076326131820679,68408
10.07718276977539,68408
10.078038454055786,68408
10.078892707824707,68408
10.079744338989258,68408
10.080596208572388,68408
10.081443786621094,68408
10.082292318344116,68408
10.083144187927246,68408
10.084008932113647,68408
10.084861993789673,68408
10.085716962814331,68408
10.086567640304565,68408
10.08741283416748,68408
10.088263988494873,68408
10.089115619659424,68408
10.089969635009766,68408
10.090821266174316,68408
10.091670513153076,68408
10.092515707015991,68408
10.093367099761963,68408
10.094230651855469,68408
10.095083713531494,68408
10.095934629440308,68408
10.096782922744751,68408
10.09763503074646,68408
10.098480224609375,68408
10.09932804107666,68408
10.100183486938477,68408
10.101035594940186,68408
10.10189151763916,68408
10.102738380432129,68408
10.103593826293945,68408
10.104441165924072,68408
10.105294704437256,68408
10.106151819229126,68408
10.107006311416626,68408
10.107856512069702,68408
10.108707904815674,68408
10.109549760818481,68408
10.110398530960083,68408
10.111255168914795,68408
10.112107515335083,68408
10.112956762313843,68408
10.113816976547241,68408
10.114665031433105,68408
10.115512371063232,68408
10.116360902786255,68408
10.117216110229492,68408
10.118067502975464,68408
10.118921041488647,68408
10.119775295257568,68408
10.12062668800354,68408
10.121466636657715,68408
10.122315645217896,68408
10.123171329498291,68408
10.124033689498901,68408
10.12488865852356,68408
10.12574315071106,68408
10.126591682434082,68408
10.12743616104126,68408
10.128289222717285,68408
10.129143238067627,68408
10.129997253417969,68408
10.130849123001099,68408
10.131705045700073,68408
10.13255000114441,68408
10.133401155471802,68408
10.134265422821045,68408
10.135117530822754,68408
10.135971546173096,68408
10.136823177337646,68408
10.137673616409302,68408
10.138521432876587,68408
10.139374017715454,68408
10.140226364135742,68408
10.141082048416138,68408
10.1419358253479,68408
10.142787218093872,68408
10.143648862838745,68408
10.144493818283081,68408
10.145346641540527,68408
10.146199941635132,68408
10.147051572799683,68408
10.147904634475708,68408
10.14875602722168,68408
10.1496102809906,68408
10.150455951690674,68408
10.151304006576538,68408
10.152157545089722,68408
10.153011083602905,68408
10.153873205184937,68408
10.154726266860962,68408
10.155573844909668,68408
10.1564199924469,68408
10.157270908355713,68408
10.158125400543213,68408
10.158977270126343,68408
10.159833431243896,68408
10.160680532455444,68408
10.161527395248413,68408
10.162376165390015,68408
10.163229942321777,68408
10.164095640182495,68408
10.164949178695679,68408
10.165802478790283,68408
10.166654586791992,68408
10.167496681213379,68408
10.168349027633667,68408
10.16919994354248,68408
10.170056819915771,68408
10.170911073684692,68408
10.171764373779297,68408
10.172619104385376,68408
10.173463344573975,68408
10.174323558807373,68408
10.175179719924927,68408
10.176031827926636,68408
10.176884889602661,68408
10.177736043930054,68408
10.178585529327393,68408
10.179436683654785,68408
10.180290460586548,68408
10.181143522262573,68408
10.181995630264282,68408
10.182846546173096,68408
10.183714151382446,68408
10.184566736221313,68408
10.185413599014282,68408
10.186268329620361,68408
10.187122106552124,68408
10.187973260879517,68408
10.188823461532593,68408
10.189672231674194,68408
10.190517902374268,68408
10.191367149353027,68408
10.192221641540527,68408
10.19307541847229,68408
10.193939924240112,68408
10.194791316986084,68408
10.195642709732056,68408
10.19648814201355,68408
10.19734001159668,68408
10.198193550109863,68408
10.199044704437256,68408
10.199896335601807,68408
10.200750350952148,68408
10.201602458953857,68408
10.202448844909668,68408
10.20329737663269,68408
10.204161882400513,68408
10.205012321472168,68408
10.205865383148193,68408
10.206721544265747,68408
10.207573413848877,68408
10.20842170715332,68408
10.209278345108032,68408
10.21013331413269,68408
10.210989713668823,68408
10.211839199066162,68408
10.212693452835083,68408
10.21354365348816,68408
10.214406728744507,68408
10.215259552001953,68408
10.216115236282349,68408
10.21696662902832,68408
10.217818975448608,68408
10.21867060661316,68408
10.219515085220337,68408
10.22036862373352,68408
10.221226930618286,68408
10.222081422805786,68408
10.222936630249023,68408
10.223793029785156,68408
10.22465181350708,68408
10.225499153137207,68408
10.226349353790283,68408
10.227201223373413,68408
10.228054523468018,68408
10.228908777236938,68408
10.229760885238647,68408
10.23061466217041,68408
10.23146104812622,68408
10.232312202453613,68408
10.233166694641113,68408
10.234031438827515,68408
10.23488473892212,68408
10.235737323760986,68408
10.236588954925537,68408
10.237433433532715,68408
10.238283395767212,68408
10.239140748977661,68408
10.239994049072266,68408
10.240845918655396,68408
10.241698265075684,68408
10.242542505264282,68408
10.243393659591675,68408
10.244257926940918,68408
10.245117425918579,68408
10.245972156524658,68408
10.24682068824768,68408
10.247674942016602,68408
10.248523712158203,68408
10.24937391281128,68408
10.250227451324463,68408
10.251080513000488,68408
10.251933336257935,68408
10.252784490585327,68408
10.25364899635315,68408
10.254493236541748,68408
10.25534462928772,68408
10.256200313568115,68408
10.257056713104248,68408
10.257911205291748,68408
10.258761644363403,68408
10.259615659713745,68408
10.260461568832397,68408
10.261311054229736,68408
10.262165307998657,68408
10.26301908493042,68408
10.263881921768188,68408
10.264732837677002,68408
10.265583992004395,68408
10.266430377960205,68408
10.26728343963623,68408
10.268137216567993,68408
10.268989086151123,68408
10.269843101501465,68408
10.270695209503174,68408
10.271539211273193,68408
10.272393226623535,68408
10.273246049880981,68408
10.274113178253174,68408
10.274966716766357,68408
10.275818824768066,68408
10.27666974067688,68408
10.277517318725586,68408
10.278368711471558,68408
10.279223442077637,68408
10.280080080032349,68408
10.280932903289795,68408
10.281785011291504,68408
10.282641649246216,68408
10.283487558364868,68408
10.284350872039795,68408
10.285206079483032,68408
10.28606104850769,68408
10.286913633346558,68408
10.287766218185425,68408
10.288617849349976,68408
10.289464950561523,68408
10.290313959121704,68408
10.29116702079773,68408
10.292017221450806,68408
10.292872190475464,68408
10.293735980987549,68408
10.294585466384888,68408
10.295435428619385,68408
10.296286344528198,68408
10.29714035987854,68408
10.297991752624512,68408
10.298840284347534,68408
10.299691438674927,68408
10.300536632537842,68408
10.301390171051025,68408
10.302244186401367,68408
10.303098917007446,68408
10.303961038589478,68408
10.304811954498291,68408
10.305664777755737,68408
10.30651330947876,68408
10.307367324829102,68408
10.308222770690918,68408
10.309072971343994,68408
10.309928178787231,68408
10.310777187347412,68408
10.311630249023438,68408
10.312474012374878,68408
10.313331365585327,68408
10.314193725585938,68408
10.315043449401855,68408
10.315897941589355,68408
10.316749095916748,68408
10.317598342895508,68408
10.318443536758423,68408
10.319295406341553,68408
10.32015061378479,68408
10.32100510597229,68408
10.32185983657837,68408
10.322717189788818,68408
10.32357907295227,68408
10.324426889419556,68408
10.325279235839844,68408
10.326132535934448,68408
10.326984643936157,68408
10.327837228775024,68408
10.328690767288208,68408
10.329541444778442,68408
10.330394983291626,68408
10.331247568130493,68408
10.332101821899414,68408
10.332952499389648,68408
10.333814144134521,68408
10.334669351577759,68408
10.335514068603516,68408
10.33636736869812,68408
10.33722186088562,68408
10.338074445724487,68408
10.338931560516357,68408
10.339781284332275,68408
10.34063458442688,68408
10.34148359298706,68408
10.342337131500244,68408
10.34319519996643,68408
10.344061851501465,68408
10.344916582107544,68408
10.345765829086304,68408
10.346617221832275,68408
10.34746265411377,68408
10.34831428527832,68408
10.349168062210083,68408
10.350025653839111,68408
10.350877285003662,68408
10.351728439331055,68408
10.352579832077026,68408
10.353423595428467,68408
10.354286909103394,68408
10.35513949394226,68408
10.355992555618286,68408
10.356845617294312,68408
10.357701063156128,68408
10.35854721069336,68408
10.359399795532227,68408
10.360253095626831,68408
10.361109495162964,68408
10.361964702606201,68408
10.362815856933594,68408
10.363677740097046,68408
10.364524126052856,68408
10.36537790298462,68408
10.366233587265015,68408
10.367089986801147,68408
10.367944955825806,68408
10.368798971176147,68408
10.36965012550354,68408
10.370498180389404,68408
10.371348857879639,68408
10.372201204299927,68408
10.373058557510376,68408
10.373920202255249,68408
10.37477421760559,68408
10.375625610351562,68408
10.376474857330322,68408
10.37732744216919,68408
10.378180742263794,68408
10.379034042358398,68408
10.379886388778687,68408
10.380733489990234,68408
10.381582975387573,68408
10.382431745529175,68408
10.383287191390991,68408
10.384151935577393,68408
10.385008335113525,68408
10.385862112045288,68408
10.38671350479126,68408
10.387567043304443,68408
10.388413429260254,68408
10.3892662525177,68408
10.390117168426514,68408
10.390969038009644,68408
10.39182448387146,68408
10.392676591873169,68408
10.393522500991821,68408
10.39438009262085,68408
10.395234107971191,68408
10.396088123321533,68408
10.39694094657898,68408
10.397794485092163,68408
10.3986496925354,68408
10.399493932723999,68408
10.400346279144287,68408
10.401197910308838,68408
10.402050971984863,68408
10.402904987335205,68408
10.403764963150024,68408
10.404617309570312,68408
10.405464887619019,68408
10.406318187713623,68408
10.40717077255249,68408
10.408021450042725,68408
10.408873796463013,68408
10.409723997116089,68408
10.410573482513428,68408
10.411418676376343,68408
10.412267684936523,68408
10.413120746612549,68408
10.413981437683105,68408
10.41483187675476,68408
10.415687561035156,68408
10.416533708572388,68408
10.417385578155518,68408
10.418241024017334,68408
10.419095277786255,68408
10.419946908950806,68408
10.420801639556885,68408
10.421651601791382,68408
10.42249846458435,68408
10.423349380493164,68408
10.424216508865356,68408
10.425071477890015,68408
10.42592477798462,68408
10.426772117614746,68408
10.427627563476562,68408
10.428473949432373,68408
10.429325580596924,68408
10.430182218551636,68408
10.431035995483398,68408
10.431889772415161,68408
10.432742834091187,68408
10.433597087860107,68408
10.434443235397339,68408
10.435291528701782,68408
10.436146020889282,68408
10.436996221542358,68408
10.437849044799805,68408
10.438700437545776,68408
10.439544677734375,68408
10.440396547317505,68408
10.441250801086426,68408
10.442103385925293,68408
10.442959308624268,68408
10.443816184997559,68408
10.44466519355774,68408
10.445511817932129,68408
10.446362257003784,68408
10.447216510772705,68408
10.448071479797363,68408
10.448923110961914,68408
10.44977593421936,68408
10.45062780380249,68408
10.451472282409668,68408
10.452322721481323,68408
10.453176021575928,68408
10.454043865203857,68408
10.454897165298462,68408
10.45574951171875,68408
10.456603765487671,68408
10.457451820373535,68408
10.458303213119507,68408
10.45915699005127,68408
10.460011005401611,68408
10.460862874984741,68408
10.461715936660767,68408
10.462564468383789,68408
10.463410139083862,68408
10.464269161224365,68408
10.465126037597656,68408
10.465983867645264,68408
10.466837644577026,68408
10.467686891555786,68408
10.468533992767334,68408
10.46938443183899,68408
10.470236539840698,68408
10.471089839935303,68408
10.471944570541382,68408
10.472797155380249,68408
10.473661661148071,68408
10.474508285522461,68408
10.475363969802856,68408
10.476214408874512,68408
10.47706937789917,68408
10.477920293807983,68408
10.478774070739746,68408
10.479658603668213,68408
10.480506420135498,68408
10.481359720230103,68408
10.482215404510498,68408
10.483067274093628,68408
10.483932256698608,68408
10.484784841537476,68408
10.485637426376343,68408
10.486483573913574,68408
10.487336874008179,68408
10.488188982009888,68408
10.489043474197388,68408
10.48989486694336,68408
10.490753173828125,68408
10.491609811782837,68408
10.492454528808594,68408
10.493305921554565,68408
10.494171380996704,68408
10.495024681091309,68408
10.495877265930176,68408
10.496727705001831,68408
10.497580766677856,68408
10.498428106307983,68408
10.499281406402588,68408
10.500139951705933,68408
10.500993967056274,68408
10.501845359802246,68408
10.502695798873901,68408
10.503540515899658,68408
10.504401445388794,68408
10.505251407623291,68408
10.506103992462158,68408
10.506961822509766,68408
10.507815837860107,68408
10.508668899536133,68408
10.509514093399048,68408
10.510370969772339,68408
10.511227130889893,68408
10.51207971572876,68408
10.512933731079102,68408
10.513795137405396,68408
10.514647245407104,68408
10.515494346618652,68408
10.516345500946045,68408
10.517196893692017,68408
10.518048763275146,68408
10.518904447555542,68408
10.519753694534302,68408
10.52060580253601,68408
10.521450996398926,68408
10.522300720214844,68408
10.52315640449524,68408
10.52402114868164,68408
10.524876117706299,68408
10.525728702545166,68408
10.526578664779663,68408
10.527424573898315,68408
10.528279781341553,68408
10.52913236618042,68408
10.529984474182129,68408
10.530835151672363,68408
10.531689167022705,68408
10.532532453536987,68408
10.533383846282959,68408
10.534249067306519,68408
10.535105228424072,68408
10.535959243774414,68408
10.536810874938965,68408
10.53766655921936,68408
10.538514137268066,68408
10.539366960525513,68408
10.540221929550171,68408
10.541077375411987,68408
10.541929960250854,68408
10.542778015136719,68408
10.543641805648804,68408
10.544484615325928,68408
10.545335054397583,68408
10.546186685562134,68408
10.547041177749634,68408
10.547895669937134,68408
10.548749446868896,68408
10.549602270126343,68408
10.550448656082153,68408
10.551298379898071,68408
10.552154541015625,68408
10.553007364273071,68408
10.553866147994995,68408
10.554715394973755,68408
10.555567502975464,68408
10.556415319442749,68408
10.557267665863037,68408
10.55812120437622,68408
10.558977842330933,68408
10.55983018875122,68408
10.560681104660034,68408
10.561528444290161,68408
10.56238055229187,68408
10.563232660293579,68408
10.564100742340088,68408
10.56495475769043,68408
10.565808773040771,68408
10.566660404205322,68408
10.567506313323975,68408
10.568362474441528,68408
10.569214344024658,68408
10.57007098197937,68408
10.570927619934082,68408
10.571775674819946,68408
10.572629690170288,68408
10.57347321510315,68408
10.574331998825073,68408
10.57518744468689,68408
10.576042652130127,68408
10.576894521713257,68408
10.577745199203491,68408
10.578595876693726,68408
10.579442262649536,68408
10.580294847488403,68408
10.581149578094482,68408
10.582006454467773,68408
10.58285927772522,68408
10.583719253540039,68408
10.58457350730896,68408
10.585422039031982,68408
10.586276054382324,68408
10.587129831314087,68408
10.587984085083008,68408
10.588836431503296,68408
10.58968734741211,68408
10.59053373336792,68408
10.591386795043945,68408
10.592241525650024,68408
10.593097448348999,68408
10.593963861465454,68408
10.594812870025635,68408
10.59566593170166,68408
10.596513509750366,68408
10.597363710403442,68408
10.598219156265259,68408
10.599071741104126,68408
10.599923133850098,68408
10.600770711898804,68408
10.60162091255188,68408
10.602468490600586,68408
10.603324174880981,68408
10.604184627532959,68408
10.605039119720459,68408
10.605888605117798,68408
10.606743097305298,68408
10.607591390609741,68408
10.60843825340271,68408
10.609290361404419,68408
10.610144138336182,68408
10.610997676849365,68408
10.611849546432495,68408
10.612700939178467,68408
10.613547086715698,68408
10.61440658569336,68408
10.615259647369385,68408
10.616113424301147,68408
10.616966724395752,68408
10.617818355560303,68408
10.618670463562012,68408
10.61951494216919,68408
10.620380163192749,68408
10.621234655380249,68408
10.622090816497803,68408
10.62294864654541,68408
10.62381100654602,68408
10.624661445617676,68408
10.625508785247803,68408
10.626357555389404,68408
10.62721061706543,68408
10.628064155578613,68408
10.628921031951904,68408
10.629775047302246,68408
10.63063359260559,68408
10.631480693817139,68408
10.632331848144531,68408
10.633183240890503,68408
10.634044408798218,68408
10.63489842414856,68408
10.635749578475952,68408
10.63660192489624,68408
10.63744568824768,68408
10.638295412063599,68408
10.639149904251099,68408
10.64000153541565,68408
10.640855312347412,68408
10.641702890396118,68408
10.642546653747559,68408
10.643396854400635,68408
10.644259452819824,68408
10.645115375518799,68408
10.645966053009033,68408
10.64681601524353,68408
10.647670030593872,68408
10.648520708084106,68408
10.649372339248657,68408
10.650229215621948,68408
10.65108346939087,68408
10.65193772315979,68408
10.652793169021606,68408
10.653656482696533,68408
10.654506921768188,68408
10.65536093711853,68408
10.656214475631714,68408
10.65707015991211,68408
10.657922744750977,68408
10.658774137496948,68408
10.659627676010132,68408
10.660469770431519,68408
10.661323070526123,68408
10.662176370620728,68408
10.663030862808228,68408
10.663898706436157,68408
10.664753198623657,68408
10.665605306625366,68408
10.666452884674072,68408
10.667302370071411,68408
10.668158769607544,68408
10.6690092086792,68408
10.669862985610962,68408
10.670716285705566,68408
10.671566486358643,68408
10.672414541244507,68408
10.673270225524902,68408
10.674134016036987,68408
10.674989461898804,68408
10.675840616226196,68408
10.676692008972168,68408
10.677537441253662,68408
10.678389310836792,68408
10.67924165725708,68408
10.680096626281738,68408
10.68094801902771,68408
10.681803226470947,68408
10.682656526565552,68408
10.683504581451416,68408
10.684370040893555,68408
10.685225486755371,68408
10.686079025268555,68408
10.686930894851685,68408
10.687780857086182,68408
10.688631534576416,68408
10.689478397369385,68408
10.690327405929565,68408
10.691184997558594,68408
10.692037343978882,68408
10.692889928817749,68408
10.69375228881836,68408
10.694601058959961,68408
10.695450067520142,68408
10.696300029754639,68408
10.697151899337769,68408
10.698006391525269,68408
10.698859453201294,68408
10.699707984924316,68408
10.70055627822876,68408
10.701407432556152,68408
10.702262878417969,68408
10.703117609024048,68408
10.703981876373291,68408
10.704836368560791,68408
10.705691814422607,68408
10.706539869308472,68408
10.707392692565918,68408
10.708242416381836,68408
10.70909571647644,68408
10.709949254989624,68408
10.710803270339966,68408
10.711656332015991,68408
10.712505340576172,68408
10.713355302810669,68408
10.714218378067017,68408
10.715072631835938,68408
10.715928077697754,68408
10.716778755187988,68408
10.717636108398438,68408
10.718481063842773,68408
10.719332218170166,68408
10.720185041427612,68408
10.721039295196533,68408
10.721892356872559,68408
10.722747087478638,68408
10.723607540130615,68408
10.724453210830688,68408
10.72530722618103,68408
10.72616457939148,68408
10.727020025253296,68408
10.727871656417847,68408
10.728724241256714,68408
10.72957444190979,68408
10.730422735214233,68408
10.731276273727417,68408
10.732131242752075,68408
10.732985973358154,68408
10.733847856521606,68408
10.73470163345337,68408
10.735549926757812,68408
10.736401557922363,68408
10.737258195877075,68408
10.738110542297363,68408
10.738965511322021,68408
10.739816427230835,68408
10.74066710472107,68408
10.741511106491089,68408
10.74236273765564,68408
10.743218660354614,68408
10.744081258773804,68408
10.744933605194092,68408
10.745787382125854,68408
10.746639966964722,68408
10.747484922409058,68408
10.748334407806396,68408
10.74918794631958,68408
10.750047445297241,68408
10.750903606414795,68408
10.75175428390503,68408
10.752607822418213,68408
10.753453731536865,68408
10.754311323165894,68408
10.755166292190552,68408
10.756018161773682,68408
10.756871223449707,68408
10.757723331451416,68408
10.75857424736023,68408
10.759419918060303,68408
10.760273933410645,68408
10.761127948760986,68408
10.761985540390015,68408
10.762839555740356,68408
10.763704538345337,68408
10.76454782485962,68408
10.765395879745483,68408
10.766252994537354,68408
10.767105102539062,68408
10.767956733703613,68408
10.768807888031006,68408
10.769657611846924,68408
10.7705078125,68408
10.771361827850342,68408
10.772216796875,68408
10.773072004318237,68408
10.773935556411743,68408
10.774783611297607,68408
10.775636434555054,68408
10.776480436325073,68408
10.777327060699463,68408
10.778177976608276,68408
10.77902865409851,68408
10.77988314628601,68408
10.780737400054932,68408
10.781590461730957,68408
10.782435178756714,68408
10.783282279968262,68408
10.784146070480347,68408
10.785001993179321,68408
10.78585147857666,68408
10.786703824996948,68408
10.787549495697021,68408
10.78840160369873,68408
10.789254188537598,68408
10.790104627609253,68408
10.790958404541016,68408
10.7918119430542,68408
10.792662382125854,68408
10.79350733757019,68408
10.794368743896484,68408
10.795221090316772,68408
10.796074151992798,68408
10.79692554473877,68408
10.7977774143219,68408
10.798632144927979,68408
10.799474477767944,68408
10.800324201583862,68408
10.8011794090271,68408
10.802032232284546,68408
10.802884817123413,68408
10.803746700286865,68408
10.804600715637207,68408
10.805444717407227,68408
10.806292295455933,68408
10.80714726448059,68408
10.8079993724823,68408
10.808850049972534,68408
10.80970311164856,68408
10.810546159744263,68408
10.811396598815918,68408
10.812249898910522,68408
10.813102960586548,68408
10.813969612121582,68408
10.814822673797607,68408
10.815674304962158,68408
10.816518306732178,68408
10.81737208366394,68408
10.818227052688599,68408
10.819079875946045,68408
10.819933414459229,68408
10.820784568786621,68408
10.821638584136963,68408
10.822487115859985,68408
10.823337078094482,68408
10.824204921722412,68408
10.825061798095703,68408
10.825914859771729,68408
10.826764345169067,68408
10.827616214752197,68408
10.828460931777954,68408
10.82930850982666,68408
10.830164194107056,68408
10.831016540527344,68408
10.831873178482056,68408
10.83272385597229,68408
10.833585977554321,68408
10.834434509277344,68408
10.835289716720581,68408
10.83614468574524,68408
10.83699631690979,68408
10.837846517562866,68408
10.838700294494629,68408
10.839544296264648,68408
10.84039306640625,68408
10.841246604919434,68408
10.842101335525513,68408
10.842955112457275,68408
10.84381628036499,68408
10.844669818878174,68408
10.845517635345459,68408
10.846366882324219,68408
10.84722089767456,68408
10.84807538986206,68408
10.848928928375244,68408
10.849776029586792,68408
10.850630760192871,68408
10.851476192474365,68408
10.852324962615967,68408
10.853177547454834,68408
10.854040384292603,68408
10.854892492294312,68408
10.855743646621704,68408
10.856594562530518,68408
10.857441902160645,68408
10.858291387557983,68408
10.859146356582642,68408
10.859997272491455,68408
10.860846519470215,68408
10.86169695854187,68408
10.862539768218994,68408
10.863390445709229,68408
10.864253282546997,68408
10.865103721618652,68408
10.86595892906189,68408
10.866807699203491,68408
10.867659568786621,68408
10.868504047393799,68408
10.869354963302612,68408
10.870210647583008,68408
10.871066331863403,68408
10.871916770935059,68408
10.872771263122559,68408
10.873632669448853,68408
10.874480247497559,68408
10.875333309173584,68408
10.876187562942505,68408
10.87704086303711,68408
10.87789273262024,68408
10.878746509552002,68408
10.879599809646606,68408
10.880449295043945,68408
10.881301164627075,68408
10.882152318954468,68408
10.883004665374756,68408
10.883863925933838,68408
10.884716987609863,68408
10.88556718826294,68408
10.886412858963013,68408
10.887264013290405,68408
10.888115882873535,68408
10.88896918296814,68408
10.889820575714111,68408
10.890670776367188,68408
10.891519784927368,68408
10.892371654510498,68408
10.893226623535156,68408
10.894089460372925,68408
10.894944190979004,68408
10.895797967910767,68408
10.896649360656738,68408
10.897490739822388,68408
10.89834213256836,68408
10.899198293685913,68408
10.900052547454834,68408
10.900901317596436,68408
10.901751041412354,68408
10.902604579925537,68408
10.903452396392822,68408
10.904312133789062,68408
10.905165195465088,68408
10.90601921081543,68408
10.906870365142822,68408
10.907724618911743,68408
10.90857195854187,68408
10.909416437149048,68408
10.910264492034912,68408
10.911112785339355,68408
10.91196584701538,68408
10.912815809249878,68408
10.913678169250488,68408
10.914522886276245,68408
10.915376901626587,68408
10.916228771209717,68408
10.917083024978638,68408
10.917937517166138,68408
10.918787717819214,68408
10.919640064239502,68408
10.920486450195312,68408
10.921334981918335,68408
10.92218542098999,68408
10.923037767410278,68408
10.923900604248047,68408
10.924751043319702,68408
10.925604343414307,68408
10.926445007324219,68408
10.927298307418823,68408
10.928149223327637,68408
10.929001808166504,68408
10.92985224723816,68408
10.930700778961182,68408
10.931542873382568,68408
10.932392120361328,68408
10.93324089050293,68408
10.934104919433594,68408
10.93495488166809,68408
10.935803890228271,68408
10.936656475067139,68408
10.937501430511475,68408
10.938350439071655,68408
10.939209461212158,68408
10.940060138702393,68408
10.940914392471313,68408
10.941764831542969,68408
10.942617177963257,68408
10.943462371826172,68408
10.944321870803833,68408
10.945170402526855,68408
10.946024656295776,68408
10.946876525878906,68408
10.947727918624878,68408
10.948576211929321,68408
10.949421405792236,68408
10.95027780532837,68408
10.951131105422974,68408
10.951983213424683,68408
10.952837467193604,68408
10.953700542449951,68408
10.954546928405762,68408
10.955400943756104,68408
10.956258535385132,68408
10.957112312316895,68408
10.957966327667236,68408
10.958815813064575,68408
10.959667921066284,68408
10.96051287651062,68408
10.961366176605225,68408
10.962217569351196,68408
10.963070392608643,68408
10.963935852050781,68408
10.96478796005249,68408
10.9656400680542,68408
10.96648645401001,68408
10.967335939407349,68408
10.968190431594849,68408
10.969041109085083,68408
10.969893217086792,68408
10.970744848251343,68408
10.971593141555786,68408
10.972436904907227,68408
10.973291397094727,68408
10.974154233932495,68408
10.975008249282837,68408
10.975862264633179,68408
10.976717233657837,68408
10.977566719055176,68408
10.978413581848145,68408
10.979264497756958,68408
10.980116367340088,68408
10.980967998504639,68408
10.981821537017822,68408
10.982673645019531,68408
10.983516931533813,68408
10.984379768371582,68408
10.98524284362793,68408
10.986098051071167,68408
10.98695182800293,68408
10.987802505493164,68408
10.98865532875061,68408
10.989501476287842,68408
10.990350246429443,68408
10.991203546524048,68408
10.992055416107178,68408
10.99290418624878,68408
10.993763208389282,68408
10.99461579322815,68408
10.995461463928223,68408
10.996312379837036,68408
10.997167825698853,68408
10.99802303314209,68408
10.998876810073853,68408
10.999728679656982,68408
11.000576257705688,68408
11.001419067382812,68408
11.00226902961731,68408
11.003119468688965,68408
11.003984689712524,68408
11.004837274551392,68408
11.005689144134521,68408
11.006531953811646,68408
11.007385492324829,68408
11.00823712348938,68408
11.0090913772583,68408
11.009943723678589,68408
11.010796546936035,68408
11.011649131774902,68408
11.012495994567871,68408
11.01335096359253,68408
11.014216661453247,68408
11.015068054199219,68408
11.01592230796814,68408
11.016772270202637,68408
11.017621040344238,68408
11.0184645652771,68408
11.019315958023071,68408
11.020171403884888,68408
11.021024465560913,68408
11.021878480911255,68408
11.022730350494385,68408
11.02358365058899,68408
11.024431467056274,68408
11.025285720825195,68408
11.026137351989746,68408
11.026988506317139,68408
11.027841091156006,68408
11.028693437576294,68408
11.029541492462158,68408
11.030392408370972,68408
11.031242370605469,68408
11.032092094421387,68408
11.032944440841675,68408
11.033811330795288,68408
11.034668207168579,68408
11.035512685775757,68408
11.036364555358887,68408
11.037214756011963,68408
11.038069725036621,68408
11.038925170898438,68408
11.03977918624878,68408
11.040635347366333,68408
11.041481971740723,68408
11.042335033416748,68408
11.043190717697144,68408
11.044055700302124,68408
11.04490852355957,68408
11.04576063156128,68408
11.046617984771729,68408
11.047460317611694,68408
11.048312425613403,68408
11.049164772033691,68408
11.050017595291138,68408
11.050869941711426,68408
11.051719427108765,68408
11.052569150924683,68408
11.05341362953186,68408
11.054272413253784,68408
11.055124998092651,68408
11.055975437164307,68408
11.056829690933228,68408
11.057679653167725,68408
11.058522462844849,68408
11.059375286102295,68408
11.060227394104004,68408
11.061079025268555,68408
11.061931610107422,68408
11.062782049179077,68408
11.06364893913269,68408
11.06449580192566,68408
11.065344095230103,68408
11.066198348999023,68408
11.067051649093628,68408
11.067903280258179,68408
11.068753242492676,68408
11.069605112075806,68408
11.070449113845825,68408
11.071300029754639,68408
11.072151899337769,68408
11.073001861572266,68408
11.073862791061401,68408
11.07471227645874,68408
11.075562000274658,68408
11.07640790939331,68408
11.07726240158081,68408
11.078116416931152,68408
11.07896614074707,68408
11.079818725585938,68408
11.0806725025177,68408
11.081515073776245,68408
11.08236837387085,68408
11.08322286605835,68408
11.084089994430542,68408
11.084943771362305,68408
11.085792064666748,68408
11.086646318435669,68408
11.087493181228638,68408
11.088342428207397,68408
11.089194536209106,68408
11.090048551559448,68408
11.09089970588684,68408
11.091752529144287,68408
11.092603921890259,68408
11.093446254730225,68408
11.094310998916626,68408
11.09516429901123,68408
11.096021175384521,68408
11.096871376037598,68408
11.097723960876465,68408
11.09857439994812,68408
11.099419116973877,68408
11.100270748138428,68408
11.1011221408844,68408
11.101974487304688,68408
11.102823972702026,68408
11.10368299484253,68408
11.10452938079834,68408
11.105380058288574,68408
11.106231689453125,68408
11.107081413269043,68408
11.107936382293701,68408
11.10878610610962,68408
11.109638929367065,68408
11.110481977462769,68408
11.111333847045898,68408
11.112185955047607,68408
11.113037347793579,68408
11.11389970779419,68408
11.114750385284424,68408
11.115600109100342,68408
11.116444826126099,68408
11.117295026779175,68408
11.118149042129517,68408
11.119002342224121,68408
11.11985468864441,68408
11.120707988739014,68408
11.121547937393188,68408
11.122397422790527,68408
11.123252391815186,68408
11.124116659164429,68408
11.124970197677612,68408
11.12582278251648,68408
11.126671075820923,68408
11.127516746520996,68408
11.12837028503418,68408
11.129255294799805,68408
11.130142450332642,68408
11.130996704101562,68408
11.131847620010376,68408
11.132699728012085,68408
11.133544445037842,68408
11.134405851364136,68408
11.135266780853271,68408
11.136120796203613,68408
11.13697600364685,68408
11.137822389602661,68408
11.13867473602295,68408
11.139520406723022,68408
11.14037275314331,68408
11.141227006912231,68408
11.14208197593689,68408
11.142934083938599,68408
11.143796920776367,68408
11.144649982452393,68408
11.145494937896729,68408
11.14634656906128,68408
11.14719557762146,68408
11.148049116134644,68408
11.148902416229248,68408
11.149757623672485,68408
11.150612592697144,68408
11.151458263397217,68408
11.152311086654663,68408
11.1531662940979,68408
11.154031753540039,68408
11.154887437820435,68408
11.155742168426514,68408
11.156593799591064,68408
11.157440423965454,68408
11.158291816711426,68408
11.159147500991821,68408
11.160001516342163,68408
11.160851955413818,68408
11.161704778671265,68408
11.162551164627075,68408
11.163398027420044,68408
11.164263248443604,68408
11.165118217468262,68408
11.165971040725708,68408
11.166821479797363,68408
11.167675018310547,68408
11.168517827987671,68408
11.169369459152222,68408
11.17022180557251,68408
11.171075344085693,68408
11.171926975250244,68408
11.172780752182007,68408
11.173641920089722,68408
11.174487590789795,68408
11.175337791442871,68408
11.176193952560425,68408
11.177048683166504,68408
11.177901029586792,68408
11.178751707077026,68408
11.179609060287476,68408
11.180455207824707,68408
11.181304454803467,68408
11.182162284851074,68408
11.183016061782837,68408
11.183876991271973,68408
11.184727668762207,68408
11.185583353042603,68408
11.186430931091309,68408
11.187280654907227,68408
11.188132762908936,68408
11.18898630142212,68408
11.189840078353882,68408
11.190688610076904,68408
11.191534042358398,68408
11.192384719848633,68408
11.1932373046875,68408
11.194103956222534,68408
11.194955348968506,68408
11.195804119110107,68408
11.196654081344604,68408
11.197496175765991,68408
11.198350429534912,68408
11.199195384979248,68408
11.200051546096802,68408
11.200901746749878,68408
11.201751947402954,68408
11.202600240707397,68408
11.203447818756104,68408
11.204307317733765,68408
11.205166816711426,68408
11.206015825271606,68408
11.20686960220337,68408
11.207720279693604,68408
11.208571195602417,68408
11.2094144821167,68408
11.210267543792725,68408
11.211118221282959,68408
11.211972713470459,68408
11.21282148361206,68408
11.213683843612671,68408
11.214527606964111,68408
11.215378284454346,68408
11.216229438781738,68408
11.217082977294922,68408
11.21793508529663,68408
11.218787908554077,68408
11.219639778137207,68408
11.220484256744385,68408
11.221333980560303,68408
11.22218632698059,68408
11.223037958145142,68408
11.223900079727173,68408
11.224752426147461,68408
11.225608587265015,68408
11.226452589035034,68408
11.227305173873901,68408
11.228155612945557,68408
11.229008913040161,68408
11.229857683181763,68408
11.230710983276367,68408
11.231552839279175,68408
11.232405185699463,68408
11.233256578445435,68408
11.234121799468994,68408
11.23497724533081,68408
11.235830545425415,68408
11.236685037612915,68408
11.23753046989441,68408
11.238380432128906,68408
11.239230871200562,68408
11.240084409713745,68408
11.240936517715454,68408
11.241783380508423,68408
11.242645740509033,68408
11.243488550186157,68408
11.244349479675293,68408
11.245199918746948,68408
11.246052980422974,68408
11.246903419494629,68408
11.247752904891968,68408
11.248606204986572,68408
11.24944806098938,68408
11.250300645828247,68408
11.251155138015747,68408
11.25200629234314,68408
11.252854585647583,68408
11.253714799880981,68408
11.254562377929688,68408
11.255404233932495,68408
11.256254196166992,68408
11.257107973098755,68408
11.257960557937622,68408
11.258808135986328,68408
11.259660959243774,68408
11.26050329208374,68408
11.261354446411133,68408
11.26220440864563,68408
11.263061046600342,68408
11.263924360275269,68408
11.264782667160034,68408
11.26563549041748,68408
11.266479969024658,68408
11.267329454421997,68408
11.26818299293518,68408
11.26903510093689,68408
11.26988434791565,68408
11.270731210708618,68408
11.271580457687378,68408
11.272426843643188,68408
11.273277759552002,68408
11.274141550064087,68408
11.274996519088745,68408
11.275849342346191,68408
11.276702880859375,68408
11.277546167373657,68408
11.278396368026733,68408
11.279247283935547,68408
11.280099630355835,68408
11.28095006942749,68408
11.281803131103516,68408
11.282655954360962,68408
11.283500671386719,68408
11.284363985061646,68408
11.285217761993408,68408
11.286072015762329,68408
11.286927461624146,68408
11.287778854370117,68408
11.288630485534668,68408
11.289475679397583,68408
11.290321826934814,68408
11.29117465019226,68408
11.292025566101074,68408
11.29287576675415,68408
11.293736696243286,68408
11.294586181640625,68408
11.295430183410645,68408
11.296279668807983,68408
11.297131061553955,68408
11.297985076904297,68408
11.298837184906006,68408
11.299686193466187,68408
11.300530433654785,68408
11.301381587982178,68408
11.302233695983887,68408
11.303086042404175,68408
11.303949356079102,68408
11.304800987243652,68408
11.305655717849731,68408
11.306499242782593,68408
11.307354211807251,68408
11.308206558227539,68408
11.30905818939209,68408
11.309908151626587,68408
11.31076169013977,68408
11.311613321304321,68408
11.31245756149292,68408
11.313307285308838,68408
11.314171075820923,68408
11.315023183822632,68408
11.315877437591553,68408
11.31672716140747,68408
11.317580938339233,68408
11.318427801132202,68408
11.319279193878174,68408
11.320135354995728,68408
11.32098937034607,68408
11.32183837890625,68408
11.322692155838013,68408
11.323539018630981,68408
11.324400901794434,68408
11.325257062911987,68408
11.326110601425171,68408
11.326965093612671,68408
11.327814102172852,68408
11.328664541244507,68408
11.329513788223267,68408
11.330361604690552,68408
11.331214189529419,68408
11.33206844329834,68408
11.332921266555786,68408
11.333781480789185,68408
11.334635972976685,68408
11.335483312606812,68408
11.336334705352783,68408
11.337188005447388,68408
11.338040113449097,68408
11.338895320892334,68408
11.339747667312622,68408
11.340593576431274,68408
11.341440439224243,68408
11.34228777885437,68408
11.343143224716187,68408
11.344007730484009,68408
11.344864130020142,68408
11.34571623802185,68408
11.346567153930664,68408
11.347410440444946,68408
11.348263502120972,68408
11.349116086959839,68408
11.349968910217285,68408
11.350817680358887,68408
11.35167121887207,68408
11.352517366409302,68408
11.35336685180664,68408
11.354230880737305,68408
11.355082988739014,68408
11.355935096740723,68408
11.356784582138062,68408
11.357634782791138,68408
11.358479738235474,68408
11.359333038330078,68408
11.360184907913208,68408
11.361038446426392,68408
11.361891031265259,68408
11.362740516662598,68408
11.363598585128784,68408
11.36444616317749,68408
11.365294456481934,68408
11.366147756576538,68408
11.367000818252563,68408
11.367849826812744,68408
11.368703365325928,68408
11.36954665184021,68408
11.370399951934814,68408
11.371249198913574,68408
11.372098922729492,68408
11.372954607009888,68408
11.373817205429077,68408
11.37467074394226,68408
11.375514507293701,68408
11.376363515853882,68408
11.37721586227417,68408
11.37806749343872,68408
11.378920078277588,68408
11.379772424697876,68408
11.380627155303955,68408
11.381470203399658,68408
11.38231897354126,68408
11.383167505264282,68408
11.384031295776367,68408
11.384884119033813,68408
11.385738611221313,68408
11.386590957641602,68408
11.387436151504517,68408
11.388286590576172,68408
11.389139890670776,68408
11.389989376068115,68408
11.390841007232666,68408
11.391690969467163,68408
11.392535924911499,68408
11.393383502960205,68408
11.394246339797974,68408
11.395097255706787,68408
11.39594841003418,68408
11.39679741859436,68408
11.39765191078186,68408
11.3984956741333,68408
11.399348974227905,68408
11.400201082229614,68408
11.401051998138428,68408
11.401906251907349,68408
11.402761220932007,68408
11.40362548828125,68408
11.404473066329956,68408
11.40532398223877,68408
11.40617847442627,68408
11.407028198242188,68408
11.407882690429688,68408
11.408734560012817,68408
11.409584522247314,68408
11.41042947769165,68408
11.411282062530518,68408
11.41213583946228,68408
11.412986516952515,68408
11.413846731185913,68408
11.41469931602478,68408
11.415543556213379,68408
11.416394472122192,68408
11.417243719100952,68408
11.41809892654419,68408
11.418951034545898,68408
11.419801473617554,68408
11.420655965805054,68408
11.421498775482178,68408
11.422350645065308,68408
11.423202276229858,68408
11.424064874649048,68408
11.424920082092285,68408
11.42577314376831,68408
11.426629066467285,68408
11.42747712135315,68408
11.428329944610596,68408
11.429181814193726,68408
11.430039882659912,68408
11.430890798568726,68408
11.431743383407593,68408
11.432595252990723,68408
11.433439016342163,68408
11.434298753738403,68408
11.43515682220459,68408
11.436010837554932,68408
11.436864852905273,68408
11.437715291976929,68408
11.438565731048584,68408
11.439410924911499,68408
11.440261602401733,68408
11.441112518310547,68408
11.4419686794281,68408
11.442820072174072,68408
11.443684577941895,68408
11.44452428817749,68408
11.445380449295044,68408
11.44623351097107,68408
11.447086095809937,68408
11.447938680648804,68408
11.448792219161987,68408
11.449640274047852,68408
11.450485467910767,68408
11.45133376121521,68408
11.452184677124023,68408
11.453035354614258,68408
11.453897953033447,68408
11.454751014709473,68408
11.455602884292603,68408
11.456452369689941,68408
11.457299947738647,68408
11.45815372467041,68408
11.459006786346436,68408
11.459856986999512,68408
11.460707664489746,68408
11.461552381515503,68408
11.46240234375,68408
11.463254451751709,68408
11.464117765426636,68408
11.464969635009766,68408
11.465821504592896,68408
11.466674089431763,68408
11.467517614364624,68408
11.46837067604065,68408
11.46922254562378,68408
11.470076084136963,68408
11.470930814743042,68408
11.471781015396118,68408
11.472637414932251,68408
11.47348165512085,68408
11.474343538284302,68408
11.475198984146118,68408
11.476052284240723,68408
11.476902723312378,68408
11.477752685546875,68408
11.478604078292847,68408
11.479445695877075,68408
11.480293273925781,68408
11.481146574020386,68408
11.48200011253357,68408
11.482850551605225,68408
11.483709573745728,68408
11.484554767608643,68408
11.485406160354614,68408
11.486261367797852,68408
11.487111330032349,68408
11.48796534538269,68408
11.488816738128662,68408
11.489670991897583,68408
11.490517139434814,68408
11.491369009017944,68408
11.492220401763916,68408
11.493075370788574,68408
11.493938684463501,68408
11.494787693023682,68408
11.495640754699707,68408
11.496484756469727,68408
11.497336626052856,68408
11.498194694519043,68408
11.499046325683594,68408
11.499901056289673,68408
11.50075078010559,68408
11.501605749130249,68408
11.502449989318848,68408
11.503301620483398,68408
11.50416088104248,68408
11.505016803741455,68408
11.505869150161743,68408
11.506722450256348,68408
11.507575035095215,68408
11.508422136306763,68408
11.509275913238525,68408
11.510124921798706,68408
11.510979413986206,68408
11.511830568313599,68408
11.51268219947815,68408
11.513528823852539,68408
11.514394283294678,68408
11.515249729156494,68408
11.516104459762573,68408
11.516959190368652,68408
11.517813205718994,68408
11.518666505813599,68408
11.51951003074646,68408
11.520360231399536,68408
11.521212577819824,68408
11.522065162658691,68408
11.522918701171875,68408
11.523777723312378,68408
11.52463150024414,68408
11.525477647781372,68408
11.526326656341553,68408
11.527179718017578,68408
11.528029441833496,68408
11.528881072998047,68408
11.529732942581177,68408
11.530586004257202,68408
11.531430959701538,68408
11.53228497505188,68408
11.533139705657959,68408
11.534005880355835,68408
11.53486180305481,68408
11.53571367263794,68408
11.53656268119812,68408
11.537413835525513,68408
11.53826642036438,68408
11.539120197296143,68408
11.539973974227905,68408
11.540826797485352,68408
11.541678667068481,68408
11.542526721954346,68408
11.543380737304688,68408
11.544245958328247,68408
11.545100688934326,68408
11.5459566116333,68408
11.54680585861206,68408
11.547661304473877,68408
11.548506498336792,68408
11.549361228942871,68408
11.550215721130371,68408
11.551069736480713,68408
11.55192255973816,68408
11.552775382995605,68408
11.55364179611206,68408
11.554489612579346,68408
11.555337905883789,68408
11.55619215965271,68408
11.557045698165894,68408
11.557899475097656,68408
11.55875277519226,68408
11.559612512588501,68408
11.560461282730103,68408
11.56131386756897,68408
11.562167882919312,68408
11.563021659851074,68408
11.563890933990479,68408
11.564748525619507,68408
11.565603733062744,68408
11.566452980041504,68408
11.567303895950317,68408
11.568160057067871,68408
11.569015502929688,68408
11.569867134094238,68408
11.570721864700317,68408
11.571577548980713,68408
11.57242751121521,68408
11.57328176498413,68408
11.574145317077637,68408
11.575000047683716,68408
11.575852632522583,68408
11.576699495315552,68408
11.577549457550049,68408
11.578399896621704,68408
11.579254150390625,68408
11.580108404159546,68408
11.580963134765625,68408
11.581818103790283,68408
11.582667350769043,68408
11.58351445198059,68408
11.584378719329834,68408
11.585232019424438,68408
11.586085081100464,68408
11.586937665939331,68408
11.587788105010986,68408
11.588640928268433,68408
11.589483737945557,68408
11.590334177017212,68408
11.591188430786133,68408
11.592040777206421,68408
11.592890501022339,68408
11.593755006790161,68408
11.594604730606079,68408
11.595454216003418,68408
11.596303939819336,68408
11.597155809402466,68408
11.59801173210144,68408
11.598867654800415,68408
11.599720239639282,68408
11.600570678710938,68408
11.601415872573853,68408
11.602269411087036,68408
11.603121757507324,68408
11.603984117507935,68408
11.604838132858276,68408
11.605692863464355,68408
11.606535911560059,68408
11.607392311096191,68408
11.60824465751648,68408
11.609102964401245,68408
11.609955310821533,68408
11.610805034637451,68408
11.611658573150635,68408
11.612502336502075,68408
11.613353967666626,68408
11.614216804504395,68408
11.615070343017578,68408
11.615926265716553,68408
11.616775274276733,68408
11.617626190185547,68408
11.618471384048462,68408
11.619323253631592,68408
11.620185136795044,68408
11.621039867401123,68408
11.621895551681519,68408
11.622745990753174,68408
11.623604536056519,68408
11.624450445175171,68408
11.625304222106934,68408
11.626160383224487,68408
11.627013444900513,68408
11.627865076065063,68408
11.628718852996826,68408
11.629573583602905,68408
11.630417585372925,68408
11.631268978118896,68408
11.632122039794922,68408
11.63297700881958,68408
11.633838176727295,68408
11.634692430496216,68408
11.635538578033447,68408
11.636391878128052,68408
11.637245416641235,68408
11.638099670410156,68408
11.638951539993286,68408
11.639804363250732,68408
11.640655279159546,68408
11.641502857208252,68408
11.642355918884277,68408
11.643212795257568,68408
11.644077777862549,68408
11.644931077957153,68408
11.645783185958862,68408
11.646638631820679,68408
11.647486925125122,68408
11.648340463638306,68408
11.649192571640015,68408
11.650050401687622,68408
11.65090823173523,68408
11.65175724029541,68408
11.652607679367065,68408
11.653459548950195,68408
11.65432071685791,68408
11.655177116394043,68408
11.656028270721436,68408
11.656882286071777,68408
11.657736778259277,68408
11.658587217330933,68408
11.659433841705322,68408
11.660284519195557,68408
11.661140203475952,68408
11.661993026733398,68408
11.662842035293579,68408
11.663703441619873,68408
11.664547443389893,68408
11.66539740562439,68408
11.666252374649048,68408
11.667104721069336,68408
11.667958974838257,68408
11.668811321258545,68408
11.669661521911621,68408
11.670509576797485,68408
11.671366930007935,68408
11.672219514846802,68408
11.67307424545288,68408
11.673938512802124,68408
11.674791812896729,68408
11.675645589828491,68408
11.676490545272827,68408
11.677343845367432,68408
11.67819619178772,68408
11.679047346115112,68408
11.679902791976929,68408
11.68075180053711,68408
11.681603193283081,68408
11.682449102401733,68408
11.683301210403442,68408
11.684167385101318,68408
11.685023069381714,68408
11.68587613105774,68408
11.686726808547974,68408
11.687578916549683,68408
11.688424348831177,68408
11.689279317855835,68408
11.69013261795044,68408
11.690988779067993,68408
11.691839694976807,68408
11.69269323348999,68408
11.693538427352905,68408
11.694400310516357,68408
11.69525408744812,68408
11.696108341217041,68408
11.696962356567383,68408
11.697816371917725,68408
11.698672771453857,68408
11.69951844215393,68408
11.70037055015564,68408
11.701226234436035,68408
11.702080488204956,68408
11.702934503555298,68408
11.70379114151001,68408
11.704647064208984,68408
11.705489873886108,68408
11.706343412399292,68408
11.70719838142395,68408
11.708054065704346,68408
11.708906650543213,68408
11.709761619567871,68408
11.710615396499634,68408
11.711461782455444,68408
11.712312698364258,68408
11.713168144226074,68408
11.714033365249634,68408
11.714887619018555,68408
11.71574068069458,68408
11.716593980789185,68408
11.717440366744995,68408
11.718294382095337,68408
11.719147443771362,68408
11.719999551773071,68408
11.720854997634888,68408
11.721705913543701,68408
11.722551107406616,68408
11.72340440750122,68408
11.724271535873413,68408
11.725128173828125,68408
11.725980758666992,68408
11.726832628250122,68408
11.727689027786255,68408
11.728537559509277,68408
11.729389667510986,68408
11.730242490768433,68408
11.731095314025879,68408
11.731946229934692,68408
11.73279595375061,68408
11.733657836914062,68408
11.73450517654419,68408
11.73535704612732,68408
11.736207962036133,68408
11.737061738967896,68408
11.737917184829712,68408
11.738766193389893,68408
11.739620208740234,68408
11.740464210510254,68408
11.741315126419067,68408
11.74216890335083,68408
11.74305248260498,68408
11.743919372558594,68408
11.744770765304565,68408
11.745622634887695,68408
11.746468544006348,68408
11.74731993675232,68408
11.748175621032715,68408
11.749027967453003,68408
11.749881267547607,68408
11.75073504447937,68408
11.751585960388184,68408
11.752431869506836,68408
11.753283739089966,68408
11.754149436950684,68408
11.755007982254028,68408
11.755863666534424,68408
11.756716966629028,68408
11.757567644119263,68408
11.758414268493652,68408
11.759268283843994,68408
11.760122060775757,68408
11.760979175567627,68408
11.761831760406494,68408
11.762683391571045,68408
11.763530254364014,68408
11.764395952224731,68408
11.765249013900757,68408
11.766106128692627,68408
11.766956806182861,68408
11.767805814743042,68408
11.768657922744751,68408
11.769502401351929,68408
11.770354270935059,68408
11.771207094192505,68408
11.77205777168274,68408
11.772910833358765,68408
11.773773193359375,68408
11.774630784988403,68408
11.775474548339844,68408
11.776329040527344,68408
11.777181148529053,68408
11.778032541275024,68408
11.778883695602417,68408
11.7797372341156,68408
11.780587434768677,68408
11.781432151794434,68408
11.7822847366333,68408
11.7831392288208,68408
11.784003496170044,68408
11.784854650497437,68408
11.78570818901062,68408
11.78655457496643,68408
11.787404537200928,68408
11.788257122039795,68408
11.789110898971558,68408
11.7899649143219,68408
11.79081678390503,68408
11.791671991348267,68408
11.792516231536865,68408
11.793368816375732,68408
11.79423713684082,68408
11.79509162902832,68408
11.795941591262817,68408
11.796796083450317,68408
11.797648191452026,68408
11.798495054244995,68408
11.79934811592102,68408
11.800199747085571,68408
11.801052808761597,68408
11.80190634727478,68408
11.802760362625122,68408
11.803625106811523,68408
11.80447244644165,68408
11.805323123931885,68408
11.806171178817749,68408
11.807026624679565,68408
11.807880640029907,68408
11.808732509613037,68408
11.809582948684692,68408
11.810430526733398,68408
11.811283588409424,68408
11.812138080596924,68408
11.812989234924316,68408
11.813852310180664,68408
11.814705848693848,68408
11.815550327301025,68408
11.816402435302734,68408
11.817257165908813,68408
11.818111181259155,68408
11.818966150283813,68408
11.819817304611206,68408
11.820672750473022,68408
11.821517944335938,68408
11.82236933708191,68408
11.823224067687988,68408
11.824090003967285,68408
11.824942827224731,68408
11.82579517364502,68408
11.826647996902466,68408
11.827495098114014,68408
11.828344106674194,68408
11.829200744628906,68408
11.83005690574646,68408
11.830908298492432,68408
11.831758499145508,68408
11.832608699798584,68408
11.83345365524292,68408
11.834314823150635,68408
11.835169076919556,68408
11.83602237701416,68408
11.836875915527344,68408
11.837730169296265,68408
11.83857798576355,68408
11.83942699432373,68408
11.840276956558228,68408
11.841134309768677,68408
11.84199047088623,68408
11.842844486236572,68408
11.843708753585815,68408
11.844555139541626,68408
11.845405340194702,68408
11.846258163452148,68408
11.847112655639648,68408
11.84796690940857,68408
11.848821878433228,68408
11.849672794342041,68408
11.850521087646484,68408
11.851375341415405,68408
11.852229595184326,68408
11.85308313369751,68408
11.853947401046753,68408
11.854799747467041,68408
11.85565185546875,68408
11.856498003005981,68408
11.857347965240479,68408
11.8582022190094,68408
11.859055042266846,68408
11.859910011291504,68408
11.86077618598938,68408
11.861636877059937,68408
11.862484693527222,68408
11.863334894180298,68408
11.864200353622437,68408
11.865054607391357,68408
11.865906476974487,68408
11.86675500869751,68408
11.867607593536377,68408
11.86845588684082,68408
11.869305849075317,68408
11.870158195495605,68408
11.871016263961792,68408
11.871868371963501,68408
11.872718811035156,68408
11.873577117919922,68408
11.874423742294312,68408
11.875277757644653,68408
11.87613296508789,68408
11.876986980438232,68408
11.87783932685852,68408
11.878695011138916,68408
11.879540205001831,68408
11.88039493560791,68408
11.881248950958252,68408
11.882102489471436,68408
11.882959365844727,68408
11.88381552696228,68408
11.884669303894043,68408
11.885516881942749,68408
11.886368751525879,68408
11.887218952178955,68408
11.888073205947876,68408
11.888927698135376,68408
11.88977861404419,68408
11.890632629394531,68408
11.8914794921875,68408
11.892331838607788,68408
11.89318585395813,68408
11.89405345916748,68408
11.894906044006348,68408
11.895759344100952,68408
11.896613597869873,68408
11.897461414337158,68408
11.898318767547607,68408
11.899172306060791,68408
11.900027990341187,68408
11.900879859924316,68408
11.901731967926025,68408
11.902583599090576,68408
11.903430461883545,68408
11.904297113418579,68408
11.9051513671875,68408
11.906005382537842,68408
11.90686297416687,68408
11.907715797424316,68408
11.908565759658813,68408
11.909412145614624,68408
11.910261869430542,68408
11.91111159324646,68408
11.91196322441101,68408
11.912813186645508,68408
11.91367220878601,68408
11.914519786834717,68408
11.915368556976318,68408
11.916222333908081,68408
11.917075872421265,68408
11.917930364608765,68408
11.918781280517578,68408
11.91963505744934,68408
11.920480966567993,68408
11.92133355140686,68408
11.922187089920044,68408
11.923043012619019,68408
11.923910856246948,68408
11.92476201057434,68408
11.925614833831787,68408
11.92646050453186,68408
11.927309274673462,68408
11.928161144256592,68408
11.929011583328247,68408
11.929868221282959,68408
11.930717706680298,68408
11.9315664768219,68408
11.932413101196289,68408
11.933265447616577,68408
11.934130907058716,68408
11.934989213943481,68408
11.935842514038086,68408
11.936697244644165,68408
11.937544584274292,68408
11.938393354415894,68408
11.939246892929077,68408
11.940101861953735,68408
11.940950632095337,68408
11.941803216934204,68408
11.942652463912964,68408
11.943498611450195,68408
11.944363355636597,68408
11.945216417312622,68408
11.946070671081543,68408
11.946924209594727,68408
11.947774171829224,68408
11.948627710342407,68408
11.949472188949585,68408
11.950324773788452,68408
11.95117473602295,68408
11.952028036117554,68408
11.952877521514893,68408
11.953738927841187,68408
11.954591989517212,68408
11.955440044403076,68408
11.95629072189331,68408
11.957146406173706,68408
11.957995891571045,68408
11.958847045898438,68408
11.959699630737305,68408
11.960543632507324,68408
11.961395502090454,68408
11.962245225906372,68408
11.963098526000977,68408
11.96396279335022,68408
11.964812994003296,68408
11.965664386749268,68408
11.966512680053711,68408
11.967368125915527,68408
11.968217134475708,68408
11.96907091140747,68408
11.969927072525024,68408
11.970780372619629,68408
11.971635103225708,68408
11.972479820251465,68408
11.973331689834595,68408
11.974196672439575,68408
11.975053548812866,68408
11.975905179977417,68408
11.97675609588623,68408
11.977614164352417,68408
11.978461503982544,68408
11.979310750961304,68408
11.980163335800171,68408
11.981017589569092,68408
11.981869459152222,68408
11.982722043991089,68408
11.983579397201538,68408
11.984430313110352,68408
11.985279560089111,68408
11.986132621765137,68408
11.986987590789795,68408
11.987841367721558,68408
11.98869252204895,68408
11.989540576934814,68408
11.99039101600647,68408
11.991246223449707,68408
11.992097854614258,68408
11.992949724197388,68408
11.993809223175049,68408
11.994657516479492,68408
11.995502948760986,68408
11.996355056762695,68408
11.997206211090088,68408
11.998061656951904,68408
11.998912811279297,68408
11.999768257141113,68408
12.000620365142822,68408
12.001466274261475,68408
12.002319097518921,68408
12.003172159194946,68408
12.004035711288452,68408
12.004891633987427,68408
12.005743741989136,68408
12.006590127944946,68408
12.007436037063599,68408
12.008288145065308,68408
12.009141445159912,68408
12.009995460510254,68408
12.010846614837646,68408
12.011700868606567,68408
12.012547969818115,68408
12.013396978378296,68408
12.014261245727539,68408
12.015112400054932,68408
12.015965938568115,68408
12.01681900024414,68408
12.017668962478638,68408
12.018518924713135,68408
12.01937198638916,68408
12.020227193832397,68408
12.02108383178711,68408
12.021936655044556,68408
12.022786378860474,68408
12.023648977279663,68408
12.024493932723999,68408
12.025348663330078,68408
12.02620244026184,68408
12.027056455612183,68408
12.027910470962524,68408
12.028766393661499,68408
12.02961802482605,68408
12.03046464920044,68408
12.031318187713623,68408
12.032171726226807,68408
12.033023595809937,68408
12.033885478973389,68408
12.034739017486572,68408
12.035588502883911,68408
12.036431550979614,68408
12.037285327911377,68408
12.038140296936035,68408
12.03899335861206,68408
12.039844036102295,68408
12.040693521499634,68408
12.041542291641235,68408
12.042392015457153,68408
12.043246746063232,68408
12.044111251831055,68408
12.044966220855713,68408
12.045821905136108,68408
12.046674013137817,68408
12.047516584396362,68408
12.048368453979492,68408
12.049225568771362,68408
12.050079584121704,68408
12.050931215286255,68408
12.05178189277649,68408
12.052639245986938,68408
12.053483486175537,68408
12.054346799850464,68408
12.05520248413086,68408
12.056055784225464,68408
12.056906461715698,68408
12.057758569717407,68408
12.058611869812012,68408
12.059458494186401,68408
12.060309648513794,68408
12.061164140701294,68408
12.062015533447266,68408
12.062872171401978,68408
12.063735246658325,68408
12.064584016799927,68408
12.06543231010437,68408
12.066285133361816,68408
12.067140579223633,68408
12.067992925643921,68408
12.06884479522705,68408
12.069697618484497,68408
12.0705406665802,68408
12.071396827697754,68408
12.072248935699463,68408
12.073101043701172,68408
12.07396411895752,68408
12.074812173843384,68408
12.075667381286621,68408
12.076512098312378,68408
12.077366590499878,68408
12.078222036361694,68408
12.079074144363403,68408
12.079930543899536,68408
12.08077883720398,68408
12.081628322601318,68408
12.082470655441284,68408
12.083324909210205,68408
12.084186792373657,68408
12.085039615631104,68408
12.085892915725708,68408
12.086747646331787,68408
12.087601661682129,68408
12.08844518661499,68408
12.089295625686646,68408
12.0901517868042,68408
12.0910005569458,68408
12.09185004234314,68408
12.092701196670532,68408
12.09354829788208,68408
12.09441065788269,68408
12.09526252746582,68408
12.096115827560425,68408
12.096970558166504,68408
12.097821950912476,68408
12.098678827285767,68408
12.099524021148682,68408
12.100373983383179,68408
12.101228952407837,68408
12.102083683013916,68408
12.102938175201416,68408
12.103801250457764,68408
12.104655504226685,68408
12.105501890182495,68408
12.106352090835571,68408
12.107201099395752,68408
12.108054876327515,68408
12.108907222747803,68408
12.109757661819458,68408
12.110612154006958,68408
12.111460447311401,68408
12.112310886383057,68408
12.113164901733398,68408
12.114028215408325,68408
12.114880323410034,68408
12.115731239318848,68408
12.116583347320557,68408
12.117425918579102,68408
12.118275880813599,68408
12.11912989616394,68408
12.119981527328491,68408
12.120835304260254,68408
12.121684551239014,68408
12.122530937194824,68408
12.123381853103638,68408
12.124242067337036,68408
12.12509536743164,68408
12.12594723701477,68408
12.12679672241211,68408
12.12765121459961,68408
12.128491163253784,68408
12.129339456558228,68408
12.13019323348999,68408
12.131047487258911,68408
12.131900310516357,68408
12.13274884223938,68408
12.133604764938354,68408
12.134454727172852,68408
12.135305643081665,68408
12.13615894317627,68408
12.137013673782349,68408
12.137866735458374,68408
12.138718843460083,68408
12.139569520950317,68408
12.140415668487549,68408
12.141270637512207,68408
12.14212417602539,68408
12.14298152923584,68408
12.14384388923645,68408
12.144699573516846,68408
12.14554476737976,68408
12.146397352218628,68408
12.147249460220337,68408
12.14810299873352,68408
12.14895486831665,68408
12.149806022644043,68408
12.15065622329712,68408
12.151499509811401,68408
12.15234899520874,68408
12.153204917907715,68408
12.154070377349854,68408
12.154924631118774,68408
12.155773401260376,68408
12.156622886657715,68408
12.157471179962158,68408
12.158324241638184,68408
12.159178733825684,68408
12.160033702850342,68408
12.16088581085205,68408
12.16173791885376,68408
12.162588119506836,68408
12.163434982299805,68408
12.164295673370361,68408
12.165148258209229,68408
12.16600227355957,68408
12.1668541431427,68408
12.167709350585938,68408
12.168556213378906,68408
12.169410228729248,68408
12.170258522033691,68408
12.171112775802612,68408
12.171963691711426,68408
12.17281723022461,68408
12.173679113388062,68408
12.17452335357666,68408
12.175375938415527,68408
12.176228284835815,68408
12.177083969116211,68408
12.17793893814087,68408
12.178792715072632,68408
12.179642677307129,68408
12.180485963821411,68408
12.181333065032959,68408
12.182186841964722,68408
12.183038711547852,68408
12.183901309967041,68408
12.184757471084595,68408
12.185609102249146,68408
12.186454772949219,68408
12.187307357788086,68408
12.188162565231323,68408
12.189018964767456,68408
12.189874410629272,68408
12.190728902816772,68408
12.191580295562744,68408
12.192429780960083,68408
12.193280935287476,68408
12.19414758682251,68408
12.194998264312744,68408
12.19584846496582,68408
12.196698427200317,68408
12.197544574737549,68408
12.198397159576416,68408
12.199249267578125,68408
12.200101137161255,68408
12.200951337814331,68408
12.201801538467407,68408
12.202654838562012,68408
12.203500509262085,68408
12.204361200332642,68408
12.2052161693573,68408
12.206072568893433,68408
12.2069251537323,68408
12.207777500152588,68408
12.20862889289856,68408
12.209472179412842,68408
12.210319757461548,68408
12.21117353439331,68408
12.212026119232178,68408
12.212879180908203,68408
12.213741540908813,68408
12.214592456817627,68408
12.215437412261963,68408
12.216290950775146,68408
12.217145919799805,68408
12.217999458312988,68408
12.218848466873169,68408
12.219700813293457,68408
12.22054672241211,68408
12.221394777297974,68408
12.222246646881104,68408
12.223099708557129,68408
12.22396183013916,68408
12.224811315536499,68408
12.225662469863892,68408
12.22650671005249,68408
12.227357149124146,68408
12.228212118148804,68408
12.229061365127563,68408
12.229916334152222,68408
12.230767488479614,68408
12.231620788574219,68408
12.232464790344238,68408
12.233316421508789,68408
12.234180212020874,68408
12.235034704208374,68408
12.235882759094238,68408
12.236734628677368,68408
12.237585306167603,68408
12.238431215286255,68408
12.239285707473755,68408
12.240140914916992,68408
12.240997552871704,68408
12.241854429244995,68408
12.242705821990967,68408
12.243552446365356,68408
12.244413375854492,68408
12.245264768600464,68408
12.246121644973755,68408
12.246981382369995,68408
12.247830152511597,68408
12.24868392944336,68408
12.24953007698059,68408
12.25038194656372,68408
12.25123143196106,68408
12.25208306312561,68408
12.252936363220215,68408
12.253798246383667,68408
12.254648923873901,68408
12.255494594573975,68408
12.256347179412842,68408
12.257203578948975,68408
12.258055686950684,68408
12.258907318115234,68408
12.259758710861206,68408
12.260610103607178,68408
12.261453628540039,68408
12.26230525970459,68408
12.263156175613403,68408
12.264018774032593,68408
12.264872312545776,68408
12.265724897384644,68408
12.266575336456299,68408
12.267423152923584,68408
12.268275260925293,68408
12.269126892089844,68408
12.269980669021606,68408
12.270832777023315,68408
12.271684169769287,68408
12.272530794143677,68408
12.27338433265686,68408
12.27424931526184,68408
12.275102376937866,68408
12.275955200195312,68408
12.276806831359863,68408
12.277657508850098,68408
12.278501272201538,68408
12.279350757598877,68408
12.280204772949219,68408
12.28105616569519,68408
12.281911373138428,68408
12.282761335372925,68408
12.283621072769165,68408
12.284467697143555,68408
12.28531789779663,68408
12.286170244216919,68408
12.287028789520264,68408
12.287883758544922,68408
12.28873586654663,68408
12.289592266082764,68408
12.290436744689941,68408
12.291290998458862,68408
12.292142152786255,68408
12.292994976043701,68408
12.293853521347046,68408
12.294704914093018,68408
12.295547485351562,68408
12.296399354934692,68408
12.297253370285034,68408
12.298104763031006,68408
12.298958778381348,68408
12.299809217453003,68408
12.300662994384766,68408
12.30150818824768,68408
12.302362442016602,68408
12.303215742111206,68408
12.304081201553345,68408
12.304937362670898,68408
12.305790662765503,68408
12.30664610862732,68408
12.307492017745972,68408
12.30834674835205,68408
12.309200286865234,68408
12.310055255889893,68408
12.310907363891602,68408
12.311761379241943,68408
12.312613248825073,68408
12.313458681106567,68408
12.314324378967285,68408
12.315176963806152,68408
12.316028594970703,68408
12.316882848739624,68408
12.317737817764282,68408
12.318592071533203,68408
12.319436073303223,68408
12.320288896560669,68408
12.321142196655273,68408
12.321996688842773,68408
12.322847127914429,68408
12.323708057403564,68408
12.324552297592163,68408
12.32540774345398,68408
12.32625675201416,68408
12.327113151550293,68408
12.327971696853638,68408
12.328827857971191,68408
12.329681396484375,68408
12.330528497695923,68408
12.33138108253479,68408
12.332234621047974,68408
12.333085060119629,68408
12.333951473236084,68408
12.33480429649353,68408
12.335658311843872,68408
12.33650803565979,68408
12.337359189987183,68408
12.338211297988892,68408
12.339064121246338,68408
12.339919805526733,68408
12.34077000617981,68408
12.34162425994873,68408
12.342472553253174,68408
12.343323469161987,68408
12.344191074371338,68408
12.345043420791626,68408
12.345897674560547,68408
12.34674882888794,68408
12.347602844238281,68408
12.348450183868408,68408
12.349298000335693,68408
12.350151062011719,68408
12.351003408432007,68408
12.351855993270874,68408
12.352705717086792,68408
12.353555679321289,68408
12.35441780090332,68408
12.355271577835083,68408
12.356126546859741,68408
12.356979370117188,68408
12.357834100723267,68408
12.358688116073608,68408
12.359536170959473,68408
12.360385417938232,68408
12.361241340637207,68408
12.362094163894653,68408
12.362951040267944,68408
12.363812446594238,68408
12.364665031433105,68408
12.365505695343018,68408
12.366360902786255,68408
12.367212295532227,68408
12.368066787719727,68408
12.368922710418701,68408
12.369774341583252,68408
12.370627164840698,68408
12.371472120285034,68408
12.372323036193848,68408
12.373176336288452,68408
12.374043941497803,68408
12.374895572662354,68408
12.375747203826904,68408
12.376601696014404,68408
12.377447128295898,68408
12.378295660018921,68408
12.379148006439209,68408
12.380002975463867,68408
12.38085412979126,68408
12.381707191467285,68408
12.38255262374878,68408
12.383404016494751,68408
12.384269714355469,68408
12.385128021240234,68408
12.385982513427734,68408
12.386836051940918,68408
12.387685060501099,68408
12.388530254364014,68408
12.389381170272827,68408
12.390234470367432,68408
12.391087532043457,68408
12.39194107055664,68408
12.392792701721191,68408
12.393657445907593,68408
12.394502401351929,68408
12.39534878730774,68408
12.396198987960815,68408
12.39705514907837,68408
12.397905111312866,68408
12.398755311965942,68408
12.399608373641968,68408
12.400457382202148,68408
12.401304721832275,68408
12.402158737182617,68408
12.403019905090332,68408
12.403883934020996,68408
12.404736995697021,68408
12.405588388442993,68408
12.406436920166016,68408
12.407291173934937,68408
12.40814471244812,68408
12.40899920463562,68408
12.4098539352417,68408
12.4107084274292,68408
12.411555051803589,68408
12.41240644454956,68408
12.413256883621216,68408
12.414123773574829,68408
12.414979457855225,68408
12.41582989692688,68408
12.416685104370117,68408
12.417531490325928,68408
12.418382406234741,68408
12.419234037399292,68408
12.42008662223816,68408
12.420942783355713,68408
12.421796560287476,68408
12.422652006149292,68408
12.423498153686523,68408
12.424359321594238,68408
12.425214052200317,68408
12.426067590713501,68408
12.426919221878052,68408
12.427770614624023,68408
12.428622245788574,68408
12.429468870162964,68408
12.430320739746094,68408
12.431172609329224,68408
12.432024478912354,68408
12.432878494262695,68408
12.433737993240356,68408
12.434590816497803,68408
12.435438632965088,68408
12.436290502548218,68408
12.437144994735718,68408
12.437998533248901,68408
12.438849449157715,68408
12.439704656600952,68408
12.440553188323975,68408
12.441405773162842,68408
12.442259311676025,68408
12.443113327026367,68408
12.443981647491455,68408
12.444834232330322,68408
12.445687055587769,68408
12.446531295776367,68408
12.44738245010376,68408
12.448235511779785,68408
12.449088335037231,68408
12.449942827224731,68408
12.450794696807861,68408
12.45165205001831,68408
12.452496767044067,68408
12.453351020812988,68408
12.454216957092285,68408
12.455073595046997,68408
12.455923318862915,68408
12.45677375793457,68408
12.457622289657593,68408
12.458468914031982,68408
12.45932149887085,68408
12.460175514221191,68408
12.461028814315796,68408
12.461884260177612,68408
12.462738037109375,68408
12.463595867156982,68408
12.464446067810059,68408
12.465299844741821,68408
12.466155052185059,68408
12.467012405395508,68408
12.467864036560059,68408
12.468719005584717,68408
12.46956729888916,68408
12.470418691635132,68408
12.47127652168274,68408
12.472131967544556,68408
12.47298526763916,68408
12.473848581314087,68408
12.474698543548584,68408
12.475543975830078,68408
12.47639513015747,68408
12.477250814437866,68408
12.47810983657837,68408
12.478966474533081,68408
12.479816913604736,68408
12.480669498443604,68408
12.48151421546936,68408
12.48236608505249,68408
12.483221054077148,68408
12.484084606170654,68408
12.484937906265259,68408
12.485792636871338,68408
12.486643552780151,68408
12.487488985061646,68408
12.488337516784668,68408
12.489191055297852,68408
12.490047216415405,68408
12.490901231765747,68408
12.491753578186035,68408
12.492608308792114,68408
12.493454456329346,68408
12.49431562423706,68408
12.495169878005981,68408
12.496020793914795,68408
12.496872663497925,68408
12.497723817825317,68408
12.49857497215271,68408
12.499421834945679,68408
12.500272512435913,68408
12.501126050949097,68408
12.501979112625122,68408
12.502833127975464,68408
12.503698110580444,68408
12.504544258117676,68408
12.505397081375122,68408
12.506249904632568,68408
12.507103681564331,68408
12.507957935333252,68408
12.508806467056274,68408
12.509658813476562,68408
12.510504007339478,68408
12.511352300643921,68408
12.512202501296997,68408
12.513057231903076,68408
12.513919353485107,68408
12.51477313041687,68408
12.515631198883057,68408
12.51647686958313,68408
12.51732611656189,68408
12.518177509307861,68408
12.519033432006836,68408
12.51988434791565,68408
12.520737409591675,68408
12.521587610244751,68408
12.522435665130615,68408
12.523290872573853,68408
12.524157762527466,68408
12.525012731552124,68408
12.525866508483887,68408
12.5267174243927,68408
12.527565956115723,68408
12.52841329574585,68408
12.529267311096191,68408
12.530120849609375,68408
12.530975103378296,68408
12.5318284034729,68408
12.5326828956604,68408
12.53352975845337,68408
12.534390926361084,68408
12.535244464874268,68408
12.536096811294556,68408
12.536949872970581,68408
12.537803411483765,68408
12.53865385055542,68408
12.539499521255493,68408
12.540350437164307,68408
12.541201829910278,68408
12.542054653167725,68408
12.542912244796753,68408
12.5437753200531,68408
12.54463243484497,68408
12.545478820800781,68408
12.54633092880249,68408
12.547186136245728,68408
12.548034906387329,68408
12.548888683319092,68408
12.549739599227905,68408
12.550591230392456,68408
12.55143427848816,68408
12.552287578582764,68408
12.553143978118896,68408
12.554008722305298,68408
12.554866075515747,68408
12.555717468261719,68408
12.556567668914795,68408
12.557414293289185,68408
12.558270692825317,68408
12.559124946594238,68408
12.559977293014526,68408
12.560832738876343,68408
12.56168532371521,68408
12.562531471252441,68408
12.563382387161255,68408
12.564246416091919,68408
12.56510329246521,68408
12.565954446792603,68408
12.566808700561523,68408
12.5676589012146,68408
12.56850814819336,68408
12.569359302520752,68408
12.570211172103882,68408
12.571067094802856,68408
12.571919679641724,68408
12.572771310806274,68408
12.573636054992676,68408
12.574486017227173,68408
12.575333833694458,68408
12.576184749603271,68408
12.577038049697876,68408
12.577890634536743,68408
12.578745603561401,68408
12.57959270477295,68408
12.580439567565918,68408
12.581291198730469,68408
12.582144975662231,68408
12.582997798919678,68408
12.58385944366455,68408
12.584714889526367,68408
12.58556866645813,68408
12.586416482925415,68408
12.587274551391602,68408
12.588127136230469,68408
12.588979721069336,68408
12.589832544326782,68408
12.590683221817017,68408
12.591530084609985,68408
12.592379093170166,68408
12.593230724334717,68408
12.594096899032593,68408
12.594953060150146,68408
12.595801830291748,68408
12.596654176712036,68408
12.59749722480774,68408
12.598346710205078,68408
12.599200963973999,68408
12.600052833557129,68408
12.600906133651733,68408
12.60175895690918,68408
12.602609872817993,68408
12.603453874588013,68408
12.604310274124146,68408
12.605165243148804,68408
12.6060152053833,68408
12.606866121292114,68408
12.607717275619507,68408
12.608566284179688,68408
12.609413623809814,68408
12.610266923904419,68408
12.611118793487549,68408
12.611974000930786,68408
12.612826824188232,68408
12.613687515258789,68408
12.614537715911865,68408
12.61539077758789,68408
12.616244316101074,68408
12.617101430892944,68408
12.617955207824707,68408
12.61880898475647,68408
12.619672060012817,68408
12.620519638061523,68408
12.621373414993286,68408
12.622227191925049,68408
12.623085498809814,68408
12.623950481414795,68408
12.62480354309082,68408
12.62565541267395,68408
12.626501083374023,68408
12.627352476119995,68408
12.628206968307495,68408
12.62906002998352,68408
12.629912614822388,68408
12.63076663017273,68408
12.631617069244385,68408
12.6324622631073,68408
12.633312940597534,68408
12.63418197631836,68408
12.635040521621704,68408
12.63589882850647,68408
12.636749029159546,68408
12.637600660324097,68408
12.638447046279907,68408
12.63930058479309,68408
12.64015245437622,68408
12.641004800796509,68408
12.641857862472534,68408
12.642709732055664,68408
12.643555641174316,68408
12.644419431686401,68408
12.645273923873901,68408
12.646128177642822,68408
12.646981239318848,68408
12.647833347320557,68408
12.648684740066528,68408
12.649527549743652,68408
12.650376319885254,68408
12.651230812072754,68408
12.652085304260254,68408
12.652940034866333,68408
12.653801918029785,68408
12.654654502868652,68408
12.65549921989441,68408
12.656347751617432,68408
12.657203435897827,68408
12.658056497573853,68408
12.65890908241272,68408
12.659763097763062,68408
12.660616874694824,68408
12.661459922790527,68408
12.66231107711792,68408
12.663166522979736,68408
12.664029836654663,68408
12.664884805679321,68408
12.66573715209961,68408
12.666590929031372,68408
12.667436599731445,68408
12.668292760848999,68408
12.669149160385132,68408
12.670001029968262,68408
12.670859575271606,68408
12.67171573638916,68408
12.672565937042236,68408
12.673414468765259,68408
12.67427921295166,68408
12.675134658813477,68408
12.675992250442505,68408
12.676847219467163,68408
12.677701234817505,68408
12.678544998168945,68408
12.679394960403442,68408
12.680253505706787,68408
12.68110990524292,68408
12.681961059570312,68408
12.682815790176392,68408
12.683680057525635,68408
12.684526443481445,68408
12.685380220413208,68408
12.686233282089233,68408
12.687086820602417,68408
12.687941789627075,68408
12.68879508972168,68408
12.689647436141968,68408
12.690493106842041,68408
12.691343069076538,68408
12.69219708442688,68408
12.693052053451538,68408
12.693918704986572,68408
12.69477105140686,68408
12.695626974105835,68408
12.696476221084595,68408
12.697329998016357,68408
12.69818377494812,68408
12.699041366577148,68408
12.69989562034607,68408
12.700751781463623,68408
12.70160436630249,68408
12.702450037002563,68408
12.703299760818481,68408
12.7041654586792,68408
12.705018043518066,68408
12.705868482589722,68408
12.706719398498535,68408
12.70757007598877,68408
12.708413124084473,68408
12.709264039993286,68408
12.710118293762207,68408
12.710973739624023,68408
12.711825132369995,68408
12.712679862976074,68408
12.713526248931885,68408
12.714389562606812,68408
12.715243577957153,68408
12.716102123260498,68408
12.71695327758789,68408
12.71780800819397,68408
12.718661546707153,68408
12.719505548477173,68408
12.720359325408936,68408
12.721211910247803,68408
12.722067832946777,68408
12.722921371459961,68408
12.72378134727478,68408
12.724636316299438,68408
12.725480794906616,68408
12.726335287094116,68408
12.727189540863037,68408
12.728046417236328,68408
12.72890043258667,68408
12.729755878448486,68408
12.730611085891724,68408
12.731457948684692,68408
12.732311725616455,68408
12.733165979385376,68408
12.734032392501831,68408
12.734890222549438,68408
12.735740661621094,68408
12.736592531204224,68408
12.737438440322876,68408
12.73829197883606,68408
12.739145040512085,68408
12.739997386932373,68408
12.740849494934082,68408
12.741697788238525,68408
12.742541790008545,68408
12.743398904800415,68408
12.744262218475342,68408
12.74511456489563,68408
12.745967626571655,68408
12.746822834014893,68408
12.747676134109497,68408
12.74852180480957,68408
12.74937105178833,68408
12.750225067138672,68408
12.751079082489014,68408
12.751934051513672,68408
12.752784490585327,68408
12.753648519515991,68408
12.754491567611694,68408
12.755346298217773,68408
12.756200075149536,68408
12.757057905197144,68408
12.757916688919067,68408
12.75877070426941,68408
12.75962233543396,68408
12.760470151901245,68408
12.761322498321533,68408
12.76217770576477,68408
12.763035297393799,68408
12.763900756835938,68408
12.764753341674805,68408
12.765605449676514,68408
12.766452550888062,68408
12.767304182052612,68408
12.768159866333008,68408
12.769014358520508,68408
12.769866228103638,68408
12.77071762084961,68408
12.77156949043274,68408
12.77241587638855,68408
12.773268461227417,68408
12.77413535118103,68408
12.77498722076416,68408
12.775840520858765,68408
12.776692628860474,68408
12.777535915374756,68408
12.778388023376465,68408
12.779242992401123,68408
12.780097246170044,68408
12.780951261520386,68408
12.781805038452148,68408
12.782660722732544,68408
12.783508062362671,68408
12.784367084503174,68408
12.785226345062256,68408
12.78607988357544,68408
12.786933660507202,68408
12.787785768508911,68408
12.788635492324829,68408
12.789481163024902,68408
12.790329694747925,68408
12.791182518005371,68408
12.792037725448608,68408
12.792893409729004,68408
12.793753862380981,68408
12.79460597038269,68408
12.79544973373413,68408
12.796303987503052,68408
12.797160625457764,68408
12.79801344871521,68408
12.798869132995605,68408
12.799724817276001,68408
12.800573825836182,68408
12.801419258117676,68408
12.802271604537964,68408
12.803128004074097,68408
12.80399227142334,68408
12.804843425750732,68408
12.805696249008179,68408
12.806540727615356,68408
12.807395458221436,68408
12.808251857757568,68408
12.80910348892212,68408
12.80995774269104,68408
12.8108069896698,68408
12.81165623664856,68408
12.812501430511475,68408
12.813352584838867,68408
12.814217329025269,68408
12.815077066421509,68408
12.815929412841797,68408
12.816782712936401,68408
12.81763482093811,68408
12.81848406791687,68408
12.819339752197266,68408
12.820193529129028,68408
12.821046829223633,68408
12.821900606155396,68408
12.822755813598633,68408
12.823619842529297,68408
12.824468612670898,68408
12.825321435928345,68408
12.826176404953003,68408
12.827033042907715,68408
12.827886581420898,68408
12.828739166259766,68408
12.82958984375,68408
12.830437421798706,68408
12.831287622451782,68408
12.832144260406494,68408
12.833000183105469,68408
12.8338623046875,68408
12.834714412689209,68408
12.835567235946655,68408
12.83641242980957,68408
12.837267398834229,68408
12.838117599487305,68408
12.838972568511963,68408
12.839824199676514,68408
12.840677976608276,68408
12.841527938842773,68408
12.84238076210022,68408
12.843231916427612,68408
12.844098091125488,68408
12.84494924545288,68408
12.845802068710327,68408
12.846656084060669,68408
12.847506046295166,68408
12.848363637924194,68408
12.849215745925903,68408
12.850068807601929,68408
12.85092282295227,68408
12.851769924163818,68408
12.852621793746948,68408
12.853464841842651,68408
12.85432505607605,68408
12.85517930984497,68408
12.856034994125366,68408
12.856886625289917,68408
12.857741355895996,68408
12.858593225479126,68408
12.859438419342041,68408
12.8602933883667,68408
12.861142873764038,68408
12.861996173858643,68408
12.862847805023193,68408
12.863707542419434,68408
12.864555597305298,68408
12.86541223526001,68408
12.866265058517456,68408
12.867116689682007,68408
12.86797046661377,68408
12.868821859359741,68408
12.869675159454346,68408
12.87051796913147,68408
12.87136960029602,68408
12.872220993041992,68408
12.87307620048523,68408
12.873942136764526,68408
12.874794483184814,68408
12.875643253326416,68408
12.876489877700806,68408
12.877342224121094,68408
12.878197193145752,68408
12.879050254821777,68408
12.879906415939331,68408
12.880759716033936,68408
12.881612777709961,68408
12.88245677947998,68408
12.883307456970215,68408
12.884172201156616,68408
12.885028600692749,68408
12.885883569717407,68408
12.88673734664917,68408
12.88758897781372,68408
12.888434886932373,68408
12.889286994934082,68408
12.89013934135437,68408
12.890991687774658,68408
12.891844034194946,68408
12.892693519592285,68408
12.893537998199463,68408
12.894402265548706,68408
12.895257234573364,68408
12.896110773086548,68408
12.896964073181152,68408
12.897814989089966,68408
12.898670434951782,68408
12.899515628814697,68408
12.90036916732788,68408
12.90122127532959,68408
12.902072191238403,68408
12.902923583984375,68408
12.903783798217773,68408
12.904637098312378,68408
12.905489206314087,68408
12.906338930130005,68408
12.907190084457397,68408
12.90804409980774,68408
12.908901691436768,68408
12.909754753112793,68408
12.910609006881714,68408
12.911454439163208,68408
12.912306308746338,68408
12.913158655166626,68408
12.914021253585815,68408
12.914876461029053,68408
12.915730476379395,68408
12.916576147079468,68408
12.91741943359375,68408
12.918272256851196,68408
12.919126033782959,68408
12.919979333877563,68408
12.920831680297852,68408
12.921685457229614,68408
12.922533988952637,68408
12.923385381698608,68408
12.924249649047852,68408
12.92510461807251,68408
12.925959825515747,68408
12.926811218261719,68408
12.927663326263428,68408
12.928511619567871,68408
12.929364681243896,68408
12.930216312408447,68408
12.931071043014526,68408
12.931922674179077,68408
12.932774782180786,68408
12.933636903762817,68408
12.93448281288147,68408
12.93533706665039,68408
12.936193227767944,68408
12.937050580978394,68408
12.937904119491577,68408
12.938756704330444,68408
12.939610481262207,68408
12.940456628799438,68408
12.941308498382568,68408
12.942162036895752,68408
12.94301700592041,68408
12.943880558013916,68408
12.944731950759888,68408
12.945584058761597,68408
12.946433067321777,68408
12.947285413742065,68408
12.948138952255249,68408
12.948993921279907,68408
12.94984483718872,68408
12.950694561004639,68408
12.951544046401978,68408
12.95239806175232,68408
12.953253030776978,68408
12.954118490219116,68408
12.954971551895142,68408
12.955826997756958,68408
12.956679105758667,68408
12.957526922225952,68408
12.958382606506348,68408
12.959234714508057,68408
12.960088729858398,68408
12.960943460464478,68408
12.961795806884766,68408
12.96264934539795,68408
12.96349573135376,68408
12.964359998703003,68408
12.96521520614624,68408
12.966071128845215,68408
12.966926574707031,68408
12.967782020568848,68408
12.968635082244873,68408
12.969481945037842,68408
12.970335960388184,68408
12.971189737319946,68408
12.972041368484497,68408
12.972892045974731,68408
12.973754167556763,68408
12.974608182907104,68408
12.975454092025757,68408
12.976308107376099,68408
12.977161645889282,68408
12.978013277053833,68408
12.978868007659912,68408
12.979719877243042,68408
12.980573654174805,68408
12.981418371200562,68408
12.982272863388062,68408
12.983127117156982,68408
12.983993768692017,68408
12.984847068786621,68408
12.985703229904175,68408
12.986549139022827,68408
12.987401723861694,68408
12.988252878189087,68408
12.98910403251648,68408
12.989957809448242,68408
12.990811824798584,68408
12.991664171218872,68408
12.992512464523315,68408
12.993364572525024,68408
12.994231224060059,68408
12.995087146759033,68408
12.995940685272217,68408
12.996794939041138,68408
12.997645616531372,68408
12.998492002487183,68408
12.999344825744629,68408
13.0001962184906,68408
13.001047134399414,68408
13.001898050308228,68408
13.002752780914307,68408
13.003612756729126,68408
13.004460334777832,68408
13.005313873291016,68408
13.006169080734253,68408
13.007022857666016,68408
13.007878541946411,68408
13.008730173110962,68408
13.00957703590393,68408
13.010424613952637,68408
13.011277675628662,68408
13.012136936187744,68408
13.01298999786377,68408
13.01384973526001,68408
13.014705419540405,68408
13.015554904937744,68408
13.016408205032349,68408
13.017262697219849,68408
13.018117189407349,68408
13.018969774246216,68408
13.019823551177979,68408
13.020676612854004,68408
13.021525144577026,68408
13.022379159927368,68408
13.023234605789185,68408
13.024101972579956,68408
13.024957180023193,68408
13.025808095932007,68408
13.026662826538086,68408
13.02750849723816,68408
13.028363227844238,68408
13.029216766357422,68408
13.030068397521973,68408
13.030921936035156,68408
13.031772375106812,68408
13.032623529434204,68408
13.033471822738647,68408
13.034334659576416,68408
13.035189867019653,68408
13.036043643951416,68408
13.036891460418701,68408
13.037739992141724,68408
13.038592100143433,68408
13.039438962936401,68408
13.040293216705322,68408
13.041147708892822,68408
13.041999816894531,68408
13.042848348617554,68408
13.043709993362427,68408
13.044564962387085,68408
13.045410633087158,68408
13.046265840530396,68408
13.047121047973633,68408
13.047972679138184,68408
13.048828363418579,68408
13.049681663513184,68408
13.050525665283203,68408
13.051380395889282,68408
13.052236080169678,68408
13.05308747291565,68408
13.053953886032104,68408
13.054810285568237,68408
13.055664777755737,68408
13.056511878967285,68408
13.057363271713257,68408
13.05821967124939,68408
13.05907416343689,68408
13.059924840927124,68408
13.06078052520752,68408
13.061633348464966,68408
13.062480211257935,68408
13.06333065032959,68408
13.064198017120361,68408
13.065056562423706,68408
13.065916776657104,68408
13.06676959991455,68408
13.067622900009155,68408
13.068470478057861,68408
13.069323778152466,68408
13.070177793502808,68408
13.071032762527466,68408
13.071884155273438,68408
13.072738409042358,68408
13.073597431182861,68408
13.074446678161621,68408
13.075297594070435,68408
13.076154232025146,68408
13.077010154724121,68408
13.07786226272583,68408
13.078714370727539,68408
13.079565048217773,68408
13.080407857894897,68408
13.081260204315186,68408
13.082114458084106,68408
13.082968950271606,68408
13.083828449249268,68408
13.08468222618103,68408
13.085527896881104,68408
13.086379528045654,68408
13.08723258972168,68408
13.088088274002075,68408
13.088945865631104,68408
13.089798212051392,68408
13.090651035308838,68408
13.0914945602417,68408
13.092348337173462,68408
13.09320330619812,68408
13.094067573547363,68408
13.094923496246338,68408
13.095771789550781,68408
13.09662675857544,68408
13.097470760345459,68408
13.098321914672852,68408
13.099176406860352,68408
13.100032806396484,68408
13.100884199142456,68408
13.101737260818481,68408
13.10258436203003,68408
13.103431940078735,68408
13.104291915893555,68408
13.105141639709473,68408
13.105995178222656,68408
13.106848001480103,68408
13.10770034790039,68408
13.10854721069336,68408
13.109398365020752,68408
13.110255479812622,68408
13.111113786697388,68408
13.11196780204773,68408
13.112825393676758,68408
13.113691568374634,68408
13.114539623260498,68408
13.115391969680786,68408
13.116249799728394,68408
13.117108345031738,68408
13.117966651916504,68408
13.118818998336792,68408
13.119673728942871,68408
13.120521545410156,68408
13.121373653411865,68408
13.12222957611084,68408
13.123082399368286,68408
13.12394905090332,68408
13.124801635742188,68408
13.125656366348267,68408
13.126506805419922,68408
13.127357482910156,68408
13.128212690353394,68408
13.129068374633789,68408
13.129920244216919,68408
13.130772590637207,68408
13.131627559661865,68408
13.132471799850464,68408
13.133324384689331,68408
13.134189367294312,68408
13.135048866271973,68408
13.135902643203735,68408
13.136754989624023,68408
13.13761019706726,68408
13.13845682144165,68408
13.139310121536255,68408
13.14016318321228,68408
13.141018629074097,68408
13.141873836517334,68408
13.142730951309204,68408
13.143590211868286,68408
13.144440650939941,68408
13.145292282104492,68408
13.146150350570679,68408
13.147003889083862,68408
13.147857189178467,68408
13.148711919784546,68408
13.149566888809204,68408
13.150411128997803,68408
13.151262760162354,68408
13.152116298675537,68408
13.152970790863037,68408
13.15383243560791,68408
13.154687404632568,68408
13.155535221099854,68408
13.15638542175293,68408
13.157240390777588,68408
13.158097267150879,68408
13.158950090408325,68408
13.15980315208435,68408
13.160660028457642,68408
13.161504983901978,68408
13.16235899925232,68408
13.16321587562561,68408
13.164080381393433,68408
13.16493558883667,68408
13.1657874584198,68408
13.166642189025879,68408
13.167489528656006,68408
13.168342351913452,68408
13.16919469833374,68408
13.170051574707031,68408
13.17090392112732,68408
13.171757221221924,68408
13.17261028289795,68408
13.173457384109497,68408
13.174319744110107,68408
13.175172805786133,68408
13.176026344299316,68408
13.176880836486816,68408
13.177735805511475,68408
13.178589820861816,68408
13.179434537887573,68408
13.18028736114502,68408
13.181143283843994,68408
13.18199872970581,68408
13.182855129241943,68408
13.183718919754028,68408
13.184568643569946,68408
13.185418605804443,68408
13.186271667480469,68408
13.187127590179443,68408
13.187981367111206,68408
13.188833475112915,68408
13.189684629440308,68408
13.190528631210327,68408
13.191380977630615,68408
13.192233324050903,68408
13.193087339401245,68408
13.193954229354858,68408
13.194809436798096,68408
13.195661067962646,68408
13.196506023406982,68408
13.197356700897217,68408
13.1982102394104,68408
13.199064254760742,68408
13.1999192237854,68408
13.200769901275635,68408
13.201624393463135,68408
13.202469825744629,68408
13.2033212184906,68408
13.20418643951416,68408
13.205041408538818,68408
13.205897569656372,68408
13.20674753189087,68408
13.207601547241211,68408
13.208445072174072,68408
13.209294319152832,68408
13.210148572921753,68408
13.211004257202148,68408
13.211855173110962,68408
13.212707281112671,68408
13.213552236557007,68408
13.21441388130188,68408
13.21526551246643,68408
13.216117858886719,68408
13.216970682144165,68408
13.217822551727295,68408
13.218672037124634,68408
13.219516038894653,68408
13.220366716384888,68408
13.221219778060913,68408
13.222074508666992,68408
13.222930669784546,68408
13.223785877227783,68408
13.224636793136597,68408
13.225480794906616,68408
13.226333618164062,68408
13.2271888256073,68408
13.228044033050537,68408
13.228898286819458,68408
13.229753017425537,68408
13.230602979660034,68408
13.231447458267212,68408
13.232297897338867,68408
13.233152151107788,68408
13.234017848968506,68408
13.234869956970215,68408
13.23572039604187,68408
13.236571550369263,68408
13.237416744232178,68408
13.23827052116394,68408
13.239123106002808,68408
13.239975690841675,68408
13.240825176239014,68408
13.241674423217773,68408
13.242519617080688,68408
13.24337124824524,68408
13.244238376617432,68408
13.24509334564209,68408
13.245946407318115,68408
13.246797800064087,68408
13.247649431228638,68408
13.24849534034729,68408
13.249349355697632,68408
13.250205278396606,68408
13.251057386398315,68408
13.251910209655762,68408
13.25276494026184,68408
13.253629684448242,68408
13.254472255706787,68408
13.255324602127075,68408
13.256179094314575,68408
13.257034063339233,68408
13.257885456085205,68408
13.258736610412598,68408
13.259588718414307,68408
13.260438442230225,68408
13.261291980743408,68408
13.262147188186646,68408
13.262998342514038,68408
13.263861656188965,68408
13.264715433120728,68408
13.265566110610962,68408
13.266413450241089,68408
13.267267942428589,68408
13.268123149871826,68408
13.268977880477905,68408
13.26982569694519,68408
13.270678997039795,68408
13.271523475646973,68408
13.272377729415894,68408
13.273227453231812,68408
13.274095058441162,68408
13.274948835372925,68408
13.275799751281738,68408
13.276654243469238,68408
13.277499914169312,68408
13.278351783752441,68408
13.279208898544312,68408
13.280063152313232,68408
13.28092098236084,68408
13.28177547454834,68408
13.282628059387207,68408
13.283473253250122,68408
13.284335374832153,68408
13.285191059112549,68408
13.286046028137207,68408
13.286895751953125,68408
13.287748575210571,68408
13.288597345352173,68408
13.289446353912354,68408
13.290297985076904,68408
13.291152477264404,68408
13.292006015777588,68408
13.292858839035034,68408
13.293718338012695,68408
13.294570922851562,68408
13.295414209365845,68408
13.296268463134766,68408
13.297125577926636,68408
13.297981262207031,68408
13.298832654953003,68408
13.299683332443237,68408
13.300528287887573,68408
13.301379442214966,68408
13.302232265472412,68408
13.303085803985596,68408
13.30395245552063,68408
13.304805994033813,68408
13.30566143989563,68408
13.30650782585144,68408
13.30735969543457,68408
13.308212995529175,68408
13.30906629562378,68408
13.309920310974121,68408
13.310776233673096,68408
13.31162977218628,68408
13.312474966049194,68408
13.313324451446533,68408
13.314189672470093,68408
13.315044403076172,68408
13.31589651107788,68408
13.316749572753906,68408
13.317602396011353,68408
13.31844711303711,68408
13.319294214248657,68408
13.32014775276184,68408
13.32099986076355,68408
13.321853399276733,68408
13.322707176208496,68408
13.323550462722778,68408
13.324412107467651,68408
13.325265169143677,68408
13.326115846633911,68408
13.326971292495728,68408
13.32782244682312,68408
13.328676462173462,68408
13.329522371292114,68408
13.330371856689453,68408
13.331230401992798,68408
13.332085132598877,68408
13.332937955856323,68408
13.333797216415405,68408
13.33465051651001,68408
13.33549690246582,68408
13.336347341537476,68408
13.337204456329346,68408
13.338057279586792,68408
13.338910579681396,68408
13.33976125717163,68408
13.340619325637817,68408
13.341462135314941,68408
13.342318296432495,68408
13.343172550201416,68408
13.344038963317871,68408
13.344892740249634,68408
13.345746517181396,68408
13.346598863601685,68408
13.347442388534546,68408
13.348296165466309,68408
13.349152565002441,68408
13.350005149841309,68408
13.350855827331543,68408
13.351710081100464,68408
13.352554082870483,68408
13.35340428352356,68408
13.354268789291382,68408
13.355122089385986,68408
13.355977296829224,68408
13.356825828552246,68408
13.357678174972534,68408
13.358526468276978,68408
13.35937786102295,68408
13.360227108001709,68408
13.361082077026367,68408
13.36193561553955,68408
13.362788915634155,68408
13.363654613494873,68408
13.364506483078003,68408
13.365360736846924,68408
13.366219282150269,68408
13.367074251174927,68408
13.367929220199585,68408
13.368779420852661,68408
13.369632482528687,68408
13.370478391647339,68408
13.371333122253418,68408
13.372190713882446,68408
13.373043775558472,68408
13.373904466629028,68408
13.374759435653687,68408
13.375614166259766,68408
13.376464605331421,68408
13.377312421798706,68408
13.378163814544678,68408
13.379018306732178,68408
13.379873752593994,68408
13.380727291107178,68408
13.381582498550415,68408
13.382427453994751,68408
13.383280277252197,68408
13.384145975112915,68408
13.384998798370361,68408
13.385854005813599,68408
13.386708498001099,68408
13.387551546096802,68408
13.388407468795776,68408
13.389261245727539,68408
13.390116691589355,68408
13.390970468521118,68408
13.39182162284851,68408
13.392671823501587,68408
13.393517971038818,68408
13.394381284713745,68408
13.39523696899414,68408
13.396092176437378,68408
13.396948337554932,68408
13.39780068397522,68408
13.398653030395508,68408
13.399499654769897,68408
13.40035367012024,68408
13.401209354400635,68408
13.402061939239502,68408
13.402912139892578,68408
13.403772830963135,68408
13.404627323150635,68408
13.40547251701355,68408
13.406324863433838,68408
13.407177448272705,68408
13.408032655715942,68408
13.408886194229126,68408
13.409737586975098,68408
13.41058897972107,68408
13.4114351272583,68408
13.41228985786438,68408
13.413143634796143,68408
13.414010286331177,68408
13.414863109588623,68408
13.415715217590332,68408
13.416564226150513,68408
13.41741394996643,68408
13.418264150619507,68408
13.419116973876953,68408
13.419968128204346,68408
13.420821905136108,68408
13.421676397323608,68408
13.422524213790894,68408
13.42337417602539,68408
13.424241781234741,68408
13.425096273422241,68408
13.425949335098267,68408
13.426802396774292,68408
13.427656888961792,68408
13.428502798080444,68408
13.429357051849365,68408
13.430211305618286,68408
13.431066989898682,68408
13.431917667388916,68408
13.432770729064941,68408
13.433635950088501,68408
13.434483766555786,68408
13.435334205627441,68408
13.436194658279419,68408
13.437050580978394,68408
13.43790578842163,68408
13.438759088516235,68408
13.439611196517944,68408
13.440461158752441,68408
13.441315174102783,68408
13.44216799736023,68408
13.443017959594727,68408
13.44388198852539,68408
13.444736957550049,68408
13.445587635040283,68408
13.44643497467041,68408
13.447287559509277,68408
13.448142290115356,68408
13.44899582862854,68408
13.449846267700195,68408
13.450697183609009,68408
13.451541662216187,68408
13.452392816543579,68408
13.453243732452393,68408
13.454108238220215,68408
13.454964876174927,68408
13.45581316947937,68408
13.456664800643921,68408
13.457508087158203,68408
13.458359956741333,68408
13.459213495254517,68408
13.46006727218628,68408
13.460922718048096,68408
13.461777448654175,68408
13.462632417678833,68408
13.463476657867432,68408
13.464340209960938,68408
13.465195178985596,68408
13.46604871749878,68408
13.466901302337646,68408
13.467753887176514,68408
13.468608140945435,68408
13.469452857971191,68408
13.470306396484375,68408
13.471160173416138,68408
13.472014427185059,68408
13.472867488861084,68408
13.473730087280273,68408
13.474582433700562,68408
13.475428342819214,68408
13.476277828216553,68408
13.47713017463684,68408
13.477986097335815,68408
13.478838443756104,68408
13.479689836502075,68408
13.480535984039307,68408
13.481390476226807,68408
13.48224663734436,68408
13.483100652694702,68408
13.483968257904053,68408
13.484819650650024,68408
13.485670328140259,68408
13.48651647567749,68408
13.487367153167725,68408
13.488222360610962,68408
13.48907995223999,68408
13.489932775497437,68408
13.490785360336304,68408
13.491635799407959,68408
13.492485761642456,68408
13.493334531784058,68408
13.494200468063354,68408
13.495054960250854,68408
13.495911121368408,68408
13.496764898300171,68408
13.497618436813354,68408
13.498462200164795,68408
13.499314785003662,68408
13.500169277191162,68408
13.501023054122925,68408
13.501879215240479,68408
13.502731084823608,68408
13.503586292266846,68408
13.504435062408447,68408
13.505287885665894,68408
13.506144046783447,68408
13.506999731063843,68408
13.507855415344238,68408
13.5087149143219,68408
13.509563446044922,68408
13.51041316986084,68408
13.511266469955444,68408
13.512118101119995,68408
13.512971878051758,68408
13.513827800750732,68408
13.514681100845337,68408
13.515528678894043,68408
13.51638126373291,68408
13.517230749130249,68408
13.518086194992065,68408
13.51894235610962,68408
13.519797801971436,68408
13.520647764205933,68408
13.521493434906006,68408
13.522345542907715,68408
13.523198127746582,68408
13.524062395095825,68408
13.52491807937622,68408
13.525770664215088,68408
13.526624202728271,68408
13.52747106552124,68408
13.528326988220215,68408
13.52918553352356,68408
13.530041217803955,68408
13.53089427947998,68408
13.531747817993164,68408
13.532599687576294,68408
13.533444881439209,68408
13.534304141998291,68408
13.535158634185791,68408
13.536012172698975,68408
13.536869287490845,68408
13.537721872329712,68408
13.538570880889893,68408
13.539414644241333,68408
13.540266036987305,68408
13.54111909866333,68408
13.541968584060669,68408
13.542818307876587,68408
13.543676853179932,68408
13.544524669647217,68408
13.545374631881714,68408
13.546227931976318,68408
13.547083377838135,68408
13.547933340072632,68408
13.54878282546997,68408
13.549633264541626,68408
13.550481081008911,68408
13.551335096359253,68408
13.552191734313965,68408
13.553046703338623,68408
13.55391263961792,68408
13.554767608642578,68408
13.555622577667236,68408
13.556471109390259,68408
13.557326316833496,68408
13.55818223953247,68408
13.559035539627075,68408
13.559889554977417,68408
13.56074571609497,68408
13.561599016189575,68408
13.562448024749756,68408
13.56330156326294,68408
13.564167022705078,68408
13.565024852752686,68408
13.565881729125977,68408
13.56673550605774,68408
13.567588567733765,68408
13.568439722061157,68408
13.569292068481445,68408
13.570148229598999,68408
13.571003913879395,68408
13.571855068206787,68408
13.572706699371338,68408
13.57354998588562,68408
13.574409008026123,68408
13.575258016586304,68408
13.576112508773804,68408
13.576970100402832,68408
13.577824115753174,68408
13.578674793243408,68408
13.579524993896484,68408
13.580375909805298,68408
13.581232070922852,68408
13.582086563110352,68408
13.582939386367798,68408
13.583801746368408,68408
13.584656953811646,68408
13.58550214767456,68408
13.586352825164795,68408
13.5872061252594,68408
13.588058471679688,68408
13.588911771774292,68408
13.589759826660156,68408
13.590612173080444,68408
13.591459274291992,68408
13.592310428619385,68408
13.593167304992676,68408
13.594035863876343,68408
13.594892740249634,68408
13.595746755599976,68408
13.596601963043213,68408
13.597447633743286,68408
13.598298072814941,68408
13.599149227142334,68408
13.600001573562622,68408
13.600852966308594,68408
13.601706981658936,68408
13.602550268173218,68408
13.603402853012085,68408
13.604265451431274,68408
13.605119228363037,68408
13.605972528457642,68408
13.606826543807983,68408
13.607677698135376,68408
13.608521223068237,68408
13.609374761581421,68408
13.6102294921875,68408
13.611082553863525,68408
13.611942768096924,68408
13.61279559135437,68408
13.61366081237793,68408
13.61451005935669,68408
13.61536717414856,68408
13.616221189498901,68408
13.61707329750061,68408
13.61793327331543,68408
13.618786811828613,68408
13.619652271270752,68408
13.62050199508667,68408
13.621353149414062,68408
13.622210264205933,68408
13.623064041137695,68408
13.623927116394043,68408
13.624783754348755,68408
13.625638484954834,68408
13.626485586166382,68408
13.62733769416809,68408
13.628193140029907,68408
13.62904667854309,68408
13.62990140914917,68408
13.63075041770935,68408
13.631606578826904,68408
13.632450819015503,68408
13.633301973342896,68408
13.634169340133667,68408
13.635022640228271,68408
13.635876417160034,68408
13.636728525161743,68408
13.63758111000061,68408
13.638427734375,68408
13.639284372329712,68408
13.640138626098633,68408
13.640992879867554,68408
13.641845464706421,68408
13.642698049545288,68408
13.64354133605957,68408
13.644402027130127,68408
13.64525818824768,68408
13.646110534667969,68408
13.646966457366943,68408
13.64782166481018,68408
13.648672580718994,68408
13.649513483047485,68408
13.650364398956299,68408
13.651220560073853,68408
13.652071237564087,68408
13.652924537658691,68408
13.653783559799194,68408
13.654638290405273,68408
13.65548300743103,68408
13.656335353851318,68408
13.657187223434448,68408
13.658042430877686,68408
13.65889596939087,68408
13.65975046157837,68408
13.660601615905762,68408
13.661446571350098,68408
13.662294387817383,68408
13.663150548934937,68408
13.66401481628418,68408
13.664869546890259,68408
13.665721893310547,68408
13.666571378707886,68408
13.6674165725708,68408
13.668269395828247,68408
13.669121026992798,68408
13.669975757598877,68408
13.670825719833374,68408
13.671679735183716,68408
13.672523021697998,68408
13.6733717918396,68408
13.674237489700317,68408
13.67509388923645,68408
13.675945281982422,68408
13.676796674728394,68408
13.677648305892944,68408
13.678492784500122,68408
13.679345607757568,68408
13.68020224571228,68408
13.681057214736938,68408
13.681909561157227,68408
13.682758331298828,68408
13.683622121810913,68408
13.684467554092407,68408
13.685320377349854,68408
13.68617868423462,68408
13.68703293800354,68408
13.687884092330933,68408
13.688738822937012,68408
13.6895911693573,68408
13.690439224243164,68408
13.691292524337769,68408
13.69214677810669,68408
13.69300103187561,68408
13.693863153457642,68408
13.694715738296509,68408
13.695569276809692,68408
13.696415185928345,68408
13.697268009185791,68408
13.698122501373291,68408
13.698977708816528,68408
13.69983172416687,68408
13.700685262680054,68408
13.701530933380127,68408
13.702383279800415,68408
13.703236103057861,68408
13.704100608825684,68408
13.70495343208313,68408
13.705806970596313,68408
13.706661939620972,68408
13.70750641822815,68408
13.708358764648438,68408
13.709211826324463,68408
13.710065841674805,68408
13.710917711257935,68408
13.711768627166748,68408
13.712620496749878,68408
13.713469743728638,68408
13.714330196380615,68408
13.71518087387085,68408
13.716036796569824,68408
13.716888189315796,68408
13.717740535736084,68408
13.718591928482056,68408
13.71944260597229,68408
13.720296621322632,68408
13.721151113510132,68408
13.72200870513916,68408
13.722864389419556,68408
13.723726987838745,68408
13.724582195281982,68408
13.725431203842163,68408
13.726285457611084,68408
13.72714352607727,68408
13.72799801826477,68408
13.728850364685059,68408
13.7297043800354,68408
13.730549335479736,68408
13.731401443481445,68408
13.732253551483154,68408
13.733106136322021,68408
13.733973741531372,68408
13.7348313331604,68408
13.735684871673584,68408
13.736531972885132,68408
13.73738408088684,68408
13.738240003585815,68408
13.739092826843262,68408
13.739948034286499,68408
13.740799188613892,68408
13.741655588150024,68408
13.742501258850098,68408
13.74335789680481,68408
13.744223356246948,68408
13.745078086853027,68408
13.745933055877686,68408
13.74678373336792,68408
13.747640371322632,68408
13.748486518859863,68408
13.74933934211731,68408
13.750193357467651,68408
13.751042127609253,68408
13.751896619796753,68408
13.752746343612671,68408
13.75360631942749,68408
13.754454612731934,68408
13.75530481338501,68408
13.756158828735352,68408
13.757012605667114,68408
13.757863998413086,68408
13.758719682693481,68408
13.759571075439453,68408
13.760420560836792,68408
13.761274337768555,68408
13.762129306793213,68408
13.762986898422241,68408
13.763845443725586,68408
13.764695882797241,68408
13.765546560287476,68408
13.766396522521973,68408
13.767248392105103,68408
13.768104314804077,68408
13.768956422805786,68408
13.769805908203125,68408
13.770661115646362,68408
13.771504402160645,68408
13.772357702255249,68408
13.773210048675537,68408
13.774076223373413,68408
13.774930953979492,68408
13.775784015655518,68408
13.776635646820068,68408
13.777483463287354,68408
13.778334140777588,68408
13.779187440872192,68408
13.78004264831543,68408
13.780894756317139,68408
13.781747102737427,68408
13.782600164413452,68408
13.78344440460205,68408
13.784306526184082,68408
13.785160541534424,68408
13.786015272140503,68408
13.786866903305054,68408
13.787718296051025,68408
13.788567543029785,68408
13.789414882659912,68408
13.790269136428833,68408
13.791122913360596,68408
13.791973114013672,68408
13.792821645736694,68408
13.793683290481567,68408
13.794528007507324,68408
13.79538106918335,68408
13.796231269836426,68408
13.7970871925354,68408
13.797938585281372,68408
13.798789978027344,68408
13.799641609191895,68408
13.800487756729126,68408
13.801339387893677,68408
13.802192687988281,68408
13.80305004119873,68408
13.80391240119934,68408
13.804766654968262,68408
13.805621147155762,68408
13.806472539901733,68408
13.807324647903442,68408
13.8081796169281,68408
13.80903673171997,68408
13.809889793395996,68408
13.810742616653442,68408
13.811593294143677,68408
13.812436819076538,68408
13.8132905960083,68408
13.814152002334595,68408
13.815006971359253,68408
13.815860033035278,68408
13.816713809967041,68408
13.8175630569458,68408
13.81841492652893,68408
13.819265604019165,68408
13.820121765136719,68408
13.820977210998535,68408
13.82183289527893,68408
13.822694540023804,68408
13.823544025421143,68408
13.824408054351807,68408
13.825261116027832,68408
13.82611632347107,68408
13.826969385147095,68408
13.827821493148804,68408
13.828670978546143,68408
13.8295156955719,68408
13.830365419387817,68408
13.831219911575317,68408
13.832072257995605,68408
13.832924365997314,68408
13.833783864974976,68408
13.83463978767395,68408
13.835484027862549,68408
13.836334943771362,68408
13.837189197540283,68408
13.838045597076416,68408
13.8388991355896,68408
13.83975100517273,68408
13.840606212615967,68408
13.841452360153198,68408
13.842305183410645,68408
13.843161344528198,68408
13.844029664993286,68408
13.84488582611084,68408
13.845736503601074,68408
13.84658670425415,68408
13.847435235977173,68408
13.84829068183899,68408
13.849143743515015,68408
13.849998950958252,68408
13.850853443145752,68408
13.851704359054565,68408
13.852550745010376,68408
13.853402614593506,68408
13.854271650314331,68408
13.85512661933899,68408
13.855979442596436,68408
13.856832504272461,68408
13.85768985748291,68408
13.858537673950195,68408
13.85938835144043,68408
13.860243558883667,68408
13.861098289489746,68408
13.861952781677246,68408
13.862806797027588,68408
13.863669872283936,68408
13.8645179271698,68408
13.865370512008667,68408
13.86622667312622,68408
13.867086410522461,68408
13.867940902709961,68408
13.868794441223145,68408
13.869645357131958,68408
13.87049150466919,68408
13.871343612670898,68408
13.872194766998291,68408
13.873049974441528,68408
13.87391471862793,68408
13.874768018722534,68408
13.875619173049927,68408
13.876463174819946,68408
13.877317428588867,68408
13.878173589706421,68408
13.879027366638184,68408
13.879882335662842,68408
13.880733489990234,68408
13.881587266921997,68408
13.882431030273438,68408
13.883285999298096,68408
13.884151935577393,68408
13.885009288787842,68408
13.885857343673706,68408
13.88671088218689,68408
13.887553691864014,68408
13.888406991958618,68408
13.889259338378906,68408
13.890115737915039,68408
13.890970230102539,68408
13.891818761825562,68408
13.892669439315796,68408
13.893518209457397,68408
13.894377708435059,68408
13.895232439041138,68408
13.896087884902954,68408
13.896944522857666,68408
13.897799015045166,68408
13.898656129837036,68408
13.89950180053711,68408
13.900355577468872,68408
13.90121054649353,68408
13.902066946029663,68408
13.902920484542847,68408
13.903778314590454,68408
13.904638767242432,68408
13.905484199523926,68408
13.90633511543274,68408
13.907191276550293,68408
13.908043622970581,68408
13.908896923065186,68408
13.909749031066895,68408
13.910602807998657,68408
13.911449909210205,68408
13.912301540374756,68408
13.913155317306519,68408
13.914020299911499,68408
13.914868116378784,68408
13.915719032287598,68408
13.916571378707886,68408
13.917418241500854,68408
13.918273210525513,68408
13.91912841796875,68408
13.919981479644775,68408
13.920831441879272,68408
13.921681642532349,68408
13.922529458999634,68408
13.923383474349976,68408
13.924244403839111,68408
13.925100088119507,68408
13.925952911376953,68408
13.926806688308716,68408
13.927658557891846,68408
13.928503036499023,68408
13.929357528686523,68408
13.930211544036865,68408
13.9310622215271,68408
13.931918144226074,68408
13.932770013809204,68408
13.93363094329834,68408
13.934482097625732,68408
13.93533444404602,68408
13.936189889907837,68408
13.937045574188232,68408
13.9378981590271,68408
13.938750982284546,68408
13.939605712890625,68408
13.94045114517212,68408
13.941300630569458,68408
13.94215202331543,68408
13.943007230758667,68408
13.943865776062012,68408
13.944716453552246,68408
13.945566415786743,68408
13.946414470672607,68408
13.947267293930054,68408
13.948121547698975,68408
13.948972225189209,68408
13.949823379516602,68408
13.950679779052734,68408
13.951523780822754,68408
13.952377319335938,68408
13.953230857849121,68408
13.95409607887268,68408
13.954952239990234,68408
13.95580506324768,68408
13.956658124923706,68408
13.95750379562378,68408
13.95835280418396,68408
13.959207773208618,68408
13.960060834884644,68408
13.960914373397827,68408
13.961766958236694,68408
13.962616205215454,68408
13.963460922241211,68408
13.964325904846191,68408
13.96518063545227,68408
13.966034173965454,68408
13.966885566711426,68408
13.967738151550293,68408
13.968590021133423,68408
13.969438314437866,68408
13.970290899276733,68408
13.971141338348389,68408
13.971993207931519,68408
13.972846508026123,68408
13.973711967468262,68408
13.97455620765686,68408
13.975409507751465,68408
13.976259231567383,68408
13.977113962173462,68408
13.97796630859375,68408
13.978816986083984,68408
13.979669570922852,68408
13.980517864227295,68408
13.981369972229004,68408
13.982220649719238,68408
13.983070850372314,68408
13.98393964767456,68408
13.984792947769165,68408
13.985643863677979,68408
13.986490249633789,68408
13.987343311309814,68408
13.98819875717163,68408
13.989054918289185,68408
13.98990535736084,68408
13.990756750106812,68408
13.991609811782837,68408
13.99245548248291,68408
13.993309736251831,68408
13.994175434112549,68408
13.995030879974365,68408
13.995885133743286,68408
13.996740341186523,68408
13.99759292602539,68408
13.998440504074097,68408
13.999290943145752,68408
14.000148057937622,68408
14.001005172729492,68408
14.00185751914978,68408
14.002708911895752,68408
14.003552675247192,68408
14.004417419433594,68408
14.005269765853882,68408
14.006125211715698,68408
14.00697946548462,68408
14.007831335067749,68408
14.0086829662323,68408
14.009530782699585,68408
14.010380268096924,68408
14.011232852935791,68408
14.012085437774658,68408
14.012935876846313,68408
14.013799667358398,68408
14.014652967453003,68408
14.01549744606018,68408
14.016347408294678,68408
14.017199993133545,68408
14.018054962158203,68408
14.018908739089966,68408
14.019761323928833,68408
14.020615339279175,68408
14.021461963653564,68408
14.022312641143799,68408
14.02316665649414,68408
14.024030447006226,68408
14.024884700775146,68408
14.02573299407959,68408
14.026586532592773,68408
14.0274338722229,68408
14.028285503387451,68408
14.029136896133423,68408
14.02999234199524,68408
14.030841827392578,68408
14.031691789627075,68408
14.032533884048462,68408
14.033388376235962,68408
14.03425145149231,68408
14.035106182098389,68408
14.035960912704468,68408
14.036813735961914,68408
14.03766655921936,68408
14.038516521453857,68408
14.039369344711304,68408
14.040218830108643,68408
14.041074514389038,68408
14.04193115234375,68408
14.04278564453125,68408
14.04365062713623,68408
14.044494152069092,68408
14.04534912109375,68408
14.0462007522583,68408
14.04705548286438,68408
14.047914505004883,68408
14.048766374588013,68408
14.049620151519775,68408
14.050470352172852,68408
14.05132269859314,68408
14.052176237106323,68408
14.053028583526611,68408
14.053891658782959,68408
14.054744720458984,68408
14.055599927902222,68408
14.056448936462402,68408
14.057302713394165,68408
14.058160781860352,68408
14.059015035629272,68408
14.059865951538086,68408
14.060714960098267,68408
14.06156849861145,68408
14.062414407730103,68408
14.063267946243286,68408
14.06413197517395,68408
14.064985513687134,68408
14.065834283828735,68408
14.066686630249023,68408
14.067533731460571,68408
14.06838846206665,68408
14.06924295425415,68408
14.07009482383728,68408
14.070948600769043,68408
14.071799516677856,68408
14.072655200958252,68408
14.073501110076904,68408
14.074362754821777,68408
14.075215101242065,68408
14.076072931289673,68408
14.076925992965698,68408
14.077778577804565,68408
14.078633546829224,68408
14.07947826385498,68408
14.080329418182373,68408
14.081181764602661,68408
14.082032442092896,68408
14.082885026931763,68408
14.083749055862427,68408
14.084601163864136,68408
14.085446119308472,68408
14.086300134658813,68408
14.087154626846313,68408
14.088005304336548,68408
14.088855266571045,68408
14.089709281921387,68408
14.090555191040039,68408
14.091407299041748,68408
14.092257976531982,68408
14.093111038208008,68408
14.09397268295288,68408
14.094823360443115,68408
14.095678091049194,68408
14.096524238586426,68408
14.097378015518188,68408
14.098230838775635,68408
14.099085807800293,68408
14.099939107894897,68408
14.100788354873657,68408
14.10164213180542,68408
14.10248875617981,68408
14.10334062576294,68408
14.104208946228027,68408
14.105064630508423,68408
14.105918169021606,68408
14.106772184371948,68408
14.10762643814087,68408
14.108471632003784,68408
14.10932731628418,68408
14.110185384750366,68408
14.11103892326355,68408
14.11189317703247,68408
14.112745523452759,68408
14.113605976104736,68408
14.114453315734863,68408
14.115303993225098,68408
14.116157531738281,68408
14.117013692855835,68408
14.117866039276123,68408
14.118715524673462,68408
14.119566917419434,68408
14.120415925979614,68408
14.121269226074219,68408
14.122126817703247,68408
14.12298059463501,68408
14.123839378356934,68408
14.124688863754272,68408
14.125534772872925,68408
14.126386165618896,68408
14.127240180969238,68408
14.12809681892395,68408
14.128952980041504,68408
14.129807233810425,68408
14.130658626556396,68408
14.131505727767944,68408
14.132359266281128,68408
14.133211612701416,68408
14.134077072143555,68408
14.134932518005371,68408
14.135785341262817,68408
14.13663935661316,68408
14.137485265731812,68408
14.138336181640625,68408
14.13919186592102,68408
14.140046834945679,68408
14.140902519226074,68408
14.14175271987915,68408
14.142606496810913,68408
14.143453598022461,68408
14.144314050674438,68408
14.14516830444336,68408
14.146022319793701,68408
14.146875619888306,68408
14.147730350494385,68408
14.148580074310303,68408
14.149425029754639,68408
14.150277137756348,68408
14.151131629943848,68408
14.151985883712769,68408
14.15283727645874,68408
14.15369725227356,68408
14.154545068740845,68408
14.155398845672607,68408
14.156252384185791,68408
14.157104730606079,68408
14.157960176467896,68408
14.158818244934082,68408
14.159671306610107,68408
14.160520076751709,68408
14.161373376846313,68408
14.162226438522339,68408
14.163081884384155,68408
14.16395115852356,68408
14.164807081222534,68408
14.165658712387085,68408
14.166501760482788,68408
14.167355060577393,68408
14.168212175369263,68408
14.169066429138184,68408
14.169917821884155,68408
14.170769214630127,68408
14.171626091003418,68408
14.172471761703491,68408
14.17332410812378,68408
14.174189805984497,68408
14.175047636032104,68408
14.175898790359497,68408
14.176749467849731,68408
14.177603006362915,68408
14.178453922271729,68408
14.179306507110596,68408
14.180161476135254,68408
14.18101191520691,68408
14.181864500045776,68408
14.182716369628906,68408
14.18357515335083,68408
14.184423685073853,68408
14.185277700424194,68408
14.186128377914429,68408
14.18698000907898,68408
14.187832832336426,68408
14.188687562942505,68408
14.189533233642578,68408
14.190386533737183,68408
14.191243886947632,68408
14.192097902297974,68408
14.192951917648315,68408
14.193814754486084,68408
14.194666862487793,68408
14.195515632629395,68408
14.19636869430542,68408
14.197223901748657,68408
14.198077201843262,68408
14.198931694030762,68408
14.199780941009521,68408
14.200635433197021,68408
14.201481103897095,68408
14.202331304550171,68408
14.203184127807617,68408
14.204045057296753,68408
14.20490026473999,68408
14.205756902694702,68408
14.206611156463623,68408
14.207456827163696,68408
14.208308935165405,68408
14.209163904190063,68408
14.210016012191772,68408
14.210867643356323,68408
14.211718797683716,68408
14.212570190429688,68408
14.213419198989868,68408
14.21428394317627,68408
14.215136051177979,68408
14.215988397598267,68408
14.216840744018555,68408
14.217692136764526,68408
14.218539953231812,68408
14.219393968582153,68408
14.220248937606812,68408
14.221102237701416,68408
14.2219557762146,68408
14.222810506820679,68408
14.223674058914185,68408
14.224516868591309,68408
14.225366830825806,68408
14.226220607757568,68408
14.227073431015015,68408
14.227927446365356,68408
14.228776931762695,68408
14.229630470275879,68408
14.230472087860107,68408
14.231324195861816,68408
14.232178449630737,68408
14.233032464981079,68408
14.233898878097534,68408
14.234751224517822,68408
14.235607624053955,68408
14.236454248428345,68408
14.237308502197266,68408
14.238162517547607,68408
14.239017963409424,68408
14.23987340927124,68408
14.240725755691528,68408
14.241578102111816,68408
14.24242353439331,68408
14.243275880813599,68408
14.244137525558472,68408
14.244991540908813,68408
14.245843410491943,68408
14.246697187423706,68408
14.247539281845093,68408
14.248392820358276,68408
14.249247789382935,68408
14.250104188919067,68408
14.250957250595093,68408
14.251807928085327,68408
14.252662658691406,68408
14.2535080909729,68408
14.254372358322144,68408
14.255226850509644,68408
14.256078243255615,68408
14.256933450698853,68408
14.257785081863403,68408
14.258636713027954,68408
14.259484767913818,68408
14.260334491729736,68408
14.261186599731445,68408
14.262040615081787,68408
14.26289415359497,68408
14.263758182525635,68408
14.264612197875977,68408
14.26545786857605,68408
14.266309022903442,68408
14.26716160774231,68408
14.268012285232544,68408
14.268866062164307,68408
14.269716024398804,68408
14.270570039749146,68408
14.271416664123535,68408
14.272271633148193,68408
14.273127317428589,68408
14.273991346359253,68408
14.274847269058228,68408
14.275697231292725,68408
14.276545286178589,68408
14.277394533157349,68408
14.278249740600586,68408
14.279103755950928,68408
14.279955863952637,68408
14.280810356140137,68408
14.281662940979004,68408
14.28250765800476,68408
14.28335690498352,68408
14.284223079681396,68408
14.285075426101685,68408
14.285928010940552,68408
14.286778926849365,68408
14.287635564804077,68408
14.288479328155518,68408
14.289332628250122,68408
14.290183067321777,68408
14.291037559509277,68408
14.291890144348145,68408
14.29274034500122,68408
14.293596982955933,68408
14.294445991516113,68408
14.295299768447876,68408
14.296154260635376,68408
14.297007083892822,68408
14.297860622406006,68408
14.298710107803345,68408
14.299553394317627,68408
14.300407886505127,68408
14.301261901855469,68408
14.302112340927124,68408
14.302965641021729,68408
14.303824186325073,68408
14.304676055908203,68408
14.305521249771118,68408
14.306374788284302,68408
14.307230472564697,68408
14.308086156845093,68408
14.308939695358276,68408
14.309789657592773,68408
14.31064248085022,68408
14.311489582061768,68408
14.31234097480774,68408
14.313194990158081,68408
14.31405758857727,68408
14.314910650253296,68408
14.315761804580688,68408
14.316615581512451,68408
14.317461967468262,68408
14.318311929702759,68408
14.31916356086731,68408
14.320020198822021,68408
14.320874452590942,68408
14.321726322174072,68408
14.32257890701294,68408
14.323424816131592,68408
14.324289083480835,68408
14.325147867202759,68408
14.325999021530151,68408
14.326849937438965,68408
14.327700853347778,68408
14.328547239303589,68408
14.329402446746826,68408
14.33025574684143,68408
14.331110000610352,68408
14.331966161727905,68408
14.332818984985352,68408
14.333683252334595,68408
14.334533452987671,68408
14.335387468338013,68408
14.336239576339722,68408
14.337095975875854,68408
14.337950944900513,68408
14.3388032913208,68408
14.33965516090393,68408
14.340501308441162,68408
14.341353178024292,68408
14.342209339141846,68408
14.343066930770874,68408
14.343936920166016,68408
14.344789505004883,68408
14.345642566680908,68408
14.346488952636719,68408
14.347335815429688,68408
14.348190307617188,68408
14.349046468734741,68408
14.349897384643555,68408
14.350749254226685,68408
14.351601362228394,68408
14.35244870185852,68408
14.353298425674438,68408
14.354164600372314,68408
14.35501742362976,68408
14.355870008468628,68408
14.356719017028809,68408
14.357569932937622,68408
14.358414649963379,68408
14.359266519546509,68408
14.36012077331543,68408
14.360972166061401,68408
14.361823558807373,68408
14.362674951553345,68408
14.363519668579102,68408
14.364382266998291,68408
14.365236043930054,68408
14.366092920303345,68408
14.366942882537842,68408
14.367798089981079,68408
14.36864948272705,68408
14.36949348449707,68408
14.370341062545776,68408
14.371197700500488,68408
14.372052669525146,68408
14.372907161712646,68408
14.373769283294678,68408
14.37462067604065,68408
14.37546682357788,68408
14.376319646835327,68408
14.37717056274414,68408
14.378027439117432,68408
14.378883600234985,68408
14.37974214553833,68408
14.380592584609985,68408
14.38144063949585,68408
14.382293462753296,68408
14.38314962387085,68408
14.384015321731567,68408
14.384868621826172,68408
14.385717868804932,68408
14.386568546295166,68408
14.387415409088135,68408
14.388269186019897,68408
14.38912582397461,68408
14.38998007774353,68408
14.390830278396606,68408
14.391683340072632,68408
14.392529010772705,68408
14.393383026123047,68408
14.394244909286499,68408
14.395097732543945,68408
14.395952224731445,68408
14.396809101104736,68408
14.397663593292236,68408
14.398511409759521,68408
14.39936637878418,68408
14.400222301483154,68408
14.401075601577759,68408
14.401927471160889,68408
14.402781009674072,68408
14.403645277023315,68408
14.404490947723389,68408
14.405339002609253,68408
14.406192064285278,68408
14.407045602798462,68408
14.407897710800171,68408
14.408748626708984,68408
14.40959882736206,68408
14.410447359085083,68408
14.41129994392395,68408
14.412154197692871,68408
14.413004398345947,68408
14.41386890411377,68408
14.414720058441162,68408
14.415572166442871,68408
14.416417598724365,68408
14.417269945144653,68408
14.418122291564941,68408
14.418976306915283,68408
14.419824838638306,68408
14.420674085617065,68408
14.42151689529419,68408
14.422366619110107,68408
14.423221826553345,68408
14.424086332321167,68408
14.424940347671509,68408
14.425793170928955,68408
14.42664647102356,68408
14.427493572235107,68408
14.428343534469604,68408
14.429198503494263,68408
14.430053949356079,68408
14.430909156799316,68408
14.431758165359497,68408
14.432612657546997,68408
14.433456897735596,68408
14.434314966201782,68408
14.435168266296387,68408
14.436021566390991,68408
14.436873435974121,68408
14.437727451324463,68408
14.438578367233276,68408
14.439424753189087,68408
14.440277338027954,68408
14.441131114959717,68408
14.441985845565796,68408
14.442836284637451,68408
14.44369888305664,68408
14.444544076919556,68408
14.445398569107056,68408
14.446251630783081,68408
14.447106122970581,68408
14.447961330413818,68408
14.448809623718262,68408
14.449663639068604,68408
14.450512647628784,68408
14.451362609863281,68408
14.452214479446411,68408
14.453067779541016,68408
14.453930616378784,68408
14.454784393310547,68408
14.45563817024231,68408
14.456483840942383,68408
14.45733642578125,68408
14.45819091796875,68408
14.459046125411987,68408
14.459900856018066,68408
14.460753917694092,68408
14.461606979370117,68408
14.462454319000244,68408
14.463308095932007,68408
14.464175939559937,68408
14.465032815933228,68408
14.465884685516357,68408
14.466734886169434,68408
14.467584371566772,68408
14.468433141708374,68408
14.4692862033844,68408
14.470135688781738,68408
14.47098970413208,68408
14.471843719482422,68408
14.472692966461182,68408
14.473538637161255,68408
14.474398851394653,68408
14.475252151489258,68408
14.476107358932495,68408
14.47696042060852,68408
14.477813720703125,68408
14.47866940498352,68408
14.479514360427856,68408
14.480365991592407,68408
14.481217384338379,68408
14.482072591781616,68408
14.482925653457642,68408
14.483784914016724,68408
14.484639644622803,68408
14.485489130020142,68408
14.486337661743164,68408
14.487192153930664,68408
14.48804497718811,68408
14.48889970779419,68408
14.489753723144531,68408
14.490603923797607,68408
14.491453409194946,68408
14.492302656173706,68408
14.493157386779785,68408
14.49402403831482,68408
14.494877099990845,68408
14.495729446411133,68408
14.496577978134155,68408
14.497424602508545,68408
14.498276472091675,68408
14.499130249023438,68408
14.499982595443726,68408
14.500834465026855,68408
14.501684665679932,68408
14.502529621124268,68408
14.503380060195923,68408
14.504244804382324,68408
14.505095720291138,68408
14.505949020385742,68408
14.506803274154663,68408
14.507652759552002,68408
14.50849962234497,68408
14.50935173034668,68408
14.510203123092651,68408
14.511061429977417,68408
14.511917114257812,68408
14.512770652770996,68408
14.513633728027344,68408
14.514480113983154,68408
14.515331983566284,68408
14.516188144683838,68408
14.517043828964233,68408
14.517897367477417,68408
14.518748760223389,68408
14.519601583480835,68408
14.520448446273804,68408
14.521297216415405,68408
14.522147417068481,68408
14.523001670837402,68408
14.5238618850708,68408
14.52470850944519,68408
14.525562763214111,68408
14.526410579681396,68408
14.527263641357422,68408
14.528117418289185,68408
14.528969526290894,68408
14.529821157455444,68408
14.530670642852783,68408
14.531516790390015,68408
14.532371282577515,68408
14.533228397369385,68408
14.53409457206726,68408
14.534952640533447,68408
14.535806894302368,68408
14.536659955978394,68408
14.537506103515625,68408
14.538358926773071,68408
14.539211511611938,68408
14.540066003799438,68408
14.540919780731201,68408
14.541773319244385,68408
14.542627573013306,68408
14.54347562789917,68408
14.544338941574097,68408
14.545191287994385,68408
14.546049356460571,68408
14.546903610229492,68408
14.547754764556885,68408
14.548604965209961,68408
14.549450397491455,68408
14.550303220748901,68408
14.551156520843506,68408
14.552010297775269,68408
14.552865743637085,68408
14.5537269115448,68408
14.554577112197876,68408
14.55542516708374,68408
14.556278467178345,68408
14.557132482528687,68408
14.557982683181763,68408
14.558835506439209,68408
14.559687376022339,68408
14.560532569885254,68408
14.561380863189697,68408
14.562234878540039,68408
14.563090085983276,68408
14.563958644866943,68408
14.56481146812439,68408
14.565662622451782,68408
14.566507577896118,68408
14.567359447479248,68408
14.568211078643799,68408
14.569067239761353,68408
14.569915533065796,68408
14.570769548416138,68408
14.57162094116211,68408
14.57246732711792,68408
14.573323249816895,68408
14.574188709259033,68408
14.575044393539429,68408
14.575900316238403,68408
14.576750040054321,68408
14.5776047706604,68408
14.578449726104736,68408
14.579302310943604,68408
14.580157041549683,68408
14.581012964248657,68408
14.58186674118042,68408
14.582720756530762,68408
14.583577871322632,68408
14.584424495697021,68408
14.585277318954468,68408
14.586134910583496,68408
14.586987018585205,68408
14.587835311889648,68408
14.58868670463562,68408
14.58953332901001,68408
14.590387344360352,68408
14.591247081756592,68408
14.59210205078125,68408
14.592955350875854,68408
14.5938138961792,68408
14.594664812088013,68408
14.595510721206665,68408
14.596363306045532,68408
14.59721827507019,68408
14.598072528839111,68408
14.598924160003662,68408
14.599780082702637,68408
14.600632905960083,68408
14.601479053497314,68408
14.602327346801758,68408
14.603180170059204,68408
14.604041814804077,68408
14.604897499084473,68408
14.605749130249023,68408
14.60660171508789,68408
14.607448101043701,68408
14.608296394348145,68408
14.6091468334198,68408
14.610000371932983,68408
14.610849857330322,68408
14.611703157424927,68408
14.612548828125,68408
14.613396406173706,68408
14.614265203475952,68408
14.615119457244873,68408
14.615972757339478,68408
14.616828680038452,68408
14.617677211761475,68408
14.618523597717285,68408
14.619374513626099,68408
14.620239496231079,68408
14.621098041534424,68408
14.621951341629028,68408
14.622801780700684,68408
14.623667240142822,68408
14.624510765075684,68408
14.625364780426025,68408
14.626219987869263,68408
14.627082824707031,68408
14.627936840057373,68408
14.628787279129028,68408
14.629640579223633,68408
14.630486488342285,68408
14.631338834762573,68408
14.632189750671387,68408
14.633042335510254,68408
14.633904218673706,68408
14.634758710861206,68408
14.635612726211548,68408
14.63645601272583,68408
14.637309074401855,68408
14.638163328170776,68408
14.639017581939697,68408
14.639870166778564,68408
14.64072299003601,68408
14.641573429107666,68408
14.64242148399353,68408
14.643277406692505,68408
14.644142389297485,68408
14.644997119903564,68408
14.645848274230957,68408
14.646698713302612,68408
14.647544622421265,68408
14.64839482307434,68408
14.649245023727417,68408
14.650102376937866,68408
14.650956153869629,68408
14.651807308197021,68408
14.652658939361572,68408
14.653504371643066,68408
14.654371738433838,68408
14.655227661132812,68408
14.65608286857605,68408
14.656936407089233,68408
14.657787084579468,68408
14.658637762069702,68408
14.659483909606934,68408
14.6603364944458,68408
14.661191940307617,68408
14.662044286727905,68408
14.662900447845459,68408
14.663763523101807,68408
14.664620637893677,68408
14.6654634475708,68408
14.666318893432617,68408
14.667170286178589,68408
14.668025493621826,68408
14.668882369995117,68408
14.669732570648193,68408
14.670583486557007,68408
14.67143201828003,68408
14.672284364700317,68408
14.673141241073608,68408
14.674005031585693,68408
14.67486047744751,68408
14.675714015960693,68408
14.67656683921814,68408
14.677412509918213,68408
14.678267002105713,68408
14.679119110107422,68408
14.679969787597656,68408
14.680820226669312,68408
14.681673526763916,68408
14.68251895904541,68408
14.683371782302856,68408
14.684235334396362,68408
14.685089588165283,68408
14.685942888259888,68408
14.686796188354492,68408
14.687650680541992,68408
14.688496112823486,68408
14.689346313476562,68408
14.690200805664062,68408
14.69105339050293,68408
14.691908597946167,68408
14.69275975227356,68408
14.693620681762695,68408
14.694465398788452,68408
14.695315837860107,68408
14.6961669921875,68408
14.697019338607788,68408
14.697871208190918,68408
14.698724746704102,68408
14.69957447052002,68408
14.700421333312988,68408
14.701276063919067,68408
14.702130317687988,68408
14.702983140945435,68408
14.703842878341675,68408
14.704695463180542,68408
14.705543279647827,68408
14.706398725509644,68408
14.70725131034851,68408
14.708103895187378,68408
14.708955526351929,68408
14.70981216430664,68408
14.710663795471191,68408
14.711509466171265,68408
14.712362289428711,68408
14.713219404220581,68408
14.71408724784851,68408
14.71494174003601,68408
14.715794086456299,68408
14.716646909713745,68408
14.717495441436768,68408
14.718347072601318,68408
14.719204187393188,68408
14.720057487487793,68408
14.720912218093872,68408
14.72176456451416,68408
14.722620725631714,68408
14.723469018936157,68408
14.724329233169556,68408
14.725181818008423,68408
14.726033449172974,68408
14.72688341140747,68408
14.727736234664917,68408
14.728583574295044,68408
14.729428052902222,68408
14.730279684066772,68408
14.7311372756958,68408
14.731988191604614,68408
14.732837677001953,68408
14.733696937561035,68408
14.734545230865479,68408
14.735395193099976,68408
14.736246585845947,68408
14.737104177474976,68408
14.737957239151001,68408
14.73880672454834,68408
14.739656925201416,68408
14.74049997329712,68408
14.741352558135986,68408
14.742206811904907,68408
14.743062496185303,68408
14.743927955627441,68408
14.744782209396362,68408
14.745635986328125,68408
14.746484994888306,68408
14.747334241867065,68408
14.748188734054565,68408
14.749040603637695,68408
14.749895811080933,68408
14.750752210617065,68408
14.75160551071167,68408
14.75244951248169,68408
14.75329852104187,68408
14.754162549972534,68408
14.75501823425293,68408
14.755871295928955,68408
14.756721258163452,68408
14.75757384300232,68408
14.758421182632446,68408
14.759273767471313,68408
14.760130167007446,68408
14.760981559753418,68408
14.761834144592285,68408
14.762687683105469,68408
14.763532876968384,68408
14.764394998550415,68408
14.76524806022644,68408
14.766103982925415,68408
14.766957759857178,68408
14.767810821533203,68408
14.768665313720703,68408
14.769507884979248,68408
14.770357370376587,68408
14.771208047866821,68408
14.772063970565796,68408
14.772917032241821,68408
14.77377986907959,68408
14.774634599685669,68408
14.775481462478638,68408
14.776328086853027,68408
14.777181386947632,68408
14.778038263320923,68408
14.778892040252686,68408
14.77974247932434,68408
14.7805917263031,68408
14.781436681747437,68408
14.782294511795044,68408
14.783145427703857,68408
14.784008741378784,68408
14.784863233566284,68408
14.785718441009521,68408
14.78656554222107,68408
14.787410736083984,68408
14.788262605667114,68408
14.789116621017456,68408
14.78996729850769,68408
14.790818452835083,68408
14.791669368743896,68408
14.79251480102539,68408
14.793373823165894,68408
14.794238805770874,68408
14.795094728469849,68408
14.795952081680298,68408
14.796802997589111,68408
14.797656536102295,68408
14.798503637313843,68408
14.799354791641235,68408
14.800209522247314,68408
14.80106258392334,68408
14.801913738250732,68408
14.802764415740967,68408
14.803627729415894,68408
14.804474115371704,68408
14.805326700210571,68408
14.806183576583862,68408
14.807036876678467,68408
14.807889223098755,68408
14.808740139007568,68408
14.809593200683594,68408
14.810442209243774,68408
14.811294555664062,68408
14.812148332595825,68408
14.813002109527588,68408
14.813862800598145,68408
14.814715385437012,68408
14.815566539764404,68408
14.816410779953003,68408
14.817261457443237,68408
14.818112850189209,68408
14.818969011306763,68408
14.81982421875,68408
14.820674419403076,68408
14.821521759033203,68408
14.822372674942017,68408
14.82322645187378,68408
14.824089765548706,68408
14.824943780899048,68408
14.825801849365234,68408
14.826658248901367,68408
14.827504873275757,68408
14.828358888626099,68408
14.82921290397644,68408
14.830067157745361,68408
14.830918788909912,68408
14.831768035888672,68408
14.83262586593628,68408
14.833473920822144,68408
14.834333419799805,68408
14.835187673568726,68408
14.83603811264038,68408
14.836893558502197,68408
14.837743520736694,68408
14.83859395980835,68408
14.839443445205688,68408
14.840295314788818,68408
14.84114956855774,68408
14.842003345489502,68408
14.842852592468262,68408
14.843714714050293,68408
14.844565629959106,68408
14.84541130065918,68408
14.846266508102417,68408
14.847124814987183,68408
14.847980737686157,68408
14.848834991455078,68408
14.849687814712524,68408
14.85053563117981,68408
14.851389169692993,68408
14.852240800857544,68408
14.853096961975098,68408
14.853962182998657,68408
14.854814767837524,68408
14.855671167373657,68408
14.856517553329468,68408
14.857370376586914,68408
14.858221769332886,68408
14.859076738357544,68408
14.859930753707886,68408
14.860780954360962,68408
14.861635684967041,68408
14.862483501434326,68408
14.863335132598877,68408
14.86420464515686,68408
14.865055561065674,68408
14.865911483764648,68408
14.866762399673462,68408
14.867619276046753,68408
14.868465423583984,68408
14.869318962097168,68408
14.870171546936035,68408
14.871028900146484,68408
14.871878862380981,68408
14.872730016708374,68408
14.873586654663086,68408
14.874435186386108,68408
14.875287294387817,68408
14.876141548156738,68408
14.876993179321289,68408
14.877847909927368,68408
14.878698587417603,68408
14.879547357559204,68408
14.88040018081665,68408
14.881252765655518,68408
14.882107734680176,68408
14.882962226867676,68408
14.88381838798523,68408
14.884672403335571,68408
14.88551664352417,68408
14.886369466781616,68408
14.887225151062012,68408
14.888079166412354,68408
14.888932943344116,68408
14.889786005020142,68408
14.890637397766113,68408
14.891486883163452,68408
14.892338037490845,68408
14.893190383911133,68408
14.894055366516113,68408
14.89491319656372,68408
14.89576530456543,68408
14.896618843078613,68408
14.897462129592896,68408
14.898316621780396,68408
14.899168968200684,68408
14.90002155303955,68408
14.900876998901367,68408
14.901729106903076,68408
14.902581214904785,68408
14.903428077697754,68408
14.904290676116943,68408
14.905145406723022,68408
14.906004190444946,68408
14.906857252120972,68408
14.907713413238525,68408
14.908565998077393,68408
14.909416198730469,68408
14.910268783569336,68408
14.91111946105957,68408
14.911974906921387,68408
14.912828207015991,68408
14.913688898086548,68408
14.91453766822815,68408
14.915393590927124,68408
14.916247367858887,68408
14.917101621627808,68408
14.917954444885254,68408
14.918807983398438,68408
14.919660329818726,68408
14.920503377914429,68408
14.921353816986084,68408
14.922207355499268,68408
14.923060178756714,68408
14.923922538757324,68408
14.924770832061768,68408
14.925625801086426,68408
14.92647099494934,68408
14.927323579788208,68408
14.928178787231445,68408
14.92903447151184,68408
14.929884910583496,68408
14.930737495422363,68408
14.931587219238281,68408
14.932437181472778,68408
14.933290243148804,68408
14.93415379524231,68408
14.935007810592651,68408
14.935861349105835,68408
14.936716079711914,68408
14.937567949295044,68408
14.938410997390747,68408
14.939265727996826,68408
14.940118074417114,68408
14.940974473953247,68408
14.941827297210693,68408
14.942677974700928,68408
14.943526029586792,68408
14.94438910484314,68408
14.945242881774902,68408
14.94610047340393,68408
14.946953535079956,68408
14.947804689407349,68408
14.94865870475769,68408
14.949508666992188,68408
14.95036005973816,68408
14.951215744018555,68408
14.952069997787476,68408
14.952925443649292,68408
14.953783512115479,68408
14.954638957977295,68408
14.95548415184021,68408
14.956334352493286,68408
14.95719027519226,68408
14.958043813705444,68408
14.9588942527771,68408
14.95974588394165,68408
14.960598468780518,68408
14.961450338363647,68408
14.962305068969727,68408
14.963158130645752,68408
14.964027643203735,68408
14.96488332748413,68408
14.965735912322998,68408
14.966587543487549,68408
14.967434167861938,68408
14.968286514282227,68408
14.969141244888306,68408
14.969996213912964,68408
14.970845699310303,68408
14.971695184707642,68408
14.972540616989136,68408
14.973398685455322,68408
14.974265098571777,68408
14.975120306015015,68408
14.97597885131836,68408
14.976832389831543,68408
14.977686643600464,68408
14.9785315990448,68408
14.979383945465088,68408
14.980238437652588,68408
14.981089353561401,68408
14.98194146156311,68408
14.982795000076294,68408
14.983660459518433,68408
14.984506368637085,68408
14.985362529754639,68408
14.986215114593506,68408
14.98706865310669,68408
14.98792028427124,68408
14.98877239227295,68408
14.989625930786133,68408
14.99047327041626,68408
14.991320371627808,68408
14.9921715259552,68408
14.993024349212646,68408
14.99389100074768,68408
14.99474573135376,68408
14.995595693588257,68408
14.996443271636963,68408
14.99729585647583,68408
14.998151779174805,68408
14.999006271362305,68408
14.999860525131226,68408
15.00071406364441,68408
15.001563549041748,68408
15.002408027648926,68408
15.003260135650635,68408
15.004123449325562,68408
15.004976987838745,68408
15.005831480026245,68408
15.00668454170227,68408
15.007530927658081,68408
15.008380889892578,68408
15.009235143661499,68408
15.010088682174683,68408
15.010940790176392,68408
15.011791944503784,68408
15.012646198272705,68408
15.013490676879883,68408
15.014349937438965,68408
15.015199422836304,68408
15.016048908233643,68408
15.01690149307251,68408
15.01775312423706,68408
15.01860761642456,68408
15.0194571018219,68408
15.020309209823608,68408
15.021165609359741,68408
15.02202033996582,68408
15.022874593734741,68408
15.023736715316772,68408
15.024585723876953,68408
15.025432109832764,68408
15.026283740997314,68408
15.027133703231812,68408
15.027988195419312,68408
15.028839826583862,68408
15.029690265655518,68408
15.030532836914062,68408
15.031383275985718,68408
15.032238006591797,68408
15.033093452453613,68408
15.034306287765503,68408
15.035857200622559,68408
15.037400245666504,68408
15.03894853591919,68408
15.04047703742981,68408
15.042034149169922,68408
15.043598413467407,68408
15.04446029663086,68408
15.045313119888306,68408
15.04616904258728,68408
15.047020196914673,68408
15.04787278175354,68408
15.048725128173828,68408
15.049579858779907,68408
15.050426006317139,68408
15.05128288269043,68408
15.05213737487793,68408
15.052992582321167,68408
15.054110527038574,68408
15.055667161941528,68408
15.057225704193115,68408
15.058765172958374,68408
15.060309648513794,68408
15.061865329742432,68408
15.063435077667236,68408
15.065029382705688,68408
15.066614389419556,68408
15.068230867385864,68408
15.06985592842102,68408
15.071406602859497,68408
15.072994232177734,68408
15.074570655822754,68408
15.076140880584717,68408
15.077707529067993,68408
15.079278707504272,68408
15.080852270126343,68408
15.082398176193237,68408
15.083983421325684,68408
15.085545778274536,68408
15.087103605270386,68408
15.088661670684814,68408
15.090210199356079,68408
15.091776371002197,68408
15.093326807022095,68408
15.09489917755127,68408
15.096449375152588,68408
15.098017454147339,68408
15.099599838256836,68408
15.101187944412231,68408
15.10282015800476,68408
15.104422092437744,68408
15.106007814407349,68408
15.107590198516846,68408
15.109149932861328,68408
15.110723733901978,68408
15.112293004989624,68408
15.113866090774536,68408
15.115445852279663,68408
15.11700963973999,68408
15.118577480316162,68408
15.120127439498901,68408
15.121678352355957,68408
15.123231410980225,68408
15.124801635742188,68408
15.12635350227356,68408
15.127914190292358,68408
15.129470586776733,68408
15.131006956100464,68408
15.132573127746582,68408
15.13416075706482,68408
15.135759592056274,68408
15.13737940788269,68408
15.13896918296814,68408
15.14054799079895,68408
15.142121315002441,68408
15.143702983856201,68408
15.145262718200684,68408
15.146843433380127,68408
15.148409128189087,68408
15.14997124671936,68408
15.151538133621216,68408
15.153119802474976,68408
15.154682874679565,68408
15.156236171722412,68408
15.157787799835205,68408
15.159345388412476,68408
15.160894632339478,68408
15.162444353103638,68408
15.163995742797852,68408
15.165555000305176,68408
15.167118072509766,68408
15.168699264526367,68408
15.170274496078491,68408
15.171875953674316,68408
15.173495054244995,68408
15.175062417984009,68408
15.176653385162354,68408
15.17823338508606,68408
15.179810047149658,68408
15.181352853775024,68408
15.182934522628784,68408
15.184511423110962,68408
15.186095476150513,68408
15.18765139579773,68408
15.189205169677734,68408
15.19076657295227,68408
15.192310571670532,68408
15.193879127502441,68408
15.195432424545288,68408
15.19700288772583,68408
15.198536396026611,68408
15.200096607208252,68408
15.201647520065308,68408
15.203197240829468,68408
15.204785108566284,68408
15.20634388923645,68408
15.207921266555786,68408
15.209513902664185,68408
15.211136102676392,68408
15.212715864181519,68408
15.21428394317627,68408
15.215869665145874,68408
15.217435121536255,68408
15.219008922576904,68408
15.220572710037231,68408
15.222142219543457,68408
15.223734617233276,68408
15.225300312042236,68408
15.226876974105835,68408
15.228424310684204,68408
15.22997236251831,68408
15.231524467468262,68408
15.233092308044434,68408
15.234656810760498,68408
15.236192464828491,68408
15.23775577545166,68408
15.239314317703247,68408
15.240889072418213,68408
15.242460012435913,68408
15.244062662124634,68408
15.245662689208984,68408
15.247280359268188,68408
15.248896598815918,68408
15.250449419021606,68408
15.25200605392456,68408
15.253590822219849,68408
15.255159854888916,68408
15.25673508644104,68408
15.25829291343689,68408
15.259877681732178,68408
15.26145076751709,68408
15.263012647628784,68408
15.264582633972168,68408
15.266132831573486,68408
15.267681360244751,68408
15.269232749938965,68408
15.270787477493286,68408
15.272332906723022,68408
15.273906230926514,68408
15.275467157363892,68408
15.277031183242798,68408
15.27860164642334,68408
15.280180931091309,68408
15.2817862033844,68408
15.283405303955078,68408
15.285007953643799,68408
15.286571264266968,68408
15.288145065307617,68408
15.289713621139526,68408
15.291286945343018,68408
15.292854309082031,68408
15.294434309005737,68408
15.296024322509766,68408
15.29760479927063,68408
15.299170017242432,68408
15.300737619400024,68408
15.302281141281128,68408
15.303850650787354,68408
15.305397748947144,68408
15.306974172592163,68408
15.308523178100586,68408
15.310077667236328,68408
15.311609983444214,68408
15.313168287277222,68408
15.314756870269775,68408
15.316342115402222,68408
15.31794023513794,68408
15.319555044174194,68408
15.32114028930664,68408
15.322722911834717,68408
15.324315071105957,68408
15.32585883140564,68408
15.327425718307495,68408
15.328994750976562,68408
15.330567598342896,68408
15.332137823104858,68408
15.333725929260254,68408
15.335282564163208,68408
15.336843013763428,68408
15.338395357131958,68408
15.339936256408691,68408
15.341476202011108,68408
15.343022346496582,68408
15.344569444656372,68408
15.34608244895935,68408
15.347665786743164,68408
15.349252700805664,68408
15.350843906402588,68408
15.352458953857422,68408
15.35405707359314,68408
15.355658054351807,68408
15.357215642929077,68408
15.35880184173584,68408
15.360358476638794,68408
15.361941814422607,68408
15.36350679397583,68408
15.365087270736694,68408
15.36666750907898,68408
15.36823034286499,68408
15.36981201171875,68408
15.371370315551758,68408
15.372924566268921,68408
15.374481678009033,68408
15.376031637191772,68408
15.377598762512207,68408
15.379162311553955,68408
15.380712509155273,68408
15.382242202758789,68408
15.383825778961182,68408
15.385393142700195,68408
15.386972427368164,68408
15.388557434082031,68408
15.390154838562012,68408
15.391784429550171,68408
15.393398523330688,68408
15.394967794418335,68408
15.396551132202148,68408
15.398131370544434,68408
15.399690389633179,68408
15.401249408721924,68408
15.402830123901367,68408
15.404415607452393,68408
15.405994892120361,68408
15.40757131576538,68408
15.409125328063965,68408
15.41068434715271,68408
15.41222357749939,68408
15.41379165649414,68408
15.415343999862671,68408
15.41691517829895,68408
15.418460845947266,68408
15.420013904571533,68408
15.4215726852417,68408
15.423129081726074,68408
15.424715280532837,68408
15.426304340362549,68408
15.427902936935425,68408
15.42951488494873,68408
15.431083679199219,68408
15.43266749382019,68408
15.434242010116577,68408
15.435821533203125,68408
15.437386512756348,68408
15.438958168029785,68408
15.44052267074585,68408
15.442099809646606,68408
15.443684101104736,68408
15.445236444473267,68408
15.446798086166382,68408
15.448343515396118,68408
15.449905633926392,68408
15.451457738876343,68408
15.453008651733398,68408
15.454567432403564,68408
15.4561185836792,68408
15.457652568817139,68408
15.459246635437012,68408
15.460846900939941,68408
15.46246337890625,68408
15.464076519012451,68408
15.465677976608276,68408
15.467231750488281,68408
15.468823909759521,68408
15.47037410736084,68408
15.47194218635559,68408
15.473489999771118,68408
15.475057125091553,68408
15.476646900177002,68408
15.478220462799072,68408
15.479784965515137,68408
15.481337547302246,68408
15.482885122299194,68408
15.484450817108154,68408
15.486011505126953,68408
15.487565994262695,68408
15.489117622375488,68408
15.490657329559326,68408
15.492235898971558,68408
15.49380898475647,68408
15.495403528213501,68408
15.497021198272705,68408
15.498614072799683,68408
15.500179290771484,68408
15.501756429672241,68408
15.503301858901978,68408
15.504886865615845,68408
15.506453514099121,68408
15.508014917373657,68408
15.509603023529053,68408
15.511162519454956,68408
15.512717008590698,68408
15.514267444610596,68408
15.515812873840332,68408
15.517370223999023,68408
15.518946409225464,68408
15.520493507385254,68408
15.522046327590942,68408
15.52361273765564,68408
15.525172472000122,68408
15.526766538619995,68408
15.528364181518555,68408
15.529990673065186,68408
15.531616926193237,68408
15.533171892166138,68408
15.534777641296387,68408
15.536345481872559,68408
15.537923812866211,68408
15.539487600326538,68408
15.541036128997803,68408
15.542612314224243,68408
15.54419207572937,68408
15.545761108398438,68408
15.547319412231445,68408
15.548869848251343,68408
15.550414800643921,68408
15.551974296569824,68408
15.553520679473877,68408
15.555075407028198,68408
15.556611776351929,68408
15.558180332183838,68408
15.55976414680481,68408
15.561348676681519,68408
15.562943696975708,68408
15.564589023590088,68408
15.5662100315094,68408
15.567808628082275,68408
15.569359064102173,68408
15.570946455001831,68408
15.572509527206421,68408
15.574093580245972,68408
15.57567024230957,68408
15.577249526977539,68408
15.578819751739502,68408
15.580382108688354,68408
15.581949234008789,68408
15.583494186401367,68408
15.585050582885742,68408
15.586609363555908,68408
15.588157653808594,68408
15.58972430229187,68408
15.591250658035278,68408
15.59278655052185,68408
15.594348192214966,68408
15.59593415260315,68408
15.597535133361816,68408
15.59915828704834,68408
15.600748777389526,68408
15.602322101593018,68408
15.603899240493774,68408
15.605468511581421,68408
15.607037782669067,68408
15.60860800743103,68408
15.610179424285889,68408
15.611738681793213,68408
15.613298416137695,68408
15.614876747131348,68408
15.616426467895508,68408
15.617982387542725,68408
15.619537591934204,68408
15.621102333068848,68408
15.62265944480896,68408
15.624216556549072,68408
15.625767230987549,68408
15.62731671333313,68408
15.628899574279785,68408
15.630495071411133,68408
15.632114887237549,68408
15.633708000183105,68408
15.635294675827026,68408
15.63687539100647,68408
15.638451099395752,68408
15.64001727104187,68408
15.641600847244263,68408
15.643171787261963,68408
15.64473843574524,68408
15.64629340171814,68408
15.647863864898682,68408
15.649425983428955,68408
15.650973796844482,68408
15.652521133422852,68408
15.654100894927979,68408
15.655665874481201,68408
15.657201051712036,68408
15.658766031265259,68408
15.660299062728882,68408
15.661890983581543,68408
15.663490533828735,68408
15.665120601654053,68408
15.666720867156982,68408
15.668322563171387,68408
15.669890403747559,68408
15.67145586013794,68408
15.673034429550171,68408
15.674607992172241,68408
15.676174402236938,68408
15.677740812301636,68408
15.6793212890625,68408
15.680890798568726,68408
15.68244481086731,68408
15.684001922607422,68408
15.685549020767212,68408
15.68710470199585,68408
15.688674688339233,68408
15.690222024917603,68408
15.691783905029297,68408
15.69332766532898,68408
15.694885492324829,68408
15.69646668434143,68408
15.698062658309937,68408
15.699683666229248,68408
15.701255559921265,68408
15.702863454818726,68408
15.704457998275757,68408
15.706043481826782,68408
15.707613945007324,68408
15.709183931350708,68408
15.710753440856934,68408
15.712319612503052,68408
15.713903665542603,68408
15.7154541015625,68408
15.71701169013977,68408
15.718591451644897,68408
15.720143795013428,68408
15.721712112426758,68408
15.723252296447754,68408
15.72481107711792,68408
15.726367235183716,68408
15.727935314178467,68408
15.729471445083618,68408
15.731031656265259,68408
15.732588768005371,68408
15.73416805267334,68408
15.735771656036377,68408
15.737366676330566,68408
15.738989114761353,68408
15.740564823150635,68408
15.742154598236084,68408
15.743748426437378,68408
15.745285034179688,68408
15.74686074256897,68408
15.74842643737793,68408
15.75000286102295,68408
15.751564979553223,68408
15.753124713897705,68408
15.754686117172241,68408
15.756230592727661,68408
15.757797718048096,68408
15.759357452392578,68408
15.7609121799469,68408
15.762452125549316,68408
15.763999700546265,68408
15.76555585861206,68408
15.76715636253357,68408
15.768719911575317,68408
15.770277500152588,68408
15.771849632263184,68408
15.773410320281982,68408
15.774986982345581,68408
15.776547908782959,68408
15.778119564056396,68408
15.779686212539673,68408
15.781243801116943,68408
15.782812356948853,68408
15.784376382827759,68408
15.785945892333984,68408
15.787506103515625,68408
15.789073705673218,68408
15.790645837783813,68408
15.792206048965454,68408
15.793784618377686,68408
15.795344591140747,68408
15.79691195487976,68408
15.798476219177246,68408
15.800043821334839,68408
15.80160641670227,68408
15.803167343139648,68408
15.804743528366089,68408
15.806297302246094,68408
15.807869672775269,68408
15.809433460235596,68408
15.811004161834717,68408
15.81257152557373,68408
15.814143419265747,68408
15.81571364402771,68408
15.817269325256348,68408
15.818837881088257,68408
15.82040286064148,68408
15.821966409683228,68408
15.823531866073608,68408
15.825111627578735,68408
15.826676368713379,68408
15.82823634147644,68408
15.829803705215454,68408
15.831366300582886,68408
15.83293080329895,68408
15.834499597549438,68408
15.836073160171509,68408
15.837641477584839,68408
15.839199781417847,68408
15.840766906738281,68408
15.842328310012817,68408
15.84391188621521,68408
15.845469951629639,68408
15.847041130065918,68408
15.848609209060669,68408
15.850173950195312,68408
15.851739406585693,68408
15.853299140930176,68408
15.854878425598145,68408
15.856440782546997,68408
15.85800838470459,68408
15.859573125839233,68408
15.861132860183716,68408
15.862700939178467,68408
15.864269018173218,68408
15.865838289260864,68408
15.867397546768188,68408
15.868962049484253,68408
15.870521068572998,68408
15.872090578079224,68408
15.873671054840088,68408
15.875227212905884,68408
15.876793146133423,68408
15.878357172012329,68408
15.87992548942566,68408
15.881490468978882,68408
15.883056402206421,68408
15.884632587432861,68408
15.886193037033081,68408
15.887761116027832,68408
15.889319896697998,68408
15.89088749885559,68408
15.892445802688599,68408
15.894026041030884,68408
15.895589113235474,68408
15.897157430648804,68408
15.898723125457764,68408
15.90028190612793,68408
15.901849031448364,68408
15.903408288955688,68408
15.904985904693604,68408
15.906547546386719,68408
15.908113956451416,68408
15.909685611724854,68408
15.911243200302124,68408
15.912809133529663,68408
15.91437578201294,68408
15.915949821472168,68408
15.91750693321228,68408
15.919075965881348,68408
15.920641422271729,68408
15.922203302383423,68408
15.923781633377075,68408
15.925342082977295,68408
15.926915645599365,68408
15.928476572036743,68408
15.930046558380127,68408
15.931612968444824,68408
15.933171510696411,68408
15.934747457504272,68408
15.936306476593018,68408
15.937876224517822,68408
15.939433097839355,68408
15.941002368927002,68408
15.942566394805908,68408
15.94413709640503,68408
15.945705652236938,68408
15.947263240814209,68408
15.948827743530273,68408
15.950388431549072,68408
15.951950788497925,68408
15.953510046005249,68408
15.955087184906006,68408
15.956655740737915,68408
15.958209037780762,68408
15.959776401519775,68408
15.96133804321289,68408
15.962906122207642,68408
15.96446967124939,68408
15.966039657592773,68408
15.967604160308838,68408
15.969163417816162,68408
15.970736980438232,68408
15.9722900390625,68408
15.973869562149048,68408
15.97542929649353,68408
15.977001190185547,68408
15.978557109832764,68408
15.98012089729309,68408
15.981688737869263,68408
15.983243465423584,68408
15.984817504882812,68408
15.986377716064453,68408
15.987946033477783,68408
15.989503860473633,68408
15.991071462631226,68408
15.992632389068604,68408
15.994202852249146,68408
15.995768547058105,68408
15.997325897216797,68408
15.998895168304443,68408
16.00045394897461,68408
16.002017974853516,68408
16.003594398498535,68408
16.005155324935913,68408
16.006720781326294,68408
16.00827980041504,68408
16.009844064712524,68408
16.011403560638428,68408
16.012969732284546,68408
16.01453995704651,68408
16.01611089706421,68408
16.017680883407593,68408
16.01924157142639,68408
16.02080798149109,68408
16.022363901138306,68408
16.023945569992065,68408
16.025504112243652,68408
16.02707839012146,68408
16.028644800186157,68408
16.030203580856323,68408
16.031769037246704,68408
16.03333306312561,68408
16.034914255142212,68408
16.036475896835327,68408
16.038048267364502,68408
16.039615869522095,68408
16.041176795959473,68408
16.042741775512695,68408
16.04430913925171,68408
16.04587459564209,68408
16.04743480682373,68408
16.04900288581848,68408
16.05057144165039,68408
16.05212712287903,68408
16.0537109375,68408
16.055257558822632,68408
16.05683207511902,68408
16.058386087417603,68408
16.05995488166809,68408
16.061516046524048,68408
16.06308674812317,68408
16.06466245651245,68408
16.066222429275513,68408
16.06778597831726,68408
16.06934690475464,68408
16.07091522216797,68408
16.072473526000977,68408
16.07405400276184,68408
16.075627088546753,68408
16.077188730239868,68408
16.078759908676147,68408
16.0803165435791,68408
16.08188271522522,68408
16.083438396453857,68408
16.085016012191772,68408
16.086585998535156,68408
16.088145971298218,68408
16.089712142944336,68408
16.09126877784729,68408
16.092838525772095,68408
16.09441113471985,68408
16.095979928970337,68408
16.09754467010498,68408
16.09910821914673,68408
16.100680351257324,68408
16.102240562438965,68408
16.1038179397583,68408
16.10537362098694,68408
16.106943130493164,68408
16.108500003814697,68408
16.110063791275024,68408
16.111643075942993,68408
16.113201379776,68408
16.11477518081665,68408
16.116337299346924,68408
16.11790633201599,68408
16.11946749687195,68408
16.121034145355225,68408
16.122596740722656,68408
16.12416958808899,68408
16.125739336013794,68408
16.127296924591064,68408
16.12886881828308,68408
16.13042640686035,68408
16.131999015808105,68408
16.13357162475586,68408
16.135133504867554,68408
16.136704683303833,68408
16.13826322555542,68408
16.139832258224487,68408
16.14139699935913,68408
16.142959594726562,68408
16.144533157348633,68408
16.14609408378601,68408
16.147664546966553,68408
16.149224519729614,68408
16.150795221328735,68408
16.152352333068848,68408
16.153931379318237,68408
16.155493021011353,68408
16.15706515312195,68408
16.158635139465332,68408
16.160192012786865,68408
16.161760568618774,68408
16.163320541381836,68408
16.164904356002808,68408
16.166465759277344,68408
16.168038606643677,68408
16.169604539871216,68408
16.171168088912964,68408
16.1727352142334,68408
16.17430305480957,68408
16.175872325897217,68408
16.177430152893066,68408
16.1790030002594,68408
16.180564880371094,68408
16.182127475738525,68408
16.183706998825073,68408
16.185259342193604,68408
16.18682622909546,68408
16.188387155532837,68408
16.189951181411743,68408
16.191510915756226,68408
16.193077325820923,68408
16.19465684890747,68408
16.196215629577637,68408
16.197783946990967,68408
16.199344873428345,68408
16.20090961456299,68408
16.2024884223938,68408
16.204060316085815,68408
16.205628633499146,68408
16.207187175750732,68408
16.2087562084198,68408
16.210314512252808,68408
16.211880922317505,68408
16.213440656661987,68408
16.21501874923706,68408
16.216583728790283,68408
16.218144178390503,68408
16.219708681106567,68408
16.221266746520996,68408
16.222838401794434,68408
16.22440505027771,68408
16.22597599029541,68408
16.22753930091858,68408
16.229100942611694,68408
16.23067283630371,68408
16.23223066329956,68408
16.233808994293213,68408
16.235368490219116,68408
16.2369384765625,68408
16.23849868774414,68408
16.24006724357605,68408
16.241636037826538,68408
16.243195295333862,68408
16.244771242141724,68408
16.24632740020752,68408
16.247900247573853,68408
16.249460458755493,68408
16.251026391983032,68408
16.252591609954834,68408
16.25416088104248,68408
16.255727529525757,68408
16.25728416442871,68408
16.258853673934937,68408
16.260414123535156,68408
16.261982202529907,68408
16.26354217529297,68408
16.265119552612305,68408
16.266685962677002,68408
16.268242120742798,68408
16.269811391830444,68408
16.27136731147766,68408
16.272934436798096,68408
16.27450704574585,68408
16.276073694229126,68408
16.277647972106934,68408
16.279197692871094,68408
16.280762434005737,68408
16.282324075698853,68408
16.283900499343872,68408
16.285460948944092,68408
16.287031888961792,68408
16.288599252700806,68408
16.290159702301025,68408
16.291730880737305,68408
16.29328441619873,68408
16.29486870765686,68408
16.296427965164185,68408
16.298001050949097,68408
16.29956316947937,68408
16.301124811172485,68408
16.30269432067871,68408
16.304264068603516,68408
16.305828094482422,68408
16.307393550872803,68408
16.308955907821655,68408
16.31051278114319,68408
16.312084197998047,68408
16.313666820526123,68408
16.315210819244385,68408
16.31678032875061,68408
16.318337440490723,68408
16.319905281066895,68408
16.321462631225586,68408
16.3230299949646,68408
16.32461142539978,68408
16.326170921325684,68408
16.327735662460327,68408
16.329297304153442,68408
16.33086347579956,68408
16.332424640655518,68408
16.3340003490448,68408
16.335566997528076,68408
16.337127923965454,68408
16.338695287704468,68408
16.340256690979004,68408
16.341830253601074,68408
16.343390703201294,68408
16.344974040985107,68408
16.346538543701172,68408
16.348103761672974,68408
16.349671840667725,68408
16.35122776031494,68408
16.352795600891113,68408
16.354363441467285,68408
16.355932474136353,68408
16.357492923736572,68408
16.35906410217285,68408
16.360630750656128,68408
16.362189292907715,68408
16.363773345947266,68408
16.365330934524536,68408
16.366899251937866,68408
16.36845850944519,68408
16.37002205848694,68408
16.37158989906311,68408
16.373149394989014,68408
16.374725341796875,68408
16.376281023025513,68408
16.377849340438843,68408
16.37941002845764,68408
16.380980968475342,68408
16.382540225982666,68408
16.38411831855774,68408
16.385688304901123,68408
16.387245893478394,68408
16.388814449310303,68408
16.39037561416626,68408
16.391944885253906,68408
16.39350414276123,68408
16.395082473754883,68408
16.396648406982422,68408
16.398205518722534,68408
16.399773120880127,68408
16.401331186294556,68408
16.402899265289307,68408
16.40446925163269,68408
16.406042098999023,68408
16.40760850906372,68408
16.409172773361206,68408
16.4107403755188,68408
16.412297010421753,68408
16.413878202438354,68408
16.41543698310852,68408
16.417004585266113,68408
16.418567895889282,68408
16.420127391815186,68408
16.42169713973999,68408
16.423254251480103,68408
16.42482829093933,68408
16.426387071609497,68408
16.42795729637146,68408
16.429518938064575,68408
16.43108296394348,68408
16.43265151977539,68408
16.43421769142151,68408
16.435790061950684,68408
16.437349796295166,68408
16.438913583755493,68408
16.440475463867188,68408
16.442047357559204,68408
16.443620920181274,68408
16.44518280029297,68408
16.44674849510193,68408
16.44830894470215,68408
16.44987988471985,68408
16.451441764831543,68408
16.45300817489624,68408
16.454585313796997,68408
16.45614719390869,68408
16.457714557647705,68408
16.459269762039185,68408
16.460843324661255,68408
16.462401628494263,68408
16.463979244232178,68408
16.46554183959961,68408
16.467105388641357,68408
16.468673706054688,68408
16.470235109329224,68408
16.471802711486816,68408
16.47336483001709,68408
16.474940299987793,68408
16.476503372192383,68408
16.478076219558716,68408
16.479650259017944,68408
16.481201648712158,68408
16.482770442962646,68408
16.48439645767212,68408
16.48596215248108,68408
16.487521648406982,68408
16.489084243774414,68408
16.49065375328064,68408
16.49221181869507,68408
16.493783235549927,68408
16.495338439941406,68408
16.496914863586426,68408
16.49846601486206,68408
16.500030517578125,68408
16.501591205596924,68408
16.50315237045288,68408
16.504729986190796,68408
16.506279468536377,68408
16.507840394973755,68408
16.509392023086548,68408
16.51095414161682,68408
16.51251196861267,68408
16.514084815979004,68408
16.51564908027649,68408
16.517212629318237,68408
16.518766403198242,68408
16.520315885543823,68408
16.52186942100525,68408
16.523415565490723,68408
16.52498507499695,68408
16.526548862457275,68408
16.528109312057495,68408
16.52967381477356,68408
16.531235218048096,68408
16.53279685974121,68408
16.534359216690063,68408
16.535919427871704,68408
16.53747320175171,68408
16.539040327072144,68408
16.540600776672363,68408
16.542163610458374,68408
16.543734788894653,68408
16.545287370681763,68408
16.546841382980347,68408
16.5483980178833,68408
16.549959659576416,68408
16.5515193939209,68408
16.553086280822754,68408
16.55466389656067,68408
16.556211471557617,68408
16.557775020599365,68408
16.559327840805054,68408
16.560889959335327,68408
16.56244921684265,68408
16.564024925231934,68408
16.56558609008789,68408
16.567835569381714,68408
16.569369316101074,68408
16.570895195007324,68408
16.572420358657837,68408
16.573955297470093,68408
16.57548952102661,68408
16.577029705047607,68408
16.578548431396484,68408
16.580100297927856,68408
16.581613540649414,68408
16.58312225341797,68408
16.58464241027832,68408
16.58615231513977,68408
16.587663888931274,68408
16.589171648025513,68408
16.590687036514282,68408
16.59219741821289,68408
16.59372305870056,68408
16.595227241516113,68408
16.596739053726196,68408
16.598246574401855,68408
16.59976029396057,68408
16.601269721984863,68408
16.60278081893921,68408
16.60429811477661,68408
16.60581064224243,68408
16.607316493988037,68408
16.60883069038391,68408
16.610336303710938,68408
16.611852169036865,68408
16.613367557525635,68408
16.614890575408936,68408
16.616400241851807,68408
16.617916107177734,68408
16.619426488876343,68408
16.62094020843506,68408
16.622446060180664,68408
16.623972177505493,68408
16.625480890274048,68408
16.62699818611145,68408
16.62850594520569,68408
16.63001799583435,68408
16.63152289390564,68408
16.6330349445343,68408
16.634551286697388,68408
16.63606882095337,68408
16.637600898742676,68408
16.639105081558228,68408
16.640618324279785,68408
16.642123222351074,68408
16.643643379211426,68408
16.645146369934082,68408
16.64665699005127,68408
16.648164749145508,68408
16.649681329727173,68408
16.651188373565674,68408
16.65269923210144,68408
16.65421772003174,68408
16.655730724334717,68408
16.657237768173218,68408
16.658753156661987,68408
16.66025686264038,68408
16.661772966384888,68408
16.663276433944702,68408
16.664803981781006,68408
16.666311979293823,68408
16.667825937271118,68408
16.669330835342407,68408
16.6708402633667,68408
16.672343492507935,68408
16.673866987228394,68408
16.67537021636963,68408
16.676882028579712,68408
16.678388595581055,68408
16.679900884628296,68408
16.681403636932373,68408
16.682913780212402,68408
16.684428691864014,68408
16.685938835144043,68408
16.687445402145386,68408
16.68895673751831,68408
16.690459489822388,68408
16.69197177886963,68408
16.693475484848022,68408
16.69499707221985,68408
16.6965012550354,68408
16.698015689849854,68408
16.69951868057251,68408
16.701032161712646,68408
16.702531814575195,68408
16.70405602455139,68408
16.705570459365845,68408
16.707072973251343,68408
16.708580017089844,68408
16.710084915161133,68408
16.711593866348267,68408
16.71310067176819,68408
16.714619874954224,68408
16.71613049507141,68408
16.717642307281494,68408
16.71914315223694,68408
16.720654726028442,68408
16.72216033935547,68408
16.72368359565735,68408
16.7251877784729,68408
16.726696491241455,68408
16.728200912475586,68408
16.72971248626709,68408
16.731217622756958,68408
16.732731819152832,68408
16.734248161315918,68408
16.735758781433105,68408
16.73726463317871,68408
16.738776445388794,68408
16.740283727645874,68408
16.7417950630188,68408
16.743300914764404,68408
16.74482488632202,68408
16.746329069137573,68408
16.74784564971924,68408
16.749350786209106,68408
16.75086522102356,68408
16.752370357513428,68408
16.753894567489624,68408
16.75540018081665,68408
16.756911993026733,68408
16.758415699005127,68408
16.759931564331055,68408
16.761444568634033,68408
16.762956619262695,68408
16.76447105407715,68408
16.765982151031494,68408
16.76748013496399,68408
16.768991708755493,68408
16.770495891571045,68408
16.772005319595337,68408
16.773507833480835,68408
16.77503275871277,68408
16.776537656784058,68408
16.77805233001709,68408
16.779552936553955,68408
16.781062364578247,68408
16.78256916999817,68408
16.784085035324097,68408
16.785590171813965,68408
16.787097454071045,68408
16.788608074188232,68408
16.79011058807373,68408
16.791617393493652,68408
16.793122053146362,68408
16.794644355773926,68408
16.796151638031006,68408
16.79766583442688,68408
16.799171924591064,68408
16.800684690475464,68408
16.80218744277954,68408
16.80370831489563,68408
16.80521249771118,68408
16.80672287940979,68408
16.808231830596924,68408
16.809741258621216,68408
16.81124711036682,68408
16.812758684158325,68408
16.814270734786987,68408
16.815786361694336,68408
16.817291021347046,68408
16.818801403045654,68408
16.820302486419678,68408
16.82181143760681,68408
16.823317766189575,68408
16.824843406677246,68408
16.826346158981323,68408
16.82786273956299,68408
16.82936692237854,68408
16.83087706565857,68408
16.83238124847412,68408
16.833904504776,68408
16.83540940284729,68408
16.836915016174316,68408
16.838420391082764,68408
16.839936017990112,68408
16.841444730758667,68408
16.84295654296875,68408
16.844475030899048,68408
16.84598994255066,68408
16.847496271133423,68408
16.84900736808777,68408
16.850510120391846,68408
16.852022647857666,68408
16.85352921485901,68408
16.855053424835205,68408
16.856565713882446,68408
16.858076333999634,68408
16.859586238861084,68408
16.861090183258057,68408
16.86259937286377,68408
16.864112377166748,68408
16.865623235702515,68408
16.86713171005249,68408
16.868643522262573,68408
16.87014675140381,68408
16.871660947799683,68408
16.873164653778076,68408
16.874685764312744,68408
16.876184701919556,68408
16.877696752548218,68408
16.87920093536377,68408
16.880710124969482,68408
16.88221287727356,68408
16.883734941482544,68408
16.885236978530884,68408
16.886752367019653,68408
16.888259649276733,68408
16.889771223068237,68408
16.89127779006958,68408
16.892791748046875,68408
16.89431095123291,68408
16.89582324028015,68408
16.897324085235596,68408
16.898838758468628,68408
16.900341033935547,68408
16.901854276657104,68408
16.903362274169922,68408
16.904881477355957,68408
16.906389713287354,68408
16.907902717590332,68408
16.909404516220093,68408
16.910914659500122,68408
16.912420511245728,68408
16.91394066810608,68408
16.915447473526,68408
16.91695547103882,68408
16.918461561203003,68408
16.9199697971344,68408
16.921470165252686,68408
16.92297887802124,68408
16.924494743347168,68408
16.92600703239441,68408
16.927507638931274,68408
16.92901849746704,68408
16.93052077293396,68408
16.932034730911255,68408
16.933539628982544,68408
16.935060024261475,68408
16.936568021774292,68408
16.93807578086853,68408
16.93958020210266,68408
16.94108557701111,68408
16.942599296569824,68408
16.944116830825806,68408
16.94563055038452,68408
16.94713854789734,68408
16.948651790618896,68408
16.950157403945923,68408
16.951676845550537,68408
16.953177213668823,68408
16.954699277877808,68408
16.956207513809204,68408
16.957723140716553,68408
16.959223985671997,68408
16.960735082626343,68408
16.96223545074463,68408
16.96375870704651,68408
16.96526789665222,68408
16.96678113937378,68408
16.96828556060791,68408
16.969801664352417,68408
16.9713077545166,68408
16.972820043563843,68408
16.97433829307556,68408
16.97584891319275,68408
16.977356433868408,68408
16.978867053985596,68408
16.980372667312622,68408
16.981886386871338,68408
16.98339343070984,68408
16.984919786453247,68408
16.986424446105957,68408
16.987937450408936,68408
16.989439249038696,68408
16.99095368385315,68408
16.992453575134277,68408
16.993975400924683,68408
16.995479345321655,68408
16.996991872787476,68408
16.99849510192871,68408
17.000011205673218,68408
17.00151300430298,68408
17.003028631210327,68408
17.004541635513306,68408
17.006053686141968,68408
17.0075523853302,68408
17.009061336517334,68408
17.010567903518677,68408
17.01207208633423,68408
17.013593196868896,68408
17.015100479125977,68408
17.016610383987427,68408
17.018115997314453,68408
17.01962661743164,68408
17.021130323410034,68408
17.02264165878296,68408
17.024155139923096,68408
17.02567148208618,68408
17.027177333831787,68408
17.028690576553345,68408
17.030202627182007,68408
17.031708002090454,68408
17.03321409225464,68408
17.034733295440674,68408
17.03623628616333,68408
17.037748336791992,68408
17.03925585746765,68408
17.04076886177063,68408
17.04227328300476,68408
17.043795347213745,68408
17.04530668258667,68408
17.046815395355225,68408
17.04832100868225,68408
17.049833059310913,68408
17.051342248916626,68408
17.052855253219604,68408
17.05437397956848,68408
17.05589246749878,68408
17.057395696640015,68408
17.05890727043152,68408
17.060412168502808,68408
17.061924934387207,68408
17.06343388557434,68408
17.0649516582489,68408
17.06645631790161,68408
17.067969799041748,68408
17.069474935531616,68408
17.070987939834595,68408
17.072492122650146,68408
17.07401156425476,68408
17.07552194595337,68408
17.077034950256348,68408
17.078542232513428,68408
17.080057382583618,68408
17.081565618515015,68408
17.083064556121826,68408
17.084591150283813,68408
17.086092472076416,68408
17.087603092193604,68408
17.08910584449768,68408
17.090615034103394,68408
17.092116355895996,68408
17.093637704849243,68408
17.09514594078064,68408
17.096659898757935,68408
17.098164319992065,68408
17.099679470062256,68408
17.101179599761963,68408
17.102688550949097,68408
17.104207038879395,68408
17.105716466903687,68408
17.107218980789185,68408
17.108732223510742,68408
17.110236883163452,68408
17.11175036430359,68408
17.11325240135193,68408
17.114779233932495,68408
17.116286516189575,68408
17.11779808998108,68408
17.119303226470947,68408
17.120816469192505,68408
17.122323513031006,68408
17.123845100402832,68408
17.125354051589966,68408
17.12686777114868,68408
17.128371000289917,68408
17.12988519668579,68408
17.131389141082764,68408
17.132901191711426,68408
17.13441514968872,68408
17.13593077659607,68408
17.137434720993042,68408
17.138946294784546,68408
17.14045214653015,68408
17.141966342926025,68408
17.143472909927368,68408
17.144999742507935,68408
17.146503686904907,68408
17.148019552230835,68408
17.149526596069336,68408
17.151040077209473,68408
17.152546167373657,68408
17.154067039489746,68408
17.155577182769775,68408
17.15708351135254,68408
17.158592224121094,68408
17.160098791122437,68408
17.161609888076782,68408
17.163115739822388,68408
17.164633989334106,68408
17.166135549545288,68408
17.16764545440674,68408
17.16914939880371,68408
17.17066192626953,68408
17.172165393829346,68408
17.173689603805542,68408
17.17519760131836,68408
17.176708459854126,68408
17.178213119506836,68408
17.179726123809814,68408
17.18123173713684,68408
17.182745218276978,68408
17.184263229370117,68408
17.18577814102173,68408
17.18728470802307,68408
17.18879532814026,68408
17.19030261039734,68408
17.191814661026,68408
17.193318843841553,68408
17.194840669631958,68408
17.196351528167725,68408
17.197863578796387,68408
17.19937038421631,68408
17.20088028907776,68408
17.202383756637573,68408
17.203908681869507,68408
17.20541524887085,68408
17.206923723220825,68408
17.208431243896484,68408
17.20994520187378,68408
17.21144938468933,68408
17.212960481643677,68408
17.214473009109497,68408
17.215985774993896,68408
17.217493057250977,68408
17.21900486946106,68408
17.220508098602295,68408
17.222021102905273,68408
17.223530292510986,68408
17.225053310394287,68408
17.226567029953003,68408
17.228070974349976,68408
17.22957968711853,68408
17.23108744621277,68408
17.232595443725586,68408
17.234111070632935,68408
17.235623359680176,68408
17.237127780914307,68408
17.238638162612915,68408
17.240148305892944,68408
17.24165987968445,68408
17.243162870407104,68408
17.244685411453247,68408
17.24618673324585,68408
17.247700691223145,68408
17.2492036819458,68408
17.250713348388672,68408
17.25221562385559,68408
17.25373649597168,68408
17.255244970321655,68408
17.256757736206055,68408
17.25826120376587,68408
17.2597758769989,68408
17.26127862930298,68408
17.262792110443115,68408
17.264304637908936,68408
17.26581645011902,68408
17.267327070236206,68408
17.26884388923645,68408
17.270350217819214,68408
17.271859645843506,68408
17.27336597442627,68408
17.274890422821045,68408
17.276394367218018,68408
17.277904987335205,68408
17.279411554336548,68408
17.28092384338379,68408
17.282426357269287,68408
17.283950328826904,68408
17.28545570373535,68408
17.28696632385254,68408
17.288469076156616,68408
17.289977550506592,68408
17.29148030281067,68408
17.292995929718018,68408
17.29451298713684,68408
17.29602551460266,68408
17.29753303527832,68408
17.299046277999878,68408
17.30055046081543,68408
17.302058935165405,68408
17.30357837677002,68408
17.305084228515625,68408
17.306592226028442,68408
17.308102130889893,68408
17.309614419937134,68408
17.311119556427002,68408
17.31262755393982,68408
17.31413984298706,68408
17.3156521320343,68408
17.317152738571167,68408
17.318664073944092,68408
17.320167064666748,68408
17.321678638458252,68408
17.323179244995117,68408
17.324705123901367,68408
17.326207637786865,68408
17.32771873474121,68408
17.329225301742554,68408
17.330738306045532,68408
17.33224391937256,68408
17.333767890930176,68408
17.33526873588562,68408
17.33678436279297,68408
17.338290214538574,68408
17.33980441093445,68408
17.341310262680054,68408
17.34282159805298,68408
17.344337701797485,68408
17.345847129821777,68408
17.347351551055908,68408
17.348859786987305,68408
17.35036611557007,68408
17.351879358291626,68408
17.353387117385864,68408
17.35491132736206,68408
17.3564190864563,68408
17.357932806015015,68408
17.359439611434937,68408
17.360951900482178,68408
17.362457275390625,68408
17.363980770111084,68408
17.365487813949585,68408
17.367000579833984,68408
17.368504524230957,68408
17.370014429092407,68408
17.371518850326538,68408
17.37303113937378,68408
17.374542474746704,68408
17.37605309486389,68408
17.377554893493652,68408
17.37906837463379,68408
17.38057589530945,68408
17.382079362869263,68408
17.38359498977661,68408
17.38510036468506,68408
17.38661527633667,68408
17.388119220733643,68408
17.389631032943726,68408
17.39113712310791,68408
17.392648458480835,68408
17.394164323806763,68408
17.395678281784058,68408
17.39718723297119,68408
17.398700714111328,68408
17.40021777153015,68408
17.40173101425171,68408
17.403237104415894,68408
17.404757976531982,68408
17.406261205673218,68408
17.407771110534668,68408
17.409274339675903,68408
17.41078805923462,68408
17.4122953414917,68408
17.413816928863525,68408
17.415321350097656,68408
17.416835069656372,68408
17.418338537216187,68408
17.419848918914795,68408
17.421355485916138,68408
17.42286968231201,68408
17.424383640289307,68408
17.425899505615234,68408
17.42740535736084,68408
17.42891788482666,68408
17.43042540550232,68408
17.431936264038086,68408
17.433441400527954,68408
17.434961318969727,68408
17.436464071273804,68408
17.437975883483887,68408
17.439478158950806,68408
17.440986156463623,68408
17.44248938560486,68408
17.444008350372314,68408
17.445516347885132,68408
17.447027921676636,68408
17.44853138923645,68408
17.450040817260742,68408
17.45154356956482,68408
17.453058004379272,68408
17.454580307006836,68408
17.45608615875244,68408
17.457592725753784,68408
17.45909595489502,68408
17.460599422454834,68408
17.46210813522339,68408
17.463622570037842,68408
17.465129137039185,68408
17.4666428565979,68408
17.468146562576294,68408
17.469661951065063,68408
17.471164226531982,68408
17.47267723083496,68408
17.474190711975098,68408
17.47570013999939,68408
17.47720241546631,68408
17.478711366653442,68408
17.48021936416626,68408
17.481730222702026,68408
17.483238458633423,68408
17.484761714935303,68408
17.486265420913696,68408
17.487783432006836,68408
17.48928999900818,68408
17.490800857543945,68408
17.49230456352234,68408
17.493823528289795,68408
17.495330810546875,68408
17.496845245361328,68408
17.498351097106934,68408
17.49986219406128,68408
17.501368045806885,68408
17.50287961959839,68408
17.504396200180054,68408
17.50590443611145,68408
17.507409811019897,68408
17.50891947746277,68408
17.510425806045532,68408
17.511940240859985,68408
17.513447284698486,68408
17.514968156814575,68408
17.5164737701416,68408
17.517987966537476,68408
17.519493103027344,68408
17.52100419998169,68408
17.52251410484314,68408
17.524033546447754,68408
17.525537729263306,68408
17.52704954147339,68408
17.52855086326599,68408
17.53006362915039,68408
17.531577825546265,68408
17.533081531524658,68408
17.53459906578064,68408
17.536105632781982,68408
17.537616729736328,68408
17.539124727249146,68408
17.54063582420349,68408
17.542144775390625,68408
17.54366946220398,68408
17.54517149925232,68408
17.546688079833984,68408
17.548192501068115,68408
17.549702882766724,68408
17.551210165023804,68408
17.55272126197815,68408
17.55423617362976,68408
17.55574870109558,68408
17.55725383758545,68408
17.558769464492798,68408
17.560274362564087,68408
17.561784029006958,68408
17.563294649124146,68408
17.564820528030396,68408
17.566320180892944,68408
17.567832946777344,68408
17.569345951080322,68408
17.570859909057617,68408
17.572365283966064,68408
17.573888301849365,68408
17.575395822525024,68408
17.576905965805054,68408
17.578410863876343,68408
17.579928636550903,68408
17.58143448829651,68408
17.582948684692383,68408
17.584463357925415,68408
17.585978507995605,68408
17.58748435974121,68408
17.588997840881348,68408
17.590498685836792,68408
17.59201741218567,68408
17.593523263931274,68408
17.595046758651733,68408
17.5965518951416,68408
17.598064184188843,68408
17.599572896957397,68408
17.601083517074585,68408
17.602595567703247,68408
17.604106903076172,68408
17.605616569519043,68408
17.607125759124756,68408
17.608633041381836,68408
17.61013436317444,68408
17.611647367477417,68408
17.613154649734497,68408
17.614676237106323,68408
17.61618137359619,68408
17.61769390106201,68408
17.619195699691772,68408
17.620710372924805,68408
17.6222140789032,68408
17.62373375892639,68408
17.625237941741943,68408
17.62674903869629,68408
17.628255367279053,68408
17.62976574897766,68408
17.631273984909058,68408
17.632785081863403,68408
17.634300470352173,68408
17.635815143585205,68408
17.637322187423706,68408
17.638837099075317,68408
17.640341997146606,68408
17.641853094100952,68408
17.643357753753662,68408
17.64487648010254,68408
17.646383047103882,68408
17.647894859313965,68408
17.649399042129517,68408
17.650911808013916,68408
17.652416706085205,68408
17.65393853187561,68408
17.655447006225586,68408
17.656957149505615,68408
17.658463716506958,68408
17.659975290298462,68408
17.66147804260254,68408
17.662989139556885,68408
17.66451096534729,68408
17.666019678115845,68408
17.66752576828003,68408
17.669042587280273,68408
17.670549631118774,68408
17.67205786705017,68408
17.673577547073364,68408
17.675086736679077,68408
17.676596879959106,68408
17.678102016448975,68408
17.67961573600769,68408
17.681121587753296,68408
17.68263077735901,68408
17.684147357940674,68408
17.68566107749939,68408
17.68716287612915,68408
17.68867540359497,68408
17.69018292427063,68408
17.691691875457764,68408
17.693198204040527,68408
17.694724321365356,68408
17.6962251663208,68408
17.69724154472351,68408
17.698102951049805,68408
17.698957443237305,68408
17.699808359146118,68408
17.700663805007935,68408
17.701509475708008,68408
17.702362060546875,68408
17.70321559906006,68408
17.704081058502197,68408
17.704935789108276,68408
17.705788612365723,68408
17.706642150878906,68408
17.707487106323242,68408
17.708338737487793,68408
17.709190130233765,68408
17.710041046142578,68408
17.710891723632812,68408
17.711740970611572,68408
17.712592363357544,68408
17.71344017982483,68408
17.714306831359863,68408
17.715158224105835,68408
17.71601414680481,68408
17.716869115829468,68408
17.71771550178528,68408
17.71856689453125,68408
17.719411373138428,68408
17.720266342163086,68408
17.721121549606323,68408
17.72197461128235,68408
17.722825527191162,68408
17.723686456680298,68408
17.724530935287476,68408
17.725385427474976,68408
17.72623872756958,68408
17.727091550827026,68408
17.72794508934021,68408
17.728796005249023,68408
17.72965145111084,68408
17.730498552322388,68408
17.731348991394043,68408
17.732201099395752,68408
17.733052730560303,68408
17.73391580581665,68408
17.734769105911255,68408
17.73561954498291,68408
17.736467599868774,68408
17.73731803894043,68408
17.73817229270935,68408
17.7390239238739,68408
17.739877462387085,68408
17.740727424621582,68408
17.741578578948975,68408
17.742422580718994,68408
17.743276119232178,68408
17.744139432907104,68408
17.744991064071655,68408
17.74584436416626,68408
17.746696710586548,68408
17.747540712356567,68408
17.748393058776855,68408
17.74924397468567,68408
17.75010085105896,68408
17.750954627990723,68408
17.75180435180664,68408
17.752656936645508,68408
17.753504753112793,68408
17.75436758995056,68408
17.755223989486694,68408
17.75607967376709,68408
17.756937742233276,68408
17.757790565490723,68408
17.758641004562378,68408
17.75948715209961,68408
17.760340213775635,68408
17.761194229125977,68408
17.762046813964844,68408
17.762901544570923,68408
17.763761520385742,68408
17.764612436294556,68408
17.765454292297363,68408
17.76630473136902,68408
17.767158031463623,68408
17.768009901046753,68408
17.768861293792725,68408
17.769710063934326,68408
17.770557641983032,68408
17.771406888961792,68408
17.7722589969635,68408
17.773113012313843,68408
17.773977756500244,68408
17.774829387664795,68408
17.775681257247925,68408
17.776524305343628,68408
17.777373552322388,68408
17.778226137161255,68408
17.779077291488647,68408
17.779932737350464,68408
17.78078293800354,68408
17.781636714935303,68408
17.782481908798218,68408
17.783332347869873,68408
17.784197568893433,68408
17.785049438476562,68408
17.78589940071106,68408
17.78675127029419,68408
17.787606239318848,68408
17.788452625274658,68408
17.789304494857788,68408
17.79015564918518,68408
17.79101037979126,68408
17.79186177253723,68408
17.792710542678833,68408
17.793553590774536,68408
17.794415950775146,68408
17.795268297195435,68408
17.796122550964355,68408
17.796980381011963,68408
17.797831058502197,68408
17.798682928085327,68408
17.79952883720398,68408
17.80038022994995,68408
17.80123233795166,68408
17.802083253860474,68408
17.802942037582397,68408
17.803805112838745,68408
17.80465602874756,68408
17.805500745773315,68408
17.806350469589233,68408
17.807203769683838,68408
17.80805540084839,68408
17.808910131454468,68408
17.809762239456177,68408
17.810611963272095,68408
17.811464309692383,68408
17.812313556671143,68408
17.813167810440063,68408
17.81403613090515,68408
17.814891576766968,68408
17.815743684768677,68408
17.816598653793335,68408
17.817444324493408,68408
17.818295001983643,68408
17.81914734840393,68408
17.81999897956848,68408
17.820854902267456,68408
17.821707487106323,68408
17.8225519657135,68408
17.823410034179688,68408
17.824270486831665,68408
17.82512640953064,68408
17.825981616973877,68408
17.826835870742798,68408
17.82768964767456,68408
17.828534364700317,68408
17.829387426376343,68408
17.83024024963379,68408
17.831092596054077,68408
17.831948280334473,68408
17.832800149917603,68408
17.833667993545532,68408
17.834514379501343,68408
17.835365772247314,68408
17.836220026016235,68408
17.837073802947998,68408
17.83792495727539,68408
17.8387713432312,68408
17.839627742767334,68408
17.84046959877014,68408
17.84132170677185,68408
17.842175483703613,68408
17.843027591705322,68408
17.843892335891724,68408
17.84474229812622,68408
17.845593690872192,68408
17.84643864631653,68408
17.847291707992554,68408
17.848146438598633,68408
17.84899878501892,68408
17.84984850883484,68408
17.850698232650757,68408
17.851541996002197,68408
17.852391719818115,68408
17.853243589401245,68408
17.85410475730896,68408
17.854960680007935,68408
17.855809688568115,68408
17.856661558151245,68408
17.85750675201416,68408
17.8583562374115,68408
17.859211683273315,68408
17.860065698623657,68408
17.860917806625366,68408
17.861767530441284,68408
17.862621307373047,68408
17.863465309143066,68408
17.864328145980835,68408
17.86518430709839,68408
17.866034269332886,68408
17.86688804626465,68408
17.86773681640625,68408
17.86858606338501,68408
17.869430541992188,68408
17.870280504226685,68408
17.87113618850708,68408
17.871987104415894,68408
17.872838735580444,68408
17.873698711395264,68408
17.874541997909546,68408
17.87539505958557,68408
17.876248836517334,68408
17.877101182937622,68408
17.877951860427856,68408
17.87880277633667,68408
17.879658222198486,68408
17.88050150871277,68408
17.88134765625,68408
17.882201671600342,68408
17.883058309555054,68408
17.88392162322998,68408
17.88477087020874,68408
17.88562321662903,68408
17.886472463607788,68408
17.887322425842285,68408
17.88817548751831,68408
17.889025688171387,68408
17.889880180358887,68408
17.890732765197754,68408
17.89158344268799,68408
17.892431020736694,68408
17.893285751342773,68408
17.89414882659912,68408
17.89500594139099,68408
17.89585828781128,68408
17.896711587905884,68408
17.89755606651306,68408
17.89840817451477,68408
17.899258613586426,68408
17.90011501312256,68408
17.900967597961426,68408
17.90181612968445,68408
17.902665615081787,68408
17.90351152420044,68408
17.904373168945312,68408
17.90522861480713,68408
17.906082153320312,68408
17.906935691833496,68408
17.907788515090942,68408
17.908641576766968,68408
17.909489154815674,68408
17.910340309143066,68408
17.91119384765625,68408
17.91204571723938,68408
17.912898063659668,68408
17.913758993148804,68408
17.914612531661987,68408
17.91545867919922,68408
17.91630721092224,68408
17.91716504096985,68408
17.918017625808716,68408
17.918869495391846,68408
17.91972017288208,68408
17.920571088790894,68408
17.921416997909546,68408
17.92227005958557,68408
17.923120737075806,68408
17.923983097076416,68408
17.92483353614807,68408
17.92568564414978,68408
17.926528930664062,68408
17.92737865447998,68408
17.928227186203003,68408
17.92907691001892,68408
17.929930448532104,68408
17.930781364440918,68408
17.931635856628418,68408
17.93248414993286,68408
17.933332681655884,68408
17.9341983795166,68408
17.935051441192627,68408
17.93590235710144,68408
17.936756372451782,68408
17.93760895729065,68408
17.938453435897827,68408
17.939305782318115,68408
17.94015860557556,68408
17.941015005111694,68408
17.94186544418335,68408
17.942715883255005,68408
17.943570852279663,68408
17.94441795349121,68408
17.94527006149292,68408
17.946124792099,68408
17.946977853775024,68408
17.947830200195312,68408
17.94868230819702,68408
17.94952630996704,68408
17.950379133224487,68408
17.951231718063354,68408
17.95208477973938,68408
17.952937841415405,68408
17.953794479370117,68408
17.954646825790405,68408
17.95549201965332,68408
17.956341981887817,68408
17.957199096679688,68408
17.958053588867188,68408
17.958905696868896,68408
17.95975923538208,68408
17.960607290267944,68408
17.96145534515381,68408
17.962302684783936,68408
17.963155508041382,68408
17.96401882171631,68408
17.964871883392334,68408
17.965721130371094,68408
17.966570377349854,68408
17.967417001724243,68408
17.968265533447266,68408
17.969114065170288,68408
17.96996545791626,68408
17.970818042755127,68408
17.9716694355011,68408
17.97251272201538,68408
17.973362684249878,68408
17.97422432899475,68408
17.9750816822052,68408
17.975936889648438,68408
17.976787090301514,68408
17.977640390396118,68408
17.97848916053772,68408
17.979337453842163,68408
17.980188846588135,68408
17.98104166984558,68408
17.981895208358765,68408
17.98274278640747,68408
17.983601808547974,68408
17.984448194503784,68408
17.98529815673828,68408
17.98615050315857,68408
17.987003087997437,68408
17.987852334976196,68408
17.988703966140747,68408
17.989547729492188,68408
17.990397930145264,68408
17.99125099182129,68408
17.99210262298584,68408
17.992953300476074,68408
17.99381136894226,68408
17.9946608543396,68408
17.995505571365356,68408
17.996353149414062,68408
17.99720549583435,68408
17.99805998802185,68408
17.998912811279297,68408
17.999762773513794,68408
18.000616550445557,68408
18.001460552215576,68408
18.002309799194336,68408
18.003161907196045,68408
18.004024744033813,68408
18.004879474639893,68408
18.005730867385864,68408
18.006582498550415,68408
18.0074303150177,68408
18.008280277252197,68408
18.009134769439697,68408
18.00998592376709,68408
18.010836601257324,68408
18.011688947677612,68408
18.012534856796265,68408
18.01338815689087,68408
18.01425313949585,68408
18.015105485916138,68408
18.015957593917847,68408
18.016807317733765,68408
18.017658710479736,68408
18.018506050109863,68408
18.019355058670044,68408
18.020205974578857,68408
18.021059274673462,68408
18.021910190582275,68408
18.02276349067688,68408
18.023621559143066,68408
18.024468183517456,68408
18.02531862258911,68408
18.026172161102295,68408
18.027021646499634,68408
18.027873992919922,68408
18.02872610092163,68408
18.02958035469055,68408
18.030425310134888,68408
18.03127670288086,68408
18.032125234603882,68408
18.032978296279907,68408
18.033836841583252,68408
18.034688472747803,68408
18.03553295135498,68408
18.036383867263794,68408
18.03723406791687,68408
18.0380859375,68408
18.03893804550171,68408
18.039790630340576,68408
18.040642499923706,68408
18.0414879322052,68408
18.04234004020691,68408
18.043193578720093,68408
18.04405903816223,68408
18.04491090774536,68408
18.045759916305542,68408
18.046613216400146,68408
18.047458171844482,68408
18.048309087753296,68408
18.049161195755005,68408
18.050014972686768,68408
18.050861835479736,68408
18.051711320877075,68408
18.052562952041626,68408
18.053409337997437,68408
18.05426859855652,68408
18.055124044418335,68408
18.05597758293152,68408
18.056827068328857,68408
18.05767822265625,68408
18.05852222442627,68408
18.05937170982361,68408
18.06022620201111,68408
18.061076641082764,68408
18.061933040618896,68408
18.062783241271973,68408
18.06364345550537,68408
18.064489126205444,68408
18.0653395652771,68408
18.066195249557495,68408
18.067047595977783,68408
18.06789994239807,68408
18.068750858306885,68408
18.069603443145752,68408
18.070449352264404,68408
18.071300983428955,68408
18.07215714454651,68408
18.07300877571106,68408
18.073873281478882,68408
18.07472324371338,68408
18.07557201385498,68408
18.076417207717896,68408
18.07727360725403,68408
18.078126192092896,68408
18.078977584838867,68408
18.079827070236206,68408
18.080679655075073,68408
18.081523180007935,68408
18.082374095916748,68408
18.083226680755615,68408
18.084089517593384,68408
18.08494281768799,68408
18.085794687271118,68408
18.086647510528564,68408
18.087494373321533,68408
18.088346481323242,68408
18.089199542999268,68408
18.090049505233765,68408
18.090904712677002,68408
18.091753482818604,68408
18.09260129928589,68408
18.093448400497437,68408
18.09431290626526,68408
18.09517002105713,68408
18.096025228500366,68408
18.096875190734863,68408
18.097729206085205,68408
18.098577976226807,68408
18.099425792694092,68408
18.10027837753296,68408
18.101134538650513,68408
18.101987838745117,68408
18.10283875465393,68408
18.103700876235962,68408
18.10454559326172,68408
18.105396270751953,68408
18.106250762939453,68408
18.10710644721985,68408
18.107961416244507,68408
18.108813762664795,68408
18.109667539596558,68408
18.110512495040894,68408
18.11136507987976,68408
18.112218856811523,68408
18.11307144165039,68408
18.113940715789795,68408
18.114795207977295,68408
18.115647077560425,68408
18.11649441719055,68408
18.117345809936523,68408
18.118202924728394,68408
18.119056940078735,68408
18.119912147521973,68408
18.120762825012207,68408
18.12161660194397,68408
18.12246084213257,68408
18.123310089111328,68408
18.124175548553467,68408
18.125030040740967,68408
18.125884771347046,68408
18.126736164093018,68408
18.127586364746094,68408
18.12843418121338,68408
18.129287004470825,68408
18.13014054298401,68408
18.130992889404297,68408
18.131844997406006,68408
18.132693767547607,68408
18.13353991508484,68408
18.134403467178345,68408
18.13525938987732,68408
18.136111736297607,68408
18.136966466903687,68408
18.137817859649658,68408
18.138673305511475,68408
18.139514923095703,68408
18.140363454818726,68408
18.14121651649475,68408
18.142067432403564,68408
18.142919301986694,68408
18.143778562545776,68408
18.144633769989014,68408
18.145481824874878,68408
18.146332263946533,68408
18.147186994552612,68408
18.148043870925903,68408
18.148897171020508,68408
18.149750471115112,68408
18.150603532791138,68408
18.151445150375366,68408
18.152297973632812,68408
18.153147220611572,68408
18.1540105342865,68408
18.15486431121826,68408
18.155717611312866,68408
18.156569242477417,68408
18.157419204711914,68408
18.158271551132202,68408
18.159125089645386,68408
18.15997815132141,68408
18.160823822021484,68408
18.161677360534668,68408
18.162522792816162,68408
18.163374185562134,68408
18.16424059867859,68408
18.16509509086609,68408
18.165950775146484,68408
18.166804790496826,68408
18.167656421661377,68408
18.168500423431396,68408
18.16935420036316,68408
18.17020559310913,68408
18.171059608459473,68408
18.171911239624023,68408
18.172763347625732,68408
18.17362403869629,68408
18.174472093582153,68408
18.17532515525818,68408
18.176177263259888,68408
18.177029371261597,68408
18.1778826713562,68408
18.178733825683594,68408
18.179584503173828,68408
18.18043041229248,68408
18.18128275871277,68408
18.182138442993164,68408
18.182990789413452,68408
18.18384861946106,68408
18.184704303741455,68408
18.185551166534424,68408
18.186408519744873,68408
18.187259435653687,68408
18.188112497329712,68408
18.188965797424316,68408
18.189820289611816,68408
18.1906681060791,68408
18.191511392593384,68408
18.19235873222351,68408
18.1932110786438,68408
18.194076538085938,68408
18.19492745399475,68408
18.19577407836914,68408
18.196627378463745,68408
18.19747018814087,68408
18.198323249816895,68408
18.199172496795654,68408
18.200024127960205,68408
18.20087218284607,68408
18.201720237731934,68408
18.20256781578064,68408
18.203413248062134,68408
18.20427417755127,68408
18.20513153076172,68408
18.205981254577637,68408
18.206830978393555,68408
18.20768117904663,68408
18.208523750305176,68408
18.209371089935303,68408
18.210225582122803,68408
18.21108102798462,68408
18.21193265914917,68408
18.2127845287323,68408
18.213645696640015,68408
18.214489221572876,68408
18.215338945388794,68408
18.21619200706482,68408
18.21704602241516,68408
18.217900276184082,68408
18.218755960464478,68408
18.219606637954712,68408
18.220455646514893,68408
18.22130584716797,68408
18.22216033935547,68408
18.223012685775757,68408
18.223873376846313,68408
18.224722862243652,68408
18.225573301315308,68408
18.226419687271118,68408
18.227269649505615,68408
18.2281231880188,68408
18.228973388671875,68408
18.229823112487793,68408
18.230676412582397,68408
18.231517791748047,68408
18.232370615005493,68408
18.23322296142578,68408
18.23408842086792,68408
18.234944581985474,68408
18.23579692840576,68408
18.236650466918945,68408
18.237494707107544,68408
18.238345861434937,68408
18.2391996383667,68408
18.240050315856934,68408
18.240906953811646,68408
18.241759061813354,68408
18.242610216140747,68408
18.243457317352295,68408
18.244317531585693,68408
18.245171070098877,68408
18.246025562286377,68408
18.246876001358032,68408
18.24773073196411,68408
18.248577117919922,68408
18.249420404434204,68408
18.250277757644653,68408
18.251134395599365,68408
18.251986026763916,68408
18.25283718109131,68408
18.253700733184814,68408
18.254547834396362,68408
18.255399227142334,68408
18.256250619888306,68408
18.257104635238647,68408
18.257956981658936,68408
18.258806943893433,68408
18.25965976715088,68408
18.260504007339478,68408
18.26135492324829,68408
18.262205600738525,68408
18.263055086135864,68408
18.263919591903687,68408
18.264770984649658,68408
18.26562237739563,68408
18.266469955444336,68408
18.267319679260254,68408
18.268170833587646,68408
18.269023895263672,68408
18.269874572753906,68408
18.270726203918457,68408
18.271573543548584,68408
18.27241563796997,68408
18.273271799087524,68408
18.274136304855347,68408
18.27498960494995,68408
18.275840044021606,68408
18.27668833732605,68408
18.277535676956177,68408
18.278388023376465,68408
18.279239892959595,68408
18.2800931930542,68408
18.280943870544434,68408
18.281797170639038,68408
18.28264832496643,68408
18.283490419387817,68408
18.284348249435425,68408
18.28520131111145,68408
18.286054134368896,68408
18.286909103393555,68408
18.287755012512207,68408
18.288609743118286,68408
18.2894549369812,68408
18.290303230285645,68408
18.291157484054565,68408
18.29201030731201,68408
18.292860507965088,68408
18.293724060058594,68408
18.294572114944458,68408
18.29541802406311,68408
18.296265840530396,68408
18.29711675643921,68408
18.297970294952393,68408
18.29882049560547,68408
18.29966950416565,68408
18.3005154132843,68408
18.301363706588745,68408
18.30221939086914,68408
18.303071975708008,68408
18.30393385887146,68408
18.304787397384644,68408
18.305641412734985,68408
18.306486129760742,68408
18.307335138320923,68408
18.30819034576416,68408
18.30904483795166,68408
18.309897899627686,68408
18.31074857711792,68408
18.311598777770996,68408
18.312443017959595,68408
18.313291311264038,68408
18.314156532287598,68408
18.315009832382202,68408
18.315861463546753,68408
18.3167085647583,68408
18.3175528049469,68408
18.318401336669922,68408
18.319255352020264,68408
18.320108652114868,68408
18.320961713790894,68408
18.321810483932495,68408
18.322662591934204,68408
18.32350444793701,68408
18.32436990737915,68408
18.325223207473755,68408
18.3260760307312,68408
18.326927661895752,68408
18.32778024673462,68408
18.328630924224854,68408
18.329476833343506,68408
18.33032488822937,68408
18.331173419952393,68408
18.33202815055847,68408
18.33296298980713,68408
18.333821773529053,68408
18.334673643112183,68408
18.33551549911499,68408
18.33636999130249,68408
18.337223052978516,68408
18.33807349205017,68408
18.338926792144775,68408
18.33977699279785,68408
18.340630769729614,68408
18.341476678848267,68408
18.34232807159424,68408
18.343181371688843,68408
18.3440420627594,68408
18.34489345550537,68408
18.345743417739868,68408
18.346592903137207,68408
18.347441911697388,68408
18.348296403884888,68408
18.34914755821228,68408
18.34999966621399,68408
18.35085105895996,68408
18.351699590682983,68408
18.352543115615845,68408
18.353394985198975,68408
18.354259967803955,68408
18.35511088371277,68408
18.355961799621582,68408
18.356812715530396,68408
18.357662677764893,68408
18.358509063720703,68408
18.359359979629517,68408
18.360218286514282,68408
18.361069679260254,68408
18.36192536354065,68408
18.36277461051941,68408
18.36363697052002,68408
18.36448383331299,68408
18.3653347492218,68408
18.366188049316406,68408
18.367043256759644,68408
18.367897510528564,68408
18.368749380111694,68408
18.369597673416138,68408
18.370444774627686,68408
18.371296644210815,68408
18.37214684486389,68408
18.373000621795654,68408
18.373862504959106,68408
18.374712467193604,68408
18.37555718421936,68408
18.37640953063965,68408
18.377260208129883,68408
18.378112316131592,68408
18.3789644241333,68408
18.3798189163208,68408
18.38067102432251,68408
18.381515741348267,68408
18.382367849349976,68408
18.383220195770264,68408
18.384087562561035,68408
18.384938716888428,68408
18.38578987121582,68408
18.38664221763611,68408
18.387488842010498,68408
18.388340711593628,68408
18.38919472694397,68408
18.390044927597046,68408
18.390896558761597,68408
18.39174461364746,68408
18.3925940990448,68408
18.39344096183777,68408
18.39429807662964,68408
18.39514994621277,68408
18.39600920677185,68408
18.396862030029297,68408
18.39771270751953,68408
18.39856219291687,68408
18.39940571784973,68408
18.400259256362915,68408
18.40111470222473,68408
18.401966094970703,68408
18.402820587158203,68408
18.403679370880127,68408
18.404523134231567,68408
18.40537118911743,68408
18.406222820281982,68408
18.40707540512085,68408
18.407930374145508,68408
18.408780813217163,68408
18.40963387489319,68408
18.41047716140747,68408
18.411328077316284,68408
18.412177562713623,68408
18.413031339645386,68408
18.41389274597168,68408
18.414742946624756,68408
18.415592908859253,68408
18.416439533233643,68408
18.417288303375244,68408
18.41814613342285,68408
18.41899847984314,68408
18.41985011100769,68408
18.42070245742798,68408
18.421545267105103,68408
18.42239475250244,68408
18.423246145248413,68408
18.424110412597656,68408
18.42496132850647,68408
18.425809860229492,68408
18.426660299301147,68408
18.42750597000122,68408
18.42835569381714,68408
18.42920970916748,68408
18.430063009262085,68408
18.430915594100952,68408
18.431769847869873,68408
18.43262028694153,68408
18.433465719223022,68408
18.434326171875,68408
18.435178756713867,68408
18.436028718948364,68408
18.43688440322876,68408
18.4377338886261,68408
18.43858289718628,68408
18.4394268989563,68408
18.440274477005005,68408
18.441129446029663,68408
18.441985368728638,68408
18.44283699989319,68408
18.443700790405273,68408
18.444545030593872,68408
18.445396423339844,68408
18.446244716644287,68408
18.447096824645996,68408
18.447951316833496,68408
18.44880223274231,68408
18.449650287628174,68408
18.45049476623535,68408
18.45134425163269,68408
18.452199935913086,68408
18.45305037498474,68408
18.453909635543823,68408
18.45476269721985,68408
18.455617904663086,68408
18.456463098526,68408
18.457311630249023,68408
18.45816421508789,68408
18.459015369415283,68408
18.459863662719727,68408
18.460713624954224,68408
18.461554527282715,68408
18.46240472793579,68408
18.463254928588867,68408
18.46411967277527,68408
18.464972257614136,68408
18.465822219848633,68408
18.46667218208313,68408
18.467520475387573,68408
18.468371152877808,68408
18.469225645065308,68408
18.470080614089966,68408
18.47093439102173,68408
18.471787452697754,68408
18.472639322280884,68408
18.473483085632324,68408
18.47434401512146,68408
18.475198984146118,68408
18.476054191589355,68408
18.476908445358276,68408
18.477762460708618,68408
18.4786159992218,68408
18.479462385177612,68408
18.48031520843506,68408
18.48116898536682,68408
18.482022285461426,68408
18.482874631881714,68408
18.483736276626587,68408
18.484586000442505,68408
18.485431432724,68408
18.486284732818604,68408
18.487136602401733,68408
18.487992525100708,68408
18.488843202590942,68408
18.48969316482544,68408
18.49053430557251,68408
18.491387367248535,68408
18.492238759994507,68408
18.493091344833374,68408
18.493954181671143,68408
18.494808673858643,68408
18.495660543441772,68408
18.49650502204895,68408
18.497355222702026,68408
18.49820852279663,68408
18.499062061309814,68408
18.49991488456726,68408
18.500764846801758,68408
18.501619815826416,68408
18.502466678619385,68408
18.503318309783936,68408
18.50418186187744,68408
18.505038022994995,68408
18.505887985229492,68408
18.506738662719727,68408
18.50758957862854,68408
18.50844097137451,68408
18.509292364120483,68408
18.51014518737793,68408
18.510998725891113,68408
18.511847734451294,68408
18.51269793510437,68408
18.51354670524597,68408
18.51440954208374,68408
18.5152587890625,68408
18.51611089706421,68408
18.51696467399597,68408
18.517816066741943,68408
18.51866865158081,68408
18.519512176513672,68408
18.520365715026855,68408
18.52121925354004,68408
18.52207064628601,68408
18.5229229927063,68408
18.523782968521118,68408
18.524635791778564,68408
18.525482892990112,68408
18.52633285522461,68408
18.527186632156372,68408
18.528037309646606,68408
18.52888822555542,68408
18.52974534034729,68408
18.530598402023315,68408
18.531442642211914,68408
18.532294988632202,68408
18.53314733505249,68408
18.53401207923889,68408
18.534866094589233,68408
18.535717248916626,68408
18.536571979522705,68408
18.5374174118042,68408
18.538270950317383,68408
18.539121627807617,68408
18.53997254371643,68408
18.540825605392456,68408
18.541677236557007,68408
18.542524814605713,68408
18.543375253677368,68408
18.544240474700928,68408
18.545093297958374,68408
18.545946836471558,68408
18.546797275543213,68408
18.547649145126343,68408
18.54849362373352,68408
18.54934310913086,68408
18.55019760131836,68408
18.551050901412964,68408
18.551907300949097,68408
18.55276107788086,68408
18.55362367630005,68408
18.554473638534546,68408
18.555325269699097,68408
18.556172132492065,68408
18.5570285320282,68408
18.55788278579712,68408
18.55873203277588,68408
18.55958080291748,68408
18.560424089431763,68408
18.561277627944946,68408
18.562129020690918,68408
18.562983512878418,68408
18.563843965530396,68408
18.564695358276367,68408
18.56553864479065,68408
18.566392421722412,68408
18.567244291305542,68408
18.56809949874878,68408
18.568949460983276,68408
18.569801330566406,68408
18.57065510749817,68408
18.57149839401245,68408
18.57234787940979,68408
18.57320213317871,68408
18.574066400527954,68408
18.574920654296875,68408
18.575772047042847,68408
18.57662272453308,68408
18.577472448349,68408
18.57832360267639,68408
18.579175233840942,68408
18.58002781867981,68408
18.580881595611572,68408
18.58189845085144,68408
18.583452939987183,68408
18.58501124382019,68408
18.586540937423706,68408
18.58809757232666,68408
18.58967351913452,68408
18.59123468399048,68408
18.592824697494507,68408
18.594417095184326,68408
18.59604024887085,68408
18.597623109817505,68408
18.599193811416626,68408
18.600770711898804,68408
18.602336406707764,68408
18.603931188583374,68408
18.605499744415283,68408
18.607075214385986,68408
18.608654260635376,68408
18.610230684280396,68408
18.611809015274048,68408
18.613362312316895,68408
18.614935398101807,68408
18.616485357284546,68408
18.618038177490234,68408
18.619611978530884,68408
18.621159076690674,68408
18.62271213531494,68408
18.624268770217896,68408
18.62581181526184,68408
18.627396821975708,68408
18.62898898124695,68408
18.630610704421997,68408
18.632197618484497,68408
18.633790969848633,68408
18.63535213470459,68408
18.63693070411682,68408
18.63849687576294,68408
18.640060424804688,68408
18.64163064956665,68408
18.64319086074829,68408
18.644762754440308,68408
18.646307229995728,68408
18.647860288619995,68408
18.649417638778687,68408
18.650980472564697,68408
18.652519941329956,68408
18.654072046279907,68408
18.655608415603638,68408
18.657175540924072,68408
18.658777713775635,68408
18.66036605834961,68408
18.661991596221924,68408
18.663589477539062,68408
18.66513156890869,68408
18.66672372817993,68408
18.668312788009644,68408
18.669885873794556,68408
18.671451091766357,68408
18.673025846481323,68408
18.674596786499023,68408
18.676172971725464,68408
18.677765607833862,68408
18.67932891845703,68408
18.68089008331299,68408
18.682427883148193,68408
18.683993339538574,68408
18.68554997444153,68408
18.687118530273438,68408
18.688663005828857,68408
18.690205097198486,68408
18.691760540008545,68408
18.693328857421875,68408
18.69490337371826,68408
18.6965012550354,68408
18.698122024536133,68408
18.699753522872925,68408
18.701337099075317,68408
18.702927112579346,68408
18.704498767852783,68408
18.70607304573059,68408
18.70764398574829,68408
18.70922017097473,68408
18.71079707145691,68408
18.712358236312866,68408
18.713945388793945,68408
18.71549677848816,68408
18.717042446136475,68408
18.718600749969482,68408
18.720160007476807,68408
18.721719980239868,68408
18.72327208518982,68408
18.724839210510254,68408
18.726388692855835,68408
18.72794795036316,68408
18.7295138835907,68408
18.73110055923462,68408
18.7327082157135,68408
18.734334707260132,68408
18.7359402179718,68408
18.737489461898804,68408
18.739042043685913,68408
18.74061155319214,68408
18.7421817779541,68408
18.743763208389282,68408
18.745327711105347,68408
18.746899843215942,68408
18.748478174209595,68408
18.750054836273193,68408
18.751616716384888,68408
18.753161430358887,68408
18.754733324050903,68408
18.756282091140747,68408
18.757852792739868,68408
18.759400129318237,68408
18.760940074920654,68408
18.76247262954712,68408
18.764025688171387,68408
18.76560378074646,68408
18.767181396484375,68408
18.768774271011353,68408
18.770392417907715,68408
18.771984577178955,68408
18.773574352264404,68408
18.775145769119263,68408
18.77670383453369,68408
18.77827763557434,68408
18.779857873916626,68408
18.781407117843628,68408
18.78298568725586,68408
18.78456449508667,68408
18.78611421585083,68408
18.787662267684937,68408
18.789212226867676,68408
18.79078459739685,68408
18.7923367023468,68408
18.79391050338745,68408
18.795466661453247,68408
18.79701805114746,68408
18.798597812652588,68408
18.800167322158813,68408
18.801775455474854,68408
18.803389072418213,68408
18.804983615875244,68408
18.806543588638306,68408
18.808112859725952,68408
18.809682369232178,68408
18.81125545501709,68408
18.81283664703369,68408
18.81441617012024,68408
18.815974235534668,68408
18.81752920150757,68408
18.819089651107788,68408
18.82063865661621,68408
18.822181224822998,68408
18.823752641677856,68408
18.825303554534912,68408
18.826871633529663,68408
18.8283908367157,68408
18.829947471618652,68408
18.83150625228882,68408
18.833085775375366,68408
18.834701776504517,68408
18.83631443977356,68408
18.83791708946228,68408
18.83950638771057,68408
18.841081857681274,68408
18.84265947341919,68408
18.84423303604126,68408
18.845818281173706,68408
18.847388982772827,68408
18.848978281021118,68408
18.850537538528442,68408
18.852113485336304,68408
18.853676795959473,68408
18.85521912574768,68408
18.856780767440796,68408
18.858319759368896,68408
18.859857320785522,68408
18.861398935317993,68408
18.862961053848267,68408
18.864541053771973,68408
18.86611819267273,68408
18.86771512031555,68408
18.86930823326111,68408
18.870939016342163,68408
18.872524976730347,68408
18.874105215072632,68408
18.875680446624756,68408
18.877247095108032,68408
18.878815412521362,68408
18.880372285842896,68408
18.88193917274475,68408
18.883514404296875,68408
18.88508105278015,68408
18.886640548706055,68408
18.88818669319153,68408
18.88975167274475,68408
18.891305923461914,68408
18.892876148223877,68408
18.894439697265625,68408
18.895986557006836,68408
18.89752697944641,68408
18.89907956123352,68408
18.90067744255066,68408
18.902276515960693,68408
18.903910875320435,68408
18.905500650405884,68408
18.907081604003906,68408
18.9086594581604,68408
18.91022539138794,68408
18.911802291870117,68408
18.91336464881897,68408
18.914955377578735,68408
18.916520357131958,68408
18.918104648590088,68408
18.91966986656189,68408
18.921237468719482,68408
18.922794342041016,68408
18.92435121536255,68408
18.925906896591187,68408
18.927449703216553,68408
18.928996801376343,68408
18.930527210235596,68408
18.93209457397461,68408
18.933681964874268,68408
18.93523597717285,68408
18.93682599067688,68408
18.938411474227905,68408
18.94003438949585,68408
18.941635847091675,68408
18.94320774078369,68408
18.944802284240723,68408
18.946369409561157,68408
18.94794487953186,68408
18.94950270652771,68408
18.951082229614258,68408
18.952656030654907,68408
18.954240560531616,68408
18.955795764923096,68408
18.95735001564026,68408
18.958900213241577,68408
18.9604594707489,68408
18.962008714675903,68408
18.963542938232422,68408
18.965088605880737,68408
18.9666485786438,68408
18.968218326568604,68408
18.9698007106781,68408
18.971378087997437,68408
18.97296977043152,68408
18.974534511566162,68408
18.97611355781555,68408
18.977687120437622,68408
18.97925090789795,68408
18.980788707733154,68408
18.98228645324707,68408
18.98379349708557,68408
18.985300302505493,68408
18.986804962158203,68408
18.98830223083496,68408
18.989807844161987,68408
18.991302728652954,68408
18.992909908294678,68408
18.9945170879364,68408
18.996135234832764,68408
18.997730493545532,68408
18.999306678771973,68408
19.000869512557983,68408
19.002439498901367,68408
19.004017114639282,68408
19.005584239959717,68408
19.00715208053589,68408
19.008718013763428,68408
19.01027798652649,68408
19.011841535568237,68408
19.013387441635132,68408
19.01495099067688,68408
19.01649808883667,68408
19.018060207366943,68408
19.01962900161743,68408
19.0211820602417,68408
19.022223472595215,68408
19.023083448410034,68408
19.023947954177856,68408
19.024802684783936,68408
19.025654792785645,68408
19.026501178741455,68408
19.027353048324585,68408
19.028207302093506,68408
19.02906084060669,68408
19.02990961074829,68408
19.030760049819946,68408
19.03161358833313,68408
19.032459020614624,68408
19.033305406570435,68408
19.03465723991394,68408
19.03621554374695,68408
19.03771185874939,68408
19.03856635093689,68408
19.039413452148438,68408
19.0402672290802,68408
19.041117191314697,68408
19.041969299316406,68408
19.042818546295166,68408
19.04367995262146,68408
19.0445237159729,68408
19.045373678207397,68408
19.046226263046265,68408
19.0470769405365,68408
19.047927856445312,68408
19.048778295516968,68408
19.049628734588623,68408
19.050474405288696,68408
19.0513277053833,68408
19.052183151245117,68408
19.05303430557251,68408
19.053897380828857,68408
19.054747104644775,68408
19.055601835250854,68408
19.05644655227661,68408
19.057295083999634,68408
19.05814552307129,68408
19.05899405479431,68408
19.059841632843018,68408
19.06069278717041,68408
19.06153893470764,68408
19.06239104270935,68408
19.063241720199585,68408
19.06411075592041,68408
19.064963340759277,68408
19.065812349319458,68408
19.066664695739746,68408
19.067510843276978,68408
19.068358182907104,68408
19.06921076774597,68408
19.07006025314331,68408
19.070910453796387,68408
19.071759939193726,68408
19.072611570358276,68408
19.073461055755615,68408
19.07432198524475,68408
19.075176239013672,68408
19.07602858543396,68408
19.076881647109985,68408
19.07773208618164,68408
19.078580617904663,68408
19.079427242279053,68408
19.080281972885132,68408
19.08113741874695,68408
19.081992626190186,68408
19.082843542099,68408
19.083701372146606,68408
19.08454656600952,68408
19.08539581298828,68408
19.086252689361572,68408
19.08710789680481,68408
19.087961435317993,68408
19.08881378173828,68408
19.089662790298462,68408
19.090506076812744,68408
19.091357707977295,68408
19.092208862304688,68408
19.09306311607361,68408
19.093926191329956,68408
19.094775438308716,68408
19.09562659263611,68408
19.096466779708862,68408
19.097314596176147,68408
19.098167181015015,68408
19.099016666412354,68408
19.099867582321167,68408
19.100716590881348,68408
19.101567268371582,68408
19.1024112701416,68408
19.103265285491943,68408
19.104129791259766,68408
19.104981899261475,68408
19.10583186149597,68408
19.106682300567627,68408
19.107527017593384,68408
19.10837745666504,68408
19.109229564666748,68408
19.110081672668457,68408
19.11093282699585,68408
19.111786603927612,68408
19.11263942718506,68408
19.11348271369934,68408
19.11434555053711,68408
19.115201234817505,68408
19.116050004959106,68408
19.116900205612183,68408
19.11775302886963,68408
19.11860704421997,68408
19.119454622268677,68408
19.12030529975891,68408
19.12116050720215,68408
19.122015476226807,68408
19.122865200042725,68408
19.123725652694702,68408
19.124576568603516,68408
19.125421285629272,68408
19.126271724700928,68408
19.1271231174469,68408
19.127976417541504,68408
19.128827571868896,68408
19.12968158721924,68408
19.130525588989258,68408
19.131378412246704,68408
19.13223099708557,68408
19.13308310508728,68408
19.133947134017944,68408
19.13479971885681,68408
19.135650634765625,68408
19.136494636535645,68408
19.137343406677246,68408
19.138195037841797,68408
19.139050722122192,68408
19.139899969100952,68408
19.140753269195557,68408
19.141607761383057,68408
19.142455101013184,68408
19.143306255340576,68408
19.144169569015503,68408
19.145020484924316,68408
19.14587378501892,68408
19.146723747253418,68408
19.147578477859497,68408
19.148423671722412,68408
19.149274349212646,68408
19.150128602981567,68408
19.1509792804718,68408
19.151827573776245,68408
19.1526837348938,68408
19.153525829315186,68408
19.15438675880432,68408
19.155240058898926,68408
19.156094312667847,68408
19.156951427459717,68408
19.15780258178711,68408
19.15865135192871,68408
19.159496545791626,68408
19.160348892211914,68408
19.161200523376465,68408
19.162052392959595,68408
19.1629056930542,68408
19.163766145706177,68408
19.164615869522095,68408
19.16546082496643,68408
19.166310787200928,68408
19.167166471481323,68408
19.168018579483032,68408
19.168871641159058,68408
19.16972064971924,68408
19.170566082000732,68408
19.171416759490967,68408
19.1722674369812,68408
19.173121213912964,68408
19.173988103866577,68408
19.174837827682495,68408
19.175691843032837,68408
19.17653512954712,68408
19.17738389968872,68408
19.178236484527588,68408
19.179086446762085,68408
19.179944038391113,68408
19.18079400062561,68408
19.181647062301636,68408
19.182490825653076,68408
19.18334650993347,68408
19.184213399887085,68408
19.185067892074585,68408
19.185922622680664,68408
19.186771631240845,68408
19.187625408172607,68408
19.188472270965576,68408
19.189325094223022,68408
19.190181970596313,68408
19.191035747528076,68408
19.19188952445984,68408
19.19274067878723,68408
19.193600177764893,68408
19.194446802139282,68408
19.195295810699463,68408
19.19615077972412,68408
19.197001695632935,68408
19.197853326797485,68408
19.198704719543457,68408
19.19954752922058,68408
19.20039987564087,68408
19.201252698898315,68408
19.202105283737183,68408
19.202958345413208,68408
19.20382046699524,68408
19.204670190811157,68408
19.205517053604126,68408
19.206369400024414,68408
19.207226037979126,68408
19.20807933807373,68408
19.208930730819702,68408
19.209784269332886,68408
19.21063756942749,68408
19.21147894859314,68408
19.21233105659485,68408
19.213186740875244,68408
19.214051723480225,68408
19.214904308319092,68408
19.215757369995117,68408
19.216606378555298,68408
19.21745014190674,68408
19.218299865722656,68408
19.219152688980103,68408
19.220003128051758,68408
19.220856189727783,68408
19.22170639038086,68408
19.222548484802246,68408
19.22339940071106,68408
19.224268913269043,68408
19.225121021270752,68408
19.225970029830933,68408
19.226817846298218,68408
19.227669954299927,68408
19.228516340255737,68408
19.229366779327393,68408
19.23022222518921,68408
19.231078624725342,68408
19.231932878494263,68408
19.23278284072876,68408
19.233641147613525,68408
19.23448920249939,68408
19.23534059524536,68408
19.236194133758545,68408
19.237047910690308,68408
19.237901210784912,68408
19.238752365112305,68408
19.239606618881226,68408
19.24044895172119,68408
19.24130415916443,68408
19.24215841293335,68408
19.243034601211548,68408
19.24390149116516,68408
19.244758367538452,68408
19.245615243911743,68408
19.246471166610718,68408
19.247321605682373,68408
19.248175859451294,68408
19.24902868270874,68408
19.249879598617554,68408
19.250733375549316,68408
19.25158405303955,68408
19.25243043899536,68408
19.253283500671387,68408
19.25414729118347,68408
19.255006313323975,68408
19.255860567092896,68408
19.256712436676025,68408
19.257564067840576,68408
19.258412837982178,68408
19.259265422821045,68408
19.260119915008545,68408
19.2609703540802,68408
19.261820793151855,68408
19.26267409324646,68408
19.263521194458008,68408
19.264384508132935,68408
19.2652370929718,68408
19.266088485717773,68408
19.26693868637085,68408
19.267789125442505,68408
19.26864266395569,68408
19.269487857818604,68408
19.270339012145996,68408
19.271194458007812,68408
19.272051095962524,68408
19.272904872894287,68408
19.273767948150635,68408
19.274617671966553,68408
19.275466442108154,68408
19.27631664276123,68408
19.277169704437256,68408
19.278024196624756,68408
19.278878450393677,68408
19.27972912788391,68408
19.2805757522583,68408
19.28142213821411,68408
19.282281637191772,68408
19.283133506774902,68408
19.283997058868408,68408
19.28484869003296,68408
19.285701513290405,68408
19.286545753479004,68408
19.287397384643555,68408
19.288251876831055,68408
19.28910756111145,68408
19.28995943069458,68408
19.29081130027771,68408
19.29166269302368,68408
19.292505741119385,68408
19.293357610702515,68408
19.294225454330444,68408
19.295079469680786,68408
19.29593586921692,68408
19.29678726196289,68408
19.297638416290283,68408
19.298485040664673,68408
19.299337148666382,68408
19.300192832946777,68408
19.301045656204224,68408
19.30189824104309,68408
19.302749156951904,68408
19.30360436439514,68408
19.304450273513794,68408
19.30530333518982,68408
19.3061580657959,68408
19.307008266448975,68408
19.307859659194946,68408
19.308709621429443,68408
19.309553623199463,68408
19.310401439666748,68408
19.311251878738403,68408
19.312106609344482,68408
19.312960863113403,68408
19.313820123672485,68408
19.314671993255615,68408
19.315517902374268,68408
19.316370487213135,68408
19.31722664833069,68408
19.318079471588135,68408
19.31893229484558,68408
19.319785356521606,68408
19.320637226104736,68408
19.321481943130493,68408
19.3223295211792,68408
19.3231840133667,68408
19.324049711227417,68408
19.324904918670654,68408
19.325759649276733,68408
19.32661271095276,68408
19.327460765838623,68408
19.328311443328857,68408
19.329164505004883,68408
19.330018281936646,68408
19.330869436264038,68408
19.33172106742859,68408
19.332570791244507,68408
19.333417654037476,68408
19.334278345108032,68408
19.335132598876953,68408
19.335983276367188,68408
19.33683729171753,68408
19.337691068649292,68408
19.338536024093628,68408
19.339386701583862,68408
19.34023952484131,68408
19.341089963912964,68408
19.341943502426147,68408
19.3427951335907,68408
19.343658447265625,68408
19.344501733779907,68408
19.345351219177246,68408
19.34620451927185,68408
19.34705877304077,68408
19.34791135787964,68408
19.34876322746277,68408
19.349616527557373,68408
19.3504638671875,68408
19.351315021514893,68408
19.352165699005127,68408
19.35301446914673,68408
19.353880405426025,68408
19.354732036590576,68408
19.355578422546387,68408
19.35642385482788,68408
19.357277154922485,68408
19.358132123947144,68408
19.358981132507324,68408
19.3598370552063,68408
19.360687971115112,68408
19.361531734466553,68408
19.362383604049683,68408
19.36323308944702,68408
19.364099740982056,68408
19.364956855773926,68408
19.36580991744995,68408
19.36665987968445,68408
19.36750316619873,68408
19.368353605270386,68408
19.36920738220215,68408
19.37005925178528,68408
19.370914459228516,68408
19.371766328811646,68408
19.3726167678833,68408
19.373460292816162,68408
19.37432098388672,68408
19.37517476081848,68408
19.376026153564453,68408
19.376884937286377,68408
19.377736806869507,68408
19.378589868545532,68408
19.379434823989868,68408
19.38028860092163,68408
19.381141662597656,68408
19.381995677947998,68408
19.38284659385681,68408
19.383706092834473,68408
19.384554862976074,68408
19.38540554046631,68408
19.386258125305176,68408
19.387112617492676,68408
19.38796377182007,68408
19.388814449310303,68408
19.3896644115448,68408
19.390505075454712,68408
19.391355752944946,68408
19.39220881462097,68408
19.393062353134155,68408
19.393928289413452,68408
19.394779205322266,68408
19.39563250541687,68408
19.396476984024048,68408
19.397330045700073,68408
19.39818000793457,68408
19.399032592773438,68408
19.39988374710083,68408
19.40073871612549,68408
19.401587963104248,68408
19.40243673324585,68408
19.403289794921875,68408
19.404151439666748,68408
19.40500807762146,68408
19.405857801437378,68408
19.406712293624878,68408
19.40756392478943,68408
19.408409595489502,68408
19.40926432609558,68408
19.410117387771606,68408
19.410968542099,68408
19.411821365356445,68408
19.412672519683838,68408
19.413517236709595,68408
19.414382457733154,68408
19.4152352809906,68408
19.416085243225098,68408
19.416940212249756,68408
19.417792558670044,68408
19.418642282485962,68408
19.419485330581665,68408
19.420337915420532,68408
19.421191930770874,68408
19.42204523086548,68408
19.422898530960083,68408
19.423760652542114,68408
19.424612522125244,68408
19.42545986175537,68408
19.426307916641235,68408
19.42716383934021,68408
19.42801856994629,68408
19.428869247436523,68408
19.429718017578125,68408
19.430567741394043,68408
19.431413650512695,68408
19.43226957321167,68408
19.433125495910645,68408
19.433990478515625,68408
19.43484354019165,68408
19.43569827079773,68408
19.436540842056274,68408
19.43739652633667,68408
19.438249588012695,68408
19.439107179641724,68408
19.43996000289917,68408
19.440813064575195,68408
19.441664934158325,68408
19.442511081695557,68408
19.44336199760437,68408
19.444230318069458,68408
19.44508385658264,68408
19.445937871932983,68408
19.446791887283325,68408
19.4476478099823,68408
19.44849443435669,68408
19.449344396591187,68408
19.45019841194153,68408
19.45105266571045,68408
19.45190668106079,68408
19.45276165008545,68408
19.45362663269043,68408
19.45447278022766,68408
19.45532536506653,68408
19.456178426742554,68408
19.457030296325684,68408
19.45788049697876,68408
19.458735704421997,68408
19.459588050842285,68408
19.460431814193726,68408
19.46128249168396,68408
19.462135553359985,68408
19.46298861503601,68408
19.463846921920776,68408
19.464701414108276,68408
19.4655499458313,68408
19.466400623321533,68408
19.46725082397461,68408
19.468103647232056,68408
19.468957662582397,68408
19.46981120109558,68408
19.470665454864502,68408
19.471513032913208,68408
19.47236657142639,68408
19.473222732543945,68408
19.474087476730347,68408
19.474939346313477,68408
19.47579050064087,68408
19.47664523124695,68408
19.477492332458496,68408
19.47834086418152,68408
19.479191541671753,68408
19.48004412651062,68408
19.48089289665222,68408
19.48174285888672,68408
19.482590198516846,68408
19.483430862426758,68408
19.484291076660156,68408
19.485143661499023,68408
19.485999822616577,68408
19.48685097694397,68408
19.487701416015625,68408
19.48854660987854,68408
19.48939561843872,68408
19.490248680114746,68408
19.49110245704651,68408
19.491954803466797,68408
19.49280571937561,68408
19.49367070198059,68408
19.49451231956482,68408
19.49535870552063,68408
19.49621272087097,68408
19.497069358825684,68408
19.497920513153076,68408
19.498771905899048,68408
19.499622344970703,68408
19.500469207763672,68408
19.501319885253906,68408
19.50217580795288,68408
19.503029108047485,68408
19.503894329071045,68408
19.504749059677124,68408
19.50559949874878,68408
19.50644540786743,68408
19.50729775428772,68408
19.50814723968506,68408
19.509000539779663,68408
19.509854555130005,68408
19.51070761680603,68408
19.511553287506104,68408
19.5124032497406,68408
19.51325821876526,68408
19.514126539230347,68408
19.51498007774353,68408
19.51583242416382,68408
19.516682863235474,68408
19.51753067970276,68408
19.51838183403015,68408
19.51923370361328,68408
19.520085096359253,68408
19.52094054222107,68408
19.521790981292725,68408
19.522643566131592,68408
19.523489475250244,68408
19.524351596832275,68408
19.525206565856934,68408
19.526059865951538,68408
19.526912212371826,68408
19.527764797210693,68408
19.528620719909668,68408
19.529464721679688,68408
19.5303156375885,68408
19.531168937683105,68408
19.532023906707764,68408
19.53287625312805,68408
19.533738136291504,68408
19.534589529037476,68408
19.535433769226074,68408
19.53628659248352,68408
19.537140369415283,68408
19.537996292114258,68408
19.53884983062744,68408
19.539700031280518,68408
19.540544271469116,68408
19.54139995574951,68408
19.542253017425537,68408
19.543110609054565,68408
19.543975114822388,68408
19.544827699661255,68408
19.545681476593018,68408
19.54653024673462,68408
19.547378301620483,68408
19.54823112487793,68408
19.549087524414062,68408
19.549938917160034,68408
19.550790309906006,68408
19.551645278930664,68408
19.552489519119263,68408
19.553343296051025,68408
19.554210424423218,68408
19.55506706237793,68408
19.555917739868164,68408
19.55676794052124,68408
19.557623386383057,68408
19.558468103408813,68408
19.559316396713257,68408
19.56016993522644,68408
19.5610249042511,68408
19.56187891960144,68408
19.562731742858887,68408
19.563586950302124,68408
19.564436674118042,68408
19.565290451049805,68408
19.566142082214355,68408
19.566995859146118,68408
19.567845821380615,68408
19.568698406219482,68408
19.569543600082397,68408
19.570398330688477,68408
19.57126545906067,68408
19.572120666503906,68408
19.572974681854248,68408
19.573835372924805,68408
19.574686288833618,68408
19.5755295753479,68408
19.576376914978027,68408
19.57723116874695,68408
19.57808494567871,68408
19.578941106796265,68408
19.579795598983765,68408
19.58064556121826,68408
19.58148956298828,68408
19.58234167098999,68408
19.583194255828857,68408
19.584058046340942,68408
19.58491325378418,68408
19.585769414901733,68408
19.586617946624756,68408
19.587461471557617,68408
19.588310956954956,68408
19.58916926383972,68408
19.59002184867859,68408
19.590875387191772,68408
19.591729640960693,68408
19.592580556869507,68408
19.593425989151,68408
19.59428858757019,68408
19.595142364501953,68408
19.595996141433716,68408
19.596846342086792,68408
19.597699880599976,68408
19.598546504974365,68408
19.599398136138916,68408
19.60024857521057,68408
19.601101636886597,68408
19.60195255279541,68408
19.6028048992157,68408
19.603666305541992,68408
19.60451316833496,68408
19.60536479949951,68408
19.60621666908264,68408
19.60706615447998,68408
19.6079158782959,68408
19.608765602111816,68408
19.609622478485107,68408
19.61047053337097,68408
19.61132287979126,68408
19.612176656723022,68408
19.613029718399048,68408
19.613890647888184,68408
19.614745140075684,68408
19.615595817565918,68408
19.61644172668457,68408
19.617294549942017,68408
19.618144273757935,68408
19.618998527526855,68408
19.61984896659851,68408
19.620699882507324,68408
19.62154197692871,68408
19.622395038604736,68408
19.62325119972229,68408
19.624120235443115,68408
19.624969720840454,68408
19.625821828842163,68408
19.626676321029663,68408
19.62752056121826,68408
19.628371238708496,68408
19.62922692298889,68408
19.630083322525024,68408
19.63093638420105,68408
19.631788969039917,68408
19.632643699645996,68408
19.633487939834595,68408
19.634349584579468,68408
19.635202407836914,68408
19.636054515838623,68408
19.63691020011902,68408
19.637760877609253,68408
19.638612985610962,68408
19.639459133148193,68408
19.640307188034058,68408
19.641156673431396,68408
19.64200711250305,68408
19.64285969734192,68408
19.643720388412476,68408
19.644569158554077,68408
19.64541745185852,68408
19.64626932144165,68408
19.6471209526062,68408
19.6479709148407,68408
19.648823261260986,68408
19.649670839309692,68408
19.65051555633545,68408
19.651368379592896,68408
19.652220964431763,68408
19.653072357177734,68408
19.653937816619873,68408
19.654788732528687,68408
19.655646800994873,68408
19.656490802764893,68408
19.657341480255127,68408
19.65819549560547,68408
19.659048318862915,68408
19.659899473190308,68408
19.660750150680542,68408
19.661603927612305,68408
19.662447929382324,68408
19.663295030593872,68408
19.664162397384644,68408
19.665013551712036,68408
19.665868520736694,68408
19.666724920272827,68408
19.667574405670166,68408
19.668420791625977,68408
19.66927409172058,68408
19.67012643814087,68408
19.67098116874695,68408
19.671833038330078,68408
19.672685384750366,68408
19.673527717590332,68408
19.674386739730835,68408
19.675241470336914,68408
19.676096200942993,68408
19.67694878578186,68408
19.67779541015625,68408
19.678645372390747,68408
19.679487705230713,68408
19.680336236953735,68408
19.681190252304077,68408
19.682042360305786,68408
19.68289542198181,68408
19.683756351470947,68408
19.684613704681396,68408
19.685457229614258,68408
19.686304807662964,68408
19.687159538269043,68408
19.68801760673523,68408
19.688868284225464,68408
19.68971872329712,68408
19.690569400787354,68408
19.6914165019989,68408
19.69226861000061,68408
19.693122386932373,68408
19.693986415863037,68408
19.694839239120483,68408
19.695689916610718,68408
19.69653630256653,68408
19.69738745689392,68408
19.698241472244263,68408
19.699092388153076,68408
19.699944257736206,68408
19.70079755783081,68408
19.701651096343994,68408
19.702493906021118,68408
19.70334267616272,68408
19.704209327697754,68408
19.705066919326782,68408
19.705918550491333,68408
19.706767559051514,68408
19.70762062072754,68408
19.708464860916138,68408
19.70931601524353,68408
19.710168838500977,68408
19.711017370224,68408
19.711869955062866,68408
19.71272110939026,68408
19.71358060836792,68408
19.714425563812256,68408
19.715278387069702,68408
19.71613335609436,68408
19.716991424560547,68408
19.71784520149231,68408
19.718696355819702,68408
19.719539403915405,68408
19.720389366149902,68408
19.721245288848877,68408
19.722100496292114,68408
19.722955465316772,68408
19.72381567955017,68408
19.724669456481934,68408
19.72551441192627,68408
19.72636365890503,68408
19.727216243743896,68408
19.728068113327026,68408
19.728924036026,68408
19.729775428771973,68408
19.730631589889526,68408
19.731478691101074,68408
19.73233389854431,68408
19.733188152313232,68408
19.73405122756958,68408
19.73490571975708,68408
19.73575782775879,68408
19.736610651016235,68408
19.73745369911194,68408
19.738301277160645,68408
19.739155292510986,68408
19.740007877349854,68408
19.74085545539856,68408
19.741706609725952,68408
19.742552757263184,68408
19.743399620056152,68408
19.744263410568237,68408
19.745121479034424,68408
19.745973587036133,68408
19.746826171875,68408
19.74767804145813,68408
19.7485249042511,68408
19.749374628067017,68408
19.750224828720093,68408
19.75108003616333,68408
19.751932621002197,68408
19.75278639793396,68408
19.75364899635315,68408
19.75449252128601,68408
19.755341053009033,68408
19.756197929382324,68408
19.75705075263977,68408
19.757907152175903,68408
19.758756399154663,68408
19.75961184501648,68408
19.76045823097229,68408
19.76130700111389,68408
19.762161016464233,68408
19.763014793395996,68408
19.763874053955078,68408
19.76472568511963,68408
19.765573740005493,68408
19.766417503356934,68408
19.7672700881958,68408
19.768120765686035,68408
19.768973112106323,68408
19.769822597503662,68408
19.77067232131958,68408
19.77151846885681,68408
19.772369623184204,68408
19.773223161697388,68408
19.774085998535156,68408
19.77493643760681,68408
19.775787591934204,68408
19.776641607284546,68408
19.77748465538025,68408
19.77833604812622,68408
19.77918767929077,68408
19.78004026412964,68408
19.780893325805664,68408
19.7817440032959,68408
19.782594203948975,68408
19.783443212509155,68408
19.784302949905396,68408
19.78515362739563,68408
19.786007165908813,68408
19.78686285018921,68408
19.787712574005127,68408
19.788557529449463,68408
19.789408206939697,68408
19.790260791778564,68408
19.79111337661743,68408
19.79196858406067,68408
19.792818546295166,68408
19.79367995262146,68408
19.794524431228638,68408
19.795375108718872,68408
19.79623055458069,68408
19.79708695411682,68408
19.797940731048584,68408
19.79879355430603,68408
19.799646615982056,68408
19.800496816635132,68408
19.801345586776733,68408
19.80219841003418,68408
19.803051710128784,68408
19.803920030593872,68408
19.80477261543274,68408
19.80562663078308,68408
19.80647587776184,68408
19.80733060836792,68408
19.80818462371826,68408
19.809040069580078,68408
19.809895038604736,68408
19.810749292373657,68408
19.811603546142578,68408
19.812455892562866,68408
19.81330633163452,68408
19.814173698425293,68408
19.81502914428711,68408
19.81588363647461,68408
19.816736459732056,68408
19.817586421966553,68408
19.818432569503784,68408
19.819284200668335,68408
19.820138216018677,68408
19.820988416671753,68408
19.821836233139038,68408
19.82268714904785,68408
19.823532581329346,68408
19.824395418167114,68408
19.825249195098877,68408
19.826101303100586,68408
19.82694911956787,68408
19.827805042266846,68408
19.82865810394287,68408
19.82950472831726,68408
19.830357313156128,68408
19.831212520599365,68408
19.83206558227539,68408
19.832919120788574,68408
19.833776473999023,68408
19.834633111953735,68408
19.835479497909546,68408
19.8363299369812,68408
19.83718252182007,68408
19.83803629875183,68408
19.838889122009277,68408
19.83974027633667,68408
19.840590476989746,68408
19.841437101364136,68408
19.842289209365845,68408
19.843141794204712,68408
19.844004154205322,68408
19.844857454299927,68408
19.845707893371582,68408
19.84655213356018,68408
19.847402095794678,68408
19.848257064819336,68408
19.84911346435547,68408
19.849963426589966,68408
19.85081434249878,68408
19.85166883468628,68408
19.85251259803772,68408
19.85336446762085,68408
19.85422945022583,68408
19.855083227157593,68408
19.855939149856567,68408
19.856795072555542,68408
19.857646703720093,68408
19.858492374420166,68408
19.85934019088745,68408
19.860191583633423,68408
19.861047744750977,68408
19.86190152168274,68408
19.862754821777344,68408
19.863614797592163,68408
19.86445951461792,68408
19.865312814712524,68408
19.866167306900024,68408
19.867022275924683,68408
19.86787438392639,68408
19.86872887611389,68408
19.869576692581177,68408
19.870420932769775,68408
19.871275663375854,68408
19.87212824821472,68408
19.87298035621643,68408
19.873841524124146,68408
19.874693632125854,68408
19.875540018081665,68408
19.87639045715332,68408
19.877246856689453,68408
19.87810444831848,68408
19.878958225250244,68408
19.879809617996216,68408
19.880661964416504,68408
19.881505727767944,68408
19.88235831260681,68408
19.883214950561523,68408
19.884077310562134,68408
19.884931802749634,68408
19.885788202285767,68408
19.88663911819458,68408
19.887484550476074,68408
19.888336896896362,68408
19.889189958572388,68408
19.89004373550415,68408
19.890897035598755,68408
19.891748189926147,68408
19.892600059509277,68408
19.893444538116455,68408
19.894301652908325,68408
19.895153045654297,68408
19.89600372314453,68408
19.896856546401978,68408
19.897707223892212,68408
19.898552656173706,68408
19.899406909942627,68408
19.900259971618652,68408
19.901116132736206,68408
19.901968955993652,68408
19.90281915664673,68408
19.903681755065918,68408
19.904532432556152,68408
19.905385971069336,68408
19.906238794326782,68408
19.90709137916565,68408
19.907949209213257,68408
19.908798933029175,68408
19.909650564193726,68408
19.910496473312378,68408
19.911346435546875,68408
19.91220235824585,68408
19.91305661201477,68408
19.91391897201538,68408
19.91476845741272,68408
19.915618181228638,68408
19.916467428207397,68408
19.917314767837524,68408
19.918163537979126,68408
19.919015169143677,68408
19.91986393928528,68408
19.920718908309937,68408
19.921571254730225,68408
19.92241621017456,68408
19.923269748687744,68408
19.924134492874146,68408
19.924988269805908,68408
19.925840854644775,68408
19.926692485809326,68408
19.927538633346558,68408
19.92838978767395,68408
19.929243803024292,68408
19.930100202560425,68408
19.93095088005066,68408
19.931802988052368,68408
19.932658433914185,68408
19.93350625038147,68408
19.93436908721924,68408
19.935226678848267,68408
19.936076879501343,68408
19.936931848526,68408
19.93778395652771,68408
19.938636779785156,68408
19.939483404159546,68408
19.940335035324097,68408
19.941189527511597,68408
19.942044258117676,68408
19.9428973197937,68408
19.943780183792114,68408
19.94463801383972,68408
19.945481300354004,68408
19.94633436203003,68408
19.94719123840332,68408
19.94804549217224,68408
19.948899745941162,68408
19.94975471496582,68408
19.950613260269165,68408
19.95145845413208,68408
19.952314376831055,68408
19.953169345855713,68408
19.954039335250854,68408
19.95489525794983,68408
19.955750465393066,68408
19.956604480743408,68408
19.957454442977905,68408
19.958306789398193,68408
19.95916438102722,68408
19.9600191116333,68408
19.960874557495117,68408
19.961729288101196,68408
19.962585926055908,68408
19.963433027267456,68408
19.964298486709595,68408
19.965151071548462,68408
19.96600580215454,68408
19.9668607711792,68408
19.967716932296753,68408
19.96856427192688,68408
19.96941113471985,68408
19.970263242721558,68408
19.97112250328064,68408
19.97197461128235,68408
19.972822666168213,68408
19.97368812561035,68408
19.974534511566162,68408
19.975383758544922,68408
19.97623562812805,68408
19.977089643478394,68408
19.97794508934021,68408
19.978804349899292,68408
19.979657888412476,68408
19.98050618171692,68408
19.981356859207153,68408
19.982210636138916,68408
19.98306703567505,68408
19.98393154144287,68408
19.984783411026,68408
19.985636234283447,68408
19.9864821434021,68408
19.987332820892334,68408
19.988186359405518,68408
19.98904061317444,68408
19.98989224433899,68408
19.99074363708496,68408
19.991599082946777,68408
19.99244713783264,68408
19.993298053741455,68408
19.994163513183594,68408
19.99501943588257,68408
19.995877504348755,68408
19.99672770500183,68408
19.997577667236328,68408
19.998428106307983,68408
19.999281644821167,68408
20.000136375427246,68408
20.000990390777588,68408
20.00184154510498,68408
20.00269389152527,68408
20.003541231155396,68408
20.004400968551636,68408
20.00525665283203,68408
20.006107807159424,68408
20.00696086883545,68408
20.00781488418579,68408
20.00866675376892,68408
20.009514808654785,68408
20.010366201400757,68408
20.011218786239624,68408
20.012072563171387,68408
20.01292586326599,68408
20.013787984848022,68408
20.014641046524048,68408
20.015486478805542,68408
20.01633882522583,68408
20.01719355583191,68408
20.018073558807373,68408
20.01900053024292,68408
20.019848585128784,68408
20.02069902420044,68408
20.02154803276062,68408
20.0223970413208,68408
20.023253440856934,68408
20.024121284484863,68408
20.024979829788208,68408
20.02583384513855,68408
20.02668261528015,68408
20.027526378631592,68408
20.028379440307617,68408
20.029229402542114,68408
20.030082941055298,68408
20.030937671661377,68408
20.031790733337402,68408
20.032645225524902,68408
20.033493041992188,68408
20.03435230255127,68408
20.035207271575928,68408
20.036059856414795,68408
20.036914825439453,68408
20.037762880325317,68408
20.038614511489868,68408
20.039459228515625,68408
20.040310382843018,68408
20.041165828704834,68408
20.042022228240967,68408
20.04287600517273,68408
20.043736219406128,68408
20.04458713531494,68408
20.045432806015015,68408
20.046283960342407,68408
20.04713726043701,68408
20.0479896068573,68408
20.048840045928955,68408
20.049691438674927,68408
20.050536394119263,68408
20.051390647888184,68408
20.052245378494263,68408
20.05309820175171,68408
20.053959369659424,68408
20.054813623428345,68408
20.05566716194153,68408
20.056514501571655,68408
20.057360649108887,68408
20.058216094970703,68408
20.059069395065308,68408
20.05992555618286,68408
20.06078028678894,68408
20.06163239479065,68408
20.062478065490723,68408
20.063328504562378,68408
20.064194679260254,68408
20.065051078796387,68408
20.065903663635254,68408
20.06675672531128,68408
20.067603588104248,68408
20.068445444107056,68408
20.06929588317871,68408
20.070148229599,68408
20.070998191833496,68408
20.071851015090942,68408
20.07270336151123,68408
20.073550701141357,68408
20.074416399002075,68408
20.075267553329468,68408
20.076122999191284,68408
20.07698106765747,68408
20.077834367752075,68408
20.078689336776733,68408
20.07952904701233,68408
20.08038091659546,68408
20.081230640411377,68408
20.082080125808716,68408
20.08293342590332,68408
20.08379340171814,68408
20.084646224975586,68408
20.085493803024292,68408
20.086344718933105,68408
20.08719801902771,68408
20.088050842285156,68408
20.08890151977539,68408
20.08975124359131,68408
20.090606689453125,68408
20.091449737548828,68408
20.092299222946167,68408
20.09314799308777,68408
20.09401297569275,68408
20.094865798950195,68408
20.09571599960327,68408
20.09656572341919,68408
20.097411394119263,68408
20.0982608795166,68408
20.099114656448364,68408
20.099961280822754,68408
20.10081148147583,68408
20.101659297943115,68408
20.102506399154663,68408
20.10335898399353,68408
20.104222297668457,68408
20.105075120925903,68408
20.105926990509033,68408
20.106772661209106,68408
20.107624292373657,68408
20.108466148376465,68408
20.109317302703857,68408
20.110172033309937,68408
20.111026763916016,68408
20.111878871917725,68408
20.112730741500854,68408
20.11358332633972,68408
20.114431381225586,68408
20.11528491973877,68408
20.11613655090332,68408
20.116991758346558,68408
20.11784338951111,68408
20.118690967559814,68408
20.11953902244568,68408
20.12038826942444,68408
20.1212375164032,68408
20.122088193893433,68408
20.12293791770935,68408
20.123799800872803,68408
20.124650955200195,68408
20.125494241714478,68408
20.126347064971924,68408
20.12719964981079,68408
20.128056287765503,68408
20.12891173362732,68408
20.12976384162903,68408
20.13061833381653,68408
20.131462574005127,68408
20.1323139667511,68408
20.133167028427124,68408
20.134029865264893,68408
20.1348819732666,68408
20.13573169708252,68408
20.136580228805542,68408
20.137428998947144,68408
20.1382839679718,68408
20.1391384601593,68408
20.13999056816101,68408
20.14084553718567,68408
20.141703605651855,68408
20.142549753189087,68408
20.143402338027954,68408
20.14426875114441,68408
20.14512300491333,68408
20.145976543426514,68408
20.146828413009644,68408
20.14767861366272,68408
20.148525714874268,68408
20.149375915527344,68408
20.150227308273315,68408
20.151079177856445,68408
20.151933908462524,68408
20.152785301208496,68408
20.15364670753479,68408
20.154491901397705,68408
20.15534472465515,68408
20.156198024749756,68408
20.157052516937256,68408
20.157907962799072,68408
20.158762454986572,68408
20.15961527824402,68408
20.160463571548462,68408
20.161313772201538,68408
20.162168502807617,68408
20.16301918029785,68408
20.16388177871704,68408
20.16473698616028,68408
20.165587902069092,68408
20.166434288024902,68408
20.16728711128235,68408
20.16814088821411,68408
20.168996572494507,68408
20.169849157333374,68408
20.17069959640503,68408
20.17154598236084,68408
20.172398328781128,68408
20.17325234413147,68408
20.174120903015137,68408
20.174975395202637,68408
20.17582869529724,68408
20.17668080329895,68408
20.17752504348755,68408
20.178378582000732,68408
20.179232597351074,68408
20.18008279800415,68408
20.180936813354492,68408
20.181787490844727,68408
20.18263864517212,68408
20.183482885360718,68408
20.18434429168701,68408
20.185199975967407,68408
20.186058044433594,68408
20.186912059783936,68408
20.187760829925537,68408
20.18861436843872,68408
20.189459323883057,68408
20.190308570861816,68408
20.19115972518921,68408
20.19201636314392,68408
20.192869901657104,68408
20.193729639053345,68408
20.194581508636475,68408
20.195428609848022,68408
20.196282863616943,68408
20.197134733200073,68408
20.19798994064331,68408
20.198841094970703,68408
20.199691772460938,68408
20.200534343719482,68408
20.201387882232666,68408
20.20223641395569,68408
20.203092336654663,68408
20.203952312469482,68408
20.204801321029663,68408
20.20565629005432,68408
20.206503868103027,68408
20.207355737686157,68408
20.2082097530365,68408
20.20906090736389,68408
20.209918975830078,68408
20.210768699645996,68408
20.211620569229126,68408
20.212464332580566,68408
20.213316440582275,68408
20.214179754257202,68408
20.21503186225891,68408
20.215885877609253,68408
20.216737270355225,68408
20.21758770942688,68408
20.218429565429688,68408
20.219282388687134,68408
20.220135927200317,68408
20.220990896224976,68408
20.22184443473816,68408
20.22269320487976,68408
20.22353720664978,68408
20.224396228790283,68408
20.225248336791992,68408
20.22610092163086,68408
20.22695255279541,68408
20.227802753448486,68408
20.228657484054565,68408
20.229504823684692,68408
20.23035740852356,68408
20.23120903968811,68408
20.23206067085266,68408
20.232914686203003,68408
20.233776807785034,68408
20.234633445739746,68408
20.2354793548584,68408
20.236331939697266,68408
20.237188816070557,68408
20.23804211616516,68408
20.23889422416687,68408
20.239748001098633,68408
20.24059796333313,68408
20.24144172668457,68408
20.242297649383545,68408
20.243149518966675,68408
20.244016647338867,68408
20.244866132736206,68408
20.245718240737915,68408
20.24657130241394,68408
20.247414112091064,68408
20.24826669692993,68408
20.249117374420166,68408
20.249967336654663,68408
20.250818490982056,68408
20.251670837402344,68408
20.25251531600952,68408
20.253369569778442,68408
20.25423550605774,68408
20.255090475082397,68408
20.255943536758423,68408
20.25679302215576,68408
20.25764751434326,68408
20.258493900299072,68408
20.25934648513794,68408
20.260199069976807,68408
20.26105308532715,68408
20.26190495491028,68408
20.262759923934937,68408
20.263622760772705,68408
20.264471530914307,68408
20.265318870544434,68408
20.26617121696472,68408
20.26702642440796,68408
20.26787829399109,68408
20.26872944831848,68408
20.2695791721344,68408
20.27042293548584,68408
20.271275758743286,68408
20.27212953567505,68408
20.272979259490967,68408
20.27384042739868,68408
20.27469253540039,68408
20.275541305541992,68408
20.276394605636597,68408
20.27725052833557,68408
20.278106451034546,68408
20.27896285057068,68408
20.279820680618286,68408
20.280675649642944,68408
20.28152346611023,68408
20.2823748588562,68408
20.283230781555176,68408
20.28409433364868,68408
20.28494882583618,68408
20.28579545021057,68408
20.286649465560913,68408
20.287495851516724,68408
20.288347482681274,68408
20.2892005443573,68408
20.290056705474854,68408
20.290908336639404,68408
20.291762113571167,68408
20.292617797851562,68408
20.29346013069153,68408
20.29432225227356,68408
20.29517650604248,68408
20.2960307598114,68408
20.2968807220459,68408
20.29773187637329,68408
20.29858136177063,68408
20.299423456192017,68408
20.300273895263672,68408
20.301127433776855,68408
20.30197787284851,68408
20.302826642990112,68408
20.30369281768799,68408
20.304537057876587,68408
20.305387258529663,68408
20.306241273880005,68408
20.307093620300293,68408
20.307950973510742,68408
20.30880570411682,68408
20.309656381607056,68408
20.310502529144287,68408
20.311354160308838,68408
20.312206029891968,68408
20.31305694580078,68408
20.313915252685547,68408
20.314767837524414,68408
20.315621614456177,68408
20.31646704673767,68408
20.317317247390747,68408
20.318166732788086,68408
20.319021940231323,68408
20.31987190246582,68408
20.320720911026,68408
20.32157015800476,68408
20.32241702079773,68408
20.323267698287964,68408
20.324135541915894,68408
20.324986934661865,68408
20.325839042663574,68408
20.326689958572388,68408
20.327532529830933,68408
20.328383207321167,68408
20.329236268997192,68408
20.330087184906006,68408
20.33094024658203,68408
20.331788778305054,68408
20.332642316818237,68408
20.333484172821045,68408
20.33434510231018,68408
20.335200548171997,68408
20.336055040359497,68408
20.33690571784973,68408
20.337759494781494,68408
20.338608741760254,68408
20.339452028274536,68408
20.340303659439087,68408
20.34115767478943,68408
20.3420147895813,68408
20.342869758605957,68408
20.343729972839355,68408
20.344581604003906,68408
20.345425844192505,68408
20.346281051635742,68408
20.347131967544556,68408
20.347980499267578,68408
20.34883403778076,68408
20.349686861038208,68408
20.350528717041016,68408
20.35137915611267,68408
20.35223126411438,68408
20.353083848953247,68408
20.353949308395386,68408
20.354799509048462,68408
20.35565185546875,68408
20.35649824142456,68408
20.357349634170532,68408
20.358198642730713,68408
20.35905170440674,68408
20.359906673431396,68408
20.36075448989868,68408
20.36160635948181,68408
20.362452030181885,68408
20.36330556869507,68408
20.364169359207153,68408
20.36502480506897,68408
20.36587643623352,68408
20.366730213165283,68408
20.367581844329834,68408
20.368431091308594,68408
20.369282484054565,68408
20.370132446289062,68408
20.370983600616455,68408
20.371834754943848,68408
20.372682332992554,68408
20.37352728843689,68408
20.374388933181763,68408
20.375240564346313,68408
20.376096725463867,68408
20.376952171325684,68408
20.37780499458313,68408
20.378655672073364,68408
20.379499197006226,68408
20.380348920822144,68408
20.38119912147522,68408
20.382052183151245,68408
20.382906436920166,68408
20.383769989013672,68408
20.384621143341064,68408
20.38546657562256,68408
20.386318922042847,68408
20.38717293739319,68408
20.388023376464844,68408
20.388875007629395,68408
20.389726877212524,68408
20.39057970046997,68408
20.39142417907715,68408
20.39227795600891,68408
20.3931303024292,68408
20.393996238708496,68408
20.394848346710205,68408
20.395698308944702,68408
20.396545886993408,68408
20.397395610809326,68408
20.39825177192688,68408
20.39910387992859,68408
20.39995312690735,68408
20.400805950164795,68408
20.401659965515137,68408
20.40250515937805,68408
20.403353929519653,68408
20.404219150543213,68408
20.405071258544922,68408
20.405922889709473,68408
20.406773328781128,68408
20.407629251480103,68408
20.40847682952881,68408
20.409330368041992,68408
20.410182237625122,68408
20.411033868789673,68408
20.411885738372803,68408
20.412734985351562,68408
20.4135959148407,68408
20.41444420814514,68408
20.415298461914062,68408
20.416152000427246,68408
20.41700315475464,68408
20.417856454849243,68408
20.418707370758057,68408
20.41955304145813,68408
20.420406341552734,68408
20.42126154899597,68408
20.422115564346313,68408
20.422966718673706,68408
20.423827409744263,68408
20.424678802490234,68408
20.425524473190308,68408
20.426374673843384,68408
20.42722725868225,68408
20.428080558776855,68408
20.428934812545776,68408
20.429784059524536,68408
20.4306378364563,68408
20.43148446083069,68408
20.432332277297974,68408
20.433186054229736,68408
20.434049129486084,68408
20.43490242958069,68408
20.435752868652344,68408
20.436603307724,68408
20.437448740005493,68408
20.43830156326294,68408
20.439157009124756,68408
20.440011262893677,68408
20.44085955619812,68408
20.441709280014038,68408
20.442553520202637,68408
20.443403005599976,68408
20.444268703460693,68408
20.445122241973877,68408
20.44597315788269,68408
20.446824550628662,68408
20.447672128677368,68408
20.44851779937744,68408
20.44936466217041,68408
20.45021653175354,68408
20.451072931289673,68408
20.451924562454224,68408
20.452773332595825,68408
20.45363712310791,68408
20.454483032226562,68408
20.455332040786743,68408
20.456186532974243,68408
20.457038402557373,68408
20.457893133163452,68408
20.4587459564209,68408
20.45959711074829,68408
20.460442543029785,68408
20.4612934589386,68408
20.462148427963257,68408
20.4630024433136,68408
20.463865280151367,68408
20.46471881866455,68408
20.465566396713257,68408
20.466409921646118,68408
20.46726417541504,68408
20.46811580657959,68408
20.468971014022827,68408
20.469820737838745,68408
20.47067165374756,68408
20.471519708633423,68408
20.472374200820923,68408
20.473228216171265,68408
20.474100351333618,68408
20.474954843521118,68408
20.475806713104248,68408
20.476659297943115,68408
20.477503299713135,68408
20.47835683822632,68408
20.479209184646606,68408
20.480061292648315,68408
20.480912446975708,68408
20.481761693954468,68408
20.482614278793335,68408
20.48345947265625,68408
20.48432183265686,68408
20.485175371170044,68408
20.48602819442749,68408
20.48687982559204,68408
20.487729787826538,68408
20.48858141899109,68408
20.489425897598267,68408
20.49027442932129,68408
20.491124391555786,68408
20.491979598999023,68408
20.49282932281494,68408
20.493685722351074,68408
20.494531631469727,68408
20.495383977890015,68408
20.496240377426147,68408
20.497091054916382,68408
20.49793815612793,68408
20.498789310455322,68408
20.499643564224243,68408
20.50049066543579,68408
20.501340627670288,68408
20.502196788787842,68408
20.503053188323975,68408
20.503913402557373,68408
20.50476908683777,68408
20.505626440048218,68408
20.506470441818237,68408
20.507319450378418,68408
20.508174896240234,68408
20.509027004241943,68408
20.509883642196655,68408
20.51073908805847,68408
20.51158833503723,68408
20.51243543624878,68408
20.51328730583191,68408
20.514150142669678,68408
20.5150043964386,68408
20.51585817337036,68408
20.516716957092285,68408
20.5175678730011,68408
20.518418312072754,68408
20.519275188446045,68408
20.52012848854065,68408
20.52098321914673,68408
20.52183485031128,68408
20.522687911987305,68408
20.523536205291748,68408
20.524399757385254,68408
20.525253295898438,68408
20.526108503341675,68408
20.52696418762207,68408
20.527812957763672,68408
20.528666496276855,68408
20.52951216697693,68408
20.530364274978638,68408
20.5312180519104,68408
20.5320725440979,68408
20.532926559448242,68408
20.533785820007324,68408
20.534640789031982,68408
20.535486459732056,68408
20.536333799362183,68408
20.537188291549683,68408
20.53803825378418,68408
20.53888726234436,68408
20.539739847183228,68408
20.54059100151062,68408
20.541436672210693,68408
20.542289972305298,68408
20.54314398765564,68408
20.544010877609253,68408
20.54486894607544,68408
20.54572081565857,68408
20.54657220840454,68408
20.54741883277893,68408
20.54827380180359,68408
20.549128770828247,68408
20.549979209899902,68408
20.550830841064453,68408
20.551684141159058,68408
20.552528858184814,68408
20.553379774093628,68408
20.554245948791504,68408
20.555098295211792,68408
20.555954933166504,68408
20.55680561065674,68408
20.557657718658447,68408
20.558504104614258,68408
20.559354782104492,68408
20.560209035873413,68408
20.561063051223755,68408
20.56191658973694,68408
20.562769412994385,68408
20.563629150390625,68408
20.564478158950806,68408
20.565330028533936,68408
20.566184520721436,68408
20.56703758239746,68408
20.567894220352173,68408
20.56874442100525,68408
20.5695960521698,68408
20.570440530776978,68408
20.571295022964478,68408
20.5721595287323,68408
20.573017597198486,68408
20.573882818222046,68408
20.574738264083862,68408
20.57558584213257,68408
20.576433420181274,68408
20.577292919158936,68408
20.578149795532227,68408
20.579005241394043,68408
20.579859018325806,68408
20.580713987350464,68408
20.581564903259277,68408
20.58241081237793,68408
20.583263874053955,68408
20.584128856658936,68408
20.584985733032227,68408
20.58583688735962,68408
20.58668875694275,68408
20.587536096572876,68408
20.588391065597534,68408
20.589245319366455,68408
20.59009885787964,68408
20.590953588485718,68408
20.5918071269989,68408
20.592661380767822,68408
20.593503713607788,68408
20.59436821937561,68408
20.595221042633057,68408
20.596076011657715,68408
20.596930503845215,68408
20.597776889801025,68408
20.598630666732788,68408
20.5994770526886,68408
20.60032820701599,68408
20.601179838180542,68408
20.6020348072052,68408
20.602885484695435,68408
20.603749990463257,68408
20.60460376739502,68408
20.60545039176941,68408
20.60630178451538,68408
20.607155561447144,68408
20.60800862312317,68408
20.6088604927063,68408
20.60970973968506,68408
20.610562086105347,68408
20.61140775680542,68408
20.61225962638855,68408
20.61311173439026,68408
20.613975048065186,68408
20.614826679229736,68408
20.615682125091553,68408
20.616527318954468,68408
20.617377758026123,68408
20.61823320388794,68408
20.61908793449402,68408
20.619940757751465,68408
20.620792627334595,68408
20.621647596359253,68408
20.622493505477905,68408
20.62334656715393,68408
20.62421727180481,68408
20.625070333480835,68408
20.62592577934265,68408
20.626779556274414,68408
20.62763285636902,68408
20.628479957580566,68408
20.62933349609375,68408
20.630188941955566,68408
20.63104248046875,68408
20.631896018981934,68408
20.632746696472168,68408
20.63361120223999,68408
20.634460926055908,68408
20.635312795639038,68408
20.63616943359375,68408
20.637020349502563,68408
20.63787841796875,68408
20.6387300491333,68408
20.63958501815796,68408
20.640426635742188,68408
20.64127469062805,68408
20.642130851745605,68408
20.642984628677368,68408
20.643845319747925,68408
20.644699096679688,68408
20.645543813705444,68408
20.64639687538147,68408
20.64724898338318,68408
20.648099899291992,68408
20.648956060409546,68408
20.649807691574097,68408
20.65066170692444,68408
20.651506900787354,68408
20.65235733985901,68408
20.653210878372192,68408
20.654075384140015,68408
20.654927492141724,68408
20.655778408050537,68408
20.656627655029297,68408
20.657469749450684,68408
20.658321380615234,68408
20.659173011779785,68408
20.660027027130127,68408
20.66088080406189,68408
20.66173028945923,68408
20.662577390670776,68408
20.66342282295227,68408
20.664286613464355,68408
20.665138483047485,68408
20.665993690490723,68408
20.666845560073853,68408
20.667701482772827,68408
20.668545722961426,68408
20.669394731521606,68408
20.670247554779053,68408
20.671100854873657,68408
20.671956539154053,68408
20.672807931900024,68408
20.673672914505005,68408
20.674516677856445,68408
20.675368785858154,68408
20.67621946334839,68408
20.67707371711731,68408
20.677924156188965,68408
20.678773403167725,68408
20.679625511169434,68408
20.680471420288086,68408
20.681324243545532,68408
20.682176113128662,68408
20.683030605316162,68408
20.683895349502563,68408
20.684743881225586,68408
20.685593843460083,68408
20.68644118309021,68408
20.687291383743286,68408
20.688143253326416,68408
20.688994884490967,68408
20.68984580039978,68408
20.690698623657227,68408
20.691540956497192,68408
20.692394733428955,68408
20.69324231147766,68408
20.694106101989746,68408
20.694958925247192,68408
20.695810556411743,68408
20.696662664413452,68408
20.69750714302063,68408
20.698360919952393,68408
20.699215412139893,68408
20.700067043304443,68408
20.700922966003418,68408
20.701770305633545,68408
20.702620029449463,68408
20.703467845916748,68408
20.704335689544678,68408
20.705190181732178,68408
20.706045389175415,68408
20.70689558982849,68408
20.70775032043457,68408
20.708599090576172,68408
20.709442138671875,68408
20.710293769836426,68408
20.711155652999878,68408
20.71201229095459,68408
20.712863206863403,68408
20.713724613189697,68408
20.714574813842773,68408
20.71542191505432,68408
20.71627378463745,68408
20.71712851524353,68408
20.71798276901245,68408
20.71883225440979,68408
20.719685554504395,68408
20.720526933670044,68408
20.721378087997437,68408
20.722233533859253,68408
20.72308850288391,68408
20.723954916000366,68408
20.724804401397705,68408
20.725659608840942,68408
20.726503133773804,68408
20.727354049682617,68408
20.728203773498535,68408
20.729056358337402,68408
20.7299063205719,68408
20.73075795173645,68408
20.731613159179688,68408
20.73246145248413,68408
20.733310222625732,68408
20.734172344207764,68408
20.73502779006958,68408
20.73587441444397,68408
20.736726760864258,68408
20.73758053779602,68408
20.73842978477478,68408
20.739282846450806,68408
20.74013924598694,68408
20.74099087715149,68408
20.741843700408936,68408
20.742700338363647,68408
20.743549585342407,68408
20.744411945343018,68408
20.745267629623413,68408
20.74612331390381,68408
20.74698233604431,68408
20.747836589813232,68408
20.748690128326416,68408
20.749536514282227,68408
20.75038743019104,68408
20.751241445541382,68408
20.75209903717041,68408
20.752951860427856,68408
20.753814697265625,68408
20.754668474197388,68408
20.755518198013306,68408
20.756367683410645,68408
20.75722074508667,68408
20.758076906204224,68408
20.758930444717407,68408
20.75978374481201,68408
20.760639667510986,68408
20.761483669281006,68408
20.762338876724243,68408
20.763193130493164,68408
20.764055490493774,68408
20.76491093635559,68408
20.76576256752014,68408
20.766613006591797,68408
20.767460107803345,68408
20.76830768585205,68408
20.769163608551025,68408
20.7700138092041,68408
20.770867824554443,68408
20.77172327041626,68408
20.772576332092285,68408
20.7734215259552,68408
20.77428698539734,68408
20.775142908096313,68408
20.77599811553955,68408
20.776845932006836,68408
20.777695655822754,68408
20.778538465499878,68408
20.779390335083008,68408
20.78024411201477,68408
20.781100749969482,68408
20.781959533691406,68408
20.7828106880188,68408
20.783672332763672,68408
20.784520149230957,68408
20.78537392616272,68408
20.786229133605957,68408
20.787084341049194,68408
20.787939310073853,68408
20.78879141807556,68408
20.789646863937378,68408
20.790492057800293,68408
20.791343450546265,68408
20.792197227478027,68408
20.793050527572632,68408
20.793914556503296,68408
20.79476809501648,68408
20.79562020301819,68408
20.79646611213684,68408
20.79731583595276,68408
20.798167943954468,68408
20.799023151397705,68408
20.79987668991089,68408
20.80072855949402,68408
20.801579236984253,68408
20.802424430847168,68408
20.803279876708984,68408
20.80414605140686,68408
20.80499768257141,68408
20.80585217475891,68408
20.806704998016357,68408
20.80755090713501,68408
20.808405876159668,68408
20.80925941467285,68408
20.81011128425598,68408
20.81096315383911,68408
20.811813592910767,68408
20.81266760826111,68408
20.813512086868286,68408
20.814375400543213,68408
20.815227508544922,68408
20.816080331802368,68408
20.816935300827026,68408
20.817787408828735,68408
20.81864070892334,68408
20.819483041763306,68408
20.8203341960907,68408
20.821186780929565,68408
20.82204270362854,68408
20.82289481163025,68408
20.82376265525818,68408
20.824616193771362,68408
20.825461864471436,68408
20.826313734054565,68408
20.827170372009277,68408
20.828023195266724,68408
20.828877449035645,68408
20.829728364944458,68408
20.830578088760376,68408
20.83142375946045,68408
20.83227300643921,68408
20.833129405975342,68408
20.833991765975952,68408
20.834845066070557,68408
20.83569574356079,68408
20.83653950691223,68408
20.837392330169678,68408
20.83824610710144,68408
20.8391010761261,68408
20.83995747566223,68408
20.84080982208252,68408
20.841660499572754,68408
20.84250521659851,68408
20.843355178833008,68408
20.844218492507935,68408
20.84507417678833,68408
20.845928192138672,68408
20.846779584884644,68408
20.84763526916504,68408
20.848482131958008,68408
20.849335432052612,68408
20.850191831588745,68408
20.85104990005493,68408
20.851903676986694,68408
20.852755546569824,68408
20.853618144989014,68408
20.85446572303772,68408
20.8553147315979,68408
20.856171369552612,68408
20.857024908065796,68408
20.8578782081604,68408
20.858728170394897,68408
20.85957980155945,68408
20.86042881011963,68408
20.861281156539917,68408
20.862136125564575,68408
20.862990856170654,68408
20.863849639892578,68408
20.864702939987183,68408
20.865551710128784,68408
20.86640739440918,68408
20.86726212501526,68408
20.868118286132812,68408
20.868971586227417,68408
20.86982250213623,68408
20.87067222595215,68408
20.87152075767517,68408
20.87237048149109,68408
20.873220682144165,68408
20.87408947944641,68408
20.874945402145386,68408
20.875796794891357,68408
20.87665057182312,68408
20.877495527267456,68408
20.878347873687744,68408
20.879205226898193,68408
20.880057334899902,68408
20.880913019180298,68408
20.88176417350769,68408
20.882617235183716,68408
20.883464336395264,68408
20.88432502746582,68408
20.885175466537476,68408
20.886029958724976,68408
20.886881828308105,68408
20.887736797332764,68408
20.888586044311523,68408
20.889431715011597,68408
20.890284538269043,68408
20.891135454177856,68408
20.891989707946777,68408
20.89284324645996,68408
20.89370560646057,68408
20.89455270767212,68408
20.89540696144104,68408
20.89625644683838,68408
20.897109746932983,68408
20.897958755493164,68408
20.898809671401978,68408
20.899662494659424,68408
20.900502681732178,68408
20.901354551315308,68408
20.9022057056427,68408
20.90305781364441,68408
20.90392518043518,68408
20.904776573181152,68408
20.90563154220581,68408
20.906477212905884,68408
20.90733003616333,68408
20.908182859420776,68408
20.909035444259644,68408
20.909889459609985,68408
20.910740852355957,68408
20.911590814590454,68408
20.912437915802002,68408
20.91328763961792,68408
20.91414999961853,68408
20.915003776550293,68408
20.915860176086426,68408
20.916712999343872,68408
20.917563915252686,68408
20.918408155441284,68408
20.919261932373047,68408
20.92011284828186,68408
20.920963048934937,68408
20.921815156936646,68408
20.92266869544983,68408
20.923511266708374,68408
20.924375295639038,68408
20.92522621154785,68408
20.926079988479614,68408
20.926928281784058,68408
20.927775144577026,68408
20.928629875183105,68408
20.929478406906128,68408
20.93032932281494,68408
20.93118381500244,68408
20.932038068771362,68408
20.932891130447388,68408
20.933754205703735,68408
20.93460512161255,68408
20.935450553894043,68408
20.936304092407227,68408
20.937154531478882,68408
20.93800973892212,68408
20.938859462738037,68408
20.939708471298218,68408
20.940553903579712,68408
20.941402435302734,68408
20.94225549697876,68408
20.943108081817627,68408
20.943971395492554,68408
20.944825172424316,68408
20.94567346572876,68408
20.946518659591675,68408
20.947371006011963,68408
20.948225498199463,68408
20.949079275131226,68408
20.949931621551514,68408
20.950783491134644,68408
20.95163631439209,68408
20.952478885650635,68408
20.953331470489502,68408
20.95419454574585,68408
20.95504665374756,68408
20.955901622772217,68408
20.956753253936768,68408
20.957606554031372,68408
20.958452463150024,68408
20.959298372268677,68408
20.960153102874756,68408
20.96100616455078,68408
20.961859703063965,68408
20.962713479995728,68408
20.96356964111328,68408
20.964420080184937,68408
20.965275526046753,68408
20.9661283493042,68408
20.96697974205017,68408
20.96782898902893,68408
20.96868062019348,68408
20.969526529312134,68408
20.970380067825317,68408
20.971227884292603,68408
20.97208285331726,68408
20.972934246063232,68408
20.973795175552368,68408
20.97464656829834,68408
20.975494861602783,68408
20.97634530067444,68408
20.977198839187622,68408
20.978048086166382,68408
20.97890019416809,68408
20.9797523021698,68408
20.98060369491577,68408
20.981445789337158,68408
20.98229718208313,68408
20.983153104782104,68408
20.984018802642822,68408
20.984872817993164,68408
20.98572325706482,68408
20.986573934555054,68408
20.987420082092285,68408
20.98827338218689,68408
20.989128589630127,68408
20.98998260498047,68408
20.990833044052124,68408
20.991682767868042,68408
20.992526292800903,68408
20.99337673187256,68408
20.994242191314697,68408
20.995095252990723,68408
20.995946407318115,68408
20.99680209159851,68408
20.99765181541443,68408
20.998496770858765,68408
20.99935007095337,68408
21.00019884109497,68408
21.001054525375366,68408
21.001909494400024,68408
21.002758979797363,68408
21.003623485565186,68408
21.004472970962524,68408
21.005324602127075,68408
21.006175756454468,68408
21.007025480270386,68408
21.007882118225098,68408
21.008734703063965,68408
21.009584188461304,68408
21.01043152809143,68408
21.011282920837402,68408
21.01213526725769,68408
21.01298999786377,68408
21.013850927352905,68408
21.014704704284668,68408
21.015552759170532,68408
21.016401052474976,68408
21.01725482940674,68408
21.01811122894287,68408
21.018964052200317,68408
21.019817352294922,68408
21.02066993713379,68408
21.021515607833862,68408
21.022366762161255,68408
21.0232195854187,68408
21.02409029006958,68408
21.02494478225708,68408
21.025798559188843,68408
21.026654720306396,68408
21.027499437332153,68408
21.0283522605896,68408
21.029204845428467,68408
21.030059099197388,68408
21.030911922454834,68408
21.031766891479492,68408
21.032618284225464,68408
21.033463954925537,68408
21.034324407577515,68408
21.035178661346436,68408
21.036033391952515,68408
21.03688406944275,68408
21.037740468978882,68408
21.03859233856201,68408
21.039438724517822,68408
21.040292501449585,68408
21.041146278381348,68408
21.042001008987427,68408
21.042850255966187,68408
21.04370927810669,68408
21.044556617736816,68408
21.045406341552734,68408
21.046259880065918,68408
21.047114849090576,68408
21.04796552658081,68408
21.048818111419678,68408
21.049667596817017,68408
21.050514698028564,68408
21.051370859146118,68408
21.052225828170776,68408
21.053078174591064,68408
21.053943872451782,68408
21.054797410964966,68408
21.05565333366394,68408
21.056500673294067,68408
21.057352304458618,68408
21.058208227157593,68408
21.059059381484985,68408
21.059910535812378,68408
21.060763597488403,68408
21.0616192817688,68408
21.062463760375977,68408
21.063313722610474,68408
21.064181804656982,68408
21.065040349960327,68408
21.065894842147827,68408
21.06674575805664,68408
21.067598581314087,68408
21.06844472885132,68408
21.069297075271606,68408
21.070149898529053,68408
21.07099938392639,68408
21.071852207183838,68408
21.072705030441284,68408
21.073548793792725,68408
21.074410915374756,68408
21.07525944709778,68408
21.076112031936646,68408
21.07696557044983,68408
21.07781410217285,68408
21.078670024871826,68408
21.07951807975769,68408
21.080371141433716,68408
21.08122682571411,68408
21.08207893371582,68408
21.082931756973267,68408
21.083794593811035,68408
21.08464479446411,68408
21.085493087768555,68408
21.086345434188843,68408
21.08719801902771,68408
21.08805012702942,68408
21.088903427124023,68408
21.08976101875305,68408
21.090615272521973,68408
21.09146213531494,68408
21.092313766479492,68408
21.09316658973694,68408
21.09402894973755,68408
21.094879865646362,68408
21.09573006629944,68408
21.096579790115356,68408
21.0974280834198,68408
21.098281860351562,68408
21.099136352539062,68408
21.099992513656616,68408
21.100842714309692,68408
21.10169529914856,68408
21.1025390625,68408
21.103394746780396,68408
21.104257106781006,68408
21.1051127910614,68408
21.10596752166748,68408
21.106820106506348,68408
21.107672214508057,68408
21.108513116836548,68408
21.109362602233887,68408
21.110217809677124,68408
21.111068725585938,68408
21.11191987991333,68408
21.112770318984985,68408
21.11363387107849,68408
21.114481449127197,68408
21.115333557128906,68408
21.116188764572144,68408
21.117045640945435,68408
21.11789846420288,68408
21.11875009536743,68408
21.119603157043457,68408
21.12044882774353,68408
21.12129807472229,68408
21.122150182724,68408
21.12300419807434,68408
21.123866319656372,68408
21.124716758728027,68408
21.12556791305542,68408
21.126410961151123,68408
21.127264261245728,68408
21.128116130828857,68408
21.128971576690674,68408
21.129819631576538,68408
21.13067388534546,68408
21.131515741348267,68408
21.132365465164185,68408
21.133219480514526,68408
21.134084939956665,68408
21.13493776321411,68408
21.13579225540161,68408
21.13664221763611,68408
21.137492179870605,68408
21.138346195220947,68408
21.13919997215271,68408
21.140055179595947,68408
21.14090847969055,68408
21.141759872436523,68408
21.142613887786865,68408
21.143455505371094,68408
21.14431381225586,68408
21.145166158676147,68408
21.146019220352173,68408
21.14687442779541,68408
21.147727012634277,68408
21.148579597473145,68408
21.149428606033325,68408
21.150280237197876,68408
21.151134967803955,68408
21.15199041366577,68408
21.152841329574585,68408
21.153704166412354,68408
21.154552698135376,68408
21.15540623664856,68408
21.1562602519989,68408
21.157113552093506,68408
21.15796947479248,68408
21.158819675445557,68408
21.15967082977295,68408
21.160515546798706,68408
21.161367654800415,68408
21.162220001220703,68408
21.163076162338257,68408
21.16394066810608,68408
21.164793968200684,68408
21.1656494140625,68408
21.166494369506836,68408
21.167353868484497,68408
21.1682071685791,68408
21.16906189918518,68408
21.1699161529541,68408
21.17076539993286,68408
21.171617031097412,68408
21.172462224960327,68408
21.173308849334717,68408
21.174173593521118,68408
21.17503023147583,68408
21.17588210105896,68408
21.176737546920776,68408
21.17759108543396,68408
21.1784405708313,68408
21.179293870925903,68408
21.180145502090454,68408
21.181000232696533,68408
21.18185591697693,68408
21.182706356048584,68408
21.18355441093445,68408
21.18441152572632,68408
21.18526315689087,68408
21.186116218566895,68408
21.186969995498657,68408
21.187819242477417,68408
21.18866991996765,68408
21.189513683319092,68408
21.19036626815796,68408
21.191220998764038,68408
21.19207787513733,68408
21.192932605743408,68408
21.19379186630249,68408
21.1946439743042,68408
21.195488929748535,68408
21.196341514587402,68408
21.197198629379272,68408
21.19805073738098,68408
21.198904752731323,68408
21.199755668640137,68408
21.200608015060425,68408
21.201454162597656,68408
21.20230984687805,68408
21.203166246414185,68408
21.204033851623535,68408
21.204885482788086,68408
21.205738306045532,68408
21.20658564567566,68408
21.207433462142944,68408
21.20828628540039,68408
21.209144830703735,68408
21.209998846054077,68408
21.210854053497314,68408
21.21170687675476,68408
21.21255111694336,68408
21.213406324386597,68408
21.21427083015442,68408
21.21512746810913,68408
21.21597909927368,68408
21.216827154159546,68408
21.21768045425415,68408
21.218525648117065,68408
21.219377279281616,68408
21.220232486724854,68408
21.221085786819458,68408
21.22194004058838,68408
21.222792625427246,68408
21.223655939102173,68408
21.2245032787323,68408
21.225355625152588,68408
21.226207733154297,68408
21.227060794830322,68408
21.227911233901978,68408
21.22876739501953,68408
21.229620933532715,68408
21.23046636581421,68408
21.231316566467285,68408
21.23216962814331,68408
21.233025789260864,68408
21.233891487121582,68408
21.234740734100342,68408
21.2355899810791,68408
21.236440896987915,68408
21.237292289733887,68408
21.238147974014282,68408
21.23900055885315,68408
21.23985528945923,68408
21.240708589553833,68408
21.241554021835327,68408
21.24240493774414,68408
21.243260145187378,68408
21.24412226676941,68408
21.244977712631226,68408
21.245828866958618,68408
21.246681213378906,68408
21.2475266456604,68408
21.24837565422058,68408
21.249231576919556,68408
21.250084161758423,68408
21.250935792922974,68408
21.251787424087524,68408
21.25263738632202,68408
21.253480195999146,68408
21.254342555999756,68408
21.255194425582886,68408
21.25605058670044,68408
21.256905794143677,68408
21.25775718688965,68408
21.25861144065857,68408
21.259457111358643,68408
21.260307788848877,68408
21.26115918159485,68408
21.262014865875244,68408
21.262869119644165,68408
21.263731241226196,68408
21.26458215713501,68408
21.26543378829956,68408
21.26628351211548,68408
21.267135858535767,68408
21.26798915863037,68408
21.268839597702026,68408
21.26969265937805,68408
21.27053689956665,68408
21.271386861801147,68408
21.2722430229187,68408
21.273093938827515,68408
21.27396321296692,68408
21.274810552597046,68408
21.275662183761597,68408
21.276508569717407,68408
21.277359008789062,68408
21.278210401535034,68408
21.27906322479248,68408
21.279914379119873,68408
21.280765533447266,68408
21.281615257263184,68408
21.282455444335938,68408
21.283307790756226,68408
21.284174919128418,68408
21.285027503967285,68408
21.285876989364624,68408
21.286729097366333,68408
21.28758144378662,68408
21.28842782974243,68408
21.289279222488403,68408
21.29013419151306,68408
21.290987491607666,68408
21.29183793067932,68408
21.292689561843872,68408
21.293534517288208,68408
21.294400453567505,68408
21.295254468917847,68408
21.296109676361084,68408
21.296968698501587,68408
21.297821760177612,68408
21.29867458343506,68408
21.29952049255371,68408
21.30037522315979,68408
21.30122661590576,68408
21.302078247070312,68408
21.302931308746338,68408
21.303790807724,68408
21.30464458465576,68408
21.305490255355835,68408
21.306344270706177,68408
21.307196140289307,68408
21.308050394058228,68408
21.308900594711304,68408
21.309751749038696,68408
21.310609102249146,68408
21.311452865600586,68408
21.31230354309082,68408
21.313159227371216,68408
21.31402039527893,68408
21.31487536430359,68408
21.315727472305298,68408
21.31657648086548,68408
21.317424058914185,68408
21.31827688217163,68408
21.31912922859192,68408
21.31998109817505,68408
21.320831298828125,68408
21.3216814994812,68408
21.322526454925537,68408
21.323378086090088,68408
21.32424235343933,68408
21.32509732246399,68408
21.325951099395752,68408
21.326802730560303,68408
21.327651500701904,68408
21.328497886657715,68408
21.329346179962158,68408
21.33019781112671,68408
21.331050395965576,68408
21.33190083503723,68408
21.332748651504517,68408
21.333608388900757,68408
21.334457397460938,68408
21.335309743881226,68408
21.33616828918457,68408
21.33702301979065,68408
21.33787965774536,68408
21.338728427886963,68408
21.339578866958618,68408
21.340426206588745,68408
21.34127926826477,68408
21.342137336730957,68408
21.3429913520813,68408
21.34385323524475,68408
21.34470772743225,68408
21.345550537109375,68408
21.346405506134033,68408
21.3472580909729,68408
21.34811234474182,68408
21.348966598510742,68408
21.349817276000977,68408
21.35066866874695,68408
21.3515145778656,68408
21.352368116378784,68408
21.35322070121765,68408
21.354088306427002,68408
21.354939699172974,68408
21.35579204559326,68408
21.35664439201355,68408
21.35748863220215,68408
21.358340978622437,68408
21.35919451713562,68408
21.36004638671875,68408
21.360904932022095,68408
21.36175513267517,68408
21.362608432769775,68408
21.36345362663269,68408
21.364312648773193,68408
21.365169048309326,68408
21.36602520942688,68408
21.36687660217285,68408
21.367732524871826,68408
21.368579149246216,68408
21.369422435760498,68408
21.370272874832153,68408
21.371122121810913,68408
21.37197518348694,68408
21.372825384140015,68408
21.373685598373413,68408
21.37452983856201,68408
21.375381231307983,68408
21.3762366771698,68408
21.377087593078613,68408
21.37794065475464,68408
21.37879228591919,68408
21.37964677810669,68408
21.380493640899658,68408
21.381344079971313,68408
21.38220191001892,68408
21.38305926322937,68408
21.383922576904297,68408
21.38477325439453,68408
21.38562774658203,68408
21.386475086212158,68408
21.387324810028076,68408
21.388179540634155,68408
21.389031648635864,68408
21.389885187149048,68408
21.390738487243652,68408
21.39158844947815,68408
21.39243507385254,68408
21.393285989761353,68408
21.39415454864502,68408
21.395007848739624,68408
21.395857095718384,68408
21.396709442138672,68408
21.397555351257324,68408
21.398406982421875,68408
21.399259328842163,68408
21.4001145362854,68408
21.400968074798584,68408
21.40182399749756,68408
21.402674674987793,68408
21.40351891517639,68408
21.40438199043274,68408
21.40523362159729,68408
21.40608835220337,68408
21.40694308280945,68408
21.407793283462524,68408
21.408648014068604,68408
21.40949058532715,68408
21.41034245491028,68408
21.411195039749146,68408
21.412046670913696,68408
21.412899255752563,68408
21.41375994682312,68408
21.414613485336304,68408
21.415459632873535,68408
21.41630983352661,68408
21.41716504096985,68408
21.4180166721344,68408
21.418867826461792,68408
21.41972017288208,68408
21.420568704605103,68408
21.421412229537964,68408
21.422266244888306,68408
21.423120498657227,68408
21.42398738861084,68408
21.42483925819397,68408
21.425692558288574,68408
21.426541805267334,68408
21.427393436431885,68408
21.428245306015015,68408
21.429099559783936,68408
21.429956197738647,68408
21.430806636810303,68408
21.431657791137695,68408
21.432502508163452,68408
21.433352947235107,68408
21.43421769142151,68408
21.435071229934692,68408
21.435925483703613,68408
21.436774015426636,68408
21.43762707710266,68408
21.438470602035522,68408
21.439321279525757,68408
21.440176248550415,68408
21.44102692604065,68408
21.441880226135254,68408
21.442734241485596,68408
21.443588256835938,68408
21.44443678855896,68408
21.44528841972351,68408
21.44614005088806,68408
21.44699716567993,68408
21.447850227355957,68408
21.448700428009033,68408
21.44954752922058,68408
21.45039677619934,68408
21.451248168945312,68408
21.452101469039917,68408
21.452954292297363,68408
21.453819274902344,68408
21.45467185974121,68408
21.455516815185547,68408
21.45636796951294,68408
21.457220554351807,68408
21.45807456970215,68408
21.458927631378174,68408
21.459776639938354,68408
21.46062994003296,68408
21.461478233337402,68408
21.462328672409058,68408
21.463183403015137,68408
21.464046239852905,68408
21.464903831481934,68408
21.465755462646484,68408
21.466609001159668,68408
21.467454433441162,68408
21.468307495117188,68408
21.46916103363037,68408
21.470014095306396,68408
21.47087264060974,68408
21.471725463867188,68408
21.472574472427368,68408
21.473416566848755,68408
21.474281549453735,68408
21.475134134292603,68408
21.475988388061523,68408
21.47684097290039,68408
21.47769331932068,68408
21.478538990020752,68408
21.47939109802246,68408
21.480241060256958,68408
21.481098890304565,68408
21.48195505142212,68408
21.482807159423828,68408
21.483673810958862,68408
21.484519720077515,68408
21.485370874404907,68408
21.486222982406616,68408
21.487078189849854,68408
21.48793649673462,68408
21.488789558410645,68408
21.48963713645935,68408
21.490478515625,68408
21.49132800102234,68408
21.49217963218689,68408
21.49303102493286,68408
21.493892431259155,68408
21.494747638702393,68408
21.495602130889893,68408
21.496447324752808,68408
21.497299671173096,68408
21.4981529712677,68408
21.499006509780884,68408
21.49985671043396,68408
21.500706434249878,68408
21.501553773880005,68408
21.502408266067505,68408
21.50326108932495,68408
21.504127740859985,68408
21.504979133605957,68408
21.505831241607666,68408
21.50668215751648,68408
21.507524251937866,68408
21.508378505706787,68408
21.50923228263855,68408
21.51008701324463,68408
21.510944604873657,68408
21.511797189712524,68408
21.512649059295654,68408
21.513498067855835,68408
21.514357566833496,68408
21.515210151672363,68408
21.516064643859863,68408
21.516918897628784,68408
21.517770051956177,68408
21.518623113632202,68408
21.519472360610962,68408
21.520322799682617,68408
21.52117419242859,68408
21.5220308303833,68408
21.522883892059326,68408
21.52374577522278,68408
21.524597644805908,68408
21.525444507598877,68408
21.526297092437744,68408
21.52714490890503,68408
21.527997732162476,68408
21.52885103225708,68408
21.529701709747314,68408
21.530547380447388,68408
21.531400680541992,68408
21.5322527885437,68408
21.533106088638306,68408
21.53396964073181,68408
21.534821033477783,68408
21.535674333572388,68408
21.536521434783936,68408
21.53736972808838,68408
21.538221836090088,68408
21.539073944091797,68408
21.539928674697876,68408
21.540780782699585,68408
21.54163432121277,68408
21.54248356819153,68408
21.543335914611816,68408
21.544202089309692,68408
21.545055389404297,68408
21.545908451080322,68408
21.54676389694214,68408
21.547616004943848,68408
21.548458099365234,68408
21.549309492111206,68408
21.550164222717285,68408
21.551018953323364,68408
21.551870584487915,68408
21.552722930908203,68408
21.553577423095703,68408
21.5544273853302,68408
21.55528163909912,68408
21.556137084960938,68408
21.556992769241333,68408
21.557844400405884,68408
21.558697938919067,68408
21.559540271759033,68408
21.560396909713745,68408
21.56125020980835,68408
21.5621018409729,68408
21.56295871734619,68408
21.563822031021118,68408
21.56467604637146,68408
21.56551742553711,68408
21.566368579864502,68408
21.567220211029053,68408
21.56806969642639,68408
21.5689218044281,68408
21.569773197174072,68408
21.570624828338623,68408
21.571470737457275,68408
21.57232165336609,68408
21.573188066482544,68408
21.57405710220337,68408
21.57491183280945,68408
21.575763463974,68408
21.57661509513855,68408
21.577460527420044,68408
21.578307628631592,68408
21.579163789749146,68408
21.5800142288208,68408
21.580867290496826,68408
21.581716299057007,68408
21.58256459236145,68408
21.583411693572998,68408
21.58427119255066,68408
21.585127115249634,68408
21.585983276367188,68408
21.586832523345947,68408
21.587685346603394,68408
21.5885272026062,68408
21.589375734329224,68408
21.59023094177246,68408
21.59108591079712,68408
21.59194254875183,68408
21.592795610427856,68408
21.59365701675415,68408
21.59450674057007,68408
21.595354557037354,68408
21.59620475769043,68408
21.597060203552246,68408
21.597914695739746,68408
21.598763465881348,68408
21.599618673324585,68408
21.600462913513184,68408
21.601314783096313,68408
21.60217046737671,68408
21.603025197982788,68408
21.60389018058777,68408
21.604739665985107,68408
21.60558557510376,68408
21.606431484222412,68408
21.607285261154175,68408
21.60814070701599,68408
21.608994245529175,68408
21.60984206199646,68408
21.61069369316101,68408
21.6115403175354,68408
21.612390995025635,68408
21.61324405670166,68408
21.614105224609375,68408
21.61496114730835,68408
21.615809440612793,68408
21.61665940284729,68408
21.61750316619873,68408
21.618354082107544,68408
21.61920475959778,68408
21.620059490203857,68408
21.620909690856934,68408
21.62176513671875,68408
21.622612714767456,68408
21.62345600128174,68408
21.624319076538086,68408
21.625173568725586,68408
21.626023292541504,68408
21.626875400543213,68408
21.627726554870605,68408
21.628578424453735,68408
21.62942385673523,68408
21.630276918411255,68408
21.631131887435913,68408
21.631983041763306,68408
21.63283658027649,68408
21.633697271347046,68408
21.634541511535645,68408
21.635393619537354,68408
21.636245250701904,68408
21.637094974517822,68408
21.637946128845215,68408
21.638795852661133,68408
21.639647245407104,68408
21.64049482345581,68408
21.641345024108887,68408
21.64220094680786,68408
21.64305591583252,68408
21.643918752670288,68408
21.644774198532104,68408
21.64562749862671,68408
21.64647078514099,68408
21.64732050895691,68408
21.648168802261353,68408
21.649025678634644,68408
21.649877548217773,68408
21.65072774887085,68408
21.65157914161682,68408
21.652429580688477,68408
21.653278350830078,68408
21.654146671295166,68408
21.654995918273926,68408
21.655850887298584,68408
21.65670132637024,68408
21.65754270553589,68408
21.65839457511902,68408
21.659248113632202,68408
21.660102128982544,68408
21.660955905914307,68408
21.66180181503296,68408
21.662655115127563,68408
21.663495540618896,68408
21.66435170173645,68408
21.665207147598267,68408
21.66606092453003,68408
21.66690969467163,68408
21.667760610580444,68408
21.6686110496521,68408
21.669458627700806,68408
21.67030954360962,68408
21.671162843704224,68408
21.67201519012451,68408
21.67286705970764,68408
21.6737277507782,68408
21.674578428268433,68408
21.67542314529419,68408
21.67627239227295,68408
21.677122354507446,68408
21.67797827720642,68408
21.678826808929443,68408
21.679678678512573,68408
21.680522203445435,68408
21.68137240409851,68408
21.682225465774536,68408
21.683079481124878,68408
21.6839439868927,68408
21.68479299545288,68408
21.68564748764038,68408
21.68649673461914,68408
21.68741464614868,68408
21.68832516670227,68408
21.689177751541138,68408
21.690032482147217,68408
21.690882444381714,68408
21.691731452941895,68408
21.69258403778076,68408
21.693429708480835,68408
21.69429326057434,68408
21.695148229599,68408
21.696000576019287,68408
21.696852684020996,68408
21.697705030441284,68408
21.69854974746704,68408
21.699397802352905,68408
21.70025062561035,68408
21.701101541519165,68408
21.701953172683716,68408
21.702802181243896,68408
21.703661918640137,68408
21.704504013061523,68408
21.70535445213318,68408
21.70620846748352,68408
21.707059383392334,68408
21.707911014556885,68408
21.708759546279907,68408
21.70961332321167,68408
21.71045708656311,68408
21.711307525634766,68408
21.71216344833374,68408
21.713019847869873,68408
21.71388554573059,68408
21.714740753173828,68408
21.715590715408325,68408
21.716435432434082,68408
21.71728515625,68408
21.718137979507446,68408
21.718992710113525,68408
21.719847440719604,68408
21.720701932907104,68408
21.721545696258545,68408
21.722396850585938,68408
21.7232506275177,68408
21.724116802215576,68408
21.724968433380127,68408
21.725817680358887,68408
21.726668119430542,68408
21.72751498222351,68408
21.72836446762085,68408
21.7292160987854,68408
21.730071544647217,68408
21.730923891067505,68408
21.731773614883423,68408
21.732624530792236,68408
21.73347282409668,68408
21.734333038330078,68408
21.735186100006104,68408
21.7360417842865,68408
21.736894607543945,68408
21.73775291442871,68408
21.738605737686157,68408
21.739448308944702,68408
21.740302562713623,68408
21.741157293319702,68408
21.742011547088623,68408
21.742867946624756,68408
21.743726015090942,68408
21.744580507278442,68408
21.7454252243042,68408
21.746277570724487,68408
21.74712824821472,68408
21.74798345565796,68408
21.74883246421814,68408
21.749683380126953,68408
21.75052809715271,68408
21.751384496688843,68408
21.752238273620605,68408
21.75309157371521,68408
21.75395631790161,68408
21.75481152534485,68408
21.75566267967224,68408
21.75650930404663,68408
21.757359266281128,68408
21.758216381072998,68408
21.75907039642334,68408
21.759924173355103,68408
21.76077389717102,68408
21.76163077354431,68408
21.762476921081543,68408
21.7633273601532,68408
21.764187812805176,68408
21.765045166015625,68408
21.76589846611023,68408
21.766750812530518,68408
21.767605543136597,68408
21.768449544906616,68408
21.769302129745483,68408
21.770154237747192,68408
21.77100658416748,68408
21.771859884262085,68408
21.772711515426636,68408
21.77355647087097,68408
21.774420261383057,68408
21.775274991989136,68408
21.776127576828003,68408
21.776981830596924,68408
21.77782964706421,68408
21.77868413925171,68408
21.779526472091675,68408
21.780375719070435,68408
21.781230449676514,68408
21.78208613395691,68408
21.78294062614441,68408
21.783803939819336,68408
21.784656286239624,68408
21.78550696372986,68408
21.78635835647583,68408
21.787210941314697,68408
21.788063526153564,68408
21.788919925689697,68408
21.789772987365723,68408
21.7906277179718,68408
21.791470527648926,68408
21.792322874069214,68408
21.79317545890808,68408
21.794039964675903,68408
21.794894218444824,68408
21.795747756958008,68408
21.79659914970398,68408
21.79744815826416,68408
21.798296451568604,68408
21.799147367477417,68408
21.799999713897705,68408
21.800849676132202,68408
21.801700830459595,68408
21.80255103111267,68408
21.803399562835693,68408
21.80426287651062,68408
21.805113315582275,68408
21.80597233772278,68408
21.806825160980225,68408
21.80767846107483,68408
21.80852770805359,68408
21.809381246566772,68408
21.810232162475586,68408
21.811086893081665,68408
21.81194233894348,68408
21.81279492378235,68408
21.81365466117859,68408
21.8145010471344,68408
21.8153555393219,68408
21.816206216812134,68408
21.817057609558105,68408
21.817911624908447,68408
21.818763494491577,68408
21.81961965560913,68408
21.820465564727783,68408
21.821314811706543,68408
21.82217264175415,68408
21.82302689552307,68408
21.823890686035156,68408
21.824743270874023,68408
21.825596570968628,68408
21.826443195343018,68408
21.827289581298828,68408
21.82814335823059,68408
21.82899761199951,68408
21.829850673675537,68408
21.83070468902588,68408
21.83154821395874,68408
21.832401990890503,68408
21.833255529403687,68408
21.834121704101562,68408
21.83497381210327,68408
21.835826873779297,68408
21.836682558059692,68408
21.83752751350403,68408
21.838377952575684,68408
21.83922791481018,68408
21.84008240699768,68408
21.84093689918518,68408
21.841789484024048,68408
21.842641353607178,68408
21.843488693237305,68408
21.844351530075073,68408
21.845205068588257,68408
21.846056699752808,68408
21.84691286087036,68408
21.84776520729065,68408
21.848616123199463,68408
21.84946298599243,68408
21.850313186645508,68408
21.851163864135742,68408
21.852014780044556,68408
21.852864265441895,68408
21.853726148605347,68408
21.85457730293274,68408
21.855422973632812,68408
21.856277227401733,68408
21.8571355342865,68408
21.85798668861389,68408
21.858837127685547,68408
21.859689950942993,68408
21.860536813735962,68408
21.86138939857483,68408
21.86224365234375,68408
21.863093614578247,68408
21.863957166671753,68408
21.86481022834778,68408
21.865665674209595,68408
21.866507530212402,68408
21.867360830307007,68408
21.86821413040161,68408
21.86906599998474,68408
21.86992073059082,68408
21.870769500732422,68408
21.871622800827026,68408
21.872471809387207,68408
21.87332320213318,68408
21.874188899993896,68408
21.875040292739868,68408
21.875893354415894,68408
21.876744270324707,68408
21.87759518623352,68408
21.87844181060791,68408
21.879294633865356,68408
21.880147695541382,68408
21.881004095077515,68408
21.881856441497803,68408
21.88270592689514,68408
21.883554697036743,68408
21.884416341781616,68408
21.885271787643433,68408
21.886124849319458,68408
21.886974811553955,68408
21.887824296951294,68408
21.888674020767212,68408
21.889517307281494,68408
21.890367031097412,68408
21.891222715377808,68408
21.892074823379517,68408
21.892929077148438,68408
21.893786668777466,68408
21.894638299942017,68408
21.895484924316406,68408
21.896333932876587,68408
21.897192239761353,68408
21.898044109344482,68408
21.898897409439087,68408
21.899753093719482,68408
21.900602102279663,68408
21.901450157165527,68408
21.902300357818604,68408
21.903151988983154,68408
21.904016256332397,68408
21.90486788749695,68408
21.905719995498657,68408
21.906570434570312,68408
21.907416582107544,68408
21.908265590667725,68408
21.9091157913208,68408
21.909965753555298,68408
21.910815954208374,68408
21.911670207977295,68408
21.91251230239868,68408
21.91336178779602,68408
21.914223194122314,68408
21.915079832077026,68408
21.915932655334473,68408
21.916783571243286,68408
21.91763925552368,68408
21.91848659515381,68408
21.91933846473694,68408
21.920193195343018,68408
21.921045064926147,68408
21.921899557113647,68408
21.922746181488037,68408
21.923605918884277,68408
21.924451112747192,68408
21.9253032207489,68408
21.926156520843506,68408
21.927005529403687,68408
21.92785620689392,68408
21.928710222244263,68408
21.929553508758545,68408
21.930405378341675,68408
21.931262254714966,68408
21.93211579322815,68408
21.9329674243927,68408
21.933833122253418,68408
21.93468451499939,68408
21.935529947280884,68408
21.936378717422485,68408
21.937231302261353,68408
21.938086986541748,68408
21.938938856124878,68408
21.93979048728943,68408
21.940643310546875,68408
21.941481113433838,68408
21.942328929901123,68408
21.943182229995728,68408
21.944048643112183,68408
21.944900274276733,68408
21.94575309753418,68408
21.946605682373047,68408
21.94745135307312,68408
21.94830083847046,68408
21.949156045913696,68408
21.950007915496826,68408
21.950857162475586,68408
21.951712608337402,68408
21.952565908432007,68408
21.953410387039185,68408
21.95427370071411,68408
21.955130577087402,68408
21.95598340034485,68408
21.956833362579346,68408
21.957683324813843,68408
21.95853066444397,68408
21.95937943458557,68408
21.960230827331543,68408
21.961085319519043,68408
21.961939573287964,68408
21.962796926498413,68408
21.963658809661865,68408
21.964504718780518,68408
21.965357542037964,68408
21.966213703155518,68408
21.96706771850586,68408
21.967922687530518,68408
21.96877121925354,68408
21.96962308883667,68408
21.97046685218811,68408
21.971314191818237,68408
21.97216510772705,68408
21.973016500473022,68408
21.973877906799316,68408
21.97473168373108,68408
21.975581407546997,68408
21.976429224014282,68408
21.977277994155884,68408
21.978127479553223,68408
21.97897958755493,68408
21.979830503463745,68408
21.98068070411682,68408
21.981528759002686,68408
21.982381105422974,68408
21.983235120773315,68408
21.984100341796875,68408
21.98495626449585,68408
21.98581099510193,68408
21.98666787147522,68408
21.987513065338135,68408
21.988364934921265,68408
21.989219427108765,68408
21.99007487297058,68408
21.990928173065186,68408
21.99177861213684,68408
21.992633819580078,68408
21.993480443954468,68408
21.99434208869934,68408
21.995196104049683,68408
21.996049880981445,68408
21.99690580368042,68408
21.997759580612183,68408
21.998613834381104,68408
21.99946141242981,68408
22.00031304359436,68408
22.001165866851807,68408
22.00201988220215,68408
22.002870798110962,68408
22.00373411178589,68408
22.004587173461914,68408
22.00542902946472,68408
22.006281852722168,68408
22.00713562965393,68408
22.00798487663269,68408
22.008835554122925,68408
22.009690761566162,68408
22.01053524017334,68408
22.011389017105103,68408
22.01224446296692,68408
22.01309847831726,68408
22.0139639377594,68408
22.014814138412476,68408
22.015669345855713,68408
22.016512870788574,68408
22.017365217208862,68408
22.018218994140625,68408
22.019071578979492,68408
22.019923448562622,68408
22.020775079727173,68408
22.021629810333252,68408
22.022477626800537,68408
22.023330450057983,68408
22.02419686317444,68408
22.02504873275757,68408
22.02590036392212,68408
22.026751041412354,68408
22.02760362625122,68408
22.02844786643982,68408
22.02929925918579,68408
22.030153274536133,68408
22.031006336212158,68408
22.031858682632446,68408
22.03270673751831,68408
22.03355598449707,68408
22.03441619873047,68408
22.03526759147644,68408
22.03612184524536,68408
22.03697371482849,68408
22.03782820701599,68408
22.038678646087646,68408
22.03952431678772,68408
22.040374517440796,68408
22.041228532791138,68408
22.042078733444214,68408
22.04293155670166,68408
22.04378581047058,68408
22.044641256332397,68408
22.045487880706787,68408
22.046337604522705,68408
22.047189474105835,68408
22.048041343688965,68408
22.048892974853516,68408
22.049750089645386,68408
22.050600051879883,68408
22.05144715309143,68408
22.05229926109314,68408
22.053149700164795,68408
22.054011821746826,68408
22.054863214492798,68408
22.05571460723877,68408
22.05656385421753,68408
22.05741310119629,68408
22.05826497077942,68408
22.059117555618286,68408
22.059971570968628,68408
22.0608229637146,68408
22.06167459487915,68408
22.062519788742065,68408
22.063369512557983,68408
22.064234256744385,68408
22.06508708000183,68408
22.065943241119385,68408
22.066792488098145,68408
22.067647218704224,68408
22.068493127822876,68408
22.06934094429016,68408
22.070192098617554,68408
22.071043014526367,68408
22.071897745132446,68408
22.07274866104126,68408
22.073607683181763,68408
22.07445526123047,68408
22.075308084487915,68408
22.07616114616394,68408
22.077014207839966,68408
22.07786464691162,68408
22.078718423843384,68408
22.07956886291504,68408
22.08041548728943,68408
22.081268787384033,68408
22.082124948501587,68408
22.082974910736084,68408
22.083831548690796,68408
22.084681510925293,68408
22.085529327392578,68408
22.086381912231445,68408
22.087233781814575,68408
22.088086366653442,68408
22.088943243026733,68408
22.089797496795654,68408
22.090652227401733,68408
22.091495037078857,68408
22.092345237731934,68408
22.0931978225708,68408
22.094059228897095,68408
22.094916820526123,68408
22.09577178955078,68408
22.096622467041016,68408
22.097469806671143,68408
22.09831953048706,68408
22.09917426109314,68408
22.100027799606323,68408
22.10088062286377,68408
22.10173010826111,68408
22.102580308914185,68408
22.10342288017273,68408
22.104291439056396,68408
22.105143308639526,68408
22.10599970817566,68408
22.106853008270264,68408
22.107707977294922,68408
22.10855484008789,68408
22.109407424926758,68408
22.110259294509888,68408
22.111112356185913,68408
22.11196494102478,68408
22.112814903259277,68408
22.113678693771362,68408
22.11452555656433,68408
22.11537742614746,68408
22.1162326335907,68408
22.117090225219727,68408
22.117943286895752,68408
22.11879539489746,68408
22.119648694992065,68408
22.12049174308777,68408
22.121342658996582,68408
22.12220025062561,68408
22.123053789138794,68408
22.123916625976562,68408
22.12476873397827,68408
22.125621557235718,68408
22.126466274261475,68408
22.127315044403076,68408
22.1281681060791,68408
22.129024267196655,68408
22.129880905151367,68408
22.13073229789734,68408
22.131580352783203,68408
22.13242483139038,68408
22.133277416229248,68408
22.13414216041565,68408
22.13499689102173,68408
22.135847568511963,68408
22.1367027759552,68408
22.137548446655273,68408
22.138399839401245,68408
22.139251708984375,68408
22.140106439590454,68408
22.140957832336426,68408
22.14180827140808,68408
22.142664909362793,68408
22.143512725830078,68408
22.144376039505005,68408
22.145225286483765,68408
22.146079301834106,68408
22.146933555603027,68408
22.147782564163208,68408
22.14863681793213,68408
22.149483680725098,68408
22.150333404541016,68408
22.151185750961304,68408
22.152041912078857,68408
22.152894973754883,68408
22.153762102127075,68408
22.154614686965942,68408
22.15545916557312,68408
22.156309843063354,68408
22.15716052055359,68408
22.158013582229614,68408
22.15886664390564,68408
22.159718990325928,68408
22.16056752204895,68408
22.161412477493286,68408
22.162262201309204,68408
22.16311502456665,68408
22.163981199264526,68408
22.164830923080444,68408
22.165682315826416,68408
22.166524648666382,68408
22.16737723350525,68408
22.16822910308838,68408
22.16908288002014,68408
22.169941902160645,68408
22.17079448699951,68408
22.171648502349854,68408
22.172494173049927,68408
22.173341989517212,68408
22.174204111099243,68408
22.1750590801239,68408
22.17591381072998,68408
22.176763772964478,68408
22.17762017250061,68408
22.178467750549316,68408
22.17932105064392,68408
22.18017029762268,68408
22.181026458740234,68408
22.18187713623047,68408
22.1827290058136,68408
22.183589458465576,68408
22.184439659118652,68408
22.18529176712036,68408
22.186147689819336,68408
22.18700122833252,68408
22.1878604888916,68408
22.188714504241943,68408
22.1895649433136,68408
22.190414667129517,68408
22.1912682056427,68408
22.192118644714355,68408
22.192974090576172,68408
22.193833827972412,68408
22.194684505462646,68408
22.195528030395508,68408
22.196377277374268,68408
22.19722890853882,68408
22.198084592819214,68408
22.19893741607666,68408
22.199790477752686,68408
22.200642347335815,68408
22.201488971710205,68408
22.20233964920044,68408
22.203198671340942,68408
22.204063415527344,68408
22.20491886138916,68408
22.205772399902344,68408
22.206625938415527,68408
22.20746922492981,68408
22.208320379257202,68408
22.209171295166016,68408
22.210023880004883,68408
22.210879802703857,68408
22.21173119544983,68408
22.212584018707275,68408
22.213430881500244,68408
22.214292287826538,68408
22.215148448944092,68408
22.216002464294434,68408
22.21685552597046,68408
22.21771264076233,68408
22.21855616569519,68408
22.219407558441162,68408
22.22026014328003,68408
22.221112728118896,68408
22.221966981887817,68408
22.22281837463379,68408
22.22368049621582,68408
22.224528789520264,68408
22.225383758544922,68408
22.226237535476685,68408
22.227092027664185,68408
22.22794198989868,68408
22.22879433631897,68408
22.229647874832153,68408
22.230496644973755,68408
22.231350660324097,68408
22.232203245162964,68408
22.23305916786194,68408
22.233925580978394,68408
22.234777688980103,68408
22.23563289642334,68408
22.236477851867676,68408
22.237330436706543,68408
22.238187789916992,68408
22.239042043685913,68408
22.23989486694336,68408
22.24074649810791,68408
22.24159598350525,68408
22.2424418926239,68408
22.24329400062561,68408
22.244155406951904,68408
22.245008945465088,68408
22.24586033821106,68408
22.24671196937561,68408
22.24756360054016,68408
22.248406171798706,68408
22.24925971031189,68408
22.250112295150757,68408
22.250962734222412,68408
22.25181245803833,68408
22.252669095993042,68408
22.253514051437378,68408
22.254374265670776,68408
22.25522780418396,68408
22.256081581115723,68408
22.256935358047485,68408
22.25778317451477,68408
22.258637189865112,68408
22.259482860565186,68408
22.260333776474,68408
22.261187076568604,68408
22.262042760849,68408
22.262895822525024,68408
22.263756036758423,68408
22.264610052108765,68408
22.265457153320312,68408
22.26630926132202,68408
22.26716113090515,68408
22.26801633834839,68408
22.26886749267578,68408
22.269719123840332,68408
22.270564317703247,68408
22.271411418914795,68408
22.2722647190094,68408
22.273117303848267,68408
22.273982048034668,68408
22.274835109710693,68408
22.275687217712402,68408
22.276533365249634,68408
22.277382850646973,68408
22.278234481811523,68408
22.279088258743286,68408
22.279942512512207,68408
22.280791997909546,68408
22.28164291381836,68408
22.28248643875122,68408
22.283339738845825,68408
22.28420376777649,68408
22.285056591033936,68408
22.285911798477173,68408
22.28676152229309,68408
22.287614345550537,68408
22.288456678390503,68408
22.289306640625,68408
22.290163040161133,68408
22.291016340255737,68408
22.291869640350342,68408
22.29271697998047,68408
22.293574571609497,68408
22.29442071914673,68408
22.295278787612915,68408
22.296132564544678,68408
22.296988487243652,68408
22.297839164733887,68408
22.29869294166565,68408
22.299540281295776,68408
22.300391674041748,68408
22.301246166229248,68408
22.30210256576538,68408
22.302958965301514,68408
22.303818702697754,68408
22.304671049118042,68408
22.305519580841064,68408
22.30637502670288,68408
22.30722975730896,68408
22.30808401107788,68408
22.308934926986694,68408
22.3097825050354,68408
22.310635328292847,68408
22.311480283737183,68408
22.312331438064575,68408
22.313189268112183,68408
22.314054489135742,68408
22.314910888671875,68408
22.315762996673584,68408
22.316616535186768,68408
22.31746220588684,68408
22.31831407546997,68408
22.319167613983154,68408
22.32002544403076,68408
22.320879697799683,68408
22.321731328964233,68408
22.322582960128784,68408
22.32342839241028,68408
22.324293851852417,68408
22.325146198272705,68408
22.32599949836731,68408
22.326849937438965,68408
22.32770323753357,68408
22.328547477722168,68408
22.329397678375244,68408
22.33025050163269,68408
22.33110737800598,68408
22.331959009170532,68408
22.332810401916504,68408
22.333674430847168,68408
22.33452343940735,68408
22.3353750705719,68408
22.336231470108032,68408
22.33708667755127,68408
22.337944507598877,68408
22.338797092437744,68408
22.339652061462402,68408
22.340495586395264,68408
22.34134578704834,68408
22.342198848724365,68408
22.343050956726074,68408
22.34391498565674,68408
22.34476947784424,68408
22.345623016357422,68408
22.34647011756897,68408
22.347327709197998,68408
22.34818196296692,68408
22.349032163619995,68408
22.349884271621704,68408
22.350733995437622,68408
22.351584434509277,68408
22.35242986679077,68408
22.353278398513794,68408
22.35414218902588,68408
22.354997158050537,68408
22.355847358703613,68408
22.356698513031006,68408
22.35754156112671,68408
22.35839557647705,68408
22.359249114990234,68408
22.360100269317627,68408
22.360955238342285,68408
22.36180567741394,68408
22.362657070159912,68408
22.3635036945343,68408
22.36436414718628,68408
22.36522150039673,68408
22.366076469421387,68408
22.366929054260254,68408
22.367783308029175,68408
22.36863613128662,68408
22.36948299407959,68408
22.37033462524414,68408
22.371187448501587,68408
22.372039318084717,68408
22.372896432876587,68408
22.373759984970093,68408
22.374619007110596,68408
22.375469207763672,68408
22.376320600509644,68408
22.377174615859985,68408
22.378029823303223,68408
22.378883838653564,68408
22.379735231399536,68408
22.38058614730835,68408
22.38143539428711,68408
22.382286071777344,68408
22.383138179779053,68408
22.38400173187256,68408
22.384853839874268,68408
22.385706901550293,68408
22.386549472808838,68408
22.387402057647705,68408
22.38825225830078,68408
22.38910698890686,68408
22.389955520629883,68408
22.390809774398804,68408
22.391661882400513,68408
22.392507791519165,68408
22.393357753753662,68408
22.394222021102905,68408
22.395076274871826,68408
22.395931243896484,68408
22.39677906036377,68408
22.397629261016846,68408
22.39847469329834,68408
22.399325370788574,68408
22.400177001953125,68408
22.40102982521057,68408
22.40188217163086,68408
22.40273690223694,68408
22.403594255447388,68408
22.404442310333252,68408
22.405291318893433,68408
22.406147003173828,68408
22.406996965408325,68408
22.407848596572876,68408
22.408702850341797,68408
22.409546613693237,68408
22.410398244857788,68408
22.41125464439392,68408
22.412107467651367,68408
22.412959098815918,68408
22.413820028305054,68408
22.41467022895813,68408
22.415515661239624,68408
22.416370153427124,68408
22.41722536087036,68408
22.418079614639282,68408
22.418937921524048,68408
22.41979217529297,68408
22.42064380645752,68408
22.421489238739014,68408
22.422342777252197,68408
22.423200607299805,68408
22.424067974090576,68408
22.424920797348022,68408
22.425771951675415,68408
22.426626443862915,68408
22.42747211456299,68408
22.428324460983276,68408
22.429180145263672,68408
22.43003273010254,68408
22.430887460708618,68408
22.43173861503601,68408
22.43259024620056,68408
22.433438301086426,68408
22.434297800064087,68408
22.435152769088745,68408
22.43600606918335,68408
22.43685817718506,68408
22.437710523605347,68408
22.438563585281372,68408
22.439409732818604,68408
22.44026255607605,68408
22.441116094589233,68408
22.441970586776733,68408
22.4428231716156,68408
22.443685293197632,68408
22.444528579711914,68408
22.445380210876465,68408
22.446234941482544,68408
22.44709086418152,68408
22.447943687438965,68408
22.44879412651062,68408
22.449646711349487,68408
22.450491428375244,68408
22.451342344284058,68408
22.452194690704346,68408
22.453048944473267,68408
22.45391082763672,68408
22.454761743545532,68408
22.455612897872925,68408
22.456462383270264,68408
22.457317352294922,68408
22.458174467086792,68408
22.45902967453003,68408
22.45988368988037,68408
22.460737943649292,68408
22.46159052848816,68408
22.462433576583862,68408
22.463285207748413,68408
22.464147090911865,68408
22.46500039100647,68408
22.46585249900818,68408
22.466705560684204,68408
22.467552185058594,68408
22.4684054851532,68408
22.469258546829224,68408
22.47011137008667,68408
22.470966339111328,68408
22.471815586090088,68408
22.472667694091797,68408
22.47351098060608,68408
22.47437334060669,68408
22.47522807121277,68408
22.4760844707489,68408
22.476940631866455,68408
22.47779417037964,68408
22.478646755218506,68408
22.47949504852295,68408
22.480345010757446,68408
22.48119854927063,68408
22.482049226760864,68408
22.48289918899536,68408
22.483761310577393,68408
22.48461413383484,68408
22.485458612442017,68408
22.48631000518799,68408
22.487160444259644,68408
22.488017082214355,68408
22.488867044448853,68408
22.489718914031982,68408
22.490569591522217,68408
22.491416931152344,68408
22.492265224456787,68408
22.493119478225708,68408
22.493980884552002,68408
22.494834423065186,68408
22.495683193206787,68408
22.49652886390686,68408
22.49738121032715,68408
22.498234272003174,68408
22.49908471107483,68408
22.4999361038208,68408
22.50078272819519,68408
22.501638412475586,68408
22.5024836063385,68408
22.503334999084473,68408
22.504202127456665,68408
22.505054473876953,68408
22.505909204483032,68408
22.50676202774048,68408
22.507617235183716,68408
22.508466005325317,68408
22.50931477546692,68408
22.51016879081726,68408
22.51102590560913,68408
22.51188015937805,68408
22.512731313705444,68408
22.513590335845947,68408
22.514438152313232,68408
22.515291452407837,68408
22.51614260673523,68408
22.516998767852783,68408
22.517850875854492,68408
22.518704652786255,68408
22.51955246925354,68408
22.52040457725525,68408
22.52126407623291,68408
22.522117853164673,68408
22.522971391677856,68408
22.523831844329834,68408
22.524686336517334,68408
22.525530338287354,68408
22.526381492614746,68408
22.52723526954651,68408
22.528088331222534,68408
22.528942346572876,68408
22.52979350090027,68408
22.53064489364624,68408
22.531493425369263,68408
22.532341241836548,68408
22.53319501876831,68408
22.534061193466187,68408
22.534914255142212,68408
22.53576683998108,68408
22.536620616912842,68408
22.537466287612915,68408
22.5383198261261,68408
22.539172172546387,68408
22.540025234222412,68408
22.540875673294067,68408
22.541725158691406,68408
22.542577981948853,68408
22.543424606323242,68408
22.54428482055664,68408
22.545141220092773,68408
22.54599690437317,68408
22.546847105026245,68408
22.54770278930664,68408
22.548547983169556,68408
22.549400329589844,68408
22.55025005340576,68408
22.551103830337524,68408
22.551954746246338,68408
22.552807331085205,68408
22.55367136001587,68408
22.554518938064575,68408
22.55536723136902,68408
22.556225061416626,68408
22.557077884674072,68408
22.55793046951294,68408
22.558784246444702,68408
22.55963969230652,68408
22.560483932495117,68408
22.561336517333984,68408
22.562190532684326,68408
22.56304359436035,68408
22.563907623291016,68408
22.564759254455566,68408
22.565613269805908,68408
22.566460371017456,68408
22.56731367111206,68408
22.56816530227661,68408
22.56902003288269,68408
22.569873094558716,68408
22.57072401046753,68408
22.571574449539185,68408
22.572420597076416,68408
22.57327938079834,68408
22.574158430099487,68408
22.5750150680542,68408
22.57586669921875,68408
22.57671856880188,68408
22.57756805419922,68408
22.578416109085083,68408
22.579267501831055,68408
22.58012318611145,68408
22.58097267150879,68408
22.581825971603394,68408
22.582676887512207,68408
22.583523988723755,68408
22.584386825561523,68408
22.58523917198181,68408
22.58609652519226,68408
22.586951732635498,68408
22.587804555892944,68408
22.588659524917603,68408
22.589504957199097,68408
22.590359687805176,68408
22.591211318969727,68408
22.592060804367065,68408
22.5929114818573,68408
22.59377121925354,68408
22.594618797302246,68408
22.59546399116516,68408
22.596312522888184,68408
22.597169399261475,68408
22.59802269935608,68408
22.59887433052063,68408
22.599730730056763,68408
22.600581645965576,68408
22.601428270339966,68408
22.602282285690308,68408
22.603135585784912,68408
22.604000568389893,68408
22.604849815368652,68408
22.605703830718994,68408
22.606550931930542,68408
22.607406854629517,68408
22.608256816864014,68408
22.60911226272583,68408
22.60996413230896,68408
22.610816478729248,68408
22.611666679382324,68408
22.612513780593872,68408
22.613362312316895,68408
22.614225387573242,68408
22.615074396133423,68408
22.61592745780945,68408
22.616777181625366,68408
22.617629528045654,68408
22.618475675582886,68408
22.619327783584595,68408
22.620181560516357,68408
22.621037244796753,68408
22.621891736984253,68408
22.622742652893066,68408
22.62360382080078,68408
22.624452352523804,68408
22.625303506851196,68408
22.62615728378296,68408
22.627012014389038,68408
22.62786293029785,68408
22.628715991973877,68408
22.629565954208374,68408
22.63041400909424,68408
22.631266355514526,68408
22.63211989402771,68408
22.63297176361084,68408
22.633832931518555,68408
22.63468360900879,68408
22.6355299949646,68408
22.636379718780518,68408
22.637229919433594,68408
22.638083457946777,68408
22.638938188552856,68408
22.63979148864746,68408
22.64064860343933,68408
22.64149570465088,68408
22.642346382141113,68408
22.64320158958435,68408
22.644068241119385,68408
22.644920587539673,68408
22.64577007293701,68408
22.646623134613037,68408
22.64747142791748,68408
22.648322343826294,68408
22.649174690246582,68408
22.65003275871277,68408
22.650886297225952,68408
22.65174126625061,68408
22.652592182159424,68408
22.653441190719604,68408
22.654302835464478,68408
22.655160665512085,68408
22.656012773513794,68408
22.65686583518982,68408
22.65771770477295,68408
22.658565282821655,68408
22.65941023826599,68408
22.66025996208191,68408
22.661113739013672,68408
22.661969661712646,68408
22.662821292877197,68408
22.663684606552124,68408
22.664530038833618,68408
22.665380477905273,68408
22.66623091697693,68408
22.667080879211426,68408
22.667935848236084,68408
22.66879177093506,68408
22.669641971588135,68408
22.67048954963684,68408
22.671343564987183,68408
22.672199487686157,68408
22.67305564880371,68408
22.67392086982727,68408
22.674774885177612,68408
22.675629377365112,68408
22.67647671699524,68408
22.677329301834106,68408
22.678183555603027,68408
22.679038047790527,68408
22.679889917373657,68408
22.680742025375366,68408
22.681594371795654,68408
22.682442903518677,68408
22.683293104171753,68408
22.68416118621826,68408
22.685018301010132,68408
22.685872793197632,68408
22.68672490119934,68408
22.687575101852417,68408
22.688424348831177,68408
22.689279079437256,68408
22.690133810043335,68408
22.69098925590515,68408
22.691840887069702,68408
22.692695379257202,68408
22.693544387817383,68408
22.694405794143677,68408
22.69525980949402,68408
22.69611430168152,68408
22.696965217590332,68408
22.697815418243408,68408
22.698665142059326,68408
22.69951367378235,68408
22.700364589691162,68408
22.701218128204346,68408
22.702072381973267,68408
22.70292592048645,68408
22.703787088394165,68408
22.70463752746582,68408
22.705482244491577,68408
22.706333875656128,68408
22.707184553146362,68408
22.70803737640381,68408
22.70889115333557,68408
22.709744691848755,68408
22.710596561431885,68408
22.7114417552948,68408
22.712294340133667,68408
22.713145971298218,68408
22.71401047706604,68408
22.714868307113647,68408
22.715720891952515,68408
22.716572284698486,68408
22.717419862747192,68408
22.718273639678955,68408
22.71912932395935,68408
22.719985485076904,68408
22.720839023590088,68408
22.721691370010376,68408
22.72253656387329,68408
22.723388671875,68408
22.72425413131714,68408
22.72510814666748,68408
22.725962162017822,68408
22.72681427001953,68408
22.72766900062561,68408
22.728516578674316,68408
22.729366064071655,68408
22.730221033096313,68408
22.731072187423706,68408
22.73192524909973,68408
22.73277521133423,68408
22.733641862869263,68408
22.734487295150757,68408
22.735339641571045,68408
22.736193895339966,68408
22.73704695701599,68408
22.7378990650177,68408
22.738750457763672,68408
22.73959970474243,68408
22.74044704437256,68408
22.741297721862793,68408
22.74215078353882,68408
22.743014335632324,68408
22.743881225585938,68408
22.744733095169067,68408
22.74558448791504,68408
22.74643111228943,68408
22.747284412384033,68408
22.74813437461853,68408
22.74898934364319,68408
22.749842166900635,68408
22.750694751739502,68408
22.751542329788208,68408
22.752395153045654,68408
22.753246068954468,68408
22.75411105155945,68408
22.754969835281372,68408
22.755821704864502,68408
22.75667452812195,68408
22.757519006729126,68408
22.758370876312256,68408
22.75922656059265,68408
22.76007890701294,68408
22.760934829711914,68408
22.76177978515625,68408
22.762630224227905,68408
22.763476610183716,68408
22.76434063911438,68408
22.76519513130188,68408
22.76604914665222,68408
22.766897201538086,68408
22.767751216888428,68408
22.768601655960083,68408
22.76944375038147,68408
22.770294904708862,68408
22.77114725112915,68408
22.771997690200806,68408
22.772851943969727,68408
22.773715019226074,68408
22.774566650390625,68408
22.77541184425354,68408
22.7762668132782,68408
22.777121782302856,68408
22.77797269821167,68408
22.778825044631958,68408
22.77967619895935,68408
22.780519485473633,68408
22.781371593475342,68408
22.782224893569946,68408
22.78307819366455,68408
22.783942461013794,68408
22.784797430038452,68408
22.785648822784424,68408
22.78649353981018,68408
22.787344932556152,68408
22.788200855255127,68408
22.789053916931152,68408
22.78990650177002,68408
22.79075789451599,68408
22.791608810424805,68408
22.79245138168335,68408
22.79330277442932,68408
22.79416584968567,68408
22.795021057128906,68408
22.79587411880493,68408
22.796725749969482,68408
22.79757285118103,68408
22.798420906066895,68408
22.79927158355713,68408
22.800123691558838,68408
22.80097222328186,68408
22.80182385444641,68408
22.8026762008667,68408
22.803520679473877,68408
22.80437994003296,68408
22.805232763290405,68408
22.806084394454956,68408
22.806938886642456,68408
22.807790517807007,68408
22.808645248413086,68408
22.80949068069458,68408
22.810338020324707,68408
22.811191082000732,68408
22.812039852142334,68408
22.812893867492676,68408
22.813750982284546,68408
22.81460213661194,68408
22.815444231033325,68408
22.816294193267822,68408
22.817150115966797,68408
22.81800150871277,68408
22.81885266304016,68408
22.819703340530396,68408
22.820547580718994,68408
22.82139539718628,68408
22.82224941253662,68408
22.823099851608276,68408
22.823965549468994,68408
22.824815034866333,68408
22.825668573379517,68408
22.826515436172485,68408
22.82736611366272,68408
22.82821536064148,68408
22.82907223701477,68408
22.829926013946533,68408
22.830774068832397,68408
22.83163046836853,68408
22.832479238510132,68408
22.833330392837524,68408
22.83419704437256,68408
22.835049152374268,68408
22.83590316772461,68408
22.836754083633423,68408
22.837602138519287,68408
22.838448524475098,68408
22.839301347732544,68408
22.840156078338623,68408
22.841009616851807,68408
22.841858863830566,68408
22.842710494995117,68408
22.84355354309082,68408
22.844418048858643,68408
22.845272064208984,68408
22.846123218536377,68408
22.84697651863098,68408
22.84783172607422,68408
22.848684072494507,68408
22.849531888961792,68408
22.850382566452026,68408
22.851235151290894,68408
22.85208487510681,68408
22.852938175201416,68408
22.853797674179077,68408
22.854650497436523,68408
22.855496406555176,68408
22.856346368789673,68408
22.8571994304657,68408
22.858049154281616,68408
22.858900547027588,68408
22.85975432395935,68408
22.860605001449585,68408
22.861449480056763,68408
22.862300872802734,68408
22.863154888153076,68408
22.86401629447937,68408
22.864867210388184,68408
22.86572527885437,68408
22.866575479507446,68408
22.867419481277466,68408
22.868273973464966,68408
22.86912965774536,68408
22.86998462677002,68408
22.870838403701782,68408
22.871689796447754,68408
22.872535943984985,68408
22.87338614463806,68408
22.874249696731567,68408
22.8751060962677,68408
22.87596082687378,68408
22.876810550689697,68408
22.877662420272827,68408
22.878509283065796,68408
22.879364013671875,68408
22.880217790603638,68408
22.881070852279663,68408
22.881922960281372,68408
22.8827702999115,68408
22.883633852005005,68408
22.88447880744934,68408
22.885332345962524,68408
22.886188983917236,68408
22.887044668197632,68408
22.887897491455078,68408
22.888747453689575,68408
22.88959789276123,68408
22.890447854995728,68408
22.89129638671875,68408
22.892149448394775,68408
22.893004179000854,68408
22.89386487007141,68408
22.89471435546875,68408
22.895565509796143,68408
22.89640998840332,68408
22.897262573242188,68408
22.898115396499634,68408
22.89896535873413,68408
22.899816036224365,68408
22.900667428970337,68408
22.901512622833252,68408
22.9023597240448,68408
22.903213024139404,68408
22.904078483581543,68408
22.904932737350464,68408
22.90578866004944,68408
22.906638860702515,68408
22.90748357772827,68408
22.90833592414856,68408
22.90919065475464,68408
22.910041570663452,68408
22.910895347595215,68408
22.911747694015503,68408
22.91260075569153,68408
22.913448572158813,68408
22.914305925369263,68408
22.915157556533813,68408
22.91601324081421,68408
22.916864156723022,68408
22.917717218399048,68408
22.918567895889282,68408
22.919417142868042,68408
22.92026996612549,68408
22.921123504638672,68408
22.92197847366333,68408
22.922828912734985,68408
22.923689603805542,68408
22.924535274505615,68408
22.925389289855957,68408
22.926244735717773,68408
22.927099227905273,68408
22.92795467376709,68408
22.928805112838745,68408
22.929656744003296,68408
22.930500507354736,68408
22.93135118484497,68408
22.93220067024231,68408
22.93305468559265,68408
22.93392038345337,68408
22.934780836105347,68408
22.93563485145569,68408
22.93647789955139,68408
22.937332153320312,68408
22.93818712234497,68408
22.93903422355652,68408
22.939887523651123,68408
22.94074296951294,68408
22.941594123840332,68408
22.942443370819092,68408
22.943294286727905,68408
22.94415307044983,68408
22.9450101852417,68408
22.945862531661987,68408
22.94671630859375,68408
22.947566747665405,68408
22.948410272598267,68408
22.94926381111145,68408
22.950114965438843,68408
22.950971603393555,68408
22.951825380325317,68408
22.952675819396973,68408
22.953521013259888,68408
22.95438551902771,68408
22.955236196517944,68408
22.95608949661255,68408
22.956942796707153,68408
22.95779848098755,68408
22.9586501121521,68408
22.959492444992065,68408
22.960342407226562,68408
22.961199283599854,68408
22.962050914764404,68408
22.962903022766113,68408
22.96376371383667,68408
22.96461510658264,68408
22.965461254119873,68408
22.96631383895874,68408
22.967170000076294,68408
22.968024492263794,68408
22.9688823223114,68408
22.969735860824585,68408
22.970587491989136,68408
22.97143244743347,68408
22.97292971611023,68408
22.974502563476562,68408
22.97608232498169,68408
22.977660417556763,68408
22.979224920272827,68408
22.980804681777954,68408
22.98237371444702,68408
22.983959913253784,68408
22.98552942276001,68408
22.987104177474976,68408
22.9886794090271,68408
22.990246534347534,68408
22.991825819015503,68408
22.99339008331299,68408
22.994978666305542,68408
22.996545791625977,68408
22.998103380203247,68408
22.999607801437378,68408
23.00109601020813,68408
23.00257921218872,68408
23.00407910346985,68408
23.00558614730835,68408
23.007066011428833,68408
23.008573293685913,68408
23.010051250457764,68408
23.011550664901733,68408
23.013041257858276,68408
23.014546632766724,68408
23.016040802001953,68408
23.01753067970276,68408
23.01902437210083,68408
23.020506858825684,68408
23.02200150489807,68408
23.023492574691772,68408
23.024994611740112,68408
23.02647638320923,68408
23.027976751327515,68408
23.029470443725586,68408
23.030964374542236,68408
23.03244662284851,68408
23.033794403076172,68408
23.03465461730957,68408
23.035495042800903,68408
23.036345958709717,68408
23.03719735145569,68408
23.038049697875977,68408
23.038905382156372,68408
23.039756298065186,68408
23.040609121322632,68408
23.04145646095276,68408
23.042307376861572,68408
23.04316282272339,68408
23.044028282165527,68408
23.044880628585815,68408
23.045735836029053,68408
23.04658532142639,68408
23.047432899475098,68408
23.048282861709595,68408
23.049134731292725,68408
23.049989700317383,68408
23.050843954086304,68408
23.051692485809326,68408
23.052540063858032,68408
23.053390979766846,68408
23.054253816604614,68408
23.05510687828064,68408
23.05595636367798,68408
23.056812286376953,68408
23.05766487121582,68408
23.05851101875305,68408
23.05936074256897,68408
23.060215711593628,68408
23.06106925010681,68408
23.061920404434204,68408
23.062769889831543,68408
23.0636305809021,68408
23.06447696685791,68408
23.065325021743774,68408
23.06617832183838,68408
23.067030906677246,68408
23.06788444519043,68408
23.068735361099243,68408
23.069589138031006,68408
23.070439100265503,68408
23.071295022964478,68408
23.07214665412903,68408
23.073002338409424,68408
23.073863744735718,68408
23.0747172832489,68408
23.07556962966919,68408
23.076416730880737,68408
23.077272653579712,68408
23.07812809944153,68408
23.07898187637329,68408
23.079832553863525,68408
23.080683946609497,68408
23.081527948379517,68408
23.08237886428833,68408
23.083232641220093,68408
23.084096431732178,68408
23.08495020866394,68408
23.085800409317017,68408
23.086653232574463,68408
23.087496757507324,68408
23.0883526802063,68408
23.08920931816101,68408
23.09006142616272,68408
23.090911149978638,68408
23.091763019561768,68408
23.09261679649353,68408
23.09346318244934,68408
23.09432315826416,68408
23.095176458358765,68408
23.096030712127686,68408
23.096881866455078,68408
23.097736120224,68408
23.09858751296997,68408
23.099432945251465,68408
23.100282430648804,68408
23.101133108139038,68408
23.101986408233643,68408
23.10283923149109,68408
23.103700160980225,68408
23.104547023773193,68408
23.10539722442627,68408
23.106251001358032,68408
23.107107639312744,68408
23.10796022415161,68408
23.10881280899048,68408
23.109665155410767,68408
23.11051344871521,68408
23.11136484146118,68408
23.11222004890442,68408
23.11307692527771,68408
23.113945484161377,68408
23.11479878425598,68408
23.115652322769165,68408
23.11649775505066,68408
23.117352962493896,68408
23.118205785751343,68408
23.119062900543213,68408
23.119916677474976,68408
23.12077045440674,68408
23.1216242313385,68408
23.122472763061523,68408
23.123323440551758,68408
23.124186277389526,68408
23.12504005432129,68408
23.12589168548584,68408
23.126744031906128,68408
23.12760019302368,68408
23.128445625305176,68408
23.12929916381836,68408
23.13015341758728,68408
23.13100266456604,68408
23.131858348846436,68408
23.132710695266724,68408
23.13356876373291,68408
23.13442063331604,68408
23.135274648666382,68408
23.136128187179565,68408
23.136982202529907,68408
23.13783621788025,68408
23.13869071006775,68408
23.13953709602356,68408
23.140389442443848,68408
23.14124608039856,68408
23.142102003097534,68408
23.142956495285034,68408
23.14381694793701,68408
23.14467191696167,68408
23.1455180644989,68408
23.146368980407715,68408
23.147222995758057,68408
23.14807915687561,68408
23.14893388748169,68408
23.1497859954834,68408
23.150639295578003,68408
23.151482343673706,68408
23.15233540534973,68408
23.153189182281494,68408
23.154053449630737,68408
23.15490698814392,68408
23.155755758285522,68408
23.15661120414734,68408
23.157456398010254,68408
23.158304452896118,68408
23.159162759780884,68408
23.160016775131226,68408
23.160869359970093,68408
23.161720752716064,68408
23.16257071495056,68408
23.163418531417847,68408
23.164280891418457,68408
23.16513419151306,68408
23.165987968444824,68408
23.16683840751648,68408
23.167688369750977,68408
23.168531894683838,68408
23.16938066482544,68408
23.170233726501465,68408
23.17108392715454,68408
23.17193579673767,68408
23.172789573669434,68408
23.17365312576294,68408
23.174498796463013,68408
23.175349235534668,68408
23.176201343536377,68408
23.177051544189453,68408
23.17790126800537,68408
23.178752183914185,68408
23.179606437683105,68408
23.18045449256897,68408
23.1813063621521,68408
23.18216109275818,68408
23.183013677597046,68408
23.18387722969055,68408
23.184725999832153,68408
23.18557643890381,68408
23.18642020225525,68408
23.18727469444275,68408
23.188127279281616,68408
23.18898105621338,68408
23.189833402633667,68408
23.190685749053955,68408
23.191526889801025,68408
23.19237470626831,68408
23.193231105804443,68408
23.194096088409424,68408
23.1949520111084,68408
23.19580340385437,68408
23.196655750274658,68408
23.197505235671997,68408
23.198354482650757,68408
23.199204206466675,68408
23.200063228607178,68408
23.20091724395752,68408
23.201771020889282,68408
23.202622175216675,68408
23.203466653823853,68408
23.204333066940308,68408
23.20518207550049,68408
23.206035614013672,68408
23.206887245178223,68408
23.20773696899414,68408
23.208585739135742,68408
23.209431171417236,68408
23.210282564163208,68408
23.21113657951355,68408
23.211990118026733,68408
23.21284294128418,68408
23.21370816230774,68408
23.21455454826355,68408
23.215405225753784,68408
23.216259479522705,68408
23.217110633850098,68408
23.217966556549072,68408
23.218815088272095,68408
23.219666957855225,68408
23.220510721206665,68408
23.22136116027832,68408
23.22221541404724,68408
23.22307014465332,68408
23.223934412002563,68408
23.224787712097168,68408
23.225642681121826,68408
23.22648811340332,68408
23.227341413497925,68408
23.228195190429688,68408
23.229051113128662,68408
23.229905366897583,68408
23.230758666992188,68408
23.231607913970947,68408
23.232453107833862,68408
23.233301162719727,68408
23.23416233062744,68408
23.23501205444336,68408
23.23586344718933,68408
23.236714124679565,68408
23.23756456375122,68408
23.23841166496277,68408
23.239265203475952,68408
23.240118980407715,68408
23.240971326828003,68408
23.241821765899658,68408
23.242674112319946,68408
23.243520736694336,68408
23.24438238143921,68408
23.245233058929443,68408
23.246084928512573,68408
23.246933698654175,68408
23.24778962135315,68408
23.24864149093628,68408
23.24948787689209,68408
23.250338554382324,68408
23.25119137763977,68408
23.252047061920166,68408
23.25290298461914,68408
23.253766775131226,68408
23.254618883132935,68408
23.25546431541443,68408
23.256313800811768,68408
23.257168292999268,68408
23.258022785186768,68408
23.258879899978638,68408
23.259729623794556,68408
23.260579586029053,68408
23.26142382621765,68408
23.26227831840515,68408
23.263129711151123,68408
23.26399564743042,68408
23.264851331710815,68408
23.265705585479736,68408
23.26655125617981,68408
23.267399787902832,68408
23.268253326416016,68408
23.269107580184937,68408
23.269960403442383,68408
23.2708158493042,68408
23.271671056747437,68408
23.27251648902893,68408
23.273369312286377,68408
23.27423095703125,68408
23.275086402893066,68408
23.275941610336304,68408
23.276791095733643,68408
23.27764391899109,68408
23.27848744392395,68408
23.27933931350708,68408
23.280194759368896,68408
23.281049013137817,68408
23.281901121139526,68408
23.282756567001343,68408
23.283617734909058,68408
23.28446650505066,68408
23.285320520401,68408
23.286176204681396,68408
23.28703212738037,68408
23.287887811660767,68408
23.288742780685425,68408
23.289593935012817,68408
23.29044270515442,68408
23.291293621063232,68408
23.292148113250732,68408
23.29300546646118,68408
23.29386615753174,68408
23.294721126556396,68408
23.295574426651,68408
23.296421766281128,68408
23.29727268218994,68408
23.298128604888916,68408
23.298978090286255,68408
23.299832105636597,68408
23.300682306289673,68408
23.301530599594116,68408
23.302385091781616,68408
23.303240299224854,68408
23.304107427597046,68408
23.304962396621704,68408
23.30581307411194,68408
23.30666470527649,68408
23.30750870704651,68408
23.3083598613739,68408
23.309216499328613,68408
23.310068607330322,68408
23.310920000076294,68408
23.31177020072937,68408
23.312623977661133,68408
23.313467741012573,68408
23.31432867050171,68408
23.315181970596313,68408
23.316033601760864,68408
23.316890716552734,68408
23.317742347717285,68408
23.318592071533203,68408
23.319435834884644,68408
23.3202908039093,68408
23.321144580841064,68408
23.32200050354004,68408
23.3228542804718,68408
23.323718547821045,68408
23.324568510055542,68408
23.325418710708618,68408
23.326268672943115,68408
23.32712149620056,68408
23.327976942062378,68408
23.32882833480835,68408
23.329681873321533,68408
23.330531120300293,68408
23.33138155937195,68408
23.33223581314087,68408
23.333091497421265,68408
23.333958387374878,68408
23.334808111190796,68408
23.33565878868103,68408
23.336504697799683,68408
23.337355375289917,68408
23.338205814361572,68408
23.339059352874756,68408
23.339910745620728,68408
23.34076189994812,68408
23.341614723205566,68408
23.34245729446411,68408
23.34330987930298,68408
23.344176530838013,68408
23.345028162002563,68408
23.345884323120117,68408
23.346733808517456,68408
23.347584009170532,68408
23.34843134880066,68408
23.349283456802368,68408
23.35013771057129,68408
23.35099148750305,68408
23.351842403411865,68408
23.35269856452942,68408
23.35354208946228,68408
23.354402780532837,68408
23.355257272720337,68408
23.356114864349365,68408
23.35697102546692,68408
23.357823610305786,68408
23.3586745262146,68408
23.35951805114746,68408
23.360365390777588,68408
23.36121940612793,68408
23.36207342147827,68408
23.36292576789856,68408
23.363784313201904,68408
23.364637851715088,68408
23.365480422973633,68408
23.366332054138184,68408
23.367185354232788,68408
23.368037462234497,68408
23.368890285491943,68408
23.36974334716797,68408
23.37059450149536,68408
23.37144136428833,68408
23.372292280197144,68408
23.373146295547485,68408
23.37401032447815,68408
23.37486219406128,68408
23.375715494155884,68408
23.376566648483276,68408
23.37741446495056,68408
23.37826418876648,68408
23.379117012023926,68408
23.379968881607056,68408
23.380821704864502,68408
23.38167691230774,68408
23.382521152496338,68408
23.383371829986572,68408
23.384238719940186,68408
23.38509464263916,68408
23.385947704315186,68408
23.38680148124695,68408
23.387654542922974,68408
23.38850426673889,68408
23.38935875892639,68408
23.3902108669281,68408
23.391064882278442,68408
23.391918897628784,68408
23.392770767211914,68408
23.393634557724,68408
23.39448356628418,68408
23.395333290100098,68408
23.396188020706177,68408
23.39704418182373,68408
23.39789867401123,68408
23.398750066757202,68408
23.399603843688965,68408
23.400448083877563,68408
23.401301383972168,68408
23.402156591415405,68408
23.40300703048706,68408
23.40386462211609,68408
23.40471601486206,68408
23.405566453933716,68408
23.406410694122314,68408
23.40726613998413,68408
23.408122301101685,68408
23.408976554870605,68408
23.40982747077942,68408
23.41067934036255,68408
23.411524295806885,68408
23.41237187385559,68408
23.413224935531616,68408
23.414091110229492,68408
23.414947509765625,68408
23.415801763534546,68408
23.41665506362915,68408
23.41750407218933,68408
23.418357133865356,68408
23.419211387634277,68408
23.420063495635986,68408
23.420917510986328,68408
23.42176842689514,68408
23.422621250152588,68408
23.423463821411133,68408
23.424325942993164,68408
23.425177335739136,68408
23.426029205322266,68408
23.4268856048584,68408
23.427736520767212,68408
23.42858362197876,68408
23.429431438446045,68408
23.4302818775177,68408
23.43113660812378,68408
23.431990146636963,68408
23.432839155197144,68408
23.43369746208191,68408
23.434540271759033,68408
23.435387134552002,68408
23.4362370967865,68408
23.43708848953247,68408
23.4379403591156,68408
23.438791275024414,68408
23.43964409828186,68408
23.440484046936035,68408
23.441333293914795,68408
23.442185401916504,68408
23.44303822517395,68408
23.443898916244507,68408
23.444751024246216,68408
23.44560480117798,68408
23.446453332901,68408
23.447302103042603,68408
23.44815754890442,68408
23.449010133743286,68408
23.449861764907837,68408
23.450713872909546,68408
23.451557636260986,68408
23.452410221099854,68408
23.453263521194458,68408
23.454129219055176,68408
23.45498538017273,68408
23.455838680267334,68408
23.456695795059204,68408
23.45754075050354,68408
23.458394050598145,68408
23.45924973487854,68408
23.46010446548462,68408
23.46095609664917,68408
23.46181344985962,68408
23.462665557861328,68408
23.463512897491455,68408
23.464378595352173,68408
23.46523118019104,68408
23.466084957122803,68408
23.466939449310303,68408
23.467793226242065,68408
23.468648672103882,68408
23.46949076652527,68408
23.47034454345703,68408
23.471197843551636,68408
23.472052812576294,68408
23.47290587425232,68408
23.47376585006714,68408
23.47461986541748,68408
23.475464344024658,68408
23.4763126373291,68408
23.47716498374939,68408
23.478017330169678,68408
23.478869915008545,68408
23.47972011566162,68408
23.48056983947754,68408
23.48141598701477,68408
23.482269763946533,68408
23.483124494552612,68408
23.48399043083191,68408
23.48484468460083,68408
23.485692977905273,68408
23.486542463302612,68408
23.487396240234375,68408
23.48824667930603,68408
23.48910140991211,68408
23.489954710006714,68408
23.490803241729736,68408
23.49165654182434,68408
23.492501497268677,68408
23.493354558944702,68408
23.49422001838684,68408
23.49507236480713,68408
23.49592685699463,68408
23.496777057647705,68408
23.497629642486572,68408
23.498474836349487,68408
23.499327421188354,68408
23.500181674957275,68408
23.501035928726196,68408
23.501885890960693,68408
23.502737522125244,68408
23.50359559059143,68408
23.504441499710083,68408
23.505292415618896,68408
23.506145000457764,68408
23.50700092315674,68408
23.507854461669922,68408
23.50870943069458,68408
23.50955629348755,68408
23.510408878326416,68408
23.511258363723755,68408
23.51211142539978,68408
23.51296305656433,68408
23.51382303237915,68408
23.514673471450806,68408
23.515517950057983,68408
23.51636528968811,68408
23.517218351364136,68408
23.518070697784424,68408
23.518921852111816,68408
23.519770860671997,68408
23.520625352859497,68408
23.521470308303833,68408
23.522319555282593,68408
23.523173809051514,68408
23.524038791656494,68408
23.524893522262573,68408
23.525745153427124,68408
23.526594161987305,68408
23.527440786361694,68408
23.528295278549194,68408
23.529150247573853,68408
23.530007123947144,68408
23.530858993530273,68408
23.531715631484985,68408
23.53255534172058,68408
23.533400058746338,68408
23.534263134002686,68408
23.535115003585815,68408
23.535969257354736,68408
23.536826610565186,68408
23.53767991065979,68408
23.538528203964233,68408
23.53938126564026,68408
23.540235996246338,68408
23.541087865829468,68408
23.541940689086914,68408
23.542792081832886,68408
23.54365587234497,68408
23.544497966766357,68408
23.545347929000854,68408
23.5462007522583,68408
23.54705309867859,68408
23.547908306121826,68408
23.548762321472168,68408
23.549615144729614,68408
23.550461053848267,68408
23.551312685012817,68408
23.552168130874634,68408
23.553017139434814,68408
23.55388045310974,68408
23.55473256111145,68408
23.555586099624634,68408
23.556429862976074,68408
23.55728316307068,68408
23.558136224746704,68408
23.558991193771362,68408
23.559842348098755,68408
23.560694456100464,68408
23.56153964996338,68408
23.562395334243774,68408
23.5632483959198,68408
23.564115524291992,68408
23.56496810913086,68408
23.565821647644043,68408
23.56667160987854,68408
23.567517280578613,68408
23.568372011184692,68408
23.569228172302246,68408
23.570082187652588,68408
23.57093906402588,68408
23.57178783416748,68408
23.572641372680664,68408
23.57348656654358,68408
23.574347019195557,68408
23.57520294189453,68408
23.576056957244873,68408
23.57690930366516,68408
23.577762365341187,68408
23.578613996505737,68408
23.57945942878723,68408
23.580310821533203,68408
23.58116364479065,68408
23.58201766014099,68408
23.58287024497986,68408
23.583730697631836,68408
23.584579706192017,68408
23.585423469543457,68408
23.586276292800903,68408
23.587126970291138,68408
23.587981939315796,68408
23.588833808898926,68408
23.589689016342163,68408
23.590535640716553,68408
23.59138798713684,68408
23.592247486114502,68408
23.59317183494568,68408
23.59404230117798,68408
23.594899892807007,68408
23.595754146575928,68408
23.596604108810425,68408
23.597448348999023,68408
23.59829831123352,68408
23.599152326583862,68408
23.600005626678467,68408
23.60085892677307,68408
23.601707696914673,68408
23.602553129196167,68408
23.603405475616455,68408
23.604267120361328,68408
23.60511827468872,68408
23.60597252845764,68408
23.606825828552246,68408
23.60768175125122,68408
23.608526706695557,68408
23.6093807220459,68408
23.610232830047607,68408
23.61108684539795,68408
23.61194157600403,68408
23.612793922424316,68408
23.613659620285034,68408
23.61450982093811,68408
23.6153666973114,68408
23.61621856689453,68408
23.617072105407715,68408
23.617923974990845,68408
23.618775606155396,68408
23.619627952575684,68408
23.620470762252808,68408
23.62132453918457,68408
23.62217926979065,68408
23.623034715652466,68408
23.6239013671875,68408
23.624753713607788,68408
23.625609159469604,68408
23.62645721435547,68408
23.627307176589966,68408
23.62816095352173,68408
23.62901473045349,68408
23.629867792129517,68408
23.63072109222412,68408
23.631572008132935,68408
23.632420778274536,68408
23.633273601531982,68408
23.634140014648438,68408
23.634994506835938,68408
23.63584041595459,68408
23.636698961257935,68408
23.63754391670227,68408
23.638399600982666,68408
23.639256477355957,68408
23.640113353729248,68408
23.640968322753906,68408
23.641824960708618,68408
23.642678260803223,68408
23.643523454666138,68408
23.644387006759644,68408
23.645241737365723,68408
23.64609432220459,68408
23.646950721740723,68408
23.647801160812378,68408
23.6486554145813,68408
23.649505138397217,68408
23.65036106109619,68408
23.65121555328369,68408
23.65207052230835,68408
23.652923583984375,68408
23.65378427505493,68408
23.65463614463806,68408
23.65548276901245,68408
23.656332969665527,68408
23.65718698501587,68408
23.65804171562195,68408
23.65889620780945,68408
23.659749031066895,68408
23.660606145858765,68408
23.661449909210205,68408
23.662304639816284,68408
23.663156032562256,68408
23.66402316093445,68408
23.66487956047058,68408
23.665731191635132,68408
23.666582107543945,68408
23.667429447174072,68408
23.66828441619873,68408
23.669138431549072,68408
23.66999053955078,68408
23.670843839645386,68408
23.671695947647095,68408
23.67254114151001,68408
23.673393726348877,68408
23.67426037788391,68408
23.67511773109436,68408
23.67597222328186,68408
23.676825046539307,68408
23.67767882347107,68408
23.67852234840393,68408
23.67937660217285,68408
23.68022894859314,68408
23.681081533432007,68408
23.681938886642456,68408
23.682791233062744,68408
23.683655977249146,68408
23.684500217437744,68408
23.685351371765137,68408
23.686201810836792,68408
23.68705677986145,68408
23.68791103363037,68408
23.68876075744629,68408
23.689614295959473,68408
23.69045925140381,68408
23.691312789916992,68408
23.692171096801758,68408
23.693026065826416,68408
23.693891048431396,68408
23.694743871688843,68408
23.695592641830444,68408
23.696439027786255,68408
23.69728970527649,68408
23.69814372062683,68408
23.698999166488647,68408
23.699856281280518,68408
23.70071315765381,68408
23.701563596725464,68408
23.70241141319275,68408
23.703264236450195,68408
23.704132318496704,68408
23.70499014854431,68408
23.705844163894653,68408
23.70669960975647,68408
23.70754909515381,68408
23.708401203155518,68408
23.709255695343018,68408
23.71011257171631,68408
23.7109694480896,68408
23.71182370185852,68408
23.712674379348755,68408
23.713528394699097,68408
23.714391946792603,68408
23.715249061584473,68408
23.71610116958618,68408
23.71695303916931,68408
23.717806339263916,68408
23.718658208847046,68408
23.71950602531433,68408
23.72035527229309,68408
23.72120761871338,68408
23.722063541412354,68408
23.72291588783264,68408
23.723778009414673,68408
23.724635362625122,68408
23.725479125976562,68408
23.726332426071167,68408
23.727187395095825,68408
23.728042364120483,68408
23.72889471054077,68408
23.72974443435669,68408
23.730597972869873,68408
23.73144292831421,68408
23.73229455947876,68408
23.733148336410522,68408
23.734013080596924,68408
23.734867811203003,68408
23.735724687576294,68408
23.736575603485107,68408
23.73742437362671,68408
23.738276481628418,68408
23.73913264274597,68408
23.73998713493347,68408
23.74083709716797,68408
23.741686582565308,68408
23.74253249168396,68408
23.743387699127197,68408
23.744252920150757,68408
23.74510669708252,68408
23.745962142944336,68408
23.74681544303894,68408
23.74766993522644,68408
23.748516082763672,68408
23.749367713928223,68408
23.750221490859985,68408
23.751076459884644,68408
23.75193190574646,68408
23.75278115272522,68408
23.753645420074463,68408
23.75448989868164,68408
23.755342483520508,68408
23.75619387626648,68408
23.757044792175293,68408
23.757901430130005,68408
23.75875425338745,68408
23.759609699249268,68408
23.76045536994934,68408
23.761306285858154,68408
23.76215934753418,68408
23.76301383972168,68408
23.76387667655945,68408
23.76473617553711,68408
23.76558542251587,68408
23.76643419265747,68408
23.76728892326355,68408
23.76814317703247,68408
23.769002199172974,68408
23.769856929779053,68408
23.770713806152344,68408
23.771566152572632,68408
23.77241563796997,68408
23.773272037506104,68408
23.77413558959961,68408
23.774988651275635,68408
23.77584195137024,68408
23.776696920394897,68408
23.777539253234863,68408
23.778393268585205,68408
23.77924633026123,68408
23.780102491378784,68408
23.78095841407776,68408
23.781811714172363,68408
23.78266215324402,68408
23.78350806236267,68408
23.784372329711914,68408
23.785229206085205,68408
23.78608274459839,68408
23.786938667297363,68408
23.787792205810547,68408
23.78864598274231,68408
23.789490222930908,68408
23.790343046188354,68408
23.791199684143066,68408
23.79205346107483,68408
23.792908906936646,68408
23.793773651123047,68408
23.794626712799072,68408
23.79547429084778,68408
23.796327590942383,68408
23.797182321548462,68408
23.798035860061646,68408
23.79888916015625,68408
23.799742221832275,68408
23.800590991973877,68408
23.801441192626953,68408
23.802292823791504,68408
23.803146839141846,68408
23.80401301383972,68408
23.80486750602722,68408
23.805720329284668,68408
23.80657172203064,68408
23.807421445846558,68408
23.80828070640564,68408
23.80913805961609,68408
23.80998992919922,68408
23.81084680557251,68408
23.811700344085693,68408
23.812546014785767,68408
23.81339955329895,68408
23.81426429748535,68408
23.815119743347168,68408
23.815977811813354,68408
23.816824436187744,68408
23.81768012046814,68408
23.818527221679688,68408
23.819382905960083,68408
23.820233821868896,68408
23.821086645126343,68408
23.821943998336792,68408
23.82279658317566,68408
23.82365894317627,68408
23.824504137039185,68408
23.82535457611084,68408
23.826208353042603,68408
23.827064514160156,68408
23.827919721603394,68408
23.82877516746521,68408
23.82962918281555,68408
23.83047318458557,68408
23.831324338912964,68408
23.832179307937622,68408
23.833037614822388,68408
23.833897590637207,68408
23.83475160598755,68408
23.83560013771057,68408
23.83644461631775,68408
23.837294816970825,68408
23.838144302368164,68408
23.838999032974243,68408
23.839852809906006,68408
23.840705394744873,68408
23.84155583381653,68408
23.842409133911133,68408
23.84326148033142,68408
23.844128608703613,68408
23.844987392425537,68408
23.845839262008667,68408
23.84669518470764,68408
23.847543716430664,68408
23.848395109176636,68408
23.84924864768982,68408
23.85010600090027,68408
23.85096049308777,68408
23.851812601089478,68408
23.852664709091187,68408
23.853514671325684,68408
23.854378700256348,68408
23.85523223876953,68408
23.85608673095703,68408
23.85694193840027,68408
23.8577938079834,68408
23.85865068435669,68408
23.8594970703125,68408
23.860347747802734,68408
23.861199855804443,68408
23.862053871154785,68408
23.86290979385376,68408
23.863770961761475,68408
23.86462378501892,68408
23.865468978881836,68408
23.86631965637207,68408
23.867177724838257,68408
23.868029594421387,68408
23.868884325027466,68408
23.86973810195923,68408
23.87058925628662,68408
23.871439456939697,68408
23.87229061126709,68408
23.873143196105957,68408
23.87400531768799,68408
23.874857187271118,68408
23.875711679458618,68408
23.87655735015869,68408
23.877410650253296,68408
23.878263473510742,68408
23.879116773605347,68408
23.879971265792847,68408
23.880825757980347,68408
23.88167667388916,68408
23.882522344589233,68408
23.883371114730835,68408
23.884235858917236,68408
23.885088443756104,68408
23.88594675064087,68408
23.88680124282837,68408
23.887660264968872,68408
23.888507843017578,68408
23.88935947418213,68408
23.890215396881104,68408
23.891066074371338,68408
23.891917943954468,68408
23.892772436141968,68408
23.89363718032837,68408
23.89448380470276,68408
23.895339488983154,68408
23.8961923122406,68408
23.897046089172363,68408
23.897899389266968,68408
23.89875102043152,68408
23.899606704711914,68408
23.900453805923462,68408
23.90130352973938,68408
23.902155876159668,68408
23.903013229370117,68408
23.903876543045044,68408
23.904730081558228,68408
23.90558362007141,68408
23.906431913375854,68408
23.9072847366333,68408
23.9081392288208,68408
23.90899109840393,68408
23.909844636917114,68408
23.91069459915161,68408
23.911542415618896,68408
23.91239285469055,68408
23.91324782371521,68408
23.914113521575928,68408
23.914969205856323,68408
23.915823936462402,68408
23.91667675971985,68408
23.91752290725708,68408
23.918378114700317,68408
23.919232845306396,68408
23.92008948326111,68408
23.920944690704346,68408
23.921799182891846,68408
23.922653913497925,68408
23.923503398895264,68408
23.924365282058716,68408
23.925219535827637,68408
23.926071882247925,68408
23.92692494392395,68408
23.927774906158447,68408
23.92863154411316,68408
23.929479360580444,68408
23.930333852767944,68408
23.931188821792603,68408
23.932047605514526,68408
23.932902812957764,68408
23.93376636505127,68408
23.934619665145874,68408
23.935467004776,68408
23.936317920684814,68408
23.937171459197998,68408
23.938026189804077,68408
23.938878059387207,68408
23.93973183631897,68408
23.94058346748352,68408
23.941431045532227,68408
23.942283153533936,68408
23.943134784698486,68408
23.944000482559204,68408
23.944851636886597,68408
23.9457049369812,68408
23.94655156135559,68408
23.947402477264404,68408
23.9482581615448,68408
23.94911551475525,68408
23.949971437454224,68408
23.95082426071167,68408
23.95167589187622,68408
23.952523708343506,68408
23.953373193740845,68408
23.954238414764404,68408
23.95509099960327,68408
23.955947637557983,68408
23.956801176071167,68408
23.957652807235718,68408
23.958500146865845,68408
23.95935320854187,68408
23.960209608078003,68408
23.961063861846924,68408
23.961922645568848,68408
23.962779998779297,68408
23.963644981384277,68408
23.964494228363037,68408
23.965345859527588,68408
23.966203689575195,68408
23.967058420181274,68408
23.96791100502014,68408
23.96876335144043,68408
23.969617128372192,68408
23.970457077026367,68408
23.971308708190918,68408
23.97216248512268,68408
23.973016262054443,68408
23.973880529403687,68408
23.974733114242554,68408
23.975584268569946,68408
23.97643280029297,68408
23.97728395462036,68408
23.978142261505127,68408
23.97899293899536,68408
23.979845762252808,68408
23.98069930076599,68408
23.981544494628906,68408
23.98240065574646,68408
23.983258962631226,68408
23.984126806259155,68408
23.98498272895813,68408
23.985836267471313,68408
23.986688375473022,68408
23.987534761428833,68408
23.988389492034912,68408
23.98924493789673,68408
23.990100383758545,68408
23.99095344543457,68408
23.99180507659912,68408
23.99265956878662,68408
23.99350881576538,68408
23.99437141418457,68408
23.99522829055786,68408
23.996079206466675,68408
23.99693512916565,68408
23.99778652191162,68408
23.99864149093628,68408
23.999486446380615,68408
24.00033926963806,68408
24.00119400024414,68408
24.002046585083008,68408
24.00290012359619,68408
24.003761291503906,68408
24.00461506843567,68408
24.00546646118164,68408
24.00631809234619,68408
24.007172346115112,68408
24.00802731513977,68408
24.008885860443115,68408
24.00974202156067,68408
24.01059341430664,68408
24.01144003868103,68408
24.012293815612793,68408
24.013147830963135,68408
24.01401424407959,68408
24.014868021011353,68408
24.01572060585022,68408
24.016576051712036,68408
24.01742649078369,68408
24.018280506134033,68408
24.019134521484375,68408
24.019989490509033,68408
24.020844221115112,68408
24.02169942855835,68408
24.022550582885742,68408
24.023403644561768,68408
24.024269819259644,68408
24.02512764930725,68408
24.025983810424805,68408
24.02683687210083,68408
24.027692794799805,68408
24.02853798866272,68408
24.029394149780273,68408
24.030243635177612,68408
24.03109645843506,68408
24.031949996948242,68408
24.032801628112793,68408
24.033669471740723,68408
24.034518718719482,68408
24.035370588302612,68408
24.036227226257324,68408
24.03707981109619,68408
24.037935733795166,68408
24.03878688812256,68408
24.039639472961426,68408
24.04048728942871,68408
24.041340589523315,68408
24.04219698905945,68408
24.043052911758423,68408
24.043919801712036,68408
24.044771909713745,68408
24.045625925064087,68408
24.046473741531372,68408
24.04732632637024,68408
24.048181772232056,68408
24.049033641815186,68408
24.049889087677002,68408
24.050742149353027,68408
24.05159568786621,68408
24.052446365356445,68408
24.053303003311157,68408
24.054171085357666,68408
24.055026531219482,68408
24.05587911605835,68408
24.05673599243164,68408
24.057587385177612,68408
24.05843758583069,68408
24.059293031692505,68408
24.06014633178711,68408
24.060999870300293,68408
24.06185245513916,68408
24.06270408630371,68408
24.06355094909668,68408
24.064406156539917,68408
24.06525731086731,68408
24.06611394882202,68408
24.066967964172363,68408
24.067819118499756,68408
24.068671703338623,68408
24.069520235061646,68408
24.070372343063354,68408
24.071226596832275,68408
24.07208251953125,68408
24.072933673858643,68408
24.07379150390625,68408
24.074642181396484,68408
24.075488567352295,68408
24.076341152191162,68408
24.077194213867188,68408
24.078049898147583,68408
24.07890295982361,68408
24.07975721359253,68408
24.080609798431396,68408
24.08145523071289,68408
24.08230757713318,68408
24.0831618309021,68408
24.084030151367188,68408
24.08488917350769,68408
24.085742235183716,68408
24.086591720581055,68408
24.087435960769653,68408
24.08828639984131,68408
24.08914279937744,68408
24.089993953704834,68408
24.09084916114807,68408
24.091705560684204,68408
24.09255361557007,68408
24.09340476989746,68408
24.09427046775818,68408
24.095128536224365,68408
24.095984935760498,68408
24.096837043762207,68408
24.097691535949707,68408
24.098533630371094,68408
24.099385261535645,68408
24.10023808479309,68408
24.101093292236328,68408
24.101948499679565,68408
24.10279870033264,68408
24.103662729263306,68408
24.104507446289062,68408
24.105355978012085,68408
24.106210947036743,68408
24.107062101364136,68408
24.107916355133057,68408
24.10876774787903,68408
24.109622478485107,68408
24.110474109649658,68408
24.111326694488525,68408
24.112180709838867,68408
24.113032579421997,68408
24.11389660835266,68408
24.11475157737732,68408
24.115604400634766,68408
24.11645221710205,68408
24.117302894592285,68408
24.118159532546997,68408
24.119012355804443,68408
24.119865894317627,68408
24.12072229385376,68408
24.12157678604126,68408
24.122422695159912,68408
24.123274326324463,68408
24.12414002418518,68408
24.124995231628418,68408
24.1258442401886,68408
24.12669849395752,68408
24.127546310424805,68408
24.1283962726593,68408
24.12925362586975,68408
24.130109071731567,68408
24.130958795547485,68408
24.131813526153564,68408
24.132663249969482,68408
24.13351011276245,68408
24.13437509536743,68408
24.135231971740723,68408
24.13608741760254,68408
24.13694429397583,68408
24.13779854774475,68408
24.13865375518799,68408
24.13949728012085,68408
24.140350341796875,68408
24.141199350357056,68408
24.142051935195923,68408
24.142905473709106,68408
24.143763542175293,68408
24.14461922645569,68408
24.145464181900024,68408
24.146316528320312,68408
24.147169589996338,68408
24.148020267486572,68408
24.14887547492981,68408
24.149728775024414,68408
24.150580406188965,68408
24.15142583847046,68408
24.152279376983643,68408
24.15313720703125,68408
24.154000997543335,68408
24.15485191345215,68408
24.155704498291016,68408
24.15654969215393,68408
24.157403469085693,68408
24.158257722854614,68408
24.15911054611206,68408
24.159963846206665,68408
24.160815954208374,68408
24.16166877746582,68408
24.162517070770264,68408
24.163368940353394,68408
24.164231061935425,68408
24.165082693099976,68408
24.16593837738037,68408
24.166791677474976,68408
24.167647123336792,68408
24.168493032455444,68408
24.169348001480103,68408
24.17020344734192,68408
24.171055793762207,68408
24.17190957069397,68408
24.172762155532837,68408
24.173625946044922,68408
24.174470901489258,68408
24.175323724746704,68408
24.17617917060852,68408
24.177032709121704,68408
24.177889585494995,68408
24.178748846054077,68408
24.179604530334473,68408
24.180452585220337,68408
24.18130612373352,68408
24.182159185409546,68408
24.183011531829834,68408
24.1838698387146,68408
24.184722661972046,68408
24.185576915740967,68408
24.18642520904541,68408
24.18727731704712,68408
24.18812847137451,68408
24.18898320198059,68408
24.1898295879364,68408
24.190678119659424,68408
24.19152593612671,68408
24.192375659942627,68408
24.193231105804443,68408
24.194093704223633,68408
24.19494891166687,68408
24.195801496505737,68408
24.19665789604187,68408
24.19750714302063,68408
24.198357105255127,68408
24.199211359024048,68408
24.20006489753723,68408
24.200916528701782,68408
24.20177125930786,68408
24.20262575149536,68408
24.203477382659912,68408
24.204344511032104,68408
24.205199480056763,68408
24.20605492591858,68408
24.206905841827393,68408
24.207753658294678,68408
24.208608865737915,68408
24.2094509601593,68408
24.21030282974243,68408
24.21115779876709,68408
24.212011575698853,68408
24.212867498397827,68408
24.213731050491333,68408
24.214582920074463,68408
24.215431213378906,68408
24.21628499031067,68408
24.217139720916748,68408
24.21799063682556,68408
24.218843460083008,68408
24.21969723701477,68408
24.220544815063477,68408
24.221396446228027,68408
24.222253799438477,68408
24.223111152648926,68408
24.223976850509644,68408
24.22482919692993,68408
24.225682258605957,68408
24.22652506828308,68408
24.227375984191895,68408
24.228226900100708,68408
24.229079246520996,68408
24.229936599731445,68408
24.23078727722168,68408
24.231638431549072,68408
24.232482433319092,68408
24.233333110809326,68408
24.23420023918152,68408
24.23505663871765,68408
24.235912084579468,68408
24.236764430999756,68408
24.23761796951294,68408
24.23846459388733,68408
24.239316940307617,68408
24.24017071723938,68408
24.241024255752563,68408
24.24188208580017,68408
24.242735624313354,68408
24.243589639663696,68408
24.244438648223877,68408
24.245294332504272,68408
24.24614953994751,68408
24.24700164794922,68408
24.247856378555298,68408
24.248706340789795,68408
24.249550819396973,68408
24.250401496887207,68408
24.251255989074707,68408
24.25211191177368,68408
24.25296664237976,68408
24.25382661819458,68408
24.254681825637817,68408
24.255529642105103,68408
24.25637936592102,68408
24.257232189178467,68408
24.258084535598755,68408
24.258936405181885,68408
24.25978922843933,68408
24.26064157485962,68408
24.261491298675537,68408
24.262341022491455,68408
24.263195514678955,68408
24.26406168937683,68408
24.264917135238647,68408
24.265772342681885,68408
24.26662564277649,68408
24.26747179031372,68408
24.268327236175537,68408
24.26918125152588,68408
24.270036220550537,68408
24.270888090133667,68408
24.271746397018433,68408
24.272603750228882,68408
24.273452281951904,68408
24.27431344985962,68408
24.275166511535645,68408
24.276021718978882,68408
24.276877403259277,68408
24.27772855758667,68408
24.278578996658325,68408
24.27942442893982,68408
24.280275583267212,68408
24.281131982803345,68408
24.2819881439209,68408
24.282840967178345,68408
24.283702611923218,68408
24.284549951553345,68408
24.285404920578003,68408
24.286258697509766,68408
24.287115812301636,68408
24.28797197341919,68408
24.288825511932373,68408
24.289680242538452,68408
24.290527820587158,68408
24.2913818359375,68408
24.29223346710205,68408
24.293086290359497,68408
24.29395365715027,68408
24.294804334640503,68408
24.29565739631653,68408
24.29650592803955,68408
24.29735827445984,68408
24.298213720321655,68408
24.299068927764893,68408
24.299924612045288,68408
24.300777435302734,68408
24.3016300201416,68408
24.302476167678833,68408
24.303327322006226,68408
24.304193019866943,68408
24.305049896240234,68408
24.30590534210205,68408
24.306756258010864,68408
24.307611227035522,68408
24.308457136154175,68408
24.309308290481567,68408
24.310163021087646,68408
24.311018466949463,68408
24.311868906021118,68408
24.312723636627197,68408
24.313575267791748,68408
24.31442427635193,68408
24.31527829170227,68408
24.316134452819824,68408
24.316991090774536,68408
24.317845106124878,68408
24.318698167800903,68408
24.31954526901245,68408
24.320398092269897,68408
24.32124948501587,68408
24.322105169296265,68408
24.32295823097229,68408
24.323816061019897,68408
24.324668169021606,68408
24.325516939163208,68408
24.326368808746338,68408
24.32722234725952,68408
24.32807731628418,68408
24.328927993774414,68408
24.329777002334595,68408
24.330628156661987,68408
24.331473350524902,68408
24.33232879638672,68408
24.33318305015564,68408
24.334046363830566,68408
24.334900617599487,68408
24.335753440856934,68408
24.336607217788696,68408
24.337457418441772,68408
24.338308572769165,68408
24.33916449546814,68408
24.340017795562744,68408
24.340873956680298,68408
24.341729164123535,68408
24.342581033706665,68408
24.34343147277832,68408
24.344294548034668,68408
24.345149993896484,68408
24.346004009246826,68408
24.34686040878296,68408
24.347715854644775,68408
24.34856677055359,68408
24.349411964416504,68408
24.350264310836792,68408
24.351118087768555,68408
24.35197162628174,68408
24.352820873260498,68408
24.353683710098267,68408
24.354528188705444,68408
24.355381727218628,68408
24.356236934661865,68408
24.357093811035156,68408
24.35794973373413,68408
24.35880184173584,68408
24.359655380249023,68408
24.360498666763306,68408
24.36134934425354,68408
24.362199306488037,68408
24.36305284500122,68408
24.363917112350464,68408
24.3647677898407,68408
24.36562418937683,68408
24.366468906402588,68408
24.367318391799927,68408
24.36817479133606,68408
24.36902928352356,68408
24.369879484176636,68408
24.37073302268982,68408
24.371585845947266,68408
24.372432470321655,68408
24.373284578323364,68408
24.374147176742554,68408
24.375001668930054,68408
24.375854969024658,68408
24.37670612335205,68408
24.377553701400757,68408
24.378403902053833,68408
24.379260063171387,68408
24.380115270614624,68408
24.38097047805786,68408
24.381823301315308,68408
24.382678270339966,68408
24.383525133132935,68408
24.384385108947754,68408
24.385241270065308,68408
24.386096477508545,68408
24.38694930076599,68408
24.387802839279175,68408
24.38865876197815,68408
24.389507293701172,68408
24.390361309051514,68408
24.39121913909912,68408
24.392072677612305,68408
24.392927169799805,68408
24.39378547668457,68408
24.394638538360596,68408
24.39548397064209,68408
24.396337270736694,68408
24.397191762924194,68408
24.398046255111694,68408
24.398905754089355,68408
24.399763345718384,68408
24.400620222091675,68408
24.401469230651855,68408
24.40232491493225,68408
24.403181552886963,68408
24.40404725074768,68408
24.404903888702393,68408
24.405755043029785,68408
24.406611442565918,68408
24.407459497451782,68408
24.40831160545349,68408
24.40916633605957,68408
24.410017490386963,68408
24.410868167877197,68408
24.41171932220459,68408
24.412567615509033,68408
24.413414478302002,68408
24.41427516937256,68408
24.415131330490112,68408
24.41598892211914,68408
24.41684126853943,68408
24.417691946029663,68408
24.418541193008423,68408
24.41939687728882,68408
24.420251607894897,68408
24.421106576919556,68408
24.42196488380432,68408
24.422813415527344,68408
24.423677444458008,68408
24.424525022506714,68408
24.425379514694214,68408
24.426234245300293,68408
24.427091598510742,68408
24.42794704437256,68408
24.428799629211426,68408
24.42965316772461,68408
24.430500984191895,68408
24.43135356903076,68408
24.432210445404053,68408
24.43306303024292,68408
24.433926343917847,68408
24.434778928756714,68408
24.435632944107056,68408
24.436482191085815,68408
24.437336683273315,68408
24.438191652297974,68408
24.439046382904053,68408
24.439897775650024,68408
24.44075298309326,68408
24.441604614257812,68408
24.44245409965515,68408
24.443307876586914,68408
24.444172143936157,68408
24.445034503936768,68408
24.445891857147217,68408
24.446744918823242,68408
24.44760513305664,68408
24.448451042175293,68408
24.449305534362793,68408
24.450160026550293,68408
24.45101547241211,68408
24.451871633529663,68408
24.452725172042847,68408
24.45358395576477,68408
24.454432010650635,68408
24.455283880233765,68408
24.456140995025635,68408
24.45699453353882,68408
24.457850694656372,68408
24.45870590209961,68408
24.459556818008423,68408
24.46040964126587,68408
24.46126103401184,68408
24.462113618850708,68408
24.46296787261963,68408
24.46382451057434,68408
24.464675664901733,68408
24.465522289276123,68408
24.466378927230835,68408
24.467233419418335,68408
24.46809196472168,68408
24.468950033187866,68408
24.46980333328247,68408
24.470658540725708,68408
24.471503973007202,68408
24.472355842590332,68408
24.473212003707886,68408
24.474076986312866,68408
24.474933385849,68408
24.475785970687866,68408
24.47664165496826,68408
24.4774911403656,68408
24.47834277153015,68408
24.4792001247406,68408
24.480055332183838,68408
24.480910301208496,68408
24.48176646232605,68408
24.482622146606445,68408
24.48346972465515,68408
24.48433017730713,68408
24.48518395423889,68408
24.486039638519287,68408
24.486896753311157,68408
24.487751007080078,68408
24.488605737686157,68408
24.489450454711914,68408
24.490305185317993,68408
24.491159677505493,68408
24.49201202392578,68408
24.492864847183228,68408
24.49372959136963,68408
24.494585752487183,68408
24.495431423187256,68408
24.496283292770386,68408
24.497141122817993,68408
24.497993230819702,68408
24.498844861984253,68408
24.499696016311646,68408
24.500540494918823,68408
24.501394271850586,68408
24.502249002456665,68408
24.503101110458374,68408
24.503966331481934,68408
24.50481677055359,68408
24.505670070648193,68408
24.506515502929688,68408
24.50736927986145,68408
24.508222341537476,68408
24.509076833724976,68408
24.509928941726685,68408
24.510779857635498,68408
24.511634588241577,68408
24.512481212615967,68408
24.51332950592041,68408
24.51419186592102,68408
24.51504135131836,68408
24.51589322090149,68408
24.516742706298828,68408
24.517593383789062,68408
24.518435955047607,68408
24.519289016723633,68408
24.520144939422607,68408
24.520999908447266,68408
24.521854877471924,68408
24.52270793914795,68408
24.5235493183136,68408
24.524412631988525,68408
24.525264739990234,68408
24.526118516921997,68408
24.52697253227234,68408
24.527827262878418,68408
24.528677225112915,68408
24.529525995254517,68408
24.53037691116333,68408
24.531230211257935,68408
24.53208589553833,68408
24.532944440841675,68408
24.533807277679443,68408
24.534659147262573,68408
24.5355064868927,68408
24.536359548568726,68408
24.537213802337646,68408
24.538072109222412,68408
24.538925647735596,68408
24.539777517318726,68408
24.540628910064697,68408
24.541472673416138,68408
24.542323112487793,68408
24.543175220489502,68408
24.5440411567688,68408
24.54489541053772,68408
24.54575228691101,68408
24.546606302261353,68408
24.54745388031006,68408
24.54830503463745,68408
24.549161434173584,68408
24.550017833709717,68408
24.550867795944214,68408
24.551720142364502,68408
24.552571773529053,68408
24.55341911315918,68408
24.554283380508423,68408
24.555140733718872,68408
24.555995225906372,68408
24.55684542655945,68408
24.557696104049683,68408
24.558542251586914,68408
24.559394359588623,68408
24.56024980545044,68408
24.561110496520996,68408
24.561967372894287,68408
24.562819242477417,68408
24.563682794570923,68408
24.564527988433838,68408
24.565380573272705,68408
24.566231727600098,68408
24.56708788871765,68408
24.567944288253784,68408
24.568796634674072,68408
24.569650888442993,68408
24.57049870491028,68408
24.571351289749146,68408
24.572206020355225,68408
24.573059797286987,68408
24.573925495147705,68408
24.574774980545044,68408
24.575631141662598,68408
24.57647967338562,68408
24.577330112457275,68408
24.57818031311035,68408
24.57903265953064,68408
24.57988929748535,68408
24.58073902130127,68408
24.581592559814453,68408
24.582439184188843,68408
24.58329200744629,68408
24.58415651321411,68408
24.585009813308716,68408
24.585863828659058,68408
24.586716175079346,68408
24.587565898895264,68408
24.588414669036865,68408
24.58926796913147,68408
24.590123891830444,68408
24.590975999832153,68408
24.59182906150818,68408
24.592684745788574,68408
24.593526601791382,68408
24.594391345977783,68408
24.59524655342102,68408
24.596099376678467,68408
24.596951007843018,68408
24.59780192375183,68408
24.59865641593933,68408
24.599504470825195,68408
24.60035514831543,68408
24.601210355758667,68408
24.60206365585327,68408
24.602914571762085,68408
24.60377812385559,68408
24.60462975502014,68408
24.605475425720215,68408
24.606329679489136,68408
24.607186317443848,68408
24.60805320739746,68408
24.608907222747803,68408
24.60975933074951,68408
24.610612154006958,68408
24.611459493637085,68408
24.612311124801636,68408
24.61316466331482,68408
24.614030599594116,68408
24.614885568618774,68408
24.61573886871338,68408
24.61659002304077,68408
24.617433071136475,68408
24.61828589439392,68408
24.619139671325684,68408
24.619993686676025,68408
24.620842933654785,68408
24.621695280075073,68408
24.62253999710083,68408
24.623394012451172,68408
24.6242618560791,68408
24.625114917755127,68408
24.625967979431152,68408
24.626819372177124,68408
24.627670526504517,68408
24.62851881980896,68408
24.6293728351593,68408
24.63022756576538,68408
24.63108539581299,68408
24.631940841674805,68408
24.632792949676514,68408
24.633658170700073,68408
24.634504318237305,68408
24.635353565216064,68408
24.636205434799194,68408
24.63706088066101,68408
24.637913465499878,68408
24.638761520385742,68408
24.63961410522461,68408
24.64046025276184,68408
24.641313552856445,68408
24.642165422439575,68408
24.6430184841156,68408
24.643882989883423,68408
24.64473843574524,68408
24.645593404769897,68408
24.646443605422974,68408
24.647292137145996,68408
24.648144245147705,68408
24.649000883102417,68408
24.64985227584839,68408
24.65070080757141,68408
24.65154457092285,68408
24.65239644050598,68408
24.65324902534485,68408
24.65411686897278,68408
24.654971599578857,68408
24.655824422836304,68408
24.656678915023804,68408
24.65752339363098,68408
24.65837597846985,68408
24.65922713279724,68408
24.660080432891846,68408
24.660937547683716,68408
24.66178846359253,68408
24.66264295578003,68408
24.66348934173584,68408
24.664350986480713,68408
24.665206909179688,68408
24.66606044769287,68408
24.66691565513611,68408
24.667766332626343,68408
24.66861891746521,68408
24.66946816444397,68408
24.6703200340271,68408
24.671170949935913,68408
24.67202591896057,68408
24.67287826538086,68408
24.67373561859131,68408
24.674582958221436,68408
24.675430297851562,68408
24.67628288269043,68408
24.67713689804077,68408
24.67799139022827,68408
24.678843021392822,68408
24.67969822883606,68408
24.6805419921875,68408
24.681392908096313,68408
24.682249546051025,68408
24.683106660842896,68408
24.683971643447876,68408
24.6848247051239,68408
24.685677766799927,68408
24.686519622802734,68408
24.687371015548706,68408
24.688225984573364,68408
24.689080238342285,68408
24.689934253692627,68408
24.6907856464386,68408
24.691641092300415,68408
24.69248676300049,68408
24.693338871002197,68408
24.6942036151886,68408
24.695059061050415,68408
24.695912837982178,68408
24.696763277053833,68408
24.697615146636963,68408
24.698461055755615,68408
24.69931197166443,68408
24.700168132781982,68408
24.701021194458008,68408
24.70187473297119,68408
24.70272469520569,68408
24.7035813331604,68408
24.70442819595337,68408
24.70528221130371,68408
24.70613408088684,68408
24.706987857818604,68408
24.707841396331787,68408
24.70869493484497,68408
24.709539890289307,68408
24.710392236709595,68408
24.7112455368042,68408
24.71210265159607,68408
24.71295690536499,68408
24.713818788528442,68408
24.71467137336731,68408
24.71552038192749,68408
24.71637201309204,68408
24.717227458953857,68408
24.718081951141357,68408
24.718936443328857,68408
24.719789028167725,68408
24.720644235610962,68408
24.721489667892456,68408
24.722342252731323,68408
24.72319531440735,68408
24.724058628082275,68408
24.72491431236267,68408
24.725768566131592,68408
24.72662091255188,68408
24.72746777534485,68408
24.728320598602295,68408
24.729174852371216,68408
24.730027198791504,68408
24.730881452560425,68408
24.7317316532135,68408
24.732582807540894,68408
24.733432054519653,68408
24.734297037124634,68408
24.735153913497925,68408
24.736006021499634,68408
24.736859560012817,68408
24.737712860107422,68408
24.738564491271973,68408
24.739415407180786,68408
24.740265369415283,68408
24.74111819267273,68408
24.741971254348755,68408
24.742826223373413,68408
24.74368977546692,68408
24.744535446166992,68408
24.74539017677307,68408
24.74624252319336,68408
24.747095823287964,68408
24.74794864654541,68408
24.748799800872803,68408
24.749655961990356,68408
24.750508069992065,68408
24.751357316970825,68408
24.75221061706543,68408
24.753063678741455,68408
24.753926753997803,68408
24.75477910041809,68408
24.75563097000122,68408
24.75647783279419,68408
24.757331609725952,68408
24.758184909820557,68408
24.759039163589478,68408
24.759893894195557,68408
24.760745525360107,68408
24.761595010757446,68408
24.762442588806152,68408
24.76329517364502,68408
24.764160871505737,68408
24.765015602111816,68408
24.765867471694946,68408
24.766721487045288,68408
24.76757526397705,68408
24.76842212677002,68408
24.769275188446045,68408
24.77013063430786,68408
24.770986080169678,68408
24.77183961868286,68408
24.77269434928894,68408
24.77354145050049,68408
24.774406909942627,68408
24.77526092529297,68408
24.77611231803894,68408
24.776966094970703,68408
24.777817487716675,68408
24.778669357299805,68408
24.7795147895813,68408
24.78036856651306,68408
24.78122043609619,68408
24.78207755088806,68408
24.78293514251709,68408
24.783798694610596,68408
24.784656286239624,68408
24.78550362586975,68408
24.78635835647583,68408
24.787216901779175,68408
24.788071632385254,68408
24.788928508758545,68408
24.789774894714355,68408
24.790629625320435,68408
24.791478633880615,68408
24.79233145713806,68408
24.79318618774414,68408
24.794052839279175,68408
24.794907331466675,68408
24.795759916305542,68408
24.796608448028564,68408
24.79745626449585,68408
24.798308610916138,68408
24.79916524887085,68408
24.800018787384033,68408
24.800870895385742,68408
24.801725149154663,68408
24.80257511138916,68408
24.803422212600708,68408
24.80428671836853,68408
24.805139780044556,68408
24.805996417999268,68408
24.806848764419556,68408
24.80770206451416,68408
24.808547973632812,68408
24.8094003200531,68408
24.81025457382202,68408
24.811110734939575,68408
24.8119695186615,68408
24.81282138824463,68408
24.813681840896606,68408
24.814528465270996,68408
24.81537699699402,68408
24.816229581832886,68408
24.81708335876465,68408
24.817938804626465,68408
24.81879234313965,68408
24.819647550582886,68408
24.820494890213013,68408
24.82134699821472,68408
24.822202444076538,68408
24.823058366775513,68408
24.82392191886902,68408
24.82477569580078,68408
24.82562756538391,68408
24.826471090316772,68408
24.827322483062744,68408
24.82817816734314,68408
24.829031467437744,68408
24.82988452911377,68408
24.83073925971985,68408
24.8315908908844,68408
24.832437753677368,68408
24.833292484283447,68408
24.834158420562744,68408
24.83501362800598,68408
24.835869312286377,68408
24.83672595024109,68408
24.83757495880127,68408
24.838422536849976,68408
24.839277029037476,68408
24.84013342857361,68408
24.840986490249634,68408
24.84183955192566,68408
24.842693328857422,68408
24.84353804588318,68408
24.844402313232422,68408
24.845256805419922,68408
24.846113204956055,68408
24.84696650505066,68408
24.84781527519226,68408
24.848670721054077,68408
24.849515438079834,68408
24.850366592407227,68408
24.851223468780518,68408
24.85207748413086,68408
24.852932691574097,68408
24.853787660598755,68408
24.85464382171631,68408
24.855490922927856,68408
24.856340408325195,68408
24.85719585418701,68408
24.858047485351562,68408
24.85890293121338,68408
24.85975670814514,68408
24.860612869262695,68408
24.861460208892822,68408
24.862311363220215,68408
24.86316680908203,68408
24.86403179168701,68408
24.86488366127014,68408
24.865736484527588,68408
24.866588354110718,68408
24.867435455322266,68408
24.868287324905396,68408
24.86914300918579,68408
24.869994401931763,68408
24.870848894119263,68408
24.87170100212097,68408
24.87254762649536,68408
24.873400449752808,68408
24.874263286590576,68408
24.875118017196655,68408
24.875970602035522,68408
24.876821041107178,68408
24.877673149108887,68408
24.87852191925049,68408
24.87937355041504,68408
24.8802273273468,68408
24.88107943534851,68408
24.881934642791748,68408
24.882786512374878,68408
24.883647441864014,68408
24.884496450424194,68408
24.8853497505188,68408
24.88620686531067,68408
24.88706088066101,68408
24.887914657592773,68408
24.88876485824585,68408
24.88961625099182,68408
24.890461683273315,68408
24.891313076019287,68408
24.89216637611389,68408
24.89302349090576,68408
24.893887758255005,68408
24.894740104675293,68408
24.895594596862793,68408
24.896442890167236,68408
24.897297620773315,68408
24.898150205612183,68408
24.89900231361389,68408
24.89985489845276,68408
24.900704860687256,68408
24.90155005455017,68408
24.902400970458984,68408
24.9032564163208,68408
24.904120445251465,68408
24.904975175857544,68408
24.90582513809204,68408
24.906677961349487,68408
24.907524824142456,68408
24.90837526321411,68408
24.909229278564453,68408
24.910085201263428,68408
24.910937070846558,68408
24.911787271499634,68408
24.91264295578003,68408
24.91348934173584,68408
24.91435146331787,68408
24.915207147598267,68408
24.91606092453003,68408
24.916918992996216,68408
24.917770862579346,68408
24.918625593185425,68408
24.919472694396973,68408
24.920326232910156,68408
24.921180486679077,68408
24.922033309936523,68408
24.922890186309814,68408
24.923752307891846,68408
24.924604415893555,68408
24.92545199394226,68408
24.926305532455444,68408
24.92716360092163,68408
24.92801833152771,68408
24.928874254226685,68408
24.929732084274292,68408
24.930582761764526,68408
24.931429624557495,68408
24.932283401489258,68408
24.93313765525818,68408
24.934003353118896,68408
24.934854984283447,68408
24.935709476470947,68408
24.93655514717102,68408
24.93740940093994,68408
24.938263177871704,68408
24.93911600112915,68408
24.939969539642334,68408
24.940821409225464,68408
24.941675662994385,68408
24.942525148391724,68408
24.94337773323059,68408
24.944242477416992,68408
24.945099592208862,68408
24.945953845977783,68408
24.946810007095337,68408
24.9476637840271,68408
24.948509454727173,68408
24.949363470077515,68408
24.950215578079224,68408
24.951073169708252,68408
24.951927185058594,68408
24.95278024673462,68408
24.953644275665283,68408
24.954492568969727,68408
24.955345392227173,68408
24.9562029838562,68408
24.957054615020752,68408
24.95791220664978,68408
24.95876693725586,68408
24.95962429046631,68408
24.96047067642212,68408
24.96132254600525,68408
24.962178707122803,68408
24.963032722473145,68408
24.963898181915283,68408
24.964748859405518,68408
24.965602159500122,68408
24.966447353363037,68408
24.967297554016113,68408
24.968151569366455,68408
24.96900463104248,68408
24.969857454299927,68408
24.970710277557373,68408
24.971556425094604,68408
24.972408771514893,68408
24.973267793655396,68408
24.974131107330322,68408
24.97498655319214,68408
24.975839614868164,68408
24.976696491241455,68408
24.977542400360107,68408
24.978395223617554,68408
24.979251623153687,68408
24.980108499526978,68408
24.980961799621582,68408
24.98181438446045,68408
24.98266625404358,68408
24.983508825302124,68408
24.98436999320984,68408
24.985227823257446,68408
24.986082553863525,68408
24.986937284469604,68408
24.987788438796997,68408
24.98864459991455,68408
24.989490270614624,68408
24.99034547805786,68408
24.9912006855011,68408
24.992055892944336,68408
24.99290895462036,68408
24.993772268295288,68408
24.994621753692627,68408
24.995468378067017,68408
24.996321201324463,68408
24.99717617034912,68408
24.998030424118042,68408
24.998883962631226,68408
24.999741554260254,68408
25.00059461593628,68408
25.001442432403564,68408
25.00229549407959,68408
25.003151416778564,68408
25.004014492034912,68408
25.00486969947815,68408
25.005719900131226,68408
25.006574392318726,68408
25.007418632507324,68408
25.008270978927612,68408
25.009127616882324,68408
25.0099778175354,68408
25.01082992553711,68408
25.011679649353027,68408
25.012526988983154,68408
25.013383865356445,68408
25.01424741744995,68408
25.015104293823242,68408
25.015961170196533,68408
25.016813039779663,68408
25.017664194107056,68408
25.018508911132812,68408
25.0193612575531,68408
25.020217180252075,68408
25.02107262611389,68408
25.02192759513855,68408
25.022780656814575,68408
25.023643255233765,68408
25.02449107170105,68408
25.025344610214233,68408
25.02620244026184,68408
25.027055025100708,68408
25.027907133102417,68408
25.028760194778442,68408
25.029617309570312,68408
25.030466556549072,68408
25.031318426132202,68408
25.032172203063965,68408
25.03302836418152,68408
25.03389620780945,68408
25.034749269485474,68408
25.03560471534729,68408
25.036453247070312,68408
25.037307739257812,68408
25.03816509246826,68408
25.039017915725708,68408
25.039867639541626,68408
25.040722608566284,68408
25.041576862335205,68408
25.042423725128174,68408
25.043277502059937,68408
25.044138431549072,68408
25.044996738433838,68408
25.045846462249756,68408
25.046701669692993,68408
25.04754662513733,68408
25.048400402069092,68408
25.049256324768066,68408
25.050110340118408,68408
25.050967693328857,68408
25.05182123184204,68408
25.052672147750854,68408
25.053519248962402,68408
25.05437707901001,68408
25.055230379104614,68408
25.05608892440796,68408
25.056942462921143,68408
25.057796478271484,68408
25.058650255203247,68408
25.059496641159058,68408
25.060346841812134,68408
25.06119966506958,68408
25.062054872512817,68408
25.06290626525879,68408
25.063772678375244,68408
25.064628839492798,68408
25.065476655960083,68408
25.066331148147583,68408
25.067187547683716,68408
25.06804132461548,68408
25.068897247314453,68408
25.069746494293213,68408
25.07059931755066,68408
25.071442127227783,68408
25.07229208946228,68408
25.073142528533936,68408
25.07400679588318,68408
25.07486081123352,68408
25.075712203979492,68408
25.07655429840088,68408
25.077407121658325,68408
25.078260898590088,68408
25.079116582870483,68408
25.079967737197876,68408
25.080821752548218,68408
25.08167338371277,68408
25.082522869110107,68408
25.08337426185608,68408
25.084240913391113,68408
25.085096836090088,68408
25.085947513580322,68408
25.086795330047607,68408
25.087651014328003,68408
25.088493824005127,68408
25.08934497833252,68408
25.09019708633423,68408
25.091051816940308,68408
25.091904401779175,68408
25.092758655548096,68408
25.093621730804443,68408
25.094472646713257,68408
25.09532642364502,68408
25.096181392669678,68408
25.09703516960144,68408
25.09789276123047,68408
25.098747491836548,68408
25.099602222442627,68408
25.100452184677124,68408
25.101304054260254,68408
25.102159023284912,68408
25.103010892868042,68408
25.103872776031494,68408
25.104726791381836,68408
25.105576515197754,68408
25.10642695426941,68408
25.107279777526855,68408
25.108136892318726,68408
25.10899329185486,68408
25.109848737716675,68408
25.11069965362549,68408
25.1115460395813,68408
25.112394332885742,68408
25.113245964050293,68408
25.114113330841064,68408
25.11496925354004,68408
25.115819215774536,68408
25.116673469543457,68408
25.11752152442932,68408
25.118372917175293,68408
25.11922860145569,68408
25.12007975578308,68408
25.120935678482056,68408
25.12179207801819,68408
25.122647285461426,68408
25.123496294021606,68408
25.124358415603638,68408
25.125212907791138,68408
25.126068115234375,68408
25.126922130584717,68408
25.127772331237793,68408
25.12862515449524,68408
25.129470825195312,68408
25.130322694778442,68408
25.13117265701294,68408
25.13202667236328,68408
25.132880687713623,68408
25.13374137878418,68408
25.13459324836731,68408
25.135443925857544,68408
25.13629651069641,68408
25.137152433395386,68408
25.138004541397095,68408
25.138859272003174,68408
25.13970971107483,68408
25.140563011169434,68408
25.14141082763672,68408
25.14226508140564,68408
25.143120527267456,68408
25.143985271453857,68408
25.144837379455566,68408
25.145694255828857,68408
25.14653968811035,68408
25.14739418029785,68408
25.148245573043823,68408
25.149102687835693,68408
25.149954319000244,68408
25.150806188583374,68408
25.151658058166504,68408
25.152501821517944,68408
25.15335702896118,68408
25.154218912124634,68408
25.155072689056396,68408
25.15592622756958,68408
25.156776428222656,68408
25.15762996673584,68408
25.158475875854492,68408
25.159331560134888,68408
25.160184621810913,68408
25.16104292869568,68408
25.161895036697388,68408
25.162749767303467,68408
25.163608074188232,68408
25.16445565223694,68408
25.165305852890015,68408
25.166157722473145,68408
25.167012214660645,68408
25.167866230010986,68408
25.168720245361328,68408
25.16956925392151,68408
25.17041850090027,68408
25.171273946762085,68408
25.172126054763794,68408
25.172984838485718,68408
25.17384433746338,68408
25.174699783325195,68408
25.1755473613739,68408
25.1764018535614,68408
25.177262544631958,68408
25.178118228912354,68408
25.17897319793701,68408
25.17982530593872,68408
25.180676221847534,68408
25.181523084640503,68408
25.182373046875,68408
25.18322730064392,68408
25.18409037590027,68408
25.184945583343506,68408
25.185797452926636,68408
25.18665075302124,68408
25.187498807907104,68408
25.188352346420288,68408
25.18920350074768,68408
25.190058946609497,68408
25.19091248512268,68408
25.191760778427124,68408
25.19261598587036,68408
25.193462133407593,68408
25.194324016571045,68408
25.195180654525757,68408
25.1960346698761,68408
25.196889400482178,68408
25.197741270065308,68408
25.198591709136963,68408
25.199438333511353,68408
25.20029330253601,68408
25.20114827156067,68408
25.20199942588806,68408
25.202852249145508,68408
25.203713178634644,68408
25.204564571380615,68408
25.205410480499268,68408
25.206263780593872,68408
25.207122087478638,68408
25.207975149154663,68408
25.208827018737793,68408
25.20967984199524,68408
25.210525035858154,68408
25.21138048171997,68408
25.21223473548889,68408
25.21308994293213,68408
25.213953018188477,68408
25.214806079864502,68408
25.21566081047058,68408
25.21650528907776,68408
25.21735692024231,68408
25.218210220336914,68408
25.219065189361572,68408
25.219917058944702,68408
25.220768690109253,68408
25.221619367599487,68408
25.222466468811035,68408
25.223315000534058,68408
25.224180459976196,68408
25.225034475326538,68408
25.225890636444092,68408
25.226741075515747,68408
25.227591276168823,68408
25.228440523147583,68408
25.229293823242188,68408
25.230146169662476,68408
25.23100447654724,68408
25.23185658454895,68408
25.23270845413208,68408
25.2335524559021,68408
25.234413862228394,68408
25.235267639160156,68408
25.236125230789185,68408
25.236980676651,68408
25.23783302307129,68408
25.238687753677368,68408
25.239530324935913,68408
25.240378379821777,68408
25.241233587265015,68408
25.242087841033936,68408
25.242952823638916,68408
25.243814706802368,68408
25.244667053222656,68408
25.24551558494568,68408
25.24636721611023,68408
25.247220993041992,68408
25.24807596206665,68408
25.248932600021362,68408
25.24978518486023,68408
25.25063681602478,68408
25.251481771469116,68408
25.25233483314514,68408
25.25318956375122,68408
25.254056692123413,68408
25.254911184310913,68408
25.255762577056885,68408
25.25661563873291,68408
25.257460117340088,68408
25.25831174850464,68408
25.259163856506348,68408
25.260018825531006,68408
25.260873079299927,68408
25.261729955673218,68408
25.26258420944214,68408
25.263432264328003,68408
25.26429796218872,68408
25.2651526927948,68408
25.266002655029297,68408
25.266855001449585,68408
25.267704725265503,68408
25.268550395965576,68408
25.269401788711548,68408
25.270256996154785,68408
25.271109580993652,68408
25.27196502685547,68408
25.272815942764282,68408
25.27367925643921,68408
25.27452516555786,68408
25.27537775039673,68408
25.27622961997986,68408
25.277082920074463,68408
25.277936220169067,68408
25.27879047393799,68408
25.27964448928833,68408
25.28049349784851,68408
25.28134536743164,68408
25.282199382781982,68408
25.283056020736694,68408
25.283923149108887,68408
25.284777879714966,68408
25.28563117980957,68408
25.286476850509644,68408
25.287331342697144,68408
25.288190841674805,68408
25.289044857025146,68408
25.28989815711975,68408
25.290751695632935,68408
25.291599988937378,68408
25.292449235916138,68408
25.29330015182495,68408
25.294162273406982,68408
25.295016765594482,68408
25.295872449874878,68408
25.296726942062378,68408
25.29757809638977,68408
25.29842734336853,68408
25.299281358718872,68408
25.300135850906372,68408
25.300994873046875,68408
25.301843643188477,68408
25.302698612213135,68408
25.303544282913208,68408
25.30440616607666,68408
25.305259704589844,68408
25.306113958358765,68408
25.306968688964844,68408
25.307822465896606,68408
25.30867314338684,68408
25.30952000617981,68408
25.310373067855835,68408
25.311228275299072,68408
25.312085390090942,68408
25.312943696975708,68408
25.31380605697632,68408
25.31466031074524,68408
25.31550621986389,68408
25.316355228424072,68408
25.317206382751465,68408
25.31806206703186,68408
25.318914890289307,68408
25.319769382476807,68408
25.320621967315674,68408
25.321467638015747,68408
25.322322607040405,68408
25.323177099227905,68408
25.324039936065674,68408
25.324889183044434,68408
25.32574152946472,68408
25.326595306396484,68408
25.327441930770874,68408
25.328294038772583,68408
25.32914900779724,68408
25.330002069473267,68408
25.330857276916504,68408
25.331708431243896,68408
25.332553386688232,68408
25.333405256271362,68408
25.334269046783447,68408
25.335121870040894,68408
25.335973024368286,68408
25.336827516555786,68408
25.337680101394653,68408
25.33852505683899,68408
25.339378118515015,68408
25.340232610702515,68408
25.341086864471436,68408
25.341941118240356,68408
25.342791080474854,68408
25.343653678894043,68408
25.34450054168701,68408
25.34535264968872,68408
25.34620690345764,68408
25.34706163406372,68408
25.347918033599854,68408
25.348771333694458,68408
25.3496253490448,68408
25.35047698020935,68408
25.35132908821106,68408
25.35218381881714,68408
25.35303544998169,68408
25.353899240493774,68408
25.354751110076904,68408
25.355604887008667,68408
25.3564510345459,68408
25.357303857803345,68408
25.358158588409424,68408
25.359013557434082,68408
25.35986590385437,68408
25.360719919204712,68408
25.361571788787842,68408
25.362420558929443,68408
25.36327362060547,68408
25.364137172698975,68408
25.364991188049316,68408
25.365845203399658,68408
25.366697549819946,68408
25.367541551589966,68408
25.368391036987305,68408
25.369245290756226,68408
25.370096683502197,68408
25.37095046043396,68408
25.37180256843567,68408
25.372657775878906,68408
25.373505353927612,68408
25.374367713928223,68408
25.37522006034851,68408
25.376076459884644,68408
25.37692618370056,68408
25.377777099609375,68408
25.378632307052612,68408
25.379481554031372,68408
25.380332946777344,68408
25.381189346313477,68408
25.382041692733765,68408
25.382896423339844,68408
25.383756637573242,68408
25.384612321853638,68408
25.38545799255371,68408
25.38631010055542,68408
25.387163400650024,68408
25.388019561767578,68408
25.388874053955078,68408
25.389729499816895,68408
25.390578031539917,68408
25.391424417495728,68408
25.39227795600891,68408
25.393129348754883,68408
25.39398956298828,68408
25.39484405517578,68408
25.39569330215454,68408
25.396539211273193,68408
25.397390127182007,68408
25.39824414253235,68408
25.399102449417114,68408
25.399956464767456,68408
25.400808334350586,68408
25.40165901184082,68408
25.40250325202942,68408
25.403356313705444,68408
25.404220581054688,68408
25.4050772190094,68408
25.405930995941162,68408
25.406782627105713,68408
25.407637357711792,68408
25.408483266830444,68408
25.409334421157837,68408
25.41018557548523,68408
25.411037921905518,68408
25.411895513534546,68408
25.412745714187622,68408
25.41360330581665,68408
25.4144549369812,68408
25.41530680656433,68408
25.416162490844727,68408
25.417016983032227,68408
25.41786766052246,68408
25.41871929168701,68408
25.419567108154297,68408
25.42041325569153,68408
25.42126154899597,68408
25.42211413383484,68408
25.42296600341797,68408
25.423827171325684,68408
25.424681186676025,68408
25.42552924156189,68408
25.426382541656494,68408
25.427234411239624,68408
25.428086757659912,68408
25.42894434928894,68408
25.42979383468628,68408
25.43065071105957,68408
25.431496620178223,68408
25.432348489761353,68408
25.433202505111694,68408
25.43406653404236,68408
25.43492102622986,68408
25.43577265739441,68408
25.43662452697754,68408
25.437471389770508,68408
25.438318967819214,68408
25.439173698425293,68408
25.44002890586853,68408
25.44088315963745,68408
25.441736936569214,68408
25.442590951919556,68408
25.44343614578247,68408
25.444295644760132,68408
25.445147037506104,68408
25.44600009918213,68408
25.446850776672363,68408
25.44770336151123,68408
25.448549509048462,68408
25.449402809143066,68408
25.45025634765625,68408
25.451112031936646,68408
25.451966047286987,68408
25.452820777893066,68408
25.453680992126465,68408
25.454529285430908,68408
25.455378532409668,68408
25.45622968673706,68408
25.457083463668823,68408
25.45794105529785,68408
25.45879316329956,68408
25.45964765548706,68408
25.460495710372925,68408
25.461344718933105,68408
25.46219515800476,68408
25.463047742843628,68408
25.46390986442566,68408
25.464762449264526,68408
25.465615034103394,68408
25.466465711593628,68408
25.467317819595337,68408
25.468170404434204,68408
25.469024658203125,68408
25.46987795829773,68408
25.470728874206543,68408
25.47158122062683,68408
25.472427368164062,68408
25.4732825756073,68408
25.47414779663086,68408
25.47500252723694,68408
25.475855827331543,68408
25.476706504821777,68408
25.477553844451904,68408
25.478408575057983,68408
25.47925877571106,68408
25.480114221572876,68408
25.480968952178955,68408
25.48182225227356,68408
25.48267889022827,68408
25.48352575302124,68408
25.48438811302185,68408
25.485240697860718,68408
25.486095190048218,68408
25.486950159072876,68408
25.48780083656311,68408
25.488653898239136,68408
25.489499807357788,68408
25.490357637405396,68408
25.491210460662842,68408
25.49206233024597,68408
25.492915868759155,68408
25.4937801361084,68408
25.49463391304016,68408
25.49547839164734,68408
25.49632978439331,68408
25.497183799743652,68408
25.49803853034973,68408
25.498892068862915,68408
25.49974489212036,68408
25.50059723854065,68408
25.50144934654236,68408
25.502304077148438,68408
25.503158569335938,68408
25.504021406173706,68408
25.50487184524536,68408
25.505725145339966,68408
25.506572484970093,68408
25.50741934776306,68408
25.508275508880615,68408
25.50913095474243,68408
25.5099835395813,68408
25.510836601257324,68408
25.511690616607666,68408
25.512534379959106,68408
25.513386964797974,68408
25.5142502784729,68408
25.515103578567505,68408
25.515960931777954,68408
25.516810655593872,68408
25.517662525177002,68408
25.51850914955139,68408
25.519360780715942,68408
25.520214319229126,68408
25.521066904067993,68408
25.52191948890686,68408
25.52277374267578,68408
25.523634672164917,68408
25.524481773376465,68408
25.525333166122437,68408
25.52618956565857,68408
25.52704620361328,68408
25.52789831161499,68408
25.528753995895386,68408
25.529605627059937,68408
25.530449390411377,68408
25.53130602836609,68408
25.53215742111206,68408
25.53301191329956,68408
25.53387427330017,68408
25.534730195999146,68408
25.53558349609375,68408
25.536428213119507,68408
25.537282705307007,68408
25.538137674331665,68408
25.538989543914795,68408
25.539840936660767,68408
25.540692567825317,68408
25.54154324531555,68408
25.542397260665894,68408
25.54324960708618,68408
25.544113159179688,68408
25.544969081878662,68408
25.54582452774048,68408
25.54667568206787,68408
25.547523021697998,68408
25.548377752304077,68408
25.54923152923584,68408
25.55008602142334,68408
25.55094289779663,68408
25.55179524421692,68408
25.552648067474365,68408
25.553492784500122,68408
25.554354429244995,68408
25.55521011352539,68408
25.556066274642944,68408
25.556923151016235,68408
25.557772636413574,68408
25.55862593650818,68408
25.5594699382782,68408
25.560322046279907,68408
25.561176776885986,68408
25.56202721595764,68408
25.562882900238037,68408
25.563745260238647,68408
25.5645968914032,68408
25.565446615219116,68408
25.566301584243774,68408
25.567156076431274,68408
25.56800937652588,68408
25.56886315345764,68408
25.56971526145935,68408
25.570563793182373,68408
25.57141399383545,68408
25.572271585464478,68408
25.57312774658203,68408
25.573994159698486,68408
25.574848651885986,68408
25.57570242881775,68408
25.576547145843506,68408
25.577401161193848,68408
25.578253269195557,68408
25.57910656929016,68408
25.579960107803345,68408
25.580811500549316,68408
25.58165955543518,68408
25.582506895065308,68408
25.5833580493927,68408
25.584224462509155,68408
25.585076332092285,68408
25.585930585861206,68408
25.58678698539734,68408
25.58763885498047,68408
25.58848786354065,68408
25.58933997154236,68408
25.5901939868927,68408
25.591048002243042,68408
25.591898918151855,68408
25.59275197982788,68408
25.593613624572754,68408
25.5944607257843,68408
25.59531331062317,68408
25.59616708755493,68408
25.597020626068115,68408
25.597869634628296,68408
25.598716974258423,68408
25.59957218170166,68408
25.600417613983154,68408
25.601275205612183,68408
25.602131843566895,68408
25.60298466682434,68408
25.603843927383423,68408
25.604698181152344,68408
25.605541944503784,68408
25.606395483016968,68408
25.607248783111572,68408
25.608112812042236,68408
25.60896134376526,68408
25.609816312789917,68408
25.610671281814575,68408
25.611515522003174,68408
25.612367630004883,68408
25.613218307495117,68408
25.614081621170044,68408
25.614933967590332,68408
25.615783214569092,68408
25.616636514663696,68408
25.617480516433716,68408
25.618333101272583,68408
25.619184255599976,68408
25.620038270950317,68408
25.620890617370605,68408
25.621742963790894,68408
25.62259340286255,68408
25.623443841934204,68408
25.624305248260498,68408
25.625162839889526,68408
25.62601590156555,68408
25.62687110900879,68408
25.62772250175476,68408
25.62857437133789,68408
25.629424333572388,68408
25.63027787208557,68408
25.631136417388916,68408
25.63198947906494,68408
25.63283896446228,68408
25.633702516555786,68408
25.63454794883728,68408
25.6354022026062,68408
25.63625717163086,68408
25.63711404800415,68408
25.637967348098755,68408
25.638819217681885,68408
25.639670848846436,68408
25.64051580429077,68408
25.641364574432373,68408
25.64221978187561,68408
25.64307188987732,68408
25.64393377304077,68408
25.644785165786743,68408
25.645637035369873,68408
25.646483421325684,68408
25.64733099937439,68408
25.64818263053894,68408
25.649035692214966,68408
25.6498863697052,68408
25.650737524032593,68408
25.651586055755615,68408
25.652430534362793,68408
25.653281688690186,68408
25.654148817062378,68408
25.65500569343567,68408
25.65585684776306,68408
25.656712532043457,68408
25.65756320953369,68408
25.658411502838135,68408
25.659263372421265,68408
25.660114765167236,68408
25.660969972610474,68408
25.661821126937866,68408
25.662675619125366,68408
25.663520574569702,68408
25.664379596710205,68408
25.66523051261902,68408
25.66608500480652,68408
25.6669340133667,68408
25.667790174484253,68408
25.668642044067383,68408
25.66948890686035,68408
25.670343160629272,68408
25.67119860649109,68408
25.672054529190063,68408
25.672910690307617,68408
25.67376971244812,68408
25.674622297286987,68408
25.675467491149902,68408
25.676318645477295,68408
25.67717170715332,68408
25.67802667617798,68408
25.678876876831055,68408
25.679726600646973,68408
25.680577039718628,68408
25.681421279907227,68408
25.682273387908936,68408
25.683127641677856,68408
25.68398928642273,68408
25.684842824935913,68408
25.685694694519043,68408
25.686543703079224,68408
25.687395334243774,68408
25.688249826431274,68408
25.689106225967407,68408
25.689961910247803,68408
25.690813302993774,68408
25.691664934158325,68408
25.692511558532715,68408
25.693363428115845,68408
25.694227695465088,68408
25.695085287094116,68408
25.695939540863037,68408
25.696794986724854,68408
25.697651147842407,68408
25.69849419593811,68408
25.699347496032715,68408
25.700200080871582,68408
25.701053619384766,68408
25.701907873153687,68408
25.702755451202393,68408
25.70361828804016,68408
25.70446228981018,68408
25.705315113067627,68408
25.70616841316223,68408
25.707023859024048,68408
25.707940816879272,68408
25.708794116973877,68408
25.70964479446411,68408
25.710489511489868,68408
25.711342811584473,68408
25.712198495864868,68408
25.71305203437805,68408
25.713913440704346,68408
25.71476912498474,68408
25.71561861038208,68408
25.716461896896362,68408
25.71731185913086,68408
25.718164682388306,68408
25.719017267227173,68408
25.71987295150757,68408
25.720720529556274,68408
25.721575021743774,68408
25.722421646118164,68408
25.72327709197998,68408
25.72414493560791,68408
25.72499990463257,68408
25.725850820541382,68408
25.726702451705933,68408
25.727545976638794,68408
25.7283992767334,68408
25.729249238967896,68408
25.73010563850403,68408
25.730961322784424,68408
25.731812238693237,68408
25.732664108276367,68408
25.73350739479065,68408
25.73436713218689,68408
25.73522186279297,68408
25.736075162887573,68408
25.736927270889282,68408
25.737777709960938,68408
25.73862934112549,68408
25.73947834968567,68408
25.740328073501587,68408
25.74118185043335,68408
25.742035150527954,68408
25.742910623550415,68408
25.743772268295288,68408
25.74462056159973,68408
25.745468139648438,68408
25.74631929397583,68408
25.74717426300049,68408
25.748024940490723,68408
25.748881101608276,68408
25.749732494354248,68408
25.75057888031006,68408
25.751423835754395,68408
25.752279043197632,68408
25.753135204315186,68408
25.75399947166443,68408
25.754854202270508,68408
25.755706787109375,68408
25.75655198097229,68408
25.75740361213684,68408
25.758254289627075,68408
25.75910782814026,68408
25.759960412979126,68408
25.760812282562256,68408
25.761661529541016,68408
25.76250386238098,68408
25.76335835456848,68408
25.764220714569092,68408
25.76507306098938,68408
25.765928506851196,68408
25.76677656173706,68408
25.76763081550598,68408
25.768471717834473,68408
25.769320487976074,68408
25.77017307281494,68408
25.771026134490967,68408
25.77187705039978,68408
25.77272868156433,68408
25.773582220077515,68408
25.774430513381958,68408
25.7752788066864,68408
25.776134729385376,68408
25.77698826789856,68408
25.777841806411743,68408
25.778696060180664,68408
25.77954077720642,68408
25.780396938323975,68408
25.781248331069946,68408
25.782098293304443,68408
25.78295087814331,68408
25.78380513191223,68408
25.784656763076782,68408
25.785499095916748,68408
25.78635263442993,68408
25.787208318710327,68408
25.7880642414093,68408
25.78891658782959,68408
25.789769172668457,68408
25.79061794281006,68408
25.791460752487183,68408
25.792314052581787,68408
25.793171882629395,68408
25.794032335281372,68408
25.794886589050293,68408
25.79573655128479,68408
25.796587467193604,68408
25.79742932319641,68408
25.798282623291016,68408
25.799134969711304,68408
25.799991369247437,68408
25.800843715667725,68408
25.801695823669434,68408
25.80254054069519,68408
25.80339503288269,68408
25.804258346557617,68408
25.805109977722168,68408
25.80595874786377,68408
25.806809425354004,68408
25.807660341262817,68408
25.80850386619568,68408
25.809351921081543,68408
25.81020450592041,68408
25.811058282852173,68408
25.81191062927246,68408
25.812763452529907,68408
25.81362795829773,68408
25.814471006393433,68408
25.815324544906616,68408
25.816176891326904,68408
25.81702947616577,68408
25.81787943840027,68408
25.81872868537903,68408
25.819574117660522,68408
25.820420026779175,68408
25.82127332687378,68408
25.822128534317017,68408
25.822980403900146,68408
25.82384157180786,68408
25.82469391822815,68408
25.825542449951172,68408
25.826395988464355,68408
25.827250957489014,68408
25.82810378074646,68408
25.8289577960968,68408
25.829808712005615,68408
25.83066201210022,68408
25.83150577545166,68408
25.832352876663208,68408
25.83320689201355,68408
25.83407187461853,68408
25.83492374420166,68408
25.835774421691895,68408
25.83662462234497,68408
25.837470531463623,68408
25.838319778442383,68408
25.839170217514038,68408
25.840027570724487,68408
25.840885400772095,68408
25.84173822402954,68408
25.842589855194092,68408
25.84343409538269,68408
25.844301223754883,68408
25.845155477523804,68408
25.84601068496704,68408
25.84686303138733,68408
25.847718238830566,68408
25.848570108413696,68408
25.849417686462402,68408
25.850273370742798,68408
25.851128816604614,68408
25.851983308792114,68408
25.8528311252594,68408
25.85369038581848,68408
25.85453772544861,68408
25.855387449264526,68408
25.856240272521973,68408
25.85709285736084,68408
25.857947826385498,68408
25.858800649642944,68408
25.859652519226074,68408
25.86049723625183,68408
25.861347198486328,68408
25.862199783325195,68408
25.863054752349854,68408
25.863914489746094,68408
25.864766836166382,68408
25.86561918258667,68408
25.866466522216797,68408
25.86731719970703,68408
25.868170976638794,68408
25.869022846221924,68408
25.869879484176636,68408
25.870729684829712,68408
25.871585607528687,68408
25.872429609298706,68408
25.873284339904785,68408
25.87415075302124,68408
25.87500810623169,68408
25.87585949897766,68408
25.876710414886475,68408
25.877562761306763,68408
25.878411054611206,68408
25.87925958633423,68408
25.88011336326599,68408
25.88096570968628,68408
25.881818294525146,68408
25.882671356201172,68408
25.883518934249878,68408
25.88438391685486,68408
25.88524031639099,68408
25.886093616485596,68408
25.886945486068726,68408
25.887796640396118,68408
25.88865065574646,68408
25.889495372772217,68408
25.890342950820923,68408
25.891196250915527,68408
25.892050743103027,68408
25.892900228500366,68408
25.893763542175293,68408
25.89461398124695,68408
25.895462036132812,68408
25.896310329437256,68408
25.897164583206177,68408
25.898014545440674,68408
25.89887022972107,68408
25.89972186088562,68408
25.900572061538696,68408
25.901418447494507,68408
25.90227508544922,68408
25.903127193450928,68408
25.903987407684326,68408
25.90483784675598,68408
25.90569019317627,68408
25.906532764434814,68408
25.907384872436523,68408
25.908243894577026,68408
25.909104824066162,68408
25.909958124160767,68408
25.91080904006958,68408
25.911659955978394,68408
25.912506103515625,68408
25.913358688354492,68408
25.91422128677368,68408
25.91507363319397,68408
25.915926218032837,68408
25.916775941848755,68408
25.91762924194336,68408
25.918473958969116,68408
25.91932702064514,68408
25.920177936553955,68408
25.921032190322876,68408
25.921884059906006,68408
25.922738075256348,68408
25.923598527908325,68408
25.92444658279419,68408
25.925300121307373,68408
25.926156044006348,68408
25.927007913589478,68408
25.927860736846924,68408
25.92871379852295,68408
25.929567337036133,68408
25.930415868759155,68408
25.931270360946655,68408
25.932124376296997,68408
25.93298077583313,68408
25.93383812904358,68408
25.93468952178955,68408
25.935532093048096,68408
25.936387538909912,68408
25.937238454818726,68408
25.938089609146118,68408
25.938940286636353,68408
25.93979287147522,68408
25.940649032592773,68408
25.94149613380432,68408
25.942349672317505,68408
25.943201780319214,68408
25.94406747817993,68408
25.94492244720459,68408
25.945772409439087,68408
25.946626663208008,68408
25.94747304916382,68408
25.948322534561157,68408
25.949174165725708,68408
25.950031757354736,68408
25.950886487960815,68408
25.951738834381104,68408
25.952586889266968,68408
25.953434944152832,68408
25.954296588897705,68408
25.955148935317993,68408
25.955999851226807,68408
25.956854343414307,68408
25.957709074020386,68408
25.95855402946472,68408
25.959405422210693,68408
25.960259437561035,68408
25.961113214492798,68408
25.96196746826172,68408
25.962818384170532,68408
25.963683128356934,68408
25.96453046798706,68408
25.965381860733032,68408
25.96623182296753,68408
25.967087507247925,68408
25.967939138412476,68408
25.96879291534424,68408
25.969645977020264,68408
25.970489740371704,68408
25.971343755722046,68408
25.972196102142334,68408
25.97304940223694,68408
25.973912477493286,68408
25.974764585494995,68408
25.97561550140381,68408
25.976463079452515,68408
25.977316856384277,68408
25.978168725967407,68408
25.979021549224854,68408
25.97987413406372,68408
25.980729341506958,68408
25.9815776348114,68408
25.982420444488525,68408
25.98327326774597,68408
25.984140634536743,68408
25.984993934631348,68408
25.985843658447266,68408
25.98669457435608,68408
25.98754119873047,68408
25.988391637802124,68408
25.989242792129517,68408
25.990094661712646,68408
25.99095129966736,68408
25.991803646087646,68408
25.99266028404236,68408
25.9935040473938,68408
25.99436902999878,68408
25.99522113800049,68408
25.996071100234985,68408
25.996925115585327,68408
25.99777913093567,68408
25.998629093170166,68408
25.99947714805603,68408
26.000329732894897,68408
26.001187324523926,68408
26.00204038619995,68408
26.00289273262024,68408
26.003753900527954,68408
26.00460958480835,68408
26.00545072555542,68408
26.00630021095276,68408
26.007153272628784,68408
26.008004903793335,68408
26.008854866027832,68408
26.009706497192383,68408
26.01054811477661,68408
26.011398792266846,68408
26.012248992919922,68408
26.013103246688843,68408
26.013967514038086,68408
26.01482057571411,68408
26.01567244529724,68408
26.016518592834473,68408
26.017369270324707,68408
26.01822280883789,68408
26.0190749168396,68408
26.019928455352783,68408
26.020779609680176,68408
26.02163577079773,68408
26.02248191833496,68408
26.02333354949951,68408
26.024197816848755,68408
26.0250506401062,68408
26.025896072387695,68408
26.026748418807983,68408
26.027597665786743,68408
26.02844262123108,68408
26.02929139137268,68408
26.030145168304443,68408
26.030998706817627,68408
26.031851530075073,68408
26.032703638076782,68408
26.033551692962646,68408
26.034412384033203,68408
26.035266160964966,68408
26.036118268966675,68408
26.036972045898438,68408
26.037822723388672,68408
26.038676261901855,68408
26.039522171020508,68408
26.040375471115112,68408
26.041227340698242,68408
26.042080402374268,68408
26.04293203353882,68408
26.043792724609375,68408
26.044644832611084,68408
26.045493125915527,68408
26.04634428024292,68408
26.04719829559326,68408
26.048051118850708,68408
26.04890537261963,68408
26.04975652694702,68408
26.050607919692993,68408
26.05145287513733,68408
26.05230450630188,68408
26.053157329559326,68408
26.054024934768677,68408
26.05487895011902,68408
26.05573272705078,68408
26.056578159332275,68408
26.05742311477661,68408
26.05827498435974,68408
26.059131622314453,68408
26.059982299804688,68408
26.060834884643555,68408
26.06168556213379,68408
26.062532424926758,68408
26.063384532928467,68408
26.064246892929077,68408
26.06510043144226,68408
26.065956830978394,68408
26.066812992095947,68408
26.06766653060913,68408
26.068512678146362,68408
26.069367170333862,68408
26.07021951675415,68408
26.071070432662964,68408
26.071922540664673,68408
26.072777271270752,68408
26.073639392852783,68408
26.074487447738647,68408
26.075335025787354,68408
26.076191425323486,68408
26.077047109603882,68408
26.077895879745483,68408
26.07875084877014,68408
26.079604387283325,68408
26.0804500579834,68408
26.08130168914795,68408
26.082152128219604,68408
26.083006381988525,68408
26.083867073059082,68408
26.08471941947937,68408
26.085569143295288,68408
26.086416721343994,68408
26.08727240562439,68408
26.08812642097473,68408
26.088978052139282,68408
26.089828729629517,68408
26.090681552886963,68408
26.09152626991272,68408
26.092376947402954,68408
26.093228816986084,68408
26.094089031219482,68408
26.09494185447693,68408
26.095795392990112,68408
26.09665060043335,68408
26.097495079040527,68408
26.098349809646606,68408
26.099201440811157,68408
26.100059986114502,68408
26.100910425186157,68408
26.10176157951355,68408
26.10261297225952,68408
26.10345768928528,68408
26.10431981086731,68408
26.105175495147705,68408
26.10602641105652,68408
26.106881618499756,68408
26.107731103897095,68408
26.108582019805908,68408
26.109429597854614,68408
26.110284328460693,68408
26.11114001274109,68408
26.111992835998535,68408
26.112842559814453,68408
26.1137056350708,68408
26.114551782608032,68408
26.115403175354004,68408
26.11625599861145,68408
26.11711072921753,68408
26.11795973777771,68408
26.118809938430786,68408
26.119659662246704,68408
26.120506525039673,68408
26.121357917785645,68408
26.12221336364746,68408
26.123068809509277,68408
26.12393569946289,68408
26.124788522720337,68408
26.125640630722046,68408
26.126484632492065,68408
26.12733483314514,68408
26.12818431854248,68408
26.129040479660034,68408
26.129889249801636,68408
26.130743980407715,68408
26.131593227386475,68408
26.13243842124939,68408
26.133289098739624,68408
26.134153604507446,68408
26.135005712509155,68408
26.135858297348022,68408
26.13671112060547,68408
26.137556314468384,68408
26.138408660888672,68408
26.139256954193115,68408
26.140108108520508,68408
26.14096450805664,68408
26.141818523406982,68408
26.14266800880432,68408
26.1435124874115,68408
26.14437437057495,68408
26.14522671699524,68408
26.146082639694214,68408
26.14693832397461,68408
26.147793292999268,68408
26.148645877838135,68408
26.14949107170105,68408
26.150341033935547,68408
26.151196002960205,68408
26.15204954147339,68408
26.152902603149414,68408
26.15376377105713,68408
26.15461778640747,68408
26.15546226501465,68408
26.156315326690674,68408
26.157166004180908,68408
26.158021450042725,68408
26.15887188911438,68408
26.159724950790405,68408
26.160574197769165,68408
26.1614191532135,68408
26.16226816177368,68408
26.163123607635498,68408
26.16398596763611,68408
26.16483783721924,68408
26.16568946838379,68408
26.166532516479492,68408
26.167382955551147,68408
26.16823434829712,68408
26.169086456298828,68408
26.169944286346436,68408
26.17079257965088,68408
26.171645402908325,68408
26.172492742538452,68408
26.17334246635437,68408
26.17421054840088,68408
26.175066471099854,68408
26.175918579101562,68408
26.176769971847534,68408
26.177622079849243,68408
26.178468704223633,68408
26.179320335388184,68408
26.18017578125,68408
26.18103003501892,68408
26.18188452720642,68408
26.182740926742554,68408
26.18360161781311,68408
26.184449911117554,68408
26.18530249595642,68408
26.186156034469604,68408
26.187012195587158,68408
26.187865734100342,68408
26.188719749450684,68408
26.189568758010864,68408
26.190415859222412,68408
26.19127058982849,68408
26.1921284198761,68408
26.192981958389282,68408
26.19384217262268,68408
26.19469690322876,68408
26.19554376602173,68408
26.19639754295349,68408
26.19725251197815,68408
26.198105335235596,68408
26.198956966400146,68408
26.199809551239014,68408
26.20065951347351,68408
26.201504468917847,68408
26.202358722686768,68408
26.20321011543274,68408
26.204073667526245,68408
26.204927921295166,68408
26.20577836036682,68408
26.206629753112793,68408
26.20747685432434,68408
26.208327770233154,68408
26.20918369293213,68408
26.210038423538208,68408
26.210893154144287,68408
26.211745023727417,68408
26.21259593963623,68408
26.21344494819641,68408
26.21430730819702,68408
26.21516227722168,68408
26.21601676940918,68408
26.21686577796936,68408
26.217717170715332,68408
26.218570470809937,68408
26.219417810440063,68408
26.220269203186035,68408
26.221121072769165,68408
26.221973419189453,68408
26.222822189331055,68408
26.223681449890137,68408
26.224525928497314,68408
26.225375652313232,68408
26.2262282371521,68408
26.227079391479492,68408
26.22793197631836,68408
26.228780508041382,68408
26.229634046554565,68408
26.230475902557373,68408
26.231329679489136,68408
26.23218011856079,68408
26.23303246498108,68408
26.233895301818848,68408
26.23474407196045,68408
26.23559045791626,68408
26.236435651779175,68408
26.237287282943726,68408
26.23814344406128,68408
26.23899555206299,68408
26.239845991134644,68408
26.240695476531982,68408
26.241539478302002,68408
26.24239182472229,68408
26.243245840072632,68408
26.244109630584717,68408
26.24496364593506,68408
26.245813608169556,68408
26.24666404724121,68408
26.24751377105713,68408
26.24836254119873,68408
26.24921488761902,68408
26.25006866455078,68408
26.25092077255249,68408
26.251773834228516,68408
26.25262427330017,68408
26.253469944000244,68408
26.254332780838013,68408
26.255186796188354,68408
26.25603938102722,68408
26.25689125061035,68408
26.257741689682007,68408
26.25859045982361,68408
26.25943398475647,68408
26.260289669036865,68408
26.26114249229431,68408
26.261993885040283,68408
26.262845039367676,68408
26.263707876205444,68408
26.264553785324097,68408
26.265406608581543,68408
26.266260147094727,68408
26.267113208770752,68408
26.267964601516724,68408
26.268816471099854,68408
26.26967215538025,68408
26.270520448684692,68408
26.27137303352356,68408
26.27222466468811,68408
26.27307653427124,68408
26.273941040039062,68408
26.27479362487793,68408
26.275648593902588,68408
26.2764949798584,68408
26.27734661102295,68408
26.27820062637329,68408
26.27905511856079,68408
26.279906034469604,68408
26.280757188796997,68408
26.281609773635864,68408
26.282454252243042,68408
26.283307790756226,68408
26.28417181968689,68408
26.28502368927002,68408
26.285876989364624,68408
26.286726713180542,68408
26.287580490112305,68408
26.288424015045166,68408
26.289273738861084,68408
26.29012680053711,68408
26.290982246398926,68408
26.29183292388916,68408
26.292683124542236,68408
26.293526887893677,68408
26.294386863708496,68408
26.295241117477417,68408
26.296095609664917,68408
26.29694437980652,68408
26.297800302505493,68408
26.29865312576294,68408
26.299500465393066,68408
26.300346851348877,68408
26.30120277404785,68408
26.30205726623535,68408
26.302908658981323,68408
26.30376410484314,68408
26.30461835861206,68408
26.30546236038208,68408
26.30631160736084,68408
26.307164669036865,68408
26.30802035331726,68408
26.308869123458862,68408
26.30971884727478,68408
26.3105685710907,68408
26.311415910720825,68408
26.31226682662964,68408
26.313120365142822,68408
26.31398367881775,68408
26.31483817100525,68408
26.315687894821167,68408
26.31653118133545,68408
26.31738305091858,68408
26.318236351013184,68408
26.319088459014893,68408
26.31994128227234,68408
26.320791244506836,68408
26.321645259857178,68408
26.322492599487305,68408
26.323340892791748,68408
26.32420563697815,68408
26.3250629901886,68408
26.325915336608887,68408
26.32676887512207,68408
26.327620267868042,68408
26.32846713066101,68408
26.329318284988403,68408
26.33016872406006,68408
26.33102321624756,68408
26.33187747001648,68408
26.33272933959961,68408
26.333587884902954,68408
26.334432363510132,68408
26.33528447151184,68408
26.336137294769287,68408
26.336987018585205,68408
26.33783793449402,68408
26.338693857192993,68408
26.339537858963013,68408
26.34038996696472,68408
26.34123992919922,68408
26.342094659805298,68408
26.342945337295532,68408
26.343804359436035,68408
26.34465456008911,68408
26.34549880027771,68408
26.346346855163574,68408
26.347200393676758,68408
26.34805202484131,68408
26.348904609680176,68408
26.349753379821777,68408
26.35060453414917,68408
26.3514506816864,68408
26.35230278968811,68408
26.3531596660614,68408
26.35402226448059,68408
26.35487389564514,68408
26.355729341506958,68408
26.35657572746277,68408
26.357421398162842,68408
26.35827374458313,68408
26.359129428863525,68408
26.359981775283813,68408
26.360833406448364,68408
26.36168599128723,68408
26.362534284591675,68408
26.36338710784912,68408
26.3642475605011,68408
26.36510443687439,68408
26.365960597991943,68408
26.366812467575073,68408
26.367667198181152,68408
26.36850929260254,68408
26.369362831115723,68408
26.370216608047485,68408
26.371070861816406,68408
26.371925592422485,68408
26.372778177261353,68408
26.37363910675049,68408
26.374484300613403,68408
26.375335693359375,68408
26.37618899345398,68408
26.37704086303711,68408
26.377891302108765,68408
26.37874174118042,68408
26.37959313392639,68408
26.380439043045044,68408
26.381293058395386,68408
26.382144927978516,68408
26.383000373840332,68408
26.383859395980835,68408
26.38471269607544,68408
26.385557413101196,68408
26.386414051055908,68408
26.387268781661987,68408
26.388121843338013,68408
26.38897705078125,68408
26.389827251434326,68408
26.390679359436035,68408
26.391526699066162,68408
26.392378568649292,68408
26.393230199813843,68408
26.394094705581665,68408
26.39494824409485,68408
26.395798921585083,68408
26.396649599075317,68408
26.39749264717102,68408
26.39834451675415,68408
26.399200916290283,68408
26.40005588531494,68408
26.400911331176758,68408
26.401760578155518,68408
26.40261435508728,68408
26.40346121788025,68408
26.404321908950806,68408
26.405175924301147,68408
26.406030654907227,68408
26.40688467025757,68408
26.407739639282227,68408
26.40859055519104,68408
26.409435033798218,68408
26.410292863845825,68408
26.41114640235901,68408
26.4119975566864,68408
26.412849187850952,68408
26.413712978363037,68408
26.414563179016113,68408
26.415411710739136,68408
26.416264057159424,68408
26.41712212562561,68408
26.41797423362732,68408
26.41882610321045,68408
26.419676542282104,68408
26.420525312423706,68408
26.4213764667511,68408
26.422232151031494,68408
26.423083305358887,68408
26.423949241638184,68408
26.424803495407104,68408
26.425657987594604,68408
26.42650055885315,68408
26.427358388900757,68408
26.428212881088257,68408
26.42906880378723,68408
26.42991828918457,68408
26.430773496627808,68408
26.43162226676941,68408
26.432467460632324,68408
26.43331742286682,68408
26.434186220169067,68408
26.43503999710083,68408
26.435893774032593,68408
26.436742782592773,68408
26.43759274482727,68408
26.438440322875977,68408
26.439290761947632,68408
26.440143823623657,68408
26.440999031066895,68408
26.441853523254395,68408
26.44270658493042,68408
26.443552017211914,68408
26.444413900375366,68408
26.44526481628418,68408
26.44611954689026,68408
26.446973085403442,68408
26.447823762893677,68408
26.448673725128174,68408
26.44951844215393,68408
26.450366973876953,68408
26.45122265815735,68408
26.452074766159058,68408
26.452927350997925,68408
26.453781366348267,68408
26.454637050628662,68408
26.45548176765442,68408
26.45633554458618,68408
26.45718765258789,68408
26.458043575286865,68408
26.458895206451416,68408
26.459747076034546,68408
26.460601568222046,68408
26.46144723892212,68408
26.46229600906372,68408
26.463149785995483,68408
26.464013814926147,68408
26.464868545532227,68408
26.465717315673828,68408
26.46656894683838,68408
26.467414379119873,68408
26.468265771865845,68408
26.469120264053345,68408
26.46997380256653,68408
26.470824241638184,68408
26.471678256988525,68408
26.472522735595703,68408
26.473371267318726,68408
26.474236726760864,68408
26.47509241104126,68408
26.475943326950073,68408
26.476791381835938,68408
26.477641820907593,68408
26.47848916053772,68408
26.479337215423584,68408
26.480189323425293,68408
26.48104190826416,68408
26.48189902305603,68408
26.482751607894897,68408
26.483617544174194,68408
26.48446249961853,68408
26.485313177108765,68408
26.486165046691895,68408
26.48701524734497,68408
26.487865686416626,68408
26.48872137069702,68408
26.489569425582886,68408
26.490416049957275,68408
26.491270303726196,68408
26.492128372192383,68408
26.492982625961304,68408
26.49384093284607,68408
26.494691848754883,68408
26.495540142059326,68408
26.496395111083984,68408
26.49724841117859,68408
26.49810290336609,68408
26.498958349227905,68408
26.499805450439453,68408
26.500657320022583,68408
26.501503705978394,68408
26.50235891342163,68408
26.503211975097656,68408
26.504077672958374,68408
26.504931449890137,68408
26.505789041519165,68408
26.506643056869507,68408
26.50748562812805,68408
26.508335828781128,68408
26.509191036224365,68408
26.510045289993286,68408
26.510901927947998,68408
26.51175332069397,68408
26.51260805130005,68408
26.51345443725586,68408
26.514315843582153,68408
26.515169858932495,68408
26.516023635864258,68408
26.51687479019165,68408
26.5177264213562,68408
26.518577337265015,68408
26.51942467689514,68408
26.52027988433838,68408
26.521131992340088,68408
26.521984100341797,68408
26.52283501625061,68408
26.523696184158325,68408
26.524542570114136,68408
26.525394439697266,68408
26.526251077651978,68408
26.527100801467896,68408
26.52795386314392,68408
26.52880549430847,68408
26.52966046333313,68408
26.530505418777466,68408
26.531354427337646,68408
26.532204151153564,68408
26.53305673599243,68408
26.533920526504517,68408
26.53477168083191,68408
26.535624027252197,68408
26.536468982696533,68408
26.53731942176819,68408
26.538172006607056,68408
26.539022207260132,68408
26.53987431526184,68408
26.54072618484497,68408
26.541574954986572,68408
26.542417764663696,68408
26.54327154159546,68408
26.54413390159607,68408
26.544986963272095,68408
26.54583740234375,68408
26.546688318252563,68408
26.54753613471985,68408
26.548386573791504,68408
26.549241542816162,68408
26.55009627342224,68408
26.550947427749634,68408
26.55180335044861,68408
26.552655458450317,68408
26.553505897521973,68408
26.554369926452637,68408
26.55522108078003,68408
26.556074857711792,68408
26.556930541992188,68408
26.557779788970947,68408
26.55863332748413,68408
26.55947756767273,68408
26.560330390930176,68408
26.561187028884888,68408
26.562040328979492,68408
26.56289315223694,68408
26.563758850097656,68408
26.564610481262207,68408
26.56545853614807,68408
26.56630849838257,68408
26.56716227531433,68408
26.56801414489746,68408
26.568866968154907,68408
26.56971788406372,68408
26.570573329925537,68408
26.571418285369873,68408
26.572268962860107,68408
26.573119401931763,68408
26.573987007141113,68408
26.5748393535614,68408
26.57569169998169,68408
26.576534748077393,68408
26.57738757133484,68408
26.578243017196655,68408
26.579095602035522,68408
26.579949378967285,68408
26.58080792427063,68408
26.581661224365234,68408
26.582512378692627,68408
26.583364486694336,68408
26.58423113822937,68408
26.585084199905396,68408
26.58593726158142,68408
26.586790561676025,68408
26.58764410018921,68408
26.588491201400757,68408
26.589342832565308,68408
26.590197563171387,68408
26.59105110168457,68408
26.59190273284912,68408
26.592756748199463,68408
26.593615770339966,68408
26.594462394714355,68408
26.595314025878906,68408
26.596168518066406,68408
26.597022533416748,68408
26.597877502441406,68408
26.598729848861694,68408
26.59958291053772,68408
26.60042977333069,68408
26.601285219192505,68408
26.602138996124268,68408
26.602991580963135,68408
26.603853225708008,68408
26.604708194732666,68408
26.60555362701416,68408
26.606407403945923,68408
26.607255458831787,68408
26.6081223487854,68408
26.608975410461426,68408
26.609827518463135,68408
26.610679864883423,68408
26.611525058746338,68408
26.612374782562256,68408
26.613229990005493,68408
26.614092350006104,68408
26.61494731903076,68408
26.615800380706787,68408
26.61665153503418,68408
26.617496967315674,68408
26.618350982666016,68408
26.619208097457886,68408
26.620062351226807,68408
26.62091302871704,68408
26.62176752090454,68408
26.622618436813354,68408
26.623464584350586,68408
26.62432551383972,68408
26.625179767608643,68408
26.626032829284668,68408
26.626883506774902,68408
26.627737998962402,68408
26.628588676452637,68408
26.629435062408447,68408
26.630286693572998,68408
26.631139278411865,68408
26.631993770599365,68408
26.63284397125244,68408
26.633708477020264,68408
26.634554624557495,68408
26.635409116744995,68408
26.636261701583862,68408
26.637112617492676,68408
26.637964487075806,68408
26.638816356658936,68408
26.639671087265015,68408
26.64051651954651,68408
26.641369819641113,68408
26.642224311828613,68408
26.643078804016113,68408
26.643940448760986,68408
26.644793033599854,68408
26.645649194717407,68408
26.64649248123169,68408
26.647346258163452,68408
26.648197412490845,68408
26.649054050445557,68408
26.649906635284424,68408
26.650758028030396,68408
26.651611328125,68408
26.652459144592285,68408
26.653308153152466,68408
26.654173612594604,68408
26.65502691268921,68408
26.655882596969604,68408
26.656736135482788,68408
26.657583951950073,68408
26.65842914581299,68408
26.65928602218628,68408
26.660139322280884,68408
26.66099500656128,68408
26.66184401512146,68408
26.662696361541748,68408
26.663541078567505,68408
26.66440224647522,68408
26.665255784988403,68408
26.66611123085022,68408
26.666964530944824,68408
26.66781520843506,68408
26.668659687042236,68408
26.66950225830078,68408
26.670355319976807,68408
26.67120671272278,68408
26.672061443328857,68408
26.672916889190674,68408
26.673775911331177,68408
26.674630641937256,68408
26.675474643707275,68408
26.67633056640625,68408
26.67718768119812,68408
26.678042888641357,68408
26.678895711898804,68408
26.679750204086304,68408
26.680601835250854,68408
26.681450605392456,68408
26.682297945022583,68408
26.68315553665161,68408
26.684017658233643,68408
26.684869527816772,68408
26.68572163581848,68408
26.686572074890137,68408
26.68742060661316,68408
26.688273906707764,68408
26.689125061035156,68408
26.689980268478394,68408
26.690830945968628,68408
26.691684007644653,68408
26.69252848625183,68408
26.69338059425354,68408
26.694246768951416,68408
26.695101499557495,68408
26.695959091186523,68408
26.696812629699707,68408
26.697661876678467,68408
26.698501348495483,68408
26.69935131072998,68408
26.700209856033325,68408
26.701063871383667,68408
26.70191717147827,68408
26.7027690410614,68408
26.703635692596436,68408
26.70448327064514,68408
26.70533514022827,68408
26.70618772506714,68408
26.70704460144043,68408
26.707897901535034,68408
26.70875096321106,68408
26.70960521697998,68408
26.71045184135437,68408
26.71130084991455,68408
26.71215558052063,68408
26.713008165359497,68408
26.7138729095459,68408
26.714725017547607,68408
26.715579509735107,68408
26.716426134109497,68408
26.717281341552734,68408
26.718133687973022,68408
26.7189884185791,68408
26.71984052658081,68408
26.720695734024048,68408
26.721540451049805,68408
26.722390174865723,68408
26.723246097564697,68408
26.724112272262573,68408
26.724965572357178,68408
26.72582173347473,68408
26.726675033569336,68408
26.72752070426941,68408
26.728372812271118,68408
26.72922945022583,68408
26.73008680343628,68408
26.7309410572052,68408
26.731791496276855,68408
26.732646703720093,68408
26.733495235443115,68408
26.734357595443726,68408
26.735211849212646,68408
26.736063718795776,68408
26.736915111541748,68408
26.73776936531067,68408
26.73862385749817,68408
26.739466428756714,68408
26.740318059921265,68408
26.74117422103882,68408
26.742026805877686,68408
26.742881536483765,68408
26.743741989135742,68408
26.744599103927612,68408
26.74544334411621,68408
26.746294736862183,68408
26.74714684486389,68408
26.748003244400024,68408
26.748857021331787,68408
26.74970841407776,68408
26.75054955482483,68408
26.7514009475708,68408
26.752254962921143,68408
26.75311303138733,68408
26.753978729248047,68408
26.75482940673828,68408
26.75568127632141,68408
26.756531953811646,68408
26.757383346557617,68408
26.758238077163696,68408
26.759090185165405,68408
26.759944915771484,68408
26.760796785354614,68408
26.761653661727905,68408
26.762494564056396,68408
26.76334571838379,68408
26.76420783996582,68408
26.765061378479004,68408
26.765913248062134,68408
26.766765117645264,68408
26.767616748809814,68408
26.76846480369568,68408
26.769314765930176,68408
26.770169019699097,68408
26.771022081375122,68408
26.77187752723694,68408
26.77272868156433,68408
26.773584127426147,68408
26.774431228637695,68408
26.77528405189514,68408
26.77613854408264,68408
26.776994466781616,68408
26.77784299850464,68408
26.778693675994873,68408
26.779540061950684,68408
26.780391216278076,68408
26.781243085861206,68408
26.7820987701416,68408
26.782951593399048,68408
26.783812522888184,68408
26.78465962409973,68408
26.785507917404175,68408
26.78635811805725,68408
26.787210702896118,68408
26.788065671920776,68408
26.788920164108276,68408
26.78977108001709,68408
26.790626525878906,68408
26.79146909713745,68408
26.792322158813477,68408
26.793171644210815,68408
26.794036149978638,68408
26.794888019561768,68408
26.79573893547058,68408
26.79659128189087,68408
26.797438621520996,68408
26.798288822174072,68408
26.79914379119873,68408
26.799994707107544,68408
26.800844430923462,68408
26.801696300506592,68408
26.80254292488098,68408
26.803394317626953,68408
26.804260730743408,68408
26.805113554000854,68408
26.805968046188354,68408
26.806816577911377,68408
26.807667016983032,68408
26.808510303497314,68408
26.809361219406128,68408
26.810211896896362,68408
26.811065196990967,68408
26.811917543411255,68408
26.812769651412964,68408
26.813631057739258,68408
26.81447720527649,68408
26.815324544906616,68408
26.816179752349854,68408
26.81702995300293,68408
26.817880868911743,68408
26.818732500076294,68408
26.819581508636475,68408
26.820422887802124,68408
26.821273803710938,68408
26.82212781906128,68408
26.822982788085938,68408
26.823843479156494,68408
26.824697017669678,68408
26.825541019439697,68408
26.826393842697144,68408
26.827248573303223,68408
26.828100204467773,68408
26.828949689865112,68408
26.829801321029663,68408
26.83065176010132,68408
26.83149480819702,68408
26.83234691619873,68408
26.833199977874756,68408
26.834062576293945,68408
26.834913730621338,68408
26.835766315460205,68408
26.836622714996338,68408
26.83746647834778,68408
26.838321208953857,68408
26.839174032211304,68408
26.840028047561646,68408
26.840880870819092,68408
26.84173011779785,68408
26.842580795288086,68408
26.843428134918213,68408
26.84428858757019,68408
26.845142602920532,68408
26.84599494934082,68408
26.84684681892395,68408
26.847699403762817,68408
26.848546028137207,68408
26.849395275115967,68408
26.850250959396362,68408
26.851104736328125,68408
26.851956605911255,68408
26.852805614471436,68408
26.853666305541992,68408
26.85450553894043,68408
26.85535764694214,68408
26.856212615966797,68408
26.85706400871277,68408
26.857919931411743,68408
26.85877251625061,68408
26.859623432159424,68408
26.86047077178955,68408
26.86132025718689,68408
26.862170219421387,68408
26.86302351951599,68408
26.863887310028076,68408
26.864738941192627,68408
26.86559247970581,68408
26.86643886566162,68408
26.8672935962677,68408
26.86814570426941,68408
26.86899971961975,68408
26.869853019714355,68408
26.870706796646118,68408
26.871551036834717,68408
26.87240481376648,68408
26.873258590698242,68408
26.87412405014038,68408
26.874974966049194,68408
26.875829219818115,68408
26.876680374145508,68408
26.877530574798584,68408
26.878379821777344,68408
26.879231452941895,68408
26.880085945129395,68408
26.88093900680542,68408
26.881787300109863,68408
26.882640600204468,68408
26.883485555648804,68408
26.88435196876526,68408
26.885202884674072,68408
26.886057376861572,68408
26.88690710067749,68408
26.887759685516357,68408
26.888607025146484,68408
26.889451265335083,68408
26.89030170440674,68408
26.891156435012817,68408
26.892009258270264,68408
26.892862558364868,68408
26.893725633621216,68408
26.89457941055298,68408
26.895426034927368,68408
26.896279096603394,68408
26.897133111953735,68408
26.897986888885498,68408
26.898839712142944,68408
26.899690866470337,68408
26.900537252426147,68408
26.90138840675354,68408
26.902239561080933,68408
26.903091430664062,68408
26.903953790664673,68408
26.90480947494507,68408
26.905662059783936,68408
26.90650773048401,68408
26.90735960006714,68408
26.908214330673218,68408
26.9090633392334,68408
26.909916400909424,68408
26.910768032073975,68408
26.911624670028687,68408
26.912468671798706,68408
26.913325309753418,68408
26.914191961288452,68408
26.915048599243164,68408
26.915900468826294,68408
26.916749000549316,68408
26.917595386505127,68408
26.918444395065308,68408
26.919295072555542,68408
26.920148372650146,68408
26.92099928855896,68408
26.92185068130493,68408
26.92270016670227,68408
26.92354393005371,68408
26.92440438270569,68408
26.92526078224182,68408
26.926114559173584,68408
26.926969528198242,68408
26.927823305130005,68408
26.928674936294556,68408
26.929516077041626,68408
26.930367469787598,68408
26.931221961975098,68408
26.93207859992981,68408
26.932929515838623,68408
26.93378782272339,68408
26.934641361236572,68408
26.935487747192383,68408
26.93633508682251,68408
26.937193155288696,68408
26.938044786453247,68408
26.938899040222168,68408
26.93974804878235,68408
26.940598487854004,68408
26.941441774368286,68408
26.942294597625732,68408
26.943148612976074,68408
26.944016456604004,68408
26.944868564605713,68408
26.945725679397583,68408
26.946576595306396,68408
26.947423219680786,68408
26.948275089263916,68408
26.949127912521362,68408
26.94997811317444,68408
26.950828552246094,68408
26.951683521270752,68408
26.952529191970825,68408
26.95338225364685,68408
26.95424461364746,68408
26.95509648323059,68408
26.955952882766724,68408
26.956802368164062,68408
26.957656383514404,68408
26.958500623703003,68408
26.959352493286133,68408
26.96020483970642,68408
26.961062908172607,68408
26.96191716194153,68408
26.96277093887329,68408
26.96363401412964,68408
26.964479446411133,68408
26.965336322784424,68408
26.9661922454834,68408
26.967049598693848,68408
26.967904090881348,68408
26.96875834465027,68408
26.969614028930664,68408
26.970457077026367,68408
26.971312046051025,68408
26.972161293029785,68408
26.973018169403076,68408
26.973880529403687,68408
26.974732875823975,68408
26.975579261779785,68408
26.976431846618652,68408
26.97728204727173,68408
26.978137016296387,68408
26.978991270065308,68408
26.979843139648438,68408
26.980697870254517,68408
26.981544256210327,68408
26.98239779472351,68408
26.983253240585327,68408
26.98411774635315,68408
26.984986066818237,68408
26.985837697982788,68408
26.98668885231018,68408
26.987531661987305,68408
26.988382577896118,68408
26.989234447479248,68408
26.990087747573853,68408
26.990942001342773,68408
26.99179196357727,68408
26.992645502090454,68408
26.993491172790527,68408
26.994354248046875,68408
26.995209217071533,68408
26.9960675239563,68408
26.996919870376587,68408
26.99777054786682,68408
26.998620986938477,68408
26.999467849731445,68408
27.00032114982605,68408
27.001173496246338,68408
27.002028465270996,68408
27.002880334854126,68408
27.00374412536621,68408
27.004595041275024,68408
27.005440711975098,68408
27.006289958953857,68408
27.007141828536987,68408
27.00799584388733,68408
27.008845567703247,68408
27.009697675704956,68408
27.0105459690094,68408
27.011400938034058,68408
27.012256383895874,68408
27.01312255859375,68408
27.013991594314575,68408
27.014845609664917,68408
27.01569628715515,68408
27.016542196273804,68408
27.017407417297363,68408
27.01826024055481,68408
27.019118785858154,68408
27.0199773311615,68408
27.020843982696533,68408
27.021697521209717,68408
27.022545099258423,68408
27.023396968841553,68408
27.024264097213745,68408
27.025115966796875,68408
27.025971174240112,68408
27.026825428009033,68408
27.02768087387085,68408
27.028526067733765,68408
27.029378175735474,68408
27.030230283737183,68408
27.03108549118042,68408
27.031938791275024,68408
27.032785892486572,68408
27.033660650253296,68408
27.03451108932495,68408
27.035362005233765,68408
27.03621530532837,68408
27.03706955909729,68408
27.03792381286621,68408
27.038774013519287,68408
27.03962731361389,68408
27.040473222732544,68408
27.041330575942993,68408
27.042186737060547,68408
27.043044805526733,68408
27.043909072875977,68408
27.044764757156372,68408
27.045618057250977,68408
27.046462297439575,68408
27.047316074371338,68408
27.04817008972168,68408
27.04902410507202,68408
27.049879550933838,68408
27.050731897354126,68408
27.051584243774414,68408
27.05242919921875,68408
27.05328106880188,68408
27.054149389266968,68408
27.05500888824463,68408
27.055858850479126,68408
27.056710720062256,68408
27.057555198669434,68408
27.058408975601196,68408
27.059259176254272,68408
27.06011438369751,68408
27.060966730117798,68408
27.061818838119507,68408
27.062670707702637,68408
27.063517570495605,68408
27.06437921524048,68408
27.065229892730713,68408
27.06608295440674,68408
27.066938877105713,68408
27.06779146194458,68408
27.06864595413208,68408
27.06949210166931,68408
27.0703444480896,68408
27.071197032928467,68408
27.07205080986023,68408
27.072903871536255,68408
27.07376194000244,68408
27.074617385864258,68408
27.075467348098755,68408
27.076316356658936,68408
27.07716989517212,68408
27.078025579452515,68408
27.078876733779907,68408
27.079723119735718,68408
27.08057403564453,68408
27.08142066001892,68408
27.082276582717896,68408
27.083131313323975,68408
27.083993911743164,68408
27.084843397140503,68408
27.085693359375,68408
27.08653736114502,68408
27.087390184402466,68408
27.08824396133423,68408
27.0890953540802,68408
27.089946269989014,68408
27.090797901153564,68408
27.091648817062378,68408
27.09249448776245,68408
27.093347549438477,68408
27.094212770462036,68408
27.095066785812378,68408
27.0959210395813,68408
27.096768379211426,68408
27.097615957260132,68408
27.09845995903015,68408
27.099312782287598,68408
27.100160360336304,68408
27.101011753082275,68408
27.101865530014038,68408
27.102718353271484,68408
27.10357642173767,68408
27.104423999786377,68408
27.105275630950928,68408
27.106127977371216,68408
27.10697913169861,68408
27.107825756072998,68408
27.108675479888916,68408
27.109522819519043,68408
27.110374450683594,68408
27.11122965812683,68408
27.112083196640015,68408
27.112937211990356,68408
27.1137957572937,68408
27.114646434783936,68408
27.115489959716797,68408
27.116342782974243,68408
27.117193460464478,68408
27.118043899536133,68408
27.118895769119263,68408
27.119747638702393,68408
27.12059712409973,68408
27.121440887451172,68408
27.12229299545288,68408
27.123146057128906,68408
27.12400984764099,68408
27.124866008758545,68408
27.1257164478302,68408
27.126562356948853,68408
27.12740683555603,68408
27.12825894355774,68408
27.129114627838135,68408
27.12997031211853,68408
27.130818605422974,68408
27.131670713424683,68408
27.13251757621765,68408
27.13336968421936,68408
27.13422989845276,68408
27.135082483291626,68408
27.13593864440918,68408
27.136794567108154,68408
27.137646198272705,68408
27.1384916305542,68408
27.139344215393066,68408
27.140198707580566,68408
27.14105248451233,68408
27.141907691955566,68408
27.14275860786438,68408
27.14362621307373,68408
27.144469738006592,68408
27.14531946182251,68408
27.14617109298706,68408
27.147029876708984,68408
27.14788293838501,68408
27.148733139038086,68408
27.149581909179688,68408
27.150427103042603,68408
27.151277780532837,68408
27.152132034301758,68408
27.152985095977783,68408
27.15384554862976,68408
27.154693841934204,68408
27.155539751052856,68408
27.156395196914673,68408
27.157248497009277,68408
27.158100366592407,68408
27.158957719802856,68408
27.15980553627014,68408
27.160659074783325,68408
27.161503553390503,68408
27.162357091903687,68408
27.16321039199829,68408
27.164074182510376,68408
27.1649272441864,68408
27.165780544281006,68408
27.16663098335266,68408
27.167476177215576,68408
27.168327808380127,68408
27.169178247451782,68408
27.170029640197754,68408
27.170883178710938,68408
27.171735763549805,68408
27.17258381843567,68408
27.173429250717163,68408
27.17429280281067,68408
27.175140857696533,68408
27.175995111465454,68408
27.176844120025635,68408
27.17769742012024,68408
27.178539514541626,68408
27.179388999938965,68408
27.18023705482483,68408
27.181090116500854,68408
27.181941032409668,68408
27.182790994644165,68408
27.183652877807617,68408
27.184494972229004,68408
27.185349464416504,68408
27.18620276451111,68408
27.18705415725708,68408
27.187909841537476,68408
27.18876314163208,68408
27.189611434936523,68408
27.190454244613647,68408
27.191307306289673,68408
27.192158699035645,68408
27.193013429641724,68408
27.193875789642334,68408
27.19472908973694,68408
27.19557785987854,68408
27.196425199508667,68408
27.19727635383606,68408
27.198134660720825,68408
27.198988676071167,68408
27.199838399887085,68408
27.200686931610107,68408
27.201534032821655,68408
27.20238447189331,68408
27.2032368183136,68408
27.20409893989563,68408
27.204952001571655,68408
27.20580506324768,68408
27.206658363342285,68408
27.207503080368042,68408
27.20835590362549,68408
27.209209203720093,68408
27.21006488800049,68408
27.21091651916504,68408
27.211766481399536,68408
27.21262216567993,68408
27.213470697402954,68408
27.21432852745056,68408
27.215184450149536,68408
27.216036319732666,68408
27.21688747406006,68408
27.217740297317505,68408
27.218591928482056,68408
27.219435930252075,68408
27.220287084579468,68408
27.2211434841156,68408
27.22200036048889,68408
27.22285270690918,68408
27.22371196746826,68408
27.224562644958496,68408
27.225411415100098,68408
27.226263999938965,68408
27.22711992263794,68408
27.227969884872437,68408
27.228819847106934,68408
27.22967004776001,68408
27.23051404953003,68408
27.231363534927368,68408
27.23221731185913,68408
27.233071327209473,68408
27.23393964767456,68408
27.234790802001953,68408
27.235642194747925,68408
27.23648500442505,68408
27.237334489822388,68408
27.238187074661255,68408
27.239041328430176,68408
27.23989176750183,68408
27.24074673652649,68408
27.241596460342407,68408
27.242445707321167,68408
27.243297338485718,68408
27.24415946006775,68408
27.245012283325195,68408
27.245867013931274,68408
27.24671697616577,68408
27.247565746307373,68408
27.248408555984497,68408
27.249258756637573,68408
27.2501118183136,68408
27.250962734222412,68408
27.25181293487549,68408
27.252665042877197,68408
27.25350785255432,68408
27.254369735717773,68408
27.25521755218506,68408
27.256070852279663,68408
27.256919145584106,68408
27.257770538330078,68408
27.258622646331787,68408
27.259466648101807,68408
27.260316610336304,68408
27.261169910430908,68408
27.26202082633972,68408
27.26287293434143,68408
27.263733386993408,68408
27.2645845413208,68408
27.26543116569519,68408
27.266286849975586,68408
27.267138242721558,68408
27.26799249649048,68408
27.26884174346924,68408
27.26969599723816,68408
27.270540952682495,68408
27.271390914916992,68408
27.27224326133728,68408
27.273099184036255,68408
27.273961782455444,68408
27.274813890457153,68408
27.27566170692444,68408
27.27650785446167,68408
27.27735710144043,68408
27.278213500976562,68408
27.279066801071167,68408
27.279921054840088,68408
27.280773162841797,68408
27.28162407875061,68408
27.282471418380737,68408
27.28332209587097,68408
27.284186601638794,68408
27.28503966331482,68408
27.285890340805054,68408
27.286739826202393,68408
27.287590265274048,68408
27.288438081741333,68408
27.28928828239441,68408
27.290143966674805,68408
27.29099702835083,68408
27.291844606399536,68408
27.292696237564087,68408
27.293543338775635,68408
27.294399738311768,68408
27.295251846313477,68408
27.29610323905945,68408
27.29695415496826,68408
27.297804355621338,68408
27.298654794692993,68408
27.299498558044434,68408
27.300349712371826,68408
27.301198959350586,68408
27.302056789398193,68408
27.302908420562744,68408
27.30377173423767,68408
27.30462384223938,68408
27.30546545982361,68408
27.30631446838379,68408
27.307173252105713,68408
27.308024883270264,68408
27.30887770652771,68408
27.309727430343628,68408
27.31057620048523,68408
27.311421394348145,68408
27.31227159500122,68408
27.313127279281616,68408
27.3139910697937,68408
27.31484031677246,68408
27.31569004058838,68408
27.316536903381348,68408
27.31739068031311,68408
27.31824493408203,68408
27.319095849990845,68408
27.319948434829712,68408
27.32080101966858,68408
27.321653604507446,68408
27.32250189781189,68408
27.323354959487915,68408
27.324222803115845,68408
27.325075149536133,68408
27.325932264328003,68408
27.32678198814392,68408
27.327635049819946,68408
27.328479051589966,68408
27.329330682754517,68408
27.330182790756226,68408
27.331035375595093,68408
27.331884145736694,68408
27.332735061645508,68408
27.333589553833008,68408
27.334439039230347,68408
27.335289001464844,68408
27.33614444732666,68408
27.336997032165527,68408
27.337850093841553,68408
27.338698148727417,68408
27.33954119682312,68408
27.34038996696472,68408
27.341245889663696,68408
27.342095851898193,68408
27.34294843673706,68408
27.343806505203247,68408
27.344658136367798,68408
27.345499515533447,68408
27.346349477767944,68408
27.347198247909546,68408
27.3480544090271,68408
27.3489089012146,68408
27.34976553916931,68408
27.35061764717102,68408
27.351463556289673,68408
27.352311849594116,68408
27.353164196014404,68408
27.3540301322937,68408
27.35488247871399,68408
27.355737447738647,68408
27.356589555740356,68408
27.357434272766113,68408
27.358288049697876,68408
27.35913848876953,68408
27.35998797416687,68408
27.36083698272705,68408
27.36169672012329,68408
27.36253786087036,68408
27.363391637802124,68408
27.364257097244263,68408
27.365114212036133,68408
27.365967512130737,68408
27.366820096969604,68408
27.367669582366943,68408
27.36851406097412,68408
27.36936664581299,68408
27.370218753814697,68408
27.371071338653564,68408
27.371927976608276,68408
27.372775554656982,68408
27.373645782470703,68408
27.37449359893799,68408
27.375348329544067,68408
27.37620234489441,68408
27.37705707550049,68408
27.377910137176514,68408
27.378764390945435,68408
27.37961721420288,68408
27.380460023880005,68408
27.38130831718445,68408
27.382167100906372,68408
27.38301968574524,68408
27.383883953094482,68408
27.38473868370056,68408
27.385592222213745,68408
27.386439561843872,68408
27.387287855148315,68408
27.388141870498657,68408
27.388996362686157,68408
27.38984751701355,68408
27.390700340270996,68408
27.391542673110962,68408
27.392395496368408,68408
27.3932466506958,68408
27.394113779067993,68408
27.394968032836914,68408
27.395817041397095,68408
27.39667010307312,68408
27.397517681121826,68408
27.39836859703064,68408
27.399222135543823,68408
27.400076150894165,68408
27.400930643081665,68408
27.40178155899048,68408
27.402634382247925,68408
27.403480529785156,68408
27.40433931350708,68408
27.405192613601685,68408
27.40604877471924,68408
27.406901597976685,68408
27.407751083374023,68408
27.408602237701416,68408
27.409453630447388,68408
27.410306215286255,68408
27.411160469055176,68408
27.41201424598694,68408
27.412869215011597,68408
27.41373038291931,68408
27.41458034515381,68408
27.415426015853882,68408
27.416279792785645,68408
27.41713285446167,68408
27.41798973083496,68408
27.418843030929565,68408
27.419700145721436,68408
27.42054796218872,68408
27.42139720916748,68408
27.422248363494873,68408
27.42310333251953,68408
27.423962831497192,68408
27.424813747406006,68408
27.425663948059082,68408
27.426509618759155,68408
27.427363395690918,68408
27.428218841552734,68408
27.429073095321655,68408
27.42992639541626,68408
27.430777549743652,68408
27.431631088256836,68408
27.4324734210968,68408
27.433326959609985,68408
27.43418598175049,68408
27.43503999710083,68408
27.435892343521118,68408
27.436744451522827,68408
27.437598705291748,68408
27.438446044921875,68408
27.43929648399353,68408
27.44015097618103,68408
27.441004037857056,68408
27.441855430603027,68408
27.442708015441895,68408
27.443554401397705,68408
27.444413661956787,68408
27.445268630981445,68408
27.446120262145996,68408
27.446975469589233,68408
27.44782519340515,68408
27.448676109313965,68408
27.449522495269775,68408
27.450376749038696,68408
27.451231718063354,68408
27.45208477973938,68408
27.452934980392456,68408
27.453794956207275,68408
27.45464563369751,68408
27.45549726486206,68408
27.45634961128235,68408
27.45720362663269,68408
27.45805597305298,68408
27.45891261100769,68408
27.459763526916504,68408
27.460620641708374,68408
27.46146821975708,68408
27.462321519851685,68408
27.463173627853394,68408
27.464038372039795,68408
27.464890956878662,68408
27.46574330329895,68408
27.466596364974976,68408
27.467446327209473,68408
27.46829843521118,68408
27.469156503677368,68408
27.47000789642334,68408
27.470860481262207,68408
27.47170901298523,68408
27.472553730010986,68408
27.473402500152588,68408
27.47426962852478,68408
27.475122213363647,68408
27.475976705551147,68408
27.47683095932007,68408
27.477686405181885,68408
27.47853183746338,68408
27.479382753372192,68408
27.48023772239685,68408
27.48109221458435,68408
27.48194432258606,68408
27.48279070854187,68408
27.48365092277527,68408
27.484497547149658,68408
27.485346794128418,68408
27.48620104789734,68408
27.487053871154785,68408
27.487906217575073,68408
27.48875856399536,68408
27.489609479904175,68408
27.490455865859985,68408
27.491307258605957,68408
27.492160320281982,68408
27.49301290512085,68408
27.4938702583313,68408
27.494723796844482,68408
27.49557614326477,68408
27.496421813964844,68408
27.49727702140808,68408
27.498130559921265,68408
27.49898338317871,68408
27.499834060668945,68408
27.500680685043335,68408
27.501527786254883,68408
27.502376556396484,68408
27.50322723388672,68408
27.504093170166016,68408
27.50495195388794,68408
27.505805253982544,68408
27.50665593147278,68408
27.507503271102905,68408
27.508358001708984,68408
27.509210348129272,68408
27.510062217712402,68408
27.510916233062744,68408
27.51176929473877,68408
27.51262092590332,68408
27.51346707344055,68408
27.514328956604004,68408
27.51518702507019,68408
27.51603865623474,68408
27.51689338684082,68408
27.51774525642395,68408
27.518601894378662,68408
27.51944613456726,68408
27.520299673080444,68408
27.52115297317505,68408
27.522005319595337,68408
27.522858381271362,68408
27.52371835708618,68408
27.524569988250732,68408
27.525418758392334,68408
27.52627158164978,68408
27.52712106704712,68408
27.527973175048828,68408
27.52882432937622,68408
27.52967643737793,68408
27.53052020072937,68408
27.53137445449829,68408
27.532232999801636,68408
27.533085107803345,68408
27.533949613571167,68408
27.534801483154297,68408
27.535651683807373,68408
27.53649377822876,68408
27.537341594696045,68408
27.538195371627808,68408
27.5390522480011,68408
27.53990077972412,68408
27.540751457214355,68408
27.541601419448853,68408
27.54244613647461,68408
27.543295860290527,68408
27.54416060447693,68408
27.545014142990112,68408
27.545865297317505,68408
27.546716690063477,68408
27.547569036483765,68408
27.548412799835205,68408
27.54926872253418,68408
27.55011820793152,68408
27.550973653793335,68408
27.551827669143677,68408
27.552682161331177,68408
27.553524017333984,68408
27.55438256263733,68408
27.555232763290405,68408
27.556087732315063,68408
27.556939601898193,68408
27.557791709899902,68408
27.5586416721344,68408
27.559484004974365,68408
27.560333728790283,68408
27.561185836791992,68408
27.56203866004944,68408
27.56289005279541,68408
27.563753604888916,68408
27.56460666656494,68408
27.565452337265015,68408
27.566306114196777,68408
27.56715965270996,68408
27.568013191223145,68408
27.56886339187622,68408
27.569717407226562,68408
27.570565462112427,68408
27.571409702301025,68408
27.572264194488525,68408
27.573121070861816,68408
27.57398557662964,68408
27.574836015701294,68408
27.575688362121582,68408
27.57653307914734,68408
27.577386617660522,68408
27.57824206352234,68408
27.579100608825684,68408
27.57995915412903,68408
27.58081293106079,68408
27.58166790008545,68408
27.582513570785522,68408
27.5833637714386,68408
27.58422541618347,68408
27.58508038520813,68408
27.58593463897705,68408
27.586787700653076,68408
27.587640047073364,68408
27.588486909866333,68408
27.589337825775146,68408
27.590190172195435,68408
27.591044664382935,68408
27.591898202896118,68408
27.592750310897827,68408
27.59361505508423,68408
27.59446096420288,68408
27.595309495925903,68408
27.59616470336914,68408
27.59702157974243,68408
27.597874641418457,68408
27.5987229347229,68408
27.599573612213135,68408
27.600423336029053,68408
27.60127544403076,68408
27.602130651474,68408
27.602981567382812,68408
27.60384225845337,68408
27.604695558547974,68408
27.60554051399231,68408
27.606393337249756,68408
27.607252597808838,68408
27.60811758041382,68408
27.60897397994995,68408
27.60982584953308,68408
27.61068058013916,68408
27.61152672767639,68408
27.61237668991089,68408
27.613226890563965,68408
27.614094018936157,68408
27.61495089530945,68408
27.615803480148315,68408
27.616652965545654,68408
27.617499589920044,68408
27.618354558944702,68408
27.619206190109253,68408
27.62005925178528,68408
27.620908975601196,68408
27.62175989151001,68408
27.622612237930298,68408
27.623456239700317,68408
27.624321222305298,68408
27.625175952911377,68408
27.626028299331665,68408
27.62688112258911,68408
27.627737283706665,68408
27.62858772277832,68408
27.629432678222656,68408
27.63028573989868,68408
27.631142377853394,68408
27.631994247436523,68408
27.632844924926758,68408
27.63370418548584,68408
27.63455057144165,68408
27.63540291786194,68408
27.63625693321228,68408
27.63710880279541,68408
27.63796377182007,68408
27.63881778717041,68408
27.639668703079224,68408
27.64051389694214,68408
27.641366481781006,68408
27.642219305038452,68408
27.643073081970215,68408
27.643938064575195,68408
27.64479160308838,68408
27.645643711090088,68408
27.64648723602295,68408
27.647338390350342,68408
27.648192882537842,68408
27.649045944213867,68408
27.649900436401367,68408
27.650750637054443,68408
27.651607275009155,68408
27.6524555683136,68408
27.65331196784973,68408
27.65417790412903,68408
27.65503191947937,68408
27.655885457992554,68408
27.65674138069153,68408
27.657593488693237,68408
27.658443689346313,68408
27.659294843673706,68408
27.660151720046997,68408
27.66100525856018,68408
27.66185975074768,68408
27.662709951400757,68408
27.66355538368225,68408
27.66442036628723,68408
27.665279150009155,68408
27.666132926940918,68408
27.666985034942627,68408
27.667836904525757,68408
27.66869306564331,68408
27.66953754425049,68408
27.670387029647827,68408
27.671239614486694,68408
27.672096967697144,68408
27.672953605651855,68408
27.6738121509552,68408
27.674670457839966,68408
27.675522565841675,68408
27.676372528076172,68408
27.677225828170776,68408
27.678081512451172,68408
27.678937673568726,68408
27.6797878742218,68408
27.680640697479248,68408
27.681484937667847,68408
27.682339668273926,68408
27.6831955909729,68408
27.684062004089355,68408
27.68491530418396,68408
27.685768604278564,68408
27.68662452697754,68408
27.68747353553772,68408
27.688326835632324,68408
27.68918204307556,68408
27.69003915786743,68408
27.6908917427063,68408
27.691746711730957,68408
27.692599296569824,68408
27.693447589874268,68408
27.694308042526245,68408
27.695159912109375,68408
27.696019649505615,68408
27.696871280670166,68408
27.697725296020508,68408
27.69857144355774,68408
27.69942283630371,68408
27.700271368026733,68408
27.701125860214233,68408
27.701981782913208,68408
27.702838897705078,68408
27.70370078086853,68408
27.7045476436615,68408
27.70539689064026,68408
27.706251621246338,68408
27.707107067108154,68408
27.7079598903656,68408
27.70881152153015,68408
27.709665536880493,68408
27.710510730743408,68408
27.711365938186646,68408
27.71222162246704,68408
27.713075399398804,68408
27.713939666748047,68408
27.71479058265686,68408
27.71564531326294,68408
27.71649146080017,68408
27.717342138290405,68408
27.718196868896484,68408
27.719053030014038,68408
27.719908237457275,68408
27.72076177597046,68408
27.721619606018066,68408
27.72246551513672,68408
27.72331738471985,68408
27.72418189048767,68408
27.72503900527954,68408
27.72589421272278,68408
27.726747274398804,68408
27.727604866027832,68408
27.72845149040222,68408
27.729302167892456,68408
27.73015832901001,68408
27.731014728546143,68408
27.731866359710693,68408
27.732720136642456,68408
27.733579635620117,68408
27.73443031311035,68408
27.735281229019165,68408
27.736135244369507,68408
27.73699164390564,68408
27.737844467163086,68408
27.73869562149048,68408
27.73954176902771,68408
27.740396738052368,68408
27.74124836921692,68408
27.742103815078735,68408
27.742958307266235,68408
27.743821620941162,68408
27.74467182159424,68408
27.745519161224365,68408
27.74636960029602,68408
27.747225522994995,68408
27.748080492019653,68408
27.748937845230103,68408
27.749794721603394,68408
27.75065016746521,68408
27.751495122909546,68408
27.752346754074097,68408
27.75319766998291,68408
27.75406575202942,68408
27.75491952896118,68408
27.755773305892944,68408
27.75662922859192,68408
27.757477521896362,68408
27.75832748413086,68408
27.75918173789978,68408
27.760031938552856,68408
27.76088547706604,68408
27.76173734664917,68408
27.76258897781372,68408
27.763433694839478,68408
27.764297485351562,68408
27.765149354934692,68408
27.766002416610718,68408
27.766857624053955,68408
27.767712354660034,68408
27.76856255531311,68408
27.769410610198975,68408
27.770264148712158,68408
27.7711181640625,68408
27.771971225738525,68408
27.772823810577393,68408
27.773683071136475,68408
27.7745304107666,68408
27.775384426116943,68408
27.77623701095581,68408
27.77709197998047,68408
27.7779483795166,68408
27.778797388076782,68408
27.779651403427124,68408
27.780498027801514,68408
27.781349897384644,68408
27.782200574874878,68408
27.78305697441101,68408
27.783921241760254,68408
27.784777879714966,68408
27.785631895065308,68408
27.786479473114014,68408
27.78733253479004,68408
27.78818941116333,68408
27.78904151916504,68408
27.789892196655273,68408
27.790743589401245,68408
27.79159903526306,68408
27.792446613311768,68408
27.793298482894897,68408
27.794163703918457,68408
27.79501700401306,68408
27.79586911201477,68408
27.796719312667847,68408
27.79757046699524,68408
27.79841661453247,68408
27.79927086830139,68408
27.800123691558838,68408
27.800970792770386,68408
27.80182433128357,68408
27.8026762008667,68408
27.803518772125244,68408
27.804380416870117,68408
27.805232524871826,68408
27.80608630180359,68408
27.80694031715393,68408
27.807788372039795,68408
27.8086416721344,68408
27.80948567390442,68408
27.810335874557495,68408
27.811187028884888,68408
27.81204319000244,68408
27.81289291381836,68408
27.813749313354492,68408
27.814598321914673,68408
27.815446138381958,68408
27.81629776954651,68408
27.817151308059692,68408
27.818007230758667,68408
27.81886053085327,68408
27.81970763206482,68408
27.82055163383484,68408
27.821401834487915,68408
27.822259426116943,68408
27.823113441467285,68408
27.823973178863525,68408
27.824824810028076,68408
27.825676918029785,68408
27.826521158218384,68408
27.827369928359985,68408
27.828221082687378,68408
27.829075813293457,68408
27.829931020736694,68408
27.830779552459717,68408
27.831628799438477,68408
27.832472801208496,68408
27.83332633972168,68408
27.83418893814087,68408
27.835042715072632,68408
27.835901260375977,68408
27.836751222610474,68408
27.837603330612183,68408
27.838449716567993,68408
27.83930230140686,68408
27.840155601501465,68408
27.841006994247437,68408
27.84186363220215,68408
27.84271740913391,68408
27.84357213973999,68408
27.844421863555908,68408
27.84527587890625,68408
27.846131563186646,68408
27.84698510169983,68408
27.847838163375854,68408
27.84868836402893,68408
27.8495352268219,68408
27.85038447380066,68408
27.85123610496521,68408
27.852088451385498,68408
27.852941274642944,68408
27.853798389434814,68408
27.85465407371521,68408
27.855501174926758,68408
27.85635495185852,68408
27.857207536697388,68408
27.85805916786194,68408
27.8589129447937,68408
27.85976815223694,68408
27.86062455177307,68408
27.86147117614746,68408
27.8623263835907,68408
27.863181114196777,68408
27.864046096801758,68408
27.864898920059204,68408
27.865753412246704,68408
27.866607189178467,68408
27.867454051971436,68408
27.868304014205933,68408
27.869158506393433,68408
27.870014429092407,68408
27.870864868164062,68408
27.871715545654297,68408
27.872556686401367,68408
27.873409748077393,68408
27.87427282333374,68408
27.875126123428345,68408
27.875981092453003,68408
27.876835584640503,68408
27.877686500549316,68408
27.878525495529175,68408
27.87938094139099,68408
27.88023614883423,68408
27.881089210510254,68408
27.88194227218628,68408
27.88279414176941,68408
27.883657932281494,68408
27.88450336456299,68408
27.8853542804718,68408
27.8862042427063,68408
27.887059211730957,68408
27.887914657592773,68408
27.888767957687378,68408
27.889618158340454,68408
27.89046311378479,68408
27.89130926132202,68408
27.892162561416626,68408
27.89301323890686,68408
27.89388132095337,68408
27.89473295211792,68408
27.895584106445312,68408
27.89642858505249,68408
27.89728307723999,68408
27.898133039474487,68408
27.898986339569092,68408
27.89983558654785,68408
27.900691032409668,68408
27.901535749435425,68408
27.902385711669922,68408
27.903239250183105,68408
27.90410280227661,68408
27.904953479766846,68408
27.905806303024292,68408
27.90665864944458,68408
27.90750503540039,68408
27.90835475921631,68408
27.909207344055176,68408
27.910062074661255,68408
27.910916328430176,68408
27.911762952804565,68408
27.91261601448059,68408
27.913458347320557,68408
27.91431498527527,68408
27.91516923904419,68408
27.91602373123169,68408
27.91687822341919,68408
27.917734622955322,68408
27.918586015701294,68408
27.919435024261475,68408
27.92028832435608,68408
27.921143531799316,68408
27.921997785568237,68408
27.9228515625,68408
27.923708200454712,68408
27.924556493759155,68408
27.925409078598022,68408
27.92626428604126,68408
27.92711639404297,68408
27.9279727935791,68408
27.928823947906494,68408
27.929675579071045,68408
27.930522680282593,68408
27.931375980377197,68408
27.93222665786743,68408
27.933079719543457,68408
27.933943033218384,68408
27.93479633331299,68408
27.935651779174805,68408
27.93649697303772,68408
27.937347412109375,68408
27.938204765319824,68408
27.93905758857727,68408
27.939913272857666,68408
27.94076681137085,68408
27.941622257232666,68408
27.942469120025635,68408
27.94332003593445,68408
27.944180965423584,68408
27.945039749145508,68408
27.945894241333008,68408
27.946746826171875,68408
27.947598934173584,68408
27.948447227478027,68408
27.94929552078247,68408
27.950150728225708,68408
27.95100164413452,68408
27.9518563747406,68408
27.952706813812256,68408
27.95355200767517,68408
27.95441174507141,68408
27.95526695251465,68408
27.956119298934937,68408
27.95697331428528,68408
27.957822799682617,68408
27.95867919921875,68408
27.959524154663086,68408
27.96037459373474,68408
27.961228370666504,68408
27.962085485458374,68408
27.962936401367188,68408
27.963798999786377,68408
27.96465039253235,68408
27.965497970581055,68408
27.966347694396973,68408
27.96720051765442,68408
27.968053102493286,68408
27.968907594680786,68408
27.969759225845337,68408
27.970614671707153,68408
27.971457958221436,68408
27.972312688827515,68408
27.973169803619385,68408
27.974035263061523,68408
27.97488808631897,68408
27.97574210166931,68408
27.9765944480896,68408
27.977442979812622,68408
27.9782931804657,68408
27.979145050048828,68408
27.979998350143433,68408
27.98084807395935,68408
27.98170256614685,68408
27.98254895210266,68408
27.983400344848633,68408
27.98426866531372,68408
27.98512077331543,68408
27.985978603363037,68408
27.986830711364746,68408
27.987683534622192,68408
27.98852777481079,68408
27.98938488960266,68408
27.990238189697266,68408
27.991092205047607,68408
27.991943836212158,68408
27.992796421051025,68408
27.993661642074585,68408
27.99450397491455,68408
27.995354413986206,68408
27.996209621429443,68408
27.997065544128418,68408
27.997921228408813,68408
27.99876832962036,68408
27.99962019920349,68408
28.000463724136353,68408
28.00131058692932,68408
28.002163648605347,68408
28.003021478652954,68408
28.003885984420776,68408
28.004737854003906,68408
28.005589962005615,68408
28.006433963775635,68408
28.00728178024292,68408
28.008134841918945,68408
28.00898766517639,68408
28.00984263420105,68408
28.010695934295654,68408
28.011542797088623,68408
28.01239275932312,68408
28.0132474899292,68408
28.0141122341156,68408
28.014968872070312,68408
28.015817642211914,68408
28.016671180725098,68408
28.017516613006592,68408
28.0183687210083,68408
28.019225597381592,68408
28.020081996917725,68408
28.020937204360962,68408
28.021788597106934,68408
28.02263903617859,68408
28.023483991622925,68408
28.024341106414795,68408
28.02519416809082,68408
28.02604651451111,68408
28.026902437210083,68408
28.027750968933105,68408
28.028603553771973,68408
28.029448747634888,68408
28.030303716659546,68408
28.031155824661255,68408
28.03200888633728,68408
28.0328586101532,68408
28.03372025489807,68408
28.034571170806885,68408
28.035417795181274,68408
28.03627109527588,68408
28.037130117416382,68408
28.03798270225525,68408
28.038832902908325,68408
28.03968596458435,68408
28.040533542633057,68408
28.04138445854187,68408
28.042240858078003,68408
28.043095111846924,68408
28.043960332870483,68408
28.044811248779297,68408
28.04566502571106,68408
28.046509981155396,68408
28.04735827445984,68408
28.04821491241455,68408
28.049068927764893,68408
28.049919843673706,68408
28.050774097442627,68408
28.051626920700073,68408
28.052470207214355,68408
28.05332088470459,68408
28.05418586730957,68408
28.055038452148438,68408
28.055891513824463,68408
28.056742191314697,68408
28.057593822479248,68408
28.05844259262085,68408
28.059296131134033,68408
28.060149908065796,68408
28.06100583076477,68408
28.061856746673584,68408
28.062705993652344,68408
28.063549280166626,68408
28.06441044807434,68408
28.065263271331787,68408
28.066115379333496,68408
28.066969871520996,68408
28.067824363708496,68408
28.06867814064026,68408
28.06952452659607,68408
28.070377349853516,68408
28.071231365203857,68408
28.07208561897278,68408
28.072941780090332,68408
28.073800325393677,68408
28.074655294418335,68408
28.07550048828125,68408
28.07634925842285,68408
28.07720112800598,68408
28.07805585861206,68408
28.078907012939453,68408
28.079759120941162,68408
28.08060932159424,68408
28.081455945968628,68408
28.082305908203125,68408
28.0831937789917,68408
28.084184885025024,68408
28.085041284561157,68408
28.08589482307434,68408
28.086747884750366,68408
28.087598085403442,68408
28.088442087173462,68408
28.089292526245117,68408
28.09014654159546,68408
28.090998888015747,68408
28.0918550491333,68408
28.09270668029785,68408
28.093554496765137,68408
28.094415187835693,68408
28.095271348953247,68408
28.09612274169922,68408
28.09697413444519,68408
28.09782361984253,68408
28.09868025779724,68408
28.099523782730103,68408
28.10037398338318,68408
28.1012282371521,68408
28.10208559036255,68408
28.102936506271362,68408
28.103795766830444,68408
28.104647874832153,68408
28.10550355911255,68408
28.106353759765625,68408
28.107210159301758,68408
28.108065605163574,68408
28.10891819000244,68408
28.10977292060852,68408
28.110624313354492,68408
28.111469745635986,68408
28.112324714660645,68408
28.113173484802246,68408
28.114038467407227,68408
28.114891529083252,68408
28.11574625968933,68408
28.116599559783936,68408
28.117445707321167,68408
28.118295669555664,68408
28.11915159225464,68408
28.12000584602356,68408
28.120858430862427,68408
28.121708631515503,68408
28.122554779052734,68408
28.12340474128723,68408
28.124266624450684,68408
28.125121116638184,68408
28.125977516174316,68408
28.12682867050171,68408
28.127676248550415,68408
28.128520250320435,68408
28.129375457763672,68408
28.13023090362549,68408
28.13108253479004,68408
28.131934881210327,68408
28.13278865814209,68408
28.133649587631226,68408
28.13449454307556,68408
28.135343313217163,68408
28.136201858520508,68408
28.13705539703369,68408
28.137906789779663,68408
28.138757944107056,68408
28.139612913131714,68408
28.140458583831787,68408
28.14130973815918,68408
28.142162561416626,68408
28.143015384674072,68408
28.143874406814575,68408
28.14472484588623,68408
28.145574808120728,68408
28.146422386169434,68408
28.147273302078247,68408
28.148128747940063,68408
28.148979902267456,68408
28.14983320236206,68408
28.15068531036377,68408
28.15152931213379,68408
28.15238094329834,68408
28.15323257446289,68408
28.15409755706787,68408
28.154953956604004,68408
28.155804872512817,68408
28.156659841537476,68408
28.157504320144653,68408
28.15835928916931,68408
28.159212350845337,68408
28.16006636619568,68408
28.160917043685913,68408
28.161770582199097,68408
28.16262125968933,68408
28.16347098350525,68408
28.164331436157227,68408
28.16518783569336,68408
28.166042804718018,68408
28.166896104812622,68408
28.167744159698486,68408
28.16859459877014,68408
28.169438123703003,68408
28.170289516448975,68408
28.171138763427734,68408
28.171992540359497,68408
28.17284321784973,68408
28.173705101013184,68408
28.174551963806152,68408
28.17540407180786,68408
28.176257371902466,68408
28.177112579345703,68408
28.177961111068726,68408
28.178812980651855,68408
28.179667472839355,68408
28.18051266670227,68408
28.18136477470398,68408
28.182217836380005,68408
28.183072090148926,68408
28.18393635749817,68408
28.184787034988403,68408
28.185635328292847,68408
28.186478853225708,68408
28.18733239173889,68408
28.188185930252075,68408
28.189042329788208,68408
28.189891815185547,68408
28.190743684768677,68408
28.191593647003174,68408
28.19243860244751,68408
28.193290948867798,68408
28.194159269332886,68408
28.19501280784607,68408
28.195863723754883,68408
28.19671607017517,68408
28.197566509246826,68408
28.19840955734253,68408
28.199265241622925,68408
28.2001211643219,68408
28.200974702835083,68408
28.201825857162476,68408
28.20267939567566,68408
28.20352530479431,68408
28.204389333724976,68408
28.205240726470947,68408
28.20609188079834,68408
28.206945657730103,68408
28.207802295684814,68408
28.208657264709473,68408
28.20950412750244,68408
28.210355281829834,68408
28.211209535598755,68408
28.212060928344727,68408
28.212916135787964,68408
28.2137770652771,68408
28.21463418006897,68408
28.215484142303467,68408
28.216337203979492,68408
28.217193603515625,68408
28.21804976463318,68408
28.218902587890625,68408
28.219754934310913,68408
28.220606565475464,68408
28.221454858779907,68408
28.22230315208435,68408
28.22315788269043,68408
28.224022388458252,68408
28.22487783432007,68408
28.22572922706604,68408
28.226580381393433,68408
28.227431058883667,68408
28.22828459739685,68408
28.2291362285614,68408
28.229989051818848,68408
28.23084020614624,68408
28.231693983078003,68408
28.23253631591797,68408
28.23338508605957,68408
28.234246253967285,68408
28.235100746154785,68408
28.235949993133545,68408
28.236802577972412,68408
28.237653732299805,68408
28.238499879837036,68408
28.239351272583008,68408
28.24020552635193,68408
28.241057634353638,68408
28.241912841796875,68408
28.24276351928711,68408
28.24362587928772,68408
28.24447226524353,68408
28.245330095291138,68408
28.24618434906006,68408
28.247036457061768,68408
28.24788808822632,68408
28.24874186515808,68408
28.249589204788208,68408
28.250433683395386,68408
28.251288175582886,68408
28.25214171409607,68408
28.252992868423462,68408
28.25385355949402,68408
28.254709482192993,68408
28.255555629730225,68408
28.2564058303833,68408
28.257258415222168,68408
28.25810933113098,68408
28.258962631225586,68408
28.25981092453003,68408
28.260666370391846,68408
28.26151132583618,68408
28.262364864349365,68408
28.26321578025818,68408
28.26408290863037,68408
28.26493787765503,68408
28.265791177749634,68408
28.266646146774292,68408
28.26749086380005,68408
28.26834011077881,68408
28.26919674873352,68408
28.270050764083862,68408
28.27090311050415,68408
28.27175545692444,68408
28.2726092338562,68408
28.27345561981201,68408
28.2743136882782,68408
28.275169610977173,68408
28.27602505683899,68408
28.27687430381775,68408
28.27772808074951,68408
28.278578758239746,68408
28.27942395210266,68408
28.280272722244263,68408
28.28112483024597,68408
28.281977653503418,68408
28.282832145690918,68408
28.283693313598633,68408
28.28454089164734,68408
28.2853901386261,68408
28.286245822906494,68408
28.287097692489624,68408
28.287948608398438,68408
28.288800477981567,68408
28.289652824401855,68408
28.290497064590454,68408
28.29135012626648,68408
28.29220151901245,68408
28.293054819107056,68408
28.29392099380493,68408
28.294771671295166,68408
28.29562211036682,68408
28.296470880508423,68408
28.297322034835815,68408
28.298174381256104,68408
28.29902672767639,68408
28.299884557724,68408
28.300734519958496,68408
28.30158567428589,68408
28.302427053451538,68408
28.303282260894775,68408
28.304147243499756,68408
28.304998636245728,68408
28.305853128433228,68408
28.30670475959778,68408
28.30754828453064,68408
28.308401107788086,68408
28.309256315231323,68408
28.31011128425598,68408
28.31096315383911,68408
28.311813831329346,68408
28.31266689300537,68408
28.313508987426758,68408
28.314371824264526,68408
28.315224409103394,68408
28.316078424453735,68408
28.31693458557129,68408
28.317784070968628,68408
28.318636894226074,68408
28.319481134414673,68408
28.3203341960907,68408
28.321188926696777,68408
28.32204270362854,68408
28.3228976726532,68408
28.323761701583862,68408
28.324610948562622,68408
28.325456857681274,68408
28.326305627822876,68408
28.32716155052185,68408
28.328017234802246,68408
28.328871250152588,68408
28.329723596572876,68408
28.33057737350464,68408
28.331424951553345,68408
28.332273960113525,68408
28.33312487602234,68408
28.333988189697266,68408
28.33484172821045,68408
28.33569860458374,68408
28.33654522895813,68408
28.337398052215576,68408
28.338250160217285,68408
28.33910369873047,68408
28.339956283569336,68408
28.34080982208252,68408
28.3416645526886,68408
28.34251093864441,68408
28.343366861343384,68408
28.34423518180847,68408
28.34508728981018,68408
28.345941066741943,68408
28.346791744232178,68408
28.347643613815308,68408
28.34848713874817,68408
28.349339246749878,68408
28.35019063949585,68408
28.35104727745056,68408
28.35190176963806,68408
28.352752447128296,68408
28.35361099243164,68408
28.35445809364319,68408
28.355308532714844,68408
28.356160640716553,68408
28.357014179229736,68408
28.35786747932434,68408
28.358718633651733,68408
28.359565496444702,68408
28.360413074493408,68408
28.36126971244812,68408
28.36212182044983,68408
28.36297583580017,68408
28.363836526870728,68408
28.364691257476807,68408
28.365537643432617,68408
28.366391897201538,68408
28.36724877357483,68408
28.368104934692383,68408
28.368958950042725,68408
28.369812726974487,68408
28.370664834976196,68408
28.371513605117798,68408
28.372369050979614,68408
28.373228549957275,68408
28.374094009399414,68408
28.374951601028442,68408
28.37580370903015,68408
28.376657724380493,68408
28.37750768661499,68408
28.378361701965332,68408
28.3792142868042,68408
28.38006901741028,68408
28.380919218063354,68408
28.381774187088013,68408
28.382625341415405,68408
28.38346838951111,68408
28.38433051109314,68408
28.385185956954956,68408
28.38603925704956,68408
28.38689088821411,68408
28.38774085044861,68408
28.388591289520264,68408
28.389437198638916,68408
28.3902907371521,68408
28.391143083572388,68408
28.39200210571289,68408
28.392858028411865,68408
28.39372205734253,68408
28.3945734500885,68408
28.395422220230103,68408
28.396273612976074,68408
28.397129774093628,68408
28.397983074188232,68408
28.398837089538574,68408
28.39969038963318,68408
28.40053701400757,68408
28.401390314102173,68408
28.402244806289673,68408
28.403098106384277,68408
28.403960943222046,68408
28.40481472015381,68408
28.40566873550415,68408
28.406516790390015,68408
28.4073703289032,68408
28.40822696685791,68408
28.409080743789673,68408
28.40993642807007,68408
28.410789012908936,68408
28.411638498306274,68408
28.41248607635498,68408
28.413333654403687,68408
28.414197206497192,68408
28.415052890777588,68408
28.41590929031372,68408
28.416759490966797,68408
28.417612075805664,68408
28.41846227645874,68408
28.419315099716187,68408
28.420169591903687,68408
28.42102575302124,68408
28.421876907348633,68408
28.422728538513184,68408
28.42358422279358,68408
28.424431800842285,68408
28.42528533935547,68408
28.426141262054443,68408
28.426994562149048,68408
28.42784881591797,68408
28.428701400756836,68408
28.429550886154175,68408
28.43040370941162,68408
28.43125629425049,68408
28.432111740112305,68408
28.432971000671387,68408
28.433830499649048,68408
28.434686422348022,68408
28.435530185699463,68408
28.436384201049805,68408
28.43723726272583,68408
28.438093185424805,68408
28.43894910812378,68408
28.43980383872986,68408
28.44065833091736,68408
28.44150686264038,68408
28.44235849380493,68408
28.443217992782593,68408
28.444087505340576,68408
28.444937229156494,68408
28.445786952972412,68408
28.446643114089966,68408
28.447490215301514,68408
28.448343992233276,68408
28.449198007583618,68408
28.45005488395691,68408
28.450910568237305,68408
28.4517605304718,68408
28.4526150226593,68408
28.45346212387085,68408
28.454323053359985,68408
28.45517873764038,68408
28.456032037734985,68408
28.456888437271118,68408
28.457740783691406,68408
28.458589553833008,68408
28.45943546295166,68408
28.460290670394897,68408
28.46114468574524,68408
28.46200180053711,68408
28.462855100631714,68408
28.463717222213745,68408
28.4645676612854,68408
28.465415477752686,68408
28.466270923614502,68408
28.46712636947632,68408
28.46797823905945,68408
28.46883249282837,68408
28.46968698501587,68408
28.47053551673889,68408
28.47138547897339,68408
28.472239017486572,68408
28.47309446334839,68408
28.473963260650635,68408
28.474817991256714,68408
28.47567105293274,68408
28.476512908935547,68408
28.477362632751465,68408
28.478216886520386,68408
28.479068756103516,68408
28.47992205619812,68408
28.48077630996704,68408
28.48163414001465,68408
28.4824800491333,68408
28.483331441879272,68408
28.48419499397278,68408
28.48505163192749,68408
28.48590636253357,68408
28.486759185791016,68408
28.487613201141357,68408
28.488457441329956,68408
28.48931097984314,68408
28.490164518356323,68408
28.491023778915405,68408
28.491875648498535,68408
28.4927237033844,68408
28.493579149246216,68408
28.49442720413208,68408
28.495279550552368,68408
28.496134519577026,68408
28.49698829650879,68408
28.49784278869629,68408
28.498692512512207,68408
28.499540328979492,68408
28.50039505958557,68408
28.501257181167603,68408
28.50211501121521,68408
28.502968788146973,68408
28.503828525543213,68408
28.504685401916504,68408
28.505531787872314,68408
28.50638508796692,68408
28.50723910331726,68408
28.508095741271973,68408
28.508952379226685,68408
28.50980567932129,68408
28.510655641555786,68408
28.511507272720337,68408
28.512357711791992,68408
28.5132098197937,68408
28.51407289505005,68408
28.514928579330444,68408
28.5157790184021,68408
28.516632318496704,68408
28.517476797103882,68408
28.518330574035645,68408
28.519185543060303,68408
28.520039796829224,68408
28.520893573760986,68408
28.521745204925537,68408
28.522597551345825,68408
28.523444414138794,68408
28.52430248260498,68408
28.525158405303955,68408
28.5260112285614,68408
28.526862859725952,68408
28.52771520614624,68408
28.52856683731079,68408
28.529411554336548,68408
28.530264377593994,68408
28.531115531921387,68408
28.53196883201599,68408
28.53281831741333,68408
28.533678770065308,68408
28.534520387649536,68408
28.535375356674194,68408
28.536226987838745,68408
28.53708243370056,68408
28.537938117980957,68408
28.53878879547119,68408
28.539639711380005,68408
28.540485858917236,68408
28.541336059570312,68408
28.542191743850708,68408
28.543046474456787,68408
28.54391312599182,68408
28.54476284980774,68408
28.545618295669556,68408
28.546465635299683,68408
28.54731559753418,68408
28.548169374465942,68408
28.549023389816284,68408
28.549875259399414,68408
28.55072808265686,68408
28.551581382751465,68408
28.552428245544434,68408
28.553281545639038,68408
28.554147958755493,68408
28.555001258850098,68408
28.555854082107544,68408
28.55670666694641,68408
28.557552337646484,68408
28.558406591415405,68408
28.559261083602905,68408
28.56011414527893,68408
28.56096601486206,68408
28.56181764602661,68408
28.56267285346985,68408
28.563517570495605,68408
28.564380407333374,68408
28.56523299217224,68408
28.56608748435974,68408
28.56694769859314,68408
28.567800283432007,68408
28.56865406036377,68408
28.569501399993896,68408
28.570356607437134,68408
28.571208953857422,68408
28.572060108184814,68408
28.57291340827942,68408
28.573771715164185,68408
28.574623823165894,68408
28.57546854019165,68408
28.576323986053467,68408
28.57718014717102,68408
28.578035354614258,68408
28.57888960838318,68408
28.57974410057068,68408
28.580596446990967,68408
28.581443309783936,68408
28.582294464111328,68408
28.583147048950195,68408
28.584011793136597,68408
28.58486032485962,68408
28.585715770721436,68408
28.586568355560303,68408
28.587416887283325,68408
28.58826732635498,68408
28.589122772216797,68408
28.58997631072998,68408
28.59082818031311,68408
28.591683387756348,68408
28.59252953529358,68408
28.593384742736816,68408
28.594250202178955,68408
28.595104932785034,68408
28.595957040786743,68408
28.596805810928345,68408
28.597657203674316,68408
28.598503589630127,68408
28.5993549823761,68408
28.600212335586548,68408
28.601067304611206,68408
28.601922035217285,68408
28.602771520614624,68408
28.603636264801025,68408
28.604480266571045,68408
28.605331659317017,68408
28.60618567466736,68408
28.607038974761963,68408
28.607901573181152,68408
28.60875391960144,68408
28.609607696533203,68408
28.61045742034912,68408
28.6113064289093,68408
28.612163066864014,68408
28.613013982772827,68408
28.61387872695923,68408
28.61472988128662,68408
28.615581512451172,68408
28.616429805755615,68408
28.617286205291748,68408
28.61814045906067,68408
28.618995428085327,68408
28.61984610557556,68408
28.62070083618164,68408
28.621548891067505,68408
28.62240171432495,68408
28.623252868652344,68408
28.624117612838745,68408
28.62497091293335,68408
28.62582540512085,68408
28.626678228378296,68408
28.62752652168274,68408
28.62837553024292,68408
28.629228591918945,68408
28.63008213043213,68408
28.630939960479736,68408
28.631792306900024,68408
28.632646083831787,68408
28.63349151611328,68408
28.634354829788208,68408
28.635209321975708,68408
28.63606333732605,68408
28.636916399002075,68408
28.637770891189575,68408
28.63862442970276,68408
28.639471530914307,68408
28.64032220840454,68408
28.64117670059204,68408
28.642034769058228,68408
28.642890453338623,68408
28.6437509059906,68408
28.644603967666626,68408
28.645452976226807,68408
28.64630436897278,68408
28.647157669067383,68408
28.648013830184937,68408
28.648865222930908,68408
28.649718284606934,68408
28.65056610107422,68408
28.65141463279724,68408
28.652267456054688,68408
28.65312123298645,68408
28.653985500335693,68408
28.654837608337402,68408
28.655691862106323,68408
28.656538486480713,68408
28.657389879226685,68408
28.658241987228394,68408
28.659093379974365,68408
28.65995168685913,68408
28.660805225372314,68408
28.661659002304077,68408
28.662506341934204,68408
28.663360118865967,68408
28.664226770401,68408
28.66508460044861,68408
28.665937662124634,68408
28.66679072380066,68408
28.66764211654663,68408
28.668490886688232,68408
28.669341325759888,68408
28.670196056365967,68408
28.671051025390625,68408
28.67190647125244,68408
28.67275595664978,68408
28.67361569404602,68408
28.674461126327515,68408
28.675313472747803,68408
28.67616605758667,68408
28.67701768875122,68408
28.677868604660034,68408
28.678722858428955,68408
28.679574251174927,68408
28.680418491363525,68408
28.681267499923706,68408
28.68212389945984,68408
28.682974576950073,68408
28.683831930160522,68408
28.684682846069336,68408
28.685530185699463,68408
28.686378479003906,68408
28.687230587005615,68408
28.68808341026306,68408
28.688940048217773,68408
28.689793586730957,68408
28.690645694732666,68408
28.691489696502686,68408
28.69234323501587,68408
28.69319772720337,68408
28.694063186645508,68408
28.6949200630188,68408
28.695772647857666,68408
28.696622610092163,68408
28.697465658187866,68408
28.69831395149231,68408
28.69916796684265,68408
28.700019359588623,68408
28.70087456703186,68408
28.701724767684937,68408
28.702579021453857,68408
28.703423976898193,68408
28.70428442955017,68408
28.705137968063354,68408
28.705994606018066,68408
28.70684576034546,68408
28.707700967788696,68408
28.708545684814453,68408
28.70939874649048,68408
28.710252046585083,68408
28.711103916168213,68408
28.711958169937134,68408
28.712814569473267,68408
28.713674068450928,68408
28.714518308639526,68408
28.715368270874023,68408
28.716221809387207,68408
28.717074632644653,68408
28.717926502227783,68408
28.718778610229492,68408
28.71963119506836,68408
28.720476865768433,68408
28.721327304840088,68408
28.722177505493164,68408
28.72303605079651,68408
28.72389817237854,68408
28.724750995635986,68408
28.725605010986328,68408
28.72645115852356,68408
28.72730255126953,68408
28.728156089782715,68408
28.72901153564453,68408
28.729861736297607,68408
28.730714559555054,68408
28.731566667556763,68408
28.73241114616394,68408
28.733262538909912,68408
28.73412775993347,68408
28.734981298446655,68408
28.73583197593689,68408
28.736683130264282,68408
28.737529277801514,68408
28.738383531570435,68408
28.739237308502197,68408
28.740092515945435,68408
28.740946531295776,68408
28.741801977157593,68408
28.742652416229248,68408
28.743499994277954,68408
28.744361639022827,68408
28.74521780014038,68408
28.746071100234985,68408
28.74692678451538,68408
28.747779369354248,68408
28.748632669448853,68408
28.749478340148926,68408
28.750332832336426,68408
28.75118637084961,68408
28.75203514099121,68408
28.752885103225708,68408
28.75374746322632,68408
28.75459861755371,68408
28.755449533462524,68408
28.756293773651123,68408
28.75715184211731,68408
28.758001804351807,68408
28.75885534286499,68408
28.759703397750854,68408
28.760552883148193,68408
28.761404752731323,68408
28.762262105941772,68408
28.763113260269165,68408
28.763977527618408,68408
28.764830589294434,68408
28.76568102836609,68408
28.766526460647583,68408
28.76738214492798,68408
28.768234729766846,68408
28.769088983535767,68408
28.76994276046753,68408
28.7707998752594,68408
28.771652936935425,68408
28.77250075340271,68408
28.773349046707153,68408
28.77421498298645,68408
28.775065660476685,68408
28.775919198989868,68408
28.776767015457153,68408
28.777616500854492,68408
28.778459072113037,68408
28.77930998802185,68408
28.780161380767822,68408
28.781015872955322,68408
28.781867265701294,68408
28.782721996307373,68408
28.78358221054077,68408
28.784428596496582,68408
28.785279750823975,68408
28.786128997802734,68408
28.786982536315918,68408
28.78783345222473,68408
28.788684129714966,68408
28.789534091949463,68408
28.79038906097412,68408
28.7912437915802,68408
28.792097091674805,68408
28.79294753074646,68408
28.793809413909912,68408
28.794665098190308,68408
28.7955105304718,68408
28.796365976333618,68408
28.797218084335327,68408
28.79807710647583,68408
28.79892873764038,68408
28.799777269363403,68408
28.80063223838806,68408
28.801480293273926,68408
28.802329778671265,68408
28.803186893463135,68408
28.804049730300903,68408
28.804904460906982,68408
28.805755853652954,68408
28.806610584259033,68408
28.807457208633423,68408
28.808307886123657,68408
28.809159994125366,68408
28.81001877784729,68408
28.810872554779053,68408
28.811726093292236,68408
28.812575340270996,68408
28.813421964645386,68408
28.814284086227417,68408
28.815144062042236,68408
28.81599712371826,68408
28.816850185394287,68408
28.81770420074463,68408
28.818554162979126,68408
28.81940793991089,68408
28.820260763168335,68408
28.821115016937256,68408
28.82197117805481,68408
28.82282519340515,68408
28.82369041442871,68408
28.82453465461731,68408
28.825387239456177,68408
28.826239347457886,68408
28.827093601226807,68408
28.82794690132141,68408
28.828800678253174,68408
28.829652786254883,68408
28.83050036430359,68408
28.83134937286377,68408
28.832205533981323,68408
28.83305811882019,68408
28.833919286727905,68408
28.834768772125244,68408
28.835623025894165,68408
28.83646821975708,68408
28.837321519851685,68408
28.83817982673645,68408
28.83903408050537,68408
28.839884757995605,68408
28.840735912322998,68408
28.841588020324707,68408
28.842437505722046,68408
28.843287467956543,68408
28.844154357910156,68408
28.845008373260498,68408
28.84586501121521,68408
28.846718788146973,68408
28.847566604614258,68408
28.84841275215149,68408
28.849265813827515,68408
28.850119829177856,68408
28.850971221923828,68408
28.85182285308838,68408
28.852675437927246,68408
28.853521823883057,68408
28.854386806488037,68408
28.85523819923401,68408
28.856088876724243,68408
28.85694122314453,68408
28.85779047012329,68408
28.858642578125,68408
28.85948610305786,68408
28.860335111618042,68408
28.861184120178223,68408
28.862037897109985,68408
28.862895488739014,68408
28.86375617980957,68408
28.864606857299805,68408
28.865451335906982,68408
28.866305351257324,68408
28.867157697677612,68408
28.868011951446533,68408
28.868866205215454,68408
28.869720220565796,68408
28.870569229125977,68408
28.871418952941895,68408
28.872271299362183,68408
28.873127460479736,68408
28.873992919921875,68408
28.87484622001648,68408
28.87569808959961,68408
28.876542806625366,68408
28.87739849090576,68408
28.878251314163208,68408
28.879106760025024,68408
28.879963397979736,68408
28.880816221237183,68408
28.881670475006104,68408
28.882516622543335,68408
28.883371829986572,68408
28.88423490524292,68408
28.885092973709106,68408
28.885947942733765,68408
28.886799097061157,68408
28.88765048980713,68408
28.88849401473999,68408
28.889345407485962,68408
28.89020276069641,68408
28.891057014465332,68408
28.891913175582886,68408
28.892765283584595,68408
28.89362931251526,68408
28.894473552703857,68408
28.8953275680542,68408
28.896185398101807,68408
28.897040367126465,68408
28.89789605140686,68408
28.898749113082886,68408
28.899599313735962,68408
28.90044593811035,68408
28.90129852294922,68408
28.902154445648193,68408
28.90300941467285,68408
28.90387272834778,68408
28.904726028442383,68408
28.905577659606934,68408
28.90642499923706,68408
28.90727996826172,68408
28.90813398361206,68408
28.90898871421814,68408
28.90984082221985,68408
28.91069221496582,68408
28.911537647247314,68408
28.91239023208618,68408
28.91324257850647,68408
28.914108753204346,68408
28.914961099624634,68408
28.91581106185913,68408
28.91666340827942,68408
28.917511224746704,68408
28.91836428642273,68408
28.919217348098755,68408
28.920072555541992,68408
28.92092752456665,68408
28.92177724838257,68408
28.9226291179657,68408
28.923475980758667,68408
28.92434048652649,68408
28.925196886062622,68408
28.92604923248291,68408
28.926899671554565,68408
28.927750825881958,68408
28.928603887557983,68408
28.92945170402527,68408
28.930299758911133,68408
28.931155920028687,68408
28.932013273239136,68408
28.932868003845215,68408
28.93372893333435,68408
28.934584140777588,68408
28.935431003570557,68408
28.936283111572266,68408
28.937135457992554,68408
28.937991619110107,68408
28.938844203948975,68408
28.93969440460205,68408
28.94053339958191,68408
28.94138479232788,68408
28.942238092422485,68408
28.943090677261353,68408
28.943952560424805,68408
28.944806575775146,68408
28.945658445358276,68408
28.94650387763977,68408
28.947351217269897,68408
28.948205709457397,68408
28.949058294296265,68408
28.949912309646606,68408
28.95076274871826,68408
28.951618432998657,68408
28.952464818954468,68408
28.953315496444702,68408
28.954179048538208,68408
28.955034255981445,68408
28.955890893936157,68408
28.95674180984497,68408
28.95758843421936,68408
28.958433151245117,68408
28.95928430557251,68408
28.960137605667114,68408
28.96099019050598,68408
28.96184468269348,68408
28.962697982788086,68408
28.963541984558105,68408
28.964404344558716,68408
28.965261220932007,68408
28.96611452102661,68408
28.9669668674469,68408
28.967819690704346,68408
28.968671560287476,68408
28.96951389312744,68408
28.970365285873413,68408
28.971217393875122,68408
28.972070455551147,68408
28.972919464111328,68408
28.97377872467041,68408
28.974628925323486,68408
28.975476026535034,68408
28.97633147239685,68408
28.97718596458435,68408
28.97804307937622,68408
28.978898525238037,68408
28.979750871658325,68408
28.980602264404297,68408
28.98144841194153,68408
28.982300996780396,68408
28.983150959014893,68408
28.98401427268982,68408
28.98486828804016,68408
28.98572087287903,68408
28.986572265625,68408
28.987422704696655,68408
28.988275289535522,68408
28.989133834838867,68408
28.989986181259155,68408
28.99083662033081,68408
28.991686820983887,68408
28.99252963066101,68408
28.99338388442993,68408
28.99424934387207,68408
28.995105028152466,68408
28.995957612991333,68408
28.996808767318726,68408
28.997661113739014,68408
28.998510122299194,68408
28.999361991882324,68408
29.000216007232666,68408
29.001071214675903,68408
29.00192427635193,68408
29.002777338027954,68408
29.003645420074463,68408
29.00448989868164,68408
29.005340814590454,68408
29.00619864463806,68408
29.007052659988403,68408
29.007908582687378,68408
29.008759021759033,68408
29.00961399078369,68408
29.010456800460815,68408
29.01130723953247,68408
29.012162923812866,68408
29.013021230697632,68408
29.013880729675293,68408
29.014735460281372,68408
29.015586376190186,68408
29.016433477401733,68408
29.017282962799072,68408
29.018136501312256,68408
29.018987894058228,68408
29.0198392868042,68408
29.02069067955017,68408
29.021536350250244,68408
29.022387504577637,68408
29.02324151992798,68408
29.02410387992859,68408
29.02495574951172,68408
29.025806427001953,68408
29.026658058166504,68408
29.02750277519226,68408
29.02834916114807,68408
29.0292010307312,68408
29.030051946640015,68408
29.03090214729309,68408
29.03175377845764,68408
29.03260564804077,68408
29.03344964981079,68408
29.03430700302124,68408
29.035160064697266,68408
29.036011457443237,68408
29.036863327026367,68408
29.037715435028076,68408
29.038563013076782,68408
29.0394070148468,68408
29.04025912284851,68408
29.0411114692688,68408
29.041969776153564,68408
29.04282021522522,68408
29.043680667877197,68408
29.044527053833008,68408
29.045377731323242,68408
29.046231031417847,68408
29.047083854675293,68408
29.047940015792847,68408
29.048789739608765,68408
29.049638986587524,68408
29.050484895706177,68408
29.051337003707886,68408
29.052192449569702,68408
29.053048372268677,68408
29.053915977478027,68408
29.054768800735474,68408
29.055623769760132,68408
29.056468963623047,68408
29.057323932647705,68408
29.05817413330078,68408
29.059027671813965,68408
29.059879779815674,68408
29.060737133026123,68408
29.061585903167725,68408
29.062434673309326,68408
29.063286542892456,68408
29.064151763916016,68408
29.06500744819641,68408
29.065858125686646,68408
29.066709518432617,68408
29.06755542755127,68408
29.068406105041504,68408
29.06925892829895,68408
29.07011389732361,68408
29.070968627929688,68408
29.071818590164185,68408
29.072672128677368,68408
29.07351589202881,68408
29.074382066726685,68408
29.075234413146973,68408
29.076087474822998,68408
29.076940536499023,68408
29.07779335975647,68408
29.078646183013916,68408
29.079490661621094,68408
29.080339193344116,68408
29.081195831298828,68408
29.082051753997803,68408
29.08290410041809,68408
29.0837619304657,68408
29.084617137908936,68408
29.085461378097534,68408
29.086312532424927,68408
29.087166786193848,68408
29.088018655776978,68408
29.08887267112732,68408
29.089723825454712,68408
29.09057116508484,68408
29.091416120529175,68408
29.092268466949463,68408
29.09312152862549,68408
29.09398126602173,68408
29.09483003616333,68408
29.095680952072144,68408
29.09652829170227,68408
29.09738039970398,68408
29.098235607147217,68408
29.099087238311768,68408
29.09994339942932,68408
29.10079574584961,68408
29.101648569107056,68408
29.102494478225708,68408
29.10334849357605,68408
29.104212045669556,68408
29.105068922042847,68408
29.105921506881714,68408
29.106772899627686,68408
29.107625722885132,68408
29.108474016189575,68408
29.109323978424072,68408
29.110177993774414,68408
29.111032485961914,68408
29.111886978149414,68408
29.112737894058228,68408
29.11359715461731,68408
29.114445209503174,68408
29.115297079086304,68408
29.116150856018066,68408
29.117003917694092,68408
29.11785387992859,68408
29.118707180023193,68408
29.11954951286316,68408
29.120401859283447,68408
29.121256351470947,68408
29.122110843658447,68408
29.122965097427368,68408
29.12382435798645,68408
29.12467622756958,68408
29.125524044036865,68408
29.12637233734131,68408
29.127224683761597,68408
29.128076553344727,68408
29.128934383392334,68408
29.129782915115356,68408
29.130637645721436,68408
29.131484031677246,68408
29.132339239120483,68408
29.133190155029297,68408
29.134052991867065,68408
29.134904623031616,68408
29.13576102256775,68408
29.136613130569458,68408
29.137458324432373,68408
29.138307332992554,68408
29.13916254043579,68408
29.140013933181763,68408
29.14086890220642,68408
29.141719102859497,68408
29.142566919326782,68408
29.14341139793396,68408
29.144275426864624,68408
29.14512610435486,68408
29.145982265472412,68408
29.14683222770691,68408
29.147684812545776,68408
29.148529052734375,68408
29.149383068084717,68408
29.150237798690796,68408
29.151090383529663,68408
29.15194272994995,68408
29.15279793739319,68408
29.153655290603638,68408
29.154499292373657,68408
29.15534782409668,68408
29.156201124191284,68408
29.15705180168152,68408
29.157903909683228,68408
29.1587553024292,68408
29.159605979919434,68408
29.16045045852661,68408
29.161298513412476,68408
29.162151098251343,68408
29.16300892829895,68408
29.163869380950928,68408
29.16472315788269,68408
29.165574073791504,68408
29.16642165184021,68408
29.167274951934814,68408
29.168129682540894,68408
29.168980598449707,68408
29.169833183288574,68408
29.170682668685913,68408
29.171528339385986,68408
29.17237901687622,68408
29.173232316970825,68408
29.174094200134277,68408
29.174947261810303,68408
29.175798416137695,68408
29.17665147781372,68408
29.17749571800232,68408
29.17834758758545,68408
29.179200649261475,68408
29.180057525634766,68408
29.18090796470642,68408
29.18176007270813,68408
29.182615518569946,68408
29.18346405029297,68408
29.184324979782104,68408
29.185182571411133,68408
29.186035633087158,68408
29.186888694763184,68408
29.187738180160522,68408
29.18858814239502,68408
29.189433097839355,68408
29.190287351608276,68408
29.19114112854004,68408
29.191993951797485,68408
29.192843437194824,68408
29.19370150566101,68408
29.19454526901245,68408
29.195395469665527,68408
29.19624900817871,68408
29.197104454040527,68408
29.197959184646606,68408
29.19880723953247,68408
29.19965958595276,68408
29.200506448745728,68408
29.2013578414917,68408
29.20221209526062,68408
29.203065872192383,68408
29.20393133163452,68408
29.204780101776123,68408
29.205634117126465,68408
29.206480264663696,68408
29.207331895828247,68408
29.208183765411377,68408
29.209039211273193,68408
29.20989203453064,68408
29.21074390411377,68408
29.211594820022583,68408
29.212444067001343,68408
29.21329665184021,68408
29.214163780212402,68408
29.21501922607422,68408
29.215871334075928,68408
29.216723203659058,68408
29.21757483482361,68408
29.218422889709473,68408
29.219276666641235,68408
29.22012996673584,68408
29.22098660469055,68408
29.221842050552368,68408
29.222694396972656,68408
29.223538637161255,68408
29.224400997161865,68408
29.22525453567505,68408
29.226107835769653,68408
29.226964473724365,68408
29.227818489074707,68408
29.22867178916931,68408
29.229516744613647,68408
29.230369806289673,68408
29.23122501373291,68408
29.232077836990356,68408
29.232933282852173,68408
29.23378896713257,68408
29.234642505645752,68408
29.235488414764404,68408
29.236340045928955,68408
29.237193822860718,68408
29.23804807662964,68408
29.238903522491455,68408
29.23975658416748,68408
29.240612506866455,68408
29.24145817756653,68408
29.242307901382446,68408
29.24317502975464,68408
29.244039297103882,68408
29.24489688873291,68408
29.245752334594727,68408
29.24661087989807,68408
29.24745488166809,68408
29.248307466506958,68408
29.249158143997192,68408
29.25001311302185,68408
29.25086736679077,68408
29.25172448158264,68408
29.252575874328613,68408
29.253426551818848,68408
29.254290103912354,68408
29.255147457122803,68408
29.25600290298462,68408
29.25685954093933,68408
29.25771474838257,68408
29.258567810058594,68408
29.259413480758667,68408
29.260267734527588,68408
29.26112461090088,68408
29.261979818344116,68408
29.262830018997192,68408
29.263693809509277,68408
29.264538764953613,68408
29.265394687652588,68408
29.26625084877014,68408
29.267106294631958,68408
29.26795721054077,68408
29.268810749053955,68408
29.269664764404297,68408
29.270508766174316,68408
29.271360158920288,68408
29.272218227386475,68408
29.273069143295288,68408
29.27393388748169,68408
29.274785041809082,68408
29.275641679763794,68408
29.276487350463867,68408
29.277339220046997,68408
29.27819323539734,68408
29.27904748916626,68408
29.279897451400757,68408
29.28075075149536,68408
29.28160285949707,68408
29.282454252243042,68408
29.283305168151855,68408
29.284167289733887,68408
29.28502082824707,68408
29.28588032722473,68408
29.286731004714966,68408
29.287583112716675,68408
29.288433074951172,68408
29.28928804397583,68408
29.290141820907593,68408
29.29099702835083,68408
29.2918484210968,68408
29.292702198028564,68408
29.293545961380005,68408
29.294409036636353,68408
29.295260667800903,68408
29.296120166778564,68408
29.29697299003601,68408
29.297826290130615,68408
29.29867959022522,68408
29.299529790878296,68408
29.30038094520569,68408
29.301234483718872,68408
29.302088260650635,68408
29.302945852279663,68408
29.303807020187378,68408
29.304659605026245,68408
29.30550503730774,68408
29.30635380744934,68408
29.307209730148315,68408
29.308064699172974,68408
29.308919668197632,68408
29.30977463722229,68408
29.310630083084106,68408
29.311470985412598,68408
29.31232476234436,68408
29.31318235397339,68408
29.31404685974121,68408
29.314903736114502,68408
29.31575655937195,68408
29.316608905792236,68408
29.31745481491089,68408
29.318304300308228,68408
29.319156885147095,68408
29.32001304626465,68408
29.320863246917725,68408
29.321717500686646,68408
29.322566509246826,68408
29.323416471481323,68408
29.324277639389038,68408
29.325130462646484,68408
29.3259859085083,68408
29.32683801651001,68408
29.327688932418823,68408
29.328533411026,68408
29.329387664794922,68408
29.330246448516846,68408
29.3311026096344,68408
29.331956148147583,68408
29.332807064056396,68408
29.33367085456848,68408
29.334518671035767,68408
29.33537530899048,68408
29.336230516433716,68408
29.33708643913269,68408
29.33793807029724,68408
29.3387930393219,68408
29.339645862579346,68408
29.34049391746521,68408
29.34134316444397,68408
29.342195749282837,68408
29.343051433563232,68408
29.343915700912476,68408
29.344768047332764,68408
29.345622539520264,68408
29.34647011756897,68408
29.347326040267944,68408
29.348176956176758,68408
29.34902811050415,68408
29.349878072738647,68408
29.350732803344727,68408
29.35158348083496,68408
29.352428436279297,68408
29.353281021118164,68408
29.3541476726532,68408
29.355003118515015,68408
29.355855226516724,68408
29.356706142425537,68408
29.357551336288452,68408
29.358402967453003,68408
29.359259366989136,68408
29.360113859176636,68408
29.36097288131714,68408
29.361824989318848,68408
29.3626766204834,68408
29.36351776123047,68408
29.364380836486816,68408
29.365233421325684,68408
29.366082906723022,68408
29.366936445236206,68408
29.36778998374939,68408
29.368643760681152,68408
29.36948800086975,68408
29.37033724784851,68408
29.371190071105957,68408
29.372041940689087,68408
29.372893571853638,68408
29.37375569343567,68408
29.374609231948853,68408
29.375454902648926,68408
29.376306295394897,68408
29.377161026000977,68408
29.37801432609558,68408
29.378865003585815,68408
29.379716396331787,68408
29.380566358566284,68408
29.38141632080078,68408
29.38226866722107,68408
29.383123636245728,68408
29.383984804153442,68408
29.3848397731781,68408
29.385692596435547,68408
29.386540412902832,68408
29.387392044067383,68408
29.38824772834778,68408
29.38909912109375,68408
29.389956951141357,68408
29.39080262184143,68408
29.391655921936035,68408
29.392503023147583,68408
29.393350839614868,68408
29.39421534538269,68408
29.39506983757019,68408
29.395923376083374,68408
29.39677858352661,68408
29.397631883621216,68408
29.398480892181396,68408
29.399333000183105,68408
29.400184869766235,68408
29.401036739349365,68408
29.40189003944397,68408
29.402741193771362,68408
29.40359878540039,68408
29.404443740844727,68408
29.405296087265015,68408
29.406151294708252,68408
29.407005786895752,68408
29.407856225967407,68408
29.408710956573486,68408
29.409554958343506,68408
29.410407304763794,68408
29.411261081695557,68408
29.412118673324585,68408
29.412975072860718,68408
29.41383194923401,68408
29.414682149887085,68408
29.41552996635437,68408
29.416380882263184,68408
29.417234420776367,68408
29.41808533668518,68408
29.418940544128418,68408
29.419790983200073,68408
29.420640230178833,68408
29.42148470878601,68408
29.422337532043457,68408
29.42319130897522,68408
29.424055814743042,68408
29.424903631210327,68408
29.425755500793457,68408
29.426602125167847,68408
29.42744541168213,68408
29.428295135498047,68408
29.429150819778442,68408
29.430003881454468,68408
29.43085741996765,68408
29.43170928955078,68408
29.432554960250854,68408
29.4334077835083,68408
29.434271335601807,68408
29.435126781463623,68408
29.43598222732544,68408
29.436831951141357,68408
29.437687158584595,68408
29.438530445098877,68408
29.439380884170532,68408
29.440237045288086,68408
29.441091537475586,68408
29.441943645477295,68408
29.44279432296753,68408
29.44365692138672,68408
29.44450545310974,68408
29.445356369018555,68408
29.446213483810425,68408
29.447063207626343,68408
29.447911977767944,68408
29.44876456260681,68408
29.44961714744568,68408
29.450459718704224,68408
29.451308727264404,68408
29.45215916633606,68408
29.453012943267822,68408
29.45387029647827,68408
29.454723119735718,68408
29.4555721282959,68408
29.45641827583313,68408
29.457268238067627,68408
29.458120346069336,68408
29.45897364616394,68408
29.45982527732849,68408
29.460678100585938,68408
29.461522340774536,68408
29.462371587753296,68408
29.463227033615112,68408
29.464092254638672,68408
29.46494770050049,68408
29.465803146362305,68408
29.466658115386963,68408
29.467508554458618,68408
29.4683620929718,68408
29.469217538833618,68408
29.47007393836975,68408
29.47092843055725,68408
29.47178030014038,68408
29.47263240814209,68408
29.473478317260742,68408
29.474340677261353,68408
29.475194454193115,68408
29.47605013847351,68408
29.476902961730957,68408
29.47775650024414,68408
29.478612899780273,68408
29.479454040527344,68408
29.480308055877686,68408
29.481157779693604,68408
29.482008934020996,68408
29.48286008834839,68408
29.48372173309326,68408
29.484572649002075,68408
29.485417366027832,68408
29.486268520355225,68408
29.487122774124146,68408
29.487977743148804,68408
29.488827228546143,68408
29.489680528640747,68408
29.49052858352661,68408
29.491379499435425,68408
29.492228269577026,68408
29.49308156967163,68408
29.493951082229614,68408
29.494805335998535,68408
29.495659589767456,68408
29.496501684188843,68408
29.49735403060913,68408
29.498207807540894,68408
29.49906349182129,68408
29.49991488456726,68408
29.50076651573181,68408
29.501619815826416,68408
29.502466201782227,68408
29.503316402435303,68408
29.504181146621704,68408
29.505038261413574,68408
29.505892992019653,68408
29.506743907928467,68408
29.507596969604492,68408
29.508440494537354,68408
29.509291648864746,68408
29.510141372680664,68408
29.510998725891113,68408
29.5118510723114,68408
29.51270079612732,68408
29.51354670524597,68408
29.514411449432373,68408
29.515264749526978,68408
29.516116857528687,68408
29.516969680786133,68408
29.517821311950684,68408
29.518673419952393,68408
29.519518613815308,68408
29.520369291305542,68408
29.52122449874878,68408
29.522083044052124,68408
29.52293825149536,68408
29.523799180984497,68408
29.52465534210205,68408
29.525498151779175,68408
29.52635097503662,68408
29.527201414108276,68408
29.528056383132935,68408
29.528909921646118,68408
29.529757022857666,68408
29.53060793876648,68408
29.531456470489502,68408
29.53230333328247,68408
29.53315806388855,68408
29.534022092819214,68408
29.534877061843872,68408
29.535728454589844,68408
29.536577463150024,68408
29.53742504119873,68408
29.538278579711914,68408
29.539128065109253,68408
29.5399808883667,68408
29.54082679748535,68408
29.541680335998535,68408
29.542524814605713,68408
29.543376445770264,68408
29.5442373752594,68408
29.545093774795532,68408
29.5459463596344,68408
29.546798706054688,68408
29.547648429870605,68408
29.54849934577942,68408
29.54935359954834,68408
29.550211191177368,68408
29.55106282234192,68408
29.551918268203735,68408
29.552769899368286,68408
29.553633451461792,68408
29.55448079109192,68408
29.555334329605103,68408
29.556190013885498,68408
29.55703902244568,68408
29.55789017677307,68408
29.558743238449097,68408
29.55959439277649,68408
29.560439348220825,68408
29.561291456222534,68408
29.562147855758667,68408
29.562997341156006,68408
29.563857316970825,68408
29.564708948135376,68408
29.56555700302124,68408
29.566407442092896,68408
29.567262411117554,68408
29.568113327026367,68408
29.568966150283813,68408
29.569825649261475,68408
29.570675373077393,68408
29.57152247428894,68408
29.57237410545349,68408
29.573224544525146,68408
29.574089288711548,68408
29.57494330406189,68408
29.575796127319336,68408
29.576648712158203,68408
29.577492475509644,68408
29.578343868255615,68408
29.579200983047485,68408
29.580053567886353,68408
29.580907106399536,68408
29.581769466400146,68408
29.582624435424805,68408
29.583470344543457,68408
29.584328413009644,68408
29.585180521011353,68408
29.586035013198853,68408
29.58688521385193,68408
29.587738037109375,68408
29.588587045669556,68408
29.589433670043945,68408
29.59028196334839,68408
29.591134786605835,68408
29.591984272003174,68408
29.59283185005188,68408
29.59369206428528,68408
29.594541311264038,68408
29.59539270401001,68408
29.596250534057617,68408
29.597105503082275,68408
29.597960710525513,68408
29.598811149597168,68408
29.59966254234314,68408
29.60050654411316,68408
29.601356506347656,68408
29.602208137512207,68408
29.603063344955444,68408
29.603925704956055,68408
29.604779958724976,68408
29.605632305145264,68408
29.606481313705444,68408
29.60733199119568,68408
29.60819435119629,68408
29.60904622077942,68408
29.609901428222656,68408
29.61075186729431,68408
29.611597776412964,68408
29.61244010925293,68408
29.61329412460327,68408
29.6141574382782,68408
29.615012645721436,68408
29.615865468978882,68408
29.616719484329224,68408
29.617565393447876,68408
29.618412017822266,68408
29.61926507949829,68408
29.62012028694153,68408
29.620972633361816,68408
29.621827125549316,68408
29.622676849365234,68408
29.623522520065308,68408
29.624382972717285,68408
29.625232696533203,68408
29.626086473464966,68408
29.62694001197815,68408
29.627789735794067,68408
29.62864112854004,68408
29.629488468170166,68408
29.630337715148926,68408
29.631191968917847,68408
29.632044076919556,68408
29.632895946502686,68408
29.633758544921875,68408
29.634611129760742,68408
29.635459423065186,68408
29.636311054229736,68408
29.63716745376587,68408
29.638020038604736,68408
29.638872623443604,68408
29.639724254608154,68408
29.640575170516968,68408
29.64142155647278,68408
29.642274379730225,68408
29.643126010894775,68408
29.643990516662598,68408
29.644845247268677,68408
29.64569926261902,68408
29.646544694900513,68408
29.647396326065063,68408
29.64825129508972,68408
29.649104356765747,68408
29.649954557418823,68408
29.650807857513428,68408
29.651658296585083,68408
29.65249729156494,68408
29.653351068496704,68408
29.654213905334473,68408
29.65506410598755,68408
29.655919075012207,68408
29.656768083572388,68408
29.657623291015625,68408
29.658467769622803,68408
29.6593177318573,68408
29.660168886184692,68408
29.661020517349243,68408
29.661871433258057,68408
29.662721157073975,68408
29.663576364517212,68408
29.66442608833313,68408
29.665279150009155,68408
29.666130781173706,68408
29.666988134384155,68408
29.667842864990234,68408
29.668694972991943,68408
29.669541597366333,68408
29.670391082763672,68408
29.671244382858276,68408
29.672094345092773,68408
29.672945261001587,68408
29.67380452156067,68408
29.674658060073853,68408
29.675501823425293,68408
29.676356315612793,68408
29.67720651626587,68408
29.67806315422058,68408
29.678913593292236,68408
29.67976212501526,68408
29.680614709854126,68408
29.681462287902832,68408
29.682313680648804,68408
29.683167219161987,68408
29.684032917022705,68408
29.684890747070312,68408
29.685743808746338,68408
29.686593532562256,68408
29.68743658065796,68408
29.688286066055298,68408
29.689136266708374,68408
29.689991235733032,68408
29.690840005874634,68408
29.69169330596924,68408
29.692540645599365,68408
29.69339418411255,68408
29.694257974624634,68408
29.695114374160767,68408
29.69596815109253,68408
29.696820497512817,68408
29.697670698165894,68408
29.6985182762146,68408
29.69936728477478,68408
29.700217723846436,68408
29.70106816291809,68408
29.70192265510559,68408
29.70276951789856,68408
29.703633546829224,68408
29.704479455947876,68408
29.705333948135376,68408
29.706181526184082,68408
29.707031965255737,68408
29.70788264274597,68408
29.708731174468994,68408
29.709582328796387,68408
29.710426568984985,68408
29.71127963066101,68408
29.71213150024414,68408
29.712984561920166,68408
29.71384286880493,68408
29.71469759941101,68408
29.71554207801819,68408
29.716391563415527,68408
29.71724247932434,68408
29.71809482574463,68408
29.718949556350708,68408
29.719799995422363,68408
29.720648527145386,68408
29.72149395942688,68408
29.722347259521484,68408
29.723198175430298,68408
29.72406268119812,68408
29.724915504455566,68408
29.725767612457275,68408
29.726620197296143,68408
29.7274649143219,68408
29.728314638137817,68408
29.729169845581055,68408
29.73002314567566,68408
29.730873346328735,68408
29.731727838516235,68408
29.73258137702942,68408
29.733426809310913,68408
29.73428440093994,68408
29.73513674736023,68408
29.73599147796631,68408
29.73684048652649,68408
29.737690448760986,68408
29.73853611946106,68408
29.739385843276978,68408
29.74023962020874,68408
29.74109196662903,68408
29.74194359779358,68408
29.742818117141724,68408
29.74368143081665,68408
29.744529485702515,68408
29.74537968635559,68408
29.74623394012451,68408
29.74708580970764,68408
29.747937440872192,68408
29.748788356781006,68408
29.749644994735718,68408
29.750489234924316,68408
29.75134015083313,68408
29.75219488143921,68408
29.753050565719604,68408
29.753912925720215,68408
29.754764080047607,68408
29.755614757537842,68408
29.756457567214966,68408
29.75730800628662,68408
29.75816035270691,68408
29.75901222229004,68408
29.759866952896118,68408
29.760718822479248,68408
29.761571168899536,68408
29.762416124343872,68408
29.763270139694214,68408
29.76413083076477,68408
29.764984369277954,68408
29.76583433151245,68408
29.766687393188477,68408
29.767532348632812,68408
29.768383979797363,68408
29.769234895706177,68408
29.770086765289307,68408
29.77093482017517,68408
29.77178430557251,68408
29.772634744644165,68408
29.77348566055298,68408
29.774348258972168,68408
29.775200128555298,68408
29.776050806045532,68408
29.7769033908844,68408
29.777751922607422,68408
29.778602600097656,68408
29.77944588661194,68408
29.780298233032227,68408
29.781150817871094,68408
29.782004356384277,68408
29.782854795455933,68408
29.783716917037964,68408
29.784565925598145,68408
29.78540825843811,68408
29.786256790161133,68408
29.787110567092896,68408
29.787961721420288,68408
29.788811683654785,68408
29.78966188430786,68408
29.790506839752197,68408
29.791359901428223,68408
29.792213678359985,68408
29.79306650161743,68408
29.793930768966675,68408
29.794782876968384,68408
29.795636415481567,68408
29.796483039855957,68408
29.797334909439087,68408
29.7981915473938,68408
29.799044847488403,68408
29.799898862838745,68408
29.800753355026245,68408
29.801602125167847,68408
29.80245018005371,68408
29.80330204963684,68408
29.804169416427612,68408
29.805023431777954,68408
29.805874824523926,68408
29.80672287940979,68408
29.807573556900024,68408
29.80841875076294,68408
29.80927062034607,68408
29.8101224899292,68408
29.81097674369812,68408
29.81182885169983,68408
29.812684774398804,68408
29.813525199890137,68408
29.814388751983643,68408
29.81524348258972,68408
29.816096305847168,68408
29.81695008277893,68408
29.817803144454956,68408
29.81865644454956,68408
29.819501399993896,68408
29.820355653762817,68408
29.82121229171753,68408
29.822065353393555,68408
29.82292342185974,68408
29.823782444000244,68408
29.82464051246643,68408
29.825486660003662,68408
29.82633924484253,68408
29.827189683914185,68408
29.828043222427368,68408
29.82889723777771,68408
29.82974910736084,68408
29.830600023269653,68408
29.831449508666992,68408
29.832300186157227,68408
29.833153009414673,68408
29.834014892578125,68408
29.83486771583557,68408
29.835718870162964,68408
29.836570262908936,68408
29.837417125701904,68408
29.838268756866455,68408
29.839120626449585,68408
29.839977025985718,68408
29.84083104133606,68408
29.841688632965088,68408
29.842533588409424,68408
29.8433837890625,68408
29.844245433807373,68408
29.84510111808777,68408
29.845957279205322,68408
29.846810579299927,68408
29.84766125679016,68408
29.848506689071655,68408
29.849355936050415,68408
29.8502094745636,68408
29.851059675216675,68408
29.851914644241333,68408
29.852765798568726,68408
29.8536274433136,68408
29.854470014572144,68408
29.855325937271118,68408
29.856177806854248,68408
29.857027292251587,68408
29.857877492904663,68408
29.858729362487793,68408
29.85957908630371,68408
29.860426425933838,68408
29.86127734184265,68408
29.862131595611572,68408
29.862984657287598,68408
29.863842487335205,68408
29.864692211151123,68408
29.86553931236267,68408
29.86639142036438,68408
29.867246389389038,68408
29.868096113204956,68408
29.868955612182617,68408
29.869806051254272,68408
29.870656490325928,68408
29.871500492095947,68408
29.87235403060913,68408
29.873206853866577,68408
29.87407088279724,68408
29.87492275238037,68408
29.875773906707764,68408
29.87663435935974,68408
29.877481937408447,68408
29.878334760665894,68408
29.87918972969055,68408
29.88004446029663,68408
29.88089656829834,68408
29.881747722625732,68408
29.882601022720337,68408
29.883444786071777,68408
29.884307861328125,68408
29.8851637840271,68408
29.886016130447388,68408
29.88686442375183,68408
29.88771104812622,68408
29.88855290412903,68408
29.889406442642212,68408
29.890256643295288,68408
29.891109943389893,68408
29.891963005065918,68408
29.892816066741943,68408
29.893673181533813,68408
29.89451789855957,68408
29.895368576049805,68408
29.896225452423096,68408
29.89707922935486,68408
29.897932529449463,68408
29.89878010749817,68408
29.899637460708618,68408
29.90048336982727,68408
29.90133547782898,68408
29.902189254760742,68408
29.90304398536682,68408
29.90390920639038,68408
29.904765844345093,68408
29.90562105178833,68408
29.906469345092773,68408
29.907321214675903,68408
29.908174753189087,68408
29.90902876853943,68408
29.909882068634033,68408
29.91073226928711,68408
29.911584615707397,68408
29.912429809570312,68408
29.913284301757812,68408
29.914149522781372,68408
29.915006160736084,68408
29.915854930877686,68408
29.916709184646606,68408
29.917552709579468,68408
29.918404579162598,68408
29.919259071350098,68408
29.920116662979126,68408
29.92096996307373,68408
29.92181968688965,68408
29.922674417495728,68408
29.923516511917114,68408
29.924378633499146,68408
29.925230503082275,68408
29.926082611083984,68408
29.92693543434143,68408
29.927783250808716,68408
29.928638696670532,68408
29.929484605789185,68408
29.93033742904663,68408
29.931191444396973,68408
29.932047367095947,68408
29.932902812957764,68408
29.933767080307007,68408
29.934616804122925,68408
29.935462474822998,68408
29.936313152313232,68408
29.93716859817505,68408
29.93801975250244,68408
29.938870668411255,68408
29.9397234916687,68408
29.940574169158936,68408
29.941420078277588,68408
29.942275285720825,68408
29.943131685256958,68408
29.943996906280518,68408
29.94484782218933,68408
29.94570016860962,68408
29.94654655456543,68408
29.947400331497192,68408
29.948251724243164,68408
29.94910764694214,68408
29.94996190071106,68408
29.95081329345703,68408
29.95166540145874,68408
29.9525089263916,68408
29.953360080718994,68408
29.954224348068237,68408
29.955079078674316,68408
29.955933570861816,68408
29.956783056259155,68408
29.95763850212097,68408
29.958482027053833,68408
29.959331035614014,68408
29.96017861366272,68408
29.961032152175903,68408
29.961884260177612,68408
29.96273684501648,68408
29.96359372138977,68408
29.964439392089844,68408
29.96528959274292,68408
29.966142654418945,68408
29.96699571609497,68408
29.967846870422363,68408
29.968700647354126,68408
29.9695463180542,68408
29.97040057182312,68408
29.971253633499146,68408
29.972106218338013,68408
29.972959756851196,68408
29.973816394805908,68408
29.974669694900513,68408
29.975513458251953,68408
29.97636914253235,68408
29.977221488952637,68408
29.978079557418823,68408
29.97893214225769,68408
29.979782342910767,68408
29.980634689331055,68408
29.98147964477539,68408
29.98232865333557,68408
29.98318362236023,68408
29.984046936035156,68408
29.984899520874023,68408
29.98574948310852,68408
29.98660111427307,68408
29.98744511604309,68408
29.988297939300537,68408
29.989152669906616,68408
29.9900062084198,68408
29.990858554840088,68408
29.9917151927948,68408
29.992562532424927,68408
29.993404150009155,68408
29.994270086288452,68408
29.99513006210327,68408
29.99597930908203,68408
29.996832847595215,68408
29.997682809829712,68408
29.998530387878418,68408
29.999381065368652,68408
30.000236988067627,68408
30.00108766555786,68408
30.001944303512573,68408
30.002793312072754,68408
30.0036563873291,68408
30.004502534866333,68408
30.005358695983887,68408
30.00621461868286,68408
30.00706672668457,68408
30.007917881011963,68408
30.00877070426941,68408
30.00962233543396,68408
30.010470628738403,68408
30.01132106781006,68408
30.012173414230347,68408
30.013025999069214,68408
30.013890266418457,68408
30.014744520187378,68408
30.015599966049194,68408
30.016446113586426,68408
30.01729989051819,68408
30.018152713775635,68408
30.019006967544556,68408
30.019856214523315,68408
30.02070665359497,68408
30.0215482711792,68408
30.022399187088013,68408
30.023253440856934,68408
30.024120569229126,68408
30.024972915649414,68408
30.02582335472107,68408
30.02667212486267,68408
30.027518033981323,68408
30.028363943099976,68408
30.029218912124634,68408
30.03007197380066,68408
30.03092336654663,68408
30.031771659851074,68408
30.032625913619995,68408
30.033470153808594,68408
30.03433132171631,68408
30.03518533706665,68408
30.036046981811523,68408
30.036901712417603,68408
30.03775453567505,68408
30.038604497909546,68408
30.03945231437683,68408
30.040306568145752,68408
30.04116463661194,68408
30.04201889038086,68408
30.042873859405518,68408
30.043729543685913,68408
30.044581413269043,68408
30.045424699783325,68408
30.046279668807983,68408
30.047134399414062,68408
30.04798436164856,68408
30.048834085464478,68408
30.04969072341919,68408
30.050538539886475,68408
30.051393508911133,68408
30.05224633216858,68408
30.05310034751892,68408
30.053966283798218,68408
30.054821252822876,68408
30.055675506591797,68408
30.056522369384766,68408
30.057372331619263,68408
30.058225870132446,68408
30.059078693389893,68408
30.059932708740234,68408
30.06078553199768,68408
30.061638116836548,68408
30.062479496002197,68408
30.0633327960968,68408
30.064196586608887,68408
30.06505298614502,68408
30.06590962409973,68408
30.066762447357178,68408
30.06761646270752,68408
30.06846332550049,68408
30.06931781768799,68408
30.070170164108276,68408
30.071025848388672,68408
30.071879625320435,68408
30.07273292541504,68408
30.073591947555542,68408
30.074439525604248,68408
30.075291872024536,68408
30.076144456863403,68408
30.076997756958008,68408
30.07784938812256,68408
30.078704118728638,68408
30.079548597335815,68408
30.080400705337524,68408
30.081252813339233,68408
30.082110166549683,68408
30.082964181900024,68408
30.08382487297058,68408
30.08467435836792,68408
30.085524082183838,68408
30.086376428604126,68408
30.0872323513031,68408
30.088086128234863,68408
30.088942527770996,68408
30.089794397354126,68408
30.0906503200531,68408
30.091495037078857,68408
30.092346668243408,68408
30.09320068359375,68408
30.094064474105835,68408
30.09491801261902,68408
30.095766067504883,68408
30.096619606018066,68408
30.09747052192688,68408
30.098324060440063,68408
30.09917640686035,68408
30.10002875328064,68408
30.10088086128235,68408
30.10172963142395,68408
30.102576971054077,68408
30.103424549102783,68408
30.1042902469635,68408
30.105143547058105,68408
30.105997323989868,68408
30.106847524642944,68408
30.10770082473755,68408
30.108546257019043,68408
30.109400987625122,68408
30.11025619506836,68408
30.111116409301758,68408
30.111969232559204,68408
30.112823247909546,68408
30.113680839538574,68408
30.114527463912964,68408
30.11537790298462,68408
30.116228580474854,68408
30.117082834243774,68408
30.117937564849854,68408
30.118787050247192,68408
30.119642972946167,68408
30.120489597320557,68408
30.121344089508057,68408
30.122200965881348,68408
30.123055696487427,68408
30.123918533325195,68408
30.12477207183838,68408
30.125622510910034,68408
30.126468420028687,68408
30.127318620681763,68408
30.128171682357788,68408
30.12902569770813,68408
30.12988018989563,68408
30.130732774734497,68408
30.13158416748047,68408
30.132433891296387,68408
30.133286952972412,68408
30.134153604507446,68408
30.135010242462158,68408
30.13586711883545,68408
30.136713981628418,68408
30.137563467025757,68408
30.138409852981567,68408
30.13926076889038,68408
30.14011526107788,68408
30.140966415405273,68408
30.141819715499878,68408
30.142672061920166,68408
30.143515825271606,68408
30.14437747001648,68408
30.145233154296875,68408
30.146087884902954,68408
30.146944522857666,68408
30.147794485092163,68408
30.148647785186768,68408
30.14949345588684,68408
30.150343656539917,68408
30.15119981765747,68408
30.152053833007812,68408
30.152908325195312,68408
30.153770446777344,68408
30.154620885849,68408
30.155469179153442,68408
30.15631866455078,68408
30.157168865203857,68408
30.158020973205566,68408
30.158875703811646,68408
30.159724235534668,68408
30.16057562828064,68408
30.16142463684082,68408
30.162275075912476,68408
30.163129329681396,68408
30.163991928100586,68408
30.16484785079956,68408
30.16570019721985,68408
30.166547060012817,68408
30.16739845275879,68408
30.168250560760498,68408
30.169106483459473,68408
30.169959545135498,68408
30.170812368392944,68408
30.171664714813232,68408
30.172511339187622,68408
30.173359155654907,68408
30.17422080039978,68408
30.175073385238647,68408
30.175926685333252,68408
30.176775217056274,68408
30.17762565612793,68408
30.178470373153687,68408
30.179324626922607,68408
30.18017601966858,68408
30.181031942367554,68408
30.181880950927734,68408
30.182732582092285,68408
30.18359088897705,68408
30.18444013595581,68408
30.18529200553894,68408
30.186148405075073,68408
30.187001705169678,68408
30.18785524368286,68408
30.188708066940308,68408
30.189555883407593,68408
30.190406322479248,68408
30.191263914108276,68408
30.192118644714355,68408
30.192976236343384,68408
30.19383978843689,68408
30.194693088531494,68408
30.19554090499878,68408
30.19639563560486,68408
30.197245597839355,68408
30.19809913635254,68408
30.19895100593567,68408
30.199804544448853,68408
30.200651168823242,68408
30.20149517059326,68408
30.20234513282776,68408
30.203202962875366,68408
30.20406436920166,68408
30.20491909980774,68408
30.205771923065186,68408
30.206626176834106,68408
30.207470655441284,68408
30.208324193954468,68408
30.20917582511902,68408
30.21002984046936,68408
30.210882663726807,68408
30.211730480194092,68408
30.212581157684326,68408
30.213428020477295,68408
30.214288234710693,68408
30.215142965316772,68408
30.215999841690063,68408
30.21685242652893,68408
30.217703342437744,68408
30.218549489974976,68408
30.219402551651,68408
30.220258235931396,68408
30.221112966537476,68408
30.221970081329346,68408
30.222822904586792,68408
30.22368836402893,68408
30.224531412124634,68408
30.225382089614868,68408
30.22623324394226,68408
30.227089643478394,68408
30.227943181991577,68408
30.22879433631897,68408
30.22964906692505,68408
30.230496644973755,68408
30.2313494682312,68408
30.232203245162964,68408
30.233052968978882,68408
30.233919858932495,68408
30.234772205352783,68408
30.235624074935913,68408
30.236467599868774,68408
30.237322568893433,68408
30.23817491531372,68408
30.239028453826904,68408
30.239880561828613,68408
30.240731954574585,68408
30.24158525466919,68408
30.242432832717896,68408
30.243284463882446,68408
30.24415111541748,68408
30.245005130767822,68408
30.245859146118164,68408
30.246708154678345,68408
30.247557163238525,68408
30.2484073638916,68408
30.24925923347473,68408
30.250112295150757,68408
30.250967502593994,68408
30.251818895339966,68408
30.252668380737305,68408
30.253515481948853,68408
30.25438141822815,68408
30.25523281097412,68408
30.25608730316162,68408
30.25693702697754,68408
30.257789134979248,68408
30.258641242980957,68408
30.25949001312256,68408
30.26034116744995,68408
30.261199235916138,68408
30.262052297592163,68408
30.26290464401245,68408
30.263763904571533,68408
30.264622926712036,68408
30.26546597480774,68408
30.266316413879395,68408
30.267169713974,68408
30.26802349090576,68408
30.26887559890747,68408
30.269726514816284,68408
30.270578622817993,68408
30.271427631378174,68408
30.27227807044983,68408
30.273131608963013,68408
30.273994207382202,68408
30.27484703063965,68408
30.27570104598999,68408
30.276546001434326,68408
30.27739667892456,68408
30.27825117111206,68408
30.27910327911377,68408
30.27995538711548,68408
30.28080725669861,68408
30.281663417816162,68408
30.282509565353394,68408
30.283360481262207,68408
30.284226179122925,68408
30.28507900238037,68408
30.285934448242188,68408
30.28678870201111,68408
30.287643909454346,68408
30.288490056991577,68408
30.289342164993286,68408
30.290199518203735,68408
30.29105234146118,68408
30.29190969467163,68408
30.292762756347656,68408
30.2936270236969,68408
30.294475078582764,68408
30.29532814025879,68408
30.296181201934814,68408
30.297038316726685,68408
30.29789137840271,68408
30.29874324798584,68408
30.2995924949646,68408
30.300440788269043,68408
30.301291942596436,68408
30.30215358734131,68408
30.303008317947388,68408
30.30387234687805,68408
30.304723501205444,68408
30.30557656288147,68408
30.306424379348755,68408
30.30727791786194,68408
30.30813193321228,68408
30.308987379074097,68408
30.309836626052856,68408
30.310694694519043,68408
30.311543226242065,68408
30.312397956848145,68408
30.313260555267334,68408
30.31412672996521,68408
30.314982652664185,68408
30.31583571434021,68408
30.316688776016235,68408
30.317534923553467,68408
30.318389415740967,68408
30.3192458152771,68408
30.320099592208862,68408
30.320950031280518,68408
30.321802377700806,68408
30.32265877723694,68408
30.32350730895996,68408
30.324368000030518,68408
30.3252272605896,68408
30.326085090637207,68408
30.32694101333618,68408
30.327793836593628,68408
30.328646898269653,68408
30.329503297805786,68408
30.330355882644653,68408
30.33121371269226,68408
30.332066535949707,68408
30.33292293548584,68408
30.33378291130066,68408
30.334638118743896,68408
30.335484504699707,68408
30.336334943771362,68408
30.33718752861023,68408
30.33804440498352,68408
30.33889889717102,68408
30.339751482009888,68408
30.34060311317444,68408
30.341449975967407,68408
30.342300415039062,68408
30.34315252304077,68408
30.34401273727417,68408
30.344865798950195,68408
30.345720291137695,68408
30.346572399139404,68408
30.347418308258057,68408
30.348269939422607,68408
30.34912633895874,68408
30.349982500076294,68408
30.35083532333374,68408
30.351689100265503,68408
30.352530002593994,68408
30.353379249572754,68408
30.35424041748047,68408
30.3550968170166,68408
30.355947017669678,68408
30.35679864883423,68408
30.357649087905884,68408
30.358497142791748,68408
30.359347581863403,68408
30.360203504562378,68408
30.361055850982666,68408
30.361907720565796,68408
30.362762451171875,68408
30.3636257648468,68408
30.364474773406982,68408
30.36532974243164,68408
30.366182327270508,68408
30.36703610420227,68408
30.367890119552612,68408
30.36874222755432,68408
30.369592905044556,68408
30.370440244674683,68408
30.37129282951355,68408
30.37214756011963,68408
30.3729989528656,68408
30.373861074447632,68408
30.374714612960815,68408
30.37556552886963,68408
30.37641406059265,68408
30.377268075942993,68408
30.378121614456177,68408
30.37897515296936,68408
30.379828691482544,68408
30.380681037902832,68408
30.38152837753296,68408
30.382378816604614,68408
30.38323211669922,68408
30.38409733772278,68408
30.384949684143066,68408
30.385805368423462,68408
30.3866548538208,68408
30.387503147125244,68408
30.38835334777832,68408
30.389205932617188,68408
30.390057802200317,68408
30.390912294387817,68408
30.391765594482422,68408
30.392619609832764,68408
30.393462896347046,68408
30.394320964813232,68408
30.395172595977783,68408
30.396024465560913,68408
30.39687728881836,68408
30.397728443145752,68408
30.39857840538025,68408
30.39942717552185,68408
30.40027689933777,68408
30.401130437850952,68408
30.401981115341187,68408
30.402830600738525,68408
30.403690338134766,68408
30.40453791618347,68408
30.40538763999939,68408
30.40624213218689,68408
30.407097578048706,68408
30.40795135498047,68408
30.408801317214966,68408
30.409653186798096,68408
30.410500526428223,68408
30.41135334968567,68408
30.412204265594482,68408
30.413055896759033,68408
30.413921117782593,68408
30.414772272109985,68408
30.415624380111694,68408
30.41646981239319,68408
30.41732120513916,68408
30.41817617416382,68408
30.41903066635132,68408
30.41988182067871,68408
30.420737504959106,68408
30.421591997146606,68408
30.422436475753784,68408
30.42328667640686,68408
30.42415142059326,68408
30.425008296966553,68408
30.425859451293945,68408
30.42671537399292,68408
30.427566528320312,68408
30.428411722183228,68408
30.429261922836304,68408
30.430114030838013,68408
30.430967092514038,68408
30.43182110786438,68408
30.432674407958984,68408
30.433520078659058,68408
30.43437933921814,68408
30.43523144721985,68408
30.43608593940735,68408
30.43693995475769,68408
30.437793731689453,68408
30.43864893913269,68408
30.43949294090271,68408
30.440343141555786,68408
30.44119906425476,68408
30.44205594062805,68408
30.442910194396973,68408
30.44377088546753,68408
30.444621562957764,68408
30.445470094680786,68408
30.446317672729492,68408
30.44717288017273,68408
30.44802498817444,68408
30.448878526687622,68408
30.4497287273407,68408
30.45057964324951,68408
30.451427459716797,68408
30.452277421951294,68408
30.45313048362732,68408
30.453998565673828,68408
30.454851388931274,68408
30.455703258514404,68408
30.45655107498169,68408
30.45740246772766,68408
30.458256006240845,68408
30.459112644195557,68408
30.459962368011475,68408
30.46081566810608,68408
30.46166753768921,68408
30.462515115737915,68408
30.46336555480957,68408
30.464227199554443,68408
30.465080499649048,68408
30.465933561325073,68408
30.46678376197815,68408
30.46764039993286,68408
30.468482971191406,68408
30.469337701797485,68408
30.47019076347351,68408
30.471045970916748,68408
30.47189950942993,68408
30.47275400161743,68408
30.473612785339355,68408
30.474460124969482,68408
30.47531247138977,68408
30.476165533065796,68408
30.47701859474182,68408
30.47787117958069,68408
30.47872042655945,68408
30.47957491874695,68408
30.480418920516968,68408
30.481273651123047,68408
30.482125282287598,68408
30.482980012893677,68408
30.483840227127075,68408
30.48469042778015,68408
30.48553442955017,68408
30.486385107040405,68408
30.48723578453064,68408
30.488086223602295,68408
30.488937616348267,68408
30.489789485931396,68408
30.490639448165894,68408
30.49148154258728,68408
30.492334127426147,68408
30.493190050125122,68408
30.494054317474365,68408
30.494908809661865,68408
30.49575901031494,68408
30.496611833572388,68408
30.497457027435303,68408
30.498314142227173,68408
30.499168157577515,68408
30.500022172927856,68408
30.500874996185303,68408
30.501726627349854,68408
30.502578735351562,68408
30.503423929214478,68408
30.504284620285034,68408
30.505139589309692,68408
30.505992650985718,68408
30.50684380531311,68408
30.507696866989136,68408
30.50854182243347,68408
30.509396076202393,68408
30.510249376296997,68408
30.511102199554443,68408
30.511953830718994,68408
30.5128071308136,68408
30.513668537139893,68408
30.51451539993286,68408
30.51536536216736,68408
30.51621723175049,68408
30.517070770263672,68408
30.517924070358276,68408
30.51877522468567,68408
30.519627571105957,68408
30.520469665527344,68408
30.521321058273315,68408
30.52217698097229,68408
30.523026943206787,68408
30.523893356323242,68408
30.52474308013916,68408
30.525593042373657,68408
30.526444911956787,68408
30.52729845046997,68408
30.52815294265747,68408
30.529009103775024,68408
30.529865026474,68408
30.53071928024292,68408
30.531569719314575,68408
30.532418489456177,68408
30.533273935317993,68408
30.534141063690186,68408
30.53499412536621,68408
30.53584575653076,68408
30.53669548034668,68408
30.537542819976807,68408
30.538393259048462,68408
30.539246797561646,68408
30.540104150772095,68408
30.540959119796753,68408
30.541808605194092,68408
30.542657136917114,68408
30.54350256919861,68408
30.54436445236206,68408
30.545218467712402,68408
30.54607129096985,68408
30.54692268371582,68408
30.54777503013611,68408
30.548631191253662,68408
30.549477100372314,68408
30.55032730102539,68408
30.551180601119995,68408
30.552034854888916,68408
30.552889823913574,68408
30.553747415542603,68408
30.55460548400879,68408
30.555450439453125,68408
30.556301832199097,68408
30.55715823173523,68408
30.558013200759888,68408
30.55886483192444,68408
30.559717416763306,68408
30.560566663742065,68408
30.56141495704651,68408
30.562267065048218,68408
30.563122987747192,68408
30.563987493515015,68408
30.56484317779541,68408
30.565693855285645,68408
30.566535472869873,68408
30.567389249801636,68408
30.56824564933777,68408
30.569103002548218,68408
30.56995725631714,68408
30.570807695388794,68408
30.571661233901978,68408
30.572503805160522,68408
30.573354244232178,68408
30.574213981628418,68408
30.57507014274597,68408
30.575921058654785,68408
30.57676863670349,68408
30.577617406845093,68408
30.57846188545227,68408
30.579312801361084,68408
30.58016610145569,68408
30.581022024154663,68408
30.581881999969482,68408
30.582733869552612,68408
30.583592653274536,68408
30.58444118499756,68408
30.58529496192932,68408
30.586148023605347,68408
30.587001085281372,68408
30.58785367012024,68408
30.58870506286621,68408
30.589545726776123,68408
30.590396404266357,68408
30.59124732017517,68408
30.592103481292725,68408
30.59295415878296,68408
30.593812942504883,68408
30.59466814994812,68408
30.595518112182617,68408
30.596370220184326,68408
30.597227573394775,68408
30.5980806350708,68408
30.598937273025513,68408
30.599786281585693,68408
30.600637912750244,68408
30.601483583450317,68408
30.602333784103394,68408
30.60318684577942,68408
30.604050874710083,68408
30.604902505874634,68408
30.605754375457764,68408
30.606603384017944,68408
30.607446432113647,68408
30.608306407928467,68408
30.609159231185913,68408
30.610013008117676,68408
30.61086630821228,68408
30.611717700958252,68408
30.61257243156433,68408
30.613417148590088,68408
30.614280462265015,68408
30.615134716033936,68408
30.61598801612854,68408
30.616840600967407,68408
30.61769413948059,68408
30.61853814125061,68408
30.61938786506653,68408
30.620239734649658,68408
30.621090412139893,68408
30.621939420700073,68408
30.622791290283203,68408
30.623655796051025,68408
30.624505043029785,68408
30.62535548210144,68408
30.626211881637573,68408
30.627065420150757,68408
30.627918004989624,68408
30.6287682056427,68408
30.62962508201599,68408
30.630470991134644,68408
30.63132333755493,68408
30.632174730300903,68408
30.6330304145813,68408
30.633890390396118,68408
30.634742259979248,68408
30.635594844818115,68408
30.636443853378296,68408
30.637293100357056,68408
30.638147592544556,68408
30.639002561569214,68408
30.63985514640808,68408
30.640706777572632,68408
30.641552209854126,68408
30.642402410507202,68408
30.64325523376465,68408
30.644124031066895,68408
30.644978046417236,68408
30.64583134651184,68408
30.646687269210815,68408
30.647533178329468,68408
30.648382902145386,68408
30.649237632751465,68408
30.65009045600891,68408
30.65094494819641,68408
30.651796102523804,68408
30.652649402618408,68408
30.65349578857422,68408
30.654354572296143,68408
30.655208349227905,68408
30.65606379508972,68408
30.656920671463013,68408
30.65777325630188,68408
30.658626317977905,68408
30.65946865081787,68408
30.660324811935425,68408
30.661177396774292,68408
30.662028551101685,68408
30.66288161277771,68408
30.663746118545532,68408
30.664594888687134,68408
30.66544198989868,68408
30.666290998458862,68408
30.667150735855103,68408
30.66800546646118,68408
30.668858289718628,68408
30.669710397720337,68408
30.670562744140625,68408
30.671406507492065,68408
30.672263622283936,68408
30.67311716079712,68408
30.673979997634888,68408
30.674832344055176,68408
30.67568302154541,68408
30.676526069641113,68408
30.677379369735718,68408
30.678231716156006,68408
30.679084300994873,68408
30.679935693740845,68408
30.680787801742554,68408
30.681641340255737,68408
30.6824848651886,68408
30.683338403701782,68408
30.684199810028076,68408
30.685052633285522,68408
30.685906648635864,68408
30.686756134033203,68408
30.687612533569336,68408
30.688458681106567,68408
30.689308404922485,68408
30.690162420272827,68408
30.69101858139038,68408
30.691871643066406,68408
30.6927227973938,68408
30.69358229637146,68408
30.694430828094482,68408
30.695281982421875,68408
30.6961350440979,68408
30.69699001312256,68408
30.697837114334106,68408
30.69869041442871,68408
30.69953727722168,68408
30.700390338897705,68408
30.7012460231781,68408
30.70210075378418,68408
30.702954292297363,68408
30.703812837600708,68408
30.70466685295105,68408
30.70551061630249,68408
30.70636248588562,68408
30.7072172164917,68408
30.708072185516357,68408
30.708925485610962,68408
30.709773063659668,68408
30.710625648498535,68408
30.711472272872925,68408
30.712322235107422,68408
30.71317458152771,68408
30.714038848876953,68408
30.714892387390137,68408
30.715749979019165,68408
30.716602087020874,68408
30.717449188232422,68408
30.718299388885498,68408
30.719152212142944,68408
30.720008373260498,68408
30.720860242843628,68408
30.721712350845337,68408
30.722563982009888,68408
30.723411321640015,68408
30.724273920059204,68408
30.725130081176758,68408
30.725982189178467,68408
30.726832389831543,68408
30.727681875228882,68408
30.728530883789062,68408
30.72938084602356,68408
30.73023295402527,68408
30.731086015701294,68408
30.731940507888794,68408
30.73279047012329,68408
30.73365354537964,68408
30.734498977661133,68408
30.735352277755737,68408
30.736207962036133,68408
30.737062454223633,68408
30.73791790008545,68408
30.738771438598633,68408
30.739624500274658,68408
30.740471363067627,68408
30.74132513999939,68408
30.74218249320984,68408
30.743038654327393,68408
30.743903160095215,68408
30.74475598335266,68408
30.74561095237732,68408
30.746458530426025,68408
30.74730920791626,68408
30.748164176940918,68408
30.74901843070984,68408
30.749868869781494,68408
30.75072193145752,68408
30.75157618522644,68408
30.75242328643799,68408
30.753272771835327,68408
30.754140377044678,68408
30.754996061325073,68408
30.755849599838257,68408
30.756701231002808,68408
30.75758457183838,68408
30.758441925048828,68408
30.759294509887695,68408
30.7601478099823,68408
30.76100444793701,68408
30.76185655593872,68408
30.76271343231201,68408
30.763572931289673,68408
30.764421224594116,68408
30.76527452468872,68408
30.766130685806274,68408
30.76698637008667,68408
30.76783800125122,68408
30.768692016601562,68408
30.76953911781311,68408
30.770391941070557,68408
30.771247148513794,68408
30.772101879119873,68408
30.77295732498169,68408
30.77381658554077,68408
30.774670839309692,68408
30.77551555633545,68408
30.77637004852295,68408
30.77722406387329,68408
30.778077125549316,68408
30.778929471969604,68408
30.77978253364563,68408
30.780636310577393,68408
30.781481981277466,68408
30.782331228256226,68408
30.78318738937378,68408
30.78404974937439,68408
30.784902095794678,68408
30.785754203796387,68408
30.786604166030884,68408
30.787447452545166,68408
30.78830075263977,68408
30.789156436920166,68408
30.790013313293457,68408
30.790863037109375,68408
30.79171657562256,68408
30.79256558418274,68408
30.793412685394287,68408
30.794275760650635,68408
30.795133590698242,68408
30.795987606048584,68408
30.79684281349182,68408
30.797693252563477,68408
30.798539876937866,68408
30.79939365386963,68408
30.800247192382812,68408
30.801101446151733,68408
30.801953554153442,68408
30.802802801132202,68408
30.803667783737183,68408
30.804514408111572,68408
30.805370569229126,68408
30.806222200393677,68408
30.80707621574402,68408
30.807929277420044,68408
30.80877995491028,68408
30.809633255004883,68408
30.810482501983643,68408
30.811332941055298,68408
30.812182903289795,68408
30.813036918640137,68408
30.813904762268066,68408
30.81475853919983,68408
30.815614223480225,68408
30.81645941734314,68408
30.817309141159058,68408
30.81816291809082,68408
30.819016933441162,68408
30.81987190246582,68408
30.820725440979004,68408
30.821574449539185,68408
30.822422981262207,68408
30.823276042938232,68408
30.824143171310425,68408
30.824998140335083,68408
30.825850009918213,68408
30.826700925827026,68408
30.8275465965271,68408
30.82839798927307,68408
30.829254865646362,68408
30.830105781555176,68408
30.8309588432312,68408
30.83181071281433,68408
30.832661151885986,68408
30.833504915237427,68408
30.834368228912354,68408
30.835222721099854,68408
30.836078643798828,68408
30.83693242073059,68408
30.83778214454651,68408
30.838636875152588,68408
30.839482069015503,68408
30.840332508087158,68408
30.841188669204712,68408
30.842041492462158,68408
30.842896223068237,68408
30.84375762939453,68408
30.84461283683777,68408
30.845460653305054,68408
30.84631037712097,68408
30.847159147262573,68408
30.84801197052002,68408
30.848862648010254,68408
30.849711418151855,68408
30.85055160522461,68408
30.851404666900635,68408
30.852255821228027,68408
30.853106260299683,68408
30.853971004486084,68408
30.85482406616211,68408
30.855675220489502,68408
30.856523990631104,68408
30.857376098632812,68408
30.85823392868042,68408
30.859084606170654,68408
30.859939336776733,68408
30.860791206359863,68408
30.86164402961731,68408
30.862488508224487,68408
30.863340616226196,68408
30.864206314086914,68408
30.865058422088623,68408
30.865911722183228,68408
30.866762399673462,68408
30.867615938186646,68408
30.868465423583984,68408
30.869315147399902,68408
30.870168924331665,68408
30.871018886566162,68408
30.87186861038208,68408
30.87271761894226,68408
30.873579025268555,68408
30.874427318572998,68408
30.87527894973755,68408
30.876132011413574,68408
30.876988649368286,68408
30.87784218788147,68408
30.87869358062744,68408
30.87953782081604,68408
30.8803927898407,68408
30.881245851516724,68408
30.88210391998291,68408
30.88295841217041,68408
30.883818864822388,68408
30.884671688079834,68408
30.88551640510559,68408
30.88636350631714,68408
30.887218475341797,68408
30.888070821762085,68408
30.888927221298218,68408
30.88977551460266,68408
30.890629529953003,68408
30.891475439071655,68408
30.892329692840576,68408
30.89318037033081,68408
30.894044876098633,68408
30.8948974609375,68408
30.89574909210205,68408
30.896594047546387,68408
30.89744210243225,68408
30.898290634155273,68408
30.899142265319824,68408
30.899996519088745,68408
30.900848627090454,68408
30.901700973510742,68408
30.902549505233765,68408
30.903396368026733,68408
30.9042649269104,68408
30.90511703491211,68408
30.90597105026245,68408
30.906821250915527,68408
30.907671451568604,68408
30.90851593017578,68408
30.909369230270386,68408
30.910223484039307,68408
30.911078453063965,68408
30.9119291305542,68408
30.912782907485962,68408
30.91364336013794,68408
30.914490699768066,68408
30.915342807769775,68408
30.916196823120117,68408
30.917049407958984,68408
30.91790199279785,68408
30.918752431869507,68408
30.919604778289795,68408
30.920448064804077,68408
30.921300172805786,68408
30.92215132713318,68408
30.923009634017944,68408
30.923871278762817,68408
30.92472267150879,68408
30.925572872161865,68408
30.926419258117676,68408
30.927271366119385,68408
30.928123950958252,68408
30.928977251052856,68408
30.92982816696167,68408
30.93067765235901,68408
30.931523323059082,68408
30.93237066268921,68408
30.933229207992554,68408
30.934094429016113,68408
30.93494963645935,68408
30.935800552368164,68408
30.936654567718506,68408
30.937503337860107,68408
30.938352584838867,68408
30.93920612335205,68408
30.940062046051025,68408
30.940913200378418,68408
30.94176459312439,68408
30.94261360168457,68408
30.943462371826172,68408
30.944321155548096,68408
30.945173501968384,68408
30.946024894714355,68408
30.946876287460327,68408
30.94772958755493,68408
30.948577642440796,68408
30.94942593574524,68408
30.95028018951416,68408
30.951138496398926,68408
30.95199418067932,68408
30.952844381332397,68408
30.95370841026306,68408
30.95455265045166,68408
30.955406188964844,68408
30.95625877380371,68408
30.957112550735474,68408
30.957963943481445,68408
30.95881676673889,68408
30.959668397903442,68408
30.9605131149292,68408
30.961363315582275,68408
30.962215900421143,68408
30.963069677352905,68408
30.96393394470215,68408
30.964786052703857,68408
30.965638399124146,68408
30.966479778289795,68408
30.967329263687134,68408
30.968181610107422,68408
30.96903395652771,68408
30.96988582611084,68408
30.970738887786865,68408
30.971598863601685,68408
30.972445249557495,68408
30.97329831123352,68408
30.974165439605713,68408
30.975017786026,68408
30.975870847702026,68408
30.97672176361084,68408
30.977575063705444,68408
30.978420734405518,68408
30.979278326034546,68408
30.980132579803467,68408
30.980988264083862,68408
30.98184084892273,68408
30.982694149017334,68408
30.98353934288025,68408
30.984403133392334,68408
30.985268592834473,68408
30.986121892929077,68408
30.98697543144226,68408
30.98782777786255,68408
30.988680362701416,68408
30.989526510238647,68408
30.99037504196167,68408
30.991231441497803,68408
30.992083072662354,68408
30.992937326431274,68408
30.993794679641724,68408
30.994649171829224,68408
30.995492935180664,68408
30.996342420578003,68408
30.997206449508667,68408
30.998061180114746,68408
30.998913526535034,68408
30.99976682662964,68408
31.000619173049927,68408
31.001468896865845,68408
31.00231957435608,68408
31.003167867660522,68408
31.004034280776978,68408
31.004890203475952,68408
31.005741834640503,68408
31.00659489631653,68408
31.0074405670166,68408
31.0082950592041,68408
31.009145736694336,68408
31.00999903678894,68408
31.01085352897644,68408
31.01170778274536,68408
31.012551307678223,68408
31.013402938842773,68408
31.01426601409912,68408
31.01512312889099,68408
31.01597499847412,68408
31.016826152801514,68408
31.017681121826172,68408
31.01853060722351,68408
31.019380807876587,68408
31.020232677459717,68408
31.021086931228638,68408
31.021953105926514,68408
31.022802352905273,68408
31.023663997650146,68408
31.024505853652954,68408
31.025357961654663,68408
31.02620840072632,68408
31.02706241607666,68408
31.027910947799683,68408
31.028761863708496,68408
31.029611110687256,68408
31.030457973480225,68408
31.031304597854614,68408
31.032159090042114,68408
31.033010005950928,68408
31.03387951850891,68408
31.034733533859253,68408
31.0355863571167,68408
31.036432027816772,68408
31.03728413581848,68408
31.038139581680298,68408
31.03899621963501,68408
31.039849281311035,68408
31.040701389312744,68408
31.041547536849976,68408
31.042402029037476,68408
31.04325580596924,68408
31.04412031173706,68408
31.04497790336609,68408
31.045830249786377,68408
31.04668426513672,68408
31.047527313232422,68408
31.048374891281128,68408
31.04922866821289,68408
31.050081491470337,68408
31.05093288421631,68408
31.051785230636597,68408
31.052639961242676,68408
31.05348491668701,68408
31.0543475151062,68408
31.05519962310791,68408
31.056054830551147,68408
31.056910514831543,68408
31.057759046554565,68408
31.058611631393433,68408
31.0594584941864,68408
31.060309648513794,68408
31.061166763305664,68408
31.06202721595764,68408
31.06287956237793,68408
31.06373882293701,68408
31.06458806991577,68408
31.065435647964478,68408
31.066288948059082,68408
31.06714177131653,68408
31.06799578666687,68408
31.06884741783142,68408
31.069700241088867,68408
31.070547103881836,68408
31.07139801979065,68408
31.07225012779236,68408
31.073100805282593,68408
31.07396388053894,68408
31.07481813430786,68408
31.075668573379517,68408
31.076517343521118,68408
31.077369451522827,68408
31.07822322845459,68408
31.079076528549194,68408
31.079933881759644,68408
31.080787658691406,68408
31.081642150878906,68408
31.082487106323242,68408
31.083341121673584,68408
31.084205150604248,68408
31.085061073303223,68408
31.08591103553772,68408
31.086763858795166,68408
31.087616205215454,68408
31.088463306427002,68408
31.08931303024292,68408
31.090171337127686,68408
31.09102487564087,68408
31.09187626838684,68408
31.092727184295654,68408
31.093585729599,68408
31.09443426132202,68408
31.09528946876526,68408
31.09614324569702,68408
31.096997499465942,68408
31.097851276397705,68408
31.09869956970215,68408
31.09954333305359,68408
31.100399017333984,68408
31.10124969482422,68408
31.102108240127563,68408
31.102959156036377,68408
31.103819847106934,68408
31.10467028617859,68408
31.1055166721344,68408
31.106364488601685,68408
31.107218027114868,68408
31.10806679725647,68408
31.10891890525818,68408
31.109769821166992,68408
31.1106219291687,68408
31.111466884613037,68408
31.112314462661743,68408
31.11316752433777,68408
31.11403465270996,68408
31.114885330200195,68408
31.115736961364746,68408
31.116583108901978,68408
31.11743426322937,68408
31.11828899383545,68408
31.119142770767212,68408
31.119995832443237,68408
31.120850801467896,68408
31.121699810028076,68408
31.1225483417511,68408
31.12339973449707,68408
31.124265909194946,68408
31.125120878219604,68408
31.12597131729126,68408
31.126818895339966,68408
31.127671241760254,68408
31.128517389297485,68408
31.129367113113403,68408
31.130221605300903,68408
31.131075143814087,68408
31.131929397583008,68408
31.132781744003296,68408
31.13364267349243,68408
31.134493112564087,68408
31.13534712791443,68408
31.136200189590454,68408
31.137051343917847,68408
31.137906312942505,68408
31.138755798339844,68408
31.13960838317871,68408
31.14045476913452,68408
31.14130425453186,68408
31.142154693603516,68408
31.143008947372437,68408
31.143871784210205,68408
31.144724130630493,68408
31.14557671546936,68408
31.146421909332275,68408
31.14727282524109,68408
31.148125648498535,68408
31.148977756500244,68408
31.149829387664795,68408
31.150679111480713,68408
31.151525735855103,68408
31.152376651763916,68408
31.153228998184204,68408
31.1540949344635,68408
31.154951810836792,68408
31.15579891204834,68408
31.15665054321289,68408
31.15749740600586,68408
31.158351182937622,68408
31.159206867218018,68408
31.16006112098694,68408
31.160910606384277,68408
31.161763191223145,68408
31.162614107131958,68408
31.163461208343506,68408
31.164320468902588,68408
31.16517400741577,68408
31.1660315990448,68408
31.166885137557983,68408
31.167735815048218,68408
31.1685848236084,68408
31.169429540634155,68408
31.170278787612915,68408
31.17112946510315,68408
31.17198419570923,68408
31.17283320426941,68408
31.173694372177124,68408
31.17453908920288,68408
31.175393104553223,68408
31.176248788833618,68408
31.177101373672485,68408
31.177952527999878,68408
31.1788067817688,68408
31.17965817451477,68408
31.18050193786621,68408
31.181350469589233,68408
31.182202100753784,68408
31.18305492401123,68408
31.18391752243042,68408
31.184768676757812,68408
31.18562340736389,68408
31.186476707458496,68408
31.18733024597168,68408
31.18818497657776,68408
31.189042568206787,68408
31.189897298812866,68408
31.190749168395996,68408
31.191601514816284,68408
31.192444324493408,68408
31.19329595565796,68408
31.194157123565674,68408
31.19501256942749,68408
31.19586682319641,68408
31.196717262268066,68408
31.19756555557251,68408
31.198413372039795,68408
31.199267625808716,68408
31.20012378692627,68408
31.200974225997925,68408
31.201825380325317,68408
31.20268154144287,68408
31.203529357910156,68408
31.204389572143555,68408
31.20524501800537,68408
31.206100702285767,68408
31.206953287124634,68408
31.207805395126343,68408
31.208656311035156,68408
31.209503889083862,68408
31.210353136062622,68408
31.211208820343018,68408
31.2120623588562,68408
31.212916374206543,68408
31.213776350021362,68408
31.214629888534546,68408
31.215476036071777,68408
31.21632695198059,68408
31.217177152633667,68408
31.21803069114685,68408
31.21887969970703,68408
31.219730615615845,68408
31.220581531524658,68408
31.221426725387573,68408
31.222280025482178,68408
31.223137378692627,68408
31.224003553390503,68408
31.224854469299316,68408
31.225705862045288,68408
31.226549863815308,68408
31.227401733398438,68408
31.22825312614441,68408
31.22910451889038,68408
31.2299587726593,68408
31.230807781219482,68408
31.231660842895508,68408
31.232502222061157,68408
31.2333562374115,68408
31.23421573638916,68408
31.23506760597229,68408
31.235922813415527,68408
31.236772060394287,68408
31.23762035369873,68408
31.238464832305908,68408
31.239315271377563,68408
31.240169286727905,68408
31.241019248962402,68408
31.24186944961548,68408
31.24271869659424,68408
31.243576765060425,68408
31.24442410469055,68408
31.245277404785156,68408
31.246126174926758,68408
31.24697971343994,68408
31.24782943725586,68408
31.24867844581604,68408
31.249523162841797,68408
31.250377893447876,68408
31.251229286193848,68408
31.252085208892822,68408
31.25293731689453,68408
31.25379753112793,68408
31.2546489238739,68408
31.255492210388184,68408
31.256340742111206,68408
31.257195472717285,68408
31.25805139541626,68408
31.25890564918518,68408
31.25975775718689,68408
31.26061177253723,68408
31.26145911216736,68408
31.262309074401855,68408
31.263165712356567,68408
31.26403307914734,68408
31.26488494873047,68408
31.26573872566223,68408
31.2665913105011,68408
31.26743721961975,68408
31.2682888507843,68408
31.269145250320435,68408
31.269999504089355,68408
31.27085041999817,68408
31.271698474884033,68408
31.272546768188477,68408
31.273395538330078,68408
31.274259090423584,68408
31.275113821029663,68408
31.275967597961426,68408
31.27682113647461,68408
31.27767515182495,68408
31.278521060943604,68408
31.27937150001526,68408
31.280224084854126,68408
31.281078577041626,68408
31.281930685043335,68408
31.28278160095215,68408
31.28364324569702,68408
31.28449058532715,68408
31.28534245491028,68408
31.28619909286499,68408
31.287055730819702,68408
31.287914991378784,68408
31.2887704372406,68408
31.289624452590942,68408
31.290472269058228,68408
31.29132580757141,68408
31.292177200317383,68408
31.293030500411987,68408
31.293891429901123,68408
31.294745922088623,68408
31.2955961227417,68408
31.29644250869751,68408
31.29728889465332,68408
31.29814314842224,68408
31.29899787902832,68408
31.29984951019287,68408
31.300700426101685,68408
31.301550149917603,68408
31.302399396896362,68408
31.303253650665283,68408
31.30412220954895,68408
31.30498218536377,68408
31.305832862854004,68408
31.30668616294861,68408
31.30752944946289,68408
31.30837869644165,68408
31.309230089187622,68408
31.31008291244507,68408
31.310938119888306,68408
31.311789512634277,68408
31.312641620635986,68408
31.31348705291748,68408
31.314344882965088,68408
31.31520175933838,68408
31.316056966781616,68408
31.3169105052948,68408
31.31776452064514,68408
31.318618059158325,68408
31.319464206695557,68408
31.320316314697266,68408
31.32117247581482,68408
31.3220272064209,68408
31.32287883758545,68408
31.32373595237732,68408
31.324591159820557,68408
31.325438022613525,68408
31.326289653778076,68408
31.3271427154541,68408
31.327995538711548,68408
31.328850507736206,68408
31.329699277877808,68408
31.330544471740723,68408
31.33139705657959,68408
31.332254886627197,68408
31.333106517791748,68408
31.33397364616394,68408
31.334826946258545,68408
31.33568239212036,68408
31.336528539657593,68408
31.337377786636353,68408
31.33822989463806,68408
31.339083433151245,68408
31.33993673324585,68408
31.340789556503296,68408
31.341642379760742,68408
31.34248924255371,68408
31.343340635299683,68408
31.34420895576477,68408
31.345062494277954,68408
31.34592032432556,68408
31.34677004814148,68408
31.34761953353882,68408
31.34846520423889,68408
31.349318981170654,68408
31.350170850753784,68408
31.351022958755493,68408
31.351874113082886,68408
31.352728366851807,68408
31.35358452796936,68408
31.354434728622437,68408
31.355287313461304,68408
31.356143712997437,68408
31.356998443603516,68408
31.35785412788391,68408
31.358705759048462,68408
31.359551906585693,68408
31.360400438308716,68408
31.361252307891846,68408
31.3621084690094,68408
31.36296510696411,68408
31.36382555961609,68408
31.364680767059326,68408
31.365525245666504,68408
31.366377353668213,68408
31.36723017692566,68408
31.368086099624634,68408
31.368938446044922,68408
31.369792461395264,68408
31.370646715164185,68408
31.371490001678467,68408
31.372340440750122,68408
31.373196840286255,68408
31.374061107635498,68408
31.374917030334473,68408
31.37576675415039,68408
31.37662363052368,68408
31.37746810913086,68408
31.378320693969727,68408
31.379173517227173,68408
31.380024909973145,68408
31.38087511062622,68408
31.381727695465088,68408
31.38257670402527,68408
31.383424758911133,68408
31.384287357330322,68408
31.38514256477356,68408
31.38599920272827,68408
31.38684892654419,68408
31.387704133987427,68408
31.388550758361816,68408
31.38940167427063,68408
31.39025330543518,68408
31.391104698181152,68408
31.391958236694336,68408
31.392813444137573,68408
31.393674612045288,68408
31.394517183303833,68408
31.39536714553833,68408
31.39622211456299,68408
31.39707660675049,68408
31.3979332447052,68408
31.398784637451172,68408
31.399637937545776,68408
31.400482416152954,68408
31.40133047103882,68408
31.402183532714844,68408
31.403035879135132,68408
31.403897762298584,68408
31.404748916625977,68408
31.405596494674683,68408
31.40644359588623,68408
31.407294034957886,68408
31.408145666122437,68408
31.40899920463562,68408
31.409847021102905,68408
31.410701036453247,68408
31.411544799804688,68408
31.41239595413208,68408
31.413251876831055,68408
31.414117097854614,68408
31.414971113204956,68408
31.415820598602295,68408
31.41667079925537,68408
31.417516469955444,68408
31.418367624282837,68408
31.419217824935913,68408
31.42007279396057,68408
31.42092728614807,68408
31.42177653312683,68408
31.422629356384277,68408
31.42347264289856,68408
31.424334287643433,68408
31.4251868724823,68408
31.42604112625122,68408
31.426888942718506,68408
31.427740335464478,68408
31.428590059280396,68408
31.429436922073364,68408
31.430288314819336,68408
31.431145429611206,68408
31.43199610710144,68408
31.4328510761261,68408
31.433711290359497,68408
31.43455719947815,68408
31.435408115386963,68408
31.43626070022583,68408
31.43710684776306,68408
31.437961101531982,68408
31.43881368637085,68408
31.439661502838135,68408
31.44050359725952,68408
31.44135308265686,68408
31.44220209121704,68408
31.443057775497437,68408
31.44391894340515,68408
31.44477343559265,68408
31.44562864303589,68408
31.446473360061646,68408
31.44732356071472,68408
31.448177576065063,68408
31.449026346206665,68408
31.449878931045532,68408
31.45072865486145,68408
31.451582431793213,68408
31.452428102493286,68408
31.453279972076416,68408
31.45414638519287,68408
31.455002069473267,68408
31.455854177474976,68408
31.456705808639526,68408
31.457547903060913,68408
31.45839810371399,68408
31.459248542785645,68408
31.460102319717407,68408
31.46095609664917,68408
31.46181011199951,68408
31.462661743164062,68408
31.46350884437561,68408
31.46437120437622,68408
31.465227603912354,68408
31.466079711914062,68408
31.466932773590088,68408
31.467784881591797,68408
31.468642473220825,68408
31.46949052810669,68408
31.470342874526978,68408
31.471196174621582,68408
31.472052812576294,68408
31.472908973693848,68408
31.473772525787354,68408
31.474626541137695,68408
31.47547221183777,68408
31.476321935653687,68408
31.477176666259766,68408
31.478026866912842,68408
31.478880405426025,68408
31.479732036590576,68408
31.48058533668518,68408
31.481430530548096,68408
31.482283353805542,68408
31.48313617706299,68408
31.4840030670166,68408
31.484853506088257,68408
31.485708236694336,68408
31.48655128479004,68408
31.487401485443115,68408
31.48825168609619,68408
31.489109754562378,68408
31.489959001541138,68408
31.490809679031372,68408
31.491658926010132,68408
31.492505073547363,68408
31.493354558944702,68408
31.494218587875366,68408
31.495071411132812,68408
31.49592614173889,68408
31.496776342391968,68408
31.49763059616089,68408
31.49847650527954,68408
31.499327898025513,68408
31.50018000602722,68408
31.501030921936035,68408
31.501882314682007,68408
31.50273561477661,68408
31.503592252731323,68408
31.50443744659424,68408
31.50528860092163,68408
31.506143808364868,68408
31.50699520111084,68408
31.507848501205444,68408
31.50869870185852,68408
31.50954818725586,68408
31.51039958000183,68408
31.511252641677856,68408
31.512105464935303,68408
31.51295804977417,68408
31.513816118240356,68408
31.514665842056274,68408
31.51551127433777,68408
31.516360998153687,68408
31.51721501350403,68408
31.518065452575684,68408
31.518916845321655,68408
31.519771337509155,68408
31.520623922348022,68408
31.521467447280884,68408
31.522318124771118,68408
31.523171424865723,68408
31.524033546447754,68408
31.52488613128662,68408
31.525736808776855,68408
31.526586055755615,68408
31.527427673339844,68408
31.52827787399292,68408
31.529130697250366,68408
31.52998447418213,68408
31.530834674835205,68408
31.531688928604126,68408
31.532533168792725,68408
31.533387422561646,68408
31.534249544143677,68408
31.535101413726807,68408
31.5359525680542,68408
31.536806106567383,68408
31.537655353546143,68408
31.538500785827637,68408
31.53934931755066,68408
31.540205478668213,68408
31.541057348251343,68408
31.541910409927368,68408
31.54275941848755,68408
31.54362177848816,68408
31.544469594955444,68408
31.545324087142944,68408
31.54617476463318,68408
31.54702877998352,68408
31.547882556915283,68408
31.548734188079834,68408
31.5495822429657,68408
31.55042862892151,68408
31.551278591156006,68408
31.552130699157715,68408
31.552980184555054,68408
31.553839921951294,68408
31.554691314697266,68408
31.55553388595581,68408
31.556384086608887,68408
31.55723786354065,68408
31.558090209960938,68408
31.558944702148438,68408
31.559795379638672,68408
31.560646295547485,68408
31.56148672103882,68408
31.562335729599,68408
31.56318736076355,68408
31.564054012298584,68408
31.564905881881714,68408
31.565760374069214,68408
31.566609859466553,68408
31.567458868026733,68408
31.568307876586914,68408
31.569164037704468,68408
31.570016860961914,68408
31.570871114730835,68408
31.571719884872437,68408
31.57257342338562,68408
31.573420763015747,68408
31.57428288459778,68408
31.57513427734375,68408
31.575988054275513,68408
31.576836585998535,68408
31.577688455581665,68408
31.578534603118896,68408
31.57939052581787,68408
31.58024311065674,68408
31.58109474182129,68408
31.581947326660156,68408
31.58279585838318,68408
31.58365774154663,68408
31.584503889083862,68408
31.585353136062622,68408
31.5862078666687,68408
31.587060689926147,68408
31.587916612625122,68408
31.58876633644104,68408
31.589614629745483,68408
31.590455770492554,68408
31.591307401657104,68408
31.592159271240234,68408
31.593010663986206,68408
31.59387183189392,68408
31.59472346305847,68408
31.59557294845581,68408
31.596420764923096,68408
31.59727168083191,68408
31.598126888275146,68408
31.598981618881226,68408
31.599830865859985,68408
31.60067915916443,68408
31.601526975631714,68408
31.602378129959106,68408
31.603227138519287,68408
31.604092597961426,68408
31.60495162010193,68408
31.605801105499268,68408
31.606651782989502,68408
31.607494115829468,68408
31.608357191085815,68408
31.609209299087524,68408
31.610064268112183,68408
31.610914707183838,68408
31.611766576766968,68408
31.612618446350098,68408
31.613465547561646,68408
31.614322423934937,68408
31.615177631378174,68408
31.616028308868408,68408
31.616880893707275,68408
31.617732048034668,68408
31.618584632873535,68408
31.61942958831787,68408
31.620279550552368,68408
31.621132850646973,68408
31.621986389160156,68408
31.622846364974976,68408
31.62370800971985,68408
31.62455177307129,68408
31.625404596328735,68408
31.62625813484192,68408
31.62711000442505,68408
31.627960443496704,68408
31.628812789916992,68408
31.629663467407227,68408
31.630504608154297,68408
31.63135552406311,68408
31.63221049308777,68408
31.633063077926636,68408
31.633925676345825,68408
31.634774208068848,68408
31.63562798500061,68408
31.636472463607788,68408
31.63732409477234,68408
31.63817548751831,68408
31.63903021812439,68408
31.639880180358887,68408
31.64072895050049,68408
31.641577005386353,68408
31.642426252365112,68408
31.64327597618103,68408
31.64414095878601,68408
31.644993782043457,68408
31.645845890045166,68408
31.64669394493103,68408
31.647541284561157,68408
31.648391008377075,68408
31.649242162704468,68408
31.65009331703186,68408
31.65094494819641,68408
31.651798725128174,68408
31.652652978897095,68408
31.65350031852722,68408
31.654366970062256,68408
31.655219078063965,68408
31.656074285507202,68408
31.656925916671753,68408
31.657778024673462,68408
31.658628702163696,68408
31.659472703933716,68408
31.660322189331055,68408
31.661173582077026,68408
31.662024974822998,68408
31.662882089614868,68408
31.663743495941162,68408
31.66459321975708,68408
31.665439128875732,68408
31.66629123687744,68408
31.66714096069336,68408
31.667994022369385,68408
31.668843746185303,68408
31.669695615768433,68408
31.67054033279419,68408
31.671394109725952,68408
31.67224407196045,68408
31.673093795776367,68408
31.673956871032715,68408
31.67481303215027,68408
31.675665378570557,68408
31.676515579223633,68408
31.67737054824829,68408
31.678224325180054,68408
31.67908024787903,68408
31.67993688583374,68408
31.68078637123108,68408
31.681639671325684,68408
31.68248224258423,68408
31.683332443237305,68408
31.684192419052124,68408
31.685044050216675,68408
31.68589949607849,68408
31.686755657196045,68408
31.6876060962677,68408
31.68845272064209,68408
31.689302682876587,68408
31.690157413482666,68408
31.69101119041443,68408
31.69185972213745,68408
31.69270896911621,68408
31.693556785583496,68408
31.694419860839844,68408
31.695273876190186,68408
31.69612717628479,68408
31.696979761123657,68408
31.697834730148315,68408
31.698685884475708,68408
31.699532985687256,68408
31.700382947921753,68408
31.701240062713623,68408
31.70209312438965,68408
31.702945232391357,68408
31.70380711555481,68408
31.704654693603516,68408
31.7055025100708,68408
31.706352472305298,68408
31.70720648765564,68408
31.70805835723877,68408
31.70891237258911,68408
31.709765672683716,68408
31.710620641708374,68408
31.71146583557129,68408
31.712313413619995,68408
31.7131667137146,68408
31.71403217315674,68408
31.714885711669922,68408
31.71574091911316,68408
31.716593027114868,68408
31.717442274093628,68408
31.718294620513916,68408
31.71914553642273,68408
31.720001459121704,68408
31.7208571434021,68408
31.721707820892334,68408
31.722554683685303,68408
31.72340989112854,68408
31.72427463531494,68408
31.725127696990967,68408
31.72597908973694,68408
31.72683024406433,68408
31.7276828289032,68408
31.72852849960327,68408
31.729377269744873,68408
31.730226755142212,68408
31.731082677841187,68408
31.731937408447266,68408
31.732790231704712,68408
31.73365354537964,68408
31.73450016975403,68408
31.735350608825684,68408
31.73620367050171,68408
31.73705506324768,68408
31.737910985946655,68408
31.738759517669678,68408
31.739611625671387,68408
31.740458965301514,68408
31.741310596466064,68408
31.7421658039093,68408
31.743024587631226,68408
31.74388360977173,68408
31.74473762512207,68408
31.745585918426514,68408
31.74643325805664,68408
31.747286319732666,68408
31.74814224243164,68408
31.748995780944824,68408
31.749846696853638,68408
31.750696897506714,68408
31.75154137611389,68408
31.75239658355713,68408
31.753247022628784,68408
31.754111528396606,68408
31.754967212677002,68408
31.755820989608765,68408
31.75667095184326,68408
31.75751757621765,68408
31.75837016105652,68408
31.759222507476807,68408
31.760077476501465,68408
31.760931968688965,68408
31.761786937713623,68408
31.76263952255249,68408
31.76348567008972,68408
31.764344692230225,68408
31.765202522277832,68408
31.766053438186646,68408
31.76690411567688,68408
31.767757654190063,68408
31.768614768981934,68408
31.769458055496216,68408
31.770313262939453,68408
31.771171808242798,68408
31.77202558517456,68408
31.77287793159485,68408
31.773739099502563,68408
31.774589776992798,68408
31.7754385471344,68408
31.77629041671753,68408
31.77714467048645,68408
31.77799677848816,68408
31.77885389328003,68408
31.77970242500305,68408
31.780545234680176,68408
31.781397819519043,68408
31.782251596450806,68408
31.783103466033936,68408
31.78396701812744,68408
31.784817457199097,68408
31.785670042037964,68408
31.786512851715088,68408
31.787362813949585,68408
31.7882182598114,68408
31.78907346725464,68408
31.78992486000061,68408
31.790773153305054,68408
31.791625022888184,68408
31.79247236251831,68408
31.793325424194336,68408
31.794195652008057,68408
31.795050144195557,68408
31.795904397964478,68408
31.79675602912903,68408
31.797608852386475,68408
31.798452138900757,68408
31.799304008483887,68408
31.800156831741333,68408
31.8010094165802,68408
31.80186128616333,68408
31.802717447280884,68408
31.803575038909912,68408
31.804420948028564,68408
31.80527138710022,68408
31.806127786636353,68408
31.806979656219482,68408
31.807831525802612,68408
31.808682441711426,68408
31.80953049659729,68408
31.81038188934326,68408
31.81123924255371,68408
31.81209135055542,68408
31.812946319580078,68408
31.813801527023315,68408
31.81465768814087,68408
31.815504789352417,68408
31.816354990005493,68408
31.817209720611572,68408
31.818065643310547,68408
31.81891703605652,68408
31.819767951965332,68408
31.820618391036987,68408
31.82146406173706,68408
31.82231593132019,68408
31.823174476623535,68408
31.82404112815857,68408
31.82489585876465,68408
31.825745820999146,68408
31.826600313186646,68408
31.82744812965393,68408
31.828299045562744,68408
31.82915163040161,68408
31.83000636100769,68408
31.830857038497925,68408
31.83170747756958,68408
31.83255386352539,68408
31.833404064178467,68408
31.834266424179077,68408
31.83511972427368,68408
31.835975408554077,68408
31.836827754974365,68408
31.837680101394653,68408
31.83852767944336,68408
31.839378833770752,68408
31.840232133865356,68408
31.841083765029907,68408
31.8419406414032,68408
31.84279155731201,68408
31.843658924102783,68408
31.84450340270996,68408
31.8453586101532,68408
31.846211671829224,68408
31.847065448760986,68408
31.847922325134277,68408
31.848772764205933,68408
31.849623680114746,68408
31.850470542907715,68408
31.851322174072266,68408
31.852176189422607,68408
31.853031396865845,68408
31.85389471054077,68408
31.85474395751953,68408
31.855597257614136,68408
31.85644268989563,68408
31.857295751571655,68408
31.858147621154785,68408
31.85900044441223,68408
31.859851360321045,68408
31.8607017993927,68408
31.861547708511353,68408
31.862396001815796,68408
31.863250255584717,68408
31.86411690711975,68408
31.864969968795776,68408
31.865824699401855,68408
31.86667490005493,68408
31.867520809173584,68408
31.868372678756714,68408
31.86922526359558,68408
31.870080709457397,68408
31.870936155319214,68408
31.871785402297974,68408
31.872642278671265,68408
31.873486042022705,68408
31.874353408813477,68408
31.87520670890808,68408
31.876062154769897,68408
31.876914739608765,68408
31.87776803970337,68408
31.87862253189087,68408
31.879467010498047,68408
31.88031816482544,68408
31.88117241859436,68408
31.882025718688965,68408
31.882877111434937,68408
31.88374090194702,68408
31.884592533111572,68408
31.885439157485962,68408
31.886292219161987,68408
31.887141704559326,68408
31.887995958328247,68408
31.888847589492798,68408
31.88969898223877,68408
31.89054274559021,68408
31.89139723777771,68408
31.892250299453735,68408
31.89310383796692,68408
31.89396905899048,68408
31.89482283592224,68408
31.895673274993896,68408
31.896518230438232,68408
31.897367000579834,68408
31.898221254348755,68408
31.899073123931885,68408
31.8999285697937,68408
31.90077567100525,68408
31.901628255844116,68408
31.902472496032715,68408
31.903323650360107,68408
31.90418791770935,68408
31.905044078826904,68408
31.905895233154297,68408
31.906750440597534,68408
31.907600164413452,68408
31.90844464302063,68408
31.909294843673706,68408
31.91014862060547,68408
31.910998344421387,68408
31.911848545074463,68408
31.912699699401855,68408
31.913548946380615,68408
31.914411306381226,68408
31.915268659591675,68408
31.91612458229065,68408
31.916977882385254,68408
31.917829275131226,68408
31.91868305206299,68408
31.919528007507324,68408
31.92037844657898,68408
31.921228170394897,68408
31.922083377838135,68408
31.922937870025635,68408
31.92380142211914,68408
31.92465567588806,68408
31.925504207611084,68408
31.926358222961426,68408
31.92721390724182,68408
31.928064346313477,68408
31.928918600082397,68408
31.929771900177002,68408
31.930625677108765,68408
31.931472301483154,68408
31.9323251247406,68408
31.93317699432373,68408
31.934040784835815,68408
31.93489360809326,68408
31.935746908187866,68408
31.936596632003784,68408
31.937443256378174,68408
31.938294172286987,68408
31.939149141311646,68408
31.9399995803833,68408
31.94085144996643,68408
31.94170093536377,68408
31.94255042076111,68408
31.943399906158447,68408
31.9442617893219,68408
31.945115089416504,68408
31.94597053527832,68408
31.94682240486145,68408
31.94767141342163,68408
31.948516368865967,68408
31.949369192123413,68408
31.950222969055176,68408
31.951077222824097,68408
31.95193123817444,68408
31.95278310775757,68408
31.953644275665283,68408
31.954491138458252,68408
31.9553382396698,68408
31.956193685531616,68408
31.95705246925354,68408
31.957906007766724,68408
31.95875644683838,68408
31.95961046218872,68408
31.960455656051636,68408
31.961307525634766,68408
31.962157011032104,68408
31.963013172149658,68408
31.963877201080322,68408
31.96473002433777,68408
31.965577840805054,68408
31.966426849365234,68408
31.967278718948364,68408
31.968132734298706,68408
31.96898603439331,68408
31.96983814239502,68408
31.970689296722412,68408
31.9715313911438,68408
31.972381114959717,68408
31.973233461380005,68408
31.974098682403564,68408
31.974951028823853,68408
31.975802421569824,68408
31.97665810585022,68408
31.97750449180603,68408
31.978355646133423,68408
31.979206562042236,68408
31.98006319999695,68408
31.980913639068604,68408
31.981767177581787,68408
31.982622146606445,68408
31.98346781730652,68408
31.984331846237183,68408
31.985185623168945,68408
31.98603582382202,68408
31.98688817024231,68408
31.987740516662598,68408
31.988589763641357,68408
31.989431858062744,68408
31.99028468132019,68408
31.991137266159058,68408
31.991990089416504,68408
31.99284291267395,68408
31.993706703186035,68408
31.994549989700317,68408
31.99539804458618,68408
31.996251344680786,68408
31.99710988998413,68408
31.997961044311523,68408
31.998807430267334,68408
31.99965739250183,68408
32.00050616264343,68408
32.00135898590088,68408
32.00221347808838,68408
32.003066301345825,68408
32.00393009185791,68408
32.00478148460388,68408
32.005635499954224,68408
32.006481647491455,68408
32.0073356628418,68408
32.00818657875061,68408
32.00904321670532,68408
32.00989508628845,68408
32.01074814796448,68408
32.01159930229187,68408
32.012441873550415,68408
32.01329302787781,68408
32.01416325569153,68408
32.0150191783905,68408
32.015873670578,68408
32.016727685928345,68408
32.01758074760437,68408
32.01842379570007,68408
32.01927614212036,68408
32.02013039588928,68408
32.02098798751831,68408
32.02183818817139,68408
32.0226891040802,68408
32.023531675338745,68408
32.02439069747925,68408
32.025243520736694,68408
32.02609658241272,68408
32.026946783065796,68408
32.027799129486084,68408
32.0286500453949,68408
32.029499530792236,68408
32.03034782409668,68408
32.03120183944702,68408
32.03205490112305,68408
32.03290629386902,68408
32.033766984939575,68408
32.03462195396423,68408
32.03546690940857,68408
32.03631854057312,68408
32.037171602249146,68408
32.038026332855225,68408
32.03888297080994,68408
32.03973388671875,68408
32.0405855178833,68408
32.04143238067627,68408
32.042277574539185,68408
32.04313111305237,68408
32.04399299621582,68408
32.0448477268219,68408
32.04569911956787,68408
32.0465452671051,68408
32.047396183013916,68408
32.04824948310852,68408
32.04910206794739,68408
32.049954891204834,68408
32.05080461502075,68408
32.05165958404541,68408
32.05250597000122,68408
32.05335235595703,68408
32.05421686172485,68408
32.05507302284241,68408
32.05592346191406,68408
32.05677652359009,68408
32.057626485824585,68408
32.058470726013184,68408
32.05932354927063,68408
32.06017446517944,68408
32.06102538108826,68408
32.0618793964386,68408
32.06273412704468,68408
32.063596963882446,68408
32.064443588256836,68408
32.06529712677002,68408
32.0661506652832,68408
32.06700158119202,68408
32.067854166030884,68408
32.068708419799805,68408
32.06955051422119,68408
32.07040047645569,68408
32.07125186920166,68408
32.072104930877686,68408
32.07295751571655,68408
32.073811531066895,68408
32.074663162231445,68408
32.07551145553589,68408
32.076359272003174,68408
32.077216148376465,68408
32.07806921005249,68408
32.078922510147095,68408
32.07977104187012,68408
32.08062171936035,68408
32.08146595954895,68408
32.08231782913208,68408
32.08317041397095,68408
32.084036350250244,68408
32.08489108085632,68408
32.085747957229614,68408
32.08659815788269,68408
32.087443590164185,68408
32.08829689025879,68408
32.0891547203064,68408
32.090008020401,68408
32.09086227416992,68408
32.09171462059021,68408
32.09256672859192,68408
32.09341335296631,68408
32.09427785873413,68408
32.09513473510742,68408
32.09599280357361,68408
32.09684133529663,68408
32.09769344329834,68408
32.098536014556885,68408
32.09938979148865,68408
32.10024428367615,68408
32.10110116004944,68408
32.101953983306885,68408
32.102808475494385,68408
32.1036696434021,68408
32.10451650619507,68408
32.10536766052246,68408
32.1062216758728,68408
32.1070773601532,68408
32.10792899131775,68408
32.10878229141235,68408
32.109639406204224,68408
32.11048483848572,68408
32.11133790016174,68408
32.11219072341919,68408
32.11304712295532,68408
32.113911867141724,68408
32.11476254463196,68408
32.115617990493774,68408
32.1164608001709,68408
32.117308616638184,68408
32.118163108825684,68408
32.119014739990234,68408
32.11986827850342,68408
32.120720624923706,68408
32.12156581878662,68408
32.122411251068115,68408
32.123265981674194,68408
32.124130725860596,68408
32.12498450279236,68408
32.125834941864014,68408
32.1266884803772,68408
32.12753224372864,68408
32.128381967544556,68408
32.12923526763916,68408
32.130090951919556,68408
32.13094425201416,68408
32.13179588317871,68408
32.132643938064575,68408
32.1334924697876,68408
32.13435196876526,68408
32.135202407836914,68408
32.1360559463501,68408
32.13690948486328,68408
32.13776111602783,68408
32.138614892959595,68408
32.139458656311035,68408
32.140310525894165,68408
32.14116454124451,68408
32.14201641082764,68408
32.14286804199219,68408
32.14373159408569,68408
32.14457988739014,68408
32.14542841911316,68408
32.146276235580444,68408
32.147132873535156,68408
32.14798426628113,68408
32.14883613586426,68408
32.14968776702881,68408
32.150537967681885,68408
32.15139031410217,68408
32.152243852615356,68408
32.15309453010559,68408
32.15395951271057,68408
32.15481233596802,68408
32.15566444396973,68408
32.15650820732117,68408
32.157360553741455,68408
32.15821194648743,68408
32.15906620025635,68408
32.15991544723511,68408
32.160768270492554,68408
32.16162061691284,68408
32.16246509552002,68408
32.16331434249878,68408
32.164180517196655,68408
32.165032148361206,68408
32.16588616371155,68408
32.166736364364624,68408
32.16759157180786,68408
32.168437004089355,68408
32.16928815841675,68408
32.170143365859985,68408
32.17100167274475,68408
32.171854734420776,68408
32.17270755767822,68408
32.17354965209961,68408
32.17441201210022,68408
32.175264835357666,68408
32.17611646652222,68408
32.17697024345398,68408
32.177825927734375,68408
32.1786789894104,68408
32.179526567459106,68408
32.1803777217865,68408
32.181230306625366,68408
32.18208575248718,68408
32.182939767837524,68408
32.18379831314087,68408
32.18465328216553,68408
32.18549561500549,68408
32.186346769332886,68408
32.18719983100891,68408
32.18805909156799,68408
32.188910484313965,68408
32.18975901603699,68408
32.190613746643066,68408
32.19145584106445,68408
32.19230556488037,68408
32.19316005706787,68408
32.19402003288269,68408
32.19487476348877,68408
32.19572162628174,68408
32.196574211120605,68408
32.19741773605347,68408
32.198272943496704,68408
32.19912838935852,68408
32.19998383522034,68408
32.20083713531494,68408
32.201695919036865,68408
32.20254063606262,68408
32.2033896446228,68408
32.20425200462341,68408
32.205108404159546,68408
32.2059600353241,68408
32.20681405067444,68408
32.20766091346741,68408
32.20850872993469,68408
32.20936107635498,68408
32.21021628379822,68408
32.21106553077698,68408
32.211920976638794,68408
32.21277141571045,68408
32.21363615989685,68408
32.21448278427124,68408
32.21533393859863,68408
32.21618580818176,68408
32.217039823532104,68408
32.21789312362671,68408
32.21874475479126,68408
32.21959400177002,68408
32.220442056655884,68408
32.22129011154175,68408
32.222142457962036,68408
32.22299647331238,68408
32.22385573387146,68408
32.22470664978027,68408
32.22555375099182,68408
32.226404666900635,68408
32.2272584438324,68408
32.228108406066895,68408
32.228962659835815,68408
32.22981333732605,68408
32.23066425323486,68408
32.231510162353516,68408
32.2323637008667,68408
32.23321509361267,68408
32.23407602310181,68408
32.23492884635925,68408
32.23578071594238,68408
32.23663330078125,68408
32.23747706413269,68408
32.23832821846008,68408
32.239181995391846,68408
32.24003553390503,68408
32.24088740348816,68408
32.24173617362976,68408
32.242589712142944,68408
32.24343538284302,68408
32.24429774284363,68408
32.24515128135681,68408
32.24600601196289,68408
32.24685478210449,68408
32.24770498275757,68408
32.2485511302948,68408
32.24940466880798,68408
32.25025725364685,68408
32.2511100769043,68408
32.251962661743164,68408
32.2528121471405,68408
32.25367474555969,68408
32.25451970100403,68408
32.255372285842896,68408
32.25622630119324,68408
32.257076263427734,68408
32.25792598724365,68408
32.258774280548096,68408
32.25962591171265,68408
32.26046943664551,68408
32.261321783065796,68408
32.262174129486084,68408
32.26302528381348,68408
32.26388597488403,68408
32.26473522186279,68408
32.265581369400024,68408
32.26642870903015,68408
32.26727890968323,68408
32.26812815666199,68408
32.26897954940796,68408
32.26983118057251,68408
32.27068209648132,68408
32.27152705192566,68408
32.27237629890442,68408
32.27323007583618,68408
32.274091958999634,68408
32.274943113327026,68408
32.27579641342163,68408
32.276649951934814,68408
32.27749419212341,68408
32.278345584869385,68408
32.279197692871094,68408
32.2800509929657,68408
32.28090214729309,68408
32.281755208969116,68408
32.28260564804077,68408
32.28345251083374,68408
32.28431034088135,68408
32.28516721725464,68408
32.28601956367493,68408
32.2868709564209,68408
32.28771758079529,68408
32.28856587409973,68408
32.28940987586975,68408
32.29026699066162,68408
32.29112124443054,68408
32.29197597503662,68408
32.29282546043396,68408
32.29368472099304,68408
32.29452848434448,68408
32.295382022857666,68408
32.29623508453369,68408
32.29708933830261,68408
32.29794216156006,68408
32.29879403114319,68408
32.29964804649353,68408
32.3004937171936,68408
32.30134344100952,68408
32.30219626426697,68408
32.30304837226868,68408
32.30391502380371,68408
32.30476474761963,68408
32.30562138557434,68408
32.30646777153015,68408
32.30732226371765,68408
32.308172941207886,68408
32.30902647972107,68408
32.3098783493042,68408
32.310730934143066,68408
32.31158232688904,68408
32.312429428100586,68408
32.3132803440094,68408
32.314146995544434,68408
32.314998388290405,68408
32.31585097312927,68408
32.316704750061035,68408
32.31755065917969,68408
32.31840419769287,68408
32.31925892829895,68408
32.32011103630066,68408
32.320966958999634,68408
32.321815729141235,68408
32.32266592979431,68408
32.32351303100586,68408
32.324373722076416,68408
32.32522916793823,68408
32.326080083847046,68408
32.326935052871704,68408
32.3277907371521,68408
32.32864594459534,68408
32.32948923110962,68408
32.330342054367065,68408
32.33120107650757,68408
32.33205485343933,68408
32.332908630371094,68408
32.3337676525116,68408
32.33461928367615,68408
32.33546495437622,68408
32.336312770843506,68408
32.33716440200806,68408
32.338016748428345,68408
32.33886384963989,68408
32.33971285820007,68408
32.3405544757843,68408
32.3414089679718,68408
32.342257022857666,68408
32.343111753463745,68408
32.34397482872009,68408
32.34482479095459,68408
32.34567666053772,68408
32.346518754959106,68408
32.34737157821655,68408
32.34822726249695,68408
32.349082469940186,68408
32.34993624687195,68408
32.35078477859497,68408
32.351635456085205,68408
32.352479219436646,68408
32.353328704833984,68408
32.354191303253174,68408
32.35504651069641,68408
32.35589551925659,68408
32.35674571990967,68408
32.35759615898132,68408
32.3584406375885,68408
32.359290599823,68408
32.36014175415039,68408
32.36099076271057,68408
32.36184239387512,68408
32.36269402503967,68408
32.363537073135376,68408
32.36439847946167,68408
32.36525630950928,68408
32.36611318588257,68408
32.366965770721436,68408
32.36781716346741,68408
32.36866903305054,68408
32.36951470375061,68408
32.370362997055054,68408
32.371216773986816,68408
32.37207007408142,68408
32.37292289733887,68408
32.37377882003784,68408
32.37463188171387,68408
32.375479221343994,68408
32.376330852508545,68408
32.377185583114624,68408
32.378039598464966,68408
32.378894329071045,68408
32.37974238395691,68408
32.3805890083313,68408
32.38143563270569,68408
32.38228726387024,68408
32.38314127922058,68408
32.384005069732666,68408
32.384856939315796,68408
32.38570976257324,68408
32.38655424118042,68408
32.38740348815918,68408
32.38825726509094,68408
32.38911008834839,68408
32.38996076583862,68408
32.390812397003174,68408
32.391663551330566,68408
32.39251112937927,68408
32.39336323738098,68408
32.394227504730225,68408
32.39508271217346,68408
32.395936489105225,68408
32.39678382873535,68408
32.39763379096985,68408
32.398476123809814,68408
32.399330854415894,68408
32.400184631347656,68408
32.40104007720947,68408
32.40188908576965,68408
32.40274167060852,68408
32.40359926223755,68408
32.404446601867676,68408
32.405293703079224,68408
32.406145095825195,68408
32.406996965408325,68408
32.407846450805664,68408
32.408698320388794,68408
32.40954279899597,68408
32.410390853881836,68408
32.41124224662781,68408
32.412097692489624,68408
32.412952184677124,68408
32.41381120681763,68408
32.414663791656494,68408
32.415509939193726,68408
32.4163613319397,68408
32.417216300964355,68408
32.4180691242218,68408
32.418923139572144,68408
32.4197735786438,68408
32.42062497138977,68408
32.42147159576416,68408
32.422319412231445,68408
32.42317271232605,68408
32.42403960227966,68408
32.424893379211426,68408
32.42574405670166,68408
32.42659592628479,68408
32.427440881729126,68408
32.42829465866089,68408
32.429150342941284,68408
32.43000602722168,68408
32.430859088897705,68408
32.43171548843384,68408
32.43256330490112,68408
32.433412313461304,68408
32.43427038192749,68408
32.43512463569641,68408
32.43597960472107,68408
32.436832904815674,68408
32.437684297561646,68408
32.438530683517456,68408
32.439380168914795,68408
32.440229415893555,68408
32.44108462333679,68408
32.44193506240845,68408
32.442785024642944,68408
32.44364786148071,68408
32.44449043273926,68408
32.44533896446228,68408
32.44619274139404,68408
32.44704580307007,68408
32.4478976726532,68408
32.44874715805054,68408
32.4495952129364,68408
32.450440883636475,68408
32.45129108428955,68408
32.4521427154541,68408
32.4529983997345,68408
32.45386075973511,68408
32.454710960388184,68408
32.455557107925415,68408
32.45640969276428,68408
32.45726156234741,68408
32.45811629295349,68408
32.45897173881531,68408
32.45982122421265,68408
32.46067476272583,68408
32.46152210235596,68408
32.46237063407898,68408
32.463220834732056,68408
32.46408724784851,68408
32.4649384021759,68408
32.46579146385193,68408
32.46664524078369,68408
32.467493772506714,68408
32.46834325790405,68408
32.46919918060303,68408
32.47005486488342,68408
32.470908641815186,68408
32.47175884246826,68408
32.47260856628418,68408
32.473453998565674,68408
32.47431445121765,68408
32.475168228149414,68408
32.47601938247681,68408
32.47687125205994,68408
32.47772169113159,68408
32.478567361831665,68408
32.47941589355469,68408
32.480268478393555,68408
32.48111963272095,68408
32.48196864128113,68408
32.48281955718994,68408
32.483680963516235,68408
32.48453116416931,68408
32.48538112640381,68408
32.48623514175415,68408
32.48708987236023,68408
32.487945795059204,68408
32.48879599571228,68408
32.48964858055115,68408
32.49049115180969,68408
32.4913444519043,68408
32.492193937301636,68408
32.4930477142334,68408
32.49391031265259,68408
32.49476480484009,68408
32.49562406539917,68408
32.496466398239136,68408
32.49731516838074,68408
32.49817228317261,68408
32.499024629592896,68408
32.49988126754761,68408
32.50073289871216,68408
32.501585960388184,68408
32.502432107925415,68408
32.50328469276428,68408
32.504148960113525,68408
32.50500297546387,68408
32.505855321884155,68408
32.506706953048706,68408
32.50754904747009,68408
32.5084011554718,68408
32.50925350189209,68408
32.51010847091675,68408
32.51096200942993,68408
32.51181483268738,68408
32.512667179107666,68408
32.513513803482056,68408
32.5143780708313,68408
32.51523232460022,68408
32.51608443260193,68408
32.51693367958069,68408
32.517784118652344,68408
32.518641233444214,68408
32.519481897354126,68408
32.520336866378784,68408
32.52119064331055,68408
32.52204465866089,68408
32.52289700508118,68408
32.523759603500366,68408
32.52461290359497,68408
32.52545785903931,68408
32.52631878852844,68408
32.52717208862305,68408
32.5280237197876,68408
32.52887558937073,68408
32.529725551605225,68408
32.53057789802551,68408
32.531421422958374,68408
32.5322744846344,68408
32.533125162124634,68408
32.533987045288086,68408
32.53483724594116,68408
32.535688400268555,68408
32.53653073310852,68408
32.53738021850586,68408
32.53823113441467,68408
32.53908348083496,68408
32.539934158325195,68408
32.54078459739685,68408
32.541635513305664,68408
32.542484521865845,68408
32.543334007263184,68408
32.54419922828674,68408
32.545053482055664,68408
32.54590845108032,68408
32.546759843826294,68408
32.547614097595215,68408
32.548460721969604,68408
32.54931354522705,68408
32.55016469955444,68408
32.55101823806763,68408
32.55186915397644,68408
32.5527241230011,68408
32.55358028411865,68408
32.55442953109741,68408
32.55527997016907,68408
32.556135416030884,68408
32.55698823928833,68408
32.5578408241272,68408
32.55869269371033,68408
32.55953645706177,68408
32.560386180877686,68408
32.56124258041382,68408
32.56209444999695,68408
32.56294894218445,68408
32.56380796432495,68408
32.56465816497803,68408
32.56550359725952,68408
32.56635594367981,68408
32.56720852851868,68408
32.56805777549744,68408
32.568909645080566,68408
32.56976628303528,68408
32.570619344711304,68408
32.571463108062744,68408
32.572311878204346,68408
32.57316493988037,68408
32.574029207229614,68408
32.57488179206848,68408
32.57573366165161,68408
32.57658767700195,68408
32.577431440353394,68408
32.578283071517944,68408
32.579137086868286,68408
32.579992055892944,68408
32.58084464073181,68408
32.58169484138489,68408
32.58253788948059,68408
32.58339309692383,68408
32.58425855636597,68408
32.585113525390625,68408
32.58596730232239,68408
32.58682036399841,68408
32.58767032623291,68408
32.58851647377014,68408
32.58936619758606,68408
32.59021997451782,68408
32.591073513031006,68408
32.591928005218506,68408
32.592780113220215,68408
32.59364581108093,68408
32.594489336013794,68408
32.59533977508545,68408
32.59619402885437,68408
32.597052812576294,68408
32.59790349006653,68408
32.59875416755676,68408
32.59960150718689,68408
32.60044455528259,68408
32.60129189491272,68408
32.602147817611694,68408
32.60299801826477,68408
32.603858947753906,68408
32.60470628738403,68408
32.60555362701416,68408
32.60640549659729,68408
32.607257604599,68408
32.6081223487854,68408
32.60897207260132,68408
32.609822273254395,68408
32.61067533493042,68408
32.61152100563049,68408
32.61237359046936,68408
32.613227128982544,68408
32.61409521102905,68408
32.614952087402344,68408
32.61580443382263,68408
32.6166558265686,68408
32.61750602722168,68408
32.618353843688965,68408
32.619205474853516,68408
32.620057344436646,68408
32.62091040611267,68408
32.62176060676575,68408
32.62261390686035,68408
32.62345480918884,68408
32.62431836128235,68408
32.62516903877258,68408
32.62602257728577,68408
32.626874685287476,68408
32.62772727012634,68408
32.62857675552368,68408
32.629424810409546,68408
32.63027787208557,68408
32.631131649017334,68408
32.631985664367676,68408
32.6328330039978,68408
32.63369035720825,68408
32.63453674316406,68408
32.635387897491455,68408
32.6362464427948,68408
32.637099504470825,68408
32.63795709609985,68408
32.638805627822876,68408
32.63965630531311,68408
32.6405029296875,68408
32.641353607177734,68408
32.64220476150513,68408
32.64306044578552,68408
32.64392328262329,68408
32.64477491378784,68408
32.64562916755676,68408
32.64647674560547,68408
32.64733004570007,68408
32.648184299468994,68408
32.64903712272644,68408
32.649890661239624,68408
32.65074276924133,68408
32.65159487724304,68408
32.65244245529175,68408
32.653294801712036,68408
32.654160499572754,68408
32.655014991760254,68408
32.65586757659912,68408
32.656720876693726,68408
32.65757155418396,68408
32.658419370651245,68408
32.65927076339722,68408
32.66012525558472,68408
32.66097116470337,68408
32.6618230342865,68408
32.66267275810242,68408
32.66351556777954,68408
32.66438007354736,68408
32.665236711502075,68408
32.66609048843384,68408
32.66694355010986,68408
32.66779685020447,68408
32.668652296066284,68408
32.6694917678833,68408
32.67034387588501,68408
32.67119836807251,68408
32.67205595970154,68408
32.67290902137756,68408
32.673768281936646,68408
32.67462158203125,68408
32.67547297477722,68408
32.67632293701172,68408
32.67717742919922,68408
32.67802810668945,68408
32.678882122039795,68408
32.679733753204346,68408
32.68058633804321,68408
32.681437253952026,68408
32.68229079246521,68408
32.683141231536865,68408
32.6840078830719,68408
32.68485999107361,68408
32.6857168674469,68408
32.68656778335571,68408
32.6874144077301,68408
32.68826770782471,68408
32.68912196159363,68408
32.68997406959534,68408
32.69082975387573,68408
32.691683530807495,68408
32.69253182411194,68408
32.69338321685791,68408
32.69424510002136,68408
32.69510006904602,68408
32.695950746536255,68408
32.69680094718933,68408
32.6976523399353,68408
32.69849514961243,68408
32.6993465423584,68408
32.70019865036011,68408
32.70105266571045,68408
32.701903343200684,68408
32.70275282859802,68408
32.70361018180847,68408
32.70446038246155,68408
32.7053120136261,68408
32.70616674423218,68408
32.707021951675415,68408
32.707870960235596,68408
32.70872354507446,68408
32.709580183029175,68408
32.71042466163635,68408
32.71127915382385,68408
32.71213126182556,68408
32.71298575401306,68408
32.713841676712036,68408
32.71469497680664,68408
32.71553874015808,68408
32.716392517089844,68408
32.717244148254395,68408
32.71809983253479,68408
32.718953371047974,68408
32.71980381011963,68408
32.72065734863281,68408
32.72150373458862,68408
32.72235703468323,68408
32.72321057319641,68408
32.72407150268555,68408
32.724931716918945,68408
32.72578191757202,68408
32.72663497924805,68408
32.727478981018066,68408
32.72832775115967,68408
32.72917938232422,68408
32.73003005981445,68408
32.730879068374634,68408
32.731730937957764,68408
32.73257875442505,68408
32.733426332473755,68408
32.73428702354431,68408
32.73514199256897,68408
32.73599457740784,68408
32.73684859275818,68408
32.73770093917847,68408
32.7385458946228,68408
32.73939824104309,68408
32.74025082588196,68408
32.74110293388367,68408
32.74195313453674,68408
32.74280333518982,68408
32.74366617202759,68408
32.74450922012329,68408
32.745360374450684,68408
32.746214151382446,68408
32.74706530570984,68408
32.74791884422302,68408
32.74877095222473,68408
32.74962329864502,68408
32.7504677772522,68408
32.751317501068115,68408
32.75217008590698,68408
32.75302076339722,68408
32.75388717651367,68408
32.75474262237549,68408
32.75559091567993,68408
32.75643873214722,68408
32.7572922706604,68408
32.758143186569214,68408
32.758994817733765,68408
32.759845495224,68408
32.76070189476013,68408
32.761547327041626,68408
32.7623987197876,68408
32.763253927230835,68408
32.764119386672974,68408
32.764972448349,68408
32.76582670211792,68408
32.76667761802673,68408
32.767524003982544,68408
32.76837372779846,68408
32.76922845840454,68408
32.77008247375488,68408
32.77093815803528,68408
32.77179193496704,68408
32.772645235061646,68408
32.7734911441803,68408
32.774349212646484,68408
32.77520442008972,68408
32.776055097579956,68408
32.776907444000244,68408
32.777761936187744,68408
32.77861547470093,68408
32.779462575912476,68408
32.78031086921692,68408
32.78116464614868,68408
32.78201699256897,68408
32.782870054244995,68408
32.7837278842926,68408
32.784584283828735,68408
32.785430908203125,68408
32.786288022994995,68408
32.78714346885681,68408
32.78800010681152,68408
32.788854360580444,68408
32.78970670700073,68408
32.7905490398407,68408
32.79139947891235,68408
32.792253255844116,68408
32.79310846328735,68408
32.79397106170654,68408
32.794827938079834,68408
32.79567861557007,68408
32.796526193618774,68408
32.79737663269043,68408
32.79823064804077,68408
32.79908466339111,68408
32.79993534088135,68408
32.80078315734863,68408
32.801637172698975,68408
32.80248165130615,68408
32.80333065986633,68408
32.80419135093689,68408
32.80504870414734,68408
32.805899143218994,68408
32.80675172805786,68408
32.80760145187378,68408
32.808451414108276,68408
32.80929660797119,68408
32.810147762298584,68408
32.81099820137024,68408
32.811851024627686,68408
32.812702655792236,68408
32.81354904174805,68408
32.814409017562866,68408
32.815263986587524,68408
32.81611680984497,68408
32.81696844100952,68408
32.81781888008118,68408
32.818671464920044,68408
32.81951379776001,68408
32.8203649520874,68408
32.82121706008911,68408
32.82207226753235,68408
32.82292580604553,68408
32.823787689208984,68408
32.824641704559326,68408
32.82548546791077,68408
32.82633662223816,68408
32.827189922332764,68408
32.82803988456726,68408
32.82889366149902,68408
32.82974815368652,68408
32.83060050010681,68408
32.831443786621094,68408
32.83229613304138,68408
32.83315086364746,68408
32.834015130996704,68408
32.83486843109131,68408
32.83572053909302,68408
32.83656668663025,68408
32.83741044998169,68408
32.8382613658905,68408
32.839115381240845,68408
32.83996558189392,68408
32.84081745147705,68408
32.84166646003723,68408
32.84251570701599,68408
32.8433678150177,68408
32.84423089027405,68408
32.845085859298706,68408
32.84593725204468,68408
32.846787214279175,68408
32.84764242172241,68408
32.848488092422485,68408
32.84933876991272,68408
32.85018968582153,68408
32.85104060173035,68408
32.85189509391785,68408
32.852750301361084,68408
32.85361099243164,68408
32.85446000099182,68408
32.8553102016449,68408
32.85616660118103,68408
32.85702157020569,68408
32.857874393463135,68408
32.85872530937195,68408
32.8595757484436,68408
32.86042022705078,68408
32.861271142959595,68408
32.86212229728699,68408
32.862977743148804,68408
32.8638379573822,68408
32.86469125747681,68408
32.86553716659546,68408
32.86638903617859,68408
32.86724138259888,68408
32.86809515953064,68408
32.868942737579346,68408
32.86979699134827,68408
32.87064814567566,68408
32.87149262428284,68408
32.87234163284302,68408
32.873196840286255,68408
32.87406253814697,68408
32.874919414520264,68408
32.87576961517334,68408
32.876624584198,68408
32.87746977806091,68408
32.878318548202515,68408
32.879172801971436,68408
32.88002872467041,68408
32.88088250160217,68408
32.88173198699951,68408
32.882580041885376,68408
32.88342332839966,68408
32.884284257888794,68408
32.885141372680664,68408
32.88599753379822,68408
32.886849880218506,68408
32.88770055770874,68408
32.888548135757446,68408
32.8893985748291,68408
32.89025402069092,68408
32.89110708236694,68408
32.891961336135864,68408
32.892813205718994,68408
32.89367604255676,68408
32.89451766014099,68408
32.895368337631226,68408
32.89621877670288,68408
32.89707136154175,68408
32.89792251586914,68408
32.898770809173584,68408
32.89962363243103,68408
32.900471925735474,68408
32.90132117271423,68408
32.90217328071594,68408
32.90302896499634,68408
32.903894662857056,68408
32.904743671417236,68408
32.90559244155884,68408
32.90643930435181,68408
32.90729236602783,68408
32.90814471244812,68408
32.90900015830994,68408
32.90984916687012,68408
32.91070079803467,68408
32.9115424156189,68408
32.91239023208618,68408
32.91324281692505,68408
32.91410994529724,68408
32.91496300697327,68408
32.91581678390503,68408
32.91666913032532,68408
32.917513370513916,68408
32.91836619377136,68408
32.919220209121704,68408
32.92007255554199,68408
32.920926332473755,68408
32.92177629470825,68408
32.92262816429138,68408
32.92347264289856,68408
32.924336433410645,68408
32.92519021034241,68408
32.92604041099548,68408
32.926891565322876,68408
32.92774486541748,68408
32.928593158721924,68408
32.92944121360779,68408
32.93029308319092,68408
32.931145906448364,68408
32.93200182914734,68408
32.93285417556763,68408
32.93371248245239,68408
32.93456554412842,68408
32.93541073799133,68408
32.93626356124878,68408
32.937114238739014,68408
32.93797039985657,68408
32.93881964683533,68408
32.939671993255615,68408
32.940515756607056,68408
32.941367626190186,68408
32.94222092628479,68408
32.94307470321655,68408
32.9439377784729,68408
32.94479155540466,68408
32.94564414024353,68408
32.946489095687866,68408
32.94733953475952,68408
32.94819474220276,68408
32.94904899597168,68408
32.94990420341492,68408
32.950753927230835,68408
32.95160675048828,68408
32.95245385169983,68408
32.953301668167114,68408
32.95417046546936,68408
32.95502710342407,68408
32.95588183403015,68408
32.956732988357544,68408
32.95758318901062,68408
32.95843267440796,68408
32.95928335189819,68408
32.960139751434326,68408
32.960994720458984,68408
32.96184682846069,68408
32.962700605392456,68408
32.9635488986969,68408
32.964409828186035,68408
32.9652624130249,68408
32.96611785888672,68408
32.96697211265564,68408
32.96782469749451,68408
32.96867871284485,68408
32.96952509880066,68408
32.97037434577942,68408
32.97122502326965,68408
32.97208094596863,68408
32.972933292388916,68408
32.973793506622314,68408
32.974645376205444,68408
32.975494146347046,68408
32.976348876953125,68408
32.97720217704773,68408
32.97805643081665,68408
32.97891092300415,68408
32.979764461517334,68408
32.98062086105347,68408
32.98146414756775,68408
32.98231649398804,68408
32.983168601989746,68408
32.98403239250183,68408
32.98488521575928,68408
32.98573970794678,68408
32.986586809158325,68408
32.98743557929993,68408
32.988287687301636,68408
32.98914384841919,68408
32.98999524116516,68408
32.990851402282715,68408
32.99170446395874,68408
32.99255442619324,68408
32.99340796470642,68408
32.994271755218506,68408
32.99512481689453,68408
32.99598145484924,68408
32.996832609176636,68408
32.99768424034119,68408
32.998531341552734,68408
32.99938464164734,68408
33.000239610672,68408
33.00109004974365,68408
33.00194549560547,68408
33.00279688835144,68408
33.00366020202637,68408
33.0045063495636,68408
33.00535845756531,68408
33.00621247291565,68408
33.00706481933594,68408
33.007917642593384,68408
33.00877046585083,68408
33.00962424278259,68408
33.01046681404114,68408
33.0113205909729,68408
33.01217293739319,68408
33.013028621673584,68408
33.01389265060425,68408
33.01474475860596,68408
33.01559805870056,68408
33.01644492149353,68408
33.01729464530945,68408
33.018149852752686,68408
33.019001722335815,68408
33.01985239982605,68408
33.020702838897705,68408
33.02155017852783,68408
33.02240061759949,68408
33.023256063461304,68408
33.024120807647705,68408
33.02497363090515,68408
33.02582669258118,68408
33.026681423187256,68408
33.02752900123596,68408
33.02838206291199,68408
33.029231548309326,68408
33.030086278915405,68408
33.03093910217285,68408
33.031792640686035,68408
33.03264880180359,68408
33.03349447250366,68408
33.03435444831848,68408
33.03520965576172,68408
33.036064863204956,68408
33.03692007064819,68408
33.03777194023132,68408
33.03862643241882,68408
33.03947305679321,68408
33.040324211120605,68408
33.04117774963379,68408
33.04203391075134,68408
33.042885541915894,68408
33.04374885559082,68408
33.0445990562439,68408
33.04544544219971,68408
33.046300172805786,68408
33.0471556186676,68408
33.0480101108551,68408
33.048861026763916,68408
33.04971361160278,68408
33.05056619644165,68408
33.051414012908936,68408
33.05226731300354,68408
33.05311965942383,68408
33.05398368835449,68408
33.05483436584473,68408
33.055684089660645,68408
33.056527853012085,68408
33.057382106781006,68408
33.05823373794556,68408
33.05908823013306,68408
33.0599410533905,68408
33.06079697608948,68408
33.06164741516113,68408
33.06249237060547,68408
33.06334209442139,68408
33.064207553863525,68408
33.065059185028076,68408
33.06591248512268,68408
33.066763401031494,68408
33.067617893218994,68408
33.068458795547485,68408
33.06931114196777,68408
33.070165395736694,68408
33.071022748947144,68408
33.07187485694885,68408
33.072726011276245,68408
33.07358717918396,68408
33.07443618774414,68408
33.075289249420166,68408
33.076143741607666,68408
33.07699942588806,68408
33.07785201072693,68408
33.07870149612427,68408
33.07954478263855,68408
33.08039617538452,68408
33.08125281333923,68408
33.08210611343384,68408
33.08296203613281,68408
33.08382439613342,68408
33.08467721939087,68408
33.08552074432373,68408
33.086371660232544,68408
33.08722400665283,68408
33.088083028793335,68408
33.088937282562256,68408
33.08978724479675,68408
33.09064030647278,68408
33.09148716926575,68408
33.09233856201172,68408
33.09319472312927,68408
33.09406113624573,68408
33.094913959503174,68408
33.09576678276062,68408
33.096619606018066,68408
33.097466230392456,68408
33.098318338394165,68408
33.099172830581665,68408
33.1000280380249,68408
33.10087537765503,68408
33.10172915458679,68408
33.10257816314697,68408
33.10342049598694,68408
33.10428738594055,68408
33.105144739151,68408
33.105995416641235,68408
33.106850385665894,68408
33.10770392417908,68408
33.10855054855347,68408
33.10940408706665,68408
33.11025595664978,68408
33.11110877990723,68408
33.11196327209473,68408
33.112812757492065,68408
33.11367225646973,68408
33.114519357681274,68408
33.11537408828735,68408
33.11622858047485,68408
33.11708164215088,68408
33.11793565750122,68408
33.1187903881073,68408
33.11964464187622,68408
33.12048888206482,68408
33.12133812904358,68408
33.12219166755676,68408
33.12304425239563,68408
33.12390899658203,68408
33.12475895881653,68408
33.1256160736084,68408
33.126463174819946,68408
33.12731456756592,68408
33.12816786766052,68408
33.12902545928955,68408
33.12987732887268,68408
33.13072752952576,68408
33.13157820701599,68408
33.1324245929718,68408
33.133275508880615,68408
33.13414144515991,68408
33.13499331474304,68408
33.1358482837677,68408
33.1366982460022,68408
33.13754343986511,68408
33.13839602470398,68408
33.139251470565796,68408
33.14010453224182,68408
33.140955448150635,68408
33.14180588722229,68408
33.14266300201416,68408
33.14350628852844,68408
33.144366979599,68408
33.14522123336792,68408
33.14607620239258,68408
33.146931171417236,68408
33.14778184890747,68408
33.14863634109497,68408
33.14947986602783,68408
33.15033173561096,68408
33.151188135147095,68408
33.152042865753174,68408
33.15289831161499,68408
33.153759241104126,68408
33.15461349487305,68408
33.15545868873596,68408
33.15630865097046,68408
33.15716338157654,68408
33.158015966415405,68408
33.15886902809143,68408
33.15972137451172,68408
33.16056990623474,68408
33.16141986846924,68408
33.16227149963379,68408
33.16312837600708,68408
33.163992404937744,68408
33.16484236717224,68408
33.16569805145264,68408
33.16654443740845,68408
33.167397022247314,68408
33.16825318336487,68408
33.169105052948,68408
33.16995692253113,68408
33.17080593109131,68408
33.171658754348755,68408
33.17250394821167,68408
33.173356771469116,68408
33.17421746253967,68408
33.1750705242157,68408
33.17592263221741,68408
33.1767737865448,68408
33.1776237487793,68408
33.17846870422363,68408
33.179322719573975,68408
33.180176973342896,68408
33.181031227111816,68408
33.18188405036926,68408
33.18273591995239,68408
33.18359398841858,68408
33.18443965911865,68408
33.18529152870178,68408
33.18614411354065,68408
33.186999797821045,68408
33.18785095214844,68408
33.188701152801514,68408
33.189544916152954,68408
33.19039726257324,68408
33.19124960899353,68408
33.19210648536682,68408
33.19295859336853,68408
33.193819999694824,68408
33.19467210769653,68408
33.19551920890808,68408
33.19637131690979,68408
33.19722390174866,68408
33.19807553291321,68408
33.19892907142639,68408
33.199779748916626,68408
33.20063138008118,68408
33.20147633552551,68408
33.20232939720154,68408
33.203181743621826,68408
33.20404863357544,68408
33.204904079437256,68408
33.20575571060181,68408
33.206605672836304,68408
33.207454681396484,68408
33.20830225944519,68408
33.20915627479553,68408
33.21000695228577,68408
33.210859537124634,68408
33.211711168289185,68408
33.2125563621521,68408
33.213406801223755,68408
33.21427321434021,68408
33.21512579917908,68408
33.21598291397095,68408
33.216835021972656,68408
33.217687129974365,68408
33.21852993965149,68408
33.21938347816467,68408
33.2202353477478,68408
33.22108864784241,68408
33.221940994262695,68408
33.22279238700867,68408
33.223652362823486,68408
33.22450232505798,68408
33.22535490989685,68408
33.2262077331543,68408
33.227057456970215,68408
33.22791242599487,68408
33.22876763343811,68408
33.22962236404419,68408
33.23046875,68408
33.231319427490234,68408
33.23217225074768,68408
33.23302698135376,68408
33.233891010284424,68408
33.23474454879761,68408
33.23559641838074,68408
33.2364456653595,68408
33.23729729652405,68408
33.238149642944336,68408
33.23900747299194,68408
33.23985552787781,68408
33.24071002006531,68408
33.24155521392822,68408
33.242406606674194,68408
33.24326944351196,68408
33.244136571884155,68408
33.24499225616455,68408
33.24584126472473,68408
33.246691942214966,68408
33.24753499031067,68408
33.24838852882385,68408
33.24924159049988,68408
33.25009632110596,68408
33.25094985961914,68408
33.25180435180664,68408
33.252655267715454,68408
33.253501892089844,68408
33.25436592102051,68408
33.25521898269653,68408
33.25607132911682,68408
33.256922245025635,68408
33.25777459144592,68408
33.258628845214844,68408
33.25947046279907,68408
33.26032257080078,68408
33.26117658615112,68408
33.262033224105835,68408
33.26288604736328,68408
33.26374912261963,68408
33.264601945877075,68408
33.26545190811157,68408
33.26630449295044,68408
33.26715922355652,68408
33.2680127620697,68408
33.26886796951294,68408
33.26971912384033,68408
33.27056860923767,68408
33.27141451835632,68408
33.27226638793945,68408
33.273117780685425,68408
33.27398109436035,68408
33.274829149246216,68408
33.27568197250366,68408
33.276527404785156,68408
33.27737879753113,68408
33.278231382369995,68408
33.27908706665039,68408
33.2799391746521,68408
33.28078842163086,68408
33.281644344329834,68408
33.28249168395996,68408
33.28334045410156,68408
33.28420400619507,68408
33.285059452056885,68408
33.28591322898865,68408
33.286765813827515,68408
33.28761672973633,68408
33.288458824157715,68408
33.28931140899658,68408
33.29016375541687,68408
33.29101848602295,68408
33.29186820983887,68408
33.292717933654785,68408
33.293575286865234,68408
33.29442501068115,68408
33.295278549194336,68408
33.29613280296326,68408
33.296982288360596,68408
33.29783368110657,68408
33.29868769645691,68408
33.29953670501709,68408
33.30039048194885,68408
33.301241636276245,68408
33.30209302902222,68408
33.30294919013977,68408
33.30380821228027,68408
33.30466055870056,68408
33.30550456047058,68408
33.306355714797974,68408
33.30720567703247,68408
33.30805587768555,68408
33.308908224105835,68408
33.309760332107544,68408
33.31061601638794,68408
33.311461210250854,68408
33.31231236457825,68408
33.31316924095154,68408
33.31403875350952,68408
33.31489181518555,68408
33.31574320793152,68408
33.31659698486328,68408
33.31743907928467,68408
33.318297386169434,68408
33.319148540496826,68408
33.320003509521484,68408
33.32085990905762,68408
33.32171273231506,68408
33.322566747665405,68408
33.3234167098999,68408
33.32427787780762,68408
33.32513403892517,68408
33.32598543167114,68408
33.32683849334717,68408
33.32769179344177,68408
33.32853937149048,68408
33.32939338684082,68408
33.33024740219116,68408
33.33110237121582,68408
33.331960678100586,68408
33.33281087875366,68408
33.333675384521484,68408
33.334518909454346,68408
33.33536767959595,68408
33.336222887039185,68408
33.33707642555237,68408
33.33793067932129,68408
33.33878231048584,68408
33.33963489532471,68408
33.34048318862915,68408
33.34133338928223,68408
33.34218454360962,68408
33.34303617477417,68408
33.3438982963562,68408
33.34475231170654,68408
33.34560942649841,68408
33.346455097198486,68408
33.347306966781616,68408
33.34815788269043,68408
33.34900999069214,68408
33.3498649597168,68408
33.35071659088135,68408
33.35157012939453,68408
33.35241675376892,68408
33.353267431259155,68408
33.35413312911987,68408
33.35498404502869,68408
33.35583829879761,68408
33.35668992996216,68408
33.35754156112671,68408
33.35839533805847,68408
33.35925102233887,68408
33.36010503768921,68408
33.36095929145813,68408
33.36181330680847,68408
33.362666606903076,68408
33.36351418495178,68408
33.364378452301025,68408
33.365235805511475,68408
33.36609172821045,68408
33.36694622039795,68408
33.367799520492554,68408
33.368651390075684,68408
33.36950159072876,68408
33.37035274505615,68408
33.37120795249939,68408
33.37206149101257,68408
33.372912883758545,68408
33.373772859573364,68408
33.37463021278381,68408
33.37547421455383,68408
33.37632346153259,68408
33.377174854278564,68408
33.378031969070435,68408
33.37888550758362,68408
33.37973594665527,68408
33.38058304786682,68408
33.38143229484558,68408
33.38228678703308,68408
33.383142709732056,68408
33.384005069732666,68408
33.38486289978027,68408
33.38571262359619,68408
33.38655662536621,68408
33.38740634918213,68408
33.38826107978821,68408
33.38911294937134,68408
33.389965534210205,68408
33.390817165374756,68408
33.39167046546936,68408
33.39251756668091,68408
33.39337158203125,68408
33.39423632621765,68408
33.39509439468384,68408
33.39594769477844,68408
33.39679741859436,68408
33.397648334503174,68408
33.398497343063354,68408
33.39934682846069,68408
33.40019941329956,68408
33.401049852371216,68408
33.40190553665161,68408
33.40275764465332,68408
33.403619050979614,68408
33.4044668674469,68408
33.40532064437866,68408
33.40617394447327,68408
33.407028913497925,68408
33.40787935256958,68408
33.40873122215271,68408
33.40958380699158,68408
33.41043186187744,68408
33.41128635406494,68408
33.412142515182495,68408
33.41299915313721,68408
33.41386532783508,68408
33.41471815109253,68408
33.41557240486145,68408
33.41641879081726,68408
33.41727089881897,68408
33.41812443733215,68408
33.4189817905426,68408
33.41983485221863,68408
33.42068791389465,68408
33.42153072357178,68408
33.422383546829224,68408
33.42323708534241,68408
33.42410492897034,68408
33.42495632171631,68408
33.42580723762512,68408
33.42665719985962,68408
33.427507638931274,68408
33.42836141586304,68408
33.42921829223633,68408
33.43007040023804,68408
33.4309184551239,68408
33.4317672252655,68408
33.432618141174316,68408
33.433465242385864,68408
33.43432283401489,68408
33.435176610946655,68408
33.436030864715576,68408
33.43688225746155,68408
33.43773174285889,68408
33.43857955932617,68408
33.43942999839783,68408
33.440282583236694,68408
33.44113779067993,68408
33.441991567611694,68408
33.442845821380615,68408
33.443705797195435,68408
33.44455075263977,68408
33.44540476799011,68408
33.44625949859619,68408
33.44711399078369,68408
33.44796848297119,68408
33.44881868362427,68408
33.44967246055603,68408
33.45051407814026,68408
33.45136570930481,68408
33.452216386795044,68408
33.4530713558197,68408
33.453935623168945,68408
33.454789876937866,68408
33.4556405544281,68408
33.45648550987244,68408
33.45733642578125,68408
33.45819282531738,68408
33.45904612541199,68408
33.45990014076233,68408
33.46075081825256,68408
33.46159863471985,68408
33.46244740486145,68408
33.46330142021179,68408
33.46416449546814,68408
33.465017557144165,68408
33.465869188308716,68408
33.46671724319458,68408
33.46756625175476,68408
33.46841239929199,68408
33.469260454177856,68408
33.47011661529541,68408
33.470967054367065,68408
33.47181725502014,68408
33.472668170928955,68408
33.47351121902466,68408
33.474374294281006,68408
33.47522687911987,68408
33.4760799407959,68408
33.47693586349487,68408
33.477787256240845,68408
33.47863841056824,68408
33.479485273361206,68408
33.48033881187439,68408
33.4811897277832,68408
33.48204827308655,68408
33.482897996902466,68408
33.483760833740234,68408
33.48461389541626,68408
33.48545980453491,68408
33.48631238937378,68408
33.48717021942139,68408
33.488024950027466,68408
33.48888111114502,68408
33.48973226547241,68408
33.49058532714844,68408
33.49143075942993,68408
33.49228477478027,68408
33.493141412734985,68408
33.494003772735596,68408
33.49485397338867,68408
33.49570441246033,68408
33.49654793739319,68408
33.497403144836426,68408
33.49825668334961,68408
33.4991090297699,68408
33.4999623298645,68408
33.50081825256348,68408
33.50166964530945,68408
33.50251388549805,68408
33.50336575508118,68408
33.504233598709106,68408
33.50508403778076,68408
33.505939960479736,68408
33.50679063796997,68408
33.5076470375061,68408
33.50849151611328,68408
33.50934624671936,68408
33.51020169258118,68408
33.511056423187256,68408
33.51191020011902,68408
33.51276087760925,68408
33.51361966133118,68408
33.514467000961304,68408
33.51531934738159,68408
33.51617479324341,68408
33.5170259475708,68408
33.51788139343262,68408
33.51873254776001,68408
33.51958227157593,68408
33.52043128013611,68408
33.52128601074219,68408
33.52213764190674,68408
33.522989988327026,68408
33.52384638786316,68408
33.52469825744629,68408
33.525545835494995,68408
33.52639889717102,68408
33.527249574661255,68408
33.52810573577881,68408
33.52895903587341,68408
33.529810190200806,68408
33.530661821365356,68408
33.5315101146698,68408
33.532360792160034,68408
33.533217906951904,68408
33.534085750579834,68408
33.53494358062744,68408
33.535797119140625,68408
33.53665208816528,68408
33.53749632835388,68408
33.5383460521698,68408
33.539198875427246,68408
33.54005312919617,68408
33.54090332984924,68408
33.54175686836243,68408
33.54260778427124,68408
33.54345345497131,68408
33.54431343078613,68408
33.545172452926636,68408
33.54602241516113,68408
33.546876430511475,68408
33.54772758483887,68408
33.548579454422,68408
33.54942536354065,68408
33.55027651786804,68408
33.551130294799805,68408
33.551987409591675,68408
33.55284070968628,68408
33.5537006855011,68408
33.554545164108276,68408
33.55539846420288,68408
33.556249380111694,68408
33.55710577964783,68408
33.557960510253906,68408
33.558812618255615,68408
33.55966353416443,68408
33.560505390167236,68408
33.56135678291321,68408
33.56221032142639,68408
33.56306505203247,68408
33.56393003463745,68408
33.56478238105774,68408
33.565640926361084,68408
33.56648659706116,68408
33.56733679771423,68408
33.56819152832031,68408
33.56904435157776,68408
33.569894790649414,68408
33.570751667022705,68408
33.57159996032715,68408
33.57244610786438,68408
33.57329535484314,68408
33.57415795326233,68408
33.575010538101196,68408
33.57586312294006,68408
33.57671499252319,68408
33.577563524246216,68408
33.578407764434814,68408
33.57925987243652,68408
33.58011555671692,68408
33.58097219467163,68408
33.581825494766235,68408
33.582682371139526,68408
33.583524227142334,68408
33.58438587188721,68408
33.58523988723755,68408
33.58609914779663,68408
33.586955308914185,68408
33.587804317474365,68408
33.58865714073181,68408
33.589502573013306,68408
33.59035301208496,68408
33.59120416641235,68408
33.59205627441406,68408
33.5929114818573,68408
33.59377431869507,68408
33.594627380371094,68408
33.595475912094116,68408
33.596327781677246,68408
33.59717798233032,68408
33.5980281829834,68408
33.59888172149658,68408
33.59973478317261,68408
33.60058355331421,68408
33.601428270339966,68408
33.602277994155884,68408
33.60313034057617,68408
33.60399603843689,68408
33.60484504699707,68408
33.605698108673096,68408
33.606544733047485,68408
33.6073956489563,68408
33.60825872421265,68408
33.60911226272583,68408
33.60997152328491,68408
33.61082148551941,68408
33.61167335510254,68408
33.612518548965454,68408
33.613372564315796,68408
33.6142361164093,68408
33.615090131759644,68408
33.61593985557556,68408
33.61678886413574,68408
33.61763954162598,68408
33.61848998069763,68408
33.61933970451355,68408
33.620195150375366,68408
33.621050119400024,68408
33.62190055847168,68408
33.62275147438049,68408
33.62361240386963,68408
33.62446117401123,68408
33.625312089920044,68408
33.62616205215454,68408
33.627015352249146,68408
33.62786602973938,68408
33.62871694564819,68408
33.62956762313843,68408
33.630417346954346,68408
33.63127136230469,68408
33.63212490081787,68408
33.632972955703735,68408
33.63383102416992,68408
33.634681224823,68408
33.63552498817444,68408
33.63637590408325,68408
33.63723158836365,68408
33.63808512687683,68408
33.63893961906433,68408
33.639787912368774,68408
33.640639781951904,68408
33.6414840221405,68408
33.64233469963074,68408
33.64319133758545,68408
33.64406132698059,68408
33.64491391181946,68408
33.64576435089111,68408
33.64661407470703,68408
33.64745879173279,68408
33.648308753967285,68408
33.649160623550415,68408
33.65001463890076,68408
33.65086555480957,68408
33.651716232299805,68408
33.6525661945343,68408
33.65341067314148,68408
33.654273986816406,68408
33.65512728691101,68408
33.655983448028564,68408
33.6568329334259,68408
33.65768361091614,68408
33.65853023529053,68408
33.6593816280365,68408
33.66023540496826,68408
33.66109275817871,68408
33.661946296691895,68408
33.662797689437866,68408
33.663657903671265,68408
33.6645028591156,68408
33.665353536605835,68408
33.6662073135376,68408
33.66705918312073,68408
33.66791653633118,68408
33.66876530647278,68408
33.669615507125854,68408
33.67046308517456,68408
33.6713171005249,68408
33.672171115875244,68408
33.6730272769928,68408
33.673890113830566,68408
33.67474365234375,68408
33.67559027671814,68408
33.67643857002258,68408
33.67729306221008,68408
33.67815279960632,68408
33.67900490760803,68408
33.6798574924469,68408
33.68070459365845,68408
33.68154811859131,68408
33.682398557662964,68408
33.68325138092041,68408
33.68411707878113,68408
33.684969425201416,68408
33.68582010269165,68408
33.686668157577515,68408
33.687514543533325,68408
33.68836808204651,68408
33.689220666885376,68408
33.690072536468506,68408
33.69092392921448,68408
33.691779375076294,68408
33.69262909889221,68408
33.69347333908081,68408
33.69433665275574,68408
33.6951904296875,68408
33.69604229927063,68408
33.69689464569092,68408
33.69774341583252,68408
33.69859504699707,68408
33.69943952560425,68408
33.700292348861694,68408
33.70114517211914,68408
33.70200181007385,68408
33.7028534412384,68408
33.70371413230896,68408
33.70456528663635,68408
33.70541334152222,68408
33.70626211166382,68408
33.70711541175842,68408
33.70796585083008,68408
33.70881795883179,68408
33.709667682647705,68408
33.710511922836304,68408
33.711360931396484,68408
33.712212562561035,68408
33.713064432144165,68408
33.71393036842346,68408
33.71478271484375,68408
33.715638399124146,68408
33.71648168563843,68408
33.717331886291504,68408
33.71818518638611,68408
33.719040393829346,68408
33.719892263412476,68408
33.72074222564697,68408
33.72159147262573,68408
33.72244095802307,68408
33.72328972816467,68408
33.724151849746704,68408
33.725006341934204,68408
33.725862979888916,68408
33.72671461105347,68408
33.72756552696228,68408
33.72841286659241,68408
33.729265451431274,68408
33.73012018203735,68408
33.73097229003906,68408
33.73182439804077,68408
33.73267889022827,68408
33.7335262298584,68408
33.73439049720764,68408
33.73524522781372,68408
33.73610019683838,68408
33.73695230484009,68408
33.7378032207489,68408
33.73865556716919,68408
33.73950147628784,68408
33.74035167694092,68408
33.741206884384155,68408
33.74205732345581,68408
33.74293804168701,68408
33.743799686431885,68408
33.74465584754944,68408
33.74550247192383,68408
33.74635338783264,68408
33.74720287322998,68408
33.74805974960327,68408
33.74891233444214,68408
33.74976563453674,68408
33.75062108039856,68408
33.75146675109863,68408
33.752318382263184,68408
33.75316905975342,68408
33.754032373428345,68408
33.754884004592896,68408
33.75573420524597,68408
33.75658631324768,68408
33.75743317604065,68408
33.758283853530884,68408
33.75913882255554,68408
33.75999355316162,68408
33.76084280014038,68408
33.76169395446777,68408
33.762534856796265,68408
33.763386487960815,68408
33.764244079589844,68408
33.765100717544556,68408
33.76601266860962,68408
33.7668673992157,68408
33.7677218914032,68408
33.768576860427856,68408
33.76942014694214,68408
33.7702751159668,68408
33.77112817764282,68408
33.7719829082489,68408
33.77283263206482,68408
33.773696184158325,68408
33.77453899383545,68408
33.77539110183716,68408
33.77624535560608,68408
33.77710461616516,68408
33.777955055236816,68408
33.778807163238525,68408
33.77965950965881,68408
33.78050470352173,68408
33.78135442733765,68408
33.782204151153564,68408
33.78305625915527,68408
33.78392148017883,68408
33.78477168083191,68408
33.785621881484985,68408
33.78646731376648,68408
33.78732252120972,68408
33.78817391395569,68408
33.78902864456177,68408
33.78988242149353,68408
33.79073357582092,68408
33.79158282279968,68408
33.792428731918335,68408
33.79327964782715,68408
33.79414701461792,68408
33.7950005531311,68408
33.79585266113281,68408
33.79670596122742,68408
33.7975537776947,68408
33.79840397834778,68408
33.799259662628174,68408
33.80011439323425,68408
33.800968647003174,68408
33.80181574821472,68408
33.80266571044922,68408
33.8035101890564,68408
33.8043749332428,68408
33.80523109436035,68408
33.806084871292114,68408
33.806936502456665,68408
33.80778789520264,68408
33.808642625808716,68408
33.809490442276,68408
33.81034207344055,68408
33.81119751930237,68408
33.81205081939697,68408
33.812901735305786,68408
33.81376099586487,68408
33.81461572647095,68408
33.815460443496704,68408
33.81630897521973,68408
33.817163705825806,68408
33.81801700592041,68408
33.81886959075928,68408
33.81972122192383,68408
33.820571184158325,68408
33.821423292160034,68408
33.822277545928955,68408
33.82313656806946,68408
33.8240020275116,68408
33.824856758117676,68408
33.825708627700806,68408
33.826552391052246,68408
33.827407360076904,68408
33.828261613845825,68408
33.82911276817322,68408
33.829965114593506,68408
33.83081793785095,68408
33.83167314529419,68408
33.832515239715576,68408
33.83336687088013,68408
33.834235429763794,68408
33.83509278297424,68408
33.83594536781311,68408
33.83679747581482,68408
33.837653160095215,68408
33.83849811553955,68408
33.839346408843994,68408
33.840200424194336,68408
33.84105324745178,68408
33.84190893173218,68408
33.84276080131531,68408
33.8436233997345,68408
33.84446954727173,68408
33.84532141685486,68408
33.84617304801941,68408
33.84702754020691,68408
33.84788250923157,68408
33.84873557090759,68408
33.84958505630493,68408
33.850433349609375,68408
33.85128474235535,68408
33.85213923454285,68408
33.85299372673035,68408
33.85385012626648,68408
33.85470414161682,68408
33.855553150177,68408
33.856407165527344,68408
33.857258319854736,68408
33.85811114311218,68408
33.85896396636963,68408
33.85981273651123,68408
33.860663652420044,68408
33.86151075363159,68408
33.8623628616333,68408
33.86321759223938,68408
33.8640820980072,68408
33.86493158340454,68408
33.865782737731934,68408
33.866631269454956,68408
33.86747622489929,68408
33.86832809448242,68408
33.869181871414185,68408
33.870033979415894,68408
33.87088894844055,68408
33.8717405796051,68408
33.872594356536865,68408
33.87344193458557,68408
33.87430191040039,68408
33.87515711784363,68408
33.876014709472656,68408
33.87687134742737,68408
33.87772560119629,68408
33.87857627868652,68408
33.87942624092102,68408
33.88028001785278,68408
33.88112998008728,68408
33.88198161125183,68408
33.88283824920654,68408
33.88369917869568,68408
33.884544372558594,68408
33.885395765304565,68408
33.886247396469116,68408
33.88710165023804,68408
33.887959480285645,68408
33.888808250427246,68408
33.8896644115448,68408
33.89051127433777,68408
33.89136576652527,68408
33.892216205596924,68408
33.89306926727295,68408
33.893932580947876,68408
33.89478254318237,68408
33.89563322067261,68408
33.896480083465576,68408
33.8973331451416,68408
33.898184299468994,68408
33.89903903007507,68408
33.899893283843994,68408
33.900742530822754,68408
33.90159320831299,68408
33.90243935585022,68408
33.903290033340454,68408
33.9041543006897,68408
33.905009746551514,68408
33.905860900878906,68408
33.90671753883362,68408
33.907569885253906,68408
33.90841484069824,68408
33.90926432609558,68408
33.91012167930603,68408
33.910972356796265,68408
33.911824464797974,68408
33.91267418861389,68408
33.91351842880249,68408
33.91438055038452,68408
33.91523742675781,68408
33.91609334945679,68408
33.91694951057434,68408
33.91780066490173,68408
33.91865539550781,68408
33.919501543045044,68408
33.92035150527954,68408
33.92120552062988,68408
33.92205786705017,68408
33.92291212081909,68408
33.92377591133118,68408
33.92462968826294,68408
33.925475120544434,68408
33.9263231754303,68408
33.927178621292114,68408
33.92803359031677,68408
33.92888951301575,68408
33.92974090576172,68408
33.930593967437744,68408
33.93143939971924,68408
33.93229055404663,68408
33.93314337730408,68408
33.93401288986206,68408
33.934863567352295,68408
33.935711145401,68408
33.936556339263916,68408
33.93740701675415,68408
33.938257932662964,68408
33.939111948013306,68408
33.93996739387512,68408
33.94081950187683,68408
33.94167232513428,68408
33.942522287368774,68408
33.94337320327759,68408
33.94424319267273,68408
33.945101499557495,68408
33.94595527648926,68408
33.94680619239807,68408
33.947662353515625,68408
33.94850945472717,68408
33.949360609054565,68408
33.950215101242065,68408
33.951072454452515,68408
33.95192623138428,68408
33.95277667045593,68408
33.9536395072937,68408
33.95448684692383,68408
33.955339431762695,68408
33.956191062927246,68408
33.95704507827759,68408
33.9579017162323,68408
33.95875310897827,68408
33.95960474014282,68408
33.960444688797,68408
33.96129870414734,68408
33.9621479511261,68408
33.96299719810486,68408
33.96385669708252,68408
33.96470832824707,68408
33.96555209159851,68408
33.96640229225159,68408
33.967254638671875,68408
33.96811127662659,68408
33.968961238861084,68408
33.969810009002686,68408
33.97066617012024,68408
33.971513986587524,68408
33.97236132621765,68408
33.973214626312256,68408
33.97407817840576,68408
33.97493267059326,68408
33.97578144073486,68408
33.97663497924805,68408
33.97748041152954,68408
33.978333950042725,68408
33.97918510437012,68408
33.98003935813904,68408
33.98089241981506,68408
33.98174595832825,68408
33.98259878158569,68408
33.98344588279724,68408
33.9843053817749,68408
33.985158920288086,68408
33.9860143661499,68408
33.98686718940735,68408
33.98771619796753,68408
33.98856449127197,68408
33.989410161972046,68408
33.990270376205444,68408
33.99112319946289,68408
33.99197554588318,68408
33.99282646179199,68408
33.993688106536865,68408
33.99453377723694,68408
33.995389223098755,68408
33.99624466896057,68408
33.997097969055176,68408
33.99795436859131,68408
33.99880790710449,68408
33.99965715408325,68408
34.00050234794617,68408
34.0013530254364,68408
34.002209424972534,68408
34.00305938720703,68408
34.00392436981201,68408
34.004777908325195,68408
34.00563430786133,68408
34.00647568702698,68408
34.00733208656311,68408
34.00818681716919,68408
34.009042739868164,68408
34.009894371032715,68408
34.010743379592896,68408
34.01159620285034,68408
34.01244330406189,68408
34.01329255104065,68408
34.01415753364563,68408
34.01500988006592,68408
34.01586318016052,68408
34.016714572906494,68408
34.01756286621094,68408
34.018409729003906,68408
34.01926398277283,68408
34.020116090774536,68408
34.0209698677063,68408
34.02181935310364,68408
34.02267408370972,68408
34.023518085479736,68408
34.02437877655029,68408
34.02522850036621,68408
34.026082277297974,68408
34.02693319320679,68408
34.027785301208496,68408
34.02863550186157,68408
34.029481172561646,68408
34.030332803726196,68408
34.03118443489075,68408
34.032037019729614,68408
34.03289175033569,68408
34.03375458717346,68408
34.03460741043091,68408
34.03545093536377,68408
34.03630518913269,68408
34.03715658187866,68408
34.038012981414795,68408
34.03886270523071,68408
34.03971481323242,68408
34.04056477546692,68408
34.041409492492676,68408
34.04226231575012,68408
34.043115854263306,68408
34.04398012161255,68408
34.04482841491699,68408
34.045679807662964,68408
34.04652714729309,68408
34.047375440597534,68408
34.048229455947876,68408
34.04908466339111,68408
34.04994249343872,68408
34.05079507827759,68408
34.05164456367493,68408
34.05248951911926,68408
34.05334401130676,68408
34.05420708656311,68408
34.055063247680664,68408
34.05591893196106,68408
34.05677342414856,68408
34.057626485824585,68408
34.05846977233887,68408
34.05932068824768,68408
34.06017327308655,68408
34.06102442741394,68408
34.06187582015991,68408
34.06272268295288,68408
34.06358456611633,68408
34.064435720443726,68408
34.06528997421265,68408
34.066144704818726,68408
34.06700134277344,68408
34.06785559654236,68408
34.06870746612549,68408
34.06955003738403,68408
34.07040238380432,68408
34.071258544921875,68408
34.072110652923584,68408
34.07296323776245,68408
34.073824882507324,68408
34.07467770576477,68408
34.07552242279053,68408
34.07637166976929,68408
34.07722854614258,68408
34.07808017730713,68408
34.07893347740173,68408
34.0797815322876,68408
34.08063983917236,68408
34.08148694038391,68408
34.08234262466431,68408
34.08319568634033,68408
34.084064960479736,68408
34.08491802215576,68408
34.085769176483154,68408
34.086620807647705,68408
34.0874662399292,68408
34.08831787109375,68408
34.08916997909546,68408
34.09002184867859,68408
34.09087371826172,68408
34.09172534942627,68408
34.09257435798645,68408
34.093416929244995,68408
34.09427833557129,68408
34.09513068199158,68408
34.09598922729492,68408
34.09683847427368,68408
34.097692012786865,68408
34.09853720664978,68408
34.099387645721436,68408
34.100239276885986,68408
34.10109329223633,68408
34.10194420814514,68408
34.10279679298401,68408
34.10365629196167,68408
34.10450315475464,68408
34.105353355407715,68408
34.10620594024658,68408
34.10706043243408,68408
34.107914447784424,68408
34.10876441001892,68408
34.10961437225342,68408
34.11046051979065,68408
34.11131238937378,68408
34.11216902732849,68408
34.1130211353302,68408
34.113884925842285,68408
34.11473989486694,68408
34.11559057235718,68408
34.116434812545776,68408
34.11728501319885,68408
34.118144273757935,68408
34.11899518966675,68408
34.119845390319824,68408
34.120697259902954,68408
34.12154483795166,68408
34.122395753860474,68408
34.1232476234436,68408
34.12411093711853,68408
34.12496757507324,68408
34.12581419944763,68408
34.1266655921936,68408
34.1275098323822,68408
34.128363847732544,68408
34.12921667098999,68408
34.130072593688965,68408
34.13092613220215,68408
34.13178062438965,68408
34.13263654708862,68408
34.13348627090454,68408
34.134347438812256,68408
34.135199785232544,68408
34.136054277420044,68408
34.13690662384033,68408
34.13775634765625,68408
34.138609409332275,68408
34.139453411102295,68408
34.140302896499634,68408
34.141154289245605,68408
34.14200758934021,68408
34.14286017417908,68408
34.14372205734253,68408
34.144572496414185,68408
34.145421504974365,68408
34.14627408981323,68408
34.14712572097778,68408
34.14797782897949,68408
34.14882802963257,68408
34.14968013763428,68408
34.15052819252014,68408
34.15137815475464,68408
34.152230978012085,68408
34.15308380126953,68408
34.15394973754883,68408
34.15480184555054,68408
34.15565848350525,68408
34.156506061553955,68408
34.157357931137085,68408
34.15820860862732,68408
34.15906381607056,68408
34.15991497039795,68408
34.16076683998108,68408
34.16162300109863,68408
34.16247010231018,68408
34.163320541381836,68408
34.16418790817261,68408
34.16504240036011,68408
34.165897607803345,68408
34.166749477386475,68408
34.167601346969604,68408
34.16844439506531,68408
34.16929745674133,68408
34.170151472091675,68408
34.17100405693054,68408
34.17185568809509,68408
34.17270755767822,68408
34.17355442047119,68408
34.174412965774536,68408
34.175262689590454,68408
34.176114559173584,68408
34.176969051361084,68408
34.1778244972229,68408
34.17867422103882,68408
34.179521799087524,68408
34.180373430252075,68408
34.18122911453247,68408
34.182082176208496,68408
34.18293595314026,68408
34.183799028396606,68408
34.184654712677,68408
34.185500383377075,68408
34.18635320663452,68408
34.1872022151947,68408
34.18805480003357,68408
34.188907861709595,68408
34.18976306915283,68408
34.19062042236328,68408
34.19147086143494,68408
34.19232201576233,68408
34.193174839019775,68408
34.19403839111328,68408
34.194894552230835,68408
34.19574809074402,68408
34.19660401344299,68408
34.197449684143066,68408
34.19830298423767,68408
34.19915747642517,68408
34.200013160705566,68408
34.200865030288696,68408
34.201714754104614,68408
34.20256733894348,68408
34.20341396331787,68408
34.204272508621216,68408
34.20512652397156,68408
34.20597767829895,68408
34.20683145523071,68408
34.20768404006958,68408
34.20853042602539,68408
34.20938467979431,68408
34.21023917198181,68408
34.211092948913574,68408
34.21194529533386,68408
34.2127947807312,68408
34.21365714073181,68408
34.214502811431885,68408
34.215351819992065,68408
34.21620297431946,68408
34.217057943344116,68408
34.21791100502014,68408
34.218761920928955,68408
34.21961545944214,68408
34.22046375274658,68408
34.22131538391113,68408
34.22216844558716,68408
34.22302269935608,68408
34.223886013031006,68408
34.224738121032715,68408
34.22558832168579,68408
34.226436138153076,68408
34.22728776931763,68408
34.228142738342285,68408
34.22899556159973,68408
34.2298469543457,68408
34.23070240020752,68408
34.2315468788147,68408
34.232399225234985,68408
34.23325228691101,68408
34.234119176864624,68408
34.23497176170349,68408
34.23582172393799,68408
34.23667311668396,68408
34.237518548965454,68408
34.23837208747864,68408
34.239227056503296,68408
34.24008083343506,68408
34.24093794822693,68408
34.24179291725159,68408
34.24264740943909,68408
34.243491411209106,68408
34.24435091018677,68408
34.24520659446716,68408
34.24606442451477,68408
34.24691367149353,68408
34.24776554107666,68408
34.2486207485199,68408
34.24946618080139,68408
34.250319480895996,68408
34.25117206573486,68408
34.25202441215515,68408
34.25288105010986,68408
34.25373840332031,68408
34.25459337234497,68408
34.25543975830078,68408
34.25628876686096,68408
34.257142543792725,68408
34.25799798965454,68408
34.25884532928467,68408
34.25969839096069,68408
34.26054310798645,68408
34.26140069961548,68408
34.26225280761719,68408
34.26310634613037,68408
34.26396918296814,68408
34.264822006225586,68408
34.26567077636719,68408
34.266517639160156,68408
34.26736879348755,68408
34.26822209358215,68408
34.26907444000244,68408
34.269927740097046,68408
34.270777463912964,68408
34.2716338634491,68408
34.27247738838196,68408
34.27333068847656,68408
34.274192094802856,68408
34.2750506401062,68408
34.27590584754944,68408
34.276758909225464,68408
34.277615785598755,68408
34.2784628868103,68408
34.27931332588196,68408
34.28016757965088,68408
34.281020164489746,68408
34.2818717956543,68408
34.2827205657959,68408
34.283576011657715,68408
34.28442621231079,68408
34.28528141975403,68408
34.28613471984863,68408
34.28698945045471,68408
34.28783965110779,68408
34.288695335388184,68408
34.289541482925415,68408
34.290393352508545,68408
34.29124665260315,68408
34.29210162162781,68408
34.292954444885254,68408
34.29381775856018,68408
34.294668674468994,68408
34.29551315307617,68408
34.29636216163635,68408
34.2972137928009,68408
34.29806613922119,68408
34.29892039299011,68408
34.29976797103882,68408
34.3006227016449,68408
34.3014657497406,68408
34.30231738090515,68408
34.303173303604126,68408
34.304035663604736,68408
34.30488920211792,68408
34.30574321746826,68408
34.30659008026123,68408
34.30743384361267,68408
34.308284521102905,68408
34.309142112731934,68408
34.30999541282654,68408
34.31084609031677,68408
34.311697006225586,68408
34.3125422000885,68408
34.313393115997314,68408
34.31425619125366,68408
34.31511211395264,68408
34.31596922874451,68408
34.31681847572327,68408
34.317667961120605,68408
34.3185133934021,68408
34.31936573982239,68408
34.320218324661255,68408
34.32107090950012,68408
34.32192397117615,68408
34.32277870178223,68408
34.32364344596863,68408
34.32449007034302,68408
34.325345039367676,68408
34.3261992931366,68408
34.32705330848694,68408
34.327906131744385,68408
34.32875466346741,68408
34.3296103477478,68408
34.33045315742493,68408
34.33130168914795,68408
34.332154989242554,68408
34.33301138877869,68408
34.33387017250061,68408
34.33472204208374,68408
34.33557319641113,68408
34.33642244338989,68408
34.3372745513916,68408
34.338125467300415,68408
34.338977098464966,68408
34.33983302116394,68408
34.34068441390991,68408
34.341532945632935,68408
34.342385053634644,68408
34.34324288368225,68408
34.34410738945007,68408
34.34496259689331,68408
34.34581208229065,68408
34.346660137176514,68408
34.34750437736511,68408
34.34835481643677,68408
34.34920692443848,68408
34.350058794021606,68408
34.35091185569763,68408
34.35176157951355,68408
34.35261106491089,68408
34.35346007347107,68408
34.354321002960205,68408
34.35517501831055,68408
34.356029748916626,68408
34.35688281059265,68408
34.357738971710205,68408
34.35858988761902,68408
34.35943675041199,68408
34.36029291152954,68408
34.36114525794983,68408
34.36199998855591,68408
34.36285090446472,68408
34.36371374130249,68408
34.36456489562988,68408
34.36540937423706,68408
34.36625957489014,68408
34.36711549758911,68408
34.36797022819519,68408
34.36881971359253,68408
34.369669675827026,68408
34.370516300201416,68408
34.37136483192444,68408
34.37221837043762,68408
34.37307071685791,68408
34.37393760681152,68408
34.374789237976074,68408
34.37563896179199,68408
34.37648034095764,68408
34.37732934951782,68408
34.37818431854248,68408
34.37903571128845,68408
34.379887104034424,68408
34.380738258361816,68408
34.38158369064331,68408
34.38243126869202,68408
34.38328003883362,68408
34.38414454460144,68408
34.38499593734741,68408
34.38584542274475,68408
34.38669967651367,68408
34.387542963027954,68408
34.388396978378296,68408
34.38925385475159,68408
34.39010739326477,68408
34.390963554382324,68408
34.39181303977966,68408
34.39266657829285,68408
34.39351034164429,68408
34.394371032714844,68408
34.39522385597229,68408
34.396082162857056,68408
34.39693474769592,68408
34.39778709411621,68408
34.39863967895508,68408
34.399484157562256,68408
34.40033411979675,68408
34.40118956565857,68408
34.402039527893066,68408
34.40289258956909,68408
34.403753995895386,68408
34.40460729598999,68408
34.40545105934143,68408
34.4063024520874,68408
34.40715575218201,68408
34.40801119804382,68408
34.40886378288269,68408
34.409717321395874,68408
34.410566091537476,68408
34.41141414642334,68408
34.412269115448,68408
34.413121938705444,68408
34.41398477554321,68408
34.41483783721924,68408
34.41568851470947,68408
34.416534423828125,68408
34.41738772392273,68408
34.41824173927307,68408
34.41909670829773,68408
34.41995048522949,68408
34.420798540115356,68408
34.421653747558594,68408
34.42249941825867,68408
34.42335057258606,68408
34.424214601516724,68408
34.42506957054138,68408
34.42592191696167,68408
34.42677068710327,68408
34.42762351036072,68408
34.42847037315369,68408
34.429322242736816,68408
34.43017506599426,68408
34.43102812767029,68408
34.431883096694946,68408
34.4327335357666,68408
34.433592081069946,68408
34.43443942070007,68408
34.43529486656189,68408
34.43614649772644,68408
34.4370002746582,68408
34.43784856796265,68408
34.43869876861572,68408
34.43954253196716,68408
34.44039344787598,68408
34.441246032714844,68408
34.44209885597229,68408
34.442950963974,68408
34.44381284713745,68408
34.44466495513916,68408
34.44551372528076,68408
34.44636368751526,68408
34.447216272354126,68408
34.44806623458862,68408
34.44892072677612,68408
34.44977164268494,68408
34.45062303543091,68408
34.45146727561951,68408
34.45231795310974,68408
34.453168630599976,68408
34.45403027534485,68408
34.45488095283508,68408
34.455732345581055,68408
34.45658254623413,68408
34.45742869377136,68408
34.458282232284546,68408
34.45913767814636,68408
34.459989070892334,68408
34.46083974838257,68408
34.46169185638428,68408
34.46253943443298,68408
34.46339130401611,68408
34.4642550945282,68408
34.46511149406433,68408
34.46596837043762,68408
34.46681880950928,68408
34.46766972541809,68408
34.46851706504822,68408
34.46936750411987,68408
34.470219135284424,68408
34.47107481956482,68408
34.471928358078,68408
34.472782373428345,68408
34.47364282608032,68408
34.47449088096619,68408
34.47534418106079,68408
34.476197481155396,68408
34.477051734924316,68408
34.47790598869324,68408
34.478755950927734,68408
34.47961139678955,68408
34.480456590652466,68408
34.48130226135254,68408
34.48215699195862,68408
34.483012437820435,68408
34.48387336730957,68408
34.48472213745117,68408
34.485573291778564,68408
34.486419916152954,68408
34.48727297782898,68408
34.48812699317932,68408
34.488980531692505,68408
34.48983335494995,68408
34.49068093299866,68408
34.4915246963501,68408
34.49237370491028,68408
34.49323058128357,68408
34.49409556388855,68408
34.49495053291321,68408
34.495803356170654,68408
34.496657609939575,68408
34.49750089645386,68408
34.498350381851196,68408
34.49920344352722,68408
34.50005888938904,68408
34.500911474227905,68408
34.5017614364624,68408
34.50260949134827,68408
34.50345826148987,68408
34.50431704521179,68408
34.50516963005066,68408
34.50602149963379,68408
34.50687551498413,68408
34.507726192474365,68408
34.508578300476074,68408
34.50942063331604,68408
34.510274171829224,68408
34.51112723350525,68408
34.511982679367065,68408
34.51283264160156,68408
34.513696908950806,68408
34.51454138755798,68408
34.51539421081543,68408
34.516247510910034,68408
34.51710605621338,68408
34.517958879470825,68408
34.5188102722168,68408
34.51966309547424,68408
34.520503997802734,68408
34.52135491371155,68408
34.52220582962036,68408
34.523059129714966,68408
34.52392649650574,68408
34.52477836608887,68408
34.52563190460205,68408
34.526474714279175,68408
34.527328968048096,68408
34.528186321258545,68408
34.52904152870178,68408
34.52989387512207,68408
34.530746936798096,68408
34.53159499168396,68408
34.532442808151245,68408
34.5332932472229,68408
34.534157514572144,68408
34.535008907318115,68408
34.535863637924194,68408
34.536715507507324,68408
34.53756880760193,68408
34.538414478302,68408
34.53926706314087,68408
34.54012084007263,68408
34.5409734249115,68408
34.54182529449463,68408
34.542675495147705,68408
34.54352021217346,68408
34.54438519477844,68408
34.54523825645447,68408
34.54609036445618,68408
34.54694390296936,68408
34.54779529571533,68408
34.54864692687988,68408
34.54948949813843,68408
34.550336599349976,68408
34.55119276046753,68408
34.55204463005066,68408
34.552897691726685,68408
34.55376076698303,68408
34.55461621284485,68408
34.555460929870605,68408
34.5563108921051,68408
34.557162046432495,68408
34.5580153465271,68408
34.55886673927307,68408
34.55971956253052,68408
34.56057000160217,68408
34.56141805648804,68408
34.562273263931274,68408
34.563124656677246,68408
34.56398916244507,68408
34.564844608306885,68408
34.565693855285645,68408
34.566537618637085,68408
34.56738829612732,68408
34.56824278831482,68408
34.56909489631653,68408
34.56994962692261,68408
34.570804595947266,68408
34.571659326553345,68408
34.57250189781189,68408
34.57335090637207,68408
34.57421588897705,68408
34.575074195861816,68408
34.57592844963074,68408
34.576781272888184,68408
34.57763481140137,68408
34.57848405838013,68408
34.57933330535889,68408
34.58018374443054,68408
34.58103680610657,68408
34.58188986778259,68408
34.58274269104004,68408
34.58360290527344,68408
34.584452867507935,68408
34.58530616760254,68408
34.58616304397583,68408
34.58702111244202,68408
34.58787488937378,68408
34.588727951049805,68408
34.5895779132843,68408
34.59042429924011,68408
34.5912766456604,68408
34.59213304519653,68408
34.59298658370972,68408
34.59384727478027,68408
34.59470295906067,68408
34.59555435180664,68408
34.59641075134277,68408
34.59726119041443,68408
34.598116397857666,68408
34.59897232055664,68408
34.59982442855835,68408
34.600674867630005,68408
34.6015202999115,68408
34.60237264633179,68408
34.60322427749634,68408
34.60408902168274,68408
34.604944944381714,68408
34.60580110549927,68408
34.60665774345398,68408
34.607505321502686,68408
34.60836601257324,68408
34.60922455787659,68408
34.61007595062256,68408
34.61092925071716,68408
34.61178016662598,68408
34.612630128860474,68408
34.61347246170044,68408
34.614330768585205,68408
34.61518216133118,68408
34.616039752960205,68408
34.61689209938049,68408
34.61774277687073,68408
34.618589878082275,68408
34.6194384098053,68408
34.62029051780701,68408
34.62114596366882,68408
34.62199926376343,68408
34.62285232543945,68408
34.6237108707428,68408
34.62455654144287,68408
34.625408411026,68408
34.62626361846924,68408
34.627116441726685,68408
34.62797021865845,68408
34.628819942474365,68408
34.62967252731323,68408
34.63051915168762,68408
34.63136863708496,68408
34.632221698760986,68408
34.63307857513428,68408
34.633947134017944,68408
34.63479804992676,68408
34.635650873184204,68408
34.6364963054657,68408
34.63734483718872,68408
34.63819766044617,68408
34.639055490493774,68408
34.639912843704224,68408
34.6407630443573,68408
34.64161729812622,68408
34.64245939254761,68408
34.64331126213074,68408
34.6441764831543,68408
34.64503288269043,68408
34.64588451385498,68408
34.646738052368164,68408
34.647592067718506,68408
34.648436307907104,68408
34.6492919921875,68408
34.650146484375,68408
34.65099859237671,68408
34.65185070037842,68408
34.65270185470581,68408
34.65354657173157,68408
34.65440487861633,68408
34.655256509780884,68408
34.65610885620117,68408
34.65696310997009,68408
34.65781307220459,68408
34.65866565704346,68408
34.65951228141785,68408
34.66036510467529,68408
34.661221504211426,68408
34.66207575798035,68408
34.66292929649353,68408
34.663790225982666,68408
34.664642572402954,68408
34.66548824310303,68408
34.666337728500366,68408
34.66719579696655,68408
34.66804909706116,68408
34.66890239715576,68408
34.669753551483154,68408
34.670610427856445,68408
34.67145919799805,68408
34.67231011390686,68408
34.67316246032715,68408
34.67402744293213,68408
34.67488145828247,68408
34.67573308944702,68408
34.6765832901001,68408
34.67742943763733,68408
34.678284645080566,68408
34.67914056777954,68408
34.67999315261841,68408
34.68084645271301,68408
34.68169856071472,68408
34.682544469833374,68408
34.6833918094635,68408
34.68425750732422,68408
34.68511438369751,68408
34.68596696853638,68408
34.68681716918945,68408
34.68767309188843,68408
34.68851566314697,68408
34.68936562538147,68408
34.69021773338318,68408
34.691070318222046,68408
34.6919207572937,68408
34.692771196365356,68408
34.693634033203125,68408
34.694477796554565,68408
34.69532823562622,68408
34.69618105888367,68408
34.69703507423401,68408
34.697887659072876,68408
34.69874048233032,68408
34.69959282875061,68408
34.700438499450684,68408
34.70129370689392,68408
34.70214533805847,68408
34.70300340652466,68408
34.703863859176636,68408
34.70472002029419,68408
34.70556998252869,68408
34.706419467926025,68408
34.70727229118347,68408
34.70812964439392,68408
34.70898151397705,68408
34.70983266830444,68408
34.71068334579468,68408
34.711533546447754,68408
34.71238565444946,68408
34.7132363319397,68408
34.714099645614624,68408
34.71495723724365,68408
34.71580696105957,68408
34.716662645339966,68408
34.717503786087036,68408
34.71835660934448,68408
34.71920967102051,68408
34.72006320953369,68408
34.72091603279114,68408
34.72176694869995,68408
34.72262740135193,68408
34.72347092628479,68408
34.72433376312256,68408
34.72518968582153,68408
34.726043462753296,68408
34.72689747810364,68408
34.7277512550354,68408
34.72861051559448,68408
34.729456186294556,68408
34.73030924797058,68408
34.731162786483765,68408
34.73201847076416,68408
34.73287034034729,68408
34.73373103141785,68408
34.73458290100098,68408
34.73543167114258,68408
34.73628234863281,68408
34.73713684082031,68408
34.737990379333496,68408
34.73884391784668,68408
34.739694595336914,68408
34.74054002761841,68408
34.74139046669006,68408
34.742244243621826,68408
34.74309754371643,68408
34.743961811065674,68408
34.744813203811646,68408
34.74566578865051,68408
34.746511459350586,68408
34.74736285209656,68408
34.74821662902832,68408
34.74907422065735,68408
34.74992871284485,68408
34.75078225135803,68408
34.75163412094116,68408
34.75248432159424,68408
34.75333523750305,68408
34.754202365875244,68408
34.75505781173706,68408
34.75591325759888,68408
34.75676250457764,68408
34.757615089416504,68408
34.75845718383789,68408
34.759312868118286,68408
34.76016426086426,68408
34.76101803779602,68408
34.76186966896057,68408
34.76272225379944,68408
34.763580560684204,68408
34.76443290710449,68408
34.76528358459473,68408
34.7661395072937,68408
34.76699256896973,68408
34.7678439617157,68408
34.76869463920593,68408
34.76954126358032,68408
34.77039361000061,68408
34.77124810218811,68408
34.77210068702698,68408
34.77295732498169,68408
34.77381682395935,68408
34.77467226982117,68408
34.775516748428345,68408
34.776368618011475,68408
34.777222633361816,68408
34.778077363967896,68408
34.778929471969604,68408
34.77978324890137,68408
34.78063607215881,68408
34.781484603881836,68408
34.7823371887207,68408
34.783194065093994,68408
34.784058570861816,68408
34.784913301467896,68408
34.785765647888184,68408
34.78662037849426,68408
34.787468671798706,68408
34.78832030296326,68408
34.78917384147644,68408
34.79002928733826,68408
34.79088234901428,68408
34.791738510131836,68408
34.792590379714966,68408
34.79344177246094,68408
34.79429888725281,68408
34.79515552520752,68408
34.79600739479065,68408
34.796860218048096,68408
34.79770851135254,68408
34.79855537414551,68408
34.799405574798584,68408
34.80026030540466,68408
34.801114559173584,68408
34.801969051361084,68408
34.80282402038574,68408
34.80368971824646,68408
34.80453300476074,68408
34.80538582801819,68408
34.8062379360199,68408
34.807093143463135,68408
34.80794644355774,68408
34.808799743652344,68408
34.80965280532837,68408
34.81049871444702,68408
34.81134653091431,68408
34.812201261520386,68408
34.81305742263794,68408
34.81392168998718,68408
34.814775228500366,68408
34.815630197525024,68408
34.816476345062256,68408
34.81732964515686,68408
34.81818342208862,68408
34.81903886795044,68408
34.8198926448822,68408
34.82074570655823,68408
34.8215970993042,68408
34.82244324684143,68408
34.82329177856445,68408
34.82415461540222,68408
34.825005769729614,68408
34.825857400894165,68408
34.82670855522156,68408
34.82755494117737,68408
34.82840609550476,68408
34.82925772666931,68408
34.83011245727539,68408
34.83096957206726,68408
34.83182144165039,68408
34.832674980163574,68408
34.83352208137512,68408
34.834386587142944,68408
34.83523678779602,68408
34.83609175682068,68408
34.836944341659546,68408
34.83779859542847,68408
34.83864951133728,68408
34.83949375152588,68408
34.840343952178955,68408
34.84120202064514,68408
34.842055797576904,68408
34.842907428741455,68408
34.84376907348633,68408
34.844621419906616,68408
34.84546422958374,68408
34.84631276130676,68408
34.847166776657104,68408
34.848021507263184,68408
34.84887433052063,68408
34.84972858428955,68408
34.85058069229126,68408
34.85143041610718,68408
34.85228180885315,68408
34.85313677787781,68408
34.85400128364563,68408
34.854856967926025,68408
34.85570693016052,68408
34.856552600860596,68408
34.8574059009552,68408
34.85825729370117,68408
34.85911202430725,68408
34.859967947006226,68408
34.8608193397522,68408
34.8616738319397,68408
34.86252021789551,68408
34.86337161064148,68408
34.86423850059509,68408
34.86509656906128,68408
34.865946769714355,68408
34.86679816246033,68408
34.867650747299194,68408
34.86849761009216,68408
34.86934566497803,68408
34.87019944190979,68408
34.87105464935303,68408
34.871912240982056,68408
34.87276244163513,68408
34.873626470565796,68408
34.87447547912598,68408
34.87532901763916,68408
34.876185178756714,68408
34.87704062461853,68408
34.877896785736084,68408
34.87874889373779,68408
34.879603147506714,68408
34.8804497718811,68408
34.881300926208496,68408
34.88215517997742,68408
34.88300895690918,68408
34.88387155532837,68408
34.884724855422974,68408
34.885581254959106,68408
34.886427879333496,68408
34.88728046417236,68408
34.88813781738281,68408
34.88899087905884,68408
34.88984274864197,68408
34.890692710876465,68408
34.8915376663208,68408
34.892393589019775,68408
34.89324641227722,68408
34.8941125869751,68408
34.894967794418335,68408
34.89581799507141,68408
34.89667224884033,68408
34.897517681121826,68408
34.89836812019348,68408
34.89922308921814,68408
34.90007925033569,68408
34.90093755722046,68408
34.90178847312927,68408
34.90264368057251,68408
34.903488874435425,68408
34.90434718132019,68408
34.90520358085632,68408
34.90605640411377,68408
34.90690803527832,68408
34.90775942802429,68408
34.90861177444458,68408
34.90945649147034,68408
34.91030669212341,68408
34.91116118431091,68408
34.9120135307312,68408
34.91286516189575,68408
34.9137237071991,68408
34.91457676887512,68408
34.91542363166809,68408
34.91627550125122,68408
34.917128801345825,68408
34.91798400878906,68408
34.91883635520935,68408
34.91969013214111,68408
34.92053413391113,68408
34.921385049819946,68408
34.92223620414734,68408
34.92308855056763,68408
34.92394995689392,68408
34.92480111122131,68408
34.92565202713013,68408
34.926501989364624,68408
34.92735290527344,68408
34.92820954322815,68408
34.92906355857849,68408
34.92991876602173,68408
34.930766582489014,68408
34.931617975234985,68408
34.93246340751648,68408
34.93331217765808,68408
34.93417453765869,68408
34.93502950668335,68408
34.935882568359375,68408
34.93673658370972,68408
34.93758988380432,68408
34.93843698501587,68408
34.93928909301758,68408
34.940144062042236,68408
34.94099736213684,68408
34.94184851646423,68408
34.94269847869873,68408
34.943546772003174,68408
34.9444055557251,68408
34.94525933265686,68408
34.94611167907715,68408
34.946967124938965,68408
34.947819232940674,68408
34.94867277145386,68408
34.94952058792114,68408
34.950374126434326,68408
34.95122814178467,68408
34.95207858085632,68408
34.9529333114624,68408
34.95379614830017,68408
34.95464873313904,68408
34.955498933792114,68408
34.95634984970093,68408
34.95720863342285,68408
34.95806002616882,68408
34.95891213417053,68408
34.959763288497925,68408
34.96061849594116,68408
34.9614622592926,68408
34.962313413619995,68408
34.96316742897034,68408
34.96403169631958,68408
34.96488070487976,68408
34.965731620788574,68408
34.96658182144165,68408
34.9674277305603,68408
34.968281745910645,68408
34.969138383865356,68408
34.96999168395996,68408
34.97084450721741,68408
34.97170901298523,68408
34.97256302833557,68408
34.97341060638428,68408
34.97427701950073,68408
34.975131034851074,68408
34.975985527038574,68408
34.97683763504028,68408
34.97769355773926,68408
34.97854137420654,68408
34.9793918132782,68408
34.9802451133728,68408
34.981101512908936,68408
34.98195290565491,68408
34.98280668258667,68408
34.98367094993591,68408
34.98451805114746,68408
34.9853789806366,68408
34.98623037338257,68408
34.98708462715149,68408
34.98794102668762,68408
34.98879289627075,68408
34.98964762687683,68408
34.99049353599548,68408
34.991347312927246,68408
34.99219751358032,68408
34.99305272102356,68408
34.9939169883728,68408
34.99477005004883,68408
34.99562454223633,68408
34.99647092819214,68408
34.997331857681274,68408
34.99818778038025,68408
34.99903869628906,68408
34.99989366531372,68408
35.00074362754822,68408
35.00159668922424,68408
35.002442836761475,68408
35.003294467926025,68408
35.00415563583374,68408
35.00500988960266,68408
35.005859375,68408
35.006709575653076,68408
35.00755548477173,68408
35.00840997695923,68408
35.009260177612305,68408
35.01011514663696,68408
35.01096773147583,68408
35.01182150840759,68408
35.012672424316406,68408
35.01351714134216,68408
35.014381408691406,68408
35.015236616134644,68408
35.0160870552063,68408
35.0169415473938,68408
35.017789363861084,68408
35.018641233444214,68408
35.01948571205139,68408
35.02033734321594,68408
35.02119255065918,68408
35.02206230163574,68408
35.02291488647461,68408
35.02377462387085,68408
35.02462649345398,68408
35.02547097206116,68408
35.02631974220276,68408
35.027172327041626,68408
35.02802610397339,68408
35.02888560295105,68408
35.02973508834839,68408
35.030585527420044,68408
35.031434535980225,68408
35.03228831291199,68408
35.03314208984375,68408
35.03401446342468,68408
35.03486967086792,68408
35.03572487831116,68408
35.03657627105713,68408
35.03742456436157,68408
35.038278102874756,68408
35.039132833480835,68408
35.03998637199402,68408
35.04083585739136,68408
35.04168915748596,68408
35.04253959655762,68408
35.04339289665222,68408
35.04425573348999,68408
35.04510760307312,68408
35.045960903167725,68408
35.04680919647217,68408
35.04765820503235,68408
35.048502683639526,68408
35.04935693740845,68408
35.050209760665894,68408
35.05106210708618,68408
35.051913022994995,68408
35.05276870727539,68408
35.053630113601685,68408
35.0544753074646,68408
35.055325746536255,68408
35.056177854537964,68408
35.05703043937683,68408
35.05788588523865,68408
35.0587363243103,68408
35.05958938598633,68408
35.06043791770935,68408
35.061288595199585,68408
35.06213998794556,68408
35.06299543380737,68408
35.06385660171509,68408
35.064708948135376,68408
35.06555104255676,68408
35.066404819488525,68408
35.06725764274597,68408
35.06811046600342,68408
35.06896376609802,68408
35.0698184967041,68408
35.0706672668457,68408
35.07150983810425,68408
35.072359800338745,68408
35.073216676712036,68408
35.074079275131226,68408
35.074931383132935,68408
35.07578182220459,68408
35.07663822174072,68408
35.07748365402222,68408
35.0783371925354,68408
35.07918930053711,68408
35.08004403114319,68408
35.08089351654053,68408
35.08174395561218,68408
35.082595109939575,68408
35.08344340324402,68408
35.08430051803589,68408
35.085156202316284,68408
35.08600854873657,68408
35.08686304092407,68408
35.08771562576294,68408
35.08856511116028,68408
35.089409589767456,68408
35.090264558792114,68408
35.091118812561035,68408
35.09197378158569,68408
35.09282326698303,68408
35.093688011169434,68408
35.094531536102295,68408
35.09537720680237,68408
35.096226930618286,68408
35.097081899642944,68408
35.097933530807495,68408
35.09878444671631,68408
35.09963631629944,68408
35.10048246383667,68408
35.10133099555969,68408
35.102185010910034,68408
35.10304069519043,68408
35.103904008865356,68408
35.10475516319275,68408
35.10560703277588,68408
35.10645055770874,68408
35.107300758361816,68408
35.108152627944946,68408
35.10900545120239,68408
35.10985589027405,68408
35.11070656776428,68408
35.111550092697144,68408
35.1124005317688,68408
35.113248109817505,68408
35.114115476608276,68408
35.114973306655884,68408
35.11582398414612,68408
35.116676330566406,68408
35.11752200126648,68408
35.11837434768677,68408
35.11922860145569,68408
35.120078563690186,68408
35.12093496322632,68408
35.12178635597229,68408
35.12264037132263,68408
35.12348484992981,68408
35.124348878860474,68408
35.12519955635071,68408
35.12605261802673,68408
35.12690496444702,68408
35.1277539730072,68408
35.12860035896301,68408
35.12944459915161,68408
35.13029742240906,68408
35.13114953041077,68408
35.13200283050537,68408
35.13285541534424,68408
35.13371562957764,68408
35.13456606864929,68408
35.13540840148926,68408
35.136260747909546,68408
35.13711404800415,68408
35.13797092437744,68408
35.13881993293762,68408
35.13967180252075,68408
35.14051389694214,68408
35.14136576652527,68408
35.1422176361084,68408
35.14307236671448,68408
35.14393210411072,68408
35.14478421211243,68408
35.14563703536987,68408
35.14648175239563,68408
35.1473286151886,68408
35.14818096160889,68408
35.1490318775177,68408
35.14988112449646,68408
35.150736570358276,68408
35.1515896320343,68408
35.1524338722229,68408
35.15328407287598,68408
35.15414810180664,68408
35.1550030708313,68408
35.155850887298584,68408
35.15670680999756,68408
35.157551527023315,68408
35.15840435028076,68408
35.159258127212524,68408
35.1601128578186,68408
35.160966873168945,68408
35.16182017326355,68408
35.16267371177673,68408
35.163517236709595,68408
35.16437816619873,68408
35.1652352809906,68408
35.16608762741089,68408
35.16693925857544,68408
35.16779017448425,68408
35.16864371299744,68408
35.169487953186035,68408
35.17034149169922,68408
35.17119383811951,68408
35.172049045562744,68408
35.1728994846344,68408
35.17376136779785,68408
35.174612522125244,68408
35.17545962333679,68408
35.17630934715271,68408
35.177162170410156,68408
35.17801356315613,68408
35.17886400222778,68408
35.17971420288086,68408
35.180562019348145,68408
35.18140959739685,68408
35.1822624206543,68408
35.18311667442322,68408
35.18398118019104,68408
35.18482995033264,68408
35.18568181991577,68408
35.18652534484863,68408
35.187376976013184,68408
35.188227891922,68408
35.18908166885376,68408
35.18993330001831,68408
35.190784215927124,68408
35.191638708114624,68408
35.19248580932617,68408
35.19333457946777,68408
35.19419717788696,68408
35.19504904747009,68408
35.195903062820435,68408
35.196754932403564,68408
35.19760608673096,68408
35.198450326919556,68408
35.19930410385132,68408
35.20015621185303,68408
35.20101022720337,68408
35.201860666275024,68408
35.202714681625366,68408
35.2035710811615,68408
35.20442080497742,68408
35.20527386665344,68408
35.20612812042236,68408
35.206979513168335,68408
35.207831382751465,68408
35.20867943763733,68408
35.20952248573303,68408
35.21037459373474,68408
35.21122884750366,68408
35.21208310127258,68408
35.21294188499451,68408
35.21380114555359,68408
35.21465754508972,68408
35.21550273895264,68408
35.21635389328003,68408
35.21720504760742,68408
35.21805739402771,68408
35.21891117095947,68408
35.21976447105408,68408
35.22061347961426,68408
35.221457719802856,68408
35.22230553627014,68408
35.22315979003906,68408
35.224024295806885,68408
35.22488069534302,68408
35.225730895996094,68408
35.22657799720764,68408
35.227421045303345,68408
35.228276014328,68408
35.229127407073975,68408
35.229981422424316,68408
35.23082971572876,68408
35.231682777404785,68408
35.2325279712677,68408
35.23338317871094,68408
35.23424816131592,68408
35.23510241508484,68408
35.23595666885376,68408
35.2368049621582,68408
35.23765826225281,68408
35.23850083351135,68408
35.23935151100159,68408
35.240206480026245,68408
35.241060733795166,68408
35.241915225982666,68408
35.24276781082153,68408
35.243632555007935,68408
35.24447989463806,68408
35.245328426361084,68408
35.24618339538574,68408
35.247034549713135,68408
35.24788808822632,68408
35.24873876571655,68408
35.24958634376526,68408
35.250433683395386,68408
35.251282930374146,68408
35.25213432312012,68408
35.25298738479614,68408
35.25384736061096,68408
35.25469923019409,68408
35.25554418563843,68408
35.25639081001282,68408
35.25724530220032,68408
35.25809931755066,68408
35.258951902389526,68408
35.25980234146118,68408
35.26065993309021,68408
35.261502504348755,68408
35.262351512908936,68408
35.26320147514343,68408
35.264066219329834,68408
35.26492166519165,68408
35.26577019691467,68408
35.26662230491638,68408
35.26746702194214,68408
35.268316984176636,68408
35.26917362213135,68408
35.27002668380737,68408
35.270883321762085,68408
35.27173089981079,68408
35.2725784778595,68408
35.27342510223389,68408
35.27428960800171,68408
35.27514410018921,68408
35.27600026130676,68408
35.276851654052734,68408
35.2777054309845,68408
35.27854943275452,68408
35.27939987182617,68408
35.280250787734985,68408
35.28110194206238,68408
35.28195571899414,68408
35.28280854225159,68408
35.28366708755493,68408
35.284512996673584,68408
35.285367488861084,68408
35.286217212677,68408
35.2870717048645,68408
35.28792977333069,68408
35.28878045082092,68408
35.28963351249695,68408
35.290478467941284,68408
35.29133749008179,68408
35.29218554496765,68408
35.293036699295044,68408
35.29389810562134,68408
35.29475212097168,68408
35.29560470581055,68408
35.29645228385925,68408
35.297300577163696,68408
35.298155069351196,68408
35.299004316329956,68408
35.299856185913086,68408
35.30070996284485,68408
35.30156230926514,68408
35.302409172058105,68408
35.303263664245605,68408
35.30411744117737,68408
35.30498170852661,68408
35.30583333969116,68408
35.30668663978577,68408
35.307528257369995,68408
35.308380126953125,68408
35.30923008918762,68408
35.3100860118866,68408
35.31094026565552,68408
35.31179404258728,68408
35.31264400482178,68408
35.313488721847534,68408
35.31434917449951,68408
35.31520462036133,68408
35.316057443618774,68408
35.31691360473633,68408
35.317763805389404,68408
35.31861710548401,68408
35.31946349143982,68408
35.320313930511475,68408
35.32116723060608,68408
35.322021484375,68408
35.322872161865234,68408
35.323734998703,68408
35.32458519935608,68408
35.32542896270752,68408
35.326279401779175,68408
35.32713532447815,68408
35.32798647880554,68408
35.32883834838867,68408
35.32968854904175,68408
35.330533504486084,68408
35.33138370513916,68408
35.33223795890808,68408
35.33309054374695,68408
35.333953619003296,68408
35.33480763435364,68408
35.3356614112854,68408
35.336507081985474,68408
35.3373601436615,68408
35.338212966918945,68408
35.339069843292236,68408
35.33992314338684,68408
35.3407723903656,68408
35.34162783622742,68408
35.34247303009033,68408
35.34332275390625,68408
35.344189405441284,68408
35.345041036605835,68408
35.34589457511902,68408
35.34674692153931,68408
35.34759569168091,68408
35.34843993186951,68408
35.34929060935974,68408
35.35014247894287,68408
35.35099697113037,68408
35.351850748062134,68408
35.352704763412476,68408
35.35354995727539,68408
35.35441064834595,68408
35.3552622795105,68408
35.35611844062805,68408
35.35696840286255,68408
35.35782051086426,68408
35.3586745262146,68408
35.359519481658936,68408
35.360371828079224,68408
35.361228466033936,68408
35.362082958221436,68408
35.36293888092041,68408
35.363800048828125,68408
35.364652156829834,68408
35.36549401283264,68408
35.36634659767151,68408
35.367199420928955,68408
35.368054151535034,68408
35.368908166885376,68408
35.36975932121277,68408
35.37060856819153,68408
35.37145471572876,68408
35.37230348587036,68408
35.373157262802124,68408
35.374018907547,68408
35.37487459182739,68408
35.375725507736206,68408
35.3765766620636,68408
35.37742257118225,68408
35.378276109695435,68408
35.37912678718567,68408
35.37998342514038,68408
35.38083267211914,68408
35.3816819190979,68408
35.38252830505371,68408
35.383380651474,68408
35.38424730300903,68408
35.3850998878479,68408
35.385953187942505,68408
35.38680458068848,68408
35.387651443481445,68408
35.38849711418152,68408
35.38935041427612,68408
35.39020395278931,68408
35.391053676605225,68408
35.39190697669983,68408
35.39275646209717,68408
35.39362144470215,68408
35.39446783065796,68408
35.39531660079956,68408
35.396169900894165,68408
35.39702653884888,68408
35.397876262664795,68408
35.398728132247925,68408
35.39958047866821,68408
35.40042686462402,68408
35.40127682685852,68408
35.40213322639465,68408
35.402987480163574,68408
35.4038507938385,68408
35.404705286026,68408
35.40555286407471,68408
35.40640377998352,68408
35.40725898742676,68408
35.408108949661255,68408
35.40895676612854,68408
35.40980839729309,68408
35.4106605052948,68408
35.41150212287903,68408
35.412352561950684,68408
35.41320586204529,68408
35.41407108306885,68408
35.41492557525635,68408
35.415776014328,68408
35.41662859916687,68408
35.41747260093689,68408
35.4183235168457,68408
35.41917419433594,68408
35.42002558708191,68408
35.420876264572144,68408
35.42172980308533,68408
35.422577142715454,68408
35.423424243927,68408
35.42428922653198,68408
35.42514228820801,68408
35.42599630355835,68408
35.42684745788574,68408
35.427698850631714,68408
35.428542613983154,68408
35.4293954372406,68408
35.4302499294281,68408
35.431106090545654,68408
35.43195867538452,68408
35.43280839920044,68408
35.4336724281311,68408
35.43451952934265,68408
35.43536853790283,68408
35.436219215393066,68408
35.43707060813904,68408
35.437923431396484,68408
35.438772439956665,68408
35.439626693725586,68408
35.44046759605408,68408
35.44131922721863,68408
35.44216990470886,68408
35.44302201271057,68408
35.443881034851074,68408
35.4447340965271,68408
35.445582151412964,68408
35.446425676345825,68408
35.447277784347534,68408
35.44813346862793,68408
35.44898772239685,68408
35.44983649253845,68408
35.45068860054016,68408
35.451531648635864,68408
35.45237946510315,68408
35.45323300361633,68408
35.45410132408142,68408
35.454957485198975,68408
35.455810546875,68408
35.456665992736816,68408
35.45751690864563,68408
35.458367347717285,68408
35.45921754837036,68408
35.46007204055786,68408
35.46092438697815,68408
35.46177649497986,68408
35.462629079818726,68408
35.46347403526306,68408
35.46433639526367,68408
35.465195417404175,68408
35.46605205535889,68408
35.46690583229065,68408
35.467756271362305,68408
35.46860980987549,68408
35.46945285797119,68408
35.47030544281006,68408
35.47115707397461,68408
35.47201442718506,68408
35.472864866256714,68408
35.473726987838745,68408
35.47457981109619,68408
35.47542643547058,68408
35.47627520561218,68408
35.47712564468384,68408
35.477978467941284,68408
35.47883415222168,68408
35.47968792915344,68408
35.48053240776062,68408
35.481383323669434,68408
35.482237100601196,68408
35.48308992385864,68408
35.48395562171936,68408
35.48480725288391,68408
35.485658168792725,68408
35.48650002479553,68408
35.487354040145874,68408
35.48820376396179,68408
35.48905849456787,68408
35.48991060256958,68408
35.490763902664185,68408
35.491615533828735,68408
35.49246120452881,68408
35.49330949783325,68408
35.494176387786865,68408
35.49502897262573,68408
35.49588441848755,68408
35.49673795700073,68408
35.49758815765381,68408
35.498432636260986,68408
35.49928903579712,68408
35.500141620635986,68408
35.50099730491638,68408
35.50184440612793,68408
35.502697229385376,68408
35.50354051589966,68408
35.50440287590027,68408
35.50525665283203,68408
35.506110191345215,68408
35.5069625377655,68408
35.50781321525574,68408
35.50866365432739,68408
35.50951290130615,68408
35.51036190986633,68408
35.51121783256531,68408
35.51207113265991,68408
35.51292443275452,68408
35.513782024383545,68408
35.51463866233826,68408
35.51547980308533,68408
35.516329765319824,68408
35.517183780670166,68408
35.51803636550903,68408
35.51889204978943,68408
35.51974606513977,68408
35.52059864997864,68408
35.52144646644592,68408
35.52229619026184,68408
35.523152351379395,68408
35.52401351928711,68408
35.52486705780029,68408
35.525715589523315,68408
35.52656674385071,68408
35.527414083480835,68408
35.52826714515686,68408
35.52912163734436,68408
35.52997398376465,68408
35.530821084976196,68408
35.53167533874512,68408
35.53252196311951,68408
35.533376932144165,68408
35.53424048423767,68408
35.53509449958801,68408
35.53594994544983,68408
35.5368013381958,68408
35.53765606880188,68408
35.53850340843201,68408
35.53935360908508,68408
35.540213108062744,68408
35.54106950759888,68408
35.54192638397217,68408
35.54277443885803,68408
35.54364061355591,68408
35.54448890686035,68408
35.54534125328064,68408
35.54619526863098,68408
35.54704928398132,68408
35.547903060913086,68408
35.54875659942627,68408
35.54961085319519,68408
35.55045819282532,68408
35.55131721496582,68408
35.5521719455719,68408
35.55302906036377,68408
35.55389356613159,68408
35.55474543571472,68408
35.55560088157654,68408
35.55644679069519,68408
35.55729818344116,68408
35.55815148353577,68408
35.55900526046753,68408
35.55985736846924,68408
35.56071186065674,68408
35.5615553855896,68408
35.56240940093994,68408
35.56326127052307,68408
35.56412434577942,68408
35.564980030059814,68408
35.56583261489868,68408
35.56668543815613,68408
35.56752967834473,68408
35.56838011741638,68408
35.56923484802246,68408
35.5700843334198,68408
35.57094073295593,68408
35.57179355621338,68408
35.572646141052246,68408
35.573490381240845,68408
35.57435631752014,68408
35.57521104812622,68408
35.57606792449951,68408
35.576924562454224,68408
35.57778286933899,68408
35.57863473892212,68408
35.579479455947876,68408
35.580331563949585,68408
35.58118748664856,68408
35.58204174041748,68408
35.582895278930664,68408
35.58375597000122,68408
35.58461046218872,68408
35.58545708656311,68408
35.58630585670471,68408
35.58716297149658,68408
35.58802366256714,68408
35.58887600898743,68408
35.58972978591919,68408
35.59057831764221,68408
35.59142279624939,68408
35.59227705001831,68408
35.59312582015991,68408
35.593990325927734,68408
35.59484624862671,68408
35.59570121765137,68408
35.59654951095581,68408
35.59740114212036,68408
35.59825396537781,68408
35.59910726547241,68408
35.599963665008545,68408
35.600815773010254,68408
35.601670026779175,68408
35.602513551712036,68408
35.60336518287659,68408
35.60422968864441,68408
35.605085611343384,68408
35.605942726135254,68408
35.606794357299805,68408
35.607656955718994,68408
35.60850501060486,68408
35.60935306549072,68408
35.6102032661438,68408
35.61105442047119,68408
35.611908197402954,68408
35.61276030540466,68408
35.613625049591064,68408
35.61447310447693,68408
35.61532759666443,68408
35.61617827415466,68408
35.61703038215637,68408
35.61788296699524,68408
35.618738412857056,68408
35.61958861351013,68408
35.62043595314026,68408
35.62129020690918,68408
35.62214660644531,68408
35.62299919128418,68408
35.62386465072632,68408
35.62471675872803,68408
35.62557125091553,68408
35.62642049789429,68408
35.627275466918945,68408
35.62813210487366,68408
35.628986835479736,68408
35.62983798980713,68408
35.63068890571594,68408
35.63153123855591,68408
35.63238334655762,68408
35.63323521614075,68408
35.63409996032715,68408
35.63495421409607,68408
35.635804653167725,68408
35.63666009902954,68408
35.6375093460083,68408
35.63836050033569,68408
35.6392138004303,68408
35.640066385269165,68408
35.640918493270874,68408
35.64176893234253,68408
35.64262127876282,68408
35.64346790313721,68408
35.644328355789185,68408
35.64518189430237,68408
35.646037340164185,68408
35.64688563346863,68408
35.64773893356323,68408
35.64859342575073,68408
35.64944410324097,68408
35.650296211242676,68408
35.65114974975586,68408
35.65200161933899,68408
35.652854204177856,68408
35.653714179992676,68408
35.65456247329712,68408
35.65540671348572,68408
35.65625977516174,68408
35.65711045265198,68408
35.65796399116516,68408
35.658814668655396,68408
35.659669637680054,68408
35.66051435470581,68408
35.66136574745178,68408
35.6622211933136,68408
35.66307783126831,68408
35.66394019126892,68408
35.66479134559631,68408
35.66564583778381,68408
35.666494369506836,68408
35.66734790802002,68408
35.66819930076599,68408
35.66905879974365,68408
35.6699104309082,68408
35.670759439468384,68408
35.671613454818726,68408
35.67245960235596,68408
35.67331314086914,68408
35.67417621612549,68408
35.675028800964355,68408
35.67588233947754,68408
35.67673659324646,68408
35.67758846282959,68408
35.678431034088135,68408
35.67928075790405,68408
35.6801335811615,68408
35.680989027023315,68408
35.681838512420654,68408
35.68269348144531,68408
35.68354105949402,68408
35.68440365791321,68408
35.68525552749634,68408
35.68611121177673,68408
35.68696308135986,68408
35.687817335128784,68408
35.68866944313049,68408
35.68951630592346,68408
35.690366983413696,68408
35.691219091415405,68408
35.69207191467285,68408
35.69292211532593,68408
35.69378209114075,68408
35.6946337223053,68408
35.695478677749634,68408
35.6963324546814,68408
35.697192907333374,68408
35.698047399520874,68408
35.698901891708374,68408
35.699750661849976,68408
35.70060396194458,68408
35.70144462585449,68408
35.702295780181885,68408
35.70314812660217,68408
35.70401453971863,68408
35.70486521720886,68408
35.705716371536255,68408
35.706568002700806,68408
35.707417726516724,68408
35.708271980285645,68408
35.70912575721741,68408
35.709978342056274,68408
35.71083307266235,68408
35.7116858959198,68408
35.71253061294556,68408
35.713380575180054,68408
35.71424436569214,68408
35.71509790420532,68408
35.715949296951294,68408
35.71680188179016,68408
35.71765351295471,68408
35.71849584579468,68408
35.719348430633545,68408
35.720200300216675,68408
35.72105813026428,68408
35.72191047668457,68408
35.72276329994202,68408
35.723625898361206,68408
35.72447633743286,68408
35.72532868385315,68408
35.72618532180786,68408
35.727039098739624,68408
35.72789144515991,68408
35.72874188423157,68408
35.729594230651855,68408
35.73044395446777,68408
35.7312970161438,68408
35.73215103149414,68408
35.73300552368164,68408
35.733866691589355,68408
35.73472023010254,68408
35.735567808151245,68408
35.73641061782837,68408
35.737263917922974,68408
35.738117933273315,68408
35.738969802856445,68408
35.73982095718384,68408
35.740673780441284,68408
35.74152064323425,68408
35.74237275123596,68408
35.743229150772095,68408
35.7440972328186,68408
35.74495244026184,68408
35.74580454826355,68408
35.746657609939575,68408
35.747501373291016,68408
35.748353004455566,68408
35.74920582771301,68408
35.75005578994751,68408
35.75091075897217,68408
35.75176286697388,68408
35.75261473655701,68408
35.753461837768555,68408
35.754318952560425,68408
35.75517153739929,68408
35.756022691726685,68408
35.756874799728394,68408
35.757728099823,68408
35.758580923080444,68408
35.75942611694336,68408
35.76027846336365,68408
35.76113152503967,68408
35.76198649406433,68408
35.7628378868103,68408
35.763697385787964,68408
35.76454305648804,68408
35.76539611816406,68408
35.766247510910034,68408
35.7671000957489,68408
35.76795220375061,68408
35.76880407333374,68408
35.769657135009766,68408
35.770501136779785,68408
35.77134895324707,68408
35.77220129966736,68408
35.773054361343384,68408
35.773919105529785,68408
35.774768352508545,68408
35.775622844696045,68408
35.77646827697754,68408
35.777318477630615,68408
35.77816915512085,68408
35.77902436256409,68408
35.77987480163574,68408
35.78072690963745,68408
35.781577587127686,68408
35.78242635726929,68408
35.783278465270996,68408
35.784143924713135,68408
35.78499960899353,68408
35.78585243225098,68408
35.786704778671265,68408
35.78754782676697,68408
35.78839898109436,68408
35.78925156593323,68408
35.79010558128357,68408
35.79095959663391,68408
35.791810274124146,68408
35.79266715049744,68408
35.793508529663086,68408
35.794368505477905,68408
35.79522442817688,68408
35.79607796669006,68408
35.79693269729614,68408
35.797783851623535,68408
35.798638582229614,68408
35.79948449134827,68408
35.8003351688385,68408
35.80118918418884,68408
35.80204176902771,68408
35.802897453308105,68408
35.80375647544861,68408
35.80461025238037,68408
35.805458307266235,68408
35.80630970001221,68408
35.807164907455444,68408
35.80801844596863,68408
35.80886793136597,68408
35.809720516204834,68408
35.81057024002075,68408
35.81141710281372,68408
35.81226897239685,68408
35.81312561035156,68408
35.81399083137512,68408
35.814844846725464,68408
35.815696477890015,68408
35.816543102264404,68408
35.817394495010376,68408
35.818246364593506,68408
35.81909990310669,68408
35.81995630264282,68408
35.82080602645874,68408
35.8216598033905,68408
35.82250452041626,68408
35.82335662841797,68408
35.82422065734863,68408
35.82507514953613,68408
35.82592797279358,68408
35.82678151130676,68408
35.82763338088989,68408
35.82848048210144,68408
35.829331398010254,68408
35.83018207550049,68408
35.83103346824646,68408
35.83188557624817,68408
35.83273673057556,68408
35.833593130111694,68408
35.83443737030029,68408
35.835286140441895,68408
35.836140394210815,68408
35.83699607849121,68408
35.83784627914429,68408
35.83869552612305,68408
35.83954071998596,68408
35.84039545059204,68408
35.84124779701233,68408
35.84210181236267,68408
35.842955589294434,68408
35.84381675720215,68408
35.844667196273804,68408
35.845513343811035,68408
35.84636163711548,68408
35.847216844558716,68408
35.84807205200195,68408
35.84892559051514,68408
35.84977459907532,68408
35.85062885284424,68408
35.85147404670715,68408
35.85232329368591,68408
35.853174686431885,68408
35.85403871536255,68408
35.85489010810852,68408
35.8557448387146,68408
35.85659575462341,68408
35.857446908950806,68408
35.85829472541809,68408
35.85914659500122,68408
35.86000084877014,68408
35.86085391044617,68408
35.86170506477356,68408
35.86254906654358,68408
35.86340141296387,68408
35.86426877975464,68408
35.86511945724487,68408
35.86597466468811,68408
35.86682748794556,68408
35.86767911911011,68408
35.86852526664734,68408
35.86937761306763,68408
35.87022948265076,68408
35.87108397483826,68408
35.871933698654175,68408
35.87278413772583,68408
35.87364888191223,68408
35.874497175216675,68408
35.8753502368927,68408
35.87620711326599,68408
35.877055406570435,68408
35.8779091835022,68408
35.87875962257385,68408
35.87961530685425,68408
35.880460262298584,68408
35.881314754486084,68408
35.88217210769653,68408
35.88302540779114,68408
35.88388657569885,68408
35.88473701477051,68408
35.88558387756348,68408
35.88642764091492,68408
35.88728165626526,68408
35.88813781738281,68408
35.88898849487305,68408
35.889837980270386,68408
35.89068961143494,68408
35.89153552055359,68408
35.892388105392456,68408
35.893242597579956,68408
35.89410424232483,68408
35.894959926605225,68408
35.89580965042114,68408
35.8966600894928,68408
35.897501945495605,68408
35.898354053497314,68408
35.89920353889465,68408
35.900057554244995,68408
35.900909423828125,68408
35.90176177024841,68408
35.9026141166687,68408
35.90345907211304,68408
35.90432095527649,68408
35.905171394348145,68408
35.90602707862854,68408
35.9068808555603,68408
35.90773344039917,68408
35.908581495285034,68408
35.90942454338074,68408
35.910279989242554,68408
35.911134004592896,68408
35.91198801994324,68408
35.912837266922,68408
35.91369915008545,68408
35.914544343948364,68408
35.91539549827576,68408
35.91624879837036,68408
35.91710186004639,68408
35.91795086860657,68408
35.91880178451538,68408
35.91965627670288,68408
35.92050385475159,68408
35.92135691642761,68408
35.92221188545227,68408
35.92306327819824,68408
35.92392826080322,68408
35.92478132247925,68408
35.925633668899536,68408
35.92648267745972,68408
35.92733550071716,68408
35.92818832397461,68408
35.929046869277954,68408
35.92989778518677,68408
35.930752754211426,68408
35.931601762771606,68408
35.932448625564575,68408
35.93329739570618,68408
35.93416166305542,68408
35.93501615524292,68408
35.935872316360474,68408
35.93672299385071,68408
35.93757486343384,68408
35.93841886520386,68408
35.93927550315857,68408
35.94012761116028,68408
35.940978050231934,68408
35.941827058792114,68408
35.94268465042114,68408
35.94352698326111,68408
35.94438815116882,68408
35.94524383544922,68408
35.94609761238098,68408
35.94694972038269,68408
35.94779992103577,68408
35.948654651641846,68408
35.94949960708618,68408
35.95035243034363,68408
35.95120859146118,68408
35.9520583152771,68408
35.95291447639465,68408
35.953773975372314,68408
35.954625368118286,68408
35.95546913146973,68408
35.956321239471436,68408
35.95717167854309,68408
35.958024740219116,68408
35.95887756347656,68408
35.95973229408264,68408
35.96058177947998,68408
35.96142578125,68408
35.96227669715881,68408
35.96313190460205,68408
35.96399545669556,68408
35.964847803115845,68408
35.96569895744324,68408
35.966545820236206,68408
35.967395067214966,68408
35.96824884414673,68408
35.96910285949707,68408
35.96995782852173,68408
35.97080755233765,68408
35.97165846824646,68408
35.97250151634216,68408
35.973353147506714,68408
35.974215507507324,68408
35.97507071495056,68408
35.97592306137085,68408
35.97677683830261,68408
35.97762751579285,68408
35.9784722328186,68408
35.97932028770447,68408
35.980172872543335,68408
35.98102521896362,68408
35.98187780380249,68408
35.98272633552551,68408
35.98358726501465,68408
35.984434604644775,68408
35.98528861999512,68408
35.98614168167114,68408
35.98699617385864,68408
35.987855672836304,68408
35.988707542419434,68408
35.98955178260803,68408
35.99040389060974,68408
35.99125528335571,68408
35.99211001396179,68408
35.99296164512634,68408
35.993823289871216,68408
35.994675397872925,68408
35.9955198764801,68408
35.9963698387146,68408
35.997225284576416,68408
35.99808168411255,68408
35.998934507369995,68408
35.99978256225586,68408
36.000640630722046,68408
36.00148415565491,68408
36.002336740493774,68408
36.00318694114685,68408
36.00405168533325,68408
36.00490713119507,68408
36.00575923919678,68408
36.00660991668701,68408
36.0074577331543,68408
36.00830793380737,68408
36.00916028022766,68408
36.01001262664795,68408
36.01086759567261,68408
36.01171684265137,68408
36.01256561279297,68408
36.01341271400452,68408
36.014275312423706,68408
36.01513051986694,68408
36.01598238945007,68408
36.01683282852173,68408
36.01768636703491,68408
36.01853132247925,68408
36.01937937736511,68408
36.02022933959961,68408
36.02108144760132,68408
36.02193212509155,68408
36.0227792263031,68408
36.023638010025024,68408
36.02448296546936,68408
36.02533531188965,68408
36.02618861198425,68408
36.0270414352417,68408
36.02789568901062,68408
36.02874827384949,68408
36.02959418296814,68408
36.030437707901,68408
36.03128933906555,68408
36.03214430809021,68408
36.032997608184814,68408
36.03385639190674,68408
36.034706830978394,68408
36.03555345535278,68408
36.036404848098755,68408
36.03725528717041,68408
36.03811168670654,68408
36.038962602615356,68408
36.03981304168701,68408
36.04066467285156,68408
36.04150938987732,68408
36.04236054420471,68408
36.04321503639221,68408
36.0440788269043,68408
36.044931411743164,68408
36.0457820892334,68408
36.04663586616516,68408
36.04747939109802,68408
36.04833173751831,68408
36.0491886138916,68408
36.050041913986206,68408
36.050894260406494,68408
36.05174899101257,68408
36.05260491371155,68408
36.053449392318726,68408
36.054309368133545,68408
36.05516457557678,68408
36.05601906776428,68408
36.05687236785889,68408
36.057724714279175,68408
36.05857610702515,68408
36.05942106246948,68408
36.06027698516846,68408
36.06113004684448,68408
36.0619854927063,68408
36.06283640861511,68408
36.06369376182556,68408
36.06453776359558,68408
36.06538963317871,68408
36.066242933273315,68408
36.06709671020508,68408
36.067946910858154,68408
36.06879901885986,68408
36.06965351104736,68408
36.070499897003174,68408
36.0713529586792,68408
36.07221031188965,68408
36.07306742668152,68408
36.07393002510071,68408
36.074782848358154,68408
36.075639486312866,68408
36.07648515701294,68408
36.07733392715454,68408
36.07818579673767,68408
36.079044580459595,68408
36.07989692687988,68408
36.08074879646301,68408
36.08160138130188,68408
36.08244585990906,68408
36.083295822143555,68408
36.084160804748535,68408
36.08501625061035,68408
36.085869789123535,68408
36.08671975135803,68408
36.087565898895264,68408
36.08841395378113,68408
36.089266538619995,68408
36.090118646621704,68408
36.090970277786255,68408
36.09182047843933,68408
36.092673778533936,68408
36.09352111816406,68408
36.094380140304565,68408
36.09523391723633,68408
36.09609031677246,68408
36.0969443321228,68408
36.09780025482178,68408
36.09865188598633,68408
36.09950232505798,68408
36.100351333618164,68408
36.10120391845703,68408
36.10205411911011,68408
36.10290884971619,68408
36.10377073287964,68408
36.10462141036987,68408
36.105467081069946,68408
36.10632276535034,68408
36.107173442840576,68408
36.108030557632446,68408
36.10888481140137,68408
36.10973787307739,68408
36.11058735847473,68408
36.11143136024475,68408
36.11228346824646,68408
36.113138914108276,68408
36.114004611968994,68408
36.11485719680786,68408
36.11570858955383,68408
36.11655306816101,68408
36.11740565299988,68408
36.118255615234375,68408
36.119107723236084,68408
36.11996340751648,68408
36.1208119392395,68408
36.1216607093811,68408
36.12250852584839,68408
36.123361349105835,68408
36.124226808547974,68408
36.125083208084106,68408
36.12593984603882,68408
36.12679576873779,68408
36.127644538879395,68408
36.128493547439575,68408
36.12934231758118,68408
36.130197048187256,68408
36.13105297088623,68408
36.13190460205078,68408
36.132760524749756,68408
36.13362407684326,68408
36.13446927070618,68408
36.1353223323822,68408
36.13617277145386,68408
36.137025117874146,68408
36.13787770271301,68408
36.13872790336609,68408
36.139578104019165,68408
36.1404230594635,68408
36.14127469062805,68408
36.14212679862976,68408
36.14297890663147,68408
36.1438422203064,68408
36.14469337463379,68408
36.145538091659546,68408
36.14638829231262,68408
36.147242307662964,68408
36.14809703826904,68408
36.148951053619385,68408
36.14979934692383,68408
36.15065598487854,68408
36.151500940322876,68408
36.15235185623169,68408
36.15320682525635,68408
36.15407371520996,68408
36.154927492141724,68408
36.15577960014343,68408
36.156633138656616,68408
36.157480239868164,68408
36.15833044052124,68408
36.159180879592896,68408
36.160035371780396,68408
36.160888671875,68408
36.16173768043518,68408
36.16258692741394,68408
36.1634316444397,68408
36.16429662704468,68408
36.16515064239502,68408
36.1660041809082,68408
36.16685223579407,68408
36.16770339012146,68408
36.16854691505432,68408
36.16939926147461,68408
36.170249938964844,68408
36.17110824584961,68408
36.17196321487427,68408
36.17281365394592,68408
36.17367672920227,68408
36.174521684646606,68408
36.175373792648315,68408
36.176225900650024,68408
36.17708158493042,68408
36.177934885025024,68408
36.17878580093384,68408
36.17963743209839,68408
36.18048167228699,68408
36.18133521080017,68408
36.182188510894775,68408
36.18304109573364,68408
36.18390488624573,68408
36.18475961685181,68408
36.18561387062073,68408
36.186466693878174,68408
36.187315702438354,68408
36.1881685256958,68408
36.189021825790405,68408
36.18987512588501,68408
36.190722703933716,68408
36.19157600402832,68408
36.19242310523987,68408
36.193275451660156,68408
36.19413948059082,68408
36.194995164871216,68408
36.195844411849976,68408
36.19670057296753,68408
36.19754505157471,68408
36.198400259017944,68408
36.19925594329834,68408
36.200111865997314,68408
36.20096755027771,68408
36.201820373535156,68408
36.20267176628113,68408
36.20352101325989,68408
36.20438098907471,68408
36.205235719680786,68408
36.20609092712402,68408
36.206944704055786,68408
36.20779800415039,68408
36.20865607261658,68408
36.20950174331665,68408
36.21035289764404,68408
36.21120643615723,68408
36.212061643600464,68408
36.212913274765015,68408
36.213770151138306,68408
36.21462154388428,68408
36.21547055244446,68408
36.21632266044617,68408
36.21717643737793,68408
36.21803021430969,68408
36.21888756752014,68408
36.21973943710327,68408
36.220590353012085,68408
36.22143793106079,68408
36.222293853759766,68408
36.223145484924316,68408
36.2240092754364,68408
36.22486639022827,68408
36.225719690322876,68408
36.226566314697266,68408
36.22740983963013,68408
36.22826409339905,68408
36.22911500930786,68408
36.22996783256531,68408
36.23081946372986,68408
36.231672048568726,68408
36.23251676559448,68408
36.23336958885193,68408
36.23423528671265,68408
36.23509073257446,68408
36.235947608947754,68408
36.236801862716675,68408
36.23765730857849,68408
36.23850059509277,68408
36.23935556411743,68408
36.24021124839783,68408
36.24106287956238,68408
36.241915464401245,68408
36.24276947975159,68408
36.24363374710083,68408
36.244481325149536,68408
36.245333194732666,68408
36.24618864059448,68408
36.2470428943634,68408
36.24789500236511,68408
36.24874830245972,68408
36.249600410461426,68408
36.250447034835815,68408
36.25129795074463,68408
36.25215172767639,68408
36.253005504608154,68408
36.253868103027344,68408
36.254719972610474,68408
36.255571603775024,68408
36.25642156600952,68408
36.25727725028992,68408
36.25813317298889,68408
36.25898480415344,68408
36.25983905792236,68408
36.260693073272705,68408
36.26153779029846,68408
36.26239323616028,68408
36.26324677467346,68408
36.26411247253418,68408
36.264968156814575,68408
36.26581954956055,68408
36.266674280166626,68408
36.26751923561096,68408
36.268370151519775,68408
36.269224405288696,68408
36.27008128166199,68408
36.270936250686646,68408
36.271787881851196,68408
36.2726411819458,68408
36.2734911441803,68408
36.274351358413696,68408
36.275205850601196,68408
36.276057958602905,68408
36.27691173553467,68408
36.27776479721069,68408
36.278618574142456,68408
36.27946472167969,68408
36.28031921386719,68408
36.28117060661316,68408
36.28202533721924,68408
36.282878398895264,68408
36.28374433517456,68408
36.284595251083374,68408
36.28544282913208,68408
36.28629279136658,68408
36.28714847564697,68408
36.28800439834595,68408
36.28885555267334,68408
36.28970551490784,68408
36.29055070877075,68408
36.291401386260986,68408
36.29225420951843,68408
36.2931067943573,68408
36.29397201538086,68408
36.294822454452515,68408
36.2956748008728,68408
36.29652142524719,68408
36.297375440597534,68408
36.29823160171509,68408
36.29908752441406,68408
36.29994201660156,68408
36.30079126358032,68408
36.301642656326294,68408
36.30248951911926,68408
36.30334115028381,68408
36.304211378097534,68408
36.30506610870361,68408
36.30591893196106,68408
36.30677008628845,68408
36.30762219429016,68408
36.308470249176025,68408
36.30932283401489,68408
36.31017541885376,68408
36.3110294342041,68408
36.31187987327576,68408
36.31273317337036,68408
36.313592195510864,68408
36.314441442489624,68408
36.31529426574707,68408
36.316150426864624,68408
36.31700682640076,68408
36.31786251068115,68408
36.31871318817139,68408
36.31956720352173,68408
36.32041358947754,68408
36.32126760482788,68408
36.32212042808533,68408
36.32297706604004,68408
36.32383728027344,68408
36.32469034194946,68408
36.325536489486694,68408
36.32639122009277,68408
36.327245473861694,68408
36.328102350234985,68408
36.32895755767822,68408
36.329811334609985,68408
36.33066272735596,68408
36.33150768280029,68408
36.332355260849,68408
36.33320999145508,68408
36.334073543548584,68408
36.33492946624756,68408
36.33578085899353,68408
36.33663082122803,68408
36.337477684020996,68408
36.33833169937134,68408
36.33918523788452,68408
36.34004092216492,68408
36.34089183807373,68408
36.341747522354126,68408
36.3425989151001,68408
36.34344530105591,68408
36.34430718421936,68408
36.34516477584839,68408
36.34601831436157,68408
36.34687376022339,68408
36.34772205352783,68408
36.348572969436646,68408
36.349419355392456,68408
36.350271463394165,68408
36.351125955581665,68408
36.35197973251343,68408
36.35283160209656,68408
36.35369515419006,68408
36.354541540145874,68408
36.35539531707764,68408
36.35624837875366,68408
36.35710048675537,68408
36.35795545578003,68408
36.35880899429321,68408
36.359663009643555,68408
36.36051034927368,68408
36.36136221885681,68408
36.362218379974365,68408
36.36306977272034,68408
36.363932609558105,68408
36.364784955978394,68408
36.36564040184021,68408
36.36648511886597,68408
36.367335081100464,68408
36.368186473846436,68408
36.36903977394104,68408
36.3698935508728,68408
36.37074518203735,68408
36.37159991264343,68408
36.37244939804077,68408
36.37330150604248,68408
36.37416481971741,68408
36.37501549720764,68408
36.37586951255798,68408
36.376723766326904,68408
36.37757396697998,68408
36.37842392921448,68408
36.379278898239136,68408
36.38013744354248,68408
36.38099431991577,68408
36.38184666633606,68408
36.38269782066345,68408
36.383543491363525,68408
36.38440275192261,68408
36.38525342941284,68408
36.38610792160034,68408
36.386961936950684,68408
36.38781213760376,68408
36.38866448402405,68408
36.38951373100281,68408
36.39036226272583,68408
36.391215562820435,68408
36.3920693397522,68408
36.39292335510254,68408
36.39378213882446,68408
36.39463829994202,68408
36.395482540130615,68408
36.396334648132324,68408
36.39719200134277,68408
36.3980450630188,68408
36.39889597892761,68408
36.39975094795227,68408
36.40060544013977,68408
36.4014527797699,68408
36.402302265167236,68408
36.403156042099,68408
36.40402054786682,68408
36.40487027168274,68408
36.40572190284729,68408
36.40657091140747,68408
36.40741515159607,68408
36.40826606750488,68408
36.409122705459595,68408
36.409979581832886,68408
36.41082715988159,68408
36.41167616844177,68408
36.41252255439758,68408
36.41337752342224,68408
36.414241790771484,68408
36.41509294509888,68408
36.41594362258911,68408
36.4167959690094,68408
36.417646169662476,68408
36.4184935092926,68408
36.41934657096863,68408
36.42020130157471,68408
36.42105174064636,68408
36.42190504074097,68408
36.42275643348694,68408
36.42361760139465,68408
36.424466371536255,68408
36.42532205581665,68408
36.42617344856262,68408
36.42703175544739,68408
36.427884340286255,68408
36.42873692512512,68408
36.429587602615356,68408
36.43043613433838,68408
36.431288719177246,68408
36.43213987350464,68408
36.43299078941345,68408
36.433852434158325,68408
36.43470549583435,68408
36.435553789138794,68408
36.43640446662903,68408
36.437262296676636,68408
36.43811273574829,68408
36.43896698951721,68408
36.43981957435608,68408
36.440670013427734,68408
36.441516399383545,68408
36.44237017631531,68408
36.44322419166565,68408
36.44409108161926,68408
36.444944620132446,68408
36.44579482078552,68408
36.44664692878723,68408
36.44749689102173,68408
36.44834756851196,68408
36.44920110702515,68408
36.450056314468384,68408
36.45091009140015,68408
36.45176315307617,68408
36.45261335372925,68408
36.45345950126648,68408
36.45432233810425,68408
36.455177783966064,68408
36.456034898757935,68408
36.4568886756897,68408
36.45774435997009,68408
36.458595514297485,68408
36.45944094657898,68408
36.46029448509216,68408
36.46115040779114,68408
36.46199870109558,68408
36.46285104751587,68408
36.46371078491211,68408
36.46456289291382,68408
36.465410470962524,68408
36.46626019477844,68408
36.467114210128784,68408
36.46796989440918,68408
36.46881937980652,68408
36.46967005729675,68408
36.470516204833984,68408
36.47136998176575,68408
36.47222089767456,68408
36.47307205200195,68408
36.47393584251404,68408
36.474791288375854,68408
36.47564625740051,68408
36.476492166519165,68408
36.47733950614929,68408
36.4781928062439,68408
36.479045391082764,68408
36.47989845275879,68408
36.480748653411865,68408
36.48160195350647,68408
36.48244667053223,68408
36.4833025932312,68408
36.48416543006897,68408
36.48502278327942,68408
36.48587512969971,68408
36.48672533035278,68408
36.48757863044739,68408
36.48842716217041,68408
36.489279985427856,68408
36.490134716033936,68408
36.4909873008728,68408
36.491844177246094,68408
36.492690563201904,68408
36.493539333343506,68408
36.49440050125122,68408
36.49525690078735,68408
36.496110677719116,68408
36.49696683883667,68408
36.4978141784668,68408
36.49866843223572,68408
36.499513149261475,68408
36.500365257263184,68408
36.50122117996216,68408
36.502076625823975,68408
36.502928018569946,68408
36.503788232803345,68408
36.504638671875,68408
36.50548458099365,68408
36.50633645057678,68408
36.5071907043457,68408
36.50804591178894,68408
36.5089008808136,68408
36.509748458862305,68408
36.510600566864014,68408
36.511444330215454,68408
36.51229763031006,68408
36.51315140724182,68408
36.51401495933533,68408
36.514867544174194,68408
36.51572251319885,68408
36.5165696144104,68408
36.51741576194763,68408
36.518269300460815,68408
36.519123792648315,68408
36.51997756958008,68408
36.52082848548889,68408
36.521679401397705,68408
36.522526264190674,68408
36.52337884902954,68408
36.524243116378784,68408
36.5250985622406,68408
36.52595281600952,68408
36.52680563926697,68408
36.52765202522278,68408
36.52849793434143,68408
36.529348850250244,68408
36.530200242996216,68408
36.531054973602295,68408
36.53190636634827,68408
36.53275966644287,68408
36.53361988067627,68408
36.53446674346924,68408
36.53531885147095,68408
36.536173820495605,68408
36.537025928497314,68408
36.537880659103394,68408
36.5387327671051,68408
36.53958559036255,68408
36.54043436050415,68408
36.541285276412964,68408
36.5421416759491,68408
36.54299306869507,68408
36.54385161399841,68408
36.54470777511597,68408
36.54555344581604,68408
36.54640746116638,68408
36.547264099121094,68408
36.548117876052856,68408
36.5489706993103,68408
36.54982399940491,68408
36.5506751537323,68408
36.55151891708374,68408
36.55237030982971,68408
36.553224325180054,68408
36.55409073829651,68408
36.55494213104248,68408
36.555792808532715,68408
36.556649923324585,68408
36.55749464035034,68408
36.55834722518921,68408
36.55919909477234,68408
36.56005144119263,68408
36.56090259552002,68408
36.5617573261261,68408
36.562607288360596,68408
36.56345248222351,68408
36.56430983543396,68408
36.56516718864441,68408
36.566017866134644,68408
36.56686854362488,68408
36.56771898269653,68408
36.56857132911682,68408
36.569416999816895,68408
36.57027006149292,68408
36.57111978530884,68408
36.571972608566284,68408
36.57282018661499,68408
36.573678493499756,68408
36.57452130317688,68408
36.57537245750427,68408
36.576223850250244,68408
36.577078104019165,68408
36.57793140411377,68408
36.57878398895264,68408
36.57963299751282,68408
36.58048391342163,68408
36.58133387565613,68408
36.58218502998352,68408
36.58303689956665,68408
36.58390212059021,68408
36.584755659103394,68408
36.58560490608215,68408
36.58645009994507,68408
36.58730363845825,68408
36.5881564617157,68408
36.58901643753052,68408
36.58987021446228,68408
36.59072399139404,68408
36.591574907302856,68408
36.59242272377014,68408
36.59327578544617,68408
36.59413957595825,68408
36.594995975494385,68408
36.59584927558899,68408
36.596704959869385,68408
36.5975501537323,68408
36.598400831222534,68408
36.59925389289856,68408
36.600104331970215,68408
36.60096073150635,68408
36.60180926322937,68408
36.602662324905396,68408
36.603506326675415,68408
36.60436797142029,68408
36.60522127151489,68408
36.60607552528381,68408
36.606929302215576,68408
36.60778999328613,68408
36.60863995552063,68408
36.60948419570923,68408
36.610334634780884,68408
36.61118745803833,68408
36.6120388507843,68408
36.61289381980896,68408
36.613755226135254,68408
36.614609718322754,68408
36.6154580116272,68408
36.616307973861694,68408
36.61715793609619,68408
36.618014335632324,68408
36.61886262893677,68408
36.61971402168274,68408
36.62055706977844,68408
36.62140989303589,68408
36.62225890159607,68408
36.62311029434204,68408
36.62397336959839,68408
36.62483096122742,68408
36.62568545341492,68408
36.62653112411499,68408
36.62738013267517,68408
36.62823534011841,68408
36.629088401794434,68408
36.62994456291199,68408
36.63079619407654,68408
36.631651163101196,68408
36.63249349594116,68408
36.63334369659424,68408
36.63421130180359,68408
36.635066509246826,68408
36.63592028617859,68408
36.636772871017456,68408
36.6376211643219,68408
36.638471603393555,68408
36.63932013511658,68408
36.64017605781555,68408
36.64103293418884,68408
36.641883850097656,68408
36.64273691177368,68408
36.64359140396118,68408
36.644437313079834,68408
36.6452898979187,68408
36.6461443901062,68408
36.647000312805176,68408
36.64785099029541,68408
36.64870524406433,68408
36.64954948425293,68408
36.65040111541748,68408
36.65125489234924,68408
36.65211081504822,68408
36.6529655456543,68408
36.65382719039917,68408
36.65467882156372,68408
36.655524253845215,68408
36.656376123428345,68408
36.65722680091858,68408
36.658082008361816,68408
36.658936738967896,68408
36.65979027748108,68408
36.660640716552734,68408
36.66148376464844,68408
36.66233539581299,68408
36.66318893432617,68408
36.66405153274536,68408
36.66490387916565,68408
36.66575646400452,68408
36.666611671447754,68408
36.66745591163635,68408
36.668309688568115,68408
36.66916346549988,68408
36.670015811920166,68408
36.670867681503296,68408
36.67171907424927,68408
36.67257332801819,68408
36.673418045043945,68408
36.67427897453308,68408
36.675132513046265,68408
36.675984621047974,68408
36.67683482170105,68408
36.67768597602844,68408
36.678529024124146,68408
36.6793794631958,68408
36.68023371696472,68408
36.681087493896484,68408
36.68194007873535,68408
36.682790756225586,68408
36.68365287780762,68408
36.684499979019165,68408
36.685349225997925,68408
36.68620705604553,68408
36.68705725669861,68408
36.68791317939758,68408
36.6887640953064,68408
36.68962121009827,68408
36.690465211868286,68408
36.69131255149841,68408
36.69216585159302,68408
36.693023681640625,68408
36.693886280059814,68408
36.69473886489868,68408
36.69558644294739,68408
36.69643521308899,68408
36.69728422164917,68408
36.698137521743774,68408
36.69899106025696,68408
36.69984555244446,68408
36.70069980621338,68408
36.70154404640198,68408
36.702394247055054,68408
36.703245878219604,68408
36.704107999801636,68408
36.704955101013184,68408
36.70580577850342,68408
36.70666170120239,68408
36.707502126693726,68408
36.70835590362549,68408
36.70920944213867,68408
36.71006178855896,68408
36.710915088653564,68408
36.7117657661438,68408
36.71261548995972,68408
36.71346354484558,68408
36.71432304382324,68408
36.715176582336426,68408
36.7160279750824,68408
36.71688508987427,68408
36.71773862838745,68408
36.71859264373779,68408
36.7194390296936,68408
36.72029137611389,68408
36.72114610671997,68408
36.722003698349,68408
36.72285580635071,68408
36.723716020584106,68408
36.724565505981445,68408
36.72540998458862,68408
36.72626042366028,68408
36.727113485336304,68408
36.72796416282654,68408
36.72881603240967,68408
36.729666233062744,68408
36.730509757995605,68408
36.73136115074158,68408
36.73221492767334,68408
36.733065605163574,68408
36.73392868041992,68408
36.73478317260742,68408
36.735639333724976,68408
36.73647975921631,68408
36.737335443496704,68408
36.73818850517273,68408
36.739041805267334,68408
36.739893198013306,68408
36.740744829177856,68408
36.74159646034241,68408
36.74244499206543,68408
36.74329662322998,68408
36.74416184425354,68408
36.74501347541809,68408
36.74586248397827,68408
36.74671149253845,68408
36.74755668640137,68408
36.748404026031494,68408
36.74925756454468,68408
36.750113010406494,68408
36.75096845626831,68408
36.75181841850281,68408
36.75267028808594,68408
36.753517627716064,68408
36.754379749298096,68408
36.75523138046265,68408
36.756086349487305,68408
36.756940841674805,68408
36.75779128074646,68408
36.75864338874817,68408
36.759488344192505,68408
36.760337829589844,68408
36.761188983917236,68408
36.7620415687561,68408
36.7628960609436,68408
36.763757944107056,68408
36.764612913131714,68408
36.765459060668945,68408
36.766313552856445,68408
36.76717138290405,68408
36.76802706718445,68408
36.7688775062561,68408
36.76973080635071,68408
36.77057862281799,68408
36.77142810821533,68408
36.7722806930542,68408
36.77313566207886,68408
36.77399730682373,68408
36.77484846115112,68408
36.77569937705994,68408
36.776546239852905,68408
36.7773973941803,68408
36.77825403213501,68408
36.779107332229614,68408
36.77996206283569,68408
36.780813455581665,68408
36.78166699409485,68408
36.78251385688782,68408
36.78336811065674,68408
36.78423261642456,68408
36.78508520126343,68408
36.785938024520874,68408
36.78679037094116,68408
36.78764081001282,68408
36.788487672805786,68408
36.78933835029602,68408
36.79018998146057,68408
36.7910430431366,68408
36.79189944267273,68408
36.79275155067444,68408
36.79361319541931,68408
36.794459104537964,68408
36.79531407356262,68408
36.796167612075806,68408
36.79702305793762,68408
36.797876596450806,68408
36.79872941970825,68408
36.79957938194275,68408
36.80042552947998,68408
36.80127954483032,68408
36.80213665962219,68408
36.80298924446106,68408
36.803850173950195,68408
36.80470371246338,68408
36.80554819107056,68408
36.80640125274658,68408
36.80725693702698,68408
36.80811095237732,68408
36.80896711349487,68408
36.80982279777527,68408
36.81067609786987,68408
36.811519384384155,68408
36.81237459182739,68408
36.81323003768921,68408
36.81409287452698,68408
36.814945936203,68408
36.81580305099487,68408
36.81665372848511,68408
36.8175048828125,68408
36.818354845047,68408
36.81921076774597,68408
36.820067167282104,68408
36.820926904678345,68408
36.821779012680054,68408
36.8226318359375,68408
36.82347631454468,68408
36.824339151382446,68408
36.82519173622131,68408
36.82604908943176,68408
36.82690095901489,68408
36.82775378227234,68408
36.82860612869263,68408
36.829450607299805,68408
36.830300092697144,68408
36.831157207489014,68408
36.832011461257935,68408
36.832862854003906,68408
36.833725929260254,68408
36.8345787525177,68408
36.83542585372925,68408
36.83628249168396,68408
36.837137937545776,68408
36.8379909992218,68408
36.83884024620056,68408
36.839693784713745,68408
36.8405385017395,68408
36.84138774871826,68408
36.84224009513855,68408
36.84309482574463,68408
36.843958377838135,68408
36.84481120109558,68408
36.84566569328308,68408
36.84651255607605,68408
36.847362756729126,68408
36.848214626312256,68408
36.84906721115112,68408
36.8499219417572,68408
36.85077381134033,68408
36.85162973403931,68408
36.85247468948364,68408
36.8533296585083,68408
36.85419273376465,68408
36.85504651069641,68408
36.855899810791016,68408
36.85675120353699,68408
36.85760164260864,68408
36.858447551727295,68408
36.85929870605469,68408
36.86015295982361,68408
36.8610053062439,68408
36.86185693740845,68408
36.862706661224365,68408
36.86355447769165,68408
36.86441707611084,68408
36.86526894569397,68408
36.86612296104431,68408
36.86697793006897,68408
36.86783027648926,68408
36.86867952346802,68408
36.86952304840088,68408
36.87037229537964,68408
36.87122845649719,68408
36.872084617614746,68408
36.872936487197876,68408
36.873799085617065,68408
36.87465047836304,68408
36.87550067901611,68408
36.87635397911072,68408
36.87720847129822,68408
36.878060817718506,68408
36.87891888618469,68408
36.87976884841919,68408
36.880621671676636,68408
36.881465911865234,68408
36.88231563568115,68408
36.88316798210144,68408
36.88403367996216,68408
36.88488435745239,68408
36.88573741912842,68408
36.88658618927002,68408
36.88743448257446,68408
36.88828778266907,68408
36.88914394378662,68408
36.889999866485596,68408
36.8908531665802,68408
36.89170694351196,68408
36.892552852630615,68408
36.89340257644653,68408
36.89426612854004,68408
36.895119190216064,68408
36.895970821380615,68408
36.89682483673096,68408
36.897679567337036,68408
36.89852452278137,68408
36.89937877655029,68408
36.90022826194763,68408
36.90108132362366,68408
36.901931047439575,68408
36.90278387069702,68408
36.903647661209106,68408
36.9044930934906,68408
36.90534472465515,68408
36.90619730949402,68408
36.90705108642578,68408
36.90790414810181,68408
36.9087553024292,68408
36.909605503082275,68408
36.910449504852295,68408
36.911303758621216,68408
36.91215801239014,68408
36.913012742996216,68408
36.91387462615967,68408
36.91472935676575,68408
36.91557836532593,68408
36.91642236709595,68408
36.9172728061676,68408
36.91813278198242,68408
36.918986558914185,68408
36.91983890533447,68408
36.92068934440613,68408
36.921536684036255,68408
36.922388792037964,68408
36.92324423789978,68408
36.924107789993286,68408
36.924960136413574,68408
36.92581248283386,68408
36.92666697502136,68408
36.92751359939575,68408
36.928361892700195,68408
36.929216146469116,68408
36.930070638656616,68408
36.93092393875122,68408
36.931777000427246,68408
36.93263006210327,68408
36.9334819316864,68408
36.93434476852417,68408
36.935203075408936,68408
36.9360556602478,68408
36.93690490722656,68408
36.93775534629822,68408
36.93860673904419,68408
36.93945074081421,68408
36.940300703048706,68408
36.94115233421326,68408
36.942007303237915,68408
36.9428596496582,68408
36.943721532821655,68408
36.944575786590576,68408
36.94542479515076,68408
36.946277379989624,68408
36.94712996482849,68408
36.94798469543457,68408
36.94883728027344,68408
36.949684619903564,68408
36.95053291320801,68408
36.951385736465454,68408
36.95224094390869,68408
36.953097343444824,68408
36.953962564468384,68408
36.95481324195862,68408
36.95566463470459,68408
36.95651030540466,68408
36.9573609828949,68408
36.95821690559387,68408
36.95907139778137,68408
36.95992112159729,68408
36.96077632904053,68408
36.96162939071655,68408
36.962475299835205,68408
36.9633264541626,68408
36.964189767837524,68408
36.96504473686218,68408
36.965901374816895,68408
36.96675086021423,68408
36.96760582923889,68408
36.96845245361328,68408
36.96930646896362,68408
36.97016096115112,68408
36.97101187705994,68408
36.97186779975891,68408
36.97272253036499,68408
36.9735803604126,68408
36.97443079948425,68408
36.9752836227417,68408
36.97613883018494,68408
36.97699475288391,68408
36.97784900665283,68408
36.97870326042175,68408
36.97955274581909,68408
36.98040509223938,68408
36.98126220703125,68408
36.98211312294006,68408
36.98296618461609,68408
36.98382520675659,68408
36.98468017578125,68408
36.98552703857422,68408
36.986384868621826,68408
36.987237215042114,68408
36.988093852996826,68408
36.98895001411438,68408
36.98980498313904,68408
36.99065971374512,68408
36.99150896072388,68408
36.99236011505127,68408
36.993215799331665,68408
36.99408197402954,68408
36.99493861198425,68408
36.995790004730225,68408
36.9966459274292,68408
36.99749159812927,68408
36.99834322929382,68408
36.999197244644165,68408
37.00005316734314,68408
37.00090742111206,68408
37.00176191329956,68408
37.00261402130127,68408
37.00346255302429,68408
37.004321336746216,68408
37.00517821311951,68408
37.00602889060974,68408
37.00688314437866,68408
37.00773596763611,68408
37.008586406707764,68408
37.00943112373352,68408
37.01028561592102,68408
37.01113748550415,68408
37.011993169784546,68408
37.012845516204834,68408
37.01370668411255,68408
37.014551639556885,68408
37.01540517807007,68408
37.0162558555603,68408
37.017112493515015,68408
37.01796555519104,68408
37.01881742477417,68408
37.019670248031616,68408
37.0205192565918,68408
37.02137207984924,68408
37.02222275733948,68408
37.02307462692261,68408
37.02393889427185,68408
37.024789810180664,68408
37.025641679763794,68408
37.0264847278595,68408
37.02733588218689,68408
37.028191804885864,68408
37.02904677391052,68408
37.02990412712097,68408
37.03075957298279,68408
37.03161406517029,68408
37.032461166381836,68408
37.033313512802124,68408
37.03418040275574,68408
37.035032510757446,68408
37.035887479782104,68408
37.036741495132446,68408
37.037593603134155,68408
37.038437604904175,68408
37.039289236068726,68408
37.04014253616333,68408
37.04100012779236,68408
37.0418541431427,68408
37.04270672798157,68408
37.04354977607727,68408
37.04440975189209,68408
37.045262813568115,68408
37.04611897468567,68408
37.046974182128906,68408
37.04782843589783,68408
37.04868006706238,68408
37.049524545669556,68408
37.050377368927,68408
37.0512318611145,68408
37.05208492279053,68408
37.05293893814087,68408
37.053799629211426,68408
37.05465579032898,68408
37.05550169944763,68408
37.056355237960815,68408
37.057206869125366,68408
37.058061838150024,68408
37.05891728401184,68408
37.05976724624634,68408
37.0606210231781,68408
37.06147217750549,68408
37.0623242855072,68408
37.06318116188049,68408
37.064042806625366,68408
37.06490111351013,68408
37.06575322151184,68408
37.06660437583923,68408
37.06744980812073,68408
37.06830406188965,68408
37.06915807723999,68408
37.07001352310181,68408
37.07086443901062,68408
37.071717262268066,68408
37.072566509246826,68408
37.073415994644165,68408
37.07427930831909,68408
37.075138568878174,68408
37.07599353790283,68408
37.076849937438965,68408
37.07770276069641,68408
37.078553199768066,68408
37.07940602302551,68408
37.08025932312012,68408
37.08111381530762,68408
37.081969022750854,68408
37.08281707763672,68408
37.083680629730225,68408
37.084529399871826,68408
37.085384368896484,68408
37.0862352848053,68408
37.08708620071411,68408
37.087936878204346,68408
37.08879065513611,68408
37.08964395523071,68408
37.090490102767944,68408
37.091341972351074,68408
37.09219455718994,68408
37.093048334121704,68408
37.09391498565674,68408
37.094770193099976,68408
37.09562849998474,68408
37.096477031707764,68408
37.09733033180237,68408
37.09818148612976,68408
37.09903597831726,68408
37.0998911857605,68408
37.10074424743652,68408
37.10159683227539,68408
37.10244536399841,68408
37.103293657302856,68408
37.10416030883789,68408
37.10501432418823,68408
37.10587120056152,68408
37.106722354888916,68408
37.107574462890625,68408
37.10842251777649,68408
37.10927629470825,68408
37.11013317108154,68408
37.110987424850464,68408
37.11183762550354,68408
37.112690925598145,68408
37.11353516578674,68408
37.11439251899719,68408
37.11524438858032,68408
37.11610245704651,68408
37.11695384979248,68408
37.11780500411987,68408
37.118656158447266,68408
37.119505643844604,68408
37.12035775184631,68408
37.12121248245239,68408
37.122065782547,68408
37.12292265892029,68408
37.123780488967896,68408
37.124632835388184,68408
37.125478744506836,68408
37.12633156776428,68408
37.127185344696045,68408
37.12803840637207,68408
37.12889122962952,68408
37.129743337631226,68408
37.13059377670288,68408
37.131438970565796,68408
37.13229203224182,68408
37.13314366340637,68408
37.134007930755615,68408
37.134862422943115,68408
37.135714530944824,68408
37.136566162109375,68408
37.137412786483765,68408
37.138263463974,68408
37.13911271095276,68408
37.13996767997742,68408
37.14081621170044,68408
37.14166975021362,68408
37.142515897750854,68408
37.143367528915405,68408
37.14423179626465,68408
37.14508867263794,68408
37.14594221115112,68408
37.146795988082886,68408
37.14764738082886,68408
37.148492097854614,68408
37.14940524101257,68408
37.1504385471344,68408
37.15129089355469,68408
37.15214419364929,68408
37.15299844741821,68408
37.15386199951172,68408
37.15471434593201,68408
37.155566692352295,68408
37.156409740448,68408
37.15726351737976,68408
37.15811610221863,68408
37.15897345542908,68408
37.15982174873352,68408
37.16067814826965,68408
37.161524534225464,68408
37.16237807273865,68408
37.163230419158936,68408
37.16409873962402,68408
37.16495394706726,68408
37.16581130027771,68408
37.16666316986084,68408
37.16751003265381,68408
37.16835927963257,68408
37.169214725494385,68408
37.17006993293762,68408
37.170926094055176,68408
37.17177605628967,68408
37.172627449035645,68408
37.17347550392151,68408
37.17433977127075,68408
37.175193071365356,68408
37.176047563552856,68408
37.17689824104309,68408
37.177753925323486,68408
37.178605794906616,68408
37.179447174072266,68408
37.18029808998108,68408
37.181156396865845,68408
37.18200659751892,68408
37.18285918235779,68408
37.1837215423584,68408
37.184574604034424,68408
37.185420989990234,68408
37.18627643585205,68408
37.1871292591095,68408
37.187983989715576,68408
37.1888382434845,68408
37.18968963623047,68408
37.19053530693054,68408
37.191389083862305,68408
37.19223999977112,68408
37.193092346191406,68408
37.19395446777344,68408
37.19480919837952,68408
37.195661544799805,68408
37.19650387763977,68408
37.19735407829285,68408
37.198209285736084,68408
37.199061155319214,68408
37.19991374015808,68408
37.20076584815979,68408
37.2016224861145,68408
37.202467918395996,68408
37.203319787979126,68408
37.204185962677,68408
37.20504665374756,68408
37.205904960632324,68408
37.20675778388977,68408
37.2076096534729,68408
37.20845603942871,68408
37.20930600166321,68408
37.210158824920654,68408
37.21101403236389,68408
37.211870193481445,68408
37.21272325515747,68408
37.213582038879395,68408
37.21443319320679,68408
37.215290546417236,68408
37.21614170074463,68408
37.216994285583496,68408
37.217846632003784,68408
37.21870279312134,68408
37.21954941749573,68408
37.22040033340454,68408
37.22125434875488,68408
37.222111225128174,68408
37.222965717315674,68408
37.223824977874756,68408
37.22467923164368,68408
37.22552561759949,68408
37.22637486457825,68408
37.227227449417114,68408
37.22808241844177,68408
37.22894048690796,68408
37.22978711128235,68408
37.23063802719116,68408
37.23148202896118,68408
37.23233389854431,68408
37.23318648338318,68408
37.234052658081055,68408
37.23490333557129,68408
37.23575568199158,68408
37.23660922050476,68408
37.23745608329773,68408
37.2383131980896,68408
37.23916983604431,68408
37.240026235580444,68408
37.24088096618652,68408
37.2417311668396,68408
37.242591381073,68408
37.243438959121704,68408
37.24430179595947,68408
37.24515914916992,68408
37.24601411819458,68408
37.24686336517334,68408
37.24771475791931,68408
37.24856448173523,68408
37.24941396713257,68408
37.25026726722717,68408
37.25111937522888,68408
37.25197243690491,68408
37.252827882766724,68408
37.25369048118591,68408
37.254536628723145,68408
37.25538682937622,68408
37.25623846054077,68408
37.25709104537964,68408
37.25794267654419,68408
37.25879502296448,68408
37.25964665412903,68408
37.260491371154785,68408
37.26134729385376,68408
37.262200117111206,68408
37.26305556297302,68408
37.263919830322266,68408
37.26477003097534,68408
37.265625,68408
37.26647591590881,68408
37.26732635498047,68408
37.268178939819336,68408
37.26903009414673,68408
37.269882917404175,68408
37.270734786987305,68408
37.271584272384644,68408
37.27243089675903,68408
37.27328443527222,68408
37.274147272109985,68408
37.275001764297485,68408
37.275853395462036,68408
37.27670955657959,68408
37.27755308151245,68408
37.27840733528137,68408
37.279258489608765,68408
37.280112504959106,68408
37.28096270561218,68408
37.28181338310242,68408
37.282665729522705,68408
37.28351187705994,68408
37.28437614440918,68408
37.285231590270996,68408
37.28608512878418,68408
37.286940574645996,68408
37.28779315948486,68408
37.28865051269531,68408
37.28949427604675,68408
37.29034638404846,68408
37.29119873046875,68408
37.292051553726196,68408
37.29290556907654,68408
37.29377198219299,68408
37.29462695121765,68408
37.295469522476196,68408
37.29632067680359,68408
37.29717755317688,68408
37.298028230667114,68408
37.298882246017456,68408
37.29973006248474,68408
37.3005805015564,68408
37.30142545700073,68408
37.302282094955444,68408
37.303139448165894,68408
37.30400490760803,68408
37.30485987663269,68408
37.30571460723877,68408
37.306565284729004,68408
37.30741214752197,68408
37.308265686035156,68408
37.30911946296692,68408
37.309972524642944,68408
37.310824394226074,68408
37.31167769432068,68408
37.312520265579224,68408
37.31337380409241,68408
37.314241886138916,68408
37.31509590148926,68408
37.3159499168396,68408
37.31680178642273,68408
37.31765699386597,68408
37.31850457191467,68408
37.319353103637695,68408
37.32020568847656,68408
37.321062326431274,68408
37.32191467285156,68408
37.322768688201904,68408
37.32363224029541,68408
37.32448077201843,68408
37.32533550262451,68408
37.326188802719116,68408
37.32704019546509,68408
37.3278968334198,68408
37.32875156402588,68408
37.32960748672485,68408
37.33045434951782,68408
37.331310987472534,68408
37.33216571807861,68408
37.3330237865448,68408
37.33388805389404,68408
37.33474278450012,68408
37.33559274673462,68408
37.33644199371338,68408
37.33729290962219,68408
37.33814764022827,68408
37.338998317718506,68408
37.3398494720459,68408
37.34070134162903,68408
37.34155035018921,68408
37.34240126609802,68408
37.34325385093689,68408
37.34411692619324,68408
37.34497404098511,68408
37.345820903778076,68408
37.34667205810547,68408
37.34751605987549,68408
37.34836792945862,68408
37.349220991134644,68408
37.350075244903564,68408
37.35092878341675,68408
37.35178065299988,68408
37.352632999420166,68408
37.35347890853882,68408
37.35434150695801,68408
37.35519862174988,68408
37.356053829193115,68408
37.356910943984985,68408
37.357760429382324,68408
37.358612060546875,68408
37.359455585479736,68408
37.36030912399292,68408
37.36116695404053,68408
37.3620183467865,68408
37.36287045478821,68408
37.363731384277344,68408
37.36457896232605,68408
37.36542749404907,68408
37.36627745628357,68408
37.36713457107544,68408
37.36798810958862,68408
37.36884093284607,68408
37.36969351768494,68408
37.37053894996643,68408
37.371392250061035,68408
37.372246742248535,68408
37.37310194969177,68408
37.373969316482544,68408
37.37482261657715,68408
37.37567663192749,68408
37.37652134895325,68408
37.37737488746643,68408
37.37822771072388,68408
37.379085540771484,68408
37.37993931770325,68408
37.380791425704956,68408
37.38164472579956,68408
37.38249063491821,68408
37.38334393501282,68408
37.38421082496643,68408
37.38506507873535,68408
37.38591814041138,68408
37.38676857948303,68408
37.38761901855469,68408
37.38846731185913,68408
37.38932394981384,68408
37.39017629623413,68408
37.391029834747314,68408
37.391881227493286,68408
37.392735958099365,68408
37.3935923576355,68408
37.394442319869995,68408
37.395296573638916,68408
37.396154165267944,68408
37.39700746536255,68408
37.397865533828735,68408
37.39871788024902,68408
37.399569272994995,68408
37.400418519973755,68408
37.401270151138306,68408
37.40212440490723,68408
37.40297865867615,68408
37.40384268760681,68408
37.404698848724365,68408
37.40554451942444,68408
37.40639686584473,68408
37.4072527885437,68408
37.40810227394104,68408
37.40895366668701,68408
37.409807205200195,68408
37.41065812110901,68408
37.41150164604187,68408
37.412352085113525,68408
37.41320729255676,68408
37.41407036781311,68408
37.41492438316345,68408
37.41577649116516,68408
37.41663360595703,68408
37.417479038238525,68408
37.41833138465881,68408
37.419185400009155,68408
37.42003917694092,68408
37.42089247703552,68408
37.42174482345581,68408
37.42259502410889,68408
37.423441648483276,68408
37.424301862716675,68408
37.42515826225281,68408
37.426007986068726,68408
37.4268639087677,68408
37.427716970443726,68408
37.42856812477112,68408
37.42941331863403,68408
37.43026566505432,68408
37.431119441986084,68408
37.431976318359375,68408
37.43282961845398,68408
37.43369197845459,68408
37.43453931808472,68408
37.43539071083069,68408
37.436243534088135,68408
37.43709421157837,68408
37.437946796417236,68408
37.438803911209106,68408
37.43966007232666,68408
37.440505266189575,68408
37.44135499000549,68408
37.442209005355835,68408
37.443063497543335,68408
37.443928956985474,68408
37.44477915763855,68408
37.44563364982605,68408
37.44648218154907,68408
37.44733643531799,68408
37.44819211959839,68408
37.44904923439026,68408
37.44990110397339,68408
37.450756549835205,68408
37.45160961151123,68408
37.45245552062988,68408
37.45330762863159,68408
37.45417380332947,68408
37.455026388168335,68408
37.4558789730072,68408
37.456730365753174,68408
37.457582235336304,68408
37.45843052864075,68408
37.45928764343262,68408
37.46014070510864,68408
37.46100211143494,68408
37.46185231208801,68408
37.46270513534546,68408
37.4635488986969,68408
37.46441173553467,68408
37.46526479721069,68408
37.46612238883972,68408
37.46697640419006,68408
37.46782827377319,68408
37.46868276596069,68408
37.46953344345093,68408
37.47038698196411,68408
37.47124099731445,68408
37.4720938205719,68408
37.47295069694519,68408
37.47381234169006,68408
37.47466778755188,68408
37.475512981414795,68408
37.476367235183716,68408
37.47721815109253,68408
37.47807550430298,68408
37.478928327560425,68408
37.479782819747925,68408
37.48063349723816,68408
37.48148274421692,68408
37.48233604431152,68408
37.483187675476074,68408
37.48405075073242,68408
37.48490381240845,68408
37.485756158828735,68408
37.48660898208618,68408
37.4874529838562,68408
37.488306760787964,68408
37.489158153533936,68408
37.490010499954224,68408
37.49086284637451,68408
37.491714000701904,68408
37.49256229400635,68408
37.49341440200806,68408
37.49427652359009,68408
37.495131731033325,68408
37.49598717689514,68408
37.49683976173401,68408
37.497692823410034,68408
37.49854063987732,68408
37.49939680099487,68408
37.50024914741516,68408
37.50110125541687,68408
37.50195598602295,68408
37.50280451774597,68408
37.50366950035095,68408
37.50451683998108,68408
37.50536894798279,68408
37.50622248649597,68408
37.507078886032104,68408
37.507930517196655,68408
37.50878381729126,68408
37.50963568687439,68408
37.51047992706299,68408
37.511330127716064,68408
37.51218628883362,68408
37.513036251068115,68408
37.51389956474304,68408
37.51475262641907,68408
37.515608072280884,68408
37.51645016670227,68408
37.51729989051819,68408
37.51815319061279,68408
37.51900601387024,68408
37.51985716819763,68408
37.52070903778076,68408
37.521554946899414,68408
37.522404193878174,68408
37.52325749397278,68408
37.52411961555481,68408
37.52497458457947,68408
37.525826930999756,68408
37.52668118476868,68408
37.52752661705017,68408
37.528377294540405,68408
37.529234647750854,68408
37.530086517333984,68408
37.53094244003296,68408
37.531795263290405,68408
37.532652378082275,68408
37.53350067138672,68408
37.5343656539917,68408
37.535221338272095,68408
37.536078453063965,68408
37.53693151473999,68408
37.537782192230225,68408
37.53863310813904,68408
37.5394811630249,68408
37.54033303260803,68408
37.541186571121216,68408
37.54203748703003,68408
37.54288911819458,68408
37.54375147819519,68408
37.544607162475586,68408
37.54545211791992,68408
37.546305894851685,68408
37.547157287597656,68408
37.548014402389526,68408
37.5488657951355,68408
37.549720764160156,68408
37.55056977272034,68408
37.55141568183899,68408
37.55226683616638,68408
37.5531210899353,68408
37.55398416519165,68408
37.55483555793762,68408
37.55568861961365,68408
37.55653405189514,68408
37.55738568305969,68408
37.55823826789856,68408
37.559093713760376,68408
37.559948444366455,68408
37.56080222129822,68408
37.56165266036987,68408
37.562498807907104,68408
37.56334948539734,68408
37.564215898513794,68408
37.56507325172424,68408
37.565927028656006,68408
37.56677794456482,68408
37.567628383636475,68408
37.56847095489502,68408
37.5693244934082,68408
37.570178508758545,68408
37.571030139923096,68408
37.571887254714966,68408
37.57274031639099,68408
37.57360005378723,68408
37.57444763183594,68408
37.575300455093384,68408
37.576154708862305,68408
37.577011585235596,68408
37.57786679267883,68408
37.578720808029175,68408
37.57957363128662,68408
37.5804238319397,68408
37.581273794174194,68408
37.582127809524536,68408
37.58298373222351,68408
37.58384394645691,68408
37.58469581604004,68408
37.58554148674011,68408
37.586395502090454,68408
37.58725094795227,68408
37.58810567855835,68408
37.58896279335022,68408
37.58981537818909,68408
37.590672969818115,68408
37.591516971588135,68408
37.592368364334106,68408
37.59322118759155,68408
37.59408712387085,68408
37.59494113922119,68408
37.595794677734375,68408
37.59664583206177,68408
37.5974907875061,68408
37.598341941833496,68408
37.599196672439575,68408
37.60004925727844,68408
37.60089945793152,68408
37.60175323486328,68408
37.60260796546936,68408
37.60345435142517,68408
37.604318618774414,68408
37.60516905784607,68408
37.60602641105652,68408
37.606881856918335,68408
37.60775089263916,68408
37.608604431152344,68408
37.60945391654968,68408
37.61030626296997,68408
37.61116051673889,68408
37.61201214790344,68408
37.61286425590515,68408
37.61372470855713,68408
37.61457967758179,68408
37.61542820930481,68408
37.61628293991089,68408
37.617138624191284,68408
37.617992639541626,68408
37.61884355545044,68408
37.61969518661499,68408
37.62053990364075,68408
37.621395111083984,68408
37.62224793434143,68408
37.62310194969177,68408
37.62396168708801,68408
37.62481212615967,68408
37.625664949417114,68408
37.62651014328003,68408
37.62735891342163,68408
37.62821125984192,68408
37.62906336784363,68408
37.62991714477539,68408
37.630768060684204,68408
37.631622314453125,68408
37.632466554641724,68408
37.63331699371338,68408
37.6341814994812,68408
37.635037422180176,68408
37.635886907577515,68408
37.636740922927856,68408
37.637592792510986,68408
37.63844013214111,68408
37.63929033279419,68408
37.64014554023743,68408
37.64099955558777,68408
37.64185118675232,68408
37.64270734786987,68408
37.643553495407104,68408
37.64441442489624,68408
37.645270586013794,68408
37.6461238861084,68408
37.64697861671448,68408
37.64783239364624,68408
37.648686170578,68408
37.649529457092285,68408
37.65038847923279,68408
37.65124225616455,68408
37.65209889411926,68408
37.65295457839966,68408
37.65381717681885,68408
37.654672145843506,68408
37.65552091598511,68408
37.656370639801025,68408
37.65722584724426,68408
37.658082723617554,68408
37.658939838409424,68408
37.659791469573975,68408
37.660645961761475,68408
37.661492347717285,68408
37.66234493255615,68408
37.66319918632507,68408
37.664066553115845,68408
37.66492033004761,68408
37.66577100753784,68408
37.666624784469604,68408
37.667471408843994,68408
37.66832685470581,68408
37.669183015823364,68408
37.67003583908081,68408
37.67089223861694,68408
37.67174768447876,68408
37.672600507736206,68408
37.67344522476196,68408
37.67430877685547,68408
37.67516326904297,68408
37.67602252960205,68408
37.676873207092285,68408
37.6777241230011,68408
37.67857575416565,68408
37.67942523956299,68408
37.680277585983276,68408
37.68113112449646,68408
37.681983947753906,68408
37.68283653259277,68408
37.683698415756226,68408
37.68454694747925,68408
37.68539643287659,68408
37.686251640319824,68408
37.68710541725159,68408
37.687960624694824,68408
37.688812017440796,68408
37.689663887023926,68408
37.690507888793945,68408
37.69136190414429,68408
37.69221258163452,68408
37.69306921958923,68408
37.6939332485199,68408
37.694782972335815,68408
37.695634603500366,68408
37.69648551940918,68408
37.697338581085205,68408
37.698193311691284,68408
37.69904613494873,68408
37.699904680252075,68408
37.70075345039368,68408
37.70160388946533,68408
37.702452659606934,68408
37.70330834388733,68408
37.70417547225952,68408
37.70503091812134,68408
37.705886363983154,68408
37.706737756729126,68408
37.707590103149414,68408
37.708436489105225,68408
37.70928883552551,68408
37.710145235061646,68408
37.71099925041199,68408
37.711854457855225,68408
37.71270489692688,68408
37.71355080604553,68408
37.7144136428833,68408
37.715270042419434,68408
37.71612310409546,68408
37.71698188781738,68408
37.717830181121826,68408
37.718684911727905,68408
37.71952819824219,68408
37.72038006782532,68408
37.721229553222656,68408
37.722084283828735,68408
37.72294068336487,68408
37.72380542755127,68408
37.72465944290161,68408
37.72550845146179,68408
37.72636151313782,68408
37.72721862792969,68408
37.72807168960571,68408
37.72892785072327,68408
37.72978162765503,68408
37.73063826560974,68408
37.731483697891235,68408
37.73233604431152,68408
37.73319101333618,68408
37.734055042266846,68408
37.73490858078003,68408
37.735758781433105,68408
37.736610412597656,68408
37.73746037483215,68408
37.73831224441528,68408
37.73916816711426,68408
37.74002242088318,68408
37.74087834358215,68408
37.74173069000244,68408
37.74258804321289,68408
37.74345660209656,68408
37.74431824684143,68408
37.74517297744751,68408
37.7460253238678,68408
37.74687933921814,68408
37.74773287773132,68408
37.74858593940735,68408
37.74943017959595,68408
37.75028347969055,68408
37.75113916397095,68408
37.75199365615845,68408
37.75284481048584,68408
37.753703117370605,68408
37.75455093383789,68408
37.75540566444397,68408
37.75625562667847,68408
37.757112979888916,68408
37.75796890258789,68408
37.75882005691528,68408
37.759671211242676,68408
37.76051688194275,68408
37.761364459991455,68408
37.76222109794617,68408
37.763075828552246,68408
37.76394009590149,68408
37.7647922039032,68408
37.76564407348633,68408
37.76648950576782,68408
37.76733732223511,68408
37.768192529678345,68408
37.76904225349426,68408
37.76991939544678,68408
37.77077078819275,68408
37.77162766456604,68408
37.77247095108032,68408
37.7733256816864,68408
37.77418899536133,68408
37.775044441223145,68408
37.77589774131775,68408
37.77674889564514,68408
37.77760291099548,68408
37.77844858169556,68408
37.77929997444153,68408
37.78015351295471,68408
37.781004190444946,68408
37.78185725212097,68408
37.78270721435547,68408
37.78355312347412,68408
37.78441262245178,68408
37.7852680683136,68408
37.78612422943115,68408
37.786980390548706,68408
37.7878303527832,68408
37.78868246078491,68408
37.78952360153198,68408
37.79037523269653,68408
37.791231632232666,68408
37.79208755493164,68408
37.79293990135193,68408
37.79380249977112,68408
37.79465174674988,68408
37.79549860954285,68408
37.79634952545166,68408
37.79720211029053,68408
37.798056840896606,68408
37.79890990257263,68408
37.79975962638855,68408
37.800610303878784,68408
37.80145788192749,68408
37.8023099899292,68408
37.803165674209595,68408
37.8040292263031,68408
37.80488300323486,68408
37.80573558807373,68408
37.806589126586914,68408
37.807438135147095,68408
37.80829095840454,68408
37.80914497375488,68408
37.80999732017517,68408
37.81085205078125,68408
37.811705350875854,68408
37.81255531311035,68408
37.81340980529785,68408
37.81427073478699,68408
37.815128326416016,68408
37.815983295440674,68408
37.81683421134949,68408
37.81768727302551,68408
37.81853461265564,68408
37.81938886642456,68408
37.820244550704956,68408
37.82110095024109,68408
37.82195472717285,68408
37.822808027267456,68408
37.82366991043091,68408
37.82451558113098,68408
37.825364112854004,68408
37.82622170448303,68408
37.82707500457764,68408
37.827929973602295,68408
37.82878112792969,68408
37.829633474349976,68408
37.83048391342163,68408
37.83133840560913,68408
37.83219385147095,68408
37.833049058914185,68408
37.83391046524048,68408
37.83476161956787,68408
37.835613489151,68408
37.83645725250244,68408
37.8373064994812,68408
37.83815908432007,68408
37.83901524543762,68408
37.83987379074097,68408
37.840726137161255,68408
37.84157919883728,68408
37.84242486953735,68408
37.84328007698059,68408
37.84414792060852,68408
37.84500455856323,68408
37.84585785865784,68408
37.84671354293823,68408
37.84756326675415,68408
37.8484103679657,68408
37.849265813827515,68408
37.85012221336365,68408
37.85097789764404,68408
37.85183238983154,68408
37.852686166763306,68408
37.8535315990448,68408
37.85439610481262,68408
37.855249881744385,68408
37.85610365867615,68408
37.85695958137512,68408
37.8578097820282,68408
37.85866570472717,68408
37.85951232910156,68408
37.860366344451904,68408
37.86122250556946,68408
37.86207866668701,68408
37.86292910575867,68408
37.86378812789917,68408
37.86464262008667,68408
37.865488052368164,68408
37.866339683532715,68408
37.86719870567322,68408
37.86805176734924,68408
37.868905544281006,68408
37.86975646018982,68408
37.87061023712158,68408
37.87145924568176,68408
37.87231254577637,68408
37.873167276382446,68408
37.87403464317322,68408
37.874886989593506,68408
37.87574052810669,68408
37.87659001350403,68408
37.87743616104126,68408
37.87828874588013,68408
37.87914419174194,68408
37.880000591278076,68408
37.88085389137268,68408
37.88170623779297,68408
37.88256359100342,68408
37.88341975212097,68408
37.884286642074585,68408
37.88514184951782,68408
37.88599514961243,68408
37.886844873428345,68408
37.88770151138306,68408
37.88854694366455,68408
37.88940191268921,68408
37.89025664329529,68408
37.89111351966858,68408
37.891969442367554,68408
37.892823696136475,68408
37.89368557929993,68408
37.894537925720215,68408
37.895389556884766,68408
37.8962459564209,68408
37.897101640701294,68408
37.89795684814453,68408
37.89880919456482,68408
37.899662256240845,68408
37.9005069732666,68408
37.9013614654541,68408
37.90221667289734,68408
37.90307068824768,68408
37.90392994880676,68408
37.90478444099426,68408
37.905637979507446,68408
37.90648341178894,68408
37.9073371887207,68408
37.90819215774536,68408
37.909048080444336,68408
37.90990328788757,68408
37.91075372695923,68408
37.91160869598389,68408
37.91245150566101,68408
37.91330289840698,68408
37.91416811943054,68408
37.91502285003662,68408
37.91587591171265,68408
37.916728019714355,68408
37.917579650878906,68408
37.9184250831604,68408
37.91927933692932,68408
37.92013502120972,68408
37.92098903656006,68408
37.921844482421875,68408
37.92269706726074,68408
37.92354440689087,68408
37.924405574798584,68408
37.9252610206604,68408
37.9261109828949,68408
37.92696666717529,68408
37.92781686782837,68408
37.92867136001587,68408
37.92951679229736,68408
37.93036770820618,68408
37.93121862411499,68408
37.93207335472107,68408
37.93292760848999,68408
37.933783292770386,68408
37.934643268585205,68408
37.935492277145386,68408
37.936344623565674,68408
37.93719959259033,68408
37.93805384635925,68408
37.938907861709595,68408
37.93975639343262,68408
37.94060683250427,68408
37.94145059585571,68408
37.94230103492737,68408
37.943156719207764,68408
37.944021701812744,68408
37.94487428665161,68408
37.94573092460632,68408
37.94658017158508,68408
37.94742560386658,68408
37.94827604293823,68408
37.94913387298584,68408
37.94998383522034,68408
37.9508376121521,68408
37.951690673828125,68408
37.952539920806885,68408
37.953392028808594,68408
37.954256772994995,68408
37.955111503601074,68408
37.95597171783447,68408
37.956822872161865,68408
37.95767855644226,68408
37.95852255821228,68408
37.959375619888306,68408
37.96022701263428,68408
37.96107864379883,68408
37.96193528175354,68408
37.96279191970825,68408
37.96365690231323,68408
37.96450757980347,68408
37.96535897254944,68408
37.96621489524841,68408
37.9670684337616,68408
37.9679229259491,68408
37.968772649765015,68408
37.96962904930115,68408
37.97047162055969,68408
37.9713237285614,68408
37.972174644470215,68408
37.97303104400635,68408
37.973891496658325,68408
37.97474431991577,68408
37.975597620010376,68408
37.97644829750061,68408
37.977301836013794,68408
37.97815728187561,68408
37.979010820388794,68408
37.97986841201782,68408
37.98072266578674,68408
37.981571197509766,68408
37.982420206069946,68408
37.9832763671875,68408
37.984139919281006,68408
37.98499917984009,68408
37.9858512878418,68408
37.986706495285034,68408
37.987553119659424,68408
37.98840379714966,68408
37.98926067352295,68408
37.990116357803345,68408
37.99096870422363,68408
37.991822481155396,68408
37.992676973342896,68408
37.993525981903076,68408
37.99438738822937,68408
37.99524188041687,68408
37.99609351158142,68408
37.99694776535034,68408
37.997798919677734,68408
37.99865174293518,68408
37.999494552612305,68408
38.00034713745117,68408
38.00120139122009,68408
38.002055644989014,68408
38.0029079914093,68408
38.003772258758545,68408
38.00462794303894,68408
38.00547242164612,68408
38.006327867507935,68408
38.007182121276855,68408
38.008033752441406,68408
38.00888776779175,68408
38.0097393989563,68408
38.010592460632324,68408
38.01143932342529,68408
38.01229453086853,68408
38.01314949989319,68408
38.014015674591064,68408
38.01487159729004,68408
38.01572632789612,68408
38.016579151153564,68408
38.01742887496948,68408
38.01828336715698,68408
38.019139766693115,68408
38.01999378204346,68408
38.02084445953369,68408
38.021692514419556,68408
38.02253746986389,68408
38.02339053153992,68408
38.02425742149353,68408
38.02511143684387,68408
38.02596998214722,68408
38.02682042121887,68408
38.027677059173584,68408
38.02852392196655,68408
38.029377698898315,68408
38.03023147583008,68408
38.031086683273315,68408
38.03194236755371,68408
38.0327935218811,68408
38.0336537361145,68408
38.034501791000366,68408
38.03535556793213,68408
38.036208391189575,68408
38.037060022354126,68408
38.03791522979736,68408
38.03876781463623,68408
38.039623498916626,68408
38.04047107696533,68408
38.04132437705994,68408
38.04217505455017,68408
38.043028593063354,68408
38.043893337249756,68408
38.04474878311157,68408
38.04560422897339,68408
38.046448945999146,68408
38.04730153083801,68408
38.04815673828125,68408
38.04901170730591,68408
38.049866914749146,68408
38.050719022750854,68408
38.05156898498535,68408
38.052417516708374,68408
38.05327105522156,68408
38.05413579940796,68408
38.05499339103699,68408
38.055845737457275,68408
38.05669355392456,68408
38.0575385093689,68408
38.058393716812134,68408
38.059247732162476,68408
38.0601007938385,68408
38.06095552444458,68408
38.06180810928345,68408
38.06265902519226,68408
38.06350612640381,68408
38.064369201660156,68408
38.0652232170105,68408
38.066080808639526,68408
38.06693625450134,68408
38.06778383255005,68408
38.068639278411865,68408
38.06948280334473,68408
38.07033824920654,68408
38.07119131088257,68408
38.07204294204712,68408
38.072898864746094,68408
38.073760986328125,68408
38.07461190223694,68408
38.07545757293701,68408
38.07630729675293,68408
38.077160596847534,68408
38.07801103591919,68408
38.07886743545532,68408
38.07971692085266,68408
38.08056950569153,68408
38.08141469955444,68408
38.08226943016052,68408
38.08312368392944,68408
38.083988189697266,68408
38.08483910560608,68408
38.085694789886475,68408
38.08654284477234,68408
38.08739614486694,68408
38.08824944496155,68408
38.08910322189331,68408
38.08995723724365,68408
38.090813636779785,68408
38.091667890548706,68408
38.09251546859741,68408
38.09336566925049,68408
38.09423065185547,68408
38.095083475112915,68408
38.09593963623047,68408
38.09678840637207,68408
38.097638845443726,68408
38.0984845161438,68408
38.09934043884277,68408
38.10019564628601,68408
38.10105276107788,68408
38.10190677642822,68408
38.102760314941406,68408
38.103623151779175,68408
38.104470014572144,68408
38.10532212257385,68408
38.10617685317993,68408
38.10702967643738,68408
38.107887506484985,68408
38.108736515045166,68408
38.10959053039551,68408
38.11043405532837,68408
38.11128759384155,68408
38.11214470863342,68408
38.1130006313324,68408
38.11386489868164,68408
38.11471700668335,68408
38.11556625366211,68408
38.116419315338135,68408
38.11727428436279,68408
38.118128538131714,68408
38.11898398399353,68408
38.119837522506714,68408
38.120691537857056,68408
38.121540784835815,68408
38.12239384651184,68408
38.1232476234436,68408
38.12411594390869,68408
38.12496852874756,68408
38.12582182884216,68408
38.12667536735535,68408
38.12752342224121,68408
38.12837529182434,68408
38.12922739982605,68408
38.13008379936218,68408
38.13093829154968,68408
38.131786823272705,68408
38.13264274597168,68408
38.13349366188049,68408
38.13435673713684,68408
38.13520789146423,68408
38.13606262207031,68408
38.13691687583923,68408
38.13776659965515,68408
38.13862180709839,68408
38.139469146728516,68408
38.14032340049744,68408
38.14117789268494,68408
38.14203476905823,68408
38.14288926124573,68408
38.143749713897705,68408
38.14460301399231,68408
38.14544725418091,68408
38.14630103111267,68408
38.147159814834595,68408
38.148011922836304,68408
38.14886951446533,68408
38.14971995353699,68408
38.15056848526001,68408
38.15141201019287,68408
38.152263164520264,68408
38.15311813354492,68408
38.15398621559143,68408
38.1548388004303,68408
38.155691623687744,68408
38.156540870666504,68408
38.157392740249634,68408
38.15824842453003,68408
38.15910267829895,68408
38.15995764732361,68408
38.16081190109253,68408
38.16166400909424,68408
38.162511348724365,68408
38.163360357284546,68408
38.16422748565674,68408
38.16508340835571,68408
38.16593647003174,68408
38.16678714752197,68408
38.16764259338379,68408
38.16848874092102,68408
38.16934013366699,68408
38.170194149017334,68408
38.1710479259491,68408
38.171903133392334,68408
38.17275285720825,68408
38.173614740371704,68408
38.17446565628052,68408
38.17531681060791,68408
38.17617058753967,68408
38.177024126052856,68408
38.17788052558899,68408
38.178730726242065,68408
38.17957949638367,68408
38.180426359176636,68408
38.18128180503845,68408
38.182135820388794,68408
38.1829891204834,68408
38.18384885787964,68408
38.184701681137085,68408
38.18554711341858,68408
38.1863956451416,68408
38.18724513053894,68408
38.18809652328491,68408
38.18894839286804,68408
38.189801931381226,68408
38.190653562545776,68408
38.19150471687317,68408
38.192357778549194,68408
38.193209171295166,68408
38.19407391548157,68408
38.19492864608765,68408
38.19577765464783,68408
38.19663429260254,68408
38.19747829437256,68408
38.19833445549011,68408
38.199185848236084,68408
38.200037717819214,68408
38.20088768005371,68408
38.20174264907837,68408
38.2025945186615,68408
38.20344376564026,68408
38.20430374145508,68408
38.205161809921265,68408
38.20601511001587,68408
38.20686435699463,68408
38.207716941833496,68408
38.20857000350952,68408
38.20941734313965,68408
38.210272550582886,68408
38.21112513542175,68408
38.21197819709778,68408
38.212830781936646,68408
38.2136914730072,68408
38.214537620544434,68408
38.215391635894775,68408
38.21624398231506,68408
38.21709966659546,68408
38.217952251434326,68408
38.21880745887756,68408
38.21966242790222,68408
38.22051024436951,68408
38.22136402130127,68408
38.22221851348877,68408
38.223071336746216,68408
38.223939180374146,68408
38.22479248046875,68408
38.22564697265625,68408
38.2264940738678,68408
38.227344274520874,68408
38.22819447517395,68408
38.22905230522156,68408
38.229904890060425,68408
38.23075580596924,68408
38.231608390808105,68408
38.23245573043823,68408
38.23330211639404,68408
38.23416519165039,68408
38.23502039909363,68408
38.23587417602539,68408
38.2367262840271,68408
38.23757719993591,68408
38.23842263221741,68408
38.23927640914917,68408
38.24012732505798,68408
38.24098062515259,68408
38.24183392524719,68408
38.24268698692322,68408
38.243531942367554,68408
38.24439525604248,68408
38.24524807929993,68408
38.246108293533325,68408
38.246962785720825,68408
38.24781274795532,68408
38.24866795539856,68408
38.249512672424316,68408
38.25036072731018,68408
38.2512149810791,68408
38.25206804275513,68408
38.252925395965576,68408
38.25378084182739,68408
38.25463533401489,68408
38.2554817199707,68408
38.25633525848389,68408
38.25718688964844,68408
38.25804305076599,68408
38.25889468193054,68408
38.259750843048096,68408
38.26060390472412,68408
38.26145005226135,68408
38.2623028755188,68408
38.26315879821777,68408
38.26402020454407,68408
38.264877796173096,68408
38.26573038101196,68408
38.26657843589783,68408
38.267425775527954,68408
38.268274784088135,68408
38.26913022994995,68408
38.26998591423035,68408
38.270835876464844,68408
38.27168869972229,68408
38.272533655166626,68408
38.27338719367981,68408
38.274254322052,68408
38.27511024475098,68408
38.27596306800842,68408
38.276817083358765,68408
38.27767014503479,68408
38.278520822525024,68408
38.279370069503784,68408
38.28022575378418,68408
38.28108072280884,68408
38.28193664550781,68408
38.28278851509094,68408
38.283655643463135,68408
38.28450083732605,68408
38.28535604476929,68408
38.28620719909668,68408
38.28706097602844,68408
38.287914991378784,68408
38.2887704372406,68408
38.28962445259094,68408
38.290470600128174,68408
38.29131817817688,68408
38.29217076301575,68408
38.29302263259888,68408
38.29388499259949,68408
38.29473805427551,68408
38.29558563232422,68408
38.29643273353577,68408
38.29728817939758,68408
38.29814052581787,68408
38.298993825912476,68408
38.29984259605408,68408
38.30069613456726,68408
38.3015410900116,68408
38.30239510536194,68408
38.30324983596802,68408
38.30411720275879,68408
38.30497074127197,68408
38.305823802948,68408
38.30667448043823,68408
38.30752158164978,68408
38.3083713054657,68408
38.309224128723145,68408
38.31007647514343,68408
38.310933113098145,68408
38.311787128448486,68408
38.312641859054565,68408
38.31348657608032,68408
38.314345598220825,68408
38.315205335617065,68408
38.316057443618774,68408
38.31691122055054,68408
38.317765951156616,68408
38.31861996650696,68408
38.31946682929993,68408
38.320324182510376,68408
38.321181535720825,68408
38.32203555107117,68408
38.32288908958435,68408
38.32374954223633,68408
38.32460403442383,68408
38.32544803619385,68408
38.32630014419556,68408
38.327152252197266,68408
38.32800579071045,68408
38.328858852386475,68408
38.329710483551025,68408
38.330554246902466,68408
38.33140468597412,68408
38.332260608673096,68408
38.333115100860596,68408
38.333980560302734,68408
38.334834814071655,68408
38.33569002151489,68408
38.336538314819336,68408
38.33739352226257,68408
38.33824419975281,68408
38.33909797668457,68408
38.33995342254639,68408
38.34080481529236,68408
38.34165978431702,68408
38.34250211715698,68408
38.343353271484375,68408
38.34421730041504,68408
38.34507346153259,68408
38.345925092697144,68408
38.346778869628906,68408
38.347633600234985,68408
38.348483085632324,68408
38.3493332862854,68408
38.35018539428711,68408
38.35103893280029,68408
38.351893186569214,68408
38.35274863243103,68408
38.35360765457153,68408
38.35445308685303,68408
38.35530734062195,68408
38.35615825653076,68408
38.357014179229736,68408
38.35786581039429,68408
38.358718156814575,68408
38.35956788063049,68408
38.360416650772095,68408
38.36126923561096,68408
38.362120389938354,68408
38.36297297477722,68408
38.36383008956909,68408
38.3646821975708,68408
38.3655309677124,68408
38.36638069152832,68408
38.36723470687866,68408
38.368085861206055,68408
38.36894130706787,68408
38.36979007720947,68408
38.37064266204834,68408
38.371490478515625,68408
38.372342348098755,68408
38.37319326400757,68408
38.374061584472656,68408
38.374916315078735,68408
38.37576723098755,68408
38.37662053108215,68408
38.377464294433594,68408
38.378315687179565,68408
38.37916874885559,68408
38.38001990318298,68408
38.38087224960327,68408
38.38172388076782,68408
38.382585525512695,68408
38.38343048095703,68408
38.38429522514343,68408
38.38514995574951,68408
38.38600516319275,68408
38.386860370635986,68408
38.387717962265015,68408
38.38856601715088,68408
38.38941049575806,68408
38.39026188850403,68408
38.39111065864563,68408
38.39196276664734,68408
38.392813205718994,68408
38.39367461204529,68408
38.39452385902405,68408
38.39537215232849,68408
38.39623045921326,68408
38.39708232879639,68408
38.39793372154236,68408
38.39878702163696,68408
38.39964270591736,68408
38.40048909187317,68408
38.40134119987488,68408
38.40219330787659,68408
38.4030499458313,68408
38.40391492843628,68408
38.40476632118225,68408
38.40562200546265,68408
38.40646409988403,68408
38.407310485839844,68408
38.40816521644592,68408
38.409019231796265,68408
38.40987038612366,68408
38.41072082519531,68408
38.41157269477844,68408
38.412413358688354,68408
38.413264751434326,68408
38.41412830352783,68408
38.41498279571533,68408
38.415834188461304,68408
38.416688442230225,68408
38.417532205581665,68408
38.418381690979004,68408
38.41923189163208,68408
38.420086145401,68408
38.420939207077026,68408
38.421791553497314,68408
38.4226438999176,68408
38.42349147796631,68408
38.42435121536255,68408
38.42520356178284,68408
38.426056146621704,68408
38.4269061088562,68408
38.42775797843933,68408
38.42861270904541,68408
38.42945861816406,68408
38.43031096458435,68408
38.43116736412048,68408
38.43202090263367,68408
38.43287491798401,68408
38.43373703956604,68408
38.434587240219116,68408
38.435436725616455,68408
38.43628692626953,68408
38.43714427947998,68408
38.43799543380737,68408
38.43884491920471,68408
38.43969655036926,68408
38.44054341316223,68408
38.44139552116394,68408
38.44224786758423,68408
38.44310116767883,68408
38.44396948814392,68408
38.44482088088989,68408
38.44567513465881,68408
38.44652056694031,68408
38.44736933708191,68408
38.4482216835022,68408
38.4490761756897,68408
38.44992756843567,68408
38.45078158378601,68408
38.45163035392761,68408
38.45247554779053,68408
38.453330516815186,68408
38.4541962146759,68408
38.4550507068634,68408
38.4559063911438,68408
38.45675539970398,68408
38.457608461380005,68408
38.45845437049866,68408
38.45930767059326,68408
38.46015810966492,68408
38.461012840270996,68408
38.4618616104126,68408
38.462714433670044,68408
38.46356987953186,68408
38.46442222595215,68408
38.46527576446533,68408
38.46612763404846,68408
38.46698260307312,68408
38.46783518791199,68408
38.46868658065796,68408
38.46953248977661,68408
38.47038388252258,68408
38.47123646736145,68408
38.472086668014526,68408
38.47294092178345,68408
38.473801612854004,68408
38.474655866622925,68408
38.475502014160156,68408
38.47635507583618,68408
38.4772093296051,68408
38.478063344955444,68408
38.47891712188721,68408
38.47976756095886,68408
38.48061966896057,68408
38.481467485427856,68408
38.48231768608093,68408
38.48317098617554,68408
38.48403716087341,68408
38.48490285873413,68408
38.485755920410156,68408
38.48660683631897,68408
38.487451791763306,68408
38.48830461502075,68408
38.48915767669678,68408
38.49001121520996,68408
38.4908652305603,68408
38.49171853065491,68408
38.49256777763367,68408
38.49341583251953,68408
38.49427890777588,68408
38.49513483047485,68408
38.495988607406616,68408
38.4968421459198,68408
38.49769353866577,68408
38.49854135513306,68408
38.49939274787903,68408
38.50024628639221,68408
38.501100301742554,68408
38.50195527076721,68408
38.502806663513184,68408
38.50367093086243,68408
38.50451707839966,68408
38.50537133216858,68408
38.506226539611816,68408
38.50708079338074,68408
38.50793266296387,68408
38.50878286361694,68408
38.50963592529297,68408
38.5104820728302,68408
38.511332273483276,68408
38.51219034194946,68408
38.51304340362549,68408
38.51390480995178,68408
38.51475787162781,68408
38.51561212539673,68408
38.51646018028259,68408
38.517311334609985,68408
38.5181667804718,68408
38.5190212726593,68408
38.51987147331238,68408
38.520724296569824,68408
38.52157521247864,68408
38.52242469787598,68408
38.523277282714844,68408
38.52414393424988,68408
38.52499604225159,68408
38.52584743499756,68408
38.52669978141785,68408
38.5275456905365,68408
38.52839469909668,68408
38.5292489528656,68408
38.53010582923889,68408
38.53096008300781,68408
38.531811237335205,68408
38.5326669216156,68408
38.533512115478516,68408
38.53437352180481,68408
38.53522872924805,68408
38.53608226776123,68408
38.536935806274414,68408
38.53778862953186,68408
38.53864073753357,68408
38.53948760032654,68408
38.540340423583984,68408
38.54119253158569,68408
38.5420458316803,68408
38.54290270805359,68408
38.54375982284546,68408
38.544615030288696,68408
38.54545569419861,68408
38.5463080406189,68408
38.547160625457764,68408
38.54801297187805,68408
38.548866987228394,68408
38.54972243309021,68408
38.550573110580444,68408
38.551419734954834,68408
38.55227208137512,68408
38.55312538146973,68408
38.5539915561676,68408
38.55484175682068,68408
38.55569672584534,68408
38.55654263496399,68408
38.557395935058594,68408
38.55825066566467,68408
38.5591082572937,68408
38.55996370315552,68408
38.56081700325012,68408
38.56167006492615,68408
38.562520265579224,68408
38.56337833404541,68408
38.56424307823181,68408
38.56509876251221,68408
38.56595206260681,68408
38.566805601119995,68408
38.56765937805176,68408
38.568503618240356,68408
38.56935405731201,68408
38.57020950317383,68408
38.57106161117554,68408
38.57191443443298,68408
38.572766065597534,68408
38.57363247871399,68408
38.574480295181274,68408
38.57533407211304,68408
38.576188802719116,68408
38.57704520225525,68408
38.5778968334198,68408
38.57874941825867,68408
38.57959794998169,68408
38.58044147491455,68408
38.581292152404785,68408
38.58214282989502,68408
38.58299517631531,68408
38.58385610580444,68408
38.584702253341675,68408
38.585548639297485,68408
38.586400270462036,68408
38.58725595474243,68408
38.5881073474884,68408
38.58896064758301,68408
38.58981132507324,68408
38.590678215026855,68408
38.59152865409851,68408
38.59238243103027,68408
38.593236446380615,68408
38.59410285949707,68408
38.594955921173096,68408
38.595804929733276,68408
38.596662759780884,68408
38.59750819206238,68408
38.59835720062256,68408
38.59921193122864,68408
38.60006523132324,68408
38.60092353820801,68408
38.60177254676819,68408
38.60262727737427,68408
38.603471994400024,68408
38.60433554649353,68408
38.60518980026245,68408
38.606043338775635,68408
38.6068971157074,68408
38.60776209831238,68408
38.60861587524414,68408
38.60945987701416,68408
38.61030960083008,68408
38.61116576194763,68408
38.61201763153076,68408
38.61287069320679,68408
38.613728761672974,68408
38.61458110809326,68408
38.6154305934906,68408
38.61628007888794,68408
38.61713528633118,68408
38.6179883480072,68408
38.61883735656738,68408
38.619691133499146,68408
38.620534896850586,68408
38.62138772010803,68408
38.622241497039795,68408
38.62310028076172,68408
38.62396478652954,68408
38.62481880187988,68408
38.625672578811646,68408
38.626516819000244,68408
38.627368688583374,68408
38.628225803375244,68408
38.629077196121216,68408
38.6299307346344,68408
38.630781412124634,68408
38.63163995742798,68408
38.63248610496521,68408
38.6333384513855,68408
38.63420486450195,68408
38.63505983352661,68408
38.63591384887695,68408
38.6367666721344,68408
38.63761782646179,68408
38.6384642124176,68408
38.63931322097778,68408
38.640167474746704,68408
38.64102268218994,68408
38.64187526702881,68408
38.64272689819336,68408
38.643582820892334,68408
38.64443063735962,68408
38.64528679847717,68408
38.646140813827515,68408
38.64699602127075,68408
38.64784502983093,68408
38.64870285987854,68408
38.64954710006714,68408
38.65039944648743,68408
38.651254415512085,68408
38.652111768722534,68408
38.6529643535614,68408
38.653828620910645,68408
38.65467834472656,68408
38.65552735328674,68408
38.65638041496277,68408
38.65723514556885,68408
38.65808916091919,68408
38.658944845199585,68408
38.659794330596924,68408
38.66064763069153,68408
38.661492347717285,68408
38.662346839904785,68408
38.66319751739502,68408
38.664063930511475,68408
38.664915800094604,68408
38.66576957702637,68408
38.666624784469604,68408
38.66747713088989,68408
38.66833281517029,68408
38.66918730735779,68408
38.67003870010376,68408
38.67089056968689,68408
38.67174410820007,68408
38.67259979248047,68408
38.6734459400177,68408
38.674304723739624,68408
38.67515802383423,68408
38.67601537704468,68408
38.67686891555786,68408
38.67772054672241,68408
38.67857074737549,68408
38.679418325424194,68408
38.68026900291443,68408
38.68112564086914,68408
38.68197798728943,68408
38.68282914161682,68408
38.6836941242218,68408
38.6845440864563,68408
38.68539905548096,68408
38.68625259399414,68408
38.68710708618164,68408
38.687962770462036,68408
38.68881440162659,68408
38.68967056274414,68408
38.69051647186279,68408
38.691367626190186,68408
38.6922242641449,68408
38.69308376312256,68408
38.69394826889038,68408
38.694801568984985,68408
38.69565463066101,68408
38.69650363922119,68408
38.69735789299011,68408
38.69821333885193,68408
38.69906711578369,68408
38.69992160797119,68408
38.70077157020569,68408
38.70162057876587,68408
38.70246338844299,68408
38.70331645011902,68408
38.704182147979736,68408
38.705037117004395,68408
38.70589017868042,68408
38.70674705505371,68408
38.707600355148315,68408
38.70844578742981,68408
38.70929741859436,68408
38.710153102874756,68408
38.71100687980652,68408
38.71185851097107,68408
38.712709188461304,68408
38.7135546207428,68408
38.714415073394775,68408
38.71526646614075,68408
38.71612000465393,68408
38.71697783470154,68408
38.71782946586609,68408
38.71868324279785,68408
38.719528913497925,68408
38.72038221359253,68408
38.721232652664185,68408
38.72208571434021,68408
38.722938537597656,68408
38.72380018234253,68408
38.724656105041504,68408
38.725502252578735,68408
38.726354122161865,68408
38.72720956802368,68408
38.72806692123413,68408
38.72892093658447,68408
38.72976875305176,68408
38.73062229156494,68408
38.731467723846436,68408
38.732314348220825,68408
38.73316836357117,68408
38.73403549194336,68408
38.73488783836365,68408
38.73574090003967,68408
38.736587047576904,68408
38.73743724822998,68408
38.7382915019989,68408
38.739144802093506,68408
38.73999786376953,68408
38.74085235595703,68408
38.74170398712158,68408
38.7425491809845,68408
38.743398666381836,68408
38.74426555633545,68408
38.745118141174316,68408
38.745970010757446,68408
38.74682426452637,68408
38.7476749420166,68408
38.74851942062378,68408
38.74937081336975,68408
38.750223875045776,68408
38.751081466674805,68408
38.751933097839355,68408
38.75278377532959,68408
38.75364899635315,68408
38.75449800491333,68408
38.75534772872925,68408
38.75620102882385,68408
38.757057666778564,68408
38.75791382789612,68408
38.75876593589783,68408
38.75962018966675,68408
38.76046705245972,68408
38.76131987571716,68408
38.76217436790466,68408
38.763028621673584,68408
38.763893604278564,68408
38.76474618911743,68408
38.76559805870056,68408
38.76644778251648,68408
38.767297983169556,68408
38.76815152168274,68408
38.769004583358765,68408
38.76986479759216,68408
38.77071666717529,68408
38.77156734466553,68408
38.77241516113281,68408
38.773263454437256,68408
38.7741277217865,68408
38.77498507499695,68408
38.775837421417236,68408
38.77669286727905,68408
38.77753829956055,68408
38.77839374542236,68408
38.77924346923828,68408
38.78009510040283,68408
38.78095245361328,68408
38.78180551528931,68408
38.78265714645386,68408
38.78350520133972,68408
38.78436803817749,68408
38.785223722457886,68408
38.78607964515686,68408
38.7869348526001,68408
38.787785053253174,68408
38.78863787651062,68408
38.789483308792114,68408
38.79033637046814,68408
38.7911913394928,68408
38.79204607009888,68408
38.79290056228638,68408
38.79376268386841,68408
38.79461622238159,68408
38.795464754104614,68408
38.796313762664795,68408
38.79716992378235,68408
38.79802417755127,68408
38.79887938499451,68408
38.79973101615906,68408
38.80058312416077,68408
38.801430463790894,68408
38.802284240722656,68408
38.80313968658447,68408
38.80400538444519,68408
38.80485725402832,68408
38.80570983886719,68408
38.80655527114868,68408
38.80740451812744,68408
38.80826258659363,68408
38.80911469459534,68408
38.80996823310852,68408
38.81081938743591,68408
38.81167197227478,68408
38.812519788742065,68408
38.813371658325195,68408
38.81423854827881,68408
38.81509470939636,68408
38.8159499168396,68408
38.81680393218994,68408
38.81765937805176,68408
38.818506479263306,68408
38.81935906410217,68408
38.820210218429565,68408
38.82106614112854,68408
38.82191824913025,68408
38.82277226448059,68408
38.823633670806885,68408
38.82448101043701,68408
38.825331687927246,68408
38.82618546485901,68408
38.82703948020935,68408
38.82789158821106,68408
38.82874155044556,68408
38.82959342002869,68408
38.83043956756592,68408
38.831294298172,68408
38.83214020729065,68408
38.832993030548096,68408
38.83385133743286,68408
38.8347053527832,68408
38.83555054664612,68408
38.836405515670776,68408
38.8372597694397,68408
38.83811569213867,68408
38.838969230651855,68408
38.839823961257935,68408
38.840672731399536,68408
38.84151792526245,68408
38.842366218566895,68408
38.843220710754395,68408
38.84408688545227,68408
38.84494352340698,68408
38.845794439315796,68408
38.84665036201477,68408
38.84749388694763,68408
38.8483452796936,68408
38.8491997718811,68408
38.850054025650024,68408
38.85090661048889,68408
38.85176157951355,68408
38.85261392593384,68408
38.85345911979675,68408
38.85432028770447,68408
38.855178356170654,68408
38.856032371520996,68408
38.85688829421997,68408
38.85773992538452,68408
38.858588457107544,68408
38.8594331741333,68408
38.86028575897217,68408
38.86114239692688,68408
38.861998319625854,68408
38.862847328186035,68408
38.86371088027954,68408
38.86455535888672,68408
38.86540722846985,68408
38.86625695228577,68408
38.8671133518219,68408
38.86796522140503,68408
38.868818044662476,68408
38.8696722984314,68408
38.87051844596863,68408
38.87137007713318,68408
38.87222599983215,68408
38.8730788230896,68408
38.87394142150879,68408
38.874794721603394,68408
38.875648498535156,68408
38.87649440765381,68408
38.877346992492676,68408
38.878201484680176,68408
38.8790557384491,68408
38.87990617752075,68408
38.880756855010986,68408
38.88160848617554,68408
38.88245606422424,68408
38.88330841064453,68408
38.88417625427246,68408
38.8850302696228,68408
38.885884523391724,68408
38.88673782348633,68408
38.88758993148804,68408
38.88843584060669,68408
38.8892867565155,68408
38.89014196395874,68408
38.89099717140198,68408
38.89184355735779,68408
38.8926956653595,68408
38.89353632926941,68408
38.89439845085144,68408
38.8952534198761,68408
38.89610815048218,68408
38.89696168899536,68408
38.89781379699707,68408
38.89866280555725,68408
38.8995087146759,68408
38.90036153793335,68408
38.9012176990509,68408
38.902068853378296,68408
38.90292048454285,68408
38.90377759933472,68408
38.904634952545166,68408
38.905476093292236,68408
38.906329870224,68408
38.90718197822571,68408
38.90803790092468,68408
38.90888953208923,68408
38.90974307060242,68408
38.91059136390686,68408
38.911439418792725,68408
38.912291526794434,68408
38.91314482688904,68408
38.91400861740112,68408
38.91486406326294,68408
38.91571545600891,68408
38.91656756401062,68408
38.91741371154785,68408
38.918267250061035,68408
38.91911959648132,68408
38.91997575759888,68408
38.92082452774048,68408
38.92167830467224,68408
38.922523021698,68408
38.92337656021118,68408
38.92423939704895,68408
38.92509627342224,68408
38.92594647407532,68408
38.92679691314697,68408
38.9276487827301,68408
38.92849588394165,68408
38.92934465408325,68408
38.930198192596436,68408
38.931052684783936,68408
38.931907653808594,68408
38.93275856971741,68408
38.9336211681366,68408
38.93446612358093,68408
38.93531942367554,68408
38.93617105484009,68408
38.93702507019043,68408
38.93787860870361,68408
38.9387321472168,68408
38.93958139419556,68408
38.94042706489563,68408
38.94127869606018,68408
38.94213604927063,68408
38.94298791885376,68408
38.94384407997131,68408
38.94469928741455,68408
38.94554781913757,68408
38.94640064239502,68408
38.947253704071045,68408
38.94810724258423,68408
38.94896173477173,68408
38.94981408119202,68408
38.95066595077515,68408
38.95150947570801,68408
38.952364444732666,68408
38.95321846008301,68408
38.954084157943726,68408
38.95493793487549,68408
38.955790996551514,68408
38.95664572715759,68408
38.95749354362488,68408
38.95834755897522,68408
38.95920133590698,68408
38.96005296707153,68408
38.96090602874756,68408
38.96175837516785,68408
38.96261548995972,68408
38.96346068382263,68408
38.96432065963745,68408
38.965171813964844,68408
38.966026306152344,68408
38.96687960624695,68408
38.967735290527344,68408
38.96858501434326,68408
38.96943426132202,68408
38.97028565406799,68408
38.97114086151123,68408
38.972007036209106,68408
38.97286319732666,68408
38.97372794151306,68408
38.974578619003296,68408
38.97542595863342,68408
38.97627854347229,68408
38.97713255882263,68408
38.977985858917236,68408
38.978832960128784,68408
38.97968864440918,68408
38.98053216934204,68408
38.98138475418091,68408
38.98223519325256,68408
38.983088970184326,68408
38.983951568603516,68408
38.98481321334839,68408
38.98567056655884,68408
38.98651719093323,68408
38.98736643791199,68408
38.98822498321533,68408
38.98907685279846,68408
38.98993372917175,68408
38.99078416824341,68408
38.99163627624512,68408
38.99248123168945,68408
38.99333667755127,68408
38.99419951438904,68408
38.99505114555359,68408
38.9959020614624,68408
38.99676489830017,68408
38.99761772155762,68408
38.99846267700195,68408
38.99931311607361,68408
39.00016951560974,68408
39.00102233886719,68408
39.001879930496216,68408
39.002732038497925,68408
39.003591537475586,68408
39.004438400268555,68408
39.005290508270264,68408
39.00614261627197,68408
39.00699734687805,68408
39.007848024368286,68408
39.00870370864868,68408
39.00954866409302,68408
39.01039791107178,68408
39.01124978065491,68408
39.012102365493774,68408
39.01295614242554,68408
39.01381826400757,68408
39.01467156410217,68408
39.015517711639404,68408
39.0163688659668,68408
39.01722741127014,68408
39.0180823802948,68408
39.01893210411072,68408
39.01978540420532,68408
39.02063751220703,68408
39.021483182907104,68408
39.022345304489136,68408
39.02319812774658,68408
39.0240683555603,68408
39.0249240398407,68408
39.02577805519104,68408
39.0266330242157,68408
39.027480125427246,68408
39.02833127975464,68408
39.02918291091919,68408
39.03003668785095,68408
39.03088903427124,68408
39.03174090385437,68408
39.03259253501892,68408
39.03343725204468,68408
39.034308195114136,68408
39.035160303115845,68408
39.036014795303345,68408
39.03686547279358,68408
39.03772187232971,68408
39.03856945037842,68408
39.039417028427124,68408
39.04026746749878,68408
39.04112458229065,68408
39.04197692871094,68408
39.04283118247986,68408
39.04369497299194,68408
39.044541120529175,68408
39.045395374298096,68408
39.04625082015991,68408
39.04710412025452,68408
39.04795742034912,68408
39.04880404472351,68408
39.0496551990509,68408
39.05050015449524,68408
39.051350355148315,68408
39.052201986312866,68408
39.053056478500366,68408
39.053919315338135,68408
39.054771184921265,68408
39.05561923980713,68408
39.056466579437256,68408
39.05731725692749,68408
39.05817127227783,68408
39.059022426605225,68408
39.05987477302551,68408
39.060729026794434,68408
39.06158232688904,68408
39.062424182891846,68408
39.06327557563782,68408
39.0641405582428,68408
39.064998149871826,68408
39.0658495426178,68408
39.066699504852295,68408
39.06754732131958,68408
39.068400144577026,68408
39.06925415992737,68408
39.07010817527771,68408
39.07096219062805,68408
39.071815490722656,68408
39.07266426086426,68408
39.073509216308594,68408
39.07437252998352,68408
39.07522797584534,68408
39.07608246803284,68408
39.076937675476074,68408
39.077789068222046,68408
39.078643798828125,68408
39.07948923110962,68408
39.08034372329712,68408
39.0811972618103,68408
39.08205509185791,68408
39.08290910720825,68408
39.08377027511597,68408
39.084622383117676,68408
39.0854709148407,68408
39.08632230758667,68408
39.08717703819275,68408
39.088029861450195,68408
39.088884592056274,68408
39.089736461639404,68408
39.090590715408325,68408
39.091434717178345,68408
39.092291831970215,68408
39.09314155578613,68408
39.09400701522827,68408
39.09485912322998,68408
39.095712661743164,68408
39.09655714035034,68408
39.0974063873291,68408
39.098260164260864,68408
39.09911561012268,68408
39.09997081756592,68408
39.10082507133484,68408
39.101677894592285,68408
39.10252809524536,68408
39.10338592529297,68408
39.10425066947937,68408
39.105106592178345,68408
39.105960845947266,68408
39.106812715530396,68408
39.107664585113525,68408
39.1085102558136,68408
39.10936212539673,68408
39.11021542549133,68408
39.11106777191162,68408
39.11191987991333,68408
39.11277151107788,68408
39.11362862586975,68408
39.11448121070862,68408
39.11533784866333,68408
39.11619424819946,68408
39.117048501968384,68408
39.11790323257446,68408
39.118754148483276,68408
39.11960792541504,68408
39.120455265045166,68408
39.121307134628296,68408
39.12216258049011,68408
39.12301754951477,68408
39.12388300895691,68408
39.12474036216736,68408
39.12559103965759,68408
39.12643551826477,68408
39.12729048728943,68408
39.12814402580261,68408
39.12899589538574,68408
39.12985134124756,68408
39.13070487976074,68408
39.13155245780945,68408
39.13240671157837,68408
39.1332585811615,68408
39.134124994277954,68408
39.13497972488403,68408
39.13583254814148,68408
39.1366868019104,68408
39.13753128051758,68408
39.13838601112366,68408
39.13923716545105,68408
39.1400933265686,68408
39.14094662666321,68408
39.14180111885071,68408
39.14265465736389,68408
39.14350342750549,68408
39.14436674118042,68408
39.14522123336792,68408
39.14607548713684,68408
39.14693236351013,68408
39.147783279418945,68408
39.14864158630371,68408
39.14948773384094,68408
39.15034341812134,68408
39.1511971950531,68408
39.15205216407776,68408
39.15290689468384,68408
39.15377378463745,68408
39.15462589263916,68408
39.15547585487366,68408
39.15633010864258,68408
39.15718913078308,68408
39.15804600715637,68408
39.15890312194824,68408
39.15975642204285,68408
39.160611391067505,68408
39.161458015441895,68408
39.16231107711792,68408
39.16316604614258,68408
39.16403388977051,68408
39.1648907661438,68408
39.16574668884277,68408
39.166600465774536,68408
39.167450189590454,68408
39.16830325126648,68408
39.169158697128296,68408
39.17001485824585,68408
39.17087268829346,68408
39.17172956466675,68408
39.17258381843567,68408
39.173431634902954,68408
39.17429852485657,68408
39.17515516281128,68408
39.17601132392883,68408
39.176865577697754,68408
39.177722454071045,68408
39.17857241630554,68408
39.179420471191406,68408
39.18027186393738,68408
39.181127309799194,68408
39.18198323249817,68408
39.18283724784851,68408
39.18370032310486,68408
39.1845486164093,68408
39.18539762496948,68408
39.18625354766846,68408
39.18710374832153,68408
39.187955379486084,68408
39.188806772232056,68408
39.18966269493103,68408
39.19051265716553,68408
39.19136428833008,68408
39.19221830368042,68408
39.193076372146606,68408
39.19394850730896,68408
39.19480299949646,68408
39.195656061172485,68408
39.19650077819824,68408
39.19735097885132,68408
39.19820761680603,68408
39.199063301086426,68408
39.19991660118103,68408
39.200769662857056,68408
39.20162606239319,68408
39.20247411727905,68408
39.203325510025024,68408
39.20419192314148,68408
39.20504903793335,68408
39.20590305328369,68408
39.206756591796875,68408
39.2076096534729,68408
39.20845818519592,68408
39.209309101104736,68408
39.2101628780365,68408
39.2110161781311,68408
39.211872577667236,68408
39.212727308273315,68408
39.21358633041382,68408
39.21443247795105,68408
39.21528768539429,68408
39.21614193916321,68408
39.216997385025024,68408
39.21784996986389,68408
39.21870493888855,68408
39.219550132751465,68408
39.2204053401947,68408
39.221258878707886,68408
39.222113847732544,68408
39.22297191619873,68408
39.22383141517639,68408
39.22468543052673,68408
39.22553324699402,68408
39.2263822555542,68408
39.22723412513733,68408
39.22808861732483,68408
39.228946685791016,68408
39.22979712486267,68408
39.23064947128296,68408
39.23149251937866,68408
39.232343673706055,68408
39.23319959640503,68408
39.234065532684326,68408
39.23491978645325,68408
39.23576903343201,68408
39.23662209510803,68408
39.23746919631958,68408
39.23832106590271,68408
39.239181995391846,68408
39.24003863334656,68408
39.24089479446411,68408
39.24174761772156,68408
39.24260234832764,68408
39.243449449539185,68408
39.24431109428406,68408
39.24517107009888,68408
39.246028661727905,68408
39.24688005447388,68408
39.24773550033569,68408
39.24858474731445,68408
39.24943161010742,68408
39.25028204917908,68408
39.251137495040894,68408
39.25199007987976,68408
39.25284790992737,68408
39.25371265411377,68408
39.254565954208374,68408
39.255414724349976,68408
39.25627040863037,68408
39.25712275505066,68408
39.25797653198242,68408
39.25882649421692,68408
39.259681224823,68408
39.26052641868591,68408
39.26137566566467,68408
39.262227296829224,68408
39.26308512687683,68408
39.26395058631897,68408
39.26480269432068,68408
39.26565623283386,68408
39.26650404930115,68408
39.267354011535645,68408
39.268208503723145,68408
39.2690634727478,68408
39.26991677284241,68408
39.270771503448486,68408
39.27162432670593,68408
39.27246618270874,68408
39.27332067489624,68408
39.27418613433838,68408
39.275044202804565,68408
39.275896310806274,68408
39.27675247192383,68408
39.277599573135376,68408
39.27844524383545,68408
39.27929639816284,68408
39.280152797698975,68408
39.28100895881653,68408
39.28186559677124,68408
39.28271794319153,68408
39.28357744216919,68408
39.284428119659424,68408
39.28528141975403,68408
39.286134481430054,68408
39.28698968887329,68408
39.28783869743347,68408
39.28869271278381,68408
39.28953790664673,68408
39.29038858413696,68408
39.29124593734741,68408
39.29210066795349,68408
39.29295372962952,68408
39.29381823539734,68408
39.2946720123291,68408
39.29551553726196,68408
39.29636287689209,68408
39.29721784591675,68408
39.298070192337036,68408
39.29892325401306,68408
39.29977798461914,68408
39.30063533782959,68408
39.301483154296875,68408
39.302337408065796,68408
39.30319261550903,68408
39.30405902862549,68408
39.30491352081299,68408
39.30576252937317,68408
39.3066189289093,68408
39.30746579170227,68408
39.30831575393677,68408
39.309168577194214,68408
39.310023069381714,68408
39.31087827682495,68408
39.311726570129395,68408
39.31257939338684,68408
39.3134229183197,68408
39.314287424087524,68408
39.31514048576355,68408
39.31599807739258,68408
39.31684923171997,68408
39.31770300865173,68408
39.31854796409607,68408
39.31940245628357,68408
39.320255756378174,68408
39.32111406326294,68408
39.32197141647339,68408
39.32282328605652,68408
39.323683738708496,68408
39.3245313167572,68408
39.32538199424744,68408
39.32623624801636,68408
39.32708954811096,68408
39.32794547080994,68408
39.32879710197449,68408
39.32965159416199,68408
39.3304979801178,68408
39.331350326538086,68408
39.33220434188843,68408
39.33306169509888,68408
39.3339262008667,68408
39.33477973937988,68408
39.33563208580017,68408
39.336480140686035,68408
39.337332010269165,68408
39.338186502456665,68408
39.339040994644165,68408
39.33989405632019,68408
39.340744972229004,68408
39.34159708023071,68408
39.342444896698,68408
39.343294858932495,68408
39.34415864944458,68408
39.345014333724976,68408
39.34586787223816,68408
39.34671974182129,68408
39.347567319869995,68408
39.348416328430176,68408
39.349271297454834,68408
39.35012984275818,68408
39.350982666015625,68408
39.351837158203125,68408
39.35268807411194,68408
39.353533029556274,68408
39.35440158843994,68408
39.35525870323181,68408
39.356112003326416,68408
39.356966495513916,68408
39.35781526565552,68408
39.3586688041687,68408
39.3595130443573,68408
39.36036491394043,68408
39.36121940612793,68408
39.3620765209198,68408
39.36292862892151,68408
39.36379075050354,68408
39.36464071273804,68408
39.36548566818237,68408
39.36633777618408,68408
39.36719250679016,68408
39.36804914474487,68408
39.36890459060669,68408
39.369752645492554,68408
39.37060880661011,68408
39.371453046798706,68408
39.37230730056763,68408
39.37316036224365,68408
39.37402582168579,68408
39.3748824596405,68408
39.37573766708374,68408
39.376587867736816,68408
39.37743139266968,68408
39.3782901763916,68408
39.379145860672,68408
39.379995822906494,68408
39.38084888458252,68408
39.38170123100281,68408
39.38255071640015,68408
39.3834023475647,68408
39.3842658996582,68408
39.38511824607849,68408
39.38597321510315,68408
39.38682270050049,68408
39.38767623901367,68408
39.38852334022522,68408
39.38937783241272,68408
39.39023399353027,68408
39.39108920097351,68408
39.39194178581238,68408
39.39279246330261,68408
39.393656730651855,68408
39.39450144767761,68408
39.39535474777222,68408
39.39621114730835,68408
39.39706325531006,68408
39.39791774749756,68408
39.39876842498779,68408
39.399624824523926,68408
39.40047025680542,68408
39.40132260322571,68408
39.40217852592468,68408
39.4030339717865,68408
39.403897285461426,68408
39.40475273132324,68408
39.40560984611511,68408
39.406455993652344,68408
39.407310009002686,68408
39.40816330909729,68408
39.40901708602905,68408
39.40987038612366,68408
39.410719871520996,68408
39.41157150268555,68408
39.41241693496704,68408
39.41327357292175,68408
39.41413974761963,68408
39.41499352455139,68408
39.41584658622742,68408
39.416701316833496,68408
39.4175443649292,68408
39.418399810791016,68408
39.41924977302551,68408
39.420108795166016,68408
39.42095732688904,68408
39.421810150146484,68408
39.42266225814819,68408
39.42350959777832,68408
39.42436981201172,68408
39.425222635269165,68408
39.4260778427124,68408
39.426931858062744,68408
39.42778158187866,68408
39.42863750457764,68408
39.42948293685913,68408
39.43033576011658,68408
39.431191205978394,68408
39.43204593658447,68408
39.4328989982605,68408
39.43376040458679,68408
39.43461728096008,68408
39.43546390533447,68408
39.4363169670105,68408
39.437172174453735,68408
39.438026428222656,68408
39.438883543014526,68408
39.4397349357605,68408
39.44058680534363,68408
39.441428661346436,68408
39.44228219985962,68408
39.44313430786133,68408
39.444000482559204,68408
39.444852113723755,68408
39.445706367492676,68408
39.446552991867065,68408
39.44741082191467,68408
39.44826340675354,68408
39.449116230010986,68408
39.44996881484985,68408
39.45082426071167,68408
39.45167660713196,68408
39.45252275466919,68408
39.45337438583374,68408
39.45424032211304,68408
39.45509743690491,68408
39.45595622062683,68408
39.45681142807007,68408
39.45766830444336,68408
39.45851278305054,68408
39.45936322212219,68408
39.46021795272827,68408
39.46107316017151,68408
39.46192765235901,68408
39.46277952194214,68408
39.4636447429657,68408
39.46449375152588,68408
39.4653434753418,68408
39.46619629859924,68408
39.46704912185669,68408
39.46790099143982,68408
39.468751668930054,68408
39.469608306884766,68408
39.47045826911926,68408
39.471309661865234,68408
39.47216320037842,68408
39.473020792007446,68408
39.47388434410095,68408
39.47474026679993,68408
39.475590467453,68408
39.47644019126892,68408
39.47729229927063,68408
39.47814702987671,68408
39.478999614715576,68408
39.479854583740234,68408
39.48070240020752,68408
39.48154950141907,68408
39.48239731788635,68408
39.48325204849243,68408
39.4841148853302,68408
39.48497200012207,68408
39.48582434654236,68408
39.4866783618927,68408
39.487523317337036,68408
39.488377809524536,68408
39.48922824859619,68408
39.490084409713745,68408
39.49093675613403,68408
39.491788148880005,68408
39.492642879486084,68408
39.493488788604736,68408
39.49434995651245,68408
39.49520468711853,68408
39.496057987213135,68408
39.49690914154053,68408
39.49776220321655,68408
39.49861669540405,68408
39.49946141242981,68408
39.500314235687256,68408
39.50116801261902,68408
39.50202417373657,68408
39.50287461280823,68408
39.50373816490173,68408
39.50459313392639,68408
39.505441427230835,68408
39.506293296813965,68408
39.50714826583862,68408
39.5080029964447,68408
39.50885820388794,68408
39.50970673561096,68408
39.51055383682251,68408
39.51140522956848,68408
39.512256383895874,68408
39.51310992240906,68408
39.513973236083984,68408
39.51482605934143,68408
39.51568126678467,68408
39.51652812957764,68408
39.51737904548645,68408
39.518234968185425,68408
39.51909255981445,68408
39.519948959350586,68408
39.52080225944519,68408
39.521652936935425,68408
39.522504806518555,68408
39.52335548400879,68408
39.52422118186951,68408
39.525073289871216,68408
39.5259313583374,68408
39.5267870426178,68408
39.52763915061951,68408
39.52848196029663,68408
39.52933645248413,68408
39.53018808364868,68408
39.531044721603394,68408
39.53189945220947,68408
39.53275227546692,68408
39.533618450164795,68408
39.53446841239929,68408
39.53531765937805,68408
39.5361750125885,68408
39.537028074264526,68408
39.53788208961487,68408
39.53873372077942,68408
39.53958511352539,68408
39.54043245315552,68408
39.54128932952881,68408
39.54214406013489,68408
39.542996644973755,68408
39.543858766555786,68408
39.54471039772034,68408
39.54555630683899,68408
39.54641127586365,68408
39.547261238098145,68408
39.548115253448486,68408
39.54896807670593,68408
39.54981851577759,68408
39.550671100616455,68408
39.55151844024658,68408
39.552371978759766,68408
39.55322480201721,68408
39.55409216880798,68408
39.55494809150696,68408
39.555797815322876,68408
39.556655168533325,68408
39.55749869346619,68408
39.558347940444946,68408
39.55919909477234,68408
39.56005835533142,68408
39.560911417007446,68408
39.561763286590576,68408
39.562615156173706,68408
39.563464641571045,68408
39.56432271003723,68408
39.5651798248291,68408
39.56603407859802,68408
39.566890716552734,68408
39.56774282455444,68408
39.56859588623047,68408
39.56944131851196,68408
39.570295333862305,68408
39.57114624977112,68408
39.57199954986572,68408
39.57285284996033,68408
39.573718786239624,68408
39.57457137107849,68408
39.575413942337036,68408
39.57626724243164,68408
39.57712125778198,68408
39.57797288894653,68408
39.57882642745972,68408
39.57967734336853,68408
39.580525159835815,68408
39.58137488365173,68408
39.58223009109497,68408
39.583083629608154,68408
39.58394813537598,68408
39.58479571342468,68408
39.58564853668213,68408
39.58649492263794,68408
39.58734846115112,68408
39.58820152282715,68408
39.58905839920044,68408
39.589911699295044,68408
39.59076452255249,68408
39.59161853790283,68408
39.5924654006958,68408
39.593316078186035,68408
39.5941846370697,68408
39.59503793716431,68408
39.5958890914917,68408
39.596742153167725,68408
39.59759330749512,68408
39.598440647125244,68408
39.59929370880127,68408
39.600146770477295,68408
39.60100221633911,68408
39.601853132247925,68408
39.602705240249634,68408
39.603549003601074,68408
39.60440754890442,68408
39.605257987976074,68408
39.60611391067505,68408
39.60697031021118,68408
39.607832193374634,68408
39.608683824539185,68408
39.609529972076416,68408
39.61038398742676,68408
39.61123871803284,68408
39.61209011077881,68408
39.612943172454834,68408
39.61380338668823,68408
39.614660024642944,68408
39.61550545692444,68408
39.616355895996094,68408
39.6172080039978,68408
39.61806058883667,68408
39.6189124584198,68408
39.61976718902588,68408
39.62062191963196,68408
39.62146830558777,68408
39.62231922149658,68408
39.62317419052124,68408
39.62403678894043,68408
39.624889850616455,68408
39.62574100494385,68408
39.62659168243408,68408
39.627442359924316,68408
39.62829542160034,68408
39.62915062904358,68408
39.630006313323975,68408
39.63086676597595,68408
39.63171911239624,68408
39.632567405700684,68408
39.63341307640076,68408
39.63427472114563,68408
39.6351273059845,68408
39.63598155975342,68408
39.63683557510376,68408
39.63768982887268,68408
39.63853931427002,68408
39.63938856124878,68408
39.6402382850647,68408
39.6410915851593,68408
39.6419472694397,68408
39.642797231674194,68408
39.64365839958191,68408
39.64450454711914,68408
39.64535617828369,68408
39.64620852470398,68408
39.647061824798584,68408
39.64791679382324,68408
39.64876747131348,68408
39.649622201919556,68408
39.650466442108154,68408
39.65131664276123,68408
39.652169942855835,68408
39.65302348136902,68408
39.653886556625366,68408
39.65474247932434,68408
39.65559649467468,68408
39.65644454956055,68408
39.65729761123657,68408
39.65815186500549,68408
39.6590039730072,68408
39.65985417366028,68408
39.66070818901062,68408
39.661553382873535,68408
39.662405014038086,68408
39.663256883621216,68408
39.664122104644775,68408
39.66497492790222,68408
39.665828704833984,68408
39.666682720184326,68408
39.667529582977295,68408
39.66837978363037,68408
39.66923713684082,68408
39.67008996009827,68408
39.6709463596344,68408
39.67179894447327,68408
39.67265748977661,68408
39.673497915267944,68408
39.674360036849976,68408
39.675217628479004,68408
39.67607545852661,68408
39.676929235458374,68408
39.67778158187866,68408
39.67863464355469,68408
39.67948317527771,68408
39.6803343296051,68408
39.6811888217926,68408
39.68204426765442,68408
39.682896852493286,68408
39.683756589889526,68408
39.68461203575134,68408
39.68545842170715,68408
39.68631601333618,68408
39.68716740608215,68408
39.68801665306091,68408
39.68886923789978,68408
39.68972134590149,68408
39.690571784973145,68408
39.69141626358032,68408
39.692267417907715,68408
39.69312357902527,68408
39.693987131118774,68408
39.69483947753906,68408
39.695690870285034,68408
39.696537017822266,68408
39.697391510009766,68408
39.698246479034424,68408
39.69910144805908,68408
39.69995713233948,68408
39.70081114768982,68408
39.70166277885437,68408
39.702507972717285,68408
39.70336318016052,68408
39.704225063323975,68408
39.705079793930054,68408
39.70592999458313,68408
39.70678424835205,68408
39.70763850212097,68408
39.70848298072815,68408
39.70933151245117,68408
39.71018886566162,68408
39.71104431152344,68408
39.71189641952515,68408
39.71274662017822,68408
39.713606119155884,68408
39.71445393562317,68408
39.71530556678772,68408
39.71615958213806,68408
39.71701407432556,68408
39.71786594390869,68408
39.71871876716614,68408
39.7195680141449,68408
39.72041869163513,68408
39.721272468566895,68408
39.722126960754395,68408
39.72297930717468,68408
39.723841190338135,68408
39.724693059921265,68408
39.72553849220276,68408
39.72639036178589,68408
39.72724509239197,68408
39.72809624671936,68408
39.72894763946533,68408
39.72979784011841,68408
39.730650186538696,68408
39.731491804122925,68408
39.732342004776,68408
39.73319745063782,68408
39.734063148498535,68408
39.73491430282593,68408
39.73576593399048,68408
39.736621379852295,68408
39.73746871948242,68408
39.73831748962402,68408
39.73917078971863,68408
39.74002432823181,68408
39.74087953567505,68408
39.74173307418823,68408
39.74258589744568,68408
39.74343490600586,68408
39.74429988861084,68408
39.745152950286865,68408
39.74600625038147,68408
39.74685859680176,68408
39.74771046638489,68408
39.748555421829224,68408
39.74940514564514,68408
39.75025677680969,68408
39.75111269950867,68408
39.751967906951904,68408
39.752819538116455,68408
39.753681898117065,68408
39.75452899932861,68408
39.75537967681885,68408
39.75623440742493,68408
39.75708794593811,68408
39.75794196128845,68408
39.75879168510437,68408
39.759642601013184,68408
39.760488748550415,68408
39.76133871078491,68408
39.76219367980957,68408
39.76304864883423,68408
39.763912200927734,68408
39.764766216278076,68408
39.765620708465576,68408
39.7664680480957,68408
39.76731634140015,68408
39.76816964149475,68408
39.7690212726593,68408
39.769877195358276,68408
39.770729780197144,68408
39.77158570289612,68408
39.77243185043335,68408
39.77328658103943,68408
39.77415108680725,68408
39.77500629425049,68408
39.775858879089355,68408
39.776713132858276,68408
39.7775673866272,68408
39.778417110443115,68408
39.77927088737488,68408
39.78012442588806,68408
39.78097629547119,68408
39.781829833984375,68408
39.782681941986084,68408
39.783528566360474,68408
39.784387826919556,68408
39.785239458084106,68408
39.78609037399292,68408
39.78694462776184,68408
39.78779315948486,68408
39.7886483669281,68408
39.78949475288391,68408
39.790345668792725,68408
39.7912015914917,68408
39.792057037353516,68408
39.792906761169434,68408
39.7937650680542,68408
39.794615507125854,68408
39.79546022415161,68408
39.79630756378174,68408
39.79716444015503,68408
39.79801821708679,68408
39.79887557029724,68408
39.79972767829895,68408
39.800578355789185,68408
39.80142116546631,68408
39.8022735118866,68408
39.803126096725464,68408
39.80398869514465,68408
39.80484318733215,68408
39.80569815635681,68408
39.806540966033936,68408
39.80739402770996,68408
39.808247089385986,68408
39.809102296829224,68408
39.80995512008667,68408
39.810802936553955,68408
39.81165099143982,68408
39.81249713897705,68408
39.81334733963013,68408
39.814210176467896,68408
39.81506037712097,68408
39.815913677215576,68408
39.81676411628723,68408
39.817617893218994,68408
39.81846380233765,68408
39.81931710243225,68408
39.820170402526855,68408
39.82102560997009,68408
39.82187509536743,68408
39.822726011276245,68408
39.823580741882324,68408
39.82442903518677,68408
39.82528376579285,68408
39.82614278793335,68408
39.82699251174927,68408
39.82784628868103,68408
39.828694581985474,68408
39.82954001426697,68408
39.83039331436157,68408
39.8312451839447,68408
39.83209800720215,68408
39.83295440673828,68408
39.83381175994873,68408
39.834660053253174,68408
39.83550477027893,68408
39.83635377883911,68408
39.837204933166504,68408
39.83805847167969,68408
39.83891248703003,68408
39.83976626396179,68408
39.84061789512634,68408
39.841466188430786,68408
39.842315673828125,68408
39.84317064285278,68408
39.84404015541077,68408
39.8448920249939,68408
39.84574484825134,68408
39.84660267829895,68408
39.84744644165039,68408
39.84829521179199,68408
39.849143981933594,68408
39.849998235702515,68408
39.85085201263428,68408
39.85170269012451,68408
39.85254955291748,68408
39.8534038066864,68408
39.854265451431274,68408
39.855124950408936,68408
39.85598111152649,68408
39.85683608055115,68408
39.85769057273865,68408
39.858537912368774,68408
39.859389305114746,68408
39.860241651535034,68408
39.86109757423401,68408
39.86195135116577,68408
39.8628044128418,68408
39.86366605758667,68408
39.864511489868164,68408
39.8653621673584,68408
39.866215229034424,68408
39.86707091331482,68408
39.86792278289795,68408
39.868772983551025,68408
39.869627475738525,68408
39.87047100067139,68408
39.87132263183594,68408
39.87217712402344,68408
39.87302923202515,68408
39.87389588356018,68408
39.874754428863525,68408
39.87560677528381,68408
39.876455307006836,68408
39.87730813026428,68408
39.87816023826599,68408
39.87901520729065,68408
39.87986898422241,68408
39.88072156906128,68408
39.88157081604004,68408
39.88241648674011,68408
39.88326954841614,68408
39.88413691520691,68408
39.88499045372009,68408
39.8858425617218,68408
39.886695861816406,68408
39.88754177093506,68408
39.888394832611084,68408
39.88924860954285,68408
39.890101194381714,68408
39.89095330238342,68408
39.89180040359497,68408
39.892653465270996,68408
39.89349985122681,68408
39.89436221122742,68408
39.89521884918213,68408
39.89607071876526,68408
39.89692187309265,68408
39.8977746963501,68408
39.898624897003174,68408
39.89947175979614,68408
39.90032482147217,68408
39.901180267333984,68408
39.902031660079956,68408
39.902883529663086,68408
39.90374159812927,68408
39.904592514038086,68408
39.90544033050537,68408
39.9062933921814,68408
39.907145261764526,68408
39.9080011844635,68408
39.90885305404663,68408
39.90970420837402,68408
39.910545349121094,68408
39.91140127182007,68408
39.91225290298462,68408
39.91310477256775,68408
39.91396903991699,68408
39.9148223400116,68408
39.91567587852478,68408
39.91652274131775,68408
39.917373180389404,68408
39.918230056762695,68408
39.919081687927246,68408
39.91993761062622,68408
39.92078900337219,68408
39.921642541885376,68408
39.922486782073975,68408
39.923336029052734,68408
39.92420172691345,68408
39.92505717277527,68408
39.92590856552124,68408
39.92676091194153,68408
39.92761540412903,68408
39.92846345901489,68408
39.92931318283081,68408
39.930169105529785,68408
39.93102049827576,68408
39.931872606277466,68408
39.93272590637207,68408
39.933584690093994,68408
39.93443274497986,68408
39.93528985977173,68408
39.93614339828491,68408
39.93699932098389,68408
39.93785095214844,68408
39.93870425224304,68408
39.93955397605896,68408
39.940402030944824,68408
39.941253900527954,68408
39.94210958480835,68408
39.942959785461426,68408
39.94381785392761,68408
39.94466805458069,68408
39.94551634788513,68408
39.946368932724,68408
39.947224617004395,68408
39.948077917099,68408
39.94893026351929,68408
39.94978308677673,68408
39.95063924789429,68408
39.951483726501465,68408
39.95233774185181,68408
39.953190326690674,68408
39.95405626296997,68408
39.9549126625061,68408
39.95576858520508,68408
39.956620931625366,68408
39.95746731758118,68408
39.95831632614136,68408
39.95916986465454,68408
39.960023403167725,68408
39.96087670326233,68408
39.96172857284546,68408
39.96258354187012,68408
39.9634325504303,68408
39.964295864105225,68408
39.96514940261841,68408
39.966004371643066,68408
39.966856718063354,68408
39.96770620346069,68408
39.96855306625366,68408
39.96941018104553,68408
39.970261335372925,68408
39.97111535072327,68408
39.97196912765503,68408
39.972819805145264,68408
39.973681926727295,68408
39.9745306968689,68408
39.97538375854492,68408
39.976240396499634,68408
39.97709679603577,68408
39.97795081138611,68408
39.97879934310913,68408
39.97965216636658,68408
39.980504512786865,68408
39.98135495185852,68408
39.982210636138916,68408
39.983065128326416,68408
39.9839301109314,68408
39.98478603363037,68408
39.98564147949219,68408
39.98648977279663,68408
39.987343311309814,68408
39.98819422721863,68408
39.98904752731323,68408
39.98990321159363,68408
39.99075365066528,68408
39.99160861968994,68408
39.992454290390015,68408
39.99331092834473,68408
39.99417448043823,68408
39.99503016471863,68408
39.99588632583618,68408
39.996742963790894,68408
39.997591733932495,68408
39.99843907356262,68408
39.99929237365723,68408
40.00014638900757,68408
40.00099968910217,68408
40.00185203552246,68408
40.002705812454224,68408
40.00355315208435,68408
40.00441312789917,68408
40.00526571273804,68408
40.006118059158325,68408
40.006972789764404,68408
40.007821559906006,68408
40.00867557525635,68408
40.00951957702637,68408
40.01037335395813,68408
40.01122832298279,68408
40.0120849609375,68408
40.01293730735779,68408
40.01379942893982,68408
40.014652967453,68408
40.0155029296875,68408
40.01635408401489,68408
40.01720690727234,68408
40.01806306838989,68408
40.01891779899597,68408
40.01977181434631,68408
40.020628690719604,68408
40.02147698402405,68408
40.022329330444336,68408
40.023184061050415,68408
40.0240535736084,68408
40.02490854263306,68408
40.025760650634766,68408
40.02661395072937,68408
40.02746057510376,68408
40.02831244468689,68408
40.029165744781494,68408
40.030020236968994,68408
40.03087496757507,68408
40.03172779083252,68408
40.03257727622986,68408
40.033424377441406,68408
40.034289598464966,68408
40.03514289855957,68408
40.03599691390991,68408
40.03684997558594,68408
40.037702798843384,68408
40.038548707962036,68408
40.039403200149536,68408
40.04025888442993,68408
40.04111433029175,68408
40.041969537734985,68408
40.042824268341064,68408
40.04368782043457,68408
40.044535636901855,68408
40.04538822174072,68408
40.04624032974243,68408
40.047094106674194,68408
40.04794931411743,68408
40.04880094528198,68408
40.0496563911438,68408
40.0505051612854,68408
40.05135631561279,68408
40.052212953567505,68408
40.05306625366211,68408
40.0539288520813,68408
40.05478358268738,68408
40.05563712120056,68408
40.05648636817932,68408
40.05733919143677,68408
40.058196783065796,68408
40.05905055999756,68408
40.05990433692932,68408
40.06075835227966,68408
40.0616135597229,68408
40.06245732307434,68408
40.063310861587524,68408
40.064175605773926,68408
40.065030574798584,68408
40.06588435173035,68408
40.06673526763916,68408
40.06758975982666,68408
40.06843876838684,68408
40.06929063796997,68408
40.07014203071594,68408
40.070996046066284,68408
40.07185244560242,68408
40.07270693778992,68408
40.073554277420044,68408
40.07441425323486,68408
40.075271129608154,68408
40.07612586021423,68408
40.07698106765747,68408
40.07783341407776,68408
40.07868504524231,68408
40.07953357696533,68408
40.08038282394409,68408
40.081236124038696,68408
40.08209419250488,68408
40.08294701576233,68408
40.0838086605072,68408
40.08466410636902,68408
40.08551287651062,68408
40.08636498451233,68408
40.08721923828125,68408
40.08807396888733,68408
40.08893179893494,68408
40.08978295326233,68408
40.09063410758972,68408
40.09148025512695,68408
40.09233236312866,68408
40.093188524246216,68408
40.09405446052551,68408
40.09490776062012,68408
40.09575796127319,68408
40.09661078453064,68408
40.09745788574219,68408
40.098308086395264,68408
40.099162340164185,68408
40.10001468658447,68408
40.10086703300476,68408
40.101717472076416,68408
40.10256838798523,68408
40.103413581848145,68408
40.104270696640015,68408
40.10512351989746,68408
40.105979919433594,68408
40.106831550598145,68408
40.107683181762695,68408
40.10852766036987,68408
40.109379529953,68408
40.110230445861816,68408
40.11108350753784,68408
40.11193561553955,68408
40.112786293029785,68408
40.11364769935608,68408
40.11449384689331,68408
40.115342140197754,68408
40.116196155548096,68408
40.117048025131226,68408
40.117899656295776,68408
40.118751525878906,68408
40.11960411071777,68408
40.12044548988342,68408
40.12129497528076,68408
40.122145652770996,68408
40.12300109863281,68408
40.123863697052,68408
40.12471556663513,68408
40.125568866729736,68408
40.126418352127075,68408
40.127272844314575,68408
40.12813067436218,68408
40.128981590270996,68408
40.12983703613281,68408
40.13069248199463,68408
40.131534814834595,68408
40.13238978385925,68408
40.133244037628174,68408
40.13410782814026,68408
40.13495898246765,68408
40.1358106136322,68408
40.13666272163391,68408
40.13750886917114,68408
40.138357639312744,68408
40.13921332359314,68408
40.140069007873535,68408
40.14091897010803,68408
40.14177203178406,68408
40.142621755599976,68408
40.14347195625305,68408
40.14433288574219,68408
40.145185708999634,68408
40.14603853225708,68408
40.14689016342163,68408
40.147743940353394,68408
40.148597240448,68408
40.14944338798523,68408
40.15029740333557,68408
40.1511504650116,68408
40.152005195617676,68408
40.15285682678223,68408
40.1537184715271,68408
40.1545684337616,68408
40.15541219711304,68408
40.15626311302185,68408
40.15711784362793,68408
40.15796780586243,68408
40.15881943702698,68408
40.15967130661011,68408
40.16051912307739,68408
40.1613712310791,68408
40.16222357749939,68408
40.163079023361206,68408
40.1639461517334,68408
40.164796352386475,68408
40.16564750671387,68408
40.16649150848389,68408
40.16734433174133,68408
40.16819906234741,68408
40.169053077697754,68408
40.16990542411804,68408
40.170756816864014,68408
40.171605825424194,68408
40.17245554924011,68408
40.17330765724182,68408
40.17417335510254,68408
40.17502689361572,68408
40.175880908966064,68408
40.1767315864563,68408
40.1775803565979,68408
40.178428173065186,68408
40.17928147315979,68408
40.180134534835815,68408
40.18099236488342,68408
40.18184566497803,68408
40.18269872665405,68408
40.18354392051697,68408
40.18440341949463,68408
40.18525552749634,68408
40.18610858917236,68408
40.186959743499756,68408
40.187814474105835,68408
40.18866419792175,68408
40.18951058387756,68408
40.19036149978638,68408
40.19121861457825,68408
40.192073822021484,68408
40.19292736053467,68408
40.19378423690796,68408
40.194639444351196,68408
40.19548201560974,68408
40.196329832077026,68408
40.197182178497314,68408
40.19803762435913,68408
40.19889044761658,68408
40.199743032455444,68408
40.20059561729431,68408
40.201446294784546,68408
40.20229887962341,68408
40.203153133392334,68408
40.204017639160156,68408
40.204875469207764,68408
40.20572543144226,68408
40.20657420158386,68408
40.207420110702515,68408
40.208277225494385,68408
40.20912957191467,68408
40.20998477935791,68408
40.21083211898804,68408
40.21168231964111,68408
40.21252632141113,68408
40.21337413787842,68408
40.2142436504364,68408
40.215102195739746,68408
40.21595597267151,68408
40.21681022644043,68408
40.217663288116455,68408
40.21850776672363,68408
40.21935701370239,68408
40.220213174819946,68408
40.221067667007446,68408
40.221922636032104,68408
40.222774267196655,68408
40.223639726638794,68408
40.22448444366455,68408
40.22533917427063,68408
40.22619271278381,68408
40.227049827575684,68408
40.227904081344604,68408
40.22876024246216,68408
40.22961187362671,68408
40.23046088218689,68408
40.23130989074707,68408
40.232162952423096,68408
40.23301410675049,68408
40.23387432098389,68408
40.23472547531128,68408
40.2355751991272,68408
40.236419916152954,68408
40.237273931503296,68408
40.23812484741211,68408
40.23897886276245,68408
40.2398316860199,68408
40.2406849861145,68408
40.24153256416321,68408
40.24238348007202,68408
40.24323773384094,68408
40.24410033226013,68408
40.24495577812195,68408
40.245808124542236,68408
40.246660232543945,68408
40.24750590324402,68408
40.24835968017578,68408
40.249215602874756,68408
40.25007224082947,68408
40.25092673301697,68408
40.25177478790283,68408
40.25262951850891,68408
40.253474712371826,68408
40.254339933395386,68408
40.25519394874573,68408
40.25605034828186,68408
40.256903648376465,68408
40.257758378982544,68408
40.25861406326294,68408
40.259464502334595,68408
40.260316133499146,68408
40.261171102523804,68408
40.26202750205994,68408
40.26288175582886,68408
40.263744831085205,68408
40.264599084854126,68408
40.265445947647095,68408
40.26629948616028,68408
40.26715540885925,68408
40.2680082321167,68408
40.268858671188354,68408
40.269715309143066,68408
40.270564556121826,68408
40.27141332626343,68408
40.27226638793945,68408
40.273118019104004,68408
40.27397966384888,68408
40.27483248710632,68408
40.27568459510803,68408
40.276532888412476,68408
40.277384996414185,68408
40.27824091911316,68408
40.279093503952026,68408
40.279945850372314,68408
40.2807981967926,68408
40.2816526889801,68408
40.28249669075012,68408
40.28335165977478,68408
40.284215211868286,68408
40.285072326660156,68408
40.28592562675476,68408
40.2867751121521,68408
40.28762435913086,68408
40.28846859931946,68408
40.289318561553955,68408
40.290175437927246,68408
40.29102802276611,68408
40.29188346862793,68408
40.29273772239685,68408
40.29359841346741,68408
40.294445276260376,68408
40.29529571533203,68408
40.29614877700806,68408
40.29700422286987,68408
40.297858238220215,68408
40.29870796203613,68408
40.299553632736206,68408
40.30040669441223,68408
40.301257371902466,68408
40.30211162567139,68408
40.302966833114624,68408
40.30383014678955,68408
40.30468463897705,68408
40.30553221702576,68408
40.30638575553894,68408
40.30724287033081,68408
40.3080952167511,68408
40.30894684791565,68408
40.30979824066162,68408
40.31065368652344,68408
40.311498165130615,68408
40.31235098838806,68408
40.31320405006409,68408
40.31406784057617,68408
40.314924240112305,68408
40.31577777862549,68408
40.316630125045776,68408
40.31748008728027,68408
40.318333864212036,68408
40.319188833236694,68408
40.32004261016846,68408
40.32089638710022,68408
40.321749210357666,68408
40.32259941101074,68408
40.323447942733765,68408
40.32430982589722,68408
40.325162172317505,68408
40.32601523399353,68408
40.32686686515808,68408
40.327720403671265,68408
40.32856893539429,68408
40.3294153213501,68408
40.330268144607544,68408
40.33112597465515,68408
40.331979513168335,68408
40.33283066749573,68408
40.33369302749634,68408
40.334540605545044,68408
40.335392475128174,68408
40.33624339103699,68408
40.33709502220154,68408
40.33795118331909,68408
40.338802337646484,68408
40.33965802192688,68408
40.340503215789795,68408
40.34135460853577,68408
40.342204332351685,68408
40.34305810928345,68408
40.34392166137695,68408
40.344775438308716,68408
40.345625162124634,68408
40.34646987915039,68408
40.347320318222046,68408
40.34817576408386,68408
40.34903001785278,68408
40.34988498687744,68408
40.35073757171631,68408
40.35158896446228,68408
40.35243368148804,68408
40.3532817363739,68408
40.35414695739746,68408
40.35500478744507,68408
40.35585618019104,68408
40.356709480285645,68408
40.357553005218506,68408
40.35840654373169,68408
40.35925912857056,68408
40.360114097595215,68408
40.360963344573975,68408
40.36181688308716,68408
40.362669467926025,68408
40.363515853881836,68408
40.364375591278076,68408
40.36523461341858,68408
40.36608624458313,68408
40.36694550514221,68408
40.36779546737671,68408
40.36864900588989,68408
40.36949014663696,68408
40.370343923568726,68408
40.37119793891907,68408
40.37205243110657,68408
40.3729031085968,68408
40.37376594543457,68408
40.37461853027344,68408
40.37546682357788,68408
40.37631869316101,68408
40.37717270851135,68408
40.37802839279175,68408
40.37888503074646,68408
40.379737854003906,68408
40.380587577819824,68408
40.38142991065979,68408
40.382280349731445,68408
40.38313317298889,68408
40.38399887084961,68408
40.38485074043274,68408
40.38570308685303,68408
40.38654899597168,68408
40.38740515708923,68408
40.38825988769531,68408
40.38911461830139,68408
40.38996744155884,68408
40.390817642211914,68408
40.391669034957886,68408
40.39251756668091,68408
40.39337182044983,68408
40.39423751831055,68408
40.39508938789368,68408
40.39594316482544,68408
40.39679455757141,68408
40.397650480270386,68408
40.39849519729614,68408
40.39934968948364,68408
40.40020179748535,68408
40.40105652809143,68408
40.40190863609314,68408
40.40276265144348,68408
40.40362334251404,68408
40.404467821121216,68408
40.40532350540161,68408
40.406177282333374,68408
40.4070303440094,68408
40.40788793563843,68408
40.40874171257019,68408
40.40959453582764,68408
40.410441875457764,68408
40.41129517555237,68408
40.41214632987976,68408
40.41300129890442,68408
40.41386580467224,68408
40.41471838951111,68408
40.41556715965271,68408
40.41641664505005,68408
40.41727113723755,68408
40.418123960494995,68408
40.418981313705444,68408
40.41983246803284,68408
40.42068338394165,68408
40.42152976989746,68408
40.42238163948059,68408
40.42323422431946,68408
40.42409634590149,68408
40.42495012283325,68408
40.42580008506775,68408
40.42665362358093,68408
40.42749643325806,68408
40.428345680236816,68408
40.42919945716858,68408
40.430054664611816,68408
40.43091154098511,68408
40.431766986846924,68408
40.432621479034424,68408
40.4334671497345,68408
40.43432664871216,68408
40.435179233551025,68408
40.43603157997131,68408
40.43688416481018,68408
40.437739610672,68408
40.43859052658081,68408
40.43943762779236,68408
40.440292835235596,68408
40.441147327423096,68408
40.4420006275177,68408
40.44284987449646,68408
40.44371247291565,68408
40.44456481933594,68408
40.44541049003601,68408
40.44626188278198,68408
40.447115898132324,68408
40.447967529296875,68408
40.44881844520569,68408
40.44966983795166,68408
40.45051836967468,68408
40.451366662979126,68408
40.45221996307373,68408
40.45307183265686,68408
40.45393681526184,68408
40.45479226112366,68408
40.45564651489258,68408
40.456491470336914,68408
40.457345962524414,68408
40.45819664001465,68408
40.45905137062073,68408
40.4599072933197,68408
40.46076321601868,68408
40.46161675453186,68408
40.46246266365051,68408
40.463311433792114,68408
40.46417784690857,68408
40.46503138542175,68408
40.465882301330566,68408
40.46673655509949,68408
40.46758699417114,68408
40.46843123435974,68408
40.46928405761719,68408
40.470136880874634,68408
40.47099232673645,68408
40.471843242645264,68408
40.47269654273987,68408
40.47354745864868,68408
40.47441267967224,68408
40.475263595581055,68408
40.47611594200134,68408
40.476969480514526,68408
40.47782373428345,68408
40.47867274284363,68408
40.47951364517212,68408
40.48036527633667,68408
40.48122048377991,68408
40.48207473754883,68408
40.482930421829224,68408
40.48378777503967,68408
40.484642028808594,68408
40.48548746109009,68408
40.486335039138794,68408
40.48718810081482,68408
40.488041162490845,68408
40.48889136314392,68408
40.48974370956421,68408
40.49059009552002,68408
40.49143624305725,68408
40.49228835105896,68408
40.49313998222351,68408
40.49400210380554,68408
40.494853496551514,68408
40.4957070350647,68408
40.49655222892761,68408
40.49740552902222,68408
40.49826121330261,68408
40.49911379814148,68408
40.49996733665466,68408
40.50082039833069,68408
40.50167489051819,68408
40.50251793861389,68408
40.50337076187134,68408
40.50424265861511,68408
40.50510048866272,68408
40.50595498085022,68408
40.5068097114563,68408
40.50766205787659,68408
40.50850749015808,68408
40.509358167648315,68408
40.51021146774292,68408
40.51106810569763,68408
40.51192498207092,68408
40.512773275375366,68408
40.51363706588745,68408
40.51448726654053,68408
40.51534032821655,68408
40.51619291305542,68408
40.51704812049866,68408
40.51789736747742,68408
40.518752098083496,68408
40.519604444503784,68408
40.52045035362244,68408
40.52130341529846,68408
40.52216053009033,68408
40.523014545440674,68408
40.52388024330139,68408
40.524733543395996,68408
40.52558898925781,68408
40.52643370628357,68408
40.527284145355225,68408
40.52813911437988,68408
40.5289945602417,68408
40.529844999313354,68408
40.530696868896484,68408
40.53153967857361,68408
40.532392263412476,68408
40.53324866294861,68408
40.53411340713501,68408
40.53496742248535,68408
40.53581976890564,68408
40.53667235374451,68408
40.537519216537476,68408
40.538371086120605,68408
40.53922772407532,68408
40.54008078575134,68408
40.540934801101685,68408
40.54178547859192,68408
40.54264187812805,68408
40.543487787246704,68408
40.54435110092163,68408
40.54520559310913,68408
40.54606056213379,68408
40.5469114780426,68408
40.54776430130005,68408
40.54861640930176,68408
40.54946279525757,68408
40.550312757492065,68408
40.55116581916809,68408
40.55202126502991,68408
40.552873611450195,68408
40.553733587265015,68408
40.55458402633667,68408
40.555429220199585,68408
40.55628323554993,68408
40.557137966156006,68408
40.55799102783203,68408
40.55884027481079,68408
40.55969309806824,68408
40.5605366230011,68408
40.56138873100281,68408
40.56224298477173,68408
40.563098430633545,68408
40.56396293640137,68408
40.56481623649597,68408
40.565666913986206,68408
40.56651592254639,68408
40.56736874580383,68408
40.56822371482849,68408
40.56907606124878,68408
40.56993341445923,68408
40.57078266143799,68408
40.571635723114014,68408
40.57248115539551,68408
40.57333707809448,68408
40.57420349121094,68408
40.57505536079407,68408
40.57590842247009,68408
40.576762676239014,68408
40.577611684799194,68408
40.57845973968506,68408
40.57930946350098,68408
40.5801637172699,68408
40.581015825271606,68408
40.581865310668945,68408
40.58272171020508,68408
40.583584785461426,68408
40.58442950248718,68408
40.585283279418945,68408
40.586132526397705,68408
40.58698582649231,68408
40.58783769607544,68408
40.58869028091431,68408
40.58953857421875,68408
40.59039306640625,68408
40.59124493598938,68408
40.59209895133972,68408
40.5929491519928,68408
40.59381413459778,68408
40.59466624259949,68408
40.5955114364624,68408
40.59636306762695,68408
40.597217321395874,68408
40.598071813583374,68408
40.59892272949219,68408
40.59977340698242,68408
40.60062551498413,68408
40.601470708847046,68408
40.60232138633728,68408
40.603174448013306,68408
40.60404300689697,68408
40.60489797592163,68408
40.60574817657471,68408
40.606602907180786,68408
40.607447147369385,68408
40.60830879211426,68408
40.6091628074646,68408
40.610016107559204,68408
40.61086964607239,68408
40.611721992492676,68408
40.612574338912964,68408
40.613418102264404,68408
40.61428356170654,68408
40.61513924598694,68408
40.615992307662964,68408
40.61684441566467,68408
40.61769962310791,68408
40.6185417175293,68408
40.61939525604248,68408
40.620248556137085,68408
40.62110352516174,68408
40.6219596862793,68408
40.62281155586243,68408
40.62367367744446,68408
40.62452006340027,68408
40.6253707408905,68408
40.62622570991516,68408
40.62707734107971,68408
40.627934217453,68408
40.62878227233887,68408
40.62963628768921,68408
40.63047814369202,68408
40.63133430480957,68408
40.63218903541565,68408
40.63304352760315,68408
40.633907318115234,68408
40.63476014137268,68408
40.63561391830444,68408
40.63645935058594,68408
40.637312173843384,68408
40.63816785812378,68408
40.63902235031128,68408
40.639875411987305,68408
40.6407265663147,68408
40.64157772064209,68408
40.642420053482056,68408
40.643271684646606,68408
40.644137144088745,68408
40.64498949050903,68408
40.64584302902222,68408
40.6466965675354,68408
40.64753770828247,68408
40.64839053153992,68408
40.649240016937256,68408
40.650092363357544,68408
40.650946855545044,68408
40.651798248291016,68408
40.65265130996704,68408
40.653499126434326,68408
40.65435576438904,68408
40.65521287918091,68408
40.656065702438354,68408
40.656920194625854,68408
40.657771587371826,68408
40.65862727165222,68408
40.65947151184082,68408
40.66032266616821,68408
40.66117572784424,68408
40.66202735900879,68408
40.66288113594055,68408
40.66374373435974,68408
40.66459584236145,68408
40.66544485092163,68408
40.666295528411865,68408
40.667152643203735,68408
40.668007135391235,68408
40.66885948181152,68408
40.66971492767334,68408
40.67056202888489,68408
40.67140603065491,68408
40.67225933074951,68408
40.673112869262695,68408
40.67397975921631,68408
40.674832820892334,68408
40.67568802833557,68408
40.676533937454224,68408
40.67738676071167,68408
40.67824196815491,68408
40.679099559783936,68408
40.68046712875366,68408
40.681331396102905,68408
40.682183265686035,68408
40.683037996292114,68408
40.683902978897095,68408
40.684751749038696,68408
40.68560433387756,68408
40.68645238876343,68408
40.68730449676514,68408
40.68816018104553,68408
40.68901062011719,68408
40.689865827560425,68408
40.69071817398071,68408
40.691566467285156,68408
40.692413091659546,68408
40.69326686859131,68408
40.694130420684814,68408
40.694985151290894,68408
40.69583702087402,68408
40.69669008255005,68408
40.697537899017334,68408
40.698392391204834,68408
40.69924521446228,68408
40.7000994682312,68408
40.70095682144165,68408
40.70180940628052,68408
40.70266246795654,68408
40.703505992889404,68408
40.70437145233154,68408
40.70522403717041,68408
40.70607852935791,68408
40.706937074661255,68408
40.7077853679657,68408
40.7086398601532,68408
40.70948266983032,68408
40.71033501625061,68408
40.71118664741516,68408
40.712040424346924,68408
40.71289300918579,68408
40.71375584602356,68408
40.7146098613739,68408
40.715458393096924,68408
40.71631169319153,68408
40.7171676158905,68408
40.718018770217896,68408
40.71886968612671,68408
40.71972632408142,68408
40.720577001571655,68408
40.721420764923096,68408
40.722275733947754,68408
40.72312903404236,68408
40.723995208740234,68408
40.724848985672,68408
40.72570180892944,68408
40.72654867172241,68408
40.72740411758423,68408
40.72825741767883,68408
40.72911524772644,68408
40.72996807098389,68408
40.73082137107849,68408
40.73167443275452,68408
40.73251795768738,68408
40.7333722114563,68408
40.73423671722412,68408
40.73508930206299,68408
40.735944509506226,68408
40.73679447174072,68408
40.737648487091064,68408
40.73849272727966,68408
40.73934507369995,68408
40.740204095840454,68408
40.741058349609375,68408
40.741909980773926,68408
40.74276113510132,68408
40.743624687194824,68408
40.74447441101074,68408
40.74532723426819,68408
40.74618363380432,68408
40.74703788757324,68408
40.747891426086426,68408
40.7487416267395,68408
40.74959135055542,68408
40.75043988227844,68408
40.75129246711731,68408
40.75214648246765,68408
40.7529993057251,68408
40.75386190414429,68408
40.75471591949463,68408
40.75556993484497,68408
40.756418228149414,68408
40.75726914405823,68408
40.75812387466431,68408
40.75897693634033,68408
40.75982999801636,68408
40.76068377494812,68408
40.76152801513672,68408
40.762378215789795,68408
40.763227701187134,68408
40.76409339904785,68408
40.764949321746826,68408
40.7657995223999,68408
40.766650676727295,68408
40.76749658584595,68408
40.768346071243286,68408
40.76919722557068,68408
40.77005219459534,68408
40.77090549468994,68408
40.771758794784546,68408
40.7726104259491,68408
40.77345252037048,68408
40.77430963516235,68408
40.77516436576843,68408
40.77601671218872,68408
40.77686882019043,68408
40.7777202129364,68408
40.77857303619385,68408
40.779417514801025,68408
40.78027272224426,68408
40.78113150596619,68408
40.78198552131653,68408
40.7828369140625,68408
40.783700466156006,68408
40.78454256057739,68408
40.785396575927734,68408
40.7862503528595,68408
40.78710317611694,68408
40.78795838356018,68408
40.78881311416626,68408
40.78966569900513,68408
40.79051208496094,68408
40.791364669799805,68408
40.79222106933594,68408
40.79307413101196,68408
40.79393815994263,68408
40.7947883605957,68408
40.79564380645752,68408
40.79649209976196,68408
40.79734563827515,68408
40.79820227622986,68408
40.79905891418457,68408
40.79991292953491,68408
40.80076479911804,68408
40.801618814468384,68408
40.80246949195862,68408
40.80332398414612,68408
40.804187297821045,68408
40.80504107475281,68408
40.80589437484741,68408
40.806742668151855,68408
40.80759882926941,68408
40.80844688415527,68408
40.809303283691406,68408
40.81015658378601,68408
40.81100940704346,68408
40.81185984611511,68408
40.81271243095398,68408
40.813556432724,68408
40.814417123794556,68408
40.81527137756348,68408
40.816126585006714,68408
40.81697988510132,68408
40.81783437728882,68408
40.818684577941895,68408
40.81952977180481,68408
40.820380210876465,68408
40.82123303413391,68408
40.82208490371704,68408
40.822938203811646,68408
40.82380223274231,68408
40.82465863227844,68408
40.825507164001465,68408
40.826361894607544,68408
40.8272168636322,68408
40.82807183265686,68408
40.82892560958862,68408
40.829782009124756,68408
40.83063316345215,68408
40.83147692680359,68408
40.83232760429382,68408
40.83318471908569,68408
40.83404994010925,68408
40.834903955459595,68408
40.83575940132141,68408
40.83661484718323,68408
40.837456941604614,68408
40.83830809593201,68408
40.839160442352295,68408
40.84001350402832,68408
40.84086060523987,68408
40.84171390533447,68408
40.842565059661865,68408
40.84341382980347,68408
40.844276666641235,68408
40.845131158828735,68408
40.845983028411865,68408
40.846837759017944,68408
40.84769415855408,68408
40.84854245185852,68408
40.849395513534546,68408
40.85025095939636,68408
40.85110521316528,68408
40.851959466934204,68408
40.85281276702881,68408
40.853676557540894,68408
40.85452389717102,68408
40.85537505149841,68408
40.856231689453125,68408
40.857086181640625,68408
40.85793876647949,68408
40.85879158973694,68408
40.859641551971436,68408
40.86048698425293,68408
40.86133909225464,68408
40.86219334602356,68408
40.863043785095215,68408
40.86390829086304,68408
40.864760637283325,68408
40.86561584472656,68408
40.86646366119385,68408
40.86731553077698,68408
40.86817216873169,68408
40.869027853012085,68408
40.86988186836243,68408
40.870736598968506,68408
40.87158465385437,68408
40.87243342399597,68408
40.873284339904785,68408
40.8741500377655,68408
40.875003814697266,68408
40.87585687637329,68408
40.876707553863525,68408
40.87755560874939,68408
40.8784065246582,68408
40.879258155822754,68408
40.880109548568726,68408
40.88096523284912,68408
40.881816387176514,68408
40.88267135620117,68408
40.883519411087036,68408
40.884382009506226,68408
40.88523483276367,68408
40.886088132858276,68408
40.88693904876709,68408
40.88779020309448,68408
40.88863968849182,68408
40.889487504959106,68408
40.89033794403076,68408
40.89119338989258,68408
40.892048835754395,68408
40.89290428161621,68408
40.89376521110535,68408
40.89462161064148,68408
40.89546608924866,68408
40.89631700515747,68408
40.89717221260071,68408
40.89802694320679,68408
40.89888000488281,68408
40.89972996711731,68408
40.90057897567749,68408
40.901426553726196,68408
40.90227937698364,68408
40.90313148498535,68408
40.90399622917175,68408
40.904850006103516,68408
40.905704975128174,68408
40.9065523147583,68408
40.90740489959717,68408
40.90825843811035,68408
40.909114599227905,68408
40.909969329833984,68408
40.91082239151001,68408
40.9116735458374,68408
40.91251540184021,68408
40.913368940353394,68408
40.91423296928406,68408
40.91508722305298,68408
40.915940046310425,68408
40.916794538497925,68408
40.91765022277832,68408
40.91849994659424,68408
40.91935443878174,68408
40.920207500457764,68408
40.921061515808105,68408
40.92191791534424,68408
40.92276859283447,68408
40.92363142967224,68408
40.924479961395264,68408
40.92533349990845,68408
40.926188945770264,68408
40.9270453453064,68408
40.92790389060974,68408
40.92875909805298,68408
40.92961311340332,68408
40.93045783042908,68408
40.931312084198,68408
40.93216586112976,68408
40.93302035331726,68408
40.93388485908508,68408
40.93473720550537,68408
40.93558955192566,68408
40.936439514160156,68408
40.937291383743286,68408
40.93814420700073,68408
40.93899941444397,68408
40.93985080718994,68408
40.940706729888916,68408
40.941553354263306,68408
40.942405700683594,68408
40.94326043128967,68408
40.94412660598755,68408
40.944984674453735,68408
40.945836305618286,68408
40.946691036224365,68408
40.947534799575806,68408
40.94838738441467,68408
40.94924449920654,68408
40.95010185241699,68408
40.95095777511597,68408
40.95181345939636,68408
40.952669858932495,68408
40.95351767539978,68408
40.95437836647034,68408
40.9552321434021,68408
40.95608711242676,68408
40.95694303512573,68408
40.95779275894165,68408
40.95864701271057,68408
40.95964026451111,68408
40.96062970161438,68408
40.96147680282593,68408
40.96232581138611,68408
40.96318173408508,68408
40.964046001434326,68408
40.964898347854614,68408
40.965752363204956,68408
40.96660494804382,68408
40.967453956604004,68408
40.96830463409424,68408
40.9691596031189,68408
40.9700186252594,68408
40.970874309539795,68408
40.97172689437866,68408
40.97257614135742,68408
40.973426818847656,68408
40.97428822517395,68408
40.975141286849976,68408
40.97599387168884,68408
40.976847410202026,68408
40.977702140808105,68408
40.97854661941528,68408
40.97939872741699,68408
40.980254888534546,68408
40.98110890388489,68408
40.98196363449097,68408
40.982813358306885,68408
40.983678579330444,68408
40.98452615737915,68408
40.9853835105896,68408
40.98623538017273,68408
40.987090826034546,68408
40.9879412651062,68408
40.98879551887512,68408
40.98964810371399,68408
40.99049711227417,68408
40.99134945869446,68408
40.9921977519989,68408
40.993054151535034,68408
40.99392223358154,68408
40.99477195739746,68408
40.995625019073486,68408
40.996474266052246,68408
40.99732804298401,68408
40.9981791973114,68408
40.9990336894989,68408
40.999887228012085,68408
41.000741958618164,68408
41.00158905982971,68408
41.00243949890137,68408
41.00328993797302,68408
41.004157304763794,68408
41.005011320114136,68408
41.00586438179016,68408
41.006720781326294,68408
41.00757193565369,68408
41.00842094421387,68408
41.009278535842896,68408
41.01013231277466,68408
41.010985136032104,68408
41.01183724403381,68408
41.012691497802734,68408
41.01353335380554,68408
41.014395236968994,68408
41.0152473449707,68408
41.016101360321045,68408
41.01695370674133,68408
41.01780557632446,68408
41.01865363121033,68408
41.01949977874756,68408
41.02035045623779,68408
41.02120566368103,68408
41.022055864334106,68408
41.02290725708008,68408
41.02376651763916,68408
41.02462077140808,68408
41.02546787261963,68408
41.02631902694702,68408
41.02716875076294,68408
41.028024673461914,68408
41.02887511253357,68408
41.029730558395386,68408
41.030576944351196,68408
41.031424045562744,68408
41.032278537750244,68408
41.03313493728638,68408
41.033998012542725,68408
41.034854888916016,68408
41.035709619522095,68408
41.03656339645386,68408
41.03740978240967,68408
41.038262605667114,68408
41.0391149520874,68408
41.03996729850769,68408
41.040818214416504,68408
41.04167127609253,68408
41.04251503944397,68408
41.043368101119995,68408
41.04423260688782,68408
41.045090436935425,68408
41.04594159126282,68408
41.04679226875305,68408
41.047643184661865,68408
41.04849600791931,68408
41.04934310913086,68408
41.05019807815552,68408
41.0510516166687,68408
41.05190634727478,68408
41.05275845527649,68408
41.0536162853241,68408
41.054466247558594,68408
41.055320501327515,68408
41.056174755096436,68408
41.05702877044678,68408
41.057883739471436,68408
41.05873489379883,68408
41.05958271026611,68408
41.06043195724487,68408
41.06128239631653,68408
41.062137842178345,68408
41.06299185752869,68408
41.06385397911072,68408
41.06470465660095,68408
41.06555223464966,68408
41.066401958465576,68408
41.0672550201416,68408
41.06810402870178,68408
41.06895685195923,68408
41.06980872154236,68408
41.07066226005554,68408
41.071505308151245,68408
41.07236194610596,68408
41.07321357727051,68408
41.07407569885254,68408
41.074928998947144,68408
41.07577991485596,68408
41.07663059234619,68408
41.07748055458069,68408
41.07833242416382,68408
41.079185247421265,68408
41.080037117004395,68408
41.08088946342468,68408
41.0817437171936,68408
41.08259892463684,68408
41.083447217941284,68408
41.08430886268616,68408
41.08516240119934,68408
41.08601427078247,68408
41.086864709854126,68408
41.08771562576294,68408
41.08856701850891,68408
41.08941602706909,68408
41.090266942977905,68408
41.091119050979614,68408
41.091968059539795,68408
41.09282374382019,68408
41.09368419647217,68408
41.09452939033508,68408
41.09537935256958,68408
41.09623432159424,68408
41.09709167480469,68408
41.09794783592224,68408
41.098801136016846,68408
41.0996572971344,68408
41.10050177574158,68408
41.10135316848755,68408
41.10220646858215,68408
41.10306215286255,68408
41.103925466537476,68408
41.104783058166504,68408
41.105637550354004,68408
41.10648250579834,68408
41.1073362827301,68408
41.108190298080444,68408
41.10904407501221,68408
41.109901428222656,68408
41.110756397247314,68408
41.11160945892334,68408
41.11245560646057,68408
41.113312005996704,68408
41.114173889160156,68408
41.1150279045105,68408
41.115883588790894,68408
41.116737365722656,68408
41.11758732795715,68408
41.11843466758728,68408
41.11928701400757,68408
41.12014174461365,68408
41.1209933757782,68408
41.12184524536133,68408
41.12269902229309,68408
41.123544454574585,68408
41.124404191970825,68408
41.125256299972534,68408
41.1261088848114,68408
41.1269645690918,68408
41.12781476974487,68408
41.12866806983948,68408
41.12951326370239,68408
41.130367279052734,68408
41.1312210559845,68408
41.13207507133484,68408
41.13292646408081,68408
41.133784532547,68408
41.13464093208313,68408
41.13548827171326,68408
41.136337995529175,68408
41.137192487716675,68408
41.138044595718384,68408
41.13889956474304,68408
41.139750719070435,68408
41.140604972839355,68408
41.14144730567932,68408
41.14229655265808,68408
41.143152713775635,68408
41.144017934799194,68408
41.144871950149536,68408
41.14572262763977,68408
41.146573543548584,68408
41.14742136001587,68408
41.1482720375061,68408
41.149128913879395,68408
41.149982929229736,68408
41.15083384513855,68408
41.15168523788452,68408
41.15253257751465,68408
41.153385400772095,68408
41.154247760772705,68408
41.15510129928589,68408
41.15595459938049,68408
41.156806230545044,68408
41.15765905380249,68408
41.15850067138672,68408
41.159353256225586,68408
41.160200357437134,68408
41.161054849624634,68408
41.161904096603394,68408
41.16275501251221,68408
41.16361713409424,68408
41.16446566581726,68408
41.165319204330444,68408
41.16617250442505,68408
41.167028188705444,68408
41.167880058288574,68408
41.1687285900116,68408
41.16957640647888,68408
41.17042279243469,68408
41.17127799987793,68408
41.17213487625122,68408
41.1729953289032,68408
41.17385125160217,68408
41.17470717430115,68408
41.17555117607117,68408
41.176403522491455,68408
41.177255153656006,68408
41.17811036109924,68408
41.178964376449585,68408
41.1798198223114,68408
41.18067288398743,68408
41.181522846221924,68408
41.18237090110779,68408
41.18322539329529,68408
41.18408989906311,68408
41.184948205947876,68408
41.18579959869385,68408
41.1866512298584,68408
41.18749523162842,68408
41.1883487701416,68408
41.18920063972473,68408
41.19005608558655,68408
41.19091057777405,68408
41.19176769256592,68408
41.19262146949768,68408
41.19346594810486,68408
41.1943256855011,68408
41.19518065452576,68408
41.1960334777832,68408
41.19688844680786,68408
41.19774103164673,68408
41.198593854904175,68408
41.19943857192993,68408
41.20029258728027,68408
41.201144218444824,68408
41.201995849609375,68408
41.2028489112854,68408
41.20370864868164,68408
41.204554080963135,68408
41.205408573150635,68408
41.20625877380371,68408
41.20711135864258,68408
41.20796346664429,68408
41.20881962776184,68408
41.20966935157776,68408
41.21051526069641,68408
41.21136546134949,68408
41.21221923828125,68408
41.21307301521301,68408
41.213940382003784,68408
41.214792013168335,68408
41.21564722061157,68408
41.21649193763733,68408
41.21734380722046,68408
41.2181978225708,68408
41.21905183792114,68408
41.21990489959717,68408
41.220755100250244,68408
41.22160601615906,68408
41.22245240211487,68408
41.223299741744995,68408
41.22416424751282,68408
41.22501802444458,68408
41.22587060928345,68408
41.22671866416931,68408
41.22756862640381,68408
41.22841191291809,68408
41.229268312454224,68408
41.230119466781616,68408
41.230973958969116,68408
41.231821060180664,68408
41.232672929763794,68408
41.233516693115234,68408
41.23437976837158,68408
41.23522925376892,68408
41.23608446121216,68408
41.23693585395813,68408
41.237783432006836,68408
41.23863339424133,68408
41.23948073387146,68408
41.24032807350159,68408
41.24117875099182,68408
41.24202871322632,68408
41.24289345741272,68408
41.243754625320435,68408
41.24460816383362,68408
41.24545073509216,68408
41.246301889419556,68408
41.24715185165405,68408
41.24800682067871,68408
41.2488579750061,68408
41.249711990356445,68408
41.25055408477783,68408
41.25140619277954,68408
41.25225639343262,68408
41.25311279296875,68408
41.25398349761963,68408
41.25483417510986,68408
41.25568699836731,68408
41.25653553009033,68408
41.25739049911499,68408
41.258243799209595,68408
41.25909972190857,68408
41.25995492935181,68408
41.26080632209778,68408
41.26165699958801,68408
41.26250195503235,68408
41.263357400894165,68408
41.26421904563904,68408
41.26507306098938,68408
41.26592707633972,68408
41.26678228378296,68408
41.267635107040405,68408
41.268484354019165,68408
41.26933693885803,68408
41.27018976211548,68408
41.27104043960571,68408
41.271896839141846,68408
41.2727472782135,68408
41.27361011505127,68408
41.2744562625885,68408
41.275309324264526,68408
41.27615928649902,68408
41.277015686035156,68408
41.277865171432495,68408
41.27871561050415,68408
41.2795672416687,68408
41.28041744232178,68408
41.28126525878906,68408
41.282119035720825,68408
41.28297185897827,68408
41.28383469581604,68408
41.28468322753906,68408
41.28552746772766,68408
41.28638172149658,68408
41.28723692893982,68408
41.288090467453,68408
41.288946866989136,68408
41.28979301452637,68408
41.29064702987671,68408
41.29149079322815,68408
41.292341470718384,68408
41.29319500923157,68408
41.294060468673706,68408
41.29491400718689,68408
41.295764446258545,68408
41.29661726951599,68408
41.297462940216064,68408
41.298312187194824,68408
41.29916453361511,68408
41.300020933151245,68408
41.30087637901306,68408
41.3017258644104,68408
41.302576303482056,68408
41.30342173576355,68408
41.304285764694214,68408
41.30513882637024,68408
41.30598974227905,68408
41.30683779716492,68408
41.30769228935242,68408
41.30853581428528,68408
41.30939078330994,68408
41.31024098396301,68408
41.31109690666199,68408
41.311949014663696,68408
41.3128023147583,68408
41.3136670589447,68408
41.31451487541199,68408
41.31536841392517,68408
41.316221714019775,68408
41.31707525253296,68408
41.31792974472046,68408
41.3187780380249,68408
41.31963109970093,68408
41.3204779624939,68408
41.32133197784424,68408
41.32218790054321,68408
41.32304239273071,68408
41.32390308380127,68408
41.32475399971008,68408
41.32560992240906,68408
41.326454162597656,68408
41.32730507850647,68408
41.32816171646118,68408
41.3290114402771,68408
41.329861640930176,68408
41.33071327209473,68408
41.33156228065491,68408
41.3324077129364,68408
41.33325815200806,68408
41.33412265777588,68408
41.33497977256775,68408
41.335829973220825,68408
41.33668112754822,68408
41.33752512931824,68408
41.33837580680847,68408
41.3392333984375,68408
41.34008765220642,68408
41.34094309806824,68408
41.34180045127869,68408
41.34265184402466,68408
41.34349870681763,68408
41.34435558319092,68408
41.345210790634155,68408
41.346062421798706,68408
41.346917390823364,68408
41.347768783569336,68408
41.34862279891968,68408
41.34946799278259,68408
41.350321531295776,68408
41.3511745929718,68408
41.352028369903564,68408
41.35288095474243,68408
41.35373783111572,68408
41.35458993911743,68408
41.35543727874756,68408
41.35628795623779,68408
41.3571412563324,68408
41.3579957485199,68408
41.35884666442871,68408
41.35969805717468,68408
41.36054039001465,68408
41.3613920211792,68408
41.36224603652954,68408
41.363096714019775,68408
41.363961935043335,68408
41.36481499671936,68408
41.365665674209595,68408
41.36650896072388,68408
41.367361068725586,68408
41.368218183517456,68408
41.369072914123535,68408
41.36992812156677,68408
41.370779275894165,68408
41.37163424491882,68408
41.372483253479004,68408
41.3733332157135,68408
41.37419819831848,68408
41.37505340576172,68408
41.375908613204956,68408
41.37675642967224,68408
41.37760925292969,68408
41.37845253944397,68408
41.379305839538574,68408
41.38015675544739,68408
41.381012201309204,68408
41.38186264038086,68408
41.3827178478241,68408
41.3835723400116,68408
41.384421586990356,68408
41.38527584075928,68408
41.3861300945282,68408
41.386985301971436,68408
41.38783597946167,68408
41.38869023323059,68408
41.38953971862793,68408
41.39038944244385,68408
41.39124131202698,68408
41.39209532737732,68408
41.39295148849487,68408
41.39381170272827,68408
41.39466190338135,68408
41.39550733566284,68408
41.396358251571655,68408
41.39721870422363,68408
41.398070335388184,68408
41.39892363548279,68408
41.39977431297302,68408
41.40062713623047,68408
41.40146780014038,68408
41.402320861816406,68408
41.40317726135254,68408
41.40404009819031,68408
41.404892921447754,68408
41.40574526786804,68408
41.40659999847412,68408
41.407445192337036,68408
41.40829563140869,68408
41.40915012359619,68408
41.41000318527222,68408
41.41085743904114,68408
41.41171216964722,68408
41.41255521774292,68408
41.413405656814575,68408
41.414265394210815,68408
41.415118932724,68408
41.4159734249115,68408
41.41682553291321,68408
41.41767907142639,68408
41.418527126312256,68408
41.41937971115112,68408
41.42023420333862,68408
41.42108774185181,68408
41.42194414138794,68408
41.422797441482544,68408
41.423657178878784,68408
41.42450761795044,68408
41.42536401748657,68408
41.42622089385986,68408
41.4270761013031,68408
41.42793083190918,68408
41.42878246307373,68408
41.429636001586914,68408
41.4304838180542,68408
41.43133497238159,68408
41.43218994140625,68408
41.4330415725708,68408
41.43390679359436,68408
41.43475818634033,68408
41.435614347457886,68408
41.43645739555359,68408
41.437307596206665,68408
41.43816161155701,68408
41.439016580581665,68408
41.43986797332764,68408
41.440722942352295,68408
41.44157028198242,68408
41.44241786003113,68408
41.44327211380005,68408
41.444140672683716,68408
41.44499135017395,68408
41.44584012031555,68408
41.44669580459595,68408
41.44754362106323,68408
41.44839692115784,68408
41.44925022125244,68408
41.4501006603241,68408
41.45095658302307,68408
41.45180559158325,68408
41.45266079902649,68408
41.453505516052246,68408
41.4543673992157,68408
41.455222606658936,68408
41.45607542991638,68408
41.456923961639404,68408
41.45777702331543,68408
41.45863103866577,68408
41.45948100090027,68408
41.46032953262329,68408
41.461185455322266,68408
41.462040185928345,68408
41.462891578674316,68408
41.46375608444214,68408
41.46461367607117,68408
41.465463161468506,68408
41.466317653656006,68408
41.467170000076294,68408
41.46802353858948,68408
41.46887564659119,68408
41.46972846984863,68408
41.470582723617554,68408
41.4714298248291,68408
41.47228169441223,68408
41.47313451766968,68408
41.473997831344604,68408
41.47485113143921,68408
41.47570300102234,68408
41.47654843330383,68408
41.47740149497986,68408
41.47825765609741,68408
41.479111671447754,68408
41.479963064193726,68408
41.48081183433533,68408
41.48167014122009,68408
41.48251295089722,68408
41.48336338996887,68408
41.48422813415527,68408
41.485084533691406,68408
41.48593735694885,68408
41.486788511276245,68408
41.48764109611511,68408
41.48849058151245,68408
41.48934268951416,68408
41.49019503593445,68408
41.49104952812195,68408
41.49190378189087,68408
41.492756843566895,68408
41.493619441986084,68408
41.49446511268616,68408
41.49531698226929,68408
41.49617409706116,68408
41.49702739715576,68408
41.497882604599,68408
41.49873757362366,68408
41.49958801269531,68408
41.500436305999756,68408
41.501288414001465,68408
41.50214409828186,68408
41.5029981136322,68408
41.50386333465576,68408
41.504716634750366,68408
41.50557208061218,68408
41.5064160823822,68408
41.50726866722107,68408
41.50812387466431,68408
41.50897932052612,68408
41.509833097457886,68408
41.51068353652954,68408
41.51153063774109,68408
41.512383222579956,68408
41.5132360458374,68408
41.51410245895386,68408
41.51495409011841,68408
41.515806674957275,68408
41.51665759086609,68408
41.51750302314758,68408
41.51835489273071,68408
41.51920986175537,68408
41.5200629234314,68408
41.520917654037476,68408
41.52176904678345,68408
41.52262496948242,68408
41.52347159385681,68408
41.524334192276,68408
41.525190114974976,68408
41.526047229766846,68408
41.52690124511719,68408
41.52775573730469,68408
41.5286078453064,68408
41.529456615448,68408
41.530303955078125,68408
41.5311598777771,68408
41.53201389312744,68408
41.532864570617676,68408
41.53372812271118,68408
41.534581661224365,68408
41.53542470932007,68408
41.53627824783325,68408
41.537132263183594,68408
41.53798460960388,68408
41.538832902908325,68408
41.53968596458435,68408
41.54053831100464,68408
41.541388750076294,68408
41.54224157333374,68408
41.543097257614136,68408
41.54396104812622,68408
41.54481267929077,68408
41.545663356781006,68408
41.546512603759766,68408
41.54736280441284,68408
41.54821443557739,68408
41.5490665435791,68408
41.549922704696655,68408
41.55077362060547,68408
41.551623821258545,68408
41.552470684051514,68408
41.55332589149475,68408
41.55419111251831,68408
41.55505108833313,68408
41.55590510368347,68408
41.55676293373108,68408
41.55761766433716,68408
41.55846405029297,68408
41.559314489364624,68408
41.56016945838928,68408
41.56102538108826,68408
41.5618793964386,68408
41.56273031234741,68408
41.56358790397644,68408
41.56443738937378,68408
41.56529092788696,68408
41.56614637374878,68408
41.56700420379639,68408
41.56785464286804,68408
41.56870675086975,68408
41.56954836845398,68408
41.570401191711426,68408
41.571253299713135,68408
41.572105169296265,68408
41.57295608520508,68408
41.57381772994995,68408
41.574671506881714,68408
41.575519323349,68408
41.57637166976929,68408
41.57722878456116,68408
41.578084230422974,68408
41.578938722610474,68408
41.57979083061218,68408
41.58064270019531,68408
41.58148694038391,68408
41.58233714103699,68408
41.583189725875854,68408
41.584054470062256,68408
41.58490753173828,68408
41.58576059341431,68408
41.586615800857544,68408
41.58746385574341,68408
41.58831548690796,68408
41.58916997909546,68408
41.59002375602722,68408
41.59087824821472,68408
41.59172797203064,68408
41.59257507324219,68408
41.59342098236084,68408
41.59429216384888,68408
41.595146894454956,68408
41.59600472450256,68408
41.59685707092285,68408
41.59770917892456,68408
41.59855628013611,68408
41.59940838813782,68408
41.60025930404663,68408
41.60111355781555,68408
41.60196805000305,68408
41.60282039642334,68408
41.6036810874939,68408
41.604531049728394,68408
41.60538411140442,68408
41.60623788833618,68408
41.607091188430786,68408
41.607956886291504,68408
41.608806848526,68408
41.609662771224976,68408
41.61050844192505,68408
41.611361265182495,68408
41.61221408843994,68408
41.613070011138916,68408
41.61393141746521,68408
41.61478543281555,68408
41.61563491821289,68408
41.61648225784302,68408
41.61733603477478,68408
41.61818838119507,68408
41.61904287338257,68408
41.619895458221436,68408
41.62075066566467,68408
41.62160801887512,68408
41.622453927993774,68408
41.62330746650696,68408
41.62416958808899,68408
41.625022172927856,68408
41.625874757766724,68408
41.62672710418701,68408
41.62757611274719,68408
41.62842631340027,68408
41.62927794456482,68408
41.63013577461243,68408
41.63099431991577,68408
41.63184690475464,68408
41.6326961517334,68408
41.6335391998291,68408
41.63439917564392,68408
41.63525629043579,68408
41.63610792160034,68408
41.63696336746216,68408
41.63781690597534,68408
41.638670682907104,68408
41.63951635360718,68408
41.64036846160889,68408
41.64122462272644,68408
41.64208197593689,68408
41.64293622970581,68408
41.64379930496216,68408
41.644652366638184,68408
41.64549946784973,68408
41.64634943008423,68408
41.64720368385315,68408
41.64805793762207,68408
41.64891028404236,68408
41.649760723114014,68408
41.650615215301514,68408
41.651458740234375,68408
41.65230965614319,68408
41.65316462516785,68408
41.654032945632935,68408
41.654884576797485,68408
41.655739068984985,68408
41.6565899848938,68408
41.65743589401245,68408
41.65828824043274,68408
41.65914297103882,68408
41.65999484062195,68408
41.66084909439087,68408
41.6616997718811,68408
41.66254782676697,68408
41.66340112686157,68408
41.664268493652344,68408
41.66512370109558,68408
41.66598343849182,68408
41.666834592819214,68408
41.66768765449524,68408
41.668534994125366,68408
41.6693902015686,68408
41.670243978500366,68408
41.67109727859497,68408
41.67195248603821,68408
41.67280554771423,68408
41.67366695404053,68408
41.674514293670654,68408
41.67536640167236,68408
41.67622113227844,68408
41.67707419395447,68408
41.6779305934906,68408
41.67878246307373,68408
41.67963743209839,68408
41.68048286437988,68408
41.6813383102417,68408
41.682193756103516,68408
41.68304944038391,68408
41.683918714523315,68408
41.68477535247803,68408
41.68562722206116,68408
41.686474323272705,68408
41.687328577041626,68408
41.68818473815918,68408
41.68903994560242,68408
41.689894914627075,68408
41.69074773788452,68408
41.69160032272339,68408
41.69244933128357,68408
41.693302392959595,68408
41.694167137145996,68408
41.69502282142639,68408
41.695876359939575,68408
41.696731090545654,68408
41.69757890701294,68408
41.69842576980591,68408
41.699273109436035,68408
41.70013093948364,68408
41.700984954833984,68408
41.70183515548706,68408
41.70268774032593,68408
41.703535318374634,68408
41.70440053939819,68408
41.705256938934326,68408
41.70611000061035,68408
41.70696210861206,68408
41.70781183242798,68408
41.70866250991821,68408
41.70950651168823,68408
41.71035933494568,68408
41.71121120452881,68408
41.71206283569336,68408
41.71291470527649,68408
41.71377778053284,68408
41.71463203430176,68408
41.71547889709473,68408
41.716331481933594,68408
41.717185735702515,68408
41.71803593635559,68408
41.71888828277588,68408
41.71974015235901,68408
41.72058987617493,68408
41.721436738967896,68408
41.72228717803955,68408
41.723140478134155,68408
41.72400259971619,68408
41.72485589981079,68408
41.72570776939392,68408
41.72654891014099,68408
41.7274010181427,68408
41.72825503349304,68408
41.729111433029175,68408
41.72996759414673,68408
41.73082137107849,68408
41.731674671173096,68408
41.732521057128906,68408
41.73337197303772,68408
41.73424243927002,68408
41.7350959777832,68408
41.735949993133545,68408
41.736804246902466,68408
41.73765850067139,68408
41.73850417137146,68408
41.739356994628906,68408
41.74020838737488,68408
41.7410626411438,68408
41.741912841796875,68408
41.742791175842285,68408
41.743656158447266,68408
41.74450492858887,68408
41.7453556060791,68408
41.74621319770813,68408
41.74706768989563,68408
41.747923135757446,68408
41.74877309799194,68408
41.749626874923706,68408
41.750468492507935,68408
41.751320362091064,68408
41.75217533111572,68408
41.75302815437317,68408
41.75389051437378,68408
41.75474405288696,68408
41.7555947303772,68408
41.75644326210022,68408
41.75729417800903,68408
41.75815224647522,68408
41.75900053977966,68408
41.75985288619995,68408
41.760704040527344,68408
41.76155185699463,68408
41.76240038871765,68408
41.76324796676636,68408
41.76411461830139,68408
41.76496934890747,68408
41.76582360267639,68408
41.76667547225952,68408
41.76752042770386,68408
41.768375873565674,68408
41.76922821998596,68408
41.77008247375488,68408
41.770933866500854,68408
41.77178955078125,68408
41.77263808250427,68408
41.773483753204346,68408
41.7743456363678,68408
41.77520132064819,68408
41.77605605125427,68408
41.77690672874451,68408
41.77775597572327,68408
41.77861166000366,68408
41.77945828437805,68408
41.780306339263916,68408
41.78116035461426,68408
41.782015562057495,68408
41.78286409378052,68408
41.783721685409546,68408
41.78457427024841,68408
41.785422563552856,68408
41.78627347946167,68408
41.7871310710907,68408
41.787983655929565,68408
41.78883600234985,68408
41.789692878723145,68408
41.79053592681885,68408
41.79138994216919,68408
41.792242765426636,68408
41.793094635009766,68408
41.793959617614746,68408
41.79480838775635,68408
41.79566216468811,68408
41.79650259017944,68408
41.79735088348389,68408
41.798200368881226,68408
41.79905438423157,68408
41.79990816116333,68408
41.80076241493225,68408
41.80161476135254,68408
41.80245804786682,68408
41.80330848693848,68408
41.804173946380615,68408
41.80502653121948,68408
41.80588102340698,68408
41.80673122406006,68408
41.807581186294556,68408
41.80842614173889,68408
41.80928063392639,68408
41.81013751029968,68408
41.810991048812866,68408
41.81184124946594,68408
41.8126962184906,68408
41.81354069709778,68408
41.81439971923828,68408
41.81525135040283,68408
41.816104888916016,68408
41.81695771217346,68408
41.817808866500854,68408
41.81866097450256,68408
41.81950807571411,68408
41.82035994529724,68408
41.82121419906616,68408
41.82206964492798,68408
41.82292604446411,68408
41.82378172874451,68408
41.82463598251343,68408
41.82548117637634,68408
41.82633352279663,68408
41.82719397544861,68408
41.82805109024048,68408
41.828903675079346,68408
41.82975673675537,68408
41.83060383796692,68408
41.831451177597046,68408
41.8323016166687,68408
41.83316087722778,68408
41.8340277671814,68408
41.834882497787476,68408
41.835732221603394,68408
41.836586475372314,68408
41.83743214607239,68408
41.83828282356262,68408
41.8391375541687,68408
41.839993715286255,68408
41.840845823287964,68408
41.841697692871094,68408
41.84253787994385,68408
41.8433895111084,68408
41.8442542552948,68408
41.84511160850525,68408
41.845967292785645,68408
41.846821784973145,68408
41.847670793533325,68408
41.84851694107056,68408
41.84936881065369,68408
41.85022234916687,68408
41.85107421875,68408
41.85192799568176,68408
41.852784395217896,68408
41.85365319252014,68408
41.85450196266174,68408
41.85535478591919,68408
41.856210231781006,68408
41.85706639289856,68408
41.857917070388794,68408
41.858768463134766,68408
41.85962200164795,68408
41.86047005653381,68408
41.861323595047,68408
41.862175941467285,68408
41.86303210258484,68408
41.863895654678345,68408
41.86474800109863,68408
41.86559987068176,68408
41.86644768714905,68408
41.867302894592285,68408
41.8681583404541,68408
41.86901497840881,68408
41.86986684799194,68408
41.87072038650513,68408
41.87157082557678,68408
41.87241578102112,68408
41.87327027320862,68408
41.87413835525513,68408
41.87499260902405,68408
41.875847578048706,68408
41.8766987323761,68408
41.877546072006226,68408
41.87839913368225,68408
41.87925410270691,68408
41.880107402801514,68408
41.88096308708191,68408
41.881815910339355,68408
41.88266897201538,68408
41.88351345062256,68408
41.88437867164612,68408
41.885231018066406,68408
41.8860867023468,68408
41.886940002441406,68408
41.887794494628906,68408
41.88864779472351,68408
41.88949465751648,68408
41.890345096588135,68408
41.891199588775635,68408
41.89205265045166,68408
41.89290642738342,68408
41.893765449523926,68408
41.89462375640869,68408
41.89547300338745,68408
41.896326303482056,68408
41.89717960357666,68408
41.89803385734558,68408
41.898887157440186,68408
41.899738073349,68408
41.90059304237366,68408
41.90144205093384,68408
41.90229344367981,68408
41.903146505355835,68408
41.9040093421936,68408
41.90486216545105,68408
41.90571308135986,68408
41.90655755996704,68408
41.90741014480591,68408
41.90826463699341,68408
41.90911793708801,68408
41.90996980667114,68408
41.91081929206848,68408
41.91167068481445,68408
41.91251516342163,68408
41.91336798667908,68408
41.91423511505127,68408
41.91509222984314,68408
41.915945053100586,68408
41.91679787635803,68408
41.91765213012695,68408
41.918500661849976,68408
41.91935181617737,68408
41.920204877853394,68408
41.92105579376221,68408
41.921913146972656,68408
41.92276573181152,68408
41.923630237579346,68408
41.924477338790894,68408
41.92532992362976,68408
41.926188230514526,68408
41.92704153060913,68408
41.927892446517944,68408
41.928746938705444,68408
41.929595947265625,68408
41.93044877052307,68408
41.93130302429199,68408
41.93216061592102,68408
41.933016538619995,68408
41.933878660202026,68408
41.934733629226685,68408
41.93558883666992,68408
41.936437129974365,68408
41.9372923374176,68408
41.93814301490784,68408
41.939000368118286,68408
41.93985104560852,68408
41.940704584121704,68408
41.941550731658936,68408
41.94240736961365,68408
41.94326305389404,68408
41.944130659103394,68408
41.9449827671051,68408
41.94583535194397,68408
41.946685552597046,68408
41.947531938552856,68408
41.948384046554565,68408
41.94923734664917,68408
41.9500937461853,68408
41.950947761535645,68408
41.95180106163025,68408
41.95265483856201,68408
41.95350241661072,68408
41.95436716079712,68408
41.95522093772888,68408
41.956077098846436,68408
41.95692801475525,68408
41.9577796459198,68408
41.95863652229309,68408
41.95948314666748,68408
41.96033549308777,68408
41.96118927001953,68408
41.96204400062561,68408
41.96289873123169,68408
41.963762283325195,68408
41.964619636535645,68408
41.96546483039856,68408
41.96631693840027,68408
41.96717309951782,68408
41.96802735328674,68408
41.96888256072998,68408
41.96973729133606,68408
41.97059726715088,68408
41.97144627571106,68408
41.972296953201294,68408
41.97315216064453,68408
41.97401571273804,68408
41.97486686706543,68408
41.97572064399719,68408
41.97656965255737,68408
41.97741723060608,68408
41.97827076911926,68408
41.97912383079529,68408
41.979979276657104,68408
41.980828523635864,68408
41.98167872428894,68408
41.98252201080322,68408
41.983378648757935,68408
41.98424410820007,68408
41.9851016998291,68408
41.98595881462097,68408
41.986812114715576,68408
41.987661838531494,68408
41.988505840301514,68408
41.989359855651855,68408
41.99021339416504,68408
41.99107027053833,68408
41.99192547798157,68408
41.9927761554718,68408
41.993637800216675,68408
41.99448370933533,68408
41.99533200263977,68408
41.996187686920166,68408
41.99704360961914,68408
41.9978973865509,68408
41.99874806404114,68408
41.99960017204285,68408
42.00044894218445,68408
42.0012993812561,68408
42.00215148925781,68408
42.00300312042236,68408
42.003867387771606,68408
42.00472140312195,68408
42.005571365356445,68408
42.006418228149414,68408
42.00727105140686,68408
42.00812363624573,68408
42.008973121643066,68408
42.00982642173767,68408
42.01068115234375,68408
42.01152563095093,68408
42.01237750053406,68408
42.013232469558716,68408
42.01409697532654,68408
42.01495385169983,68408
42.015807151794434,68408
42.01665782928467,68408
42.01750445365906,68408
42.01835536956787,68408
42.019211769104004,68408
42.020066261291504,68408
42.02092361450195,68408
42.02177357673645,68408
42.02262544631958,68408
42.02346920967102,68408
42.024334192276,68408
42.02518844604492,68408
42.02604103088379,68408
42.026891231536865,68408
42.02774667739868,68408
42.02859878540039,68408
42.02944588661194,68408
42.030296325683594,68408
42.03115153312683,68408
42.032004833221436,68408
42.03285622596741,68408
42.03371858596802,68408
42.03457164764404,68408
42.03541707992554,68408
42.03627157211304,68408
42.03712582588196,68408
42.03798031806946,68408
42.0388343334198,68408
42.039692401885986,68408
42.04053807258606,68408
42.0413932800293,68408
42.042245388031006,68408
42.04309797286987,68408
42.04396152496338,68408
42.04481792449951,68408
42.04566955566406,68408
42.04651641845703,68408
42.047364711761475,68408
42.0482223033905,68408
42.04907584190369,68408
42.04993033409119,68408
42.050782680511475,68408
42.05163621902466,68408
42.05248141288757,68408
42.05333423614502,68408
42.05419611930847,68408
42.05505418777466,68408
42.055906772613525,68408
42.05675935745239,68408
42.057612895965576,68408
42.05846285820007,68408
42.05931544303894,68408
42.06017184257507,68408
42.06102442741394,68408
42.061877489089966,68408
42.062729358673096,68408
42.06358861923218,68408
42.06443452835083,68408
42.065290689468384,68408
42.066144704818726,68408
42.06699872016907,68408
42.06785583496094,68408
42.068713903427124,68408
42.06956624984741,68408
42.07041645050049,68408
42.07127642631531,68408
42.07213521003723,68408
42.07299065589905,68408
42.07385182380676,68408
42.07470226287842,68408
42.07555079460144,68408
42.076404333114624,68408
42.077258586883545,68408
42.07811427116394,68408
42.078970432281494,68408
42.07982087135315,68408
42.0806725025177,68408
42.08151650428772,68408
42.082366704940796,68408
42.083219051361084,68408
42.08408856391907,68408
42.084943532943726,68408
42.085798263549805,68408
42.08665370941162,68408
42.0875027179718,68408
42.088356018066406,68408
42.089213848114014,68408
42.09006977081299,68408
42.090925216674805,68408
42.09177494049072,68408
42.09263253211975,68408
42.09347724914551,68408
42.09434103965759,68408
42.0951943397522,68408
42.096049308776855,68408
42.096903562545776,68408
42.09775638580322,68408
42.098612546920776,68408
42.09946346282959,68408
42.100313901901245,68408
42.10116410255432,68408
42.102017879486084,68408
42.10287117958069,68408
42.10373401641846,68408
42.10458564758301,68408
42.10543084144592,68408
42.106284618377686,68408
42.10714054107666,68408
42.10799860954285,68408
42.10885047912598,68408
42.109703540802,68408
42.11054968833923,68408
42.111401081085205,68408
42.11225700378418,68408
42.11311888694763,68408
42.113991260528564,68408
42.11484479904175,68408
42.11569809913635,68408
42.116541147232056,68408
42.11739110946655,68408
42.118244647979736,68408
42.119096994400024,68408
42.11995315551758,68408
42.12080359458923,68408
42.121655225753784,68408
42.122501611709595,68408
42.12335443496704,68408
42.124218225479126,68408
42.12507510185242,68408
42.125930309295654,68408
42.12678289413452,68408
42.12763452529907,68408
42.12847924232483,68408
42.12933015823364,68408
42.130183935165405,68408
42.13103771209717,68408
42.1318883895874,68408
42.13274002075195,68408
42.13359570503235,68408
42.13444232940674,68408
42.13529419898987,68408
42.13614869117737,68408
42.13700032234192,68408
42.13785123825073,68408
42.13870429992676,68408
42.139554262161255,68408
42.1404070854187,68408
42.141257524490356,68408
42.142109632492065,68408
42.142961740493774,68408
42.14382243156433,68408
42.14467525482178,68408
42.14552307128906,68408
42.146377086639404,68408
42.14723467826843,68408
42.14808964729309,68408
42.14894461631775,68408
42.14979672431946,68408
42.15065050125122,68408
42.151493072509766,68408
42.152344942092896,68408
42.153199195861816,68408
42.15406894683838,68408
42.15492129325867,68408
42.155773878097534,68408
42.15662622451782,68408
42.15747094154358,68408
42.15832161903381,68408
42.15917706489563,68408
42.160032749176025,68408
42.160887241363525,68408
42.16174125671387,68408
42.162590980529785,68408
42.16343808174133,68408
42.16430044174194,68408
42.16515326499939,68408
42.16600823402405,68408
42.166858434677124,68408
42.16771221160889,68408
42.1685574054718,68408
42.16940760612488,68408
42.170257806777954,68408
42.171114683151245,68408
42.17196607589722,68408
42.17281723022461,68408
42.17368197441101,68408
42.17452812194824,68408
42.17537832260132,68408
42.17622756958008,68408
42.177080392837524,68408
42.1779363155365,68408
42.1787896156311,68408
42.17963886260986,68408
42.180482625961304,68408
42.18133330345154,68408
42.1821870803833,68408
42.18304252624512,68408
42.183905363082886,68408
42.1847608089447,68408
42.18561339378357,68408
42.18645787239075,68408
42.18730664253235,68408
42.188162088394165,68408
42.18901705741882,68408
42.18987226486206,68408
42.190725326538086,68408
42.19157791137695,68408
42.19242000579834,68408
42.19327211380005,68408
42.19413614273071,68408
42.19499206542969,68408
42.195842266082764,68408
42.196699142456055,68408
42.1975462436676,68408
42.19839572906494,68408
42.19924736022949,68408
42.20010280609131,68408
42.20095610618591,68408
42.20180797576904,68408
42.202661991119385,68408
42.203508377075195,68408
42.20436692237854,68408
42.20522332191467,68408
42.20607781410217,68408
42.20692849159241,68408
42.20777893066406,68408
42.20863580703735,68408
42.20948266983032,68408
42.21033000946045,68408
42.21117973327637,68408
42.212034463882446,68408
42.212886571884155,68408
42.21374845504761,68408
42.214599609375,68408
42.21545171737671,68408
42.21630239486694,68408
42.21716070175171,68408
42.2180118560791,68408
42.21886658668518,68408
42.21971940994263,68408
42.220568895339966,68408
42.221415758132935,68408
42.22227215766907,68408
42.22312664985657,68408
42.22399187088013,68408
42.224844455718994,68408
42.225698947906494,68408
42.22654342651367,68408
42.2273952960968,68408
42.2282497882843,68408
42.229105710983276,68408
42.22995853424072,68408
42.230812549591064,68408
42.23166275024414,68408
42.23250675201416,68408
42.23335647583008,68408
42.234222412109375,68408
42.23507881164551,68408
42.23593616485596,68408
42.2367844581604,68408
42.23763704299927,68408
42.238486528396606,68408
42.23933935165405,68408
42.240190505981445,68408
42.24104404449463,68408
42.24189734458923,68408
42.242748975753784,68408
42.24360918998718,68408
42.24445652961731,68408
42.24531006813049,68408
42.246163845062256,68408
42.2470166683197,68408
42.247864961624146,68408
42.24871778488159,68408
42.24956798553467,68408
42.25041627883911,68408
42.25127148628235,68408
42.252126932144165,68408
42.25298190116882,68408
42.253841400146484,68408
42.25469517707825,68408
42.25554037094116,68408
42.256393909454346,68408
42.257251024246216,68408
42.25810527801514,68408
42.25895619392395,68408
42.2598078250885,68408
42.26066064834595,68408
42.26150870323181,68408
42.26235914230347,68408
42.26321816444397,68408
42.26408243179321,68408
42.26493716239929,68408
42.26579141616821,68408
42.26664900779724,68408
42.2674925327301,68408
42.26834678649902,68408
42.26920247077942,68408
42.27005434036255,68408
42.270907402038574,68408
42.27175974845886,68408
42.27261281013489,68408
42.27346158027649,68408
42.27432036399841,68408
42.27517008781433,68408
42.2760226726532,68408
42.2768771648407,68408
42.27773118019104,68408
42.27858376502991,68408
42.27942967414856,68408
42.280285120010376,68408
42.28113627433777,68408
42.28199052810669,68408
42.28284215927124,68408
42.28370785713196,68408
42.28455328941345,68408
42.28540873527527,68408
42.2862606048584,68408
42.287115812301636,68408
42.28796625137329,68408
42.28881764411926,68408
42.28967261314392,68408
42.290520429611206,68408
42.29137301445007,68408
42.292227029800415,68408
42.29307985305786,68408
42.29394721984863,68408
42.29480004310608,68408
42.29565644264221,68408
42.29649806022644,68408
42.297351598739624,68408
42.298202991485596,68408
42.29905581474304,68408
42.29990792274475,68408
42.30076050758362,68408
42.30161261558533,68408
42.30246162414551,68408
42.303308963775635,68408
42.30417466163635,68408
42.30502772331238,68408
42.30588150024414,68408
42.306734800338745,68408
42.30758595466614,68408
42.308435916900635,68408
42.309284925460815,68408
42.310139179229736,68408
42.31099772453308,68408
42.31184935569763,68408
42.312705993652344,68408
42.31355023384094,68408
42.31441020965576,68408
42.31526160240173,68408
42.31611442565918,68408
42.31696701049805,68408
42.31782007217407,68408
42.31867218017578,68408
42.31952166557312,68408
42.320372343063354,68408
42.32122731208801,68408
42.322083473205566,68408
42.32293748855591,68408
42.323800802230835,68408
42.324657917022705,68408
42.32550501823425,68408
42.32636022567749,68408
42.327213764190674,68408
42.328065156936646,68408
42.32891631126404,68408
42.32976675033569,68408
42.33062124252319,68408
42.331467151641846,68408
42.3323175907135,68408
42.33317041397095,68408
42.33403253555298,68408
42.33488726615906,68408
42.335739612579346,68408
42.336590051651,68408
42.3374342918396,68408
42.33828806877136,68408
42.339141607284546,68408
42.33999729156494,68408
42.34085035324097,68408
42.34170579910278,68408
42.3425498008728,68408
42.34340167045593,68408
42.344266176223755,68408
42.345120906829834,68408
42.345975399017334,68408
42.34683156013489,68408
42.347686529159546,68408
42.34853529930115,68408
42.34938645362854,68408
42.35024118423462,68408
42.3510959148407,68408
42.35195207595825,68408
42.352805376052856,68408
42.35366749763489,68408
42.35451555252075,68408
42.35537075996399,68408
42.35622262954712,68408
42.35707426071167,68408
42.35793113708496,68408
42.35878777503967,68408
42.35964250564575,68408
42.360493421554565,68408
42.361345291137695,68408
42.36220192909241,68408
42.3630588054657,68408
42.36392283439636,68408
42.36477470397949,68408
42.365628480911255,68408
42.36647629737854,68408
42.367329359054565,68408
42.36818289756775,68408
42.369035959243774,68408
42.36988592147827,68408
42.37073493003845,68408
42.37158727645874,68408
42.372435092926025,68408
42.37328815460205,68408
42.374154806137085,68408
42.37500977516174,68408
42.3758659362793,68408
42.37672233581543,68408
42.37757205963135,68408
42.378419399261475,68408
42.37927532196045,68408
42.38012742996216,68408
42.38098430633545,68408
42.381834506988525,68408
42.38268804550171,68408
42.383530616760254,68408
42.38439083099365,68408
42.38524651527405,68408
42.38610339164734,68408
42.38695788383484,68408
42.387810707092285,68408
42.388664960861206,68408
42.389509201049805,68408
42.390358686447144,68408
42.391212463378906,68408
42.39206910133362,68408
42.39292287826538,68408
42.39378023147583,68408
42.39463710784912,68408
42.39548373222351,68408
42.39633917808533,68408
42.39719343185425,68408
42.39804673194885,68408
42.398900747299194,68408
42.39975428581238,68408
42.4006142616272,68408
42.40145802497864,68408
42.40230870246887,68408
42.40316319465637,68408
42.40402841567993,68408
42.40488076210022,68408
42.40573334693909,68408
42.406585454940796,68408
42.40743064880371,68408
42.40828251838684,68408
42.40913438796997,68408
42.40999126434326,68408
42.41084361076355,68408
42.41169548034668,68408
42.412543058395386,68408
42.4133985042572,68408
42.41426372528076,68408
42.415120363235474,68408
42.415971517562866,68408
42.416823387145996,68408
42.41767621040344,68408
42.418524503707886,68408
42.41937732696533,68408
42.42023062705994,68408
42.42108750343323,68408
42.421942472457886,68408
42.422791719436646,68408
42.42365312576294,68408
42.42449903488159,68408
42.42534947395325,68408
42.42620301246643,68408
42.42705798149109,68408
42.42791485786438,68408
42.428768157958984,68408
42.42961812019348,68408
42.430466175079346,68408
42.43131685256958,68408
42.432170391082764,68408
42.43302536010742,68408
42.433897256851196,68408
42.434751749038696,68408
42.43560481071472,68408
42.43645191192627,68408
42.437302589416504,68408
42.43815875053406,68408
42.43901228904724,68408
42.43986225128174,68408
42.44071865081787,68408
42.44157004356384,68408
42.44241786003113,68408
42.4432692527771,68408
42.444132566452026,68408
42.44498658180237,68408
42.44583988189697,68408
42.446691274642944,68408
42.447537899017334,68408
42.44839143753052,68408
42.449241399765015,68408
42.45009422302246,68408
42.45094895362854,68408
42.45180153846741,68408
42.45265603065491,68408
42.45350384712219,68408
42.45436668395996,68408
42.45521879196167,68408
42.45607566833496,68408
42.45692753791809,68408
42.457780599594116,68408
42.458632707595825,68408
42.45947885513306,68408
42.4603316783905,68408
42.461185932159424,68408
42.462037563323975,68408
42.462891578674316,68408
42.46375489234924,68408
42.46461009979248,68408
42.46545362472534,68408
42.466307163238525,68408
42.4671630859375,68408
42.46801781654358,68408
42.468871116638184,68408
42.46972370147705,68408
42.47057223320007,68408
42.47141981124878,68408
42.4722740650177,68408
42.47313094139099,68408
42.473994731903076,68408
42.47484827041626,68408
42.47570085525513,68408
42.47654700279236,68408
42.47739887237549,68408
42.47825288772583,68408
42.479103803634644,68408
42.47995615005493,68408
42.480807065963745,68408
42.4816620349884,68408
42.48250699043274,68408
42.48335790634155,68408
42.48422026634216,68408
42.4850754737854,68408
42.4859299659729,68408
42.48678231239319,68408
42.48763585090637,68408
42.488481760025024,68408
42.48933029174805,68408
42.49018597602844,68408
42.49103927612305,68408
42.49189329147339,68408
42.49274253845215,68408
42.493603467941284,68408
42.49445176124573,68408
42.49530744552612,68408
42.49615979194641,68408
42.49701285362244,68408
42.49786400794983,68408
42.498716831207275,68408
42.499563694000244,68408
42.50041174888611,68408
42.50126576423645,68408
42.50212264060974,68408
42.50297498703003,68408
42.503836154937744,68408
42.50468993186951,68408
42.505539417266846,68408
42.50639057159424,68408
42.50724196434021,68408
42.50809621810913,68408
42.50895166397095,68408
42.509804248809814,68408
42.510657787323,68408
42.511502742767334,68408
42.512351989746094,68408
42.51321005821228,68408
42.51407504081726,68408
42.51492977142334,68408
42.51578211784363,68408
42.5166380405426,68408
42.517486333847046,68408
42.51833724975586,68408
42.51919412612915,68408
42.52004528045654,68408
42.52090096473694,68408
42.521756649017334,68408
42.52260875701904,68408
42.52345299720764,68408
42.52431273460388,68408
42.52516794204712,68408
42.52602553367615,68408
42.526877641677856,68408
42.5277316570282,68408
42.52858304977417,68408
42.52943563461304,68408
42.53028702735901,68408
42.531142473220825,68408
42.531994342803955,68408
42.53285002708435,68408
42.533711433410645,68408
42.53456211090088,68408
42.53541088104248,68408
42.53626322746277,68408
42.537113428115845,68408
42.53796935081482,68408
42.53882122039795,68408
42.53967213630676,68408
42.54051661491394,68408
42.54136848449707,68408
42.54221987724304,68408
42.54307818412781,68408
42.543946743011475,68408
42.544801473617554,68408
42.54565453529358,68408
42.54650092124939,68408
42.54735016822815,68408
42.54820132255554,68408
42.54905652999878,68408
42.54991340637207,68408
42.5507652759552,68408
42.55162000656128,68408
42.552464962005615,68408
42.55332016944885,68408
42.554184913635254,68408
42.555038928985596,68408
42.555891275405884,68408
42.55674767494202,68408
42.55760145187378,68408
42.558449268341064,68408
42.55929899215698,68408
42.560155630111694,68408
42.561007261276245,68408
42.561859369277954,68408
42.56271147727966,68408
42.563573122024536,68408
42.564422369003296,68408
42.565274477005005,68408
42.56612682342529,68408
42.56698155403137,68408
42.56783652305603,68408
42.56869077682495,68408
42.56954097747803,68408
42.57039761543274,68408
42.57125163078308,68408
42.57210683822632,68408
42.57295894622803,68408
42.57381820678711,68408
42.574666023254395,68408
42.57550764083862,68408
42.57635474205017,68408
42.57720994949341,68408
42.578062772750854,68408
42.57891607284546,68408
42.57976818084717,68408
42.580626249313354,68408
42.581472635269165,68408
42.58232355117798,68408
42.58317446708679,68408
42.584038496017456,68408
42.58489274978638,68408
42.58574557304382,68408
42.586596727371216,68408
42.587446212768555,68408
42.588295698165894,68408
42.58914756774902,68408
42.59000086784363,68408
42.59085440635681,68408
42.591705322265625,68408
42.59255337715149,68408
42.593403577804565,68408
42.59426832199097,68408
42.59512114524841,68408
42.595978021621704,68408
42.59683036804199,68408
42.59768605232239,68408
42.59853529930115,68408
42.59938907623291,68408
42.60024333000183,68408
42.601099252700806,68408
42.60195326805115,68408
42.602805376052856,68408
42.603668212890625,68408
42.604511976242065,68408
42.605361223220825,68408
42.60621523857117,68408
42.607070207595825,68408
42.60793447494507,68408
42.60878252983093,68408
42.60963582992554,68408
42.610480546951294,68408
42.6113338470459,68408
42.61218762397766,68408
42.61304306983948,68408
42.61390447616577,68408
42.61475706100464,68408
42.615612745285034,68408
42.616456747055054,68408
42.617307901382446,68408
42.61816167831421,68408
42.6190128326416,68408
42.619863748550415,68408
42.62071347236633,68408
42.62155771255493,68408
42.62240934371948,68408
42.623260259628296,68408
42.62412619590759,68408
42.62498116493225,68408
42.62583255767822,68408
42.626686334609985,68408
42.627530574798584,68408
42.6283814907074,68408
42.629236459732056,68408
42.63008999824524,68408
42.63094139099121,68408
42.63179659843445,68408
42.632648229599,68408
42.63349771499634,68408
42.634357929229736,68408
42.63521456718445,68408
42.63606667518616,68408
42.63691759109497,68408
42.63776779174805,68408
42.63862204551697,68408
42.63946843147278,68408
42.64032220840454,68408
42.64117646217346,68408
42.64203190803528,68408
42.64288306236267,68408
42.64374279975891,68408
42.644593715667725,68408
42.64544367790222,68408
42.64629650115967,68408
42.64714860916138,68408
42.648000955581665,68408
42.648852586746216,68408
42.64970874786377,68408
42.650550842285156,68408
42.65140247344971,68408
42.6522581577301,68408
42.65311360359192,68408
42.653982639312744,68408
42.65483355522156,68408
42.65568542480469,68408
42.65652680397034,68408
42.65737533569336,68408
42.65823268890381,68408
42.659088373184204,68408
42.65994119644165,68408
42.660796880722046,68408
42.661649227142334,68408
42.662495136260986,68408
42.663342237472534,68408
42.664204359054565,68408
42.66506290435791,68408
42.665919065475464,68408
42.66677188873291,68408
42.66762614250183,68408
42.66847229003906,68408
42.66932702064514,68408
42.670180559158325,68408
42.67103433609009,68408
42.67189025878906,68408
42.672743797302246,68408
42.673598527908325,68408
42.674447536468506,68408
42.67529797554016,68408
42.67615580558777,68408
42.677008390426636,68408
42.67786145210266,68408
42.67871308326721,68408
42.67956471443176,68408
42.680410385131836,68408
42.68126630783081,68408
42.68211793899536,68408
42.68297243118286,68408
42.68383073806763,68408
42.684685707092285,68408
42.685529708862305,68408
42.68638324737549,68408
42.68724179267883,68408
42.68809485435486,68408
42.6889488697052,68408
42.689801931381226,68408
42.69065499305725,68408
42.69149971008301,68408
42.692349910736084,68408
42.69320201873779,68408
42.69406485557556,68408
42.69492220878601,68408
42.69577383995056,68408
42.69663047790527,68408
42.697470903396606,68408
42.69832468032837,68408
42.69917821884155,68408
42.70003366470337,68408
42.70088768005371,68408
42.70173764228821,68408
42.70258951187134,68408
42.703439712524414,68408
42.70429873466492,68408
42.70515441894531,68408
42.70600986480713,68408
42.70686340332031,68408
42.70771598815918,68408
42.70857262611389,68408
42.709423303604126,68408
42.710278272628784,68408
42.71113300323486,68408
42.711989402770996,68408
42.71284055709839,68408
42.71370553970337,68408
42.714550495147705,68408
42.7154004573822,68408
42.71625113487244,68408
42.7171049118042,68408
42.71795701980591,68408
42.71880865097046,68408
42.71966028213501,68408
42.720508337020874,68408
42.72136044502258,68408
42.722214460372925,68408
42.72306990623474,68408
42.72393298149109,68408
42.72478199005127,68408
42.72563290596008,68408
42.726479291915894,68408
42.72733235359192,68408
42.7281858921051,68408
42.729042768478394,68408
42.72989773750305,68408
42.7307505607605,68408
42.73160719871521,68408
42.732452154159546,68408
42.7333025932312,68408
42.734164237976074,68408
42.73501920700073,68408
42.73587465286255,68408
42.736727714538574,68408
42.73757982254028,68408
42.7384250164032,68408
42.73927593231201,68408
42.740132570266724,68408
42.74098825454712,68408
42.74183940887451,68408
42.74269199371338,68408
42.74353575706482,68408
42.74440097808838,68408
42.74525475502014,68408
42.746108055114746,68408
42.746959924697876,68408
42.74781155586243,68408
42.74866795539856,68408
42.749516010284424,68408
42.75036668777466,68408
42.75122094154358,68408
42.75207591056824,68408
42.752928733825684,68408
42.753785610198975,68408
42.754642724990845,68408
42.755488872528076,68408
42.7563419342041,68408
42.75719428062439,68408
42.75804948806763,68408
42.75890064239502,68408
42.75975036621094,68408
42.76060175895691,68408
42.761449337005615,68408
42.76230001449585,68408
42.76315426826477,68408
42.764018058776855,68408
42.76487374305725,68408
42.76572585105896,68408
42.76657581329346,68408
42.76742672920227,68408
42.76828122138977,68408
42.769137382507324,68408
42.7699921131134,68408
42.7708466053009,68408
42.77170372009277,68408
42.77255082130432,68408
42.77340269088745,68408
42.77426624298096,68408
42.775123596191406,68408
42.77597761154175,68408
42.776829957962036,68408
42.77768301963806,68408
42.77853322029114,68408
42.779383182525635,68408
42.78023362159729,68408
42.781086921691895,68408
42.781941413879395,68408
42.78279447555542,68408
42.78365445137024,68408
42.784499168395996,68408
42.78535294532776,68408
42.786203145980835,68408
42.78705430030823,68408
42.787907123565674,68408
42.78875970840454,68408
42.789613485336304,68408
42.79046106338501,68408
42.79131531715393,68408
42.79217529296875,68408
42.79302740097046,68408
42.79389047622681,68408
42.794745206832886,68408
42.79560136795044,68408
42.79644727706909,68408
42.79729914665222,68408
42.79815316200256,68408
42.79901123046875,68408
42.79986643791199,68408
42.80072045326233,68408
42.8015718460083,68408
42.80241918563843,68408
42.80328059196472,68408
42.80414652824402,68408
42.805001735687256,68408
42.8058557510376,68408
42.80670619010925,68408
42.80755376815796,68408
42.80840587615967,68408
42.80925893783569,68408
42.81011343002319,68408
42.81096887588501,68408
42.81182026863098,68408
42.81267595291138,68408
42.81352186203003,68408
42.8143835067749,68408
42.815237045288086,68408
42.81609106063843,68408
42.81694293022156,68408
42.81779336929321,68408
42.818644285202026,68408
42.81949067115784,68408
42.82034254074097,68408
42.82119679450989,68408
42.82205009460449,68408
42.82290554046631,68408
42.82376551628113,68408
42.824618339538574,68408
42.82546520233154,68408
42.826322078704834,68408
42.82717537879944,68408
42.828030824661255,68408
42.82888197898865,68408
42.82973670959473,68408
42.83059525489807,68408
42.831443548202515,68408
42.83229470252991,68408
42.833149433135986,68408
42.83401370048523,68408
42.83486843109131,68408
42.83572435379028,68408
42.836581230163574,68408
42.83742928504944,68408
42.83828616142273,68408
42.839141607284546,68408
42.84000039100647,68408
42.84085464477539,68408
42.84170746803284,68408
42.84255290031433,68408
42.843406200408936,68408
42.844268798828125,68408
42.84512400627136,68408
42.84597563743591,68408
42.84683012962341,68408
42.84768056869507,68408
42.84852862358093,68408
42.84937882423401,68408
42.8502311706543,68408
42.85108399391174,68408
42.85193634033203,68408
42.852787017822266,68408
42.85365176200867,68408
42.85449719429016,68408
42.85534691810608,68408
42.85619926452637,68408
42.8570556640625,68408
42.857908725738525,68408
42.85876107215881,68408
42.85961127281189,68408
42.86045789718628,68408
42.86130976676941,68408
42.86216330528259,68408
42.86301612854004,68408
42.86388158798218,68408
42.86473226547241,68408
42.86558198928833,68408
42.86642789840698,68408
42.867279052734375,68408
42.86813187599182,68408
42.86898326873779,68408
42.86983108520508,68408
42.87068438529968,68408
42.87153625488281,68408
42.872389793395996,68408
42.873244285583496,68408
42.87410926818848,68408
42.8749635219574,68408
42.875816345214844,68408
42.876670360565186,68408
42.877519845962524,68408
42.87837529182434,68408
42.87923336029053,68408
42.88008737564087,68408
42.880940437316895,68408
42.881787061691284,68408
42.88263940811157,68408
42.88348388671875,68408
42.88434720039368,68408
42.8852002620697,68408
42.88605308532715,68408
42.88690519332886,68408
42.88775968551636,68408
42.888614892959595,68408
42.88945817947388,68408
42.89030981063843,68408
42.89116382598877,68408
42.89201903343201,68408
42.892871141433716,68408
42.89373230934143,68408
42.89458417892456,68408
42.89542531967163,68408
42.89628076553345,68408
42.89713454246521,68408
42.897989988327026,68408
42.89884090423584,68408
42.89969086647034,68408
42.90053391456604,68408
42.901387453079224,68408
42.90223956108093,68408
42.90309143066406,68408
42.903955936431885,68408
42.90481233596802,68408
42.90566444396973,68408
42.90651082992554,68408
42.907360553741455,68408
42.90821647644043,68408
42.90907025337219,68408
42.90992307662964,68408
42.91077399253845,68408
42.91162919998169,68408
42.91247344017029,68408
42.91332721710205,68408
42.91418695449829,68408
42.91504716873169,68408
42.91590189933777,68408
42.91675353050232,68408
42.91760587692261,68408
42.91845440864563,68408
42.91930675506592,68408
42.920164585113525,68408
42.92101716995239,68408
42.921870946884155,68408
42.92271947860718,68408
42.92357563972473,68408
42.924423694610596,68408
42.92527890205383,68408
42.926135540008545,68408
42.92699122428894,68408
42.92784142494202,68408
42.92869544029236,68408
42.929537773132324,68408
42.9303879737854,68408
42.93124198913574,68408
42.93209981918335,68408
42.93294930458069,68408
42.93380808830261,68408
42.934659481048584,68408
42.93550634384155,68408
42.93635296821594,68408
42.937204360961914,68408
42.938058376312256,68408
42.93891620635986,68408
42.939769983291626,68408
42.940627098083496,68408
42.941471576690674,68408
42.94232535362244,68408
42.9431791305542,68408
42.94404315948486,68408
42.94489598274231,68408
42.945751905441284,68408
42.94660544395447,68408
42.94745326042175,68408
42.94830131530762,68408
42.94915437698364,68408
42.95000672340393,68408
42.95086216926575,68408
42.95171403884888,68408
42.9525682926178,68408
42.95341229438782,68408
42.95427870750427,68408
42.955134868621826,68408
42.95599007606506,68408
42.95684218406677,68408
42.95769643783569,68408
42.958542346954346,68408
42.95939588546753,68408
42.96024799346924,68408
42.96110558509827,68408
42.961960554122925,68408
42.96281599998474,68408
42.9636754989624,68408
42.964519739151,68408
42.96537494659424,68408
42.966228723526,68408
42.9670844078064,68408
42.96793842315674,68408
42.96878790855408,68408
42.96964240074158,68408
42.97048616409302,68408
42.97134041786194,68408
42.97220754623413,68408
42.973068714141846,68408
42.97394013404846,68408
42.97479224205017,68408
42.97564363479614,68408
42.97649097442627,68408
42.97734022140503,68408
42.978193044662476,68408
42.9790472984314,68408
42.97990345954895,68408
42.98075604438782,68408
42.981611490249634,68408
42.982455015182495,68408
42.98330640792847,68408
42.98417139053345,68408
42.98504090309143,68408
42.98589324951172,68408
42.98674535751343,68408
42.987592697143555,68408
42.98843836784363,68408
42.98929023742676,68408
42.990142583847046,68408
42.9909942150116,68408
42.99184513092041,68408
42.992693185806274,68408
42.99353647232056,68408
42.99439477920532,68408
42.99524736404419,68408
42.99609732627869,68408
42.996965169906616,68408
42.99781560897827,68408
42.99866485595703,68408
42.99950861930847,68408
43.0003616809845,68408
43.00121545791626,68408
43.00206637382507,68408
43.002914905548096,68408
43.00377583503723,68408
43.00462794303894,68408
43.005473375320435,68408
43.006325006484985,68408
43.00717782974243,68408
43.008028507232666,68408
43.00888133049011,68408
43.00973320007324,68408
43.01058316230774,68408
43.01142859458923,68408
43.01228141784668,68408
43.01313304901123,68408
43.01399517059326,68408
43.014846086502075,68408
43.01569747924805,68408
43.01653790473938,68408
43.017391204833984,68408
43.018240213394165,68408
43.01909399032593,68408
43.01994490623474,68408
43.02079725265503,68408
43.02166175842285,68408
43.02250862121582,68408
43.023359298706055,68408
43.024226903915405,68408
43.02507972717285,68408
43.0259325504303,68408
43.02678465843201,68408
43.027639865875244,68408
43.028484582901,68408
43.02933716773987,68408
43.030189037323,68408
43.03104376792908,68408
43.03189420700073,68408
43.0327422618866,68408
43.033605337142944,68408
43.03445601463318,68408
43.03530931472778,68408
43.0361647605896,68408
43.03701734542847,68408
43.03787183761597,68408
43.03872299194336,68408
43.039575815200806,68408
43.04042196273804,68408
43.04127645492554,68408
43.04212999343872,68408
43.04298400878906,68408
43.0438437461853,68408
43.04469847679138,68408
43.04554581642151,68408
43.046396017074585,68408
43.04724621772766,68408
43.04810357093811,68408
43.04895877838135,68408
43.04981017112732,68408
43.05066227912903,68408
43.05150842666626,68408
43.05235958099365,68408
43.053213119506836,68408
43.05408000946045,68408
43.05493450164795,68408
43.055784463882446,68408
43.056636333465576,68408
43.05747866630554,68408
43.058329343795776,68408
43.05918216705322,68408
43.06003546714783,68408
43.060885429382324,68408
43.061739444732666,68408
43.06258702278137,68408
43.06343412399292,68408
43.06429576873779,68408
43.06515145301819,68408
43.06600499153137,68408
43.066856384277344,68408
43.06770586967468,68408
43.06855487823486,68408
43.0694055557251,68408
43.07025623321533,68408
43.07110810279846,68408
43.07196307182312,68408
43.07281136512756,68408
43.07367134094238,68408
43.074514389038086,68408
43.07536792755127,68408
43.076221227645874,68408
43.07707500457764,68408
43.077924966812134,68408
43.078778982162476,68408
43.079630851745605,68408
43.08047604560852,68408
43.08132600784302,68408
43.08218002319336,68408
43.08303689956665,68408
43.08390164375305,68408
43.08475375175476,68408
43.08560490608215,68408
43.0864520072937,68408
43.08730673789978,68408
43.08816075325012,68408
43.0890154838562,68408
43.089868783950806,68408
43.090721130371094,68408
43.09157037734985,68408
43.092419385910034,68408
43.09327292442322,68408
43.09413456916809,68408
43.094990491867065,68408
43.09584379196167,68408
43.09669351577759,68408
43.09753751754761,68408
43.098387718200684,68408
43.09924244880676,68408
43.10009264945984,68408
43.100947856903076,68408
43.10179877281189,68408
43.1026496887207,68408
43.10349225997925,68408
43.10435223579407,68408
43.105205059051514,68408
43.106059074401855,68408
43.106908321380615,68408
43.10775899887085,68408
43.108609676361084,68408
43.109458923339844,68408
43.11030554771423,68408
43.11116003990173,68408
43.11201310157776,68408
43.112865686416626,68408
43.1137261390686,68408
43.114577770233154,68408
43.11542558670044,68408
43.116278886795044,68408
43.11714172363281,68408
43.11799740791321,68408
43.11884808540344,68408
43.119701623916626,68408
43.12054681777954,68408
43.12139940261841,68408
43.12225413322449,68408
43.123112201690674,68408
43.1239800453186,68408
43.12483310699463,68408
43.12568807601929,68408
43.12653946876526,68408
43.12739062309265,68408
43.128249168395996,68408
43.129106521606445,68408
43.129963636398315,68408
43.130815744400024,68408
43.13166689872742,68408
43.13251042366028,68408
43.13336229324341,68408
43.134228229522705,68408
43.13508462905884,68408
43.135939598083496,68408
43.136794567108154,68408
43.13765001296997,68408
43.13849949836731,68408
43.139352560043335,68408
43.14020872116089,68408
43.14106249809265,68408
43.14191818237305,68408
43.14277100563049,68408
43.14363670349121,68408
43.14448308944702,68408
43.14533567428589,68408
43.1461877822876,68408
43.14704251289368,68408
43.14789843559265,68408
43.1487500667572,68408
43.14960289001465,68408
43.150449991226196,68408
43.151304721832275,68408
43.152156829833984,68408
43.153011322021484,68408
43.15387463569641,68408
43.15472722053528,68408
43.15557909011841,68408
43.156429052352905,68408
43.15728402137756,68408
43.15814256668091,68408
43.15899872779846,68408
43.159852504730225,68408
43.16070532798767,68408
43.16155433654785,68408
43.16240572929382,68408
43.16325926780701,68408
43.164124727249146,68408
43.16498041152954,68408
43.165831327438354,68408
43.166685819625854,68408
43.1675329208374,68408
43.168386459350586,68408
43.169241428375244,68408
43.17009782791138,68408
43.17095327377319,68408
43.17180252075195,68408
43.17265748977661,68408
43.17350387573242,68408
43.1743700504303,68408
43.17522168159485,68408
43.17607665061951,68408
43.17693209648132,68408
43.17778730392456,68408
43.17864203453064,68408
43.17948627471924,68408
43.180339097976685,68408
43.18119692802429,68408
43.18205118179321,68408
43.182907819747925,68408
43.18377113342285,68408
43.18462777137756,68408
43.185476303100586,68408
43.1863317489624,68408
43.187187910079956,68408
43.188042879104614,68408
43.1888952255249,68408
43.18974804878235,68408
43.19060301780701,68408
43.19145131111145,68408
43.192304372787476,68408
43.19316053390503,68408
43.194024324417114,68408
43.194881439208984,68408
43.19573140144348,68408
43.19658541679382,68408
43.1974356174469,68408
43.19828939437866,68408
43.19914269447327,68408
43.199997663497925,68408
43.20085000991821,68408
43.2017023563385,68408
43.20254898071289,68408
43.20340180397034,68408
43.20426893234253,68408
43.20512390136719,68408
43.205981492996216,68408
43.2068350315094,68408
43.207685708999634,68408
43.20853090286255,68408
43.209381103515625,68408
43.210238218307495,68408
43.211092472076416,68408
43.211946964263916,68408
43.21280121803284,68408
43.21366286277771,68408
43.214513540267944,68408
43.21536731719971,68408
43.21622037887573,68408
43.217071294784546,68408
43.21792650222778,68408
43.21878123283386,68408
43.21963381767273,68408
43.2204794883728,68408
43.22133469581604,68408
43.22218942642212,68408
43.22304368019104,68408
43.223909854888916,68408
43.224762201309204,68408
43.22561693191528,68408
43.22646164894104,68408
43.227314472198486,68408
43.22816801071167,68408
43.229023694992065,68408
43.229875326156616,68408
43.23072648048401,68408
43.231579065322876,68408
43.23242807388306,68408
43.23328399658203,68408
43.234150886535645,68408
43.235005617141724,68408
43.23586297035217,68408
43.236714124679565,68408
43.237565755844116,68408
43.238412618637085,68408
43.23926568031311,68408
43.24012088775635,68408
43.24097561836243,68408
43.24182677268982,68408
43.24268460273743,68408
43.24352812767029,68408
43.24439024925232,68408
43.245246171951294,68408
43.24610447883606,68408
43.24695897102356,68408
43.24780988693237,68408
43.24865961074829,68408
43.24950814247131,68408
43.2503616809845,68408
43.25121593475342,68408
43.252068519592285,68408
43.252923250198364,68408
43.25378060340881,68408
43.254639625549316,68408
43.255484104156494,68408
43.256338596343994,68408
43.25719237327576,68408
43.25804543495178,68408
43.25889611244202,68408
43.25975179672241,68408
43.26061201095581,68408
43.26146173477173,68408
43.26231098175049,68408
43.26316428184509,68408
43.264028787612915,68408
43.26488137245178,68408
43.2657356262207,68408
43.2665901184082,68408
43.26744103431702,68408
43.26829671859741,68408
43.269153356552124,68408
43.27000975608826,68408
43.27086520195007,68408
43.271716356277466,68408
43.27256751060486,68408
43.27341675758362,68408
43.27427959442139,68408
43.27513360977173,68408
43.27599048614502,68408
43.27684497833252,68408
43.277695178985596,68408
43.27854132652283,68408
43.2793972492218,68408
43.280251264572144,68408
43.28110194206238,68408
43.28195595741272,68408
43.28280854225159,68408
43.28366994857788,68408
43.28451466560364,68408
43.285364389419556,68408
43.28622055053711,68408
43.28707575798035,68408
43.28792977333069,68408
43.288782596588135,68408
43.289634227752686,68408
43.29048180580139,68408
43.29133343696594,68408
43.29218649864197,68408
43.29304027557373,68408
43.2939076423645,68408
43.294760942459106,68408
43.295615434646606,68408
43.29646348953247,68408
43.29731583595276,68408
43.29817199707031,68408
43.29902386665344,68408
43.29987907409668,68408
43.3007378578186,68408
43.30158567428589,68408
43.3024320602417,68408
43.303282499313354,68408
43.30415487289429,68408
43.30501055717468,68408
43.30586504936218,68408
43.306718826293945,68408
43.30757212638855,68408
43.30842041969299,68408
43.30927777290344,68408
43.310131311416626,68408
43.310986042022705,68408
43.31183624267578,68408
43.31268811225891,68408
43.31353425979614,68408
43.314396381378174,68408
43.31525158882141,68408
43.316107988357544,68408
43.31696319580078,68408
43.317814350128174,68408
43.318665742874146,68408
43.319514751434326,68408
43.32036781311035,68408
43.32122039794922,68408
43.32207369804382,68408
43.32292628288269,68408
43.323787212371826,68408
43.3246431350708,68408
43.32549262046814,68408
43.326345443725586,68408
43.32720136642456,68408
43.32805943489075,68408
43.32891511917114,68408
43.32976937294006,68408
43.330623626708984,68408
43.33147358894348,68408
43.33232593536377,68408
43.33317852020264,68408
43.33404493331909,68408
43.33490347862244,68408
43.335755348205566,68408
43.336607933044434,68408
43.3374547958374,68408
43.3383047580719,68408
43.3391592502594,68408
43.34001183509827,68408
43.34086489677429,68408
43.341721534729004,68408
43.342573404312134,68408
43.34342169761658,68408
43.34429097175598,68408
43.34514617919922,68408
43.345999240875244,68408
43.34684896469116,68408
43.3476984500885,68408
43.348548412323,68408
43.34940433502197,68408
43.350261211395264,68408
43.351115226745605,68408
43.35196924209595,68408
43.352821588516235,68408
43.35368633270264,68408
43.354535818099976,68408
43.35539221763611,68408
43.356247425079346,68408
43.357102155685425,68408
43.357956647872925,68408
43.35881233215332,68408
43.359665393829346,68408
43.36050987243652,68408
43.36136269569397,68408
43.3622190952301,68408
43.363075971603394,68408
43.363940477371216,68408
43.3647894859314,68408
43.36564564704895,68408
43.36648917198181,68408
43.36734080314636,68408
43.36819362640381,68408
43.36905097961426,68408
43.36990427970886,68408
43.37075757980347,68408
43.371609687805176,68408
43.372456789016724,68408
43.37330365180969,68408
43.37416887283325,68408
43.37502384185791,68408
43.37587761878967,68408
43.37673091888428,68408
43.37758445739746,68408
43.378429651260376,68408
43.37928509712219,68408
43.38013768196106,68408
43.38099384307861,68408
43.38184857368469,68408
43.38270115852356,68408
43.383546113967896,68408
43.3844096660614,68408
43.385260343551636,68408
43.38611388206482,68408
43.38696765899658,68408
43.387819051742554,68408
43.388673543930054,68408
43.38952159881592,68408
43.39037322998047,68408
43.39123225212097,68408
43.392086029052734,68408
43.392937898635864,68408
43.39379620552063,68408
43.394654512405396,68408
43.395503282547,68408
43.39635610580444,68408
43.39720916748047,68408
43.39806318283081,68408
43.398916244506836,68408
43.39976716041565,68408
43.400620460510254,68408
43.401466369628906,68408
43.402318477630615,68408
43.40317511558533,68408
43.40404772758484,68408
43.40490365028381,68408
43.405755043029785,68408
43.40660643577576,68408
43.407450675964355,68408
43.40830111503601,68408
43.409154653549194,68408
43.41001057624817,68408
43.410863161087036,68408
43.41171979904175,68408
43.41257095336914,68408
43.41342234611511,68408
43.41428828239441,68408
43.41514277458191,68408
43.41599917411804,68408
43.41685247421265,68408
43.417704343795776,68408
43.418553590774536,68408
43.419403076171875,68408
43.42025542259216,68408
43.42111015319824,68408
43.42196249961853,68408
43.42281413078308,68408
43.42367601394653,68408
43.4245228767395,68408
43.42537522315979,68408
43.42623043060303,68408
43.42708373069763,68408
43.427937030792236,68408
43.42879009246826,68408
43.42964029312134,68408
43.43048691749573,68408
43.431336879730225,68408
43.432188749313354,68408
43.43304181098938,68408
43.43390917778015,68408
43.434757471084595,68408
43.43560981750488,68408
43.43645882606506,68408
43.437310218811035,68408
43.438162088394165,68408
43.439016580581665,68408
43.43986964225769,68408
43.44072127342224,68408
43.44157290458679,68408
43.4424204826355,68408
43.44327116012573,68408
43.444135904312134,68408
43.44498825073242,68408
43.44584250450134,68408
43.44669485092163,68408
43.44754433631897,68408
43.44839668273926,68408
43.449251651763916,68408
43.45010542869568,68408
43.45096230506897,68408
43.451812982559204,68408
43.45266509056091,68408
43.453511238098145,68408
43.454373598098755,68408
43.45522713661194,68408
43.45608186721802,68408
43.45693492889404,68408
43.457789182662964,68408
43.458643198013306,68408
43.45948910713196,68408
43.4603385925293,68408
43.461193799972534,68408
43.46204471588135,68408
43.46289587020874,68408
43.46375870704651,68408
43.46461296081543,68408
43.46545958518982,68408
43.46631217002869,68408
43.46716928482056,68408
43.46802496910095,68408
43.46887683868408,68408
43.46972918510437,68408
43.47057509422302,68408
43.47142267227173,68408
43.472273111343384,68408
43.4731285572052,68408
43.47399306297302,68408
43.47484517097473,68408
43.47569394111633,68408
43.47653651237488,68408
43.47739028930664,68408
43.47824478149414,68408
43.47909617424011,68408
43.47994947433472,68408
43.48079991340637,68408
43.48165154457092,68408
43.482497453689575,68408
43.48334765434265,68408
43.484209299087524,68408
43.48506760597229,68408
43.485919713974,68408
43.48676919937134,68408
43.487619161605835,68408
43.48846387863159,68408
43.489314794540405,68408
43.49017024040222,68408
43.49102544784546,68408
43.49187755584717,68408
43.49272894859314,68408
43.49358916282654,68408
43.49443483352661,68408
43.49529242515564,68408
43.49614238739014,68408
43.49699854850769,68408
43.497851848602295,68408
43.49870491027832,68408
43.499550580978394,68408
43.500404357910156,68408
43.50126004219055,68408
43.50211572647095,68408
43.50296592712402,68408
43.50382423400879,68408
43.504674196243286,68408
43.50552177429199,68408
43.50637245178223,68408
43.50722694396973,68408
43.508078813552856,68408
43.508933544158936,68408
43.50978708267212,68408
43.51063919067383,68408
43.51148343086243,68408
43.512336015701294,68408
43.51319122314453,68408
43.514058113098145,68408
43.51491141319275,68408
43.51576495170593,68408
43.51661705970764,68408
43.517462491989136,68408
43.518311977386475,68408
43.51916980743408,68408
43.52002215385437,68408
43.52087736129761,68408
43.52172589302063,68408
43.52257990837097,68408
43.5234260559082,68408
43.52428960800171,68408
43.525144815444946,68408
43.526002407073975,68408
43.52685308456421,68408
43.52770709991455,68408
43.52855372428894,68408
43.52940630912781,68408
43.53025960922241,68408
43.53111004829407,68408
43.5319619178772,68408
43.53281331062317,68408
43.53367257118225,68408
43.53451681137085,68408
43.535375356674194,68408
43.536226749420166,68408
43.537078619003296,68408
43.53793287277222,68408
43.53878116607666,68408
43.53963303565979,68408
43.54048132896423,68408
43.54133367538452,68408
43.542184591293335,68408
43.543041944503784,68408
43.54390597343445,68408
43.54475784301758,68408
43.54561376571655,68408
43.54646015167236,68408
43.54732036590576,68408
43.548173666000366,68408
43.54902625083923,68408
43.5498788356781,68408
43.55072784423828,68408
43.55157828330994,68408
43.55242562294006,68408
43.55328178405762,68408
43.55414795875549,68408
43.555004835128784,68408
43.55585741996765,68408
43.5567102432251,68408
43.55755305290222,68408
43.55840706825256,68408
43.55926012992859,68408
43.560115814208984,68408
43.56097197532654,68408
43.561826944351196,68408
43.56267595291138,68408
43.56352090835571,68408
43.564385175704956,68408
43.56523537635803,68408
43.566089391708374,68408
43.56694221496582,68408
43.56779479980469,68408
43.56864833831787,68408
43.56949281692505,68408
43.57034468650818,68408
43.57119703292847,68408
43.57204985618591,68408
43.57290196418762,68408
43.573769092559814,68408
43.57462215423584,68408
43.575469732284546,68408
43.57632279396057,68408
43.57717704772949,68408
43.5780291557312,68408
43.5788791179657,68408
43.57973289489746,68408
43.58058428764343,68408
43.58142852783203,68408
43.58228039741516,68408
43.58313727378845,68408
43.584004402160645,68408
43.584856033325195,68408
43.58570861816406,68408
43.58655619621277,68408
43.58740949630737,68408
43.58826279640198,68408
43.58911681175232,68408
43.58996868133545,68408
43.59081745147705,68408
43.591670989990234,68408
43.592517137527466,68408
43.59336614608765,68408
43.594233751297,68408
43.59508657455444,68408
43.5959415435791,68408
43.59679365158081,68408
43.59764766693115,68408
43.59849190711975,68408
43.59934329986572,68408
43.600199937820435,68408
43.60105633735657,68408
43.60190939903259,68408
43.60276222229004,68408
43.60362410545349,68408
43.60447430610657,68408
43.60532593727112,68408
43.606180906295776,68408
43.6070339679718,68408
43.60790014266968,68408
43.6087543964386,68408
43.609606981277466,68408
43.610451459884644,68408
43.611308097839355,68408
43.61216115951538,68408
43.613014221191406,68408
43.61387610435486,68408
43.6147301197052,68408
43.61558294296265,68408
43.61643147468567,68408
43.61728048324585,68408
43.61816430091858,68408
43.61901926994324,68408
43.61987113952637,68408
43.62072467803955,68408
43.62157702445984,68408
43.6224250793457,68408
43.62327742576599,68408
43.62414240837097,68408
43.625001430511475,68408
43.6258499622345,68408
43.62670111656189,68408
43.62754797935486,68408
43.62840127944946,68408
43.62925481796265,68408
43.63010931015015,68408
43.63096380233765,68408
43.63182067871094,68408
43.63267540931702,68408
43.63352036476135,68408
43.63437795639038,68408
43.63523316383362,68408
43.63608455657959,68408
43.63693881034851,68408
43.637792348861694,68408
43.638649702072144,68408
43.63949394226074,68408
43.64034938812256,68408
43.64120388031006,68408
43.64206099510193,68408
43.64291763305664,68408
43.643778562545776,68408
43.644633054733276,68408
43.64548182487488,68408
43.64633059501648,68408
43.647183656692505,68408
43.64803910255432,68408
43.648895502090454,68408
43.649749994277954,68408
43.65060567855835,68408
43.65145254135132,68408
43.65230584144592,68408
43.65315866470337,68408
43.654025077819824,68408
43.654879570007324,68408
43.65573215484619,68408
43.65658092498779,68408
43.65742754936218,68408
43.65827822685242,68408
43.6591317653656,68408
43.659985065460205,68408
43.66083812713623,68408
43.661691188812256,68408
43.66253900527954,68408
43.66339325904846,68408
43.66425800323486,68408
43.66511273384094,68408
43.66596817970276,68408
43.66681885719299,68408
43.6676709651947,68408
43.66851878166199,68408
43.669373512268066,68408
43.670225620269775,68408
43.671079874038696,68408
43.671931743621826,68408
43.67278337478638,68408
43.67364430427551,68408
43.674490451812744,68408
43.675342321395874,68408
43.67619800567627,68408
43.67705011367798,68408
43.67790198326111,68408
43.678754568099976,68408
43.67960548400879,68408
43.68045115470886,68408
43.681302309036255,68408
43.68215274810791,68408
43.683006048202515,68408
43.68386697769165,68408
43.684720039367676,68408
43.685569763183594,68408
43.68641519546509,68408
43.6872661113739,68408
43.68811798095703,68408
43.68897271156311,68408
43.689826011657715,68408
43.690680503845215,68408
43.69152784347534,68408
43.692378282547,68408
43.69323182106018,68408
43.69409728050232,68408
43.69495224952698,68408
43.69580364227295,68408
43.69666147232056,68408
43.69750690460205,68408
43.698360204696655,68408
43.69921374320984,68408
43.70006990432739,68408
43.700923204422,68408
43.701775550842285,68408
43.702629804611206,68408
43.70347857475281,68408
43.70434236526489,68408
43.70519518852234,68408
43.70604872703552,68408
43.70690298080444,68408
43.70775604248047,68408
43.70861005783081,68408
43.709455251693726,68408
43.71030950546265,68408
43.71116662025452,68408
43.712023973464966,68408
43.71287560462952,68408
43.71373963356018,68408
43.71459197998047,68408
43.71543598175049,68408
43.71628665924072,68408
43.71714377403259,68408
43.717995166778564,68408
43.71884775161743,68408
43.71969699859619,68408
43.72054076194763,68408
43.72139358520508,68408
43.722245931625366,68408
43.7231023311615,68408
43.72396779060364,68408
43.72481727600098,68408
43.725674629211426,68408
43.72651767730713,68408
43.7273690700531,68408
43.72822332382202,68408
43.72907757759094,68408
43.729928493499756,68408
43.73078393936157,68408
43.731634855270386,68408
43.732484102249146,68408
43.73333740234375,68408
43.73420524597168,68408
43.73505687713623,68408
43.73590803146362,68408
43.73675847053528,68408
43.73761296272278,68408
43.73845911026001,68408
43.7393102645874,68408
43.74016308784485,68408
43.74101495742798,68408
43.74186825752258,68408
43.742719888687134,68408
43.74357604980469,68408
43.74442648887634,68408
43.745277881622314,68408
43.74613428115845,68408
43.74699020385742,68408
43.747846364974976,68408
43.74869656562805,68408
43.74954009056091,68408
43.75038766860962,68408
43.75124263763428,68408
43.75209403038025,68408
43.752949714660645,68408
43.7538104057312,68408
43.754669189453125,68408
43.755516052246094,68408
43.75636577606201,68408
43.757219314575195,68408
43.75807523727417,68408
43.758931398391724,68408
43.759782552719116,68408
43.76063656806946,68408
43.76148200035095,68408
43.76233172416687,68408
43.76318550109863,68408
43.764050245285034,68408
43.76490879058838,68408
43.76575994491577,68408
43.766613721847534,68408
43.767457723617554,68408
43.768309116363525,68408
43.76916027069092,68408
43.77001166343689,68408
43.7708637714386,68408
43.77172136306763,68408
43.77256798744202,68408
43.773417711257935,68408
43.774277448654175,68408
43.775131940841675,68408
43.775986433029175,68408
43.77683782577515,68408
43.777689933776855,68408
43.778539419174194,68408
43.779388666152954,68408
43.780240535736084,68408
43.781089782714844,68408
43.7819459438324,68408
43.782794713974,68408
43.783655643463135,68408
43.78450298309326,68408
43.78535437583923,68408
43.78620791435242,68408
43.78706240653992,68408
43.78791546821594,68408
43.788766622543335,68408
43.789618730545044,68408
43.790459871292114,68408
43.79131293296814,68408
43.79216933250427,68408
43.79302382469177,68408
43.79388880729675,68408
43.794739961624146,68408
43.79559326171875,68408
43.79644155502319,68408
43.79728889465332,68408
43.798142433166504,68408
43.798996686935425,68408
43.799848794937134,68408
43.800703048706055,68408
43.801549434661865,68408
43.80240225791931,68408
43.803255558013916,68408
43.804117918014526,68408
43.80497479438782,68408
43.805827379226685,68408
43.80667734146118,68408
43.80752658843994,68408
43.808377742767334,68408
43.80923056602478,68408
43.81008720397949,68408
43.81094169616699,68408
43.81179141998291,68408
43.812644720077515,68408
43.81348967552185,68408
43.814351081848145,68408
43.815205097198486,68408
43.81605935096741,68408
43.81691217422485,68408
43.81776189804077,68408
43.8186137676239,68408
43.8194625377655,68408
43.820313930511475,68408
43.82116770744324,68408
43.82202219963074,68408
43.82287931442261,68408
43.8237407207489,68408
43.82459306716919,68408
43.825440645217896,68408
43.826292753219604,68408
43.82714557647705,68408
43.828001260757446,68408
43.828853607177734,68408
43.82970643043518,68408
43.83054971694946,68408
43.83140563964844,68408
43.832261085510254,68408
43.83311676979065,68408
43.83398747444153,68408
43.834837913513184,68408
43.83569049835205,68408
43.83653664588928,68408
43.83738875389099,68408
43.8382453918457,68408
43.839094400405884,68408
43.83994960784912,68408
43.84079885482788,68408
43.84165143966675,68408
43.842496395111084,68408
43.843348264694214,68408
43.84420847892761,68408
43.84506273269653,68408
43.845916986465454,68408
43.84676909446716,68408
43.847623109817505,68408
43.84847116470337,68408
43.84932351112366,68408
43.85017538070679,68408
43.85102820396423,68408
43.851879835128784,68408
43.8527295589447,68408
43.85359048843384,68408
43.85443925857544,68408
43.85529613494873,68408
43.85614800453186,68408
43.85700058937073,68408
43.857853174209595,68408
43.85870575904846,68408
43.8595507144928,68408
43.86040210723877,68408
43.861258029937744,68408
43.86211109161377,68408
43.86296463012695,68408
43.86382865905762,68408
43.86467909812927,68408
43.86552548408508,68408
43.86637568473816,68408
43.86723446846008,68408
43.86808776855469,68408
43.86894178390503,68408
43.869789600372314,68408
43.870644330978394,68408
43.871490478515625,68408
43.87233924865723,68408
43.873194217681885,68408
43.87406349182129,68408
43.87491583824158,68408
43.87576866149902,68408
43.87662386894226,68408
43.87747120857239,68408
43.87832260131836,68408
43.87917447090149,68408
43.88002848625183,68408
43.88088345527649,68408
43.881736755371094,68408
43.88259267807007,68408
43.88343954086304,68408
43.88430380821228,68408
43.885157108306885,68408
43.88601350784302,68408
43.8868682384491,68408
43.88772368431091,68408
43.88857316970825,68408
43.88942360877991,68408
43.890273094177246,68408
43.89112973213196,68408
43.89198040962219,68408
43.89283204078674,68408
43.893693923950195,68408
43.894542932510376,68408
43.89539980888367,68408
43.896254539489746,68408
43.89710760116577,68408
43.897963523864746,68408
43.8988139629364,68408
43.89966654777527,68408
43.90051293373108,68408
43.90136504173279,68408
43.90221834182739,68408
43.90307092666626,68408
43.90393328666687,68408
43.90478587150574,68408
43.90563654899597,68408
43.9064781665802,68408
43.90733098983765,68408
43.90818786621094,68408
43.9090416431427,68408
43.909894704818726,68408
43.9107449054718,68408
43.91160345077515,68408
43.91244959831238,68408
43.91329765319824,68408
43.91416120529175,68408
43.91501975059509,68408
43.915871143341064,68408
43.91672325134277,68408
43.91757249832153,68408
43.918418407440186,68408
43.919270753860474,68408
43.92012596130371,68408
43.92098140716553,68408
43.92183470726013,68408
43.92268633842468,68408
43.9235360622406,68408
43.924396276474,68408
43.925251722335815,68408
43.926105260849,68408
43.92695736885071,68408
43.9278085231781,68408
43.92866063117981,68408
43.929508447647095,68408
43.93036198616028,68408
43.931217670440674,68408
43.93207240104675,68408
43.932921171188354,68408
43.93377995491028,68408
43.93463373184204,68408
43.9354829788208,68408
43.93633317947388,68408
43.93718957901001,68408
43.93804097175598,68408
43.938896894454956,68408
43.93974733352661,68408
43.9405996799469,68408
43.941444873809814,68408
43.94229817390442,68408
43.94315314292908,68408
43.94401669502258,68408
43.94486689567566,68408
43.945722341537476,68408
43.94657325744629,68408
43.947423458099365,68408
43.94827699661255,68408
43.94913291931152,68408
43.94998741149902,68408
43.95084071159363,68408
43.95169544219971,68408
43.95254421234131,68408
43.95339226722717,68408
43.954253911972046,68408
43.95510959625244,68408
43.955965995788574,68408
43.95681691169739,68408
43.95767164230347,68408
43.95851755142212,68408
43.959370136260986,68408
43.960225105285645,68408
43.96108031272888,68408
43.96193289756775,68408
43.962788581848145,68408
43.963653564453125,68408
43.96450066566467,68408
43.965352296829224,68408
43.966206550598145,68408
43.967060804367065,68408
43.96791386604309,68408
43.968766927719116,68408
43.96962308883667,68408
43.97047138214111,68408
43.97132706642151,68408
43.97218108177185,68408
43.97303819656372,68408
43.973901987075806,68408
43.9747576713562,68408
43.97561001777649,68408
43.97645926475525,68408
43.977317094802856,68408
43.9781711101532,68408
43.979023933410645,68408
43.97988033294678,68408
43.98073172569275,68408
43.981579065322876,68408
43.98242950439453,68408
43.98328375816345,68408
43.984153270721436,68408
43.98500967025757,68408
43.985864877700806,68408
43.98671841621399,68408
43.98756742477417,68408
43.988412618637085,68408
43.98926854133606,68408
43.990124464035034,68408
43.99097919464111,68408
43.99183511734009,68408
43.992687463760376,68408
43.993537187576294,68408
43.99440121650696,68408
43.99525499343872,68408
43.996108293533325,68408
43.99696397781372,68408
43.997814893722534,68408
43.99866819381714,68408
43.99951529502869,68408
44.0003662109375,68408
44.001219749450684,68408
44.0020706653595,68408
44.00292372703552,68408
44.00378465652466,68408
44.00464129447937,68408
44.005488872528076,68408
44.006338357925415,68408
44.007190465927124,68408
44.0080463886261,68408
44.00890016555786,68408
44.009753465652466,68408
44.010613203048706,68408
44.011462450027466,68408
44.01231360435486,68408
44.01316809654236,68408
44.01403307914734,68408
44.014886140823364,68408
44.015740394592285,68408
44.01659154891968,68408
44.0174400806427,68408
44.01829266548157,68408
44.01914620399475,68408
44.0199990272522,68408
44.020854234695435,68408
44.021703481674194,68408
44.02254867553711,68408
44.02339744567871,68408
44.02426362037659,68408
44.02511668205261,68408
44.02597188949585,68408
44.02682161331177,68408
44.02767324447632,68408
44.028517723083496,68408
44.029369831085205,68408
44.03022503852844,68408
44.031078815460205,68408
44.03193020820618,68408
44.03278207778931,68408
44.03364586830139,68408
44.03449368476868,68408
44.03534507751465,68408
44.03619837760925,68408
44.03705334663391,68408
44.037909746170044,68408
44.038758516311646,68408
44.03961229324341,68408
44.04045653343201,68408
44.04130840301514,68408
44.04216122627258,68408
44.04301381111145,68408
44.043874979019165,68408
44.044732093811035,68408
44.045581579208374,68408
44.04642963409424,68408
44.04728317260742,68408
44.04814004898071,68408
44.04899334907532,68408
44.04984426498413,68408
44.050694704055786,68408
44.05154371261597,68408
44.05239534378052,68408
44.05324983596802,68408
44.05411434173584,68408
44.05496907234192,68408
44.0558180809021,68408
44.05666971206665,68408
44.05751609802246,68408
44.05836844444275,68408
44.05922269821167,68408
44.06007409095764,68408
44.06092643737793,68408
44.06177735328674,68408
44.06262969970703,68408
44.063472032547,68408
44.06433868408203,68408
44.065194606781006,68408
44.06604814529419,68408
44.06690239906311,68408
44.06775522232056,68408
44.06860971450806,68408
44.069456815719604,68408
44.07030749320984,68408
44.07116484642029,68408
44.072022914886475,68408
44.07287311553955,68408
44.073737382888794,68408
44.07458686828613,68408
44.07543396949768,68408
44.07628536224365,68408
44.077136278152466,68408
44.077991008758545,68408
44.078845500946045,68408
44.079694986343384,68408
44.08053994178772,68408
44.081392765045166,68408
44.08224701881409,68408
44.08310008049011,68408
44.08396244049072,68408
44.08481454849243,68408
44.08566999435425,68408
44.08651900291443,68408
44.08737111091614,68408
44.08822727203369,68408
44.089080810546875,68408
44.08993363380432,68408
44.090786933898926,68408
44.0916383266449,68408
44.09249019622803,68408
44.093342304229736,68408
44.09420871734619,68408
44.09506368637085,68408
44.09592080116272,68408
44.09677195549011,68408
44.09762191772461,68408
44.09846806526184,68408
44.09932255744934,68408
44.10017418861389,68408
44.10102701187134,68408
44.101877212524414,68408
44.10273003578186,68408
44.103585958480835,68408
44.10443425178528,68408
44.10528516769409,68408
44.10614061355591,68408
44.106993675231934,68408
44.107845067977905,68408
44.10869884490967,68408
44.10954403877258,68408
44.11039710044861,68408
44.111249923706055,68408
44.11210513114929,68408
44.11295986175537,68408
44.11381697654724,68408
44.11466836929321,68408
44.115514039993286,68408
44.11636757850647,68408
44.11722469329834,68408
44.11807727813721,68408
44.118929386138916,68408
44.119784116744995,68408
44.12064290046692,68408
44.12148976325989,68408
44.122342109680176,68408
44.123196840286255,68408
44.124061822891235,68408
44.124916076660156,68408
44.12576913833618,68408
44.126624584198,68408
44.12747001647949,68408
44.1283233165741,68408
44.12917399406433,68408
44.13002943992615,68408
44.13088083267212,68408
44.13173246383667,68408
44.13258218765259,68408
44.13342809677124,68408
44.13428783416748,68408
44.13514566421509,68408
44.13599872589111,68408
44.13685059547424,68408
44.13770413398743,68408
44.138548851013184,68408
44.13940358161926,68408
44.14025688171387,68408
44.14111399650574,68408
44.14197039604187,68408
44.14282274246216,68408
44.143686056137085,68408
44.14453125,68408
44.145384073257446,68408
44.14623999595642,68408
44.147095680236816,68408
44.14794588088989,68408
44.14879894256592,68408
44.14965343475342,68408
44.15049862861633,68408
44.15134882926941,68408
44.152199029922485,68408
44.153053522109985,68408
44.153916358947754,68408
44.154770612716675,68408
44.15562653541565,68408
44.1564736366272,68408
44.15732550621033,68408
44.15817713737488,68408
44.159029722213745,68408
44.15988349914551,68408
44.160738945007324,68408
44.16158652305603,68408
44.162436962127686,68408
44.16329050064087,68408
44.16415548324585,68408
44.16501069068909,68408
44.16586256027222,68408
44.16671895980835,68408
44.16756868362427,68408
44.16841435432434,68408
44.169267654418945,68408
44.17012166976929,68408
44.17097330093384,68408
44.17182469367981,68408
44.17267632484436,68408
44.173523902893066,68408
44.174386739730835,68408
44.17524075508118,68408
44.17609477043152,68408
44.17694926261902,68408
44.17780041694641,68408
44.178648471832275,68408
44.17949295043945,68408
44.18034291267395,68408
44.18120002746582,68408
44.182055950164795,68408
44.18290996551514,68408
44.18376851081848,68408
44.18462085723877,68408
44.185466289520264,68408
44.18631649017334,68408
44.18717312812805,68408
44.18802809715271,68408
44.188878536224365,68408
44.18973231315613,68408
44.19058132171631,68408
44.19143009185791,68408
44.192280769348145,68408
44.19313287734985,68408
44.193997383117676,68408
44.19484996795654,68408
44.19569540023804,68408
44.19654369354248,68408
44.1973934173584,68408
44.198248624801636,68408
44.19910287857056,68408
44.19995737075806,68408
44.20080757141113,68408
44.20165991783142,68408
44.20250582695007,68408
44.2033576965332,68408
44.204224824905396,68408
44.20508337020874,68408
44.20593786239624,68408
44.20678973197937,68408
44.2076473236084,68408
44.208492279052734,68408
44.20934462547302,68408
44.210198640823364,68408
44.21105480194092,68408
44.211910247802734,68408
44.21276235580444,68408
44.213624715805054,68408
44.2144718170166,68408
44.215327501297,68408
44.21618342399597,68408
44.21703743934631,68408
44.217891693115234,68408
44.21874785423279,68408
44.219594955444336,68408
44.220441818237305,68408
44.22129440307617,68408
44.222150802612305,68408
44.223002433776855,68408
44.22386455535889,68408
44.224716663360596,68408
44.22557091712952,68408
44.22641968727112,68408
44.22727346420288,68408
44.22812819480896,68408
44.22898602485657,68408
44.22983741760254,68408
44.230692863464355,68408
44.23153853416443,68408
44.232393741607666,68408
44.23324918746948,68408
44.23411226272583,68408
44.234962701797485,68408
44.235812187194824,68408
44.23666501045227,68408
44.237510442733765,68408
44.23835873603821,68408
44.23921060562134,68408
44.24006533622742,68408
44.24091863632202,68408
44.24177074432373,68408
44.24262571334839,68408
44.24347448348999,68408
44.24433422088623,68408
44.24519228935242,68408
44.24604654312134,68408
44.24689960479736,68408
44.247753858566284,68408
44.24860453605652,68408
44.24945092201233,68408
44.250301361083984,68408
44.25115704536438,68408
44.25201082229614,68408
44.252867460250854,68408
44.25372934341431,68408
44.2545804977417,68408
44.25542759895325,68408
44.25628042221069,68408
44.25713300704956,68408
44.2579882144928,68408
44.258838415145874,68408
44.25969362258911,68408
44.26053977012634,68408
44.26139426231384,68408
44.26225185394287,68408
44.26310634613037,68408
44.26397752761841,68408
44.26482892036438,68408
44.265681982040405,68408
44.26653242111206,68408
44.267388582229614,68408
44.26825022697449,68408
44.26910924911499,68408
44.269964933395386,68408
44.27081513404846,68408
44.27167057991028,68408
44.272520303726196,68408
44.27337145805359,68408
44.274240493774414,68408
44.275097131729126,68408
44.27595114707947,68408
44.276803493499756,68408
44.2776563167572,68408
44.278504610061646,68408
44.27935528755188,68408
44.28020906448364,68408
44.28106451034546,68408
44.281917333602905,68408
44.28276777267456,68408
44.283634662628174,68408
44.28448152542114,68408
44.28533577919006,68408
44.2861909866333,68408
44.28704571723938,68408
44.287898778915405,68408
44.28875255584717,68408
44.28960633277893,68408
44.29045295715332,68408
44.29130411148071,68408
44.29215931892395,68408
44.29301452636719,68408
44.29388427734375,68408
44.294740438461304,68408
44.29558968544006,68408
44.296438217163086,68408
44.2972948551178,68408
44.29814910888672,68408
44.29900288581848,68408
44.29985523223877,68408
44.30070972442627,68408
44.301552534103394,68408
44.30240511894226,68408
44.30325961112976,68408
44.30412793159485,68408
44.304983139038086,68408
44.30583429336548,68408
44.30668377876282,68408
44.30753016471863,68408
44.308382511138916,68408
44.309234857559204,68408
44.31009006500244,68408
44.31094694137573,68408
44.31180191040039,68408
44.31265377998352,68408
44.31350016593933,68408
44.314364433288574,68408
44.31521701812744,68408
44.316073179244995,68408
44.31692671775818,68408
44.31778120994568,68408
44.31863451004028,68408
44.31948161125183,68408
44.32033371925354,68408
44.321189880371094,68408
44.3220419883728,68408
44.32289481163025,68408
44.32375526428223,68408
44.32461071014404,68408
44.325453758239746,68408
44.32630634307861,68408
44.32715606689453,68408
44.328011989593506,68408
44.32886052131653,68408
44.329710483551025,68408
44.33056282997131,68408
44.3314106464386,68408
44.33226418495178,68408
44.333117961883545,68408
44.33398127555847,68408
44.334831953048706,68408
44.33568334579468,68408
44.336527824401855,68408
44.337379693984985,68408
44.338234663009644,68408
44.33908486366272,68408
44.3399384021759,68408
44.34078502655029,68408
44.34164094924927,68408
44.34248614311218,68408
44.34334206581116,68408
44.34420847892761,68408
44.345064640045166,68408
44.34591794013977,68408
44.34677195549011,68408
44.347628355026245,68408
44.34847450256348,68408
44.349329233169556,68408
44.350184202194214,68408
44.35104012489319,68408
44.351893186569214,68408
44.352744340896606,68408
44.353607416152954,68408
44.35445427894592,68408
44.355305910110474,68408
44.356159687042236,68408
44.357013463974,68408
44.35786843299866,68408
44.35872149467468,68408
44.35957336425781,68408
44.36041855812073,68408
44.36127018928528,68408
44.362125873565674,68408
44.362977027893066,68408
44.36383652687073,68408
44.364689111709595,68408
44.36553907394409,68408
44.36639380455017,68408
44.367247581481934,68408
44.36809802055359,68408
44.36895442008972,68408
44.36980390548706,68408
44.370656967163086,68408
44.37150526046753,68408
44.37235927581787,68408
44.37321758270264,68408
44.37408638000488,68408
44.37494087219238,68408
44.37579321861267,68408
44.37664866447449,68408
44.377493143081665,68408
44.37834405899048,68408
44.37919878959656,68408
44.38005352020264,68408
44.38090753555298,68408
44.38175845146179,68408
44.3826117515564,68408
44.38345766067505,68408
44.384318351745605,68408
44.3851752281189,68408
44.38603115081787,68408
44.386881828308105,68408
44.38773036003113,68408
44.38858127593994,68408
44.389429807662964,68408
44.39028191566467,68408
44.39113759994507,68408
44.39199090003967,68408
44.392844676971436,68408
44.39370512962341,68408
44.394551277160645,68408
44.39540243148804,68408
44.39625597000122,68408
44.3971107006073,68408
44.39796495437622,68408
44.39881896972656,68408
44.39967393875122,68408
44.40051579475403,68408
44.401368618011475,68408
44.40222144126892,68408
44.40307855606079,68408
44.4039421081543,68408
44.404794454574585,68408
44.40564966201782,68408
44.406498670578,68408
44.40735626220703,68408
44.40821409225464,68408
44.409069776535034,68408
44.40992307662964,68408
44.410773038864136,68408
44.411625623703,68408
44.412471532821655,68408
44.41332387924194,68408
44.414186000823975,68408
44.41504430770874,68408
44.41589832305908,68408
44.416757106781006,68408
44.41760468482971,68408
44.418452978134155,68408
44.41930413246155,68408
44.420156478881836,68408
44.42101168632507,68408
44.42186713218689,68408
44.42271852493286,68408
44.423574686050415,68408
44.42442226409912,68408
44.42527770996094,68408
44.42612862586975,68408
44.42698049545288,68408
44.4278347492218,68408
44.42869186401367,68408
44.4295334815979,68408
44.43038487434387,68408
44.43123769760132,68408
44.43208909034729,68408
44.432945013046265,68408
44.43380689620972,68408
44.43465757369995,68408
44.43550372123718,68408
44.43635272979736,68408
44.43720459938049,68408
44.43805527687073,68408
44.43890905380249,68408
44.43976020812988,68408
44.44061613082886,68408
44.44145965576172,68408
44.442309617996216,68408
44.443164348602295,68408
44.44403123855591,68408
44.444884061813354,68408
44.44573497772217,68408
44.446585178375244,68408
44.44743514060974,68408
44.448288440704346,68408
44.44914197921753,68408
44.44999575614929,68408
44.450846672058105,68408
44.45169806480408,68408
44.45254445075989,68408
44.4533953666687,68408
44.45426392555237,68408
44.45512056350708,68408
44.4559760093689,68408
44.45682621002197,68408
44.45767879486084,68408
44.45852494239807,68408
44.45937514305115,68408
44.46022891998291,68408
44.461087226867676,68408
44.461939573287964,68408
44.46279311180115,68408
44.46365141868591,68408
44.46449828147888,68408
44.4653480052948,68408
44.46619892120361,68408
44.46705412864685,68408
44.467912673950195,68408
44.46876049041748,68408
44.46961450576782,68408
44.47046089172363,68408
44.47131299972534,68408
44.472168922424316,68408
44.473020792007446,68408
44.47388482093811,68408
44.47474122047424,68408
44.475592613220215,68408
44.4764404296875,68408
44.477290630340576,68408
44.4781494140625,68408
44.479002952575684,68408
44.47985601425171,68408
44.48070979118347,68408
44.48155426979065,68408
44.48240327835083,68408
44.4832603931427,68408
44.48412728309631,68408
44.4849853515625,68408
44.48583674430847,68408
44.486687660217285,68408
44.48753762245178,68408
44.488394021987915,68408
44.48924422264099,68408
44.490097761154175,68408
44.49095106124878,68408
44.49180197715759,68408
44.49265265464783,68408
44.493499994277954,68408
44.49436092376709,68408
44.49521780014038,68408
44.496068716049194,68408
44.49692130088806,68408
44.49777030944824,68408
44.49862575531006,68408
44.49947476387024,68408
44.50032687187195,68408
44.50118613243103,68408
44.50204253196716,68408
44.502896547317505,68408
44.5037579536438,68408
44.504613161087036,68408
44.50546360015869,68408
44.5063157081604,68408
44.507171392440796,68408
44.50802540779114,68408
44.508885860443115,68408
44.50973606109619,68408
44.51059365272522,68408
44.5114381313324,68408
44.512290716171265,68408
44.513145446777344,68408
44.514007806777954,68408
44.514864444732666,68408
44.51571726799011,68408
44.516571044921875,68408
44.517418384552,68408
44.518271684646606,68408
44.51912832260132,68408
44.51998257637024,68408
44.52083706855774,68408
44.52168941497803,68408
44.522536277770996,68408
44.52338457107544,68408
44.52424597740173,68408
44.525097608566284,68408
44.52595281600952,68408
44.52680253982544,68408
44.52765202522278,68408
44.528499126434326,68408
44.52935242652893,68408
44.53020453453064,68408
44.531059980392456,68408
44.531912326812744,68408
44.532766342163086,68408
44.53362822532654,68408
44.53447484970093,68408
44.53532862663269,68408
44.53618121147156,68408
44.53703260421753,68408
44.53788757324219,68408
44.538740158081055,68408
44.53959369659424,68408
44.540440797805786,68408
44.54129195213318,68408
44.54214429855347,68408
44.543002128601074,68408
44.54386520385742,68408
44.544719219207764,68408
44.54556703567505,68408
44.54641604423523,68408
44.54727005958557,68408
44.54812431335449,68408
44.54897928237915,68408
44.549829721450806,68408
44.55068492889404,68408
44.551533222198486,68408
44.55238628387451,68408
44.55324101448059,68408
44.55410432815552,68408
44.55495858192444,68408
44.555811166763306,68408
44.556668758392334,68408
44.557515382766724,68408
44.55836772918701,68408
44.55922245979309,68408
44.56008243560791,68408
44.56093430519104,68408
44.561784505844116,68408
44.56263494491577,68408
44.56347990036011,68408
44.56433629989624,68408
44.56519079208374,68408
44.56604480743408,68408
44.566900968551636,68408
44.56775164604187,68408
44.56860303878784,68408
44.569448947906494,68408
44.57030177116394,68408
44.57115626335144,68408
44.57201027870178,68408
44.57286214828491,68408
44.573723554611206,68408
44.57457399368286,68408
44.575419664382935,68408
44.576271057128906,68408
44.577126026153564,68408
44.57797861099243,68408
44.578829765319824,68408
44.57968354225159,68408
44.58052897453308,68408
44.58138298988342,68408
44.58223628997803,68408
44.583088636398315,68408
44.58395481109619,68408
44.58480715751648,68408
44.58565878868103,68408
44.586503982543945,68408
44.58735728263855,68408
44.58820986747742,68408
44.589061975479126,68408
44.58991241455078,68408
44.59076714515686,68408
44.591622829437256,68408
44.59247136116028,68408
44.59332346916199,68408
44.59419059753418,68408
44.59504270553589,68408
44.59589433670044,68408
44.596747159957886,68408
44.59760355949402,68408
44.598451137542725,68408
44.59930419921875,68408
44.600157260894775,68408
44.60101246833801,68408
44.601863861083984,68408
44.60271763801575,68408
44.603575229644775,68408
44.604426860809326,68408
44.605278730392456,68408
44.60613512992859,68408
44.606990337371826,68408
44.60784983634949,68408
44.608701944351196,68408
44.60954427719116,68408
44.6103937625885,68408
44.611247301101685,68408
44.612098693847656,68408
44.61295127868652,68408
44.613807678222656,68408
44.614660024642944,68408
44.61550450325012,68408
44.616355895996094,68408
44.6172091960907,68408
44.618067502975464,68408
44.618918895721436,68408
44.619771242141724,68408
44.62062358856201,68408
44.621471643447876,68408
44.6223247051239,68408
44.62317490577698,68408
44.624037742614746,68408
44.62489414215088,68408
44.62574505805969,68408
44.62660241127014,68408
44.62744855880737,68408
44.62830400466919,68408
44.62916088104248,68408
44.63001251220703,68408
44.63086462020874,68408
44.631718158721924,68408
44.63256621360779,68408
44.633416414260864,68408
44.63427758216858,68408
44.63513445854187,68408
44.63598942756653,68408
44.63683891296387,68408
44.63769054412842,68408
44.638538122177124,68408
44.639389514923096,68408
44.64024114608765,68408
44.641093492507935,68408
44.64194679260254,68408
44.64279794692993,68408
44.64366316795349,68408
44.644508600234985,68408
44.645360231399536,68408
44.64621448516846,68408
44.647071838378906,68408
44.64792513847351,68408
44.648775815963745,68408
44.64962840080261,68408
44.65047574043274,68408
44.651326417922974,68408
44.65218186378479,68408
44.653034925460815,68408
44.65390086174011,68408
44.65475296974182,68408
44.65560817718506,68408
44.656455278396606,68408
44.65730810165405,68408
44.65816116333008,68408
44.65901565551758,68408
44.65987014770508,68408
44.66072416305542,68408
44.66157603263855,68408
44.662423849105835,68408
44.66327714920044,68408
44.66414141654968,68408
44.664995193481445,68408
44.66585302352905,68408
44.66670608520508,68408
44.6675546169281,68408
44.66840672492981,68408
44.66926193237305,68408
44.67011547088623,68408
44.67096781730652,68408
44.67181944847107,68408
44.67267346382141,68408
44.6735200881958,68408
44.67438101768494,68408
44.67523455619812,68408
44.67609000205994,68408
44.67694163322449,68408
44.67779207229614,68408
44.67864441871643,68408
44.67949295043945,68408
44.68034100532532,68408
44.68119525909424,68408
44.682050466537476,68408
44.68290710449219,68408
44.68376684188843,68408
44.68462061882019,68408
44.685468912124634,68408
44.68632364273071,68408
44.68717551231384,68408
44.68803000450134,68408
44.68887901306152,68408
44.68973255157471,68408
44.69058275222778,68408
44.691429138183594,68408
44.692283391952515,68408
44.693140745162964,68408
44.694010734558105,68408
44.69486618041992,68408
44.69571900367737,68408
44.696569204330444,68408
44.69741368293762,68408
44.69826555252075,68408
44.69912028312683,68408
44.69998002052307,68408
44.70082926750183,68408
44.70168137550354,68408
44.70252561569214,68408
44.70337796211243,68408
44.704243183135986,68408
44.70510125160217,68408
44.70595741271973,68408
44.7068145275116,68408
44.70766997337341,68408
44.708518505096436,68408
44.70937132835388,68408
44.71022653579712,68408
44.71107745170593,68408
44.71193242073059,68408
44.71278142929077,68408
44.713645219802856,68408
44.71449136734009,68408
44.715344190597534,68408
44.716196060180664,68408
44.71705150604248,68408
44.71790385246277,68408
44.718751430511475,68408
44.71960639953613,68408
44.72045540809631,68408
44.72130751609802,68408
44.72216176986694,68408
44.72301387786865,68408
44.72387504577637,68408
44.724725008010864,68408
44.72557592391968,68408
44.726420402526855,68408
44.72727394104004,68408
44.72812747955322,68408
44.728984117507935,68408
44.72983431816101,68408
44.73068642616272,68408
44.7315309047699,68408
44.73237943649292,68408
44.73323178291321,68408
44.73410177230835,68408
44.73495697975159,68408
44.735812187194824,68408
44.73666214942932,68408
44.737507820129395,68408
44.73835897445679,68408
44.739211320877075,68408
44.74006390571594,68408
44.740912675857544,68408
44.74176549911499,68408
44.74262046813965,68408
44.743468046188354,68408
44.744333028793335,68408
44.745185136795044,68408
44.746044635772705,68408
44.746899127960205,68408
44.747753620147705,68408
44.74860501289368,68408
44.74945020675659,68408
44.75030255317688,68408
44.75115895271301,68408
44.752015352249146,68408
44.75286674499512,68408
44.75372624397278,68408
44.7545804977417,68408
44.75542187690735,68408
44.75627565383911,68408
44.75712823867798,68408
44.75798439979553,68408
44.75883221626282,68408
44.75968408584595,68408
44.76052737236023,68408
44.761377573013306,68408
44.762232542037964,68408
44.763089418411255,68408
44.76394963264465,68408
44.764803409576416,68408
44.765652656555176,68408
44.76649737358093,68408
44.76734733581543,68408
44.76820182800293,68408
44.76905584335327,68408
44.769909143447876,68408
44.77075910568237,68408
44.77161240577698,68408
44.77246165275574,68408
44.77331256866455,68408
44.774179458618164,68408
44.775033950805664,68408
44.77588510513306,68408
44.776737213134766,68408
44.77758741378784,68408
44.77843451499939,68408
44.77928900718689,68408
44.78014254570007,68408
44.78099489212036,68408
44.78184914588928,68408
44.78269815444946,68408
44.78354477882385,68408
44.784406661987305,68408
44.785261392593384,68408
44.78611516952515,68408
44.7869668006897,68408
44.78781819343567,68408
44.78867030143738,68408
44.78951716423035,68408
44.79037022590637,68408
44.791221618652344,68408
44.79207730293274,68408
44.79293203353882,68408
44.79379153251648,68408
44.794641733169556,68408
44.795491218566895,68408
44.796345710754395,68408
44.79719948768616,68408
44.79805278778076,68408
44.79890775680542,68408
44.799760818481445,68408
44.80061101913452,68408
44.80145740509033,68408
44.8023099899292,68408
44.80316352844238,68408
44.80402898788452,68408
44.80488133430481,68408
44.80573511123657,68408
44.80658745765686,68408
44.807432889938354,68408
44.80828237533569,68408
44.80913805961609,68408
44.80999255180359,68408
44.81084704399109,68408
44.81169867515564,68408
44.81254577636719,68408
44.81339502334595,68408
44.81425452232361,68408
44.81511354446411,68408
44.815972328186035,68408
44.81682538986206,68408
44.8176794052124,68408
44.818527698516846,68408
44.8193793296814,68408
44.82023096084595,68408
44.821085929870605,68408
44.821940422058105,68408
44.82279586791992,68408
44.823657274246216,68408
44.82450294494629,68408
44.82535266876221,68408
44.82620811462402,68408
44.82705903053284,68408
44.827913999557495,68408
44.828760623931885,68408
44.829615116119385,68408
44.830461740493774,68408
44.83131122589111,68408
44.83216619491577,68408
44.8330180644989,68408
44.83388066291809,68408
44.83473181724548,68408
44.83558368682861,68408
44.836432456970215,68408
44.8372917175293,68408
44.838144302368164,68408
44.83899450302124,68408
44.83984589576721,68408
44.84069490432739,68408
44.84153723716736,68408
44.84238791465759,68408
44.84324240684509,68408
44.84410643577576,68408
44.84496188163757,68408
44.84581112861633,68408
44.846668004989624,68408
44.84751582145691,68408
44.848366022109985,68408
44.849220275878906,68408
44.85007572174072,68408
44.85092902183533,68408
44.8517804145813,68408
44.852630615234375,68408
44.853482723236084,68408
44.854344606399536,68408
44.85520124435425,68408
44.85605597496033,68408
44.85691571235657,68408
44.85776996612549,68408
44.85862159729004,68408
44.85946249961853,68408
44.860312700271606,68408
44.861164808273315,68408
44.8620183467865,68408
44.86286664009094,68408
44.863730669021606,68408
44.86457848548889,68408
44.8654248714447,68408
44.866276025772095,68408
44.867127656936646,68408
44.86798119544983,68408
44.86883354187012,68408
44.869686126708984,68408
44.870532751083374,68408
44.87138342857361,68408
44.87223696708679,68408
44.873090744018555,68408
44.87395763397217,68408
44.8748083114624,68408
44.87566304206848,68408
44.87650918960571,68408
44.87735843658447,68408
44.878211975097656,68408
44.87906837463379,68408
44.879920959472656,68408
44.88077521324158,68408
44.881625175476074,68408
44.882471561431885,68408
44.883322954177856,68408
44.884190797805786,68408
44.88504672050476,68408
44.885902643203735,68408
44.88675403594971,68408
44.887606620788574,68408
44.888450622558594,68408
44.88930106163025,68408
44.89015531539917,68408
44.891008138656616,68408
44.89186096191406,68408
44.892714500427246,68408
44.89356803894043,68408
44.894418478012085,68408
44.89526844024658,68408
44.89612126350403,68408
44.896974325180054,68408
44.897826194763184,68408
44.89867663383484,68408
44.89952087402344,68408
44.900371074676514,68408
44.90122723579407,68408
44.90208029747009,68408
44.9029324054718,68408
44.903793811798096,68408
44.90465188026428,68408
44.905495166778564,68408
44.906349897384644,68408
44.90720319747925,68408
44.90805792808533,68408
44.90890860557556,68408
44.909759283065796,68408
44.910611629486084,68408
44.91145944595337,68408
44.91231155395508,68408
44.91316628456116,68408
44.91402983665466,68408
44.914883852005005,68408
44.91573476791382,68408
44.91658163070679,68408
44.91742467880249,68408
44.91827726364136,68408
44.919130086898804,68408
44.919983863830566,68408
44.92083287239075,68408
44.92168164253235,68408
44.922526597976685,68408
44.9233763217926,68408
44.9242422580719,68408
44.92509913444519,68408
44.925952434539795,68408
44.926804304122925,68408
44.92765831947327,68408
44.92850685119629,68408
44.92935800552368,68408
44.930211544036865,68408
44.931065797805786,68408
44.93191933631897,68408
44.932772397994995,68408
44.933634519577026,68408
44.93448305130005,68408
44.93533658981323,68408
44.936190128326416,68408
44.937042474746704,68408
44.937896490097046,68408
44.93874931335449,68408
44.93959450721741,68408
44.94044280052185,68408
44.94129204750061,68408
44.94214701652527,68408
44.9429976940155,68408
44.94385552406311,68408
44.94470500946045,68408
44.945549726486206,68408
44.94640040397644,68408
44.94725751876831,68408
44.948108434677124,68408
44.948960065841675,68408
44.94980716705322,68408
44.950660943984985,68408
44.95150661468506,68408
44.95236086845398,68408
44.95321488380432,68408
44.954078912734985,68408
44.95493531227112,68408
44.95578598976135,68408
44.95663642883301,68408
44.95748209953308,68408
44.958331823349,68408
44.95918607711792,68408
44.960036516189575,68408
44.960891246795654,68408
44.96174454689026,68408
44.962597131729126,68408
44.963441133499146,68408
44.96430015563965,68408
44.96515226364136,68408
44.96600961685181,68408
44.96685838699341,68408
44.96770763397217,68408
44.96855354309082,68408
44.96940207481384,68408
44.97025275230408,68408
44.971105098724365,68408
44.97195792198181,68408
44.9728057384491,68408
44.97366952896118,68408
44.97451901435852,68408
44.97536754608154,68408
44.976221561431885,68408
44.9770724773407,68408
44.9779269695282,68408
44.97877883911133,68408
44.97963333129883,68408
44.98048496246338,68408
44.98133611679077,68408
44.98218894004822,68408
44.98304557800293,68408
44.983909606933594,68408
44.984763622283936,68408
44.985618114471436,68408
44.98646354675293,68408
44.9873149394989,68408
44.98816990852356,68408
44.98902440071106,68408
44.98988366127014,68408
44.99073648452759,68408
44.9915885925293,68408
44.992435455322266,68408
44.993293046951294,68408
44.994158029556274,68408
44.99500799179077,68408
44.99586081504822,68408
44.99671149253845,68408
44.99755549430847,68408
44.99840688705444,68408
44.99926495552063,68408
45.00012230873108,68408
45.00097632408142,68408
45.00182843208313,68408
45.002678871154785,68408
45.003527879714966,68408
45.004387855529785,68408
45.00524187088013,68408
45.00609731674194,68408
45.006953954696655,68408
45.00780534744263,68408
45.0086567401886,68408
45.00950312614441,68408
45.0103554725647,68408
45.01120734214783,68408
45.01206088066101,68408
45.01291561126709,68408
45.01377868652344,68408
45.01463294029236,68408
45.01547884941101,68408
45.01633620262146,68408
45.0171914100647,68408
45.01804733276367,68408
45.01890015602112,68408
45.01975131034851,68408
45.02061080932617,68408
45.02145457267761,68408
45.02230882644653,68408
45.023159980773926,68408
45.02402448654175,68408
45.02487754821777,68408
45.0257306098938,68408
45.02658033370972,68408
45.02742886543274,68408
45.02828097343445,68408
45.02913808822632,68408
45.02998995780945,68408
45.03083920478821,68408
45.03168725967407,68408
45.03253221511841,68408
45.03338265419006,68408
45.03424406051636,68408
45.03509783744812,68408
45.03594946861267,68408
45.03680086135864,68408
45.03765368461609,68408
45.03850173950195,68408
45.03935384750366,68408
45.04020667076111,68408
45.041062355041504,68408
45.04191279411316,68408
45.04276466369629,68408
45.04362726211548,68408
45.044474363327026,68408
45.045330286026,68408
45.046184062957764,68408
45.047037839889526,68408
45.04789447784424,68408
45.048744201660156,68408
45.049596309661865,68408
45.050440549850464,68408
45.051289558410645,68408
45.05214285850525,68408
45.05299615859985,68408
45.053852558135986,68408
45.05470395088196,68408
45.05555057525635,68408
45.05640459060669,68408
45.05725812911987,68408
45.05811357498169,68408
45.05896830558777,68408
45.05982065200806,68408
45.06067180633545,68408
45.06152057647705,68408
45.06237196922302,68408
45.06322455406189,68408
45.06408905982971,68408
45.06494164466858,68408
45.06579256057739,68408
45.066646099090576,68408
45.06748819351196,68408
45.0683388710022,68408
45.069193601608276,68408
45.070048332214355,68408
45.07089924812317,68408
45.07175064086914,68408
45.07260298728943,68408
45.07344937324524,68408
45.07430696487427,68408
45.075165033340454,68408
45.07602119445801,68408
45.0768723487854,68408
45.077723264694214,68408
45.078577756881714,68408
45.07942271232605,68408
45.08027529716492,68408
45.081130504608154,68408
45.081984519958496,68408
45.08283519744873,68408
45.083699464797974,68408
45.08454346656799,68408
45.08539843559265,68408
45.08624720573425,68408
45.08709955215454,68408
45.0879545211792,68408
45.08880543708801,68408
45.08965563774109,68408
45.090505599975586,68408
45.09135580062866,68408
45.092209339141846,68408
45.09306001663208,68408
45.09392261505127,68408
45.09477114677429,68408
45.09562587738037,68408
45.09646964073181,68408
45.097323417663574,68408
45.09817433357239,68408
45.09902787208557,68408
45.09987688064575,68408
45.10072875022888,68408
45.101579666137695,68408
45.102429151535034,68408
45.103281021118164,68408
45.104146003723145,68408
45.105000019073486,68408
45.105849266052246,68408
45.10670042037964,68408
45.10754656791687,68408
45.108396768569946,68408
45.10925269126892,68408
45.110106468200684,68408
45.11095690727234,68408
45.11180567741394,68408
45.1126594543457,68408
45.113505125045776,68408
45.114365100860596,68408
45.11522030830383,68408
45.116076707839966,68408
45.11692786216736,68408
45.117780685424805,68408
45.118632316589355,68408
45.11948037147522,68408
45.12033247947693,68408
45.121188163757324,68408
45.122040033340454,68408
45.12289547920227,68408
45.123759746551514,68408
45.12461543083191,68408
45.125460624694824,68408
45.126312494277954,68408
45.12716245651245,68408
45.12801480293274,68408
45.12886381149292,68408
45.12971377372742,68408
45.13055682182312,68408
45.131410121917725,68408
45.132262229919434,68408
45.133116245269775,68408
45.13398194313049,68408
45.13483500480652,68408
45.13568902015686,68408
45.13653516769409,68408
45.13738560676575,68408
45.13824248313904,68408
45.13909578323364,68408
45.13995099067688,68408
45.14080452919006,68408
45.14165782928467,68408
45.14250469207764,68408
45.143359422683716,68408
45.14422416687012,68408
45.145076751708984,68408
45.145930767059326,68408
45.1467809677124,68408
45.147634744644165,68408
45.14847993850708,68408
45.149333477020264,68408
45.150187730789185,68408
45.151042461395264,68408
45.15189838409424,68408
45.152751207351685,68408
45.15361523628235,68408
45.15445899963379,68408
45.1553099155426,68408
45.15616512298584,68408
45.15701961517334,68408
45.157870054244995,68408
45.15872263908386,68408
45.15957188606262,68408
45.16042113304138,68408
45.16127347946167,68408
45.16212844848633,68408
45.16297936439514,68408
45.163843393325806,68408
45.16469430923462,68408
45.165541648864746,68408
45.1663932800293,68408
45.16724872589111,68408
45.16810369491577,68408
45.16895580291748,68408
45.16980791091919,68408
45.17066144943237,68408
45.17150950431824,68408
45.17236280441284,68408
45.1732177734375,68408
45.17408633232117,68408
45.17493653297424,68408
45.17578864097595,68408
45.17663764953613,68408
45.177483320236206,68408
45.178333044052124,68408
45.179184913635254,68408
45.180036783218384,68408
45.18089246749878,68408
45.18174433708191,68408
45.182600021362305,68408
45.18344759941101,68408
45.18430948257446,68408
45.18516564369202,68408
45.18602252006531,68408
45.18687558174133,68408
45.18772554397583,68408
45.188578605651855,68408
45.189425468444824,68408
45.190276861190796,68408
45.191131591796875,68408
45.19198179244995,68408
45.19283628463745,68408
45.19369649887085,68408
45.19454479217529,68408
45.19539451599121,68408
45.19625210762024,68408
45.197105884552,68408
45.19796085357666,68408
45.198813676834106,68408
45.199666023254395,68408
45.20051097869873,68408
45.2013635635376,68408
45.202215909957886,68408
45.203073024749756,68408
45.203937292099,68408
45.204795360565186,68408
45.20564794540405,68408
45.20649266242981,68408
45.20734214782715,68408
45.208197355270386,68408
45.20904898643494,68408
45.209904193878174,68408
45.21075654029846,68408
45.21161198616028,68408
45.21246004104614,68408
45.21331071853638,68408
45.21417450904846,68408
45.215027809143066,68408
45.21588182449341,68408
45.216737031936646,68408
45.21758961677551,68408
45.2184374332428,68408
45.219287157058716,68408
45.22014260292053,68408
45.220993995666504,68408
45.22184658050537,68408
45.22269797325134,68408
45.22354292869568,68408
45.22440457344055,68408
45.225261211395264,68408
45.226114988327026,68408
45.22697353363037,68408
45.22782897949219,68408
45.22868347167969,68408
45.229531049728394,68408
45.230379581451416,68408
45.231231689453125,68408
45.232086181640625,68408
45.23293948173523,68408
45.233800649642944,68408
45.234652280807495,68408
45.23549485206604,68408
45.23634362220764,68408
45.23720049858093,68408
45.23805809020996,68408
45.23891735076904,68408
45.239768743515015,68408
45.24062633514404,68408
45.241472482681274,68408
45.24232459068298,68408
45.24319124221802,68408
45.24405908584595,68408
45.24491882324219,68408
45.245779037475586,68408
45.24663424491882,68408
45.24748206138611,68408
45.248332500457764,68408
45.249189376831055,68408
45.250043630599976,68408
45.25089979171753,68408
45.251755475997925,68408
45.25260925292969,68408
45.25345492362976,68408
45.25431156158447,68408
45.25516390800476,68408
45.25601816177368,68408
45.256871938705444,68408
45.25772547721863,68408
45.258577823638916,68408
45.259427547454834,68408
45.2602801322937,68408
45.26113843917847,68408
45.26199126243591,68408
45.2628436088562,68408
45.26370811462402,68408
45.264554023742676,68408
45.26540660858154,68408
45.26626110076904,68408
45.26711869239807,68408
45.26797437667847,68408
45.26883101463318,68408
45.269683599472046,68408
45.27052927017212,68408
45.27138018608093,68408
45.27223205566406,68408
45.27308630943298,68408
45.273948669433594,68408
45.274800062179565,68408
45.27565002441406,68408
45.276495695114136,68408
45.277347803115845,68408
45.27820301055908,68408
45.27905631065369,68408
45.27991199493408,68408
45.280763149261475,68408
45.281617641448975,68408
45.28246474266052,68408
45.28331685066223,68408
45.28418302536011,68408
45.28503751754761,68408
45.28589200973511,68408
45.28674650192261,68408
45.28760242462158,68408
45.288450479507446,68408
45.289300203323364,68408
45.2901554107666,68408
45.29100847244263,68408
45.291855335235596,68408
45.292704820632935,68408
45.29355025291443,68408
45.29441022872925,68408
45.29526138305664,68408
45.29611253738403,68408
45.2969696521759,68408
45.29782295227051,68408
45.29867339134216,68408
45.299519538879395,68408
45.30037331581116,68408
45.301225423812866,68408
45.30207920074463,68408
45.30293154716492,68408
45.30379366874695,68408
45.30464959144592,68408
45.30549192428589,68408
45.30634331703186,68408
45.30719828605652,68408
45.30805420875549,68408
45.30890893936157,68408
45.30976152420044,68408
45.31061625480652,68408
45.3114595413208,68408
45.3123095035553,68408
45.31316328048706,68408
45.31402850151062,68408
45.314882040023804,68408
45.31573033332825,68408
45.31658053398132,68408
45.31742739677429,68408
45.318278312683105,68408
45.31913113594055,68408
45.319982051849365,68408
45.3208384513855,68408
45.3216872215271,68408
45.32253313064575,68408
45.323384523391724,68408
45.32424831390381,68408
45.32510280609131,68408
45.32595634460449,68408
45.32680344581604,68408
45.32765555381775,68408
45.32850098609924,68408
45.32935571670532,68408
45.33020830154419,68408
45.33106589317322,68408
45.33191919326782,68408
45.33277082443237,68408
45.333632707595825,68408
45.33448123931885,68408
45.335333824157715,68408
45.33618402481079,68408
45.33703637123108,68408
45.33789014816284,68408
45.33874464035034,68408
45.3395938873291,68408
45.3404438495636,68408
45.34129524230957,68408
45.34214401245117,68408
45.34299898147583,68408
45.34385848045349,68408
45.34471035003662,68408
45.345555782318115,68408
45.346407651901245,68408
45.34725880622864,68408
45.348114252090454,68408
45.348968505859375,68408
45.349820137023926,68408
45.35067057609558,68408
45.3515191078186,68408
45.35236883163452,68408
45.353222608566284,68408
45.354088306427,68408
45.354942083358765,68408
45.3557915687561,68408
45.356645822525024,68408
45.3574914932251,68408
45.35834288597107,68408
45.35919761657715,68408
45.36005234718323,68408
45.36090564727783,68408
45.36175990104675,68408
45.36261248588562,68408
45.36345887184143,68408
45.364319801330566,68408
45.36517286300659,68408
45.36602449417114,68408
45.36687898635864,68408
45.367729902267456,68408
45.3685839176178,68408
45.369428634643555,68408
45.370280742645264,68408
45.37113332748413,68408
45.37198781967163,68408
45.37284016609192,68408
45.37370586395264,68408
45.37455487251282,68408
45.375410318374634,68408
45.37626552581787,68408
45.37712216377258,68408
45.37797474861145,68408
45.37882971763611,68408
45.379682540893555,68408
45.38052749633789,68408
45.381378173828125,68408
45.38223314285278,68408
45.383081912994385,68408
45.38394904136658,68408
45.38479781150818,68408
45.385653495788574,68408
45.38649940490723,68408
45.38734984397888,68408
45.388203859329224,68408
45.38906002044678,68408
45.389915466308594,68408
45.39076805114746,68408
45.39161920547485,68408
45.39246654510498,68408
45.39331865310669,68408
45.39418339729309,68408
45.39503788948059,68408
45.39589285850525,68408
45.39674758911133,68408
45.39760160446167,68408
45.398446798324585,68408
45.39929676055908,68408
45.400150775909424,68408
45.40100288391113,68408
45.40185260772705,68408
45.40270733833313,68408
45.40355086326599,68408
45.40441083908081,68408
45.40526247024536,68408
45.40611433982849,68408
45.406970739364624,68408
45.407822608947754,68408
45.40867853164673,68408
45.40952467918396,68408
45.41038250923157,68408
45.41123867034912,68408
45.412091970443726,68408
45.41294836997986,68408
45.413806438446045,68408
45.41465997695923,68408
45.41550898551941,68408
45.416364669799805,68408
45.41722106933594,68408
45.41807723045349,68408
45.41893243789673,68408
45.4197883605957,68408
45.42063784599304,68408
45.42148280143738,68408
45.42233633995056,68408
45.42319130897522,68408
45.42405652999878,68408
45.424914598464966,68408
45.425764322280884,68408
45.42662024497986,68408
45.42746543884277,68408
45.42831635475159,68408
45.42917037010193,68408
45.43002486228943,68408
45.43087911605835,68408
45.43173170089722,68408
45.432578802108765,68408
45.43342733383179,68408
45.43429160118103,68408
45.4351441860199,68408
45.43600010871887,68408
45.436851501464844,68408
45.437703132629395,68408
45.43855094909668,68408
45.43940448760986,68408
45.44025945663452,68408
45.44111371040344,68408
45.44196915626526,68408
45.44282507896423,68408
45.443689823150635,68408
45.444533348083496,68408
45.44538736343384,68408
45.44624137878418,68408
45.4470956325531,68408
45.44794750213623,68408
45.44879913330078,68408
45.44964861869812,68408
45.450499296188354,68408
45.451350688934326,68408
45.45220756530762,68408
45.45305943489075,68408
45.45392465591431,68408
45.45477652549744,68408
45.45563006401062,68408
45.45647478103638,68408
45.45732593536377,68408
45.45817708969116,68408
45.45903205871582,68408
45.459885358810425,68408
45.46074080467224,68408
45.46159052848816,68408
45.46243762969971,68408
45.46329426765442,68408
45.46415901184082,68408
45.46501421928406,68408
45.46587300300598,68408
45.46672558784485,68408
45.467580795288086,68408
45.46842432022095,68408
45.46927356719971,68408
45.470128774642944,68408
45.470985889434814,68408
45.471837759017944,68408
45.472695112228394,68408
45.47354173660278,68408
45.47440457344055,68408
45.475258350372314,68408
45.476114988327026,68408
45.47696828842163,68408
45.47782254219055,68408
45.478676557540894,68408
45.479527950286865,68408
45.48038125038147,68408
45.48123645782471,68408
45.482089042663574,68408
45.48294258117676,68408
45.483800411224365,68408
45.484652280807495,68408
45.485496282577515,68408
45.4863486289978,68408
45.487202167510986,68408
45.48805832862854,68408
45.48891282081604,68408
45.48976373672485,68408
45.49061679840088,68408
45.49146485328674,68408
45.49231505393982,68408
45.49317216873169,68408
45.49403953552246,68408
45.49489212036133,68408
45.49574542045593,68408
45.49659562110901,68408
45.49744391441345,68408
45.49829959869385,68408
45.499151945114136,68408
45.50000834465027,68408
45.50086331367493,68408
45.501718282699585,68408
45.502567768096924,68408
45.503414154052734,68408
45.5042769908905,68408
45.505131006240845,68408
45.50598645210266,68408
45.506836891174316,68408
45.50768685340881,68408
45.50853490829468,68408
45.50938892364502,68408
45.51024341583252,68408
45.51109790802002,68408
45.51195526123047,68408
45.512805700302124,68408
45.51366925239563,68408
45.51451897621155,68408
45.51537466049194,68408
45.516228914260864,68408
45.51708245277405,68408
45.51793646812439,68408
45.518792390823364,68408
45.519644021987915,68408
45.520493507385254,68408
45.52134037017822,68408
45.522194623947144,68408
45.52304935455322,68408
45.52391505241394,68408
45.52477240562439,68408
45.52562689781189,68408
45.52647256851196,68408
45.52732801437378,68408
45.528181076049805,68408
45.52903962135315,68408
45.52989220619202,68408
45.53074598312378,68408
45.531598806381226,68408
45.532445669174194,68408
45.5332932472229,68408
45.53415775299072,68408
45.53500938415527,68408
45.535866498947144,68408
45.53671669960022,68408
45.53756666183472,68408
45.538416385650635,68408
45.53926944732666,68408
45.54012370109558,68408
45.540977001190186,68408
45.541826486587524,68408
45.54268145561218,68408
45.54352593421936,68408
45.54437828063965,68408
45.54524278640747,68408
45.54610061645508,68408
45.54695248603821,68408
45.547804832458496,68408
45.548651933670044,68408
45.549500465393066,68408
45.550352334976196,68408
45.551206827163696,68408
45.552058935165405,68408
45.55291247367859,68408
45.55377650260925,68408
45.55463147163391,68408
45.555479526519775,68408
45.556334257125854,68408
45.557188510894775,68408
45.5580415725708,68408
45.55889701843262,68408
45.55975079536438,68408
45.56060314178467,68408
45.56145119667053,68408
45.562302112579346,68408
45.56315994262695,68408
45.56402349472046,68408
45.564873933792114,68408
45.565728425979614,68408
45.56658148765564,68408
45.567429065704346,68408
45.56828212738037,68408
45.56913900375366,68408
45.569992542266846,68408
45.57084560394287,68408
45.571696519851685,68408
45.57254219055176,68408
45.57339358329773,68408
45.57425570487976,68408
45.57510948181152,68408
45.57596206665039,68408
45.576812982559204,68408
45.577666997909546,68408
45.578513860702515,68408
45.579370737075806,68408
45.580225467681885,68408
45.5810763835907,68408
45.58193016052246,68408
45.582780599594116,68408
45.583646059036255,68408
45.58449363708496,68408
45.58534646034241,68408
45.58620238304138,68408
45.58705925941467,68408
45.587910890579224,68408
45.58876037597656,68408
45.58961510658264,68408
45.59046149253845,68408
45.59131360054016,68408
45.59216547012329,68408
45.593018531799316,68408
45.59388542175293,68408
45.594738483428955,68408
45.595592975616455,68408
45.59643793106079,68408
45.597290992736816,68408
45.59814500808716,68408
45.59899973869324,68408
45.59985136985779,68408
45.60070538520813,68408
45.60154986381531,68408
45.602399826049805,68408
45.60325479507446,68408
45.604122161865234,68408
45.60497808456421,68408
45.60583233833313,68408
45.606685161590576,68408
45.60753083229065,68408
45.60839319229126,68408
45.60924482345581,68408
45.610098361968994,68408
45.61095666885376,68408
45.61181044578552,68408
45.612661838531494,68408
45.61350774765015,68408
45.614370346069336,68408
45.61522340774536,68408
45.61608076095581,68408
45.616931676864624,68408
45.61778426170349,68408
45.61863660812378,68408
45.619484424591064,68408
45.620335817337036,68408
45.62118983268738,68408
45.622042179107666,68408
45.62289547920227,68408
45.62375617027283,68408
45.624611139297485,68408
45.62545609474182,68408
45.62630486488342,68408
45.62715673446655,68408
45.62801194190979,68408
45.628864765167236,68408
45.62972140312195,68408
45.63057088851929,68408
45.63141918182373,68408
45.632272243499756,68408
45.633126735687256,68408
45.63399004936218,68408
45.634844064712524,68408
45.63569474220276,68408
45.63654017448425,68408
45.637394189834595,68408
45.638245820999146,68408
45.63909840583801,68408
45.63995122909546,68408
45.640804290771484,68408
45.64165782928467,68408
45.64250183105469,68408
45.64335751533508,68408
45.6442174911499,68408
45.64507222175598,68408
45.64592385292053,68408
45.64677548408508,68408
45.647629261016846,68408
45.64847993850708,68408
45.649330615997314,68408
45.650190591812134,68408
45.65104389190674,68408
45.65190029144287,68408
45.652753591537476,68408
45.65361785888672,68408
45.65446758270264,68408
45.655322313308716,68408
45.65617609024048,68408
45.65703105926514,68408
45.65788412094116,68408
45.65873694419861,68408
45.659587144851685,68408
45.66043496131897,68408
45.66129183769226,68408
45.662144899368286,68408
45.66299748420715,68408
45.66386294364929,68408
45.66471719741821,68408
45.66557002067566,68408
45.666417360305786,68408
45.66727018356323,68408
45.66812181472778,68408
45.668976068496704,68408
45.66983079910278,68408
45.670687437057495,68408
45.671531438827515,68408
45.6723837852478,68408
45.67323684692383,68408
45.674103021621704,68408
45.67495918273926,68408
45.67581486701965,68408
45.67666292190552,68408
45.67750954627991,68408
45.67836141586304,68408
45.67921543121338,68408
45.680070877075195,68408
45.680922746658325,68408
45.68177342414856,68408
45.68262696266174,68408
45.68347096443176,68408
45.68433332443237,68408
45.68518590927124,68408
45.68604063987732,68408
45.686893701553345,68408
45.687744140625,68408
45.68859243392944,68408
45.68944239616394,68408
45.69029450416565,68408
45.691149950027466,68408
45.69200277328491,68408
45.69285702705383,68408
45.693721532821655,68408
45.69457459449768,68408
45.69542169570923,68408
45.69627833366394,68408
45.69713878631592,68408
45.697996854782104,68408
45.69884920120239,68408
45.69970226287842,68408
45.700549840927124,68408
45.7014000415802,68408
45.702250957489014,68408
45.703105449676514,68408
45.70396971702576,68408
45.704824686050415,68408
45.70567607879639,68408
45.706525802612305,68408
45.707377195358276,68408
45.708229780197144,68408
45.709081172943115,68408
45.70993185043335,68408
45.71077871322632,68408
45.71163082122803,68408
45.71247339248657,68408
45.7133252620697,68408
45.714186668395996,68408
45.71503949165344,68408
45.71589159965515,68408
45.716745376586914,68408
45.71759581565857,68408
45.71844530105591,68408
45.71929574012756,68408
45.72015047073364,68408
45.72100114822388,68408
45.721853256225586,68408
45.722707748413086,68408
45.72355318069458,68408
45.72441124916077,68408
45.72526502609253,68408
45.72611665725708,68408
45.72697305679321,68408
45.7278254032135,68408
45.72868013381958,68408
45.72952437400818,68408
45.73037505149841,68408
45.73123335838318,68408
45.732085943222046,68408
45.73293662071228,68408
45.733800411224365,68408
45.73465180397034,68408
45.735496282577515,68408
45.73634624481201,68408
45.73720097541809,68408
45.738054275512695,68408
45.73890924453735,68408
45.739760875701904,68408
45.74061870574951,68408
45.74146389961243,68408
45.742316484451294,68408
45.7431960105896,68408
45.74406552314758,68408
45.7449164390564,68408
45.74576711654663,68408
45.74661898612976,68408
45.74746656417847,68408
45.74831748008728,68408
45.74916934967041,68408
45.75002074241638,68408
45.7508749961853,68408
45.751723766326904,68408
45.75257325172424,68408
45.75341796875,68408
45.754281520843506,68408
45.75513482093811,68408
45.75598931312561,68408
45.75683879852295,68408
45.75769019126892,68408
45.7585334777832,68408
45.75938582420349,68408
45.76023864746094,68408
45.76109170913696,68408
45.76194787025452,68408
45.76279664039612,68408
45.7636604309082,68408
45.76450753211975,68408
45.765357971191406,68408
45.766212940216064,68408
45.76706624031067,68408
45.76791453361511,68408
45.76876401901245,68408
45.76961421966553,68408
45.770458459854126,68408
45.77131128311157,68408
45.77216291427612,68408
45.773014545440674,68408
45.77387475967407,68408
45.774728298187256,68408
45.7755811214447,68408
45.776424407958984,68408
45.77727150917053,68408
45.77812957763672,68408
45.7797691822052,68408
45.780622720718384,68408
45.781466245651245,68408
45.78231739997864,68408
45.783170223236084,68408
45.78403306007385,68408
45.78567051887512,68408
45.78651809692383,68408
45.78736853599548,68408
45.78822064399719,68408
45.78907513618469,68408
45.790722131729126,68408
45.7915723323822,68408
45.79241871833801,68408
45.79327464103699,68408
45.79413843154907,68408
45.79577946662903,68408
45.796632528305054,68408
45.79747700691223,68408
45.7983283996582,68408
45.79917907714844,68408
45.800028800964355,68408
45.801677227020264,68408
45.80252242088318,68408
45.80337691307068,68408
45.804240226745605,68408
45.80509352684021,68408
45.806740045547485,68408
45.807591676712036,68408
45.80843758583069,68408
45.809287548065186,68408
45.810141801834106,68408
45.81178069114685,68408
45.812631368637085,68408
45.81348133087158,68408
45.814342737197876,68408
45.81519556045532,68408
45.816049337387085,68408
45.817683935165405,68408
45.81852841377258,68408
45.8193793296814,68408
45.82023644447327,68408
45.82109189033508,68408
45.822731018066406,68408
45.82359027862549,68408
45.824440717697144,68408
45.825294733047485,68408
45.82614731788635,68408
45.827789068222046,68408
45.82864713668823,68408
45.82949209213257,68408
45.83034610748291,68408
45.83119297027588,68408
45.83204483985901,68408
45.83369565010071,68408
45.83454132080078,68408
45.83539819717407,68408
45.836251974105835,68408
45.8371045589447,68408
45.83875036239624,68408
45.83960485458374,68408
45.84044861793518,68408
45.841304063797,68408
45.84215545654297,68408
45.84300398826599,68408
45.844653606414795,68408
45.845500469207764,68408
45.8463499546051,68408
45.84720492362976,68408
45.848055362701416,68408
45.84969997406006,68408
45.85054802894592,68408
45.85140824317932,68408
45.85226368904114,68408
45.85311317443848,68408
45.85477113723755,68408
45.85562610626221,68408
45.85647630691528,68408
45.857330083847046,68408
45.85818362236023,68408
45.85903859138489,68408
45.860687494277954,68408
45.86153507232666,68408
45.86238884925842,68408
45.863242626190186,68408
45.86410593986511,68408
45.86575365066528,68408
45.86660838127136,68408
45.8674521446228,68408
45.86830115318298,68408
45.869154930114746,68408
45.87000775337219,68408
45.87165641784668,68408
45.872509241104126,68408
45.87336039543152,68408
45.87422752380371,68408
45.875081300735474,68408
45.876723289489746,68408
45.877577781677246,68408
45.87842106819153,68408
45.87927317619324,68408
45.880125761032104,68408
45.881762981414795,68408
45.882617235183716,68408
45.88346338272095,68408
45.884328842163086,68408
45.88518214225769,68408
45.88603591918945,68408
45.887678384780884,68408
45.88852024078369,68408
45.889373540878296,68408
45.89022970199585,68408
45.891082763671875,68408
45.89272475242615,68408
45.893582582473755,68408
45.89443492889404,68408
45.89528703689575,68408
45.89614248275757,68408
45.89778208732605,68408
45.89863610267639,68408
45.89948272705078,68408
45.900333404541016,68408
45.90118360519409,68408
45.90203928947449,68408
45.90369391441345,68408
45.904541015625,68408
45.90539073944092,68408
45.90624475479126,68408
45.90709733963013,68408
45.90874481201172,68408
45.909602642059326,68408
45.910452127456665,68408
45.91130495071411,68408
45.91216039657593,68408
45.91301155090332,68408
45.91466307640076,68408
45.915507078170776,68408
45.9163613319397,68408
45.91721510887146,68408
45.918070793151855,68408
45.91971230506897,68408
45.920557498931885,68408
45.921412229537964,68408
45.92226481437683,68408
45.9231173992157,68408
45.92476844787598,68408
45.92561984062195,68408
45.9264714717865,68408
45.9273202419281,68408
45.928173542022705,68408
45.9290292263031,68408
45.93066954612732,68408
45.931517124176025,68408
45.932368755340576,68408
45.93322443962097,68408
45.93409085273743,68408
45.93572998046875,68408
45.93658423423767,68408
45.93743062019348,68408
45.938286542892456,68408
45.93914175033569,68408
45.94078326225281,68408
45.94164061546326,68408
45.94248938560486,68408
45.94334435462952,68408
45.94420838356018,68408
45.945064306259155,68408
45.946707010269165,68408
45.94755411148071,68408
45.94840669631958,68408
45.94925618171692,68408
45.950110912323,68408
45.95175361633301,68408
45.95260691642761,68408
45.95345497131348,68408
45.95431661605835,68408
45.95517015457153,68408
45.95602464675903,68408
45.95766806602478,68408
45.95851182937622,68408
45.95936346054077,68408
45.96021914482117,68408
45.961074352264404,68408
45.96271562576294,68408
45.9635796546936,68408
45.964430809020996,68408
45.96528673171997,68408
45.966142892837524,68408
45.967785120010376,68408
45.96864056587219,68408
45.969489097595215,68408
45.97034311294556,68408
45.97119617462158,68408
45.97205114364624,68408
45.973700284957886,68408
45.97454810142517,68408
45.975401639938354,68408
45.97625684738159,68408
45.97711372375488,68408
45.978755235672,68408
45.97960710525513,68408
45.98045897483826,68408
45.9813072681427,68408
45.98216223716736,68408
45.983014822006226,68408
45.98467016220093,68408
45.98551797866821,68408
45.98636794090271,68408
45.98722195625305,68408
45.98807215690613,68408
45.98971438407898,68408
45.99057102203369,68408
45.991416692733765,68408
45.99227237701416,68408
45.993125200271606,68408
45.994784116744995,68408
45.99564051628113,68408
45.99648308753967,68408
45.99733638763428,68408
45.99819207191467,68408
45.99904465675354,68408
46.00068736076355,68408
46.0015332698822,68408
46.00238823890686,68408
46.003241777420044,68408
46.00410461425781,68408
46.00574803352356,68408
46.00660300254822,68408
46.007450580596924,68408
46.008299112319946,68408
46.00915551185608,68408
46.010008335113525,68408
46.01165270805359,68408
46.01250147819519,68408
46.0133535861969,68408
46.01421856880188,68408
46.01507306098938,68408
46.01672029495239,68408
46.01757025718689,68408
46.01841998100281,68408
46.019277811050415,68408
46.02013158798218,68408
46.02177405357361,68408
46.022632360458374,68408
46.02347803115845,68408
46.02434253692627,68408
46.02519464492798,68408
46.02604794502258,68408
46.027692556381226,68408
46.028541564941406,68408
46.02939558029175,68408
46.03025150299072,68408
46.03110694885254,68408
46.0327513217926,68408
46.033607482910156,68408
46.034454107284546,68408
46.03530430793762,68408
46.03615617752075,68408
46.03701114654541,68408
46.038655042648315,68408
46.03950214385986,68408
46.040356397628784,68408
46.04121208190918,68408
46.04206395149231,68408
46.043715953826904,68408
46.044569969177246,68408
46.045413970947266,68408
46.04626822471619,68408
46.04711961746216,68408
46.04875636100769,68408
46.049609422683716,68408
46.05045700073242,68408
46.05130910873413,68408
46.052165031433105,68408
46.053016662597656,68408
46.054664611816406,68408
46.055511474609375,68408
46.05637049674988,68408
46.057225704193115,68408
46.05807685852051,68408
46.05971598625183,68408
46.060569286346436,68408
46.06141781806946,68408
46.0622718334198,68408
46.06312537193298,68408
46.06477165222168,68408
46.065624952316284,68408
46.066473722457886,68408
46.06732678413391,68408
46.06817555427551,68408
46.069029808044434,68408
46.07067322731018,68408
46.07152080535889,68408
46.07236933708191,68408
46.07322573661804,68408
46.07408809661865,68408
46.07572865486145,68408
46.07657980918884,68408
46.07742500305176,68408
46.07828187942505,68408
46.07913637161255,68408
46.08077549934387,68408
46.08163046836853,68408
46.08247685432434,68408
46.08332872390747,68408
46.084189653396606,68408
46.08504557609558,68408
46.086687088012695,68408
46.08753275871277,68408
46.08838725090027,68408
46.08923697471619,68408
46.09009003639221,68408
46.09173345565796,68408
46.0925817489624,68408
46.09342980384827,68408
46.09428858757019,68408
46.0951452255249,68408
46.09679126739502,68408
46.097641944885254,68408
46.0984902381897,68408
46.09934592247009,68408
46.100199460983276,68408
46.101054191589355,68408
46.10269641876221,68408
46.10354495048523,68408
46.10440731048584,68408
46.10526084899902,68408
46.10611391067505,68408
46.10775566101074,68408
46.10861253738403,68408
46.109456300735474,68408
46.110310792922974,68408
46.11116170883179,68408
46.11201286315918,68408
46.11367058753967,68408
46.11451530456543,68408
46.11536908149719,68408
46.1162223815918,68408
46.11707544326782,68408
46.11871600151062,68408
46.119569301605225,68408
46.12041759490967,68408
46.12126874923706,68408
46.12212157249451,68408
46.12377882003784,68408
46.12463068962097,68408
46.125481367111206,68408
46.126328468322754,68408
46.12718629837036,68408
46.12803912162781,68408
46.12967896461487,68408
46.13052439689636,68408
46.131378412246704,68408
46.13223052024841,68408
46.13308262825012,68408
46.13473558425903,68408
46.13559079170227,68408
46.136438846588135,68408
46.13729453086853,68408
46.13814687728882,68408
46.13979530334473,68408
46.14065074920654,68408
46.14149498939514,68408
46.1423499584198,68408
46.14320135116577,68408
46.14406681060791,68408
46.145708084106445,68408
46.14655375480652,68408
46.14740800857544,68408
46.14825677871704,68408
46.14910888671875,68408
46.150747537612915,68408
46.15160059928894,68408
46.15244913101196,68408
46.15329837799072,68408
46.15415978431702,68408
46.15501403808594,68408
46.156655073165894,68408
46.15749955177307,68408
46.15834879875183,68408
46.15920615196228,68408
46.16005873680115,68408
46.161699295043945,68408
46.16254472732544,68408
46.16339373588562,68408
46.16425967216492,68408
46.16511678695679,68408
46.16675591468811,68408
46.1676127910614,68408
46.16845941543579,68408
46.16930842399597,68408
46.17016077041626,68408
46.17101168632507,68408
46.17265582084656,68408
46.173500537872314,68408
46.17436504364014,68408
46.175220012664795,68408
46.176069498062134,68408
46.17771029472351,68408
46.178555965423584,68408
46.17940855026245,68408
46.18026161193848,68408
46.18111324310303,68408
46.182756185531616,68408
46.18362069129944,68408
46.184470891952515,68408
46.18532061576843,68408
46.18617057800293,68408
46.18702840805054,68408
46.188671827316284,68408
46.189520597457886,68408
46.190372705459595,68408
46.191230058670044,68408
46.19208335876465,68408
46.19373559951782,68408
46.19459128379822,68408
46.195435762405396,68408
46.19628953933716,68408
46.1971435546875,68408
46.19878816604614,68408
46.19964671134949,68408
46.20049166679382,68408
46.20134258270264,68408
46.20219540596008,68408
46.203047037124634,68408
46.20469880104065,68408
46.205543994903564,68408
46.20639944076538,68408
46.20725131034851,68408
46.20810532569885,68408
46.20974826812744,68408
46.21059966087341,68408
46.21144890785217,68408
46.21229696273804,68408
46.21315145492554,68408
46.21401834487915,68408
46.21566557884216,68408
46.216511964797974,68408
46.21736288070679,68408
46.21821594238281,68408
46.21906805038452,68408
46.22070860862732,68408
46.22155475616455,68408
46.22240662574768,68408
46.22326111793518,68408
46.224127531051636,68408
46.22577095031738,68408
46.22662568092346,68408
46.227471351623535,68408
46.22832274436951,68408
46.22917318344116,68408
46.230024576187134,68408
46.231667041778564,68408
46.23251485824585,68408
46.23337364196777,68408
46.23424220085144,68408
46.23509740829468,68408
46.23674273490906,68408
46.23759412765503,68408
46.23844504356384,68408
46.23929262161255,68408
46.24014616012573,68408
46.241790771484375,68408
46.24264144897461,68408
46.24348998069763,68408
46.244348764419556,68408
46.245200872421265,68408
46.24605584144592,68408
46.24770212173462,68408
46.248549938201904,68408
46.249401807785034,68408
46.25025725364685,68408
46.25110960006714,68408
46.25275444984436,68408
46.253618001937866,68408
46.25446820259094,68408
46.25532078742981,68408
46.256171464920044,68408
46.257025718688965,68408
46.258671045303345,68408
46.25951600074768,68408
46.26036787033081,68408
46.261218786239624,68408
46.26207637786865,68408
46.263729095458984,68408
46.26458263397217,68408
46.265427589416504,68408
46.266276597976685,68408
46.267131328582764,68408
46.268773555755615,68408
46.26962637901306,68408
46.27047371864319,68408
46.27132701873779,68408
46.27218151092529,68408
46.273033618927,68408
46.27468943595886,68408
46.27553629875183,68408
46.27638864517212,68408
46.277241945266724,68408
46.27809262275696,68408
46.27973246574402,68408
46.2805871963501,68408
46.281434059143066,68408
46.28228831291199,68408
46.28313994407654,68408
46.28400421142578,68408
46.28564691543579,68408
46.28649187088013,68408
46.28734111785889,68408
46.28819012641907,68408
46.289042949676514,68408
46.290684938430786,68408
46.29152727127075,68408
46.29238176345825,68408
46.29323673248291,68408
46.29410147666931,68408
46.29574728012085,68408
46.29659843444824,68408
46.297449588775635,68408
46.298298835754395,68408
46.299152135849,68408
46.300007343292236,68408
46.30164432525635,68408
46.30249094963074,68408
46.30334281921387,68408
46.30421018600464,68408
46.30506253242493,68408
46.3067045211792,68408
46.30755281448364,68408
46.308406352996826,68408
46.309260845184326,68408
46.3101122379303,68408
46.31175255775452,68408
46.31261134147644,68408
46.3134560585022,68408
46.31431841850281,68408
46.315171003341675,68408
46.31602168083191,68408
46.31766486167908,68408
46.31851077079773,68408
46.31936430931091,68408
46.32021617889404,68408
46.32107067108154,68408
46.32271218299866,68408
46.323570728302,68408
46.32442045211792,68408
46.325273513793945,68408
46.32612919807434,68408
46.327770471572876,68408
46.32862401008606,68408
46.329472064971924,68408
46.330322265625,68408
46.331175804138184,68408
46.33202910423279,68408
46.33368134498596,68408
46.334524393081665,68408
46.33537697792053,68408
46.33623123168945,68408
46.33708357810974,68408
46.33872890472412,68408
46.33958077430725,68408
46.340423583984375,68408
46.34127902984619,68408
46.34213185310364,68408
46.34377837181091,68408
46.34463810920715,68408
46.345484495162964,68408
46.34633731842041,68408
46.34719443321228,68408
46.34804677963257,68408
46.34969139099121,68408
46.350536584854126,68408
46.351391553878784,68408
46.35224485397339,68408
46.35310077667236,68408
46.35475540161133,68408
46.355615854263306,68408
46.35646295547485,68408
46.357311487197876,68408
46.35816526412964,68408
46.35901498794556,68408
46.36065864562988,68408
46.36150789260864,68408
46.36235737800598,68408
46.36321496963501,68408
46.36408090591431,68408
46.36572456359863,68408
46.36657428741455,68408
46.36741757392883,68408
46.368274211883545,68408
46.36912202835083,68408
46.37076258659363,68408
46.37161684036255,68408
46.37246036529541,68408
46.37331223487854,68408
46.37417149543762,68408
46.37502408027649,68408
46.37666583061218,68408
46.37751364707947,68408
46.378366470336914,68408
46.379218339920044,68408
46.38007211685181,68408
46.38171648979187,68408
46.382568359375,68408
46.38342094421387,68408
46.38428568840027,68408
46.385138511657715,68408
46.3867769241333,68408
46.38762664794922,68408
46.388476848602295,68408
46.38932824134827,68408
46.390182971954346,68408
46.39103317260742,68408
46.39267826080322,68408
46.393524169921875,68408
46.39438343048096,68408
46.395238399505615,68408
46.396087646484375,68408
46.39773106575012,68408
46.39858317375183,68408
46.39943027496338,68408
46.40028429031372,68408
46.40113806724548,68408
46.40277600288391,68408
46.40363812446594,68408
46.40448522567749,68408
46.405335664749146,68408
46.4061861038208,68408
46.40703892707825,68408
46.40867853164673,68408
46.40952515602112,68408
46.41038250923157,68408
46.41123628616333,68408
46.41209316253662,68408
46.41374135017395,68408
46.41459059715271,68408
46.4154372215271,68408
46.416287899017334,68408
46.41714000701904,68408
46.418781995773315,68408
46.41963315010071,68408
46.42048001289368,68408
46.42132902145386,68408
46.42217993736267,68408
46.423030614852905,68408
46.42468285560608,68408
46.42552995681763,68408
46.4263813495636,68408
46.42723608016968,68408
46.42808771133423,68408
46.42973232269287,68408
46.43058753013611,68408
46.431434869766235,68408
46.432289600372314,68408
46.433140993118286,68408
46.434004068374634,68408
46.43564486503601,68408
46.436493158340454,68408
46.43734908103943,68408
46.43820381164551,68408
46.43905711174011,68408
46.440704345703125,68408
46.44155025482178,68408
46.44240403175354,68408
46.44325637817383,68408
46.44412064552307,68408
46.44576382637024,68408
46.446616649627686,68408
46.447463274002075,68408
46.448312282562256,68408
46.4491662979126,68408
46.450019121170044,68408
46.45166325569153,68408
46.45250868797302,68408
46.453359842300415,68408
46.454227447509766,68408
46.455081939697266,68408
46.456724405288696,68408
46.45757603645325,68408
46.45842170715332,68408
46.45927166938782,68408
46.46012496948242,68408
46.4617657661438,68408
46.46262311935425,68408
46.46347689628601,68408
46.464343547821045,68408
46.465195417404175,68408
46.46604824066162,68408
46.46769165992737,68408
46.46853995323181,68408
46.46939492225647,68408
46.470250606536865,68408
46.47110438346863,68408
46.4727463722229,68408
46.47360634803772,68408
46.47445464134216,68408
46.4753053188324,68408
46.47615885734558,68408
46.477012634277344,68408
46.47865080833435,68408
46.47949481010437,68408
46.48034334182739,68408
46.48120141029358,68408
46.482053995132446,68408
46.48371124267578,68408
46.48455739021301,68408
46.485408306121826,68408
46.48626184463501,68408
46.48711442947388,68408
46.488752365112305,68408
46.489606857299805,68408
46.49045133590698,68408
46.491302490234375,68408
46.49215006828308,68408
46.493793964385986,68408
46.494651079177856,68408
46.49549627304077,68408
46.49634838104248,68408
46.49719858169556,68408
46.49805498123169,68408
46.49969434738159,68408
46.50053930282593,68408
46.50139546394348,68408
46.502248764038086,68408
46.50310397148132,68408
46.50475788116455,68408
46.50560998916626,68408
46.50645637512207,68408
46.50730586051941,68408
46.50816082954407,68408
46.509013414382935,68408
46.51065754890442,68408
46.51150345802307,68408
46.51235389709473,68408
46.51320767402649,68408
46.51407289505005,68408
46.51571607589722,68408
46.51656889915466,68408
46.5174126625061,68408
46.51826810836792,68408
46.51912045478821,68408
46.520761013031006,68408
46.52161622047424,68408
46.52245903015137,68408
46.52331805229187,68408
46.52418231964111,68408
46.5250358581543,68408
46.52667951583862,68408
46.527523040771484,68408
46.52837514877319,68408
46.52923011779785,68408
46.53008222579956,68408
46.531723976135254,68408
46.532575368881226,68408
46.533424854278564,68408
46.534284591674805,68408
46.53514122962952,68408
46.536787033081055,68408
46.537638664245605,68408
46.538487672805786,68408
46.53934049606323,68408
46.540194511413574,68408
46.54105043411255,68408
46.54269552230835,68408
46.54354214668274,68408
46.54440665245056,68408
46.54526138305664,68408
46.5461151599884,68408
46.547751903533936,68408
46.548606395721436,68408
46.54944896697998,68408
46.550302505493164,68408
46.55115461349487,68408
46.55200934410095,68408
46.55366134643555,68408
46.55450510978699,68408
46.555355072021484,68408
46.556206464767456,68408
46.557056188583374,68408
46.558698654174805,68408
46.559547662734985,68408
46.560404777526855,68408
46.561254024505615,68408
46.562108278274536,68408
46.563759565353394,68408
46.564610719680786,68408
46.56546139717102,68408
46.56630897521973,68408
46.56716179847717,68408
46.568018436431885,68408
46.56966257095337,68408
46.57050585746765,68408
46.57135605812073,68408
46.572208881378174,68408
46.5730619430542,68408
46.574716329574585,68408
46.57557034492493,68408
46.57641959190369,68408
46.577277183532715,68408
46.57813048362732,68408
46.57977366447449,68408
46.58062815666199,68408
46.581475257873535,68408
46.58232665061951,68408
46.58318114280701,68408
46.58404564857483,68408
46.58569002151489,68408
46.58653473854065,68408
46.58738970756531,68408
46.588245153427124,68408
46.58909726142883,68408
46.59073567390442,68408
46.59158730506897,68408
46.592437505722046,68408
46.59328889846802,68408
46.59415245056152,68408
46.59500694274902,68408
46.59665322303772,68408
46.597501277923584,68408
46.59835362434387,68408
46.59921050071716,68408
46.60006523132324,68408
46.60170650482178,68408
46.60255169868469,68408
46.603403091430664,68408
46.60426902770996,68408
46.605124711990356,68408
46.60676980018616,68408
46.60763597488403,68408
46.60848379135132,68408
46.60933709144592,68408
46.61019015312195,68408
46.611043214797974,68408
46.61268377304077,68408
46.61353063583374,68408
46.614391803741455,68408
46.61524558067322,68408
46.61610269546509,68408
46.61775064468384,68408
46.61860370635986,68408
46.61945080757141,68408
46.620301246643066,68408
46.621153831481934,68408
46.622004985809326,68408
46.623656272888184,68408
46.62450194358826,68408
46.62535262107849,68408
46.62620544433594,68408
46.62705707550049,68408
46.628700494766235,68408
46.62954640388489,68408
46.63039779663086,68408
46.63125014305115,68408
46.63210368156433,68408
46.633761405944824,68408
46.63461709022522,68408
46.635459661483765,68408
46.636311292648315,68408
46.63716244697571,68408
46.63801455497742,68408
46.63965725898743,68408
46.64050078392029,68408
46.64135193824768,68408
46.64220142364502,68408
46.64305353164673,68408
46.64470720291138,68408
46.6455512046814,68408
46.646406412124634,68408
46.64725613594055,68408
46.64810752868652,68408
46.649749755859375,68408
46.650604009628296,68408
46.651453733444214,68408
46.65230393409729,68408
46.653157472610474,68408
46.654021978378296,68408
46.65566349029541,68408
46.65651035308838,68408
46.65735983848572,68408
46.658217668533325,68408
46.65906882286072,68408
46.66071271896362,68408
46.66157031059265,68408
46.662418842315674,68408
46.66327261924744,68408
46.66413474082947,68408
46.66578030586243,68408
46.66663384437561,68408
46.66747999191284,68408
46.668336629867554,68408
46.66918873786926,68408
46.670042276382446,68408
46.67167782783508,68408
46.67252516746521,68408
46.67337775230408,68408
46.674238443374634,68408
46.67509341239929,68408
46.67674136161804,68408
46.67759466171265,68408
46.67844343185425,68408
46.67929291725159,68408
46.68014740943909,68408
46.68178963661194,68408
46.682640075683594,68408
46.68349051475525,68408
46.68434977531433,68408
46.6852023601532,68408
46.6860556602478,68408
46.68770122528076,68408
46.68854880332947,68408
46.68940043449402,68408
46.69025778770447,68408
46.691115856170654,68408
46.692752838134766,68408
46.69361853599548,68408
46.694464445114136,68408
46.69531774520874,68408
46.696173429489136,68408
46.69702649116516,68408
46.69866347312927,68408
46.699506521224976,68408
46.70035910606384,68408
46.70121359825134,68408
46.702064752578735,68408
46.70371747016907,68408
46.704567193984985,68408
46.705416202545166,68408
46.706268072128296,68408
46.707120180130005,68408
46.708762407302856,68408
46.70962071418762,68408
46.71047258377075,68408
46.71132445335388,68408
46.71217703819275,68408
46.713029861450195,68408
46.71468544006348,68408
46.715529680252075,68408
46.71637845039368,68408
46.71723246574402,68408
46.71808648109436,68408
46.719727516174316,68408
46.720579624176025,68408
46.7214298248291,68408
46.72228503227234,68408
46.723138093948364,68408
46.72479486465454,68408
46.72564959526062,68408
46.72649645805359,68408
46.72734713554382,68408
46.72820067405701,68408
46.72905445098877,68408
46.730700731277466,68408
46.73154592514038,68408
46.73240065574646,68408
46.73325753211975,68408
46.73412489891052,68408
46.73577260971069,68408
46.736624240875244,68408
46.73747205734253,68408
46.73832082748413,68408
46.73917746543884,68408
46.740031242370605,68408
46.74167609214783,68408
46.74252653121948,68408
46.74337840080261,68408
46.744243144989014,68408
46.74509930610657,68408
46.74674105644226,68408
46.74759483337402,68408
46.74844145774841,68408
46.74929690361023,68408
46.7501482963562,68408
46.75178599357605,68408
46.75264501571655,68408
46.753491163253784,68408
46.75435519218445,68408
46.755205392837524,68408
46.75605750083923,68408
46.757697105407715,68408
46.758540391922,68408
46.759397983551025,68408
46.76025366783142,68408
46.761104345321655,68408
46.76274585723877,68408
46.76360535621643,68408
46.7644567489624,68408
46.76530909538269,68408
46.766162395477295,68408
46.76701807975769,68408
46.76866292953491,68408
46.76950669288635,68408
46.770354986190796,68408
46.77121186256409,68408
46.772063970565796,68408
46.77371621131897,68408
46.774566650390625,68408
46.775410652160645,68408
46.776262283325195,68408
46.777114152908325,68408
46.77875733375549,68408
46.77961325645447,68408
46.7804594039917,68408
46.781309843063354,68408
46.7821626663208,68408
46.78301668167114,68408
46.784668922424316,68408
46.78551483154297,68408
46.786370038986206,68408
46.78722429275513,68408
46.78807616233826,68408
46.78972029685974,68408
46.790568590164185,68408
46.791419982910156,68408
46.79227328300476,68408
46.79312801361084,68408
46.79478573799133,68408
46.795637130737305,68408
46.796488761901855,68408
46.797338247299194,68408
46.798194885253906,68408
46.799047231674194,68408
46.800692558288574,68408
46.80154013633728,68408
46.80239248275757,68408
46.803247690200806,68408
46.80411195755005,68408
46.8057587146759,68408
46.80661487579346,68408
46.807462215423584,68408
46.808316469192505,68408
46.80916905403137,68408
46.810022592544556,68408
46.8116672039032,68408
46.812514543533325,68408
46.81336998939514,68408
46.81423735618591,68408
46.81509184837341,68408
46.8167405128479,68408
46.81758999824524,68408
46.81843829154968,68408
46.81929111480713,68408
46.82014226913452,68408
46.82178521156311,68408
46.82263779640198,68408
46.823484659194946,68408
46.82434701919556,68408
46.82519888877869,68408
46.82605290412903,68408
46.827693700790405,68408
46.828542947769165,68408
46.829391956329346,68408
46.83024764060974,68408
46.83110284805298,68408
46.832744121551514,68408
46.833603382110596,68408
46.83445405960083,68408
46.835309982299805,68408
46.83616375923157,68408
46.83701515197754,68408
46.838650941848755,68408
46.83949637413025,68408
46.84035038948059,68408
46.84120559692383,68408
46.84205937385559,68408
46.8437135219574,68408
46.84456396102905,68408
46.8454110622406,68408
46.846259355545044,68408
46.847110748291016,68408
46.84875416755676,68408
46.84960341453552,68408
46.850449562072754,68408
46.85130262374878,68408
46.85216045379639,68408
46.853013038635254,68408
46.85466384887695,68408
46.855512619018555,68408
46.85636305809021,68408
46.857218980789185,68408
46.858070611953735,68408
46.859715938568115,68408
46.86056637763977,68408
46.861411809921265,68408
46.8622682094574,68408
46.86311745643616,68408
46.86476969718933,68408
46.865625858306885,68408
46.86647367477417,68408
46.86732888221741,68408
46.86818337440491,68408
46.86903643608093,68408
46.87067484855652,68408
46.871520042419434,68408
46.872373819351196,68408
46.87322664260864,68408
46.87408971786499,68408
46.875736713409424,68408
46.876588344573975,68408
46.877436876297,68408
46.878289461135864,68408
46.87914299964905,68408
46.880786180496216,68408
46.88163781166077,68408
46.882487535476685,68408
46.883341789245605,68408
46.88420820236206,68408
46.88506269454956,68408
46.88671374320984,68408
46.88756847381592,68408
46.888418197631836,68408
46.88927459716797,68408
46.8901309967041,68408
46.89177370071411,68408
46.89262914657593,68408
46.89347171783447,68408
46.8943350315094,68408
46.89519000053406,68408
46.89604139328003,68408
46.897682905197144,68408
46.898526191711426,68408
46.89937877655029,68408
46.9002320766449,68408
46.90108370780945,68408
46.902727127075195,68408
46.90358281135559,68408
46.90443229675293,68408
46.905280351638794,68408
46.9061324596405,68408
46.90777373313904,68408
46.90862584114075,68408
46.90947341918945,68408
46.91032266616821,68408
46.911176919937134,68408
46.91203165054321,68408
46.91368579864502,68408
46.91453409194946,68408
46.91538405418396,68408
46.91624212265015,68408
46.91709589958191,68408
46.918734312057495,68408
46.91959095001221,68408
46.92043352127075,68408
46.92129158973694,68408
46.92214488983154,68408
46.923792600631714,68408
46.924649715423584,68408
46.9254937171936,68408
46.926345348358154,68408
46.92719793319702,68408
46.92805218696594,68408
46.92969274520874,68408
46.93053865432739,68408
46.931395530700684,68408
46.932246923446655,68408
46.93310761451721,68408
46.934765577316284,68408
46.93561768531799,68408
46.936463594436646,68408
46.93731379508972,68408
46.93816947937012,68408
46.93902564048767,68408
46.940669298172,68408
46.94151163101196,68408
46.942362546920776,68408
46.94321656227112,68408
46.94407773017883,68408
46.94571566581726,68408
46.946573972702026,68408
46.947421073913574,68408
46.94827723503113,68408
46.94912934303284,68408
46.950772523880005,68408
46.951624631881714,68408
46.95246911048889,68408
46.95331907272339,68408
46.954182624816895,68408
46.95503616333008,68408
46.956679582595825,68408
46.957529067993164,68408
46.95838165283203,68408
46.95923352241516,68408
46.960089683532715,68408
46.961732149124146,68408
46.96258592605591,68408
46.96343231201172,68408
46.96429252624512,68408
46.96514368057251,68408
46.96678423881531,68408
46.96763610839844,68408
46.96848511695862,68408
46.96933603286743,68408
46.97019076347351,68408
46.97104525566101,68408
46.972705364227295,68408
46.97355532646179,68408
46.97441387176514,68408
46.97526955604553,68408
46.97612023353577,68408
46.97775959968567,68408
46.97861409187317,68408
46.979461431503296,68408
46.98031687736511,68408
46.981170415878296,68408
46.98202705383301,68408
46.9836790561676,68408
46.98452711105347,68408
46.98539352416992,68408
46.986247539520264,68408
46.987102031707764,68408
46.988744020462036,68408
46.98959231376648,68408
46.99044227600098,68408
46.99129319190979,68408
46.992146730422974,68408
46.99380111694336,68408
46.994651556015015,68408
46.99549961090088,68408
46.996346950531006,68408
46.997212409973145,68408
46.998061180114746,68408
46.999703884124756,68408
47.00055122375488,68408
47.00140047073364,68408
47.00225305557251,68408
47.003105878829956,68408
47.00476098060608,68408
47.00561714172363,68408
47.00646448135376,68408
47.00731801986694,68408
47.00817036628723,68408
47.00902485847473,68408
47.01066207885742,68408
47.011505365371704,68408
47.01235628128052,68408
47.01320958137512,68408
47.01407766342163,68408
47.01572132110596,68408
47.01657319068909,68408
47.01742172241211,68408
47.01827383041382,68408
47.019124031066895,68408
47.02076697349548,68408
47.0216326713562,68408
47.02247881889343,68408
47.02333045005798,68408
47.024195432662964,68408
47.02504754066467,68408
47.02669167518616,68408
47.02754521369934,68408
47.02839469909668,68408
47.02925181388855,68408
47.030102252960205,68408
47.031744956970215,68408
47.0325984954834,68408
47.03344392776489,68408
47.03431463241577,68408
47.03517293930054,68408
47.03602600097656,68408
47.037667989730835,68408
47.03851509094238,68408
47.039368867874146,68408
47.04021906852722,68408
47.04107046127319,68408
47.04270792007446,68408
47.04355263710022,68408
47.04441595077515,68408
47.045270681381226,68408
47.04612708091736,68408
47.04776859283447,68408
47.048622608184814,68408
47.04947018623352,68408
47.05031991004944,68408
47.0511736869812,68408
47.05202794075012,68408
47.05367732048035,68408
47.054526805877686,68408
47.05537939071655,68408
47.056236267089844,68408
47.05708837509155,68408
47.05872654914856,68408
47.05958080291748,68408
47.06042742729187,68408
47.061285972595215,68408
47.0621383190155,68408
47.06378698348999,68408
47.0646436214447,68408
47.06549000740051,68408
47.06634259223938,68408
47.067198038101196,68408
47.068053007125854,68408
47.0696976184845,68408
47.07054400444031,68408
47.0713996887207,68408
47.0722496509552,68408
47.07310199737549,68408
47.07475733757019,68408
47.07561111450195,68408
47.07646369934082,68408
47.07731652259827,68408
47.07817053794861,68408
47.07902503013611,68408
47.08066964149475,68408
47.08151817321777,68408
47.082364559173584,68408
47.083219051361084,68408
47.08408331871033,68408
47.08572030067444,68408
47.08657217025757,68408
47.08741784095764,68408
47.088273763656616,68408
47.08912920951843,68408
47.09076809883118,68408
47.09162521362305,68408
47.09246897697449,68408
47.09332346916199,68408
47.09418797492981,68408
47.09504318237305,68408
47.09669232368469,68408
47.09753632545471,68408
47.098390102386475,68408
47.099242210388184,68408
47.10009217262268,68408
47.101733684539795,68408
47.10258388519287,68408
47.103434324264526,68408
47.10429310798645,68408
47.1051459312439,68408
47.10678791999817,68408
47.10764288902283,68408
47.10849189758301,68408
47.109341621398926,68408
47.11019515991211,68408
47.11104989051819,68408
47.11269187927246,68408
47.11353778839111,68408
47.11440300941467,68408
47.11525821685791,68408
47.116111516952515,68408
47.117751598358154,68408
47.11860752105713,68408
47.11945366859436,68408
47.12030816078186,68408
47.12116026878357,68408
47.12201237678528,68408
47.12366271018982,68408
47.1245059967041,68408
47.1253616809845,68408
47.12621593475342,68408
47.127070903778076,68408
47.12871074676514,68408
47.12955665588379,68408
47.13041377067566,68408
47.13126611709595,68408
47.13212203979492,68408
47.13376450538635,68408
47.13461470603943,68408
47.13546299934387,68408
47.13631057739258,68408
47.137163400650024,68408
47.13801908493042,68408
47.139662981033325,68408
47.14050841331482,68408
47.141361474990845,68408
47.1422164440155,68408
47.14306974411011,68408
47.14471983909607,68408
47.145575284957886,68408
47.146421909332275,68408
47.14727783203125,68408
47.14813017845154,68408
47.149765729904175,68408
47.1506245136261,68408
47.15147018432617,68408
47.1523232460022,68408
47.15317392349243,68408
47.15403771400452,68408
47.1556830406189,68408
47.15652537345886,68408
47.15737724304199,68408
47.158231258392334,68408
47.159085750579834,68408
47.16073274612427,68408
47.16158199310303,68408
47.16242861747742,68408
47.163280725479126,68408
47.164143323898315,68408
47.16578412055969,68408
47.16663646697998,68408
47.16748571395874,68408
47.16833734512329,68408
47.169190883636475,68408
47.170045137405396,68408
47.17169213294983,68408
47.17253756523132,68408
47.17339301109314,68408
47.17426109313965,68408
47.175116300582886,68408
47.17676091194153,68408
47.177616357803345,68408
47.17846417427063,68408
47.179319858551025,68408
47.180174350738525,68408
47.18102717399597,68408
47.182671785354614,68408
47.183515310287476,68408
47.18437910079956,68408
47.18522906303406,68408
47.18607997894287,68408
47.18771982192993,68408
47.18857479095459,68408
47.18942451477051,68408
47.19027590751648,68408
47.19112801551819,68408
47.192774534225464,68408
47.19363713264465,68408
47.194485664367676,68408
47.19534945487976,68408
47.196202754974365,68408
47.197054862976074,68408
47.19869923591614,68408
47.19954705238342,68408
47.2003972530365,68408
47.201249837875366,68408
47.20210027694702,68408
47.20375609397888,68408
47.204612255096436,68408
47.20546317100525,68408
47.20631742477417,68408
47.20717167854309,68408
47.20802402496338,68408
47.20966720581055,68408
47.210511445999146,68408
47.211363315582275,68408
47.212217807769775,68408
47.21306920051575,68408
47.21472692489624,68408
47.21557855606079,68408
47.2164261341095,68408
47.21727538108826,68408
47.21812653541565,68408
47.21976637840271,68408
47.22061514854431,68408
47.221463441848755,68408
47.22231340408325,68408
47.22316575050354,68408
47.22403073310852,68408
47.225672245025635,68408
47.22651505470276,68408
47.22736692428589,68408
47.2282235622406,68408
47.22907495498657,68408
47.23071837425232,68408
47.231571197509766,68408
47.232418060302734,68408
47.23327612876892,68408
47.234143018722534,68408
47.23578357696533,68408
47.23663949966431,68408
47.23748445510864,68408
47.23833966255188,68408
47.239192724227905,68408
47.24004292488098,68408
47.241687536239624,68408
47.242531299591064,68408
47.24338746070862,68408
47.24425196647644,68408
47.245105266571045,68408
47.24675011634827,68408
47.247600078582764,68408
47.24844980239868,68408
47.24930477142334,68408
47.250159740448,68408
47.25101327896118,68408
47.25266218185425,68408
47.25351142883301,68408
47.254372358322144,68408
47.255231857299805,68408
47.25608968734741,68408
47.25773859024048,68408
47.258591413497925,68408
47.259437561035156,68408
47.260292530059814,68408
47.26114368438721,68408
47.26278233528137,68408
47.26364517211914,68408
47.264492988586426,68408
47.26534819602966,68408
47.26620268821716,68408
47.26705479621887,68408
47.26869320869446,68408
47.269537925720215,68408
47.27039408683777,68408
47.27124571800232,68408
47.272096157073975,68408
47.27374839782715,68408
47.27460050582886,68408
47.27545118331909,68408
47.27629995346069,68408
47.27715492248535,68408
47.27801012992859,68408
47.27965188026428,68408
47.28049850463867,68408
47.28134775161743,68408
47.282206296920776,68408
47.28306245803833,68408
47.28472352027893,68408
47.28557562828064,68408
47.28641939163208,68408
47.2872748374939,68408
47.28812885284424,68408
47.28976845741272,68408
47.290623903274536,68408
47.29147005081177,68408
47.29232168197632,68408
47.293174743652344,68408
47.29404067993164,68408
47.295684814453125,68408
47.2965304851532,68408
47.297383546829224,68408
47.29823851585388,68408
47.29909372329712,68408
47.30073547363281,68408
47.30158472061157,68408
47.302433490753174,68408
47.303282260894775,68408
47.304144859313965,68408
47.30579209327698,68408
47.30664300918579,68408
47.30748772621155,68408
47.308337926864624,68408
47.309189558029175,68408
47.310044288635254,68408
47.311683654785156,68408
47.312530755996704,68408
47.313380002975464,68408
47.31424355506897,68408
47.31509757041931,68408
47.31674075126648,68408
47.31759548187256,68408
47.31844353675842,68408
47.319294929504395,68408
47.320146322250366,68408
47.32178831100464,68408
47.32264494895935,68408
47.323493242263794,68408
47.32435321807861,68408
47.32520580291748,68408
47.3260555267334,68408
47.32769441604614,68408
47.32853984832764,68408
47.32939791679382,68408
47.33024978637695,68408
47.33110475540161,68408
47.3327476978302,68408
47.33360767364502,68408
47.334458112716675,68408
47.335310220718384,68408
47.33616542816162,68408
47.33701825141907,68408
47.33865523338318,68408
47.339499711990356,68408
47.34035277366638,68408
47.341206789016724,68408
47.342057943344116,68408
47.34370803833008,68408
47.34455466270447,68408
47.3454065322876,68408
47.346259355545044,68408
47.34711050987244,68408
47.34875202178955,68408
47.34960651397705,68408
47.35045337677002,68408
47.351303815841675,68408
47.35215520858765,68408
47.35300970077515,68408
47.35466170310974,68408
47.35550856590271,68408
47.35636115074158,68408
47.35721492767334,68408
47.35806918144226,68408
47.359710693359375,68408
47.36056184768677,68408
47.361411333084106,68408
47.36225962638855,68408
47.363120317459106,68408
47.36477732658386,68408
47.36563014984131,68408
47.366475343704224,68408
47.367326736450195,68408
47.368181467056274,68408
47.36903357505798,68408
47.37068057060242,68408
47.37152862548828,68408
47.37237811088562,68408
47.3732328414917,68408
47.37410092353821,68408
47.37573957443237,68408
47.376593589782715,68408
47.37744450569153,68408
47.37829947471619,68408
47.37915229797363,68408
47.380005836486816,68408
47.381649017333984,68408
47.382498264312744,68408
47.38335585594177,68408
47.38422179222107,68408
47.38507580757141,68408
47.38671612739563,68408
47.38756537437439,68408
47.388416051864624,68408
47.3892719745636,68408
47.39012837409973,68408
47.39176869392395,68408
47.3926215171814,68408
47.39346981048584,68408
47.39433169364929,68408
47.39518475532532,68408
47.39603877067566,68408
47.397682666778564,68408
47.398528814315796,68408
47.39938020706177,68408
47.400235176086426,68408
47.40108895301819,68408
47.40273475646973,68408
47.403594732284546,68408
47.404441833496094,68408
47.40529751777649,68408
47.40615177154541,68408
47.40700602531433,68408
47.40865230560303,68408
47.40950107574463,68408
47.410356283187866,68408
47.411211252212524,68408
47.412062644958496,68408
47.41371417045593,68408
47.414567947387695,68408
47.41541600227356,68408
47.41626787185669,68408
47.41712427139282,68408
47.41876578330994,68408
47.419620752334595,68408
47.42047119140625,68408
47.42132258415222,68408
47.422175884246826,68408
47.42302918434143,68408
47.42468523979187,68408
47.425535917282104,68408
47.426387786865234,68408
47.427244663238525,68408
47.428098917007446,68408
47.42974257469177,68408
47.43059706687927,68408
47.43144488334656,68408
47.432297706604004,68408
47.43315148353577,68408
47.43401622772217,68408
47.435659646987915,68408
47.436506271362305,68408
47.43735885620117,68408
47.43821096420288,68408
47.4390664100647,68408
47.440709352493286,68408
47.44155669212341,68408
47.44241428375244,68408
47.44326639175415,68408
47.4441339969635,68408
47.44578194618225,68408
47.446633100509644,68408
47.44748020172119,68408
47.44833278656006,68408
47.44918656349182,68408
47.45003962516785,68408
47.4516863822937,68408
47.45253300666809,68408
47.453386068344116,68408
47.45425343513489,68408
47.45510721206665,68408
47.45674681663513,68408
47.45759654045105,68408
47.45844626426697,68408
47.459301710128784,68408
47.46015381813049,68408
47.46100568771362,68408
47.462646484375,68408
47.46349096298218,68408
47.46435332298279,68408
47.465208768844604,68408
47.46606516838074,68408
47.4677095413208,68408
47.46855688095093,68408
47.469409227371216,68408
47.47026085853577,68408
47.471113443374634,68408
47.47275638580322,68408
47.47362160682678,68408
47.47446846961975,68408
47.4753201007843,68408
47.47617316246033,68408
47.47702741622925,68408
47.47866988182068,68408
47.4795184135437,68408
47.48037028312683,68408
47.481224060058594,68408
47.48207759857178,68408
47.483731269836426,68408
47.48458814620972,68408
47.48543572425842,68408
47.48629283905029,68408
47.487149477005005,68408
47.4887912273407,68408
47.48964715003967,68408
47.49049353599548,68408
47.491347551345825,68408
47.492197036743164,68408
47.49305176734924,68408
47.49470782279968,68408
47.49555540084839,68408
47.4964120388031,68408
47.49726176261902,68408
47.49811553955078,68408
47.49976181983948,68408
47.50061535835266,68408
47.501465797424316,68408
47.50231599807739,68408
47.503170013427734,68408
47.504034757614136,68408
47.50567579269409,68408
47.50652241706848,68408
47.50737762451172,68408
47.50823378562927,68408
47.50908637046814,68408
47.510730028152466,68408
47.51158547401428,68408
47.512431144714355,68408
47.51329064369202,68408
47.51415467262268,68408
47.51500868797302,68408
47.51665544509888,68408
47.51750636100769,68408
47.51836013793945,68408
47.519214153289795,68408
47.52007007598877,68408
47.5217182636261,68408
47.52256727218628,68408
47.523417472839355,68408
47.52428436279297,68408
47.52513909339905,68408
47.52678346633911,68408
47.52763795852661,68408
47.52848672866821,68408
47.52933859825134,68408
47.53019309043884,68408
47.531054735183716,68408
47.53270101547241,68408
47.53355169296265,68408
47.5344123840332,68408
47.53526854515076,68408
47.536123752593994,68408
47.537768840789795,68408
47.53862452507019,68408
47.53947448730469,68408
47.54033064842224,68408
47.541183948516846,68408
47.54203915596008,68408
47.54369306564331,68408
47.544540882110596,68408
47.54539608955383,68408
47.54624938964844,68408
47.54710650444031,68408
47.54875135421753,68408
47.54960298538208,68408
47.55045533180237,68408
47.551308393478394,68408
47.55215907096863,68408
47.553011655807495,68408
47.55467247962952,68408
47.555519104003906,68408
47.55637288093567,68408
47.55722784996033,68408
47.55808353424072,68408
47.55972766876221,68408
47.56058144569397,68408
47.561431646347046,68408
47.5622878074646,68408
47.56313991546631,68408
47.56479358673096,68408
47.565648794174194,68408
47.56649446487427,68408
47.56734561920166,68408
47.5682008266449,68408
47.56905651092529,68408
47.57069993019104,68408
47.571547985076904,68408
47.57240080833435,68408
47.57325220108032,68408
47.57411861419678,68408
47.575762033462524,68408
47.576616525650024,68408
47.57746887207031,68408
47.578320026397705,68408
47.57917666435242,68408
47.580029249191284,68408
47.58167219161987,68408
47.58252000808716,68408
47.58337426185608,68408
47.58424162864685,68408
47.58509635925293,68408
47.58673930168152,68408
47.587594747543335,68408
47.5884428024292,68408
47.58929491043091,68408
47.59014892578125,68408
47.59100317955017,68408
47.59265160560608,68408
47.593496799468994,68408
47.59435963630676,68408
47.59521675109863,68408
47.596067905426025,68408
47.59771132469177,68408
47.59856462478638,68408
47.59941625595093,68408
47.60026979446411,68408
47.601125955581665,68408
47.60277056694031,68408
47.60362911224365,68408
47.60447859764099,68408
47.605329275131226,68408
47.606181621551514,68408
47.607035875320435,68408
47.60869240760803,68408
47.60954284667969,68408
47.61039733886719,68408
47.61124920845032,68408
47.61210107803345,68408
47.61375665664673,68408
47.61461162567139,68408
47.61545753479004,68408
47.61631178855896,68408
47.617167234420776,68408
47.61801886558533,68408
47.61966252326965,68408
47.62050676345825,68408
47.62135553359985,68408
47.6222083568573,68408
47.62305951118469,68408
47.624715089797974,68408
47.625568151474,68408
47.626418352127075,68408
47.62726855278015,68408
47.62812042236328,68408
47.629761695861816,68408
47.63061594963074,68408
47.631462812423706,68408
47.63231539726257,68408
47.63317108154297,68408
47.634037494659424,68408
47.63568425178528,68408
47.636533975601196,68408
47.63738512992859,68408
47.638238191604614,68408
47.639090061187744,68408
47.6407368183136,68408
47.64158892631531,68408
47.6424343585968,68408
47.64329481124878,68408
47.64415764808655,68408
47.64501237869263,68408
47.646658420562744,68408
47.64750361442566,68408
47.6483588218689,68408
47.64921045303345,68408
47.65006375312805,68408
47.651705741882324,68408
47.65255355834961,68408
47.653406381607056,68408
47.65427255630493,68408
47.65512824058533,68408
47.65677285194397,68408
47.65762710571289,68408
47.65847182273865,68408
47.6593222618103,68408
47.660176515579224,68408
47.66102743148804,68408
47.66267228126526,68408
47.663522481918335,68408
47.66438841819763,68408
47.6652467250824,68408
47.6661012172699,68408
47.667747497558594,68408
47.668601751327515,68408
47.669448375701904,68408
47.67030167579651,68408
47.67115807533264,68408
47.67201066017151,68408
47.67366433143616,68408
47.674513816833496,68408
47.67537188529968,68408
47.676228284835815,68408
47.677085161209106,68408
47.678736209869385,68408
47.67958974838257,68408
47.68043780326843,68408
47.681291580200195,68408
47.68214416503906,68408
47.6838014125824,68408
47.68465518951416,68408
47.68550395965576,68408
47.6863534450531,68408
47.687209367752075,68408
47.68806552886963,68408
47.68971300125122,68408
47.690568685531616,68408
47.691415548324585,68408
47.6922721862793,68408
47.69312500953674,68408
47.694772720336914,68408
47.69563007354736,68408
47.69647526741028,68408
47.69732999801636,68408
47.69818425178528,68408
47.699045181274414,68408
47.70069074630737,68408
47.701537132263184,68408
47.702393531799316,68408
47.703245878219604,68408
47.70410966873169,68408
47.7057523727417,68408
47.70660638809204,68408
47.70745539665222,68408
47.70830726623535,68408
47.70916128158569,68408
47.71001672744751,68408
47.71166014671326,68408
47.712507486343384,68408
47.71336054801941,68408
47.7142276763916,68408
47.71508312225342,68408
47.71673059463501,68408
47.71758580207825,68408
47.71843409538269,68408
47.7192907333374,68408
47.720144748687744,68408
47.721787452697754,68408
47.72264266014099,68408
47.72349214553833,68408
47.72435474395752,68408
47.72520613670349,68408
47.726057291030884,68408
47.727696657180786,68408
47.72854256629944,68408
47.72939991950989,68408
47.730255365371704,68408
47.73111033439636,68408
47.732757568359375,68408
47.733617544174194,68408
47.73446989059448,68408
47.73532032966614,68408
47.73617434501648,68408
47.7370285987854,68408
47.73868107795715,68408
47.73952841758728,68408
47.74038004875183,68408
47.74123477935791,68408
47.74208950996399,68408
47.743746280670166,68408
47.74460196495056,68408
47.74544906616211,68408
47.74630260467529,68408
47.747159242630005,68408
47.74801301956177,68408
47.74965810775757,68408
47.75050354003906,68408
47.751357078552246,68408
47.75221085548401,68408
47.753063440322876,68408
47.75471878051758,68408
47.755571126937866,68408
47.75641894340515,68408
47.757272720336914,68408
47.75812387466431,68408
47.75976800918579,68408
47.76062321662903,68408
47.76146864891052,68408
47.76231837272644,68408
47.76316976547241,68408
47.76403498649597,68408
47.76568078994751,68408
47.76652431488037,68408
47.767374992370605,68408
47.76823091506958,68408
47.769081830978394,68408
47.7707245349884,68408
47.77157235145569,68408
47.77242040634155,68408
47.77327632904053,68408
47.77413868904114,68408
47.77578020095825,68408
47.77663469314575,68408
47.77748155593872,68408
47.77833414077759,68408
47.77918291091919,68408
47.78003716468811,68408
47.7816801071167,68408
47.782530546188354,68408
47.78338122367859,68408
47.784244537353516,68408
47.785099267959595,68408
47.786741971969604,68408
47.78759241104126,68408
47.78844118118286,68408
47.78929281234741,68408
47.79014754295349,68408
47.79178547859192,68408
47.79263639450073,68408
47.79348540306091,68408
47.79434514045715,68408
47.79520225524902,68408
47.79605484008789,68408
47.79769492149353,68408
47.798542737960815,68408
47.79939293861389,68408
47.80024766921997,68408
47.80110001564026,68408
47.80274415016174,68408
47.80360150337219,68408
47.80445194244385,68408
47.805304288864136,68408
47.80615973472595,68408
47.80700945854187,68408
47.8086473941803,68408
47.80949521064758,68408
47.81034755706787,68408
47.81119918823242,68408
47.8120493888855,68408
47.81370186805725,68408
47.814547300338745,68408
47.81539869308472,68408
47.81625247001648,68408
47.817105531692505,68408
47.81874942779541,68408
47.819602489471436,68408
47.82045102119446,68408
47.82129788398743,68408
47.822153091430664,68408
47.82300400733948,68408
47.82465624809265,68408
47.82550644874573,68408
47.82635831832886,68408
47.827213525772095,68408
47.828062295913696,68408
47.82970476150513,68408
47.830554723739624,68408
47.83140468597412,68408
47.83226275444031,68408
47.833115100860596,68408
47.83476948738098,68408
47.835625410079956,68408
47.836469888687134,68408
47.8373236656189,68408
47.83817410469055,68408
47.83902716636658,68408
47.84067368507385,68408
47.84151792526245,68408
47.842371225357056,68408
47.84322428703308,68408
47.84409236907959,68408
47.84573817253113,68408
47.84658885002136,68408
47.84743928909302,68408
47.84829115867615,68408
47.8491427898407,68408
47.85078716278076,68408
47.85164260864258,68408
47.85249066352844,68408
47.85334086418152,68408
47.854209899902344,68408
47.855066537857056,68408
47.856714487075806,68408
47.857566356658936,68408
47.85841107368469,68408
47.859267234802246,68408
47.860121965408325,68408
47.86175799369812,68408
47.86261510848999,68408
47.86346101760864,68408
47.86432099342346,68408
47.86517333984375,68408
47.86602520942688,68408
47.867674350738525,68408
47.8685200214386,68408
47.86937403678894,68408
47.870227336883545,68408
47.871082067489624,68408
47.87272667884827,68408
47.87358641624451,68408
47.87443423271179,68408
47.87528586387634,68408
47.87614130973816,68408
47.877782583236694,68408
47.87863802909851,68408
47.87948513031006,68408
47.880337715148926,68408
47.881187915802,68408
47.88204216957092,68408
47.88369941711426,68408
47.884546995162964,68408
47.88539791107178,68408
47.88625407218933,68408
47.88711142539978,68408
47.888756275177,68408
47.889612913131714,68408
47.890459299087524,68408
47.891313552856445,68408
47.892169713974,68408
47.893025636672974,68408
47.89467787742615,68408
47.89552164077759,68408
47.89637470245361,68408
47.897231340408325,68408
47.898085594177246,68408
47.89973044395447,68408
47.90058135986328,68408
47.901432037353516,68408
47.90228295326233,68408
47.90313768386841,68408
47.904789209365845,68408
47.9056441783905,68408
47.906490087509155,68408
47.90734362602234,68408
47.90819811820984,68408
47.90904927253723,68408
47.91069030761719,68408
47.91153836250305,68408
47.912391662597656,68408
47.91324424743652,68408
47.9141104221344,68408
47.91575527191162,68408
47.91660785675049,68408
47.91745567321777,68408
47.91831111907959,68408
47.919163942337036,68408
47.920018911361694,68408
47.92166304588318,68408
47.92250871658325,68408
47.92336583137512,68408
47.92423057556152,68408
47.92508578300476,68408
47.92673063278198,68408
47.927587270736694,68408
47.92843747138977,68408
47.929290533065796,68408
47.93014097213745,68408
47.931782722473145,68408
47.93263554573059,68408
47.93348407745361,68408
47.9343478679657,68408
47.935200691223145,68408
47.93605422973633,68408
47.93770098686218,68408
47.938549757003784,68408
47.939398527145386,68408
47.94025444984436,68408
47.94110679626465,68408
47.9427444934845,68408
47.943604707717896,68408
47.944453954696655,68408
47.945311069488525,68408
47.946165323257446,68408
47.947016954422,68408
47.94865894317627,68408
47.949506759643555,68408
47.95036029815674,68408
47.951213121414185,68408
47.95206356048584,68408
47.95371389389038,68408
47.954564809799194,68408
47.95541167259216,68408
47.95626163482666,68408
47.957117319107056,68408
47.95875859260559,68408
47.95961308479309,68408
47.960461139678955,68408
47.96130990982056,68408
47.96216559410095,68408
47.9630184173584,68408
47.96467185020447,68408
47.965519428253174,68408
47.96637272834778,68408
47.967230796813965,68408
47.968087673187256,68408
47.96973252296448,68408
47.97058582305908,68408
47.971436977386475,68408
47.97229719161987,68408
47.97315216064453,68408
47.9740195274353,68408
47.975658655166626,68408
47.976507902145386,68408
47.97736191749573,68408
47.978214263916016,68408
47.97907066345215,68408
47.98071241378784,68408
47.98156523704529,68408
47.98241448402405,68408
47.983267307281494,68408
47.98413133621216,68408
47.98577427864075,68408
47.98662519454956,68408
47.987473249435425,68408
47.98832559585571,68408
47.989176988601685,68408
47.99002814292908,68408
47.991673946380615,68408
47.992520809173584,68408
47.993377685546875,68408
47.994242906570435,68408
47.99509406089783,68408
47.99673843383789,68408
47.99759244918823,68408
47.99844217300415,68408
47.99929714202881,68408
48.000152826309204,68408
48.001004695892334,68408
48.002644062042236,68408
48.003493547439575,68408
48.00435423851013,68408
48.00520396232605,68408
48.006054401397705,68408
48.00769662857056,68408
48.00854229927063,68408
48.00939583778381,68408
48.010249853134155,68408
48.01110076904297,68408
48.012749671936035,68408
48.013609886169434,68408
48.01446080207825,68408
48.015316009521484,68408
48.01617240905762,68408
48.017024517059326,68408
48.01866865158081,68408
48.01951885223389,68408
48.02036952972412,68408
48.02122688293457,68408
48.022083044052124,68408
48.0237352848053,68408
48.02459001541138,68408
48.02543544769287,68408
48.02628827095032,68408
48.02713966369629,68408
48.0287811756134,68408
48.02963733673096,68408
48.030481576919556,68408
48.031336069107056,68408
48.03219294548035,68408
48.033050537109375,68408
48.034703731536865,68408
48.035563468933105,68408
48.036415576934814,68408
48.037269115448,68408
48.03812289237976,68408
48.03976392745972,68408
48.0406129360199,68408
48.04146385192871,68408
48.04231357574463,68408
48.043168783187866,68408
48.04403281211853,68408
48.045679569244385,68408
48.04652523994446,68408
48.04737901687622,68408
48.0482292175293,68408
48.04907989501953,68408
48.05072093009949,68408
48.05157208442688,68408
48.05241823196411,68408
48.05327272415161,68408
48.05413794517517,68408
48.0557746887207,68408
48.056628942489624,68408
48.057472467422485,68408
48.0583233833313,68408
48.059176445007324,68408
48.06002879142761,68408
48.06167435646057,68408
48.06251883506775,68408
48.063371419906616,68408
48.0642352104187,68408
48.06508994102478,68408
48.06673789024353,68408
48.06758713722229,68408
48.068437337875366,68408
48.06928896903992,68408
48.0701425075531,68408
48.07178258895874,68408
48.07263374328613,68408
48.073479652404785,68408
48.07434058189392,68408
48.07519602775574,68408
48.076045751571655,68408
48.07769250869751,68408
48.07854199409485,68408
48.079392433166504,68408
48.08024597167969,68408
48.0811026096344,68408
48.08274292945862,68408
48.083600759506226,68408
48.08445072174072,68408
48.085304737091064,68408
48.08615756034851,68408
48.08701515197754,68408
48.088661193847656,68408
48.089508295059204,68408
48.09036350250244,68408
48.09121632575989,68408
48.09206986427307,68408
48.09372091293335,68408
48.09457039833069,68408
48.09541869163513,68408
48.09626865386963,68408
48.09712195396423,68408
48.09876894950867,68408
48.09962224960327,68408
48.10047101974487,68408
48.10132312774658,68408
48.1021773815155,68408
48.10302925109863,68408
48.104690074920654,68408
48.10554099082947,68408
48.106396198272705,68408
48.10725140571594,68408
48.108102560043335,68408
48.10974311828613,68408
48.11059546470642,68408
48.111443519592285,68408
48.112300157547,68408
48.11315178871155,68408
48.11401700973511,68408
48.11565375328064,68408
48.11650109291077,68408
48.11735439300537,68408
48.118207693099976,68408
48.119059801101685,68408
48.12070369720459,68408
48.12154793739319,68408
48.12240242958069,68408
48.12325596809387,68408
48.124123334884644,68408
48.12576460838318,68408
48.12661623954773,68408
48.12746453285217,68408
48.128313064575195,68408
48.12916564941406,68408
48.130021810531616,68408
48.13166379928589,68408
48.1325101852417,68408
48.133363246917725,68408
48.134230613708496,68408
48.135085105895996,68408
48.13672852516174,68408
48.137579679489136,68408
48.138426303863525,68408
48.139283657073975,68408
48.14013695716858,68408
48.141780853271484,68408
48.14263558387756,68408
48.14348268508911,68408
48.14434504508972,68408
48.145198822021484,68408
48.14605140686035,68408
48.14769387245178,68408
48.14853858947754,68408
48.14939308166504,68408
48.15024423599243,68408
48.15109419822693,68408
48.15273666381836,68408
48.153594970703125,68408
48.154447078704834,68408
48.15529918670654,68408
48.15615177154541,68408
48.1570086479187,68408
48.158653020858765,68408
48.159499406814575,68408
48.16034913063049,68408
48.161200523376465,68408
48.162054777145386,68408
48.16370701789856,68408
48.16455578804016,68408
48.165406942367554,68408
48.16626167297363,68408
48.167115449905396,68408
48.168755769729614,68408
48.16961050033569,68408
48.170454263687134,68408
48.17130947113037,68408
48.17216372489929,68408
48.17301678657532,68408
48.17466616630554,68408
48.17551374435425,68408
48.1763699054718,68408
48.177226066589355,68408
48.178080558776855,68408
48.17972445487976,68408
48.18057560920715,68408
48.18142318725586,68408
48.18227696418762,68408
48.18312978744507,68408
48.18478727340698,68408
48.185640811920166,68408
48.18649101257324,68408
48.18733882904053,68408
48.18819451332092,68408
48.189044713974,68408
48.19069004058838,68408
48.19153952598572,68408
48.1923930644989,68408
48.193243980407715,68408
48.19410848617554,68408
48.195751905441284,68408
48.196606159210205,68408
48.197447776794434,68408
48.198302030563354,68408
48.199156045913696,68408
48.200008392333984,68408
48.20164895057678,68408
48.202494382858276,68408
48.20335245132446,68408
48.20422005653381,68408
48.20507550239563,68408
48.206719636917114,68408
48.207571506500244,68408
48.20841956138611,68408
48.209272146224976,68408
48.21012496948242,68408
48.211769104003906,68408
48.21262836456299,68408
48.21347737312317,68408
48.21433711051941,68408
48.215192556381226,68408
48.21604633331299,68408
48.21769189834595,68408
48.21853828430176,68408
48.21939039230347,68408
48.220247745513916,68408
48.22110080718994,68408
48.22274351119995,68408
48.223604917526245,68408
48.22445201873779,68408
48.22530484199524,68408
48.226157665252686,68408
48.2270085811615,68408
48.22864890098572,68408
48.22949409484863,68408
48.23034906387329,68408
48.23120427131653,68408
48.23206090927124,68408
48.233715295791626,68408
48.234567403793335,68408
48.23541712760925,68408
48.236270904541016,68408
48.23712611198425,68408
48.23876762390137,68408
48.2396240234375,68408
48.24047255516052,68408
48.24132299423218,68408
48.242172718048096,68408
48.243022441864014,68408
48.24467849731445,68408
48.245532751083374,68408
48.24638557434082,68408
48.24724292755127,68408
48.24809789657593,68408
48.24973678588867,68408
48.250593185424805,68408
48.251439571380615,68408
48.25229215621948,68408
48.25314474105835,68408
48.25401186943054,68408
48.255661725997925,68408
48.25650954246521,68408
48.257363080978394,68408
48.25821876525879,68408
48.259074211120605,68408
48.2607262134552,68408
48.26157832145691,68408
48.26242733001709,68408
48.263278007507324,68408
48.26414394378662,68408
48.26579022407532,68408
48.26664352416992,68408
48.26749229431152,68408
48.26834583282471,68408
48.26919865608215,68408
48.27005481719971,68408
48.27169346809387,68408
48.27254366874695,68408
48.273393869400024,68408
48.27425956726074,68408
48.275113582611084,68408
48.27675652503967,68408
48.27761173248291,68408
48.27845811843872,68408
48.279311180114746,68408
48.28016114234924,68408
48.28101348876953,68408
48.282654762268066,68408
48.2834997177124,68408
48.28436470031738,68408
48.285221576690674,68408
48.28607749938965,68408
48.28772592544556,68408
48.2885799407959,68408
48.289427518844604,68408
48.290279150009155,68408
48.29113173484802,68408
48.29277682304382,68408
48.29363965988159,68408
48.294485330581665,68408
48.295339584350586,68408
48.29619359970093,68408
48.297049045562744,68408
48.298696756362915,68408
48.29954290390015,68408
48.30039381980896,68408
48.301252603530884,68408
48.30210518836975,68408
48.30375909805298,68408
48.30461645126343,68408
48.305464029312134,68408
48.306315898895264,68408
48.30716943740845,68408
48.308025598526,68408
48.30967092514038,68408
48.31051683425903,68408
48.31137299537659,68408
48.31222867965698,68408
48.31308460235596,68408
48.31474328041077,68408
48.31559920310974,68408
48.31645059585571,68408
48.3173041343689,68408
48.31816101074219,68408
48.31901574134827,68408
48.32065987586975,68408
48.32150363922119,68408
48.32235813140869,68408
48.323214530944824,68408
48.32407855987549,68408
48.3257257938385,68408
48.32658123970032,68408
48.32742881774902,68408
48.32828497886658,68408
48.329139947891235,68408
48.3307785987854,68408
48.33163285255432,68408
48.33247780799866,68408
48.333331823349,68408
48.33419871330261,68408
48.33505320549011,68408
48.336697578430176,68408
48.337544441223145,68408
48.33840036392212,68408
48.339256286621094,68408
48.340113401412964,68408
48.34175968170166,68408
48.342615604400635,68408
48.34346389770508,68408
48.3443284034729,68408
48.34518790245056,68408
48.34604048728943,68408
48.347683906555176,68408
48.348530769348145,68408
48.34938025474548,68408
48.35023355484009,68408
48.35109090805054,68408
48.35273313522339,68408
48.35359239578247,68408
48.3544442653656,68408
48.355297327041626,68408
48.35614800453186,68408
48.35778594017029,68408
48.358641147613525,68408
48.35948872566223,68408
48.36034059524536,68408
48.361193895339966,68408
48.362048625946045,68408
48.36370372772217,68408
48.36455059051514,68408
48.36540222167969,68408
48.36625862121582,68408
48.367112159729004,68408
48.368754386901855,68408
48.36961054801941,68408
48.37045884132385,68408
48.37131381034851,68408
48.3721706867218,68408
48.3730251789093,68408
48.374677896499634,68408
48.375523805618286,68408
48.376376152038574,68408
48.377232789993286,68408
48.37808799743652,68408
48.37973189353943,68408
48.38058686256409,68408
48.38143444061279,68408
48.3822922706604,68408
48.38314461708069,68408
48.38400936126709,68408
48.38565015792847,68408
48.38649821281433,68408
48.387351512908936,68408
48.38820290565491,68408
48.3890597820282,68408
48.3907036781311,68408
48.3915491104126,68408
48.39240503311157,68408
48.39325666427612,68408
48.39411997795105,68408
48.39576506614685,68408
48.39661931991577,68408
48.39746594429016,68408
48.398316383361816,68408
48.399173736572266,68408
48.40002727508545,68408
48.40166997909546,68408
48.40251660346985,68408
48.40336871147156,68408
48.404234647750854,68408
48.405086517333984,68408
48.406731605529785,68408
48.40758514404297,68408
48.408435106277466,68408
48.40929126739502,68408
48.41014122962952,68408
48.41178798675537,68408
48.41264295578003,68408
48.413491010665894,68408
48.414353370666504,68408
48.41520619392395,68408
48.416059494018555,68408
48.4177029132843,68408
48.418550968170166,68408
48.41940498352051,68408
48.42025899887085,68408
48.42111110687256,68408
48.42276215553284,68408
48.4236261844635,68408
48.42447376251221,68408
48.42532658576965,68408
48.426183223724365,68408
48.42703557014465,68408
48.42867851257324,68408
48.42952632904053,68408
48.43037676811218,68408
48.43123149871826,68408
48.43208599090576,68408
48.43374156951904,68408
48.434595823287964,68408
48.4354407787323,68408
48.43629550933838,68408
48.43714642524719,68408
48.43800377845764,68408
48.43964385986328,68408
48.44049048423767,68408
48.44134712219238,68408
48.44220209121704,68408
48.44305920600891,68408
48.44471597671509,68408
48.44556951522827,68408
48.4464225769043,68408
48.4472770690918,68408
48.4481315612793,68408
48.44977784156799,68408
48.450629234313965,68408
48.451478719711304,68408
48.45233392715454,68408
48.45318865776062,68408
48.45405411720276,68408
48.45569729804993,68408
48.45654487609863,68408
48.45739483833313,68408
48.45824956893921,68408
48.45910143852234,68408
48.46074938774109,68408
48.46160173416138,68408
48.462448596954346,68408
48.46330642700195,68408
48.46416974067688,68408
48.46502661705017,68408
48.4666748046875,68408
48.467522382736206,68408
48.46837902069092,68408
48.46923279762268,68408
48.470083236694336,68408
48.471723318099976,68408
48.47257590293884,68408
48.47342395782471,68408
48.47428774833679,68408
48.47514224052429,68408
48.47678756713867,68408
48.47764229774475,68408
48.478492975234985,68408
48.47934341430664,68408
48.480196952819824,68408
48.48105001449585,68408
48.482696294784546,68408
48.483542680740356,68408
48.484405517578125,68408
48.48525786399841,68408
48.486114501953125,68408
48.48775625228882,68408
48.48861026763916,68408
48.48945450782776,68408
48.49031090736389,68408
48.491167068481445,68408
48.49201941490173,68408
48.493674993515015,68408
48.49452018737793,68408
48.49537372589111,68408
48.496227502822876,68408
48.49707889556885,68408
48.498727321624756,68408
48.4995801448822,68408
48.500431537628174,68408
48.50128507614136,68408
48.50214242935181,68408
48.50379991531372,68408
48.50465369224548,68408
48.505502700805664,68408
48.50635385513306,68408
48.50720953941345,68408
48.50806450843811,68408
48.50971603393555,68408
48.51056957244873,68408
48.51141667366028,68408
48.51227140426636,68408
48.51312494277954,68408
48.514779806137085,68408
48.515639781951904,68408
48.5164840221405,68408
48.51733946800232,68408
48.518195390701294,68408
48.51905059814453,68408
48.52069592475891,68408
48.52154183387756,68408
48.522398471832275,68408
48.52325201034546,68408
48.524115800857544,68408
48.5257568359375,68408
48.52661156654358,68408
48.527456760406494,68408
48.528308153152466,68408
48.52916145324707,68408
48.53001594543457,68408
48.53165936470032,68408
48.53250288963318,68408
48.53335356712341,68408
48.53421950340271,68408
48.53507113456726,68408
48.53671336174011,68408
48.53756332397461,68408
48.53840970993042,68408
48.53926968574524,68408
48.540123462677,68408
48.541759729385376,68408
48.542614221572876,68408
48.543461322784424,68408
48.544323682785034,68408
48.54517650604248,68408
48.5460319519043,68408
48.547672510147095,68408
48.54851746559143,68408
48.54936861991882,68408
48.55022144317627,68408
48.55107617378235,68408
48.552720069885254,68408
48.55357837677002,68408
48.554429054260254,68408
48.55528378486633,68408
48.55613660812378,68408
48.55777955055237,68408
48.558629751205444,68408
48.559481143951416,68408
48.56033158302307,68408
48.56118631362915,68408
48.56204319000244,68408
48.56369471549988,68408
48.56454515457153,68408
48.56539273262024,68408
48.566246032714844,68408
48.567097187042236,68408
48.56874108314514,68408
48.56959366798401,68408
48.570438385009766,68408
48.57129645347595,68408
48.57215189933777,68408
48.57300615310669,68408
48.5746636390686,68408
48.5755090713501,68408
48.57636785507202,68408
48.57721829414368,68408
48.578068017959595,68408
48.579707622528076,68408
48.580551624298096,68408
48.58140778541565,68408
48.58225679397583,68408
48.58310890197754,68408
48.58476138114929,68408
48.585612773895264,68408
48.58646082878113,68408
48.58731007575989,68408
48.58816432952881,68408
48.58901572227478,68408
48.590660095214844,68408
48.59150791168213,68408
48.592357873916626,68408
48.59321355819702,68408
48.59407448768616,68408
48.59571719169617,68408
48.59657311439514,68408
48.597418546676636,68408
48.598270893096924,68408
48.59912419319153,68408
48.600770235061646,68408
48.60162591934204,68408
48.602477073669434,68408
48.60333204269409,68408
48.604193925857544,68408
48.60504603385925,68408
48.60668683052063,68408
48.60753297805786,68408
48.608399868011475,68408
48.609254121780396,68408
48.61010813713074,68408
48.611756801605225,68408
48.612606048583984,68408
48.61345362663269,68408
48.61431312561035,68408
48.615166902542114,68408
48.61602807044983,68408
48.61767363548279,68408
48.6185200214386,68408
48.61937141418457,68408
48.62022686004639,68408
48.62108039855957,68408
48.62272596359253,68408
48.623589277267456,68408
48.624438762664795,68408
48.62529683113098,68408
48.62615513801575,68408
48.62701177597046,68408
48.62865233421326,68408
48.62949728965759,68408
48.630351066589355,68408
48.631205320358276,68408
48.63205862045288,68408
48.63371229171753,68408
48.634565353393555,68408
48.63541269302368,68408
48.63626194000244,68408
48.637113094329834,68408
48.6387574672699,68408
48.63961458206177,68408
48.64046764373779,68408
48.641319274902344,68408
48.64216995239258,68408
48.643022537231445,68408
48.644680976867676,68408
48.64552712440491,68408
48.64637804031372,68408
48.64723086357117,68408
48.648088455200195,68408
48.64973449707031,68408
48.65058755874634,68408
48.65143632888794,68408
48.6522912979126,68408
48.65314269065857,68408
48.65400981903076,68408
48.6556499004364,68408
48.656494140625,68408
48.657347679138184,68408
48.658198595047,68408
48.65905451774597,68408
48.660706996917725,68408
48.661553382873535,68408
48.66240358352661,68408
48.66325521469116,68408
48.66411900520325,68408
48.66576409339905,68408
48.66662287712097,68408
48.66746950149536,68408
48.668317794799805,68408
48.669174909591675,68408
48.67002725601196,68408
48.67167258262634,68408
48.67251539230347,68408
48.67337203025818,68408
48.674241065979004,68408
48.67509627342224,68408
48.676740407943726,68408
48.67759346961975,68408
48.67844247817993,68408
48.67929553985596,68408
48.680150747299194,68408
48.68100452423096,68408
48.68264627456665,68408
48.6834921836853,68408
48.68435549736023,68408
48.6852080821991,68408
48.686060428619385,68408
48.68770384788513,68408
48.6885507106781,68408
48.68940186500549,68408
48.690255880355835,68408
48.69111394882202,68408
48.69275617599487,68408
48.693618059158325,68408
48.694467544555664,68408
48.69532036781311,68408
48.696171045303345,68408
48.697025537490845,68408
48.69866943359375,68408
48.699517488479614,68408
48.70037007331848,68408
48.70123100280762,68408
48.702086448669434,68408
48.70373272895813,68408
48.70458769798279,68408
48.7054328918457,68408
48.7062885761261,68408
48.7071475982666,68408
48.70879244804382,68408
48.70964479446411,68408
48.71048974990845,68408
48.71134161949158,68408
48.71219563484192,68408
48.71304678916931,68408
48.71469759941101,68408
48.71553993225098,68408
48.71639800071716,68408
48.71724724769592,68408
48.71809959411621,68408
48.71974778175354,68408
48.72060441970825,68408
48.721452713012695,68408
48.72230386734009,68408
48.723156452178955,68408
48.72401762008667,68408
48.725667238235474,68408
48.72651696205139,68408
48.72736692428589,68408
48.728222131729126,68408
48.72907519340515,68408
48.73071646690369,68408
48.73156762123108,68408
48.73241353034973,68408
48.733269691467285,68408
48.73413133621216,68408
48.73577046394348,68408
48.73662447929382,68408
48.737473011016846,68408
48.738327503204346,68408
48.73918175697327,68408
48.74003505706787,68408
48.74167776107788,68408
48.74252653121948,68408
48.7433807849884,68408
48.74424457550049,68408
48.74509859085083,68408
48.74674105644226,68408
48.74759078025818,68408
48.7484405040741,68408
48.74929213523865,68408
48.750144958496094,68408
48.751789808273315,68408
48.752644538879395,68408
48.75349259376526,68408
48.75435757637024,68408
48.75521206855774,68408
48.756067752838135,68408
48.75771427154541,68408
48.75856375694275,68408
48.75940561294556,68408
48.760260820388794,68408
48.76111173629761,68408
48.76275420188904,68408
48.763622760772705,68408
48.76447248458862,68408
48.76532316207886,68408
48.76617789268494,68408
48.767029762268066,68408
48.76867461204529,68408
48.76952052116394,68408
48.770376443862915,68408
48.77123022079468,68408
48.77208352088928,68408
48.77374053001404,68408
48.77458953857422,68408
48.775437355041504,68408
48.77628970146179,68408
48.777146339416504,68408
48.7787880897522,68408
48.7796413898468,68408
48.78048634529114,68408
48.7813355922699,68408
48.782188177108765,68408
48.78304147720337,68408
48.784698486328125,68408
48.78554844856262,68408
48.78640389442444,68408
48.78726029396057,68408
48.788114070892334,68408
48.789762020111084,68408
48.79061460494995,68408
48.79146075248718,68408
48.79231357574463,68408
48.793163776397705,68408
48.794028997421265,68408
48.79567098617554,68408
48.79651618003845,68408
48.79737186431885,68408
48.798229932785034,68408
48.799083948135376,68408
48.80072999000549,68408
48.80157923698425,68408
48.802430152893066,68408
48.80328106880188,68408
48.804147243499756,68408
48.80579376220703,68408
48.80664873123169,68408
48.80749773979187,68408
48.80834913253784,68408
48.80920195579529,68408
48.810054779052734,68408
48.811699867248535,68408
48.81254506111145,68408
48.81339764595032,68408
48.81426429748535,68408
48.81511902809143,68408
48.816762924194336,68408
48.81761813163757,68408
48.81846284866333,68408
48.81931757926941,68408
48.82017660140991,68408
48.82103133201599,68408
48.822670698165894,68408
48.82351756095886,68408
48.824383020401,68408
48.8252375125885,68408
48.82609510421753,68408
48.827741861343384,68408
48.82859539985657,68408
48.8294403553009,68408
48.83029341697693,68408
48.83114790916443,68408
48.83279466629028,68408
48.83365511894226,68408
48.834506034851074,68408
48.83535861968994,68408
48.83621883392334,68408
48.83706998825073,68408
48.83872175216675,68408
48.83957600593567,68408
48.840420722961426,68408
48.841278076171875,68408
48.84213447570801,68408
48.84378361701965,68408
48.844642639160156,68408
48.84549069404602,68408
48.846344232559204,68408
48.847198724746704,68408
48.84805130958557,68408
48.84969425201416,68408
48.85054087638855,68408
48.85139727592468,68408
48.85225558280945,68408
48.85311150550842,68408
48.854763984680176,68408
48.85561800003052,68408
48.85646677017212,68408
48.85731744766235,68408
48.85817003250122,68408
48.85902738571167,68408
48.86067223548889,68408
48.86151838302612,68408
48.86237287521362,68408
48.863229751586914,68408
48.864097118377686,68408
48.865742206573486,68408
48.866594314575195,68408
48.86743712425232,68408
48.86829447746277,68408
48.86914896965027,68408
48.870004415512085,68408
48.87164759635925,68408
48.87249040603638,68408
48.873342990875244,68408
48.874207973480225,68408
48.87506437301636,68408
48.87670707702637,68408
48.87755346298218,68408
48.87840962409973,68408
48.8792610168457,68408
48.8801155090332,68408
48.88175821304321,68408
48.88261342048645,68408
48.88346481323242,68408
48.88432455062866,68408
48.88517928123474,68408
48.88603210449219,68408
48.88767457008362,68408
48.888519287109375,68408
48.88936972618103,68408
48.89022612571716,68408
48.89107894897461,68408
48.892720460891724,68408
48.893576860427856,68408
48.89442539215088,68408
48.89528012275696,68408
48.89613890647888,68408
48.897780418395996,68408
48.898637533187866,68408
48.899482011795044,68408
48.90033578872681,68408
48.901187896728516,68408
48.90204334259033,68408
48.9036979675293,68408
48.90454435348511,68408
48.90539884567261,68408
48.906251192092896,68408
48.907108545303345,68408
48.9087553024292,68408
48.909608364105225,68408
48.91045594215393,68408
48.91130566596985,68408
48.91215896606445,68408
48.91301155090332,68408
48.91465973854065,68408
48.91550803184509,68408
48.916359663009644,68408
48.91721534729004,68408
48.91807293891907,68408
48.91971445083618,68408
48.9205687046051,68408
48.921416997909546,68408
48.92227029800415,68408
48.92312288284302,68408
48.924771547317505,68408
48.92562675476074,68408
48.92647099494934,68408
48.927326679229736,68408
48.928178787231445,68408
48.92903184890747,68408
48.93067169189453,68408
48.931517601013184,68408
48.932371377944946,68408
48.933228492736816,68408
48.9340934753418,68408
48.935739278793335,68408
48.93659234046936,68408
48.93743872642517,68408
48.938292026519775,68408
48.93914580345154,68408
48.94078540802002,68408
48.941635847091675,68408
48.94248175621033,68408
48.94333267211914,68408
48.94419836997986,68408
48.94505214691162,68408
48.94669318199158,68408
48.947540044784546,68408
48.9483916759491,68408
48.94924473762512,68408
48.95010042190552,68408
48.951741456985474,68408
48.95259642601013,68408
48.953441858291626,68408
48.95430302619934,68408
48.955159425735474,68408
48.956010818481445,68408
48.957658767700195,68408
48.958505392074585,68408
48.95936059951782,68408
48.96021509170532,68408
48.96106672286987,68408
48.962708950042725,68408
48.96355390548706,68408
48.964415311813354,68408
48.96526765823364,68408
48.96612024307251,68408
48.96776223182678,68408
48.968613386154175,68408
48.96946048736572,68408
48.970311403274536,68408
48.971165895462036,68408
48.972017765045166,68408
48.9736692905426,68408
48.97451686859131,68408
48.97536635398865,68408
48.97622227668762,68408
48.977078676223755,68408
48.978720903396606,68408
48.97957444190979,68408
48.98042178153992,68408
48.9812798500061,68408
48.98213195800781,68408
48.98378133773804,68408
48.98463821411133,68408
48.985485315322876,68408
48.98634171485901,68408
48.98719620704651,68408
48.988049268722534,68408
48.989694118499756,68408
48.9905424118042,68408
48.99139428138733,68408
48.99224853515625,68408
48.99310278892517,68408
48.99475860595703,68408
48.99561095237732,68408
48.996458768844604,68408
48.99730849266052,68408
48.99816417694092,68408
48.99901580810547,68408
49.00065898895264,68408
49.00150418281555,68408
49.00235462188721,68408
49.00320863723755,68408
49.00406813621521,68408
49.00570774078369,68408
49.00655484199524,68408
49.00740957260132,68408
49.00826120376587,68408
49.00911855697632,68408
49.010762214660645,68408
49.011616468429565,68408
49.01246237754822,68408
49.01331686973572,68408
49.01418471336365,68408
49.01503920555115,68408
49.01668119430542,68408
49.01752543449402,68408
49.018380880355835,68408
49.019232988357544,68408
49.020084381103516,68408
49.02172923088074,68408
49.02258086204529,68408
49.02342987060547,68408
49.024290561676025,68408
49.02514147758484,68408
49.026780128479004,68408
49.027634143829346,68408
49.02847981452942,68408
49.029332637786865,68408
49.03018808364868,68408
49.03104329109192,68408
49.0326874256134,68408
49.033535957336426,68408
49.03439664840698,68408
49.03525257110596,68408
49.03610825538635,68408
49.03774881362915,68408
49.038602113723755,68408
49.03944802284241,68408
49.04029965400696,68408
49.041152477264404,68408
49.04200458526611,68408
49.04366374015808,68408
49.044509172439575,68408
49.04536199569702,68408
49.046212911605835,68408
49.047067403793335,68408
49.048712491989136,68408
49.049562215805054,68408
49.050411224365234,68408
49.051265239715576,68408
49.05212068557739,68408
49.053770542144775,68408
49.05462288856506,68408
49.05547070503235,68408
49.05631923675537,68408
49.057172775268555,68408
49.058024644851685,68408
49.05966830253601,68408
49.06051516532898,68408
49.06136631965637,68408
49.062222480773926,68408
49.0630738735199,68408
49.06472992897034,68408
49.06558394432068,68408
49.066429138183594,68408
49.067282915115356,68408
49.06813335418701,68408
49.0697808265686,68408
49.07063674926758,68408
49.07148003578186,68408
49.07233214378357,68408
49.07318639755249,68408
49.07404804229736,68408
49.07568907737732,68408
49.07653546333313,68408
49.07738757133484,68408
49.07823872566223,68408
49.07909417152405,68408
49.08073830604553,68408
49.08158779144287,68408
49.08243727684021,68408
49.0832884311676,68408
49.08415341377258,68408
49.085010051727295,68408
49.086650371551514,68408
49.0874981880188,68408
49.08834791183472,68408
49.08919954299927,68408
49.09005403518677,68408
49.09169387817383,68408
49.09254264831543,68408
49.093393325805664,68408
49.094260454177856,68408
49.09511399269104,68408
49.09676218032837,68408
49.09761571884155,68408
49.098461389541626,68408
49.09931826591492,68408
49.10017204284668,68408
49.10102701187134,68408
49.10266876220703,68408
49.103513956069946,68408
49.104379653930664,68408
49.105228900909424,68408
49.106082916259766,68408
49.10773229598999,68408
49.108580350875854,68408
49.1094286441803,68408
49.11027908325195,68408
49.11112952232361,68408
49.11277437210083,68408
49.11363244056702,68408
49.114479780197144,68408
49.11533284187317,68408
49.116188287734985,68408
49.117040395736694,68408
49.11868238449097,68408
49.1195285320282,68408
49.120381355285645,68408
49.12123465538025,68408
49.12208819389343,68408
49.123741149902344,68408
49.12459444999695,68408
49.12544345855713,68408
49.12629842758179,68408
49.127153396606445,68408
49.128010511398315,68408
49.12965106964111,68408
49.13049650192261,68408
49.13134813308716,68408
49.1322021484375,68408
49.133055210113525,68408
49.13470983505249,68408
49.13556385040283,68408
49.136412382125854,68408
49.13726472854614,68408
49.13811635971069,68408
49.139758348464966,68408
49.140608072280884,68408
49.141456842422485,68408
49.1423065662384,68408
49.14316272735596,68408
49.14403009414673,68408
49.14567518234253,68408
49.14652061462402,68408
49.14736986160278,68408
49.14822769165039,68408
49.14908218383789,68408
49.15072274208069,68408
49.15157699584961,68408
49.15242338180542,68408
49.153281450271606,68408
49.15414881706238,68408
49.155006408691406,68408
49.1566526889801,68408
49.15750002861023,68408
49.1583514213562,68408
49.159205198287964,68408
49.16005778312683,68408
49.161702156066895,68408
49.16254711151123,68408
49.16339874267578,68408
49.16425848007202,68408
49.16511130332947,68408
49.166754961013794,68408
49.167606830596924,68408
49.16845464706421,68408
49.16930437088013,68408
49.17016005516052,68408
49.17101311683655,68408
49.17265748977661,68408
49.173502683639526,68408
49.17436480522156,68408
49.17521834373474,68408
49.17607593536377,68408
49.17771673202515,68408
49.178568840026855,68408
49.179417848587036,68408
49.18027448654175,68408
49.181130170822144,68408
49.18277287483215,68408
49.183640241622925,68408
49.18448543548584,68408
49.18534016609192,68408
49.18619203567505,68408
49.18704533576965,68408
49.18868923187256,68408
49.18953561782837,68408
49.19038939476013,68408
49.19123888015747,68408
49.192089557647705,68408
49.19373893737793,68408
49.194589376449585,68408
49.1954345703125,68408
49.196285009384155,68408
49.1971378326416,68408
49.198782205581665,68408
49.19963526725769,68408
49.20048689842224,68408
49.20133852958679,68408
49.20219302177429,68408
49.20304584503174,68408
49.20470452308655,68408
49.20555305480957,68408
49.206403493881226,68408
49.20725774765015,68408
49.20811176300049,68408
49.2097544670105,68408
49.210607290267944,68408
49.21145939826965,68408
49.21231198310852,68408
49.21316647529602,68408
49.21403503417969,68408
49.215678453445435,68408
49.21652698516846,68408
49.217381715774536,68408
49.218234062194824,68408
49.21908640861511,68408
49.22073006629944,68408
49.22158360481262,68408
49.22243118286133,68408
49.223284006118774,68408
49.224149227142334,68408
49.225003480911255,68408
49.22665810585022,68408
49.227503299713135,68408
49.22835445404053,68408
49.2292115688324,68408
49.23006868362427,68408
49.231711864471436,68408
49.2325656414032,68408
49.233415365219116,68408
49.23428153991699,68408
49.23513627052307,68408
49.236777544021606,68408
49.237634897232056,68408
49.238481521606445,68408
49.23933458328247,68408
49.24018454551697,68408
49.24103569984436,68408
49.24268102645874,68408
49.24353098869324,68408
49.24439358711243,68408
49.24524641036987,68408
49.24609994888306,68408
49.247740030288696,68408
49.24859070777893,68408
49.24943923950195,68408
49.250293493270874,68408
49.25114369392395,68408
49.252793073654175,68408
49.2536518573761,68408
49.25449728965759,68408
49.255348682403564,68408
49.25619959831238,68408
49.257055044174194,68408
49.25869607925415,68408
49.25954580307007,68408
49.26039981842041,68408
49.26125693321228,68408
49.26210832595825,68408
49.26376700401306,68408
49.26462507247925,68408
49.26546788215637,68408
49.266319036483765,68408
49.267174243927,68408
49.268028020858765,68408
49.26966953277588,68408
49.27051877975464,68408
49.2713737487793,68408
49.27222800254822,68408
49.2730827331543,68408
49.27473568916321,68408
49.27558636665344,68408
49.27643918991089,68408
49.27728843688965,68408
49.278143882751465,68408
49.279791593551636,68408
49.28064727783203,68408
49.28149676322937,68408
49.28234648704529,68408
49.283201456069946,68408
49.28406500816345,68408
49.285709619522095,68408
49.28656268119812,68408
49.287410736083984,68408
49.2882661819458,68408
49.289119243621826,68408
49.29075622558594,68408
49.29160714149475,68408
49.29245591163635,68408
49.293312072753906,68408
49.29417538642883,68408
49.295029163360596,68408
49.29667401313782,68408
49.29751777648926,68408
49.29836964607239,68408
49.299222230911255,68408
49.30007457733154,68408
49.301716566085815,68408
49.30256676673889,68408
49.30341339111328,68408
49.304275035858154,68408
49.30512857437134,68408
49.30677008628845,68408
49.307621717453,68408
49.30847096443176,68408
49.30932116508484,68408
49.31017780303955,68408
49.31103277206421,68408
49.31267690658569,68408
49.313523054122925,68408
49.31438374519348,68408
49.31523823738098,68408
49.316094636917114,68408
49.317736864089966,68408
49.3185875415802,68408
49.319432497024536,68408
49.32028770446777,68408
49.32114338874817,68408
49.32278609275818,68408
49.32365274429321,68408
49.3245005607605,68408
49.32535767555237,68408
49.326210498809814,68408
49.32706356048584,68408
49.32870864868164,68408
49.32955455780029,68408
49.33040499687195,68408
49.3312566280365,68408
49.33211350440979,68408
49.33376431465149,68408
49.33461785316467,68408
49.33546185493469,68408
49.336315393447876,68408
49.33717131614685,68408
49.33802580833435,68408
49.33967328071594,68408
49.34051966667175,68408
49.341371059417725,68408
49.34222888946533,68408
49.343082666397095,68408
49.34474158287048,68408
49.345592975616455,68408
49.3464412689209,68408
49.347296476364136,68408
49.3481502532959,68408
49.34978652000427,68408
49.35064172744751,68408
49.35148549079895,68408
49.35234189033508,68408
49.35319685935974,68408
49.354060888290405,68408
49.3557026386261,68408
49.35654973983765,68408
49.35740351676941,68408
49.35825800895691,68408
49.35911178588867,68408
49.360750675201416,68408
49.36160373687744,68408
49.36244750022888,68408
49.363301038742065,68408
49.36416292190552,68408
49.3650176525116,68408
49.36666250228882,68408
49.36750864982605,68408
49.36835718154907,68408
49.36921405792236,68408
49.37006425857544,68408
49.37170648574829,68408
49.372557163238525,68408
49.37341022491455,68408
49.37427639961243,68408
49.37512922286987,68408
49.37677216529846,68408
49.377622842788696,68408
49.37847089767456,68408
49.379334926605225,68408
49.38019013404846,68408
49.38104462623596,68408
49.382686614990234,68408
49.383532762527466,68408
49.38439679145813,68408
49.385249376297,68408
49.386101484298706,68408
49.38774514198303,68408
49.388596296310425,68408
49.38944435119629,68408
49.39029264450073,68408
49.39114737510681,68408
49.392008781433105,68408
49.3936607837677,68408
49.394508600234985,68408
49.39536094665527,68408
49.39621686935425,68408
49.39706587791443,68408
49.398706674575806,68408
49.39955282211304,68408
49.40040612220764,68408
49.401262521743774,68408
49.40211582183838,68408
49.40376687049866,68408
49.404620885849,68408
49.405468225479126,68408
49.40632200241089,68408
49.40717697143555,68408
49.40802717208862,68408
49.409663915634155,68408
49.41051149368286,68408
49.41136932373047,68408
49.412221908569336,68408
49.4130744934082,68408
49.41473197937012,68408
49.4155797958374,68408
49.416431188583374,68408
49.41728210449219,68408
49.418132066726685,68408
49.419785261154175,68408
49.42063665390015,68408
49.42148470878601,68408
49.42233490943909,68408
49.42319130897522,68408
49.42405605316162,68408
49.42570519447327,68408
49.42655038833618,68408
49.4274001121521,68408
49.428253173828125,68408
49.42910623550415,68408
49.43074631690979,68408
49.43160009384155,68408
49.43244504928589,68408
49.43329834938049,68408
49.434160470962524,68408
49.435014963150024,68408
49.43665790557861,68408
49.43750190734863,68408
49.43835806846619,68408
49.43921184539795,68408
49.44006419181824,68408
49.4417040348053,68408
49.44255018234253,68408
49.4434027671814,68408
49.444265365600586,68408
49.44512128829956,68408
49.44676446914673,68408
49.4476158618927,68408
49.44846510887146,68408
49.44931221008301,68408
49.45016694068909,68408
49.45102334022522,68408
49.452672243118286,68408
49.45352101325989,68408
49.45438003540039,68408
49.455235958099365,68408
49.45608854293823,68408
49.45773005485535,68408
49.45858836174011,68408
49.45943808555603,68408
49.46029210090637,68408
49.46114730834961,68408
49.46278715133667,68408
49.46365165710449,68408
49.46449685096741,68408
49.465351581573486,68408
49.46620416641235,68408
49.46705627441406,68408
49.46870255470276,68408
49.469550132751465,68408
49.47040319442749,68408
49.47125554084778,68408
49.47210645675659,68408
49.473761320114136,68408
49.47461533546448,68408
49.47546172142029,68408
49.47631120681763,68408
49.47716569900513,68408
49.47801876068115,68408
49.47966122627258,68408
49.48050928115845,68408
49.48135828971863,68408
49.48221564292908,68408
49.483068227767944,68408
49.484721422195435,68408
49.48557662963867,68408
49.48642420768738,68408
49.48727512359619,68408
49.4881317615509,68408
49.48977041244507,68408
49.49062466621399,68408
49.49146747589111,68408
49.49231934547424,68408
49.493173122406006,68408
49.4940402507782,68408
49.49568223953247,68408
49.49653077125549,68408
49.49738311767578,68408
49.49823760986328,68408
49.49908971786499,68408
49.500730752944946,68408
49.501583099365234,68408
49.50243639945984,68408
49.50329089164734,68408
49.50415539741516,68408
49.5050106048584,68408
49.506659507751465,68408
49.507506132125854,68408
49.50835704803467,68408
49.50921416282654,68408
49.510066986083984,68408
49.51171112060547,68408
49.512563943862915,68408
49.51340889930725,68408
49.514272689819336,68408
49.515129804611206,68408
49.516770362854004,68408
49.5176260471344,68408
49.518474817276,68408
49.51932954788208,68408
49.520182609558105,68408
49.52103805541992,68408
49.52268171310425,68408
49.52352809906006,68408
49.524394035339355,68408
49.52524709701538,68408
49.5261013507843,68408
49.52774357795715,68408
49.52859115600586,68408
49.52943992614746,68408
49.53029274940491,68408
49.53114438056946,68408
49.53278708457947,68408
49.53365111351013,68408
49.534494400024414,68408
49.53534913063049,68408
49.536203145980835,68408
49.53705883026123,68408
49.538702964782715,68408
49.53955101966858,68408
49.54040336608887,68408
49.54125905036926,68408
49.54211068153381,68408
49.543763160705566,68408
49.5446195602417,68408
49.54546761512756,68408
49.54632544517517,68408
49.54718732833862,68408
49.54804348945618,68408
49.54968333244324,68408
49.550530433654785,68408
49.55138659477234,68408
49.55223798751831,68408
49.55309295654297,68408
49.55474519729614,68408
49.555602073669434,68408
49.55644917488098,68408
49.55730056762695,68408
49.55815362930298,68408
49.55900740623474,68408
49.560646772384644,68408
49.56149220466614,68408
49.56234288215637,68408
49.56320071220398,68408
49.5640652179718,68408
49.565709352493286,68408
49.56656289100647,68408
49.56741142272949,68408
49.56826639175415,68408
49.56911826133728,68408
49.57076168060303,68408
49.57161903381348,68408
49.572466135025024,68408
49.57331657409668,68408
49.57418084144592,68408
49.575031042099,68408
49.57667589187622,68408
49.577521324157715,68408
49.57837510108948,68408
49.57922911643982,68408
49.5800838470459,68408
49.581727743148804,68408
49.58258104324341,68408
49.58342719078064,68408
49.58428955078125,68408
49.585145711898804,68408
49.58679151535034,68408
49.58764362335205,68408
49.58849263191223,68408
49.589346408843994,68408
49.59020161628723,68408
49.59105467796326,68408
49.59270000457764,68408
49.59354519844055,68408
49.59440541267395,68408
49.59525775909424,68408
49.59611177444458,68408
49.5977509021759,68408
49.59860563278198,68408
49.59945273399353,68408
49.60030436515808,68408
49.60115671157837,68408
49.60201025009155,68408
49.60366749763489,68408
49.6045138835907,68408
49.60536456108093,68408
49.606220722198486,68408
49.60707473754883,68408
49.608729124069214,68408
49.60958218574524,68408
49.61043095588684,68408
49.61128258705139,68408
49.61213541030884,68408
49.61378717422485,68408
49.61464047431946,68408
49.615487813949585,68408
49.616337060928345,68408
49.617191553115845,68408
49.61804389953613,68408
49.619691371917725,68408
49.62053990364075,68408
49.62139368057251,68408
49.62224793434143,68408
49.62310004234314,68408
49.624755859375,68408
49.6256103515625,68408
49.62645649909973,68408
49.627307176589966,68408
49.628156423568726,68408
49.629008531570435,68408
49.63064002990723,68408
49.63148331642151,68408
49.63233828544617,68408
49.63318920135498,68408
49.634052753448486,68408
49.6356987953186,68408
49.63654279708862,68408
49.637396812438965,68408
49.63824963569641,68408
49.63910436630249,68408
49.64074897766113,68408
49.64160084724426,68408
49.64245057106018,68408
49.643301248550415,68408
49.64416456222534,68408
49.645018100738525,68408
49.64666199684143,68408
49.6475088596344,68408
49.64835858345032,68408
49.64921498298645,68408
49.6500678062439,68408
49.651713132858276,68408
49.652565002441406,68408
49.65340757369995,68408
49.65427207946777,68408
49.655129194259644,68408
49.65677785873413,68408
49.65763235092163,68408
49.65847969055176,68408
49.65933275222778,68408
49.660183906555176,68408
49.66103744506836,68408
49.662678718566895,68408
49.66352415084839,68408
49.664387226104736,68408
49.66524147987366,68408
49.66609501838684,68408
49.66774392127991,68408
49.66859483718872,68408
49.66944408416748,68408
49.670295000076294,68408
49.67114734649658,68408
49.67279052734375,68408
49.67365479469299,68408
49.67450189590454,68408
49.675352573394775,68408
49.676209926605225,68408
49.677067279815674,68408
49.67871427536011,68408
49.67956614494324,68408
49.68040871620178,68408
49.68126368522644,68408
49.6821174621582,68408
49.68376803398132,68408
49.6846227645874,68408
49.68546772003174,68408
49.686323404312134,68408
49.687174797058105,68408
49.688029050827026,68408
49.68967151641846,68408
49.69051718711853,68408
49.69137215614319,68408
49.692227840423584,68408
49.69308018684387,68408
49.69473671913147,68408
49.69558548927307,68408
49.69643568992615,68408
49.69728636741638,68408
49.69814205169678,68408
49.69979166984558,68408
49.700644969940186,68408
49.701491355895996,68408
49.70234131813049,68408
49.70319676399231,68408
49.70406103134155,68408
49.70570111274719,68408
49.706547260284424,68408
49.707395792007446,68408
49.70825123786926,68408
49.709107875823975,68408
49.71075201034546,68408
49.71160531044006,68408
49.712448835372925,68408
49.713303565979004,68408
49.71416735649109,68408
49.71502900123596,68408
49.71667265892029,68408
49.71751952171326,68408
49.71837377548218,68408
49.719229221343994,68408
49.72008490562439,68408
49.72172832489014,68408
49.72257709503174,68408
49.72342610359192,68408
49.72429013252258,68408
49.725143909454346,68408
49.726786851882935,68408
49.72763919830322,68408
49.7284882068634,68408
49.72934079170227,68408
49.730196475982666,68408
49.73104953765869,68408
49.732696294784546,68408
49.73353981971741,68408
49.734400272369385,68408
49.7352557182312,68408
49.736106395721436,68408
49.73775053024292,68408
49.73860692977905,68408
49.73945140838623,68408
49.74030423164368,68408
49.741159439086914,68408
49.742011070251465,68408
49.7436842918396,68408
49.74452781677246,68408
49.74537992477417,68408
49.74622988700867,68408
49.747082471847534,68408
49.748727560043335,68408
49.74957847595215,68408
49.75042915344238,68408
49.75128126144409,68408
49.752134799957275,68408
49.75378227233887,68408
49.75463795661926,68408
49.75548481941223,68408
49.75633430480957,68408
49.7571861743927,68408
49.7580349445343,68408
49.759681701660156,68408
49.7605299949646,68408
49.76138091087341,68408
49.76223683357239,68408
49.7630877494812,68408
49.76474213600159,68408
49.76559352874756,68408
49.76644039154053,68408
49.76729607582092,68408
49.76815128326416,68408
49.76979398727417,68408
49.7706458568573,68408
49.77149152755737,68408
49.77234148979187,68408
49.77319121360779,68408
49.77405548095703,68408
49.77569842338562,68408
49.77654051780701,68408
49.77739381790161,68408
49.77824592590332,68408
49.77909970283508,68408
49.78073763847351,68408
49.78158950805664,68408
49.7824387550354,68408
49.783289432525635,68408
49.784157514572144,68408
49.785011529922485,68408
49.78665804862976,68408
49.787506103515625,68408
49.78835654258728,68408
49.789212465286255,68408
49.7900652885437,68408
49.79170775413513,68408
49.7925546169281,68408
49.793405055999756,68408
49.7942681312561,68408
49.795121908187866,68408
49.79676270484924,68408
49.79761552810669,68408
49.79845976829529,68408
49.79931044578552,68408
49.80016589164734,68408
49.801018476486206,68408
49.80265927314758,68408
49.803505659103394,68408
49.8043692111969,68408
49.805219888687134,68408
49.80607295036316,68408
49.80771040916443,68408
49.80855679512024,68408
49.80941104888916,68408
49.810259103775024,68408
49.81111121177673,68408
49.81275200843811,68408
49.81361198425293,68408
49.81446361541748,68408
49.815314531326294,68408
49.816168785095215,68408
49.81701731681824,68408
49.818660736083984,68408
49.81950497627258,68408
49.8203558921814,68408
49.821210861206055,68408
49.82206439971924,68408
49.82371139526367,68408
49.82456421852112,68408
49.82540678977966,68408
49.82625889778137,68408
49.82711482048035,68408
49.8287570476532,68408
49.82961058616638,68408
49.83045482635498,68408
49.83130145072937,68408
49.83215403556824,68408
49.83300733566284,68408
49.834654331207275,68408
49.835498094558716,68408
49.836350440979004,68408
49.83720278739929,68408
49.83805537223816,68408
49.839696645736694,68408
49.84054112434387,68408
49.84139442443848,68408
49.84224772453308,68408
49.843097448349,68408
49.8447539806366,68408
49.845606565475464,68408
49.846455097198486,68408
49.847306966781616,68408
49.84816026687622,68408
49.849013805389404,68408
49.850661277770996,68408
49.85150480270386,68408
49.8523588180542,68408
49.85321259498596,68408
49.85407280921936,68408
49.85571646690369,68408
49.85657024383545,68408
49.85741400718689,68408
49.85826301574707,68408
49.85911297798157,68408
49.86075234413147,68408
49.86160850524902,68408
49.86245536804199,68408
49.863306760787964,68408
49.86417531967163,68408
49.86502528190613,68408
49.86666512489319,68408
49.86750888824463,68408
49.868361949920654,68408
49.86921215057373,68408
49.8700647354126,68408
49.871705293655396,68408
49.8725528717041,68408
49.87340831756592,68408
49.874266624450684,68408
49.87511968612671,68408
49.87676286697388,68408
49.877614974975586,68408
49.8784601688385,68408
49.879310607910156,68408
49.880165100097656,68408
49.88101935386658,68408
49.88265943527222,68408
49.88351035118103,68408
49.88437032699585,68408
49.885223627090454,68408
49.88607954978943,68408
49.8877227306366,68408
49.888575315475464,68408
49.88941788673401,68408
49.89027404785156,68408
49.89112710952759,68408
49.892770528793335,68408
49.89363169670105,68408
49.89447498321533,68408
49.89533233642578,68408
49.89618515968323,68408
49.897040128707886,68408
49.898686170578,68408
49.899526834487915,68408
49.90038204193115,68408
49.9012348651886,68408
49.902087688446045,68408
49.903735876083374,68408
49.90458583831787,68408
49.905433654785156,68408
49.90628266334534,68408
49.90713572502136,68408
49.90878176689148,68408
49.90963673591614,68408
49.9104859828949,68408
49.91133761405945,68408
49.91218900680542,68408
49.91303992271423,68408
49.91468834877014,68408
49.91553592681885,68408
49.91638422012329,68408
49.91723704338074,68408
49.91808748245239,68408
49.91972613334656,68408
49.920581340789795,68408
49.92142724990845,68408
49.92227911949158,68408
49.92312693595886,68408
49.92477512359619,68408
49.92562675476074,68408
49.926469802856445,68408
49.927324056625366,68408
49.92817401885986,68408
49.92902374267578,68408
49.930665254592896,68408
49.93150997161865,68408
49.93236207962036,68408
49.93321466445923,68408
49.934077739715576,68408
49.9357213973999,68408
49.93657469749451,68408
49.93742299079895,68408
49.938273191452026,68408
49.939125299453735,68408
49.94076871871948,68408
49.9416229724884,68408
49.94247055053711,68408
49.94332528114319,68408
49.944191455841064,68408
49.945043325424194,68408
49.94668388366699,68408
49.94753336906433,68408
49.94838356971741,68408
49.949236154556274,68408
49.95008969306946,68408
49.95172333717346,68408
49.95257520675659,68408
49.95342397689819,68408
49.95428824424744,68408
49.955140590667725,68408
49.956786155700684,68408
49.95764374732971,68408
49.958489179611206,68408
49.95934009552002,68408
49.960193395614624,68408
49.96104693412781,68408
49.96269106864929,68408
49.96353840827942,68408
49.96440076828003,68408
49.965253829956055,68408
49.96610975265503,68408
49.967756032943726,68408
49.96861171722412,68408
49.969459772109985,68408
49.970309257507324,68408
49.97116279602051,68408
49.97201585769653,68408
49.97366452217102,68408
49.974509716033936,68408
49.975356101989746,68408
49.97621297836304,68408
49.97706580162048,68408
49.978708028793335,68408
49.97955369949341,68408
49.980403661727905,68408
49.98126029968262,68408
49.98211097717285,68408
49.98376250267029,68408
49.98462128639221,68408
49.98547077178955,68408
49.986324310302734,68408
49.98717379570007,68408
49.988027811050415,68408
49.98966979980469,68408
49.99051547050476,68408
49.99136829376221,68408
49.992220878601074,68408
49.99307942390442,68408
49.994731187820435,68408
49.9955780506134,68408
49.99642872810364,68408
49.99728178977966,68408
49.99813508987427,68408
49.999775409698486,68408
50.0006308555603,68408
50.001479625701904,68408
50.002331256866455,68408
50.0031840801239,68408
50.00405192375183,68408
50.005698919296265,68408
50.00654458999634,68408
50.00739336013794,68408
50.00824546813965,68408
50.009100675582886,68408
50.01074481010437,68408
50.01160264015198,68408
50.012449502944946,68408
50.013307332992554,68408
50.01417136192322,68408
50.01502752304077,68408
50.01667070388794,68408
50.01751661300659,68408
50.018370389938354,68408
50.01922345161438,68408
50.02007484436035,68408
50.021718978881836,68408
50.022571086883545,68408
50.02342104911804,68408
50.02428483963013,68408
50.02513861656189,68408
50.02678179740906,68408
50.02763628959656,68408
50.028483629226685,68408
50.02933192253113,68408
50.030186891555786,68408
50.03104209899902,68408
50.032686710357666,68408
50.03353428840637,68408
50.034395694732666,68408
50.03525114059448,68408
50.036107301712036,68408
50.03774881362915,68408
50.03860664367676,68408
50.03945565223694,68408
50.04031014442444,68408
50.04116344451904,68408
50.042014598846436,68408
50.0436635017395,68408
50.044506311416626,68408
50.04535937309265,68408
50.0462121963501,68408
50.04706645011902,68408
50.048710107803345,68408
50.04955697059631,68408
50.05041289329529,68408
50.051273822784424,68408
50.0521297454834,68408
50.05378317832947,68408
50.0546395778656,68408
50.055490016937256,68408
50.05634069442749,68408
50.05719614028931,68408
50.0580518245697,68408
50.05969452857971,68408
50.06053972244263,68408
50.06139039993286,68408
50.062246799468994,68408
50.06309771537781,68408
50.06475281715393,68408
50.06560564041138,68408
50.06645059585571,68408
50.06730341911316,68408
50.06815791130066,68408
50.069013595581055,68408
50.07065939903259,68408
50.07150840759277,68408
50.07235932350159,68408
50.073211431503296,68408
50.07407307624817,68408
50.07572364807129,68408
50.076573848724365,68408
50.07742500305176,68408
50.07827615737915,68408
50.07913088798523,68408
50.08077526092529,68408
50.081631898880005,68408
50.08248448371887,68408
50.08333492279053,68408
50.08419609069824,68408
50.08504796028137,68408
50.08669304847717,68408
50.08754086494446,68408
50.08839297294617,68408
50.08924889564514,68408
50.090102672576904,68408
50.09174084663391,68408
50.092591524124146,68408
50.09343862533569,68408
50.09430289268494,68408
50.09515738487244,68408
50.096017837524414,68408
50.09765982627869,68408
50.09850597381592,68408
50.099361181259155,68408
50.10021638870239,68408
50.10106945037842,68408
50.102712869644165,68408
50.10356903076172,68408
50.10442399978638,68408
50.10527682304382,68408
50.10612940788269,68408
50.10776996612549,68408
50.10862469673157,68408
50.10947299003601,68408
50.11032462120056,68408
50.11117768287659,68408
50.11202812194824,68408
50.11368131637573,68408
50.11452841758728,68408
50.11538124084473,68408
50.116236209869385,68408
50.11708450317383,68408
50.11872720718384,68408
50.11958169937134,68408
50.12042737007141,68408
50.12128186225891,68408
50.1221342086792,68408
50.12379026412964,68408
50.124645709991455,68408
50.125492095947266,68408
50.12634611129761,68408
50.12720036506653,68408
50.1280562877655,68408
50.12969660758972,68408
50.13054037094116,68408
50.131394147872925,68408
50.13224816322327,68408
50.13310217857361,68408
50.13475584983826,68408
50.13560676574707,68408
50.13645601272583,68408
50.13730549812317,68408
50.138161420822144,68408
50.1390163898468,68408
50.140663623809814,68408
50.141512632369995,68408
50.14236617088318,68408
50.14322304725647,68408
50.14408755302429,68408
50.1457314491272,68408
50.14658451080322,68408
50.14743137359619,68408
50.14828681945801,68408
50.14913749694824,68408
50.15077447891235,68408
50.15163993835449,68408
50.15249252319336,68408
50.15334439277649,68408
50.15420961380005,68408
50.15506315231323,68408
50.156708002090454,68408
50.15755581855774,68408
50.158408403396606,68408
50.15925860404968,68408
50.16011023521423,68408
50.16175174713135,68408
50.16260647773743,68408
50.16345238685608,68408
50.164310932159424,68408
50.16516470909119,68408
50.166019916534424,68408
50.16766428947449,68408
50.16851019859314,68408
50.16936111450195,68408
50.170220136642456,68408
50.1710741519928,68408
50.17271661758423,68408
50.17357587814331,68408
50.17442488670349,68408
50.17528057098389,68408
50.17613482475281,68408
50.17777442932129,68408
50.17863059043884,68408
50.179479122161865,68408
50.180333375930786,68408
50.1811842918396,68408
50.18203520774841,68408
50.183690309524536,68408
50.18453526496887,68408
50.18538808822632,68408
50.18624019622803,68408
50.187092304229736,68408
50.18873429298401,68408
50.18958783149719,68408
50.19043684005737,68408
50.19129228591919,68408
50.19214463233948,68408
50.193795919418335,68408
50.19464826583862,68408
50.19549536705017,68408
50.19634389877319,68408
50.19719910621643,68408
50.1980516910553,68408
50.19969320297241,68408
50.20053958892822,68408
50.201393842697144,68408
50.2022488117218,68408
50.20310115814209,68408
50.204756021499634,68408
50.20561242103577,68408
50.206458568573,68408
50.20730972290039,68408
50.208163261413574,68408
50.209014892578125,68408
50.210654973983765,68408
50.211498498916626,68408
50.2123498916626,68408
50.2131986618042,68408
50.21406292915344,68408
50.21570324897766,68408
50.216548919677734,68408
50.2174026966095,68408
50.21825838088989,68408
50.21911287307739,68408
50.220755100250244,68408
50.221609115600586,68408
50.22245740890503,68408
50.223307609558105,68408
50.22417426109314,68408
50.22502827644348,68408
50.22667193412781,68408
50.227519273757935,68408
50.22837018966675,68408
50.22922873497009,68408
50.2300808429718,68408
50.23172307014465,68408
50.23257637023926,68408
50.23342776298523,68408
50.23429226875305,68408
50.23514437675476,68408
50.23678183555603,68408
50.23763966560364,68408
50.23848485946655,68408
50.239338874816895,68408
50.240193128585815,68408
50.24104714393616,68408
50.24268841743469,68408
50.243536949157715,68408
50.244396686553955,68408
50.24525308609009,68408
50.24610495567322,68408
50.24774789810181,68408
50.24860191345215,68408
50.24945402145386,68408
50.250301122665405,68408
50.251152753829956,68408
50.25200653076172,68408
50.25365972518921,68408
50.254509925842285,68408
50.2553596496582,68408
50.25621700286865,68408
50.25707149505615,68408
50.258710861206055,68408
50.25956344604492,68408
50.26041030883789,68408
50.2612681388855,68408
50.26212024688721,68408
50.26376748085022,68408
50.26462244987488,68408
50.26546621322632,68408
50.26631832122803,68408
50.26717257499695,68408
50.2680242061615,68408
50.26966643333435,68408
50.27051115036011,68408
50.271366357803345,68408
50.27222228050232,68408
50.27308011054993,68408
50.274733781814575,68408
50.275583028793335,68408
50.276429653167725,68408
50.27728056907654,68408
50.27813673019409,68408
50.27978277206421,68408
50.28063678741455,68408
50.28148341178894,68408
50.28233194351196,68408
50.283183336257935,68408
50.28404641151428,68408
50.285693883895874,68408
50.286539793014526,68408
50.28739047050476,68408
50.28824806213379,68408
50.28909873962402,68408
50.290740728378296,68408
50.291592836380005,68408
50.2924382686615,68408
50.29328966140747,68408
50.2941517829895,68408
50.29500770568848,68408
50.296650648117065,68408
50.29749536514282,68408
50.29835057258606,68408
50.29920220375061,68408
50.30005717277527,68408
50.30170512199402,68408
50.30255126953125,68408
50.30340576171875,68408
50.30426859855652,68408
50.30512189865112,68408
50.30676603317261,68408
50.30761766433716,68408
50.3084671497345,68408
50.30931901931763,68408
50.31017088890076,68408
50.31102657318115,68408
50.31267762184143,68408
50.31352090835571,68408
50.31438374519348,68408
50.315240144729614,68408
50.31609606742859,68408
50.31774044036865,68408
50.318591356277466,68408
50.319435358047485,68408
50.3202862739563,68408
50.32113838195801,68408
50.322781562805176,68408
50.32364511489868,68408
50.32449197769165,68408
50.325345516204834,68408
50.3261981010437,68408
50.327051639556885,68408
50.32869362831116,68408
50.32954001426697,68408
50.33039617538452,68408
50.33124494552612,68408
50.3321008682251,68408
50.33375597000122,68408
50.334606885910034,68408
50.33545660972595,68408
50.336307764053345,68408
50.33716177940369,68408
50.338013887405396,68408
50.33965301513672,68408
50.34050107002258,68408
50.34134769439697,68408
50.34220504760742,68408
50.34305739402771,68408
50.344706535339355,68408
50.3455548286438,68408
50.34640574455261,68408
50.34725999832153,68408
50.34811353683472,68408
50.34975481033325,68408
50.350608110427856,68408
50.351455211639404,68408
50.35231161117554,68408
50.353161096572876,68408
50.35402464866638,68408
50.3556694984436,68408
50.356515884399414,68408
50.35736918449402,68408
50.35821986198425,68408
50.35907316207886,68408
50.36071753501892,68408
50.36157011985779,68408
50.362417459487915,68408
50.36326575279236,68408
50.36412954330444,68408
50.365769386291504,68408
50.36661958694458,68408
50.36746263504028,68408
50.36831188201904,68408
50.36916446685791,68408
50.370020151138306,68408
50.371668100357056,68408
50.372512340545654,68408
50.373366355895996,68408
50.374237060546875,68408
50.3750901222229,68408
50.3767306804657,68408
50.37757849693298,68408
50.378422498703,68408
50.379276514053345,68408
50.380131244659424,68408
50.38177752494812,68408
50.382633686065674,68408
50.38348174095154,68408
50.38434362411499,68408
50.38519525527954,68408
50.386048555374146,68408
50.38770151138306,68408
50.38854765892029,68408
50.389405488967896,68408
50.39025545120239,68408
50.39110970497131,68408
50.39275550842285,68408
50.393614292144775,68408
50.39446306228638,68408
50.39531207084656,68408
50.39616560935974,68408
50.397019386291504,68408
50.39866495132446,68408
50.399516105651855,68408
50.4003701210022,68408
50.40122675895691,68408
50.40207815170288,68408
50.40373110771179,68408
50.404585123062134,68408
50.40543079376221,68408
50.406285524368286,68408
50.407137632369995,68408
50.40877985954285,68408
50.409634828567505,68408
50.410481452941895,68408
50.41133642196655,68408
50.412187337875366,68408
50.41304111480713,68408
50.41469144821167,68408
50.4155375957489,68408
50.41639232635498,68408
50.41724371910095,68408
50.41809892654419,68408
50.41973948478699,68408
50.42058992385864,68408
50.42143774032593,68408
50.4222891330719,68408
50.42314267158508,68408
50.42400622367859,68408
50.42565369606018,68408
50.42649817466736,68408
50.42735052108765,68408
50.42820596694946,68408
50.42905831336975,68408
50.4307017326355,68408
50.431551456451416,68408
50.432400703430176,68408
50.43325448036194,68408
50.43411564826965,68408
50.435755014419556,68408
50.436609983444214,68408
50.43745708465576,68408
50.438310861587524,68408
50.43916630744934,68408
50.4400200843811,68408
50.44166159629822,68408
50.44250559806824,68408
50.443358182907104,68408
50.44422101974487,68408
50.44507575035095,68408
50.44672155380249,68408
50.44757080078125,68408
50.448421001434326,68408
50.449272871017456,68408
50.450127601623535,68408
50.45176839828491,68408
50.45262145996094,68408
50.4534707069397,68408
50.45433259010315,68408
50.45518469810486,68408
50.45604228973389,68408
50.457685232162476,68408
50.45853114128113,68408
50.45938158035278,68408
50.46023750305176,68408
50.46109080314636,68408
50.46273350715637,68408
50.46359181404114,68408
50.46444082260132,68408
50.46529674530029,68408
50.466150522232056,68408
50.46778678894043,68408
50.46864032745361,68408
50.46948862075806,68408
50.47034168243408,68408
50.47119379043579,68408
50.472044467926025,68408
50.47369432449341,68408
50.47453999519348,68408
50.47539281845093,68408
50.47624635696411,68408
50.47710204124451,68408
50.47874593734741,68408
50.47959899902344,68408
50.48044753074646,68408
50.48129987716675,68408
50.482155084609985,68408
50.483009576797485,68408
50.48466110229492,68408
50.48550891876221,68408
50.48635816574097,68408
50.48721528053284,68408
50.48806643486023,68408
50.48970603942871,68408
50.4905526638031,68408
50.49140548706055,68408
50.49225926399231,68408
50.49311566352844,68408
50.494765520095825,68408
50.49561905860901,68408
50.496466875076294,68408
50.49732232093811,68408
50.49817514419556,68408
50.49902844429016,68408
50.50066828727722,68408
50.50151515007019,68408
50.50236892700195,68408
50.50322103500366,68408
50.50408697128296,68408
50.50573253631592,68408
50.50658416748047,68408
50.50743246078491,68408
50.508283615112305,68408
50.5091392993927,68408
50.510780811309814,68408
50.51163339614868,68408
50.512481451034546,68408
50.51333451271057,68408
50.51419973373413,68408
50.5150580406189,68408
50.516704082489014,68408
50.51754903793335,68408
50.51839804649353,68408
50.519251108169556,68408
50.520103216171265,68408
50.52174425125122,68408
50.52259802818298,68408
50.52344751358032,68408
50.52431297302246,68408
50.52516770362854,68408
50.52602219581604,68408
50.52766728401184,68408
50.52851104736328,68408
50.5293653011322,68408
50.53022003173828,68408
50.53107523918152,68408
50.53272080421448,68408
50.53357696533203,68408
50.534424781799316,68408
50.53527569770813,68408
50.536131381988525,68408
50.53777551651001,68408
50.538628816604614,68408
50.539477586746216,68408
50.54033350944519,68408
50.54118847846985,68408
50.54204320907593,68408
50.543701171875,68408
50.54455208778381,68408
50.545403242111206,68408
50.54626154899597,68408
50.547114849090576,68408
50.54875826835632,68408
50.54961395263672,68408
50.55045771598816,68408
50.551310300827026,68408
50.552162408828735,68408
50.553017139434814,68408
50.554673194885254,68408
50.556018352508545,68408
50.556886434555054,68408
50.557734966278076,68408
50.55858564376831,68408
50.559433460235596,68408
50.56028890609741,68408
50.56114459037781,68408
50.56278705596924,68408
50.56364965438843,68408
50.56449770927429,68408
50.565348625183105,68408
50.566200971603394,68408
50.56705856323242,68408
50.56870365142822,68408
50.56955075263977,68408
50.57040214538574,68408
50.571255683898926,68408
50.572112798690796,68408
50.57376503944397,68408
50.57461643218994,68408
50.57546329498291,68408
50.576313495635986,68408
50.57716941833496,68408
50.578020334243774,68408
50.579662799835205,68408
50.580509424209595,68408
50.581358909606934,68408
50.5822114944458,68408
50.58306550979614,68408
50.58472037315369,68408
50.585570096969604,68408
50.58641505241394,68408
50.58727025985718,68408
50.58812355995178,68408
50.589762687683105,68408
50.59061861038208,68408
50.59146595001221,68408
50.59231686592102,68408
50.59316921234131,68408
50.59403371810913,68408
50.59567880630493,68408
50.596524238586426,68408
50.597376585006714,68408
50.59822869300842,68408
50.59908390045166,68408
50.60073232650757,68408
50.601582288742065,68408
50.60242938995361,68408
50.603281021118164,68408
50.604148626327515,68408
50.60500502586365,68408
50.606653690338135,68408
50.6075005531311,68408
50.6083664894104,68408
50.60922169685364,68408
50.61007356643677,68408
50.611716985702515,68408
50.61256814002991,68408
50.61341381072998,68408
50.614278078079224,68408
50.61513018608093,68408
50.61677145957947,68408
50.617629528045654,68408
50.618475914001465,68408
50.61932849884033,68408
50.62017893791199,68408
50.621034145355225,68408
50.622679710388184,68408
50.623528242111206,68408
50.624388694763184,68408
50.625242710113525,68408
50.62609624862671,68408
50.62774467468262,68408
50.628599405288696,68408
50.629448652267456,68408
50.63029646873474,68408
50.63114595413208,68408
50.63278818130493,68408
50.63365197181702,68408
50.634504318237305,68408
50.63535523414612,68408
50.63621139526367,68408
50.637064695358276,68408
50.63871097564697,68408
50.639556646347046,68408
50.640408754348755,68408
50.64126515388489,68408
50.642117500305176,68408
50.64377164840698,68408
50.64463138580322,68408
50.64547944068909,68408
50.646334409713745,68408
50.6471848487854,68408
50.64803886413574,68408
50.649680376052856,68408
50.65052771568298,68408
50.65137982368469,68408
50.6522319316864,68408
50.65308475494385,68408
50.65473937988281,68408
50.65558981895447,68408
50.65643787384033,68408
50.657291650772095,68408
50.65814208984375,68408
50.65978956222534,68408
50.66064190864563,68408
50.6614875793457,68408
50.66233849525452,68408
50.663195848464966,68408
50.66406178474426,68408
50.66570448875427,68408
50.66654944419861,68408
50.667399406433105,68408
50.66825294494629,68408
50.66910696029663,68408
50.670751094818115,68408
50.67160677909851,68408
50.67245078086853,68408
50.673304319381714,68408
50.674169063568115,68408
50.67502164840698,68408
50.676663637161255,68408
50.677510499954224,68408
50.67836332321167,68408
50.67921829223633,68408
50.68006896972656,68408
50.68170976638794,68408
50.68255686759949,68408
50.68341088294983,68408
50.68427491188049,68408
50.68512749671936,68408
50.68676805496216,68408
50.68761897087097,68408
50.68846392631531,68408
50.689313888549805,68408
50.69016623497009,68408
50.69101905822754,68408
50.69266128540039,68408
50.69350814819336,68408
50.694369077682495,68408
50.695225954055786,68408
50.69607973098755,68408
50.697723150253296,68408
50.69857573509216,68408
50.69942498207092,68408
50.70027995109558,68408
50.701131105422974,68408
50.70276975631714,68408
50.70363521575928,68408
50.70448040962219,68408
50.70533347129822,68408
50.70618724822998,68408
50.7070426940918,68408
50.708685874938965,68408
50.70953011512756,68408
50.71038198471069,68408
50.71123290061951,68408
50.71208572387695,68408
50.713735818862915,68408
50.71458840370178,68408
50.715436697006226,68408
50.716288805007935,68408
50.71714544296265,68408
50.71878910064697,68408
50.71963977813721,68408
50.72048830986023,68408
50.72133755683899,68408
50.72219467163086,68408
50.723053216934204,68408
50.72470998764038,68408
50.72556519508362,68408
50.726407527923584,68408
50.727261781692505,68408
50.72811722755432,68408
50.72975969314575,68408
50.730612993240356,68408
50.731462478637695,68408
50.73231506347656,68408
50.73316740989685,68408
50.734029054641724,68408
50.73567605018616,68408
50.736522912979126,68408
50.73737621307373,68408
50.738234519958496,68408
50.73908710479736,68408
50.74072980880737,68408
50.74158000946045,68408
50.74243187904358,68408
50.74328589439392,68408
50.74415326118469,68408
50.745007276535034,68408
50.746652603149414,68408
50.747501373291016,68408
50.74835562705994,68408
50.74921274185181,68408
50.75006151199341,68408
50.751702308654785,68408
50.75254774093628,68408
50.753398418426514,68408
50.75426697731018,68408
50.75512099266052,68408
50.7567617893219,68408
50.75761675834656,68408
50.75846242904663,68408
50.759313344955444,68408
50.76016354560852,68408
50.76101613044739,68408
50.76265621185303,68408
50.76350450515747,68408
50.76437067985535,68408
50.765223026275635,68408
50.76607871055603,68408
50.76772093772888,68408
50.76857233047485,68408
50.76942682266235,68408
50.770280599594116,68408
50.77113485336304,68408
50.77277970314026,68408
50.77364206314087,68408
50.77449011802673,68408
50.775338888168335,68408
50.77619123458862,68408
50.77704334259033,68408
50.778682708740234,68408
50.77952814102173,68408
50.78037905693054,68408
50.78123092651367,68408
50.78208589553833,68408
50.783740520477295,68408
50.78459405899048,68408
50.78544020652771,68408
50.78629207611084,68408
50.7871413230896,68408
50.788782835006714,68408
50.789636850357056,68408
50.79048299789429,68408
50.791335344314575,68408
50.792189836502075,68408
50.79304575920105,68408
50.794699907302856,68408
50.79554629325867,68408
50.79639911651611,68408
50.797250509262085,68408
50.79810118675232,68408
50.79974412918091,68408
50.80060052871704,68408
50.80145025253296,68408
50.80230116844177,68408
50.8031542301178,68408
50.80401849746704,68408
50.805667877197266,68408
50.80651307106018,68408
50.80736517906189,68408
50.80821871757507,68408
50.80906891822815,68408
50.81070828437805,68408
50.811562299728394,68408
50.81240963935852,68408
50.813265562057495,68408
50.81412744522095,68408
50.81576895713806,68408
50.81662368774414,68408
50.81747221946716,68408
50.81832718849182,68408
50.81918263435364,68408
50.82003951072693,68408
50.8216814994812,68408
50.82252836227417,68408
50.823384284973145,68408
50.824249029159546,68408
50.825101137161255,68408
50.82674551010132,68408
50.827600717544556,68408
50.828452348709106,68408
50.82930517196655,68408
50.830162525177,68408
50.83101487159729,68408
50.83265447616577,68408
50.83350157737732,68408
50.834365129470825,68408
50.83522391319275,68408
50.836076498031616,68408
50.83771729469299,68408
50.83856916427612,68408
50.839414834976196,68408
50.84027099609375,68408
50.841121435165405,68408
50.84276008605957,68408
50.843626976013184,68408
50.844473361968994,68408
50.8453266620636,68408
50.846182346343994,68408
50.84703707695007,68408
50.84868288040161,68408
50.849528074264526,68408
50.85038089752197,68408
50.85123109817505,68408
50.85208606719971,68408
50.85373830795288,68408
50.85459303855896,68408
50.85543894767761,68408
50.85628867149353,68408
50.85714054107666,68408
50.85878539085388,68408
50.8596396446228,68408
50.860485315322876,68408
50.86133527755737,68408
50.86218762397766,68408
50.86304306983948,68408
50.864699602127075,68408
50.86554765701294,68408
50.866400957107544,68408
50.86725878715515,68408
50.868109703063965,68408
50.869750022888184,68408
50.870606422424316,68408
50.87145209312439,68408
50.8723030090332,68408
50.873156785964966,68408
50.87401866912842,68408
50.87566304206848,68408
50.87651062011719,68408
50.87736463546753,68408
50.87821412086487,68408
50.87906837463379,68408
50.88071393966675,68408
50.88156533241272,68408
50.88241147994995,68408
50.8832631111145,68408
50.88413381576538,68408
50.8857798576355,68408
50.88663458824158,68408
50.88748526573181,68408
50.88833832740784,68408
50.889190673828125,68408
50.89004349708557,68408
50.89169716835022,68408
50.89254188537598,68408
50.89339327812195,68408
50.89425849914551,68408
50.895113945007324,68408
50.896750926971436,68408
50.897608041763306,68408
50.898454904556274,68408
50.89930868148804,68408
50.90016436576843,68408
50.901017904281616,68408
50.90265703201294,68408
50.903502225875854,68408
50.90436601638794,68408
50.90522050857544,68408
50.90607166290283,68408
50.90771532058716,68408
50.90856456756592,68408
50.909411907196045,68408
50.91026282310486,68408
50.91111874580383,68408
50.912761926651,68408
50.91362285614014,68408
50.914472579956055,68408
50.91532588005066,68408
50.91618061065674,68408
50.917035818099976,68408
50.91868185997009,68408
50.91952991485596,68408
50.920382261276245,68408
50.9212384223938,68408
50.92209243774414,68408
50.923747062683105,68408
50.92460370063782,68408
50.92544913291931,68408
50.92630219459534,68408
50.927154302597046,68408
50.928792238235474,68408
50.92964720726013,68408
50.93049502372742,68408
50.931350231170654,68408
50.932202100753784,68408
50.93305540084839,68408
50.93471169471741,68408
50.93556332588196,68408
50.936410427093506,68408
50.937259912490845,68408
50.93811225891113,68408
50.93975305557251,68408
50.940603494644165,68408
50.94145464897156,68408
50.94230532646179,68408
50.94316506385803,68408
50.94402837753296,68408
50.94567131996155,68408
50.94651746749878,68408
50.94736838340759,68408
50.948222160339355,68408
50.94907355308533,68408
50.950711727142334,68408
50.951565980911255,68408
50.95240902900696,68408
50.95325994491577,68408
50.95412492752075,68408
50.955771684646606,68408
50.95662474632263,68408
50.95746970176697,68408
50.95832848548889,68408
50.95918297767639,68408
50.960033655166626,68408
50.961676836013794,68408
50.96252179145813,68408
50.963374376297,68408
50.96423935890198,68408
50.965094804763794,68408
50.96674036979675,68408
50.9675931930542,68408
50.96844244003296,68408
50.96929311752319,68408
50.970147132873535,68408
50.97180128097534,68408
50.972651720047,68408
50.97350025177002,68408
50.97436285018921,68408
50.97521471977234,68408
50.97607064247131,68408
50.97771453857422,68408
50.97856640815735,68408
50.97941303253174,68408
50.98026466369629,68408
50.98111343383789,68408
50.98275351524353,68408
50.98362112045288,68408
50.98446559906006,68408
50.98533034324646,68408
50.98618507385254,68408
50.98703742027283,68408
50.98867964744568,68408
50.98952627182007,68408
50.990376234054565,68408
50.991228103637695,68408
50.992082595825195,68408
50.99374222755432,68408
50.99459362030029,68408
50.995444536209106,68408
50.99629473686218,68408
50.99715971946716,68408
50.99801301956177,68408
50.99965858459473,68408
51.000505685806274,68408
51.001357316970825,68408
51.00221300125122,68408
51.00306463241577,68408
51.00471901893616,68408
51.005573987960815,68408
51.00641703605652,68408
51.00727295875549,68408
51.0081250667572,68408
51.00976371765137,68408
51.01062059402466,68408
51.01146697998047,68408
51.01231837272644,68408
51.0131721496582,68408
51.0140380859375,68408
51.01567840576172,68408
51.01652455329895,68408
51.01737713813782,68408
51.018229484558105,68408
51.01908349990845,68408
51.02072358131409,68408
51.0215847492218,68408
51.02243614196777,68408
51.023287296295166,68408
51.02415227890015,68408
51.02500772476196,68408
51.026652812957764,68408
51.02750015258789,68408
51.02835178375244,68408
51.029210805892944,68408
51.030065298080444,68408
51.03170680999756,68408
51.0325562953949,68408
51.033409118652344,68408
51.03428912162781,68408
51.035144329071045,68408
51.036786794662476,68408
51.037641286849976,68408
51.03848934173584,68408
51.03934454917908,68408
51.04019832611084,68408
51.04105257987976,68408
51.04269790649414,68408
51.04354381561279,68408
51.04440760612488,68408
51.045259952545166,68408
51.046114444732666,68408
51.04775333404541,68408
51.04860496520996,68408
51.049450397491455,68408
51.050302267074585,68408
51.051153898239136,68408
51.05200552940369,68408
51.05366039276123,68408
51.05450987815857,68408
51.05536389350891,68408
51.056220293045044,68408
51.05707287788391,68408
51.05871844291687,68408
51.05957579612732,68408
51.060420989990234,68408
51.06127691268921,68408
51.06213164329529,68408
51.06378173828125,68408
51.064642906188965,68408
51.06549143791199,68408
51.066341161727905,68408
51.06719374656677,68408
51.0680456161499,68408
51.069689989089966,68408
51.070537090301514,68408
51.07139301300049,68408
51.072245597839355,68408
51.07309818267822,68408
51.07475185394287,68408
51.075603723526,68408
51.07644987106323,68408
51.077303409576416,68408
51.078157901763916,68408
51.07901453971863,68408
51.08065867424011,68408
51.08150911331177,68408
51.08236122131348,68408
51.08321571350098,68408
51.08407950401306,68408
51.08572578430176,68408
51.086575746536255,68408
51.087422132492065,68408
51.08827781677246,68408
51.089131116867065,68408
51.09076905250549,68408
51.09162425994873,68408
51.092469692230225,68408
51.093326807022095,68408
51.094188928604126,68408
51.09503936767578,68408
51.096678018569946,68408
51.09752368927002,68408
51.09837865829468,68408
51.09923076629639,68408
51.10008382797241,68408
51.101728200912476,68408
51.102577447891235,68408
51.10342574119568,68408
51.10428476333618,68408
51.10513949394226,68408
51.10678005218506,68408
51.107632637023926,68408
51.10848069190979,68408
51.10933208465576,68408
51.110185623168945,68408
51.11103963851929,68408
51.11268591880798,68408
51.11353421211243,68408
51.11439657211304,68408
51.1152548789978,68408
51.116108894348145,68408
51.11775279045105,68408
51.11860990524292,68408
51.11945581436157,68408
51.1203088760376,68408
51.121161460876465,68408
51.122015953063965,68408
51.12366962432861,68408
51.12451243400574,68408
51.125365257263184,68408
51.126219749450684,68408
51.127073764801025,68408
51.12871479988098,68408
51.12956357002258,68408
51.13041424751282,68408
51.13126611709595,68408
51.132121324539185,68408
51.133772134780884,68408
51.13462948799133,68408
51.13547921180725,68408
51.13633418083191,68408
51.1371910572052,68408
51.1380455493927,68408
51.13969445228577,68408
51.14054346084595,68408
51.14139437675476,68408
51.142252683639526,68408
51.14310431480408,68408
51.14475393295288,68408
51.14560842514038,68408
51.14645504951477,68408
51.14730954170227,68408
51.148165702819824,68408
51.14901661872864,68408
51.15065813064575,68408
51.15150213241577,68408
51.152358055114746,68408
51.153212785720825,68408
51.15407729148865,68408
51.15572190284729,68408
51.15657329559326,68408
51.15742230415344,68408
51.1582727432251,68408
51.15912842750549,68408
51.16076970100403,68408
51.16162061691284,68408
51.16246724128723,68408
51.16331911087036,68408
51.164183616638184,68408
51.16503643989563,68408
51.166683197021484,68408
51.16752791404724,68408
51.16837954521179,68408
51.169235944747925,68408
51.170087575912476,68408
51.1717267036438,68408
51.17257761955261,68408
51.17342019081116,68408
51.17428398132324,68408
51.175137996673584,68408
51.17678117752075,68408
51.1776397228241,68408
51.17848443984985,68408
51.17933964729309,68408
51.18019223213196,68408
51.181047439575195,68408
51.18269419670105,68408
51.18354058265686,68408
51.18440628051758,68408
51.18526101112366,68408
51.186115026474,68408
51.18775725364685,68408
51.188615560531616,68408
51.18946647644043,68408
51.1903178691864,68408
51.19117093086243,68408
51.19202518463135,68408
51.19367837905884,68408
51.19452714920044,68408
51.19537830352783,68408
51.196232318878174,68408
51.19708442687988,68408
51.19872713088989,68408
51.199578285217285,68408
51.200424909591675,68408
51.20128035545349,68408
51.20213341712952,68408
51.20378398895264,68408
51.204641342163086,68408
51.20548748970032,68408
51.206340074539185,68408
51.207194089889526,68408
51.208051443099976,68408
51.20970106124878,68408
51.21054744720459,68408
51.21139907836914,68408
51.212252616882324,68408
51.21310520172119,68408
51.21475958824158,68408
51.21561002731323,68408
51.216458797454834,68408
51.21730828285217,68408
51.21816110610962,68408
51.21901535987854,68408
51.220653772354126,68408
51.22150373458862,68408
51.22235655784607,68408
51.223215103149414,68408
51.224079847335815,68408
51.225719690322876,68408
51.22657370567322,68408
51.22742700576782,68408
51.228281021118164,68408
51.22913312911987,68408
51.23077988624573,68408
51.23163938522339,68408
51.23248481750488,68408
51.23334240913391,68408
51.23420739173889,68408
51.235065937042236,68408
51.236711263656616,68408
51.237563610076904,68408
51.238415002822876,68408
51.23926639556885,68408
51.24012017250061,68408
51.24176526069641,68408
51.24261999130249,68408
51.24346852302551,68408
51.2443311214447,68408
51.245190382003784,68408
51.24604272842407,68408
51.2476863861084,68408
51.24853444099426,68408
51.24938607215881,68408
51.250240087509155,68408
51.251091718673706,68408
51.25273561477661,68408
51.253599405288696,68408
51.25444793701172,68408
51.25530028343201,68408
51.25615453720093,68408
51.257009506225586,68408
51.258652210235596,68408
51.259498596191406,68408
51.26035237312317,68408
51.26120662689209,68408
51.26206064224243,68408
51.26371383666992,68408
51.26456928253174,68408
51.265419244766235,68408
51.26627516746521,68408
51.26712918281555,68408
51.26877045631409,68408
51.26962208747864,68408
51.270469427108765,68408
51.271321058273315,68408
51.27217507362366,68408
51.27303075790405,68408
51.27468943595886,68408
51.27553582191467,68408
51.276386737823486,68408
51.277241230010986,68408
51.27809262275696,68408
51.27973675727844,68408
51.28059649467468,68408
51.281444787979126,68408
51.28229641914368,68408
51.28314828872681,68408
51.284011125564575,68408
51.28565502166748,68408
51.286502838134766,68408
51.28735613822937,68408
51.288208961486816,68408
51.28906559944153,68408
51.29071092605591,68408
51.2915575504303,68408
51.29241180419922,68408
51.29326581954956,68408
51.29413104057312,68408
51.295777320861816,68408
51.29663300514221,68408
51.29747915267944,68408
51.29833388328552,68408
51.29918646812439,68408
51.30004143714905,68408
51.30168700218201,68408
51.302534341812134,68408
51.303388595581055,68408
51.30425453186035,68408
51.30510973930359,68408
51.30675387382507,68408
51.307610511779785,68408
51.30845618247986,68408
51.30931115150452,68408
51.3101646900177,68408
51.31102132797241,68408
51.31266474723816,68408
51.31351280212402,68408
51.31437683105469,68408
51.31523156166077,68408
51.31608605384827,68408
51.31772780418396,68408
51.31858158111572,68408
51.3194317817688,68408
51.32028388977051,68408
51.321139097213745,68408
51.32278299331665,68408
51.32364368438721,68408
51.32449507713318,68408
51.3253493309021,68408
51.32619762420654,68408
51.32705354690552,68408
51.32869911193848,68408
51.32954430580139,68408
51.33039426803589,68408
51.331252098083496,68408
51.33210730552673,68408
51.33376145362854,68408
51.3346164226532,68408
51.335458755493164,68408
51.33630990982056,68408
51.3371639251709,68408
51.3380172252655,68408
51.339662075042725,68408
51.34050416946411,68408
51.34136080741882,68408
51.34221529960632,68408
51.343069076538086,68408
51.34472370147705,68408
51.3455765247345,68408
51.34642815589905,68408
51.347280740737915,68408
51.34813642501831,68408
51.349780797958374,68408
51.35063362121582,68408
51.35148096084595,68408
51.35233163833618,68408
51.35318446159363,68408
51.35404896736145,68408
51.355693101882935,68408
51.35654401779175,68408
51.35739278793335,68408
51.35824799537659,68408
51.35909914970398,68408
51.36074495315552,68408
51.36159896850586,68408
51.36244225502014,68408
51.36329650878906,68408
51.364158630371094,68408
51.36501479148865,68408
51.366652488708496,68408
51.36749505996704,68408
51.36834788322449,68408
51.369199991226196,68408
51.37005424499512,68408
51.37169575691223,68408
51.372541189193726,68408
51.373395681381226,68408
51.37425780296326,68408
51.37511420249939,68408
51.37675404548645,68408
51.377604484558105,68408
51.378453969955444,68408
51.379305601119995,68408
51.380160331726074,68408
51.38101363182068,68408
51.38265776634216,68408
51.38350534439087,68408
51.38436675071716,68408
51.385226249694824,68408
51.38608145713806,68408
51.38772511482239,68408
51.38858103752136,68408
51.38942909240723,68408
51.39028310775757,68408
51.39113521575928,68408
51.392775535583496,68408
51.39364242553711,68408
51.394490242004395,68408
51.395347356796265,68408
51.396199464797974,68408
51.397055864334106,68408
51.39870071411133,68408
51.3995463848114,68408
51.400402545928955,68408
51.401257038116455,68408
51.40211534500122,68408
51.403767824172974,68408
51.404624462127686,68408
51.405473470687866,68408
51.40632700920105,68408
51.407180070877075,68408
51.40803289413452,68408
51.4096782207489,68408
51.410524129867554,68408
51.411378622055054,68408
51.41223359107971,68408
51.413089752197266,68408
51.41474652290344,68408
51.415600061416626,68408
51.416446685791016,68408
51.4173002243042,68408
51.418152809143066,68408
51.41900587081909,68408
51.42065215110779,68408
51.42149591445923,68408
51.42234945297241,68408
51.423202991485596,68408
51.42406702041626,68408
51.42570781707764,68408
51.42655682563782,68408
51.42741084098816,68408
51.42826223373413,68408
51.42911434173584,68408
51.43075966835022,68408
51.431615591049194,68408
51.4324631690979,68408
51.43331575393677,68408
51.43418335914612,68408
51.4350368976593,68408
51.43668460845947,68408
51.43753433227539,68408
51.43838810920715,68408
51.43924570083618,68408
51.440099000930786,68408
51.441739559173584,68408
51.44259071350098,68408
51.44343972206116,68408
51.44430327415466,68408
51.44515657424927,68408
51.446014642715454,68408
51.44765830039978,68408
51.448503732681274,68408
51.44935607910156,68408
51.45020794868469,68408
51.451064586639404,68408
51.45270872116089,68408
51.45355582237244,68408
51.454418897628784,68408
51.45527243614197,68408
51.45613145828247,68408
51.45777344703674,68408
51.45862436294556,68408
51.45947337150574,68408
51.460328578948975,68408
51.46118211746216,68408
51.46203374862671,68408
51.46368598937988,68408
51.46453237533569,68408
51.46538209915161,68408
51.46623468399048,68408
51.4670889377594,68408
51.46873068809509,68408
51.469587087631226,68408
51.47043490409851,68408
51.471287965774536,68408
51.472142457962036,68408
51.47379016876221,68408
51.47464728355408,68408
51.47549343109131,68408
51.476348876953125,68408
51.477203130722046,68408
51.478060722351074,68408
51.47970366477966,68408
51.480552434921265,68408
51.481406927108765,68408
51.482261180877686,68408
51.483115673065186,68408
51.484774589538574,68408
51.485626220703125,68408
51.48647451400757,68408
51.487329959869385,68408
51.48818349838257,68408
51.48903703689575,68408
51.49068307876587,68408
51.49153137207031,68408
51.492384910583496,68408
51.493242025375366,68408
51.49410557746887,68408
51.49575114250183,68408
51.496607065200806,68408
51.49745559692383,68408
51.498308420181274,68408
51.49916315078735,68408
51.50001645088196,68408
51.50166296958923,68408
51.502509355545044,68408
51.50336527824402,68408
51.504231691360474,68408
51.50508451461792,68408
51.50672936439514,68408
51.50758075714111,68408
51.50843000411987,68408
51.509281635284424,68408
51.51013803482056,68408
51.51177954673767,68408
51.51263070106506,68408
51.51347804069519,68408
51.51433825492859,68408
51.5151948928833,68408
51.51604986190796,68408
51.517699003219604,68408
51.51854610443115,68408
51.519399642944336,68408
51.520254373550415,68408
51.52110934257507,68408
51.522751569747925,68408
51.52361488342285,68408
51.52446150779724,68408
51.52531695365906,68408
51.52617168426514,68408
51.5270254611969,68408
51.52867150306702,68408
51.52951669692993,68408
51.530370473861694,68408
51.53122520446777,68408
51.53207850456238,68408
51.53373408317566,68408
51.53458261489868,68408
51.53543210029602,68408
51.53628206253052,68408
51.5371367931366,68408
51.53878450393677,68408
51.53963851928711,68408
51.5404896736145,68408
51.541343450546265,68408
51.54219698905945,68408
51.54305171966553,68408
51.544705629348755,68408
51.54555296897888,68408
51.54640507698059,68408
51.54725980758667,68408
51.54811358451843,68408
51.54975247383118,68408
51.55060911178589,68408
51.55145573616028,68408
51.552306175231934,68408
51.55315923690796,68408
51.55402374267578,68408
51.55566763877869,68408
51.55651307106018,68408
51.55736780166626,68408
51.558220624923706,68408
51.559075117111206,68408
51.56071758270264,68408
51.561569929122925,68408
51.56242060661316,68408
51.563279151916504,68408
51.56414437294006,68408
51.565788984298706,68408
51.56664323806763,68408
51.56749367713928,68408
51.568347454071045,68408
51.569201707839966,68408
51.570056676864624,68408
51.57169842720032,68408
51.57254409790039,68408
51.57339525222778,68408
51.574260234832764,68408
51.575117111206055,68408
51.57676339149475,68408
51.5776207447052,68408
51.57846546173096,68408
51.57931709289551,68408
51.58017301559448,68408
51.5810272693634,68408
51.58266758918762,68408
51.58351111412048,68408
51.5843780040741,68408
51.58522915840149,68408
51.58608317375183,68408
51.58772587776184,68408
51.5885751247406,68408
51.589423179626465,68408
51.59027695655823,68408
51.59113097190857,68408
51.592774391174316,68408
51.593637466430664,68408
51.59448790550232,68408
51.595338344573975,68408
51.596195936203,68408
51.597052335739136,68408
51.59869837760925,68408
51.599547147750854,68408
51.60039448738098,68408
51.60125017166138,68408
51.60210418701172,68408
51.60375189781189,68408
51.60461354255676,68408
51.605464220047,68408
51.60631608963013,68408
51.607168674468994,68408
51.60803556442261,68408
51.60967946052551,68408
51.610525608062744,68408
51.61137890815735,68408
51.61223340034485,68408
51.613083839416504,68408
51.614741563797,68408
51.615599155426025,68408
51.6164493560791,68408
51.6172981262207,68408
51.618149280548096,68408
51.61979126930237,68408
51.6206374168396,68408
51.62148332595825,68408
51.62233519554138,68408
51.62318968772888,68408
51.62405514717102,68408
51.625699520111084,68408
51.62654423713684,68408
51.627397298812866,68408
51.62825012207031,68408
51.62910318374634,68408
51.63074445724487,68408
51.631596326828,68408
51.63244414329529,68408
51.63329839706421,68408
51.6341609954834,68408
51.63501739501953,68408
51.63665843009949,68408
51.63750457763672,68408
51.638354778289795,68408
51.63920736312866,68408
51.640061378479004,68408
51.6416962146759,68408
51.64254188537598,68408
51.64339590072632,68408
51.644259214401245,68408
51.64511299133301,68408
51.646758794784546,68408
51.64761161804199,68408
51.64846086502075,68408
51.649309158325195,68408
51.65016150474548,68408
51.6510112285614,68408
51.65265679359436,68408
51.653504371643066,68408
51.65436577796936,68408
51.65522336959839,68408
51.6560754776001,68408
51.657716274261475,68408
51.658571004867554,68408
51.659414768218994,68408
51.66026759147644,68408
51.661120891571045,68408
51.66276288032532,68408
51.66362977027893,68408
51.664475202560425,68408
51.66532921791077,68408
51.6661810874939,68408
51.667031049728394,68408
51.66867136955261,68408
51.66951513290405,68408
51.670366525650024,68408
51.67121911048889,68408
51.67207336425781,68408
51.673726081848145,68408
51.674580812454224,68408
51.6754310131073,68408
51.67628240585327,68408
51.677138328552246,68408
51.678781032562256,68408
51.67963147163391,68408
51.68047904968262,68408
51.681331157684326,68408
51.68218398094177,68408
51.68303871154785,68408
51.68469262123108,68408
51.685537576675415,68408
51.68638634681702,68408
51.68723726272583,68408
51.68809413909912,68408
51.6897406578064,68408
51.69059371948242,68408
51.69144058227539,68408
51.69229316711426,68408
51.69314670562744,68408
51.69400954246521,68408
51.69565296173096,68408
51.69649887084961,68408
51.69735336303711,68408
51.69820594787598,68408
51.699060678482056,68408
51.700703382492065,68408
51.70155096054077,68408
51.70240783691406,68408
51.70325779914856,68408
51.704123735427856,68408
51.70576500892639,68408
51.70661449432373,68408
51.707459449768066,68408
51.70831084251404,68408
51.709166526794434,68408
51.71001887321472,68408
51.71165895462036,68408
51.712507247924805,68408
51.71336007118225,68408
51.7142276763916,68408
51.71508264541626,68408
51.71672511100769,68408
51.71757674217224,68408
51.718424797058105,68408
51.7192804813385,68408
51.72013759613037,68408
51.72177720069885,68408
51.72263026237488,68408
51.72347545623779,68408
51.72434210777283,68408
51.725194692611694,68408
51.72604846954346,68408
51.72768688201904,68408
51.728530406951904,68408
51.72938776016235,68408
51.73023796081543,68408
51.73109745979309,68408
51.73274374008179,68408
51.73360323905945,68408
51.73445725440979,68408
51.73530673980713,68408
51.736162185668945,68408
51.737016916275024,68408
51.7386634349823,68408
51.73950791358948,68408
51.7403564453125,68408
51.74121379852295,68408
51.742067098617554,68408
51.74371671676636,68408
51.744572162628174,68408
51.74541997909546,68408
51.74627208709717,68408
51.74712657928467,68408
51.74876594543457,68408
51.74962377548218,68408
51.75047206878662,68408
51.75132441520691,68408
51.75217890739441,68408
51.75303316116333,68408
51.754690647125244,68408
51.755537271499634,68408
51.7563955783844,68408
51.75724744796753,68408
51.75809955596924,68408
51.759742736816406,68408
51.76059365272522,68408
51.76144289970398,68408
51.76229286193848,68408
51.76314306259155,68408
51.76400709152222,68408
51.76565432548523,68408
51.76650285720825,68408
51.767354249954224,68408
51.7682089805603,68408
51.769062757492065,68408
51.7707085609436,68408
51.77156376838684,68408
51.772412061691284,68408
51.77326798439026,68408
51.77413272857666,68408
51.775776624679565,68408
51.77663278579712,68408
51.77747941017151,68408
51.77833557128906,68408
51.779189109802246,68408
51.78004193305969,68408
51.78168320655823,68408
51.78252816200256,68408
51.78338170051575,68408
51.78424787521362,68408
51.7851037979126,68408
51.7867476940155,68408
51.787602186203,68408
51.78845167160034,68408
51.789302587509155,68408
51.79015493392944,68408
51.79100966453552,68408
51.79265356063843,68408
51.793500900268555,68408
51.794366121292114,68408
51.79522371292114,68408
51.79607582092285,68408
51.79772639274597,68408
51.79858326911926,68408
51.79942846298218,68408
51.80028295516968,68408
51.80113625526428,68408
51.80277991294861,68408
51.80364203453064,68408
51.80448937416077,68408
51.80534529685974,68408
51.80619788169861,68408
51.80705165863037,68408
51.808696031570435,68408
51.8095440864563,68408
51.81040024757385,68408
51.81125593185425,68408
51.81211304664612,68408
51.81376671791077,68408
51.81462001800537,68408
51.8154673576355,68408
51.816325426101685,68408
51.81718134880066,68408
51.81803631782532,68408
51.81967854499817,68408
51.82052707672119,68408
51.82137727737427,68408
51.822232723236084,68408
51.823086977005005,68408
51.824742794036865,68408
51.82559561729431,68408
51.82644438743591,68408
51.82729697227478,68408
51.82814836502075,68408
51.82978701591492,68408
51.83064341545105,68408
51.8314893245697,68408
51.83234262466431,68408
51.8331983089447,68408
51.83406186103821,68408
51.83570170402527,68408
51.836549282073975,68408
51.83740305900574,68408
51.83825707435608,68408
51.83910918235779,68408
51.84075570106506,68408
51.84082269668579,68408
