Time,Objective value
0.19657278060913086,164518
0.19669580459594727,164518
0.2038273811340332,164350
0.21085810661315918,164350
0.2169637680053711,164350
0.22299814224243164,164350
0.22834205627441406,164350
0.2336883544921875,164146
0.23703789710998535,164146
0.25243520736694336,164030
0.25629186630249023,163914
0.2716381549835205,163826
0.2879509925842285,163826
0.30367445945739746,163486
0.30745720863342285,163378
0.3219563961029053,163322
0.348163366317749,163322
0.35144901275634766,162966
0.3771214485168457,162806
0.3920626640319824,162500
0.3948945999145508,162500
0.3971543312072754,162472
0.4230177402496338,162444
0.4382283687591553,162368
0.45299243927001953,162312
0.47953152656555176,162312
0.5066530704498291,162288
0.5335395336151123,162208
0.5494179725646973,162166
0.5640199184417725,162166
0.590329647064209,162166
0.6057953834533691,161978
0.6322057247161865,161822
0.6354782581329346,161822
0.6497440338134766,161822
0.6644303798675537,161588
0.6672201156616211,161490
0.6693918704986572,161416
0.6834132671356201,161416
0.6859769821166992,161416
0.6997966766357422,161370
0.7142124176025391,161240
0.751894474029541,161240
0.814906120300293,161240
0.8190617561340332,161240
0.8222377300262451,161064
0.8718986511230469,160980
0.888164758682251,160828
0.890826940536499,160710
0.9047391414642334,160582
0.9075350761413574,160458
0.9216039180755615,160382
0.9595036506652832,160382
0.9751925468444824,160336
1.0014491081237793,160332
1.0284578800201416,160270
1.031456708908081,160270
1.046125888824463,159986
1.0486705303192139,159876
1.0507750511169434,159848
1.052922248840332,159668
1.0551650524139404,159668
1.0573556423187256,159668
1.0714654922485352,159632
1.07423996925354,159582
1.0884556770324707,159552
1.0910279750823975,159552
1.0931503772735596,159496
1.1191043853759766,159496
1.1220836639404297,159496
1.1599576473236084,159494
1.1751251220703125,159494
1.190342664718628,159494
1.252108097076416,159434
1.2563965320587158,159434
1.2829244136810303,159434
1.3097138404846191,159434
1.3249132633209229,159432
1.3274867534637451,159346
1.341261863708496,159346
1.3675763607025146,159312
1.3938772678375244,159286
1.4212963581085205,159286
1.4478247165679932,159286
1.4630346298217773,159286
1.4899978637695312,159282
1.51682710647583,159266
1.51997709274292,159204
1.545712947845459,159028
1.572291612625122,159028
1.599581241607666,159028
1.6145286560058594,159010
1.6406571865081787,158998
1.6557049751281738,158998
1.7054753303527832,158998
1.7095813751220703,158994
1.7246301174163818,158982
1.7343289852142334,158970
1.763974905014038,158970
1.7801392078399658,158934
1.7825038433074951,158934
1.805187702178955,158934
1.8073782920837402,158934
1.836716890335083,158934
1.8530895709991455,158782
1.8553693294525146,158754
1.884660005569458,158754
1.894026279449463,158754
1.9029219150543213,158748
1.9325752258300781,158672
1.9419798851013184,158672
1.9578423500061035,158672
1.9737436771392822,158672
1.9826483726501465,158672
1.9912693500518799,158672
2.020949602127075,158672
2.030323028564453,158644
2.0462534427642822,158644
2.0691769123077393,158644
2.0785064697265625,158644
2.101100206375122,158644
2.124192953109741,158644
2.12642765045166,158644
2.1353297233581543,158644
2.164843797683716,158644
2.1740357875823975,158644
2.1900980472564697,158624
2.2131919860839844,158624
2.2227234840393066,158624
2.245406150817871,158624
2.2755942344665527,158624
2.291992664337158,158624
2.294057607650757,158624
2.3027029037475586,158604
2.325296640396118,158584
2.33451509475708,158566
2.3501713275909424,158546
2.3520662784576416,158514
2.367370843887329,158442
2.397250175476074,158442
2.4136099815368652,158434
2.436676502227783,158434
2.4460391998291016,158434
2.4620230197906494,158366
2.46394681930542,158366
2.4792282581329346,158366
2.495131015777588,158366
2.518016815185547,158366
2.5272374153137207,158366
2.5358245372772217,158362
2.5514092445373535,158362
2.560297727584839,158346
2.5689196586608887,158272
2.5774946212768555,158272
2.593045473098755,158180
2.615980625152588,158180
2.6182191371917725,158180
2.6265342235565186,158180
2.6491341590881348,158180
2.6582324504852295,158180
2.688019275665283,158118
2.704578161239624,158118
2.7204935550689697,158118
2.7434439659118652,158118
2.752666473388672,158118
2.7682323455810547,158118
2.783935308456421,158118
2.799974203109741,158118
2.8158631324768066,158118
2.8393404483795166,158118
2.862316608428955,158118
2.878830671310425,158118
2.8945674896240234,158118
2.903681993484497,158118
2.9196152687072754,158118
2.9423916339874268,158118
2.951855182647705,158100
2.967759847640991,158100
2.9906504154205322,158082
3.013779401779175,158082
3.0163190364837646,158048
3.0385987758636475,158048
3.0757322311401367,158048
3.092540979385376,158048
3.116129159927368,158048
3.1253890991210938,158018
3.133997917175293,158018
3.1496269702911377,158018
3.1515119075775146,157984
3.1738102436065674,157984
3.1829605102539062,157984
3.205641031265259,157984
3.2428812980651855,157984
3.2525508403778076,157984
3.261474370956421,157928
3.2771120071411133,157928
3.2788245677948,157884
3.3084051609039307,157872
3.31795072555542,157872
3.340610980987549,157872
3.342799186706543,157872
3.379110813140869,157872
3.3889706134796143,157872
3.432560443878174,157872
3.442225933074951,157872
3.4585468769073486,157872
3.5026073455810547,157872
3.5124411582946777,157862
3.521933078765869,157862
3.552004337310791,157862
3.56180739402771,157862
3.5708723068237305,157836
3.5797927379608154,157782
3.602452278137207,157782
3.611518621444702,157782
3.6344289779663086,157782
3.6366117000579834,157766
3.658850908279419,157766
3.6750853061676025,157766
3.698016405105591,157754
3.714073896408081,157726
3.7302405834198,157726
3.7532052993774414,157726
3.783372402191162,157726
3.7928802967071533,157640
3.808485269546509,157640
3.817385196685791,157640
3.825958490371704,157630
3.8416385650634766,157624
3.8505783081054688,157516
3.8521547317504883,157516
3.8604276180267334,157458
3.890015125274658,157442
3.906440258026123,157442
3.908623695373535,157442
3.9379642009735107,157442
3.940330982208252,157442
3.948946714401245,157442
3.964545249938965,157428
3.980461359024048,157418
3.989454507827759,157386
4.005094289779663,157376
4.02100944519043,157376
4.064898252487183,157376
4.067833662033081,157376
4.10450005531311,157376
4.1281657218933105,157376
4.137740612030029,157376
4.153399467468262,157376
4.190093040466309,157288
4.193061113357544,157288
4.222700357437134,157288
4.246258974075317,157288
4.26921534538269,157224
4.2927772998809814,157224
4.309325933456421,157224
4.31873893737793,157224
4.334666013717651,157224
4.3504204750061035,157218
4.3735222816467285,157198
4.382883071899414,157134
4.398832321166992,157134
4.435626745223999,157134
4.4523468017578125,157134
4.475600719451904,157044
4.477665662765503,157044
4.493190050125122,157044
4.509035348892212,157044
4.538910150527954,157044
4.548444509506226,157044
4.571033239364624,157044
4.6081061363220215,157044
4.610452890396118,157044
4.6334545612335205,157044
4.649609327316284,157044
4.6591668128967285,157044
4.681809425354004,157044
4.70494532585144,157044
4.721276760101318,157044
4.737470626831055,157044
4.76038122177124,157044
4.79046106338501,157044
4.800106048583984,157044
4.829864978790283,157044
4.853570461273193,157044
4.862944602966309,157044
4.878870964050293,157044
4.9087865352630615,157044
4.93915319442749,157044
4.948688983917236,157044
4.97206711769104,157044
4.981286525726318,157034
4.982868909835815,157034
5.019204139709473,157034
5.049685478210449,156990
5.052687644958496,156926
5.0613110065460205,156926
5.069918632507324,156926
5.106534719467163,156926
5.116035461425781,156926
5.132122039794922,156926
5.1483848094940186,156926
5.171323776245117,156926
5.187406063079834,156926
5.203655004501343,156926
5.226550579071045,156926
5.256809234619141,156926
5.273184061050415,156926
5.29648756980896,156926
5.2987024784088135,156926
5.321038722991943,156918
5.3442933559417725,156892
5.374328136444092,156892
5.390911817550659,156892
5.4212563037872314,156892
5.4311206340789795,156832
5.453778028488159,156832
5.462998628616333,156832
5.49954080581665,156832
5.509056091308594,156832
5.52534031867981,156806
5.534322500228882,156798
5.549943447113037,156798
5.565857172012329,156798
5.588603973388672,156798
5.605024099349976,156798
5.621308088302612,156798
5.644207000732422,156798
5.660447835922241,156798
5.690388202667236,156798
5.706933498382568,156798
5.7261903285980225,156798
5.776763916015625,156726
5.792672395706177,156700
5.807875156402588,156684
5.810617208480835,156684
5.836750507354736,156668
5.8525660037994385,156646
5.926457405090332,156644
5.9429638385772705,156582
5.958599328994751,156582
5.985813617706299,156582
6.025447368621826,156582
6.052976846694946,156582
6.08174729347229,156582
6.09765887260437,156582
6.125262260437012,156508
6.176718711853027,156508
6.192606210708618,156446
6.231451034545898,156446
6.270509243011475,156432
6.286858558654785,156432
6.301582336425781,156432
6.3279290199279785,156432
6.366633653640747,156432
6.38248348236084,156432
6.433881521224976,156432
6.4498066902160645,156432
6.512249946594238,156432
6.551944732666016,156432
6.556540012359619,156432
6.618731260299683,156432
6.646968126296997,156432
6.650550365447998,156348
6.6886913776397705,156348
6.716306686401367,156348
6.766733884811401,156348
6.80669093132019,156348
6.823082447052002,156348
6.838284015655518,156320
6.876505136489868,156320
6.892162561416626,156320
6.906799554824829,156320
6.9343931674957275,156316
6.975137948989868,156316
6.979159116744995,156316
7.0182294845581055,156276
7.045575857162476,156248
7.073019027709961,156248
7.088750123977661,156248
7.126730680465698,156248
7.1780524253845215,156248
7.194447755813599,156248
7.244842290878296,156248
7.285125970840454,156248
7.324747562408447,156248
7.353119850158691,156248
7.368506908416748,156248
7.41882061958313,156248
7.446728706359863,156248
7.450124263763428,156248
7.476686477661133,156248
7.53977370262146,156248
7.556032419204712,156248
7.571613788604736,156248
7.646062850952148,156248
7.651304244995117,156248
7.665667533874512,156210
7.7156760692596436,156210
7.719423532485962,156210
7.7699902057647705,156210
7.7981181144714355,156210
7.813087463378906,156210
7.888204336166382,156210
7.904614210128784,156210
7.908395767211914,156210
7.922483205795288,156210
7.9960713386535645,156210
8.024540185928345,156210
8.02924656867981,156210
8.054787874221802,156210
8.093442678451538,156210
8.132765531539917,156210
8.172158002853394,156210
8.199573993682861,156178
8.22645902633667,156144
8.277404546737671,156144
8.293598890304565,156144
8.344014167785645,156144
8.384281158447266,156144
8.435814142227173,156144
8.451305150985718,156144
8.491045475006104,156144
8.56635069847107,156144
8.58241868019104,156144
8.599359273910522,156144
8.614316940307617,156144
8.653015375137329,156144
8.692110776901245,156144
8.732433080673218,156144
8.747676849365234,156144
8.798619747161865,156144
8.826389074325562,156144
8.841572523117065,156144
8.855958938598633,156144
8.894154787063599,156124
8.921417236328125,156124
8.936948776245117,156124
8.975067138671875,156112
9.002402305603027,156112
9.017925500869751,156112
9.020646810531616,156092
9.04765796661377,156092
9.07472014427185,156092
9.077983856201172,156064
9.103944778442383,156064
9.119083166122437,156064
9.169284105300903,156044
9.185296058654785,156044
9.199954271316528,156044
9.262151718139648,156044
9.266886949539185,156044
9.306540489196777,156044
9.334583759307861,156044
9.373373746871948,156044
9.425843715667725,156044
9.46580696105957,156044
9.494234085083008,156044
9.534234523773193,156044
9.562354326248169,156044
9.601778507232666,156044
9.617008209228516,156044
9.65593957901001,156044
9.683764219284058,156044
9.723114490509033,156044
9.762535810470581,156012
9.7791268825531,156012
9.805841445922852,156012
9.856876611709595,156012
9.896763801574707,156012
9.924501657485962,156012
9.975423097610474,156012
10.014606952667236,156012
10.031429767608643,156012
10.069708108901978,156012
10.120787858963013,156012
10.171926259994507,156012
10.188035488128662,156012
10.2508225440979,156012
10.291004180908203,156012
10.306586742401123,156012
10.333159446716309,155984
10.371703624725342,155984
10.39886212348938,155984
10.414097309112549,155984
10.464555978775024,155972
10.515862703323364,155972
10.532094240188599,155972
10.547615766525269,155972
10.573862552642822,155942
10.600702047348022,155928
10.639972686767578,155890
10.65578007698059,155890
10.70607852935791,155890
10.746038675308228,155890
10.773439884185791,155890
10.812245845794678,155890
10.83917784690857,155890
10.878039121627808,155890
10.88236379623413,155890
10.908158540725708,155890
10.946712493896484,155870
10.962517738342285,155870
10.97754168510437,155870
10.992528438568115,155870
11.018989324569702,155870
11.045880317687988,155870
11.060866832733154,155870
11.098891019821167,155860
11.126368761062622,155860
11.153259754180908,155860
11.191986083984375,155860
11.243067264556885,155854
11.271055221557617,155854
11.298574209213257,155854
11.313523769378662,155854
11.35169005393982,155854
11.391107082366943,155854
11.419862985610962,155854
11.459104299545288,155854
11.486390113830566,155854
11.525305986404419,155854
11.541038990020752,155854
11.567334413528442,155854
11.630006790161133,155854
11.658024549484253,155854
11.69807243347168,155854
11.7390456199646,155854
11.756154537200928,155854
11.782426118850708,155854
11.833574056625366,155854
11.849496603012085,155854
11.86546778678894,155854
11.92715573310852,155854
11.979411125183105,155854
12.00774598121643,155854
12.035213232040405,155854
12.06223177909851,155854
12.112653970718384,155854
12.152096033096313,155854
12.191733598709106,155854
12.20798659324646,155854
12.234516382217407,155854
12.261605024337769,155854
12.300532341003418,155854
12.304452657699585,155854
12.330141067504883,155854
12.368806600570679,155854
12.41999340057373,155854
12.447861671447754,155854
12.486415147781372,155854
12.513893604278564,155854
12.540715456008911,155826
12.567626237869263,155798
12.594610929489136,155798
12.62147307395935,155798
12.660146713256836,155798
12.699490070343018,155782
12.702914476394653,155782
12.77669382095337,155782
12.782025814056396,155782
12.795877695083618,155782
12.810401439666748,155782
12.860082149505615,155782
12.875941276550293,155782
12.891133069992065,155782
12.930137872695923,155782
12.981109380722046,155782
13.008638143539429,155782
13.03553318977356,155714
13.051061630249023,155714
13.066867351531982,155682
13.118964195251465,155682
13.134917974472046,155682
13.18591046333313,155682
13.21388030052185,155682
13.252522230148315,155682
13.268663883209229,155682
13.306811809539795,155682
13.334076642990112,155682
13.360841751098633,155654
13.387727499008179,155654
13.426568984985352,155654
13.442146301269531,155654
13.480272769927979,155654
13.507540464401245,155654
13.558088541030884,155654
13.562471866607666,155626
13.576632499694824,155626
13.614949941635132,155582
13.618839979171753,155582
13.644748210906982,155566
13.696646213531494,155566
13.712370157241821,155566
13.741597414016724,155566
13.778753995895386,155566
13.802793979644775,155554
13.832962989807129,155554
13.84279990196228,155554
13.852339506149292,155554
13.853999376296997,155554
13.876319169998169,155554
13.885531187057495,155554
13.915103435516357,155554
13.93844985961914,155554
13.9479660987854,155554
13.984590768814087,155554
13.994096279144287,155554
14.010303497314453,155554
14.040294170379639,155554
14.056818008422852,155554
14.079806327819824,155554
14.102900743484497,155554
14.133281946182251,155554
14.135916471481323,155554
14.158488512039185,155498
14.174697399139404,155498
14.204755067825317,155498
14.214324712753296,155498
14.229966402053833,155498
14.238934516906738,155498
14.275469303131104,155498
14.285278558731079,155498
14.31493854522705,155482
14.331340074539185,155482
14.354439735412598,155482
14.370835542678833,155482
14.39394497871399,155452
14.4243803024292,155452
14.427016735076904,155452
14.428594589233398,155452
14.457944869995117,155446
14.474319219589233,155440
14.490551710128784,155434
14.492500305175781,155434
14.500814199447632,155388
14.51639723777771,155382
14.553476333618164,155352
14.570027589797974,155350
14.572540998458862,155298
14.587846040725708,155298
14.617809295654297,155268
14.634193420410156,155268
14.65030288696289,155268
14.66653037071228,155268
14.696250915527344,155268
14.698903322219849,155268
14.721382141113281,155268
14.744482278823853,155268
14.767837762832642,155268
14.77735686302185,155268
14.786017417907715,155268
14.801632165908813,155268
14.831566572189331,155266
14.85495924949646,155266
14.871524333953857,155266
14.894503593444824,155266
14.910686731338501,155266
14.926409721374512,155266
14.949612379074097,155266
14.951767683029175,155266
14.981046676635742,155266
14.990590810775757,155266
15.013150215148926,155266
15.01525354385376,155266
15.030379295349121,155266
15.032118320465088,155266
15.05426287651062,155266
15.056143999099731,155266
15.078560590744019,155266
15.101625204086304,155266
15.124638557434082,155232
15.148202419281006,155232
15.164387941360474,155232
15.18739652633667,155232
15.196453094482422,155232
15.226109504699707,155232
15.235660076141357,155232
15.265912294387817,155232
15.27546739578247,155232
15.284044981002808,155232
15.320690155029297,155232
15.337224960327148,155232
15.353453874588013,155232
15.369991540908813,155232
15.38598918914795,155230
15.422899007797241,155230
15.439464092254639,155230
15.455757856369019,155230
15.465307235717773,155230
15.48089051246643,155230
15.496906042098999,155230
15.526657104492188,155230
15.529151916503906,155230
15.552074909210205,155230
15.582109451293945,155230
15.591772317886353,155230
15.607733249664307,155230
15.609625577926636,155230
15.638927936553955,155230
15.67624545097351,155228
15.679091215133667,155228
15.709092855453491,155228
15.711630582809448,155228
15.74094033241272,155228
15.750353336334229,155228
15.780227661132812,155228
15.80372428894043,155228
15.834004640579224,155228
15.83634901046753,155228
15.865918636322021,155228
15.882331132888794,155228
15.912631034851074,155228
15.929118633270264,155228
15.95203423500061,155228
15.961325407028198,155228
15.984004497528076,155228
15.999971866607666,155228
16.037506103515625,155228
16.04707646369934,155228
16.084019660949707,155228
16.094128370285034,155228
16.096371173858643,155228
16.125725746154785,155228
16.149254322052002,155228
16.15885639190674,155228
16.181485891342163,155228
16.21170926094055,155228
16.228307247161865,155228
16.237223863601685,155228
16.266875505447388,155228
16.276248693466187,155228
16.313087940216064,155228
16.329835891723633,155204
16.346521139144897,155204
16.348742246627808,155204
16.377960205078125,155204
16.41528820991516,155204
16.438995599746704,155204
16.46271538734436,155204
16.47260856628418,155204
16.481209993362427,155204
16.496849536895752,155204
16.512776851654053,155204
16.535679817199707,155204
16.558896780014038,155204
16.575004816055298,155204
16.58418917655945,155204
16.606884717941284,155204
16.630120515823364,155204
16.63215947151184,155106
16.640774250030518,155106
16.670451641082764,155106
16.686936616897583,155106
16.709901571273804,155106
16.72621464729309,155106
16.74208974838257,155106
16.79295539855957,155106
16.80313730239868,155106
16.819998502731323,155106
16.856942892074585,155106
16.88051199913025,155106
16.890173196792603,155106
16.89913558959961,155106
16.91477060317993,155106
16.937519073486328,155106
16.947022438049316,155106
16.976632595062256,155106
16.99324107170105,155106
17.002199411392212,155082
17.031824827194214,155082
17.04136872291565,155082
17.06398344039917,155082
17.080036163330078,155082
17.103222608566284,155082
17.12647247314453,155082
17.1427104473114,155082
17.158471822738647,155082
17.188698530197144,155082
17.21226453781128,155082
17.22865605354309,155082
17.25158429145813,155082
17.26789689064026,155082
17.29787826538086,155082
17.30742859840393,155082
17.337133169174194,155082
17.353663206100464,155082
17.383610486984253,155082
17.38612699508667,155060
17.42961573600769,155060
17.432464361190796,155060
17.46246886253357,155060
17.48601269721985,155060
17.509618997573853,155060
17.51885437965393,155060
17.534449577331543,155030
17.550332069396973,155008
17.58720088005066,155008
17.59657883644104,155008
17.62668800354004,155008
17.62964916229248,155008
17.659260988235474,155008
17.695473670959473,155008
17.732041597366333,155008
17.74159336090088,155008
17.765085220336914,155008
17.781148195266724,155008
17.790403842926025,155008
17.806062698364258,154984
17.81497573852539,154984
17.85157537460327,154984
17.875284671783447,154984
17.898740530014038,154966
17.922096729278564,154966
17.94552755355835,154966
17.968766450881958,154966
17.978460788726807,154966
18.001381874084473,154966
18.010566473007202,154966
18.026222944259644,154966
18.042052507400513,154966
18.05111837387085,154966
18.06703519821167,154966
18.089966535568237,154966
18.099228143692017,154966
18.121846437454224,154966
18.15214776992798,154966
18.16857361793518,154966
18.191650390625,154966
18.208197832107544,154966
18.24498963356018,154966
18.268657684326172,154966
18.28537678718567,154966
18.295288562774658,154966
18.311075925827026,154966
18.348169326782227,154966
18.350860357284546,154946
18.39461636543274,154946
18.39748787879944,154946
18.406476974487305,154946
18.429023504257202,154946
18.44511389732361,154946
18.461427450180054,154946
18.4983971118927,154946
18.508107662200928,154946
18.524012088775635,154938
18.54686141014099,154938
18.570420503616333,154926
18.57265543937683,154926
18.595000505447388,154926
18.604218244552612,154926
18.619786739349365,154926
18.63574528694153,154906
18.65858769416809,154906
18.688722848892212,154906
18.71210741996765,154906
18.735764265060425,154906
18.75186276435852,154906
18.781909227371216,154906
18.79849147796631,154906
18.81484317779541,154906
18.831161499023438,154906
18.853978633880615,154906
18.86331558227539,154878
18.87901210784912,154838
18.895181894302368,154838
18.911092281341553,154838
18.920004844665527,154838
18.956695079803467,154838
18.966378927230835,154838
18.989394187927246,154838
19.005597352981567,154838
19.03555154800415,154838
19.058969497680664,154838
19.08930492401123,154838
19.099056005477905,154838
19.114964962005615,154838
19.123924493789673,154824
19.160560131072998,154824
19.163387060165405,154824
19.220619916915894,154824
19.237755298614502,154824
19.254610061645508,154824
19.26422429084778,154824
19.279849767684937,154824
19.302751541137695,154824
19.326068878173828,154824
19.32813549041748,154824
19.35075831413269,154824
19.366997241973877,154824
19.397000789642334,154824
19.413268089294434,154824
19.422764778137207,154824
19.45237946510315,154824
19.489784955978394,154824
19.499494314193726,154824
19.5088632106781,154824
19.524784564971924,154824
19.533759355545044,154824
19.570364475250244,154824
19.5800142288208,154824
19.595789670944214,154824
19.618831157684326,154824
19.649190664291382,154824
19.67271661758423,154824
19.675382375717163,154824
19.704922437667847,154824
19.721266984939575,154824
19.737359046936035,154824
19.760530471801758,154824
19.79073977470398,154824
19.807268619537354,154824
19.83016848564148,154824
19.846415042877197,154824
19.869364023208618,154824
19.89257502555847,154824
19.9084689617157,154824
19.924821138381958,154824
19.94789147377014,154806
19.950264930725098,154806
19.972834587097168,154806
20.00292682647705,154806
20.012770414352417,154806
20.042459964752197,154806
20.059043169021606,154806
20.08196711540222,154806
20.10515832901001,154792
20.11467409133911,154784
20.137329578399658,154784
20.181441068649292,154784
20.191585540771484,154784
20.207777738571167,154784
20.223694324493408,154784
20.23961567878723,154784
20.262593507766724,154784
20.292868614196777,154784
20.30226182937622,154784
20.31131887435913,154784
20.32695198059082,154784
20.342804193496704,154784
20.365767002105713,154784
20.374828577041626,154784
20.397732973098755,154784
20.4278621673584,154784
20.437580823898315,154784
20.46054434776306,154784
20.48380398750305,154784
20.492851495742798,154784
20.508641719818115,154784
20.524877548217773,154784
20.540812730789185,154784
20.556773900985718,154784
20.57978367805481,154784
20.60305166244507,154784
20.61913514137268,154784
20.649256706237793,154784
20.658973455429077,154784
20.688908338546753,154784
20.698479175567627,154784
20.72109818458557,154784
20.744308710098267,154784
20.767433643341064,154780
20.777003526687622,154780
20.799583673477173,154780
20.808765172958374,154780
20.852308750152588,154780
20.86924147605896,154780
20.885689973831177,154780
20.90890336036682,154780
20.918096780776978,154780
20.961857318878174,154780
20.98559856414795,154780
20.995259046554565,154780
21.01182985305786,154780
21.034661054611206,154780
21.058082342147827,154780
21.095449209213257,154780
21.10548973083496,154780
21.14954113960266,154780
21.152388334274292,154780
21.182427406311035,154780
21.205974817276,154780
21.215238094329834,154780
21.237924098968506,154780
21.2541446685791,154780
21.284178495407104,154780
21.300588130950928,154780
21.316694498062134,154780
21.339946269989014,154780
21.363162517547607,154780
21.37239360809326,154780
21.395069360733032,154780
21.42531156539917,154780
21.441550254821777,154780
21.444074153900146,154780
21.473321676254272,154780
21.482861042022705,154780
21.50547194480896,154780
21.521694660186768,154780
21.558608055114746,154780
21.56833028793335,154780
21.584316968917847,154780
21.628189086914062,154780
21.6381573677063,154780
21.655558347702026,154780
21.717783212661743,154780
21.745492219924927,154780
21.761716604232788,154780
21.800055980682373,154780
21.815717220306396,154780
21.86579179763794,154780
21.8936185836792,154780
21.92090654373169,154780
21.95978546142578,154780
21.988105058670044,154776
22.02754235267639,154776
22.043349504470825,154776
22.069722652435303,154776
22.108200550079346,154776
22.136029481887817,154776
22.175187826156616,154776
22.214587211608887,154776
22.241795301437378,154776
22.280922651290894,154776
22.308825969696045,154776
22.33703374862671,154776
22.400575876235962,154712
22.41695213317871,154708
22.432441473007202,154708
22.49552011489868,154708
22.523640155792236,154708
22.551426649093628,154708
22.578675746917725,154708
22.618008375167847,154708
22.66937565803528,154708
22.696985483169556,154708
22.736337184906006,154708
22.76410937309265,154708
22.815837383270264,154708
22.832276344299316,154708
22.882388830184937,154708
22.898271322250366,154708
22.94904899597168,154708
22.95356559753418,154708
23.015031576156616,154708
23.054608583450317,154708
23.060264110565186,154708
23.09790015220642,154708
23.14885926246643,154708
23.213286638259888,154708
23.230276346206665,154708
23.258307695388794,154708
23.27382779121399,154708
23.312790870666504,154708
23.352031469345093,154708
23.39141535758972,154708
23.406857013702393,154708
23.457275390625,154708
23.484681129455566,154708
23.512510299682617,154708
23.58783268928528,154708
23.60457491874695,154708
23.65543270111084,154708
23.695702075958252,154708
23.734514236450195,154708
23.75152063369751,154708
23.803218364715576,154708
23.81904935836792,154708
23.83480453491211,154708
23.896665573120117,154708
23.913264751434326,154708
23.916414737701416,154708
23.965655088424683,154708
23.96987009048462,154708
24.04338240623474,154708
24.08378291130066,154708
24.111708402633667,154708
24.151654720306396,154708
24.16710591316223,154680
24.194380044937134,154680
24.24538493156433,154680
24.272822856903076,154680
24.28922700881958,154680
24.316351175308228,154680
24.355393648147583,154680
24.406358242034912,154680
24.421351194381714,154680
24.44412851333618,154652
24.453546285629272,154652
24.455437660217285,154652
24.484805822372437,154632
24.508206844329834,154632
24.52470302581787,154632
24.54060196876526,154632
24.570366382598877,154632
24.593820571899414,154632
24.610668897628784,154632
24.61954951286316,154632
24.663232803344727,154632
24.66623616218567,154632
24.702840328216553,154632
24.726412057876587,154632
24.7428035736084,154632
24.772865533828735,154632
24.782742500305176,154632
24.805450439453125,154632
24.828514337539673,154632
24.852006912231445,154632
24.868619203567505,154606
24.877593994140625,154606
24.893279790878296,154592
24.916020393371582,154592
24.925604581832886,154592
24.955233573913574,154566
24.964810371398926,154566
24.994409561157227,154566
25.01087999343872,154566
25.02675223350525,154566
25.05670189857483,154566
25.06625461578369,154566
25.081868648529053,154566
25.12587070465088,154566
25.135693073272705,154566
25.158909797668457,154566
25.16079354286194,154566
25.176710844039917,154566
25.19266128540039,154566
25.215641021728516,154542
25.217779636383057,154542
25.226017713546753,154542
25.24859857559204,154542
25.26464080810547,154542
25.2736554145813,154542
25.317678689956665,154542
25.341372966766357,154542
25.34436821937561,154542
25.366981029510498,154542
25.37613272666931,154542
25.377638816833496,154542
25.399829387664795,154542
25.41596746444702,154542
25.44576907157898,154542
25.45490026473999,154542
25.46391749382019,154542
25.472738027572632,154542
25.48821759223938,154542
25.489927291870117,154542
25.505049467086792,154542
25.527785539627075,154542
25.529664754867554,154542
25.559114694595337,154542
25.56138563156128,154542
25.576918840408325,154542
25.61353898048401,154542
25.62344217300415,154542
25.632269382476807,154542
25.668803215026855,154542
25.671213388442993,154542
25.70586109161377,154542
25.744667291641235,154542
25.74830174446106,154542
25.7514328956604,154542
25.753300428390503,154542
25.755032300949097,154542
25.768751859664917,154542
25.782759428024292,154542
25.784969091415405,154542
25.821945428848267,154542
25.82533597946167,154542
25.838789701461792,154542
25.864530563354492,154542
25.902692794799805,154542
25.953568935394287,154542
25.99235725402832,154542
26.032835245132446,154542
26.048611879348755,154542
26.075368642807007,154542
26.090193271636963,154542
26.11645221710205,154542
26.166791200637817,154542
26.183029651641846,154542
26.20918917655945,154542
26.259751319885254,154542
26.26381278038025,154542
26.301958322525024,154542
26.342371225357056,154542
26.3578839302063,154542
26.384652614593506,154542
26.411455869674683,154542
26.438970804214478,154542
26.466554880142212,154542
26.516876220703125,154542
26.544456243515015,154542
26.59562635421753,154542
26.611672401428223,154536
26.614970445632935,154536
26.629408359527588,154520
26.64374566078186,154520
26.693809747695923,154520
26.745330333709717,154520
26.762376308441162,154520
26.800650358200073,154520
26.851691246032715,154520
26.90351700782776,154520
26.920581817626953,154520
26.99468731880188,154520
27.023428201675415,154520
27.074968099594116,154520
27.079505443572998,154520
27.118093729019165,154520
27.157225847244263,154520
27.20894432067871,154520
27.237248420715332,154520
27.28795862197876,154520
27.32755970954895,154520
27.36718463897705,154520
27.418699026107788,154520
27.42374563217163,154520
27.497550010681152,154520
27.514314889907837,154520
27.541857481002808,154520
27.580665588378906,154520
27.59639549255371,154520
27.623133182525635,154520
27.674149990081787,154520
27.69055199623108,154520
27.753263235092163,154520
27.78102159500122,154520
27.8213107585907,154520
27.849072694778442,154520
27.888442754745483,154486
27.927863597869873,154486
27.955634832382202,154486
28.00688910484314,154486
28.022362232208252,154486
28.061482667922974,154486
28.101323127746582,154486
28.1291925907135,154482
28.15681004524231,154482
28.21941304206848,154482
28.24849820137024,154482
28.25213861465454,154482
28.277933597564697,154482
28.30505633354187,154482
28.368613719940186,154482
28.408822059631348,154482
28.43655490875244,154482
28.4528865814209,154482
28.50310182571411,154482
28.531843185424805,154482
28.57073402404785,154482
28.597935914993286,154482
28.63922691345215,154482
28.691198587417603,154482
28.731884956359863,154482
28.736494064331055,154482
28.79842495918274,154482
28.803139209747314,154482
28.853910207748413,154482
28.869735956192017,154482
28.90900993347168,154482
28.95984697341919,154482
28.988425731658936,154482
29.01573133468628,154482
29.055052995681763,154482
29.119218826293945,154482
29.161383628845215,154482
29.201806783676147,154482
29.219191551208496,154482
29.258427619934082,154482
29.286620140075684,154482
29.32656168937683,154482
29.355404138565063,154482
29.382543802261353,154482
29.40931510925293,154482
29.448312520980835,154482
29.47594118118286,154482
29.515257120132446,154482
29.578824043273926,154482
29.61934494972229,154482
29.6601300239563,154482
29.66456890106201,154482
29.702783823013306,154482
29.718337774276733,154482
29.780767679214478,154482
29.82149338722229,154482
29.873085737228394,154482
29.913206100463867,154482
29.917436838150024,154482
29.955737352371216,154482
29.971479415893555,154482
30.02173137664795,154482
30.061598300933838,154482
30.07758402824402,154482
30.104844570159912,154482
30.131945610046387,154482
30.171018600463867,154482
30.19870352745056,154482
30.201852321624756,154482
30.228109121322632,154482
30.267208576202393,154482
30.29466676712036,154482
30.345288276672363,154482
30.361146450042725,154482
30.413220167160034,154482
30.441515684127808,154482
30.444703817367554,154482
30.470414400100708,154482
30.508796453475952,154482
30.548638343811035,154482
30.588184595108032,154482
30.640033721923828,154482
30.65558123588562,154482
30.67119002342224,154482
30.733341455459595,154482
30.749608278274536,154482
30.82380175590515,154482
30.85279417037964,154482
30.904069900512695,154482
30.944313764572144,154482
30.97196936607361,154482
30.986727714538574,154482
31.025452375411987,154482
31.06425189971924,154482
31.09192204475403,154482
31.10802674293518,154482
31.134793519973755,154482
31.173505544662476,154482
31.177342891693115,154482
31.262723445892334,154482
31.27993941307068,154482
31.355477809906006,154482
31.361016988754272,154482
31.376567125320435,154482
31.450393676757812,154482
31.466649532318115,154482
31.506274223327637,154482
31.56980800628662,154482
31.61019992828369,154482
31.638588905334473,154482
31.654098987579346,154482
31.716984033584595,154482
31.769322156906128,154482
31.78654670715332,154482
31.80217742919922,154482
31.86587166786194,154482
31.896009922027588,154482
31.958292961120605,154482
31.98671865463257,154482
32.02602529525757,154482
32.053431034088135,154482
32.09218239784241,154482
32.11960291862488,154482
32.14733076095581,154482
32.19825530052185,154482
32.226454734802246,154482
32.2791543006897,154482
32.307133436203,154482
32.32218647003174,154482
32.348655462265015,154482
32.387369871139526,154482
32.45065712928772,154482
32.47876477241516,154482
32.49457049369812,154482
32.508989095687866,154482
32.570892095565796,154482
32.59910750389099,154482
32.63815426826477,154482
32.642632722854614,154482
32.66854119300842,154482
32.73381948471069,154482
32.77398633956909,154482
32.814061880111694,154482
32.85401177406311,154482
32.86936616897583,154482
32.91978096961975,154482
32.95987248420715,154482
32.98736929893494,154482
33.038453340530396,154482
33.04275584220886,154482
33.08044505119324,154482
33.10809087753296,154478
33.134795904159546,154478
33.17335844039917,154478
33.225162982940674,154478
33.264639139175415,154478
33.29187750816345,154478
33.33165121078491,154478
33.37151336669922,154478
33.410725116729736,154478
33.438350200653076,154478
33.453338384628296,154478
33.50430941581726,154478
33.520901918411255,154478
33.54807424545288,154478
33.575384855270386,154478
33.60225439071655,154474
33.65281820297241,154474
33.69268226623535,154474
33.74389719963074,154474
33.77170777320862,154474
33.787999391555786,154474
33.83831167221069,154474
33.842422008514404,154474
33.880420207977295,154474
33.90771269798279,154474
33.94664001464844,154474
33.97470450401306,154474
34.03732252120972,154474
34.0780143737793,154474
34.106327533721924,154474
34.14564108848572,154474
34.17347574234009,154474
34.20053291320801,154474
34.23945331573486,154474
34.27889895439148,154462
34.318171977996826,154462
34.358283281326294,154462
34.36172270774841,154454
34.376302003860474,154454
34.40269756317139,154454
34.429444551467896,154454
34.44447875022888,154442
34.45891833305359,154438
34.50929069519043,154438
34.52535033226013,154438
34.599266052246094,154438
34.62761116027832,154438
34.66787266731262,154438
34.69530129432678,154438
34.69899249076843,154438
34.760777711868286,154438
34.78894829750061,154438
34.81671905517578,154438
34.85588765144348,154438
34.89480662345886,154438
34.92285776138306,154438
34.96263551712036,154438
34.99038887023926,154438
35.01789855957031,154438
35.068456172943115,154438
35.10915803909302,154438
35.13771986961365,154438
35.18847441673279,154438
35.205358028411865,154438
35.25693607330322,154438
35.273497343063354,154438
35.325907468795776,154438
35.37778329849243,154438
35.39382791519165,154438
35.456254720687866,154438
35.48497700691223,154438
35.52456831932068,154438
35.54119157791138,154438
35.58020758628845,154438
35.60787487030029,154438
35.65853023529053,154438
35.697797536849976,154438
35.70233488082886,154438
35.7530415058136,154438
35.81645679473877,154438
35.84521770477295,154310
35.861958742141724,154310
35.8887083530426,154310
35.92758750915527,154310
35.96721076965332,154310
35.98313593864441,154310
36.00999093055725,154310
36.03745460510254,154310
36.05274271965027,154310
36.0789749622345,154310
36.15361142158508,154310
36.18237018585205,154310
36.22247672080994,154310
36.24980568885803,154304
36.252976417541504,154304
36.31491565704346,154304
36.35610890388489,154304
36.38462233543396,154304
36.424150466918945,154304
36.42785620689392,154304
36.466065406799316,154304
36.51733875274658,154304
36.55833053588867,154304
36.57469606399536,154304
36.613643407821655,154304
36.678688526153564,154304
36.69554281234741,154304
36.735801696777344,154304
36.763465881347656,154304
36.802422523498535,154304
36.84167504310608,154304
36.8811240196228,154304
36.9096839427948,154304
36.97210359573364,154304
36.977842569351196,154304
37.02840757369995,154304
37.03204417228699,154296
37.05888295173645,154296
37.08574819564819,154296
37.11243915557861,154296
37.13943004608154,154296
37.166367292404175,154296
37.2174026966095,154296
37.25749588012695,154296
37.273359537124634,154296
37.299943685531616,154296
37.327077865600586,154296
37.37761902809143,154296
37.405906200408936,154296
37.434330224990845,154296
37.462106466293335,154296
37.50138258934021,154296
37.553622007369995,154296
37.557770013809204,154296
37.58405900001526,154296
37.64667272567749,154296
37.66534662246704,154296
37.68179512023926,154296
37.6911187171936,154296
37.70001816749573,154288
37.71561789512634,154288
37.755615234375,154288
37.779571771621704,154288
37.78911375999451,154288
37.81171774864197,154288
37.84182572364807,154288
37.84452557563782,154288
37.86016249656677,154288
37.87613034248352,154288
37.899054527282715,154288
37.90127515792847,154288
37.92374110221863,154288
37.9539999961853,154288
37.97059750556946,154288
37.986546754837036,154288
38.00939702987671,154288
38.02563762664795,154288
38.062633991241455,154288
38.072218894958496,154288
38.081302642822266,154286
38.097247838974,154278
38.09914827346802,154278
38.128456115722656,154278
38.14464592933655,154278
38.16104292869568,154278
38.184309005737305,154278
38.207414865493774,154278
38.23802042007446,154278
38.26138949394226,154278
38.2919557094574,154278
38.30185580253601,154278
38.33911895751953,154278
38.34898138046265,154278
38.35766100883484,154278
38.38033699989319,154278
38.41070032119751,154278
38.44114017486572,154278
38.45071887969971,154278
38.466779708862305,154278
38.48985981941223,154278
38.49925875663757,154278
38.529067516326904,154278
38.538609981536865,154278
38.56194710731506,154278
38.585190773010254,154278
38.601577043533325,154278
38.62488293647766,154278
38.64802956581116,154278
38.671515226364136,154278
38.68767809867859,154278
38.69690132141113,154278
38.72652840614319,154278
38.742706537246704,154278
38.758915185928345,154278
38.78210997581482,154278
38.79842448234558,154278
38.80832624435425,154278
38.824440479278564,154278
38.84766221046448,154278
38.86385226249695,154278
38.87277293205261,154278
38.888450384140015,154278
38.91139006614685,154278
38.94853138923645,154278
38.96552133560181,154278
38.96775507926941,154278
39.004042625427246,154278
39.034765005111694,154278
39.05849003791809,154278
39.08898711204529,154278
39.09870982170105,154278
39.12175107002258,154278
39.13796305656433,154278
39.17493915557861,154278
39.184826612472534,154278
39.21451425552368,154278
39.23802709579468,154278
39.254130840301514,154278
39.270307302474976,154278
39.27924728393555,154278
39.31589078903198,154278
39.318522214889526,154278
39.36206841468811,154278
39.3790979385376,154278
39.39540934562683,154278
39.411232233047485,154278
39.42751145362854,154278
39.43641662597656,154278
39.4519898891449,154278
39.46783399581909,154278
39.47659659385681,154278
39.49906635284424,154278
39.522217750549316,154278
39.54514741897583,154278
39.547279596328735,154278
39.563087701797485,154278
39.571901082992554,154278
39.594423055648804,154278
39.59652280807495,154278
39.62573838233948,154278
39.64202857017517,154278
39.6651074886322,154278
39.69534468650818,154278
39.704673528671265,154278
39.72045588493347,154278
39.72220206260681,154278
39.758387327194214,154278
39.76805114746094,154278
39.77682161331177,154278
39.78527855873108,154278
39.793707609176636,154278
39.83011794090271,154278
39.83976101875305,154278
39.86972999572754,154278
39.87182283401489,154278
39.87358379364014,154278
39.881736755371094,154278
39.911160469055176,154278
39.92745637893677,154278
39.950451374053955,154272
39.952922105789185,154272
39.9752082824707,154272
39.984413623809814,154272
40.01398730278015,154272
40.023184061050415,154272
40.06025004386902,154272
40.07006216049194,154272
40.09312582015991,154272
40.10233235359192,154272
40.118528604507446,154272
40.14143967628479,154272
40.15049767494202,154272
40.17327332496643,154272
40.189717292785645,154272
40.19156074523926,154272
40.21374297142029,154272
40.222756147384644,154272
40.25263547897339,154272
40.26193118095398,154272
40.305962800979614,154272
40.329643964767456,154272
40.332449197769165,154272
40.34840440750122,154272
40.38515543937683,154272
40.394983768463135,154272
40.41101670265198,154272
40.42724847793579,154272
40.443111419677734,154272
40.444929122924805,154272
40.46008586883545,154272
40.46867775917053,154272
40.48449158668518,154272
40.50733137130737,154272
40.53033399581909,154272
40.553619384765625,154272
40.5629026889801,154272
40.578782081604004,154272
40.580591917037964,154272
40.61680769920349,154272
40.63328957557678,154272
40.6498339176178,154272
40.665725231170654,154272
40.66737508773804,154272
40.68293642997742,154272
40.69874620437622,154272
40.714670181274414,154270
40.71651577949524,154270
40.74564719200134,154270
40.75513052940369,154270
40.79174280166626,154270
40.82247567176819,154270
40.8253448009491,154270
40.84064698219299,154270
40.84953594207764,154270
40.86512112617493,154270
40.88793659210205,154270
40.897414445877075,154270
40.934027910232544,154270
40.95074129104614,154270
40.97400903701782,154270
40.99022340774536,154262
41.00618839263916,154258
41.028918981552124,154258
41.045281648635864,154258
41.047319173812866,154258
41.07687425613403,154258
41.07917809486389,154258
41.10875701904297,154258
41.11802840232849,154258
41.140894651412964,154258
41.17808747291565,154258
41.18754458427429,154258
41.21822714805603,154258
41.241692781448364,154258
41.25153112411499,154258
41.27409362792969,154258
41.30440855026245,154258
41.33504390716553,154258
41.365458726882935,154258
41.37502098083496,154258
41.384313344955444,154258
41.385966777801514,154258
41.41534614562988,154258
41.42490267753601,154258
41.454567670822144,154258
41.464147090911865,154258
41.48683404922485,154258
41.52413058280945,154258
41.5408456325531,154258
41.55708074569702,154258
41.57298803329468,154258
41.588932514190674,154174
41.604880809783936,154174
41.6207959651947,154174
41.657819986343384,154174
41.660483598709106,154174
41.697139739990234,154174
41.72496700286865,154174
41.75561285018921,154174
41.77200531959534,154174
41.78124713897705,154174
41.81798553466797,154174
41.83440899848938,154174
41.857991218566895,154174
41.87487077713013,154174
41.9048912525177,154174
41.92132568359375,154174
41.965667724609375,154174
41.97555446624756,154174
42.00586819648743,154174
42.02934765815735,154174
42.03892278671265,154174
42.07554745674133,154174
42.09908699989319,154174
42.1088433265686,154174
42.13882780075073,154174
42.14124250411987,154174
42.1638457775116,154174
42.17307257652283,154174
42.195748805999756,154174
42.218910694122314,154174
42.235167503356934,154174
42.26492524147034,154174
42.295427322387695,154174
42.312302112579346,154174
42.31500577926636,154174
42.32393407821655,154174
42.34018588066101,154174
42.36313557624817,154174
42.379236459732056,154174
42.395472049713135,154174
42.411356687545776,154174
42.44134879112244,154174
42.4577910900116,154174
42.47403955459595,154174
42.51096200942993,154174
42.54153299331665,154174
42.565213441848755,154174
42.58203959465027,154174
42.59164357185364,154174
42.61431622505188,154174
42.62354516983032,154174
42.66724443435669,154174
42.67709541320801,154174
42.70739030838013,154174
42.73096990585327,154174
42.740227937698364,154174
42.76982879638672,154174
42.8004047870636,154174
42.81678295135498,154174
42.83287715911865,154174
42.84210133552551,154174
42.8507616519928,154174
42.87340068817139,154174
42.89646935462952,154174
42.92684006690979,154174
42.94370365142822,154174
42.97358679771423,154174
42.99011969566345,154174
43.00671124458313,154174
43.03649187088013,154174
43.053412675857544,154174
43.078861713409424,154174
43.10701894760132,154174
43.183388471603394,154174
43.18871879577637,154174
43.26394605636597,154174
43.304508686065674,154174
43.33317589759827,154174
43.360357999801636,154174
43.39932131767273,154174
43.438899517059326,154174
43.488062381744385,154174
43.497936487197876,154170
43.54171824455261,154170
43.56983542442322,154170
43.596755027770996,154170
43.635488510131836,154170
43.674577951431274,154170
43.701979875564575,154170
43.74091839790344,154170
43.76863360404968,154170
43.784175157547,154170
43.82253551483154,154170
43.88649010658264,154170
43.95053434371948,154170
43.96810579299927,154170
44.01872134208679,154170
44.058005571365356,154170
44.06786394119263,154170
44.076515197753906,154170
44.10617232322693,154170
44.12954068183899,154170
44.15296411514282,154170
44.16936016082764,154170
44.20631241798401,154170
44.216362953186035,154170
44.23274540901184,154170
44.249043226242065,154170
44.26497030258179,154170
44.302006244659424,154170
44.311931133270264,154170
44.32081985473633,154170
44.35039806365967,154170
44.38073945045471,154170
44.39749479293823,154170
44.413586378097534,154170
44.44369029998779,154170
44.45341372489929,154170
44.476375341415405,154170
44.4856071472168,154170
44.515217304229736,154170
44.53878617286682,154170
44.56903409957886,154170
44.57836127281189,154170
44.5943238735199,154170
44.617318630218506,154156
44.63343811035156,154156
44.65663504600525,154156
44.67270255088806,154156
44.70303559303284,154156
44.72667407989502,154156
44.74291753768921,154156
44.75182557106018,154156
44.767406702041626,154156
44.7973575592041,154156
44.813679695129395,154156
44.83677554130554,154156
44.83894968032837,154156
44.87585091590881,154156
44.89935779571533,154156
44.916038513183594,154156
44.91825485229492,154152
44.96156692504883,154152
44.964375019073486,154152
44.994322776794434,154152
45.003727197647095,154152
45.02661991119385,154152
45.035669803619385,154152
45.05863690376282,154152
45.09577536582947,154152
45.112613916397095,154152
45.122201681137085,154152
45.15886688232422,154152
45.16840696334839,154152
45.17762494087219,154152
45.19326424598694,154152
45.22321534156799,154152
45.24661207199097,154152
45.26299476623535,154152
45.29328989982605,154152
45.30288243293762,154152
45.31858539581299,154152
45.33446025848389,154152
45.385207653045654,154152
45.39534640312195,154152
45.40473651885986,154152
45.43516659736633,154152
45.4377007484436,154152
45.46081733703613,154152
45.491129875183105,154152
45.514718770980835,154152
45.52397918701172,154152
45.53959321975708,154152
45.54851698875427,154152
45.57110333442688,154152
45.594199419021606,154152
45.61056447029114,154152
45.63385200500488,154152
45.65710926055908,154152
45.68732953071594,154152
45.70429444313049,154152
45.720205307006836,154152
45.750144481658936,154152
45.76659369468689,154152
45.77582597732544,154152
45.791462421417236,154152
45.82848787307739,154152
45.83805799484253,154152
45.868335247039795,154152
45.87788677215576,154152
45.90754151344299,154152
45.92378282546997,154152
45.95414876937866,154152
45.97765874862671,154152
45.98740887641907,154152
46.003333568573,154152
46.02611517906189,154152
46.06666278839111,154152
46.07663941383362,154152
46.10505771636963,154152
46.12043380737305,154152
46.13499665260315,154152
46.220980167388916,154152
46.237971782684326,154152
46.27895379066467,154152
46.30654811859131,154152
46.33458065986633,154152
46.409767150878906,154152
46.4148736000061,154152
46.465612173080444,154152
46.49356269836426,154152
46.508973598480225,154152
46.54832887649536,154152
46.60042333602905,154152
46.65227031707764,154152
46.66890859603882,154148
46.68427324295044,154148
46.722877502441406,154148
46.750550508499146,154148
46.78952169418335,154148
46.82895874977112,154148
46.85677671432495,154148
46.883955001831055,154148
46.935524463653564,154148
46.97541618347168,154148
46.99156427383423,154148
47.06620979309082,154148
47.095075607299805,154148
47.158936977386475,154148
47.199371576309204,154148
47.22782826423645,154148
47.2673544883728,154148
47.30734634399414,154148
47.34689259529114,154148
47.36305856704712,154148
47.4014618396759,154148
47.42887759208679,154148
47.4807071685791,154148
47.52024292945862,154148
47.54906225204468,154148
47.57703995704651,154148
47.58054780960083,154144
47.59583520889282,154144
47.622936725616455,154144
47.66209077835083,154144
47.67754673957825,154144
47.71685862541199,154144
47.75665616989136,154144
47.79631066322327,154144
47.812015533447266,154144
47.83857321739197,154144
47.877500772476196,154144
47.91708159446716,154144
47.95651149749756,154144
47.99590826034546,154144
48.012211561203,154144
48.03860116004944,154144
48.06560158729553,154144
48.092429399490356,154144
48.14310312271118,154144
48.15932607650757,154144
48.22148942947388,154144
48.27403020858765,154144
48.2900652885437,154144
48.34160089492798,154144
48.35786461830139,154144
48.384519815444946,154144
48.45944333076477,154144
48.500730752944946,154144
48.51746344566345,154144
48.532891035079956,154144
48.56022047996521,154144
48.58751034736633,154144
48.638139724731445,154144
48.67812943458557,154144
48.706037759780884,154144
48.72143363952637,154144
48.784223318099976,154144
48.800740480422974,154144
48.82830476760864,154144
48.8672993183136,154144
48.89539408683777,154144
48.95954775810242,154144
48.99961304664612,154144
49.004658699035645,154144
49.067058801651,154144
49.10786771774292,154144
49.136271953582764,154144
49.163548707962036,154144
49.17937445640564,154144
49.23086714744568,154144
49.258957624435425,154144
49.31059265136719,154144
49.3384850025177,154144
49.36585021018982,154144
49.381633043289185,154144
49.39644503593445,154144
49.43527889251709,154144
49.486794233322144,154144
49.526453256607056,154144
49.56696581840515,154144
49.606863498687744,154144
49.62321329116821,154144
49.697274923324585,154144
49.702611207962036,154144
49.72608733177185,154144
49.742188692092896,154144
49.76543951034546,154144
49.78851556777954,154144
49.80506896972656,154144
49.81398415565491,154144
49.843552112579346,154144
49.87406945228577,154144
49.8766303062439,154144
49.90592670440674,154144
49.9223268032074,154144
49.9454460144043,154144
49.9828245639801,154144
49.99959921836853,154144
50.023465633392334,154144
50.03972291946411,154144
50.07650923728943,154144
50.09318947792053,154144
50.10972285270691,154144
50.1332585811615,154144
50.142526149749756,154144
50.165130615234375,154144
50.195348501205444,154134
50.2117486000061,154134
50.23508071899414,154134
50.25114178657532,154134
50.26738715171814,154134
50.28337550163269,154134
50.32726573944092,154134
50.34382390975952,154134
50.36066675186157,154134
50.377140045166016,154134
50.39311742782593,154134
50.416096448898315,154134
50.43913507461548,154134
50.44863963127136,154134
50.49227166175842,154134
50.49510622024536,154134
50.51104784011841,154134
50.54803228378296,154134
50.550700664520264,154134
50.57335042953491,154134
50.603694677352905,154134
50.620235204696655,154134
50.62203240394592,154134
50.65868782997131,154134
50.67534518241882,154134
50.69859027862549,154134
50.707810163497925,154134
50.72346377372742,154134
50.746450662612915,154134
50.7627375125885,154130
50.77869367599487,154130
50.80161952972412,154130
50.83907747268677,154130
50.848787784576416,154130
50.864747047424316,154130
50.88070058822632,154130
50.88963508605957,154130
50.91926836967468,154130
50.92177653312683,154130
50.93715572357178,154130
50.95309638977051,154130
50.97602200508118,154130
50.99231767654419,154130
51.02209234237671,154130
51.03868579864502,154130
51.041035890579224,154130
51.07762098312378,154130
51.09401345252991,154130
51.11060690879822,154130
51.12706232070923,154130
51.12896013259888,154130
51.15177607536316,154130
51.17520809173584,154130
51.19861459732056,154130
51.20820999145508,154130
51.2309045791626,154130
51.23307967185974,154130
51.24840307235718,154130
51.27829074859619,154130
51.28066349029541,154130
51.3172652721405,154130
51.33411884307861,154130
51.3570990562439,154130
51.373347759246826,154130
51.38928294181824,154130
51.419347047805786,154130
51.4429395198822,154130
51.45217251777649,154130
51.474870681762695,154130
51.49107813835144,154130
51.51399326324463,154130
51.52325510978699,154130
51.545844316482544,154130
51.58999562263489,154130
51.6000018119812,154130
51.6019172668457,154130
51.63832449913025,154130
51.654847860336304,154130
51.6781325340271,154130
51.701356649398804,154130
51.71772480010986,154130
51.734455585479736,154130
51.7576060295105,154130
51.7601203918457,154130
51.796528816223145,154130
51.799169301986694,154130
51.814778566360474,154130
51.830730676651,154130
51.86061930656433,154130
51.88404846191406,154130
51.91444230079651,154130
51.93118977546692,154130
51.94113039970398,154130
51.942734718322754,154130
51.96500539779663,154130
51.97404479980469,154130
52.011001110076904,154130
52.034703493118286,154130
52.03727602958679,154130
52.05266213417053,154130
52.09476089477539,154130
52.122897148132324,154130
52.18617796897888,154130
52.21574544906616,154130
52.23167610168457,154130
52.258907318115234,154130
52.310033082962036,154130
52.35040807723999,154122
52.39030146598816,154122
52.407432079315186,154122
52.4231436252594,154122
52.47326040267944,154122
52.48996043205261,154122
52.55211281776428,154122
52.60510540008545,154122
52.63307476043701,154122
52.672791957855225,154122
52.71365022659302,154122
52.72951102256775,154122
52.756836891174316,154122
52.77257752418518,154118
52.823312282562256,154118
52.851627826690674,154118
52.915491819381714,154118
52.94389891624451,154118
52.98350286483765,154118
53.01308870315552,154118
53.05369758605957,154118
53.069459199905396,154118
53.10861921310425,154118
53.137526512145996,154118
53.1905951499939,154118
53.21859526634216,154118
53.24657464027405,154118
53.28633689880371,154118
53.31390047073364,154118
53.34165143966675,154118
53.36893367767334,154118
53.40787649154663,154118
53.43583822250366,154118
53.49892497062683,154118
53.515480518341064,154118
53.53082275390625,154118
53.558457136154175,154118
53.5855975151062,154118
53.68417048454285,154118
53.70125913619995,154118
53.739463567733765,154118
53.742279291152954,154102
53.75811982154846,154102
53.79507565498352,154102
53.82580018043518,154102
53.835654973983765,154102
53.86529612541199,154102
53.874847650527954,154102
53.88349652290344,154102
53.89909482002258,154102
53.91496539115906,154102
53.94482731819153,154102
53.96818542480469,154102
53.99157094955444,154102
54.01513886451721,154102
54.0170259475708,154102
54.05390906333923,154102
54.05687689781189,154102
54.07290959358215,154102
54.081825733184814,154102
54.0903697013855,154102
54.13394856452942,154102
54.14376258850098,154102
54.15293788909912,154102
54.16147780418396,154102
54.176992416381836,154102
54.213886976242065,154102
54.23038291931152,154102
54.25395178794861,154102
54.270177125930786,154102
54.286113023757935,154102
54.30897068977356,154102
54.31813097000122,154102
54.34064531326294,154102
54.356733560562134,154102
54.36531710624695,154102
54.37405228614807,154102
54.382466077804565,154102
54.39095711708069,154102
54.427409648895264,154102
54.42979025840759,154102
54.438637495040894,154102
54.46111559867859,154102
54.477232217788696,154102
54.47897458076477,154102
54.49412560462952,154102
54.52401256561279,154102
54.526461362838745,154102
54.54169178009033,154102
54.57148456573486,154102
54.5878050327301,154102
54.59684729576111,154102
54.60566210746765,154102
54.60711741447449,154102
54.61522436141968,154102
54.637691259384155,154102
54.65361952781677,154102
54.65566396713257,154102
54.69186758995056,154102
54.71527028083801,154102
54.71834373474121,154102
54.74047040939331,154102
54.777650117874146,154102
54.80128502845764,154102
54.81044006347656,154102
54.82653856277466,154102
54.82828903198242,154102
54.836387157440186,154102
54.851810455322266,154102
54.86758327484131,154102
54.89731216430664,154102
54.91356444358826,154102
54.93674421310425,154102
54.9528648853302,154102
54.96870279312134,154102
54.98448848724365,154102
54.993332386016846,154102
55.001826763153076,154102
55.01731848716736,154102
55.033042192459106,154102
55.0628981590271,154102
55.0729033946991,154102
55.0884051322937,154102
55.11827802658081,154102
55.1276319026947,154102
55.16431474685669,154102
55.16734957695007,154102
55.1825270652771,154102
55.198368310928345,154102
55.228203535079956,154102
55.251497983932495,154102
55.26780891418457,154102
55.29794788360596,154102
55.30741620063782,154102
55.3369402885437,154102
55.360331296920776,154102
55.369762897491455,154102
55.385663986206055,154102
55.3945951461792,154102
55.417120933532715,154102
55.4262592792511,154102
55.42770791053772,154102
55.45691275596619,154102
55.46638321876526,154102
55.49586892127991,154102
55.49824929237366,154102
55.513317346572876,154102
55.52205014228821,154102
55.53752899169922,154102
55.546271085739136,154102
55.547707080841064,154102
55.56982445716858,154102
55.59294295310974,154102
55.6227285861969,154102
55.62562847137451,154102
55.63406324386597,154102
55.649521827697754,154102
55.66527056694031,154102
55.6810085773468,154102
55.696699380874634,154102
55.69880938529968,154102
55.735108375549316,154102
55.73785352706909,154102
55.767011880874634,154102
55.78334617614746,154102
55.806623220443726,154102
55.81566262245178,154102
55.83141279220581,154102
55.84753775596619,154102
55.86340045928955,154102
55.8932900428772,154102
55.90978717803955,154102
55.911681175231934,154102
55.91282892227173,154102
55.91387724876404,154102
55.93592190742493,154102
55.95888710021973,154102
55.961081743240356,154102
55.96244549751282,154102
55.99151039123535,154102
55.993881702423096,154102
56.02299165725708,154102
56.04605841636658,154102
56.04850959777832,154102
56.05731415748596,154102
56.08728909492493,154102
56.11064529418945,154102
56.11290454864502,154102
56.14244079589844,154102
56.15184760093689,154102
56.17440462112427,154102
56.1834282875061,154102
56.20614695549011,154102
56.22227382659912,154102
56.245052337646484,154102
56.25437140464783,154102
56.29119157791138,154102
56.30768179893494,154102
56.32392859458923,154102
56.33306574821472,154102
56.33447337150574,154102
56.377591133117676,154102
56.38066291809082,154102
56.42387914657593,154102
56.433852672576904,154102
56.4497606754303,154102
56.47264909744263,154102
56.474607706069946,154102
56.511133432388306,154102
56.52797842025757,154102
56.543872594833374,154102
56.55257773399353,154102
56.56843328475952,154102
56.59813070297241,154102
56.60039925575256,154102
56.61584782600403,154102
56.62459087371826,154102
56.65413737297058,154102
56.65654444694519,154102
56.67870044708252,154102
56.6878297328949,154102
56.689270973205566,154102
56.718390703201294,154102
56.74164652824402,154102
56.74391984939575,154102
56.75237441062927,154102
56.76783299446106,154102
56.77659249305725,154102
56.798911571502686,154102
56.82895350456238,154102
56.84545636177063,154102
56.86139988899231,154102
56.898138761520386,154102
56.90782952308655,154102
56.92415475845337,154102
56.92630410194397,154102
56.94861626625061,154102
56.964916706085205,154102
56.97380542755127,154102
56.98230862617493,154102
56.99080419540405,154102
57.00626802444458,154102
57.00786113739014,154102
57.030266523361206,154102
57.03230285644531,154102
57.061359882354736,154102
57.078203439712524,154102
57.093979835510254,154102
57.10270810127258,154102
57.111523389816284,154102
57.14099931716919,154102
57.142921924591064,154102
57.1518349647522,154102
57.18169116973877,154102
57.19814443588257,154102
57.20703315734863,154102
57.22260355949402,154102
57.25941276550293,154102
57.26926803588867,154102
57.291842222213745,154102
57.30104112625122,154102
57.30955505371094,154102
57.325053215026855,154102
57.34762787818909,154102
57.35669660568237,154102
57.3796591758728,154102
57.382078647613525,154102
57.40422439575195,154102
57.40623736381531,154102
57.42134118080139,154102
57.42999076843262,154102
57.4524085521698,154102
57.46852779388428,154102
57.47730016708374,154102
57.485740184783936,154102
57.50123476982117,154102
57.50996661186218,154102
57.525447368621826,154102
57.541239976882935,154102
57.564046144485474,154102
57.580143213272095,154102
57.581743478775024,154102
57.61116075515747,154102
57.627650022506714,154102
57.64351034164429,154102
57.65231394767761,154102
57.674798250198364,154102
57.683753490448,154102
57.68549847602844,154102
57.72237968444824,154102
57.745875120162964,154102
57.75554847717285,154102
57.778377532958984,154102
57.79447269439697,154102
57.831315994262695,154102
57.84094429016113,154102
57.87083292007446,154102
57.89397621154785,154102
57.90361666679382,154102
57.919437646865845,154102
57.94206523895264,154102
57.97242760658264,154102
57.988826751708984,154102
57.99108624458313,154102
58.01363921165466,154102
58.02276563644409,154102
58.05932402610779,154102
58.061593532562256,154102
58.06354570388794,154102
58.06492781639099,154102
58.08045315742493,154102
58.09606122970581,154102
58.097875356674194,154102
58.11317300796509,154102
58.12188363075256,154102
58.13026714324951,154102
58.13158941268921,154102
58.132532596588135,154102
58.13347578048706,154102
58.14140510559082,154102
58.142688035964966,154102
58.16467356681824,154102
58.17366909980774,154102
58.189128398895264,154102
58.1908004283905,154102
58.19883418083191,154102
58.22821617126465,154102
58.23757839202881,154102
58.25996255874634,154102
58.28297805786133,154102
58.299097776412964,154102
58.300676345825195,154102
58.31611084938049,154102
58.31781482696533,154102
58.332862854003906,154102
58.35556411743164,154102
58.378371715545654,154102
58.3880033493042,154102
58.396843671798706,154102
58.412367820739746,154102
58.41411566734314,154102
58.443264961242676,154102
58.44529724121094,154102
58.461084604263306,154102
58.476863622665405,154102
58.47864270210266,154102
58.49373698234558,154102
58.50949716567993,154102
58.52533292770386,154102
58.533958196640015,154102
58.570823192596436,154102
58.580300092697144,154102
58.582375288009644,154102
58.597455978393555,154102
58.606175899505615,154102
58.6215660572052,154102
58.63727855682373,154102
58.64602994918823,154102
58.647422075271606,154102
58.676488637924194,154102
58.67867684364319,154102
58.680039405822754,154102
58.68824052810669,154088
58.710798025131226,154088
58.73400545120239,154088
58.75720548629761,154088
58.759148836135864,154088
58.79569149017334,154088
58.826398849487305,154088
58.836028814315796,154088
58.865782499313354,154088
58.867883920669556,154088
58.87668824195862,154088
58.91323804855347,154088
58.915833950042725,154088
58.938270568847656,154088
58.95445251464844,154088
58.99134969711304,154088
59.0008659362793,154088
59.01010465621948,154088
59.032691955566406,154088
59.04182720184326,154088
59.06434464454651,154088
59.08800506591797,154088
59.104246854782104,154088
59.126965045928955,154088
59.136497020721436,154066
59.16608762741089,154066
59.189677238464355,154066
59.20596623420715,154066
59.2078537940979,154066
59.24414539337158,154066
59.25381660461426,154066
59.262664794921875,154066
59.29935646057129,154066
59.302008867263794,154066
59.31758093833923,154066
59.333276987075806,154066
59.35637092590332,154066
59.379366636276245,154066
59.40971899032593,154066
59.412362575531006,154066
59.413880825042725,154066
59.45000720024109,154066
59.46684193611145,154066
59.48972535133362,154066
59.5128231048584,154066
59.536354541778564,154066
59.55261993408203,154066
59.57560682296753,154066
59.598795890808105,154066
59.60792279243469,154066
59.63040900230408,154066
59.653478145599365,154066
59.65557074546814,154066
59.65668511390686,154066
59.66476058959961,154066
59.66610670089722,154066
59.695093393325806,154066
59.69742774963379,154066
59.712549448013306,154066
59.742077350616455,154066
59.7444212436676,154066
59.76721119880676,154066
59.77616572380066,154066
59.805904150009155,154066
59.822455406188965,154066
59.84562969207764,154066
59.861788511276245,154066
59.8706488609314,154066
59.90714907646179,154066
59.909544229507446,154066
59.91130042076111,154066
59.92646241188049,154066
59.963082790374756,154066
59.96596074104309,154066
59.981430768966675,154066
59.997185945510864,154066
60.01981544494629,154066
60.02909326553345,154066
60.03080940246582,154066
60.045942544937134,154066
60.07626962661743,154066
60.09255647659302,154066
60.0947539806366,154066
60.13802242279053,154066
60.14097261428833,154066
60.15644907951355,154066
60.17933011054993,154066
60.20240831375122,154066
60.20434498786926,154066
60.205748319625854,154066
60.23491358757019,154066
60.237316370010376,154066
60.24541735649109,154066
60.26080346107483,154066
60.283658266067505,154066
60.3136568069458,154066
60.32337975502014,154066
60.33912491798401,154066
60.35532999038696,154066
60.36421775817871,154066
60.37276077270508,154066
60.37420654296875,154066
60.375303506851196,154066
60.39742588996887,154066
60.4065523147583,154066
60.41501235961914,154066
60.437493562698364,154066
60.43956160545349,154066
60.468788623809814,154066
60.485241174697876,154066
60.508097410202026,154066
60.53105163574219,154066
60.533352851867676,154066
60.54881930351257,154066
60.56467413902283,154066
60.58752655982971,154066
60.603683948516846,154066
60.61952567100525,154066
60.62836265563965,154066
60.62980914115906,154066
60.67991852760315,154066
60.69706606864929,154066
60.70661520957947,154066
60.72220230102539,154066
60.73806095123291,154066
60.76094317436218,154066
60.77707552909851,154066
60.79287910461426,154066
60.82962369918823,154066
60.83217167854309,154066
60.848342418670654,154066
60.86403441429138,154066
60.87297773361206,154066
60.89556407928467,154066
60.92583417892456,154066
60.93549203872681,154066
60.94438123703003,154066
60.966991901397705,154066
60.969114542007446,154066
60.984243869781494,154066
61.021066188812256,154066
61.03757405281067,154066
61.04002547264099,154066
61.083736419677734,154066
61.09355616569519,154066
61.095752000808716,154066
61.125070571899414,154066
61.141483306884766,154066
61.14369034767151,154066
61.186890840530396,154066
61.189815044403076,154066
61.226404428482056,154066
61.24312138557434,154066
61.287232875823975,154066
61.31092095375061,154066
61.31391763687134,154066
61.337329387664795,154066
61.35378384590149,154066
61.39089226722717,154066
61.40057110786438,154066
61.41679286956787,154066
61.44017219543457,154066
61.45659160614014,154066
61.46570682525635,154066
61.49569821357727,154066
61.49825668334961,154066
61.53460216522217,154066
61.5581636428833,154066
61.567543268203735,154066
61.58389925956726,154066
61.60709834098816,154066
61.623308420181274,154066
61.632251501083374,154066
61.64781975746155,154066
61.68480587005615,154066
61.69449019432068,154066
61.727964878082275,154066
61.76782703399658,154066
61.80747675895691,154066
61.83480978012085,154066
61.87488055229187,154066
61.91466665267944,154066
61.95555543899536,154066
61.98446583747864,154066
62.02362561225891,154066
62.05149030685425,154066
62.09241008758545,154066
62.09543180465698,154066
62.13218665122986,154066
62.14874315261841,154066
62.165322065353394,154066
62.209314584732056,154066
62.219311475753784,154066
62.24211597442627,154066
62.265106201171875,154066
62.28164625167847,154066
62.30478000640869,154066
62.307162284851074,154066
62.34480142593384,154066
62.37312173843384,154066
62.42469024658203,154066
62.46483659744263,154066
62.48041319847107,154066
62.519822120666504,154066
62.53596544265747,154066
62.573753356933594,154066
62.5900444984436,154066
62.61988139152527,154066
62.65010905265808,154066
62.659618854522705,154066
62.675827741622925,154066
62.685065507888794,154066
62.728718280792236,154066
62.745545387268066,154066
62.75512480735779,154066
62.78479552268982,154066
62.80817937850952,154066
62.83158850669861,154066
62.84803795814514,154066
62.86427068710327,154066
62.88010931015015,154066
62.91707491874695,154066
62.93379783630371,154066
62.96399164199829,154066
62.98055386543274,154066
62.996484994888306,154066
63.02656006813049,154066
63.06399393081665,154066
63.08108329772949,154066
63.09096097946167,154066
63.1299946308136,154066
63.145633935928345,154066
63.17313098907471,154066
63.21220088005066,154066
63.215898513793945,154066
63.26652383804321,154066
63.307068824768066,154066
63.33579397201538,154066
63.37583780288696,154066
63.41540503501892,154066
63.454894065856934,154066
63.4587082862854,154066
63.49793791770935,154066
63.53766942024231,154066
63.588844776153564,154066
63.59308838844299,154066
63.643248319625854,154066
63.69463610649109,154066
63.72255849838257,154066
63.77428698539734,154066
63.778881788253784,154066
63.81897306442261,154066
63.83477258682251,154066
63.87306356430054,154066
63.888777017593384,154066
63.95056986808777,154066
63.98999071121216,154066
63.99516797065735,154066
64.03401923179626,154066
64.07310509681702,154066
64.10093927383423,154066
64.12787461280823,154066
64.15501093864441,154066
64.17020344734192,154066
64.18486475944519,154066
64.23620319366455,154066
64.27606916427612,154066
64.29245853424072,154066
64.33253073692322,154066
64.40977025032043,154066
64.42351651191711,154066
64.4327540397644,154066
64.44839763641357,154066
64.47832918167114,154066
64.49487352371216,154066
64.52461814880371,154066
64.53412985801697,154066
64.5501823425293,154066
64.58029007911682,154066
64.58983278274536,154066
64.59904885292053,154066
64.61469984054565,154066
64.63056874275208,154066
64.65355086326599,154066
64.6697769165039,154066
64.6927843093872,154066
64.7228434085846,154066
64.75343465805054,154066
64.77042388916016,154066
64.77948999404907,154066
64.81645894050598,154066
64.82615375518799,154066
64.84207558631897,154066
64.87901544570923,154066
64.89574718475342,154066
64.9188539981842,154066
64.9563615322113,154066
64.96632766723633,154066
64.98918533325195,154066
65.00538754463196,154066
65.04229617118835,154066
65.05880045890808,154066
65.0611424446106,154066
65.0697386264801,154066
65.09944534301758,154066
65.13270330429077,154066
65.16102075576782,154066
65.22392988204956,154066
65.24075293540955,154066
65.26775693893433,154066
65.31859755516052,154066
65.34697389602661,154066
65.39821577072144,154066
65.4149272441864,154066
65.44235801696777,154066
65.49314212799072,154066
65.53268003463745,154066
65.56110310554504,154066
65.58874416351318,154066
65.66262888908386,154066
65.69072556495667,154066
65.71931767463684,154066
65.72922325134277,154066
65.73863077163696,154066
65.75493264198303,154066
65.79179430007935,154066
65.80147886276245,154066
65.81044888496399,154066
65.83309268951416,154066
65.86999869346619,154066
65.88698816299438,154066
65.90354204177856,154066
65.92717576026917,154066
65.96505689620972,154066
65.96881079673767,154066
65.99576902389526,154066
66.07017421722412,154066
66.087167263031,154066
66.12599468231201,154066
66.17671942710876,154066
66.20436668395996,154066
66.23211097717285,154066
66.2714331150055,154066
66.28674983978271,154066
66.34855794906616,154066
66.38883137702942,154066
66.39271020889282,154066
66.46730446815491,154066
66.49605512619019,154066
66.52432680130005,154066
66.57530736923218,154066
66.5913610458374,154056
66.63064742088318,154056
66.6588065624237,154056
66.69822549819946,154056
66.76117777824402,154056
66.77783703804016,154056
66.82846164703369,154056
66.86805963516235,154056
66.93128561973572,154056
66.96038603782654,154056
66.97628927230835,154056
67.00286030769348,154056
67.01809477806091,154056
67.05639052391052,154056
67.08432984352112,154056
67.12356519699097,154056
67.15169477462769,154056
67.19157981872559,154056
67.25555920600891,154056
67.27237725257874,154056
67.31135082244873,154056
67.33460736274719,154056
67.35774755477905,154056
67.36707019805908,154056
67.389981508255,154056
67.41299366950989,154056
67.42939400672913,154056
67.44545412063599,154056
67.46864151954651,154056
67.47782230377197,154056
67.48639345169067,154056
67.52304768562317,154056
67.52550554275513,154056
67.54837608337402,154056
67.55743288993835,154056
67.58016157150269,154056
67.59643769264221,154052
67.60567784309387,154052
67.61472868919373,154052
67.6165816783905,154052
67.65282583236694,154052
67.66950821876526,154052
67.69974851608276,154052
67.70223999023438,154052
67.73161005973816,154052
67.7480058670044,154052
67.77103018760681,154052
67.7804663181305,154052
67.80341863632202,154052
67.819495677948,154052
67.84274125099182,154052
67.85893130302429,154052
67.88866925239563,154052
67.89854979515076,154052
67.92818689346313,154052
67.9307029247284,154052
67.94595766067505,154052
67.9618468284607,154052
68.00950717926025,154052
68.01445055007935,154052
68.0524833202362,154052
68.07976579666138,154052
68.10709142684937,154052
68.14609336853027,154052
68.18545651435852,154052
68.20121765136719,154052
68.20384359359741,154052
68.25305318832397,154052
68.30446314811707,154052
68.30895471572876,154052
68.3474395275116,154052
68.38667678833008,154052
68.40211915969849,154052
68.4285523891449,154052
68.4438533782959,154052
68.49383187294006,154052
68.52118134498596,154052
68.52542185783386,154052
68.56282496452332,154052
68.60193085670471,154052
68.64105582237244,154052
68.64499950408936,154052
68.70638465881348,154052
68.73469972610474,154052
68.76249098777771,154052
68.76621341705322,154052
68.7920184135437,154052
68.83039450645447,154052
68.86915755271912,154052
68.89709520339966,154052
68.91266131401062,154052
68.97451996803284,154052
69.01392865180969,154052
69.0304319858551,154048
69.0694272518158,154048
69.09670186042786,154048
69.1468825340271,154048
69.16275572776794,154048
69.18917322158813,154048
69.22791242599487,154048
69.23216581344604,154048
69.29320693016052,154048
69.30993413925171,154048
69.3479962348938,154048
69.39866518974304,154048
69.42648601531982,154048
69.45400428771973,154048
69.52854418754578,154048
69.55674362182617,154048
69.58555459976196,154048
69.61249828338623,154048
69.62789058685303,154048
69.66661977767944,154048
69.70457434654236,154048
69.72817969322205,154048
69.74433255195618,154048
69.76040506362915,154048
69.78362464904785,154048
69.80681014060974,154048
69.81608510017395,154048
69.8456699848175,154048
69.86204528808594,154048
69.89909720420837,154048
69.90894198417664,154048
69.93217253684998,154048
69.94124579429626,154048
69.98511576652527,154048
70.00875568389893,154048
70.0187680721283,154048
70.03469586372375,154048
70.05763530731201,154048
70.0596992969513,154048
70.08235549926758,154048
70.09858536720276,154048
70.12855696678162,154048
70.14516568183899,154048
70.15409588813782,154048
70.16275310516357,154048
70.1924638748169,154048
70.19502091407776,154048
70.22430348396301,154048
70.26182723045349,154048
70.27151679992676,154048
70.29444932937622,154048
70.31066536903381,154048
70.32659101486206,154048
70.33539652824402,154048
70.3653290271759,154048
70.36786532402039,154048
70.38311314582825,154048
70.39880537986755,154048
70.4219925403595,154048
70.4521996974945,154048
70.46171236038208,154048
70.48426270484924,154048
70.50044178962708,154048
70.51631379127502,154048
70.53215599060059,154048
70.55506730079651,154048
70.58535671234131,154048
70.594717502594,154048
70.61771726608276,154048
70.62700343132019,154048
70.67051649093628,154048
70.68733668327332,154048
70.70372343063354,154048
70.72700023651123,154048
70.74328088760376,154048
70.74520134925842,154048
70.76049518585205,154048
70.79740071296692,154048
70.80000281333923,154048
70.85051155090332,154040
70.86052584648132,154040
70.86993741989136,154040
70.87170362472534,154040
70.90828537940979,154040
70.91795921325684,154040
70.95477962493896,154040
70.96431064605713,154040
70.99455833435059,154040
71.01804447174072,154040
71.0342423915863,154040
71.05714797973633,154040
71.07333207130432,154040
71.08922362327576,154040
71.11215400695801,154040
71.12137913703918,154040
71.15095043182373,154040
71.16730165481567,154040
71.19033026695251,154040
71.20657348632812,154040
71.22996973991394,154040
71.2461633682251,154040
71.2555365562439,154040
71.29946970939636,154040
71.30212116241455,154040
71.31132555007935,154040
71.34788727760315,154040
71.35770797729492,154040
71.38728380203247,154040
71.41065216064453,154040
71.4130003452301,154040
71.45655465126038,154040
71.48058366775513,154040
71.48993134498596,154040
71.51286029815674,154040
71.5149097442627,154040
71.53049969673157,154036
71.55329775810242,154036
71.5698652267456,154036
71.58576107025146,154036
71.6086585521698,154036
71.61784934997559,154036
71.6474199295044,154036
71.66395998001099,154036
71.67986154556274,154036
71.7027359008789,154036
71.71897411346436,154036
71.73494219779968,154036
71.76488280296326,154036
71.77429723739624,154036
71.78298664093018,154036
71.82673168182373,154036
71.84369325637817,154036
71.85354709625244,154036
71.88315725326538,154036
71.8995726108551,154036
71.93686604499817,154036
71.96039056777954,154036
71.97688746452332,154036
71.97943878173828,154036
71.98768854141235,154036
72.00323367118835,154036
72.03995275497437,154032
72.05714654922485,154032
72.0660674571991,154032
72.10262274742126,154032
72.11229348182678,154032
72.12115287780762,154032
72.14383029937744,154032
72.17404413223267,154032
72.19058775901794,154032
72.20651078224182,154032
72.24342036247253,154032
72.24606037139893,154032
72.2546935081482,154032
72.28427124023438,154032
72.30062866210938,154032
72.33091616630554,154032
72.36131262779236,154032
72.37787675857544,154032
72.39445805549622,154032
72.41740441322327,154032
72.42650985717773,154032
72.45623826980591,154032
72.47294497489929,154032
72.49617266654968,154032
72.50531268119812,154032
72.5352110862732,154032
72.55158925056458,154032
72.56788873672485,154032
72.59080600738525,154032
72.61412215232849,154032
72.63710522651672,154032
72.63997650146484,154032
72.66925621032715,154032
72.6788113117218,154032
72.7014377117157,154032
72.73869681358337,154032
72.75520133972168,154032
72.76447916030884,154032
72.7875304222107,154032
72.79710507392883,154032
72.80574464797974,154032
72.83533573150635,154032
72.84475469589233,154032
72.86069416999817,154032
72.8836464881897,154032
72.90675330162048,154032
72.92313408851624,154032
72.95327281951904,154032
72.98413848876953,154032
72.99368500709534,154032
73.0233633518219,154032
73.05394554138184,154032
73.05652976036072,154032
73.09284353256226,154032
73.11642098426819,154032
73.13294005393982,154032
73.16343259811401,154032
73.17298030853271,154032
73.18158531188965,154032
73.21826601028442,154032
73.2487964630127,154032
73.26544618606567,154032
73.28197026252747,154032
73.29818201065063,154032
73.3000898361206,154032
73.35043692588806,154032
73.36045336723328,154032
73.39805960655212,154032
73.40087509155273,154032
73.41616630554199,154032
73.43192934989929,154032
73.46913981437683,154032
73.48582315444946,154032
73.50204968452454,154032
73.5180344581604,154032
73.53395414352417,154032
73.57067608833313,154032
73.58062887191772,154032
73.61754417419434,154032
73.64122676849365,154032
73.66482925415039,154032
73.68426632881165,154032
73.71499919891357,154032
73.72438454627991,154032
73.75453758239746,154032
73.80683779716492,154032
73.83553767204285,154032
73.875403881073,154032
73.90294170379639,154032
73.94273376464844,154032
73.95872068405151,154032
74.00913286209106,154032
74.03716516494751,154032
74.07708096504211,154032
74.09306406974792,154032
74.11071920394897,154032
74.14762330055237,154032
74.17131447792053,154032
74.18074655532837,154032
74.22473192214966,154032
74.23442792892456,154032
74.23677372932434,154032
74.27337455749512,154032
74.2900390625,154032
74.3199827671051,154032
74.33698034286499,154032
74.36007475852966,154032
74.36942553520203,154032
74.39936113357544,154032
74.41556644439697,154032
74.42492294311523,154032
74.45483756065369,154032
74.48501706123352,154032
74.49481129646301,154032
74.51103615760803,154032
74.51995706558228,154032
74.54258704185486,154032
74.55861783027649,154032
74.57461762428284,154032
74.57683491706848,154032
74.6341381072998,154032
74.63703465461731,154032
74.63955044746399,154032
74.6555495262146,154032
74.67846655845642,154032
74.68048691749573,154032
74.69609904289246,154032
74.71179723739624,154032
74.74197363853455,154032
74.76536011695862,154032
74.77473282814026,154032
74.79054498672485,154032
74.80676412582397,154032
74.83668231964111,154032
74.87428331375122,154032
74.89087247848511,154032
74.90042805671692,154032
74.92314624786377,154032
74.93923211097717,154032
74.94827342033386,154032
74.97115302085876,154032
74.994380235672,154032
75.01759719848633,154032
75.02682590484619,154032
75.04937386512756,154032
75.06544280052185,154032
75.09570622444153,154032
75.10492706298828,154032
75.12100625038147,154032
75.12325930595398,154032
75.14556407928467,154032
75.16181588172913,154032
75.18478584289551,154032
75.20798254013062,154032
75.22426342964172,154032
75.26825284957886,154032
75.27797675132751,154032
75.29421091079712,154032
75.3106038570404,154032
75.32691526412964,154032
75.36364197731018,154032
75.36679553985596,154032
75.41015195846558,154032
75.42683482170105,154032
75.4436867237091,154032
75.45964074134827,154032
75.4756019115448,154032
75.49854040145874,154032
75.51471257209778,154032
75.55156254768372,154032
75.56838035583496,154032
75.59175181388855,154032
75.59412693977356,154032
75.60974955558777,154032
75.64673376083374,154032
75.65647387504578,154032
75.67227411270142,154032
75.70922231674194,154032
75.71918559074402,154032
75.75654935836792,154032
75.76621389389038,154032
75.77577924728394,154032
75.79837155342102,154032
75.81455874443054,154032
75.83749055862427,154032
75.88158941268921,154032
75.90525841712952,154032
75.90826368331909,154032
75.91793894767761,154032
75.94775009155273,154032
75.95747303962708,154032
75.96637296676636,154032
75.99596691131592,154032
76.01222109794617,154032
76.04281497001648,154032
76.05238080024719,154032
76.07499980926514,154032
76.09120035171509,154032
76.10699844360352,154016
76.12307214736938,154016
76.15325951576233,154016
76.16302824020386,154016
76.18592619895935,154016
76.18814325332642,154016
76.21745347976685,154016
76.23388981819153,154016
76.2499635219574,154016
76.27300477027893,154016
76.28224921226501,154016
76.29147982597351,154016
76.32108092308044,154016
76.344233751297,154016
76.36070013046265,154016
76.37005114555359,154016
76.37891507148743,154016
76.40858817100525,154016
76.43209624290466,154016
76.45520234107971,154016
76.47160530090332,154016
76.50870084762573,154016
76.53276896476746,154016
76.57018113136292,154016
76.58706140518188,154016
76.59665179252625,154016
76.6193265914917,154016
76.6285674571991,154016
76.65115165710449,154016
76.67442226409912,154016
76.70460176467896,154016
76.72105813026428,154016
76.73030924797058,154016
76.7389075756073,154016
76.7545759677887,154016
76.78444910049438,154016
76.80786800384521,154016
76.81744170188904,154016
76.84009552001953,154016
76.85637164115906,154016
76.8722333908081,154016
76.88813757896423,154016
76.91803932189941,154016
76.94859552383423,154016
76.97197532653809,154016
76.98856234550476,154016
77.03254961967468,154016
77.04936957359314,154016
77.07964515686035,154016
77.08263325691223,154016
77.10525226593018,154016
77.13529825210571,154016
77.13814330101013,154016
77.18140149116516,154016
77.19118762016296,154016
77.21442365646362,154016
77.21667551994324,154016
77.24611687660217,154016
77.26239275932312,154016
77.2786066532135,154016
77.2881429195404,154016
77.3108286857605,154016
77.32706117630005,154016
77.3498022556305,154016
77.35933327674866,154016
77.38193488121033,154016
77.39817190170288,154016
77.40704250335693,154016
77.4296817779541,154016
77.45288109779358,154016
77.4759624004364,154016
77.4923746585846,154016
77.50843930244446,154016
77.54550790786743,154016
77.55532240867615,154016
77.58535885810852,154016
77.59483814239502,154016
77.61796379089355,154016
77.63451647758484,154016
77.65043354034424,154016
77.69988989830017,154016
77.7171905040741,154016
77.72638368606567,154016
77.77697467803955,154016
77.8008804321289,154016
77.80371022224426,154016
77.81976389884949,154016
77.83614706993103,154016
77.85236883163452,154016
77.88233637809753,154016
77.89874505996704,154016
77.92201018333435,154016
77.92430806159973,154016
77.94673371315002,154016
77.97684955596924,154016
77.97968029975891,154016
78.00903820991516,154016
78.0397093296051,154016
78.06309843063354,154016
78.0933883190155,154016
78.10321235656738,154016
78.13313364982605,154016
78.15666365623474,154016
78.16620182991028,154016
78.1753261089325,154016
78.21930599212646,154016
78.23311233520508,154002
78.24916982650757,154002
78.25113105773926,153962
78.28056764602661,153962
78.29675674438477,153962
78.31355333328247,153962
78.35050821304321,153962
78.3603527545929,153962
78.37593841552734,153962
78.40589475631714,153962
78.42243432998657,153962
78.43826484680176,153962
78.44747424125671,153962
78.47008037567139,153962
78.48625922203064,153962
78.51619052886963,153962
78.53960728645325,153962
78.56292462348938,153962
78.57931971549988,153962
78.60954308509827,153962
78.62594985961914,153962
78.67006921768188,153962
78.6800651550293,153962
78.69628715515137,153962
78.71264839172363,153962
78.74298739433289,153962
78.76660013198853,153962
78.78282141685486,153962
78.8058090209961,153962
78.8289487361908,153962
78.84520435333252,153962
78.88907957077026,153962
78.90593814849854,153962
78.91548013687134,153962
78.93117713928223,153962
78.9401445388794,153962
78.9767894744873,153962
78.99330163002014,153962
79.00936388969421,153962
79.01890468597412,153962
79.03500318527222,153962
79.05117321014404,153962
79.06010818481445,153962
79.09672927856445,153962
79.13417530059814,153962
79.13746881484985,153962
79.1465470790863,153962
79.17648959159851,153962
79.19287157058716,153962
79.21612453460693,153962
79.23237419128418,153962
79.24832820892334,153962
79.27129411697388,153962
79.28017067909241,153962
79.30329513549805,153962
79.31970000267029,153962
79.35698008537292,153962
79.36683368682861,153962
79.38242411613464,153962
79.4123957157135,153962
79.43601989746094,153962
79.45897603034973,153962
79.48278832435608,153962
79.49886393547058,153962
79.5221221446991,153962
79.53842854499817,153962
79.56131911277771,153962
79.57740569114685,153962
79.60061001777649,153962
79.64455914497375,153962
79.65475106239319,153962
79.66444659233093,153962
79.68742966651917,153962
79.70374393463135,153962
79.719722032547,153962
79.72851610183716,153962
79.73743462562561,153962
79.77403330802917,153962
79.80471348762512,153962
79.82844257354736,153962
79.84487557411194,153962
79.86114597320557,153962
79.88408923149109,153962
79.8933355808258,153962
79.90894389152527,153962
79.93886232376099,153962
79.96936917304993,153962
79.97173595428467,153962
80.0013358592987,153962
80.01785182952881,153962
80.04777789115906,153962
80.07117199897766,153962
80.08072876930237,153962
80.11735200881958,153962
80.12704706192017,153962
80.14995193481445,153962
80.1802089214325,153962
80.19674372673035,153962
80.20564675331116,153962
80.23520803451538,153962
80.25140953063965,153962
80.2610216140747,153958
80.2908034324646,153958
80.30738401412964,153958
80.33044576644897,153958
80.3607861995697,153958
80.37745022773743,153958
80.38671636581421,153958
80.40230250358582,153958
80.42518210411072,153958
80.46941375732422,153958
80.47912001609802,153958
80.50269198417664,153958
80.51197719573975,153958
80.53464722633362,153958
80.55076503753662,153958
80.56682991981506,153934
80.58291864395142,153934
80.59216523170471,153934
80.61484336853027,153934
80.63108992576599,153934
80.64703345298767,153934
80.69099235534668,153934
80.70785856246948,153934
80.73838400840759,153934
80.74795031547546,153934
80.77764749526978,153934
80.79402828216553,153934
80.8101372718811,153934
80.82641744613647,153934
80.84940338134766,153934
80.87251091003418,153934
80.90280890464783,153934
80.91952013969421,153934
80.94260144233704,153934
80.94483590126038,153934
80.9676308631897,153934
80.9836676120758,153934
80.99262833595276,153934
81.00145888328552,153934
81.0169448852539,153934
81.02576684951782,153934
81.0412380695343,153934
81.04299068450928,153934
81.10715293884277,153934
81.11056971549988,153934
81.13394784927368,153934
81.1572277545929,153934
81.16673302650452,153934
81.19644856452942,153934
81.19900012016296,153934
81.2213761806488,153934
81.23765468597412,153934
81.26762866973877,153934
81.29068231582642,153934
81.30762219429016,153934
81.31696677207947,153934
81.33288908004761,153934
81.33477258682251,153934
81.36405539512634,153934
81.38043403625488,153934
81.38965129852295,153934
81.43327188491821,153934
81.44307351112366,153934
81.45229649543762,153934
81.47492980957031,153934
81.491131067276,153934
81.50002527236938,153934
81.52265071868896,153934
81.5457398891449,153934
81.5761706829071,153898
81.57901191711426,153898
81.615309715271,153898
81.63198733329773,153898
81.64123702049255,153898
81.6567747592926,153898
81.67265701293945,153898
81.6886076927185,153898
81.72191977500916,153898
81.74907326698303,153898
81.7879250049591,153898
81.79257607460022,153898
81.85443043708801,153898
81.85894632339478,153898
81.8969829082489,153898
81.9242935180664,153898
81.9627480506897,153898
81.98992085456848,153898
82.0050277709961,153898
82.06712412834167,153898
82.08395576477051,153898
82.12207007408142,153898
82.13803339004517,153898
82.18768000602722,153898
82.21540188789368,153898
82.25460600852966,153898
82.27007961273193,153898
82.33278012275696,153898
82.34931492805481,153898
82.38785576820374,153898
82.40343904495239,153898
82.44206881523132,153898
82.50521993637085,153898
82.55643963813782,153898
82.58518695831299,153898
82.61336302757263,153898
82.65308260917664,153898
82.66858386993408,153898
82.73024654388428,153898
82.74664306640625,153898
82.78502178192139,153898
82.8477725982666,153898
82.87625503540039,153898
82.89126825332642,153898
82.89389252662659,153898
82.95495009422302,153898
82.9594202041626,153898
83.02106881141663,153898
83.04867720603943,153898
83.07631063461304,153898
83.1153655052185,153898
83.13112664222717,153898
83.15779161453247,153898
83.20820498466492,153898
83.22441291809082,153898
83.23881196975708,153898
83.32424592971802,153898
83.35381650924683,153898
83.38119840621948,153898
83.40861225128174,153898
83.45900559425354,153898
83.51061773300171,153898
83.53891372680664,153898
83.57856845855713,153898
83.58242440223694,153898
83.65580081939697,153898
83.6609194278717,153898
83.67546486854553,153898
83.71353912353516,153898
83.7528464794159,153898
83.76807308197021,153898
83.79458665847778,153898
83.83340692520142,153898
83.86060810089111,153898
83.86396598815918,153898
83.92295527458191,153898
83.95374393463135,153898
83.97050070762634,153898
84.00056552886963,153898
84.00344848632812,153898
84.03977727890015,153898
84.05633068084717,153898
84.07970380783081,153898
84.08910512924194,153898
84.12615776062012,153898
84.13561010360718,153898
84.15900325775146,153898
84.17530298233032,153898
84.18467378616333,153898
84.20755934715271,153898
84.21678495407104,153898
84.2393867969513,153898
84.2626588344574,153898
84.2785701751709,153898
84.30917716026306,153898
84.33293867111206,153898
84.35629510879517,153898
84.36561512947083,153898
84.38182377815247,153898
84.41878128051758,153898
84.42160725593567,153898
84.45794630050659,153898
84.46768260002136,153898
84.50462365150452,153898
84.50733160972595,153898
84.55818319320679,153898
84.58201360702515,153898
84.60604524612427,153898
84.6087167263031,153898
84.62472105026245,153898
84.64062976837158,153898
84.67760229110718,153898
84.70806360244751,153898
84.71107888221741,153898
84.72740125656128,153898
84.75036978721619,153898
84.79461002349854,153898
84.80450415611267,153898
84.83451175689697,153898
84.85116791725159,153898
84.87446403503418,153898
84.9047327041626,153898
84.91417264938354,153898
84.93716883659363,153898
84.96748042106628,153898
84.99788475036621,153898
85.01427364349365,153898
85.03081727027893,153898
85.05442118644714,153898
85.08448243141174,153898
85.09433150291443,153898
85.13113069534302,153898
85.14063262939453,153898
85.15686774253845,153898
85.18676495552063,153898
85.22425413131714,153898
85.22708344459534,153898
85.23605251312256,153898
85.26567912101746,153898
85.29594278335571,153898
85.29856872558594,153898
85.32157015800476,153898
85.34499311447144,153898
85.36165237426758,153898
85.37756896018982,153898
85.40751886367798,153898
85.43797278404236,153898
85.4616436958313,153898
85.47795343399048,153898
85.50136160850525,153898
85.53198504447937,153898
85.54140901565552,153898
85.55742478370667,153898
85.58018970489502,153898
85.58953642845154,153898
85.60545659065247,153898
85.62839436531067,153898
85.63762903213501,153898
85.66723704338074,153898
85.7065703868866,153898
85.72268629074097,153898
85.75045967102051,153898
85.76685905456543,153898
85.80550837516785,153898
85.83331370353699,153898
85.88460612297058,153898
85.93678426742554,153898
85.9646942615509,153898
85.99261784553528,153898
86.01904153823853,153898
86.04617118835449,153898
86.08550643920898,153898
86.11312007904053,153898
86.11688446998596,153898
86.1544303894043,153898
86.19329571723938,153898
86.22130727767944,153898
86.24800777435303,153898
86.31020593643188,153898
86.37379956245422,153898
86.39088678359985,153898
86.4424421787262,153898
86.48240542411804,153898
86.54529428482056,153898
86.56284499168396,153898
86.58979177474976,153898
86.6046974658966,153898
86.63114523887634,153898
86.69400215148926,153898
86.71066284179688,153898
86.72676038742065,153898
86.80112266540527,153898
86.80620217323303,153898
86.83309054374695,153898
86.89552545547485,153898
86.92410445213318,153898
86.97484064102173,153898
86.99140954017639,153898
87.01818633079529,153898
87.03325247764587,153898
87.09587621688843,153898
87.13628077507019,153898
87.16384410858154,153898
87.19174480438232,153898
87.21888327598572,153898
87.27032208442688,153898
87.29872417449951,153898
87.33780765533447,153898
87.38910722732544,153898
87.41730642318726,153898
87.45621418952942,153898
87.48379039764404,153898
87.5223970413208,153898
87.53850603103638,153898
87.56505131721497,153898
87.61586618423462,153898
87.6200339794159,153898
87.69361186027527,153898
87.72265267372131,153898
87.7389132976532,153898
87.77781701087952,153898
87.80536079406738,153898
87.85698246955872,153898
87.87301564216614,153898
87.89990234375,153898
87.97445464134216,153898
87.97976279258728,153898
88.05350756645203,153898
88.07033324241638,153898
88.10932350158691,153898
88.18369150161743,153898
88.18903517723083,153898
88.23983669281006,153898
88.29336380958557,153898
88.34555101394653,153898
88.36212992668152,153898
88.3898868560791,153898
88.40525364875793,153898
88.46708154678345,153898
88.4958426952362,153898
88.54654240608215,153898
88.56352281570435,153898
88.60256290435791,153898
88.61848211288452,153898
88.63309741020203,153898
88.73035049438477,153898
88.7352225780487,153898
88.76319169998169,153898
88.77966094017029,153898
88.83063912391663,153898
88.8462016582489,153898
88.86148118972778,153898
88.92342185974121,153898
88.95163249969482,153898
88.96776056289673,153898
89.0061309337616,153898
89.04496455192566,153898
89.07287263870239,153898
89.11142945289612,153898
89.12740850448608,153898
89.16562938690186,153898
89.21636199951172,153898
89.25621223449707,153898
89.29573202133179,153898
89.32318449020386,153898
89.35078644752502,153898
89.40080332756042,153898
89.44117641448975,153898
89.48049998283386,153898
89.48502898216248,153898
89.57018566131592,153898
89.58711743354797,153898
89.62654137611389,153898
89.67817783355713,153898
89.69885420799255,153898
89.71526980400085,153898
89.73853659629822,153898
89.76173901557922,153898
89.79206895828247,153898
89.80852699279785,153898
89.831702709198,153898
89.84127569198608,153898
89.86391925811768,153898
89.88693451881409,153898
89.89630722999573,153898
89.91926503181458,153894
89.93536758422852,153894
89.95145988464355,153894
89.97456049919128,153894
89.98397970199585,153894
89.9999430179596,153894
90.02293229103088,153894
90.03918552398682,153894
90.07619166374207,153894
90.09293913841248,153894
90.09514427185059,153894
90.11737179756165,153894
90.14763021469116,153894
90.1641275882721,153894
90.19414830207825,153892
90.2035641670227,153892
90.2265191078186,153892
90.23564195632935,153892
90.25859999656677,153892
90.27481651306152,153892
90.29068922996521,153892
90.32768988609314,153892
90.33747124671936,153892
90.35344386100769,153892
90.39037299156189,153892
90.40693688392639,153892
90.42351293563843,153892
90.4532675743103,153892
90.47682309150696,153892
90.50025296211243,153892
90.50324773788452,153892
90.5118579864502,153892
90.54843139648438,153892
90.55827307701111,153892
90.58093190193176,153892
90.5901792049408,153892
90.61274862289429,153892
90.64286518096924,153892
90.65267181396484,153892
90.68232488632202,153892
90.70586252212524,153892
90.72205996513367,153892
90.74501132965088,153892
90.76116275787354,153892
90.78428769111633,153892
90.7937159538269,153892
90.8094711303711,153892
90.83958888053894,153892
90.86305689811707,153892
90.87974691390991,153892
90.89597678184509,153892
90.91187262535095,153892
90.934885263443,153892
90.95111870765686,153892
90.97405171394348,153892
90.98332977294922,153892
91.01997637748718,153892
91.02231788635254,153892
91.04556655883789,153892
91.0684118270874,153892
91.09192562103271,153892
91.12231016159058,153892
91.12479734420776,153892
91.14075326919556,153892
91.17769813537598,153892
91.18036818504333,153892
91.20295286178589,153892
91.23303151130676,153892
91.24287939071655,153892
91.27252197265625,153884
91.2957181930542,153884
91.31228017807007,153884
91.34270977973938,153884
91.35208511352539,153884
91.35468578338623,153884
91.38404679298401,153884
91.40060377120972,153884
91.40954399108887,153884
91.4391815662384,153884
91.46265745162964,153884
91.49315905570984,153884
91.49599695205688,153884
91.51834177970886,153884
91.52739524841309,153884
91.55741167068481,153884
91.56700372695923,153884
91.59663319587708,153884
91.61305022239685,153884
91.62231540679932,153884
91.63094091415405,153884
91.66051721572876,153884
91.68406081199646,153884
91.68610954284668,153884
91.72275710105896,153884
91.72529101371765,153884
91.74122714996338,153884
91.76417756080627,153884
91.78043341636658,153884
91.81018877029419,153884
91.82690596580505,153884
91.8499219417572,153884
91.85946607589722,153884
91.88207459449768,153884
91.91228294372559,153884
91.92871928215027,153884
91.95205307006836,153884
91.9682788848877,153884
91.98420810699463,153884
92.00710272789001,153884
92.03738951683044,153884
92.05378079414368,153884
92.08403062820435,153884
92.10048794746399,153884
92.1307020187378,153884
92.14006161689758,153884
92.16299700737,153884
92.17224502563477,153884
92.20184350013733,153884
92.22540235519409,153884
92.25535488128662,153884
92.28608417510986,153884
92.28919816017151,153884
92.31213927268982,153884
92.32138872146606,153884
92.34398698806763,153884
92.36711621284485,153884
92.40476536750793,153884
92.4145143032074,153884
92.43047952651978,153884
92.45337557792664,153884
92.46239447593689,153884
92.49944472312927,153884
92.5298171043396,153884
92.53963685035706,153884
92.57047486305237,153884
92.59409928321838,153884
92.61759638786316,153884
92.63446021080017,153884
92.65724086761475,153884
92.67376852035522,153884
92.68270206451416,153884
92.69127988815308,153884
92.72791147232056,153884
92.75143218040466,153884
92.7681016921997,153884
92.79134273529053,153884
92.80763816833496,153884
92.83055233955383,153884
92.84644484519958,153884
92.85598134994507,153884
92.87860631942749,153884
92.90179896354675,153884
92.91805672645569,153884
92.94095301628113,153884
92.97099471092224,153884
92.98718881607056,153884
93.01091003417969,153884
93.02760910987854,153884
93.05769085884094,153884
93.07447171211243,153884
93.07656574249268,153884
93.09223914146423,153884
93.1152172088623,153868
93.11746573448181,153868
93.13282752037048,153868
93.1557765007019,153868
93.19286942481995,153868
93.20288300514221,153868
93.21870756149292,153868
93.25600671768188,153868
93.27270436286926,153868
93.28895139694214,153868
93.30489015579224,153868
93.34180569648743,153868
93.36521291732788,153868
93.38190340995789,153868
93.39863562583923,153868
93.40784811973572,153868
93.43749332427979,153868
93.45391488075256,153868
93.47013974189758,153868
93.50006246566772,153868
93.51658940315247,153868
93.55356884002686,153868
93.57023334503174,153868
93.5934693813324,153868
93.60973596572876,153868
93.6397008895874,153868
93.67019987106323,153868
93.6797661781311,153868
93.688396692276,153868
93.71807789802551,153868
93.73432731628418,153868
93.75086855888367,153868
93.75976228713989,153868
93.78234267234802,153868
93.79852890968323,153868
93.8143310546875,153868
93.8371479511261,153868
93.84635066986084,153868
93.86189436912537,153868
93.90573072433472,153868
93.9226233959198,153868
93.93896198272705,153868
93.96182560920715,153868
93.97130227088928,153868
93.973459482193,153868
93.99564003944397,153868
94.00474381446838,153868
94.0482075214386,153868
94.05798721313477,153868
94.09515118598938,153868
94.11185598373413,153868
94.13492178916931,153868
94.13743615150452,153868
94.15961456298828,153868
94.17555522918701,153868
94.1986665725708,153868
94.23575377464294,153868
94.2452802658081,153868
94.25477862358093,153868
94.26377773284912,153868
94.28658056259155,153868
94.30269074440002,153868
94.31151914596558,153868
94.34106755256653,153868
94.37857389450073,153868
94.395103931427,153868
94.41145849227905,153868
94.45562314987183,153868
94.46513152122498,153842
94.48197913169861,153842
94.4838547706604,153842
94.49209380149841,153842
94.51468443870544,153842
94.52368474006653,153842
94.53949522972107,153842
94.54828143119812,153842
94.57080960273743,153842
94.60809397697449,153842
94.62479019165039,153842
94.63383173942566,153842
94.65667915344238,153842
94.68690419197083,153842
94.71720361709595,153842
94.7408344745636,153842
94.75021839141846,153842
94.75978064537048,153842
94.80338430404663,153842
94.82025742530823,153842
94.82967066764832,153842
94.84557509422302,153842
94.8544819355011,153842
94.89104628562927,153842
94.9005491733551,153842
94.92378449440002,153842
94.94674944877625,153842
94.95624351501465,153842
94.97181558609009,153842
94.98749232292175,153842
95.00345540046692,153842
95.01967477798462,153842
95.0425329208374,153842
95.0517430305481,153842
95.06724905967712,153842
95.08303737640381,153842
95.0918517112732,153842
95.11435890197754,153842
95.13026762008667,153842
95.14617943763733,153842
95.16237878799438,153842
95.17814445495605,153842
95.20097184181213,153842
95.20991492271423,153842
95.24676179885864,153842
95.2493748664856,153842
95.27189254760742,153842
95.29512619972229,153842
95.31126570701599,153842
95.32714009284973,153842
95.33597183227539,153842
95.37941384315491,153842
95.38904881477356,153842
95.39129161834717,153842
95.42077898979187,153842
95.43728828430176,153842
95.46012091636658,153842
95.46206736564636,153842
95.47754430770874,153842
95.50728344917297,153842
95.5305392742157,153842
95.5398120880127,153842
95.54863548278809,153842
95.58518624305725,153842
95.60203313827515,153842
95.62478184700012,153842
95.64804553985596,153842
95.67137217521667,153842
95.69464612007141,153842
95.69679093360901,153842
95.71964430809021,153842
95.7358467578888,153842
95.74476170539856,153842
95.76025819778442,153842
95.76909732818604,153842
95.79864501953125,153842
95.81493854522705,153842
95.82387089729309,153842
95.83260655403137,153842
95.84105277061462,153842
95.84248447418213,153842
95.86457896232605,153842
95.88763642311096,153842
95.89657235145569,153842
95.91236567497253,153842
95.92821455001831,153842
95.93701982498169,153842
95.95247077941895,153842
95.97527384757996,153842
95.97736287117004,153842
95.99947261810303,153842
96.02254438400269,153842
96.03873252868652,153842
96.05466198921204,153842
96.09155082702637,153842
96.0940318107605,153842
96.1099534034729,153842
96.14690065383911,153842
96.14954471588135,153842
96.16508364677429,153842
96.18103003501892,153842
96.1969587802887,153842
96.22692036628723,153842
96.23628854751587,153842
96.25214791297913,153842
96.28893518447876,153842
96.31242871284485,153842
96.32213234901428,153842
96.33110904693604,153842
96.3538134098053,153842
96.36971640586853,153842
96.37918257713318,153842
96.38767457008362,153842
96.39617371559143,153842
96.40460705757141,153842
96.44810152053833,153842
96.45766973495483,153842
96.48103094100952,153842
96.48334455490112,153842
96.4918384552002,153842
96.53539562225342,153842
96.56613063812256,153842
96.5691237449646,153842
96.57773089408875,153842
96.5862786769867,153842
96.62279891967773,153842
96.6254141330719,153842
96.63387942314148,153842
96.6423065662384,153842
96.65774750709534,153842
96.68047285079956,153842
96.69620251655579,153842
96.7056474685669,153842
96.70708227157593,153842
96.71523308753967,153842
96.73769807815552,153842
96.76083874702454,153842
96.78376483917236,153842
96.80695796012878,153842
96.81657695770264,153842
96.83946013450623,153842
96.84867572784424,153842
96.86421608924866,153842
96.88707304000854,153842
96.91022205352783,153842
96.94045305252075,153842
96.96378016471863,153842
96.98721551895142,153842
96.99646377563477,153842
97.0056962966919,153838
97.03527450561523,153838
97.03776907920837,153838
97.06700301170349,153838
97.09039402008057,153838
97.1069130897522,153838
97.1398720741272,153838
97.16701126098633,153838
97.18195080757141,153838
97.20806860923767,153838
97.2112066745758,153838
97.26046967506409,153838
97.29928398132324,153838
97.30377888679504,153838
97.30630469322205,153838
97.37897634506226,153838
97.41917085647583,153834
97.44688248634338,153834
97.47525119781494,153834
97.51455998420715,153834
97.55407643318176,153834
97.5574963092804,153834
97.5961012840271,153834
97.64705920219421,153834
97.6631109714508,153834
97.69019985198975,153834
97.6931643486023,153834
97.73102498054504,153834
97.77017164230347,153834
97.79714059829712,153834
97.8241274356842,153834
97.87498450279236,153834
97.89002060890198,153834
97.90622520446777,153834
97.92050814628601,153834
97.92305946350098,153834
97.98393130302429,153834
98.01184415817261,153834
98.06256890296936,153834
98.11392831802368,153834
98.12475728988647,153834
98.1408486366272,153834
98.15008425712585,153834
98.16569566726685,153834
98.18852472305298,153834
98.19749331474304,153834
98.22728848457336,153834
98.24382162094116,153802
98.25269031524658,153802
98.28934574127197,153802
98.29873919487,153802
98.30111241340637,153802
98.30269646644592,153802
98.32494044303894,153802
98.34076833724976,153802
98.36430311203003,153802
98.3874831199646,153802
98.41060543060303,153802
98.44074940681458,153802
98.44322228431702,153802
98.47246384620667,153802
98.48180079460144,153802
98.51169157028198,153802
98.52799129486084,153802
98.53010845184326,153802
98.54529166221619,153802
98.55411219596863,153802
98.56953048706055,153802
98.57825779914856,153802
98.60071277618408,153802
98.61680340766907,153802
98.62558722496033,153802
98.64804649353027,153802
98.64992237091064,153802
98.66533827781677,153802
98.69515180587769,153802
98.69754099845886,153802
98.69861555099487,153802
98.70666766166687,153802
98.71502375602722,153802
98.73738622665405,153802
98.74647068977356,153802
98.7759222984314,153802
98.77814245223999,153802
98.78653073310852,153802
98.8160183429718,153802
98.81841945648193,153802
98.84051275253296,153802
98.85656404495239,153802
98.85827279090881,153802
98.88037133216858,153802
98.91050791740417,153802
98.91960406303406,153802
98.94954633712769,153802
98.97302484512329,153802
98.98252773284912,153802
98.99168539047241,153802
99.03526163101196,153802
99.05897378921509,153802
99.06850910186768,153802
99.10611653327942,153802
99.11568188667297,153802
99.13895058631897,153802
99.16917777061462,153802
99.17859768867493,153802
99.18739104270935,153802
99.21028590202332,153802
99.22653317451477,153802
99.23543047904968,153802
99.25093507766724,153802
99.25272035598755,153802
99.28184938430786,153802
99.3121862411499,153802
99.32182955741882,153802
99.3377537727356,153802
99.3466112613678,153802
99.36912512779236,153802
99.3850839138031,153802
99.40122771263123,153802
99.40297412872314,153802
99.41110634803772,153802
99.41952061653137,153802
99.44195103645325,153802
99.4651050567627,153802
99.48807668685913,153802
99.50466656684875,153802
99.50643277168274,153802
99.51455307006836,153802
99.52295780181885,153802
99.53848791122437,153802
99.55428528785706,153802
99.55585479736328,153802
99.55726552009583,153802
99.59343385696411,153802
99.59599041938782,153802
99.6044750213623,153802
99.62702202796936,153802
99.63613200187683,153802
99.6586902141571,153802
99.66074299812317,153802
99.68290448188782,153802
99.69897985458374,153802
99.70782470703125,153802
99.73031663894653,153802
99.73940587043762,153802
99.74783229827881,153802
99.76324415206909,153802
99.77904462814331,153802
99.78059530258179,153802
99.80302786827087,153802
99.81214308738708,153802
99.81351161003113,153802
99.8356032371521,153802
99.85851287841797,153802
99.86089444160461,153802
99.88313579559326,153802
99.8852219581604,153802
99.91442131996155,153802
99.92370057106018,153802
99.9324882030487,153802
99.94792604446411,153802
99.94964575767517,153802
99.96475505828857,153802
99.9876058101654,153802
100.02535200119019,153802
100.02544140815735,153802
