Time,Objective value
0.007461071014404297,176734
0.00862741470336914,176734
0.0354914665222168,176718
0.06472587585449219,174720
0.09283685684204102,174176
0.1216745376586914,174176
0.1502244472503662,173708
0.17865228652954102,173672
0.20599985122680664,173422
0.23306798934936523,172924
0.26007533073425293,172732
0.28629207611083984,171594
0.3126850128173828,171512
0.33672070503234863,171212
0.36313676834106445,170896
0.38945555686950684,170654
0.4172825813293457,170266
0.4421858787536621,169926
0.46648573875427246,169926
0.4891645908355713,169546
0.5216124057769775,167152
0.5404682159423828,167050
0.5593230724334717,167050
0.5791466236114502,167050
0.5997469425201416,167050
0.6324598789215088,166884
0.6552643775939941,166426
0.6744334697723389,166426
0.695068359375,166414
0.710066556930542,166414
0.7336456775665283,165870
0.7709321975708008,165626
0.8094112873077393,165522
0.8241925239562988,165412
0.8399603366851807,165322
0.8578369617462158,165226
0.8872528076171875,165096
0.9065275192260742,165096
0.9262557029724121,164924
0.945620059967041,164816
0.9752750396728516,164594
0.9926807880401611,164594
1.0091423988342285,164258
1.0245897769927979,164226
1.0365986824035645,164082
1.0482196807861328,163892
1.0595126152038574,163720
1.0705368518829346,163440
1.0939104557037354,163386
1.1059486865997314,163328
1.129805564880371,162768
1.1418118476867676,162608
1.152977705001831,162608
1.1643602848052979,162608
1.1755995750427246,162492
1.1869215965270996,162386
1.204113245010376,162266
1.224832534790039,162266
1.231644630432129,162190
1.2447702884674072,162138
1.2791786193847656,162084
1.3003900051116943,162084
1.3138880729675293,162084
1.3623275756835938,162050
1.4260303974151611,161994
1.504427194595337,161952
1.5693254470825195,161888
1.6500828266143799,161842
1.7113714218139648,161838
1.8402135372161865,161776
1.9492270946502686,161776
2.047034502029419,161746
2.131162405014038,161512
2.168034076690674,161512
2.1791789531707764,161512
2.2006030082702637,161466
2.2107653617858887,161430
2.2324352264404297,161342
2.2783405780792236,161340
2.2895824909210205,161272
2.323239326477051,161272
2.3696682453155518,161192
2.40437650680542,161150
2.4619975090026855,161150
2.532698631286621,161026
2.5565075874328613,161002
2.64896559715271,160896
2.7680296897888184,160896
2.887713670730591,160896
2.9268980026245117,160896
3.079411029815674,160896
3.165659189224243,160776
3.213927745819092,160748
3.2956411838531494,160746
3.355421781539917,160658
3.39046049118042,160658
3.5189199447631836,160634
3.6155507564544678,160576
3.6762328147888184,160544
3.805756092071533,160544
3.9501421451568604,160544
4.0614824295043945,160472
4.194647312164307,160472
4.30480432510376,160472
4.413100004196167,160472
4.475291728973389,160464
4.569949388504028,160444
4.653285264968872,160400
4.737246751785278,160400
4.797056198120117,160400
4.914541721343994,160400
4.987060070037842,160306
5.047308444976807,160304
5.082711696624756,160304
5.128801584243774,160300
5.139879941940308,160236
5.161436319351196,160226
5.195422649383545,160224
5.230466604232788,160170
5.265313625335693,160110
5.323108673095703,160110
5.370280027389526,160110
5.441211462020874,160072
5.54885458946228,160048
5.584004878997803,160048
5.647249937057495,160048
5.760405540466309,160048
5.826675176620483,160048
5.8986029624938965,160020
5.935600280761719,160020
5.971438884735107,159928
6.027781009674072,159928
6.063550233840942,159928
6.113076686859131,159928
6.1695733070373535,159896
6.198859930038452,159896
6.261874437332153,159896
6.311594247817993,159894
6.361784219741821,159894
6.397700548171997,159890
6.453704595565796,159890
6.503855466842651,159888
6.567488193511963,159888
6.621127128601074,159846
6.706043720245361,159846
6.756432771682739,159840
6.792303562164307,159840
6.869714975357056,159840
6.906559944152832,159840
6.99768853187561,159786
7.0558435916900635,159786
7.091687440872192,159776
7.127197504043579,159722
7.148658275604248,159722
7.1899731159210205,159722
7.279493093490601,159700
7.315943717956543,159692
7.398806571960449,159674
7.4592084884643555,159636
7.496225595474243,159636
7.554521560668945,159606
7.636452913284302,159602
7.731757164001465,159588
7.816221237182617,159576
7.8645477294921875,159576
7.912151575088501,159546
8.053391695022583,159542
8.103920936584473,159542
8.210177183151245,159542
8.318002462387085,159542
8.42559266090393,159542
8.509702205657959,159542
8.592339277267456,159542
8.747235298156738,159512
8.845495223999023,159512
8.894792318344116,159476
9.001406908035278,159476
9.121747732162476,159470
9.219792604446411,159440
9.351419448852539,159440
9.475148677825928,159440
9.589677333831787,159412
9.66163945198059,159412
9.71930456161499,159412
9.78351902961731,159386
9.840969324111938,159374
9.919710159301758,159370
9.956695795059204,159344
9.998927354812622,159344
10.040979862213135,159344
10.054860591888428,159344
10.11653447151184,159344
10.159156799316406,159332
10.194916486740112,159332
10.299992561340332,159332
10.336995601654053,159332
10.401111841201782,159332
10.429861307144165,159332
10.472195863723755,159332
10.527992248535156,159332
10.556464910507202,159320
10.590763807296753,159320
10.702486991882324,159308
10.761353492736816,159308
10.797750234603882,159308
10.847011089324951,159308
10.867957353591919,159308
10.923165559768677,159308
10.944278240203857,159308
10.998990774154663,159308
11.020064353942871,159308
11.040129661560059,159308
11.073739767074585,159308
11.107826471328735,159308
11.149036169052124,159308
11.162388324737549,159308
11.181406259536743,159308
11.221863508224487,159308
11.255958795547485,159294
11.28368878364563,159294
11.338724851608276,159272
11.38813591003418,159272
11.458400011062622,159272
11.49400806427002,159272
11.5430908203125,159264
11.591921091079712,159264
11.63418459892273,159264
11.683190822601318,159250
11.760791540145874,159226
11.83950138092041,159182
11.911106824874878,159182
12.025444746017456,159182
12.070804119110107,159162
12.121946811676025,159162
12.186080694198608,159162
12.330654859542847,159162
12.48851466178894,159162
12.599506139755249,159162
12.732846736907959,159162
12.844634771347046,159162
13.011674642562866,159124
13.110733985900879,159124
13.2331063747406,159124
13.329660892486572,159124
13.484712600708008,159120
13.561166524887085,159110
13.60523271560669,159104
13.661932229995728,159084
13.697382688522339,159046
13.753628730773926,159046
13.811002731323242,159034
13.861269235610962,159034
13.952873468399048,159026
14.01163125038147,159024
14.090278148651123,159020
14.162190198898315,158974
14.205876111984253,158974
14.280515670776367,158934
14.303016185760498,158930
14.386885643005371,158914
14.48000955581665,158912
14.566593408584595,158912
14.662355899810791,158912
14.780930519104004,158912
14.925706386566162,158912
15.096362352371216,158912
15.14846158027649,158912
15.325483322143555,158912
15.448168754577637,158882
15.561017990112305,158882
15.72956657409668,158882
15.816433906555176,158870
15.950985193252563,158832
16.049081563949585,158808
16.19672989845276,158808
16.28263783454895,158792
16.36770725250244,158792
16.48729920387268,158768
16.572641372680664,158768
16.680034637451172,158768
16.752641677856445,158764
16.846831798553467,158736
16.90724015235901,158736
16.953615427017212,158736
17.04799723625183,158726
17.132588863372803,158714
17.22974395751953,158644
17.317211389541626,158644
17.415732860565186,158644
17.500252723693848,158644
17.592514038085938,158644
17.663970947265625,158644
17.722033739089966,158644
17.785765171051025,158644
17.836781978607178,158644
17.90852928161621,158644
17.952446699142456,158644
17.975019216537476,158618
18.002397775650024,158590
18.036988735198975,158590
18.0791916847229,158590
18.114698886871338,158512
18.142771005630493,158512
18.17051339149475,158510
18.191349267959595,158506
18.2397780418396,158436
18.289554119110107,158436
18.31822681427002,158436
18.36757493019104,158436
18.403656244277954,158436
18.43865180015564,158430
18.50178575515747,158430
18.545222997665405,158430
18.609394073486328,158404
18.66655731201172,158362
18.709685802459717,158362
18.738092184066772,158360
18.766060829162598,158360
18.842958450317383,158318
18.88680410385132,158318
18.95072340965271,158318
19.02235698699951,158318
19.09071636199951,158318
19.151561737060547,158226
19.305758953094482,158226
19.380146026611328,158226
19.46431612968445,158226
19.609660625457764,158226
19.73286461830139,158226
19.83155393600464,158226
19.928832054138184,158226
20.014657258987427,158226
20.179840087890625,158226
20.26640272140503,158218
20.38707160949707,158190
20.496139526367188,158190
20.58115315437317,158180
20.711689710617065,158180
20.84460711479187,158180
21.024259567260742,158180
21.13583755493164,158180
21.256418228149414,158174
21.39003086090088,158174
21.535857439041138,158164
21.632254362106323,158146
21.72531771659851,158146
21.783873081207275,158140
21.855432271957397,158140
21.898971796035767,158140
21.984065532684326,158136
22.077402353286743,158136
22.14295721054077,158130
22.24234676361084,158110
22.294774055480957,158106
22.35910201072693,158104
22.430924892425537,158096
22.48873782157898,158090
22.602084398269653,158090
22.661636114120483,158090
22.725940704345703,158084
22.790124654769897,158078
22.84086275100708,158078
22.904894828796387,158078
22.975890398025513,158072
23.054795742034912,158072
23.105939865112305,158050
23.184370279312134,158050
23.263231992721558,158030
23.314000368118286,158024
23.370819330215454,158024
23.477477312088013,157998
23.543160676956177,157998
23.61539101600647,157998
23.68024969100952,157992
23.73797583580017,157992
23.815988063812256,157970
23.901787281036377,157960
23.960312366485596,157960
24.017826795578003,157960
24.116729497909546,157952
24.154359579086304,157952
24.225611448287964,157950
24.269355058670044,157950
24.33969521522522,157922
24.3831889629364,157892
24.46059823036194,157892
24.55352783203125,157892
24.611293077468872,157892
24.683236837387085,157892
24.748144388198853,157892
24.812467098236084,157892
24.870189666748047,157892
24.955328226089478,157876
24.99925184249878,157876
25.11973786354065,157876
25.2139949798584,157876
25.26556158065796,157876
25.372392892837524,157876
25.431676149368286,157876
25.495828866958618,157876
25.518585681915283,157876
25.637701988220215,157876
25.73193645477295,157876
25.783758640289307,157876
25.828140020370483,157876
25.912991285324097,157876
25.96411633491516,157872
26.042134284973145,157872
26.092971563339233,157860
26.19187045097351,157844
26.257049798965454,157844
26.343073844909668,157844
26.408445119857788,157844
26.48714518547058,157844
26.54471230506897,157842
26.609233140945435,157842
26.687148094177246,157832
26.72403335571289,157832
26.815481424331665,157832
26.887827396392822,157832
26.93834137916565,157832
26.98139524459839,157832
27.072749137878418,157832
27.14467215538025,157832
27.217126846313477,157832
27.302772283554077,157832
27.354384183883667,157832
27.432493209838867,157832
27.518688917160034,157832
27.562499046325684,157832
27.65390920639038,157790
27.676939249038696,157790
27.760860919952393,157790
27.826157808303833,157776
27.876675844192505,157776
27.933478355407715,157746
28.025216102600098,157746
28.083762884140015,157732
28.12687873840332,157732
28.211326360702515,157712
28.269537210464478,157712
28.340591192245483,157712
28.40525484085083,157708
28.491254329681396,157708
28.584303855895996,157708
28.628528356552124,157708
28.692755937576294,157708
28.784772634506226,157708
28.843158721923828,157708
28.893404006958008,157708
28.95797872543335,157708
29.043586254119873,157708
29.11592197418213,157704
29.20215630531311,157704
29.267391681671143,157704
29.33929967880249,157704
29.42468500137329,157704
29.47599720954895,157704
29.554219245910645,157684
29.598118543624878,157684
29.721539974212646,157660
29.828507900238037,157636
29.878717184066772,157636
29.983137130737305,157636
30.071804761886597,157636
30.156903743743896,157636
30.236218214035034,157636
30.30793833732605,157636
30.373039722442627,157636
30.437148809432983,157636
30.50196671485901,157636
30.566611289978027,157636
30.609599590301514,157636
30.644842624664307,157636
30.693272829055786,157636
30.74277663230896,157636
30.81291627883911,157636
30.84880542755127,157636
30.862314224243164,157636
30.88833498954773,157636
30.907716035842896,157636
30.926750421524048,157636
30.93160915374756,157636
30.94989776611328,157636
30.961746215820312,157636
30.973212242126465,157636
30.98461103439331,157636
30.98891043663025,157636
30.992950916290283,157636
30.996943950653076,157636
31.00093388557434,157636
31.004833936691284,157636
31.00871753692627,157636
31.012649536132812,157636
31.016493558883667,157636
31.02032470703125,157636
31.024195432662964,157636
31.028074026107788,157636
31.03186559677124,157636
31.03571605682373,157636
31.039535999298096,157636
31.0433509349823,157636
31.047157526016235,157636
31.050925970077515,157636
31.054725170135498,157636
31.05855393409729,157636
31.062358856201172,157636
31.066211462020874,157636
31.070031881332397,157636
31.073827028274536,157636
31.077614784240723,157636
31.081414937973022,157636
31.085229635238647,157636
31.089069604873657,157636
31.092869758605957,157636
31.096723318099976,157636
31.100528478622437,157636
31.10438323020935,157636
31.108187198638916,157636
31.111984729766846,157636
31.115816593170166,157636
31.119659423828125,157636
31.12340760231018,157636
31.127223014831543,157636
31.131014347076416,157636
31.134851932525635,157636
31.138624906539917,157636
31.142417669296265,157636
31.14619016647339,157636
31.15001606941223,157636
31.153850317001343,157636
31.157653331756592,157636
31.16147017478943,157636
31.165258169174194,157636
31.16908097267151,157636
31.172863006591797,157636
31.17668890953064,157636
31.180499792099,157636
31.184287548065186,157636
31.18813705444336,157636
31.191937923431396,157636
31.19575333595276,157636
31.199583053588867,157636
31.203393936157227,157636
31.20715308189392,157636
31.21094584465027,157636
31.214765548706055,157636
31.21860384941101,157636
31.22239375114441,157636
31.226176738739014,157636
31.229973793029785,157636
31.23377561569214,157636
31.237581968307495,157636
31.241381406784058,157636
31.24516463279724,157636
31.248922109603882,157636
31.252704858779907,157636
31.256505489349365,157636
31.260287046432495,157636
31.264114379882812,157636
31.267902851104736,157636
31.271732807159424,157636
31.27553653717041,157636
31.279349088668823,157636
31.283132553100586,157636
31.286920309066772,157636
31.290722131729126,157636
31.294506311416626,157636
31.29830265045166,157636
31.302098512649536,157636
31.305938243865967,157636
31.309759616851807,157636
31.313546657562256,157636
31.317336082458496,157636
31.321141958236694,157636
31.324928283691406,157636
31.32875967025757,157636
31.33258366584778,157636
31.33637809753418,157636
31.340184926986694,157636
31.34398579597473,157636
31.34778118133545,157636
31.351587295532227,157636
31.355393886566162,157636
31.35920286178589,157636
31.363000631332397,157636
31.36682152748108,157636
31.37062406539917,157636
31.374431610107422,157636
31.37825918197632,157636
31.382065534591675,157636
31.385881185531616,157636
31.389705657958984,157636
31.393499612808228,157636
31.397324085235596,157636
31.40112280845642,157636
31.404915809631348,157636
31.408758640289307,157636
31.412574768066406,157636
31.41640853881836,157636
31.42021894454956,157636
31.424050331115723,157636
31.427890062332153,157636
31.43166446685791,157636
31.435441970825195,157636
31.439266681671143,157636
31.44307255744934,157636
31.44692826271057,157636
31.450758457183838,157636
31.454526901245117,157636
31.45834517478943,157636
31.462177276611328,157636
31.46597123146057,157636
31.469810485839844,157636
31.473629236221313,157636
31.47744393348694,157636
31.481242656707764,157636
31.4850070476532,157636
31.488879442214966,157636
31.492668867111206,157636
31.496484994888306,157636
31.500288009643555,157636
31.504085779190063,157636
31.507882118225098,157636
31.51167130470276,157636
31.515487670898438,157636
31.51933193206787,157636
31.523111820220947,157636
31.52692151069641,157636
31.53071880340576,157636
31.53450894355774,157636
31.53830623626709,157636
31.542103052139282,157636
31.545931577682495,157636
31.549728631973267,157636
31.553531169891357,157636
31.55733585357666,157636
31.56115198135376,157636
31.564974308013916,157636
31.568748950958252,157636
31.57254695892334,157636
31.576343297958374,157636
31.58019995689392,157636
31.58405089378357,157636
31.587846994400024,157636
31.59166431427002,157636
31.59551763534546,157636
31.599345445632935,157636
31.60313892364502,157636
31.606959581375122,157636
31.610766172409058,157636
31.614596366882324,157636
31.61842107772827,157636
31.622225046157837,157636
31.626041173934937,157636
31.62988829612732,157636
31.6337149143219,157636
31.63753628730774,157636
31.64133882522583,157636
31.645158529281616,157636
31.648964881896973,157636
31.652741193771362,157636
31.656561136245728,157636
31.66036057472229,157636
31.66419506072998,157636
31.667978286743164,157636
31.671831369400024,157636
31.675662994384766,157636
31.679483652114868,157636
31.683294773101807,157636
31.68712830543518,157636
31.69097900390625,157636
31.694774866104126,157636
31.698590755462646,157636
31.702417612075806,157636
31.70623207092285,157636
31.710025787353516,157636
31.71380853652954,157636
31.717605352401733,157636
31.721454858779907,157636
31.725269556045532,157636
31.729081869125366,157636
31.7328622341156,157636
31.73669695854187,157636
31.740490198135376,157636
31.744304180145264,157636
31.74815273284912,157636
31.75196146965027,157636
31.75575852394104,157636
31.759554624557495,157636
31.763357162475586,157636
31.767171382904053,157636
31.77095675468445,157636
31.774751901626587,157636
31.778557300567627,157636
31.782382488250732,157636
31.78619647026062,157636
31.79002571105957,157636
31.79380774497986,157636
31.797629833221436,157636
31.801403522491455,157636
31.805193424224854,157636
31.809003829956055,157636
31.812814950942993,157636
31.816611528396606,157636
31.82043981552124,157636
31.82420039176941,157636
31.827996015548706,157636
31.831794500350952,157636
31.83562207221985,157636
31.839452028274536,157636
31.843226432800293,157636
31.847083806991577,157636
31.8508722782135,157636
31.85467219352722,157636
31.858504056930542,157636
31.862303018569946,157636
31.86612892150879,157636
31.86992049217224,157636
31.873733282089233,157636
31.87752890586853,157636
31.881335735321045,157636
31.885180711746216,157636
31.889007091522217,157636
31.892799854278564,157636
31.896647214889526,157636
31.900470495224,157636
31.904287099838257,157636
31.908127784729004,157636
31.911917448043823,157636
31.915749073028564,157636
31.919570684432983,157636
31.923364400863647,157636
31.92716145515442,157636
31.93098759651184,157636
31.93483829498291,157636
31.938692331314087,157636
31.942496061325073,157636
31.94627547264099,157636
31.95013403892517,157636
31.953953504562378,157636
31.95776128768921,157636
31.961547374725342,157636
31.965359210968018,157636
31.969172716140747,157636
31.97299814224243,157636
31.97678017616272,157636
31.980571031570435,157636
31.984351634979248,157636
31.98815107345581,157636
31.991979360580444,157636
31.995798110961914,157636
31.999597787857056,157636
32.00338578224182,157636
32.007200479507446,157636
32.011027812957764,157636
32.01479172706604,157636
32.01864171028137,157636
32.022464752197266,157636
32.02626419067383,157636
32.03006029129028,157636
32.03387951850891,157636
32.037667989730835,157636
32.04145359992981,157636
32.04530048370361,157636
32.049100399017334,157636
32.05294322967529,157636
32.056761503219604,157636
32.0605833530426,157636
32.06441855430603,157636
32.06822872161865,157636
32.07202625274658,157636
32.07587456703186,157636
32.07970428466797,157636
32.08353137969971,157636
32.087302684783936,157636
32.09112620353699,157636
32.09494638442993,157636
32.0987868309021,157636
32.10261011123657,157636
32.10642385482788,157636
32.110235929489136,157636
32.11405825614929,157636
32.11791276931763,157636
32.1216881275177,157636
32.125483751297,157636
32.1293306350708,157636
32.13312077522278,157636
32.13690996170044,157636
32.140726804733276,157636
32.144540548324585,157636
32.148375511169434,157636
32.152183294296265,157636
32.156020641326904,157636
32.159830808639526,157636
32.16364073753357,157636
32.167482137680054,157636
32.171308755874634,157636
32.175129413604736,157636
32.17894625663757,157636
32.182761669158936,157636
32.18656373023987,157636
32.19034719467163,157636
32.194188356399536,157636
32.19800853729248,157636
32.20176911354065,157636
32.20559000968933,157636
32.20940041542053,157636
32.21320676803589,157636
32.21704578399658,157636
32.22082448005676,157636
32.22467112541199,157636
32.228432416915894,157636
32.23224210739136,157636
32.23604154586792,157636
32.239829301834106,157636
32.243674755096436,157636
32.24749708175659,157636
32.251264333724976,157636
32.25505304336548,157636
32.258867025375366,157636
32.262672901153564,157636
32.266518115997314,157636
32.270302534103394,157636
32.27409815788269,157636
32.277902364730835,157636
32.28168606758118,157636
32.28550982475281,157636
32.28935098648071,157636
32.29318022727966,157636
32.2969925403595,157636
32.300771951675415,157636
32.3045768737793,157636
32.308372020721436,157636
32.31213641166687,157636
32.315964460372925,157636
32.31979155540466,157636
32.323644161224365,157636
32.3274142742157,157636
32.33120822906494,157636
32.335060834884644,157636
32.33885669708252,157636
32.34268593788147,157636
32.34645915031433,157636
32.35025596618652,157636
32.35405683517456,157636
32.35790205001831,157636
32.36168909072876,157636
32.365546464920044,157636
32.36937999725342,157636
32.37312436103821,157636
32.37691688537598,157636
32.38070201873779,157636
32.384541273117065,157636
32.38830804824829,157636
32.3921172618866,157636
32.395912647247314,157636
32.399747133255005,157636
32.403560400009155,157636
32.40735745429993,157636
32.41118621826172,157636
32.41497015953064,157636
32.418816328048706,157636
32.42261791229248,157636
32.42642021179199,157636
32.4302773475647,157636
32.43405771255493,157636
32.437862157821655,157636
32.44163775444031,157636
32.44546461105347,157636
32.44933247566223,157636
32.45312213897705,157636
32.45688557624817,157636
32.46069121360779,157636
32.46452450752258,157636
32.46832728385925,157636
32.47211670875549,157636
32.475940227508545,157636
32.479774713516235,157636
32.483649492263794,157636
32.487451791763306,157636
32.491271018981934,157636
32.495039224624634,157636
32.498839139938354,157636
32.50261449813843,157636
32.50641942024231,157636
32.51024127006531,157636
32.51404166221619,157636
32.51788640022278,157636
32.52168154716492,157636
32.525492668151855,157636
32.529295444488525,157636
32.53308916091919,157636
32.536919832229614,157636
32.540717363357544,157636
32.544535636901855,157636
32.54831290245056,157636
32.55213642120361,157636
32.55590009689331,157636
32.55970335006714,157636
32.563493490219116,157636
32.56729602813721,157636
32.57115125656128,157636
32.57496666908264,157636
32.578768730163574,157636
32.582595109939575,157636
32.58640265464783,157636
32.590230226516724,157636
32.59403729438782,157636
32.597853899002075,157636
32.60163617134094,157636
32.60543918609619,157636
32.609235525131226,157636
32.61306023597717,157636
32.61688494682312,157636
32.62071204185486,157636
32.62448763847351,157636
32.62828993797302,157636
32.632126569747925,157636
32.63593125343323,157636
32.63974165916443,157636
32.643489360809326,157636
32.64726543426514,157636
32.651116609573364,157636
32.65491771697998,157636
32.65874671936035,157636
32.66257572174072,157636
32.66636085510254,157636
32.67017912864685,157636
32.67403602600098,157636
32.67784786224365,157636
32.68171143531799,157636
32.68550443649292,157636
32.689321994781494,157636
32.693156480789185,157636
32.696929693222046,157636
32.70075821876526,157636
32.70455527305603,157636
32.708380699157715,157636
32.712167739868164,157636
32.71597766876221,157636
32.71979379653931,157636
32.723623275756836,157636
32.72745180130005,157636
32.73129487037659,157636
32.73512053489685,157636
32.73890542984009,157636
32.7427191734314,157636
32.74654746055603,157636
32.750351905822754,157636
32.754164695739746,157636
32.75798201560974,157636
32.76182293891907,157636
32.7656455039978,157636
32.769484519958496,157636
32.773330211639404,157636
32.777156352996826,157636
32.78099513053894,157636
32.78475832939148,157636
32.78856182098389,157636
32.79235529899597,157636
32.79617381095886,157636
32.800010204315186,157636
32.803816080093384,157636
32.80763912200928,157636
32.81144070625305,157636
32.81523108482361,157636
32.819058656692505,157636
32.82282042503357,157636
32.82668495178223,157636
32.830498695373535,157636
32.83428978919983,157636
32.83812141418457,157636
32.84195518493652,157636
32.84577465057373,157636
32.849589824676514,157636
32.8533890247345,157636
32.85714292526245,157636
32.8609504699707,157636
32.86478805541992,157636
32.86860990524292,157636
32.87240171432495,157636
32.87617611885071,157636
32.87997031211853,157636
32.88377141952515,157636
32.88756823539734,157636
32.891380310058594,157636
32.89515805244446,157636
32.898985624313354,157636
32.90277695655823,157636
32.90659213066101,157636
32.910417556762695,157636
32.91421699523926,157636
32.9180064201355,157636
32.92182803153992,157636
32.92568492889404,157636
32.929545164108276,157636
32.93337631225586,157636
32.93717098236084,157636
32.94096493721008,157636
32.94474196434021,157636
32.948591232299805,157636
32.9524290561676,157636
32.95625710487366,157636
32.96007490158081,157636
32.96388387680054,157636
32.9676833152771,157636
32.97148942947388,157636
32.97528433799744,157636
32.97910022735596,157636
32.98292660713196,157636
32.98676252365112,157636
32.99053430557251,157636
32.994346141815186,157636
32.99815654754639,157636
33.00196623802185,157636
33.005774974823,157636
33.00963377952576,157636
33.01343250274658,157636
33.01723074913025,157636
33.021031618118286,157636
33.024864196777344,157636
33.0287401676178,157636
33.032530546188354,157636
33.03634834289551,157636
33.04017162322998,157636
33.044026374816895,157636
33.04786467552185,157636
33.05168437957764,157636
33.05549716949463,157636
33.0593376159668,157636
33.06312441825867,157636
33.06696176528931,157636
33.07082939147949,157636
33.07464385032654,157636
33.07851481437683,157636
33.0823118686676,157636
33.08612680435181,157636
33.089951276779175,157636
33.09377646446228,157636
33.0976026058197,157636
33.101418256759644,157636
33.10522270202637,157636
33.10904407501221,157636
33.1128716468811,157636
33.11670207977295,157636
33.12050271034241,157636
33.12433671951294,157636
33.1281201839447,157636
33.13190197944641,157636
33.13571619987488,157636
33.1394989490509,157636
33.14329504966736,157636
33.147111892700195,157636
33.15089273452759,157636
33.154717445373535,157636
33.158531188964844,157636
33.16237282752991,157636
33.16617941856384,157636
33.17001008987427,157636
33.17380094528198,157636
33.177664041519165,157636
33.181512117385864,157636
33.185317277908325,157636
33.18910789489746,157636
33.19288611412048,157636
33.19671368598938,157636
33.20051336288452,157636
33.204318046569824,157636
33.208160400390625,157636
33.2119517326355,157636
33.21577835083008,157636
33.219619035720825,157636
33.22340202331543,157636
33.227213621139526,157636
33.231021881103516,157636
33.234803915023804,157636
33.23858189582825,157636
33.24236464500427,157636
33.24616289138794,157636
33.25000715255737,157636
33.2537956237793,157636
33.25759959220886,157636
33.261438846588135,157636
33.26524496078491,157636
33.26903963088989,157636
33.27280306816101,157636
33.27662754058838,157636
33.280441999435425,157636
33.28425621986389,157636
33.28809428215027,157636
33.29191613197327,157636
33.29574966430664,157636
33.29956674575806,157636
33.30341410636902,157636
33.30720233917236,157636
33.31102108955383,157636
33.314844369888306,157636
33.31866526603699,157636
33.32247233390808,157636
33.32626438140869,157636
33.3301146030426,157636
33.33396029472351,157636
33.337817430496216,157636
33.34161567687988,157636
33.345442056655884,157636
33.349279165267944,157636
33.35309147834778,157636
33.35696482658386,157636
33.36078190803528,157636
33.36462092399597,157636
33.36842751502991,157636
33.37221932411194,157636
33.376054525375366,157636
33.37991285324097,157636
33.383750677108765,157636
33.38758969306946,157636
33.39139533042908,157636
33.39518213272095,157636
33.39903163909912,157636
33.40286707878113,157636
33.406710147857666,157636
33.4105064868927,157636
33.41436409950256,157636
33.41816258430481,157636
33.42195391654968,157636
33.42578101158142,157636
33.42960596084595,157636
33.433441162109375,157636
33.43721532821655,157636
33.44100570678711,157636
33.44484996795654,157636
33.44867992401123,157636
33.45245718955994,157636
33.45624661445618,157636
33.460057497024536,157636
33.46382975578308,157636
33.467660665512085,157636
33.47148847579956,157636
33.47527456283569,157636
33.47911834716797,157636
33.48295187950134,157636
33.48679065704346,157636
33.49061870574951,157636
33.49445080757141,157636
33.49827170372009,157636
33.50208497047424,157636
33.50587558746338,157636
33.5097279548645,157636
33.513551473617554,157636
33.51737093925476,157636
33.52124810218811,157636
33.5250723361969,157636
33.528892040252686,157636
33.532734394073486,157636
33.53654098510742,157636
33.54034924507141,157636
33.54414486885071,157636
33.547966718673706,157636
33.551796197891235,157636
33.5555944442749,157636
33.55942964553833,157636
33.56325340270996,157636
33.56707978248596,157636
33.57088303565979,157636
33.574689865112305,157636
33.57851600646973,157636
33.582382678985596,157636
33.586873292922974,157636
33.59347105026245,157636
33.6000599861145,157636
33.606616258621216,157636
33.6132116317749,157636
33.61982798576355,157636
33.62650728225708,157636
33.633188247680664,157636
33.63988375663757,157636
33.64658284187317,157636
33.653287410736084,157636
33.65998291969299,157636
33.6666784286499,157636
33.67335629463196,157636
33.680081367492676,157636
33.68679141998291,157636
33.69346022605896,157636
33.700145959854126,157636
33.70684313774109,157636
33.71355056762695,157636
33.72026014328003,157636
33.726953983306885,157636
33.73361921310425,157636
33.74030876159668,157636
33.74700713157654,157636
33.753702878952026,157636
33.760401248931885,157636
33.767109870910645,157636
33.77380728721619,157636
33.78051519393921,157636
33.78722143173218,157636
33.79391169548035,157636
33.80060267448425,157636
33.80730199813843,157636
33.81399607658386,157636
33.82069420814514,157636
33.82738256454468,157636
33.83408451080322,157636
33.84078884124756,157636
33.84749722480774,157636
33.854180097579956,157636
33.86089086532593,157636
33.86760401725769,157636
33.874292850494385,157636
33.88097953796387,157636
33.88768434524536,157636
33.89440965652466,157636
33.90110778808594,157636
33.907790184020996,157636
33.91447567939758,157636
33.92117881774902,157636
33.92787051200867,157636
33.93456292152405,157636
33.941256284713745,157636
33.94795370101929,157636
33.954636573791504,157636
33.961363315582275,157636
33.96806502342224,157636
33.97474265098572,157636
33.98145389556885,157636
33.988157510757446,157636
33.9948627948761,157636
34.001572608947754,157636
34.0082471370697,157636
34.01494216918945,157636
34.02163887023926,157636
34.02836298942566,157636
34.03506636619568,157636
34.04179382324219,157636
34.0484778881073,157636
34.05516004562378,157636
34.06186366081238,157636
34.06869339942932,157636
34.07534408569336,157636
34.0819890499115,157636
34.08875751495361,157636
34.09540867805481,157636
34.102078914642334,157636
34.10880398750305,157636
34.11553692817688,157636
34.12220215797424,157636
34.12884259223938,157636
34.135510206222534,157636
34.14213466644287,157636
34.14877462387085,157636
34.15535640716553,157636
34.162024974823,157636
34.1686749458313,157636
34.17535448074341,157636
34.18206739425659,157636
34.18882441520691,157636
34.19550037384033,157636
34.20225930213928,157636
34.20898389816284,157636
34.21566319465637,157636
34.22238636016846,157636
34.22909426689148,157636
34.23582172393799,157636
34.24256920814514,157636
34.24923634529114,157636
34.2558479309082,157636
34.262521743774414,157636
34.26924204826355,157636
34.27597665786743,157636
34.282737731933594,157636
34.28959512710571,157636
34.296388387680054,157636
34.303224086761475,157636
34.310134410858154,157636
34.31705594062805,157636
34.32393264770508,157636
34.330872535705566,157636
34.33778929710388,157636
34.3446843624115,157636
34.3516161441803,157636
34.358516216278076,157636
34.36542367935181,157636
34.37233281135559,157636
34.3792290687561,157636
34.38611102104187,157636
34.393080949783325,157636
34.400022745132446,157636
34.407012939453125,157636
34.41400957107544,157636
34.42103385925293,157636
34.4280309677124,157636
34.43512463569641,157636
34.44221520423889,157636
34.449299573898315,157636
34.45644474029541,157636
34.46361470222473,157636
34.47079372406006,157636
34.47799205780029,157636
34.48516654968262,157636
34.49234700202942,157636
34.499534368515015,157636
34.50671696662903,157636
34.51389169692993,157636
34.52108144760132,157636
34.52826642990112,157636
34.53544211387634,157636
34.542624950408936,157636
34.54983401298523,157636
34.55700135231018,157636
34.56419062614441,157636
34.57137703895569,157636
34.57855749130249,157636
34.58573365211487,157636
34.59291386604309,157636
34.600101470947266,157636
34.60730171203613,157636
34.614490270614624,157636
34.621702671051025,157636
34.628878593444824,157636
34.63605833053589,157636
34.643237352371216,157636
34.65042209625244,157636
34.657609939575195,157636
34.664793729782104,157636
34.671979904174805,157636
34.679166316986084,157636
34.6863317489624,157636
34.693519830703735,157636
34.700692892074585,157636
34.70788860321045,157636
34.715059757232666,157636
34.72224950790405,157636
34.72942757606506,157636
34.736608266830444,157636
34.74378800392151,157636
34.75089979171753,157636
34.75802826881409,157636
34.76515531539917,157636
34.77227449417114,157636
34.77941036224365,157636
34.786540508270264,157636
34.793657064437866,157636
34.80078911781311,157636
34.807931900024414,157636
34.81506824493408,157636
34.82219886779785,157636
34.82931923866272,157636
34.836467027664185,157636
34.843583822250366,157636
34.850696325302124,157636
34.857839822769165,157636
34.864949464797974,157636
34.87207841873169,157636
34.879220962524414,157636
34.886337995529175,157636
34.89346170425415,157636
34.900588274002075,157636
34.90770864486694,157636
34.91482949256897,157636
34.92196798324585,157636
34.92908716201782,157636
34.93620467185974,157636
34.94333076477051,157636
34.95046544075012,157636
34.957592725753784,157636
34.964775800704956,157636
34.97195053100586,157636
34.979137897491455,157636
34.98629927635193,157636
34.993481159210205,157636
35.00068998336792,157636
35.00788116455078,157636
35.01505517959595,157636
35.02225923538208,157636
35.0294406414032,157636
35.03663229942322,157636
35.043806314468384,157636
35.05100774765015,157636
35.05819487571716,157636
35.06538772583008,157636
35.07258987426758,157636
35.07979226112366,157636
35.08698630332947,157636
35.09415555000305,157636
35.10132455825806,157636
35.108527421951294,157636
35.11571979522705,157636
35.12291693687439,157636
35.130099296569824,157636
35.137301445007324,157636
35.144490480422974,157636
35.151681661605835,157636
35.15886068344116,157636
35.16604781150818,157636
35.17324185371399,157636
35.180461406707764,157636
35.1876437664032,157636
35.194801568984985,157636
35.201980113983154,157636
35.20917582511902,157636
35.21635031700134,157636
35.223532915115356,157636
35.230724573135376,157636
35.237924337387085,157636
35.24510478973389,157636
35.252323150634766,157636
35.25950765609741,157636
35.26669669151306,157636
35.27386951446533,157636
35.28106451034546,157636
35.28825044631958,157636
35.29541635513306,157636
35.30262017250061,157636
35.309813022613525,157636
35.31700801849365,157636
35.32421064376831,157636
35.33137917518616,157636
35.33857083320618,157636
35.34575605392456,157636
35.352954149246216,157636
35.360138177871704,157636
35.36734056472778,157636
35.37451195716858,157636
35.381694316864014,157636
35.38888931274414,157636
35.3960645198822,157636
35.40325403213501,157636
35.410457372665405,157636
35.417640686035156,157636
35.42483353614807,157636
35.43200397491455,157636
35.43919849395752,157636
35.446380615234375,157636
35.45355939865112,157636
35.46075963973999,157636
35.46795463562012,157636
35.475144386291504,157636
35.48234176635742,157636
35.4895339012146,157636
35.49671649932861,157636
35.50390028953552,157636
35.511101722717285,157636
35.5182843208313,157636
35.52548575401306,157636
35.532641649246216,157636
35.53983783721924,157636
35.54701852798462,157636
35.554189682006836,157636
35.561389684677124,157636
35.56857872009277,157636
35.575767278671265,157636
35.58297157287598,157636
35.59016394615173,157636
35.59734916687012,157636
35.604520320892334,157636
35.61170673370361,157636
35.61891174316406,157636
35.626091957092285,157636
35.63325095176697,157636
35.64044499397278,157636
35.647639989852905,157636
35.654834032058716,157636
35.66201972961426,157636
35.66921901702881,157636
35.67639231681824,157636
35.683571338653564,157636
35.69078278541565,157636
35.69796180725098,157636
35.70513916015625,157636
35.71233892440796,157636
35.71952152252197,157636
35.72670912742615,157636
35.73386907577515,157636
35.741050720214844,157636
35.748244762420654,157636
35.755455017089844,157636
35.762638568878174,157636
35.76983666419983,157636
35.77703809738159,157636
35.784212827682495,157636
35.79139304161072,157636
35.798584938049316,157636
35.805763483047485,157636
35.812952518463135,157636
35.820146799087524,157636
35.82732319831848,157636
35.83449578285217,157636
35.84170126914978,157636
35.848886251449585,157636
35.856070041656494,157636
35.86327147483826,157636
35.870463132858276,157636
35.877646684646606,157636
35.884844064712524,157636
35.892030239105225,157636
35.89919185638428,157636
35.90639281272888,157636
35.913575410842896,157636
35.92074251174927,157636
35.92793297767639,157636
35.93509387969971,157636
35.942283153533936,157636
35.949482679367065,157636
35.956681966781616,157636
35.96385335922241,157636
35.971035957336426,157636
35.978238344192505,157636
35.98541235923767,157636
35.99259924888611,157636
35.99978017807007,157636
36.006974935531616,157636
36.01416206359863,157636
36.02134895324707,157636
36.02853298187256,157636
36.035698652267456,157636
36.04291224479675,157636
36.050089836120605,157636
36.057286500930786,157636
36.064472913742065,157636
36.07168126106262,157636
36.078887701034546,157636
36.086089849472046,157636
36.09327220916748,157636
36.100462436676025,157636
36.10765552520752,157636
36.11484384536743,157636
36.122021198272705,157636
36.129230976104736,157636
36.136396408081055,157636
36.143582820892334,157636
36.150779724121094,157636
36.157973289489746,157636
36.16515493392944,157636
36.172356367111206,157636
36.17953872680664,157636
36.18673777580261,157636
36.19393587112427,157636
36.201120376586914,157636
36.20831322669983,157636
36.21551752090454,157636
36.22269320487976,157636
36.229877948760986,157636
36.23704791069031,157636
36.2442307472229,157636
36.251418113708496,157636
36.25860619544983,157636
36.26580238342285,157636
36.27301025390625,157636
36.28019833564758,157636
36.28739285469055,157636
36.294575691223145,157636
36.30174469947815,157636
36.308924198150635,157636
36.31611657142639,157636
36.32328820228577,157636
36.33047580718994,157636
36.337658166885376,157636
36.344831466674805,157636
36.35201382637024,157636
36.359214067459106,157636
36.36638593673706,157636
36.37356925010681,157636
36.380768060684204,157636
36.387961626052856,157636
36.39513039588928,157636
36.40230989456177,157636
36.40950798988342,157636
36.41669845581055,157636
36.42387580871582,157636
36.43107223510742,157636
36.43823790550232,157636
36.44541907310486,157636
36.45262694358826,157636
36.459808588027954,157636
36.46699786186218,157636
36.47418451309204,157636
36.48137164115906,157636
36.488566637039185,157636
36.49574613571167,157636
36.50292944908142,157636
36.51011800765991,157636
36.517313718795776,157636
36.52449703216553,157636
36.531689167022705,157636
36.5388605594635,157636
36.546035289764404,157636
36.553229570388794,157636
36.5604305267334,157636
36.56762361526489,157636
36.5748074054718,157636
36.58201336860657,157636
36.58921194076538,157636
36.59639382362366,157636
36.603562116622925,157636
36.61074614524841,157636
36.61793899536133,157636
36.62511396408081,157636
36.63230347633362,157636
36.63948583602905,157636
36.64667820930481,157636
36.653865337371826,157636
36.661049365997314,157636
36.6682448387146,157636
36.67544507980347,157636
36.68264603614807,157636
36.68983817100525,157636
36.69703984260559,157636
36.70420479774475,157636
36.71138596534729,157636
36.718595027923584,157636
36.7257604598999,157636
36.73295021057129,157636
36.74011039733887,157636
36.74730372428894,157636
36.75448966026306,157636
36.7616605758667,157636
36.76885271072388,157636
36.77603888511658,157636
36.78323292732239,157636
36.79044151306152,157636
36.797600746154785,157636
36.804758071899414,157636
36.811968088150024,157636
36.81916308403015,157636
36.82633352279663,157636
36.83354353904724,157636
36.84072256088257,157636
36.84791707992554,157636
36.85510969161987,157636
36.86231756210327,157636
36.86951971054077,157636
36.87673830986023,157636
36.883912801742554,157636
36.89111089706421,157636
36.8983108997345,157636
36.90548253059387,157636
36.91267395019531,157636
36.919888973236084,157636
36.92707943916321,157636
36.934261083602905,157636
36.94144868850708,157636
36.948655128479004,157636
36.95584058761597,157636
36.963029623031616,157636
36.97023367881775,157636
36.9774272441864,157636
36.98462510108948,157636
36.99182987213135,157636
36.99902653694153,157636
37.00620913505554,157636
37.01340913772583,157636
37.0206081867218,157636
37.0278103351593,157636
37.03499937057495,157636
37.042168617248535,157636
37.0493848323822,157636
37.056591749191284,157636
37.063770055770874,157636
37.07085728645325,157636
37.07741689682007,157636
37.083985567092896,157636
37.09059691429138,157636
37.09719777107239,157636
37.10373401641846,157636
37.11035704612732,157636
37.116963386535645,157636
37.1235237121582,157636
37.130043745040894,157636
37.136520862579346,157636
37.14294171333313,157636
37.14944672584534,157636
37.155911922454834,157636
37.16237807273865,157636
37.16892766952515,157636
37.175413608551025,157636
37.181944608688354,157636
37.18850874900818,157636
37.19507169723511,157636
37.20163893699646,157636
37.20825004577637,157636
37.21482729911804,157636
37.22145175933838,157636
37.22807955741882,157636
37.234731912612915,157636
37.24143671989441,157636
37.248162269592285,157636
37.25486421585083,157636
37.26160430908203,157636
37.268306493759155,157636
37.274988889694214,157636
37.2816801071167,157636
37.2884087562561,157636
37.29507064819336,157636
37.30177021026611,157636
37.308462619781494,157636
37.315181493759155,157636
37.32188320159912,157636
37.32859706878662,157636
37.335288286209106,157636
37.3419885635376,157636
37.34869074821472,157636
37.355393171310425,157636
37.36210918426514,157636
37.3688268661499,157636
37.37551808357239,157636
37.38221573829651,157636
37.38892459869385,157636
37.39562368392944,157636
37.40230059623718,157636
37.40903282165527,157636
37.415722131729126,157636
37.422436237335205,157636
37.42913889884949,157636
37.43584442138672,157636
37.442564487457275,157636
37.44927763938904,157636
37.45597004890442,157636
37.46268391609192,157636
37.4693820476532,157636
37.476059913635254,157636
37.48278069496155,157636
37.48951601982117,157636
37.49621105194092,157636
37.50293946266174,157636
37.509649991989136,157636
37.51636004447937,157636
37.52307057380676,157636
37.52978014945984,157636
37.536481857299805,157636
37.543182373046875,157636
37.549880266189575,157636
37.5566349029541,157636
37.56331276893616,157636
37.57003879547119,157636
37.576740741729736,157636
37.58344531059265,157636
37.59013342857361,157636
37.59700322151184,157636
37.603705167770386,157636
37.6104052066803,157636
37.61711573600769,157636
37.62380123138428,157636
37.630523681640625,157636
37.63724708557129,157636
37.644033432006836,157636
37.65074825286865,157636
37.65750050544739,157636
37.664180517196655,157636
37.670936584472656,157636
37.67760896682739,157636
37.68424987792969,157636
37.69092583656311,157636
37.69754147529602,157636
37.704227924346924,157636
37.71095561981201,157636
37.717647314071655,157636
37.72444200515747,157636
37.73123002052307,157636
37.73805546760559,157636
37.74486064910889,157636
37.75168824195862,157636
37.75856947898865,157636
37.7654595375061,157636
37.77238154411316,157636
37.77926301956177,157636
37.78612446784973,157636
37.79295492172241,157636
37.79982018470764,157636
37.80673909187317,157636
37.81369376182556,157636
37.82060623168945,157636
37.82756567001343,157636
37.83451437950134,157636
37.841466665267944,157636
37.84841513633728,157636
37.85534882545471,157636
37.86235523223877,157636
37.86940121650696,157636
37.87648558616638,157636
37.883559226989746,157636
37.890669107437134,157636
37.89782667160034,157636
37.90497398376465,157636
37.91216731071472,157636
37.91937303543091,157636
37.92656373977661,157636
37.93373084068298,157636
37.94092607498169,157636
37.94810724258423,157636
37.955289363861084,157636
37.96249008178711,157636
37.96969485282898,157636
37.97690010070801,157636
37.98410105705261,157636
37.99129605293274,157636
37.9984929561615,157636
38.00568222999573,157636
38.01288151741028,157636
38.02007174491882,157636
38.02725791931152,157636
38.0344352722168,157636
38.04161787033081,157636
38.048821210861206,157636
38.05600905418396,157636
38.06320142745972,157636
38.07041549682617,157636
38.077619791030884,157636
38.084798097610474,157636
38.09200882911682,157636
38.09921431541443,157636
38.106407165527344,157636
38.1136040687561,157636
38.120787382125854,157636
38.127981662750244,157636
38.13516068458557,157636
38.14234709739685,157636
38.149543046951294,157636
38.15674567222595,157636
38.16394567489624,157636
38.171141386032104,157636
38.17834830284119,157636
38.18553018569946,157636
38.192710876464844,157636
38.19992280006409,157636
38.2071168422699,157636
38.214290380477905,157636
38.22150158882141,157636
38.22871494293213,157636
38.23587608337402,157636
38.243062019348145,157636
38.250248670578,157636
38.257447957992554,157636
38.26464104652405,157636
38.271830797195435,157636
38.279029846191406,157636
38.28620743751526,157636
38.29341244697571,157636
38.30061960220337,157636
38.30781936645508,157636
38.31501007080078,157636
38.322195291519165,157636
38.329371213912964,157636
38.33656549453735,157636
38.34374713897705,157636
38.350961446762085,157636
38.35814619064331,157636
38.36533069610596,157636
38.372536182403564,157636
38.37972450256348,157636
38.38690662384033,157636
38.39408802986145,157636
38.40127944946289,157636
38.40846562385559,157636
38.41564583778381,157636
38.422850608825684,157636
38.43004488945007,157636
38.43722653388977,157636
38.44441795349121,157636
38.451595067977905,157636
38.458791732788086,157636
38.46598291397095,157636
38.473172187805176,157636
38.48036336898804,157636
38.48754382133484,157636
38.49474215507507,157636
38.501940965652466,157636
38.50914263725281,157636
38.51632881164551,157636
38.523518085479736,157636
38.53071188926697,157636
38.53789949417114,157636
38.54508686065674,157636
38.55227065086365,157636
38.55945324897766,157636
38.56665802001953,157636
38.57385015487671,157636
38.58105134963989,157636
38.58825325965881,157636
38.59544634819031,157636
38.602630376815796,157636
38.6098268032074,157636
38.61701464653015,157636
38.62421417236328,157636
38.63140034675598,157636
38.638612270355225,157636
38.64580321311951,157636
38.65300536155701,157636
38.66019892692566,157636
38.667394399642944,157636
38.67457389831543,157636
38.681766510009766,157636
38.68894696235657,157636
38.696138858795166,157636
38.70333981513977,157636
38.710537910461426,157636
38.71773099899292,157636
38.72490358352661,157636
38.73208737373352,157636
38.739253759384155,157636
38.74644708633423,157636
38.75364351272583,157636
38.76084327697754,157636
38.76804971694946,157636
38.77524924278259,157636
38.78244662284851,157636
38.789634704589844,157636
38.79683518409729,157636
38.80401873588562,157636
38.81121563911438,157636
38.81840252876282,157636
38.82560110092163,157636
38.83280920982361,157636
38.83996295928955,157636
38.847121715545654,157636
38.854225635528564,157636
38.8613383769989,157636
38.868468046188354,157636
38.875595569610596,157636
38.88269877433777,157636
38.889832496643066,157636
38.89699029922485,157636
38.90411615371704,157636
38.9112548828125,157636
38.91838622093201,157636
38.92548847198486,157636
38.93260979652405,157636
38.939732789993286,157636
38.94686770439148,157636
38.95401358604431,157636
38.96114540100098,157636
38.96829104423523,157636
38.975433349609375,157636
38.98252820968628,157636
38.989712715148926,157636
38.996910572052,157636
39.004082918167114,157636
39.01126527786255,157636
39.01846480369568,157636
39.02565932273865,157636
39.03285551071167,157636
39.040048360824585,157636
39.04723620414734,157636
39.054431200027466,157636
39.06163835525513,157636
39.06882643699646,157636
39.07602524757385,157636
39.083229541778564,157636
39.09040904045105,157636
39.09760308265686,157636
39.104793548583984,157636
39.11198163032532,157636
39.11918354034424,157636
39.126357078552246,157636
39.133559226989746,157636
39.140727519989014,157636
39.147907972335815,157636
39.15508151054382,157636
39.16227149963379,157636
39.169466972351074,157636
39.17666411399841,157636
39.18385291099548,157636
39.19103693962097,157636
39.19822883605957,157636
39.20542120933533,157636
39.21262502670288,157636
39.21982741355896,157636
39.227025747299194,157636
39.23419737815857,157636
39.24138879776001,157636
39.24858331680298,157636
39.2557635307312,157636
39.26294565200806,157636
39.27014231681824,157636
39.277347803115845,157636
39.28453183174133,157636
39.29171705245972,157636
39.29892301559448,157636
39.30610537528992,157636
39.31329584121704,157636
39.320491790771484,157636
39.32769203186035,157636
39.33488464355469,157636
39.34207320213318,157636
39.34926462173462,157636
39.356446266174316,157636
39.3636417388916,157636
39.37084770202637,157636
39.3780357837677,157636
39.38523530960083,157636
39.39241909980774,157636
39.399598836898804,157636
39.40681076049805,157636
39.41399574279785,157636
39.421183586120605,157636
39.428393840789795,157636
39.43557357788086,157636
39.44275760650635,157636
39.449973821640015,157636
39.45715260505676,157636
39.46432638168335,157636
39.471518993377686,157636
39.478713274002075,157636
39.48588967323303,157636
39.49308109283447,157636
39.50029945373535,157636
39.50750374794006,157636
39.51468014717102,157636
39.521875858306885,157636
39.529075384140015,157636
39.53624725341797,157636
39.54344201087952,157636
39.55064296722412,157636
39.557838439941406,157636
39.56503224372864,157636
39.572234869003296,157636
39.5794358253479,157636
39.586650371551514,157636
39.59382176399231,157636
39.60101127624512,157636
39.60819888114929,157636
39.615392446517944,157636
39.62258791923523,157636
39.62978219985962,157636
39.636990785598755,157636
39.644155740737915,157636
39.65133571624756,157636
39.658523082733154,157636
39.6657190322876,157636
39.67289996147156,157636
39.68008732795715,157636
39.687291622161865,157636
39.694464921951294,157636
39.701658725738525,157636
39.70887589454651,157636
39.71605396270752,157636
39.723247051239014,157636
39.73045778274536,157636
39.73765683174133,157636
39.744834423065186,157636
39.75204038619995,157636
39.75921893119812,157636
39.76642107963562,157636
39.77359652519226,157636
39.78078866004944,157636
39.787975788116455,157636
39.7951500415802,157636
39.80235457420349,157636
39.8095440864563,157636
39.816747188568115,157636
39.82393479347229,157636
39.83112859725952,157636
39.83829975128174,157636
39.845494508743286,157636
39.852659702301025,157636
39.85986280441284,157636
39.86706185340881,157636
39.87423539161682,157636
39.88142538070679,157636
39.88863253593445,157636
39.89580702781677,157636
39.90299606323242,157636
39.910192251205444,157636
39.91739892959595,157636
39.9245867729187,157636
39.9317843914032,157636
39.9389808177948,157636
39.94614815711975,157636
39.953336000442505,157636
39.96054196357727,157636
39.967753410339355,157636
39.97495245933533,157636
39.98216223716736,157636
39.989359855651855,157636
39.99654221534729,157636
40.003730058670044,157636
40.010918378829956,157636
40.01809859275818,157636
40.02528738975525,157636
40.03248953819275,157636
40.03969144821167,157636
40.04687261581421,157636
40.05406594276428,157636
40.06125497817993,157636
40.0684654712677,157636
40.07565784454346,157636
40.08285665512085,157636
40.09005570411682,157636
40.097246408462524,157636
40.1044442653656,157636
40.11163544654846,157636
40.11883544921875,157636
40.12603569030762,157636
40.13323473930359,157636
40.140416860580444,157636
40.14762878417969,157636
40.15482020378113,157636
40.16201066970825,157636
40.16921281814575,157636
40.176405906677246,157636
40.18359327316284,157636
40.19080305099487,157636
40.197985887527466,157636
40.20516633987427,157636
40.212355613708496,157636
40.21956396102905,157636
40.22675800323486,157636
40.233951807022095,157636
40.24114537239075,157636
40.24834060668945,157636
40.25552749633789,157636
40.26271295547485,157636
40.2699077129364,157636
40.277101278305054,157636
40.284279108047485,157636
40.291471004486084,157636
40.29865217208862,157636
40.30587291717529,157636
40.31306505203247,157636
40.320255517959595,157636
40.32746148109436,157636
40.3346471786499,157636
40.34182834625244,157636
40.349008083343506,157636
40.35619878768921,157636
40.36338257789612,157636
40.370585680007935,157636
40.37778687477112,157636
40.38496804237366,157636
40.392181396484375,157636
40.39937925338745,157636
40.406569957733154,157636
40.413761138916016,157636
40.42095184326172,157636
40.428138971328735,157636
40.43531274795532,157636
40.44249176979065,157636
40.4496967792511,157636
40.45689368247986,157636
40.46409606933594,157636
40.47128987312317,157636
40.47849106788635,157636
40.4856812953949,157636
40.49287462234497,157636
40.50004768371582,157636
40.50724697113037,157636
40.514431953430176,157636
40.52162265777588,157636
40.52881908416748,157636
40.53600859642029,157636
40.543190479278564,157636
40.55037188529968,157636
40.55756616592407,157636
40.56474709510803,157636
40.57194638252258,157636
40.579148054122925,157636
40.58633017539978,157636
40.59352707862854,157636
40.6007182598114,157636
40.607917070388794,157636
40.61509656906128,157636
40.622294902801514,157636
40.62949872016907,157636
40.63669443130493,157636
40.64389228820801,157636
40.65108251571655,157636
40.65828084945679,157636
40.66545844078064,157636
40.67265224456787,157636
40.67984175682068,157636
40.68704843521118,157636
40.69422769546509,157636
40.70141410827637,157636
40.70861005783081,157636
40.71578645706177,157636
40.722999572753906,157636
40.730183839797974,157636
40.73737931251526,157636
40.74456548690796,157636
40.751760482788086,157636
40.75895309448242,157636
40.766154050827026,157636
40.77336144447327,157636
40.780558824539185,157636
40.787758350372314,157636
40.79496502876282,157636
40.80212664604187,157636
40.809330224990845,157636
40.816532611846924,157636
40.82371711730957,157636
40.83091187477112,157636
40.83810758590698,157636
40.84528684616089,157636
40.852479696273804,157636
40.859671115875244,157636
40.86688470840454,157636
40.874072313308716,157636
40.881250858306885,157636
40.888452768325806,157636
40.89551401138306,157636
40.90261244773865,157636
40.90970993041992,157636
40.91685128211975,157636
40.9239935874939,157636
40.93112802505493,157636
40.938260078430176,157636
40.94538688659668,157636
40.95249152183533,157636
40.95958423614502,157636
40.96669960021973,157636
40.97381663322449,157636
40.98097038269043,157636
40.98812675476074,157636
40.9952609539032,157636
41.002418518066406,157636
41.00953388214111,157636
41.01671838760376,157636
41.02391028404236,157636
41.03110456466675,157636
41.038269996643066,157636
41.04544639587402,157636
41.05264115333557,157636
41.059836864471436,157636
41.06705164909363,157636
41.074244022369385,157636
41.08143949508667,157636
41.0886447429657,157636
41.09582161903381,157636
41.10297894477844,157636
41.11018776893616,157636
41.11738133430481,157636
41.124566078186035,157636
41.13176393508911,157636
41.138957023620605,157636
41.14614248275757,157636
41.15333080291748,157636
41.160523653030396,157636
41.167718172073364,157636
41.1749312877655,157636
41.18213486671448,157636
41.18932819366455,157636
41.196532011032104,157636
41.20368814468384,157636
41.210883378982544,157636
41.21808123588562,157636
41.22526979446411,157636
41.2324743270874,157636
41.23968315124512,157636
41.24688267707825,157636
41.25406050682068,157636
41.26124572753906,157636
41.26842260360718,157636
41.27559423446655,157636
41.28278470039368,157636
41.289973974227905,157636
41.29716920852661,157636
41.30434465408325,157636
41.31153702735901,157636
41.3187358379364,157636
41.32591390609741,157636
41.333094120025635,157636
41.34027934074402,157636
41.34746050834656,157636
41.35464787483215,157636
41.36184000968933,157636
41.36904740333557,157636
41.37623119354248,157636
41.38342642784119,157636
41.390637159347534,157636
41.39783072471619,157636
41.40498924255371,157636
41.41219425201416,157636
41.419395208358765,157636
41.42656183242798,157636
41.43375778198242,157636
41.44094681739807,157636
41.44812488555908,157636
41.45530867576599,157636
41.46250295639038,157636
41.469695806503296,157636
41.47690224647522,157636
41.48409056663513,157636
41.49126935005188,157636
41.498462200164795,157636
41.50562644004822,157636
41.5128219127655,157636
41.52001237869263,157636
41.527212142944336,157636
41.53439211845398,157636
41.54157996177673,157636
41.54878640174866,157636
41.555973052978516,157636
41.56316947937012,157636
41.57037115097046,157636
41.5775728225708,157636
41.58476686477661,157636
41.59197735786438,157636
41.59692096710205,157636
41.60071539878845,157636
41.604501485824585,157636
41.608282804489136,157636
41.612051486968994,157636
41.61587929725647,157636
41.61970019340515,157636
41.62352395057678,157636
41.62734794616699,157636
41.631163597106934,157636
41.63495945930481,157636
41.63877320289612,157636
41.642579078674316,157636
41.646405935287476,157636
41.650185346603394,157636
41.65399479866028,157636
41.65783381462097,157636
41.66163778305054,157636
41.66543102264404,157636
41.66927433013916,157636
41.67308592796326,157636
41.67690587043762,157636
41.68070435523987,157636
41.684487104415894,157636
41.688268184661865,157636
41.69208359718323,157636
41.69587278366089,157636
41.69971513748169,157636
41.70353674888611,157636
41.70735478401184,157636
41.71114659309387,157636
41.71492886543274,157636
41.718745946884155,157636
41.72254800796509,157636
41.726317405700684,157636
41.73008394241333,157636
41.73388361930847,157636
41.737709760665894,157636
41.74152326583862,157636
41.74532628059387,157636
41.749170541763306,157636
41.75298070907593,157636
41.756815671920776,157636
41.76062035560608,157636
41.76443123817444,157636
41.76823449134827,157636
41.77203178405762,157636
41.77582144737244,157636
41.77968883514404,157636
41.78351879119873,157636
41.78733229637146,157636
41.79114627838135,157636
41.79495549201965,157636
41.79880094528198,157636
41.8026168346405,157636
41.80645966529846,157636
41.810264587402344,157636
41.81405973434448,157636
41.81780552864075,157636
41.8216118812561,157636
41.825445890426636,157636
41.829283475875854,157636
41.83309292793274,157636
41.83691215515137,157636
41.84067249298096,157636
41.844483613967896,157636
41.848312854766846,157636
41.85210156440735,157636
41.85590481758118,157636
41.85970854759216,157636
41.863513708114624,157636
41.8673369884491,157636
41.871171951293945,157636
41.87497568130493,157636
41.878782749176025,157636
41.88263130187988,157636
41.88644528388977,157636
41.890251874923706,157636
41.894052505493164,157636
41.89785933494568,157636
41.901631593704224,157636
41.905449628829956,157636
41.909265756607056,157636
41.91308355331421,157636
41.916895627975464,157636
41.92070031166077,157636
41.92449116706848,157636
41.928300857543945,157636
41.932114124298096,157636
41.93588352203369,157636
41.939719438552856,157636
41.94354033470154,157636
41.94737267494202,157636
41.9512140750885,157636
41.955036878585815,157636
41.95883369445801,157636
41.96265244483948,157636
41.96646428108215,157636
41.97029232978821,157636
41.97407865524292,157636
41.97790026664734,157636
41.98171854019165,157636
41.98550987243652,157636
41.98931002616882,157636
41.99317002296448,157636
41.9970281124115,157636
42.000856161117554,157636
42.00467491149902,157636
42.00847768783569,157636
42.01225805282593,157636
42.01608419418335,157636
42.019890785217285,157636
42.02374076843262,157636
42.02757287025452,157636
42.0313823223114,157636
42.035178422927856,157636
42.03906226158142,157636
42.04290747642517,157636
42.04673528671265,157636
42.05053424835205,157636
42.05433797836304,157636
42.05809140205383,157636
42.06189179420471,157636
42.06568241119385,157636
42.069483518600464,157636
42.073267459869385,157636
42.07708263397217,157636
42.0809109210968,157636
42.08467698097229,157636
42.088473081588745,157636
42.092283725738525,157636
42.09608483314514,157636
42.09991502761841,157636
42.10374140739441,157636
42.107527017593384,157636
42.11131286621094,157636
42.11511445045471,157636
42.11893653869629,157636
42.12274122238159,157636
42.12654709815979,157636
42.130343437194824,157636
42.13415551185608,157636
42.137980699539185,157636
42.141775369644165,157636
42.14556384086609,157636
42.151084661483765,157636
42.1577787399292,157636
42.16443872451782,157636
42.17116022109985,157636
42.17789626121521,157636
42.184590339660645,157636
42.191266775131226,157636
42.198010206222534,157636
42.2047016620636,157636
42.21132159233093,157636
42.217939138412476,157636
42.22456622123718,157636
42.23125123977661,157636
42.23794412612915,157636
42.244672536849976,157636
42.25146150588989,157636
42.258267641067505,157636
42.265039682388306,157636
42.27184343338013,157636
42.2786431312561,157636
42.285478591918945,157636
42.292340993881226,157636
42.299240827560425,157636
42.306100606918335,157636
42.312970876693726,157636
42.31984782218933,157636
42.32673454284668,157636
42.333638191223145,157636
42.34054374694824,157636
42.347450733184814,157636
42.35437750816345,157636
42.361281871795654,157636
42.36819887161255,157636
42.37512278556824,157636
42.38209056854248,157636
42.389113903045654,157636
42.39605903625488,157636
42.403040409088135,157636
42.410016775131226,157636
42.41697120666504,157636
42.42395830154419,157636
42.43097448348999,157636
42.43805193901062,157636
42.44514751434326,157636
42.452205181121826,157636
42.45932197570801,157636
42.46645951271057,157636
42.47357773780823,157636
42.48070454597473,157636
42.48789691925049,157636
42.49507164955139,157636
42.502259254455566,157636
42.50945258140564,157636
42.51664113998413,157636
42.52382016181946,157636
42.53103256225586,157636
42.53822135925293,157636
42.5453987121582,157636
42.552610635757446,157636
42.559797048568726,157636
42.56696915626526,157636
42.57415580749512,157636
42.58133339881897,157636
42.58853340148926,157636
42.595733642578125,157636
42.602914810180664,157636
42.61010766029358,157636
42.61728882789612,157636
42.62448334693909,157636
42.631685972213745,157636
42.638877391815186,157636
42.64606833457947,157636
42.653247356414795,157636
42.660454750061035,157636
42.6676459312439,157636
42.674829721450806,157636
42.68202328681946,157636
42.68922448158264,157636
42.696412086486816,157636
42.703601598739624,157636
42.71080994606018,157636
42.71798038482666,157636
42.72515630722046,157636
42.73234248161316,157636
42.7395293712616,157636
42.74673390388489,157636
42.75392460823059,157636
42.761112213134766,157636
42.76830863952637,157636
42.77548623085022,157636
42.78267455101013,157636
42.78986096382141,157636
42.797056436538696,157636
42.80424118041992,157636
42.81143116950989,157636
42.8186194896698,157636
42.82581067085266,157636
42.832995891571045,157636
42.84019708633423,157636
42.84738516807556,157636
42.85455942153931,157636
42.861753702163696,157636
42.86894106864929,157636
42.87613582611084,157636
42.883315086364746,157636
42.89051413536072,157636
42.89771890640259,157636
42.904905796051025,157636
42.91209936141968,157636
42.91928195953369,157636
42.926467180252075,157636
42.93365979194641,157636
42.94082522392273,157636
42.948036193847656,157636
42.95519971847534,157636
42.96240711212158,157636
42.96959209442139,157636
42.97679090499878,157636
42.983983755111694,157636
42.99117922782898,157636
42.99838089942932,157636
43.00557041168213,157636
43.01277232170105,157636
43.01994824409485,157636
43.027148962020874,157636
43.03431701660156,157636
43.04151940345764,157636
43.04871964454651,157636
43.05590629577637,157636
43.06310796737671,157636
43.0703010559082,157636
43.07596182823181,157636
43.07979106903076,157636
43.08362007141113,157636
43.08750605583191,157636
43.091283559799194,157636
43.09508299827576,157636
43.09887456893921,157636
43.10274887084961,157636
43.10653805732727,157636
43.11032223701477,157636
43.11413359642029,157636
43.11795973777771,157636
43.12177872657776,157636
43.125566244125366,157636
43.12939405441284,157636
43.13318347930908,157636
43.137001752853394,157636
43.140806436538696,157636
43.14459776878357,157636
43.148406982421875,157636
43.15219855308533,157636
43.15606331825256,157636
43.15985703468323,157636
43.16363000869751,157636
43.16745138168335,157636
43.17123794555664,157636
43.17501211166382,157636
43.17883086204529,157636
43.18261766433716,157636
43.18642330169678,157636
43.19021654129028,157636
43.19403314590454,157636
43.19786882400513,157636
43.20169377326965,157636
43.20551896095276,157636
43.20932865142822,157636
43.21308708190918,157636
43.21691918373108,157636
43.22071552276611,157636
43.224512338638306,157636
43.228358030319214,157636
43.23219275474548,157636
43.236000537872314,157636
43.23979902267456,157636
43.24360680580139,157636
43.24747085571289,157636
43.251291275024414,157636
43.25507855415344,157636
43.258894205093384,157636
43.26268124580383,157636
43.26652145385742,157636
43.27028751373291,157636
43.274115562438965,157636
43.277971267700195,157636
43.28177523612976,157636
43.28561615943909,157636
43.2894172668457,157636
43.29320740699768,157636
43.297051668167114,157636
43.300883769989014,157636
43.30465531349182,157636
43.3084602355957,157636
43.3122718334198,157636
43.316078424453735,157636
43.319878339767456,157636
43.32369089126587,157636
43.327473402023315,157636
43.331258058547974,157636
43.33502435684204,157636
43.33886384963989,157636
43.34264922142029,157636
43.346463203430176,157636
43.35029578208923,157636
43.35410189628601,157636
43.35794234275818,157636
43.36176037788391,157636
43.36554193496704,157636
43.36935567855835,157636
43.37315583229065,157636
43.37698173522949,157636
43.38078856468201,157636
43.38461971282959,157636
43.38846230506897,157636
43.392244815826416,157636
43.39604043960571,157636
43.399876832962036,157636
43.403634548187256,157636
43.40742611885071,157636
43.41122913360596,157636
43.415030002593994,157636
43.4188346862793,157636
43.42267322540283,157636
43.426478147506714,157636
43.43026828765869,157636
43.434064626693726,157636
43.437893867492676,157636
43.441675424575806,157636
43.445496797561646,157636
43.44929480552673,157636
43.45310854911804,157636
43.456891775131226,157636
43.46066403388977,157636
43.46444797515869,157636
43.46824502944946,157636
43.47198963165283,157636
43.475759506225586,157636
43.47954607009888,157636
43.48333525657654,157636
43.487133264541626,157636
43.49095058441162,157636
43.49477171897888,157636
43.49858856201172,157636
43.50241780281067,157636
43.50616693496704,157636
43.50997877120972,157636
43.51380181312561,157636
43.51766538619995,157636
43.5214741230011,157636
43.525251626968384,157636
43.52911043167114,157636
43.53289842605591,157636
43.53674578666687,157636
43.54058218002319,157636
43.54438853263855,157636
43.54821586608887,157636
43.5520224571228,157636
43.555800914764404,157636
43.559592485427856,157636
43.56338286399841,157636
43.56720018386841,157636
43.571000814437866,157636
43.57477402687073,157636
43.57859206199646,157636
43.582377433776855,157636
43.58619713783264,157636
43.59002661705017,157636
43.59384226799011,157636
43.5976676940918,157636
43.601457595825195,157636
43.60527563095093,157636
43.609105825424194,157636
43.61291289329529,157636
43.61672878265381,157636
43.62051248550415,157636
43.62430119514465,157636
43.6281304359436,157636
43.63191866874695,157636
43.63577318191528,157636
43.63960075378418,157636
43.64340925216675,157636
43.647196531295776,157636
43.65098309516907,157636
43.654746294021606,157636
43.65855264663696,157636
43.66237473487854,157636
43.66618251800537,157636
43.66998052597046,157636
43.673789501190186,157636
43.67763161659241,157636
43.68142533302307,157636
43.68524980545044,157636
43.68906497955322,157636
43.69288730621338,157636
43.69674301147461,157636
43.700562715530396,157636
43.704400062561035,157636
43.70817279815674,157636
43.71199917793274,157636
43.715818643569946,157636
43.719619274139404,157636
43.72343921661377,157636
43.72723197937012,157636
43.730998516082764,157636
43.73478126525879,157636
43.73858428001404,157636
43.742379903793335,157636
43.74619507789612,157636
43.75214767456055,157636
43.758766889572144,157636
43.76544499397278,157636
43.77209496498108,157636
43.778783321380615,157636
43.78548860549927,157636
43.79215955734253,157636
43.798866271972656,157636
43.805604457855225,157636
43.81232166290283,157636
43.81900238990784,157636
43.82571029663086,157636
43.8324134349823,157636
43.839139223098755,157636
43.84579515457153,157636
43.852452993392944,157636
43.85911750793457,157636
43.86573767662048,157636
43.87240505218506,157636
43.87907791137695,157636
43.88574147224426,157636
43.89238524436951,157636
43.89908742904663,157636
43.90583610534668,157636
43.912564516067505,157636
43.91928744316101,157636
43.926056146621704,157636
43.93271780014038,157636
43.93946576118469,157636
43.9461944103241,157636
43.95285630226135,157636
43.9595832824707,157636
43.96621131896973,157636
43.97287940979004,157636
43.979623556137085,157636
43.986335039138794,157636
43.993021965026855,157636
43.99979543685913,157636
44.00661277770996,157636
44.01337957382202,157636
44.0201997756958,157636
44.02705979347229,157636
44.033949851989746,157636
44.04084897041321,157636
44.04776740074158,157636
44.05465245246887,157636
44.06158924102783,157636
44.068469285964966,157636
44.07538199424744,157636
44.08230471611023,157636
44.08926200866699,157636
44.09620380401611,157636
44.103169441223145,157636
44.11015510559082,157636
44.117135763168335,157636
44.124120473861694,157636
44.13106155395508,157636
44.1380078792572,157636
44.14496302604675,157636
44.152013540267944,157636
44.15907382965088,157636
44.16614580154419,157636
44.173195600509644,157636
44.1802453994751,157636
44.18738293647766,157636
44.194504737854004,157636
44.20162558555603,157636
44.20875263214111,157636
44.215882301330566,157636
44.22299909591675,157636
44.23012447357178,157636
44.2373149394989,157636
44.24449419975281,157636
44.251681327819824,157636
44.258880615234375,157636
44.26604723930359,157636
44.273221492767334,157636
44.28043031692505,157636
44.2876250743866,157636
44.29480719566345,157636
44.30199885368347,157636
44.309178829193115,157636
44.316349029541016,157636
44.32355189323425,157636
44.3307363986969,157636
44.33793258666992,157636
44.34510064125061,157636
44.35229015350342,157636
44.359496116638184,157636
44.36669850349426,157636
44.37387824058533,157636
44.38105583190918,157636
44.38824272155762,157636
44.395421266555786,157636
44.4026153087616,157636
44.409815073013306,157636
44.41701054573059,157636
44.424184799194336,157636
44.431360721588135,157636
44.43855857849121,157636
44.44574785232544,157636
44.452951192855835,157636
44.460139751434326,157636
44.467334270477295,157636
44.47451400756836,157636
44.481695890426636,157636
44.48889350891113,157636
44.49606728553772,157636
44.5032422542572,157636
44.5104398727417,157636
44.517627239227295,157636
44.524808168411255,157636
44.53200840950012,157636
44.53921365737915,157636
44.54638934135437,157636
44.55358862876892,157636
44.56078004837036,157636
44.56797671318054,157636
44.57514476776123,157636
44.58234405517578,157636
44.58952569961548,157636
44.596723318099976,157636
44.60389971733093,157636
44.61109232902527,157636
44.6182906627655,157636
44.62548351287842,157636
44.632654905319214,157636
44.63985800743103,157636
44.647051095962524,157636
44.654240131378174,157636
44.6614351272583,157636
44.668649196624756,157636
44.67583894729614,157636
44.68301296234131,157636
44.69020748138428,157636
44.697396755218506,157636
44.70458245277405,157636
44.71179556846619,157636
44.718984603881836,157636
44.72616958618164,157636
44.73333811759949,157636
44.74052357673645,157636
44.74772095680237,157636
44.7549192905426,157636
44.762113094329834,157636
44.76931643486023,157636
44.776501178741455,157636
44.783663511276245,157636
44.79086112976074,157636
44.7980477809906,157636
44.8052339553833,157636
44.812427282333374,157636
44.81962323188782,157636
44.826826333999634,157636
44.83400273323059,157636
44.8412070274353,157636
44.84839153289795,157636
44.8555793762207,157636
44.862746477127075,157636
44.86992883682251,157636
44.877105951309204,157636
44.884294748306274,157636
44.89149522781372,157636
44.89868354797363,157636
44.905856132507324,157636
44.913039207458496,157636
44.92023706436157,157636
44.92744755744934,157636
44.93461561203003,157636
44.94180989265442,157636
44.94898819923401,157636
44.95617318153381,157636
44.963364124298096,157636
44.97057390213013,157636
44.977768421173096,157636
44.984928131103516,157636
44.99211287498474,157636
44.99930024147034,157636
45.00650882720947,157636
45.013712882995605,157636
45.020901918411255,157636
45.02811121940613,157636
45.035271406173706,157636
45.042457580566406,157636
45.049651861190796,157636
45.05686354637146,157636
45.06404399871826,157636
45.071240186691284,157636
45.07843542098999,157636
45.08560228347778,157636
45.092801570892334,157636
45.09999394416809,157636
45.10719180107117,157636
45.11437940597534,157636
45.1215615272522,157636
45.128756046295166,157636
45.13595390319824,157636
45.14316201210022,157636
45.150351762771606,157636
45.157549142837524,157636
45.16473579406738,157636
45.17192459106445,157636
45.179113149642944,157636
45.18630933761597,157636
45.19350528717041,157636
45.200703382492065,157636
45.20790910720825,157636
45.215086936950684,157636
45.222269773483276,157636
45.229464054107666,157636
45.2366418838501,157636
45.24382257461548,157636
45.25101280212402,157636
45.258206367492676,157636
45.26538300514221,157636
45.272581338882446,157636
45.27978253364563,157636
45.286972761154175,157636
45.29416012763977,157636
45.30135202407837,157636
45.308542251586914,157636
45.31572961807251,157636
45.32291650772095,157636
45.330132246017456,157636
45.337303161621094,157636
45.34449791908264,157636
45.35169744491577,157636
45.358898878097534,157636
45.36606478691101,157636
45.37326502799988,157636
45.38045597076416,157636
45.3876473903656,157636
45.39484405517578,157636
45.40202474594116,157636
45.409220457077026,157636
45.41642642021179,157636
45.423619508743286,157636
45.43082904815674,157636
45.43802571296692,157636
45.445213317871094,157636
45.45239806175232,157636
45.45960092544556,157636
45.46679878234863,157636
45.47398018836975,157636
45.481151819229126,157636
45.48834490776062,157636
45.495518922805786,157636
45.50271725654602,157636
45.50990533828735,157636
45.51709771156311,157636
45.52428078651428,157636
45.53148436546326,157636
45.538652420043945,157636
45.54584574699402,157636
45.553038358688354,157636
45.56023144721985,157636
45.56741166114807,157636
45.57459306716919,157636
45.58179759979248,157636
45.588995695114136,157636
45.595252990722656,157636
45.59908080101013,157636
45.602922439575195,157636
45.60672187805176,157636
45.610541105270386,157636
45.614349603652954,157636
45.61816477775574,157636
45.62196469306946,157636
45.62576866149902,157636
45.62963914871216,157636
45.63344860076904,157636
45.63724160194397,157636
45.641053438186646,157636
45.6448655128479,157636
45.648653507232666,157636
45.652456521987915,157636
45.65622329711914,157636
45.660027742385864,157636
45.66380190849304,157636
45.66762375831604,157636
45.67142868041992,157636
45.6752393245697,157636
45.67904019355774,157636
45.68282747268677,157636
45.68663311004639,157636
45.69043588638306,157636
45.69424891471863,157636
45.69802474975586,157636
45.70181488990784,157636
45.70564007759094,157636
45.709463596343994,157636
45.71328639984131,157636
45.71710729598999,157636
45.72091007232666,157636
45.72467660903931,157636
45.72848391532898,157636
45.732277631759644,157636
45.73605298995972,157636
45.73981165885925,157636
45.74361538887024,157636
45.74742603302002,157636
45.75121545791626,157636
45.75500559806824,157636
45.75885224342346,157636
45.762667417526245,157636
45.7664361000061,157636
45.77026319503784,157636
45.774083852767944,157636
45.77791237831116,157636
45.78168559074402,157636
45.78553009033203,157636
45.789302587509155,157636
45.79309844970703,157636
45.79694604873657,157636
45.800780296325684,157636
45.80458450317383,157636
45.80844497680664,157636
45.812209129333496,157636
45.81602215766907,157636
45.819828271865845,157636
45.82360768318176,157636
45.82742667198181,157636
45.83126211166382,157636
45.83508896827698,157636
45.8388991355896,157636
45.842724561691284,157636
45.8465621471405,157636
45.850345849990845,157636
45.854148387908936,157636
45.85795974731445,157636
45.86177158355713,157636
45.86560010910034,157636
45.86942791938782,157636
45.8760724067688,157636
45.88274621963501,157636
45.88943910598755,157636
45.896092891693115,157636
45.90278434753418,157636
45.90948724746704,157636
45.916152000427246,157636
45.92285442352295,157636
45.92952871322632,157636
45.936227798461914,157636
45.94290518760681,157636
45.94959235191345,157636
45.956286668777466,157636
45.96297883987427,157636
45.96965980529785,157636
45.97634553909302,157636
45.98301458358765,157636
45.98971724510193,157636
45.99640989303589,157636
46.003089904785156,157636
46.00975799560547,157636
46.01643967628479,157636
46.02309608459473,157636
46.02978706359863,157636
46.03644585609436,157636
46.04310393333435,157636
46.04982233047485,157636
46.05651807785034,157636
46.06317353248596,157636
46.06987547874451,157636
46.07658362388611,157636
46.083272218704224,157636
46.089969635009766,157636
46.096699953079224,157636
46.103389263153076,157636
46.110060930252075,157636
46.11678504943848,157636
46.12347674369812,157636
46.13019800186157,157636
46.13689684867859,157636
46.14357900619507,157636
46.150275468826294,157636
46.15699219703674,157636
46.16370964050293,157636
46.17040181159973,157636
46.17713475227356,157636
46.183831453323364,157636
46.19052577018738,157636
46.19722843170166,157636
46.20393657684326,157636
46.21065306663513,157636
46.21737742424011,157636
46.224061489105225,157636
46.230772256851196,157636
46.237467527389526,157636
46.24417042732239,157636
46.25087594985962,157636
46.2576162815094,157636
46.26431632041931,157636
46.27101135253906,157636
46.27775573730469,157636
46.28444266319275,157636
46.29114365577698,157636
46.29786443710327,157636
46.30455470085144,157636
46.31125044822693,157636
46.317938804626465,157636
46.324625968933105,157636
46.331308364868164,157636
46.33800768852234,157636
46.34472036361694,157636
46.35142397880554,157636
46.35810375213623,157636
46.36482286453247,157636
46.37151384353638,157636
46.37822699546814,157636
46.384925842285156,157636
46.391634464263916,157636
46.39833641052246,157636
46.405049562454224,157636
46.41176199913025,157636
46.418489933013916,157636
46.42520594596863,157636
46.43190050125122,157636
46.43861365318298,157636
46.44532561302185,157636
46.452035903930664,157636
46.45876216888428,157636
46.46548557281494,157636
46.472180128097534,157636
46.478880643844604,157636
46.48559617996216,157636
46.49228835105896,157636
46.49903082847595,157636
46.505741596221924,157636
46.512446880340576,157636
46.51914095878601,157636
46.525816202163696,157636
46.53251767158508,157636
46.53921818733215,157636
46.54590725898743,157636
46.55263900756836,157636
46.559327125549316,157636
46.56603264808655,157636
46.57274889945984,157636
46.57947397232056,157636
46.58617448806763,157636
46.59287214279175,157636
46.59960174560547,157636
46.606297731399536,157636
46.61303687095642,157636
46.619754791259766,157636
46.62646198272705,157636
46.633145570755005,157636
46.639848709106445,157636
46.64655303955078,157636
46.65325140953064,157636
46.65995478630066,157636
46.666670083999634,157636
46.673375368118286,157636
46.68006253242493,157636
46.686776876449585,157636
46.69346332550049,157636
46.7001838684082,157636
46.70689940452576,157636
46.71359705924988,157636
46.72029232978821,157636
46.727030992507935,157636
46.73373341560364,157636
46.74046540260315,157636
46.747164726257324,157636
46.75387668609619,157636
46.76059079170227,157636
46.76727867126465,157636
46.77398490905762,157636
46.78071737289429,157636
46.7874174118042,157636
46.79409170150757,157636
46.80080962181091,157636
46.80750632286072,157636
46.814207792282104,157636
46.82093381881714,157636
46.82763695716858,157636
46.8343231678009,157636
46.84103012084961,157636
46.84776425361633,157636
46.85444355010986,157636
46.86114311218262,157636
46.86785364151001,157636
46.874545097351074,157636
46.88123440742493,157636
46.88792943954468,157636
46.89460587501526,157636
46.90131497383118,157636
46.90802240371704,157636
46.914716958999634,157636
46.92141556739807,157636
46.928117752075195,157636
46.93480396270752,157636
46.94151949882507,157636
46.9482421875,157636
46.954920053482056,157636
46.9616265296936,157636
46.96831560134888,157636
46.975014209747314,157636
46.98173260688782,157636
46.988462686538696,157636
46.9951536655426,157636
47.00188112258911,157636
47.00859975814819,157636
47.0152702331543,157636
47.02199602127075,157636
47.02875304222107,157636
47.035419940948486,157636
47.042125940322876,157636
47.04885745048523,157636
47.0555682182312,157636
47.06228756904602,157636
47.06898736953735,157636
47.07567763328552,157636
47.08239817619324,157636
47.08911180496216,157636
47.09580183029175,157636
47.102516889572144,157636
47.10923647880554,157636
47.11590790748596,157636
47.12260913848877,157636
47.129307985305786,157636
47.13601851463318,157636
47.14274835586548,157636
47.14946532249451,157636
47.156170129776,157636
47.162888288497925,157636
47.169559478759766,157636
47.176236152648926,157636
47.18296718597412,157636
47.189696311950684,157636
47.19641852378845,157636
47.20311665534973,157636
47.20983076095581,157636
47.21653604507446,157636
47.22323226928711,157636
47.229928731918335,157636
47.23665452003479,157636
47.2433295249939,157636
47.25004553794861,157636
47.25676155090332,157636
47.26346397399902,157636
47.27016544342041,157636
47.27688765525818,157636
47.28358817100525,157636
47.29027247428894,157636
47.29697108268738,157636
47.303683280944824,157636
47.310389280319214,157636
47.317084550857544,157636
47.32378053665161,157636
47.33048963546753,157636
47.33717703819275,157636
47.34388613700867,157636
47.35061764717102,157636
47.35732698440552,157636
47.36403155326843,157636
47.37074565887451,157636
47.37742805480957,157636
47.38417983055115,157636
47.390891790390015,157636
47.39759373664856,157636
47.40428280830383,157636
47.41099500656128,157636
47.41769003868103,157636
47.42443013191223,157636
47.431126832962036,157636
47.43783473968506,157636
47.4445378780365,157636
47.45123887062073,157636
47.45793557167053,157636
47.46467423439026,157636
47.471344232559204,157636
47.47805619239807,157636
47.48474311828613,157636
47.4914448261261,157636
47.49814224243164,157636
47.504849672317505,157636
47.511552572250366,157636
47.51824617385864,157636
47.524933099746704,157636
47.531636476516724,157636
47.53834271430969,157636
47.545058250427246,157636
47.55182456970215,157636
47.55853033065796,157636
47.56519627571106,157636
47.57187247276306,157636
47.57857394218445,157636
47.58525776863098,157636
47.591957330703735,157636
47.59864139556885,157636
47.60531258583069,157636
47.61199116706848,157636
47.618683099746704,157636
47.625386476516724,157636
47.63205933570862,157636
47.638763189315796,157636
47.645464181900024,157636
47.652140617370605,157636
47.65881061553955,157636
47.66548252105713,157636
47.67216515541077,157636
47.678879261016846,157636
47.685566663742065,157636
47.69223761558533,157636
47.69892883300781,157636
47.70562791824341,157636
47.71233105659485,157636
47.71902322769165,157636
47.725706815719604,157636
47.732417583465576,157636
47.73911452293396,157636
47.7458233833313,157636
47.75253486633301,157636
47.75922513008118,157636
47.76590156555176,157636
47.77261209487915,157636
47.77930808067322,157636
47.78601813316345,157636
47.79272675514221,157636
47.799396991729736,157636
47.80608415603638,157636
47.81278347969055,157636
47.81947088241577,157636
47.82618069648743,157636
47.832862854003906,157636
47.83958578109741,157636
47.846251487731934,157636
47.852922201156616,157636
47.859623670578,157636
47.86631226539612,157636
47.873003005981445,157636
47.87968611717224,157636
47.88640069961548,157636
47.89305305480957,157636
47.899773597717285,157636
47.906484842300415,157636
47.91314363479614,157636
47.91986656188965,157636
47.9265558719635,157636
47.933233976364136,157636
47.93992733955383,157636
47.946645975112915,157636
47.953309297561646,157636
47.9599871635437,157636
47.96666765213013,157636
47.97335410118103,157636
47.98003602027893,157636
47.98673725128174,157636
47.993409633636475,157636
48.000104665756226,157636
48.006816148757935,157636
48.01350498199463,157636
48.020182371139526,157636
48.02688670158386,157636
48.033559799194336,157636
48.04024863243103,157636
48.04693055152893,157636
48.053624868392944,157636
48.06032943725586,157636
48.06702709197998,157636
48.07372570037842,157636
48.08042645454407,157636
48.08710956573486,157636
48.09381413459778,157636
48.10051417350769,157636
48.10723352432251,157636
48.113887786865234,157636
48.12060475349426,157636
48.12729287147522,157636
48.133968114852905,157636
48.14068102836609,157636
48.147406816482544,157636
48.1540732383728,157636
48.16078758239746,157636
48.16748857498169,157636
48.174174785614014,157636
48.180887937545776,157636
48.18762397766113,157636
48.19431114196777,157636
48.201024532318115,157636
48.207722902297974,157636
48.21442437171936,157636
48.2211549282074,157636
48.22787833213806,157636
48.234578132629395,157636
48.24128198623657,157636
48.247987031936646,157636
48.25469183921814,157636
48.26139426231384,157636
48.26811194419861,157636
48.274792194366455,157636
48.281500577926636,157636
48.2881977558136,157636
48.294899463653564,157636
48.30158996582031,157636
48.308327436447144,157636
48.31500577926636,157636
48.32172417640686,157636
48.32843470573425,157636
48.33512306213379,157636
48.34183359146118,157636
48.348548889160156,157636
48.35524845123291,157636
48.36194825172424,157636
48.368677854537964,157636
48.375396490097046,157636
48.38209533691406,157636
48.38882327079773,157636
48.39550018310547,157636
48.402199506759644,157636
48.40888953208923,157636
48.415597438812256,157636
48.42229104042053,157636
48.42900252342224,157636
48.435691833496094,157636
48.44240593910217,157636
48.44912147521973,157636
48.45582175254822,157636
48.46252775192261,157636
48.46922206878662,157636
48.47590398788452,157636
48.482622146606445,157636
48.48931288719177,157636
48.496020555496216,157636
48.50271415710449,157636
48.50943160057068,157636
48.51611137390137,157636
48.52283430099487,157636
48.529526710510254,157636
48.53622245788574,157636
48.54292941093445,157636
48.54969024658203,157636
48.55637860298157,157636
48.56308054924011,157636
48.56980800628662,157636
48.576523780822754,157636
48.58320140838623,157636
48.58993744850159,157636
48.59664463996887,157636
48.60334753990173,157636
48.610077142715454,157636
48.61677956581116,157636
48.623481035232544,157636
48.63021206855774,157636
48.636937856674194,157636
48.64363217353821,157636
48.650338649749756,157636
48.65702295303345,157636
48.663726806640625,157636
48.670453786849976,157636
48.677161693573,157636
48.6838653087616,157636
48.69059681892395,157636
48.697309732437134,157636
48.70400524139404,157636
48.710724115371704,157636
48.71741962432861,157636
48.72411036491394,157636
48.73084044456482,157636
48.73757076263428,157636
48.74425148963928,157636
48.7509651184082,157636
48.75767540931702,157636
48.764362812042236,157636
48.77106857299805,157636
48.77776551246643,157636
48.78446340560913,157636
48.79117751121521,157636
48.79787302017212,157636
48.8045711517334,157636
48.81125569343567,157636
48.81794285774231,157636
48.82462167739868,157636
48.83132076263428,157636
48.83800745010376,157636
48.84472918510437,157636
48.85145831108093,157636
48.85814070701599,157636
48.864863872528076,157636
48.871580600738525,157636
48.87826156616211,157636
48.8849823474884,157636
48.89170813560486,157636
48.89844012260437,157636
48.905142068862915,157636
48.91190981864929,157636
48.918617963790894,157636
48.925337076187134,157636
48.932053565979004,157636
48.9387743473053,157636
48.945472717285156,157636
48.95222210884094,157636
48.9589467048645,157636
48.96564221382141,157636
48.97234630584717,157636
48.97903656959534,157636
48.98574662208557,157636
48.99247694015503,157636
48.999187707901,157636
49.005876541137695,157636
49.01257395744324,157636
49.01930642127991,157636
49.026002645492554,157636
49.03275394439697,157636
49.0394549369812,157636
49.04613733291626,157636
49.05284237861633,157636
49.059542417526245,157636
49.06624245643616,157636
49.072941303253174,157636
49.07964515686035,157636
49.0863561630249,157636
49.09306597709656,157636
49.099785566329956,157636
49.106475591659546,157636
49.11319398880005,157636
49.11989116668701,157636
49.12661671638489,157636
49.13332200050354,157636
49.140042304992676,157636
49.146729946136475,157636
49.15345811843872,157636
49.16017198562622,157636
49.16685748100281,157636
49.173555850982666,157636
49.18023943901062,157636
49.186951637268066,157636
49.19366002082825,157636
49.20039343833923,157636
49.20708918571472,157636
49.2138032913208,157636
49.22050642967224,157636
49.22721767425537,157636
49.23394012451172,157636
49.24064254760742,157636
49.24733376502991,157636
49.25403666496277,157636
49.26076292991638,157636
49.267491817474365,157636
49.27419948577881,157636
49.28089761734009,157636
49.28761553764343,157636
49.294318437576294,157636
49.30101799964905,157636
49.30775213241577,157636
49.31445288658142,157636
49.32116889953613,157636
49.32788872718811,157636
49.334571838378906,157636
49.34126591682434,157636
49.34799003601074,157636
49.3547260761261,157636
49.361438035964966,157636
49.368141412734985,157636
49.3748517036438,157636
49.38155913352966,157636
49.38825988769531,157636
49.39493680000305,157636
49.4016649723053,157636
49.40837574005127,157636
49.41506028175354,157636
49.4217689037323,157636
49.42848753929138,157636
49.435200929641724,157636
49.44187831878662,157636
49.44861388206482,157636
49.45530724525452,157636
49.46200680732727,157636
49.46870231628418,157636
49.47540903091431,157636
49.482099294662476,157636
49.488807916641235,157636
49.4954993724823,157636
49.50220847129822,157636
49.50892734527588,157636
49.51565432548523,157636
49.522353410720825,157636
49.52905774116516,157636
49.53575944900513,157636
49.54246640205383,157636
49.547088384628296,157636
49.55091977119446,157636
49.554710149765015,157636
49.5585732460022,157636
49.56239724159241,157636
49.56616473197937,157636
49.569968700408936,157636
49.57375979423523,157636
49.577590227127075,157636
49.581416845321655,157636
49.585238456726074,157636
49.589028120040894,157636
49.59287738800049,157636
49.59669470787048,157636
49.60054039955139,157636
49.60434818267822,157636
49.608163833618164,157636
49.61200737953186,157636
49.615822553634644,157636
49.62079310417175,157636
49.62524938583374,157636
49.62905716896057,157636
49.63287091255188,157636
49.638349533081055,157636
49.64381504058838,157636
49.64760971069336,157636
49.65144753456116,157636
49.65731954574585,157636
49.663740396499634,157636
49.670151233673096,157636
49.67662692070007,157636
49.683075189590454,157636
49.689533710479736,157636
49.695996046066284,157636
49.70250916481018,157636
49.70899844169617,157636
49.71547031402588,157636
49.72198009490967,157636
49.72848868370056,157636
49.73499274253845,157636
49.7415075302124,157636
49.74804925918579,157636
49.754645109176636,157636
49.761165618896484,157636
49.767728090286255,157636
49.774341106414795,157636
49.78090739250183,157636
49.787455558776855,157636
49.7940239906311,157636
49.800583362579346,157636
49.80712604522705,157636
49.813700437545776,157636
49.82026648521423,157636
49.82681155204773,157636
49.83337354660034,157636
49.83991265296936,157636
49.846431732177734,157636
49.85296130180359,157636
49.85953164100647,157636
49.86604928970337,157636
49.87264800071716,157636
49.87918210029602,157636
49.8857524394989,157636
49.89227843284607,157636
49.89883542060852,157636
49.90539598464966,157636
49.91195774078369,157636
49.918551445007324,157636
49.925097942352295,157636
49.93166470527649,157636
49.938225984573364,157636
49.944772243499756,157636
49.95133566856384,157636
49.957886934280396,157636
49.96446347236633,157636
49.97097826004028,157636
49.97758102416992,157636
49.984102725982666,157636
49.990681409835815,157636
49.99722409248352,157636
50.00378060340881,157636
50.010332345962524,157636
50.01689267158508,157636
50.02344489097595,157636
50.03000545501709,157636
50.036580085754395,157636
50.04310131072998,157636
50.04965376853943,157636
50.05620360374451,157636
50.06277823448181,157636
50.069340467453,157636
50.075928926467896,157636
50.08253622055054,157636
50.089072704315186,157636
50.09564566612244,157636
50.10221600532532,157636
50.108826637268066,157636
50.11535906791687,157636
50.12193560600281,157636
50.128509283065796,157636
50.135058641433716,157636
50.141624450683594,157636
50.14824056625366,157636
50.15484285354614,157636
50.16141438484192,157636
50.16797375679016,157636
50.17458128929138,157636
50.18110728263855,157636
50.187692403793335,157636
50.19424867630005,157636
50.200847148895264,157636
50.20745253562927,157636
50.21400427818298,157636
50.220633029937744,157636
50.22718334197998,157636
50.233760595321655,157636
50.24039053916931,157636
50.24697804450989,157636
50.253546476364136,157636
50.260149240493774,157636
50.26674222946167,157636
50.2732892036438,157636
50.27986288070679,157636
50.286359786987305,157636
50.2929368019104,157636
50.2995228767395,157636
50.30606269836426,157636
50.312652587890625,157636
50.31920051574707,157636
50.32574129104614,157636
50.33227467536926,157636
50.33882164955139,157636
50.34533643722534,157636
50.351938247680664,157636
50.358521938323975,157636
50.36511301994324,157636
50.3716983795166,157636
50.37826323509216,157636
50.384846687316895,157636
50.39138627052307,157636
50.39792799949646,157636
50.4045774936676,157636
50.41113781929016,157636
50.41775989532471,157636
50.42431282997131,157636
50.4309184551239,157636
50.4374725818634,157636
50.44404888153076,157636
50.45064949989319,157636
50.457170248031616,157636
50.46375322341919,157636
50.47033357620239,157636
50.476930379867554,157636
50.48345494270325,157636
50.49006533622742,157636
50.496644496917725,157636
50.5032103061676,157636
50.5097861289978,157636
50.516329288482666,157636
50.522913217544556,157636
50.52947759628296,157636
50.53601145744324,157636
50.54259753227234,157636
50.54916024208069,157636
50.55572509765625,157636
50.56229066848755,157636
50.568846225738525,157636
50.57536244392395,157636
50.58194947242737,157636
50.58849596977234,157636
50.59505534172058,157636
50.601611852645874,157636
50.60818672180176,157636
50.61477065086365,157636
50.621320724487305,157636
50.62789535522461,157636
50.63447451591492,157636
50.64105439186096,157636
50.64763903617859,157636
50.65418982505798,157636
50.66078996658325,157636
50.66768264770508,157636
50.6744589805603,157636
50.681209087371826,157636
50.688053607940674,157636
50.69487762451172,157636
50.70175552368164,157636
50.708616971969604,157636
50.71549344062805,157636
50.72239708900452,157636
50.729310512542725,157636
50.736268520355225,157636
50.74324631690979,157636
50.75022029876709,157636
50.757238149642944,157636
50.764299154281616,157636
50.77131104469299,157636
50.77834343910217,157636
50.78540802001953,157636
50.79253053665161,157636
50.79960513114929,157636
50.80667591094971,157636
50.81373357772827,157636
50.820791482925415,157636
50.827900409698486,157636
50.835054874420166,157636
50.842222929000854,157636
50.849409103393555,157636
50.856579065322876,157636
50.863754987716675,157636
50.87094187736511,157636
50.87810301780701,157636
50.88526463508606,157636
50.89244723320007,157636
50.89962983131409,157636
50.90681004524231,157636
50.91399049758911,157636
50.92116022109985,157636
50.92833352088928,157636
50.9355103969574,157636
50.94267439842224,157636
50.94985628128052,157636
50.95704650878906,157636
50.96421551704407,157636
50.97140049934387,157636
50.978580713272095,157636
50.985742807388306,157636
50.99291968345642,157636
51.00010585784912,157636
51.00727653503418,157636
51.01445698738098,157636
51.02163815498352,157636
51.028813123703,157636
51.03597688674927,157636
51.04316830635071,157636
51.05034780502319,157636
51.05752730369568,157636
51.064703702926636,157636
51.07187294960022,157636
51.07905054092407,157636
51.0862340927124,157636
51.09340810775757,157636
51.100590229034424,157636
51.10777974128723,157636
51.11494755744934,157636
51.122122287750244,157636
51.12929582595825,157636
51.13647699356079,157636
51.14364957809448,157636
51.15084648132324,157636
51.158024311065674,157636
51.16519808769226,157636
51.17239189147949,157636
51.179572343826294,157636
51.18674850463867,157636
51.19392490386963,157636
51.20108437538147,157636
51.208256244659424,157636
51.21543049812317,157636
51.222606897354126,157636
51.22978925704956,157636
51.23696851730347,157636
51.244144916534424,157636
51.251317739486694,157636
51.25851106643677,157636
51.265681982040405,157636
51.27285838127136,157636
51.28005504608154,157636
51.28722071647644,157636
51.29437327384949,157636
51.301549196243286,157636
51.30873084068298,157636
51.31590437889099,157636
51.32308506965637,157636
51.33026432991028,157636
51.337435722351074,157636
51.34461212158203,157636
51.351781606674194,157636
51.35895538330078,157636
51.36613345146179,157636
51.37331223487854,157636
51.380489110946655,157636
51.38767600059509,157636
51.39484119415283,157636
51.40201759338379,157636
51.40921330451965,157636
51.41638970375061,157636
51.423563718795776,157636
51.43076133728027,157636
51.43794870376587,157636
51.445119857788086,157636
51.452303647994995,157636
51.459489822387695,157636
51.46667265892029,157636
51.473867654800415,157636
51.48104739189148,157636
51.48821783065796,157636
51.495394706726074,157636
51.50256824493408,157636
51.509742975234985,157636
51.516929388046265,157636
51.52408409118652,157636
51.531267166137695,157636
51.538448333740234,157636
51.545615911483765,157636
51.552780628204346,157636
51.55997037887573,157636
51.56714200973511,157636
51.57431173324585,157636
51.58150506019592,157636
51.58867859840393,157636
51.59584975242615,157636
51.60304307937622,157636
51.61021971702576,157636
51.61739802360535,157636
51.624576807022095,157636
51.6317412853241,157636
51.638928174972534,157636
51.646106243133545,157636
51.65326714515686,157636
51.660449743270874,157636
51.667633056640625,157636
51.67480778694153,157636
51.68197846412659,157636
51.68916296958923,157636
51.696338415145874,157636
51.70350670814514,157636
51.71069312095642,157636
51.71786689758301,157636
51.72503423690796,157636
51.73221278190613,157636
51.73938751220703,157636
51.74654722213745,157636
51.753740549087524,157636
51.76091432571411,157636
51.76809525489807,157636
51.775288343429565,157636
51.78246736526489,157636
51.78964686393738,157636
51.796834230422974,157636
51.80400466918945,157636
51.811190605163574,157636
51.81837749481201,157636
51.82553720474243,157636
51.8326997756958,157636
51.83988690376282,157636
51.847065925598145,157636
51.8542366027832,157636
51.86141276359558,157636
51.868587493896484,157636
51.87575912475586,157636
51.88296890258789,157636
51.89013743400574,157636
51.89732384681702,157636
51.90450072288513,157636
51.91167950630188,157636
51.91885232925415,157636
51.9260196685791,157636
51.93317675590515,157636
51.94034028053284,157636
51.94753384590149,157636
51.954702615737915,157636
51.96187472343445,157636
51.969061851501465,157636
51.976221561431885,157636
51.98339915275574,157636
51.990591526031494,157636
51.99775457382202,157636
52.00492191314697,157636
52.012110233306885,157636
52.019288539886475,157636
52.02647280693054,157636
52.033652544021606,157636
52.04083204269409,157636
52.04801607131958,157636
52.05518579483032,157636
52.06237196922302,157636
52.069536447525024,157636
52.076717138290405,157636
52.083882093429565,157636
52.091063022613525,157636
52.09824204444885,157636
52.10541081428528,157636
52.11257791519165,157636
52.119760274887085,157636
52.12694072723389,157636
52.134103298187256,157636
52.141274213790894,157636
52.148460388183594,157636
52.15563654899597,157636
52.16283583641052,157636
52.17000079154968,157636
52.17717695236206,157636
52.18434023857117,157636
52.1915123462677,157636
52.198683738708496,157636
52.20585775375366,157636
52.213029861450195,157636
52.22020626068115,157636
52.22738981246948,157636
52.23455190658569,157636
52.2417368888855,157636
52.24893832206726,157636
52.256104707717896,157636
52.26327705383301,157636
52.270461559295654,157636
52.27763915061951,157636
52.284799575805664,157636
52.291983127593994,157636
52.29915428161621,157636
52.30632734298706,157636
52.313512563705444,157636
52.32068586349487,157636
52.32786560058594,157636
52.33505439758301,157636
52.34222197532654,157636
52.34941291809082,157636
52.356605529785156,157636
52.36376762390137,157636
52.37093901634216,157636
52.378127098083496,157636
52.38528895378113,157636
52.392457723617554,157636
52.39964771270752,157636
52.40682530403137,157636
52.413976430892944,157636
52.421170711517334,157636
52.42834162712097,157636
52.43551301956177,157636
52.44269156455994,157636
52.449872732162476,157636
52.457045793533325,157636
52.46421456336975,157636
52.471407413482666,157636
52.47859835624695,157636
52.4857656955719,157636
52.492955684661865,157636
52.50012421607971,157636
52.507307052612305,157636
52.51446747779846,157636
52.521647691726685,157636
52.52883219718933,157636
52.53599953651428,157636
52.54316997528076,157636
52.55035448074341,157636
52.557525396347046,157636
52.56467962265015,157636
52.57187223434448,157636
52.57904052734375,157636
52.58621168136597,157636
52.59339904785156,157636
52.6005642414093,157636
52.60773754119873,157636
52.61491918563843,157636
52.62208676338196,157636
52.62926197052002,157636
52.63644623756409,157636
52.64361000061035,157636
52.65078258514404,157636
52.65797138214111,157636
52.66513180732727,157636
52.6723153591156,157636
52.6795072555542,157636
52.68669104576111,157636
52.69385552406311,157636
52.70104455947876,157636
52.708218574523926,157636
52.71539807319641,157636
52.72257709503174,157636
52.72975516319275,157636
52.736929416656494,157636
52.74409866333008,157636
52.75127410888672,157636
52.75846529006958,157636
52.7656364440918,157636
52.77282190322876,157636
52.780009508132935,157636
52.78719353675842,157636
52.79435086250305,157636
52.801518201828,157636
52.808695793151855,157636
52.815855979919434,157636
52.82302713394165,157636
52.83021116256714,157636
52.837385177612305,157636
52.84453845024109,157636
52.85171627998352,157636
52.85888123512268,157636
52.866037368774414,157636
52.873218297958374,157636
52.880390644073486,157636
52.88757014274597,157636
52.89474177360535,157636
52.901915073394775,157636
52.90908670425415,157636
52.91625714302063,157636
52.9234402179718,157636
52.93062210083008,157636
52.93781661987305,157636
52.94497895240784,157636
52.95214915275574,157636
52.95933437347412,157636
52.96650695800781,157636
52.973676443099976,157636
52.98087215423584,157636
52.988049268722534,157636
52.99521541595459,157636
53.002386808395386,157636
53.00956916809082,157636
53.01675033569336,157636
53.02392935752869,157636
53.031105041503906,157636
53.03827714920044,157636
53.04546523094177,157636
53.0526442527771,157636
53.059818744659424,157636
53.06700682640076,157636
53.07417368888855,157636
53.08134913444519,157636
53.088544607162476,157636
53.09570837020874,157636
53.102898836135864,157636
53.11008048057556,157636
53.11725568771362,157636
53.124428272247314,157636
53.13161277770996,157636
53.13879084587097,157636
53.14594745635986,157636
53.153133153915405,157636
53.16030526161194,157636
53.16747856140137,157636
53.174662590026855,157636
53.181840896606445,157636
53.1890082359314,157636
53.19618487358093,157636
53.20334768295288,157636
53.210524797439575,157636
53.217710971832275,157636
53.22487282752991,157636
53.232046604156494,157636
53.23922944068909,157636
53.24639844894409,157636
53.253551959991455,157636
53.260677337646484,157636
53.26782155036926,157636
53.274935245513916,157636
53.2820770740509,157636
53.28925037384033,157636
53.29645371437073,157636
53.30365037918091,157636
53.31084585189819,157636
53.31805205345154,157636
53.325254678726196,157636
53.332446336746216,157636
53.3396430015564,157636
53.34684157371521,157636
53.353999614715576,157636
53.361165285110474,157636
53.36834692955017,157636
53.375516176223755,157636
53.38269877433777,157636
53.389883518218994,157636
53.39708185195923,157636
53.404274702072144,157636
53.411476850509644,157636
53.41867160797119,157636
53.42585277557373,157636
53.433045625686646,157636
53.44022560119629,157636
53.4474196434021,157636
53.45461583137512,157636
53.4618194103241,157636
53.46901178359985,157636
53.47620677947998,157636
53.48339366912842,157636
53.490591526031494,157636
53.497801780700684,157636
53.50497889518738,157636
53.51217341423035,157636
53.51936364173889,157636
53.52655506134033,157636
53.533735275268555,157636
53.54095125198364,157636
53.54813528060913,157636
53.555318117141724,157636
53.56252837181091,157636
53.56971502304077,157636
53.57690644264221,157636
53.5841019153595,157636
53.59128737449646,157636
53.598496437072754,157636
53.605690717697144,157636
53.60985517501831,157636
53.61367154121399,157636
53.61751127243042,157636
53.62131690979004,157636
53.62514638900757,157636
53.628963470458984,157636
53.632773876190186,157636
53.63661599159241,157636
53.64044404029846,157636
53.64425754547119,157636
53.64806294441223,157636
53.65191054344177,157636
53.65572118759155,157636
53.65956783294678,157636
53.66340374946594,157636
53.667221784591675,157636
53.67103314399719,157636
53.67484664916992,157636
53.67868518829346,157636
53.682501792907715,157636
53.68631601333618,157636
53.69016432762146,157636
53.69396781921387,157636
53.697815895080566,157636
53.70163130760193,157636
53.70544219017029,157636
53.70926356315613,157636
53.71311163902283,157636
53.716984272003174,157636
53.720784425735474,157636
53.724658489227295,157636
53.72847104072571,157636
53.73226761817932,157636
53.736061573028564,157636
53.73982644081116,157636
53.743661642074585,157636
53.747501850128174,157636
53.751330614089966,157636
53.755131244659424,157636
53.758936643600464,157636
53.76277208328247,157636
53.76659369468689,157636
53.77041721343994,157636
53.77426195144653,157636
53.77808690071106,157636
53.781856060028076,157636
53.785691261291504,157636
53.78950643539429,157636
53.79331994056702,157636
53.797144651412964,157636
53.80093955993652,157636
53.804752588272095,157636
53.80854368209839,157636
53.812336444854736,157636
53.816153049468994,157636
53.81992864608765,157636
53.82374382019043,157636
53.827537298202515,157636
53.8313524723053,157636
53.83513784408569,157636
53.83895707130432,157636
53.84273314476013,157636
53.84654974937439,157636
53.85035276412964,157636
53.85414123535156,157636
53.85798931121826,157636
53.861812591552734,157636
53.86562132835388,157636
53.869391679763794,157636
53.873172998428345,157636
53.8769748210907,157636
53.88080716133118,157636
53.88463759422302,157636
53.888455629348755,157636
53.89226675033569,157636
53.896058559417725,157636
53.89988470077515,157636
53.90367531776428,157636
53.90754723548889,157636
53.911370515823364,157636
53.91516470909119,157636
53.919018268585205,157636
53.92282319068909,157636
53.926687240600586,157636
53.930485248565674,157636
53.93429756164551,157636
53.93813514709473,157636
53.94195914268494,157636
53.94577693939209,157636
53.949618101119995,157636
53.95342516899109,157636
53.957242012023926,157636
53.96105933189392,157636
53.964866638183594,157636
53.96867918968201,157636
53.97246336936951,157636
53.97626543045044,157636
53.980061292648315,157636
53.983850717544556,157636
53.987656116485596,157636
53.99146771430969,157636
53.99528121948242,157636
53.99910593032837,157636
54.0029182434082,157636
54.00670027732849,157636
54.01046395301819,157636
54.01425743103027,157636
54.01805830001831,157636
54.021902322769165,157636
54.025683641433716,157636
54.029484033584595,157636
54.033313274383545,157636
54.03716993331909,157636
54.04098320007324,157636
54.04479455947876,157636
54.04861831665039,157636
54.05239129066467,157636
54.05619168281555,157636
54.060014963150024,157636
54.06381177902222,157636
54.06761837005615,157636
54.07141065597534,157636
54.075241565704346,157636
54.07905316352844,157636
54.082831382751465,157636
54.08664870262146,157636
54.09048891067505,157636
54.09429121017456,157636
54.098114013671875,157636
54.10193657875061,157636
54.10575747489929,157636
54.1095654964447,157636
54.11334991455078,157636
54.11715507507324,157636
54.1209454536438,157636
54.12475538253784,157636
54.12853813171387,157636
54.132330656051636,157636
54.13612127304077,157636
54.13996648788452,157636
54.14378881454468,157636
54.14761686325073,157636
54.15141272544861,157636
54.15518093109131,157636
54.15899705886841,157636
54.16279411315918,157636
54.166609048843384,157636
54.17045974731445,157636
54.1742262840271,157636
54.17802119255066,157636
54.181835412979126,157636
54.185678005218506,157636
54.189502477645874,157636
54.19331741333008,157636
54.197126388549805,157636
54.20089602470398,157636
54.204713344573975,157636
54.208523988723755,157636
54.21235752105713,157636
54.2161910533905,157636
54.21998143196106,157636
54.22378134727478,157636
54.22761511802673,157636
54.23142194747925,157636
54.235190629959106,157636
54.23901009559631,157636
54.242804765701294,157636
54.24663233757019,157636
54.25041890144348,157636
54.25422954559326,157636
54.25808024406433,157636
54.261908769607544,157636
54.265689849853516,157636
54.269527196884155,157636
54.27333092689514,157636
54.27713632583618,157636
54.28093338012695,157636
54.284714698791504,157636
54.288567543029785,157636
54.29234457015991,157636
54.29614329338074,157636
54.299959897994995,157636
54.303757190704346,157636
54.3075590133667,157636
54.31135082244873,157636
54.31513214111328,157636
54.31897974014282,157636
54.32276797294617,157636
54.32660126686096,157636
54.33042621612549,157636
54.33417868614197,157636
54.338011503219604,157636
54.34179377555847,157636
54.34558653831482,157636
54.34942436218262,157636
54.35319972038269,157636
54.35706949234009,157636
54.360872745513916,157636
54.36472296714783,157636
54.36855912208557,157636
54.372381925582886,157636
54.37617516517639,157636
54.37995386123657,157636
54.38379955291748,157636
54.38762140274048,157636
54.39142727851868,157636
54.395204067230225,157636
54.39900588989258,157636
54.40283489227295,157636
54.40665888786316,157636
54.41049647331238,157636
54.41428565979004,157636
54.41811990737915,157636
54.42194843292236,157636
54.42572784423828,157636
54.42956352233887,157636
54.43334650993347,157636
54.43715572357178,157636
54.440982818603516,157636
54.44484066963196,157636
54.44870591163635,157636
54.452531576156616,157636
54.45632266998291,157636
54.46009063720703,157636
54.46395468711853,157636
54.46776247024536,157636
54.47158193588257,157636
54.47542119026184,157636
54.47923707962036,157636
54.48301386833191,157636
54.486807107925415,157636
54.490580320358276,157636
54.494441509246826,157636
54.49831581115723,157636
54.502147912979126,157636
54.50596642494202,157636
54.509814739227295,157636
54.51358437538147,157636
54.5173978805542,157636
54.52117919921875,157636
54.52497053146362,157636
54.52878260612488,157636
54.5325710773468,157636
54.536362171173096,157636
54.54018020629883,157636
54.543956995010376,157636
54.54775071144104,157636
54.551610469818115,157636
54.555397510528564,157636
54.55922317504883,157636
54.56300091743469,157636
54.56683564186096,157636
54.57067322731018,157636
54.574406147003174,157636
54.578206062316895,157636
54.58199453353882,157636
54.585795164108276,157636
54.589611768722534,157636
54.59339952468872,157636
54.597188234329224,157636
54.60097408294678,157636
54.604769468307495,157636
54.60864496231079,157636
54.612449407577515,157636
54.616212606430054,157636
54.61999201774597,157636
54.623809576034546,157636
54.627607583999634,157636
54.63144659996033,157636
54.63523292541504,157636
54.63906240463257,157636
54.64286494255066,157636
54.64669132232666,157636
54.650511503219604,157636
54.654346227645874,157636
54.658206939697266,157636
54.66201114654541,157636
54.665809631347656,157636
54.66963982582092,157636
54.673410177230835,157636
54.6772084236145,157636
54.68099904060364,157636
54.68483018875122,157636
54.688642740249634,157636
54.692450761795044,157636
54.69628953933716,157636
54.70014548301697,157636
54.70393896102905,157636
54.707738161087036,157636
54.71152901649475,157636
54.71534061431885,157636
54.71913290023804,157636
54.72295951843262,157636
54.72675657272339,157636
54.73055911064148,157636
54.73435711860657,157636
54.73821187019348,157636
54.742024421691895,157636
54.74580645561218,157636
54.74965310096741,157636
54.75346636772156,157636
54.75730919837952,157636
54.76115083694458,157636
54.76495337486267,157636
54.76879930496216,157636
54.77261400222778,157636
54.776445627212524,157636
54.78026294708252,157636
54.784085273742676,157636
54.78792119026184,157636
54.79173684120178,157636
54.79552173614502,157636
54.79932236671448,157636
54.803117513656616,157636
54.80696702003479,157636
54.81077861785889,157636
54.81459999084473,157636
54.81838345527649,157636
54.82221078872681,157636
54.826008796691895,157636
54.82984256744385,157636
54.83361101150513,157636
54.83742070198059,157636
54.84122133255005,157636
54.845006227493286,157636
54.84880232810974,157636
54.85262703895569,157636
54.856436014175415,157636
54.86024808883667,157636
54.8640296459198,157636
54.86782360076904,157636
54.871604681015015,157636
54.875473499298096,157636
54.879292249679565,157636
54.883097887039185,157636
54.88693189620972,157636
54.890703439712524,157636
54.894498348236084,157636
54.89833402633667,157636
54.90211057662964,157636
54.90596270561218,157636
54.909775733947754,157636
54.91354751586914,157636
54.9173526763916,157636
54.92119002342224,157636
54.92501091957092,157636
54.928839445114136,157636
54.93264126777649,157636
54.936453342437744,157636
54.94025492668152,157636
54.94403076171875,157636
54.947818756103516,157636
54.95159649848938,157636
54.955395460128784,157636
54.959190130233765,157636
54.962968826293945,157636
54.96679139137268,157636
54.970627546310425,157636
54.97443413734436,157636
54.97826075553894,157636
54.9820830821991,157636
54.985880613327026,157636
54.98968768119812,157636
54.9934823513031,157636
54.997292041778564,157636
55.001097202301025,157636
55.00490760803223,157636
55.00872492790222,157636
55.012521505355835,157636
55.01629424095154,157636
55.02010536193848,157636
55.02392554283142,157636
55.027761697769165,157636
55.03160357475281,157636
55.03541851043701,157636
55.03924083709717,157636
55.043046951293945,157636
55.046871185302734,157636
55.05067014694214,157636
55.05447053909302,157636
55.0582320690155,157636
55.062044858932495,157636
55.06586837768555,157636
55.069708585739136,157636
55.073569774627686,157636
55.07740545272827,157636
55.081202030181885,157636
55.085012435913086,157636
55.088846921920776,157636
55.092639684677124,157636
55.0964720249176,157636
55.10025382041931,157636
55.10409069061279,157636
55.10792374610901,157636
55.111738443374634,157636
55.11556839942932,157636
55.11939001083374,157636
55.12315058708191,157636
55.126957654953,157636
55.13077211380005,157636
55.134586572647095,157636
55.13843369483948,157636
55.14224672317505,157636
55.146097898483276,157636
55.14988589286804,157636
55.15364909172058,157636
55.15744161605835,157636
55.16119384765625,157636
55.16502356529236,157636
55.16885447502136,157636
55.1726930141449,157636
55.17650866508484,157636
55.180251598358154,157636
55.18406105041504,157636
55.1878342628479,157636
55.19165301322937,157636
55.19546890258789,157636
55.19929099082947,157636
55.20307016372681,157636
55.20688581466675,157636
55.210681200027466,157636
55.2144877910614,157636
55.21834635734558,157636
55.2221257686615,157636
55.22590231895447,157636
55.229740142822266,157636
55.23356366157532,157636
55.237393379211426,157636
55.24122095108032,157636
55.245033979415894,157636
55.248849868774414,157636
55.25267171859741,157636
55.25650191307068,157636
55.26029396057129,157636
55.26413822174072,157636
55.26794099807739,157636
55.271727085113525,157636
55.27550411224365,157636
55.27930688858032,157636
55.28313946723938,157636
55.286940813064575,157636
55.29072856903076,157636
55.29456329345703,157636
55.29841637611389,157636
55.302210569381714,157636
55.30601143836975,157636
55.3098349571228,157636
55.313618898391724,157636
55.31744980812073,157636
55.32127547264099,157636
55.32505512237549,157636
55.328861236572266,157636
55.332725286483765,157636
55.33659791946411,157636
55.34043478965759,157636
55.34424710273743,157636
55.34807538986206,157636
55.35187101364136,157636
55.35566520690918,157636
55.359487533569336,157636
55.36327409744263,157636
55.36710000038147,157636
55.37090516090393,157636
55.37473225593567,157636
55.378575563430786,157636
55.38240909576416,157636
55.386258125305176,157636
55.39009881019592,157636
55.39391732215881,157636
55.397743701934814,157636
55.401578187942505,157636
55.405375242233276,157636
55.40924119949341,157636
55.41305422782898,157636
55.41686272621155,157636
55.42064929008484,157636
55.42446565628052,157636
55.42826747894287,157636
55.43209505081177,157636
55.43591666221619,157636
55.43974995613098,157636
55.44352102279663,157636
55.447346687316895,157636
55.451136350631714,157636
55.45494318008423,157636
55.45882225036621,157636
55.46264672279358,157636
55.46646499633789,157636
55.47029638290405,157636
55.47412109375,157636
55.477954626083374,157636
55.48177480697632,157636
55.48552632331848,157636
55.48939037322998,157636
55.493223667144775,157636
55.49706482887268,157636
55.500895977020264,157636
55.50471878051758,157636
55.50854277610779,157636
55.51231551170349,157636
55.5161292552948,157636
55.51995134353638,157636
55.52374243736267,157636
55.52753233909607,157636
55.53133749961853,157636
55.535144567489624,157636
55.538970708847046,157636
55.54274773597717,157636
55.54655170440674,157636
55.55039620399475,157636
55.55419206619263,157636
55.55803298950195,157636
55.56184267997742,157636
55.56565713882446,157636
55.569496154785156,157636
55.57334661483765,157636
55.577160120010376,157636
55.58096742630005,157636
55.58482098579407,157636
55.58863186836243,157636
55.592449426651,157636
55.59626126289368,157636
55.600074768066406,157636
55.603838205337524,157636
55.60763335227966,157636
55.6114387512207,157636
55.61526536941528,157636
55.619102001190186,157636
55.62291407585144,157636
55.62670016288757,157636
55.6304817199707,157636
55.63428544998169,157636
55.63810086250305,157636
55.641921043395996,157636
55.645721197128296,157636
55.64953684806824,157636
55.65337824821472,157636
55.657201051712036,157636
55.66099810600281,157636
55.66482377052307,157636
55.668647050857544,157636
55.67247700691223,157636
55.67627692222595,157636
55.68012070655823,157636
55.68395757675171,157636
55.68779420852661,157636
55.69161367416382,157636
55.69543528556824,157636
55.69926571846008,157636
55.70307374000549,157636
55.70688819885254,157636
55.71065068244934,157636
55.71446251869202,157636
55.718271255493164,157636
55.72211480140686,157636
55.72589087486267,157636
55.72971439361572,157636
55.73349094390869,157636
55.737298250198364,157636
55.74114465713501,157636
55.74500298500061,157636
55.748818159103394,157636
55.75263738632202,157636
55.75644898414612,157636
55.76026630401611,157636
55.76410269737244,157636
55.767922163009644,157636
55.771684885025024,157636
55.77544617652893,157636
55.779255867004395,157636
55.78308367729187,157636
55.78691339492798,157636
55.79066300392151,157636
55.79449677467346,157636
55.79828882217407,157636
55.802053928375244,157636
55.80586504936218,157636
55.80968451499939,157636
55.81351971626282,157636
55.81732511520386,157636
55.82112526893616,157636
55.824962854385376,157636
55.8287878036499,157636
55.832603216171265,157636
55.836381912231445,157636
55.84022760391235,157636
55.84405851364136,157636
55.8478741645813,157636
55.851665019989014,157636
55.85547876358032,157636
55.85931420326233,157636
55.863088607788086,157636
55.8669273853302,157636
55.870744705200195,157636
55.87457728385925,157636
55.878427505493164,157636
55.88221502304077,157636
55.88601231575012,157636
55.8898024559021,157636
55.89362573623657,157636
55.897409439086914,157636
55.90123105049133,157636
55.905086278915405,157636
55.908931732177734,157636
55.912752866744995,157636
55.91659450531006,157636
55.92039752006531,157636
55.92425036430359,157636
55.92809510231018,157636
55.93191170692444,157636
55.93573498725891,157636
55.939544916152954,157636
55.94334387779236,157636
55.947176933288574,157636
55.9509859085083,157636
55.954808950424194,157636
55.958664655685425,157636
55.96245050430298,157636
55.96624994277954,157636
55.97008419036865,157636
55.97390842437744,157636
55.97777032852173,157636
55.981563091278076,157636
55.98539423942566,157636
55.989200592041016,157636
55.99300718307495,157636
55.99685072898865,157636
56.00063467025757,157636
56.004443883895874,157636
56.008248805999756,157636
56.0120747089386,157636
56.015889167785645,157636
56.01969075202942,157636
56.02350878715515,157636
56.027344942092896,157636
56.03113865852356,157636
56.0349280834198,157636
56.038788080215454,157636
56.04259657859802,157636
56.04640793800354,157636
56.050212144851685,157636
56.054046869277954,157636
56.05786657333374,157636
56.06168079376221,157636
56.065507888793945,157636
56.06934452056885,157636
56.07313919067383,157636
56.07693028450012,157636
56.080724239349365,157636
56.084516286849976,157636
56.08833193778992,157636
56.09217405319214,157636
56.0960111618042,157636
56.09986233711243,157636
56.10368084907532,157636
56.107491970062256,157636
56.111268281936646,157636
56.11509561538696,157636
56.11893081665039,157636
56.122753858566284,157636
56.126612424850464,157636
56.13043761253357,157636
56.13427710533142,157636
56.138116121292114,157636
56.14193677902222,157636
56.145732164382935,157636
56.14959383010864,157636
56.15341234207153,157636
56.157198905944824,157636
56.16105246543884,157636
56.16490364074707,157636
56.16876244544983,157636
56.17257070541382,157636
56.17636013031006,157636
56.180208921432495,157636
56.18401479721069,157636
56.1878023147583,157636
56.191588401794434,157636
56.19539785385132,157636
56.199230909347534,157636
56.20304226875305,157636
56.20684838294983,157636
56.210675954818726,157636
56.214430809020996,157636
56.2182731628418,157636
56.22206425666809,157636
56.22590637207031,157636
56.229743003845215,157636
56.23357343673706,157636
56.23735427856445,157636
56.24120783805847,157636
56.24501323699951,157636
56.248865842819214,157636
56.25270867347717,157636
56.256553173065186,157636
56.26040601730347,157636
56.26419758796692,157636
56.268025159835815,157636
56.27182722091675,157636
56.27562427520752,157636
56.27947759628296,157636
56.283320903778076,157636
56.28715658187866,157636
56.29097938537598,157636
56.294759035110474,157636
56.2985897064209,157636
56.30235290527344,157636
56.3061683177948,157636
56.310012340545654,157636
56.313838481903076,157636
56.317662715911865,157636
56.32146644592285,157636
56.325281620025635,157636
56.32913875579834,157636
56.33296513557434,157636
56.3367965221405,157636
56.34059405326843,157636
56.344401121139526,157636
56.34819149971008,157636
56.352006912231445,157636
56.35581398010254,157636
56.35966396331787,157636
56.36345291137695,157636
56.367228746414185,157636
56.37104797363281,157636
56.3748459815979,157636
56.37869930267334,157636
56.382516622543335,157636
56.3863160610199,157636
56.39008808135986,157636
56.39389967918396,157636
56.39771580696106,157636
56.40153884887695,157636
56.40537691116333,157636
56.40923595428467,157636
56.41303110122681,157636
56.41684293746948,157636
56.42065763473511,157636
56.42449188232422,157636
56.428329944610596,157636
56.432138204574585,157636
56.43598651885986,157636
56.439834117889404,157636
56.443636417388916,157636
56.447470903396606,157636
56.45128154754639,157636
56.45510268211365,157636
56.458884477615356,157636
56.4626784324646,157636
56.46652269363403,157636
56.47032880783081,157636
56.4741632938385,157636
56.47800040245056,157636
56.481767892837524,157636
56.485559940338135,157636
56.48940563201904,157636
56.493202447891235,157636
56.4970178604126,157636
56.500818729400635,157636
56.504640340805054,157636
56.508466482162476,157636
56.51227068901062,157636
56.516106843948364,157636
56.51992630958557,157636
56.52371525764465,157636
56.52752423286438,157636
56.53133487701416,157636
56.53515887260437,157636
56.53896713256836,157636
56.54280161857605,157636
56.54663062095642,157636
56.55044174194336,157636
56.55422854423523,157636
56.558050870895386,157636
56.56187438964844,157636
56.56566500663757,157636
56.569483280181885,157636
56.57330322265625,157636
56.5771381855011,157636
56.58094882965088,157636
56.584755659103394,157636
56.588568449020386,157636
56.59234547615051,157636
56.59611415863037,157636
56.59995651245117,157636
56.60378074645996,157636
56.60758996009827,157636
56.61141633987427,157636
56.61515974998474,157636
56.61900973320007,157636
56.62282371520996,157636
56.62664771080017,157636
56.63043689727783,157636
56.63424873352051,157636
56.63806748390198,157636
56.64182472229004,157636
56.645583629608154,157636
56.64939522743225,157636
56.65316843986511,157636
56.6569926738739,157636
56.66079783439636,157636
56.66462159156799,157636
56.66843605041504,157636
56.67220973968506,157636
56.676024198532104,157636
56.67986845970154,157636
56.68365526199341,157636
56.68746733665466,157636
56.69128966331482,157636
56.69507622718811,157636
56.69890093803406,157636
56.70267081260681,157636
56.706488609313965,157636
56.710333824157715,157636
56.714150190353394,157636
56.71796131134033,157636
56.721776485443115,157636
56.72554397583008,157636
56.729353189468384,157636
56.73317909240723,157636
56.737003564834595,157636
56.7408013343811,157636
56.744632720947266,157636
56.74842166900635,157636
56.75221347808838,157636
56.756054401397705,157636
56.759865045547485,157636
56.76371240615845,157636
56.76751518249512,157636
56.77128076553345,157636
56.77511215209961,157636
56.77894592285156,157636
56.782768964767456,157636
56.78658580780029,157636
56.79039645195007,157636
56.794212102890015,157636
56.79804730415344,157636
56.801886320114136,157636
56.80571889877319,157636
56.80951929092407,157636
56.81335973739624,157636
56.81719207763672,157636
56.820966720581055,157636
56.824788331985474,157636
56.82859539985657,157636
56.832425594329834,157636
56.836241006851196,157636
56.84001183509827,157636
56.84385704994202,157636
56.84766697883606,157636
56.851481914520264,157636
56.855300188064575,157636
56.859137535095215,157636
56.86296534538269,157636
56.86681294441223,157636
56.87062072753906,157636
56.87442684173584,157636
56.8782684803009,157636
56.88210415840149,157636
56.88591933250427,157636
56.88971209526062,157636
56.89354848861694,157636
56.897385597229004,157636
56.90118169784546,157636
56.9049859046936,157636
56.90881538391113,157636
56.912654876708984,157636
56.916524171829224,157636
56.920350790023804,157636
56.92415380477905,157636
56.927998304367065,157636
56.93181395530701,157636
56.93560528755188,157636
56.93939018249512,157636
56.943217277526855,157636
56.947086572647095,157636
56.9508752822876,157636
56.95470595359802,157636
56.958513021469116,157636
56.96229934692383,157636
56.966105222702026,157636
56.9699010848999,157636
56.97368764877319,157636
56.977543354034424,157636
56.98135948181152,157636
56.98514485359192,157636
56.98894548416138,157636
56.99273109436035,157636
56.99654412269592,157636
57.000328540802,157636
57.00414538383484,157636
57.007988929748535,157636
57.0117974281311,157636
57.01561188697815,157636
57.01945161819458,157636
57.0232629776001,157636
57.02712917327881,157636
57.03098392486572,157636
57.03477191925049,157636
57.038548707962036,157636
57.04234576225281,157636
57.04617166519165,157636
57.04998731613159,157636
57.053810119628906,157636
57.05760645866394,157636
57.0614173412323,157636
57.06522059440613,157636
57.06904339790344,157636
57.07285785675049,157636
57.07668972015381,157636
57.08055520057678,157636
57.084349155426025,157636
57.08816361427307,157636
57.09197378158569,157636
57.09580111503601,157636
57.099632024765015,157636
57.10341548919678,157636
57.10718321800232,157636
57.111008405685425,157636
57.114842891693115,157636
57.11864376068115,157636
57.122459411621094,157636
57.126270055770874,157636
57.13006567955017,157636
57.13387942314148,157636
57.13769316673279,157636
57.14152002334595,157636
57.145315408706665,157636
57.149104833602905,157636
57.15291166305542,157636
57.15676140785217,157636
57.16054821014404,157636
57.164352893829346,157636
57.16823124885559,157636
57.17200565338135,157636
57.175809383392334,157636
57.179633140563965,157636
57.18341326713562,157636
57.187220335006714,157636
57.19105339050293,157636
57.19487762451172,157636
57.198718786239624,157636
57.20249080657959,157636
57.20633673667908,157636
57.21014475822449,157636
57.213982343673706,157636
57.217832803726196,157636
57.22162318229675,157636
57.225441694259644,157636
57.229308128356934,157636
57.23308753967285,157636
57.23690867424011,157636
57.240724086761475,157636
57.24453139305115,157636
57.24835705757141,157636
57.2522075176239,157636
57.25601053237915,157636
57.259825468063354,157636
57.26362323760986,157636
57.2674343585968,157636
57.2712562084198,157636
57.275094747543335,157636
57.2788941860199,157636
57.282689809799194,157636
57.28651285171509,157636
57.2903151512146,157636
57.29415798187256,157636
57.29802060127258,157636
57.301841020584106,157636
57.30563712120056,157636
57.30944752693176,157636
57.31326150894165,157636
57.31714391708374,157636
57.32093024253845,157636
57.32472562789917,157636
57.32855796813965,157636
57.33236336708069,157636
57.336164712905884,157636
57.34003305435181,157636
57.3438515663147,157636
57.347697019577026,157636
57.35148072242737,157636
57.355276346206665,157636
57.359108448028564,157636
57.362945795059204,157636
57.36677813529968,157636
57.37059020996094,157636
57.374380350112915,157636
57.37814998626709,157636
57.3819317817688,157636
57.38577151298523,157636
57.38957762718201,157636
57.39339828491211,157636
57.397212505340576,157636
57.401028871536255,157636
57.404850482940674,157636
57.4086754322052,157636
57.41249084472656,157636
57.416330337524414,157636
57.42014718055725,157636
57.423927545547485,157636
57.427751541137695,157636
57.43154048919678,157636
57.43535089492798,157636
57.43915820121765,157636
57.442920446395874,157636
57.44681525230408,157636
57.45064163208008,157636
57.454450845718384,157636
57.45828032493591,157636
57.46210980415344,157636
57.46587347984314,157636
57.46976566314697,157636
57.47359490394592,157636
57.47742033004761,157636
57.481244802474976,157636
57.485018730163574,157636
57.488853216171265,157636
57.49270939826965,157636
57.49653196334839,157636
57.50034546852112,157636
57.50415396690369,157636
57.50795650482178,157636
57.51178693771362,157636
57.51563858985901,157636
57.51946043968201,157636
57.52322554588318,157636
57.527042388916016,157636
57.530884742736816,157636
57.53468132019043,157636
57.5385000705719,157636
57.54226994514465,157636
57.54606771469116,157636
57.549906730651855,157636
57.55370807647705,157636
57.557793855667114,157636
57.5643196105957,157636
57.57083702087402,157636
57.57740569114685,157636
57.58397579193115,157636
57.59055542945862,157636
57.59717345237732,157636
57.60378456115723,157636
57.610329151153564,157636
57.61685037612915,157636
57.623370885849,157636
57.62993025779724,157636
57.63642334938049,157636
57.64301109313965,157636
57.64962434768677,157636
57.65623140335083,157636
57.6628360748291,157636
57.66946792602539,157636
57.6760573387146,157636
57.682658195495605,157636
57.68915414810181,157636
57.69558024406433,157636
57.702035427093506,157636
57.708515644073486,157636
57.71504807472229,157636
57.72159266471863,157636
57.7281231880188,157636
57.7346556186676,157636
57.741220474243164,157636
57.747761487960815,157636
57.75431776046753,157636
57.76090860366821,157636
57.7674834728241,157636
57.77403926849365,157636
57.78061652183533,157636
57.78719425201416,157636
57.79380750656128,157636
57.800445556640625,157636
57.807058334350586,157636
57.81372404098511,157636
57.820404052734375,157636
57.827128410339355,157636
57.83382201194763,157636
57.84057545661926,157636
57.84728646278381,157636
57.85398817062378,157636
57.86071157455444,157636
57.867430210113525,157636
57.87412071228027,157636
57.88083028793335,157636
57.887563705444336,157636
57.89426350593567,157636
57.90097165107727,157636
57.90769076347351,157636
57.91439723968506,157636
57.921101331710815,157636
57.927820920944214,157636
57.93451976776123,157636
57.94122529029846,157636
57.94794583320618,157636
57.95464038848877,157636
57.96134901046753,157636
57.96804070472717,157636
57.97473931312561,157636
57.9814555644989,157636
57.98817992210388,157636
57.99489402770996,157636
58.00162959098816,157636
58.00835061073303,157636
58.01504993438721,157636
58.02174663543701,157636
58.02844762802124,157636
58.03511023521423,157636
58.04181957244873,157636
58.04852890968323,157636
58.05522847175598,157636
58.06191611289978,157636
58.068631649017334,157636
58.075326681137085,157636
58.08203911781311,157636
58.08875751495361,157636
58.09547805786133,157636
58.10206151008606,157636
58.10868835449219,157636
58.11510705947876,157636
58.121729612350464,157636
58.12837266921997,157636
58.13496232032776,157636
58.141549587249756,157636
58.14798712730408,157636
58.15449905395508,157636
58.16124725341797,157636
58.16786980628967,157636
58.174498081207275,157636
58.18111872673035,157636
58.18755125999451,157636
58.19410228729248,157636
58.200965881347656,157636
58.20755696296692,157636
58.21408462524414,157636
58.22073197364807,157636
58.22722315788269,157636
58.233821630477905,157636
58.24057197570801,157636
58.24715209007263,157636
58.253698110580444,157636
58.26026940345764,157636
58.26675605773926,157636
58.273311376571655,157636
58.279930114746094,157636
58.286556005477905,157636
58.293105363845825,157636
58.299537658691406,157636
58.30610466003418,157636
58.31290602684021,157636
58.319557666778564,157636
58.326167821884155,157636
58.33274817466736,157636
58.339165449142456,157636
58.3456814289093,157636
58.35251235961914,157636
58.35909414291382,157636
58.3656804561615,157636
58.37234830856323,157636
58.37872123718262,157636
58.385254859924316,157636
58.39199995994568,157636
58.398579359054565,157636
58.40513491630554,157636
58.41169548034668,157636
58.41813564300537,157636
58.42471790313721,157636
58.43138313293457,157636
58.43802261352539,157636
58.44459366798401,157636
58.45107698440552,157636
58.457603931427,157636
58.46421551704407,157636
58.47085404396057,157636
58.47743558883667,157636
58.48402428627014,157636
58.490487813949585,157636
58.49706053733826,157636
58.50380516052246,157636
58.51035165786743,157636
58.51694059371948,157636
58.52357769012451,157636
58.529951095581055,157636
58.5364944934845,157636
58.54325246810913,157636
58.5498788356781,157636
58.55649185180664,157636
58.56313633918762,157636
58.56960415840149,157636
58.57618188858032,157636
58.58288073539734,157636
58.58947539329529,157636
58.596025466918945,157636
58.60259795188904,157636
58.60907530784607,157636
58.61575746536255,157636
58.62235689163208,157636
58.62899303436279,157636
58.635552406311035,157636
58.64199662208557,157636
58.64853501319885,157636
58.65526628494263,157636
58.66176414489746,157636
58.668413162231445,157636
58.67505979537964,157636
58.68143844604492,157636
58.68800973892212,157636
58.694809436798096,157636
58.701353311538696,157636
58.7079439163208,157636
58.71453619003296,157636
58.720996379852295,157636
58.727620363235474,157636
58.734278202056885,157636
58.74090337753296,157636
58.74754357337952,157636
58.75403833389282,157636
58.76053714752197,157636
58.76722693443298,157636
58.773778200149536,157636
58.78043341636658,157636
58.787047147750854,157636
58.793530225753784,157636
58.800084829330444,157636
58.80680298805237,157636
58.813353538513184,157636
58.81998682022095,157636
58.826639890670776,157636
58.83301591873169,157636
58.8395676612854,157636
58.84636354446411,157636
58.85290551185608,157636
58.8595449924469,157636
58.86620545387268,157636
58.87258863449097,157636
58.879133224487305,157636
58.885876417160034,157636
58.892401456832886,157636
58.899001598358154,157636
58.905662298202515,157636
58.91212773323059,157636
58.91872978210449,157636
58.92541480064392,157636
58.93203687667847,157636
58.93858242034912,157636
58.94507074356079,157636
58.951589584350586,157636
58.958250999450684,157636
58.96485662460327,157636
58.971500873565674,157636
58.97810459136963,157636
58.984534740448,157636
58.991058588027954,157636
58.99786043167114,157636
59.00436472892761,157636
59.0109977722168,157636
59.017669677734375,157636
59.024054527282715,157636
59.03061485290527,157636
59.03739809989929,157636
59.04394221305847,157636
59.05050730705261,157636
59.05707502365112,157636
59.063528299331665,157636
59.07014346122742,157636
59.07680010795593,157636
59.08341360092163,157636
59.09003686904907,157636
59.09652090072632,157636
59.103055477142334,157636
59.10979747772217,157636
59.11633110046387,157636
59.122910499572754,157636
59.129523277282715,157636
59.135926246643066,157636
59.142457723617554,157636
59.14921855926514,157636
59.15576386451721,157636
59.16233730316162,157636
59.16899633407593,157636
59.17542052268982,157636
59.182013750076294,157636
59.18871998786926,157636
59.19533634185791,157636
59.20196461677551,157636
59.208528995513916,157636
59.2150182723999,157636
59.22174334526062,157636
59.228400468826294,157636
59.23498582839966,157636
59.24156427383423,157636
59.24799060821533,157636
59.25452923774719,157636
59.26128602027893,157636
59.26784586906433,157636
59.27440667152405,157636
59.28104782104492,157636
59.287434101104736,157636
59.29403805732727,157636
59.30083227157593,157636
59.30733036994934,157636
59.3139488697052,157636
59.32064080238342,157636
59.32711672782898,157636
59.33373308181763,157636
59.340415954589844,157636
59.34702134132385,157636
59.353641510009766,157636
59.36023306846619,157636
59.36670255661011,157636
59.37329840660095,157636
59.379903078079224,157636
59.38648867607117,157636
59.39310359954834,157636
59.39961838722229,157636
59.4061713218689,157636
59.412907123565674,157636
59.41949772834778,157636
59.426101207733154,157636
59.432719230651855,157636
59.43908452987671,157636
59.445658683776855,157636
59.452397108078,157636
59.45900797843933,157636
59.46558594703674,157636
59.47225093841553,157636
59.47871422767639,157636
59.485267639160156,157636
59.492037773132324,157636
59.49861717224121,157636
59.5052125453949,157636
59.51180362701416,157636
59.51825976371765,157636
59.524861335754395,157636
59.53151297569275,157636
59.5381600856781,157636
59.54477381706238,157636
59.55131506919861,157636
59.5578351020813,157636
59.56446170806885,157636
59.57108116149902,157636
59.577762842178345,157636
59.58434724807739,157636
59.59075713157654,157636
59.59728169441223,157636
59.604050159454346,157636
59.61057376861572,157636
59.61717939376831,157636
59.62383508682251,157636
59.630197286605835,157636
59.636799812316895,157636
59.64355945587158,157636
59.65014028549194,157636
59.656733989715576,157636
59.663376331329346,157636
59.6698317527771,157636
59.676424503326416,157636
59.68308758735657,157636
59.68971300125122,157636
59.69624996185303,157636
59.70280361175537,157636
59.70928764343262,157636
59.71592354774475,157636
59.72251558303833,157636
59.729186058044434,157636
59.73575782775879,157636
59.742165088653564,157636
59.748754262924194,157636
59.75545525550842,157636
59.76199793815613,157636
59.76859760284424,157636
59.775224924087524,157636
59.78162384033203,157636
59.78816628456116,157636
59.79490613937378,157636
59.801538944244385,157636
59.80816102027893,157636
59.81481456756592,157636
59.8211989402771,157636
59.827736616134644,157636
59.83447051048279,157636
59.841073751449585,157636
59.84764814376831,157636
59.85408329963684,157636
59.86060118675232,157636
59.86729407310486,157636
59.873920917510986,157636
59.88055229187012,157636
59.88713359832764,157636
59.89356780052185,157636
59.900156021118164,157636
59.906989336013794,157636
59.91354537010193,157636
59.920135498046875,157636
59.92682361602783,157636
59.933183431625366,157636
59.93972945213318,157636
59.94653654098511,157636
59.95314431190491,157636
59.95979714393616,157636
59.966429471969604,157636
59.972872734069824,157636
59.979445457458496,157636
59.98614192008972,157636
59.99276161193848,157636
59.99934983253479,157636
60.00589871406555,157636
60.012396812438965,157636
60.0190327167511,157636
60.02565884590149,157636
60.03225803375244,157636
60.03888392448425,157636
60.04538321495056,157636
60.051894426345825,157636
60.05863332748413,157636
60.065157651901245,157636
60.07174205780029,157636
60.07836055755615,157636
60.08471655845642,157636
60.09126257896423,157636
60.095619916915894,157636
60.09946060180664,157636
60.10326671600342,157636
60.107107162475586,157636
60.11096477508545,157636
60.11482071876526,157636
60.11867809295654,157636
60.12249708175659,157636
60.12627696990967,157636
60.1300790309906,157636
60.13391470909119,157636
60.13772797584534,157636
60.14152503013611,157636
60.14533567428589,157636
60.149170875549316,157636
60.152987480163574,157636
60.15683031082153,157636
60.16066932678223,157636
60.16447901725769,157636
60.16831374168396,157636
60.17214393615723,157636
60.17594504356384,157636
60.17977261543274,157636
60.183571338653564,157636
60.18732762336731,157636
60.1911244392395,157636
60.19495606422424,157636
60.19878578186035,157636
60.202744245529175,157636
60.20657920837402,157636
60.21041011810303,157636
60.214240074157715,157636
60.218069314956665,157636
60.221903562545776,157636
60.22572684288025,157636
60.22952342033386,157636
60.23332500457764,157636
60.23712778091431,157636
60.24099922180176,157636
60.24479150772095,157636
60.248642444610596,157636
60.25248146057129,157636
60.25631594657898,157636
60.26013469696045,157636
60.26392364501953,157636
60.26780939102173,157636
60.27160573005676,157636
60.27542805671692,157636
60.27929186820984,157636
60.28309988975525,157636
60.286940574645996,157636
60.290766954422,157636
60.29457211494446,157636
60.298399925231934,157636
60.30221152305603,157636
60.306067943573,157636
60.30987739562988,157636
60.31370997428894,157636
60.317543745040894,157636
60.32137989997864,157636
60.32516407966614,157636
60.328994035720825,157636
60.33281588554382,157636
60.33666205406189,157636
60.340466260910034,157636
60.344311237335205,157636
60.34818148612976,157636
60.35202145576477,157636
60.35587453842163,157636
60.35966610908508,157636
60.363532304763794,157636
60.36739945411682,157636
60.371195793151855,157636
60.37498116493225,157636
60.37878370285034,157636
60.38257837295532,157636
60.386394739151,157636
60.39020371437073,157636
60.39402198791504,157636
60.39782667160034,157636
60.40163803100586,157636
60.40540909767151,157636
60.409226179122925,157636
60.41301774978638,157636
60.41683053970337,157636
60.42067551612854,157636
60.42443346977234,157636
60.42826533317566,157636
60.432080030441284,157636
60.435877084732056,157636
60.43964886665344,157636
60.44347333908081,157636
60.44729948043823,157636
60.45109534263611,157636
60.4548921585083,157636
60.45868968963623,157636
60.462528228759766,157636
60.46631050109863,157636
60.47012901306152,157636
60.47391867637634,157636
60.47774076461792,157636
60.48153018951416,157636
60.48535966873169,157636
60.48922157287598,157636
60.493062257766724,157636
60.49689435958862,157636
60.50070762634277,157636
60.504464864730835,157636
60.508230447769165,157636
60.51202750205994,157636
60.515811920166016,157636
60.519614458084106,157636
60.523404359817505,157636
60.5272102355957,157636
60.53098440170288,157636
60.534791469573975,157636
60.538623332977295,157636
60.54244875907898,157636
60.54629063606262,157636
60.55012083053589,157636
60.55393409729004,157636
60.557750940322876,157636
60.561564445495605,157636
60.56538534164429,157636
60.569180727005005,157636
60.573007345199585,157636
60.57679533958435,157636
60.58061385154724,157636
60.584471225738525,157636
60.58829593658447,157636
60.5921094417572,157636
60.59597039222717,157636
60.59978008270264,157636
60.60362935066223,157636
60.60746502876282,157636
60.61129641532898,157636
60.6151020526886,157636
60.6189181804657,157636
60.62275528907776,157636
60.626577377319336,157636
60.63037157058716,157636
60.63418507575989,157636
60.637990951538086,157636
60.641804218292236,157636
60.64559030532837,157636
60.64937210083008,157636
60.653156042099,157636
60.65697646141052,157636
60.660776138305664,157636
60.66458511352539,157636
60.66843509674072,157636
60.672240018844604,157636
60.676037311553955,157636
60.679858446121216,157636
60.683677196502686,157636
60.68748450279236,157636
60.69129252433777,157636
60.695117712020874,157636
60.69897270202637,157636
60.70280647277832,157636
60.706602573394775,157636
60.7104434967041,157636
60.71420621871948,157636
60.71806073188782,157636
60.721911668777466,157636
60.72571158409119,157636
60.729532957077026,157636
60.73331379890442,157636
60.737114667892456,157636
60.74092984199524,157636
60.74472379684448,157636
60.74857759475708,157636
60.752381563186646,157636
60.75623869895935,157636
60.76005840301514,157636
60.763866901397705,157636
60.76772665977478,157636
60.77155137062073,157636
60.77538514137268,157636
60.77917146682739,157636
60.78298807144165,157636
60.78678226470947,157636
60.79060697555542,157636
60.794450521469116,157636
60.79826855659485,157636
60.80209279060364,157636
60.805912733078,157636
60.809757709503174,157636
60.81357192993164,157636
60.817381620407104,157636
60.82119607925415,157636
60.82501816749573,157636
60.8288300037384,157636
60.83269762992859,157636
60.83653974533081,157636
60.84034180641174,157636
60.84415555000305,157636
60.84796953201294,157636
60.851820945739746,157636
60.85563778877258,157636
60.85947036743164,157636
60.86329245567322,157636
60.86714720726013,157636
60.870965003967285,157636
60.87478470802307,157636
60.878602504730225,157636
60.88237762451172,157636
60.88615608215332,157636
60.889991998672485,157636
60.89381003379822,157636
60.89764213562012,157636
60.90142512321472,157636
60.90523719787598,157636
60.909058809280396,157636
60.91286110877991,157636
60.91668891906738,157636
60.92047929763794,157636
60.92427682876587,157636
60.92804026603699,157636
60.931846141815186,157636
60.93570613861084,157636
60.93951654434204,157636
60.94334840774536,157636
60.947160720825195,157636
60.950971364974976,157636
60.95480442047119,157636
60.95866274833679,157636
60.962464332580566,157636
60.966293811798096,157636
60.97011923789978,157636
60.97392821311951,157636
60.977734088897705,157636
60.9815354347229,157636
60.985334634780884,157636
60.98915338516235,157636
60.99297094345093,157636
60.99680280685425,157636
61.0005886554718,157636
61.00437378883362,157636
61.008188009262085,157636
61.01199412345886,157636
61.01580452919006,157636
61.01962184906006,157636
61.0234432220459,157636
61.027220487594604,157636
61.03101134300232,157636
61.03484082221985,157636
61.03868126869202,157636
61.04247856140137,157636
61.046247720718384,157636
61.050073862075806,157636
61.05388569831848,157636
61.05769157409668,157636
61.06150937080383,157636
61.065343379974365,157636
61.06914162635803,157636
61.07295203208923,157636
61.07676911354065,157636
61.0805926322937,157636
61.08442187309265,157636
61.08822703361511,157636
61.09205865859985,157636
61.09785056114197,157636
61.10441255569458,157636
61.11095643043518,157636
61.11753606796265,157636
61.12409734725952,157636
61.130691051483154,157636
61.137271881103516,157636
61.14381003379822,157636
61.150421142578125,157636
61.157026290893555,157636
61.16366791725159,157636
61.17035412788391,157636
61.17701959609985,157636
61.18371653556824,157636
61.19042706489563,157636
61.19707989692688,157636
61.20380115509033,157636
61.21048665046692,157636
61.21717953681946,157636
61.22387886047363,157636
61.23058104515076,157636
61.23727488517761,157636
61.243964195251465,157636
61.250678062438965,157636
61.25740599632263,157636
61.26408910751343,157636
61.27082347869873,157636
61.27753043174744,157636
61.28421449661255,157636
61.290926694869995,157636
61.297627210617065,157636
61.30433368682861,157636
61.31103801727295,157636
61.3177855014801,157636
61.324501037597656,157636
61.33119773864746,157636
61.33788514137268,157636
61.34459400177002,157636
61.3512864112854,157636
61.358001470565796,157636
61.36471509933472,157636
61.371418714523315,157636
61.37813210487366,157636
61.3848340511322,157636
61.39154505729675,157636
61.3982298374176,157636
61.40492296218872,157636
61.411628007888794,157636
61.418318033218384,157636
61.42500853538513,157636
61.43170738220215,157636
61.438424825668335,157636
61.44510221481323,157636
61.45180916786194,157636
61.45848631858826,157636
61.46516537666321,157636
61.471837520599365,157636
61.47855544090271,157636
61.48523497581482,157636
61.49195170402527,157636
61.49865531921387,157636
61.50534009933472,157636
61.512017011642456,157636
61.518757581710815,157636
61.5254909992218,157636
61.532198905944824,157636
61.53889179229736,157636
61.54558348655701,157636
61.5522985458374,157636
61.558997631073,157636
61.56570839881897,157636
61.57105827331543,157636
61.57488417625427,157636
61.578696727752686,157636
61.58250093460083,157636
61.586302757263184,157636
61.59090256690979,157636
61.59759831428528,157636
61.6043586730957,157636
61.61111497879028,157636
61.617894411087036,157636
61.624555826187134,157636
61.63120198249817,157636
61.63783550262451,157636
61.644492387771606,157636
61.6512246131897,157636
61.65792369842529,157636
61.66463112831116,157636
61.67139148712158,157636
61.67818903923035,157636
61.68499183654785,157636
61.691834926605225,157636
61.698692321777344,157636
61.70556998252869,157636
61.71245288848877,157636
61.719375133514404,157636
61.7262237071991,157636
61.73307418823242,157636
61.739952087402344,157636
61.74686908721924,157636
61.7537887096405,157636
61.76068997383118,157636
61.76760816574097,157636
61.77452802658081,157636
61.781482458114624,157636
61.78842759132385,157636
61.79537534713745,157636
61.8023145198822,157636
61.80922198295593,157636
61.816155433654785,157636
61.82308268547058,157636
61.83002042770386,157636
61.83698916435242,157636
61.84393501281738,157636
61.85091519355774,157636
61.85793161392212,157636
61.864968061447144,157636
61.87199687957764,157636
61.879066944122314,157636
61.88617134094238,157636
61.89322090148926,157636
61.90038561820984,157636
61.9075140953064,157636
61.91463041305542,157636
61.921761989593506,157636
61.92889761924744,157636
61.93602800369263,157636
61.943219900131226,157636
61.95042824745178,157636
61.957616329193115,157636
61.96480345726013,157636
61.97200274467468,157636
61.979185819625854,157636
61.986379623413086,157636
61.99356460571289,157636
62.00076341629028,157636
62.00795912742615,157636
62.01514434814453,157636
62.02233123779297,157636
62.02953553199768,157636
62.036736726760864,157636
62.043909311294556,157636
62.051084995269775,157636
62.05827760696411,157636
62.0654182434082,157636
62.072590827941895,157636
62.07976222038269,157636
62.0869665145874,157636
62.09413957595825,157636
62.10091996192932,157636
62.10759425163269,157636
62.11420297622681,157636
62.120786905288696,157636
62.127336740493774,157636
62.133814096450806,157636
62.14047193527222,157636
62.147104024887085,157636
62.15369939804077,157636
62.16030311584473,157636
62.16675090789795,157636
62.1732542514801,157636
62.18004107475281,157636
62.1865770816803,157636
62.193180561065674,157636
62.199830293655396,157636
62.20619535446167,157636
62.212769746780396,157636
62.219645261764526,157636
62.22612690925598,157636
62.23272728919983,157636
62.23941516876221,157636
62.245792388916016,157636
62.25232911109924,157636
62.25903916358948,157636
62.26562714576721,157636
62.27217769622803,157636
62.27872967720032,157636
62.285215616226196,157636
62.29188370704651,157636
62.29858589172363,157636
62.30519723892212,157636
62.31177544593811,157636
62.31829857826233,157636
62.32486128807068,157636
62.331538915634155,157636
62.33816933631897,157636
62.3447904586792,157636
62.351418256759644,157636
62.35788178443909,157636
62.36439847946167,157636
62.371153116226196,157636
62.37768602371216,157636
62.38431262969971,157636
62.390947341918945,157636
62.39731526374817,157636
62.40389394760132,157636
62.410712480545044,157636
62.417213916778564,157636
62.42380118370056,157636
62.43046259880066,157636
62.436869859695435,157636
62.44341254234314,157636
62.45016145706177,157636
62.45678162574768,157636
62.46332573890686,157636
62.46985483169556,157636
62.47627282142639,157636
62.48291540145874,157636
62.48956084251404,157636
62.496171712875366,157636
62.50276732444763,157636
62.509177446365356,157636
62.51570963859558,157636
62.52240204811096,157636
62.52897882461548,157636
62.53562140464783,157636
62.542269468307495,157636
62.54866337776184,157636
62.55513024330139,157636
62.56201457977295,157636
62.56856346130371,157636
62.57514929771423,157636
62.58184027671814,157636
62.588226556777954,157636
62.59480404853821,157636
62.60164999961853,157636
62.608149766922,157636
62.61470174789429,157636
62.62138652801514,157636
62.627840757369995,157636
62.634360551834106,157636
62.64104509353638,157636
62.64764928817749,157636
62.65425777435303,157636
62.66072988510132,157636
62.66724681854248,157636
62.6738760471344,157636
62.68051052093506,157636
62.68713927268982,157636
62.693737506866455,157636
62.700194120407104,157636
62.70674443244934,157636
62.713465213775635,157636
62.719970703125,157636
62.72660279273987,157636
62.7332763671875,157636
62.739635705947876,157636
62.74615550041199,157636
62.7529513835907,157636
62.75950288772583,157636
62.76606345176697,157636
62.772725105285645,157636
62.7791543006897,157636
62.78566312789917,157636
62.79233932495117,157636
62.798935890197754,157636
62.80548286437988,157636
62.812047481536865,157636
62.81853938102722,157636
62.82514429092407,157636
62.83171010017395,157636
62.83833026885986,157636
62.844966650009155,157636
62.851478576660156,157636
62.85801982879639,157636
62.86472821235657,157636
62.87127113342285,157636
62.87791967391968,157636
62.88444447517395,157636
62.89082074165344,157636
62.89732885360718,157636
62.90413784980774,157636
62.91071891784668,157636
62.91738772392273,157636
62.923991680145264,157636
62.93038558959961,157636
62.936901569366455,157636
62.943612813949585,157636
62.95019865036011,157636
62.95679211616516,157636
62.96341371536255,157636
62.96980929374695,157636
62.976404666900635,157636
62.98306918144226,157636
62.98970341682434,157636
62.996315240859985,157636
63.002890825271606,157636
63.009398221969604,157636
63.01599431037903,157636
63.02259683609009,157636
63.029231548309326,157636
63.035831689834595,157636
63.042370557785034,157636
63.04887795448303,157636
63.05554175376892,157636
63.0621452331543,157636
63.06878161430359,157636
63.075408697128296,157636
63.081841230392456,157636
63.08841609954834,157636
63.095197677612305,157636
63.10172367095947,157636
63.1083447933197,157636
63.11498546600342,157636
63.12137484550476,157636
63.12793231010437,157636
63.13468837738037,157636
63.14137578010559,157636
63.148038148880005,157636
63.154704332351685,157636
63.161099672317505,157636
63.1676504611969,157636
63.17436122894287,157636
63.180973291397095,157636
63.1875376701355,157636
63.1941921710968,157636
63.200697898864746,157636
63.20730495452881,157636
63.213990926742554,157636
63.2206552028656,157636
63.22718048095703,157636
63.23373079299927,157636
63.240219831466675,157636
63.246882915496826,157636
63.25352072715759,157636
63.26014161109924,157636
63.26674175262451,157636
63.27318835258484,157636
63.279757499694824,157636
63.2864670753479,157636
63.29303550720215,157636
63.29963660240173,157636
63.30621147155762,157636
63.31261157989502,157636
63.31913185119629,157636
63.32590365409851,157636
63.332385301589966,157636
63.33893537521362,157636
63.34559082984924,157636
63.35194110870361,157636
63.35850548744202,157636
63.36520791053772,157636
63.37183356285095,157636
63.37841486930847,157636
63.385051012039185,157636
63.39144802093506,157636
63.39804983139038,157636
63.404677867889404,157636
63.41128349304199,157636
63.41785025596619,157636
63.42426156997681,157636
63.43083572387695,157636
63.4375741481781,157636
63.44405794143677,157636
63.45067834854126,157636
63.45729422569275,157636
63.4636595249176,157636
63.47015881538391,157636
63.47694206237793,157636
63.48349928855896,157636
63.49007511138916,157636
63.49666953086853,157636
63.50313901901245,157636
63.50970149040222,157636
63.51635241508484,157636
63.52301836013794,157636
63.52962303161621,157636
63.53608512878418,157636
63.54258441925049,157636
63.549306869506836,157636
63.555888414382935,157636
63.5624725818634,157636
63.569090843200684,157636
63.575509548187256,157636
63.58203411102295,157636
63.588844299316406,157636
63.59534502029419,157636
63.60196352005005,157636
63.608652114868164,157636
63.61503767967224,157636
63.621546268463135,157636
63.62838935852051,157636
63.6349880695343,157636
63.64157199859619,157636
63.64820051193237,157636
63.654667377471924,157636
63.66121459007263,157636
63.66789937019348,157636
63.67446422576904,157636
63.681055784225464,157636
63.68758296966553,157636
63.69403886795044,157636
63.70071291923523,157636
63.707324743270874,157636
63.71393847465515,157636
63.72050333023071,157636
63.72703003883362,157636
63.73349642753601,157636
63.74011421203613,157636
63.746715784072876,157636
63.75331091880798,157636
63.75995421409607,157636
63.76639413833618,157636
63.77291488647461,157636
63.77966094017029,157636
63.78612756729126,157636
63.79272723197937,157636
63.79938101768494,157636
63.80572867393494,157636
63.81224608421326,157636
63.81904578208923,157636
63.8256254196167,157636
63.8322172164917,157636
63.8389458656311,157636
63.84533405303955,157636
63.851906538009644,157636
63.85867166519165,157636
63.86532020568848,157636
63.871885776519775,157636
63.87852144241333,157636
63.88496208190918,157636
63.89153432846069,157636
63.898200035095215,157636
63.90480828285217,157636
63.9114089012146,157636
63.91794157028198,157636
63.92443346977234,157636
63.93116879463196,157636
63.937819480895996,157636
63.94444012641907,157636
63.9510338306427,157636
63.957513093948364,157636
63.96397876739502,157636
63.970747232437134,157636
63.97731328010559,157636
63.98387885093689,157636
63.99053120613098,157636
63.99693059921265,157636
64.00350713729858,157636
64.01030731201172,157636
64.01682949066162,157636
64.02344179153442,157636
64.030100107193,157636
64.03653860092163,157636
64.04308152198792,157636
64.04982113838196,157636
64.05643033981323,157636
64.06293630599976,157636
64.06946110725403,157636
64.07597255706787,157636
64.08267068862915,157636
64.08926343917847,157636
64.09585523605347,157636
64.10163164138794,157636
64.10542488098145,157636
64.10928583145142,157636
64.11312508583069,157636
64.11697626113892,157636
64.12081027030945,157636
64.12461924552917,157636
64.12847661972046,157636
64.13227653503418,157636
64.13608264923096,157636
64.13991832733154,157636
64.14375734329224,157636
64.14756798744202,157636
64.15138459205627,157636
64.15516328811646,157636
64.15899682044983,157636
64.16280007362366,157636
64.16661334037781,157636
64.17041492462158,157636
64.17425417900085,157636
64.17808723449707,157636
64.18190264701843,157636
64.18575358390808,157636
64.18958735466003,157636
64.19341921806335,157636
64.1972324848175,157636
64.2011570930481,157636
64.20499229431152,157636
64.2088348865509,157636
64.21265649795532,157636
64.21646428108215,157636
64.22028923034668,157636
64.22410273551941,157636
64.2279224395752,157636
64.23173499107361,157636
64.23556280136108,157636
64.23939275741577,157636
64.24322175979614,157636
64.2470211982727,157636
64.25086236000061,157636
64.25471830368042,157636
64.25853729248047,157636
64.26235747337341,157636
64.26615929603577,157636
64.26996684074402,157636
64.27378988265991,157636
64.27762603759766,157636
64.2814393043518,157636
64.28521943092346,157636
64.28903889656067,157636
64.29286432266235,157636
64.29666256904602,157636
64.30048727989197,157636
64.30435276031494,157636
64.30821394920349,157636
64.31205224990845,157636
64.31583213806152,157636
64.31966233253479,157636
64.32348704338074,157636
64.32730770111084,157636
64.3311026096344,157636
64.3348958492279,157636
64.33869981765747,157636
64.34252214431763,157636
64.34630560874939,157636
64.35016179084778,157636
64.35396385192871,157636
64.35778737068176,157636
64.36161088943481,157636
64.365394115448,157636
64.36923718452454,157636
64.37304902076721,157636
64.37688279151917,157636
64.3807361125946,157636
64.38453602790833,157636
64.38835430145264,157636
64.3921685218811,157636
64.39594292640686,157636
64.39971327781677,157636
64.40352535247803,157636
64.40732598304749,157636
64.4111008644104,157636
64.41495394706726,157636
64.41877508163452,157636
64.42258143424988,157636
64.42641520500183,157636
64.43023252487183,157636
64.4340512752533,157636
64.43787026405334,157636
64.44170594215393,157636
64.44551348686218,157636
64.44935274124146,157636
64.45320153236389,157636
64.45701050758362,157636
64.46083331108093,157636
64.4646418094635,157636
64.46841979026794,157636
64.47224497795105,157636
64.47604966163635,157636
64.47984337806702,157636
64.48363494873047,157636
64.48746275901794,157636
64.49125742912292,157636
64.49505281448364,157636
64.49880194664001,157636
64.50262832641602,157636
64.50649380683899,157636
64.51028251647949,157636
64.51407194137573,157636
64.51789975166321,157636
64.52173948287964,157636
64.52558302879333,157636
64.52942228317261,157636
64.53314733505249,157636
64.53695368766785,157636
64.54076027870178,157636
64.54457521438599,157636
64.54839944839478,157636
64.55219507217407,157636
64.55600357055664,157636
64.55982708930969,157636
64.5636396408081,157636
64.56743001937866,157636
64.57125496864319,157636
64.57504844665527,157636
64.57887387275696,157636
64.5826826095581,157636
64.58653140068054,157636
64.59031558036804,157636
64.59414720535278,157636
64.5979676246643,157636
64.6017951965332,157636
64.60564041137695,157636
64.60951972007751,157636
64.61333465576172,157636
64.61712408065796,157636
64.62089109420776,157636
64.62473249435425,157636
64.62852239608765,157636
64.63234615325928,157636
64.63613247871399,157636
64.63994407653809,157636
64.64375042915344,157636
64.64758610725403,157636
64.65134763717651,157636
64.65514850616455,157636
64.65894389152527,157636
64.66274189949036,157636
64.66653752326965,157636
64.67036056518555,157636
64.67412233352661,157636
64.67790818214417,157636
64.68170237541199,157636
64.68550515174866,157636
64.68930649757385,157636
64.69315075874329,157636
64.6969666481018,157636
64.70075583457947,157636
64.70457339286804,157636
64.70842099189758,157636
64.71223020553589,157636
64.71603083610535,157636
64.71986889839172,157636
64.72365880012512,157636
64.72748470306396,157636
64.7312970161438,157636
64.73509907722473,157636
64.73892331123352,157636
64.74269485473633,157636
64.74649715423584,157636
64.75028824806213,157636
64.75410580635071,157636
64.7579255104065,157636
64.76175713539124,157636
64.76552963256836,157636
64.76933646202087,157636
64.77315974235535,157636
64.77698636054993,157636
64.78082489967346,157636
64.78466033935547,157636
64.78847336769104,157636
64.79232907295227,157636
64.79617071151733,157636
64.79995799064636,157636
64.8037621974945,157636
64.8075578212738,157636
64.81137609481812,157636
64.81520509719849,157636
64.81905341148376,157636
64.82286310195923,157636
64.82669186592102,157636
64.83048605918884,157636
64.8342981338501,157636
64.83810615539551,157636
64.84189748764038,157636
64.84572649002075,157636
64.84947943687439,157636
64.85326862335205,157636
64.85705900192261,157636
64.86082291603088,157636
64.86465644836426,157636
64.8684651851654,157636
64.87227463722229,157636
64.87608027458191,157636
64.87988591194153,157636
64.88367938995361,157636
64.88749051094055,157636
64.89123463630676,157636
64.89502716064453,157636
64.89883995056152,157636
64.90260457992554,157636
64.90645718574524,157636
64.9102668762207,157636
64.91411399841309,157636
64.9179117679596,157636
64.9217140674591,157636
64.92555618286133,157636
64.9294044971466,157636
64.9332206249237,157636
64.93703603744507,157636
64.94081282615662,157636
64.94459271430969,157636
64.94842195510864,157636
64.95224952697754,157636
64.95602416992188,157636
64.95986652374268,157636
64.9636652469635,157636
64.96748876571655,157636
64.97131991386414,157636
64.97513270378113,157636
64.9789547920227,157636
64.98275756835938,157636
64.98655557632446,157636
64.99039506912231,157636
64.99417185783386,157636
64.99794030189514,157636
65.00170969963074,157636
65.00548028945923,157636
65.0093207359314,157636
65.01312971115112,157636
65.01695728302002,157636
65.02080225944519,157636
65.02460265159607,157636
65.02846074104309,157636
65.03225421905518,157636
65.0360541343689,157636
65.03988480567932,157636
65.04370188713074,157636
65.04753828048706,157636
65.05136919021606,157636
65.05517339706421,157636
65.05905294418335,157636
65.06285834312439,157636
65.06669402122498,157636
65.07052230834961,157636
65.07432270050049,157636
65.07807993888855,157636
65.08189487457275,157636
65.08571028709412,157636
65.08955669403076,157636
65.09337091445923,157636
65.0971987247467,157636
65.10137581825256,157636
65.10522842407227,157636
65.10907578468323,157636
65.11295485496521,157636
65.11678886413574,157636
65.12056398391724,157636
65.12438488006592,157636
65.1282012462616,157636
65.13202166557312,157636
65.13584351539612,157636
65.13968133926392,157636
65.14349007606506,157636
65.14731478691101,157636
65.15113043785095,157636
65.15498352050781,157636
65.15882968902588,157636
65.16262459754944,157636
65.16643476486206,157636
65.17021608352661,157636
65.17400479316711,157636
65.17783761024475,157636
65.18169474601746,157636
65.185476064682,157636
65.18930530548096,157636
65.19311380386353,157636
65.19693279266357,157636
65.20072770118713,157636
65.20455551147461,157636
65.20840954780579,157636
65.21218538284302,157636
65.21597909927368,157636
65.21980667114258,157636
65.2235848903656,157636
65.22743701934814,157636
65.23121929168701,157636
65.23500728607178,157636
65.23884582519531,157636
65.24268078804016,157636
65.24649858474731,157636
65.25030040740967,157636
65.25414776802063,157636
65.25796723365784,157636
65.26176643371582,157636
65.26554250717163,157636
65.26935029029846,157636
65.27314329147339,157636
65.27696514129639,157636
65.28076910972595,157636
65.28457546234131,157636
65.28842782974243,157636
65.2922420501709,157636
65.29605460166931,157636
65.29987072944641,157636
65.30367064476013,157636
65.30751776695251,157636
65.31132555007935,157636
65.31515312194824,157636
65.31899571418762,157636
65.32280707359314,157636
65.3266487121582,157636
65.33043885231018,157636
65.33420133590698,157636
65.33799028396606,157636
65.3417534828186,157636
65.34554147720337,157636
65.3493914604187,157636
65.35315942764282,157636
65.35695791244507,157636
65.36077666282654,157636
65.36456203460693,157636
65.36839151382446,157636
65.37219500541687,157636
65.37598538398743,157636
65.37979412078857,157636
65.3836145401001,157636
65.38746166229248,157636
65.39124870300293,157636
65.39504885673523,157636
65.3988721370697,157636
65.4027030467987,157636
65.40650868415833,157636
65.41031074523926,157636
65.41409921646118,157636
65.41792511940002,157636
65.42175555229187,157636
65.4255793094635,157636
65.4293954372406,157636
65.43324732780457,157636
65.43702459335327,157636
65.4408311843872,157636
65.44465231895447,157636
65.44847321510315,157636
65.45227432250977,157636
65.45609331130981,157636
65.4598913192749,157636
65.46372199058533,157636
65.46761870384216,157636
65.47144675254822,157636
65.47527170181274,157636
65.47909808158875,157636
65.48288488388062,157636
65.48671746253967,157636
65.49055171012878,157636
65.49437093734741,157636
65.498215675354,157636
65.50205874443054,157636
65.50586199760437,157636
65.5096504688263,157636
65.51345896720886,157636
65.51725935935974,157636
65.52110075950623,157636
65.52494144439697,157636
65.52875304222107,157636
65.53253960609436,157636
65.53630018234253,157636
65.54014277458191,157636
65.54394912719727,157636
65.54779386520386,157636
65.55161333084106,157636
65.55545544624329,157636
65.55934190750122,157636
65.56314015388489,157636
65.56698322296143,157636
65.57081484794617,157636
65.57463335990906,157636
65.57844066619873,157636
65.5822594165802,157636
65.58607149124146,157636
65.58990621566772,157636
65.59369850158691,157636
65.59912133216858,157636
65.60296368598938,157636
65.60683798789978,157636
65.61069178581238,157636
65.61451077461243,157636
65.61840176582336,157636
65.62491846084595,157636
65.63153648376465,157636
65.63821172714233,157636
65.64488554000854,157636
65.6516330242157,157636
65.65835618972778,157636
65.66509461402893,157636
65.67193818092346,157636
65.67878079414368,157636
65.68566155433655,157636
65.6925618648529,157636
65.69947266578674,157636
65.70640277862549,157636
65.71332049369812,157636
65.72024273872375,157636
65.72719430923462,157636
65.7341411113739,157636
65.74107933044434,157636
65.74802732467651,157636
65.75499391555786,157636
65.76200008392334,157636
65.76901936531067,157636
65.77601933479309,157636
65.78301858901978,157636
65.79004192352295,157636
65.79709911346436,157636
65.80414867401123,157636
65.81125545501709,157636
65.81832718849182,157636
65.82542943954468,157636
65.83255910873413,157636
65.83966493606567,157636
65.84687161445618,157636
65.8540506362915,157636
65.86124038696289,157636
65.86842584609985,157636
65.87560844421387,157636
65.88280129432678,157636
65.88999271392822,157636
65.89717888832092,157636
65.90437531471252,157636
65.91157484054565,157636
65.91877770423889,157636
65.92597365379333,157636
65.93316555023193,157636
65.94035816192627,157636
65.94434452056885,157636
65.94817566871643,157636
65.95200157165527,157636
65.95581269264221,157636
65.95960307121277,157636
65.96342778205872,157636
65.96725153923035,157636
65.97107124328613,157636
65.9749059677124,157636
65.97871017456055,157636
65.98254942893982,157636
65.98635005950928,157636
65.99020481109619,157636
65.99405026435852,157636
65.99787020683289,157636
66.00169849395752,157636
66.00549101829529,157636
66.00928044319153,157636
66.01307559013367,157636
66.01690602302551,157636
66.02071404457092,157636
66.02452945709229,157636
66.02834439277649,157636
66.03213930130005,157636
66.0359377861023,157636
66.03977990150452,157636
66.04356360435486,157636
66.047358751297,157636
66.05117344856262,157636
66.05499720573425,157636
66.05882167816162,157636
66.0625958442688,157636
66.06638169288635,157636
66.07016491889954,157636
66.07395076751709,157636
66.0777177810669,157636
66.08152890205383,157636
66.08533692359924,157636
66.08917093276978,157636
66.09300661087036,157636
66.09685492515564,157636
66.10069513320923,157636
66.10456848144531,157636
66.10842633247375,157636
66.1122419834137,157636
66.11609220504761,157636
66.11994314193726,157636
66.12379693984985,157636
66.12768244743347,157636
66.13147139549255,157636
66.13526940345764,157636
66.13908696174622,157636
66.14288187026978,157636
66.14666223526001,157636
66.15047574043274,157636
66.15426993370056,157636
66.15813422203064,157636
66.16194820404053,157636
66.16570544242859,157636
66.16953587532043,157636
66.17333388328552,157636
66.17712879180908,157636
66.18095111846924,157636
66.18470811843872,157636
66.188556432724,157636
66.19234156608582,157636
66.19612383842468,157636
66.19995760917664,157636
66.2037935256958,157636
66.2076563835144,157636
66.21147418022156,157636
66.21531105041504,157636
66.21918725967407,157636
66.22299289703369,157636
66.22681498527527,157636
66.23063564300537,157636
66.2344331741333,157636
66.23819828033447,157636
66.24203062057495,157636
66.24585938453674,157636
66.24968433380127,157636
66.25346970558167,157636
66.25727963447571,157636
66.26111626625061,157636
66.26492619514465,157636
66.2687714099884,157636
66.27261710166931,157636
66.27642059326172,157636
66.2802562713623,157636
66.28407001495361,157636
66.28789734840393,157636
66.29173350334167,157636
66.29553890228271,157636
66.29934859275818,157636
66.30318522453308,157636
66.30696034431458,157636
66.31081032752991,157636
66.31462812423706,157636
66.31843709945679,157636
66.32225346565247,157636
66.32604217529297,157636
66.32980608940125,157636
66.3336181640625,157636
66.33746027946472,157636
66.34131526947021,157636
66.34514498710632,157636
66.34904503822327,157636
66.35286116600037,157636
66.35666728019714,157636
66.36048007011414,157636
66.3643114566803,157636
66.36814761161804,157636
66.37196946144104,157636
66.37579441070557,157636
66.37964010238647,157636
66.38344049453735,157636
66.38720107078552,157636
66.39099788665771,157636
66.3947913646698,157636
66.39862704277039,157636
66.40244054794312,157636
66.40623378753662,157636
66.41006731987,157636
66.41387796401978,157636
66.41768383979797,157636
66.42147898674011,157636
66.42528510093689,157636
66.42910861968994,157636
66.43292331695557,157636
66.43674874305725,157636
66.4405689239502,157636
66.4443838596344,157636
66.44818162918091,157636
66.45203137397766,157636
66.45584154129028,157636
66.45964670181274,157636
66.46347284317017,157636
66.46728277206421,157636
66.4710783958435,157636
66.47490644454956,157636
66.47873330116272,157636
66.48251509666443,157636
66.48631167411804,157636
66.49012637138367,157636
66.49395108222961,157636
66.49773788452148,157636
66.50159621238708,157636
66.50543236732483,157636
66.50929999351501,157636
66.51309990882874,157636
66.51691937446594,157636
66.52075338363647,157636
66.52456545829773,157636
66.52839612960815,157636
66.53218197822571,157636
66.53597664833069,157636
66.53977990150452,157636
66.5435836315155,157636
66.54738235473633,157636
66.55118036270142,157636
66.5549647808075,157636
66.55878710746765,157636
66.5625867843628,157636
66.56638360023499,157636
66.57017588615417,157636
66.57399320602417,157636
66.57781672477722,157636
66.58164119720459,157636
66.58545994758606,157636
66.58930444717407,157636
66.59309434890747,157636
66.59689354896545,157636
66.60073494911194,157636
66.60456228256226,157636
66.60841250419617,157636
66.61226320266724,157636
66.61603021621704,157636
66.61991882324219,157636
66.6237359046936,157636
66.62756776809692,157636
66.63137412071228,157636
66.63519597053528,157636
66.63903284072876,157636
66.64287519454956,157636
66.64666676521301,157636
66.65049695968628,157636
66.65427446365356,157636
66.6581175327301,157636
66.66193842887878,157636
66.66574764251709,157636
66.66956877708435,157636
66.67338156700134,157636
66.67718577384949,157636
66.68102931976318,157636
66.68485999107361,157636
66.68865990638733,157636
66.69244360923767,157636
66.69624638557434,157636
66.7000846862793,157636
66.70388960838318,157636
66.7077124118805,157636
66.71151876449585,157636
66.71533966064453,157636
66.71918296813965,157636
66.72300910949707,157636
66.72682857513428,157636
66.73065900802612,157636
66.73445534706116,157636
66.73824715614319,157636
66.74203753471375,157636
66.74584317207336,157636
66.74971151351929,157636
66.75354361534119,157636
66.75739979743958,157636
66.76123809814453,157636
66.76507115364075,157636
66.7688992023468,157636
66.77274823188782,157636
66.77655935287476,157636
66.78031897544861,157636
66.78416919708252,157636
66.78801107406616,157636
66.79184412956238,157636
66.79565477371216,157636
66.79947781562805,157636
66.80328822135925,157636
66.80709147453308,157636
66.81094551086426,157636
66.8147439956665,157636
66.81860828399658,157636
66.82241368293762,157636
66.82619786262512,157636
66.83001708984375,157636
66.83385610580444,157636
66.83766674995422,157636
66.84145188331604,157636
66.84522795677185,157636
66.84905672073364,157636
66.85291242599487,157636
66.85677337646484,157636
66.86060667037964,157636
66.86438536643982,157636
66.86817336082458,157636
66.8719539642334,157636
66.87578535079956,157636
66.87964034080505,157636
66.88343238830566,157636
66.88725924491882,157636
66.89107632637024,157636
66.89489817619324,157636
66.89875555038452,157636
66.90255045890808,157636
66.90633869171143,157636
66.91014504432678,157636
66.91392207145691,157636
66.91773200035095,157636
66.92151713371277,157636
66.92532849311829,157636
66.92915415763855,157636
66.93298506736755,157636
66.93684196472168,157636
66.94067692756653,157636
66.94449043273926,157636
66.94830107688904,157636
66.95215272903442,157636
66.95598936080933,157636
66.95980405807495,157636
66.96364545822144,157636
66.96746158599854,157636
66.97130393981934,157636
66.9750828742981,157636
66.97891163825989,157636
66.98273420333862,157636
66.98652076721191,157636
66.99031138420105,157636
66.99413132667542,157636
66.99792432785034,157636
67.00176668167114,157636
67.00556683540344,157636
67.00935792922974,157636
67.01319456100464,157636
67.0170156955719,157636
67.02079176902771,157636
67.02458596229553,157636
67.02840423583984,157636
67.03221130371094,157636
67.03601026535034,157636
67.03980779647827,157636
67.0436201095581,157636
67.04742050170898,157636
67.05121779441833,157636
67.05500411987305,157636
67.05879998207092,157636
67.06260919570923,157636
67.06640696525574,157636
67.07024216651917,157636
67.0740647315979,157636
67.07788920402527,157636
67.08167243003845,157636
67.08548378944397,157636
67.08929944038391,157636
67.09311699867249,157636
67.09690427780151,157636
67.10069918632507,157636
67.10451602935791,157636
67.10837864875793,157636
67.11215472221375,157636
67.11598110198975,157636
67.11988544464111,157636
67.12370991706848,157636
67.12753105163574,157636
67.1313545703888,157636
67.13511800765991,157636
67.13892388343811,157636
67.1427366733551,157636
67.14654874801636,157636
67.15034246444702,157636
67.15415096282959,157636
67.15795373916626,157636
67.1617751121521,157636
67.16560006141663,157636
67.16935896873474,157636
67.17319583892822,157636
67.17703795433044,157636
67.18086695671082,157636
67.18471813201904,157636
67.18854093551636,157636
67.19240307807922,157636
67.19619464874268,157636
67.20005059242249,157636
67.2038938999176,157636
67.20769548416138,157636
67.21150350570679,157636
67.2153263092041,157636
67.21918058395386,157636
67.22302460670471,157636
67.22685241699219,157636
67.23064804077148,157636
67.23442506790161,157636
67.23821902275085,157636
67.24204063415527,157636
67.2458918094635,157636
67.24966049194336,157636
67.25348162651062,157636
67.25727796554565,157636
67.26110434532166,157636
67.26489686965942,157636
67.26870584487915,157636
67.27252221107483,157636
67.27635622024536,157636
67.28018927574158,157636
67.28398180007935,157636
67.28780817985535,157636
67.29154849052429,157636
67.29533886909485,157636
67.29916071891785,157636
67.30296635627747,157636
67.3067991733551,157636
67.31060934066772,157636
67.31446623802185,157636
67.31823515892029,157636
67.32202482223511,157636
67.32581663131714,157636
67.32965683937073,157636
67.33343195915222,157636
67.3372597694397,157636
67.34108018875122,157636
67.3448736667633,157636
67.34872341156006,157636
67.35253620147705,157636
67.35633277893066,157636
67.36014914512634,157636
67.36397171020508,157636
67.36780333518982,157636
67.3716151714325,157636
67.37542343139648,157636
67.37926816940308,157636
67.3830463886261,157636
67.38690495491028,157636
67.39073300361633,157636
67.39452505111694,157636
67.39832806587219,157636
67.40213346481323,157636
67.40590453147888,157636
67.40973019599915,157636
67.41353559494019,157636
67.41735625267029,157636
67.42117762565613,157636
67.42498183250427,157636
67.42881751060486,157636
67.43265056610107,157636
67.43646240234375,157636
67.44025254249573,157636
67.4440848827362,157636
67.44790887832642,157636
67.45172715187073,157636
67.45552229881287,157636
67.45935130119324,157636
67.46315717697144,157636
67.46696472167969,157636
67.47080373764038,157636
67.47462034225464,157636
67.4784734249115,157636
67.4822793006897,157636
67.48605513572693,157636
67.48987627029419,157636
67.493727684021,157636
67.49758791923523,157636
67.5014169216156,157636
67.50525331497192,157636
67.50911498069763,157636
67.5129144191742,157636
67.51669025421143,157636
67.52053451538086,157636
67.52433848381042,157636
67.52816796302795,157636
67.53199815750122,157636
67.53579521179199,157636
67.53963780403137,157636
67.54344415664673,157636
67.54726886749268,157636
67.55109643936157,157636
67.5549042224884,157636
67.55874872207642,157636
67.56257581710815,157636
67.56640815734863,157636
67.57023286819458,157636
67.57402157783508,157636
67.57785129547119,157636
67.58168005943298,157636
67.58548307418823,157636
67.58928036689758,157636
67.5930585861206,157636
67.59690046310425,157636
67.60067510604858,157636
67.6044659614563,157636
67.6083357334137,157636
67.6121461391449,157636
67.61597061157227,157636
67.6197898387909,157636
67.6235888004303,157636
67.62739372253418,157636
67.63120365142822,157636
67.63498163223267,157636
67.63877630233765,157636
67.64257955551147,157636
67.64635062217712,157636
67.65020895004272,157636
67.65400123596191,157636
67.65784335136414,157636
67.66166353225708,157636
67.66546058654785,157636
67.66929817199707,157636
67.67307901382446,157636
67.67690324783325,157636
67.68070459365845,157636
67.6845154762268,157636
67.68837666511536,157636
67.69215679168701,157636
67.69592761993408,157636
67.69975447654724,157636
67.70358419418335,157636
67.70746898651123,157636
67.71126651763916,157636
67.71505761146545,157636
67.7188470363617,157636
67.72265148162842,157636
67.72647380828857,157636
67.73023676872253,157636
67.73408770561218,157636
67.73789310455322,157636
67.74169707298279,157636
67.74549770355225,157636
67.7493348121643,157636
67.7531533241272,157636
67.75701022148132,157636
67.76080918312073,157636
67.7646152973175,157636
67.76841759681702,157636
67.77224826812744,157636
67.7760488986969,157636
67.77986359596252,157636
67.78367733955383,157636
67.78746771812439,157636
67.79122591018677,157636
67.79505372047424,157636
67.79885530471802,157636
67.80266451835632,157636
67.8065435886383,157636
67.81039595603943,157636
67.81417870521545,157636
67.81801128387451,157636
67.82183980941772,157636
67.82561469078064,157636
67.82941436767578,157636
67.83323884010315,157636
67.83706402778625,157636
67.84083557128906,157636
67.84471273422241,157636
67.848557472229,157636
67.85238528251648,157636
67.85615682601929,157636
67.85995054244995,157636
67.8637900352478,157636
67.86759614944458,157636
67.87144207954407,157636
67.87526488304138,157636
67.87909007072449,157636
67.88286709785461,157636
67.88670420646667,157636
67.89050054550171,157636
67.89432740211487,157636
67.89813899993896,157636
67.9019672870636,157636
67.90580105781555,157636
67.90962815284729,157636
67.91341757774353,157636
67.9172420501709,157636
67.92099356651306,157636
67.92480540275574,157636
67.92857909202576,157636
67.93235802650452,157636
67.93619990348816,157636
67.94002604484558,157636
67.94389081001282,157636
67.94773602485657,157636
67.95155954360962,157636
67.95537161827087,157636
67.95913290977478,157636
67.96292901039124,157636
67.96676254272461,157636
67.97055459022522,157636
67.9743881225586,157636
67.97824454307556,157636
67.9820544719696,157636
67.98588180541992,157636
67.98970675468445,157636
67.99352192878723,157636
67.99735689163208,157636
68.0011465549469,157636
68.00495624542236,157636
68.00880193710327,157636
68.0125949382782,157636
68.01640176773071,157636
68.02023458480835,157636
68.02403116226196,157636
68.02784442901611,157636
68.03165173530579,157636
68.03548669815063,157636
68.03929615020752,157636
68.04304242134094,157636
68.04687666893005,157636
68.05073142051697,157636
68.05453038215637,157636
68.05836367607117,157636
68.06215810775757,157636
68.06592917442322,157636
68.06973147392273,157636
68.07354736328125,157636
68.0773777961731,157636
68.08119678497314,157636
68.08501172065735,157636
68.08885097503662,157636
68.09268379211426,157636
68.09650206565857,157636
68.10028219223022,157636
68.10416722297668,157636
68.10802364349365,157636
68.11184215545654,157636
68.11567687988281,157636
68.11948442459106,157636
68.12333369255066,157636
68.12713742256165,157636
68.13091254234314,157636
68.13470602035522,157636
68.13854956626892,157636
68.14234805107117,157636
68.14617991447449,157636
68.1499342918396,157636
68.15375447273254,157636
68.15755271911621,157636
68.161386013031,157636
68.16520166397095,157636
68.16904091835022,157636
68.1728446483612,157636
68.17669129371643,157636
68.18048882484436,157636
68.18426990509033,157636
68.18811678886414,157636
68.19192552566528,157636
68.1957106590271,157636
68.19952440261841,157636
68.20327043533325,157636
68.2070701122284,157636
68.21091151237488,157636
68.21471667289734,157636
68.21854019165039,157636
68.22230172157288,157636
68.22612285614014,157636
68.22996759414673,157636
68.23379349708557,157636
68.23761010169983,157636
68.24141812324524,157636
68.24519562721252,157636
68.24902725219727,157636
68.25283408164978,157636
68.25662422180176,157636
68.26045513153076,157636
68.26430702209473,157636
68.26810216903687,157636
68.27189755439758,157636
68.2757363319397,157636
68.2795422077179,157636
68.28335738182068,157636
68.28715419769287,157636
68.29094505310059,157636
68.29471158981323,157636
68.29850196838379,157636
68.30233073234558,157636
68.30618476867676,157636
68.30999445915222,157636
68.31381106376648,157636
68.31761407852173,157636
68.32142949104309,157636
68.32527041435242,157636
68.32911562919617,157636
68.33289456367493,157636
68.33675074577332,157636
68.34055137634277,157636
68.34438514709473,157636
68.34819769859314,157636
68.35205125808716,157636
68.35584259033203,157636
68.35966897010803,157636
68.3634865283966,157636
68.3672924041748,157636
68.3711211681366,157636
68.37495255470276,157636
68.37880825996399,157636
68.38265538215637,157636
68.38647675514221,157636
68.39029145240784,157636
68.39408731460571,157636
68.39787817001343,157636
68.4016923904419,157636
68.40553092956543,157636
68.40938472747803,157636
68.41319942474365,157636
68.41703701019287,157636
68.42087435722351,157636
68.42471432685852,157636
68.42852544784546,157636
68.43230438232422,157636
68.43609261512756,157636
68.43986058235168,157636
68.44368362426758,157636
68.44750499725342,157636
68.4513041973114,157636
68.45513486862183,157636
68.45892405509949,157636
68.46274900436401,157636
68.46659517288208,157636
68.47043967247009,157636
68.47428917884827,157636
68.47809410095215,157636
68.48190879821777,157636
68.48575806617737,157636
68.48957705497742,157636
68.49340319633484,157636
68.4971854686737,157636
68.50104784965515,157636
68.50486922264099,157636
68.50868225097656,157636
68.51252269744873,157636
68.51635527610779,157636
68.52016711235046,157636
68.52396702766418,157636
68.52777910232544,157636
68.53158760070801,157636
68.53542041778564,157636
68.53920435905457,157636
68.54301595687866,157636
68.54683661460876,157636
68.55066061019897,157636
68.55449151992798,157636
68.55832743644714,157636
68.56213998794556,157636
68.56592869758606,157636
68.56978225708008,157636
68.57358193397522,157636
68.57741498947144,157636
68.58117890357971,157636
68.58497977256775,157636
68.58882117271423,157636
68.59262537956238,157636
68.5964777469635,157636
68.6002995967865,157636
68.60414385795593,157636
68.60796976089478,157636
68.6117730140686,157636
68.61556482315063,157636
68.61938667297363,157636
68.62318134307861,157636
68.62699317932129,157636
68.6307954788208,157636
68.63461327552795,157636
68.63843727111816,157636
68.64223027229309,157636
68.64602041244507,157636
68.64985036849976,157636
68.65365433692932,157636
68.65747690200806,157636
68.66125392913818,157636
68.66505312919617,157636
68.66886854171753,157636
68.67267227172852,157636
68.67650008201599,157636
68.6802909374237,157636
68.68408489227295,157636
68.6879231929779,157636
68.69173741340637,157636
68.6955246925354,157636
68.69929218292236,157636
68.70308756828308,157636
68.70688652992249,157636
68.7107002735138,157636
68.7145128250122,157636
68.71837592124939,157636
68.72214984893799,157636
68.7259521484375,157636
68.72978353500366,157636
68.7336266040802,157636
68.73749780654907,157636
68.7412736415863,157636
68.74510598182678,157636
68.74891901016235,157636
68.7527539730072,157636
68.7565712928772,157636
68.76041197776794,157636
68.76425862312317,157636
68.7680344581604,157636
68.77184534072876,157636
68.77565407752991,157636
68.77951860427856,157636
68.78334403038025,157636
68.7872154712677,157636
68.79102826118469,157636
68.7948317527771,157636
68.79863166809082,157636
68.80245661735535,157636
68.80624079704285,157636
68.81009721755981,157636
68.81389307975769,157636
68.81769680976868,157636
68.82150936126709,157636
68.82532072067261,157636
68.82914710044861,157636
68.8329405784607,157636
68.83677935600281,157636
68.84060835838318,157636
68.84443640708923,157636
68.84825801849365,157636
68.85206031799316,157636
68.85587763786316,157636
68.8596818447113,157636
68.86347961425781,157636
68.86731338500977,157636
68.87113928794861,157636
68.87495231628418,157636
68.87880778312683,157636
68.88262128829956,157636
68.88645601272583,157636
68.89027261734009,157636
68.89410257339478,157636
68.8979275226593,157636
68.90173983573914,157636
68.9055528640747,157636
68.90936374664307,157636
68.9131920337677,157636
68.91697812080383,157636
68.92079305648804,157636
68.92462396621704,157636
68.92844533920288,157636
68.93221497535706,157636
68.9360625743866,157636
68.93989825248718,157636
68.94369292259216,157636
68.94753122329712,157636
68.95133566856384,157636
68.9551568031311,157636
68.95902991294861,157636
68.96284651756287,157636
68.96670150756836,157636
68.970547914505,157636
68.97438049316406,157636
68.97819900512695,157636
68.9820237159729,157636
68.9858467578888,157636
68.98962092399597,157636
68.9934651851654,157636
68.99731779098511,157636
69.00115060806274,157636
69.00495290756226,157636
69.00878715515137,157636
69.0125732421875,157636
69.01637697219849,157636
69.02020072937012,157636
69.024001121521,157636
69.02783536911011,157636
69.03165245056152,157636
69.03541612625122,157636
69.03926706314087,157636
69.04308867454529,157636
69.0469183921814,157636
69.0507128238678,157636
69.05456829071045,157636
69.05837440490723,157636
69.06220889091492,157636
69.06603169441223,157636
69.06986284255981,157636
69.07369613647461,157636
69.07752871513367,157636
69.08134746551514,157636
69.08517360687256,157636
69.0890166759491,157636
69.09283685684204,157636
69.09664750099182,157636
69.10047388076782,157636
69.10427474975586,157636
69.10817170143127,157636
69.11201858520508,157636
69.11586117744446,157636
69.11968207359314,157636
69.1234781742096,157636
69.12727761268616,157636
69.13108563423157,157636
69.13488149642944,157636
69.13872528076172,157636
69.14254879951477,157636
69.14639949798584,157636
69.15018916130066,157636
69.15401244163513,157636
69.15783548355103,157636
69.16162919998169,157636
69.16545820236206,157636
69.16927742958069,157636
69.17307209968567,157636
69.17690086364746,157636
69.18076419830322,157636
69.1845850944519,157636
69.18844676017761,157636
69.19227147102356,157636
69.19607520103455,157636
69.19992017745972,157636
69.2037136554718,157636
69.20752882957458,157636
69.21137189865112,157636
69.21516728401184,157636
69.21894931793213,157636
69.22278547286987,157636
69.22663736343384,157636
69.23048043251038,157636
69.23426747322083,157636
69.23814535140991,157636
69.24194025993347,157636
69.24573230743408,157636
69.24958920478821,157636
69.25339388847351,157636
69.2571930885315,157636
69.26101660728455,157636
69.26482939720154,157636
69.2686185836792,157636
69.27239561080933,157636
69.27621412277222,157636
69.28002524375916,157636
69.28381705284119,157636
69.28765726089478,157636
69.29147052764893,157636
69.2952766418457,157636
69.29910230636597,157636
69.30292963981628,157636
69.30675196647644,157636
69.31054139137268,157636
69.31433129310608,157636
69.31820297241211,157636
69.32203030586243,157636
69.32584738731384,157636
69.32964897155762,157636
69.33341813087463,157636
69.33721971511841,157636
69.34103846549988,157636
69.344881772995,157636
69.34872078895569,157636
69.35255265235901,157636
69.35635900497437,157636
69.36016368865967,157636
69.36398887634277,157636
69.36778211593628,157636
69.37159442901611,157636
69.37542629241943,157636
69.37924861907959,157636
69.38307905197144,157636
69.38691902160645,157636
69.39075374603271,157636
69.39456868171692,157636
69.39837408065796,157636
69.4021942615509,157636
69.4060173034668,157636
69.40986132621765,157636
69.41366171836853,157636
69.4175055027008,157636
69.42133593559265,157636
69.42515254020691,157636
69.42899870872498,157636
69.43279767036438,157636
69.43660521507263,157636
69.44035911560059,157636
69.44416952133179,157636
69.44799399375916,157636
69.4518210887909,157636
69.45563817024231,157636
69.45948886871338,157636
69.46331667900085,157636
69.46715712547302,157636
69.47096562385559,157636
69.47479343414307,157636
69.47862982749939,157636
69.4824321269989,157636
69.48622632026672,157636
69.49008846282959,157636
69.49388599395752,157636
69.49773001670837,157636
69.50157880783081,157636
69.50541758537292,157636
69.50924158096313,157636
69.51308846473694,157636
69.51690006256104,157636
69.52071046829224,157636
69.52451825141907,157636
69.52836298942566,157636
69.53218913078308,157636
69.53602051734924,157636
69.53984880447388,157636
69.54367995262146,157636
69.54753923416138,157636
69.5513002872467,157636
69.55515575408936,157636
69.5590271949768,157636
69.56282591819763,157636
69.56666946411133,157636
69.57051610946655,157636
69.57431840896606,157636
69.57814836502075,157636
69.58196973800659,157636
69.58580279350281,157636
69.58964800834656,157636
69.59343886375427,157636
69.59728693962097,157636
69.60110473632812,157636
69.6049473285675,157636
69.60876774787903,157636
69.61258029937744,157636
69.61640548706055,157636
69.62024450302124,157636
69.62404203414917,157636
69.6278920173645,157636
69.63172340393066,157636
69.63552594184875,157636
69.63937377929688,157636
69.64321303367615,157636
69.64703750610352,157636
69.65087628364563,157636
69.65469288825989,157636
69.65853905677795,157636
69.66229724884033,157636
69.66611337661743,157636
69.66992783546448,157636
69.67376899719238,157636
69.67756223678589,157636
69.68141222000122,157636
69.68520069122314,157636
69.68904781341553,157636
69.69284749031067,157636
69.6966917514801,157636
69.70053887367249,157636
69.70434880256653,157636
69.70820832252502,157636
69.7120213508606,157636
69.71583390235901,157636
69.71966052055359,157636
69.72345447540283,157636
69.72728419303894,157636
69.73108768463135,157636
69.73492407798767,157636
69.73873209953308,157636
69.74254417419434,157636
69.74632239341736,157636
69.75010251998901,157636
69.75396370887756,157636
69.75782179832458,157636
69.76163983345032,157636
69.7654619216919,157636
69.7692346572876,157636
69.77309679985046,157636
69.77687406539917,157636
69.78072452545166,157636
69.78456163406372,157636
69.78835463523865,157636
69.79215288162231,157636
69.79596734046936,157636
69.79979348182678,157636
69.80360174179077,157636
69.8074221611023,157636
69.8112051486969,157636
69.8149847984314,157636
69.81881141662598,157636
69.82262969017029,157636
69.82644033432007,157636
69.83025813102722,157636
69.8340847492218,157636
69.83788013458252,157636
69.84168934822083,157636
69.84550976753235,157636
69.84933280944824,157636
69.85315656661987,157636
69.85697984695435,157636
69.86084127426147,157636
69.86467480659485,157636
69.86851453781128,157636
69.87233972549438,157636
69.87615299224854,157636
69.8799831867218,157636
69.88378524780273,157636
69.88762521743774,157636
69.8914475440979,157636
69.89526867866516,157636
69.89908170700073,157636
69.90288376808167,157636
69.90670132637024,157636
69.91048860549927,157636
69.91429042816162,157636
69.91808223724365,157636
69.92189049720764,157636
69.92570304870605,157636
69.92953777313232,157636
69.93332743644714,157636
69.93713355064392,157636
69.9409990310669,157636
69.94482851028442,157636
69.94872856140137,157636
69.95254611968994,157636
69.95638537406921,157636
69.96022987365723,157636
69.96402072906494,157636
69.96785855293274,157636
69.97171020507812,157636
69.97551226615906,157636
69.97934126853943,157636
69.98313522338867,157636
69.98696684837341,157636
69.99079036712646,157636
69.9946026802063,157636
69.99841690063477,157636
70.00217485427856,157636
70.00599694252014,157636
70.00984358787537,157636
70.01366710662842,157636
70.01750016212463,157636
70.02128171920776,157636
70.02512979507446,157636
70.02898359298706,157636
70.0328094959259,157636
70.03667545318604,157636
70.04049110412598,157636
70.04431509971619,157636
70.04809856414795,157636
70.05196285247803,157636
70.0558123588562,157636
70.05961894989014,157636
70.06344890594482,157636
70.06725883483887,157636
70.07108235359192,157636
70.07492637634277,157636
70.0787000656128,157636
70.08250164985657,157636
70.08632111549377,157636
70.0901734828949,157636
70.0939691066742,157636
70.09781217575073,157636
70.10165619850159,157636
70.10547041893005,157636
70.10930609703064,157636
70.11314511299133,157636
70.11699914932251,157636
70.12081837654114,157636
70.1246485710144,157636
70.12849235534668,157636
70.13226842880249,157636
70.13606333732605,157636
70.1399040222168,157636
70.14370393753052,157636
70.1475579738617,157636
70.1513180732727,157636
70.15510654449463,157636
70.15894079208374,157636
70.16273069381714,157636
70.16653847694397,157636
70.17038297653198,157636
70.174156665802,157636
70.1780002117157,157636
70.18183016777039,157636
70.18562316894531,157636
70.18946313858032,157636
70.1932590007782,157636
70.19706392288208,157636
70.20085787773132,157636
70.20464181900024,157636
70.20844626426697,157636
70.2122950553894,157636
70.21611595153809,157636
70.21994090080261,157636
70.2237343788147,157636
70.22754144668579,157636
70.2313449382782,157636
70.23517274856567,157636
70.23900365829468,157636
70.2428023815155,157636
70.24661326408386,157636
70.25039792060852,157636
70.25422549247742,157636
70.25806975364685,157636
70.26188683509827,157636
70.2656831741333,157636
70.26951217651367,157636
70.27332973480225,157636
70.27717900276184,157636
70.28098273277283,157636
70.28478598594666,157636
70.28861927986145,157636
70.29240560531616,157636
70.29618811607361,157636
70.30004644393921,157636
70.30386877059937,157636
70.30768537521362,157636
70.31152129173279,157636
70.3153486251831,157636
70.31920075416565,157636
70.32300448417664,157636
70.32686138153076,157636
70.33070158958435,157636
70.33449935913086,157636
70.33837103843689,157636
70.34221243858337,157636
70.3460214138031,157636
70.34986782073975,157636
70.35369038581848,157636
70.35750246047974,157636
70.36132025718689,157636
70.3651397228241,157636
70.36897850036621,157636
70.37279272079468,157636
70.37660098075867,157636
70.38043546676636,157636
70.38427591323853,157636
70.3881287574768,157636
70.39194750785828,157636
70.3957793712616,157636
70.39958047866821,157636
70.40342807769775,157636
70.40723705291748,157636
70.41103959083557,157636
70.41490054130554,157636
70.41874933242798,157636
70.42255187034607,157636
70.42637825012207,157636
70.4301769733429,157636
70.43393969535828,157636
70.43779921531677,157636
70.4416184425354,157636
70.44544982910156,157636
70.44926166534424,157636
70.45309066772461,157636
70.45692992210388,157636
70.46074867248535,157636
70.46454501152039,157636
70.46838855743408,157636
70.47218632698059,157636
70.47598695755005,157636
70.47981858253479,157636
70.48362827301025,157636
70.48739385604858,157636
70.49120235443115,157636
70.49499678611755,157636
70.49880886077881,157636
70.50261759757996,157636
70.50645112991333,157636
70.51027631759644,157636
70.51404285430908,157636
70.51785683631897,157636
70.52167010307312,157636
70.5254921913147,157636
70.52931261062622,157636
70.53315043449402,157636
70.53699326515198,157636
70.54080390930176,157636
70.5446469783783,157636
70.54848313331604,157636
70.5522997379303,157636
70.55611276626587,157636
70.55993342399597,157636
70.56374883651733,157636
70.56758689880371,157636
70.57137751579285,157636
70.57522702217102,157636
70.57906937599182,157636
70.58289957046509,157636
70.58672142028809,157636
70.59053087234497,157636
70.59432244300842,157636
70.59812498092651,157636
70.60193467140198,157636
70.60574460029602,157636
70.60956931114197,157636
70.61341977119446,157636
70.617182970047,157636
70.62096977233887,157636
70.62479782104492,157636
70.62865614891052,157636
70.63247847557068,157636
70.63626551628113,157636
70.6400957107544,157636
70.64392590522766,157636
70.6477689743042,157636
70.65156602859497,157636
70.6554183959961,157636
70.65926790237427,157636
70.66308450698853,157636
70.66692519187927,157636
70.6707694530487,157636
70.67460656166077,157636
70.6784405708313,157636
70.68227910995483,157636
70.68609046936035,157636
70.68995332717896,157636
70.69375109672546,157636
70.69755148887634,157636
70.70134925842285,157636
70.70520782470703,157636
70.70901918411255,157636
70.71282005310059,157636
70.71664428710938,157636
70.72039866447449,157636
70.72422790527344,157636
70.72804737091064,157636
70.73183989524841,157636
70.73568367958069,157636
70.73948764801025,157636
70.74331068992615,157636
70.74718904495239,157636
70.75100803375244,157636
70.75484871864319,157636
70.75867938995361,157636
70.76245498657227,157636
70.76626515388489,157636
70.77006816864014,157636
70.77390646934509,157636
70.77771019935608,157636
70.78152203559875,157636
70.78537559509277,157636
70.78918218612671,157636
70.79300355911255,157636
70.79682564735413,157636
70.80065155029297,157636
70.80444097518921,157636
70.80827498435974,157636
70.81207156181335,157636
70.81588959693909,157636
70.81976842880249,157636
70.82357740402222,157636
70.82735061645508,157636
70.83114004135132,157636
70.83495306968689,157636
70.8388159275055,157636
70.84266495704651,157636
70.84647679328918,157636
70.85025691986084,157636
70.85407948493958,157636
70.8579044342041,157636
70.8617262840271,157636
70.86552596092224,157636
70.86934542655945,157636
70.87318062782288,157636
70.8769760131836,157636
70.88081622123718,157636
70.88462853431702,157636
70.88843393325806,157636
70.89225554466248,157636
70.89609813690186,157636
70.89991974830627,157636
70.90374422073364,157636
70.90759539604187,157636
70.9114351272583,157636
70.91522979736328,157636
70.91907691955566,157636
70.92288994789124,157636
70.92669129371643,157636
70.9305260181427,157636
70.93432712554932,157636
70.93816232681274,157636
70.94194507598877,157636
70.94577264785767,157636
70.949622631073,157636
70.9534637928009,157636
70.95725512504578,157636
70.9610800743103,157636
70.9648768901825,157636
70.96867084503174,157636
70.97249031066895,157636
70.97624325752258,157636
70.98006248474121,157636
70.98386025428772,157636
70.98769950866699,157636
70.99150681495667,157636
70.99530696868896,157636
70.99916696548462,157636
71.00295066833496,157636
71.00674676895142,157636
71.01054883003235,157636
71.01437306404114,157636
71.01818561553955,157636
71.02199172973633,157636
71.02577614784241,157636
71.02957391738892,157636
71.03339982032776,157636
71.03724265098572,157636
71.04101157188416,157636
71.04482889175415,157636
71.04861807823181,157636
71.05242276191711,157636
71.05618977546692,157636
71.06003189086914,157636
71.06378865242004,157636
71.06759572029114,157636
71.07140612602234,157636
71.07521915435791,157636
71.07904744148254,157636
71.08287310600281,157636
71.08665466308594,157636
71.09048223495483,157636
71.09425711631775,157636
71.0980794429779,157636
71.10190272331238,157636
71.10571265220642,157636
71.10958909988403,157636
71.11340045928955,157636
71.11722445487976,157636
71.12107157707214,157636
71.12491989135742,157636
71.12873864173889,157636
71.1325695514679,157636
71.13638687133789,157636
71.14021015167236,157636
71.144047498703,157636
71.14787554740906,157636
71.1517026424408,157636
71.15550994873047,157636
71.15932250022888,157636
71.16317248344421,157636
71.16698598861694,157636
71.17082786560059,157636
71.17462015151978,157636
71.17846155166626,157636
71.18227076530457,157636
71.18612027168274,157636
71.18995666503906,157636
71.19381403923035,157636
71.19766640663147,157636
71.20144057273865,157636
71.20525765419006,157636
71.20907926559448,157636
71.21285891532898,157636
71.21670460700989,157636
71.22051000595093,157636
71.2243287563324,157636
71.22815918922424,157636
71.23196148872375,157636
71.23579978942871,157636
71.23961138725281,157636
71.24344038963318,157636
71.24727058410645,157636
71.25109338760376,157636
71.25494170188904,157636
71.25873947143555,157636
71.26255178451538,157636
71.2663779258728,157636
71.27017569541931,157636
71.27395868301392,157636
71.27779006958008,157636
71.2816059589386,157636
71.28540539741516,157636
71.28921365737915,157636
71.29308104515076,157636
71.29693961143494,157636
71.30079078674316,157636
71.30455303192139,157636
71.30836367607117,157636
71.31221580505371,157636
71.3160126209259,157636
71.31981301307678,157636
71.32365250587463,157636
71.32749819755554,157636
71.33132195472717,157636
71.33517336845398,157636
71.33897733688354,157636
71.34276342391968,157636
71.34657144546509,157636
71.35039234161377,157636
71.35422658920288,157636
71.35805416107178,157636
71.36188173294067,157636
71.36569142341614,157636
71.36951327323914,157636
71.37331461906433,157636
71.37712979316711,157636
71.38095903396606,157636
71.38480734825134,157636
71.38862657546997,157636
71.3924560546875,157636
71.3962881565094,157636
71.40012717247009,157636
71.40392637252808,157636
71.40774989128113,157636
71.41158604621887,157636
71.41540336608887,157636
71.4192283153534,157636
71.42306017875671,157636
71.42687797546387,157636
71.4306709766388,157636
71.43448996543884,157636
71.43832349777222,157636
71.4421317577362,157636
71.44594359397888,157636
71.44978213310242,157636
71.45360445976257,157636
71.45740818977356,157636
71.46127367019653,157636
71.46508431434631,157636
71.46889328956604,157636
71.4727246761322,157636
71.47660660743713,157636
71.48043394088745,157636
71.48428106307983,157636
71.48809790611267,157636
71.49194312095642,157636
71.49573421478271,157636
71.49959063529968,157636
71.50339674949646,157636
71.50722217559814,157636
71.51101756095886,157636
71.5148515701294,157636
71.51869177818298,157636
71.52253484725952,157636
71.52633762359619,157636
71.53013229370117,157636
71.53393793106079,157636
71.53779673576355,157636
71.54162240028381,157636
71.5454638004303,157636
71.54928088188171,157636
71.55310893058777,157636
71.55693793296814,157636
71.5607852935791,157636
71.56456780433655,157636
71.56836175918579,157636
71.57215881347656,157636
71.57595825195312,157636
71.57979249954224,157636
71.58364057540894,157636
71.58747172355652,157636
71.59125542640686,157636
71.59505701065063,157636
71.59891033172607,157636
71.6027410030365,157636
71.60660171508789,157636
71.61043572425842,157636
71.61427640914917,157636
71.61808562278748,157636
71.62194466590881,157636
71.62575244903564,157636
71.62955832481384,157636
71.63340592384338,157636
71.63721370697021,157636
71.64104986190796,157636
71.64485478401184,157636
71.64863705635071,157636
71.6524305343628,157636
71.6562557220459,157636
71.66009426116943,157636
71.66387844085693,157636
71.66769576072693,157636
71.67150735855103,157636
71.67529892921448,157636
71.67910885810852,157636
71.68288612365723,157636
71.68672728538513,157636
71.69051790237427,157636
71.69433641433716,157636
71.69814777374268,157636
71.7019693851471,157636
71.70580577850342,157636
71.70961952209473,157636
71.71346616744995,157636
71.7172703742981,157636
71.72109413146973,157636
71.72490620613098,157636
71.72871470451355,157636
71.73252844810486,157636
71.73633980751038,157636
71.74013900756836,157636
71.74398851394653,157636
71.74783420562744,157636
71.75161409378052,157636
71.7554383277893,157636
71.75925159454346,157636
71.763103723526,157636
71.76687574386597,157636
71.77066349983215,157636
71.7745349407196,157636
71.7783374786377,157636
71.78216671943665,157636
71.78594660758972,157636
71.78975915908813,157636
71.79355812072754,157636
71.79739809036255,157636
71.80123233795166,157636
71.8050651550293,157636
71.80891156196594,157636
71.81274843215942,157636
71.81655240058899,157636
71.82037448883057,157636
71.8241593837738,157636
71.82795977592468,157636
71.8317551612854,157636
71.8355929851532,157636
71.83937907218933,157636
71.84316110610962,157636
71.84695434570312,157636
71.85076236724854,157636
71.85455822944641,157636
71.85840439796448,157636
71.86221647262573,157636
71.86603498458862,157636
71.86988234519958,157636
71.87372326850891,157636
71.87757349014282,157636
71.88137674331665,157636
71.88519835472107,157636
71.8890483379364,157636
71.89285326004028,157636
71.89665842056274,157636
71.9004967212677,157636
71.9043197631836,157636
71.90815305709839,157636
71.91198658943176,157636
71.91585755348206,157636
71.91967463493347,157636
71.92350554466248,157636
71.92732405662537,157636
71.93115854263306,157636
71.93493890762329,157636
71.9387743473053,157636
71.94258499145508,157636
71.94642281532288,157636
71.95024752616882,157636
71.95411086082458,157636
71.95792722702026,157636
71.96170949935913,157636
71.96552753448486,157636
71.96930837631226,157636
71.97314476966858,157636
71.9769639968872,157636
71.98081254959106,157636
71.9846043586731,157636
71.98841977119446,157636
71.99221920967102,157636
71.99598908424377,157636
71.99978876113892,157636
72.0035936832428,157636
72.00739169120789,157636
72.01117324829102,157636
72.01494145393372,157636
72.01877069473267,157636
72.02258944511414,157636
72.02639746665955,157636
72.030202627182,157636
72.03407406806946,157636
72.03784918785095,157636
72.04169082641602,157636
72.0455071926117,157636
72.04935884475708,157636
72.05317664146423,157636
72.05696988105774,157636
72.06075763702393,157636
72.06457543373108,157636
72.06839394569397,157636
72.07226228713989,157636
72.07607626914978,157636
72.07991123199463,157636
72.08369493484497,157636
72.08752012252808,157636
72.09134078025818,157636
72.09512901306152,157636
72.098956823349,157636
72.10277438163757,157636
72.10658168792725,157636
72.11044764518738,157636
72.11428332328796,157636
72.11810898780823,157636
72.12192702293396,157636
72.12573266029358,157636
72.12955069541931,157636
72.1333122253418,157636
72.13715648651123,157636
72.14098572731018,157636
72.14484286308289,157636
72.14868521690369,157636
72.152498960495,157636
72.15633821487427,157636
72.16014170646667,157636
72.16398000717163,157636
72.16780662536621,157636
72.17164158821106,157636
72.17546391487122,157636
72.17929673194885,157636
72.18310809135437,157636
72.18691992759705,157636
72.19075345993042,157636
72.19458651542664,157636
72.19839835166931,157636
72.20222783088684,157636
72.20604610443115,157636
72.20985746383667,157636
72.21366858482361,157636
72.21751093864441,157636
72.22134923934937,157636
72.22512745857239,157636
72.2289252281189,157636
72.23275375366211,157636
72.2365951538086,157636
72.2404158115387,157636
72.24418759346008,157636
72.2480309009552,157636
72.25186443328857,157636
72.25566124916077,157636
72.25947618484497,157636
72.26327848434448,157636
72.2670955657959,157636
72.27092838287354,157636
72.27472066879272,157636
72.27856206893921,157636
72.28233051300049,157636
72.28617644309998,157636
72.29004502296448,157636
72.29388093948364,157636
72.29769706726074,157636
72.30153965950012,157636
72.30532503128052,157636
72.3091812133789,157636
72.31298685073853,157636
72.31681799888611,157636
72.32060813903809,157636
72.3244469165802,157636
72.32823514938354,157636
72.33204627037048,157636
72.33585548400879,157636
72.33968329429626,157636
72.34350156784058,157636
72.34730935096741,157636
72.35111808776855,157636
72.35494303703308,157636
72.35877656936646,157636
72.36260962486267,157636
72.36641311645508,157636
72.37021899223328,157636
72.37401700019836,157636
72.37782859802246,157636
72.38164401054382,157636
72.38547682762146,157636
72.38930463790894,157636
72.39308285713196,157636
72.39694881439209,157636
72.40076518058777,157636
72.40453720092773,157636
72.40837407112122,157636
72.41217064857483,157636
72.41600966453552,157636
72.41987657546997,157636
72.42371582984924,157636
72.42756533622742,157636
72.43138980865479,157636
72.4351966381073,157636
72.4389922618866,157636
72.44279599189758,157636
72.44664406776428,157636
72.45046949386597,157636
72.4542543888092,157636
72.45808243751526,157636
72.46190595626831,157636
72.46572232246399,157636
72.46958065032959,157636
72.47344064712524,157636
72.47730088233948,157636
72.48111772537231,157636
72.48492574691772,157636
72.48875737190247,157636
72.49255585670471,157636
72.49637937545776,157636
72.50011730194092,157636
72.50393986701965,157636
72.50772500038147,157636
72.5115122795105,157636
72.51532411575317,157636
72.51917099952698,157636
72.52300834655762,157636
72.5268166065216,157636
72.53067064285278,157636
72.53448295593262,157636
72.53824639320374,157636
72.54207348823547,157636
72.54589676856995,157636
72.54974913597107,157636
72.55351948738098,157636
72.5573194026947,157636
72.56113457679749,157636
72.56490397453308,157636
72.56874322891235,157636
72.57256603240967,157636
72.57634615898132,157636
72.58019304275513,157636
72.58396482467651,157636
72.58781313896179,157636
72.59163093566895,157636
72.59543585777283,157636
72.59928488731384,157636
72.6030764579773,157636
72.60692834854126,157636
72.61073207855225,157636
72.61455988883972,157636
72.61836457252502,157636
72.62216854095459,157636
72.62600612640381,157636
72.62979292869568,157636
72.63362264633179,157636
72.63745379447937,157636
72.64128828048706,157636
72.64510917663574,157636
72.64891386032104,157636
72.65267634391785,157636
72.6564769744873,157636
72.66032719612122,157636
72.66412878036499,157636
72.66795420646667,157636
72.67176270484924,157636
72.67557787895203,157636
72.67944741249084,157636
72.68324160575867,157636
72.68705725669861,157636
72.69084167480469,157636
72.69465351104736,157636
72.69849610328674,157636
72.70229816436768,157636
72.7061460018158,157636
72.71003341674805,157636
72.71386218070984,157636
72.71769762039185,157636
72.72152066230774,157636
72.72533130645752,157636
72.72913098335266,157636
72.73294448852539,157636
72.73672199249268,157636
72.74059915542603,157636
72.74443554878235,157636
72.74825739860535,157636
72.75207901000977,157636
72.7558844089508,157636
72.75970363616943,157636
72.76352262496948,157636
72.76733589172363,157636
72.7711718082428,157636
72.77499961853027,157636
72.7788417339325,157636
72.78267574310303,157636
72.78649926185608,157636
72.790354013443,157636
72.79416632652283,157636
72.79798150062561,157636
72.80183482170105,157636
72.80561351776123,157636
72.80942273139954,157636
72.81322622299194,157636
72.81705021858215,157636
72.82090020179749,157636
72.8246910572052,157636
72.82849478721619,157636
72.83232116699219,157636
72.83611226081848,157636
72.83995342254639,157636
72.84371519088745,157636
72.84759044647217,157636
72.85141372680664,157636
72.85523986816406,157636
72.85908031463623,157636
72.86286926269531,157636
72.86670279502869,157636
72.87052869796753,157636
72.87434816360474,157636
72.87816143035889,157636
72.8819420337677,157636
72.8857581615448,157636
72.88957524299622,157636
72.89332866668701,157636
72.89717435836792,157636
72.90099787712097,157636
72.90484237670898,157636
72.90867733955383,157636
72.91247153282166,157636
72.91631031036377,157636
72.92015194892883,157636
72.92399001121521,157636
72.92784857749939,157636
72.93165254592896,157636
72.93547892570496,157636
72.9393208026886,157636
72.94314575195312,157636
72.94696378707886,157636
72.95079588890076,157636
72.95465564727783,157636
72.9584891796112,157636
72.96229267120361,157636
72.96609210968018,157636
72.96991610527039,157636
72.97375273704529,157636
72.97757697105408,157636
72.98140478134155,157636
72.98526859283447,157636
72.98909378051758,157636
72.99292659759521,157636
72.9967360496521,157636
73.00058245658875,157636
73.0044333934784,157636
73.00825428962708,157636
73.01209545135498,157636
73.01591801643372,157636
73.01975655555725,157636
73.02357459068298,157636
73.02739596366882,157636
73.0312168598175,157636
73.03501272201538,157636
73.03882575035095,157636
73.04270267486572,157636
73.04652833938599,157636
73.05036401748657,157636
73.05417490005493,157636
73.05802822113037,157636
73.06183099746704,157636
73.0655996799469,157636
73.0694088935852,157636
73.07324862480164,157636
73.07704830169678,157636
73.08088994026184,157636
73.0846779346466,157636
73.08856153488159,157636
73.0923764705658,157636
73.09619164466858,157636
73.10001277923584,157636
73.10380339622498,157636
73.10757899284363,157636
73.11145210266113,157636
73.1153016090393,157636
73.11919212341309,157636
73.12298583984375,157636
73.12681913375854,157636
73.13066935539246,157636
73.13448596000671,157636
73.13829755783081,157636
73.14212393760681,157636
73.1459379196167,157636
73.14977073669434,157636
73.15359330177307,157636
73.15738368034363,157636
73.16117668151855,157636
73.16498613357544,157636
73.16880679130554,157636
73.17263317108154,157636
73.176522731781,157636
73.18036413192749,157636
73.18417024612427,157636
73.18795776367188,157636
73.19180226325989,157636
73.1956262588501,157636
73.1995038986206,157636
73.20333528518677,157636
73.20718264579773,157636
73.21098494529724,157636
73.21479558944702,157636
73.21865558624268,157636
73.222482919693,157636
73.22632431983948,157636
73.23016428947449,157636
73.23397612571716,157636
73.23782563209534,157636
73.24160718917847,157636
73.24540519714355,157636
73.24925518035889,157636
73.2530586719513,157636
73.2568793296814,157636
73.26066851615906,157636
73.26449179649353,157636
73.26831316947937,157636
73.27215361595154,157636
73.27595710754395,157636
73.27977657318115,157636
73.28364443778992,157636
73.28749012947083,157636
73.29130625724792,157636
73.29516553878784,157636
73.29898381233215,157636
73.30281257629395,157636
73.30662059783936,157636
73.3104202747345,157636
73.314204454422,157636
73.31805515289307,157636
73.321941614151,157636
73.32577919960022,157636
73.32959771156311,157636
73.33339548110962,157636
73.33725595474243,157636
73.3410964012146,157636
73.344895362854,157636
73.34876370429993,157636
73.35256934165955,157636
73.35639190673828,157636
73.36022758483887,157636
73.36405754089355,157636
73.367915391922,157636
73.3717565536499,157636
73.37559700012207,157636
73.37941980361938,157636
73.38322687149048,157636
73.38704752922058,157636
73.39088129997253,157636
73.39471483230591,157636
73.39853525161743,157636
73.40232062339783,157636
73.40613126754761,157636
73.40998816490173,157636
73.41381788253784,157636
73.41768074035645,157636
73.42145490646362,157636
73.42526531219482,157636
73.42907571792603,157636
73.43290734291077,157636
73.43673539161682,157636
73.4405689239502,157636
73.44438862800598,157636
73.44823098182678,157636
73.45205211639404,157636
73.45588231086731,157636
73.45969772338867,157636
73.46349096298218,157636
73.4673068523407,157636
73.47113633155823,157636
73.47498655319214,157636
73.4788019657135,157636
73.48262190818787,157636
73.48644757270813,157636
73.49027061462402,157636
73.49409413337708,157636
73.49792432785034,157636
73.50172090530396,157636
73.50554537773132,157636
73.50930333137512,157636
73.51309728622437,157636
73.51694178581238,157636
73.52073502540588,157636
73.52452969551086,157636
73.5283625125885,157636
73.53215909004211,157636
73.53594303131104,157636
73.53975343704224,157636
73.54358887672424,157636
73.54742455482483,157636
73.55122017860413,157636
73.55504536628723,157636
73.55889964103699,157636
73.56270051002502,157636
73.5665168762207,157636
73.57036113739014,157636
73.5741798877716,157636
73.57801246643066,157636
73.58182716369629,157636
73.58564114570618,157636
73.5894832611084,157636
73.59331059455872,157636
73.59943342208862,157636
73.60627365112305,157636
73.61310482025146,157636
73.61997842788696,157636
73.62677907943726,157636
73.63362503051758,157636
73.6404869556427,157636
73.64733862876892,157636
73.65419626235962,157636
73.66109132766724,157636
73.66798615455627,157636
73.67484784126282,157636
73.68175649642944,157636
73.68864369392395,157636
73.69547581672668,157636
73.70232629776001,157636
73.70913982391357,157636
73.7160234451294,157636
73.72288131713867,157636
73.72974109649658,157636
73.73659777641296,157636
73.74344038963318,157636
73.75031805038452,157636
73.75715255737305,157636
73.7639856338501,157636
73.77081799507141,157636
73.77768778800964,157636
73.78452515602112,157636
73.79135227203369,157636
73.79820442199707,157636
73.80503153800964,157636
73.8118691444397,157636
73.81873416900635,157636
73.82555365562439,157636
73.83237218856812,157636
73.83921313285828,157636
73.84605979919434,157636
73.8529121875763,157636
73.8597800731659,157636
73.866628408432,157636
73.87345337867737,157636
73.88030123710632,157636
73.88712096214294,157636
73.89395451545715,157636
73.90079998970032,157636
73.90764164924622,157636
73.91445350646973,157636
73.92127323150635,157636
73.92814755439758,157636
73.93496918678284,157636
73.94182848930359,157636
73.94873762130737,157636
73.95557045936584,157636
73.96240830421448,157636
73.96925640106201,157636
73.97606945037842,157636
73.98289036750793,157636
73.98975968360901,157636
73.99664831161499,157636
74.00347685813904,157636
74.01029109954834,157636
74.01712417602539,157636
74.02394819259644,157636
74.03078484535217,157636
74.03759741783142,157636
74.04443860054016,157636
74.05128812789917,157636
74.05816316604614,157636
74.0650064945221,157636
74.07186508178711,157636
74.07874798774719,157636
74.0855450630188,157636
74.09238600730896,157636
74.09921026229858,157636
74.1060197353363,157636
74.1128044128418,157636
74.1196219921112,157636
74.1264214515686,157636
74.13321805000305,157636
74.14000988006592,157636
74.14683985710144,157636
74.15364122390747,157636
74.16045665740967,157636
74.16727066040039,157636
74.17408895492554,157636
74.18090629577637,157636
74.18769669532776,157636
74.19449639320374,157636
74.20133399963379,157636
74.20813870429993,157636
74.21495652198792,157636
74.22177052497864,157636
74.22859406471252,157636
74.2354028224945,157636
74.2422103881836,157636
74.24899315834045,157636
74.25584077835083,157636
74.26271557807922,157636
74.26958107948303,157636
74.27641534805298,157636
74.2832624912262,157636
74.29009103775024,157636
74.29693102836609,157636
74.30378007888794,157636
74.31061148643494,157636
74.31739664077759,157636
74.32419991493225,157636
74.33101272583008,157636
74.33787298202515,157636
74.34475326538086,157636
74.35156345367432,157636
74.35841608047485,157636
74.36527061462402,157636
74.37208390235901,157636
74.3789324760437,157636
74.38576674461365,157636
74.39262223243713,157636
74.39948749542236,157636
74.40630960464478,157636
74.41316485404968,157636
74.42002272605896,157636
74.42689752578735,157636
74.43373847007751,157636
74.44057512283325,157636
74.4473934173584,157636
74.45421624183655,157636
74.46104836463928,157636
74.4678966999054,157636
74.47475075721741,157636
74.4815456867218,157636
74.4884262084961,157636
74.49526786804199,157636
74.50213694572449,157636
74.50897264480591,157636
74.51582264900208,157636
74.52263307571411,157636
74.52947926521301,157636
74.53628158569336,157636
74.54315948486328,157636
74.55005812644958,157636
74.55693101882935,157636
74.5638279914856,157636
74.57066798210144,157636
74.5775830745697,157636
74.58447003364563,157636
74.59128880500793,157636
74.59809923171997,157636
74.60494947433472,157636
74.6117594242096,157636
74.61860203742981,157636
74.62546133995056,157636
74.63227915763855,157636
74.6391544342041,157636
74.64600801467896,157636
74.65285134315491,157636
74.6596782207489,157636
74.6665370464325,157636
74.67335176467896,157636
74.68026375770569,157636
74.68710803985596,157636
74.69399285316467,157636
74.70083093643188,157636
74.70769667625427,157636
74.71450543403625,157636
74.72137022018433,157636
74.72821569442749,157636
74.73506212234497,157636
74.74190831184387,157636
74.74876379966736,157636
74.75565719604492,157636
74.76248478889465,157636
74.76932668685913,157636
74.77616500854492,157636
74.78299856185913,157636
74.78983283042908,157636
74.7966935634613,157636
74.80351877212524,157636
74.81036353111267,157636
74.81721210479736,157636
74.82405138015747,157636
74.83087420463562,157636
74.83771514892578,157636
74.84452962875366,157636
74.85135388374329,157636
74.85818886756897,157636
74.86503481864929,157636
74.87184286117554,157636
74.87866878509521,157636
74.88548398017883,157636
74.89234066009521,157636
74.89919257164001,157636
74.90604782104492,157636
74.9128782749176,157636
74.91972208023071,157636
74.92661261558533,157636
74.93341660499573,157636
74.9402506351471,157636
74.94711375236511,157636
74.9539442062378,157636
74.96079421043396,157636
74.96764540672302,157636
74.97447776794434,157636
74.98130393028259,157636
74.98808026313782,157636
74.9949414730072,157636
75.00179958343506,157636
75.00863742828369,157636
75.01545906066895,157636
75.02226710319519,157636
75.02906680107117,157636
75.0359137058258,157636
75.04272985458374,157636
75.04956579208374,157636
75.0563976764679,157636
75.06323552131653,157636
75.0700798034668,157636
75.07697701454163,157636
75.08377957344055,157636
75.09064960479736,157636
75.09751510620117,157636
75.10436201095581,157636
75.11123204231262,157636
75.11514210700989,157636
75.11894726753235,157636
75.1228187084198,157636
75.12661695480347,157636
75.13043332099915,157636
75.13424754142761,157636
75.13804912567139,157636
75.14185738563538,157636
75.14566349983215,157636
75.1494972705841,157636
75.15331792831421,157636
75.15712285041809,157636
75.1609559059143,157636
75.16474604606628,157636
75.16853165626526,157636
75.17234778404236,157636
75.17617917060852,157636
75.180002450943,157636
75.1838059425354,157636
75.18765473365784,157636
75.19148969650269,157636
75.19530940055847,157636
75.1991503238678,157636
75.2029538154602,157636
75.2067928314209,157636
75.21062159538269,157636
75.21445941925049,157636
75.21829104423523,157636
75.22208189964294,157636
75.22585201263428,157636
75.22965407371521,157636
75.23346996307373,157636
75.23728156089783,157636
75.24111580848694,157636
75.24493527412415,157636
75.24877166748047,157636
75.25260925292969,157636
75.2564446926117,157636
75.26026368141174,157636
75.26411414146423,157636
75.2679169178009,157636
75.27176833152771,157636
75.27556872367859,157636
75.27934885025024,157636
75.2831461429596,157636
75.2869668006897,157636
75.29080367088318,157636
75.29462766647339,157636
75.29842257499695,157636
75.3021891117096,157636
75.30600070953369,157636
75.30981040000916,157636
75.31362438201904,157636
75.31742644309998,157636
75.32123017311096,157636
75.32507157325745,157636
75.32889795303345,157636
75.33272528648376,157636
75.3365433216095,157636
75.34037017822266,157636
75.34417986869812,157636
75.34803366661072,157636
75.35185551643372,157636
75.35565686225891,157636
75.35945558547974,157636
75.36326503753662,157636
75.36706566810608,157636
75.3708815574646,157636
75.3746817111969,157636
75.3785252571106,157636
75.38234210014343,157636
75.38613605499268,157636
75.38995003700256,157636
75.39377045631409,157636
75.39760422706604,157636
75.40144777297974,157636
75.40526795387268,157636
75.40908002853394,157636
75.41286110877991,157636
75.41666841506958,157636
75.42049956321716,157636
75.4243733882904,157636
75.42817497253418,157636
75.43198347091675,157636
75.4358401298523,157636
75.43968892097473,157636
75.44354915618896,157636
75.4473705291748,157636
75.45118069648743,157636
75.45501518249512,157636
75.45883989334106,157636
75.46269464492798,157636
75.46650624275208,157636
75.47033715248108,157636
75.47416186332703,157636
75.47800064086914,157636
75.48179364204407,157636
75.48564004898071,157636
75.48951959609985,157636
75.49332642555237,157636
75.49716591835022,157636
75.50101661682129,157636
75.50487089157104,157636
75.50872778892517,157636
75.512531042099,157636
75.51633739471436,157636
75.52016043663025,157636
75.52395415306091,157636
75.52775025367737,157636
75.53155279159546,157636
75.53534936904907,157636
75.53917741775513,157636
75.54297518730164,157636
75.54676961898804,157636
75.55057287216187,157636
75.55436444282532,157636
75.55814552307129,157636
75.56200098991394,157636
75.56579256057739,157636
75.56961393356323,157636
75.57342290878296,157636
75.57726979255676,157636
75.58111333847046,157636
75.58492231369019,157636
75.58874416351318,157636
75.59259796142578,157636
75.59643864631653,157636
75.6002790927887,157636
75.60407066345215,157636
75.60793542861938,157636
75.61175155639648,157636
75.61559844017029,157636
75.6193962097168,157636
75.62320613861084,157636
75.62699294090271,157636
75.63080286979675,157636
75.63460612297058,157636
75.63844275474548,157636
75.6422758102417,157636
75.64608573913574,157636
75.64992165565491,157636
75.65376234054565,157636
75.6575882434845,157636
75.66141366958618,157636
75.66521859169006,157636
75.6690936088562,157636
75.67291975021362,157636
75.67678141593933,157636
75.68059945106506,157636
75.68439412117004,157636
75.68822312355042,157636
75.69204783439636,157636
75.69585871696472,157636
75.69968700408936,157636
75.703542470932,157636
75.7073826789856,157636
75.71120262145996,157636
75.71505689620972,157636
75.71887421607971,157636
75.7227213382721,157636
75.72652006149292,157636
75.73030805587769,157636
75.73411846160889,157636
75.73792815208435,157636
75.74171233177185,157636
75.74548530578613,157636
75.74930810928345,157636
75.75309205055237,157636
75.75692057609558,157636
75.76071906089783,157636
75.76454710960388,157636
75.76837491989136,157636
75.77216410636902,157636
75.77597665786743,157636
75.77976727485657,157636
75.78359842300415,157636
75.78743982315063,157636
75.79129195213318,157636
75.79513764381409,157636
75.79897999763489,157636
75.80280113220215,157636
75.80660486221313,157636
75.81042122840881,157636
75.8142819404602,157636
75.81810450553894,157636
75.82195687294006,157636
75.82578110694885,157636
75.8296377658844,157636
75.83347487449646,157636
75.83732843399048,157636
75.84117388725281,157636
75.84495949745178,157636
75.84877824783325,157636
75.85262036323547,157636
75.85642957687378,157636
75.86029958724976,157636
75.86408829689026,157636
75.86789965629578,157636
75.87167811393738,157636
75.87550759315491,157636
75.87932801246643,157636
75.88313913345337,157636
75.88689064979553,157636
75.89074301719666,157636
75.89457416534424,157636
75.89839553833008,157636
75.90220952033997,157636
75.90596771240234,157636
75.90980863571167,157636
75.91361784934998,157636
75.91742396354675,157636
75.92122530937195,157636
75.925044298172,157636
75.92886567115784,157636
75.93268966674805,157636
75.9364755153656,157636
75.94026684761047,157636
75.94403004646301,157636
75.94783020019531,157636
75.95164465904236,157636
75.95548367500305,157636
75.95929956436157,157636
75.96309065818787,157636
75.96692180633545,157636
75.97075963020325,157636
75.97454786300659,157636
75.9783387184143,157636
75.98213505744934,157636
75.98592925071716,157636
75.98976755142212,157636
75.99360394477844,157636
75.99740314483643,157636
76.00123620033264,157636
76.00508761405945,157636
76.00889158248901,157636
76.01268553733826,157636
76.01649737358093,157636
76.02029776573181,157636
76.02411985397339,157636
76.0279586315155,157636
76.03178286552429,157636
76.03564262390137,157636
76.03945875167847,157636
76.0432391166687,157636
76.04709696769714,157636
76.05094528198242,157636
76.0547821521759,157636
76.05863380432129,157636
76.06247687339783,157636
76.06627535820007,157636
76.07007312774658,157636
76.07389950752258,157636
76.07768654823303,157636
76.08142971992493,157636
76.08522391319275,157636
76.08905124664307,157636
76.0928361415863,157636
76.09664678573608,157636
76.10040307044983,157636
76.10423040390015,157636
76.10805082321167,157636
76.11188626289368,157636
76.11568307876587,157636
76.11947512626648,157636
76.1232841014862,157636
76.12712121009827,157636
76.13093066215515,157636
76.13475155830383,157636
76.13858366012573,157636
76.14239478111267,157636
76.14620041847229,157636
76.15006613731384,157636
76.15384221076965,157636
76.15771079063416,157636
76.16149950027466,157636
76.16528391838074,157636
76.16910767555237,157636
76.17294716835022,157636
76.17677164077759,157636
76.18057823181152,157636
76.18438935279846,157636
76.18818187713623,157636
76.19198822975159,157636
76.1957893371582,157636
76.19961500167847,157636
76.20338606834412,157636
76.20716333389282,157636
76.21097469329834,157636
76.21479988098145,157636
76.21862173080444,157636
76.22239327430725,157636
76.22619104385376,157636
76.2300193309784,157636
76.23383045196533,157636
76.23765683174133,157636
76.2414710521698,157636
76.24530553817749,157636
76.24910688400269,157636
76.25293469429016,157636
76.25677466392517,157636
76.26057362556458,157636
76.26437592506409,157636
76.26823687553406,157636
76.27200984954834,157636
76.27583575248718,157636
76.27968859672546,157636
76.2835021018982,157636
76.28732490539551,157636
76.29115009307861,157636
76.29498028755188,157636
76.29873657226562,157636
76.30258798599243,157636
76.30636215209961,157636
76.3101966381073,157636
76.31400871276855,157636
76.31783032417297,157636
76.32163500785828,157636
76.32543611526489,157636
76.32923007011414,157636
76.33304905891418,157636
76.33688402175903,157636
76.34072065353394,157636
76.34453248977661,157636
76.34832572937012,157636
76.35213780403137,157636
76.35593032836914,157636
76.35976576805115,157636
76.36358261108398,157636
76.36741709709167,157636
76.37125182151794,157636
76.37508058547974,157636
76.37890291213989,157636
76.38271164894104,157636
76.3865613937378,157636
76.39033532142639,157636
76.39411854743958,157636
76.39790368080139,157636
76.40168642997742,157636
76.40552520751953,157636
76.40930938720703,157636
76.41315650939941,157636
76.41692972183228,157636
76.42071485519409,157636
76.42452716827393,157636
76.42832899093628,157636
76.43216109275818,157636
76.43599510192871,157636
76.43978977203369,157636
76.4435830116272,157636
76.44746947288513,157636
76.4513144493103,157636
76.45512294769287,157636
76.45889163017273,157636
76.46270108222961,157636
76.46650958061218,157636
76.4703094959259,157636
76.47410249710083,157636
76.47792863845825,157636
76.48172998428345,157636
76.48551297187805,157636
76.48934626579285,157636
76.49319052696228,157636
76.4970338344574,157636
76.50083684921265,157636
76.50463032722473,157636
76.50844073295593,157636
76.51225972175598,157636
76.51605868339539,157636
76.51989698410034,157636
76.52375483512878,157636
76.5275628566742,157636
76.53138852119446,157636
76.53518295288086,157636
76.53899955749512,157636
76.54279780387878,157636
76.5465943813324,157636
76.55038928985596,157636
76.55416488647461,157636
76.5579628944397,157636
76.56174921989441,157636
76.56556916236877,157636
76.56938004493713,157636
76.57317757606506,157636
76.57699537277222,157636
76.58078408241272,157636
76.5846335887909,157636
76.5884575843811,157636
76.59229469299316,157636
76.59611988067627,157636
76.59993648529053,157636
76.60374307632446,157636
76.60756707191467,157636
76.61140966415405,157636
76.61519050598145,157636
76.6190299987793,157636
76.62284994125366,157636
76.62666368484497,157636
76.63047742843628,157636
76.63430142402649,157636
76.63810443878174,157636
76.64190769195557,157636
76.64575576782227,157636
76.64956545829773,157636
76.65334606170654,157636
76.65718102455139,157636
76.66100883483887,157636
76.66482496261597,157636
76.66863012313843,157636
76.67245936393738,157636
76.67626857757568,157636
76.68008995056152,157636
76.68389654159546,157636
76.68772053718567,157636
76.69155836105347,157636
76.69536399841309,157636
76.69916701316833,157636
76.70298719406128,157636
76.7068088054657,157636
76.71062970161438,157636
76.7144627571106,157636
76.71826910972595,157636
76.7221462726593,157636
76.72592258453369,157636
76.72974991798401,157636
76.73358130455017,157636
76.73739886283875,157636
76.74126601219177,157636
76.74503231048584,157636
76.74889492988586,157636
76.75269937515259,157636
76.75650215148926,157636
76.76031422615051,157636
76.76409935951233,157636
76.7679443359375,157636
76.77174305915833,157636
76.77555131912231,157636
76.77940964698792,157636
76.78326725959778,157636
76.7870602607727,157636
76.79084038734436,157636
76.79462242126465,157636
76.798508644104,157636
76.8023054599762,157636
76.80614614486694,157636
76.80995678901672,157636
76.81376624107361,157636
76.81762623786926,157636
76.82144904136658,157636
76.82525157928467,157636
76.8290913105011,157636
76.832852602005,157636
76.83661127090454,157636
76.84043002128601,157636
76.84428453445435,157636
76.84809255599976,157636
76.85191321372986,157636
76.85573196411133,157636
76.85955238342285,157636
76.86335802078247,157636
76.8671727180481,157636
76.87097311019897,157636
76.87478470802307,157636
76.87862205505371,157636
76.88244009017944,157636
76.88620066642761,157636
76.89001226425171,157636
76.89384269714355,157636
76.89768195152283,157636
76.90153956413269,157636
76.90532875061035,157636
76.90916895866394,157636
76.91295170783997,157636
76.91675233840942,157636
76.9205412864685,157636
76.9243311882019,157636
76.92816233634949,157636
76.93195533752441,157636
76.93575191497803,157636
76.93960213661194,157636
76.94338703155518,157636
76.94715642929077,157636
76.95097732543945,157636
76.95478343963623,157636
76.95861482620239,157636
76.96240854263306,157636
76.96625232696533,157636
76.97006416320801,157636
76.97390580177307,157636
76.97773838043213,157636
76.98152351379395,157636
76.98533201217651,157636
76.98917984962463,157636
76.99300193786621,157636
76.99681568145752,157636
77.0006594657898,157636
77.00447034835815,157636
77.00828123092651,157636
77.01211786270142,157636
77.01591992378235,157636
77.0197012424469,157636
77.02351093292236,157636
77.02732157707214,157636
77.03115677833557,157636
77.03492879867554,157636
77.03876399993896,157636
77.04255723953247,157636
77.04632329940796,157636
77.050128698349,157636
77.05394673347473,157636
77.0577940940857,157636
77.06163930892944,157636
77.06549620628357,157636
77.06929183006287,157636
77.07307744026184,157636
77.07689046859741,157636
77.08071208000183,157636
77.08452582359314,157636
77.08834958076477,157636
77.09214210510254,157636
77.09597516059875,157636
77.09978699684143,157636
77.10359764099121,157636
77.10745549201965,157636
77.11126112937927,157636
77.11512207984924,157636
77.11895227432251,157636
77.12279677391052,157636
77.12662267684937,157636
77.13048529624939,157636
77.13430047035217,157636
77.13811373710632,157636
77.14191579818726,157636
77.14570760726929,157636
77.1495623588562,157636
77.15336060523987,157636
77.15717005729675,157636
77.16097974777222,157636
77.16480565071106,157636
77.16864943504333,157636
77.17248797416687,157636
77.17630958557129,157636
77.1801233291626,157636
77.18394470214844,157636
77.18776249885559,157636
77.19158816337585,157636
77.19543027877808,157636
77.19929623603821,157636
77.20315289497375,157636
77.2069993019104,157636
77.21082639694214,157636
77.21465110778809,157636
77.21847915649414,157636
77.22232699394226,157636
77.22612571716309,157636
77.22994804382324,157636
77.2337486743927,157636
77.23756623268127,157636
77.2413821220398,157636
77.24517297744751,157636
77.2490086555481,157636
77.25282549858093,157636
77.25663328170776,157636
77.26046562194824,157636
77.2642548084259,157636
77.26811170578003,157636
77.271892786026,157636
77.27567410469055,157636
77.27952098846436,157636
77.28334164619446,157636
77.28715705871582,157636
77.29097986221313,157636
77.29480195045471,157636
77.29861426353455,157636
77.30241012573242,157636
77.30620336532593,157636
77.30997562408447,157636
77.31382369995117,157636
77.31767320632935,157636
77.32151293754578,157636
77.32531118392944,157636
77.32911944389343,157636
77.3329541683197,157636
77.33676314353943,157636
77.34055638313293,157636
77.34440064430237,157636
77.3482038974762,157636
77.35200357437134,157636
77.35583639144897,157636
77.359694480896,157636
77.36350512504578,157636
77.36729717254639,157636
77.37114214897156,157636
77.37499618530273,157636
77.37879657745361,157636
77.38254952430725,157636
77.38630175590515,157636
77.39009618759155,157636
77.39387536048889,157636
77.39770555496216,157636
77.40153336524963,157636
77.40535402297974,157636
77.40918326377869,157636
77.41298007965088,157636
77.41681504249573,157636
77.42063665390015,157636
77.4244601726532,157636
77.42825484275818,157636
77.43208026885986,157636
77.43590116500854,157636
77.439697265625,157636
77.44351124763489,157636
77.44730639457703,157636
77.4511411190033,157636
77.4549708366394,157636
77.45880651473999,157636
77.46262645721436,157636
77.46644163131714,157636
77.47026658058167,157636
77.47406697273254,157636
77.47787046432495,157636
77.48173832893372,157636
77.48554611206055,157636
77.48937559127808,157636
77.49318504333496,157636
77.49703240394592,157636
77.50087928771973,157636
77.5046854019165,157636
77.50850129127502,157636
77.51228070259094,157636
77.51610660552979,157636
77.51991701126099,157636
77.52375531196594,157636
77.52755999565125,157636
77.5313549041748,157636
77.5351836681366,157636
77.53897356987,157636
77.54279041290283,157636
77.54660558700562,157636
77.55043601989746,157636
77.5542094707489,157636
77.55802369117737,157636
77.56185531616211,157636
77.56567478179932,157636
77.56947994232178,157636
77.57328653335571,157636
77.57711553573608,157636
77.58095264434814,157636
77.58474636077881,157636
77.58854794502258,157636
77.59232902526855,157636
77.5961422920227,157636
77.59992361068726,157636
77.60372853279114,157636
77.60755825042725,157636
77.61138701438904,157636
77.61523222923279,157636
77.61964702606201,157636
77.62645721435547,157636
77.63331818580627,157636
77.64014410972595,157636
77.64703440666199,157636
77.65393877029419,157636
77.66086196899414,157636
77.66775727272034,157636
77.67469000816345,157636
77.68165373802185,157636
77.68857192993164,157636
77.69550132751465,157636
77.70252132415771,157636
77.7095365524292,157636
77.7166097164154,157636
77.72369003295898,157636
77.73078536987305,157636
77.7378990650177,157636
77.74501442909241,157636
77.75214576721191,157636
77.75933527946472,157636
77.76654887199402,157636
77.77373504638672,157636
77.78092527389526,157636
77.78812050819397,157636
77.7953188419342,157636
77.80252575874329,157636
77.809730052948,157636
77.81694269180298,157636
77.82411813735962,157636
77.83133029937744,157636
77.83851861953735,157636
77.845698595047,157636
77.85289168357849,157636
77.86008739471436,157636
77.86729192733765,157636
77.87448930740356,157636
77.88168835639954,157636
77.8888852596283,157636
77.89607191085815,157636
77.90327548980713,157636
77.91047143936157,157636
77.91767597198486,157636
77.9248514175415,157636
77.93204236030579,157636
77.93924450874329,157636
77.946457862854,157636
77.9536406993866,157636
77.96084499359131,157636
77.96803951263428,157636
77.97521448135376,157636
77.98241925239563,157636
77.9896149635315,157636
77.99680638313293,157636
78.00398635864258,157636
78.01119756698608,157636
78.01836442947388,157636
78.0255401134491,157636
78.03272891044617,157636
78.03990626335144,157636
78.0470962524414,157636
78.05427169799805,157636
78.06147408485413,157636
78.06866645812988,157636
78.07586336135864,157636
78.08304286003113,157636
78.09024596214294,157636
78.09746956825256,157636
78.10466074943542,157636
78.11185956001282,157636
78.11908149719238,157636
78.12626123428345,157636
78.13346409797668,157636
78.14064884185791,157636
78.14784169197083,157636
78.15502691268921,157636
78.16222167015076,157636
78.1694324016571,157636
78.1766448020935,157636
78.18383383750916,157636
78.19105672836304,157636
78.19824957847595,157636
78.2054283618927,157636
78.21263551712036,157636
78.21982884407043,157636
78.22702145576477,157636
78.23422145843506,157636
78.24141526222229,157636
78.24860978126526,157636
78.25579071044922,157636
78.26298117637634,157636
78.27017664909363,157636
78.2773904800415,157636
78.28456163406372,157636
78.29175186157227,157636
78.29895377159119,157636
78.30612874031067,157636
78.31331968307495,157636
78.32051372528076,157636
78.32769298553467,157636
78.33485722541809,157636
78.34203720092773,157636
78.34921073913574,157636
78.35638523101807,157636
78.36358594894409,157636
78.37078499794006,157636
78.37798261642456,157636
78.38516402244568,157636
78.39235401153564,157636
78.39956140518188,157636
78.40674948692322,157636
78.41393494606018,157636
78.42111706733704,157636
78.42831873893738,157636
78.43550157546997,157636
78.4426920413971,157636
78.44989705085754,157636
78.45710325241089,157636
78.46428418159485,157636
78.47149109840393,157636
78.47869443893433,157636
78.48588418960571,157636
78.49309253692627,157636
78.50028038024902,157636
78.50747084617615,157636
78.51465582847595,157636
78.52185916900635,157636
78.52905225753784,157636
78.53624749183655,157636
78.54343962669373,157636
78.55064725875854,157636
78.55785083770752,157636
78.56503677368164,157636
78.5722279548645,157636
78.57944130897522,157636
78.5866322517395,157636
78.59382009506226,157636
78.60101222991943,157636
78.60820603370667,157636
78.61540007591248,157636
78.6225814819336,157636
78.62977504730225,157636
78.63695788383484,157636
78.64411497116089,157636
78.65131282806396,157636
78.65849709510803,157636
78.66568756103516,157636
78.67288374900818,157636
78.68007826805115,157636
78.6872730255127,157636
78.69447112083435,157636
78.70166277885437,157636
78.70886182785034,157636
78.71603727340698,157636
78.72324419021606,157636
78.73043966293335,157636
78.73763394355774,157636
78.74481534957886,157636
78.75201892852783,157636
78.7592236995697,157636
78.76643013954163,157636
78.77361536026001,157636
78.78081035614014,157636
78.78800344467163,157636
78.79521155357361,157636
78.80241370201111,157636
78.80962562561035,157636
78.81682395935059,157636
78.82402181625366,157636
78.83121943473816,157636
78.8384108543396,157636
78.84560060501099,157636
78.85281872749329,157636
78.86000847816467,157636
78.86721205711365,157636
78.87439370155334,157636
78.88158988952637,157636
78.8887848854065,157636
78.89598298072815,157636
78.90316581726074,157636
78.91035747528076,157636
78.91755414009094,157636
78.92472529411316,157636
78.93190145492554,157636
78.93909740447998,157636
78.94626259803772,157636
78.95343780517578,157636
78.96062064170837,157636
78.96783065795898,157636
78.97502565383911,157636
78.98222208023071,157636
78.98942613601685,157636
78.99663472175598,157636
79.00382661819458,157636
79.01103401184082,157636
79.0182192325592,157636
79.02539396286011,157636
79.0325882434845,157636
79.03978824615479,157636
79.04699397087097,157636
79.05418729782104,157636
79.06139183044434,157636
79.06858015060425,157636
79.07577657699585,157636
79.08297491073608,157636
79.09017205238342,157636
79.09738254547119,157636
79.10455918312073,157636
79.1117594242096,157636
79.11894369125366,157636
79.12613344192505,157636
79.13331007957458,157636
79.14051413536072,157636
79.14771628379822,157636
79.15489935874939,157636
79.16208624839783,157636
79.16928100585938,157636
79.17647457122803,157636
79.18367576599121,157636
79.19089818000793,157636
79.19809889793396,157636
79.20527625083923,157636
79.21248960494995,157636
79.2196958065033,157636
79.2268693447113,157636
79.23404335975647,157636
79.24121570587158,157636
79.24839496612549,157636
79.2555673122406,157636
79.26273369789124,157636
79.26992535591125,157636
79.27712202072144,157636
79.28430271148682,157636
79.29149556159973,157636
79.29869723320007,157636
79.30588436126709,157636
79.31308841705322,157636
79.32027626037598,157636
79.32748126983643,157636
79.33466649055481,157636
79.34186744689941,157636
79.34906959533691,157636
79.35625410079956,157636
79.3634352684021,157636
79.37064456939697,157636
79.3778305053711,157636
79.38502359390259,157636
79.39223217964172,157636
79.39943289756775,157636
79.40662908554077,157636
79.41383385658264,157636
79.42102885246277,157636
79.42820882797241,157636
79.43539047241211,157636
79.44258713722229,157636
79.44979238510132,157636
79.45701026916504,157636
79.46419548988342,157636
79.4713990688324,157636
79.47859215736389,157636
79.48577427864075,157636
79.49296236038208,157636
79.50014448165894,157636
79.50734949111938,157636
79.51453423500061,157636
79.52172827720642,157636
79.52892994880676,157636
79.5360939502716,157636
79.54326009750366,157636
79.5504367351532,157636
79.55761456489563,157636
79.56478309631348,157636
79.57197904586792,157636
79.57918620109558,157636
79.58636450767517,157636
79.59356808662415,157636
79.60077905654907,157636
79.60797023773193,157636
79.61515784263611,157636
79.62236094474792,157636
79.62956476211548,157636
79.63675308227539,157636
79.64396166801453,157636
79.65114665031433,157636
79.65833568572998,157636
79.66552710533142,157636
79.67272853851318,157636
79.67991805076599,157636
79.68713116645813,157636
79.69430899620056,157636
79.70150542259216,157636
79.70872068405151,157636
79.71591377258301,157636
79.72309565544128,157636
79.73030114173889,157636
79.73748683929443,157636
79.74466300010681,157636
79.75186157226562,157636
79.75905966758728,157636
79.76622295379639,157636
79.7734169960022,157636
79.78061366081238,157636
79.78780770301819,157636
79.79498529434204,157636
79.80218482017517,157636
79.80937695503235,157636
79.81657838821411,157636
79.82375741004944,157636
79.83093404769897,157636
79.8381073474884,157636
79.84528732299805,157636
79.85247802734375,157636
79.85965323448181,157636
79.86683797836304,157636
79.87403059005737,157636
79.88122034072876,157636
79.88842558860779,157636
79.8956127166748,157636
79.90281248092651,157636
79.91001319885254,157636
79.91722083091736,157636
79.92440056800842,157636
79.93160223960876,157636
79.93878245353699,157636
79.94596982002258,157636
79.95314073562622,157636
79.96033573150635,157636
79.96754384040833,157636
79.97473478317261,157636
79.98192596435547,157636
79.98913431167603,157636
79.99630784988403,157636
80.00348711013794,157636
80.01068806648254,157636
80.01787567138672,157636
80.02505779266357,157636
80.0322642326355,157636
80.03945088386536,157636
80.04664301872253,157636
80.05384111404419,157636
80.06103348731995,157636
80.0682201385498,157636
80.07543230056763,157636
80.0826256275177,157636
80.08982992172241,157636
80.09704685211182,157636
80.10424041748047,157636
80.11143207550049,157636
80.11864471435547,157636
80.12582683563232,157636
80.13300657272339,157636
80.14017581939697,157636
80.14735388755798,157636
80.15451169013977,157636
80.16169571876526,157636
80.16888451576233,157636
80.17606496810913,157636
80.18324208259583,157636
80.19044756889343,157636
80.1976387500763,157636
80.20483303070068,157636
80.21202349662781,157636
80.21921277046204,157636
80.22640895843506,157636
80.23360061645508,157636
80.24079942703247,157636
80.2479944229126,157636
80.2551817893982,157636
80.26239156723022,157636
80.26957845687866,157636
80.27677321434021,157636
80.28396391868591,157636
80.29115796089172,157636
80.2983512878418,157636
80.30555057525635,157636
80.31274199485779,157636
80.31993985176086,157636
80.32714176177979,157636
80.33432912826538,157636
80.34152722358704,157636
80.34872484207153,157636
80.3559250831604,157636
80.36312341690063,157636
80.37033152580261,157636
80.37753009796143,157636
80.38471055030823,157636
80.39191484451294,157636
80.39910984039307,157636
80.4062876701355,157636
80.413489818573,157636
80.42069339752197,157636
80.4278712272644,157636
80.43505549430847,157636
80.44222521781921,157636
80.44940376281738,157636
80.45658826828003,157636
80.46376371383667,157636
80.47094631195068,157636
80.47813677787781,157636
80.48532390594482,157636
80.49251246452332,157636
80.4997034072876,157636
80.50689816474915,157636
80.51408338546753,157636
80.5212779045105,157636
80.52849531173706,157636
80.53568959236145,157636
80.54288291931152,157636
80.55009818077087,157636
80.55728936195374,157636
80.56448650360107,157636
80.57168769836426,157636
80.57887983322144,157636
80.5860607624054,157636
80.59327411651611,157636
80.60046577453613,157636
80.60765981674194,157636
80.61486983299255,157636
80.6220703125,157636
80.62925410270691,157636
80.63646817207336,157636
80.64363861083984,157636
80.65083432197571,157636
80.65802955627441,157636
80.66521620750427,157636
80.67241072654724,157636
80.67961502075195,157636
80.68682742118835,157636
80.694016456604,157636
80.70121097564697,157636
80.7084276676178,157636
80.71561050415039,157636
80.72281551361084,157636
80.72999835014343,157636
80.7371780872345,157636
80.74434304237366,157636
80.75152015686035,157636
80.75871014595032,157636
80.76587414741516,157636
80.77304553985596,157636
80.78024983406067,157636
80.78744125366211,157636
80.79462027549744,157636
80.80181503295898,157636
80.8090295791626,157636
80.81620693206787,157636
80.82340812683105,157636
80.8305983543396,157636
80.83779120445251,157636
80.84497857093811,157636
80.85217380523682,157636
80.85936188697815,157636
80.86657452583313,157636
80.87375378608704,157636
80.88094925880432,157636
80.8881311416626,157636
80.89531183242798,157636
80.90250873565674,157636
80.90970587730408,157636
80.91691398620605,157636
80.92409062385559,157636
80.93128633499146,157636
80.93849730491638,157636
80.94567465782166,157636
80.9528648853302,157636
80.96005606651306,157636
80.9672679901123,157636
80.9744553565979,157636
80.98165678977966,157636
80.98886370658875,157636
80.99605011940002,157636
81.0032377243042,157636
81.01045274734497,157636
81.0176432132721,157636
81.02484083175659,157636
81.03203892707825,157636
81.03922176361084,157636
81.04639768600464,157636
81.05357027053833,157636
81.06075310707092,157636
81.06793069839478,157636
81.07509803771973,157636
81.08230304718018,157636
81.08950018882751,157636
81.09669208526611,157636
81.10388898849487,157636
81.11108541488647,157636
81.11827611923218,157636
81.12548065185547,157636
81.13267135620117,157636
81.13986706733704,157636
81.14707064628601,157636
81.15426540374756,157636
81.16146540641785,157636
81.16867518424988,157636
81.17586278915405,157636
81.18304347991943,157636
81.1902208328247,157636
81.19741344451904,157636
81.20460295677185,157636
81.21180462837219,157636
81.21901202201843,157636
81.2262077331543,157636
81.23339772224426,157636
81.24061131477356,157636
81.24781370162964,157636
81.25498557090759,157636
81.26218295097351,157636
81.2693920135498,157636
81.27658176422119,157636
81.2837884426117,157636
81.29097247123718,157636
81.29815864562988,157636
81.30533599853516,157636
81.31252527236938,157636
81.31970477104187,157636
81.32690834999084,157636
81.33409667015076,157636
81.34126901626587,157636
81.34843754768372,157636
81.35560441017151,157636
81.36276388168335,157636
81.36993408203125,157636
81.3771185874939,157636
81.38430666923523,157636
81.39150667190552,157636
81.39871573448181,157636
81.40590333938599,157636
81.41309404373169,157636
81.42028903961182,157636
81.42749619483948,157636
81.43467783927917,157636
81.44187784194946,157636
81.44908475875854,157636
81.45627784729004,157636
81.46346783638,157636
81.47067475318909,157636
81.47786235809326,157636
81.48505401611328,157636
81.49223375320435,157636
81.49942517280579,157636
81.50660800933838,157636
81.51378345489502,157636
81.52097654342651,157636
81.52816891670227,157636
81.53533458709717,157636
81.54253935813904,157636
81.54925680160522,157636
81.55571961402893,157636
81.56220746040344,157636
81.56865954399109,157636
81.57513475418091,157636
81.58165287971497,157636
81.58814144134521,157636
81.59455704689026,157636
81.59839534759521,157636
81.60217237472534,157636
81.60598611831665,157636
81.6098165512085,157636
81.61363220214844,157636
81.61743307113647,157636
81.62126183509827,157636
81.6250581741333,157636
81.62887001037598,157636
81.63271188735962,157636
81.63655757904053,157636
81.64035773277283,157636
81.64423727989197,157636
81.64802694320679,157636
81.6518783569336,157636
81.65572094917297,157636
81.65954899787903,157636
81.66334915161133,157636
81.66719627380371,157636
81.67100191116333,157636
81.67478370666504,157636
81.67863917350769,157636
81.68246030807495,157636
81.68627429008484,157636
81.6900908946991,157636
81.69386601448059,157636
81.69770050048828,157636
81.70156288146973,157636
81.70534682273865,157636
81.7091794013977,157636
81.71301436424255,157636
81.71685194969177,157636
81.72067618370056,157636
81.72447395324707,157636
81.72830009460449,157636
81.7320864200592,157636
81.73591780662537,157636
81.73974418640137,157636
81.74354600906372,157636
81.74736022949219,157636
81.75119113922119,157636
81.75499701499939,157636
81.75882911682129,157636
81.76260375976562,157636
81.76642441749573,157636
81.7702043056488,157636
81.77399563789368,157636
81.77782130241394,157636
81.78160977363586,157636
81.78543829917908,157636
81.78924870491028,157636
81.79304766654968,157636
81.7968521118164,157636
81.80067992210388,157636
81.80454015731812,157636
81.80833411216736,157636
81.81218266487122,157636
81.81597542762756,157636
81.81980299949646,157636
81.82361841201782,157636
81.82741522789001,157636
81.83122444152832,157636
81.83506393432617,157636
81.83891892433167,157636
81.84275960922241,157636
81.84657788276672,157636
81.85039067268372,157636
81.85418915748596,157636
81.85805821418762,157636
81.86185574531555,157636
81.86565852165222,157636
81.86947798728943,157636
81.87330985069275,157636
81.87711358070374,157636
81.88090658187866,157636
81.88473749160767,157636
81.88856339454651,157636
81.8923807144165,157636
81.89619207382202,157636
81.90001678466797,157636
81.9038598537445,157636
81.90762042999268,157636
81.91144967079163,157636
81.91523504257202,157636
81.91899490356445,157636
81.92283391952515,157636
81.92669177055359,157636
81.9305191040039,157636
81.93433213233948,157636
81.93814253807068,157636
81.94196629524231,157636
81.94579577445984,157636
81.94962668418884,157636
81.95340704917908,157636
81.95723748207092,157636
81.96107292175293,157636
81.96489810943604,157636
81.96868944168091,157636
81.97249794006348,157636
81.97630405426025,157636
81.98011922836304,157636
81.98393964767456,157636
81.98781490325928,157636
81.99161076545715,157636
81.99539732933044,157636
81.99923658370972,157636
82.00307559967041,157636
82.00691080093384,157636
82.01076698303223,157636
82.01454448699951,157636
82.01837682723999,157636
82.02218914031982,157636
82.02600049972534,157636
82.02978324890137,157636
82.03360366821289,157636
82.03743410110474,157636
82.04122924804688,157636
82.0450382232666,157636
82.04888415336609,157636
82.05271077156067,157636
82.05651044845581,157636
82.06028699874878,157636
82.06410121917725,157636
82.06795287132263,157636
82.07177305221558,157636
82.07555937767029,157636
82.0794267654419,157636
82.08323693275452,157636
82.08706641197205,157636
82.09087467193604,157636
82.09466242790222,157636
82.09850263595581,157636
82.10229158401489,157636
82.10606789588928,157636
82.10988903045654,157636
82.11370182037354,157636
82.1174988746643,157636
82.12127685546875,157636
82.1251072883606,157636
82.12889051437378,157636
82.13266086578369,157636
82.13648319244385,157636
82.14026737213135,157636
82.14406609535217,157636
82.14791750907898,157636
82.15174889564514,157636
82.15559792518616,157636
82.15945649147034,157636
82.16323685646057,157636
82.16705393791199,157636
82.17088317871094,157636
82.17470932006836,157636
82.1785261631012,157636
82.18235802650452,157636
82.1862108707428,157636
82.19002318382263,157636
82.19383239746094,157636
82.19765758514404,157636
82.20146608352661,157636
82.20526695251465,157636
82.20912384986877,157636
82.2129316329956,157636
82.21672058105469,157636
82.22052764892578,157636
82.22434377670288,157636
82.22817087173462,157636
82.23197913169861,157636
82.23581743240356,157636
82.23963022232056,157636
82.24343371391296,157636
82.2472813129425,157636
82.25113606452942,157636
82.25494503974915,157636
82.25875449180603,157636
82.26258635520935,157636
82.2663369178772,157636
82.2701678276062,157636
82.27400016784668,157636
82.27781462669373,157636
82.28165030479431,157636
82.28547692298889,157636
82.28932762145996,157636
82.29313659667969,157636
82.29696154594421,157636
82.3007960319519,157636
82.3045814037323,157636
82.30840969085693,157636
82.31218552589417,157636
82.31600522994995,157636
82.31984567642212,157636
82.32362413406372,157636
82.32745552062988,157636
82.33125019073486,157636
82.33505010604858,157636
82.33889508247375,157636
82.34269523620605,157636
82.34648776054382,157636
82.35028648376465,157636
82.35412526130676,157636
82.35793709754944,157636
82.36170601844788,157636
82.36553144454956,157636
82.3693778514862,157636
82.37319111824036,157636
82.37703227996826,157636
82.38087749481201,157636
82.38470101356506,157636
82.38854503631592,157636
82.39235711097717,157636
82.3961238861084,157636
82.39995694160461,157636
82.40377402305603,157636
82.40762090682983,157636
82.41148591041565,157636
82.41531825065613,157636
82.41911101341248,157636
82.4228868484497,157636
82.42672491073608,157636
82.43057179450989,157636
82.43438696861267,157636
82.43818926811218,157636
82.4419937133789,157636
82.4458441734314,157636
82.44965076446533,157636
82.45348000526428,157636
82.45730519294739,157636
82.46117043495178,157636
82.4650011062622,157636
82.46884846687317,157636
82.47265696525574,157636
82.47649836540222,157636
82.48032474517822,157636
82.48415899276733,157636
82.4879424571991,157636
82.49175477027893,157636
82.49556922912598,157636
82.49935173988342,157636
82.503178358078,157636
82.50694108009338,157636
82.5107569694519,157636
82.51454544067383,157636
82.5183618068695,157636
82.52222990989685,157636
82.52602458000183,157636
82.52986121177673,157636
82.53368782997131,157636
82.53750967979431,157636
82.54132652282715,157636
82.54514479637146,157636
82.5489730834961,157636
82.55279517173767,157636
82.55663132667542,157636
82.5604510307312,157636
82.56427717208862,157636
82.56808996200562,157636
82.57192254066467,157636
82.57575607299805,157636
82.57963180541992,157636
82.58347296714783,157636
82.5872528553009,157636
82.59102058410645,157636
82.59481382369995,157636
82.5986168384552,157636
82.60244131088257,157636
82.60626482963562,157636
82.6100537776947,157636
82.61384177207947,157636
82.61767172813416,157636
82.62148213386536,157636
82.62527894973755,157636
82.62911295890808,157636
82.63288354873657,157636
82.63668179512024,157636
82.64047336578369,157636
82.64427876472473,157636
82.64810752868652,157636
82.6518862247467,157636
82.65570998191833,157636
82.6595733165741,157636
82.66339087486267,157636
82.6671793460846,157636
82.67099857330322,157636
82.67479920387268,157636
82.67863512039185,157636
82.68244290351868,157636
82.68620872497559,157636
82.69004702568054,157636
82.69384264945984,157636
82.69769358634949,157636
82.70151805877686,157636
82.70528841018677,157636
82.70910573005676,157636
82.71290826797485,157636
82.71675109863281,157636
82.72056317329407,157636
82.72439360618591,157636
82.72822499275208,157636
82.73208928108215,157636
82.73593759536743,157636
82.7397792339325,157636
82.74358820915222,157636
82.747398853302,157636
82.75125336647034,157636
82.75505638122559,157636
82.7588722705841,157636
82.76271200180054,157636
82.76651811599731,157636
82.77035284042358,157636
82.77414584159851,157636
82.77796268463135,157636
82.78179860115051,157636
82.78560256958008,157636
82.78944325447083,157636
82.79325318336487,157636
82.79706406593323,157636
82.80086636543274,157636
82.80467391014099,157636
82.80847787857056,157636
82.81226134300232,157636
82.81609034538269,157636
82.81993985176086,157636
82.82375812530518,157636
82.82756900787354,157636
82.8314163684845,157636
82.83524703979492,157636
82.83905863761902,157636
82.84285640716553,157636
82.84671020507812,157636
82.85052371025085,157636
82.85431814193726,157636
82.85811829566956,157636
82.8618655204773,157636
82.86568903923035,157636
82.86955213546753,157636
82.87333631515503,157636
82.87719249725342,157636
82.88096904754639,157636
82.88476181030273,157636
82.88861393928528,157636
82.892422914505,157636
82.89624810218811,157636
82.9000632762909,157636
82.90389132499695,157636
82.90766978263855,157636
82.91148376464844,157636
82.91528868675232,157636
82.91905736923218,157636
82.92283272743225,157636
82.92665553092957,157636
82.93046879768372,157636
82.9342257976532,157636
82.93803572654724,157636
82.941819190979,157636
82.9455873966217,157636
82.94944763183594,157636
82.95321726799011,157636
82.95703196525574,157636
82.96081304550171,157636
82.96462368965149,157636
82.96842789649963,157636
82.972243309021,157636
82.97605633735657,157636
82.97983145713806,157636
82.98364567756653,157636
82.98750472068787,157636
82.9913227558136,157636
82.99513578414917,157636
82.99899959564209,157636
83.0028145313263,157636
83.00666189193726,157636
83.01044225692749,157636
83.01422214508057,157636
83.01802635192871,157636
83.021812915802,157636
83.02562117576599,157636
83.02937889099121,157636
83.0331642627716,157636
83.03700423240662,157636
83.04080414772034,157636
83.04463219642639,157636
83.04846215248108,157636
83.05229759216309,157636
83.05613923072815,157636
83.05993318557739,157636
83.06375241279602,157636
83.06762099266052,157636
83.07141900062561,157636
83.07519030570984,157636
83.07903170585632,157636
83.08285689353943,157636
83.08667993545532,157636
83.09051299095154,157636
83.0942690372467,157636
83.09810543060303,157636
83.10190439224243,157636
83.10568332672119,157636
83.10951280593872,157636
83.11334586143494,157636
83.11711382865906,157636
83.1209568977356,157636
83.1247935295105,157636
83.12859272956848,157636
83.13240170478821,157636
83.13620018959045,157636
83.1400203704834,157636
83.14386200904846,157636
83.14765477180481,157636
83.15147256851196,157636
83.15527296066284,157636
83.15908288955688,157636
83.16290402412415,157636
83.16678309440613,157636
83.1705424785614,157636
83.17435598373413,157636
83.17814254760742,157636
83.18193626403809,157636
83.18575310707092,157636
83.18955850601196,157636
83.19334936141968,157636
83.19718480110168,157636
83.20098185539246,157636
83.20482921600342,157636
83.20867657661438,157636
83.21247792243958,157636
83.21628403663635,157636
83.22009587287903,157636
83.22390413284302,157636
83.22770810127258,157636
83.23150086402893,157636
83.23531937599182,157636
83.23913240432739,157636
83.24293661117554,157636
83.24674606323242,157636
83.25056195259094,157636
83.25438141822815,157636
83.26016783714294,157636
83.2665331363678,157636
83.27065920829773,157636
83.27448225021362,157636
83.27829504013062,157636
83.28211212158203,157636
83.28593611717224,157636
83.28974461555481,157636
83.29360461235046,157636
83.29740309715271,157636
83.30121922492981,157636
83.3050606250763,157636
83.30890011787415,157636
83.31272792816162,157636
83.31658864021301,157636
83.32041621208191,157636
83.32423663139343,157636
83.32805681228638,157636
83.33189392089844,157636
83.33566546440125,157636
83.3395254611969,157636
83.34333062171936,157636
83.34712314605713,157636
83.35094475746155,157636
83.35472536087036,157636
83.35854959487915,157636
83.36233711242676,157636
83.36615586280823,157636
83.36995029449463,157636
83.37378072738647,157636
83.37759518623352,157636
83.38138723373413,157636
83.38517689704895,157636
83.3889811038971,157636
83.39277696609497,157636
83.39661622047424,157636
83.40045428276062,157636
83.40427732467651,157636
83.40811061859131,157636
83.41193532943726,157636
83.41575002670288,157636
83.41954779624939,157636
83.42336368560791,157636
83.42719221115112,157636
83.43100166320801,157636
83.43483328819275,157636
83.43867325782776,157636
83.44251036643982,157636
83.44632005691528,157636
83.45009660720825,157636
83.45391297340393,157636
83.45773506164551,157636
83.46156692504883,157636
83.46538829803467,157636
83.46919202804565,157636
83.47299265861511,157636
83.47683429718018,157636
83.48068356513977,157636
83.48447751998901,157636
83.48829007148743,157636
83.49208974838257,157636
83.49589920043945,157636
83.49973487854004,157636
83.50351691246033,157636
83.50734376907349,157636
83.51115298271179,157636
83.51496028900146,157636
83.51880836486816,157636
83.52258610725403,157636
83.52640628814697,157636
83.5301730632782,157636
83.53394889831543,157636
83.53778600692749,157636
83.5416328907013,157636
83.54543781280518,157636
83.54925966262817,157636
83.5530743598938,157636
83.55687808990479,157636
83.56070399284363,157636
83.56450080871582,157636
83.56836318969727,157636
83.57214331626892,157636
83.57593750953674,157636
83.57977271080017,157636
83.58358573913574,157636
83.58742666244507,157636
83.59123730659485,157636
83.59506368637085,157636
83.59889912605286,157636
83.60270166397095,157636
83.60648703575134,157636
83.61029505729675,157636
83.61409378051758,157636
83.61793112754822,157636
83.62176513671875,157636
83.62560391426086,157636
83.62947845458984,157636
83.63330674171448,157636
83.63712930679321,157636
83.64095997810364,157636
83.6447823047638,157636
83.64859509468079,157636
83.65240240097046,157636
83.65619373321533,157636
83.65999841690063,157636
83.66380500793457,157636
83.6676230430603,157636
83.67143177986145,157636
83.6752438545227,157636
83.67907404899597,157636
83.68288254737854,157636
83.68670105934143,157636
83.69053101539612,157636
83.69435572624207,157636
83.69820857048035,157636
83.7020194530487,157636
83.70581912994385,157636
83.7096176147461,157636
83.71338772773743,157636
83.71719408035278,157636
83.72097992897034,157636
83.72479677200317,157636
83.72861981391907,157636
83.73243165016174,157636
83.73620629310608,157636
83.74002623558044,157636
83.74381518363953,157636
83.74760246276855,157636
83.75139737129211,157636
83.75518918037415,157636
83.75900411605835,157636
83.7627820968628,157636
83.76659798622131,157636
83.77043104171753,157636
83.77421045303345,157636
83.77801609039307,157636
83.7818489074707,157636
83.78565311431885,157636
83.7894561290741,157636
83.7932779788971,157636
83.7971076965332,157636
83.8009147644043,157636
83.80472731590271,157636
83.80854868888855,157636
83.8123733997345,157636
83.81619691848755,157636
83.81998348236084,157636
83.82379484176636,157636
83.82756900787354,157636
83.83134651184082,157636
83.83512139320374,157636
83.83895063400269,157636
83.84277510643005,157636
83.84658479690552,157636
83.85034465789795,157636
83.85416293144226,157636
83.85799741744995,157636
83.86184692382812,157636
83.86565160751343,157636
83.86947774887085,157636
83.87326622009277,157636
83.87711310386658,157636
83.88097190856934,157636
83.88477778434753,157636
83.88857197761536,157636
83.89240717887878,157636
83.89622449874878,157636
83.90005397796631,157636
83.90385699272156,157636
83.90764808654785,157636
83.91149163246155,157636
83.9152672290802,157636
83.91908407211304,157636
83.92291712760925,157636
83.9267373085022,157636
83.93054628372192,157636
83.93436193466187,157636
83.93818950653076,157636
83.94197273254395,157636
83.94574522972107,157636
83.94954228401184,157636
83.95337629318237,157636
83.9572401046753,157636
83.9610607624054,157636
83.96486926078796,157636
83.9687249660492,157636
83.97247910499573,157636
83.97632002830505,157636
83.98012781143188,157636
83.98395299911499,157636
83.98781085014343,157636
83.9916090965271,157636
83.99541902542114,157636
83.99927520751953,157636
84.00308346748352,157636
84.0068986415863,157636
84.01070833206177,157636
84.01450848579407,157636
84.01835131645203,157636
84.02215790748596,157636
84.02597212791443,157636
84.02977752685547,157636
84.03358626365662,157636
84.03740644454956,157636
84.04120397567749,157636
84.04502606391907,157636
84.04887104034424,157636
84.05267643928528,157636
84.05648636817932,157636
84.06029152870178,157636
84.06405377388,157636
84.06785726547241,157636
84.07165122032166,157636
84.07545614242554,157636
84.07925724983215,157636
84.08304834365845,157636
84.08688497543335,157636
84.09072661399841,157636
84.0945074558258,157636
84.09829115867615,157636
84.10213041305542,157636
84.10593724250793,157636
84.10976314544678,157636
84.11355447769165,157636
84.11738848686218,157636
84.12116718292236,157636
84.12496328353882,157636
84.12878131866455,157636
84.13259553909302,157636
84.13643026351929,157636
84.14023065567017,157636
84.14407205581665,157636
84.1479139328003,157636
84.15172553062439,157636
84.15549564361572,157636
84.15931677818298,157636
84.1630871295929,157636
84.16692161560059,157636
84.17070293426514,157636
84.1745092868805,157636
84.178307056427,157636
84.18207335472107,157636
84.1858856678009,157636
84.18971085548401,157636
84.19349360466003,157636
84.1973123550415,157636
84.20112109184265,157636
84.20487546920776,157636
84.20872521400452,157636
84.21249556541443,157636
84.21629548072815,157636
84.22015881538391,157636
84.22391366958618,157636
84.22776699066162,157636
84.23156785964966,157636
84.23538827896118,157636
84.23921060562134,157636
84.24305486679077,157636
84.24686765670776,157636
84.25071907043457,157636
84.25453042984009,157636
84.25832319259644,157636
84.26210641860962,157636
84.26589894294739,157636
84.2697262763977,157636
84.27350687980652,157636
84.27735924720764,157636
84.28121042251587,157636
84.28499174118042,157636
84.28884863853455,157636
84.2926299571991,157636
84.29645323753357,157636
84.30028462409973,157636
84.30406165122986,157636
84.30787348747253,157636
84.31168985366821,157636
84.31551671028137,157636
84.31930303573608,157636
84.32311344146729,157636
84.32694149017334,157636
84.33077144622803,157636
84.33458590507507,157636
84.33839178085327,157636
84.34219717979431,157636
84.34601330757141,157636
84.34983015060425,157636
84.3536422252655,157636
84.35744762420654,157636
84.36124968528748,157636
84.36504459381104,157636
84.36886620521545,157636
84.37270736694336,157636
84.37651371955872,157636
84.3803322315216,157636
84.38416337966919,157636
84.38800549507141,157636
84.39180374145508,157636
84.39562940597534,157636
84.39945602416992,157636
84.40324068069458,157636
84.40706396102905,157636
84.41089367866516,157636
84.41465902328491,157636
84.41848540306091,157636
84.42224860191345,157636
84.42609763145447,157636
84.42989158630371,157636
84.43368315696716,157636
84.43748235702515,157636
84.44129991531372,157636
84.44510674476624,157636
84.448970079422,157636
84.45274353027344,157636
84.45659971237183,157636
84.46038937568665,157636
84.46417593955994,157636
84.46799516677856,157636
84.47178649902344,157636
84.47561168670654,157636
84.47942566871643,157636
84.48318719863892,157636
84.48697447776794,157636
84.49077153205872,157636
84.49461150169373,157636
84.49839115142822,157636
84.50222063064575,157636
84.50605273246765,157636
84.50985622406006,157636
84.51364469528198,157636
84.5174207687378,157636
84.52122473716736,157636
84.52500033378601,157636
84.52883100509644,157636
84.53266477584839,157636
84.53643560409546,157636
84.54022717475891,157636
84.54401898384094,157636
84.54782104492188,157636
84.5516345500946,157636
84.55542039871216,157636
84.55925440788269,157636
84.56303119659424,157636
84.56683731079102,157636
84.57064604759216,157636
84.57445478439331,157636
84.57825136184692,157636
84.58205389976501,157636
84.5858747959137,157636
84.58970522880554,157636
84.593510389328,157636
84.59736347198486,157636
84.60119462013245,157636
84.60497093200684,157636
84.60880470275879,157636
84.61260604858398,157636
84.61640334129333,157636
84.62020659446716,157636
84.62401032447815,157636
84.62781476974487,157636
84.63162684440613,157636
84.63548493385315,157636
84.6392650604248,157636
84.64307951927185,157636
84.64692568778992,157636
84.6507523059845,157636
84.65455865859985,157636
84.65839409828186,157636
84.66219139099121,157636
84.6659836769104,157636
84.66983842849731,157636
84.6736147403717,157636
84.67739748954773,157636
84.68123292922974,157636
84.68502759933472,157636
84.6888530254364,157636
84.69267416000366,157636
84.69649386405945,157636
84.70028686523438,157636
84.70416831970215,157636
84.70800399780273,157636
84.71183776855469,157636
84.71562457084656,157636
84.71940732002258,157636
84.72322273254395,157636
84.72701907157898,157636
84.73084259033203,157636
84.7346601486206,157636
84.73847556114197,157636
84.74225687980652,157636
84.74605178833008,157636
84.74984884262085,157636
84.75368094444275,157636
84.75748682022095,157636
84.76132774353027,157636
84.76510381698608,157636
84.76892137527466,157636
84.77273178100586,157636
84.77657175064087,157636
84.78038787841797,157636
84.78421759605408,157636
84.78798580169678,157636
84.7917492389679,157636
84.79560256004333,157636
84.79940915107727,157636
84.80321717262268,157636
84.80705952644348,157636
84.8108959197998,157636
84.81471347808838,157636
84.8185498714447,157636
84.82234477996826,157636
84.82616806030273,157636
84.82996821403503,157636
84.83374643325806,157636
84.83758425712585,157636
84.84139776229858,157636
84.84518957138062,157636
84.84907007217407,157636
84.85289359092712,157636
84.85669612884521,157636
84.86052441596985,157636
84.86434173583984,157636
84.86816048622131,157636
84.87194991111755,157636
84.8757688999176,157636
84.87958884239197,157636
84.88338351249695,157636
84.88717412948608,157636
84.89097094535828,157636
84.89477109909058,157636
84.89860963821411,157636
84.9024109840393,157636
84.90622305870056,157636
84.91005849838257,157636
84.91389036178589,157636
84.91768264770508,157636
84.92150950431824,157636
84.92526721954346,157636
84.92913222312927,157636
84.93294501304626,157636
84.9367733001709,157636
84.94058060646057,157636
84.94437766075134,157636
84.94818377494812,157636
84.95200967788696,157636
84.95584797859192,157636
84.9596676826477,157636
84.96345901489258,157636
84.96727299690247,157636
84.97108626365662,157636
84.97491931915283,157636
84.97871088981628,157636
84.98253202438354,157636
84.98638200759888,157636
84.9902069568634,157636
84.99402809143066,157636
84.99785089492798,157636
85.00168347358704,157636
85.00542759895325,157636
85.00921297073364,157636
85.01301503181458,157636
85.01681184768677,157636
85.02064228057861,157636
85.02443361282349,157636
85.02825546264648,157636
85.03205585479736,157636
85.03584384918213,157636
85.03962445259094,157636
85.04340481758118,157636
85.04725933074951,157636
85.05105710029602,157636
85.05486178398132,157636
85.05872583389282,157636
85.06251263618469,157636
85.06634020805359,157636
85.07016563415527,157636
85.07398843765259,157636
85.07781267166138,157636
85.08164572715759,157636
85.08547735214233,157636
85.0892424583435,157636
85.09305548667908,157636
85.09684991836548,157636
85.1006088256836,157636
85.10443019866943,157636
85.10824918746948,157636
85.1120376586914,157636
85.11584496498108,157636
85.1196768283844,157636
85.12347745895386,157636
85.1272714138031,157636
85.13109064102173,157636
85.13488507270813,157636
85.1387505531311,157636
85.14254665374756,157636
85.14634537696838,157636
85.15013337135315,157636
85.15394043922424,157636
85.15775918960571,157636
85.16150546073914,157636
85.16530632972717,157636
85.16908502578735,157636
85.17288517951965,157636
85.17673420906067,157636
85.1805067062378,157636
85.18431353569031,157636
85.18809294700623,157636
85.19187664985657,157636
85.19570803642273,157636
85.19954538345337,157636
85.2033703327179,157636
85.20716619491577,157636
85.21098470687866,157636
85.21482491493225,157636
85.21866011619568,157636
85.22241926193237,157636
85.2261962890625,157636
85.23004174232483,157636
85.23386287689209,157636
85.23771929740906,157636
85.24149966239929,157636
85.24532771110535,157636
85.24915266036987,157636
85.25294589996338,157636
85.25676679611206,157636
85.26057243347168,157636
85.26437592506409,157636
85.2681941986084,157636
85.27199482917786,157636
85.27580404281616,157636
85.2795889377594,157636
85.28337216377258,157636
85.28716039657593,157636
85.29100441932678,157636
85.29481506347656,157636
85.29866075515747,157636
85.30246138572693,157636
85.30622887611389,157636
85.31002855300903,157636
85.3138701915741,157636
85.31767058372498,157636
85.32143020629883,157636
85.32523775100708,157636
85.32903981208801,157636
85.33280920982361,157636
85.33661484718323,157636
85.34045100212097,157636
85.34427046775818,157636
85.34809684753418,157636
85.35190415382385,157636
85.35570502281189,157636
85.35953330993652,157636
85.36334919929504,157636
85.36716532707214,157636
85.37095046043396,157636
85.37477374076843,157636
85.37856817245483,157636
85.38234090805054,157636
85.38617968559265,157636
85.38999795913696,157636
85.39384865760803,157636
85.39767813682556,157636
85.4014880657196,157636
85.40528583526611,157636
85.409095287323,157636
85.41289329528809,157636
85.41671085357666,157636
85.42051887512207,157636
85.42429614067078,157636
85.42811274528503,157636
85.43190145492554,157636
85.4356918334961,157636
85.43945145606995,157636
85.44330096244812,157636
85.44710397720337,157636
85.45092940330505,157636
85.45475602149963,157636
85.45855212211609,157636
85.46235942840576,157636
85.46613574028015,157636
85.46997094154358,157636
85.47379899024963,157636
85.47760486602783,157636
85.4814064502716,157636
85.4851758480072,157636
85.48896193504333,157636
85.49280095100403,157636
85.4966311454773,157636
85.50042772293091,157636
85.50419616699219,157636
85.50801968574524,157636
85.5118157863617,157636
85.51560854911804,157636
85.51942443847656,157636
85.5232036113739,157636
85.52701878547668,157636
85.53087091445923,157636
85.53461980819702,157636
85.53845167160034,157636
85.5422751903534,157636
85.54605555534363,157636
85.54986572265625,157636
85.55366778373718,157636
85.55753922462463,157636
85.56132674217224,157636
85.56512403488159,157636
85.56892895698547,157636
85.5727071762085,157636
85.57653307914734,157636
85.58034920692444,157636
85.58416080474854,157636
85.58797144889832,157636
85.59178495407104,157636
85.59558153152466,157636
85.59939408302307,157636
85.60318922996521,157636
85.607013463974,157636
85.61082935333252,157636
85.61468148231506,157636
85.61869931221008,157636
85.62531900405884,157636
85.62951707839966,157636
85.63331866264343,157636
85.63934206962585,157636
85.64598512649536,157636
85.65262031555176,157636
85.65926694869995,157636
85.66594099998474,157636
85.67260003089905,157636
85.67926383018494,157636
85.6858983039856,157636
85.6925208568573,157636
85.69916081428528,157636
85.705801486969,157636
85.71241736412048,157636
85.71904802322388,157636
85.72564911842346,157636
85.73225045204163,157636
85.73892283439636,157636
85.74551463127136,157636
85.75213670730591,157636
85.7587513923645,157636
85.76530289649963,157636
85.77187395095825,157636
85.7784354686737,157636
85.78496932983398,157636
85.79152274131775,157636
85.79812216758728,157636
85.80472564697266,157636
85.81137275695801,157636
85.8180000782013,157636
85.82464957237244,157636
85.83134722709656,157636
85.83809351921082,157636
85.84478616714478,157636
85.85152506828308,157636
85.85822486877441,157636
85.86497640609741,157636
85.87171196937561,157636
85.87848448753357,157636
85.88522815704346,157636
85.89197897911072,157636
85.89883136749268,157636
85.90560960769653,157636
85.91242098808289,157636
85.91921734809875,157636
85.92598485946655,157636
85.93278884887695,157636
85.93952798843384,157636
85.94634556770325,157636
85.95316648483276,157636
85.95996642112732,157636
85.96678924560547,157636
85.97359132766724,157636
85.98034739494324,157636
85.98716378211975,157636
85.99401092529297,157636
86.00084710121155,157636
86.00769591331482,157636
86.01450991630554,157636
86.02133417129517,157636
86.02818965911865,157636
86.03504848480225,157636
86.04192304611206,157636
86.04877161979675,157636
86.05562925338745,157636
86.0625205039978,157636
86.06932830810547,157636
86.07615327835083,157636
86.08296871185303,157636
86.08982229232788,157636
86.09667301177979,157636
86.1034893989563,157636
86.11032676696777,157636
86.11715149879456,157636
86.12399458885193,157636
86.13085269927979,157636
86.13768529891968,157636
86.14450311660767,157636
86.15135717391968,157636
86.15819239616394,157636
86.16499710083008,157636
86.1718316078186,157636
86.17867374420166,157636
86.18550944328308,157636
86.19235372543335,157636
86.19923567771912,157636
86.20608472824097,157636
86.21294975280762,157636
86.2198395729065,157636
86.226642370224,157636
86.23350644111633,157636
86.24033880233765,157636
86.24723839759827,157636
86.25406050682068,157636
86.26093173027039,157636
86.26775169372559,157636
86.2746000289917,157636
86.28144216537476,157636
86.28831458091736,157636
86.29514932632446,157636
86.30200624465942,157636
86.30889248847961,157636
86.31571936607361,157636
86.32256722450256,157636
86.32939910888672,157636
86.33622407913208,157636
86.34305357933044,157636
86.34988784790039,157636
86.35673356056213,157636
86.36353278160095,157636
86.37040972709656,157636
86.37727117538452,157636
86.3840799331665,157636
86.39091277122498,157636
86.39777660369873,157636
86.40458130836487,157636
86.41140794754028,157636
86.41822934150696,157636
86.42505979537964,157636
86.43189287185669,157636
86.43877387046814,157636
86.44558548927307,157636
86.45244526863098,157636
86.45924043655396,157636
86.46604824066162,157636
86.472829580307,157636
86.47964525222778,157636
86.48646593093872,157636
86.49327039718628,157636
86.50014853477478,157636
86.50700950622559,157636
86.51386785507202,157636
86.52074790000916,157636
86.52761173248291,157636
86.5344295501709,157636
86.54125928878784,157636
86.54808521270752,157636
86.5549066066742,157636
86.56174564361572,157636
86.56858038902283,157636
86.57541465759277,157636
86.58223342895508,157636
86.58905816078186,157636
86.59590935707092,157636
86.60273790359497,157636
86.6095883846283,157636
86.61643362045288,157636
86.62323570251465,157636
86.6300687789917,157636
86.63694286346436,157636
86.64377784729004,157636
86.65061855316162,157636
86.6575071811676,157636
86.66426134109497,157636
86.67112517356873,157636
86.6779842376709,157636
86.6848030090332,157636
86.69165658950806,157636
86.69845867156982,157636
86.70520305633545,157636
86.7120463848114,157636
86.71886110305786,157636
86.72565817832947,157636
86.73246812820435,157636
86.73926854133606,157636
86.74608755111694,157636
86.75290441513062,157636
86.75970649719238,157636
86.76650619506836,157636
86.7732949256897,157636
86.78013205528259,157636
86.786940574646,157636
86.7937479019165,157636
86.8005383014679,157636
86.8073992729187,157636
86.81427431106567,157636
86.8211681842804,157636
86.82804226875305,157636
86.83493041992188,157636
86.84177780151367,157636
86.84866285324097,157636
86.8555076122284,157636
86.86241054534912,157636
86.86932039260864,157636
86.87623047828674,157636
86.88311100006104,157636
86.88998794555664,157636
86.89691162109375,157636
86.90381622314453,157636
86.91067385673523,157636
86.91754627227783,157636
86.9243950843811,157636
86.93126010894775,157636
86.93813920021057,157636
86.94500255584717,157636
86.95187044143677,157636
86.95871996879578,157636
86.9655294418335,157636
86.97237014770508,157636
86.97923231124878,157636
86.98614048957825,157636
86.9929928779602,157636
86.99985146522522,157636
87.00669980049133,157636
87.01355934143066,157636
87.02042174339294,157636
87.02727508544922,157636
87.03410816192627,157636
87.04094219207764,157636
87.04782032966614,157636
87.05459976196289,157636
87.06144571304321,157636
87.0683012008667,157636
87.07513189315796,157636
87.08195567131042,157636
87.08881759643555,157636
87.09566044807434,157636
87.10250329971313,157636
87.10934567451477,157636
87.1161859035492,157636
87.1230411529541,157636
87.12990856170654,157636
87.13679575920105,157636
87.14361095428467,157636
87.15043115615845,157636
87.1572813987732,157636
87.16411590576172,157636
87.17090940475464,157636
87.17774963378906,157636
87.1845269203186,157636
87.1913640499115,157636
87.19819378852844,157636
87.20499777793884,157636
87.21177458763123,157636
87.21863603591919,157636
87.22545623779297,157636
87.23227906227112,157636
87.23910355567932,157636
87.24591422080994,157636
87.25271677970886,157636
87.25953722000122,157636
87.26632332801819,157636
87.27315902709961,157636
87.27997064590454,157636
87.28678917884827,157636
87.29360508918762,157636
87.30039930343628,157636
87.30719447135925,157636
87.31402134895325,157636
87.32065415382385,157636
87.32722592353821,157636
87.33390355110168,157636
87.34046745300293,157636
87.34700298309326,157636
87.35352444648743,157636
87.36016249656677,157636
87.36678671836853,157636
87.37344002723694,157636
87.3800036907196,157636
87.38643050193787,157636
87.39297699928284,157636
87.3997311592102,157636
87.40627813339233,157636
87.41294360160828,157636
87.41959357261658,157636
87.42602801322937,157636
87.43251848220825,157636
87.43937349319458,157636
87.44593739509583,157636
87.45254635810852,157636
87.45913696289062,157636
87.46553635597229,157636
87.47209072113037,157636
87.4787847995758,157636
87.48545265197754,157636
87.49205207824707,157636
87.49862027168274,157636
87.50511837005615,157636
87.51178693771362,157636
87.51842331886292,157636
87.52502870559692,157636
87.5316231250763,157636
87.53812098503113,157636
87.54461574554443,157636
87.55138087272644,157636
87.55799150466919,157636
87.56460666656494,157636
87.57124328613281,157636
87.57764196395874,157636
87.58420014381409,157636
87.59099197387695,157636
87.5974988937378,157636
87.60406303405762,157636
87.61075186729431,157636
87.61717128753662,157636
87.6237108707428,157636
87.63051867485046,157636
87.63711905479431,157636
87.64367198944092,157636
87.65026545524597,157636
87.65676498413086,157636
87.66337752342224,157636
87.67001485824585,157636
87.67661809921265,157636
87.68321013450623,157636
87.68974494934082,157636
87.69625663757324,157636
87.70294642448425,157636
87.70956420898438,157636
87.71616220474243,157636
87.72271585464478,157636
87.72916269302368,157636
87.73569202423096,157636
87.74247980117798,157636
87.74902153015137,157636
87.75560808181763,157636
87.7622663974762,157636
87.76868939399719,157636
87.77524995803833,157636
87.7819709777832,157636
87.78861284255981,157636
87.79516506195068,157636
87.80178928375244,157636
87.8082480430603,157636
87.81483268737793,157636
87.82155704498291,157636
87.82817435264587,157636
87.83481788635254,157636
87.84144186973572,157636
87.84794402122498,157636
87.85456037521362,157636
87.86120915412903,157636
87.86785745620728,157636
87.87441301345825,157636
87.88091611862183,157636
87.88740181922913,157636
87.89409565925598,157636
87.9006757736206,157636
87.90731883049011,157636
87.91392612457275,157636
87.92038035392761,157636
87.9269335269928,157636
87.93372631072998,157636
87.94030141830444,157636
87.94695687294006,157636
87.9535870552063,157636
87.95996260643005,157636
87.96650409698486,157636
87.9733407497406,157636
87.97989654541016,157636
87.98652696609497,157636
87.99316787719727,157636
87.99958491325378,157636
88.00610375404358,157636
88.0129165649414,157636
88.01947951316833,157636
88.02602767944336,157636
88.0326657295227,157636
88.03910708427429,157636
88.04565191268921,157636
88.05230212211609,157636
88.05895733833313,157636
88.06550478935242,157636
88.07199144363403,157636
88.07849550247192,157636
88.0851788520813,157636
88.09176969528198,157636
88.09836030006409,157636
88.10496926307678,157636
88.11142110824585,157636
88.11793518066406,157636
88.12462782859802,157636
88.12851619720459,157636
88.13235688209534,157636
88.13621187210083,157636
88.14005303382874,157636
88.14386105537415,157636
88.14766836166382,157636
88.15145587921143,157636
88.1552586555481,157636
88.15907740592957,157636
88.16291403770447,157636
88.16673421859741,157636
88.17056441307068,157636
88.17441368103027,157636
88.17819404602051,157636
88.18204402923584,157636
88.18584871292114,157636
88.18968868255615,157636
88.19347763061523,157636
88.19727158546448,157636
88.20106148719788,157636
88.20486307144165,157636
88.20869541168213,157636
88.21249771118164,157636
88.21629810333252,157636
88.22011733055115,157636
88.22391891479492,157636
88.2277421951294,157636
88.23154091835022,157636
88.23534440994263,157636
88.23915719985962,157636
88.24296140670776,157636
88.24676895141602,157636
88.25059008598328,157636
88.25440883636475,157636
88.25822472572327,157636
88.26200819015503,157636
88.2658269405365,157636
88.26966071128845,157636
88.27349638938904,157636
88.27730441093445,157636
88.28107571601868,157636
88.28491234779358,157636
88.2887773513794,157636
88.29260754585266,157636
88.29645037651062,157636
88.30024647712708,157636
88.30401635169983,157636
88.30781984329224,157636
88.31160736083984,157636
88.3153920173645,157636
88.31919288635254,157636
88.3230049610138,157636
88.32678556442261,157636
88.33063888549805,157636
88.33446860313416,157636
88.3383276462555,157636
88.34212517738342,157636
88.34594178199768,157636
88.34975814819336,157636
88.3535532951355,157636
88.35733914375305,157636
88.36115097999573,157636
88.36495852470398,157636
88.36877536773682,157636
88.37256813049316,157636
88.3763518333435,157636
88.38011693954468,157636
88.38392162322998,157636
88.38770294189453,157636
88.39150834083557,157636
88.39528107643127,157636
88.39909839630127,157636
88.40290069580078,157636
88.4067497253418,157636
88.41060304641724,157636
88.4144356250763,157636
88.41825079917908,157636
88.42209386825562,157636
88.4258942604065,157636
88.42972207069397,157636
88.43350887298584,157636
88.43731832504272,157636
88.44113683700562,157636
88.44496464729309,157636
88.44879245758057,157636
88.45262098312378,157636
88.45640540122986,157636
88.46024370193481,157636
88.46404314041138,157636
88.46787714958191,157636
88.47167944908142,157636
88.47548580169678,157636
88.47933006286621,157636
88.48312020301819,157636
88.48693776130676,157636
88.49076414108276,157636
88.4945547580719,157636
88.49837470054626,157636
88.50219416618347,157636
88.50601148605347,157636
88.50987672805786,157636
88.5137038230896,157636
88.51751017570496,157636
88.52130889892578,157636
88.52507948875427,157636
88.52890944480896,157636
88.53269219398499,157636
88.53651142120361,157636
88.54027056694031,157636
88.54407858848572,157636
88.54785704612732,157636
88.55168533325195,157636
88.55551528930664,157636
88.55937266349792,157636
88.56318354606628,157636
88.56699585914612,157636
88.5707790851593,157636
88.57462930679321,157636
88.57844400405884,157636
88.58225345611572,157636
88.58603429794312,157636
88.5898289680481,157636
88.59367895126343,157636
88.59751605987549,157636
88.60130786895752,157636
88.60513162612915,157636
88.60896182060242,157636
88.61279463768005,157636
88.61658143997192,157636
88.62040829658508,157636
88.62420988082886,157636
88.62804198265076,157636
88.6318428516388,157636
88.63568949699402,157636
88.63951635360718,157636
88.64330458641052,157636
88.64709544181824,157636
88.65088510513306,157636
88.65468978881836,157636
88.65853142738342,157636
88.6623375415802,157636
88.66618466377258,157636
88.67000150680542,157636
88.67382335662842,157636
88.67769479751587,157636
88.68149876594543,157636
88.68531823158264,157636
88.68913745880127,157636
88.6929521560669,157636
88.69678854942322,157636
88.70059323310852,157636
88.7043833732605,157636
88.70817923545837,157636
88.71197700500488,157636
88.71580052375793,157636
88.71966648101807,157636
88.723468542099,157636
88.72730779647827,157636
88.73111319541931,157636
88.73493003845215,157636
88.7387216091156,157636
88.74252772331238,157636
88.74631071090698,157636
88.75013422966003,157636
88.75393104553223,157636
88.75774884223938,157636
88.76155495643616,157636
88.7653341293335,157636
88.76918435096741,157636
88.77297019958496,157636
88.77678751945496,157636
88.78066396713257,157636
88.78443026542664,157636
88.78825664520264,157636
88.7920548915863,157636
88.7958595752716,157636
88.79965996742249,157636
88.80348134040833,157636
88.8073091506958,157636
88.81115388870239,157636
88.81497311592102,157636
88.8187963962555,157636
88.8226330280304,157636
88.82644534111023,157636
88.83024764060974,157636
88.83405828475952,157636
88.83791446685791,157636
88.84171414375305,157636
88.84551000595093,157636
88.84934210777283,157636
88.85317516326904,157636
88.85697674751282,157636
88.86079668998718,157636
88.86460399627686,157636
88.86841416358948,157636
88.87226057052612,157636
88.87608647346497,157636
88.87990665435791,157636
88.88370537757874,157636
88.88755393028259,157636
88.89131736755371,157636
88.89512586593628,157636
88.89895272254944,157636
88.90272927284241,157636
88.90656018257141,157636
88.91033959388733,157636
88.9141685962677,157636
88.91797757148743,157636
88.92179679870605,157636
88.92559456825256,157636
88.9294114112854,157636
88.93324136734009,157636
88.93701529502869,157636
88.94082617759705,157636
88.94465970993042,157636
88.94853806495667,157636
88.95235800743103,157636
88.95618677139282,157636
88.9599781036377,157636
88.96379542350769,157636
88.96762681007385,157636
88.97141361236572,157636
88.97522282600403,157636
88.9790415763855,157636
88.98286604881287,157636
88.98668360710144,157636
88.9905002117157,157636
88.99433255195618,157636
88.99817204475403,157636
89.00200819969177,157636
89.00581216812134,157636
89.00962162017822,157636
89.01346921920776,157636
89.01731586456299,157636
89.02111387252808,157636
89.02495622634888,157636
89.0287914276123,157636
89.03265357017517,157636
89.03649592399597,157636
89.04027795791626,157636
89.04407739639282,157636
89.04788565635681,157636
89.05169582366943,157636
89.05549144744873,157636
89.05934476852417,157636
89.06315565109253,157636
89.06697034835815,157636
89.07075047492981,157636
89.07456970214844,157636
89.07835650444031,157636
89.08215069770813,157636
89.08594417572021,157636
89.08974051475525,157636
89.09357023239136,157636
89.09739971160889,157636
89.10120868682861,157636
89.1050329208374,157636
89.10883975028992,157636
89.11264491081238,157636
89.11646962165833,157636
89.12030291557312,157636
89.12409043312073,157636
89.12791204452515,157636
89.13171696662903,157636
89.13551068305969,157636
89.13933801651001,157636
89.14314079284668,157636
89.14695382118225,157636
89.1507797241211,157636
89.15457653999329,157636
89.15841555595398,157636
89.16218280792236,157636
89.16602540016174,157636
89.16985726356506,157636
89.1736741065979,157636
89.17749071121216,157636
89.18129873275757,157636
89.18514037132263,157636
89.18897414207458,157636
89.1927661895752,157636
89.1965901851654,157636
89.20040559768677,157636
89.20424127578735,157636
89.20805025100708,157636
89.21187734603882,157636
89.21574687957764,157636
89.21961188316345,157636
89.22341275215149,157636
89.22723937034607,157636
89.23105764389038,157636
89.23492383956909,157636
89.23875522613525,157636
89.24258327484131,157636
89.24640011787415,157636
89.25017285346985,157636
89.2539894580841,157636
89.25777006149292,157636
89.2615749835968,157636
89.26539468765259,157636
89.26924967765808,157636
89.2730667591095,157636
89.2769045829773,157636
89.28068161010742,157636
89.28451633453369,157636
89.28834199905396,157636
89.29212284088135,157636
89.2959361076355,157636
89.29973769187927,157636
89.30352735519409,157636
89.30734920501709,157636
89.31115961074829,157636
89.31497406959534,157636
89.31876254081726,157636
89.32254433631897,157636
89.3263201713562,157636
89.33014965057373,157636
89.33397912979126,157636
89.33780670166016,157636
89.34159398078918,157636
89.34538197517395,157636
89.3491632938385,157636
89.35298681259155,157636
89.3568286895752,157636
89.36064076423645,157636
89.36443138122559,157636
89.36822700500488,157636
89.37206268310547,157636
89.37585353851318,157636
89.37971305847168,157636
89.38354182243347,157636
89.38729929924011,157636
89.39112186431885,157636
89.39489793777466,157636
89.39870262145996,157636
89.40253853797913,157636
89.40632939338684,157636
89.41013669967651,157636
89.41394710540771,157636
89.4177918434143,157636
89.42162442207336,157636
89.42543625831604,157636
89.4292516708374,157636
89.43308711051941,157636
89.43693041801453,157636
89.4406988620758,157636
89.44452357292175,157636
89.4483551979065,157636
89.45219349861145,157636
89.45598220825195,157636
89.459801197052,157636
89.46357798576355,157636
89.46737670898438,157636
89.47118425369263,157636
89.47497081756592,157636
89.47874712944031,157636
89.48259377479553,157636
89.48644852638245,157636
89.49023842811584,157636
89.49403524398804,157636
89.49786019325256,157636
89.5016815662384,157636
89.50551271438599,157636
89.50933861732483,157636
89.51312565803528,157636
89.51694416999817,157636
89.52071928977966,157636
89.5245099067688,157636
89.52830767631531,157636
89.53209781646729,157636
89.5359308719635,157636
89.53978395462036,157636
89.54360580444336,157636
89.54743337631226,157636
89.55127549171448,157636
89.55507588386536,157636
89.55891537666321,157636
89.56275057792664,157636
89.56654977798462,157636
89.57038617134094,157636
89.57420992851257,157636
89.57803320884705,157636
89.58187317848206,157636
89.58570671081543,157636
89.58953475952148,157636
89.59335207939148,157636
89.59717178344727,157636
89.60100960731506,157636
89.60480618476868,157636
89.60863733291626,157636
89.61249923706055,157636
89.6163125038147,157636
89.62166571617126,157636
89.628249168396,157636
89.63478970527649,157636
89.64126372337341,157636
89.6477255821228,157636
89.654217004776,157636
89.66070795059204,157636
89.66722059249878,157636
89.67372918128967,157636
89.68028831481934,157636
89.68683457374573,157636
89.6933741569519,157636
89.69992685317993,157636
89.70651531219482,157636
89.71308994293213,157636
89.71971774101257,157636
89.72634649276733,157636
89.73300313949585,157636
89.73967719078064,157636
89.74635362625122,157636
89.75307369232178,157636
89.75980234146118,157636
89.76649951934814,157636
89.77318096160889,157636
89.77990078926086,157636
89.78661251068115,157636
89.79332518577576,157636
89.80003428459167,157636
89.80673623085022,157636
89.81346225738525,157636
89.82016777992249,157636
89.82687449455261,157636
89.8335931301117,157636
89.84030389785767,157636
89.84700083732605,157636
89.85373139381409,157636
89.86046171188354,157636
89.86715936660767,157636
89.87386536598206,157636
89.88058686256409,157636
89.887286901474,157636
89.89401173591614,157636
89.90072083473206,157636
89.90742874145508,157636
89.91413402557373,157636
89.92082071304321,157636
89.9275290966034,157636
89.93425726890564,157636
89.94096779823303,157636
89.94767808914185,157636
89.95435047149658,157636
89.96104216575623,157636
89.96776580810547,157636
89.9744644165039,157636
89.98116683959961,157636
89.98789405822754,157636
89.99458622932434,157636
90.00130772590637,157636
90.0080258846283,157636
90.01472926139832,157636
90.02144050598145,157636
90.02817940711975,157636
90.03486728668213,157636
90.04156732559204,157636
90.0482611656189,157636
90.05496835708618,157636
90.06166481971741,157636
90.06837606430054,157636
90.07507491111755,157636
90.0817813873291,157636
90.08852028846741,157636
90.09519124031067,157636
90.10188341140747,157636
90.1085877418518,157636
90.11527442932129,157636
90.12197709083557,157636
90.12867426872253,157636
90.13539481163025,157636
90.142098903656,157636
90.1488254070282,157636
90.15550899505615,157636
90.1621961593628,157636
90.16890668869019,157636
90.17561030387878,157636
90.18230247497559,157636
90.18902087211609,157636
90.19570589065552,157636
90.20241618156433,157636
90.20910310745239,157636
90.21580362319946,157636
90.22249031066895,157636
90.22922134399414,157636
90.23592638969421,157636
90.24264216423035,157636
90.24933314323425,157636
90.25605201721191,157636
90.26275849342346,157636
90.26948308944702,157636
90.27615976333618,157636
90.28287315368652,157636
90.2895827293396,157636
90.29626560211182,157636
90.30295538902283,157636
90.30967307090759,157636
90.3163628578186,157636
90.32307267189026,157636
90.3297986984253,157636
90.33651900291443,157636
90.34320163726807,157636
90.34990620613098,157636
90.35662293434143,157636
90.36332273483276,157636
90.37002420425415,157636
90.37675285339355,157636
90.38345408439636,157636
90.3901686668396,157636
90.39686131477356,157636
90.40357398986816,157636
90.41028809547424,157636
90.41701936721802,157636
90.42367887496948,157636
90.43039655685425,157636
90.43710041046143,157636
90.44381356239319,157636
90.45052742958069,157636
90.4572241306305,157636
90.46393918991089,157636
90.4706482887268,157636
90.47734379768372,157636
90.48404860496521,157636
90.49076724052429,157636
90.4974627494812,157636
90.50415682792664,157636
90.51087522506714,157636
90.51756429672241,157636
90.52426242828369,157636
90.53097748756409,157636
90.53770565986633,157636
90.54443264007568,157636
90.5511360168457,157636
90.55783581733704,157636
90.56455206871033,157636
90.57124376296997,157636
90.57794451713562,157636
90.58466529846191,157636
90.59138107299805,157636
90.59810972213745,157636
90.60481786727905,157636
90.6115186214447,157636
90.61822462081909,157636
90.62493801116943,157636
90.63164639472961,157636
90.63833093643188,157636
90.64502048492432,157636
90.65173578262329,157636
90.6584587097168,157636
90.66514587402344,157636
90.67185521125793,157636
90.67855715751648,157636
90.6852478981018,157636
90.69196724891663,157636
90.69869232177734,157636
90.70538759231567,157636
90.71207189559937,157636
90.71879124641418,157636
90.72549247741699,157636
90.73218154907227,157636
90.73888278007507,157636
90.7442033290863,157636
90.74799704551697,157636
90.7518105506897,157636
90.75565433502197,157636
90.75948357582092,157636
90.76332187652588,157636
90.76716804504395,157636
90.77098083496094,157636
90.77479958534241,157636
90.77864289283752,157636
90.78241753578186,157636
90.78622388839722,157636
90.79002737998962,157636
90.79385542869568,157636
90.79768228530884,157636
90.80146813392639,157636
90.8052864074707,157636
90.80910325050354,157636
90.81295037269592,157636
90.81673741340637,157636
90.82054042816162,157636
90.82434940338135,157636
90.82817077636719,157636
90.8320004940033,157636
90.83580303192139,157636
90.83962750434875,157636
90.84344959259033,157636
90.8472809791565,157636
90.85113644599915,157636
90.85494446754456,157636
90.85876560211182,157636
90.86258387565613,157636
90.86639881134033,157636
90.87021541595459,157636
90.87404584884644,157636
90.8778429031372,157636
90.88166618347168,157636
90.8854820728302,157636
90.88935208320618,157636
90.89317679405212,157636
90.89705300331116,157636
90.90082836151123,157636
90.9046220779419,157636
90.90845370292664,157636
90.91227197647095,157636
90.91605949401855,157636
90.919846534729,157636
90.92365074157715,157636
90.92743229866028,157636
90.93123197555542,157636
90.93504738807678,157636
90.93891954421997,157636
90.942715883255,157636
90.94654417037964,157636
90.95034146308899,157636
90.95417189598083,157636
90.95801186561584,157636
90.96180510520935,157636
90.96564102172852,157636
90.9694766998291,157636
90.97328209877014,157636
90.97710347175598,157636
90.98088479042053,157636
90.98466229438782,157636
90.9884786605835,157636
90.99229335784912,157636
90.99608850479126,157636
90.9999327659607,157636
91.00374746322632,157636
91.00755667686462,157636
91.01138615608215,157636
91.01519656181335,157636
91.01900744438171,157636
91.0227620601654,157636
91.02657747268677,157636
91.0304069519043,157636
91.03420400619507,157636
91.0380027294159,157636
91.04177641868591,157636
91.04558777809143,157636
91.049391746521,157636
91.05318284034729,157636
91.05699014663696,157636
91.06082773208618,157636
91.06462860107422,157636
91.06846976280212,157636
91.07227969169617,157636
91.07608556747437,157636
91.0799503326416,157636
91.08374834060669,157636
91.08757615089417,157636
91.0914032459259,157636
91.09524774551392,157636
91.09904623031616,157636
91.1028778553009,157636
91.10671138763428,157636
91.11049890518188,157636
91.11430072784424,157636
91.11810374259949,157636
91.12193155288696,157636
91.12573862075806,157636
91.12954211235046,157636
91.13334250450134,157636
91.13718223571777,157636
91.1409969329834,157636
91.14480352401733,157636
91.14859104156494,157636
91.15238833427429,157636
91.15619325637817,157636
91.16004800796509,157636
91.16384673118591,157636
91.16769409179688,157636
91.17149376869202,157636
91.17529845237732,157636
91.17910408973694,157636
91.18291163444519,157636
91.18673896789551,157636
91.19053888320923,157636
91.19434261322021,157636
91.19816660881042,157636
91.2019898891449,157636
91.20581936836243,157636
91.20961833000183,157636
91.21341395378113,157636
91.21717667579651,157636
91.22095227241516,157636
91.22473621368408,157636
91.22857594490051,157636
91.23239064216614,157636
91.23620772361755,157636
91.24003386497498,157636
91.24381232261658,157636
91.2476077079773,157636
91.25141835212708,157636
91.25524425506592,157636
91.25905776023865,157636
91.26287841796875,157636
91.26666736602783,157636
91.27045154571533,157636
91.2742817401886,157636
91.27808928489685,157636
91.28184747695923,157636
91.28567314147949,157636
91.28948330879211,157636
91.29328942298889,157636
91.29711437225342,157636
91.30093598365784,157636
91.30473017692566,157636
91.30856108665466,157636
91.31235957145691,157636
91.3161928653717,157636
91.31997895240784,157636
91.32374453544617,157636
91.32755017280579,157636
91.33136081695557,157636
91.33514070510864,157636
91.33900952339172,157636
91.34281730651855,157636
91.34662508964539,157636
91.35045433044434,157636
91.35427713394165,157636
91.35809826850891,157636
91.36187243461609,157636
91.36565709114075,157636
91.36950349807739,157636
91.37331080436707,157636
91.37714338302612,157636
91.38097047805786,157636
91.38480353355408,157636
91.38861393928528,157636
91.39242625236511,157636
91.39621043205261,157636
91.40004754066467,157636
91.40381479263306,157636
91.40764904022217,157636
91.41150212287903,157636
91.4152524471283,157636
91.4190444946289,157636
91.42284059524536,157636
91.42664361000061,157636
91.43044447898865,157636
91.43425345420837,157636
91.43809127807617,157636
91.44189500808716,157636
91.44572639465332,157636
91.44954419136047,157636
91.45334792137146,157636
91.45715355873108,157636
91.46095418930054,157636
91.46476101875305,157636
91.46859335899353,157636
91.47242164611816,157636
91.47624015808105,157636
91.48006629943848,157636
91.48386812210083,157636
91.48769903182983,157636
91.4914779663086,157636
91.49525856971741,157636
91.49907302856445,157636
91.50290393829346,157636
91.50672340393066,157636
91.51054453849792,157636
91.51435995101929,157636
91.51818537712097,157636
91.52199840545654,157636
91.52582478523254,157636
91.5296573638916,157636
91.53342962265015,157636
91.5372314453125,157636
91.54105544090271,157636
91.54487586021423,157636
91.54867911338806,157636
91.55251097679138,157636
91.55631971359253,157636
91.56020331382751,157636
91.56402277946472,157636
91.56786108016968,157636
91.57168436050415,157636
91.57550358772278,157636
91.57930755615234,157636
91.5831356048584,157636
91.58697390556335,157636
91.5908100605011,157636
91.59460711479187,157636
91.59842491149902,157636
91.60226154327393,157636
91.6060631275177,157636
91.6098985671997,157636
91.61373472213745,157636
91.61753797531128,157636
91.62132096290588,157636
91.62516212463379,157636
91.62899374961853,157636
91.63278889656067,157636
91.63661217689514,157636
91.64044761657715,157636
91.6442506313324,157636
91.64806318283081,157636
91.65186715126038,157636
91.65567350387573,157636
91.65948104858398,157636
91.66330122947693,157636
91.66716694831848,157636
91.67098760604858,157636
91.67476749420166,157636
91.67855620384216,157636
91.68239212036133,157636
91.68618392944336,157636
91.6899790763855,157636
91.69380974769592,157636
91.69762253761292,157636
91.70140886306763,157636
91.7052206993103,157636
91.70901918411255,157636
91.71280932426453,157636
91.71665263175964,157636
91.720449924469,157636
91.72424602508545,157636
91.72806215286255,157636
91.73184370994568,157636
91.73566246032715,157636
91.73946976661682,157636
91.7432587146759,157636
91.74713253974915,157636
91.75093388557434,157636
91.75473499298096,157636
91.75852680206299,157636
91.76240229606628,157636
91.76620507240295,157636
91.77003312110901,157636
91.77386450767517,157636
91.77771759033203,157636
91.781564950943,157636
91.7853639125824,157636
91.78915548324585,157636
91.79297208786011,157636
91.7968111038208,157636
91.8006591796875,157636
91.80447673797607,157636
91.80828499794006,157636
91.81207513809204,157636
91.81588888168335,157636
91.8197374343872,157636
91.82356882095337,157636
91.82738590240479,157636
91.83119368553162,157636
91.83500504493713,157636
91.8387999534607,157636
91.84259867668152,157636
91.84643054008484,157636
91.85020613670349,157636
91.85399651527405,157636
91.85783982276917,157636
91.86167931556702,157636
91.86550092697144,157636
91.86930012702942,157636
91.87310218811035,157636
91.87695169448853,157636
91.8807475566864,157636
91.88455271720886,157636
91.88838863372803,157636
91.89218974113464,157636
91.8960189819336,157636
91.8998339176178,157636
91.9036386013031,157636
91.90746092796326,157636
91.91128325462341,157636
91.9150984287262,157636
91.9189658164978,157636
91.92275786399841,157636
91.92661690711975,157636
91.93042492866516,157636
91.93423652648926,157636
91.93802523612976,157636
91.94183421134949,157636
91.94566798210144,157636
91.9495439529419,157636
91.95334506034851,157636
91.95714497566223,157636
91.96098041534424,157636
91.9647970199585,157636
91.96865153312683,157636
91.9724531173706,157636
91.97621941566467,157636
91.98003315925598,157636
91.98382568359375,157636
91.98765134811401,157636
91.99144244194031,157636
91.99523758888245,157636
91.99903678894043,157636
92.00287699699402,157636
92.00667142868042,157636
92.01050448417664,157636
92.0143129825592,157636
92.01815414428711,157636
92.0219361782074,157636
92.0257318019867,157636
92.02952408790588,157636
92.03332090377808,157636
92.03712034225464,157636
92.04093170166016,157636
92.04476237297058,157636
92.0485827922821,157636
92.05241131782532,157636
92.05620884895325,157636
92.06003785133362,157636
92.06388545036316,157636
92.06772518157959,157636
92.07156085968018,157636
92.07537341117859,157636
92.07918930053711,157636
92.08299565315247,157636
92.0868010520935,157636
92.09060764312744,157636
92.09440279006958,157636
92.09822630882263,157636
92.10204005241394,157636
92.10585713386536,157636
92.1096739768982,157636
92.1134901046753,157636
92.11731290817261,157636
92.12108039855957,157636
92.12489295005798,157636
92.1287260055542,157636
92.13257956504822,157636
92.13643527030945,157636
92.14022612571716,157636
92.14408707618713,157636
92.14792728424072,157636
92.15173149108887,157636
92.15550780296326,157636
92.15929579734802,157636
92.16306209564209,157636
92.16688776016235,157636
92.17066955566406,157636
92.17444777488708,157636
92.17827224731445,157636
92.18211603164673,157636
92.18592762947083,157636
92.1897349357605,157636
92.19356322288513,157636
92.19738817214966,157636
92.20117235183716,157636
92.20499801635742,157636
92.20883631706238,157636
92.2126693725586,157636
92.2165207862854,157636
92.22035694122314,157636
92.22418785095215,157636
92.22801780700684,157636
92.23182892799377,157636
92.23567771911621,157636
92.23948526382446,157636
92.24330925941467,157636
92.24710488319397,157636
92.25093221664429,157636
92.25475406646729,157636
92.25855350494385,157636
92.26235389709473,157636
92.26616287231445,157636
92.26998114585876,157636
92.27379179000854,157636
92.27761197090149,157636
92.28144335746765,157636
92.28526759147644,157636
92.28907084465027,157636
92.29288458824158,157636
92.29670333862305,157636
92.30052328109741,157636
92.30431747436523,157636
92.30814218521118,157636
92.31196475028992,157636
92.31577253341675,157636
92.31958055496216,157636
92.3234326839447,157636
92.32725071907043,157636
92.33108115196228,157636
92.33490419387817,157636
92.33871817588806,157636
92.34248876571655,157636
92.34630012512207,157636
92.3501205444336,157636
92.35395312309265,157636
92.35776448249817,157636
92.36158323287964,157636
92.36539053916931,157636
92.36920762062073,157636
92.37304043769836,157636
92.3768846988678,157636
92.38072466850281,157636
92.38456606864929,157636
92.38837242126465,157636
92.39218974113464,157636
92.39595890045166,157636
92.39977526664734,157636
92.40355086326599,157636
92.40741205215454,157636
92.41123819351196,157636
92.4150025844574,157636
92.41879916191101,157636
92.42261481285095,157636
92.42640089988708,157636
92.43020272254944,157636
92.4340226650238,157636
92.43781566619873,157636
92.44162654876709,157636
92.44543242454529,157636
92.44921970367432,157636
92.45299339294434,157636
92.45683550834656,157636
92.46256756782532,157636
92.46939992904663,157636
92.47619986534119,157636
92.48306918144226,157636
92.48994445800781,157636
92.4968273639679,157636
92.50367498397827,157636
92.51053977012634,157636
92.5174012184143,157636
92.52420926094055,157636
92.53111481666565,157636
92.53800916671753,157636
92.54488778114319,157636
92.55178761482239,157636
92.5586256980896,157636
92.56541705131531,157636
92.57224249839783,157636
92.5790491104126,157636
92.58590388298035,157636
92.59274649620056,157636
92.59960532188416,157636
92.60643124580383,157636
92.61325216293335,157636
92.62007141113281,157636
92.62689518928528,157636
92.63372325897217,157636
92.64057612419128,157636
92.64741539955139,157636
92.65429282188416,157636
92.66091227531433,157636
92.66745352745056,157636
92.67383813858032,157636
92.68024206161499,157636
92.68671321868896,157636
92.69320011138916,157636
92.6996386051178,157636
92.70606112480164,157636
92.71251320838928,157636
92.71897792816162,157636
92.72543954849243,157636
92.73195600509644,157636
92.7384524345398,157636
92.7449541091919,157636
92.75147294998169,157636
92.75798726081848,157636
92.76454210281372,157636
92.77107310295105,157636
92.7775821685791,157636
92.78409910202026,157636
92.79066705703735,157636
92.79721307754517,157636
92.80373859405518,157636
92.81029343605042,157636
92.81687474250793,157636
92.82342386245728,157636
92.82998061180115,157636
92.83654451370239,157636
92.84309697151184,157636
92.8496789932251,157636
92.85624432563782,157636
92.86277365684509,157636
92.8693151473999,157636
92.87590479850769,157636
92.88247680664062,157636
92.88904166221619,157636
92.89560127258301,157636
92.90216398239136,157636
92.90872645378113,157636
92.91525197029114,157636
92.92181754112244,157636
92.92842125892639,157636
92.93495035171509,157636
92.94150018692017,157636
92.94806861877441,157636
92.9546480178833,157636
92.96121716499329,157636
92.96777510643005,157636
92.97429323196411,157636
92.98085737228394,157636
92.98743844032288,157636
92.99399638175964,157636
93.00057458877563,157636
93.00714540481567,157636
93.01373410224915,157636
93.02028608322144,157636
93.02684593200684,157636
93.03342962265015,157636
93.03999900817871,157636
93.0465919971466,157636
93.05310344696045,157636
93.05967092514038,157636
93.06623339653015,157636
93.07282161712646,157636
93.07940196990967,157636
93.08595776557922,157636
93.09253430366516,157636
93.0991153717041,157636
93.10570454597473,157636
93.1122772693634,157636
93.1188313961029,157636
93.12539458274841,157636
93.13258361816406,157636
93.13919949531555,157636
93.14581441879272,157636
93.15241646766663,157636
93.15894389152527,157636
93.1654760837555,157636
93.17203950881958,157636
93.17863202095032,157636
93.18517398834229,157636
93.19181180000305,157636
93.19842338562012,157636
93.20501446723938,157636
93.21159839630127,157636
93.21815657615662,157636
93.22473502159119,157636
93.23128867149353,157636
93.23783659934998,157636
93.24441814422607,157636
93.25093054771423,157636
93.25741195678711,157636
93.2638349533081,157636
93.27029585838318,157636
93.2767870426178,157636
93.28331542015076,157636
93.28981709480286,157636
93.29635548591614,157636
93.30291056632996,157636
93.30950593948364,157636
93.31605625152588,157636
93.32260632514954,157636
93.32915449142456,157636
93.33574891090393,157636
93.34230661392212,157636
93.34888696670532,157636
93.35545825958252,157636
93.36201477050781,157636
93.36860632896423,157636
93.37514352798462,157636
93.3817355632782,157636
93.3883113861084,157636
93.3948917388916,157636
93.40146803855896,157636
93.40807628631592,157636
93.4146671295166,157636
93.42126965522766,157636
93.42790222167969,157636
93.43451166152954,157636
93.44110608100891,157636
93.44771599769592,157636
93.4543182849884,157636
93.46095824241638,157636
93.46756410598755,157636
93.47416305541992,157636
93.4807870388031,157636
93.48741626739502,157636
93.4940710067749,157636
93.50072526931763,157636
93.5074143409729,157636
93.51405215263367,157636
93.52071380615234,157636
93.52736973762512,157636
93.53408241271973,157636
93.54079008102417,157636
93.54751682281494,157636
93.55423140525818,157636
93.5610089302063,157636
93.56777429580688,157636
93.5745096206665,157636
93.58127236366272,157636
93.58791208267212,157636
93.5945074558258,157636
93.59833717346191,157636
93.60214471817017,157636
93.60597562789917,157636
93.60979104042053,157636
93.61359214782715,157636
93.61745572090149,157636
93.62127542495728,157636
93.62510132789612,157636
93.62891960144043,157636
93.6327166557312,157636
93.63651609420776,157636
93.64029574394226,157636
93.64413928985596,157636
93.64798903465271,157636
93.65179133415222,157636
93.65560483932495,157636
93.6593987941742,157636
93.66321325302124,157636
93.66702699661255,157636
93.67082166671753,157636
93.67464256286621,157636
93.67845869064331,157636
93.68223834037781,157636
93.6860682964325,157636
93.68994331359863,157636
93.69371747970581,157636
93.69752526283264,157636
93.70134902000427,157636
93.70511770248413,157636
93.7089331150055,157636
93.7127423286438,157636
93.71653652191162,157636
93.72033214569092,157636
93.72415161132812,157636
93.72801876068115,157636
93.73184061050415,157636
93.73564505577087,157636
93.73945808410645,157636
93.74323773384094,157636
93.7470428943634,157636
93.75086665153503,157636
93.754638671875,157636
93.7584240436554,157636
93.76224446296692,157636
93.76606345176697,157636
93.76987814903259,157636
93.77368998527527,157636
93.77749586105347,157636
93.78127241134644,157636
93.78508496284485,157636
93.78891944885254,157636
93.79269862174988,157636
93.79649043083191,157636
93.80027794837952,157636
93.80407357215881,157636
93.80789732933044,157636
93.8117208480835,157636
93.815509557724,157636
93.81937146186829,157636
93.82321739196777,157636
93.82706093788147,157636
93.83092021942139,157636
93.83471822738647,157636
93.83853793144226,157636
93.84241032600403,157636
93.84621238708496,157636
93.85006880760193,157636
93.85390019416809,157636
93.85774970054626,157636
93.86155033111572,157636
93.86532759666443,157636
93.86913132667542,157636
93.8729510307312,157636
93.87676763534546,157636
93.88058876991272,157636
93.88438415527344,157636
93.88819932937622,157636
93.8920066356659,157636
93.8958044052124,157636
93.89963436126709,157636
93.90345907211304,157636
93.9072597026825,157636
93.911048412323,157636
93.9148588180542,157636
93.91865372657776,157636
93.92247319221497,157636
93.92625761032104,157636
93.93006539344788,157636
93.93390345573425,157636
93.93777084350586,157636
93.94159126281738,157636
93.94537472724915,157636
93.94921493530273,157636
93.95304727554321,157636
93.95690107345581,157636
93.96067333221436,157636
93.96449160575867,157636
93.9683153629303,157636
93.97211861610413,157636
93.97591066360474,157636
93.97972178459167,157636
93.98351287841797,157636
93.98731899261475,157636
93.99115991592407,157636
93.99496245384216,157636
93.99878859519958,157636
94.00260043144226,157636
94.00639295578003,157636
94.01019215583801,157636
94.01398062705994,157636
94.01784014701843,157636
94.02158451080322,157636
94.02541041374207,157636
94.02923965454102,157636
94.03306722640991,157636
94.03689575195312,157636
94.04067492485046,157636
94.04449677467346,157636
94.0482668876648,157636
94.05206513404846,157636
94.05588102340698,157636
94.05971813201904,157636
94.0635449886322,157636
94.06734681129456,157636
94.07116317749023,157636
94.07495427131653,157636
94.07874393463135,157636
94.08259510993958,157636
94.08641362190247,157636
94.0902349948883,157636
94.09403848648071,157636
94.09783625602722,157636
94.10169696807861,157636
94.10550451278687,157636
94.10930824279785,157636
94.11312627792358,157636
94.11694645881653,157636
94.12075138092041,157636
94.12457656860352,157636
94.12841701507568,157636
94.13379693031311,157636
94.14042472839355,157636
94.14726495742798,157636
94.15402388572693,157636
94.16080594062805,157636
94.16762709617615,157636
94.17441582679749,157636
94.18122577667236,157636
94.18810653686523,157636
94.19497513771057,157636
94.20181965827942,157636
94.20870351791382,157636
94.21562457084656,157636
94.22251105308533,157636
94.22941327095032,157636
94.23630738258362,157636
94.24325942993164,157636
94.25017619132996,157636
94.25712776184082,157636
94.26403021812439,157636
94.27097940444946,157636
94.27792930603027,157636
94.28487420082092,157636
94.29182314872742,157636
94.29877519607544,157636
94.30572032928467,157636
94.3126745223999,157636
94.31970882415771,157636
94.32673573493958,157636
94.33379244804382,157636
94.34087657928467,157636
94.3479483127594,157636
94.35505056381226,157636
94.36216402053833,157636
94.36928796768188,157636
94.37640118598938,157636
94.38352704048157,157636
94.39068984985352,157636
94.39781332015991,157636
94.40494060516357,157636
94.41207242012024,157636
94.41920113563538,157636
94.42632842063904,157636
94.43346786499023,157636
94.4406111240387,157636
94.44779992103577,157636
94.45498371124268,157636
94.46218419075012,157636
94.46937537193298,157636
94.47657084465027,157636
94.48373651504517,157636
94.49092245101929,157636
94.49811100959778,157636
94.50529384613037,157636
94.51249718666077,157636
94.51968622207642,157636
94.52688360214233,157636
94.5340805053711,157636
94.54126214981079,157636
94.54845428466797,157636
94.55564785003662,157636
94.56284856796265,157636
94.57005167007446,157636
94.57725262641907,157636
94.58444404602051,157636
94.5916395187378,157636
94.59885478019714,157636
94.60604238510132,157636
94.61322665214539,157636
94.62042379379272,157636
94.62761855125427,157636
94.63479852676392,157636
94.64197659492493,157636
94.64914989471436,157636
94.6563138961792,157636
94.66350317001343,157636
94.6706862449646,157636
94.67785167694092,157636
94.68505525588989,157636
94.69224381446838,157636
94.6994366645813,157636
94.70663189888,157636
94.7138078212738,157636
94.72099900245667,157636
94.72819471359253,157636
94.7353880405426,157636
94.74256134033203,157636
94.74977254867554,157636
94.75697565078735,157636
94.76415276527405,157636
94.7713406085968,157636
94.77853155136108,157636
94.78570938110352,157636
94.79289174079895,157636
94.80009055137634,157636
94.8072681427002,157636
94.81444644927979,157636
94.82164478302002,157636
94.82883858680725,157636
94.8360345363617,157636
94.84323334693909,157636
94.85041737556458,157636
94.85760688781738,157636
94.86477828025818,157636
94.87196946144104,157636
94.8791515827179,157636
94.8863320350647,157636
94.89354515075684,157636
94.90074300765991,157636
94.90793442726135,157636
94.91510581970215,157636
94.92229175567627,157636
94.92948746681213,157636
94.93667578697205,157636
94.94385075569153,157636
94.95102405548096,157636
94.95819616317749,157636
94.96534609794617,157636
94.97251987457275,157636
94.97967886924744,157636
94.98688507080078,157636
94.9940767288208,157636
95.00127220153809,157636
95.00848031044006,157636
95.01566195487976,157636
95.0228488445282,157636
95.03005909919739,157636
95.03726005554199,157636
95.04444575309753,157636
95.05163526535034,157636
95.05882906913757,157636
95.06600880622864,157636
95.07319903373718,157636
95.08038711547852,157636
95.08758425712585,157636
95.0947744846344,157636
95.10197067260742,157636
95.10914993286133,157636
95.11634087562561,157636
95.12354898452759,157636
95.13075351715088,157636
95.13796329498291,157636
95.14515089988708,157636
95.15235304832458,157636
95.15954685211182,157636
95.16674733161926,157636
95.17392611503601,157636
95.1811056137085,157636
95.1883156299591,157636
95.19549989700317,157636
95.20269131660461,157636
95.20988702774048,157636
95.21706652641296,157636
95.22423434257507,157636
95.23142600059509,157636
95.23861503601074,157636
95.24577474594116,157636
95.25294947624207,157636
95.26012063026428,157636
95.2672905921936,157636
95.27445554733276,157636
95.28164291381836,157636
95.28883290290833,157636
95.29602718353271,157636
95.30321931838989,157636
95.31041431427002,157636
95.31760597229004,157636
95.32479310035706,157636
95.33199167251587,157636
95.33918380737305,157636
95.34636187553406,157636
95.35357069969177,157636
95.36077046394348,157636
95.36796760559082,157636
95.37516164779663,157636
95.38235425949097,157636
95.38956570625305,157636
95.3967649936676,157636
95.40394687652588,157636
95.41112947463989,157636
95.4183337688446,157636
95.42551946640015,157636
95.43268895149231,157636
95.43987989425659,157636
95.44706845283508,157636
95.4542407989502,157636
95.46145224571228,157636
95.46864533424377,157636
95.47583603858948,157636
95.48303723335266,157636
95.49024081230164,157636
95.49742674827576,157636
95.50461554527283,157636
95.51180529594421,157636
95.51899480819702,157636
95.52618980407715,157636
95.53337860107422,157636
95.54056453704834,157636
95.54774284362793,157636
95.55490899085999,157636
95.5620813369751,157636
95.56924223899841,157636
95.57642841339111,157636
95.58358454704285,157636
95.59077262878418,157636
95.59797096252441,157636
95.60514712333679,157636
95.61233615875244,157636
95.61953520774841,157636
95.6267340183258,157636
95.63390851020813,157636
95.64110112190247,157636
95.6482994556427,157636
95.65547728538513,157636
95.66266584396362,157636
95.6698579788208,157636
95.67703819274902,157636
95.6842291355133,157636
95.69140100479126,157636
95.69858598709106,157636
95.70578098297119,157636
95.7129852771759,157636
95.72017478942871,157636
95.72736310958862,157636
95.73457050323486,157636
95.7417516708374,157636
95.74893307685852,157636
95.75610828399658,157636
95.76328563690186,157636
95.77047300338745,157636
95.77766966819763,157636
95.78485226631165,157636
95.79204654693604,157636
95.79921507835388,157636
95.80640029907227,157636
95.81357669830322,157636
95.82076239585876,157636
95.82796597480774,157636
95.83514094352722,157636
95.84231638908386,157636
95.84949493408203,157636
95.85665702819824,157636
95.86382818222046,157636
95.87100625038147,157636
95.8781898021698,157636
95.88533997535706,157636
95.89255475997925,157636
95.89974784851074,157636
95.90694499015808,157636
95.91414022445679,157636
95.92133331298828,157636
95.92851161956787,157636
95.93568277359009,157636
95.9428722858429,157636
95.9500503540039,157636
95.95723152160645,157636
95.96442747116089,157636
95.97162699699402,157636
95.97882723808289,157636
95.98601293563843,157636
95.99321222305298,157636
96.00041365623474,157636
96.0076208114624,157636
96.01479434967041,157636
96.02198553085327,157636
96.02918457984924,157636
96.03636002540588,157636
96.04355382919312,157636
96.05075788497925,157636
96.05793976783752,157636
96.06512403488159,157636
96.07231426239014,157636
96.07952523231506,157636
96.08671712875366,157636
96.09389019012451,157636
96.10109376907349,157636
96.10828423500061,157636
96.11548614501953,157636
96.12268853187561,157636
96.1298885345459,157636
96.13709282875061,157636
96.14429545402527,157636
96.15147018432617,157636
96.15863585472107,157636
96.16581988334656,157636
96.17299699783325,157636
96.1801643371582,157636
96.18725323677063,157636
96.19109773635864,157636
96.19489574432373,157636
96.19871711730957,157636
96.20254802703857,157636
96.20634746551514,157636
96.21012926101685,157636
96.21393656730652,157636
96.21773076057434,157636
96.2215404510498,157636
96.22537684440613,157636
96.22916960716248,157636
96.23299860954285,157636
96.23680090904236,157636
96.24057626724243,157636
96.24440240859985,157636
96.24823665618896,157636
96.25207662582397,157636
96.25592970848083,157636
96.25977563858032,157636
96.26357126235962,157636
96.26739406585693,157636
96.27119135856628,157636
96.27502274513245,157636
96.27879738807678,157636
96.28259611129761,157636
96.2864191532135,157636
96.29020524024963,157636
96.29402470588684,157636
96.29782462120056,157636
96.30164432525635,157636
96.30541563034058,157636
96.30924487113953,157636
96.31303858757019,157636
96.31684255599976,157636
96.32062983512878,157636
96.32440423965454,157636
96.32822179794312,157636
96.33200645446777,157636
96.33581447601318,157636
96.33964729309082,157636
96.34343600273132,157636
96.3472592830658,157636
96.35106015205383,157636
96.3548595905304,157636
96.35870313644409,157636
96.36253881454468,157636
96.36631202697754,157636
96.37016987800598,157636
96.3739914894104,157636
96.37783336639404,157636
96.38159799575806,157636
96.38537740707397,157636
96.38919377326965,157636
96.39296531677246,157636
96.3967854976654,157636
96.40061068534851,157636
96.40442895889282,157636
96.40823936462402,157636
96.41203761100769,157636
96.41582560539246,157636
96.41966080665588,157636
96.42345261573792,157636
96.4272472858429,157636
96.43106770515442,157636
96.43487286567688,157636
96.43870186805725,157636
96.44251275062561,157636
96.44632935523987,157636
96.45014071464539,157636
96.45392394065857,157636
96.45777249336243,157636
96.46155142784119,157636
96.46537470817566,157636
96.46921753883362,157636
96.4730658531189,157636
96.47685098648071,157636
96.48064470291138,157636
96.48444986343384,157636
96.48826503753662,157636
96.49206924438477,157636
96.49587631225586,157636
96.49973058700562,157636
96.50355648994446,157636
96.50739979743958,157636
96.51119184494019,157636
96.51497101783752,157636
96.51879239082336,157636
96.52257561683655,157636
96.52633857727051,157636
96.53015804290771,157636
96.53396511077881,157636
96.53779649734497,157636
96.54160690307617,157636
96.545401096344,157636
96.54919528961182,157636
96.55299019813538,157636
96.55679750442505,157636
96.56060695648193,157636
96.56438112258911,157636
96.56817436218262,157636
96.5719780921936,157636
96.57578825950623,157636
96.57961225509644,157636
96.58343529701233,157636
96.58726501464844,157636
96.59108543395996,157636
96.59492707252502,157636
96.59874820709229,157636
96.60255718231201,157636
96.60635781288147,157636
96.61014151573181,157636
96.61396265029907,157636
96.61775279045105,157636
96.62155628204346,157636
96.62535405158997,157636
96.62917184829712,157636
96.63296508789062,157636
96.63678336143494,157636
96.6405999660492,157636
96.64440035820007,157636
96.64822721481323,157636
96.65206909179688,157636
96.6559112071991,157636
96.65970301628113,157636
96.66351652145386,157636
96.66733002662659,157636
96.67117619514465,157636
96.67498898506165,157636
96.67879486083984,157636
96.68254113197327,157636
96.68635249137878,157636
96.69014358520508,157636
96.69399571418762,157636
96.69780397415161,157636
96.70155882835388,157636
96.70537090301514,157636
96.70920038223267,157636
96.71299052238464,157636
96.71681213378906,157636
96.72060942649841,157636
96.72437334060669,157636
96.72822761535645,157636
96.73201060295105,157636
96.73583364486694,157636
96.73966574668884,157636
96.74345970153809,157636
96.74727725982666,157636
96.75111699104309,157636
96.75494003295898,157636
96.75879883766174,157636
96.76260590553284,157636
96.766428232193,157636
96.7702534198761,157636
96.77405571937561,157636
96.77790021896362,157636
96.78169322013855,157636
96.78549814224243,157636
96.78931021690369,157636
96.79317021369934,157636
96.79697847366333,157636
96.80078053474426,157636
96.80457401275635,157636
96.80833983421326,157636
96.81219053268433,157636
96.815997838974,157636
96.81982398033142,157636
96.82360863685608,157636
96.82738876342773,157636
96.83118748664856,157636
96.83500385284424,157636
96.83881831169128,157636
96.84262466430664,157636
96.8464503288269,157636
96.85025358200073,157636
96.85402393341064,157636
96.8578712940216,157636
96.86169838905334,157636
96.86550951004028,157636
96.86932754516602,157636
96.87321257591248,157636
96.8770534992218,157636
96.88088083267212,157636
96.88474011421204,157636
96.88859009742737,157636
96.89244771003723,157636
96.89626407623291,157636
96.90009140968323,157636
96.90388536453247,157636
96.90771770477295,157636
96.91152858734131,157636
96.91532683372498,157636
96.91916751861572,157636
96.92298007011414,157636
96.92681765556335,157636
96.93063306808472,157636
96.93445873260498,157636
96.9382529258728,157636
96.94208598136902,157636
96.94589972496033,157636
96.9497241973877,157636
96.95354628562927,157636
96.95734000205994,157636
96.96115803718567,157636
96.964998960495,157636
96.96885442733765,157636
96.97268009185791,157636
96.97649073600769,157636
96.98028659820557,157636
96.98409223556519,157636
96.98788595199585,157636
96.99170231819153,157636
96.99553108215332,157636
96.99934124946594,157636
97.00316166877747,157636
97.006995677948,157636
97.0108208656311,157636
97.01457619667053,157636
97.01841902732849,157636
97.0222716331482,157636
97.02606439590454,157636
97.02987027168274,157636
97.03369903564453,157636
97.03749203681946,157636
97.04126405715942,157636
97.04503226280212,157636
97.04884743690491,157636
97.05263352394104,157636
97.05646467208862,157636
97.06030368804932,157636
97.06409931182861,157636
97.06792521476746,157636
97.07171392440796,157636
97.07548308372498,157636
97.07930755615234,157636
97.08307433128357,157636
97.08687329292297,157636
97.09069013595581,157636
97.0945303440094,157636
97.09832906723022,157636
97.10211849212646,157636
97.1059365272522,157636
97.10974526405334,157636
97.11355638504028,157636
97.11741709709167,157636
97.1212055683136,157636
97.12497568130493,157636
97.12881231307983,157636
97.13261246681213,157636
97.13642477989197,157636
97.14026427268982,157636
97.14405179023743,157636
97.14792704582214,157636
97.15173888206482,157636
97.15556383132935,157636
97.15938115119934,157636
97.1631920337677,157636
97.16698408126831,157636
97.17080426216125,157636
97.17460751533508,157636
97.17847180366516,157636
97.18227171897888,157636
97.186119556427,157636
97.18999719619751,157636
97.19379258155823,157636
97.19760870933533,157636
97.20141577720642,157636
97.20523762702942,157636
97.20903062820435,157636
97.21285772323608,157636
97.21665406227112,157636
97.22049927711487,157636
97.22427606582642,157636
97.22813105583191,157636
97.23194909095764,157636
97.23575353622437,157636
97.23960280418396,157636
97.24337100982666,157636
97.24720120429993,157636
97.25102949142456,157636
97.25481414794922,157636
97.25863599777222,157636
97.2624659538269,157636
97.2662570476532,157636
97.27010941505432,157636
97.27394914627075,157636
97.27777576446533,157636
97.28158330917358,157636
97.28538060188293,157636
97.28921461105347,157636
97.29300951957703,157636
97.29683518409729,157636
97.3006317615509,157636
97.30443596839905,157636
97.30829501152039,157636
97.31212830543518,157636
97.31591081619263,157636
97.31968903541565,157636
97.32353472709656,157636
97.3273401260376,157636
97.33111643791199,157636
97.33492374420166,157636
97.33876347541809,157636
97.34260058403015,157636
97.3464424610138,157636
97.35025358200073,157636
97.35407161712646,157636
97.35787653923035,157636
97.36165952682495,157636
97.36547803878784,157636
97.36930727958679,157636
97.3731336593628,157636
97.3769645690918,157636
97.38079166412354,157636
97.38463973999023,157636
97.38846468925476,157636
97.39225625991821,157636
97.39605569839478,157636
97.39988207817078,157636
97.40372729301453,157636
97.40751218795776,157636
97.41126656532288,157636
97.41507387161255,157636
97.41893124580383,157636
97.42270374298096,157636
97.42650961875916,157636
97.43031072616577,157636
97.4341299533844,157636
97.43796968460083,157636
97.44177436828613,157636
97.44559168815613,157636
97.44941186904907,157636
97.453204870224,157636
97.45704293251038,157636
97.4608633518219,157636
97.46468377113342,157636
97.46848917007446,157636
97.47230339050293,157636
97.47611737251282,157636
97.47990298271179,157636
97.48370790481567,157636
97.4875168800354,157636
97.49135375022888,157636
97.49520254135132,157636
97.49904561042786,157636
97.50286293029785,157636
97.50668573379517,157636
97.51044607162476,157636
97.51427102088928,157636
97.51809883117676,157636
97.52187824249268,157636
97.52565479278564,157636
97.52944850921631,157636
97.53327751159668,157636
97.53713583946228,157636
97.54095721244812,157636
97.54477548599243,157636
97.54866075515747,157636
97.55249404907227,157636
97.55632829666138,157636
97.56011772155762,157636
97.5639398097992,157636
97.56775736808777,157636
97.57156562805176,157636
97.57538485527039,157636
97.57916235923767,157636
97.58294439315796,157636
97.58677077293396,157636
97.59060478210449,157636
97.594398021698,157636
97.5981981754303,157636
97.60200524330139,157636
97.60578727722168,157636
97.60960626602173,157636
97.61343622207642,157636
97.61722016334534,157636
97.62315917015076,157636
97.62973809242249,157636
97.63630294799805,157636
97.6428816318512,157636
97.64936304092407,157636
97.65595889091492,157636
97.66263246536255,157636
97.66925048828125,157636
97.67582035064697,157636
97.68228387832642,157636
97.68882393836975,157636
97.6955955028534,157636
97.7022032737732,157636
97.70881056785583,157636
97.71546983718872,157636
97.72188973426819,157636
97.72844958305359,157636
97.73523020744324,157636
97.74179077148438,157636
97.7484393119812,157636
97.7550413608551,157636
97.7614152431488,157636
97.76791501045227,157636
97.77469944953918,157636
97.78120279312134,157636
97.7877869606018,157636
97.79445195198059,157636
97.80085611343384,157636
97.80744481086731,157636
97.81415963172913,157636
97.82077598571777,157636
97.8273937702179,157636
97.83397245407104,157636
97.84046840667725,157636
97.84707236289978,157636
97.85372138023376,157636
97.86029767990112,157636
97.8669183254242,157636
97.87331223487854,157636
97.87982320785522,157636
97.88661766052246,157636
97.89314365386963,157636
97.89977240562439,157636
97.90646934509277,157636
97.91290545463562,157636
97.9194278717041,157636
97.9262809753418,157636
97.93281531333923,157636
97.93939566612244,157636
97.94604802131653,157636
97.95246601104736,157636
97.95900464057922,157636
97.96569871902466,157636
97.97235131263733,157636
97.97892022132874,157636
97.98545575141907,157636
97.99188899993896,157636
97.99853849411011,157636
98.00513052940369,157636
98.01176452636719,157636
98.01835322380066,157636
98.02480959892273,157636
98.03133726119995,157636
98.03806972503662,157636
98.04467916488647,157636
98.05125641822815,157636
98.05788469314575,157636
98.06426739692688,157636
98.07079410552979,157636
98.07764339447021,157636
98.08418273925781,157636
98.09082627296448,157636
98.09747672080994,157636
98.10385131835938,157636
98.11045479774475,157636
98.11720991134644,157636
98.1238021850586,157636
98.1304235458374,157636
98.13721752166748,157636
98.14378762245178,157636
98.1504967212677,157636
98.15714597702026,157636
98.16366291046143,157636
98.17019629478455,157636
98.17674446105957,157636
98.18326234817505,157636
98.18980622291565,157636
98.1963119506836,157636
98.20305395126343,157636
98.20966720581055,157636
98.2162549495697,157636
98.2228798866272,157636
98.2295036315918,157636
98.23612809181213,157636
98.24279952049255,157636
98.24944067001343,157636
98.25607585906982,157636
98.26269268989563,157636
98.26933884620667,157636
98.27603363990784,157636
98.28274583816528,157636
98.28946089744568,157636
98.29614424705505,157636
98.30285358428955,157636
98.30960702896118,157636
98.31636357307434,157636
98.3231110572815,157636
98.32989120483398,157636
98.33665347099304,157636
98.34337306022644,157636
98.35012674331665,157636
98.35690498352051,157636
98.36367273330688,157636
98.37042427062988,157636
98.37716460227966,157636
98.3839066028595,157636
98.39066934585571,157636
98.39743208885193,157636
98.40415692329407,157636
98.41089797019958,157636
98.41763663291931,157636
98.4243860244751,157636
98.4311408996582,157636
98.43789887428284,157636
98.44464445114136,157636
98.45140171051025,157636
98.45816111564636,157636
98.4649088382721,157636
98.47169947624207,157636
98.47846508026123,157636
98.48522806167603,157636
98.49200987815857,157636
98.49880146980286,157636
98.50555777549744,157636
98.51234245300293,157636
98.51909708976746,157636
98.52587080001831,157636
98.53263187408447,157636
98.53937482833862,157636
98.54609680175781,157636
98.55285716056824,157636
98.5596251487732,157636
98.56638050079346,157636
98.57026505470276,157636
98.57408857345581,157636
98.57799792289734,157636
98.58180832862854,157636
98.58561325073242,157636
98.58944797515869,157636
98.59329295158386,157636
98.59712147712708,157636
98.60093235969543,157636
98.60475206375122,157636
98.60860657691956,157636
98.61242294311523,157636
98.61623668670654,157636
98.62006115913391,157636
98.62392210960388,157636
98.62775945663452,157636
98.63157224655151,157636
98.63537073135376,157636
98.63914608955383,157636
98.64299607276917,157636
98.6467969417572,157636
98.65057349205017,157636
98.6543960571289,157636
98.65827894210815,157636
98.66213726997375,157636
98.66596245765686,157636
98.66979241371155,157636
98.67358255386353,157636
98.67745304107666,157636
98.68121457099915,157636
98.68502974510193,157636
98.68883204460144,157636
98.69264483451843,157636
98.69650220870972,157636
98.70029926300049,157636
98.70409536361694,157636
98.7078948020935,157636
98.71171569824219,157636
98.71551394462585,157636
98.71934151649475,157636
98.72313380241394,157636
98.72695732116699,157636
98.73074889183044,157636
98.73455810546875,157636
98.73834919929504,157636
98.74213027954102,157636
98.74595642089844,157636
98.74972915649414,157636
98.75351738929749,157636
98.75737571716309,157636
98.76112198829651,157636
98.76490044593811,157636
98.76870441436768,157636
98.77249574661255,157636
98.77631497383118,157636
98.78010559082031,157636
98.7839195728302,157636
98.78777980804443,157636
98.79155492782593,157636
98.79542303085327,157636
98.79923820495605,157636
98.80302715301514,157636
98.80686402320862,157636
98.81073570251465,157636
98.81454133987427,157636
98.8183753490448,157636
98.82217741012573,157636
98.82599115371704,157636
98.82978439331055,157636
98.83357810974121,157636
98.83740901947021,157636
98.8412013053894,157636
98.84504270553589,157636
98.84893488883972,157636
98.8527843952179,157636
98.8565742969513,157636
98.86039400100708,157636
98.86421489715576,157636
98.86804437637329,157636
98.87183022499084,157636
98.87560176849365,157636
98.87945222854614,157636
98.88329696655273,157636
98.88712620735168,157636
98.89095401763916,157636
98.89477229118347,157636
98.89857077598572,157636
98.90238618850708,157636
98.90617060661316,157636
98.90993142127991,157636
98.91374325752258,157636
98.91754269599915,157636
98.92129802703857,157636
98.92512559890747,157636
98.92899131774902,157636
98.93281698226929,157636
98.9366455078125,157636
98.94043564796448,157636
98.9442970752716,157636
98.9481029510498,157636
98.95189094543457,157636
98.95569896697998,157636
98.95951175689697,157636
98.96333408355713,157636
98.96715092658997,157636
98.97095203399658,157636
98.97477221488953,157636
98.97860217094421,157636
98.98239779472351,157636
98.98621010780334,157636
98.9900255203247,157636
98.99382472038269,157636
98.99766373634338,157636
99.00146508216858,157636
99.00527048110962,157636
99.00911569595337,157636
99.01291561126709,157636
99.01667833328247,157636
99.02053809165955,157636
99.02434968948364,157636
99.02822804450989,157636
99.03208470344543,157636
99.03589463233948,157636
99.03971266746521,157636
99.0435426235199,157636
99.04734182357788,157636
99.05113077163696,157636
99.05492997169495,157636
99.05877351760864,157636
99.06255507469177,157636
99.06633567810059,157636
99.07017135620117,157636
99.07400918006897,157636
99.07778334617615,157636
99.0815782546997,157636
99.08539199829102,157636
99.08919954299927,157636
99.09303331375122,157636
99.09686160087585,157636
99.1006486415863,157636
99.10445356369019,157636
99.10827970504761,157636
99.1121199131012,157636
99.11595058441162,157636
99.11976385116577,157636
99.12357234954834,157636
99.12738919258118,157636
99.13118648529053,157636
99.13499164581299,157636
99.13919854164124,157636
99.14302468299866,157636
99.14689040184021,157636
99.15072584152222,157636
99.15455627441406,157636
99.15839076042175,157636
99.16220045089722,157636
99.16603493690491,157636
99.16988348960876,157636
99.1736900806427,157636
99.1775255203247,157636
99.1813383102417,157636
99.1851258277893,157636
99.18896126747131,157636
99.19279718399048,157636
99.19661140441895,157636
99.20042252540588,157636
99.20420026779175,157636
99.20802092552185,157636
99.21185970306396,157636
99.21565103530884,157636
99.21947312355042,157636
99.22330904006958,157636
99.2271363735199,157636
99.23096179962158,157636
99.23479676246643,157636
99.23862862586975,157636
99.24245023727417,157636
99.24626326560974,157636
99.25006341934204,157636
99.25389766693115,157636
99.25776553153992,157636
99.26161408424377,157636
99.26549100875854,157636
99.26935577392578,157636
99.27314734458923,157636
99.27693152427673,157636
99.28073024749756,157636
99.28458642959595,157636
99.28846073150635,157636
99.29228925704956,157636
99.29608535766602,157636
99.29989957809448,157636
99.30372595787048,157636
99.3074893951416,157636
99.31132245063782,157636
99.31513833999634,157636
99.31895661354065,157636
99.32275629043579,157636
99.32658982276917,157636
99.33033990859985,157636
99.33417415618896,157636
99.33799314498901,157636
99.34178471565247,157636
99.34559512138367,157636
99.34939980506897,157636
99.35323596000671,157636
99.35707402229309,157636
99.36089253425598,157636
99.36470675468445,157636
99.36852955818176,157636
99.37231802940369,157636
99.37613439559937,157636
99.37993955612183,157636
99.383709192276,157636
99.387540102005,157636
99.391352891922,157636
99.39518141746521,157636
99.39901638031006,157636
99.40284991264343,157636
99.40668439865112,157636
99.41049814224243,157636
99.41431617736816,157636
99.418142080307,157636
99.42194199562073,157636
99.42572736740112,157636
99.42954421043396,157636
99.43335580825806,157636
99.43715810775757,157636
99.44097137451172,157636
99.44476318359375,157636
99.44859099388123,157636
99.45240354537964,157636
99.4562611579895,157636
99.46006989479065,157636
99.46389293670654,157636
99.46773529052734,157636
99.47160243988037,157636
99.47544813156128,157636
99.47924184799194,157636
99.48303771018982,157636
99.4868676662445,157636
99.4906792640686,157636
99.49444460868835,157636
99.49827980995178,157636
99.50208568572998,157636
99.50591135025024,157636
99.50975155830383,157636
99.5135748386383,157636
99.51735758781433,157636
99.52120923995972,157636
99.5250391960144,157636
99.52883338928223,157636
99.53266406059265,157636
99.53649234771729,157636
99.54033851623535,157636
99.54413771629333,157636
99.54795098304749,157636
99.55176067352295,157636
99.55557227134705,157636
99.55942010879517,157636
99.56323194503784,157636
99.56700539588928,157636
99.57086205482483,157636
99.57467985153198,157636
99.57851123809814,157636
99.58231258392334,157636
99.5860755443573,157636
99.58989548683167,157636
99.59372043609619,157636
99.59753274917603,157636
99.60132169723511,157636
99.60512185096741,157636
99.60891056060791,157636
99.61272192001343,157636
99.61656641960144,157636
99.6203556060791,157636
99.62421035766602,157636
99.62806677818298,157636
99.63186359405518,157636
99.63565826416016,157636
99.63947010040283,157636
99.64328122138977,157636
99.6470730304718,157636
99.65091466903687,157636
99.65473103523254,157636
99.65856647491455,157636
99.66241264343262,157636
99.66625928878784,157636
99.67008185386658,157636
99.67392301559448,157636
99.67778515815735,157636
99.68160772323608,157636
99.68540978431702,157636
99.68921279907227,157636
99.69300127029419,157636
99.69680333137512,157636
99.70059370994568,157636
99.70432686805725,157636
99.70810985565186,157636
99.71192336082458,157636
99.71574378013611,157636
99.71955704689026,157636
99.72338914871216,157636
99.72716736793518,157636
99.73100566864014,157636
99.73477864265442,157636
99.73862767219543,157636
99.74244165420532,157636
99.74626731872559,157636
99.75003170967102,157636
99.75386619567871,157636
99.75766086578369,157636
99.76144218444824,157636
99.76573014259338,157636
99.77227449417114,157636
99.77881908416748,157636
99.78528666496277,157636
99.7917742729187,157636
99.79821038246155,157636
99.80466341972351,157636
99.81109619140625,157636
99.81750583648682,157636
99.82393407821655,157636
99.83036303520203,157636
99.83683109283447,157636
99.84324669837952,157636
99.8496687412262,157636
99.85606336593628,157636
99.86243653297424,157636
99.86885643005371,157636
99.87523651123047,157636
99.8816409111023,157636
99.88802790641785,157636
99.8944001197815,157636
99.900794506073,157636
99.90719175338745,157636
99.91355419158936,157636
99.9199550151825,157636
99.92634010314941,157636
99.93274211883545,157636
99.93909358978271,157636
99.94545722007751,157636
99.95183682441711,157636
99.95820164680481,157636
99.96458530426025,157636
99.97100138664246,157636
99.97732973098755,157636
99.98368692398071,157636
99.99005913734436,157636
99.99646878242493,157636
100.00280427932739,157636
100.0039734840393,157636
