Time,Objective value
0.003258943557739258,8281758
0.0038247108459472656,8281758
0.012191534042358398,8281758
0.020549535751342773,8259688
0.028877973556518555,8207040
0.03709912300109863,8207040
0.04525494575500488,8206810
0.05346202850341797,8171360
0.06155133247375488,8155546
0.06956195831298828,8122472
0.07770013809204102,8117348
0.08562994003295898,8103256
0.09332752227783203,8099502
0.10334563255310059,7889768
0.1112821102142334,7889768
0.11916184425354004,7889768
0.12712574005126953,7889768
0.13498759269714355,7889768
0.14269351959228516,7889768
0.15047860145568848,7889768
0.16001534461975098,7845042
0.1755673885345459,7845042
0.1841115951538086,7802616
0.2015094757080078,7802616
0.2125258445739746,7794014
0.22170400619506836,7794014
0.22887921333312988,7792462
0.23592233657836914,7792462
0.2451794147491455,7792462
0.2544741630554199,7781490
0.2613508701324463,7781490
0.26810240745544434,7781490
0.27927136421203613,7769436
0.285797119140625,7769436
0.2943611145019531,7759882
0.3003427982330322,7745636
0.30605220794677734,7745636
0.3138458728790283,7740246
0.3194737434387207,7732254
0.32724785804748535,7732254
0.33736538887023926,7721458
0.3498106002807617,7718488
0.3622410297393799,7698448
0.37031030654907227,7698448
0.3825185298919678,7698448
0.38802385330200195,7683122
0.40024423599243164,7683122
0.41265320777893066,7672418
0.42735815048217773,7672418
0.446622371673584,7672418
0.4572124481201172,7672418
0.47428035736083984,7670018
0.4869081974029541,7670018
0.5106899738311768,7666224
0.5211880207061768,7666224
0.5381700992584229,7666224
0.5553028583526611,7665012
0.5747497081756592,7660616
0.5920889377593994,7660616
0.6001489162445068,7660616
0.6146283149719238,7656100
0.6316404342651367,7656100
0.6510491371154785,7653722
0.6638076305389404,7653722
0.6739335060119629,7653722
0.6884775161743164,7647490
0.7055814266204834,7647490
0.7272956371307373,7646822
0.7377660274505615,7645046
0.7662649154663086,7645012
0.7837955951690674,7645012
0.8054044246673584,7645012
0.8294084072113037,7645012
0.8423686027526855,7645012
0.8640305995941162,7642280
0.8958015441894531,7642280
0.9297454357147217,7642280
0.9781570434570312,7642280
1.0237841606140137,7642280
1.0609595775604248,7642280
1.1058688163757324,7636578
1.138951301574707,7636578
1.1690089702606201,7636578
1.2027313709259033,7636578
1.2516372203826904,7636578
1.2740504741668701,7636578
1.3034999370574951,7636578
1.3363409042358398,7636578
1.3621337413787842,7636040
1.378650188446045,7636040
1.391174077987671,7633246
1.410308599472046,7633246
1.4206697940826416,7616478
1.4377131462097168,7616478
1.4479584693908691,7616478
1.4653630256652832,7611550
1.4802882671356201,7611550
1.4996013641357422,7598028
1.5145328044891357,7598028
1.5224874019622803,7598028
1.5392789840698242,7595104
1.5540745258331299,7595104
1.5666067600250244,7589128
1.5813629627227783,7587596
1.6030035018920898,7587596
1.6111812591552734,7587596
1.6441991329193115,7586180
1.6549973487854004,7586180
1.676518440246582,7584162
1.7075300216674805,7584162
1.7251408100128174,7584162
1.7559874057769775,7584162
1.7689599990844727,7584162
1.8020148277282715,7584162
1.8172564506530762,7584162
1.8366611003875732,7584162
1.8606858253479004,7584162
1.8803496360778809,7584162
1.902050495147705,7584162
1.9146356582641602,7584162
1.9475598335266113,7584162
1.974355697631836,7584162
1.9965252876281738,7584162
2.0252811908721924,7584162
2.0451385974884033,7584162
2.071610927581787,7584162
2.098228931427002,7584162
2.1181037425994873,7578080
2.137723207473755,7578080
2.1617259979248047,7578080
2.181216239929199,7578080
2.19840669631958,7578080
2.2131922245025635,7578080
2.234769344329834,7578080
2.2496447563171387,7578080
2.262061595916748,7568486
2.283550977706909,7557842
2.3031821250915527,7557842
2.3202695846557617,7557842
2.3351006507873535,7557842
2.356703758239746,7555406
2.3763327598571777,7555406
2.391301155090332,7555406
2.4196107387542725,7555406
2.439485788345337,7555406
2.4591126441955566,7555406
2.485865354537964,7555406
2.5101375579833984,7555406
2.536607503890991,7555406
2.554111957550049,7555406
2.578111410140991,7555406
2.59557843208313,7555406
2.624105453491211,7555406
2.637040138244629,7555406
2.64963436126709,7555406
2.6687958240509033,7555406
2.692699432373047,7555406
2.7077839374542236,7555406
2.727134943008423,7555406
2.744352102279663,7555406
2.7613754272460938,7555406
2.769392490386963,7555406
2.790576696395874,7555406
2.809983253479004,7555406
2.831709623336792,7555406
2.849015474319458,7555406
2.8729844093322754,7555406
2.8901753425598145,7555406
2.9187817573547363,7555406
2.952061653137207,7555406
2.9677586555480957,7555406
2.9850716590881348,7555406
3.0021164417266846,7548448
3.026092767715454,7548448
3.045724868774414,7548448
3.067439079284668,7548448
3.089207649230957,7548448
3.113316297531128,7548448
3.130727529525757,7548448
3.150167942047119,7548448
3.1696510314941406,7548448
3.1981472969055176,7548448
3.2225701808929443,7548448
3.246798038482666,7548448
3.2732529640197754,7548448
3.2953855991363525,7548448
3.3172481060028076,7548448
3.3345885276794434,7548448
3.356349229812622,7548448
3.3736460208892822,7548448
3.3953161239624023,7548448
3.4148478507995605,7548448
3.4343292713165283,7548448
3.4515023231506348,7548448
3.4781715869903564,7548448
3.504596471786499,7548448
3.535898208618164,7548448
3.5511786937713623,7548448
3.57305645942688,7548448
3.590373992919922,7548448
3.6165711879730225,7548448
3.647867202758789,7548448
3.665545701980591,7548448
3.685302495956421,7548448
3.7002129554748535,7548448
3.717177629470825,7548448
3.73191499710083,7548448
3.7466769218444824,7548448
3.7681655883789062,7548448
3.7876291275024414,7548448
3.8117616176605225,7548448
3.833735704421997,7548448
3.853349208831787,7548448
3.877401113510132,7548448
3.8992393016815186,7548448
3.9144234657287598,7548448
3.9360666275024414,7548448
3.957890272140503,7548448
3.9684648513793945,7548448
3.9876537322998047,7548448
4.004852533340454,7548448
4.026449680328369,7548448
4.050708532333374,7547608
4.0703887939453125,7547608
4.087629556655884,7547608
4.104714632034302,7547608
4.124137878417969,7547608
4.1414313316345215,7547608
4.160736083984375,7547608
4.1801488399505615,7547608
4.197471857070923,7547608
4.214776277542114,7547608
4.231980800628662,7547608
4.246753692626953,7547608
4.2683985233306885,7547608
4.292508840560913,7547608
4.312131404876709,7547608
4.336306095123291,7547608
4.3604960441589355,7547608
4.380130767822266,7547608
4.399560451507568,7547608
4.426098346710205,7547608
4.4390809535980225,7547608
4.4680938720703125,7547608
4.485757112503052,7546636
4.507480144500732,7546636
4.5247180461883545,7546636
4.546416282653809,7546636
4.572737693786621,7546530
4.585647106170654,7546530
4.6162683963775635,7546530
4.636246681213379,7546530
4.658117294311523,7543336
4.6822509765625,7543336
4.699588298797607,7543336
4.723615884780884,7543336
4.7409584522247314,7543336
4.7603466510772705,7543336
4.775378704071045,7543336
4.78792142868042,7543336
4.804838418960571,7543336
4.821881532669067,7543336
4.843507766723633,7543336
4.867617130279541,7543336
4.889559030532837,7543336
4.911407470703125,7543336
4.934615850448608,7543336
4.976321458816528,7543336
5.002259016036987,7543336
5.0395119190216064,7543336
5.07339334487915,7543336
5.102809429168701,7543336
5.132214307785034,7543336
5.157710075378418,7543336
5.190829753875732,7543336
5.231766223907471,7543336
5.261533260345459,7543336
5.286942720413208,7543336
5.331817388534546,7543336
5.3653717041015625,7543336
5.395021677017212,7543336
5.4280736446380615,7543336
5.4536213874816895,7543336
5.490612506866455,7543336
5.523970127105713,7543336
5.550004720687866,7543336
5.583209753036499,7543336
5.604785442352295,7543336
5.63794207572937,7543336
5.679397344589233,7543336
5.709221601486206,7541850
5.7387495040893555,7541850
5.760150671005249,7541850
5.796963691711426,7541850
5.834383010864258,7541850
5.856090545654297,7541850
5.904536247253418,7541850
5.930680513381958,7541850
5.956240892410278,7541850
5.9854912757873535,7541850
6.014840602874756,7541850
6.040747404098511,7541850
6.054287433624268,7541850
6.0749406814575195,7541850
6.108160972595215,7541850
6.133555889129639,7541850
6.158584117889404,7541850
6.188009262084961,7541850
6.22136378288269,7541850
6.255371570587158,7541850
6.27277946472168,7541850
6.3127288818359375,7541710
6.330758810043335,7541710
6.367570877075195,7541710
6.409050464630127,7541710
6.423283338546753,7541710
6.452019453048706,7541710
6.469808578491211,7541710
6.499169111251831,7541710
6.521082162857056,7541710
6.542778253555298,7541710
6.564495325088501,7541710
6.598147630691528,7541710
6.615995645523071,7541710
6.64597225189209,7541710
6.671557188034058,7541710
6.688852310180664,7541710
6.721881628036499,7541710
6.74338698387146,7541710
6.7814130783081055,7541710
6.81166672706604,7541710
6.849833726882935,7541710
6.875780820846558,7541710
6.925989627838135,7541710
6.94831109046936,7541710
6.977506160736084,7541710
7.0149290561676025,7541710
7.044662952423096,7541710
7.070170164108276,7541710
7.091465950012207,7541710
7.1157386302948,7541710
7.128225326538086,7540894
7.136088609695435,7540894
7.146000385284424,7540894
7.16281795501709,7540894
7.179948568344116,7540894
7.194805145263672,7540894
7.214059829711914,7540894
7.228973388671875,7540894
7.253027439117432,7540894
7.2681803703308105,7540894
7.287723064422607,7540894
7.300360679626465,7540894
7.321888208389282,7540894
7.3392980098724365,7540894
7.347345590591431,7540894
7.370976686477661,7540740
7.3952600955963135,7540740
7.408067226409912,7540740
7.427423477172852,7540740
7.4469215869903564,7540740
7.468556642532349,7540740
7.486139297485352,7540740
7.503277778625488,7540740
7.522716045379639,7540740
7.535330057144165,7540740
7.554599761962891,7540740
7.562654256820679,7540740
7.58169412612915,7531920
7.589775085449219,7521852
7.608872890472412,7521852
7.616930961608887,7521852
7.635986089706421,7521852
7.6417012214660645,7521852
7.6538848876953125,7521852
7.677684545516968,7521852
7.692788124084473,7521852
7.707610845565796,7521852
7.720117568969727,7521852
7.734756231307983,7521852
7.751817226409912,7521852
7.766737937927246,7521852
7.783830642700195,7521852
7.796391010284424,7521852
7.813410043716431,7521852
7.826064586639404,7521852
7.849896669387817,7521852
7.855781078338623,7521852
7.874866962432861,7521852
7.885209560394287,7521852
7.899950265884399,7521852
7.916998624801636,7521852
7.927331924438477,7521852
7.9419238567352295,7521852
7.9521095752716064,7521852
7.973556280136108,7521852
7.9862964153289795,7521852
8.003328084945679,7521852
8.013588905334473,7521852
8.028252601623535,7521852
8.047593355178833,7521852
8.057939052581787,7521852
8.074822425842285,7521852
8.087382793426514,7521852
8.102067232131958,7521852
8.114566326141357,7521852
8.129215717315674,7521852
8.139404296875,7521852
8.15851902961731,7521852
8.175745010375977,7521852
8.193011999130249,7521852
8.20562744140625,7521852
8.220327854156494,7521852
8.23740291595459,7521852
8.247672319412231,7521852
8.26465392112732,7521852
8.277204275131226,7521852
8.298773288726807,7521852
8.313828706741333,7521852
8.323992490768433,7521852
8.347694873809814,7521852
8.36043930053711,7521852
8.37299108505249,7521852
8.387702703475952,7521852
8.416162014007568,7521852
8.42916202545166,7521852
8.444005966186523,7521852
8.458760499954224,7521852
8.473553895950317,7521852
8.490606307983398,7521852
8.498706579208374,7521852
8.520032167434692,7521852
8.532671689987183,7521852
8.556614637374878,7521852
8.573987483978271,7521852
8.588976621627808,7521852
8.603920221328735,7521852
8.625580549240112,7521852
8.635996341705322,7521852
8.65969705581665,7521852
8.674705743789673,7521852
8.700928211212158,7521852
8.709437847137451,7521852
8.72852611541748,7521852
8.750325679779053,7521852
8.767577409744263,7521852
8.787200689315796,7521852
8.802165985107422,7521852
8.826087474822998,7521852
8.83430528640747,7521852
8.860188961029053,7521852
8.877646684646606,7521852
8.890339612960815,7521852
8.902742624282837,7521852
8.921967029571533,7521852
8.934481143951416,7521852
8.965292692184448,7521852
8.978225469589233,7521852
8.997757911682129,7521852
9.017290353775024,7521852
9.039108753204346,7521852
9.05180048942566,7521852
9.066503763198853,7521852
9.081305503845215,7521852
9.105217695236206,7521852
9.13402509689331,7521852
9.153956174850464,7521852
9.168953895568848,7521852
9.186048746109009,7521852
9.196348667144775,7521852
9.220176696777344,7521852
9.23979663848877,7521852
9.252570390701294,7521852
9.281062364578247,7521852
9.296218633651733,7521852
9.313378810882568,7521852
9.332781553268433,7521852
9.350162506103516,7521852
9.367314577102661,7521852
9.379884481430054,7521852
9.389915227890015,7521852
9.415940761566162,7521852
9.428831577301025,7521852
9.448078632354736,7521852
9.460694789886475,7521852
9.484500885009766,7521852
9.508762121200562,7521852
9.528549671173096,7521852
9.541274309158325,7521852
9.55819296836853,7521852
9.579885005950928,7521852
9.59720516204834,7521852
9.618896961212158,7521852
9.631654977798462,7521852
9.655540227890015,7521852
9.666125297546387,7521852
9.685341596603394,7521852
9.704840898513794,7521852
9.724311113357544,7521852
9.734687805175781,7521852
9.753765106201172,7521852
9.773287773132324,7521852
9.795109272003174,7521852
9.816873788833618,7521852
9.84108281135559,7521852
9.858554601669312,7521852
9.878053665161133,7521852
9.89070725440979,7521852
9.909945964813232,7521852
9.936336278915405,7521852
9.953706979751587,7521852
9.971029996871948,7521852
9.988300800323486,7521852
10.003176927566528,7521852
10.020267009735107,7521852
10.041918277740479,7521852
10.056958436965942,7521852
10.07398533821106,7521852
10.091095209121704,7521852
10.1105477809906,7521852
10.125452756881714,7521852
10.151593685150146,7521852
10.168997526168823,7521852
10.19773530960083,7521852
10.219806671142578,7521852
10.23732328414917,7521852
10.261395454406738,7521852
10.278805017471313,7521852
10.311996459960938,7521852
10.322990417480469,7521852
10.34676194190979,7521852
10.364241361618042,7521852
10.388251543045044,7521852
10.3966383934021,7521852
10.40657639503479,7521852
10.428005456924438,7521852
10.445345640182495,7521852
10.457940816879272,7521852
10.479501724243164,7521852
10.494524717330933,7521852
10.523089170455933,7521852
10.54052472114563,7521852
10.560101747512817,7521852
10.575141429901123,7521852
10.601353168487549,7521852
10.614293575286865,7521852
10.635903120040894,7521852
10.650916814804077,7521852
10.679461479187012,7521852
10.701496601104736,7521852
10.718948364257812,7521852
10.731679439544678,7521852
10.757826805114746,7521852
10.784432888031006,7521852
10.792720317840576,7521852
10.814330577850342,7521852
10.824712991714478,7521852
10.85313081741333,7521852
10.87300181388855,7521852
10.899438858032227,7521852
10.914648294448853,7521852
10.936371803283691,7521852
10.953553915023804,7521852
10.970787763595581,7521852
10.988028049468994,7521852
11.00964093208313,7521852
11.03165054321289,7521852
11.042335510253906,7521852
11.061593055725098,7521852
11.069646835327148,7521642
11.084153890609741,7520288
11.098865985870361,7520288
11.118220090866089,7517180
11.13546633720398,7517180
11.148017644882202,7517180
11.17178988456726,7517180
11.189260005950928,7517180
11.213302850723267,7517180
11.233018636703491,7517180
11.245765209197998,7517180
11.267249584197998,7517180
11.279980182647705,7517180
11.299243927001953,7517180
11.318681478500366,7517180
11.33594560623169,7517180
11.34854245185852,7517180
11.363259077072144,7517180
11.38945484161377,7517180
11.400041580200195,7517180
11.42171835899353,7509340
11.441359519958496,7509340
11.460880279541016,7509340
11.47584867477417,7509340
11.48833966255188,7509340
11.500878810882568,7509340
11.515572547912598,7509340
11.534940004348755,7509340
11.545291423797607,7509340
11.555306911468506,7509340
11.576700925827026,7509340
11.598583459854126,7509340
11.611281633377075,7509340
11.635102033615112,7509340
11.650160074234009,7509340
11.667316675186157,7509340
11.682141065597534,7509340
11.705991983413696,7509340
11.716524839401245,7509340
11.744773149490356,7509340
11.764474391937256,7509340
11.777278184890747,7509340
11.794228792190552,7509340
11.81819748878479,7509340
11.831031322479248,7509340
11.859437704086304,7509340
11.879132747650146,7509340
11.892043828964233,7509340
11.90692663192749,7509340
11.919306755065918,7509340
11.931824445724487,7509340
11.951047897338867,7509340
11.972794771194458,7509340
11.990117311477661,7509340
12.014129400253296,7509340
12.029228687286377,7509340
12.04870057106018,7509340
12.056760311126709,7509340
12.068920850753784,7509340
12.088122129440308,7509340
12.105267524719238,7509340
12.122401237487793,7509340
12.151058912277222,7509340
12.16401720046997,7509340
12.178788185119629,7509340
12.202669858932495,7509340
12.213265657424927,7509340
12.236963272094727,7509340
12.245200634002686,7509340
12.268856525421143,7509340
12.279325723648071,7509340
12.296304702758789,7509340
12.317947387695312,7509340
12.339813232421875,7509340
12.352408647537231,7509340
12.367207527160645,7509340
12.3773672580719,7509340
12.398744106292725,7509340
12.422878503799438,7509340
12.451650857925415,7509340
12.46221137046814,7509340
12.474668264389038,7497048
12.491574764251709,7497048
12.510955333709717,7497048
12.523506879806519,7497048
12.533592224121094,7497048
12.545844793319702,7497048
12.565112352371216,7497048
12.586793899536133,7497048
12.613224029541016,7497048
12.628204345703125,7497048
12.643348693847656,7492220
12.658166408538818,7492220
12.679672002792358,7492220
12.703822612762451,7492220
12.728027582168579,7492220
12.743138313293457,7492220
12.760363340377808,7492220
12.77972960472107,7486406
12.799243927001953,7486406
12.816488265991211,7486406
12.85207486152649,7486406
12.874379634857178,7486406
12.895718812942505,7486406
12.941161394119263,7486406
12.963204383850098,7486406
13.000260353088379,7486406
13.037706136703491,7486406
13.067602396011353,7486406
13.09741997718811,7486406
13.143560409545898,7486406
13.178141832351685,7486406
13.228583335876465,7486406
13.267256021499634,7486406
13.30093240737915,7486406
13.343436241149902,7486406
13.382586002349854,7486406
13.438414573669434,7486406
13.465079545974731,7486406
13.503760814666748,7486406
13.542663335800171,7486406
13.58520221710205,7486406
13.619113683700562,7486406
13.660743713378906,7486406
13.686500787734985,7486406
13.724100351333618,7486406
13.758246660232544,7486406
13.787489175796509,7486406
13.830392837524414,7486406
13.857422828674316,7486406
13.895984411239624,7486406
13.925321102142334,7486406
13.967888355255127,7486406
13.994484424591064,7486406
14.02386736869812,7486406
14.07003116607666,7486406
14.104474067687988,7486406
14.147663116455078,7486406
14.199426889419556,7486406
14.226248025894165,7486406
14.261182308197021,7486406
14.30251431465149,7486406
14.341500759124756,7486406
14.367889165878296,7486406
14.424947261810303,7486406
14.472599744796753,7486406
14.496705055236816,7486406
14.511792182922363,7486406
14.535730361938477,7486406
14.559875726699829,7486406
14.58418345451355,7486406
14.603943586349487,7486406
14.630339622497559,7486406
14.6523118019104,7486406
14.674173593521118,7486406
14.695985555648804,7486406
14.717810869216919,7486406
14.739558696746826,7486406
14.763616800308228,7486406
14.78553295135498,7486406
14.805036544799805,7486406
14.826775312423706,7486406
14.844120025634766,7486406
14.865678787231445,7486406
14.889848232269287,7486406
14.90957760810852,7486406
14.931366205215454,7486406
14.950989484786987,7486406
14.98186469078064,7486406
15.004081010818481,7486406
15.021259784698486,7486406
15.042980670928955,7486406
15.062602996826172,7486406
15.07753324508667,7486406
15.110536813735962,7486406
15.13508939743042,7486406
15.159276962280273,7486406
15.183725118637085,7486406
15.210242748260498,7486406
15.229779720306396,7486406
15.249497175216675,7486406
15.284871339797974,7486406
15.31165623664856,7486406
15.334003210067749,7486406
15.351381301879883,7486406
15.38000226020813,7486406
15.40201997756958,7486406
15.421921253204346,7486406
15.443763256072998,7486406
15.470280647277832,7486406
15.503682851791382,7486406
15.530535459518433,7486406
15.550421953201294,7485526
15.572518110275269,7485526
15.599015474319458,7485526
15.612105131149292,7485526
15.638162851333618,7485526
15.662345170974731,7485526
15.684473991394043,7485526
15.706457138061523,7485526
15.72136902809143,7485526
15.740745306015015,7485526
15.755573034286499,7485526
15.777060747146606,7484942
15.798731088638306,7484942
15.820528984069824,7484942
15.84693717956543,7484942
15.859797477722168,7484942
15.890440702438354,7484942
15.91707158088684,7484942
15.939108610153198,7484942
15.965813875198364,7484942
15.983282566070557,7484942
16.00035810470581,7484942
16.015140533447266,7484942
16.036760807037354,7484942
16.054004907608032,7484942
16.07120990753174,7484942
16.092783451080322,7484942
16.11256170272827,7484942
16.13210439682007,7484942
16.151597261428833,7484942
16.168782949447632,7484942
16.185760974884033,7484942
16.198267221450806,7484942
16.228984355926514,7484942
16.248711109161377,7484942
16.268447399139404,7484942
16.29474139213562,7484942
16.3121018409729,7484942
16.327136039733887,7484942
16.348802089691162,7484942
16.370633363723755,7484942
16.392550706863403,7484942
16.424726247787476,7484942
16.474385499954224,7484942
16.504286527633667,7484942
16.54269766807556,7484942
16.592639446258545,7484942
16.618442058563232,7484942
16.655808687210083,7484942
16.697229862213135,7484942
16.722960233688354,7484942
16.756415367126465,7484942
16.785810708999634,7484942
16.80729079246521,7484942
16.85252070426941,7484942
16.870256185531616,7484942
16.910817623138428,7484942
16.936707973480225,7484942
16.95417308807373,7484942
16.978221893310547,7484942
16.99557328224182,7484942
17.0194673538208,7484942
17.036877870559692,7484942
17.063212394714355,7484942
17.07827925682068,7484942
17.106902599334717,7484942
17.126670598983765,7484942
17.148552894592285,7484942
17.161189794540405,7484942
17.178043365478516,7484942
17.190495014190674,7484942
17.21655774116516,7484942
17.24763560295105,7484942
17.2674720287323,7484942
17.28721833229065,7484942
17.309083461761475,7484942
17.333274841308594,7484942
17.357503414154053,7484942
17.374895811080933,7484942
17.39891767501831,7484942
17.409363985061646,7484942
17.437817096710205,7484942
17.457615613937378,7484942
17.481642961502075,7484942
17.50956130027771,7484942
17.558906316757202,7484942
17.588959217071533,7484942
17.61841583251953,7484942
17.644325256347656,7484942
17.701335430145264,7484942
17.735660076141357,7484942
17.77309775352478,7484942
17.807345628738403,7484942
17.845038652420044,7484942
17.89658498764038,7484942
17.931160926818848,7484942
17.95371103286743,7484942
17.994649410247803,7484942
18.04063057899475,7484942
18.071315050125122,7484942
18.120891094207764,7484942
18.158941507339478,7484942
18.193194150924683,7484942
18.2382595539093,7484942
18.28058099746704,7484942
18.303361177444458,7484942
18.333107948303223,7469444
18.350852966308594,7469444
18.393351316452026,7469444
18.42782235145569,7469444
18.457255601882935,7469444
18.487876892089844,7469444
18.530407428741455,7469444
18.560856342315674,7469444
18.594562292099,7469444
18.63266658782959,7469444
18.67105460166931,7469444
18.710527420043945,7469444
18.728737354278564,7469444
18.773694276809692,7469444
18.803335666656494,7469444
18.821017742156982,7469444
18.84642767906189,7469444
18.871418952941895,7469444
18.896644115447998,7469444
18.92188024520874,7469444
18.96294379234314,7469444
18.993386268615723,7469444
19.015398025512695,7469444
19.060961961746216,7469444
19.087019205093384,7469444
19.112982988357544,7469444
19.138446807861328,7469444
19.16428828239441,7469444
19.198015928268433,7469444
19.232589960098267,7469444
19.26254391670227,7469444
19.28842854499817,7469444
19.327186822891235,7469444
19.366194009780884,7469444
19.40531849861145,7469444
19.435468912124634,7469444
19.473066091537476,7469444
19.507781982421875,7469444
19.55030846595764,7469444
19.585362434387207,7469444
19.64424228668213,7469444
19.671213626861572,7469444
19.70072293281555,7469444
19.743462562561035,7469444
19.761713981628418,7469444
19.79859495162964,7469444
19.82911443710327,7469444
19.863697290420532,7469444
19.889972448349,7469444
19.92787528038025,7469444
19.965503931045532,7469444
19.987706899642944,7469444
20.03037142753601,7469444
20.05224084854126,7469444
20.08999276161194,7469444
20.12864375114441,7469444
20.166314125061035,7469444
20.204983949661255,7469444
20.243581295013428,7469444
20.26994276046753,7469444
20.311245918273926,7469444
20.333324909210205,7469444
20.37464165687561,7469444
20.404735326766968,7469444
20.4473659992218,7469444
20.482331037521362,7469444
20.525526762008667,7469444
20.559982776641846,7469444
20.629968643188477,7469444
20.648595571517944,7469444
20.68292498588562,7469444
20.72964096069336,7469444
20.79314422607422,7469444
20.832711696624756,7469444
20.86361050605774,7469444
20.890961170196533,7469444
20.910722017288208,7469444
20.932556867599487,7469444
20.95665669441223,7469444
20.989977836608887,7469444
21.009807348251343,7469444
21.03188967704773,7469444
21.056115865707397,7469444
21.07119631767273,7469444
21.092864990234375,7469444
21.114697217941284,7469444
21.134204149246216,7469444
21.164947748184204,7469444
21.182665586471558,7469444
21.20892834663391,7469444
21.233152866363525,7469444
21.2507004737854,7469444
21.27017307281494,7469444
21.30335283279419,7469444
21.3300998210907,7469444
21.354355096817017,7469444
21.38538694381714,7469444
21.40993571281433,7469444
21.42978048324585,7469444
21.458428621292114,7469444
21.48732614517212,7469444
21.514220237731934,7469444
21.5363609790802,7469444
21.55152440071106,7469038
21.58227825164795,7469038
21.593013763427734,7469038
21.612438440322876,7469038
21.645498991012573,7469038
21.670027256011963,7469038
21.696687936782837,7469038
21.723382711410522,7469038
21.743228912353516,7469038
21.762657165527344,7469038
21.791279554367065,7469038
21.81109309196472,7469038
21.84438705444336,7469038
21.8757107257843,7469038
21.895636796951294,7469038
21.915294408798218,7469038
21.94173240661621,7469038
21.968465328216553,7469038
21.985947608947754,7469038
22.014575958251953,7469038
22.0520920753479,7469038
22.093689918518066,7469038
22.135844945907593,7469038
22.181674242019653,7469038
22.23528265953064,7469038
22.286224603652954,7469038
22.328571557998657,7469038
22.370492458343506,7469038
22.420212507247925,7469038
22.45440101623535,7469038
22.500331163406372,7469038
22.530066967010498,7469038
22.572023153305054,7469038
22.602245569229126,7469038
22.65148639678955,7469038
22.70092225074768,7469038
22.739219427108765,7469038
22.788308143615723,7469038
22.826672792434692,7469038
22.871941566467285,7469038
22.91351628303528,7469038
22.95539879798889,7469038
23.001072645187378,7469038
23.039212942123413,7469038
23.080934047698975,7469038
23.114810466766357,7469038
23.159813404083252,7469038
23.197401523590088,7469038
23.227275609970093,7469038
23.272907972335815,7469038
23.31830406188965,7469038
23.36354970932007,7469038
23.397308111190796,7469038
23.438628435134888,7469038
23.479796886444092,7469038
23.524874210357666,7469038
23.57048988342285,7469038
23.616600036621094,7469038
23.65828037261963,7469038
23.696413278579712,7469038
23.754411220550537,7469038
23.792949676513672,7469038
23.834916591644287,7469038
23.88887095451355,7469038
23.930572032928467,7469038
23.955792665481567,7469038
24.001530647277832,7469038
24.05522131919861,7469038
24.09350299835205,7469038
24.139392852783203,7469038
24.165474891662598,7469038
24.215145111083984,7469038
24.26494598388672,7469038
24.311042308807373,7469038
24.367692708969116,7469038
24.397865295410156,7469038
24.458386659622192,7469038
24.493563890457153,7469038
24.52254629135132,7469038
24.549219369888306,7469038
24.56441855430603,7469038
24.590802669525146,7469038
24.621931314468384,7469038
24.64646601676941,7469038
24.670801877975464,7469038
24.697278022766113,7469038
24.730626344680786,7469038
24.750619649887085,7469038
24.768096446990967,7469038
24.794341802597046,7469038
24.816312074661255,7469038
24.844998359680176,7469038
24.864741802215576,7469038
24.88448977470398,7469038
24.912590503692627,7469038
24.96281409263611,7469038
25.001203775405884,7469038
25.06167221069336,7469038
25.09282684326172,7469038
25.131919384002686,7469038
25.170571327209473,7469038
25.197026014328003,7469038
25.23980975151062,7469038
25.279857397079468,7469038
25.306814670562744,7469038
25.34874939918518,7469038
25.392224073410034,7469038
25.432393789291382,7469038
25.454533576965332,7469038
25.515182733535767,7469038
25.554327249526978,7469038
25.60561966896057,7469038
25.632351636886597,7461636
25.677905559539795,7461636
25.704006671905518,7461636
25.761753797531128,7461636
25.79619002342224,7461636
25.843632459640503,7461636
25.882872819900513,7461636
25.937865495681763,7461636
25.968976974487305,7461636
26.01103711128235,7461636
26.053044319152832,7461636
26.083412885665894,7461636
26.129462003707886,7461636
26.168625593185425,7461636
26.20776081085205,7461636
26.251375436782837,7461636
26.293480396270752,7461636
26.339648723602295,7461636
26.390961170196533,7461636
26.409486293792725,7461636
26.448119401931763,7461636
26.474449396133423,7461636
26.505735397338867,7461636
26.534424543380737,7461636
26.556487321853638,7461636
26.58066487312317,7461636
26.616310119628906,7461636
26.647879123687744,7461636
26.66802740097046,7461636
26.689895153045654,7461636
26.716315269470215,7461636
26.74068856239319,7461636
26.7627170085907,7461636
26.78445792198181,7461636
26.806278705596924,7461636
26.83035922050476,7461636
26.845459461212158,7461636
26.874003171920776,7461636
26.900633811950684,7461636
26.918001174926758,7461636
26.948731184005737,7461636
26.96880602836609,7461636
26.98838210105896,7461636
27.007819890975952,7461636
27.03624129295349,7461636
27.06294059753418,7461636
27.08293914794922,7461636
27.11621332168579,7461636
27.140719175338745,7461636
27.162705421447754,7461636
27.18688416481018,7461636
27.206644535064697,7461636
27.235262393951416,7461636
27.26865315437317,7461636
27.28200078010559,7461636
27.30359125137329,7461636
27.332356452941895,7461636
27.352222442626953,7461636
27.37632393836975,7461636
27.407456398010254,7461636
27.42965531349182,7461636
27.451936960220337,7461636
27.483107328414917,7461636
27.50305438041687,7461636
27.5316219329834,7461636
27.558290243148804,7461636
27.58713698387146,7461636
27.616148471832275,7461636
27.640674591064453,7461636
27.65380048751831,7461636
27.675379753112793,7461636
27.69950795173645,7461636
27.721497297286987,7461636
27.745562314987183,7461636
27.76297879219055,7461636
27.78689479827881,7461636
27.80642533302307,7461636
27.828282117843628,7461636
27.85929012298584,7461636
27.87452459335327,7461636
27.902945280075073,7461636
27.927396059036255,7461636
27.949514150619507,7461636
27.97597026824951,7461636
28.000227689743042,7461636
28.019919872283936,7461636
28.041656732559204,7461636
28.063780069351196,7461636
28.090134620666504,7461636
28.121307611465454,7461636
28.1320161819458,7461636
28.151421070098877,7461636
28.17310929298401,7461636
28.19040536880493,7461636
28.21203899383545,7461636
28.236137628555298,7461636
28.258004188537598,7461636
28.28210473060608,7461636
28.30403423309326,7461636
28.328239679336548,7461636
28.33875346183777,7461636
28.369198083877563,7461636
28.38447642326355,7461636
28.40844702720642,7461636
28.434893369674683,7461636
28.45455527305603,7461636
28.478776454925537,7461636
28.520875692367554,7461636
28.54743981361389,7461636
28.57634949684143,7461636
28.632657766342163,7461636
28.66657042503357,7461636
28.707944631576538,7461636
28.75265121459961,7461636
28.790754556655884,7461636
28.83664560317993,7461636
28.865733861923218,7461636
28.889955520629883,7461636
28.89817452430725,7461636
28.93094253540039,7461636
28.950746059417725,7461636
28.972654819488525,7461636
28.996723890304565,7461636
29.01648998260498,7461636
29.040427207946777,7461636
29.055549144744873,7461636
29.09981060028076,7461636
29.11782193183899,7461636
29.14875555038452,7461636
29.171050310134888,7461636
29.188294410705566,7461636
29.207828760147095,7461636
29.24776339530945,7461636
29.261033535003662,7461636
29.287276029586792,7461636
29.309346437454224,7461636
29.342657804489136,7461636
29.360352277755737,7461636
29.38900327682495,7461636
29.41101861000061,7461636
29.42614221572876,7461636
29.452223777770996,7461636
29.476456880569458,7461636
29.49824285507202,7461636
29.533842086791992,7461636
29.558523654937744,7461636
29.594243049621582,7461636
29.609782934188843,7461636
29.62465524673462,7461636
29.646353006362915,7461636
29.672669649124146,7461636
29.690160274505615,7461636
29.714110612869263,7461636
29.729087591171265,7461636
29.75750160217285,7461636
29.77947735786438,7461636
29.79679560661316,7461636
29.82296848297119,7461636
29.84028124809265,7461636
29.855112075805664,7461636
29.895084142684937,7461636
29.936483144760132,7461636
29.969611883163452,7461636
30.006596565246582,7461636
30.044304370880127,7461636
30.08924913406372,7461636
30.127379894256592,7461636
30.173217058181763,7461636
30.211397886276245,7461636
30.256712436676025,7461636
30.290590286254883,7461636
30.320563077926636,7461636
30.362223386764526,7461636
30.3961079120636,7461636
30.42592740058899,7461636
30.4594783782959,7461636
30.49673366546631,7461636
30.54617977142334,7461636
30.58399748802185,7461636
30.633092641830444,7461636
30.651430130004883,7461636
30.67678141593933,7461636
30.718236207962036,7461636
30.759702682495117,7461636
30.797646284103394,7461636
30.835204362869263,7461636
30.899765014648438,7461636
30.92672824859619,7461636
30.97597074508667,7461636
31.00597071647644,7461636
31.0478196144104,7461636
31.085606575012207,7461636
31.119503259658813,7461636
31.152965307235718,7461636
31.18627953529358,7461636
31.216182708740234,7461636
31.26573920249939,7461636
31.2962749004364,7461636
31.32984709739685,7461636
31.37090015411377,7461636
31.404221296310425,7461636
31.44549560546875,7461636
31.47144341468811,7461636
31.504658937454224,7461636
31.56509041786194,7461636
31.607627630233765,7461636
31.634137868881226,7461636
31.659512758255005,7461636
31.684391498565674,7461636
31.72207736968994,7461636
31.76807713508606,7461636
31.82962203025818,7461636
31.87993335723877,7461636
31.898341417312622,7461636
31.947221040725708,7461636
31.981260538101196,7461636
31.999005794525146,7461636
32.04766345024109,7461636
32.086337089538574,7461636
32.136298179626465,7461636
32.16232943534851,7461636
32.21583914756775,7461636
32.249948263168335,7461636
32.3033287525177,7461636
32.34178900718689,7461636
32.37553143501282,7461636
32.421037912368774,7461636
32.45088982582092,7461636
32.49706053733826,7461636
32.535314083099365,7461636
32.5928909778595,7461636
32.631431579589844,7461636
32.68524193763733,7461636
32.73125123977661,7461636
32.76986622810364,7461636
32.80382442474365,7461636
32.84569597244263,7461636
32.899600982666016,7461636
32.921685457229614,7461636
32.958860635757446,7461636
33.00393009185791,7461636
33.029674768447876,7461636
33.06356239318848,7461636
33.09304618835449,7461636
33.12236952781677,7461636
33.167640924453735,7461636
33.19766426086426,7461636
33.25061273574829,7461636
33.28902554512024,7461636
33.350077629089355,7461636
33.39266490936279,7461636
33.42696523666382,7461636
33.47257041931152,7461636
33.51431131362915,7461636
33.55225133895874,7461636
33.58625245094299,7461636
33.63599109649658,7461636
33.666001319885254,7461636
33.691956520080566,7461636
33.73326563835144,7461636
33.78676724433899,7461636
33.83254885673523,7461636
33.854405879974365,7461636
33.90419912338257,7461636
33.93022537231445,7461636
33.955103635787964,7461636
33.996060609817505,7461636
34.03404474258423,7461636
34.071319580078125,7461636
34.121418714523315,7461636
34.14136576652527,7461636
34.16081261634827,7461636
34.18708848953247,7461636
34.21373701095581,7461636
34.24262237548828,7461636
34.2645902633667,7461636
34.2956223487854,7461636
34.306588888168335,7461636
34.328219175338745,7461636
34.36601400375366,7461636
34.3838529586792,7461636
34.41033697128296,7461636
34.42783212661743,7461636
34.45168900489807,7461636
34.473504304885864,7461636
34.49775457382202,7461636
34.519614458084106,7461636
34.53924369812012,7461636
34.56091547012329,7461636
34.58500576019287,7461636
34.60909175872803,7461636
34.62646961212158,7461636
34.65051984786987,7461636
34.67465257644653,7461636
34.69666647911072,7461636
34.72071719169617,7461636
34.747286796569824,7461636
34.77167868614197,7461636
34.79145622253418,7461636
34.810909032821655,7461636
34.84181571006775,7461636
34.850181102752686,7461636
34.87630558013916,7461636
34.90966749191284,7461636
34.925087213516235,7461636
34.94902205467224,7461636
34.97560262680054,7461636
34.99752712249756,7461636
35.01931190490723,7461636
35.04562592506409,7461636
35.0722758769989,7461636
35.09871530532837,7461636
35.12978768348694,7461636
35.14067530632019,7461636
35.16453409194946,7461636
35.184080362319946,7461636
35.21947383880615,7461636
35.2349808216095,7461636
35.2589476108551,7461636
35.27616596221924,7461636
35.311689138412476,7461636
35.32725524902344,7461636
35.35795497894287,7461636
35.380152225494385,7461636
35.40671396255493,7461636
35.42416167259216,7461636
35.443543434143066,7461636
35.472219944000244,7461636
35.48749113082886,7461636
35.50676989555359,7461636
35.53537917137146,7461636
35.55513548851013,7461636
35.58156657218933,7461636
35.612765073776245,7461636
35.62798309326172,7461636
35.64745497703552,7461636
35.66690373420715,7461636
35.686197996139526,7461636
35.710326194763184,7461636
35.7276349067688,7461636
35.74476647377014,7461636
35.76202321052551,7461636
35.7951021194458,7461636
35.8081476688385,7461636
35.83436369895935,7461636
35.8449068069458,7461636
35.85946273803711,7461636
35.880959272384644,7461636
35.902711629867554,7461636
35.926939249038696,7461636
35.96243119239807,7461636
35.98481893539429,7461636
36.00447368621826,7461636
36.00505065917969,7461636
