Time,Objective value
0.006856679916381836,177250
0.007973432540893555,177250
0.24727678298950195,155780
0.3663825988769531,155764
0.4095327854156494,155764
0.45022130012512207,155764
0.48937106132507324,155764
0.5272245407104492,155764
0.5646653175354004,155764
0.6020510196685791,155764
0.6397356986999512,155764
0.6772899627685547,155764
0.7148678302764893,155764
0.7520606517791748,155764
0.7890725135803223,155764
0.8258571624755859,155764
0.8623969554901123,155764
0.8986649513244629,155764
0.9350268840789795,155764
0.9712619781494141,155764
1.0373265743255615,155698
1.0741832256317139,155698
1.111081600189209,155698
1.1481173038482666,155698
1.1853506565093994,155698
1.2225604057312012,155698
1.2597630023956299,155698
1.2970130443572998,155698
1.3341922760009766,155698
1.3710076808929443,155698
1.4078786373138428,155698
1.4443645477294922,155698
1.4807813167572021,155698
1.5171623229980469,155698
1.554673433303833,155698
1.5905559062957764,155698
1.6428914070129395,155634
1.6798901557922363,155634
1.7167472839355469,155634
1.7537896633148193,155634
1.7912192344665527,155634
1.8589162826538086,155620
1.8964247703552246,155620
1.9342947006225586,155592
1.9720807075500488,155592
2.0097262859344482,155592
2.0469982624053955,155592
2.0842413902282715,155592
2.1214659214019775,155592
2.1588103771209717,155592
2.1965391635894775,155592
2.2339680194854736,155592
2.2711267471313477,155592
2.3078503608703613,155592
2.3445048332214355,155592
2.381098747253418,155592
2.417598247528076,155592
2.454150438308716,155592
2.49045467376709,155592
2.5267128944396973,155592
2.5631649494171143,155592
2.599839448928833,155592
2.636153221130371,155592
2.6875243186950684,155592
2.7383599281311035,155592
2.7746598720550537,155592
2.8109710216522217,155592
2.877436637878418,155592
2.883087396621704,155592
2.918919086456299,155592
2.9842169284820557,155578
3.021075487136841,155578
3.0580191612243652,155578
3.0949509143829346,155578
3.131856679916382,155578
3.1685566902160645,155578
3.20536470413208,155578
3.242210626602173,155578
3.2791426181793213,155578
3.316019058227539,155578
3.352910280227661,155578
3.390009641647339,155578
3.427015781402588,155578
3.464083433151245,155578
3.500943422317505,155578
3.5379860401153564,155578
3.5748238563537598,155578
3.6118083000183105,155578
3.648798704147339,155578
3.6858272552490234,155578
3.7227256298065186,155578
3.7594857215881348,155578
3.7963054180145264,155578
3.8330376148223877,155578
3.8699066638946533,155578
3.906665325164795,155578
3.943647861480713,155578
3.9807581901550293,155578
4.017531156539917,155578
4.0541603565216064,155578
4.090967416763306,155578
4.127715826034546,155578
4.164635181427002,155578
4.2013161182403564,155578
4.237940311431885,155578
4.274672508239746,155578
4.311141729354858,155578
4.347860097885132,155578
4.38454270362854,155578
4.441499948501587,155578
4.515342712402344,155578
4.5913145542144775,155578
4.6649250984191895,155578
4.739075183868408,155578
4.813170433044434,155578
4.887599229812622,155578
4.9619340896606445,155578
5.0365447998046875,155578
5.111172676086426,155578
5.1859259605407715,155578
5.26162052154541,155578
5.337639808654785,155578
5.41261887550354,155578
5.48725438117981,155578
5.562102794647217,155578
5.63596510887146,155578
5.771270751953125,155558
5.845432758331299,155558
5.920417785644531,155558
5.995398759841919,155552
6.069553375244141,155552
6.143617630004883,155552
6.217984199523926,155552
6.292959690093994,155552
6.367591381072998,155552
6.4417595863342285,155552
6.51584267616272,155552
6.590115785598755,155552
6.664397954940796,155552
6.738672733306885,155552
6.814541816711426,155552
6.889766454696655,155552
6.966095447540283,155552
7.040654897689819,155552
7.114808082580566,155552
7.1891467571258545,155552
7.263655662536621,155552
7.340207815170288,155552
7.4156293869018555,155552
7.4919328689575195,155552
7.567090272903442,155552
7.642313003540039,155552
7.717676162719727,155552
7.793710231781006,155552
7.86932373046875,155552
7.945881605148315,155552
8.021863460540771,155552
8.098617792129517,155552
8.17515778541565,155552
8.251587867736816,155552
8.32726764678955,155552
8.36435842514038,155552
8.40132451057434,155552
8.438213348388672,155552
8.475362539291382,155552
8.5122971534729,155552
8.549382209777832,155552
8.586484909057617,155552
8.623510599136353,155552
8.660653352737427,155552
8.697865009307861,155552
8.734895467758179,155552
8.771894216537476,155552
8.809003353118896,155552
8.846077680587769,155552
8.883204460144043,155552
8.920369148254395,155552
8.957390308380127,155552
8.994446516036987,155552
9.031425714492798,155552
9.068472385406494,155552
9.105327367782593,155552
9.142352104187012,155552
9.179165124893188,155552
9.215663194656372,155552
9.252418756484985,155552
9.288899660110474,155552
9.325317859649658,155552
9.361531972885132,155552
9.41292428970337,155506
9.44977593421936,155506
9.486608743667603,155506
9.52355694770813,155506
9.560419082641602,155506
9.597267627716064,155506
9.634083986282349,155506
9.670945167541504,155506
9.707883834838867,155506
9.744781255722046,155506
9.7815842628479,155506
9.818553924560547,155506
9.855417490005493,155506
9.892297983169556,155506
9.929244756698608,155506
9.966206312179565,155506
10.003082275390625,155506
10.039668798446655,155506
10.076200008392334,155506
10.112635850906372,155506
10.149101972579956,155506
10.18543291091919,155506
10.22157883644104,155506
10.257795810699463,155506
10.293925762176514,155506
10.345343828201294,155506
10.381573677062988,155506
10.432591438293457,155506
10.468861103057861,155506
10.504931211471558,155506
10.556467056274414,155506
10.607654094696045,155506
10.643583059310913,155506
10.679630041122437,155506
10.730489015579224,155506
10.78230619430542,155506
10.81870412826538,155506
10.870152473449707,155506
10.906773805618286,155506
10.942863702774048,155506
10.994328260421753,155506
11.030524730682373,155506
11.06668496131897,155506
11.103023767471313,155506
11.155738353729248,155506
11.19206428527832,155506
11.258347272872925,155474
11.310285091400146,155474
11.347198486328125,155474
11.384294986724854,155474
11.421392679214478,155470
11.458964347839355,155470
11.496831893920898,155470
11.534833192825317,155470
11.572526216506958,155470
11.609853982925415,155470
11.647080659866333,155470
11.684111833572388,155470
11.721071243286133,155470
11.757847785949707,155470
11.79441523551941,155470
11.830716371536255,155470
11.867164134979248,155470
11.903393507003784,155470
11.939468383789062,155470
12.00711703300476,155438
12.044238805770874,155438
12.081427574157715,155438
12.118791341781616,155438
12.15659475326538,155438
12.194161415100098,155438
12.231828451156616,155438
12.26999807357788,155438
12.307966232299805,155438
12.346182584762573,155438
12.392811298370361,155438
12.467719316482544,155438
12.542140245437622,155438
12.616129398345947,155438
12.689858198165894,155438
12.762949705123901,155438
12.837210178375244,155438
12.91018795967102,155438
12.983542203903198,155438
13.056471824645996,155438
13.129406213760376,155438
13.202846765518188,155438
13.308560848236084,155438
13.411868810653687,155438
13.513893127441406,155438
13.62123990058899,155438
13.725408554077148,155438
13.828495502471924,155438
13.934195756912231,155438
13.986666202545166,155438
14.038210391998291,155438
14.089470148086548,155418
14.141196727752686,155418
14.17836308479309,155418
14.215317010879517,155418
14.252399921417236,155418
14.289537906646729,155418
14.326521396636963,155418
14.363642692565918,155418
14.400846004486084,155418
14.4380943775177,155418
14.4751718044281,155418
14.512229681015015,155418
14.549275159835815,155418
14.586400032043457,155418
14.623359441757202,155418
14.660246849060059,155418
14.696916818618774,155418
14.733847856521606,155418
14.770751714706421,155418
14.80771255493164,155418
14.844443082809448,155418
14.881348609924316,155418
14.918104887008667,155418
14.954939126968384,155418
14.991746664047241,155418
15.028678894042969,155418
15.065469026565552,155418
15.102338552474976,155418
15.139127731323242,155418
15.1760733127594,155418
15.212796688079834,155418
15.249581098556519,155418
15.286325216293335,155418
15.323039770126343,155418
15.359817266464233,155418
15.396638870239258,155418
15.433409214019775,155418
15.470262289047241,155418
15.507043361663818,155418
15.543911933898926,155418
15.580800771713257,155418
15.61780333518982,155418
15.654422998428345,155418
15.691204071044922,155418
15.728065490722656,155418
15.764923572540283,155418
15.801660299301147,155418
15.83843994140625,155418
15.875249862670898,155418
15.912142276763916,155418
15.949008703231812,155418
15.985851287841797,155418
16.0227267742157,155418
16.059515714645386,155418
16.096314191818237,155418
16.132956743240356,155418
16.169816970825195,155418
16.206563472747803,155418
16.24323534965515,155418
16.28010320663452,155418
16.316898822784424,155418
16.353678464889526,155418
16.391026735305786,155418
16.451935052871704,155418
16.52531862258911,155418
16.598963975906372,155418
16.67215895652771,155418
16.745518684387207,155418
16.818711042404175,155418
16.891308307647705,155418
16.96396517753601,155418
17.069010257720947,155418
17.141449451446533,155418
17.247546911239624,155410
17.322808504104614,155410
17.39803671836853,155410
17.47376012802124,155410
17.580070972442627,155410
17.654119968414307,155410
17.72799062728882,155410
17.80199432373047,155410
17.87686324119568,155410
17.950522899627686,155410
18.024019718170166,155410
18.098764181137085,155410
18.17255711555481,155410
18.246418476104736,155410
18.319905042648315,155410
18.394027948379517,155410
18.467838048934937,155410
18.541743755340576,155410
18.61543846130371,155410
18.689092874526978,155410
18.762781381607056,155410
18.836784601211548,155410
18.91065287590027,155410
18.98425054550171,155410
19.057931661605835,155410
19.067561149597168,155410
19.141257286071777,155410
19.21490168571472,155410
19.28870677947998,155410
19.362367153167725,155410
19.43639039993286,155410
19.5100257396698,155410
19.5836820602417,155410
19.657277584075928,155410
19.796366930007935,155172
19.86982035636902,155172
19.943821668624878,155172
20.01892924308777,155172
20.094291925430298,155172
20.16970920562744,155172
20.24453067779541,155172
20.320067882537842,155172
20.392032861709595,155172
20.442095279693604,155172
20.516164779663086,155172
20.590349674224854,155172
20.66541290283203,155172
20.73811435699463,155172
20.81120777130127,155172
20.88439679145813,155172
20.95793390274048,155172
21.03224492073059,155172
21.10603976249695,155172
21.179628610610962,155172
21.253602743148804,155172
21.327318906784058,155172
21.4017493724823,155172
21.47543740272522,155172
21.54977035522461,155172
21.62390947341919,155172
21.697553873062134,155172
21.770739555358887,155172
21.844640254974365,155172
21.918524503707886,155172
21.969019412994385,155172
22.005806922912598,155172
22.042625904083252,155172
22.079759120941162,155172
22.1162371635437,155172
22.15294599533081,155172
22.18950629234314,155172
22.22611975669861,155172
22.262576580047607,155172
22.299166202545166,155172
22.336076498031616,155172
22.372897148132324,155172
22.4098162651062,155172
22.446349620819092,155172
22.48289155960083,155172
22.519580602645874,155172
22.556349515914917,155172
22.593120098114014,155172
22.629764080047607,155172
22.666505813598633,155172
22.703482151031494,155172
22.740264415740967,155172
22.777245044708252,155172
22.814169883728027,155172
22.85114884376526,155172
22.888062953948975,155172
22.924965381622314,155172
22.96194839477539,155172
22.998759984970093,155172
23.035663843154907,155172
23.072591543197632,155172
23.10935068130493,155172
23.14623737335205,155172
23.182945728302002,155172
23.219810485839844,155172
23.256335496902466,155172
23.29276466369629,155172
23.32938241958618,155172
23.365987300872803,155172
23.402644157409668,155172
23.46883988380432,155172
23.520626306533813,155172
23.571397066116333,155162
23.608319520950317,155150
23.645589351654053,155136
23.682726621627808,155136
23.71978187561035,155136
23.75700044631958,155136
23.794241428375244,155136
23.831663608551025,155136
23.869322776794434,155136
23.90703558921814,155136
23.94449019432068,155136
23.98207664489746,155136
24.019391536712646,155136
24.057284355163574,155136
24.094974994659424,155136
24.131989240646362,155136
24.168940782546997,155136
24.205756425857544,155136
24.242499113082886,155136
24.279457092285156,155136
24.316245079040527,155136
24.352872133255005,155136
24.389648914337158,155136
24.426090002059937,155136
24.462409019470215,155136
24.49852180480957,155136
24.55091404914856,155136
24.58727526664734,155136
24.65360379219055,155048
24.690585374832153,155048
24.727533102035522,155048
24.764759302139282,155048
24.80203866958618,155048
24.839394330978394,155048
24.876676082611084,155048
24.91343593597412,155048
24.950325965881348,155048
24.987072229385376,155048
25.0237557888031,155048
25.060338020324707,155048
25.096781253814697,155048
25.133164405822754,155048
25.16942071914673,155048
25.205649375915527,155048
25.241822481155396,155048
25.278439044952393,155048
25.315420389175415,155048
25.381675481796265,155048
25.43320345878601,155048
25.469419717788696,155048
25.52082848548889,155048
25.57206630706787,155048
25.62330651283264,155048
25.675182104110718,155028
25.711995124816895,155028
25.749099731445312,155008
25.786174297332764,155008
25.8234965801239,155008
25.86065363883972,155008
25.89812970161438,155008
25.935337781906128,155008
25.972718715667725,155008
26.009814739227295,155008
26.046973705291748,155008
26.083709955215454,155008
26.120782613754272,155008
26.157750606536865,155008
26.1948025226593,155008
26.2317476272583,155008
26.268971920013428,155008
26.30598759651184,155008
26.343015432357788,155008
26.380021572113037,155008
26.416962385177612,155008
26.453623294830322,155008
26.490487098693848,155008
26.52713894844055,155008
26.594238996505737,155008
26.631255865097046,155008
26.668091535568237,155008
26.70486617088318,155008
26.741886615753174,155008
26.778671503067017,155008
26.81564164161682,155008
26.852614879608154,155008
26.889716863632202,155008
26.92669105529785,155008
26.963666200637817,155008
27.000571489334106,155008
27.037553548812866,155008
27.106371879577637,155008
27.143335342407227,155008
27.180164337158203,155008
27.216921091079712,155008
27.253902912139893,155008
27.29084324836731,155008
27.32770347595215,155008
27.364784240722656,155008
27.40151071548462,155008
27.438441038131714,155008
27.47540259361267,155008
27.51262593269348,155008
27.54967188835144,155008
27.58670425415039,155008
27.623579740524292,155008
27.66041898727417,155008
27.697240352630615,155008
27.734110593795776,155008
27.77103590965271,155008
27.807764291763306,155008
27.844598531723022,155008
27.88119673728943,155008
27.91812014579773,155008
27.95518469810486,155008
27.992032527923584,155008
28.028829336166382,155008
28.065678119659424,155008
28.10259747505188,155008
28.1395263671875,155008
28.176257371902466,155008
28.21296715736389,155008
28.249746561050415,155008
28.286461114883423,155008
28.323232173919678,155008
28.36011528968811,155008
28.405194520950317,155008
28.478883266448975,155008
28.55195951461792,155008
28.62510848045349,155008
28.697919607162476,155008
28.77072525024414,155008
28.843988180160522,155008
28.917438745498657,155008
28.9918851852417,155008
29.0673828125,155008
29.108254194259644,155008
29.145037174224854,155008
29.181824684143066,155008
29.2186119556427,155008
29.255359172821045,155008
29.292090892791748,155008
29.328919649124146,155008
29.365706205368042,155008
29.402573823928833,155008
29.439229488372803,155008
29.47602939605713,155008
29.512852907180786,155008
29.54958152770996,155008
29.586402416229248,155008
29.623335361480713,155008
29.660004138946533,155008
29.696767330169678,155008
29.73340153694153,155008
29.77018117904663,155008
29.806833505630493,155008
29.843497037887573,155008
29.879988193511963,155008
29.91668462753296,155008
29.953250646591187,155008
29.98997688293457,155008
30.026450872421265,155008
30.062862634658813,155008
30.09925079345703,155008
30.13563108444214,155008
30.17183208465576,155008
30.208129405975342,155008
30.24438452720642,155008
30.28067922592163,155008
30.331814765930176,155008
30.33736228942871,155008
30.373305320739746,155008
30.439198970794678,155008
30.491501331329346,154998
30.52864909172058,154998
30.565736293792725,154998
30.61769390106201,154998
30.654667615890503,154998
30.6917142868042,154998
30.729005575180054,154998
30.765901565551758,154998
30.802839517593384,154998
30.855267763137817,154998
30.89238166809082,154998
30.945600271224976,154998
30.982725143432617,154998
31.019318342208862,154998
31.056501626968384,154998
31.093442916870117,154998
31.14620280265808,154958
31.18363928794861,154958
31.220896005630493,154958
31.258344650268555,154958
31.295867443084717,154958
31.333231687545776,154958
31.371034145355225,154958
31.408721923828125,154958
31.446593284606934,154958
31.48439860343933,154958
31.52253556251526,154898
31.55989933013916,154898
31.597110748291016,154898
31.634161472320557,154898
31.67153573036194,154898
31.708582162857056,154898
31.745638132095337,154898
31.782516717910767,154898
31.8192241191864,154898
31.85610866546631,154898
31.892919063568115,154898
31.92978310585022,154898
31.966501474380493,154898
32.00306534767151,154898
32.03970670700073,154898
32.0762574672699,154898
32.11262083053589,154898
32.14899182319641,154898
32.18523693084717,154898
32.23657751083374,154898
32.27287411689758,154898
32.3254120349884,154874
32.36235213279724,154874
32.42915058135986,154874
32.50337028503418,154874
32.57772612571716,154874
32.65193819999695,154874
32.726881980895996,154874
32.8017053604126,154874
32.87718200683594,154874
32.95271825790405,154874
33.02798581123352,154874
33.103026151657104,154874
33.17811298370361,154798
33.25343203544617,154798
33.327826738357544,154798
33.40246510505676,154798
33.476871967315674,154798
33.55159282684326,154798
33.626498222351074,154798
33.70247483253479,154798
33.76925086975098,154798
33.805992126464844,154798
33.84257745742798,154798
33.87938380241394,154798
33.915908098220825,154798
33.95246410369873,154798
33.98916006088257,154798
34.02595090866089,154798
34.062695264816284,154798
34.09965920448303,154798
34.13629484176636,154798
34.1730523109436,154798
34.209707498550415,154798
34.24633979797363,154798
34.2829966545105,154798
34.31955862045288,154798
34.35630679130554,154798
34.393166065216064,154798
34.429872274398804,154798
34.46648287773132,154798
34.50324773788452,154798
34.5399055480957,154798
34.57662034034729,154798
34.61339235305786,154798
34.65005564689636,154798
34.68666481971741,154798
34.72344708442688,154798
34.760040521621704,154798
34.79692316055298,154798
34.833510875701904,154798
34.870197057724,154798
34.90690016746521,154798
34.94381022453308,154798
34.980612993240356,154798
35.01739239692688,154798
35.054117918014526,154798
35.09093689918518,154798
35.127562284469604,154798
35.164281368255615,154798
35.20105600357056,154798
35.23773217201233,154798
35.274547815322876,154798
35.31113076210022,154798
35.34789276123047,154798
35.384663343429565,154798
35.42152738571167,154798
35.45818090438843,154798
35.49502468109131,154798
35.531726121902466,154798
35.56850528717041,154798
35.605149030685425,154798
35.6418776512146,154798
35.678611755371094,154798
35.71529746055603,154798
35.75182294845581,154798
35.788461446762085,154798
35.825159549713135,154798
35.86161184310913,154798
35.89793157577515,154798
35.934322357177734,154798
35.970529556274414,154798
36.02100896835327,154798
36.102293252944946,154784
36.13924837112427,154784
36.1758131980896,154784
36.21272802352905,154784
36.249889850616455,154784
36.28680777549744,154784
36.3239209651947,154784
36.36093258857727,154784
36.39936637878418,154778
36.44047570228577,154778
36.477370262145996,154778
36.51436448097229,154778
36.55117726325989,154778
36.58830714225769,154778
36.625306606292725,154778
36.66219687461853,154778
36.69894242286682,154768
36.73602032661438,154768
36.77322840690613,154768
36.81044578552246,154768
36.84789848327637,154768
36.88527536392212,154768
36.92247486114502,154706
36.95948386192322,154706
36.996520042419434,154706
37.03353428840637,154706
37.07065725326538,154706
37.107800006866455,154706
37.1451530456543,154702
37.1824631690979,154702
37.21956944465637,154702
37.25657296180725,154702
37.29351234436035,154702
37.33042359352112,154702
37.36717700958252,154702
37.40380334854126,154702
37.440701723098755,154702
37.477394580841064,154702
37.51430296897888,154702
37.55113887786865,154702
37.58804130554199,154702
37.62470841407776,154702
37.66149306297302,154702
37.698267698287964,154702
37.73522424697876,154702
37.772037506103516,154702
37.80871534347534,154702
37.84541702270508,154702
37.88219165802002,154702
37.91891026496887,154702
37.9557204246521,154702
37.99265480041504,154702
38.02954363822937,154702
38.06633019447327,154702
38.10319542884827,154702
38.1400032043457,154702
38.17667055130005,154702
38.21359157562256,154702
38.250481843948364,154702
38.28735280036926,154702
38.32413363456726,154702
38.36086702346802,154702
38.39781045913696,154702
38.434622049331665,154702
38.47140336036682,154702
38.508219480514526,154702
38.545016050338745,154702
38.58179521560669,154702
38.61850619316101,154702
38.65524625778198,154702
38.692020654678345,154702
38.72877550125122,154702
38.765624046325684,154702
38.80247640609741,154702
38.83929395675659,154702
38.876049518585205,154702
38.91279983520508,154702
38.949809074401855,154702
38.98653244972229,154702
39.02342700958252,154702
39.06024527549744,154702
39.09714961051941,154702
39.133981704711914,154702
39.17081260681152,154702
39.207584381103516,154702
39.24444079399109,154702
39.28124785423279,154702
39.31811857223511,154702
39.3549530506134,154702
39.391873359680176,154702
39.42871284484863,154702
39.46566605567932,154702
39.502397537231445,154702
39.53935194015503,154702
39.57604432106018,154702
39.6127712726593,154702
39.649646282196045,154702
39.6862154006958,154702
39.72302603721619,154702
39.759713888168335,154702
39.79630637168884,154702
39.833067655563354,154702
39.86975359916687,154702
39.90642428398132,154702
39.942988872528076,154702
39.9796462059021,154702
40.01618266105652,154702
40.05293822288513,154702
40.08962798118591,154702
40.12634539604187,154702
40.163055419921875,154702
40.19969701766968,154702
40.236485719680786,154702
40.27330565452576,154702
40.31005501747131,154702
40.35598945617676,154702
40.43032360076904,154702
40.503482818603516,154702
40.57944369316101,154702
40.6530237197876,154702
40.725876808166504,154702
40.799267053604126,154702
40.87219309806824,154702
40.94590711593628,154702
41.02161121368408,154702
41.0975878238678,154702
41.172637701034546,154702
41.247862577438354,154702
41.32284879684448,154702
41.33288288116455,154702
41.40751814842224,154702
41.48260951042175,154702
41.55766463279724,154702
41.63278794288635,154702
41.70777463912964,154702
41.783045291900635,154702
41.85848546028137,154702
41.934163093566895,154702
42.01053714752197,154702
42.08872127532959,154702
42.164228439331055,154702
42.23997759819031,154702
42.31558632850647,154702
42.391353607177734,154702
42.46797513961792,154702
42.54313111305237,154702
42.616766691207886,154702
42.69058656692505,154702
42.7641396522522,154702
42.83977556228638,154702
42.91305685043335,154702
42.98612666130066,154702
43.0593523979187,154702
43.13273286819458,154702
43.206125259399414,154702
43.279654026031494,154702
43.353108406066895,154702
43.42675542831421,154702
43.50002384185791,154702
43.57285833358765,154702
43.64640736579895,154702
43.71919775009155,154702
43.792784690856934,154702
43.866291522979736,154702
43.939544439315796,154702
44.01327061653137,154702
44.08729696273804,154702
44.19320750236511,154702
44.29939413070679,154624
44.3728461265564,154624
44.411330223083496,154624
44.45619487762451,154624
44.49327826499939,154624
44.53046751022339,154624
44.56738018989563,154624
44.60420346260071,154624
44.640913248062134,154624
44.67742896080017,154624
44.71397113800049,154624
44.750476598739624,154624
44.78726363182068,154624
44.823817014694214,154624
44.86021590232849,154624
44.896650075912476,154624
44.93298029899597,154624
44.96931505203247,154624
45.00549578666687,154624
45.04180407524109,154624
45.07806873321533,154624
45.114222288131714,154624
45.16572284698486,154624
45.21686553955078,154624
45.268333435058594,154624
45.33544993400574,154624
45.38836336135864,154624
45.42437505722046,154624
45.49122381210327,154624
45.54275417327881,154624
45.57915282249451,154624
45.63041615486145,154624
45.6807816028595,154596
45.717689752578735,154596
45.754634618759155,154592
45.79162573814392,154592
45.82867765426636,154592
45.86586022377014,154592
45.90272235870361,154592
45.939587354660034,154592
45.97661781311035,154592
46.01362419128418,154592
46.050376415252686,154592
46.087281227111816,154592
46.12383961677551,154592
46.16035437583923,154592
46.19686937332153,154592
46.2485876083374,154592
46.28539729118347,154592
46.32214641571045,154592
46.35879707336426,154592
46.3953423500061,154592
46.43190383911133,154592
46.46827268600464,154592
46.50448679924011,154592
46.540738344192505,154592
46.57708692550659,154592
46.61335277557373,154592
46.64954376220703,154592
46.71586775779724,154592
46.76674199104309,154592
46.81847381591797,154592
46.87007212638855,154592
46.92159414291382,154592
46.98917078971863,154592
47.04104256629944,154592
47.077391147613525,154592
47.1281259059906,154592
47.164254903793335,154592
47.21565890312195,154592
47.26689100265503,154592
47.31804823875427,154592
47.369088888168335,154592
47.420475482940674,154592
47.456676959991455,154592
47.49290704727173,154592
47.55841279029846,154592
47.610053062438965,154592
47.66038632392883,154592
47.72791600227356,154584
47.7647922039032,154584
47.80148720741272,154584
47.85342717170715,154584
47.89043402671814,154584
47.92722940444946,154576
47.96448111534119,154576
48.00158715248108,154576
48.03884267807007,154576
48.07600474357605,154576
48.113142013549805,154576
48.15047740936279,154576
48.18789625167847,154576
48.224753618240356,154576
48.26197528839111,154576
48.298917293548584,154576
48.33585548400879,154576
48.3725860118866,154576
48.44366478919983,154576
48.51704549789429,154576
48.592111587524414,154576
48.66561794281006,154576
48.73866629600525,154576
48.8119158744812,154576
48.88529562950134,154576
48.959213972091675,154576
49.06554412841797,154576
49.13805150985718,154576
49.24267387390137,154576
49.31642556190491,154554
49.390151023864746,154554
49.463993549346924,154538
49.53783845901489,154538
49.61168146133423,154538
49.685853719711304,154538
49.760051012039185,154538
49.83389472961426,154538
49.90788698196411,154538
49.9817898273468,154538
50.05603528022766,154538
50.129467248916626,154538
50.20328974723816,154538
50.27716040611267,154538
50.35084795951843,154538
50.424304246902466,154538
50.497840881347656,154538
50.57139468193054,154538
50.64487838745117,154538
50.718616008758545,154538
50.79202842712402,154538
50.866459131240845,154538
50.939772844314575,154538
51.01329278945923,154538
51.086209535598755,154538
51.159048318862915,154538
51.23218536376953,154538
51.3343608379364,154538
51.40824842453003,154538
51.48257803916931,154538
51.61947011947632,154538
51.72280764579773,154538
51.82761192321777,154538
51.96509575843811,154518
52.03934359550476,154518
52.11350703239441,154518
52.18680691719055,154518
52.26069664955139,154518
52.33038353919983,154518
52.38242173194885,154518
52.41932392120361,154518
52.456297397613525,154518
52.49349355697632,154518
52.53063607215881,154518
52.567925214767456,154518
52.60520935058594,154518
52.642653942108154,154518
52.67981743812561,154518
52.716878175735474,154518
52.753501176834106,154518
52.79033279418945,154518
52.82666635513306,154518
52.86333966255188,154518
52.89964318275452,154518
52.9358651638031,154518
52.98741865158081,154518
53.03885340690613,154518
53.090354919433594,154518
53.1266565322876,154518
53.17797589302063,154518
53.229063510894775,154518
53.28053283691406,154518
53.3472421169281,154518
53.4142005443573,154518
53.46530055999756,154518
53.501479387283325,154518
53.55241012573242,154518
53.58877515792847,154518
53.625144720077515,154518
53.67745900154114,154518
53.72829008102417,154518
53.77938389778137,154518
53.81565237045288,154518
53.866764068603516,154518
53.90292978286743,154518
53.95516061782837,154518
54.00648903846741,154518
54.05831241607666,154518
54.110312700271606,154518
54.16164016723633,154518
54.21270561218262,154518
54.263328552246094,154518
54.314868688583374,154518
54.38158822059631,154518
54.41779398918152,154518
54.454087018966675,154518
54.506110191345215,154518
54.54246377944946,154518
54.60839009284973,154518
54.65949273109436,154518
54.71089553833008,154518
54.76264476776123,154518
54.798739433288574,154518
54.849833726882935,154518
54.88603687286377,154518
54.92232584953308,154518
54.95864129066467,154518
55.01035189628601,154518
55.061450481414795,154518
55.09776258468628,154518
55.14882946014404,154518
55.199371337890625,154518
55.250672340393066,154518
55.28733158111572,154518
55.3391273021698,154518
55.40577054023743,154518
55.45669984817505,154518
55.50925087928772,154518
55.54544138908386,154518
55.59632658958435,154518
55.632609605789185,154518
55.684340476989746,154518
55.735716104507446,154518
55.771838426589966,154518
55.82310914993286,154518
55.87472915649414,154518
55.941680908203125,154518
55.992841482162476,154518
56.04333305358887,154458
56.08026432991028,154458
56.11749005317688,154458
56.154654026031494,154458
56.19253945350647,154458
56.229894161224365,154458
56.26780843734741,154458
56.30527853965759,154458
56.343013763427734,154458
56.38219738006592,154458
56.419782638549805,154458
56.456822872161865,154458
56.493672132492065,154458
56.53026533126831,154458
56.56672215461731,154458
56.60318851470947,154458
56.63939142227173,154458
56.67556357383728,154458
56.72683548927307,154458
56.77801728248596,154458
56.8292760848999,154458
56.88047456741333,154458
56.96243739128113,154458
56.998722076416016,154458
57.05027627944946,154458
57.10168743133545,154458
57.137908935546875,154458
57.203782081604004,154452
57.271185874938965,154452
57.30811953544617,154452
57.3447904586792,154452
57.38177442550659,154452
57.41851186752319,154452
57.45551681518555,154414
57.49250507354736,154414
57.529624938964844,154414
57.566678524017334,154410
57.60390853881836,154410
57.641144037246704,154410
57.678460121154785,154410
57.715646743774414,154410
57.75250744819641,154410
57.78937077522278,154410
57.82635045051575,154410
57.86299419403076,154410
57.899755001068115,154410
57.93653631210327,154410
57.973254919052124,154410
58.010016202926636,154410
58.04680514335632,154410
58.08346390724182,154410
58.120099782943726,154410
58.15663695335388,154410
58.1933114528656,154410
58.22996759414673,154410
58.26672983169556,154410
58.30318832397461,154410
58.339778900146484,154410
58.37637948989868,154410
58.41280174255371,154410
58.449687480926514,154410
58.486244678497314,154410
58.522960901260376,154410
58.55961608886719,154410
58.596373081207275,154410
58.63307595252991,154410
58.66977906227112,154410
58.706493616104126,154410
58.743041038513184,154410
58.779670000076294,154410
58.816253662109375,154410
58.852996826171875,154410
58.88961887359619,154410
58.9261589050293,154410
58.96264410018921,154410
58.999237298965454,154410
59.03588581085205,154410
59.072511434555054,154410
59.10932993888855,154410
59.145939350128174,154410
59.182589054107666,154410
59.219358921051025,154410
59.25612807273865,154410
59.2929265499115,154410
59.329647064208984,154410
59.36638069152832,154410
59.403021812438965,154410
59.43970251083374,154410
59.47640776634216,154410
59.51316428184509,154410
59.54998540878296,154410
59.58657646179199,154410
59.62315893173218,154410
59.65981984138489,154410
59.69638013839722,154410
59.73307752609253,154410
59.76964545249939,154410
59.80641722679138,154410
59.84301233291626,154410
59.879626750946045,154410
59.916234731674194,154410
59.95282292366028,154410
59.98955011367798,154410
60.026201009750366,154410
60.062896490097046,154410
60.09951162338257,154410
60.136247873306274,154410
60.17282581329346,154410
60.209391355514526,154410
60.245912313461304,154410
60.282509326934814,154410
60.31907081604004,154410
60.359217166900635,154410
60.430938482284546,154410
60.504621267318726,154410
60.58027386665344,154410
60.655189990997314,154410
60.7298846244812,154410
60.804877519607544,154410
60.88069939613342,154410
60.954601764678955,154410
61.02850103378296,154410
61.1019823551178,154410
61.17552328109741,154410
61.24850869178772,154410
61.32157492637634,154410
61.394694089889526,154410
61.469701051712036,154410
61.543814182281494,154410
61.61722159385681,154410
61.69049406051636,154410
61.76397728919983,154410
61.83745288848877,154410
61.91069960594177,154410
61.98440408706665,154410
62.05841612815857,154410
62.10761260986328,154410
62.1443567276001,154410
62.18092393875122,154410
62.21747612953186,154410
62.253981828689575,154410
62.290536880493164,154410
62.32721734046936,154410
62.36391806602478,154410
62.40054893493652,154410
62.437211751937866,154410
62.473719120025635,154410
62.510313272476196,154410
62.54706430435181,154410
62.583810567855835,154410
62.62045383453369,154410
62.65719676017761,154410
62.693888902664185,154410
62.73059916496277,154410
62.76713013648987,154410
62.80377674102783,154410
62.84042930603027,154410
62.87709617614746,154410
62.91367959976196,154410
62.95022201538086,154410
62.98688554763794,154410
63.023561000823975,154410
63.06025767326355,154410
63.09675884246826,154410
63.13336634635925,154410
63.16992998123169,154410
63.206746101379395,154410
63.2433922290802,154410
63.27998447418213,154410
63.31673812866211,154410
63.353485107421875,154410
63.39003372192383,154410
63.426594495773315,154410
63.463340282440186,154410
63.499892234802246,154410
63.53655958175659,154410
63.57313656806946,154410
63.609872341156006,154410
63.6464684009552,154410
63.68307948112488,154410
63.719738245010376,154410
63.75629734992981,154410
63.79287099838257,154410
63.829474687576294,154410
63.866111040115356,154410
63.90268111228943,154410
63.939225912094116,154410
63.975865602493286,154410
64.01248741149902,154410
64.04908537864685,154410
64.08568096160889,154410
64.12225294113159,154410
64.15891909599304,154410
64.19558525085449,154410
64.23230290412903,154410
64.26894092559814,154410
64.30562329292297,154410
64.34659337997437,154410
64.38336324691772,154410
64.42002177238464,154410
64.45660471916199,154410
64.49335241317749,154410
64.52998328208923,154410
64.56652903556824,154410
64.60321736335754,154410
64.63987326622009,154410
64.67651605606079,154410
64.71314907073975,154410
64.74994921684265,154410
64.78662323951721,154410
64.82334065437317,154410
64.85990190505981,154410
64.8964638710022,154410
64.93328428268433,154410
64.97009325027466,154410
65.00678491592407,154410
65.04350543022156,154410
65.08021354675293,154410
65.11684203147888,154410
65.15351390838623,154410
65.19016480445862,154410
65.22689747810364,154410
65.26362943649292,154410
65.30036044120789,154410
65.33700251579285,154410
65.37358975410461,154410
65.4101984500885,154410
65.44685173034668,154410
65.48355865478516,154410
65.5203583240509,154410
65.55693936347961,154410
65.59361624717712,154410
65.63034749031067,154410
65.66726541519165,154410
65.70381593704224,154410
65.74051475524902,154410
65.77720260620117,154410
65.81371355056763,154410
65.85033869743347,154410
65.88700294494629,154410
65.92358899116516,154410
65.96020603179932,154410
65.99689388275146,154410
66.03366827964783,154410
66.07028031349182,154410
66.10708975791931,154410
66.14392423629761,154410
66.18065857887268,154410
66.21746182441711,154410
66.25408482551575,154410
66.29075050354004,154410
66.32747507095337,154410
66.36411762237549,154410
66.40076231956482,154410
66.43742036819458,154410
66.47408723831177,154410
66.51074957847595,154410
66.54731702804565,154410
66.58385062217712,154410
66.62046074867249,154410
66.65710592269897,154410
66.69370412826538,154410
66.73037695884705,154410
66.7670361995697,154410
66.80369114875793,154410
66.84042954444885,154410
66.87700462341309,154410
66.91369700431824,154410
66.950190782547,154410
66.98688292503357,154410
67.02375173568726,154410
67.06057000160217,154410
67.09719014167786,154410
67.13383197784424,154410
67.17050290107727,154410
67.20712804794312,154410
67.24369192123413,154410
67.28025579452515,154410
67.3169572353363,154410
67.35358214378357,154410
67.39019298553467,154410
67.4268307685852,154410
67.4634690284729,154410
67.5001950263977,154410
67.53699588775635,154410
67.57370376586914,154410
67.61036229133606,154410
67.64705562591553,154410
67.68387460708618,154410
67.72072196006775,154410
67.75759172439575,154410
67.79433727264404,154410
67.83109855651855,154410
67.8677134513855,154410
67.90459489822388,154410
67.94128441810608,154410
67.97796630859375,154410
68.01454257965088,154410
68.05138278007507,154410
68.0881814956665,154410
68.12480592727661,154410
68.16152763366699,154410
68.19822072982788,154410
68.23479533195496,154410
68.2714638710022,154410
68.30816960334778,154410
68.36819911003113,154410
68.42298412322998,154410
68.49988031387329,154410
68.57655024528503,154410
68.6520471572876,154410
68.7278733253479,154410
68.80403900146484,154410
68.8807258605957,154410
68.9575207233429,154410
69.01646304130554,154410
69.05303573608398,154410
69.08974361419678,154410
69.12643480300903,154410
69.16306138038635,154410
69.19955205917358,154410
69.23622250556946,154410
69.27288174629211,154410
69.30988550186157,154410
69.34684014320374,154410
69.38383746147156,154410
69.42069864273071,154410
69.457270860672,154410
69.494069814682,154410
69.53099083900452,154410
69.56760621070862,154410
69.60452818870544,154410
69.64114689826965,154410
69.67762112617493,154410
69.71415138244629,154410
69.75061106681824,154410
69.78720211982727,154410
69.823970079422,154410
69.86058211326599,154410
69.89722084999084,154410
69.93385791778564,154410
69.97046613693237,154410
70.00772285461426,154410
70.04420304298401,154410
70.08086228370667,154410
70.11750745773315,154410
70.15417575836182,154410
70.1907958984375,154410
70.2276439666748,154410
70.26423192024231,154410
70.30081152915955,154410
70.33753085136414,154410
70.37430047988892,154410
70.41099905967712,154410
70.44770884513855,154410
70.48435568809509,154410
70.52108597755432,154410
70.5578887462616,154410
70.5945475101471,154410
70.63118028640747,154410
70.66782021522522,154410
70.70455002784729,154410
70.74115467071533,154410
70.7777009010315,154410
70.81457686424255,154410
70.85134553909302,154410
70.88799667358398,154410
70.9248673915863,154410
70.96166014671326,154410
70.99840545654297,154410
71.03569865226746,154410
71.07254958152771,154410
71.10943341255188,154410
71.14627623558044,154410
71.18291544914246,154410
71.21960878372192,154410
71.25639724731445,154410
71.29314374923706,154410
71.3298921585083,154410
71.36665630340576,154410
71.40544390678406,154410
71.44216680526733,154410
71.47885227203369,154410
71.51543378829956,154410
71.55217742919922,154410
71.58887720108032,154410
71.62567472457886,154410
71.66232705116272,154410
71.69907522201538,154410
71.73585963249207,154410
71.77261662483215,154410
71.80946683883667,154410
71.84627437591553,154410
71.88288974761963,154410
71.9197850227356,154410
71.95652365684509,154410
71.99320125579834,154410
72.03036427497864,154410
72.06702971458435,154410
72.10369968414307,154410
72.14026188850403,154410
72.17709231376648,154410
72.21447658538818,154410
72.25133657455444,154410
72.28791213035583,154410
72.34691524505615,154410
72.42354226112366,154410
72.4969494342804,154410
72.57043433189392,154410
72.6459448337555,154410
72.72047257423401,154410
72.79598450660706,154410
72.86925411224365,154410
72.94461703300476,154410
73.02042746543884,154410
73.09391808509827,154410
73.16742014884949,154410
73.24196195602417,154410
73.31520771980286,154410
73.38845229148865,154410
73.46102261543274,154410
73.53591990470886,154410
73.60913681983948,154410
73.68254399299622,154410
73.75754857063293,154410
73.83143901824951,154410
73.90484166145325,154410
73.97968173027039,154410
74.03002667427063,154410
74.06665086746216,154410
74.10323977470398,154410
74.13986468315125,154410
74.1764624118805,154410
74.21304368972778,154410
74.24973201751709,154410
74.28641247749329,154410
74.32300519943237,154410
74.3597002029419,154410
74.39644956588745,154410
74.4330940246582,154410
74.46973252296448,154410
74.50641179084778,154410
74.54289627075195,154410
74.57955312728882,154410
74.61610865592957,154410
74.65287661552429,154410
74.68959212303162,154410
74.72638368606567,154410
74.76304268836975,154410
74.79977703094482,154410
74.83633089065552,154410
74.87313508987427,154410
74.90986108779907,154410
74.94636034965515,154410
74.98281979560852,154410
75.01929140090942,154410
75.05584216117859,154410
75.0924460887909,154410
75.12909245491028,154410
75.16571569442749,154410
75.20228862762451,154410
75.23887252807617,154410
75.27554535865784,154410
75.31210851669312,154410
75.34871912002563,154410
75.38535404205322,154410
75.42184376716614,154410
75.45839047431946,154410
75.52571487426758,154410
75.60068392753601,154410
75.6756386756897,154410
75.75093507766724,154410
75.82672953605652,154410
75.90263533592224,154410
75.97626686096191,154410
76.04970359802246,154410
76.1246907711029,154410
76.19842839241028,154410
76.27345895767212,154410
76.34859347343445,154410
76.42268967628479,154410
76.49666094779968,154410
76.57057285308838,154410
76.64535236358643,154410
76.71985483169556,154410
76.7956874370575,154410
76.87079930305481,154410
76.94453167915344,154410
77.01767110824585,154410
77.0929627418518,154410
77.16653656959534,154410
77.24016523361206,154410
77.31437921524048,154410
77.38797903060913,154410
77.46140956878662,154410
77.53491449356079,154410
77.6101598739624,154410
77.68417716026306,154410
77.75971579551697,154410
77.83403444290161,154410
77.90953040122986,154410
77.98405385017395,154410
78.05744171142578,154410
78.13255214691162,154410
78.20921277999878,154410
78.2823417186737,154410
78.35623073577881,154410
78.43026208877563,154410
78.50600981712341,154410
78.58013319969177,154410
78.6535267829895,154410
78.72890496253967,154410
78.80232381820679,154410
78.87661600112915,154410
78.95336031913757,154410
79.027104139328,154410
79.10128808021545,154410
79.17693638801575,154410
79.25118923187256,154410
79.32573366165161,154410
79.40013217926025,154410
79.475825548172,154410
79.55018377304077,154410
79.62583565711975,154410
79.69941902160645,154410
79.7735767364502,154410
79.8478889465332,154410
79.92064571380615,154410
79.99723505973816,154410
80.07101368904114,154410
80.14434671401978,154410
80.21807360649109,154410
80.29337787628174,154410
80.33946752548218,154410
80.37835955619812,154410
80.41490817070007,154410
80.45160841941833,154410
80.48827886581421,154410
80.52490258216858,154410
80.56157159805298,154410
80.59814620018005,154410
80.6347451210022,154410
80.67129755020142,154410
80.70800924301147,154410
80.74449968338013,154410
80.78104376792908,154410
80.81755661964417,154410
80.85411143302917,154410
80.89077353477478,154410
80.92734956741333,154410
80.964284658432,154410
81.0105242729187,154410
81.05083751678467,154410
81.0876898765564,154410
81.12432408332825,154410
81.16111850738525,154410
81.19798684120178,154410
81.23494100570679,154410
81.27202844619751,154410
81.30864000320435,154410
81.34558892250061,154410
81.38228631019592,154410
81.41900062561035,154410
81.45561194419861,154410
81.49236464500427,154410
81.52911901473999,154410
81.56584906578064,154410
81.61268258094788,154410
81.68618583679199,154410
81.76144433021545,154410
81.83550000190735,154410
81.90909695625305,154410
81.9837634563446,154410
82.05745244026184,154410
82.13100337982178,154410
82.20463228225708,154410
82.27879047393799,154410
82.35226917266846,154410
82.4258337020874,154410
82.49896454811096,154410
82.57256007194519,154410
82.64592170715332,154410
82.72040581703186,154410
82.79479622840881,154410
82.86791205406189,154410
82.94137978553772,154410
83.01467800140381,154410
83.08803987503052,154410
83.1613552570343,154410
83.23515248298645,154410
83.30865335464478,154410
83.38221502304077,154410
83.45530915260315,154410
83.52861213684082,154410
83.60239672660828,154410
83.66350054740906,154410
83.7003116607666,154410
83.73709750175476,154410
83.77375149726868,154410
83.81043362617493,154410
83.8470778465271,154410
83.88371157646179,154410
83.92042636871338,154410
83.95704817771912,154410
83.9938337802887,154410
84.03036165237427,154410
84.06705141067505,154410
84.1035726070404,154410
84.14033317565918,154410
84.17683529853821,154410
84.21346664428711,154410
84.25012421607971,154410
84.28675246238708,154410
84.32337069511414,154410
84.38474607467651,154410
84.45801663398743,154410
84.5319414138794,154410
84.60510563850403,154410
84.67881417274475,154410
84.75221180915833,154410
84.82581663131714,154410
84.89932608604431,154410
84.97270798683167,154410
85.046382188797,154410
85.11985874176025,154410
85.19352221488953,154410
85.26710152626038,154410
85.34050989151001,154410
85.41414952278137,154410
85.4876937866211,154410
85.56109809875488,154410
85.63440918922424,154410
85.70784115791321,154410
85.78156924247742,154410
85.8549530506134,154410
85.92847323417664,154410
86.00212740898132,154410
86.07596588134766,154410
86.14967131614685,154410
86.22339248657227,154410
86.29748249053955,154410
86.3714029788971,154410
86.44517087936401,154410
86.51853561401367,154410
86.59256339073181,154410
86.6662700176239,154410
86.7399377822876,154410
86.81377267837524,154410
86.88779854774475,154410
86.96360063552856,154410
87.03970694541931,154410
87.11511731147766,154410
87.18922901153564,154410
87.26309275627136,154410
87.33742880821228,154410
87.41230154037476,154410
87.4879367351532,154410
87.56414914131165,154410
87.6394727230072,154410
87.71473693847656,154410
87.79052448272705,154410
87.86651754379272,154410
87.94226956367493,154410
88.01834225654602,154410
88.09513783454895,154410
88.17155432701111,154410
88.24700427055359,154410
88.32229328155518,154410
88.36071467399597,154410
88.40151572227478,154410
88.43811631202698,154410
88.47466802597046,154410
88.51130867004395,154410
88.54785537719727,154410
88.58451724052429,154410
88.62102556228638,154410
88.6577365398407,154410
88.694340467453,154410
88.73097515106201,154410
88.76751637458801,154410
88.80417132377625,154410
88.84083700180054,154410
88.87754487991333,154410
88.91408371925354,154410
88.95072507858276,154410
88.98735356330872,154410
89.02399110794067,154410
89.06059503555298,154410
89.09730219841003,154410
89.13395547866821,154410
89.17064452171326,154410
89.20753407478333,154410
89.24449181556702,154410
89.28129005432129,154410
89.31797099113464,154410
89.35465264320374,154410
89.39125633239746,154410
89.42803311347961,154410
89.46483850479126,154410
89.53117060661316,154410
89.56779909133911,154410
89.6045150756836,154410
89.67136216163635,154410
89.70801496505737,154410
89.77396559715271,154410
89.81106877326965,154410
89.84857749938965,154410
89.88537549972534,154410
89.92222833633423,154410
89.95915603637695,154410
89.9959180355072,154410
90.04744172096252,154410
90.0840175151825,154410
90.12066125869751,154410
90.15733170509338,154410
90.19398164749146,154410
90.23080229759216,154410
90.26746487617493,154410
90.30405163764954,154410
90.34084296226501,154410
90.37738108634949,154410
90.41397309303284,154410
90.4507417678833,154410
90.48739814758301,154410
90.52390718460083,154410
90.57599472999573,154410
90.61261367797852,154410
90.64914059638977,154410
90.68582081794739,154410
90.72243809700012,154410
90.75903987884521,154410
90.795485496521,154410
90.83219718933105,154410
90.86875581741333,154410
90.90555930137634,154410
90.94221091270447,154410
90.97896552085876,154410
91.01554942131042,154410
91.0524628162384,154410
91.09443020820618,154410
91.16791439056396,154410
91.24323201179504,154410
91.31805658340454,154410
91.39194965362549,154410
91.46594882011414,154410
91.54024004936218,154410
91.61619400978088,154410
91.6897599697113,154410
91.76330161094666,154410
91.83918738365173,154410
91.91295123100281,154410
91.98671102523804,154410
92.06073451042175,154410
92.13627004623413,154410
92.21240711212158,154410
92.28645205497742,154410
92.34290885925293,154410
92.3797698020935,154410
92.4164662361145,154410
92.4531102180481,154410
92.48970699310303,154410
92.54110932350159,154410
92.57776117324829,154410
92.61437201499939,154410
92.65109086036682,154410
92.68769097328186,154410
92.72444105148315,154410
92.76133608818054,154410
92.79791784286499,154410
92.83439707756042,154410
92.87102937698364,154410
92.90766644477844,154410
92.94423842430115,154410
92.98095178604126,154410
93.01753115653992,154410
93.05429482460022,154410
93.09103441238403,154410
93.12774753570557,154410
93.16436100006104,154410
93.20108580589294,154410
93.2376561164856,154410
93.27422285079956,154410
93.31092095375061,154410
93.3475706577301,154410
93.38422584533691,154410
93.42100715637207,154410
93.45766830444336,154410
93.49424266815186,154410
93.5309100151062,154410
93.56758546829224,154410
93.60420536994934,154410
93.64085149765015,154410
93.67751502990723,154410
93.71421360969543,154410
93.75076842308044,154410
93.78748536109924,154410
93.82422494888306,154410
93.86105489730835,154410
93.89767336845398,154410
93.93460130691528,154410
93.97584199905396,154410
94.04776120185852,154410
94.12133431434631,154410
94.19531655311584,154410
94.2687783241272,154410
94.27836656570435,154410
94.35150218009949,154410
94.4253032207489,154410
94.49895334243774,154410
94.57250833511353,154410
94.64593410491943,154410
94.65561771392822,154410
94.72910284996033,154410
94.80266523361206,154410
94.94022941589355,154410
95.0139479637146,154410
95.08912539482117,154410
95.16286039352417,154410
95.23837852478027,154410
95.31441330909729,154410
95.38792610168457,154410
95.46147608757019,154410
95.53670763969421,154410
95.61136531829834,154410
95.68470454216003,154410
95.75992274284363,154410
95.8351902961731,154410
95.91139197349548,154410
95.98740696907043,154410
96.06054496765137,154410
96.13420367240906,154410
96.20768785476685,154410
96.28160905838013,154410
96.35554623603821,154410
96.43021249771118,154410
96.50500106811523,154410
96.5801887512207,154410
96.65548634529114,154410
96.73116302490234,154410
96.80658984184265,154410
96.88307237625122,154410
96.9587709903717,154410
96.99787402153015,154410
97.06460332870483,154410
97.10119318962097,154410
97.13779592514038,154410
97.17435336112976,154410
97.22609686851501,154410
97.26294565200806,154410
97.31550431251526,154410
97.35229873657227,154410
97.38894081115723,154410
97.42561483383179,154410
97.46215605735779,154410
97.49920415878296,154410
97.53622674942017,154410
97.57280731201172,154410
97.60947251319885,154410
97.64614462852478,154410
97.68281149864197,154410
97.7347993850708,154410
97.77157831192017,154410
97.8082869052887,154410
97.84496355056763,154410
97.88165807723999,154410
97.91835403442383,154410
97.95511245727539,154410
97.99175643920898,154410
98.02843165397644,154410
98.1278338432312,154410
98.20135259628296,154410
98.31057715415955,154410
98.38438868522644,154410
98.4576358795166,154410
98.53139328956604,154410
98.6047694683075,154410
98.6781394481659,154410
98.75165700912476,154410
98.82511973381042,154410
98.89839720726013,154410
98.97195219993591,154410
99.04524111747742,154410
99.18339514732361,154410
99.25686430931091,154410
99.3977313041687,154410
99.47428870201111,154410
99.5508406162262,154410
99.62418222427368,154410
99.6977014541626,154410
99.77049446105957,154410
99.84343385696411,154410
99.91104340553284,154410
99.97964096069336,154410
100.07584547996521,154410
100.07688856124878,154410
