Time,Objective value
0.0045166015625,172232
0.004822731018066406,172232
0.009994983673095703,172232
0.015215396881103516,172232
0.020349502563476562,172232
0.025528907775878906,171424
0.030709505081176758,171424
0.0358583927154541,171424
0.0410304069519043,170748
0.04620075225830078,170748
0.05138134956359863,170748
0.05658531188964844,170748
0.06172490119934082,170748
0.06692385673522949,170748
0.07196903228759766,170748
0.07715773582458496,170748
0.08230042457580566,170748
0.08746123313903809,170748
0.09264683723449707,170748
0.09789061546325684,170748
0.10326170921325684,170748
0.10859084129333496,170748
0.11386299133300781,170748
0.11907458305358887,170748
0.12426567077636719,170748
0.12928485870361328,170748
0.1343679428100586,170748
0.13942790031433105,170748
0.14450359344482422,170748
0.1495974063873291,170748
0.15485644340515137,170708
0.16004276275634766,170708
0.1651592254638672,170708
0.1703190803527832,170708
0.17528653144836426,170708
0.18043231964111328,170708
0.18540716171264648,170708
0.1903374195098877,170708
0.19528532028198242,170708
0.20038366317749023,170708
0.20556879043579102,170612
0.21071600914001465,170612
0.21568870544433594,170612
0.2206401824951172,170612
0.2257397174835205,170612
0.2308354377746582,170612
0.23578190803527832,170612
0.24072599411010742,170612
0.24583220481872559,170612
0.2510106563568115,170612
0.2560110092163086,170612
0.26105403900146484,170612
0.26610827445983887,170612
0.2711498737335205,170612
0.2763175964355469,170612
0.2814607620239258,170612
0.28647851943969727,170612
0.2915191650390625,170612
0.2966420650482178,170612
0.3016507625579834,170612
0.3068044185638428,170612
0.3119230270385742,170612
0.31705403327941895,170612
0.3220553398132324,170612
0.32703661918640137,170612
0.3320901393890381,170612
0.3357212543487549,170612
0.3386521339416504,170342
0.34146809577941895,170342
0.34428930282592773,170342
0.3471074104309082,170342
0.34990596771240234,170342
0.35272669792175293,170342
0.3556249141693115,170322
0.3584322929382324,170322
0.36124467849731445,170322
0.36406850814819336,170322
0.3668665885925293,170322
0.36966657638549805,170322
0.3724820613861084,170322
0.37528538703918457,170322
0.3781466484069824,170322
0.3809478282928467,170322
0.3837718963623047,170322
0.38663697242736816,170322
0.38943958282470703,170322
0.39225316047668457,170322
0.39505457878112793,170322
0.39784932136535645,170322
0.4006540775299072,170322
0.4034721851348877,170322
0.40628480911254883,170322
0.40909290313720703,170322
0.41188526153564453,170322
0.4147176742553711,170322
0.41752052307128906,170322
0.4203908443450928,170322
0.42321228981018066,170322
0.42600560188293457,170322
0.42880749702453613,170322
0.43167805671691895,170322
0.43450045585632324,170322
0.43731045722961426,170322
0.44019556045532227,170322
0.443009614944458,170322
0.44585394859313965,170322
0.44866037368774414,170322
0.45147037506103516,170322
0.45429015159606934,170322
0.45710277557373047,170322
0.4599030017852783,170322
0.4627196788787842,170322
0.46552538871765137,170322
0.4683377742767334,170322
0.47121596336364746,170322
0.4740316867828369,170322
0.47682785987854004,170322
0.47963762283325195,170322
0.48247742652893066,170062
0.4852883815765381,170062
0.48808979988098145,170062
0.49088454246520996,170062
0.49369263648986816,170062
0.49650120735168457,170062
0.4993140697479248,170062
0.5021834373474121,170062
0.5049881935119629,170062
0.5077841281890869,170062
0.5105953216552734,170062
0.5134062767028809,170062
0.5162091255187988,170062
0.5191004276275635,170062
0.5219018459320068,170062
0.5247135162353516,170062
0.5275187492370605,170062
0.5303184986114502,170062
0.5331430435180664,170062
0.5359408855438232,170062
0.5388059616088867,170062
0.5416014194488525,170062
0.5444233417510986,170062
0.5472197532653809,170062
0.5500247478485107,170062
0.5529148578643799,170062
0.5557184219360352,170062
0.5585246086120605,170062
0.5613293647766113,170062
0.5641415119171143,170062
0.5669476985931396,170062
0.5697512626647949,170062
0.5725655555725098,170062
0.5753724575042725,170062
0.5781786441802979,170062
0.5809717178344727,170062
0.5837807655334473,170062
0.5865869522094727,170062
0.5894436836242676,170062
0.5923488140106201,170062
0.5951616764068604,170062
0.5979509353637695,170062
0.6007513999938965,170062
0.6035647392272949,170062
0.6065654754638672,170062
0.6093659400939941,170062
0.6121819019317627,170062
0.6149837970733643,170062
0.6177859306335449,170062
0.6205878257751465,170062
0.623403787612915,170062
0.6262080669403076,170062
0.62908935546875,170062
0.6318807601928711,170062
0.6346955299377441,170062
0.6375017166137695,170062
0.6403076648712158,170062
0.6431143283843994,170062
0.6459140777587891,170062
0.6487071514129639,170062
0.6515207290649414,170062
0.6544175148010254,170062
0.6572251319885254,170062
0.6600263118743896,170062
0.662837028503418,170062
0.6656394004821777,170062
0.668440580368042,170062
0.6712541580200195,170062
0.674077033996582,170062
0.6769254207611084,170062
0.6797239780426025,170062
0.6825385093688965,170062
0.6853480339050293,170062
0.6881580352783203,170062
0.6909558773040771,170062
0.693758487701416,170062
0.6965632438659668,170062
0.6993710994720459,170062
0.7022006511688232,170062
0.7050008773803711,170062
0.7078015804290771,170062
0.7106621265411377,170062
0.7134733200073242,170062
0.7162928581237793,170062
0.7191221714019775,170062
0.7219212055206299,170062
0.7247283458709717,170062
0.7275960445404053,170058
0.730398416519165,170058
0.7332158088684082,170058
0.7360134124755859,170058
0.738898515701294,170058
0.7416913509368896,170058
0.7445132732391357,170058
0.7473180294036865,170058
0.750129222869873,170058
0.7529337406158447,170058
0.7557253837585449,170058
0.7585363388061523,170058
0.7613351345062256,170058
0.7641503810882568,170058
0.766953706741333,170058
0.7697610855102539,170058
0.7725763320922852,170058
0.7753870487213135,170058
0.7781908512115479,170058
0.7810723781585693,170058
0.783879280090332,170058
0.7866804599761963,170058
0.7895431518554688,169002
0.7923603057861328,169002
0.7951662540435791,169002
0.797971248626709,169002
0.8007760047912598,169002
0.8035907745361328,169002
0.8064029216766357,169002
0.8092124462127686,169002
0.8121078014373779,169002
0.8149003982543945,169002
0.8176965713500977,169002
0.8204989433288574,169002
0.8233141899108887,169002
0.8261163234710693,169002
0.828920841217041,169002
0.8317198753356934,169002
0.8345379829406738,169002
0.8374104499816895,169002
0.8403005599975586,169002
0.8431308269500732,169002
0.8459296226501465,169002
0.8487398624420166,169002
0.8515403270721436,169002
0.8543565273284912,169002
0.8571720123291016,169002
0.860062837600708,169002
0.8628721237182617,169002
0.8656706809997559,169002
0.868478536605835,169002
0.8712887763977051,169002
0.8741014003753662,169002
0.8768951892852783,169002
0.8797440528869629,169002
0.8826124668121338,169002
0.88543701171875,169002
0.8882443904876709,169002
0.8910775184631348,169002
0.8938887119293213,169002
0.8966884613037109,169002
0.8994886875152588,169002
0.9023020267486572,169002
0.9051096439361572,169002
0.907907247543335,169002
0.9107072353363037,169002
0.9135477542877197,169002
0.9163622856140137,169002
0.9191715717315674,169002
0.9219732284545898,169002
0.9247829914093018,169002
0.9275932312011719,169002
0.9304015636444092,169002
0.9332211017608643,169002
0.9360265731811523,169002
0.9388217926025391,169002
0.9416337013244629,169002
0.9444472789764404,169002
0.9472613334655762,169002
0.9500894546508789,169002
0.9529025554656982,169002
0.9557886123657227,169002
0.9585926532745361,169002
0.9614009857177734,169002
0.9642472267150879,169002
0.9670648574829102,169002
0.9699478149414062,169002
0.9727652072906494,169002
0.9761221408843994,169002
0.9811577796936035,169002
0.9862086772918701,169002
0.9912540912628174,169002
0.9962773323059082,169002
1.0012741088867188,169002
1.0063133239746094,169002
1.0113525390625,169002
1.016387939453125,169002
1.021399974822998,169002
1.0264372825622559,169002
1.0315732955932617,169002
1.0365521907806396,169002
1.0415136814117432,169002
1.0464859008789062,169002
1.0514593124389648,169002
1.0564446449279785,169002
1.0615274906158447,169002
1.0665056705474854,169002
1.0714619159698486,169002
1.0765371322631836,169002
1.0815227031707764,169002
1.0865199565887451,169002
1.091522216796875,169002
1.0965557098388672,169002
1.101571798324585,169002
1.1067111492156982,169002
1.1117439270019531,169002
1.1167726516723633,169002
1.1219656467437744,169002
1.1270902156829834,169002
1.1321942806243896,169002
1.1372792720794678,169002
1.142397165298462,169002
1.1476209163665771,169002
1.152813196182251,169002
1.1580531597137451,169002
1.1633048057556152,169002
1.1685585975646973,169002
1.173865795135498,169002
1.1791772842407227,169002
1.1845030784606934,169002
1.1898503303527832,169002
1.1952471733093262,169002
1.200652837753296,169002
1.20607590675354,169002
1.2114973068237305,169002
1.2169268131256104,169002
1.2223851680755615,169002
1.2277793884277344,169002
1.2331702709197998,169002
1.2385573387145996,169002
1.2439155578613281,169002
1.249220371246338,169002
1.2545766830444336,169002
1.2599055767059326,169002
1.2652044296264648,169002
1.2705354690551758,169002
1.2759528160095215,169002
1.2813446521759033,169002
1.286726474761963,169002
1.292348861694336,169002
1.2978670597076416,169002
1.3034265041351318,169002
1.308992624282837,169002
1.3145709037780762,169002
1.3201441764831543,169002
1.325707197189331,169002
1.3312716484069824,169002
1.3368370532989502,169002
1.3424208164215088,169002
1.3479728698730469,169002
1.3535609245300293,169002
1.3591210842132568,169002
1.3646981716156006,169002
1.370262622833252,169002
1.3758187294006348,169002
1.3813846111297607,169002
1.386949062347412,169002
1.3925278186798096,169002
1.3980846405029297,169002
1.4036641120910645,169002
1.4092319011688232,169002
1.414794683456421,169002
1.4203104972839355,169002
1.4257371425628662,169002
1.4311561584472656,169002
1.436579942703247,169002
1.4420156478881836,169002
1.4474616050720215,169002
1.4528999328613281,169002
1.4583196640014648,169002
1.4637391567230225,169002
1.469182014465332,169002
1.4746274948120117,169002
1.4800384044647217,169002
1.485489845275879,169002
1.490919828414917,169002
1.4963445663452148,169002
1.5019540786743164,169002
1.507488489151001,169002
1.5131299495697021,169002
1.5185351371765137,169002
1.523939847946167,169002
1.5293395519256592,169002
1.5347092151641846,169002
1.54012131690979,169002
1.5454881191253662,169002
1.5508830547332764,169002
1.5562684535980225,169002
1.5616333484649658,169002
1.5669848918914795,169002
1.572347640991211,169002
1.577721357345581,169002
1.5830965042114258,169002
1.5884487628936768,169002
1.5937833786010742,169002
1.5991437435150146,169002
1.6045138835906982,169002
1.6099720001220703,169002
1.6152589321136475,169002
1.6205224990844727,169002
1.6258277893066406,169002
1.6311249732971191,169002
1.6364338397979736,169002
1.641737699508667,169002
1.647062063217163,169002
1.652421474456787,169002
1.6577658653259277,169002
1.6631183624267578,169002
1.668482780456543,169002
1.673841953277588,169002
1.6791739463806152,169002
1.6845593452453613,169002
1.6899073123931885,169002
1.6953349113464355,169002
1.7008063793182373,169002
1.7062370777130127,169002
1.7116320133209229,169002
1.7170352935791016,169002
1.7224297523498535,169002
1.7277758121490479,169002
1.7331597805023193,169002
1.7385554313659668,169002
1.7439324855804443,169002
1.7492907047271729,169002
1.754746675491333,169002
1.7599921226501465,169002
1.7652781009674072,169002
1.7705669403076172,169002
1.7758965492248535,169002
1.7812013626098633,169002
1.786501407623291,169002
1.7918434143066406,169002
1.7972021102905273,169002
1.8025736808776855,169002
1.8079345226287842,169002
1.81333327293396,169002
1.818695306777954,169002
1.8240642547607422,169002
1.829430103302002,169002
1.8347928524017334,169002
1.8401434421539307,169002
1.8455781936645508,169002
1.850886344909668,169002
1.8561995029449463,169002
1.8615014553070068,169002
1.866797685623169,169002
1.8721184730529785,169002
1.8774340152740479,169002
1.8827602863311768,169002
1.8877298831939697,169002
1.8927035331726074,169002
1.8976640701293945,169002
1.902632236480713,169002
1.9075944423675537,169002
1.9126923084259033,169002
1.9177398681640625,169002
1.9227640628814697,169002
1.9278054237365723,169002
1.9328532218933105,169002
1.9378862380981445,169002
1.943049430847168,169002
1.9480645656585693,169002
1.9531123638153076,169002
1.9581360816955566,169002
1.963158130645752,169002
1.9682693481445312,169002
1.9732928276062012,169002
1.978316068649292,169002
1.9833405017852783,169002
1.9884896278381348,169002
1.993516445159912,169002
1.9985167980194092,169002
2.0035269260406494,169002
2.008517265319824,169002
2.0136640071868896,169002
2.018622875213623,169002
2.0236294269561768,169002
2.0286288261413574,169002
2.0336289405822754,169002
2.038607597351074,169002
2.0436246395111084,169002
2.048635721206665,169002
2.053642749786377,169002
2.058626890182495,169002
2.063643217086792,169002
2.0686612129211426,169002
2.073652982711792,169002
2.0786654949188232,169002
2.0838005542755127,169002
2.088806629180908,169002
2.0938310623168945,169002
2.098841905593872,169002
2.1038601398468018,169002
2.108865737915039,169002
2.113865613937378,169002
2.11899995803833,169002
2.1240267753601074,169002
2.1290342807769775,169002
2.1340420246124268,169002
2.139054775238037,169002
2.1440722942352295,169002
2.1490650177001953,169002
2.1540815830230713,169002
2.1590850353240967,169002
2.1641018390655518,169002
2.1690990924835205,169002
2.1741013526916504,169002
2.1790499687194824,169002
2.1840596199035645,169002
2.1891207695007324,169002
2.194129467010498,169002
2.199124336242676,169002
2.204148530960083,169002
2.20915150642395,169002
2.2141854763031006,169002
2.219208240509033,169002
2.224222183227539,169002
2.229306936264038,169002
2.2343356609344482,169002
2.2393405437469482,169002
2.2443628311157227,169002
2.2493677139282227,169002
2.254387617111206,169002
2.2594211101531982,169002
2.2644550800323486,169002
2.269479274749756,169002
2.2744812965393066,169002
2.279486894607544,169002
2.2845277786254883,169002
2.2896511554718018,169002
2.29457688331604,169002
2.29957914352417,169002
2.304504871368408,169002
2.309431791305542,169002
2.3143675327301025,169002
2.3192832469940186,169002
2.3241991996765137,169002
2.3291149139404297,169002
2.334002733230591,169002
2.338944435119629,169002
2.3438682556152344,169002
2.348799228668213,169002
2.3537213802337646,169002
2.358632802963257,169002
2.3635659217834473,169002
2.3684816360473633,169002
2.373415470123291,169002
2.3783979415893555,169002
2.383373498916626,169002
2.3883185386657715,169002
2.393272638320923,169002
2.3982038497924805,169002
2.40312123298645,169002
2.4080355167388916,169002
2.412957191467285,169002
2.4178919792175293,169002
2.422823905944824,169002
2.42775297164917,169002
2.4326791763305664,169002
2.4376144409179688,169002
2.4425435066223145,169002
2.447465658187866,169002
2.4524056911468506,169002
2.457336902618408,169002
2.4622788429260254,169002
2.467219114303589,169002
2.4721710681915283,169002
2.4771029949188232,169002
2.4820334911346436,169002
2.486948251724243,169002
2.4918718338012695,169002
2.496807098388672,169002
2.5017380714416504,169002
2.5066771507263184,169002
2.511625051498413,169002
2.516575336456299,169002
2.5215160846710205,169002
2.5264692306518555,169002
2.531538248062134,169002
2.536508560180664,169002
2.5414724349975586,169002
2.546438694000244,169002
2.5513973236083984,169002
2.556370973587036,169002
2.5613529682159424,169002
2.566309928894043,169002
2.5712838172912598,169002
2.576239824295044,169002
2.5811855792999268,169002
2.586153507232666,169002
2.591101884841919,169002
2.596066474914551,169002
2.6010053157806396,169002
2.6059658527374268,169002
2.6112492084503174,169002
2.616297960281372,169002
2.6213228702545166,169002
2.6263699531555176,169002
2.631422996520996,169002
2.63649582862854,169002
2.641556978225708,169002
2.6466424465179443,169002
2.6517186164855957,169002
2.656810760498047,169002
2.6619184017181396,169002
2.667041063308716,169002
2.672158718109131,169002
2.6772568225860596,169002
2.6823716163635254,169002
2.68750262260437,169002
2.692631483078003,169002
2.6977579593658447,169002
2.702892303466797,169002
2.7080063819885254,169002
2.713141679763794,169002
2.718263626098633,169002
2.723392963409424,169002
2.7284960746765137,169002
2.733564853668213,169002
2.7386538982391357,169002
2.7437846660614014,169002
2.7489049434661865,169002
2.7540454864501953,169002
2.759136199951172,169002
2.764211416244507,169002
2.7693064212799072,169002
2.7744250297546387,169002
2.7795491218566895,169002
2.7846741676330566,169002
2.789796829223633,169002
2.7949161529541016,169002
2.800034523010254,169002
2.805168867111206,169002
2.8102800846099854,169002
2.815408945083618,169002
2.8205220699310303,169002
2.8256540298461914,169002
2.830766439437866,169002
2.83589768409729,169002
2.8410143852233887,169002
2.8461499214172363,169002
2.851269483566284,169002
2.8563973903656006,169002
2.861513137817383,169002
2.8666462898254395,169002
2.871757984161377,169002
2.8768811225891113,169002
2.882006883621216,169002
2.8871347904205322,169002
2.892266273498535,169002
2.8973851203918457,169002
2.902508497238159,169002
2.9076292514801025,169002
2.91275691986084,169002
2.9179067611694336,169002
2.9230551719665527,169002
2.9281983375549316,169002
2.933349847793579,169002
2.938476324081421,169002
2.9436028003692627,169002
2.948680877685547,169002
2.953784227371216,169002
2.9589123725891113,169002
2.9640374183654785,169002
2.969154119491577,169002
2.9743170738220215,169002
2.9794528484344482,169002
2.9846036434173584,169002
2.9897334575653076,169002
2.994887113571167,169002
3.000023365020752,169002
3.005164623260498,169002
3.010303258895874,169002
3.0154426097869873,169002
3.020578384399414,169002
3.025728464126587,169002
3.0308678150177,169002
3.036005973815918,169002
3.041149616241455,169002
3.046290159225464,169002
3.051427125930786,169002
3.056565999984741,169002
3.0617034435272217,169002
3.066840171813965,169002
3.071974754333496,169002
3.0771257877349854,169002
3.082273483276367,169002
3.087406873703003,169002
3.092665672302246,169002
3.0978596210479736,169002
3.1030898094177246,169002
3.1082937717437744,169002
3.113507032394409,169002
3.1187217235565186,169002
3.123936176300049,169002
3.129136323928833,169002
3.134340524673462,169002
3.139537811279297,169002
3.1447620391845703,169002
3.149995803833008,169002
3.155176877975464,169002
3.1603410243988037,169002
3.1655220985412598,169002
3.1708014011383057,169002
3.1759045124053955,169002
3.180979013442993,169002
3.1861114501953125,169002
3.19118332862854,169002
3.196281909942627,169002
3.201357126235962,169002
3.2064454555511475,169002
3.211517095565796,169002
3.2166082859039307,169002
3.221682071685791,169002
3.226809501647949,169002
3.2319347858428955,169002
3.2370681762695312,169002
3.242164373397827,169002
3.247255563735962,169002
3.2523610591888428,169002
3.257465124130249,169002
3.262575626373291,169002
3.267677068710327,169002
3.2727792263031006,169002
3.2778875827789307,169002
3.2830591201782227,169002
3.288113832473755,169002
3.293182134628296,169002
3.298229455947876,169002
3.3032948970794678,169002
3.308349370956421,169002
3.313417434692383,169002
3.3184990882873535,169002
3.323601007461548,169002
3.328723192214966,169002
3.333833694458008,169002
3.3389298915863037,169002
3.3440351486206055,169002
3.3491125106811523,169002
3.354228973388672,169002
3.3593435287475586,169002
3.364461660385132,169002
3.3695788383483887,169002
3.374706745147705,169002
3.379823684692383,169002
3.3849449157714844,169002
3.390024185180664,169002
3.39513897895813,169002
3.4002768993377686,169002
3.405461549758911,169002
3.4106814861297607,169002
3.415886163711548,169002
3.42109751701355,169002
3.4263079166412354,169002
3.431506395339966,169002
3.436724901199341,169002
3.4419267177581787,169002
3.4471371173858643,169002
3.452355146408081,169002
3.4575560092926025,169002
3.462796211242676,169002
3.4679946899414062,169002
3.473231077194214,169002
3.478431224822998,169002
3.4836461544036865,169002
3.4888455867767334,169002
3.4940624237060547,169002
3.4992568492889404,169002
3.5044655799865723,169002
3.5096709728240967,169002
3.5148799419403076,169002
3.520082712173462,169002
3.525299310684204,169002
3.530503988265991,169002
3.5357227325439453,169002
3.5409302711486816,169002
3.5461504459381104,169002
3.5513503551483154,169002
3.5565667152404785,169002
3.5617692470550537,169002
3.566979169845581,169002
3.572202205657959,169002
3.5774085521698,169002
3.582620143890381,169002
3.5878288745880127,169002
3.5930533409118652,169002
3.598266839981079,169002
3.60347318649292,169002
3.6086766719818115,169002
3.6139776706695557,169002
3.6191201210021973,169002
3.624271869659424,169002
3.629415988922119,169002
3.634536027908325,169002
3.6396324634552,169002
3.644742965698242,169002
3.6498544216156006,169002
3.654942750930786,169002
3.6600489616394043,169002
3.6651508808135986,169002
3.6703498363494873,169002
3.6753733158111572,169002
3.6804065704345703,169002
3.685457229614258,169002
3.690500259399414,169002
3.6955463886260986,169002
3.7005815505981445,169002
3.7056307792663574,169002
3.710670232772827,169002
3.715724229812622,169002
3.720768451690674,169002
3.7258129119873047,169002
3.730874538421631,169002
3.7359421253204346,169002
3.7409963607788086,169002
3.7460756301879883,169002
3.751131534576416,169002
3.7561941146850586,169002
3.7612497806549072,169002
3.7663090229034424,169002
3.771364688873291,169002
3.776437282562256,169002
3.78149151802063,169002
3.786534070968628,169002
3.7916386127471924,169002
3.796766519546509,169002
3.8018836975097656,169002
3.8070409297943115,169002
3.8122410774230957,169002
3.817439317703247,169002
3.8226466178894043,169002
3.827848434448242,169002
3.833059072494507,169002
3.8382630348205566,169002
3.8434693813323975,169002
3.8486692905426025,169002
3.8538877964019775,169002
3.859071969985962,169002
3.8642024993896484,169002
3.8693227767944336,169002
3.8744537830352783,169002
3.8795700073242188,169002
3.8847079277038574,169002
3.8898353576660156,169002
3.8949646949768066,169002
3.9000937938690186,169002
3.9052188396453857,169002
3.9103362560272217,169002
3.915459394454956,169002
3.9205801486968994,169002
3.925696849822998,169002
3.9308276176452637,169002
3.9359655380249023,169002
3.9410877227783203,169002
3.946221351623535,169002
3.951338291168213,169002
3.9564661979675293,169002
3.9615771770477295,169002
3.9666922092437744,169002
3.971824884414673,169002
3.976942300796509,169002
3.98207688331604,169002
3.987191915512085,169002
3.9923243522644043,169002
3.9974446296691895,169002
4.002579689025879,169002
4.007690906524658,169002
4.012812376022339,169002
4.017931222915649,169002
4.023057699203491,169002
4.028174877166748,169002
4.033301830291748,169002
4.0384345054626465,169002
4.043556213378906,169002
4.048669099807739,169002
4.053799629211426,169002
4.058920621871948,169002
4.064061880111694,169002
4.069171190261841,169002
4.074306011199951,169002
4.079426050186157,169002
4.084549188613892,169002
4.089660406112671,169002
4.094783782958984,169002
4.099903583526611,169002
4.105034351348877,169002
4.110157251358032,169002
4.1152825355529785,169002
4.120400905609131,169002
4.125527381896973,169002
4.130640983581543,169002
4.135770559310913,169002
4.140881061553955,169002
4.146003484725952,169002
4.151118516921997,169002
4.156248331069946,169002
4.161367654800415,169002
4.166497230529785,169002
4.1716132164001465,169002
4.176722526550293,169002
4.181846380233765,169002
4.186965703964233,169002
4.192091941833496,169002
4.197209358215332,169002
4.202334403991699,169002
4.20744514465332,169002
4.212568283081055,169002
4.217688798904419,169002
4.222809791564941,169002
4.227944612503052,169002
4.233137369155884,169002
4.238271951675415,169002
4.243420839309692,169002
4.248530864715576,169002
4.253645896911621,169002
4.258767604827881,169002
4.263870716094971,169002
4.268935680389404,169002
4.274142265319824,169002
4.279260158538818,169002
4.284378290176392,169002
4.289487600326538,169002
4.294609546661377,169002
4.299726247787476,169002
4.304850101470947,169002
4.309969663619995,169002
4.315107107162476,169002
4.320221424102783,169002
4.325342178344727,169002
4.330459356307983,169002
4.335571050643921,169002
4.340661287307739,169002
4.345771551132202,169002
4.350902557373047,169002
4.356038808822632,169002
4.3611626625061035,169002
4.366292476654053,169002
4.371413707733154,169002
4.376511812210083,169002
4.381584167480469,169002
4.3866777420043945,169002
4.391779661178589,169002
4.396907329559326,169002
4.402035236358643,169002
4.407150030136108,169002
4.412284851074219,169002
4.417402744293213,169002
4.422537565231323,169002
4.427642822265625,169002
4.43274998664856,169002
4.437875747680664,169002
4.443000555038452,169002
4.4481236934661865,169002
4.453250408172607,169002
4.458366870880127,169002
4.4634904861450195,169002
4.468603134155273,169002
4.4737348556518555,169002
4.478853225708008,169002
4.483981609344482,169002
4.489095449447632,169002
4.494223356246948,169002
4.499333620071411,169002
4.5044684410095215,169002
4.509589195251465,169002
4.514709949493408,169002
4.51982855796814,169002
4.524987697601318,169002
4.530134677886963,169002
4.535283803939819,169002
4.540421485900879,169002
4.545574426651001,169002
4.5506837368011475,169002
4.55577826499939,169002
4.560879707336426,169002
4.5659871101379395,169002
4.571123123168945,169002
4.5762457847595215,169002
4.5813539028167725,169002
4.586487531661987,169002
4.591597557067871,169002
4.596708059310913,169002
4.601824045181274,169002
4.607143878936768,169002
4.612296104431152,169002
4.617471218109131,169002
4.622641086578369,169002
4.627805709838867,169002
4.633084774017334,169002
4.638190507888794,169002
4.6432647705078125,169002
4.648367166519165,169002
4.6534743309021,169002
4.658573865890503,169002
4.663681268692017,169002
4.668782711029053,169002
4.6738879680633545,169002
4.678992033004761,169002
4.684106826782227,169002
4.689207553863525,169002
4.6942853927612305,169002
4.699383735656738,169002
4.7044878005981445,169002
4.709578037261963,169002
4.714693546295166,169002
4.719795227050781,169002
4.72489595413208,169002
4.729995965957642,169002
4.735113620758057,169002
4.7402262687683105,169002
4.745314598083496,169002
4.750384092330933,169002
4.755467414855957,169002
4.760546922683716,169002
4.765635013580322,169002
4.7707109451293945,169002
4.7758002281188965,169002
4.78087306022644,169002
4.78594970703125,169002
4.791024923324585,169002
4.796112537384033,169002
4.801181793212891,169002
4.8062639236450195,169002
4.811344385147095,169002
4.8164308071136475,169002
4.821512460708618,169002
4.826599597930908,169002
4.831660032272339,169002
4.836742877960205,169002
4.841939449310303,169002
4.846972942352295,169002
4.852007627487183,169002
4.857053279876709,169002
4.862101793289185,169002
4.867128372192383,169002
4.872173547744751,169002
4.877206325531006,169002
4.882241249084473,169002
4.8872761726379395,169002
4.892310619354248,169002
4.897345781326294,169002
4.902385473251343,169002
4.907418966293335,169002
4.91247034072876,169002
4.917505979537964,169002
4.922542095184326,169002
4.927596092224121,169002
4.932659387588501,169002
4.9377100467681885,169002
4.942772388458252,169002
4.9478185176849365,169002
4.952911615371704,169002
4.95798921585083,169002
4.963088274002075,169002
4.965899229049683,169002
4.96870493888855,169002
4.971503734588623,169002
4.974355459213257,169002
4.97716498374939,169002
4.9799535274505615,169002
4.982754230499268,169002
4.9855475425720215,169002
4.988357782363892,169002
4.991160154342651,169002
4.993963003158569,169002
4.996762990951538,169002
4.999572277069092,169002
5.002405881881714,169002
5.005210876464844,169002
5.008000373840332,169002
5.01079535484314,169002
5.013601064682007,169002
5.016388654708862,169002
5.0191802978515625,169002
5.021973133087158,169002
5.024777173995972,169002
5.027581453323364,169002
5.030379295349121,169002
5.033182144165039,169002
5.0359697341918945,169002
5.038760662078857,169002
5.041555166244507,169002
5.044361114501953,169002
5.0471577644348145,169002
5.049938440322876,169002
5.0527427196502686,169002
5.055538177490234,169002
5.058335304260254,169002
5.061128616333008,169002
5.063934326171875,169002
5.066720724105835,169002
5.069520950317383,169002
5.0724098682403564,169002
5.0752246379852295,169002
5.078007698059082,169002
5.080804347991943,169002
5.083619832992554,169002
5.08642315864563,169002
5.089214563369751,169002
5.0920045375823975,169002
5.094808101654053,169002
5.097612380981445,169002
5.100411891937256,169002
5.1032233238220215,169002
5.106021404266357,169002
5.108819007873535,169002
5.11162257194519,169002
5.114436626434326,169002
5.117229461669922,169002
5.120021820068359,169002
5.122817277908325,169002
5.125617980957031,169002
5.128424882888794,169002
5.131225347518921,169002
5.13404107093811,169002
5.136826038360596,169002
5.139618158340454,169002
5.142427206039429,169002
5.1452343463897705,169002
5.148038625717163,169002
5.150838613510132,169002
5.153639793395996,169002
5.156445026397705,169002
5.159244537353516,169002
5.162060260772705,169002
5.164923667907715,169002
5.16772985458374,169002
5.170532464981079,169002
5.173349857330322,169002
5.176150798797607,169002
5.178952693939209,169002
5.181745767593384,169002
5.184556007385254,169002
5.187357425689697,169002
5.190171241760254,169002
5.19297194480896,169002
5.195770978927612,169002
5.198573589324951,169002
5.201373338699341,169002
5.2041802406311035,169002
5.206977605819702,169002
5.209776163101196,169002
5.212590932846069,169002
5.215397119522095,169002
5.218197345733643,169002
5.220987319946289,169002
5.223793268203735,169002
5.226593732833862,169002
5.229398727416992,169002
5.232212781906128,169002
5.235024690628052,169002
5.237823963165283,169002
5.240632057189941,169002
5.243451833724976,169002
5.246269226074219,169002
5.249069929122925,169002
5.251865863800049,169002
5.254676342010498,169002
5.25748610496521,169002
5.260289192199707,169002
5.2631049156188965,169002
5.265901327133179,169002
5.2687036991119385,169002
5.271502256393433,169002
5.274379253387451,169002
5.277184963226318,169002
5.279983282089233,169002
5.282795190811157,169002
5.285600423812866,169002
5.288405418395996,169002
5.291209936141968,169002
5.294025897979736,169002
5.296817064285278,169002
5.29961085319519,169002
5.30242395401001,169002
5.30522894859314,169002
5.30803656578064,169002
5.310830116271973,169002
5.313650369644165,169002
5.316523551940918,169002
5.3193323612213135,169002
5.32214879989624,169002
5.324948072433472,169002
5.327751159667969,169002
5.330554008483887,169002
5.333372354507446,169002
5.336177825927734,169002
5.339082956314087,169002
5.341877460479736,169002
5.344684362411499,169002
5.34748649597168,169002
5.350290536880493,169002
5.353102445602417,169002
5.355899333953857,169002
5.35870361328125,169002
5.361513614654541,169002
5.364331007003784,169002
5.367132186889648,169002
5.369929313659668,169002
5.372732400894165,169002
5.375625848770142,169002
5.378434419631958,169002
5.381244421005249,169002
5.384074449539185,169002
5.386870861053467,169002
5.389676809310913,169002
5.392488479614258,169002
5.395304203033447,169002
5.398113250732422,169002
5.4010021686553955,169002
5.403815746307373,169002
5.406623125076294,169002
5.409429311752319,169002
5.412247896194458,169002
5.41506028175354,169002
5.417868614196777,169002
5.420680046081543,169002
5.423504590988159,169002
5.426315546035767,169002
5.429126262664795,169002
5.431931972503662,169002
5.4347498416900635,169002
5.437547445297241,169002
5.440362453460693,169002
5.443181753158569,169002
5.445983171463013,169002
5.448786020278931,169002
5.451600074768066,169002
5.4544243812561035,169002
5.45723295211792,169002
5.460037469863892,169002
5.462852954864502,169002
5.465655326843262,169002
5.468474626541138,169002
5.471283912658691,169002
5.474112510681152,169002
5.476914405822754,169002
5.479716539382935,169002
5.482533931732178,169002
5.485339879989624,169002
5.488150358200073,169002
5.4909563064575195,169002
5.493772506713867,169002
5.49657678604126,169002
5.499385833740234,169002
5.502205848693848,169002
5.505006313323975,169002
5.507810115814209,169002
5.510613203048706,169002
5.513427972793579,169002
5.5162436962127686,169002
5.519056081771851,169002
5.521846055984497,169002
5.5246734619140625,169002
5.527480840682983,169002
5.530285835266113,169002
5.533095359802246,169002
5.535898447036743,169002
5.538697719573975,169002
5.541496753692627,169002
5.544306755065918,169002
5.547118902206421,169002
5.549922704696655,169002
5.552724838256836,169002
5.555531024932861,169002
5.558334112167358,169002
5.561135530471802,169002
5.563945770263672,169002
5.566740989685059,169002
5.569545745849609,169002
5.572359323501587,169002
5.575165271759033,169002
5.5779571533203125,169002
5.5807623863220215,169002
5.583575487136841,169002
5.586382627487183,169002
5.589186191558838,169002
5.591983079910278,169002
5.594797611236572,169002
5.597602605819702,169002
5.600404500961304,169002
5.603220462799072,169002
5.606034278869629,169002
5.608830451965332,169002
5.61163067817688,169002
5.614450693130493,169002
5.617257833480835,169002
5.620067358016968,169002
5.622868776321411,169002
5.62567138671875,169002
5.6284708976745605,169002
5.631277561187744,169002
5.6340978145599365,169002
5.636906385421753,169002
5.639749050140381,169002
5.642564058303833,169002
5.645441293716431,169002
5.6482579708099365,169002
5.651064872741699,169002
5.65386962890625,169002
5.656671762466431,169002
5.659480810165405,169002
5.662306547164917,169002
5.665116310119629,169002
5.667908191680908,169002
5.6707141399383545,169002
5.67352557182312,169002
5.67634391784668,169002
5.679144620895386,169002
5.681938886642456,169002
5.684746742248535,169002
5.687548637390137,169002
5.690353155136108,169002
5.693170785903931,169002
5.69596791267395,169002
5.698768615722656,169002
5.701573610305786,169002
5.704394578933716,169002
5.707194805145264,169002
5.709994792938232,169002
5.712799787521362,169002
5.715595245361328,169002
5.718396902084351,169002
5.721210956573486,169002
5.724023103713989,169002
5.726818323135376,169002
5.729618549346924,169002
5.732513189315796,169002
5.735323667526245,169002
5.73813009262085,169002
5.740933656692505,169002
5.743742227554321,169002
5.7465643882751465,169002
5.749391794204712,169002
5.752216339111328,169002
5.755033016204834,169002
5.757833003997803,169002
5.760637044906616,169002
5.763453245162964,169002
5.766258478164673,169002
5.769066572189331,169002
5.771926164627075,169002
5.7747273445129395,169002
5.777532339096069,169002
5.780337810516357,169002
5.783156633377075,169002
5.785959243774414,169002
5.788770914077759,169002
5.791576147079468,169002
5.794389009475708,169002
5.797196626663208,169002
5.799992799758911,169002
5.8028082847595215,169002
5.805616855621338,169002
5.808429479598999,169002
5.811235189437866,169002
5.814057111740112,169002
5.8168535232543945,169002
5.8196563720703125,169002
5.822464466094971,169002
5.8252785205841064,169002
5.828086614608765,169002
5.830890417098999,169002
5.833704233169556,169002
5.836512804031372,169002
5.839324951171875,169002
5.842139959335327,169002
5.844946622848511,169002
5.847753047943115,169002
5.850562810897827,169002
5.853374242782593,169002
5.856178283691406,169002
5.858975172042847,169002
5.8618457317352295,169002
5.8646533489227295,169002
5.867461919784546,169002
5.8702661991119385,169002
5.873096942901611,169002
5.875889301300049,169002
5.878693103790283,169002
5.881494760513306,169002
5.884325742721558,169002
5.887157917022705,169002
5.889966249465942,169002
5.892785549163818,169002
5.895595550537109,169002
5.898404836654663,169002
5.90121054649353,169002
5.904023885726929,169002
5.906811714172363,169002
5.909620761871338,169002
5.912440538406372,169002
5.915250062942505,169002
5.918057680130005,169002
5.92084264755249,169002
5.9236602783203125,169002
5.926464319229126,169002
5.929265975952148,169002
5.932082176208496,169002
5.93487548828125,169002
5.937681198120117,169002
5.940483808517456,169002
5.943302631378174,169002
5.946111679077148,169002
5.948909521102905,169002
5.951716423034668,169002
5.954531908035278,169002
5.957333326339722,169002
5.960139036178589,169002
5.962946891784668,169002
5.9657440185546875,169002
5.968548774719238,169002
5.971365451812744,169002
5.974178791046143,169002
5.976977586746216,169002
5.979788541793823,169002
5.982606410980225,169002
5.9854137897491455,169002
5.9882283210754395,169002
5.991044282913208,169002
5.9938459396362305,169002
5.996655464172363,169002
5.99946141242981,169002
6.0022759437561035,169002
6.005092620849609,169002
6.007890462875366,169002
6.010695457458496,169002
6.013519048690796,169002
6.016328811645508,169002
6.019134521484375,169002
6.02193546295166,169002
6.024752378463745,169002
6.027562141418457,169002
6.03036904335022,169002
6.03318452835083,169002
6.0359838008880615,169002
6.0387890338897705,169002
6.041601896286011,169002
6.0444231033325195,169002
6.047224044799805,169002
6.050029516220093,169002
6.052913427352905,169002
6.055729627609253,169002
6.058542013168335,169002
6.0613486766815186,169002
6.064173936843872,169002
6.066976547241211,169002
6.069790363311768,169002
6.072604656219482,169002
6.075408220291138,169002
6.078218936920166,169002
6.081022262573242,169002
6.0838329792022705,169002
6.08663535118103,169002
6.089446544647217,169002
6.09227442741394,169002
6.095077037811279,169002
6.097861289978027,169002
6.100664138793945,169002
6.1034770011901855,169002
6.106292724609375,169002
6.109100580215454,169002
6.111901521682739,169002
6.1147074699401855,169002
6.117602109909058,169002
6.120424747467041,169002
6.123245716094971,169002
6.1260669231414795,169002
6.128854990005493,169002
6.131662845611572,169002
6.134482383728027,169002
6.137296676635742,169002
6.140112638473511,169002
6.1429221630096436,169002
6.145724058151245,169002
6.148529767990112,169002
6.151338815689087,169002
6.154165506362915,169002
6.156971216201782,169002
6.159780979156494,169002
6.162585020065308,169002
6.165395975112915,169002
6.1682093143463135,169002
6.171006441116333,169002
6.173815727233887,169002
6.17662787437439,169002
6.179434537887573,169002
6.182340383529663,169002
6.185152530670166,169002
6.1879565715789795,169002
6.190754652023315,169002
6.193564176559448,169002
6.196372985839844,169002
6.199181318283081,169002
6.201977491378784,169002
6.2047905921936035,169002
6.207597732543945,169002
6.210407018661499,169002
6.213277816772461,169002
6.216088533401489,169002
6.218909978866577,169002
6.2217090129852295,169002
6.224533319473267,169002
6.227333307266235,169002
6.2301435470581055,169002
6.232947826385498,169002
6.23575496673584,169002
6.23856520652771,169002
6.241374969482422,169002
6.244194984436035,169002
6.246999740600586,169002
6.249797344207764,169002
6.252622365951538,169002
6.255430221557617,169002
6.258235692977905,169002
6.261036396026611,169002
6.263850927352905,169002
6.2666661739349365,169002
6.269476652145386,169002
6.272291898727417,169002
6.275157451629639,169002
6.277968406677246,169002
6.280778169631958,169002
6.283613443374634,169002
6.286471843719482,169002
6.2892749309539795,169002
6.29210090637207,169002
6.294895648956299,169002
6.297714710235596,169002
6.300514459609985,169002
6.303329944610596,169002
6.306139707565308,169002
6.308943510055542,169002
6.311817169189453,169002
6.314623832702637,169002
6.3174309730529785,169002
6.32022762298584,169002
6.323038101196289,169002
6.325835227966309,169002
6.328628063201904,169002
6.3314337730407715,169002
6.33424711227417,169002
6.337052822113037,169002
6.339845895767212,169002
6.342657089233398,169002
6.345459461212158,169002
6.348268985748291,169002
6.351062774658203,169002
6.3539252281188965,169002
6.356728792190552,169002
6.359529972076416,169002
6.36235499382019,169002
6.365151643753052,169002
6.367951154708862,169002
6.370745420455933,169002
6.373561382293701,169002
6.376366853713989,169002
6.3791749477386475,169002
6.382063865661621,169002
6.384861707687378,169002
6.387657880783081,169002
6.390497207641602,169002
6.393311262130737,169002
6.396113634109497,169002
6.3989012241363525,169002
6.401701211929321,169002
6.404521465301514,169002
6.407330274581909,169002
6.410130739212036,169002
6.412933826446533,169002
6.415734767913818,169002
6.418535470962524,169002
6.421342134475708,169002
6.424159526824951,169002
6.426955461502075,169002
6.429746627807617,169002
6.432555437088013,169002
6.4353556632995605,169002
6.4381585121154785,169002
6.440945625305176,169002
6.443758010864258,169002
6.44655966758728,169002
6.449358940124512,169002
6.452168703079224,169002
6.454969644546509,169002
6.457762241363525,169002
6.460569143295288,169002
6.463379859924316,169002
6.466189384460449,169002
6.468987941741943,169002
6.471796035766602,169002
6.474612712860107,169002
6.477413177490234,169002
6.480220556259155,169002
6.483027935028076,169002
6.485820531845093,169002
6.488621473312378,169002
6.491426467895508,169002
6.494244337081909,169002
6.497045040130615,169002
6.499839544296265,169002
6.50264310836792,169002
6.505446434020996,169002
6.508251428604126,169002
6.51106071472168,169002
6.513861894607544,169002
6.516663551330566,169002
6.51946496963501,169002
6.522278308868408,169002
6.525091648101807,169002
6.527884244918823,169002
6.530681848526001,169002
6.533492565155029,169002
6.53629732131958,169002
6.539094924926758,169002
6.541887998580933,169002
6.544695138931274,169002
6.54749870300293,169002
6.550307035446167,169002
6.553114175796509,169002
6.555912733078003,169002
6.558705806732178,169002
6.561506986618042,169002
6.564327239990234,169002
6.567126989364624,169002
6.569923400878906,169002
6.572724342346191,169002
6.575533390045166,169002
6.578340530395508,169002
6.581143379211426,169002
6.583951711654663,169002
6.5867509841918945,169002
6.589554786682129,169002
6.592369079589844,169002
6.595180034637451,169002
6.5979743003845215,169002
6.60077691078186,169002
6.603585720062256,169002
6.606578826904297,169002
6.609374761581421,169002
6.6121954917907715,169002
6.614993095397949,169002
6.617795467376709,169002
6.620593547821045,169002
6.623410224914551,169002
6.626213073730469,169002
6.629016876220703,169002
6.631808042526245,169002
6.634646415710449,169002
6.637461185455322,169002
6.6402716636657715,169002
6.64309024810791,169002
6.6458845138549805,169002
6.648683786392212,169002
6.65148663520813,169002
6.654308557510376,169002
6.6571104526519775,169002
6.659901857376099,169002
6.662705659866333,169002
6.665510892868042,169002
6.668311595916748,169002
6.671117544174194,169002
6.673925161361694,169002
6.676729679107666,169002
6.679535150527954,169002
6.682350397109985,169002
6.685153484344482,169002
6.687944412231445,169002
6.690737247467041,169002
6.6935505867004395,169002
6.696358680725098,169002
6.699168920516968,169002
6.701963663101196,169002
6.704779624938965,169002
6.707584857940674,169002
6.7103846073150635,169002
6.713194847106934,169002
6.71598744392395,169002
6.718796253204346,169002
6.721586227416992,169002
6.724398851394653,169002
6.727206230163574,169002
6.730002164840698,169002
6.732808589935303,169002
6.735611438751221,169002
6.738414287567139,169002
6.741221189498901,169002
6.744036436080933,169002
6.746825933456421,169002
6.749629259109497,169002
6.752439498901367,169002
6.755248069763184,169002
6.75805926322937,169002
6.7608561515808105,169002
6.763669729232788,169002
6.766477108001709,169002
6.769277095794678,169002
6.772090673446655,169002
6.774890422821045,169002
6.777695178985596,169002
6.780502080917358,169002
6.783319711685181,169002
6.786126375198364,169002
6.788927316665649,169002
6.791728496551514,169002
6.794550180435181,169002
6.797358512878418,169002
6.800170183181763,169002
6.802977800369263,169002
6.805784463882446,169002
6.808594226837158,169002
6.811406135559082,169002
6.814223289489746,169002
6.81703782081604,169002
6.8198325634002686,169002
6.8226401805877686,169002
6.825448989868164,169002
6.828257322311401,169002
6.831070899963379,169002
6.833885669708252,169002
6.836694002151489,169002
6.839496850967407,169002
6.842303037643433,169002
6.8451149463653564,169002
6.847911596298218,169002
6.850723028182983,169002
6.853541612625122,169002
6.856354475021362,169002
6.859164476394653,169002
6.861966371536255,169002
6.864782333374023,169002
6.8675830364227295,169002
6.870386362075806,169002
6.873215913772583,169002
6.876022100448608,169002
6.878823518753052,169002
6.8816258907318115,169002
6.8844451904296875,169002
6.8872621059417725,169002
6.8900768756866455,169002
6.8928821086883545,169002
6.895684719085693,169002
6.898497819900513,169002
6.901311635971069,169002
6.904139280319214,169002
6.906938791275024,169002
6.909748792648315,169002
6.912573337554932,169002
6.915400505065918,169002
6.9182069301605225,169002
6.92101263999939,169002
6.923820972442627,169002
6.926622629165649,169002
6.929429292678833,169002
6.93224835395813,169002
6.935059547424316,169002
6.937856435775757,169002
6.940663814544678,169002
6.943473815917969,169002
6.946285247802734,169002
6.94916558265686,169002
6.951963901519775,169002
6.954782485961914,169002
6.957587718963623,169002
6.960389852523804,169002
6.963203191757202,169002
6.966006278991699,169002
6.968807935714722,169002
6.971608638763428,169002
6.97442889213562,169002
6.977236270904541,169002
6.980031728744507,169002
6.982833385467529,169002
6.985628604888916,169002
6.988433599472046,169002
6.991243362426758,169002
6.994058847427368,169002
6.996850490570068,169002
6.999651908874512,169002
7.002474308013916,169002
7.00527811050415,169002
7.008086442947388,169002
7.0108795166015625,169002
7.01369571685791,169002
7.016510009765625,169002
7.01931357383728,169002
7.022132158279419,169002
7.024932622909546,169002
7.027729749679565,169002
7.030533790588379,169002
7.033351182937622,169002
7.036161422729492,169002
7.0389604568481445,169002
7.04176926612854,169002
7.044586420059204,169002
7.047394752502441,169002
7.0501954555511475,169002
7.053001642227173,169002
7.0558021068573,169002
7.058607816696167,169002
7.061418533325195,169002
7.064236640930176,169002
7.067049026489258,169002
7.069843053817749,169002
7.072651624679565,169002
7.075454473495483,169002
7.078261852264404,169002
7.0810675621032715,169002
7.0838775634765625,169002
7.086680889129639,169002
7.0894880294799805,169002
7.092299461364746,169002
7.095104932785034,169002
7.097901344299316,169002
7.10070276260376,169002
7.103514671325684,169002
7.10632061958313,169002
7.109124660491943,169002
7.111925363540649,169002
7.114729166030884,169002
7.1175377368927,169002
7.1203413009643555,169002
7.1231489181518555,169002
7.125948667526245,169002
7.128752708435059,169002
7.131562232971191,169002
7.134384393692017,169002
7.137181997299194,169002
7.139983177185059,169002
7.142785549163818,169002
7.145591974258423,169002
7.148394584655762,169002
7.151198148727417,169002
7.15400242805481,169002
7.156802654266357,169002
7.159613370895386,169002
7.162428140640259,169002
7.165241956710815,169002
7.168048858642578,169002
7.170849561691284,169002
7.17365837097168,169002
7.1764585971832275,169002
7.179264783859253,169002
7.182075023651123,169002
7.184872388839722,169002
7.187668800354004,169002
7.190474510192871,169002
7.1932854652404785,169002
7.196092844009399,169002
7.198882102966309,169002
7.20168137550354,169002
7.204500436782837,169002
7.2072975635528564,169002
7.210098743438721,169002
7.212905645370483,169002
7.215705871582031,169002
7.218510627746582,169002
7.221317291259766,169002
7.22413969039917,169002
7.2269322872161865,169002
7.229732275009155,169002
7.232551097869873,169002
7.235356330871582,169002
7.238157033920288,169002
7.240957260131836,169002
7.243767738342285,169002
7.246579170227051,169002
7.249382972717285,169002
7.25220513343811,169002
7.255007266998291,169002
7.25780987739563,169002
7.260605096817017,169002
7.2634193897247314,169002
7.266225576400757,169002
7.269022703170776,169002
7.271816968917847,169002
7.274628400802612,169002
7.2774271965026855,169002
7.2802252769470215,169002
7.283031702041626,169002
7.285834550857544,169002
7.288629055023193,169002
7.291428327560425,169002
7.29423713684082,169002
7.297128677368164,169002
7.299926519393921,169002
7.302735328674316,169002
7.30553936958313,169002
7.3083415031433105,169002
7.311152458190918,169002
7.313963890075684,169002
7.316755056381226,169002
7.319551467895508,169002
7.322366714477539,169002
7.3251707553863525,169002
7.327970266342163,169002
7.330775022506714,169002
7.333584547042847,169002
7.336388111114502,169002
7.339192867279053,169002
7.341986894607544,169002
7.344795227050781,169002
7.347601652145386,169002
7.350407361984253,169002
7.35322117805481,169002
7.356025695800781,169002
7.358820915222168,169002
7.36162543296814,169002
7.364443063735962,169002
7.367251396179199,169002
7.3700525760650635,169002
7.372854471206665,169002
7.3756513595581055,169002
7.378451347351074,169002
7.381252765655518,169002
7.384076833724976,169002
7.386877536773682,169002
7.389679431915283,169002
7.392495155334473,169002
7.395311594009399,169002
7.398119211196899,169002
7.4009177684783936,169002
7.4037275314331055,169002
7.406538009643555,169002
7.4093406200408936,169002
7.412153005599976,169002
7.414943695068359,169002
7.41773533821106,169002
7.420537710189819,169002
7.423419713973999,169002
7.4262213706970215,169002
7.429028749465942,169002
7.431826591491699,169002
7.434643745422363,169002
7.437445878982544,169002
7.440249681472778,169002
7.443066596984863,169002
7.445859909057617,169002
7.448663949966431,169002
7.451469659805298,169002
7.4542930126190186,169002
7.4570934772491455,169002
7.459893703460693,169002
7.462705135345459,169002
7.465516567230225,169002
7.468324422836304,169002
7.4711267948150635,169002
7.473932504653931,169002
7.476736545562744,169002
7.479549407958984,169002
7.482371091842651,169002
7.485179424285889,169002
7.487982988357544,169002
7.490788698196411,169002
7.493607997894287,169002
7.49641752243042,169002
7.499230146408081,169002
7.502052545547485,169002
7.504852771759033,169002
7.507658004760742,169002
7.51046347618103,169002
7.513271808624268,169002
7.5160746574401855,169002
7.518870115280151,169002
7.521668910980225,169002
7.524487733840942,169002
7.527290105819702,169002
7.530092477798462,169002
7.532905101776123,169002
7.535708665847778,169002
7.538524389266968,169002
7.5413360595703125,169002
7.544156074523926,169002
7.546948671340942,169002
7.549762964248657,169002
7.552570104598999,169002
7.5553858280181885,169002
7.55819034576416,169002
7.560991048812866,169002
7.563799142837524,169002
7.56660270690918,169002
7.569413900375366,169002
7.572230100631714,169002
7.5750226974487305,169002
7.577821731567383,169002
7.580626726150513,169002
7.583460330963135,169002
7.586264371871948,169002
7.589071273803711,169002
7.591864824295044,169002
7.594679117202759,169002
7.597485303878784,169002
7.600320100784302,169002
7.603204250335693,169002
7.606024265289307,169002
7.608820676803589,169002
7.611623525619507,169002
7.614448547363281,169002
7.617257833480835,169002
7.620065450668335,169002
7.622870683670044,169002
7.625676393508911,169002
7.62848162651062,169002
7.631280422210693,169002
7.63409686088562,169002
7.636893272399902,169002
7.639700889587402,169002
7.64251184463501,169002
7.645318508148193,169002
7.648122787475586,169002
7.650916814804077,169002
7.653723955154419,169002
7.656528472900391,169002
7.659334897994995,169002
7.662152528762817,169002
7.664950132369995,169002
7.66775107383728,169002
7.67055606842041,169002
7.673372268676758,169002
7.67618465423584,169002
7.678980112075806,169002
7.681772470474243,169002
7.684589147567749,169002
7.687401056289673,169002
7.690217733383179,169002
7.693028688430786,169002
7.69582200050354,169002
7.698627471923828,169002
7.701436996459961,169002
7.704256057739258,169002
7.7070629596710205,169002
7.709859132766724,169002
7.712674617767334,169002
7.71547532081604,169002
7.718277931213379,169002
7.721160173416138,169002
7.723970651626587,169002
7.726782321929932,169002
7.729584455490112,169002
7.732414722442627,169002
7.7352235317230225,169002
7.7380290031433105,169002
7.74082088470459,169002
7.743633508682251,169002
7.746438980102539,169002
7.749241590499878,169002
7.752058029174805,169002
7.754864454269409,169002
7.757726669311523,169002
7.760526418685913,169002
7.763346195220947,169002
7.766160011291504,169002
7.768959283828735,169002
7.771761417388916,169002
7.774573087692261,169002
7.777379989624023,169002
7.7801902294158936,169002
7.783008098602295,169002
7.78581166267395,169002
7.788617134094238,169002
7.791416645050049,169002
7.794235944747925,169002
7.797047853469849,169002
7.799849033355713,169002
7.8026697635650635,169002
7.805477857589722,169002
7.808286905288696,169002
7.811116695404053,169002
7.813927412033081,169002
7.81673526763916,169002
7.819544315338135,169002
7.822384834289551,169002
7.8252034187316895,169002
7.828006982803345,169002
7.830806016921997,169002
7.833627700805664,169002
7.836441516876221,169002
7.839248418807983,169002
7.842058897018433,169002
7.844859838485718,169002
7.847661733627319,169002
7.850473880767822,169002
7.853278398513794,169002
7.856093645095825,169002
7.858893156051636,169002
7.861698627471924,169002
7.864524602890015,169002
7.867326736450195,169002
7.8701324462890625,169002
7.8729407787323,169002
7.875743389129639,169002
7.878558158874512,169002
7.881362199783325,169002
7.88418436050415,169002
7.886989593505859,169002
7.889806747436523,169002
7.892620801925659,169002
7.8954362869262695,169002
7.898256301879883,169002
7.901074409484863,169002
7.903939247131348,169002
7.906744718551636,169002
7.9095518589019775,169002
7.912377834320068,169002
7.915200471878052,169002
7.91800856590271,169002
7.920804977416992,169002
7.923619508743286,169002
7.92641806602478,169002
7.929280996322632,169002
7.932101726531982,169002
7.934905290603638,169002
7.937708616256714,169002
7.940511465072632,169002
7.943336248397827,169002
7.946151256561279,169002
7.948952674865723,169002
7.951759099960327,169002
7.954574346542358,169002
7.9573814868927,169002
7.960190296173096,169002
7.963003635406494,169002
7.965811252593994,169002
7.968612909317017,169002
7.971428394317627,169002
7.974242925643921,169002
7.9770731925964355,169002
7.979867935180664,169002
7.982672691345215,169002
7.985483407974243,169002
7.988287448883057,169002
7.991095542907715,169002
7.993903160095215,169002
7.9967076778411865,169002
7.999506950378418,169002
8.00232219696045,169002
8.005135774612427,169002
8.007938146591187,169002
8.010733604431152,169002
8.013553857803345,169002
8.016358137130737,169002
8.019165992736816,169002
8.021956443786621,169002
8.024770975112915,169002
8.027576208114624,169002
8.03037977218628,169002
8.033197164535522,169002
8.03609013557434,169002
8.038892984390259,169002
8.04169487953186,169002
8.044580936431885,169002
8.047387599945068,169002
8.05019211769104,169002
8.052998304367065,169002
8.055802822113037,169002
8.058611631393433,169002
8.061413288116455,169002
8.064234256744385,169002
8.067039489746094,169002
8.069834232330322,169002
8.072643756866455,169002
8.075453996658325,169002
8.078251838684082,169002
8.081062078475952,169002
8.083864688873291,169002
8.086670160293579,169002
8.089478969573975,169002
8.092293977737427,169002
8.09509825706482,169002
8.097893238067627,169002
8.100687980651855,169002
8.103503942489624,169002
8.106301069259644,169002
8.109108924865723,169002
8.111902236938477,169002
8.114723920822144,169002
8.117527961730957,169002
8.12033486366272,169002
8.123149394989014,169002
8.125948667526245,169002
8.128742694854736,169002
8.131548166275024,169002
8.134368181228638,169002
8.137174129486084,169002
8.139965295791626,169002
8.142779111862183,169002
8.145588159561157,169002
8.148398637771606,169002
8.151197910308838,169002
8.154009580612183,169002
8.156893968582153,169002
8.159698486328125,169002
8.162508249282837,169002
8.1653151512146,169002
8.16812801361084,169002
8.170931339263916,169002
8.173738479614258,169002
8.176543235778809,169002
8.179348230361938,169002
8.182153463363647,169002
8.184953451156616,169002
8.187752723693848,169002
8.190559148788452,169002
8.193378210067749,169002
8.196189880371094,169002
8.198990821838379,169002
8.201795816421509,169002
8.204606533050537,169002
8.207417011260986,169002
8.2102210521698,169002
8.213034868240356,169002
8.215828895568848,169002
8.218640804290771,169002
8.221452236175537,169002
8.224273443222046,169002
8.227080345153809,169002
8.229878425598145,169002
8.232691764831543,169002
8.235501527786255,169002
8.23831057548523,169002
8.241120100021362,169002
8.243926525115967,169002
8.246728897094727,169002
8.249536514282227,169002
8.252349615097046,169002
8.255159139633179,169002
8.257961511611938,169002
8.260765552520752,169002
8.263573169708252,169002
8.266381978988647,169002
8.269192934036255,169002
8.272002458572388,169002
8.274813652038574,169002
8.277615308761597,169002
8.28050422668457,169002
8.283332109451294,169002
8.286139488220215,169002
8.288944721221924,169002
8.29174280166626,169002
8.294564008712769,169002
8.297365427017212,169002
8.300179481506348,169002
8.302978277206421,169002
8.305785655975342,169002
8.308587551116943,169002
8.311400175094604,169002
8.314221143722534,169002
8.31703805923462,169002
8.31982946395874,169002
8.322695016860962,169002
8.325505256652832,169002
8.328314304351807,169002
8.331194400787354,169002
8.334093570709229,169002
8.336909532546997,169002
8.339712858200073,169002
8.34253215789795,169002
8.345337867736816,169002
8.348153829574585,169002
8.350951671600342,169002
8.353764772415161,169002
8.356573343276978,169002
8.359387874603271,169002
8.36220383644104,169002
8.365011930465698,169002
8.367814540863037,169002
8.370625972747803,169002
8.37343955039978,169002
8.376244306564331,169002
8.379050970077515,169002
8.38185167312622,169002
8.384676694869995,169002
8.387487411499023,169002
8.390299558639526,169002
8.393119096755981,169002
8.395920276641846,169002
8.398725032806396,169002
8.401521921157837,169002
8.404417991638184,169002
8.407227993011475,169002
8.410037994384766,169002
8.412845134735107,169002
8.415640115737915,169002
8.41848111152649,169002
8.421295642852783,169002
8.42412257194519,169002
8.426926851272583,169002
8.429728269577026,169002
8.432540893554688,169002
8.435352087020874,169002
8.438156604766846,169002
8.440953016281128,169002
8.44376516342163,169002
8.446568012237549,169002
8.44938039779663,169002
8.452192068099976,169002
8.45499849319458,169002
8.457807064056396,169002
8.460613489151001,169002
8.463435411453247,169002
8.466242551803589,169002
8.469052076339722,169002
8.471847772598267,169002
8.474663257598877,169002
8.477465152740479,169002
8.480273008346558,169002
8.483088970184326,169002
8.48589301109314,169002
8.488691568374634,169002
8.491504192352295,169002
8.494399785995483,169002
8.497212886810303,169002
8.500005722045898,169002
8.502816677093506,169002
8.50562596321106,169002
8.508432388305664,169002
8.511232852935791,169002
8.514050006866455,169002
8.516851902008057,169002
8.519648313522339,169002
8.522458791732788,169002
8.525270938873291,169002
8.528073072433472,169002
8.53087043762207,169002
8.533685684204102,169002
8.536491632461548,169002
8.539298057556152,169002
8.542113780975342,169002
8.544910430908203,169002
8.547717809677124,169002
8.550535202026367,169002
8.553363561630249,169002
8.556170225143433,169002
8.55897068977356,169002
8.561769723892212,169002
8.564585447311401,169002
8.567382574081421,169002
8.570188999176025,169002
8.573002338409424,169002
8.575805425643921,169002
8.57860255241394,169002
8.581412315368652,169002
8.584238290786743,169002
8.587049961090088,169002
8.589845657348633,169002
8.592655420303345,169002
8.59546446800232,169002
8.59826374053955,169002
8.601063251495361,169002
8.603874206542969,169002
8.606877326965332,169002
8.609683513641357,169002
8.612494707107544,169002
8.61530351638794,169002
8.618107318878174,169002
8.620906829833984,169002
8.623724460601807,169002
8.626535654067993,169002
8.629342794418335,169002
8.632157325744629,169002
8.634963512420654,169002
8.637764930725098,169002
8.640563011169434,169002
8.643382549285889,169002
8.646183967590332,169002
8.648983478546143,169002
8.651795387268066,169002
8.654610633850098,169002
8.657413721084595,169002
8.660225868225098,169002
8.663040399551392,169002
8.665845394134521,169002
8.66864800453186,169002
8.671450853347778,169002
8.674270153045654,169002
8.677079439163208,169002
8.679869890213013,169002
8.682684421539307,169002
8.68548846244812,169002
8.68829345703125,169002
8.691093921661377,169002
8.69391131401062,169002
8.69671082496643,169002
8.699523687362671,169002
8.702333450317383,169002
8.705143451690674,169002
8.70793890953064,169002
8.710730791091919,169002
8.713549852371216,169002
8.7163565158844,169002
8.719189405441284,169002
8.72199535369873,169002
8.724797248840332,169002
8.727612495422363,169002
8.730417966842651,169002
8.733230113983154,169002
8.736035346984863,169002
8.738829135894775,169002
8.741640090942383,169002
8.744463443756104,169002
8.747275590896606,169002
8.75008225440979,169002
8.752892255783081,169002
8.755704164505005,169002
8.758514881134033,169002
8.761326789855957,169002
8.764143705368042,169002
8.766939878463745,169002
8.769739866256714,169002
8.772560834884644,169002
8.775369882583618,169002
8.778180360794067,169002
8.780973196029663,169002
8.783783197402954,169002
8.786584615707397,169002
8.789398193359375,169002
8.79221224784851,169002
8.795013666152954,169002
8.797817945480347,169002
8.800625562667847,169002
8.803439855575562,169002
8.806251287460327,169002
8.809056758880615,169002
8.811857223510742,169002
8.81466269493103,169002
8.817474603652954,169002
8.820276975631714,169002
8.823099374771118,169002
8.82589602470398,169002
8.828700065612793,169002
8.831531524658203,169002
8.834354639053345,169002
8.83716368675232,169002
8.839964151382446,169002
8.842772722244263,169002
8.845580101013184,169002
8.848371505737305,169002
8.85118055343628,169002
8.854002237319946,169002
8.856802463531494,169002
8.85960078239441,169002
8.86241340637207,169002
8.86522126197815,169002
8.868035078048706,169002
8.870827198028564,169002
8.873648166656494,169002
8.876456022262573,169002
8.879260063171387,169002
8.882076740264893,169002
8.884876012802124,169002
8.887683391571045,169002
8.890496492385864,169002
8.893321990966797,169002
8.896142959594727,169002
8.898953199386597,169002
8.901760816574097,169002
8.90458369255066,169002
8.907391548156738,169002
8.910199403762817,169002
8.913009881973267,169002
8.915817260742188,169002
8.918619394302368,169002
8.92142391204834,169002
8.924247741699219,169002
8.927056550979614,169002
8.929859161376953,169002
8.93267273902893,169002
8.935481786727905,169002
8.938289880752563,169002
8.941093683242798,169002
8.943899154663086,169002
8.946710586547852,169002
8.949511766433716,169002
8.952352285385132,169002
8.95516061782837,169002
8.957960367202759,169002
8.960757493972778,169002
8.963580846786499,169002
8.966384887695312,169002
8.969192504882812,169002
8.971985101699829,169002
8.974799394607544,169002
8.977612257003784,169002
8.980427026748657,169002
8.983238697052002,169002
8.98604154586792,169002
8.988856792449951,169002
8.991657733917236,169002
8.994473695755005,169002
8.99728274345398,169002
9.000152826309204,169002
9.005208492279053,169002
9.010247707366943,169002
9.015312671661377,169002
9.020650148391724,169002
9.025985479354858,169002
9.031332015991211,169002
9.03667163848877,169002
9.042032718658447,169002
9.047365427017212,169002
9.052735805511475,169002
9.058090209960938,169002
9.063411235809326,169002
9.06874680519104,169002
9.074082136154175,169002
9.079404830932617,169002
9.084766864776611,169002
9.090118885040283,169002
9.095412969589233,169002
9.100752353668213,169002
9.106094598770142,169002
9.111427307128906,169002
9.116761207580566,169002
9.122098207473755,169002
9.127412557601929,169002
9.13273310661316,169002
9.138092756271362,169002
9.14342474937439,169002
9.148748874664307,169002
9.15408182144165,169002
9.159383773803711,169002
9.164702892303467,169002
9.170072078704834,169002
9.175436735153198,169002
9.180776596069336,169002
9.18615174293518,169002
9.191514015197754,169002
9.196893692016602,169002
9.202277421951294,169002
9.207655191421509,169002
9.213031768798828,169002
9.218395709991455,169002
9.223750352859497,169002
9.229114770889282,169002
9.234477043151855,169002
9.239813804626465,169002
9.245184659957886,169002
9.250536918640137,169002
9.255903959274292,169002
9.261253356933594,169002
9.266632556915283,169002
9.271985292434692,169002
9.27734637260437,169002
9.282701969146729,169002
9.288084030151367,169002
9.293454647064209,169002
9.298786878585815,169002
9.30414342880249,169002
9.309501886367798,169002
9.314878940582275,169002
9.320225715637207,169002
9.325602054595947,169002
9.330965280532837,169002
9.33635926246643,169002
9.34169864654541,169002
9.347080945968628,169002
9.352397918701172,169002
9.357736110687256,169002
9.363112449645996,169002
9.368435382843018,169002
9.373781681060791,169002
9.37913727760315,169002
9.384509801864624,169002
9.389878988265991,169002
9.395233631134033,169002
9.400553941726685,169002
9.405926942825317,169002
9.411279916763306,169002
9.41666293144226,169002
9.422032594680786,169002
9.427401304244995,169002
9.432746648788452,169002
9.438129663467407,169002
9.443494081497192,169002
9.44886040687561,169002
9.454217672348022,169002
9.459590196609497,169002
9.464973211288452,169002
9.47029972076416,169002
9.475643157958984,169002
9.480987310409546,169002
9.486347675323486,169002
9.491697072982788,169002
9.497077941894531,169002
9.502433776855469,169002
9.507784605026245,169002
9.51317834854126,169002
9.518484830856323,169002
9.523796319961548,169002
9.529167652130127,169002
9.534493684768677,169002
9.539811611175537,169002
9.545143127441406,169002
9.550467252731323,169002
9.555797338485718,169002
9.56116771697998,169002
9.566547393798828,169002
9.571917533874512,169002
9.577290773391724,169002
9.582679986953735,169002
9.588039636611938,169002
9.59340524673462,169002
9.598710775375366,169002
9.604097843170166,169002
9.609402179718018,169002
9.614735841751099,169002
9.620049715042114,169002
9.62534499168396,169002
9.630690097808838,169002
9.636075019836426,169002
9.64136266708374,169002
9.646693229675293,169002
9.652040243148804,169002
9.657367467880249,169002
9.66272234916687,169002
9.668049573898315,169002
9.673389196395874,169002
9.6787269115448,169002
9.684077978134155,169002
9.689414978027344,169002
9.694758176803589,169002
9.700087785720825,169002
9.705387830734253,169002
9.710720300674438,169002
9.716073751449585,169002
9.721395492553711,169002
9.726744651794434,169002
9.732131481170654,169002
9.737439632415771,169002
9.742775917053223,169002
9.748110294342041,169002
9.753445863723755,169002
9.758748054504395,169002
9.764097690582275,169002
9.769405603408813,169002
9.774747848510742,169002
9.780079364776611,169002
9.785390853881836,169002
9.79072618484497,169002
9.796064615249634,169002
9.801383972167969,169002
9.806741714477539,169002
9.812130451202393,169002
9.817469120025635,169002
9.822812557220459,169002
9.828137397766113,169002
9.833519458770752,169002
9.838889360427856,169002
9.844266891479492,169002
9.849652528762817,169002
9.855026245117188,169002
9.860352277755737,169002
9.865687608718872,169002
9.870997905731201,169002
9.87638235092163,169002
9.88174057006836,169002
9.887137651443481,169002
9.892513990402222,169002
9.897874593734741,169002
9.903288841247559,169002
9.908643007278442,169002
9.914050102233887,169002
9.919458627700806,169002
9.924817085266113,169002
9.930172443389893,169002
9.935491800308228,169002
9.940805912017822,169002
9.946181058883667,169002
9.951512813568115,169002
9.956889867782593,169002
9.962247133255005,169002
9.96760606765747,169002
9.97298264503479,169002
9.978336334228516,169002
9.983718156814575,169002
9.989095687866211,169002
9.99442434310913,169002
9.999758005142212,169002
10.00508165359497,169002
10.010371923446655,169002
10.015734195709229,169002
10.021066665649414,169002
10.026410341262817,169002
10.031747817993164,169002
10.0370934009552,169002
10.042428255081177,169002
10.047744512557983,169002
10.053091526031494,169002
10.058403015136719,169002
10.06375765800476,169002
10.069084167480469,169002
10.0744149684906,169002
10.079747676849365,169002
10.085059642791748,169002
10.090383768081665,169002
10.09573483467102,169002
10.101053714752197,169002
10.106395483016968,169002
10.111719369888306,169002
10.117066144943237,169002
10.122401237487793,169002
10.127744674682617,169002
10.133090496063232,169002
10.13838791847229,169002
10.143733978271484,169002
10.149056434631348,169002
10.154371738433838,169002
10.159713983535767,169002
10.165063858032227,169002
10.170384883880615,169002
10.175711154937744,169002
10.181041240692139,169002
10.186353206634521,169002
10.191688537597656,169002
10.197038888931274,169002
10.202389478683472,169002
10.207725048065186,169002
10.213067770004272,169002
10.218396425247192,169002
10.223747491836548,169002
10.229077816009521,169002
10.234413385391235,169002
10.239745378494263,169002
10.24509310722351,169002
10.250416994094849,169002
10.255757331848145,169002
10.261098861694336,169002
10.266438484191895,169002
10.271767139434814,169002
10.277099847793579,169002
10.282428503036499,169002
10.287760972976685,169002
10.293114423751831,169002
10.298441648483276,169002
10.30379867553711,169002
10.30913758277893,169002
10.314468383789062,169002
10.319780588150024,169002
10.325125694274902,169002
10.33044981956482,169002
10.335777044296265,169002
10.341102361679077,169002
10.346441984176636,169002
10.35176944732666,169002
10.357110738754272,169002
10.362450122833252,169002
10.367771863937378,169002
10.373102903366089,169002
10.378411531448364,169002
10.383760929107666,169002
10.389072179794312,169002
10.394360065460205,169002
10.39964485168457,169002
10.404943704605103,169002
10.410252809524536,169002
10.415558576583862,169002
10.420838832855225,169002
10.426173448562622,169002
10.431467771530151,169002
10.436808824539185,169002
10.44218397140503,169002
10.447525262832642,169002
10.452874183654785,169002
10.458199739456177,169002
10.463515758514404,169002
10.46884799003601,169002
10.474195003509521,169002
10.479518175125122,169002
10.4848313331604,169002
10.49015498161316,169002
10.495489358901978,169002
10.500823736190796,169002
10.506157159805298,169002
10.511473655700684,169002
10.516814708709717,169002
10.522164821624756,169002
10.527492761611938,169002
10.532837629318237,169002
10.538168907165527,169002
10.543516397476196,169002
10.548845052719116,169002
10.554179430007935,169002
10.559499263763428,169002
10.564844846725464,169002
10.57019305229187,169002
10.5755295753479,169002
10.580856084823608,169002
10.586191654205322,169002
10.591556310653687,169002
10.596925973892212,169002
10.602264404296875,169002
10.607577085494995,169002
10.612959861755371,169002
10.618328332901001,169002
10.623705387115479,169002
10.629067420959473,169002
10.63439416885376,169002
10.639738321304321,169002
10.64508843421936,169002
10.650424718856812,169002
10.655768871307373,169002
10.661100387573242,169002
10.6664297580719,169002
10.671738862991333,169002
10.677088975906372,169002
10.682430267333984,169002
10.687758445739746,169002
10.69310712814331,169002
10.69839596748352,169002
10.703710794448853,169002
10.709026098251343,169002
10.714340686798096,169002
10.719642639160156,169002
10.724944591522217,169002
10.730242490768433,169002
10.735547065734863,169002
10.740852117538452,169002
10.74617314338684,169002
10.75147294998169,169002
10.756789922714233,169002
10.762158632278442,169002
10.76750659942627,169002
10.772891998291016,169002
10.778253078460693,169002
10.783641815185547,169002
10.78900957107544,169002
10.794352054595947,169002
10.79972243309021,169002
10.80507206916809,169002
10.810431718826294,169002
10.815773963928223,169002
10.821134567260742,169002
10.826495885848999,169002
10.831862211227417,169002
10.837215423583984,169002
10.842591762542725,169002
10.847966432571411,169002
10.853276014328003,169002
10.858609199523926,169002
10.86396312713623,169002
10.869306564331055,169002
10.874654293060303,169002
10.879961490631104,169002
10.885308504104614,169002
10.890652894973755,169002
10.895995140075684,169002
10.901320695877075,169002
10.90667176246643,169002
10.912003993988037,169002
10.917356967926025,169002
10.92270278930664,169002
10.92803430557251,169002
10.933383464813232,169002
10.938711404800415,169002
10.94404411315918,169002
10.94937515258789,169002
10.954753637313843,169002
10.960115671157837,169002
10.965443134307861,169002
10.970782279968262,169002
10.97612738609314,169002
10.981462955474854,169002
10.986806392669678,169002
10.99215579032898,169002
10.997477293014526,169002
11.002821922302246,169002
11.008148670196533,169002
11.013490438461304,169002
11.01880669593811,169002
11.02414321899414,169002
11.029462814331055,169002
11.034790754318237,169002
11.0401451587677,169002
11.04550552368164,169002
11.05082082748413,169002
11.056214809417725,169002
11.06157898902893,169002
11.066941261291504,169002
11.072295665740967,169002
11.077648162841797,169002
11.08300256729126,169002
11.088337182998657,169002
11.093717813491821,169002
11.099076271057129,169002
11.104404926300049,169002
11.109733581542969,169002
11.115079641342163,169002
11.12038779258728,169002
11.125705480575562,169002
11.131041765213013,169002
11.136380195617676,169002
11.141715288162231,169002
11.14707350730896,169002
11.152417182922363,169002
11.15775465965271,169002
11.163105249404907,169002
11.168429374694824,169002
11.173746347427368,169002
11.179079532623291,169002
11.184410095214844,169002
11.1897451877594,169002
11.195102214813232,169002
11.200428247451782,169002
11.205755949020386,169002
11.211086988449097,169002
11.21641731262207,169002
11.221747159957886,169002
11.227100610733032,169002
11.23244047164917,169002
11.237766742706299,169002
11.243104219436646,169002
11.248442649841309,169002
11.253784894943237,169002
11.259130716323853,169002
11.264467716217041,169002
11.269792079925537,169002
11.275129795074463,169002
11.28046178817749,169002
11.28575849533081,169002
11.291095733642578,169002
11.296436548233032,169002
11.30177116394043,169002
11.307111501693726,169002
11.312433958053589,169002
11.31773591041565,169002
11.323092699050903,169002
11.328417539596558,169002
11.333765029907227,169002
11.339084386825562,169002
11.344418287277222,169002
11.349745988845825,169002
11.355093479156494,169002
11.360421419143677,169002
11.365732431411743,169002
11.371092081069946,169002
11.376437187194824,169002
11.381771326065063,169002
11.387125968933105,169002
11.392465114593506,169002
11.39778995513916,169002
11.403136968612671,169002
11.408467531204224,169002
11.41379690170288,169002
11.419130325317383,169002
11.424472093582153,169002
11.429811000823975,169002
11.435161590576172,169002
11.440488338470459,169002
11.445805788040161,169002
11.451146125793457,169002
11.456453561782837,169002
11.461792945861816,169002
11.467121839523315,169002
11.472426652908325,169002
11.477755308151245,169002
11.483119010925293,169002
11.488460302352905,169002
11.493789434432983,169002
11.49910831451416,169002
11.504430055618286,169002
11.509761810302734,169002
11.515109062194824,169002
11.520440340042114,169002
11.525780200958252,169002
11.531116962432861,169002
11.536447525024414,169002
11.541781902313232,169002
11.54711627960205,169002
11.552464723587036,169002
11.557777643203735,169002
11.563133955001831,169002
11.568466186523438,169002
11.573775291442871,169002
11.579126834869385,169002
11.584463596343994,169002
11.58979344367981,169002
11.595235109329224,169002
11.600481271743774,169002
11.60572624206543,169002
11.610963821411133,169002
11.616235494613647,169002
11.621509313583374,169002
11.626793622970581,169002
11.632079362869263,169002
11.637389421463013,169002
11.642703771591187,169002
11.648000955581665,169002
11.653345823287964,169002
11.658658981323242,169002
11.664000272750854,169002
11.669348955154419,169002
11.674691677093506,169002
11.680033683776855,169002
11.685356378555298,169002
11.690661907196045,169002
11.696002721786499,169002
11.701335906982422,169002
11.70666766166687,169002
11.71198296546936,169002
11.717304468154907,169002
11.722658634185791,169002
11.728000402450562,169002
11.733353614807129,169002
11.738683700561523,169002
11.744004726409912,169002
11.749333143234253,169002
11.754685401916504,169002
11.760014533996582,169002
11.76535701751709,169002
11.770676374435425,169002
11.776026487350464,169002
11.781362295150757,169002
11.786710023880005,169002
11.792065382003784,169002
11.797376871109009,169002
11.802722930908203,169002
11.808061838150024,169002
11.81341004371643,169002
11.818743228912354,169002
11.824090957641602,169002
11.829420328140259,169002
11.83475947380066,169002
11.84009337425232,169002
11.845418214797974,169002
11.85073733329773,169002
11.856059074401855,169002
11.861379146575928,169002
11.866729259490967,169002
11.872081756591797,169002
11.877418518066406,169002
11.882761478424072,169002
11.88810420036316,169002
11.89344310760498,169002
11.898772239685059,169002
11.904122591018677,169002
11.909448146820068,169002
11.914794921875,169002
11.920130252838135,169002
11.92542815208435,169002
11.930772542953491,169002
11.9361093044281,169002
11.941428184509277,169002
11.946762800216675,169002
11.952131748199463,169002
11.957502126693726,169002
11.962870836257935,169002
11.96820616722107,169002
11.973531246185303,169002
11.978872299194336,169002
11.984236240386963,169002
11.989565134048462,169002
11.994893789291382,169002
12.000212669372559,169002
12.00553011894226,169002
12.01086688041687,169002
12.016213178634644,169002
12.021544218063354,169002
12.026874780654907,169002
12.032213687896729,169002
12.037538051605225,169002
12.042866945266724,169002
12.04819631576538,169002
12.053541898727417,169002
12.058868169784546,169002
12.064217567443848,169002
12.069546937942505,169002
12.074860095977783,169002
12.080186605453491,169002
12.085522651672363,169002
12.090854167938232,169002
12.096186399459839,169002
12.101502656936646,169002
12.106837749481201,169002
12.112186431884766,169002
12.117490530014038,169002
12.122839212417603,169002
12.128177165985107,169002
12.133517980575562,169002
12.138860940933228,169002
12.144209623336792,169002
12.149535894393921,169002
12.154853343963623,169002
12.160205364227295,169002
12.165590047836304,169002
12.170960903167725,169002
12.176303148269653,169002
12.181617498397827,169002
12.186957836151123,169002
12.192304134368896,169002
12.19765043258667,169002
12.20299506187439,169002
12.208337783813477,169002
12.213684797286987,169002
12.219040870666504,169002
12.224390745162964,169002
12.229728937149048,169002
12.235076665878296,169002
12.240423679351807,169002
12.245766401290894,169002
12.251112699508667,169002
12.25644302368164,169002
12.261773586273193,169002
12.267114639282227,169002
12.27245306968689,169002
12.27779221534729,169002
12.283149480819702,169002
12.288484811782837,169002
12.293838262557983,169002
12.299157619476318,169002
12.304500579833984,169002
12.30983304977417,169002
12.315181493759155,169002
12.320506572723389,169002
12.325831651687622,169002
12.33116626739502,169002
12.336517333984375,169002
12.341844320297241,169002
12.347190380096436,169002
12.352493286132812,169002
12.35783338546753,169002
12.363170623779297,169002
12.368504524230957,169002
12.373849153518677,169002
12.379154205322266,169002
12.384501695632935,169002
12.389773845672607,169002
12.395128726959229,169002
12.400457620620728,169002
12.405784606933594,169002
12.411118745803833,169002
12.416419267654419,169002
12.421757459640503,169002
12.427101135253906,169002
12.432397603988647,169002
12.437711715698242,169002
12.443015336990356,169002
12.448333263397217,169002
12.45364785194397,169002
12.45894718170166,169002
12.464267253875732,169002
12.469575881958008,169002
12.474892139434814,169002
12.480201005935669,169002
12.485512733459473,169002
12.4908127784729,169002
12.49613332748413,169002
12.501430988311768,169002
12.50674057006836,169002
12.51204514503479,169002
12.517375230789185,169002
12.522692918777466,169002
12.528028726577759,169002
12.533385515213013,169002
12.53872537612915,169002
12.544079542160034,169002
12.549416542053223,169002
12.554762125015259,169002
12.560104846954346,169002
12.565407037734985,169002
12.570747375488281,169002
12.576096534729004,169002
12.581424474716187,169002
12.586747884750366,169002
12.592089653015137,169002
12.597429037094116,169002
12.602748155593872,169002
12.608092784881592,169002
12.613431453704834,169002
12.61876130104065,169002
12.624091386795044,169002
12.629372358322144,169002
12.634704113006592,169002
12.640050649642944,169002
12.645395278930664,169002
12.650734901428223,169002
12.656110048294067,169002
12.661399841308594,169002
12.666745662689209,169002
12.672101974487305,169002
12.677433013916016,169002
12.682754755020142,169002
12.688096523284912,169002
12.693425178527832,169002
12.698753833770752,169002
12.704079627990723,169002
12.709411382675171,169002
12.714734077453613,169002
12.720072984695435,169002
12.72540807723999,169002
12.73075246810913,169002
12.73609709739685,169002
12.741421937942505,169002
12.746749877929688,169002
12.752079725265503,169002
12.75734567642212,169002
12.762664079666138,169002
12.767965078353882,169002
12.773277521133423,169002
12.778569459915161,169002
12.783884048461914,169002
12.789172649383545,169002
12.794504642486572,169002
12.799838542938232,169002
12.805195331573486,169002
12.810537576675415,169002
12.815882682800293,169002
12.821274518966675,169002
12.826555252075195,169002
12.831826448440552,169002
12.83712887763977,169002
12.842443466186523,169002
12.847753047943115,169002
12.853069543838501,169002
12.85836935043335,169002
12.863685369491577,169002
12.868996143341064,169002
12.874318838119507,169002
12.879636526107788,169002
12.88493824005127,169002
12.890239238739014,169002
12.895574808120728,169002
12.900903940200806,169002
12.906238794326782,169002
12.911577463150024,169002
12.916911363601685,169002
12.922250747680664,169002
12.927584171295166,169002
12.932940006256104,169002
12.93827486038208,169002
12.943594932556152,169002
12.948954343795776,169002
12.954317808151245,169002
12.959683656692505,169002
12.96506953239441,169002
12.970436096191406,169002
12.975769281387329,169002
12.980749607086182,169002
12.985723972320557,169002
12.990659475326538,169002
12.99560260772705,169002
13.000531196594238,169002
13.0054612159729,169002
13.010411739349365,169002
13.015360593795776,169002
13.020276308059692,169002
13.02520751953125,169002
13.03012204170227,169002
13.035046339035034,169002
13.039955854415894,169002
13.044896602630615,169002
13.049808979034424,169002
13.054726839065552,169002
13.05963945388794,169002
13.06456995010376,169002
13.069492816925049,169002
13.074443340301514,169002
13.079374074935913,169002
13.08431363105774,169002
13.089232921600342,169002
13.094176054000854,169002
13.099117040634155,169002
13.104070663452148,169002
13.108993530273438,169002
13.113940000534058,169002
13.118873357772827,169002
13.123807430267334,169002
13.128737211227417,169002
13.133673429489136,169002
13.138631343841553,169002
13.143567323684692,169002
13.14860486984253,169002
13.153568744659424,169002
13.158512830734253,169002
13.16347599029541,169002
13.168425798416138,169002
13.173386812210083,169002
13.178348541259766,169002
13.183324813842773,169002
13.188277006149292,169002
13.193245649337769,169002
13.198182582855225,169002
13.203143835067749,169002
13.208105564117432,169002
13.213061809539795,169002
13.218027353286743,169002
13.222984075546265,169002
13.227937459945679,169002
13.232893466949463,169002
13.237860441207886,169002
13.242847681045532,169002
13.24781608581543,169002
13.252799987792969,169002
13.257722616195679,169002
13.262673377990723,169002
13.267595767974854,169002
13.27253532409668,169002
13.277462244033813,169002
13.28239893913269,169002
13.287328481674194,169002
13.292258501052856,169002
13.297187089920044,169002
13.302123069763184,169002
13.307043552398682,169002
13.311966896057129,169002
13.316909074783325,169002
13.321858167648315,169002
13.32679295539856,169002
13.33172607421875,169002
13.336708784103394,169002
13.341699838638306,169002
13.346667528152466,169002
13.35161805152893,169002
13.35658597946167,169002
13.36166000366211,169002
13.366656064987183,169002
13.371641874313354,169002
13.376632928848267,169002
13.381584644317627,169002
13.386567831039429,169002
13.391559600830078,169002
13.396608114242554,169002
13.40162467956543,169002
13.406692266464233,169002
13.411755323410034,169002
13.416842222213745,169002
13.42193078994751,169002
13.426986932754517,169002
13.43204641342163,169002
13.437095642089844,169002
13.442178964614868,169002
13.447269439697266,169002
13.45239543914795,169002
13.457526445388794,169002
13.462664127349854,169002
13.467811584472656,169002
13.4729642868042,169002
13.478111505508423,169002
13.483260869979858,169002
13.488401174545288,169002
13.493553400039673,169002
13.498701333999634,169002
13.503847360610962,169002
13.508990287780762,169002
13.51414704322815,169002
13.519289493560791,169002
13.52444577217102,169002
13.529581785202026,169002
13.534741878509521,169002
13.53988003730774,169002
13.545034170150757,169002
13.55017614364624,169002
13.555327892303467,169002
13.560469388961792,169002
13.56561541557312,169002
13.570757627487183,169002
13.575904607772827,169002
13.581045866012573,169002
13.586200475692749,169002
13.591334819793701,169002
13.596492052078247,169002
13.601632833480835,169002
13.606782674789429,169002
13.61191987991333,169002
13.61707854270935,169002
13.622223377227783,169002
13.627368450164795,169002
13.632524967193604,169002
13.637655019760132,169002
13.642804622650146,169002
13.647947549819946,169002
13.65310549736023,169002
13.65824842453003,169002
13.663397073745728,169002
13.668531656265259,169002
13.673678636550903,169002
13.678829431533813,169002
13.683971643447876,169002
13.68911623954773,169002
13.694271564483643,169002
13.69941520690918,169002
13.704568147659302,169002
13.70969820022583,169002
13.714848279953003,169002
13.719996213912964,169002
13.725162029266357,169002
13.730301141738892,169002
13.735457420349121,169002
13.740600824356079,169002
13.745748043060303,169002
13.750885009765625,169002
13.756041288375854,169002
13.761187076568604,169002
13.76634955406189,169002
13.771488666534424,169002
13.776640176773071,169002
13.781788110733032,169002
13.786945104598999,169002
13.792101621627808,169002
13.79725456237793,169002
13.802409887313843,169002
13.807553052902222,169002
13.81270456314087,169002
13.817848682403564,169002
13.822993516921997,169002
13.828145980834961,169002
13.833292961120605,169002
13.838423013687134,169002
13.843566179275513,169002
13.848717451095581,169002
13.85386061668396,169002
13.859006643295288,169002
13.86416220664978,169002
13.869309186935425,169002
13.8744637966156,169002
13.87960958480835,169002
13.88476276397705,169002
13.889902591705322,169002
13.895063877105713,169002
13.9002046585083,169002
13.905358076095581,169002
13.910499811172485,169002
13.915644407272339,169002
13.920781373977661,169002
13.92592453956604,169002
13.931072235107422,169002
13.936219930648804,169002
13.941354274749756,169002
13.946499109268188,169002
13.951645135879517,169002
13.956800699234009,169002
13.961935043334961,169002
13.967085123062134,169002
13.972238302230835,169002
13.977375984191895,169002
13.982534885406494,169002
13.987677812576294,169002
13.992822170257568,169002
13.997965335845947,169002
14.00312876701355,169002
14.008275985717773,169002
14.013417720794678,169002
14.018507719039917,169002
14.023619174957275,169002
14.028758525848389,169002
14.033883333206177,169002
14.039003849029541,169002
14.044141292572021,169002
14.049264430999756,169002
14.054428100585938,169002
14.05955958366394,169002
14.064719438552856,169002
14.069856405258179,169002
14.0750093460083,169002
14.08015251159668,169002
14.085303783416748,169002
14.090450286865234,169002
14.09559965133667,169002
14.100738286972046,169002
14.105888843536377,169002
14.111037969589233,169002
14.116183519363403,169002
14.121325254440308,169002
14.126484394073486,169002
14.131622552871704,169002
14.136763334274292,169002
14.141902923583984,169002
14.147058963775635,169002
14.152204990386963,169002
14.157346487045288,169002
14.162494659423828,169002
14.167630910873413,169002
14.172777652740479,169002
14.177921533584595,169002
14.183085918426514,169002
14.188227891921997,169002
14.193379878997803,169002
14.198524236679077,169002
14.203670501708984,169002
14.208811044692993,169002
14.213961839675903,169002
14.219106912612915,169002
14.224245309829712,169002
14.229383707046509,169002
14.234541416168213,169002
14.239676713943481,169002
14.244819641113281,169002
14.249952554702759,169002
14.255108118057251,169002
14.260256052017212,169002
14.265405178070068,169002
14.270549058914185,169002
14.275700569152832,169002
14.280849695205688,169002
14.286004543304443,169002
14.291153907775879,169002
14.29630994796753,169002
14.30145525932312,169002
14.306602478027344,169002
14.311738014221191,169002
14.316883087158203,169002
14.322035551071167,169002
14.327181577682495,169002
14.33233642578125,169002
14.337483406066895,169002
14.342637062072754,169002
14.347773790359497,169002
14.352921485900879,169002
14.358064889907837,169002
14.363210439682007,169002
14.368351459503174,169002
14.373500347137451,169002
14.378639459609985,169002
14.383787631988525,169002
14.38892936706543,169002
14.394088745117188,169002
14.399234533309937,169002
14.404380321502686,169002
14.409518480300903,169002
14.414661884307861,169002
14.419799327850342,169002
14.424947261810303,169002
14.430089712142944,169002
14.435237646102905,169002
14.440377235412598,169002
14.445525169372559,169002
14.450660467147827,169002
14.45581340789795,169002
14.460952520370483,169002
14.466142177581787,169002
14.471280813217163,169002
14.476438522338867,169002
14.481595993041992,169002
14.486706972122192,169002
14.491813659667969,169002
14.496962308883667,169002
14.502101421356201,169002
14.50723123550415,169002
14.5123610496521,169002
14.517478942871094,169002
14.52265739440918,169002
14.527839183807373,169002
14.533023834228516,169002
14.538191795349121,169002
14.543379783630371,169002
14.54855465888977,169002
14.553731679916382,169002
14.558901309967041,169002
14.564085006713867,169002
14.569255113601685,169002
14.574427127838135,169002
14.579591751098633,169002
14.58476448059082,169002
14.589932918548584,169002
14.595118761062622,169002
14.600285291671753,169002
14.605470895767212,169002
14.610790491104126,169002
14.615928173065186,169002
14.621044635772705,169002
14.62614893913269,169002
14.631245136260986,169002
14.636353492736816,169002
14.641452074050903,169002
14.646562576293945,169002
14.651665687561035,169002
14.656765460968018,169002
14.661861658096313,169002
14.667009115219116,169002
14.672133445739746,169002
14.67722487449646,169002
14.68234658241272,169002
14.687443017959595,169002
14.692554235458374,169002
14.697668075561523,169002
14.702766180038452,169002
14.707845687866211,169002
14.712960004806519,169002
14.718065977096558,169002
14.723166227340698,169002
14.728261709213257,169002
14.733376741409302,169002
14.73848032951355,169002
14.743587732315063,169002
14.748690128326416,169002
14.753795385360718,169002
14.758889198303223,169002
14.763996601104736,169002
14.769100427627563,169002
14.774213552474976,169002
14.779304027557373,169002
14.784425735473633,169002
14.789519548416138,169002
14.794643878936768,169002
14.799728631973267,169002
14.80480670928955,169002
14.809881925582886,169002
14.814964771270752,169002
14.8200523853302,169002
14.825132131576538,169002
14.830212831497192,169002
14.835289001464844,169002
14.840374231338501,169002
14.845460653305054,169002
14.85053277015686,169002
14.855629682540894,169002
14.860694646835327,169002
14.865782976150513,169002
14.870862245559692,169002
14.875950813293457,169002
14.881032705307007,169002
14.886113166809082,169002
14.89120078086853,169002
14.896240234375,169002
14.901321649551392,169002
14.906404972076416,169002
14.911486625671387,169002
14.916583061218262,169002
14.921652793884277,169002
14.926743984222412,169002
14.931819915771484,169002
14.936904191970825,169002
14.941971778869629,169002
14.947064399719238,169002
14.95215368270874,169002
14.95720887184143,169002
14.962298154830933,169002
14.967395067214966,169002
14.972506523132324,169002
14.977607250213623,169002
14.982711791992188,169002
14.987815618515015,169002
14.992916822433472,169002
14.998024463653564,169002
15.003138303756714,169002
15.008229970932007,169002
15.013341903686523,169002
15.018443584442139,169002
15.02355670928955,169002
15.028658151626587,169002
15.033771991729736,169002
15.038867473602295,169002
15.04398226737976,169002
15.049099445343018,169002
15.05420708656311,169002
15.059296369552612,169002
15.06441855430603,169002
15.0695219039917,169002
15.074742317199707,169002
15.079737663269043,169002
15.0847909450531,169002
15.089841842651367,169002
15.09490418434143,169002
15.099960088729858,169002
15.105031967163086,169002
15.110088348388672,169002
15.115163326263428,169002
15.120211124420166,169002
15.125266075134277,169002
15.130321741104126,169002
15.135390281677246,169002
15.140443325042725,169002
15.145511150360107,169002
15.150569438934326,169002
15.155633449554443,169002
15.160677194595337,169002
15.165744304656982,169002
15.170796394348145,169002
15.175861835479736,169002
15.180910587310791,169002
15.18598222732544,169002
15.191038370132446,169002
15.196112871170044,169002
15.201168060302734,169002
15.206234216690063,169002
15.211290121078491,169002
15.216349840164185,169002
15.219897031784058,169002
15.222718715667725,169002
15.225529909133911,169002
15.228346347808838,169002
15.23115873336792,169002
15.233970880508423,169002
15.236768245697021,169002
15.239574193954468,169002
15.242384672164917,169002
15.245194911956787,169002
15.247998237609863,169002
15.250797271728516,169002
15.253604888916016,169002
15.25641679763794,169002
15.259222745895386,169002
15.262032985687256,169002
15.264828443527222,169002
15.267636775970459,169002
15.270442485809326,169002
15.273257970809937,169002
15.276063919067383,169002
15.278857946395874,169002
15.281663656234741,169002
15.284479141235352,169002
15.287277460098267,169002
15.290084600448608,169002
15.292885541915894,169002
15.295687437057495,169002
15.298492908477783,169002
15.301297903060913,169002
15.304110765457153,169002
15.30690622329712,169002
15.30969500541687,169002
15.312508583068848,169002
15.31532073020935,169002
15.318126678466797,169002
15.320912599563599,169002
15.323725461959839,169002
15.326533794403076,169002
15.329344511032104,169002
15.332163095474243,169002
15.334961891174316,169002
15.337754487991333,169002
15.340565204620361,169002
15.343382358551025,169002
15.346192598342896,169002
15.348990440368652,169002
15.351789236068726,169002
15.354598760604858,169002
15.35741114616394,169002
15.360212326049805,169002
15.363016843795776,169002
15.365817546844482,169002
15.368619203567505,169002
15.371421337127686,169002
15.374240398406982,169002
15.377054691314697,169002
15.379842042922974,169002
15.382644414901733,169002
15.385446548461914,169002
15.388243198394775,169002
15.391047477722168,169002
15.393849611282349,169002
15.396647691726685,169002
15.399446487426758,169002
15.402262687683105,169002
15.405065774917603,169002
15.407862901687622,169002
15.410659551620483,169002
15.41347599029541,169002
15.416281938552856,169002
15.419085025787354,169002
15.421876430511475,169002
15.424683332443237,169002
15.427495002746582,169002
15.430294513702393,169002
15.433107614517212,169002
15.435908079147339,169002
15.438696384429932,169002
15.441499471664429,169002
15.444315195083618,169002
15.44712233543396,169002
15.449915170669556,169002
15.452726364135742,169002
15.455531597137451,169002
15.458338499069214,169002
15.461145877838135,169002
15.463955163955688,169002
15.466756820678711,169002
15.469562292098999,169002
15.472370147705078,169002
15.475175619125366,169002
15.47796630859375,169002
15.480769634246826,169002
15.483582019805908,169002
15.486391305923462,169002
15.489187479019165,169002
15.491983890533447,169002
15.494789600372314,169002
15.497591733932495,169002
15.500396490097046,169002
15.503211259841919,169002
15.506002187728882,169002
15.508804082870483,169002
15.511605262756348,169002
15.514425039291382,169002
15.517228841781616,169002
15.52003002166748,169002
15.522907972335815,169002
15.525711297988892,169002
15.528512001037598,169002
15.531319618225098,169002
15.53414011001587,169002
15.536935329437256,169002
15.539724588394165,169002
15.542541742324829,169002
15.54534363746643,169002
15.548152208328247,169002
15.550955772399902,169002
15.553754568099976,169002
15.556550741195679,169002
15.559355735778809,169002
15.562167882919312,169002
15.564969539642334,169002
15.56777548789978,169002
15.570584297180176,169002
15.573414087295532,169002
15.576231241226196,169002
15.57903242111206,169002
15.581830978393555,169002
15.584647417068481,169002
15.587444067001343,169002
15.590235948562622,169002
15.593064308166504,169002
15.595857381820679,169002
15.598664283752441,169002
15.601465463638306,169002
15.60429310798645,169002
15.607093811035156,169002
15.609891176223755,169002
15.612696886062622,169002
15.615512132644653,169002
15.618314504623413,169002
15.621116399765015,169002
15.623920679092407,169002
15.626719236373901,169002
15.629516124725342,169002
15.632330179214478,169002
15.635131597518921,169002
15.637930154800415,169002
15.640724658966064,169002
15.643548011779785,169002
15.646355152130127,169002
15.649160385131836,169002
15.651947498321533,169002
15.654762506484985,169002
15.657570362091064,169002
15.66037368774414,169002
15.663190364837646,169002
15.665990591049194,169002
15.668787717819214,169002
15.671591758728027,169002
15.674408197402954,169002
15.6772141456604,169002
15.679997205734253,169002
15.68281364440918,169002
15.685612916946411,169002
15.688420057296753,169002
15.6912260055542,169002
15.69404149055481,169002
15.696840047836304,169002
15.699653387069702,169002
15.702467918395996,169002
15.705283164978027,169002
15.70808219909668,169002
15.710870742797852,169002
15.713674545288086,169002
15.716490268707275,169002
15.719301462173462,169002
15.722110748291016,169002
15.724912166595459,169002
15.72771167755127,169002
15.730513334274292,169002
15.73334527015686,169002
15.736165523529053,169002
15.738958358764648,169002
15.7417631149292,169002
15.744585275650024,169002
15.747447490692139,169002
15.750255823135376,169002
15.753074645996094,169002
15.755869388580322,169002
15.758676052093506,169002
15.761486291885376,169002
15.764303922653198,169002
15.767115592956543,169002
15.76990556716919,169002
15.77271294593811,169002
15.775517225265503,169002
15.77832579612732,169002
15.781121969223022,169002
15.783935308456421,169002
15.786741495132446,169002
15.789544820785522,169002
15.792358636856079,169002
15.795252323150635,169002
15.79804515838623,169002
15.800844192504883,169002
15.803659200668335,169002
15.806464672088623,169002
15.809269428253174,169002
15.812079668045044,169002
15.814882040023804,169002
15.817683935165405,169002
15.820482969284058,169002
15.823296070098877,169002
15.826096057891846,169002
15.828895092010498,169002
15.831696033477783,169002
15.834515810012817,169002
15.83732271194458,169002
15.840131282806396,169002
15.842938423156738,169002
15.845744609832764,169002
15.848541259765625,169002
15.85135006904602,169002
15.854164838790894,169002
15.856972217559814,169002
15.85976505279541,169002
15.862577676773071,169002
15.865375995635986,169002
15.868185758590698,169002
15.870982885360718,169002
15.873805284500122,169002
15.876606941223145,169002
15.87941575050354,169002
15.882218599319458,169002
15.885028600692749,169002
15.887813568115234,169002
15.890613079071045,169002
15.89342713356018,169002
15.8962562084198,169002
15.899067640304565,169002
15.90187382698059,169002
15.904688835144043,169002
15.907505512237549,169002
15.91031551361084,169002
15.913128137588501,169002
15.915936470031738,169002
15.918731927871704,169002
15.92154049873352,169002
15.924362421035767,169002
15.927166223526001,169002
15.929961681365967,169002
15.932775259017944,169002
15.935590505599976,169002
15.938406705856323,169002
15.94121789932251,169002
15.94403624534607,169002
15.946828842163086,169002
15.949636459350586,169002
15.952445030212402,169002
15.955255270004272,169002
15.958064556121826,169002
15.960860967636108,169002
15.963667869567871,169002
15.966471433639526,169002
15.96927285194397,169002
15.97209358215332,169002
15.974891185760498,169002
15.97769546508789,169002
15.980494499206543,169002
15.983315229415894,169002
15.986129760742188,169002
15.988925695419312,169002
15.991727828979492,169002
15.994545936584473,169002
15.997352361679077,169002
16.000165939331055,169002
16.002968311309814,169002
16.005773544311523,169002
16.008580684661865,169002
16.011388301849365,169002
16.01421356201172,169002
16.01702570915222,169002
16.01981544494629,169002
16.02263379096985,169002
16.02543807029724,169002
16.028239727020264,169002
16.03104305267334,169002
16.033854007720947,169002
16.036659717559814,169002
16.039461374282837,169002
16.042278051376343,169002
16.045087575912476,169002
16.047882080078125,169002
16.050683736801147,169002
16.053492307662964,169002
16.056306838989258,169002
16.059125423431396,169002
16.061930418014526,169002
16.064743280410767,169002
16.067545890808105,169002
16.070357084274292,169002
16.07318091392517,169002
16.07598328590393,169002
16.078779935836792,169002
16.08158588409424,169002
16.084409713745117,169002
16.08721351623535,169002
16.09002685546875,169002
16.092832326889038,169002
16.095635890960693,169002
16.09844183921814,169002
16.10124969482422,169002
16.104063272476196,169002
16.106858015060425,169002
16.109657287597656,169002
16.11247229576111,169002
16.115277767181396,169002
16.118083238601685,169002
16.120875120162964,169002
16.123694896697998,169002
16.126495122909546,169002
16.129308462142944,169002
16.13212013244629,169002
16.134917974472046,169002
16.137718200683594,169002
16.140525817871094,169002
16.14335036277771,169002
16.14615750312805,169002
16.148959159851074,169002
16.15176248550415,169002
16.15457582473755,169002
16.157381772994995,169002
16.16019105911255,169002
16.162996292114258,169002
16.165798664093018,169002
16.168611526489258,169002
16.171419620513916,169002
16.17424750328064,169002
16.177056550979614,169002
16.179851770401,169002
16.182660341262817,169002
16.185474634170532,169002
16.18828511238098,169002
16.191097259521484,169002
16.19390606880188,169002
16.196707010269165,169002
16.199506521224976,169002
16.202330350875854,169002
16.20513415336609,169002
16.207942962646484,169002
16.210756063461304,169002
16.213577270507812,169002
16.21638035774231,169002
16.21919536590576,169002
16.221991777420044,169002
16.224802017211914,169002
16.22761058807373,169002
16.230417728424072,169002
16.233238697052002,169002
16.236047983169556,169002
16.238845348358154,169002
16.241647243499756,169002
16.24445915222168,169002
16.247267723083496,169002
16.250070571899414,169002
16.252872228622437,169002
16.255672216415405,169002
16.258485078811646,169002
16.261290311813354,169002
16.264108180999756,169002
16.266904830932617,169002
16.26970624923706,169002
16.272518157958984,169002
16.27532649040222,169002
16.278130531311035,169002
16.28093385696411,169002
16.28374195098877,169002
16.28655505180359,169002
16.289359092712402,169002
16.292171716690063,169002
16.29496169090271,169002
16.29777193069458,169002
16.30057454109192,169002
16.303404092788696,169002
16.30622363090515,169002
16.309022903442383,169002
16.311818838119507,169002
16.314626455307007,169002
16.31743049621582,169002
16.32023811340332,169002
16.323049545288086,169002
16.32584834098816,169002
16.328646898269653,169002
16.331457138061523,169002
16.334274530410767,169002
16.337085247039795,169002
16.339874505996704,169002
16.342687129974365,169002
16.3454909324646,169002
16.348299741744995,169002
16.351107120513916,169002
16.353916883468628,169002
16.356714487075806,169002
16.359509468078613,169002
16.362319946289062,169002
16.36512851715088,169002
16.367928981781006,169002
16.370736837387085,169002
16.373554706573486,169002
16.37635612487793,169002
16.37915849685669,169002
16.381951808929443,169002
16.38476324081421,169002
16.38756823539734,169002
16.390369653701782,169002
16.39318561553955,169002
16.39598536491394,169002
16.398786067962646,169002
16.401580572128296,169002
16.40440082550049,169002
16.407201051712036,169002
16.40999698638916,169002
16.412803173065186,169002
16.415607690811157,169002
16.418444395065308,169002
16.42125391960144,169002
16.42408013343811,169002
16.426872491836548,169002
16.429672241210938,169002
16.43249273300171,169002
16.435292720794678,169002
16.438104152679443,169002
16.440898656845093,169002
16.443705558776855,169002
16.44651508331299,169002
16.44931650161743,169002
16.452128887176514,169002
16.454928636550903,169002
16.457724571228027,169002
16.460529088974,169002
16.463351011276245,169002
16.466147899627686,169002
16.468945503234863,169002
16.471744775772095,169002
16.47455334663391,169002
16.47735834121704,169002
16.480162620544434,169002
16.48296570777893,169002
16.485759019851685,169002
16.488571405410767,169002
16.491368532180786,169002
16.494179248809814,169002
16.49697494506836,169002
16.49976873397827,169002
16.50258207321167,169002
16.50539207458496,169002
16.508195877075195,169002
16.510993719100952,169002
16.513805150985718,169002
16.516663312911987,169002
16.51947569847107,169002
16.522361040115356,169002
16.525171995162964,169002
16.527979850769043,169002
16.530800580978394,169002
16.533617734909058,169002
16.53641676902771,169002
16.539217233657837,169002
16.542012214660645,169002
16.5448157787323,169002
16.547616243362427,169002
16.550437927246094,169002
16.55325937271118,169002
16.5560622215271,169002
16.55885100364685,169002
16.56166124343872,169002
16.56447982788086,169002
16.56728506088257,169002
16.570096731185913,169002
16.57290267944336,169002
16.575704097747803,169002
16.57850742340088,169002
16.581316709518433,169002
16.584136962890625,169002
16.586934566497803,169002
16.589741706848145,169002
16.592554092407227,169002
16.59536862373352,169002
16.59817886352539,169002
16.600979566574097,169002
16.60379147529602,169002
16.606793642044067,169002
16.60960578918457,169002
16.612424612045288,169002
16.61523747444153,169002
16.618042469024658,169002
16.620835304260254,169002
16.623652458190918,169002
16.62645196914673,169002
16.629265546798706,169002
16.63207745552063,169002
16.6348774433136,169002
16.637672185897827,169002
16.640480756759644,169002
16.643299102783203,169002
16.64610457420349,169002
16.648901224136353,169002
16.65169382095337,169002
16.65450620651245,169002
16.657312631607056,169002
16.66011691093445,169002
16.662935495376587,169002
16.66573739051819,169002
16.66855502128601,169002
16.671361207962036,169002
16.674176692962646,169002
16.676976203918457,169002
16.67978572845459,169002
16.682597160339355,169002
16.685406923294067,169002
16.688212633132935,169002
16.691017150878906,169002
16.69382619857788,169002
16.696634531021118,169002
16.699437856674194,169002
16.702250480651855,169002
16.70505976676941,169002
16.7078595161438,169002
16.710660696029663,169002
16.71347665786743,169002
16.716280937194824,169002
16.71911120414734,169002
16.721906185150146,169002
16.72471261024475,169002
16.727514028549194,169002
16.7303204536438,169002
16.733130931854248,169002
16.73593544960022,169002
16.738739252090454,169002
16.741540908813477,169002
16.744365453720093,169002
16.747169494628906,169002
16.749963760375977,169002
16.752785682678223,169002
16.755589962005615,169002
16.75838875770569,169002
16.761200666427612,169002
16.764005422592163,169002
16.766805171966553,169002
16.769615411758423,169002
16.77242159843445,169002
16.77522611618042,169002
16.77803611755371,169002
16.780832290649414,169002
16.783647060394287,169002
16.786447048187256,169002
16.789265632629395,169002
16.792073965072632,169002
16.794870376586914,169002
16.797677040100098,169002
16.800484895706177,169002
16.80329942703247,169002
16.806105136871338,169002
16.808900356292725,169002
16.811704635620117,169002
16.814525365829468,169002
16.817328691482544,169002
16.820141315460205,169002
16.82294726371765,169002
16.825742959976196,169002
16.82854652404785,169002
16.831353187561035,169002
16.834165334701538,169002
16.836965322494507,169002
16.83977746963501,169002
16.842588186264038,169002
16.845396280288696,169002
16.848210096359253,169002
16.85100746154785,169002
16.853817462921143,169002
16.856621742248535,169002
16.85942554473877,169002
16.86224365234375,169002
16.86505889892578,169002
16.867850303649902,169002
16.870654582977295,169002
16.873478174209595,169002
16.876287937164307,169002
16.87909507751465,169002
16.881897449493408,169002
16.884705543518066,169002
16.88751983642578,169002
16.89033269882202,169002
16.89313507080078,169002
16.895951986312866,169002
16.89876914024353,169002
16.90157437324524,169002
16.90440320968628,169002
16.907214879989624,169002
16.91000986099243,169002
16.91281795501709,169002
16.915626764297485,169002
16.91842770576477,169002
16.92122459411621,169002
16.924048900604248,169002
16.92684030532837,169002
16.929646253585815,169002
16.932464122772217,169002
16.935274839401245,169002
16.938084602355957,169002
16.940884590148926,169002
16.943698406219482,169002
16.94651699066162,169002
16.949338674545288,169002
16.952248334884644,169002
16.955050706863403,169002
16.95785355567932,169002
16.960656881332397,169002
16.96348738670349,169002
16.96628737449646,169002
16.969101428985596,169002
16.971897840499878,169002
16.97471308708191,169002
16.979578733444214,169002
16.98461127281189,169002
16.98988437652588,169002
16.995415925979614,169002
17.000941276550293,169002
17.0064799785614,169002
17.012009382247925,169002
17.01483988761902,169002
17.01764440536499,169002
17.020463705062866,169002
17.023282527923584,169002
17.02609896659851,169002
17.028897047042847,169002
17.031704425811768,169002
17.034525394439697,169002
17.03733229637146,169002
17.04013442993164,169002
17.042953729629517,169002
17.04575228691101,169002
17.048563957214355,169002
17.051366329193115,169002
17.05418300628662,169002
17.056968927383423,169002
17.059767484664917,169002
17.06258463859558,169002
17.065390825271606,169002
17.068201065063477,169002
17.07100200653076,169002
17.073807954788208,169002
17.07661461830139,169002
17.079416036605835,169002
17.082223892211914,169002
17.08503246307373,169002
17.087833166122437,169002
17.09063196182251,169002
17.093525171279907,169002
17.09632897377014,169002
17.099133491516113,169002
17.101932048797607,169002
17.10474419593811,169002
17.107548236846924,169002
17.11034369468689,169002
17.11316156387329,169002
17.11596655845642,169002
17.11876606941223,169002
17.121564865112305,169002
17.124387502670288,169002
17.127196073532104,169002
17.12999963760376,169002
17.132806539535522,169002
17.135613441467285,169002
17.138418436050415,169002
17.1412193775177,169002
17.144042015075684,169002
17.14683747291565,169002
17.149649143218994,169002
17.152472257614136,169002
17.155274868011475,169002
17.158085346221924,169002
17.1608726978302,169002
17.16368865966797,169002
17.166503190994263,169002
17.169307947158813,169002
17.172125339508057,169002
17.174925804138184,169002
17.177727460861206,169002
17.18053698539734,169002
17.1833553314209,169002
17.186172008514404,169002
17.18897819519043,169002
17.191786766052246,169002
17.194604873657227,169002
17.19740891456604,169002
17.20021390914917,169002
17.20303249359131,169002
17.205822467803955,169002
17.208622694015503,169002
17.211432695388794,169002
17.21425223350525,169002
17.21705722808838,169002
17.219849824905396,169002
17.222667932510376,169002
17.225489854812622,169002
17.228304147720337,169002
17.231115579605103,169002
17.233927726745605,169002
17.23672080039978,169002
17.23953604698181,169002
17.24236798286438,169002
17.24518656730652,169002
17.247981309890747,169002
17.25078535079956,169002
17.25359845161438,169002
17.25640892982483,169002
17.25922131538391,169002
17.262014389038086,169002
17.264828205108643,169002
17.26763343811035,169002
17.2704496383667,169002
17.273267030715942,169002
17.276081562042236,169002
17.27888011932373,169002
17.28168225288391,169002
17.28449773788452,169002
17.287310123443604,169002
17.290119647979736,169002
17.292932510375977,169002
17.295735120773315,169002
17.298540115356445,169002
17.301347017288208,169002
17.304168939590454,169002
17.306973695755005,169002
17.309776306152344,169002
17.31258273124695,169002
17.31539011001587,169002
17.318195343017578,169002
17.32099676132202,169002
17.323812246322632,169002
17.32662606239319,169002
17.329425811767578,169002
17.332239866256714,169002
17.33505654335022,169002
17.337855577468872,169002
17.340659379959106,169002
17.343474626541138,169002
17.346290349960327,169002
17.349103212356567,169002
17.351895093917847,169002
17.35471200942993,169002
17.35751748085022,169002
17.360326051712036,169002
17.363137245178223,169002
17.36593222618103,169002
17.368725299835205,169002
17.371531009674072,169002
17.374351024627686,169002
17.377156019210815,169002
17.37995409965515,169002
17.38276767730713,169002
17.38557195663452,169002
17.38837504386902,169002
17.39117670059204,169002
17.393986225128174,169002
17.39684557914734,169002
17.399652004241943,169002
17.402467489242554,169002
17.405279636383057,169002
17.408085107803345,169002
17.41089177131653,169002
17.413704872131348,169002
17.41650652885437,169002
17.419314861297607,169002
17.42213463783264,169002
17.42493486404419,169002
17.427742958068848,169002
17.43054986000061,169002
17.433358430862427,169002
17.436171293258667,169002
17.43897557258606,169002
17.44177532196045,169002
17.444591283798218,169002
17.44740128517151,169002
17.45020866394043,169002
17.45301079750061,169002
17.45580768585205,169002
17.4586079120636,169002
17.461406230926514,169002
17.46422004699707,169002
17.46703290939331,169002
17.469828367233276,169002
17.4726459980011,169002
17.475446939468384,169002
17.478253841400146,169002
17.481058835983276,169002
17.483869552612305,169002
17.486674547195435,169002
17.48948097229004,169002
17.492303371429443,169002
17.49510908126831,169002
17.4979031085968,169002
17.500709056854248,169002
17.50352644920349,169002
17.506338596343994,169002
17.509141206741333,169002
17.511945962905884,169002
17.514751434326172,169002
17.517558336257935,169002
17.52036190032959,169002
17.523180723190308,169002
17.525985956192017,169002
17.528785228729248,169002
17.531587839126587,169002
17.534400939941406,169002
17.537213802337646,169002
17.540013551712036,169002
17.5428204536438,169002
17.54563283920288,169002
17.548435926437378,169002
17.551278591156006,169002
17.554101705551147,169002
17.556891441345215,169002
17.5596923828125,169002
17.562517642974854,169002
17.565326690673828,169002
17.56813931465149,169002
17.570942163467407,169002
17.57375431060791,169002
17.576558351516724,169002
17.579366207122803,169002
17.582184076309204,169002
17.58498787879944,169002
17.58779525756836,169002
17.59060001373291,169002
17.59342336654663,169002
17.59623670578003,169002
17.599039554595947,169002
17.601837873458862,169002
17.60466241836548,169002
17.60747528076172,169002
17.610284328460693,169002
17.61309838294983,169002
17.615893363952637,169002
17.618693351745605,169002
17.623855113983154,169002
17.62924885749817,169002
17.634589910507202,169002
17.639960050582886,169002
17.645376443862915,169002
17.650718688964844,169002
17.656110763549805,169002
17.661479711532593,169002
17.6668803691864,169002
17.672255277633667,169002
17.67759609222412,169002
17.68299913406372,169002
17.6884446144104,169002
17.693875551223755,169002
17.69931435585022,169002
17.704771995544434,169002
17.71019673347473,169002
17.715639352798462,169002
17.721048831939697,169002
17.72646689414978,169002
17.731898069381714,169002
17.73735809326172,169002
17.7428297996521,169002
17.74825692176819,169002
17.753679990768433,169002
17.759124517440796,169002
17.76456069946289,169002
17.769976377487183,169002
17.77541971206665,169002
17.78090476989746,169002
17.786345720291138,169002
17.791765689849854,169002
17.797183513641357,169002
17.802634477615356,169002
17.808063983917236,169002
17.813507318496704,169002
17.818968296051025,169002
17.82442808151245,169002
17.82985520362854,169002
17.835283756256104,169002
17.840720653533936,169002
17.84614586830139,169002
17.851589679718018,169002
17.857067346572876,169002
17.862500429153442,169002
17.867910623550415,169002
17.87339210510254,169002
17.87889075279236,169002
17.884397268295288,169002
17.889888048171997,169002
17.895427227020264,169002
17.901565074920654,169002
17.90668821334839,169002
17.91183614730835,169002
17.916974782943726,169002
17.922114372253418,169002
17.927233934402466,169002
17.932366371154785,169002
17.93751621246338,169002
17.942644119262695,169002
17.947749614715576,169002
17.952849626541138,169002
17.957951545715332,169002
17.96308946609497,169002
17.968217611312866,169002
17.97333836555481,169002
17.978469371795654,169002
17.98361563682556,169002
17.988744020462036,169002
17.993868350982666,169002
17.998968601226807,169002
18.004143476486206,169002
18.00928020477295,169002
18.01444149017334,169002
18.019586086273193,169002
18.024729251861572,169002
18.029813051223755,169002
18.034958124160767,169002
18.040101289749146,169002
18.045262098312378,169002
18.050390243530273,169002
18.055541276931763,169002
18.060657739639282,169002
18.06579828262329,169002
18.07090973854065,169002
18.07608151435852,169002
18.081221103668213,169002
18.086358308792114,169002
18.091466903686523,169002
18.09662437438965,169002
18.101746320724487,169002
18.106889247894287,169002
18.11207675933838,169002
18.117212057113647,169002
18.122349977493286,169002
18.127482652664185,169002
18.132606029510498,169002
18.137753009796143,169002
18.142900466918945,169002
18.1480233669281,169002
18.153180837631226,169002
18.158315420150757,169002
18.163468599319458,169002
18.16857361793518,169002
18.173683643341064,169002
18.17884349822998,169002
18.184083461761475,169002
18.189287900924683,169002
18.194477796554565,169002
18.1997230052948,169002
18.204943418502808,169002
18.210211277008057,169002
18.215479373931885,169002
18.220787525177002,169002
18.2260525226593,169002
18.231321811676025,169002
18.23660373687744,169002
18.241864919662476,169002
18.24716329574585,169002
18.252464056015015,169002
18.25779914855957,169002
18.263118267059326,169002
18.268415451049805,169002
18.273723363876343,169002
18.279024839401245,169002
18.28433585166931,169002
18.289621591567993,169002
18.294958114624023,169002
18.300259113311768,169002
18.30557417869568,169002
18.310865879058838,169002
18.31618046760559,169002
18.32146906852722,169002
18.326786279678345,169002
18.33212637901306,169002
18.33742332458496,169002
18.342730283737183,169002
18.34801721572876,169002
18.35344886779785,169002
18.35861587524414,169002
18.363840579986572,169002
18.36914610862732,169002
18.374433755874634,169002
18.379703283309937,169002
18.38497757911682,169002
18.390262126922607,169002
18.395548582077026,169002
18.400829792022705,169002
18.406131505966187,169002
18.411431789398193,169002
18.416748762130737,169002
18.422043323516846,169002
18.427329301834106,169002
18.43265199661255,169002
18.43794536590576,169002
18.443291902542114,169002
18.448591470718384,169002
18.45389747619629,169002
18.459177017211914,169002
18.464482307434082,169002
18.469813585281372,169002
18.475157499313354,169002
18.48051905632019,169002
18.48585271835327,169002
18.491180896759033,169002
18.496472120285034,169002
18.501792907714844,169002
18.50714898109436,169002
18.51252770423889,169002
18.51789093017578,169002
18.523232221603394,169002
18.528573036193848,169002
18.533900260925293,169002
18.539217948913574,169002
18.544554710388184,169002
18.549876928329468,169002
18.55523157119751,169002
18.560535669326782,169002
18.565874099731445,169002
18.571200370788574,169002
18.576528787612915,169002
18.581855297088623,169002
18.58720350265503,169002
18.592586517333984,169002
18.59790563583374,169002
18.603232622146606,169002
18.608576774597168,169002
18.613911867141724,169002
18.619242191314697,169002
18.62458086013794,169002
18.62995147705078,169002
18.635292768478394,169002
18.640609979629517,169002
18.6459641456604,169002
18.65130639076233,169002
18.656659603118896,169002
18.661981344223022,169002
18.66734766960144,169002
18.672663927078247,169002
18.67798900604248,169002
18.683284521102905,169002
18.688612699508667,169002
18.693958282470703,169002
18.699288368225098,169002
18.70465397834778,169002
18.709981441497803,169002
18.715335845947266,169002
18.720553874969482,169002
18.725579261779785,169002
18.73058795928955,169002
18.7356219291687,169002
18.740622997283936,169002
18.745631217956543,169002
18.750630617141724,169002
18.755635976791382,169002
18.760639667510986,169002
18.76564884185791,169002
18.770653009414673,169002
18.775685787200928,169002
18.780705213546753,169002
18.785715103149414,169002
18.790741682052612,169002
18.795756816864014,169002
18.80075192451477,169002
18.805765628814697,169002
18.810768604278564,169002
18.815812349319458,169002
18.820817708969116,169002
18.825822353363037,169002
18.830854892730713,169002
18.835901737213135,169002
18.840901374816895,169002
18.845908164978027,169002
18.850911855697632,169002
18.85592293739319,169002
18.860944271087646,169002
18.865951538085938,169002
18.87094783782959,169002
18.87596082687378,169002
18.880960941314697,169002
18.885944604873657,169002
18.890868425369263,169002
18.89578604698181,169002
18.899142503738403,169002
18.9019513130188,169002
18.904771089553833,169002
18.907576084136963,169002
18.91038966178894,169002
18.91319704055786,169002
18.91599178314209,169002
18.918789625167847,169002
18.921597957611084,169002
18.924412965774536,169002
18.92721462249756,169002
18.93001627922058,169002
18.93283438682556,169002
18.935646057128906,169002
18.93844985961914,169002
18.94126033782959,169002
18.944077253341675,169002
18.946873903274536,169002
18.94967555999756,169002
18.952486515045166,169002
18.95529317855835,169002
18.95809555053711,169002
18.96089196205139,169002
18.96370029449463,169002
18.966501712799072,169002
18.969300508499146,169002
18.97211718559265,169002
18.974918603897095,169002
18.977710962295532,169002
18.980517148971558,169002
18.983335733413696,169002
18.986148595809937,169002
18.988942861557007,169002
18.991743087768555,169002
18.994561910629272,169002
18.9973783493042,169002
19.000181436538696,169002
19.002990007400513,169002
19.005794286727905,169002
19.008597135543823,169002
19.01140832901001,169002
19.01422882080078,169002
19.017042875289917,169002
19.019837856292725,169002
19.022648334503174,169002
19.025450468063354,169002
19.0282461643219,169002
19.031046628952026,169002
19.033856630325317,169002
19.036730527877808,169002
19.039530277252197,169002
19.042343854904175,169002
19.045151233673096,169002
19.04794454574585,169002
19.05074644088745,169002
19.053562879562378,169002
19.05636429786682,169002
19.05916953086853,169002
19.061971187591553,169002
19.06478524208069,169002
19.06759524345398,169002
19.070396661758423,169002
19.073212146759033,169002
19.07601284980774,169002
19.078810453414917,169002
19.0816068649292,169002
19.084424257278442,169002
19.087227821350098,169002
19.090024709701538,169002
19.092825174331665,169002
19.095622539520264,169002
19.098430633544922,169002
19.101242065429688,169002
19.104064226150513,169002
19.106861114501953,169002
19.10965585708618,169002
19.11246109008789,169002
19.115262508392334,169002
19.118066549301147,169002
19.12085509300232,169002
19.12367010116577,169002
19.126471996307373,169002
19.129287004470825,169002
19.132097244262695,169002
19.13488483428955,169002
19.137678146362305,169002
19.140470504760742,169002
19.14328408241272,169002
19.14607882499695,169002
19.148863315582275,169002
19.151655673980713,169002
19.154460906982422,169002
19.15726137161255,169002
19.160062551498413,169002
19.162861108779907,169002
19.165661811828613,169002
19.16846227645874,169002
19.171263217926025,169002
19.174072742462158,169002
19.176856517791748,169002
19.179651498794556,169002
19.182522535324097,169002
19.185327529907227,169002
19.188130140304565,169002
19.1909339427948,169002
19.19373846054077,169002
19.196542978286743,169002
19.199344158172607,169002
19.202160596847534,169002
19.2049503326416,169002
19.20774507522583,169002
19.210546016693115,169002
19.213358879089355,169002
19.216166257858276,169002
19.21897554397583,169002
19.22177028656006,169002
19.22458004951477,169002
19.227460384368896,169002
19.23026466369629,169002
19.233084201812744,169002
19.23587989807129,169002
19.238677263259888,169002
19.24148201942444,169002
19.24430203437805,169002
19.247105360031128,169002
19.249897956848145,169002
19.25270128250122,169002
19.255501985549927,169002
19.25830912590027,169002
19.261115074157715,169002
19.263916730880737,169002
19.26670241355896,169002
19.269500494003296,169002
19.272313356399536,169002
19.27511954307556,169002
19.27791666984558,169002
19.280705451965332,169002
19.28351330757141,169002
19.286314249038696,169002
19.289106607437134,169002
19.29189682006836,169002
19.294702768325806,169002
19.297499656677246,169002
19.300291776657104,169002
19.30310869216919,169002
19.305906772613525,169002
19.308706521987915,169002
19.31150770187378,169002
19.314313650131226,169002
19.317110538482666,169002
19.319904327392578,169002
19.322707176208496,169002
19.325514554977417,169002
19.32831335067749,169002
19.331110954284668,169002
19.333914279937744,169002
19.33670997619629,169002
19.339511394500732,169002
19.34232234954834,169002
19.345130920410156,169002
19.347920656204224,169002
19.35071086883545,169002
19.353517055511475,169002
19.356319189071655,169002
19.359116077423096,169002
19.361905097961426,169002
19.36470627784729,169002
19.367509603500366,169002
19.370309829711914,169002
19.373119831085205,169002
19.37591290473938,169002
19.378705501556396,169002
19.38150191307068,169002
19.384310483932495,169002
19.387110471725464,169002
19.389902353286743,169002
19.392693758010864,169002
19.39549469947815,169002
19.39829969406128,169002
19.401102304458618,169002
19.40391516685486,169002
19.406712293624878,169002
19.409503936767578,169002
19.41231870651245,169002
19.41511297225952,169002
19.41790461540222,169002
19.42069435119629,169002
19.42351007461548,169002
19.426313400268555,169002
19.42911696434021,169002
19.43191170692444,169002
19.43471622467041,169002
19.43750834465027,169002
19.44031524658203,169002
19.443121671676636,169002
19.44592308998108,169002
19.448715925216675,169002
19.451515913009644,169002
19.45432424545288,169002
19.45712900161743,169002
19.45991611480713,169002
19.462714672088623,169002
19.465517044067383,169002
19.468323230743408,169002
19.471115350723267,169002
19.473918676376343,169002
19.476715564727783,169002
19.479522705078125,169002
19.482331037521362,169002
19.48513388633728,169002
19.487929105758667,169002
19.490723609924316,169002
19.493535041809082,169002
19.496363878250122,169002
19.499180793762207,169002
19.501991748809814,169002
19.5047926902771,169002
19.5075900554657,169002
19.510388135910034,169002
19.513202905654907,169002
19.51599383354187,169002
19.518791675567627,169002
19.52159023284912,169002
19.524406671524048,169002
19.527206897735596,169002
19.530009031295776,169002
19.532845497131348,169002
19.53564953804016,169002
19.53846502304077,169002
19.541259288787842,169002
19.544076919555664,169002
19.546865463256836,169002
19.549663066864014,169002
19.55247473716736,169002
19.55528235435486,169002
19.5580837726593,169002
19.560874700546265,169002
19.563683032989502,169002
19.566489696502686,169002
19.56929111480713,169002
19.572094917297363,169002
19.574890613555908,169002
19.577681303024292,169002
19.58048439025879,169002
19.58329749107361,169002
19.586098194122314,169002
19.588885068893433,169002
19.591679334640503,169002
19.594482898712158,169002
19.597282648086548,169002
19.600082397460938,169002
19.602896451950073,169002
19.605705738067627,169002
19.608507871627808,169002
19.61129903793335,169002
19.614115238189697,169002
19.61690378189087,169002
19.61969518661499,169002
19.622506141662598,169002
19.625309467315674,169002
19.628101348876953,169002
19.630897760391235,169002
19.633708000183105,169002
19.63650918006897,169002
19.639306783676147,169002
19.642117261886597,169002
19.644903659820557,169002
19.647696018218994,169002
19.65049386024475,169002
19.653301239013672,169002
19.656100034713745,169002
19.658892393112183,169002
19.66168189048767,169002
19.66449475288391,169002
19.66729474067688,169002
19.67009925842285,169002
19.672892332077026,169002
19.67568302154541,169002
19.67848253250122,169002
19.681293487548828,169002
19.684106588363647,169002
19.6868999004364,169002
19.68969964981079,169002
19.69251298904419,169002
19.695305824279785,169002
19.698102951049805,169002
19.70089054107666,169002
19.703696489334106,169002
19.706499099731445,169002
19.70929455757141,169002
19.712105751037598,169002
19.714897394180298,169002
19.71769070625305,169002
19.720487356185913,169002
19.723291873931885,169002
19.726085662841797,169002
19.728869915008545,169002
19.73166275024414,169002
19.73446798324585,169002
19.737266540527344,169002
19.74006962776184,169002
19.742870807647705,169002
19.745665788650513,169002
19.74846863746643,169002
19.75126814842224,169002
19.754079341888428,169002
19.756865739822388,169002
19.759660243988037,169002
19.762468576431274,169002
19.76526951789856,169002
19.768070459365845,169002
19.77085518836975,169002
19.77366042137146,169002
19.776458501815796,169002
19.779263019561768,169002
19.78208017349243,169002
19.78486657142639,169002
19.787662267684937,169002
19.790459394454956,169002
19.793276071548462,169002
19.79607915878296,169002
19.79886484146118,169002
19.80166482925415,169002
19.804482460021973,169002
19.807275533676147,169002
19.810070514678955,169002
19.812866926193237,169002
19.815655946731567,169002
19.818451404571533,169002
19.821250200271606,169002
19.82406497001648,169002
19.826852083206177,169002
19.82964062690735,169002
19.83244228363037,169002
19.835243463516235,169002
19.838037729263306,169002
19.840813875198364,169002
19.843626022338867,169002
19.84642505645752,169002
19.849225521087646,169002
19.85201358795166,169002
19.854809284210205,169002
19.857610940933228,169002
19.860414505004883,169002
19.86323094367981,169002
19.866024494171143,169002
19.86881995201111,169002
19.871620178222656,169002
19.874436378479004,169002
19.877235412597656,169002
19.880035161972046,169002
19.88283109664917,169002
19.885627031326294,169002
19.888421297073364,169002
19.89121961593628,169002
19.894031047821045,169002
19.89681339263916,169002
19.89961886405945,169002
19.902437925338745,169002
19.905244827270508,169002
19.908039569854736,169002
19.910824298858643,169002
19.91363763809204,169002
19.91645097732544,169002
19.919255018234253,169002
19.922068119049072,169002
19.924856901168823,169002
19.927644968032837,169002
19.93044352531433,169002
19.933250665664673,169002
19.93605065345764,169002
19.938838958740234,169002
19.94163465499878,169002
19.944445371627808,169002
19.947242975234985,169002
19.95003652572632,169002
19.952834367752075,169002
19.95563817024231,169002
19.958432912826538,169002
19.961225986480713,169002
19.964031457901,169002
19.966821908950806,169002
19.969619512557983,169002
19.97242784500122,169002
19.975223302841187,169002
19.978012561798096,169002
19.980807065963745,169002
19.983614683151245,169002
19.98640751838684,169002
19.989204168319702,169002
19.991998434066772,169002
19.994799613952637,169002
19.997597694396973,169002
20.0003981590271,169002
20.003207683563232,169002
20.006001472473145,169002
20.0087890625,169002
20.011587381362915,169002
20.01439356803894,169002
20.017192125320435,169002
20.019970417022705,169002
20.022770643234253,169002
20.025566577911377,169002
20.028364896774292,169002
20.031161546707153,169002
20.033971309661865,169002
20.036774396896362,169002
20.039571046829224,169002
20.042381048202515,169002
20.04518485069275,169002
20.047971725463867,169002
20.05076289176941,169002
20.053571701049805,169002
20.056369066238403,169002
20.05916666984558,169002
20.061956882476807,169002
20.064759254455566,169002
20.0675630569458,169002
20.070364236831665,169002
20.07317566871643,169002
20.07596731185913,169002
20.078761100769043,169002
20.08155107498169,169002
20.084359169006348,169002
20.08716082572937,169002
20.089950799942017,169002
20.09275245666504,169002
20.095545768737793,169002
20.098341941833496,169002
20.10114097595215,169002
20.103941917419434,169002
20.10675024986267,169002
20.10954785346985,169002
20.112358570098877,169002
20.115150928497314,169002
20.117942333221436,169002
20.12073564529419,169002
20.123551845550537,169002
20.12635326385498,169002
20.129148721694946,169002
20.13193678855896,169002
20.134739637374878,169002
20.13753366470337,169002
20.140334844589233,169002
20.143138885498047,169002
20.145935535430908,169002
20.148731470108032,169002
20.151525020599365,169002
20.15433979034424,169002
20.157140493392944,169002
20.159923315048218,169002
20.162713527679443,169002
20.16551113128662,169002
20.168315887451172,169002
20.17111825942993,169002
20.1739182472229,169002
20.176706075668335,169002
20.17950677871704,169002
20.18231177330017,169002
20.185108184814453,169002
20.187898874282837,169002
20.190690755844116,169002
20.193500995635986,169002
20.19630241394043,169002
20.19909358024597,169002
20.201876401901245,169002
20.204675912857056,169002
20.2074773311615,169002
20.210278034210205,169002
20.213088750839233,169002
20.215875148773193,169002
20.218678951263428,169002
20.22147798538208,169002
20.224291801452637,169002
20.227093935012817,169002
20.22988533973694,169002
20.232685804367065,169002
20.235485076904297,169002
20.238285303115845,169002
20.24107837677002,169002
20.243873834609985,169002
20.246667861938477,169002
20.24946117401123,169002
20.252265691757202,169002
20.255067110061646,169002
20.257850408554077,169002
20.260645151138306,169002
20.263454914093018,169002
20.266253232955933,169002
20.2690486907959,169002
20.27184295654297,169002
20.274648904800415,169002
20.277443170547485,169002
20.280239820480347,169002
20.283050537109375,169002
20.28584337234497,169002
20.288633346557617,169002
20.291432857513428,169002
20.29424810409546,169002
20.29704737663269,169002
20.29983949661255,169002
20.302639961242676,169002
20.30543613433838,169002
20.308237552642822,169002
20.31101655960083,169002
20.313817739486694,169002
20.31661581993103,169002
20.319494485855103,169002
20.322304725646973,169002
20.325105905532837,169002
20.327897548675537,169002
20.330681800842285,169002
20.333489179611206,169002
20.33628749847412,169002
20.33908247947693,169002
20.341866493225098,169002
20.34467077255249,169002
20.347464561462402,169002
20.35027050971985,169002
20.35308003425598,169002
20.35586380958557,169002
20.3586483001709,169002
20.361451864242554,169002
20.364264965057373,169002
20.367065906524658,169002
20.369850873947144,169002
20.372650146484375,169002
20.375450372695923,169002
20.37824535369873,169002
20.381035089492798,169002
20.383827447891235,169002
20.386620044708252,169002
20.389418840408325,169002
20.392223596572876,169002
20.395015954971313,169002
20.39780044555664,169002
20.400587558746338,169002
20.40339207649231,169002
20.406190395355225,169002
20.40897274017334,169002
20.411765098571777,169002
20.41457486152649,169002
20.417376041412354,169002
20.420169591903687,169002
20.42296838760376,169002
20.42576289176941,169002
20.428555965423584,169002
20.431355953216553,169002
20.434163570404053,169002
20.436954975128174,169002
20.439740419387817,169002
20.442537784576416,169002
20.44533658027649,169002
20.448136806488037,169002
20.450932025909424,169002
20.453727960586548,169002
20.456527709960938,169002
20.459327459335327,169002
20.46213984489441,169002
20.46493434906006,169002
20.467801570892334,169002
20.470598697662354,169002
20.473413228988647,169002
20.476217031478882,169002
20.479013919830322,169002
20.481817483901978,169002
20.48461627960205,169002
20.487424612045288,169002
20.49022674560547,169002
20.493042945861816,169002
20.495824575424194,169002
20.498621702194214,169002
20.501420497894287,169002
20.504229307174683,169002
20.507023572921753,169002
20.50981068611145,169002
20.512611865997314,169002
20.515408992767334,169002
20.518207550048828,169002
20.521005153656006,169002
20.523809909820557,169002
20.526610136032104,169002
20.529403924942017,169002
20.532214164733887,169002
20.535012006759644,169002
20.537806034088135,169002
20.540600061416626,169002
20.543416500091553,169002
20.546217441558838,169002
20.54903745651245,169002
20.551897764205933,169002
20.554704904556274,169002
20.55750846862793,169002
20.560308933258057,169002
20.563120126724243,169002
20.565912008285522,169002
20.56869912147522,169002
20.571491479873657,169002
20.574310541152954,169002
20.577113151550293,169002
20.579912900924683,169002
20.582713842391968,169002
20.585516691207886,169002
20.58832025527954,169002
20.59112524986267,169002
20.59393835067749,169002
20.596741676330566,169002
20.599533557891846,169002
20.60234761238098,169002
20.605157613754272,169002
20.608155965805054,169002
20.611006259918213,169002
20.613821506500244,169002
20.616620540618896,169002
20.61947751045227,169002
20.622294187545776,169002
20.625112056732178,169002
20.627909898757935,169002
20.6307053565979,169002
20.633519411087036,169002
20.636322021484375,169002
20.63912272453308,169002
20.641920566558838,169002
20.644734859466553,169002
20.647536277770996,169002
20.65033483505249,169002
20.653149366378784,169002
20.655941486358643,169002
20.658745765686035,169002
20.661542654037476,169002
20.664361000061035,169002
20.667163848876953,169002
20.669960737228394,169002
20.672771692276,169002
20.675575017929077,169002
20.67837905883789,169002
20.681178092956543,169002
20.683985948562622,169002
20.68678116798401,169002
20.68957209587097,169002
20.692384243011475,169002
20.695183992385864,169002
20.697986125946045,169002
20.70077896118164,169002
20.7035870552063,169002
20.706387042999268,169002
20.709193229675293,169002
20.711984634399414,169002
20.714791536331177,169002
20.717589616775513,169002
20.720423460006714,169002
20.72324275970459,169002
20.726048469543457,169002
20.728839635849,169002
20.731646299362183,169002
20.73446559906006,169002
20.737277030944824,169002
20.740090131759644,169002
20.7428982257843,169002
20.745699167251587,169002
20.748501300811768,169002
20.751304626464844,169002
20.75411629676819,169002
20.7569100856781,169002
20.759704113006592,169002
20.762514114379883,169002
20.765321254730225,169002
20.768131256103516,169002
20.770926475524902,169002
20.773731231689453,169002
20.776538848876953,169002
20.77933621406555,169002
20.782149076461792,169002
20.784942150115967,169002
20.7877357006073,169002
20.790539503097534,169002
20.79335927963257,169002
20.796165704727173,169002
20.798962116241455,169002
20.801756620407104,169002
20.80457067489624,169002
20.807374477386475,169002
20.81019616127014,169002
20.812999725341797,169002
20.815803050994873,169002
20.818607807159424,169002
20.821407079696655,169002
20.824224710464478,169002
20.82703185081482,169002
20.829819440841675,169002
20.832639694213867,169002
20.83544945716858,169002
20.838260412216187,169002
20.841070413589478,169002
20.8438777923584,169002
20.846676111221313,169002
20.849478244781494,169002
20.852290868759155,169002
20.85510540008545,169002
20.85789704322815,169002
20.86069345474243,169002
20.86351251602173,169002
20.866320371627808,169002
20.869131088256836,169002
20.87193250656128,169002
20.874752044677734,169002
20.877557277679443,169002
20.880364656448364,169002
20.883182525634766,169002
20.88597846031189,169002
20.888779878616333,169002
20.891583919525146,169002
20.894397497177124,169002
20.897196292877197,169002
20.899993658065796,169002
20.90279722213745,169002
20.905603647232056,169002
20.908408164978027,169002
20.91121816635132,169002
20.914034843444824,169002
20.91683268547058,169002
20.919629096984863,169002
20.92244815826416,169002
20.925254106521606,169002
20.928052186965942,169002
20.930835723876953,169002
20.933652639389038,169002
20.936450004577637,169002
20.939257383346558,169002
20.942065477371216,169002
20.944856643676758,169002
20.947651863098145,169002
20.950466632843018,169002
20.953285932540894,169002
20.956085920333862,169002
20.9588782787323,169002
20.96167755126953,169002
20.96449565887451,169002
20.967294692993164,169002
20.970099449157715,169002
20.972903966903687,169002
20.975699424743652,169002
20.97850465774536,169002
20.98130702972412,169002
20.98412013053894,169002
20.986910104751587,169002
20.989717721939087,169002
20.992525339126587,169002
20.995334148406982,169002
20.99812936782837,169002
21.000929594039917,169002
21.003732204437256,169002
21.00656032562256,169002
21.009372234344482,169002
21.012194633483887,169002
21.014994144439697,169002
21.017793655395508,169002
21.020589351654053,169002
21.023401021957397,169002
21.026211261749268,169002
21.0290048122406,169002
21.03180170059204,169002
21.03461241722107,169002
21.0374116897583,169002
21.040217876434326,169002
21.043030977249146,169002
21.045817852020264,169002
21.048622608184814,169002
21.051422834396362,169002
21.054227828979492,169002
21.057026624679565,169002
21.059816598892212,169002
21.0626277923584,169002
21.065436601638794,169002
21.068236589431763,169002
21.071043491363525,169002
21.07385563850403,169002
21.076661348342896,169002
21.07945966720581,169002
21.0822811126709,169002
21.085083723068237,169002
21.087871074676514,169002
21.09066653251648,169002
21.093473434448242,169002
21.096271276474,169002
21.099066972732544,169002
21.10185670852661,169002
21.104658603668213,169002
21.10745334625244,169002
21.11025309562683,169002
21.113065004348755,169002
21.115856885910034,169002
21.11865258216858,169002
21.12145686149597,169002
21.124265670776367,169002
21.127069234848022,169002
21.12986469268799,169002
21.132671117782593,169002
21.135473012924194,169002
21.138274908065796,169002
21.141072750091553,169002
21.143871068954468,169002
21.146670818328857,169002
21.149481534957886,169002
21.152302265167236,169002
21.155104398727417,169002
21.157899379730225,169002
21.16068959236145,169002
21.16350030899048,169002
21.166293144226074,169002
21.169094800949097,169002
21.17188811302185,169002
21.174699783325195,169002
21.177501440048218,169002
21.180303812026978,169002
21.18311595916748,169002
21.185908555984497,169002
21.188703298568726,169002
21.1914963722229,169002
21.194307565689087,169002
21.19711208343506,169002
21.199903964996338,169002
21.20271325111389,169002
21.205507278442383,169002
21.208308696746826,169002
21.211116313934326,169002
21.213921785354614,169002
21.21671724319458,169002
21.21952199935913,169002
21.222328901290894,169002
21.225131511688232,169002
21.227920532226562,169002
21.230714321136475,169002
21.23353099822998,169002
21.236334800720215,169002
21.239129543304443,169002
21.241926908493042,169002
21.244730472564697,169002
21.247538089752197,169002
21.25034213066101,169002
21.253158569335938,169002
21.25595188140869,169002
21.258754014968872,169002
21.26155400276184,169002
21.264370441436768,169002
21.267171382904053,169002
21.26997137069702,169002
21.272774696350098,169002
21.275575876235962,169002
21.27837610244751,169002
21.28118371963501,169002
21.283998489379883,169002
21.28679919242859,169002
21.289592504501343,169002
21.29240655899048,169002
21.295206308364868,169002
21.298001050949097,169002
21.300797700881958,169002
21.303611993789673,169002
21.306411266326904,169002
21.30921769142151,169002
21.312013864517212,169002
21.314818382263184,169002
21.31762385368347,169002
21.320432424545288,169002
21.3232524394989,169002
21.32606029510498,169002
21.328850984573364,169002
21.331655025482178,169002
21.334465503692627,169002
21.33727216720581,169002
21.340074062347412,169002
21.342878818511963,169002
21.345667123794556,169002
21.348470449447632,169002
21.351273775100708,169002
21.354100227355957,169002
21.356902837753296,169002
21.35969877243042,169002
21.362501859664917,169002
21.365306854248047,169002
21.368102312088013,169002
21.37090039253235,169002
21.373701810836792,169002
21.376506805419922,169002
21.379304885864258,169002
21.382115602493286,169002
21.384920358657837,169002
21.387714385986328,169002
21.390512466430664,169002
21.393324375152588,169002
21.396122932434082,169002
21.398917198181152,169002
21.401710510253906,169002
21.404524326324463,169002
21.407330751419067,169002
21.410136938095093,169002
21.4129421710968,169002
21.415746450424194,169002
21.418554067611694,169002
21.421359062194824,169002
21.424172401428223,169002
21.426970958709717,169002
21.429765939712524,169002
21.432573556900024,169002
21.43537712097168,169002
21.438176155090332,169002
21.44097375869751,169002
21.44378089904785,169002
21.446582794189453,169002
21.449383974075317,169002
21.45219087600708,169002
21.454987049102783,169002
21.457786321640015,169002
21.4605815410614,169002
21.46339440345764,169002
21.46620225906372,169002
21.46899104118347,169002
21.471795558929443,169002
21.474605083465576,169002
21.47740125656128,169002
21.480204105377197,169002
21.483014822006226,169002
21.48581862449646,169002
21.488611221313477,169002
21.4914071559906,169002
21.494218587875366,169002
21.49701690673828,169002
21.499817848205566,169002
21.50262212753296,169002
21.505430221557617,169002
21.508235692977905,169002
21.511040449142456,169002
21.513843774795532,169002
21.51664924621582,169002
21.519445657730103,169002
21.522258281707764,169002
21.525062799453735,169002
21.52786421775818,169002
21.530662298202515,169002
21.533475160598755,169002
21.53627586364746,169002
21.539081811904907,169002
21.541871309280396,169002
21.544678926467896,169002
21.547556161880493,169002
21.550365447998047,169002
21.553182363510132,169002
21.555979251861572,169002
21.558772802352905,169002
21.561575412750244,169002
21.564379930496216,169002
21.567179918289185,169002
21.56997561454773,169002
21.572784900665283,169002
21.57558035850525,169002
21.578378915786743,169002
21.581178903579712,169002
21.58398461341858,169002
21.586779832839966,169002
21.589591026306152,169002
21.592395305633545,169002
21.595202445983887,169002
21.59800100326538,169002
21.600807428359985,169002
21.603623390197754,169002
21.606438875198364,169002
21.609243869781494,169002
21.612061977386475,169002
21.614853382110596,169002
21.6176598072052,169002
21.620455026626587,169002
21.623268365859985,169002
21.626067876815796,169002
21.62885546684265,169002
21.631656408309937,169002
21.63447618484497,169002
21.637277126312256,169002
21.64008331298828,169002
21.642882585525513,169002
21.645686626434326,169002
21.648491382598877,169002
21.6512930393219,169002
21.654106378555298,169002
21.656903505325317,169002
21.65978193283081,168458
21.662598371505737,168458
21.665407180786133,168458
21.668220043182373,168458
21.671009063720703,168458
21.67382287979126,168458
21.67662262916565,168458
21.679428339004517,168458
21.68224835395813,168458
21.685065269470215,168458
21.68786334991455,168458
21.69066286087036,168458
21.69347071647644,168458
21.69627833366394,168458
21.69908046722412,168458
21.701868534088135,168458
21.704683542251587,168458
21.70748257637024,168458
21.71028232574463,168458
21.713107347488403,168458
21.715901374816895,168458
21.718709707260132,168458
21.721510887145996,168458
21.724334001541138,168458
21.727132558822632,168458
21.729937314987183,168458
21.73274040222168,168458
21.735543489456177,168458
21.738342761993408,168458
21.7411527633667,168458
21.743950128555298,168458
21.746753454208374,168458
21.749560832977295,168458
21.75237274169922,168458
21.75518035888672,168458
21.75797724723816,168458
21.760775089263916,168458
21.763595819473267,168458
21.76640248298645,168458
21.76920795440674,168458
21.771997928619385,168458
21.774807453155518,168458
21.777607440948486,168458
21.780409812927246,168458
21.783223390579224,168458
21.786025047302246,168458
21.788819551467896,168458
21.791627168655396,168458
21.794437408447266,168458
21.79724645614624,168458
21.800055742263794,168458
21.8028621673584,168458
21.805663585662842,168458
21.80846405029297,168458
21.81126642227173,168458
21.814089059829712,168458
21.8168842792511,168458
21.819690942764282,168458
21.822504997253418,168458
21.82531237602234,168458
21.828115701675415,168458
21.830915212631226,168458
21.833723068237305,168458
21.83653736114502,168458
21.839341163635254,168458
21.84215521812439,168458
21.844948530197144,168458
21.84775424003601,168458
21.8505642414093,168458
21.853389501571655,168458
21.85619568824768,168458
21.859001398086548,168458
21.861802339553833,168458
21.864611387252808,168458
21.867414474487305,168458
21.8702232837677,168458
21.87304925918579,168458
21.875845909118652,168458
21.87863540649414,168458
21.881436109542847,168458
21.884255409240723,168458
21.887067079544067,168458
21.889862060546875,168458
21.892664909362793,168458
21.895468950271606,168458
21.898282527923584,168458
21.901102542877197,168458
21.90392541885376,168458
21.906724452972412,168458
21.90953040122986,168458
21.91234517097473,168458
21.915156841278076,168458
21.91795516014099,168458
21.920762300491333,168458
21.92357063293457,168458
21.92637848854065,168458
21.929173946380615,168458
21.931975603103638,168458
21.934783220291138,168458
21.937591552734375,168458
21.94040060043335,168458
21.94322395324707,168458
21.946024179458618,168458
21.948820114135742,168458
21.951626300811768,168458
21.95445418357849,168458
21.95725679397583,168458
21.960063219070435,168458
21.962857961654663,168458
21.965660095214844,168458
21.968464136123657,168458
21.97126841545105,168458
21.97408413887024,168458
21.976874589920044,168458
21.97966742515564,168458
21.98248028755188,168458
21.985283136367798,168458
21.988091707229614,168458
21.990874767303467,168458
21.99368643760681,168458
21.99648666381836,168458
21.999290704727173,168458
22.002095222473145,168458
22.004892110824585,168458
22.0076801776886,168458
22.0104877948761,168458
22.01330256462097,168458
22.016103744506836,168458
22.018898487091064,168458
22.02169108390808,168458
22.02450156211853,168458
22.02731204032898,168458
22.03011131286621,168458
22.03292155265808,168458
22.035714626312256,168458
22.03851866722107,168458
22.041320085525513,168458
22.044140577316284,168458
22.04693055152893,168458
22.049731016159058,168458
22.05254554748535,168458
22.055351734161377,168458
22.05815577507019,168458
22.060962915420532,168458
22.06376624107361,168458
22.06657338142395,168458
22.069371223449707,168458
22.072188138961792,168458
22.074996948242188,168458
22.077796459197998,168458
22.080687761306763,168458
22.0835018157959,168458
22.08631420135498,168458
22.08919644355774,168458
22.09198546409607,168458
22.094794273376465,168458
22.09759759902954,168458
22.10039520263672,168458
22.103208541870117,168458
22.10599946975708,168458
22.108805656433105,168458
22.111608743667603,168458
22.114418506622314,168458
22.11721682548523,168458
22.1200110912323,168458
22.122814655303955,168458
22.125619173049927,168458
22.12841558456421,168458
22.131218671798706,168458
22.134032011032104,168458
22.136821746826172,168458
22.139625310897827,168458
22.142439126968384,168458
22.1452374458313,168458
22.148041248321533,168458
22.15081477165222,168458
22.15362858772278,168458
22.15643310546875,168458
22.15924310684204,168458
22.162057161331177,168458
22.16485023498535,168458
22.167644500732422,168458
22.17044448852539,168458
22.17325472831726,168458
22.17606520652771,168458
22.178852796554565,168458
22.181658029556274,168458
22.184473514556885,168458
22.187276124954224,168458
22.19007134437561,168458
22.192875862121582,168458
22.195672273635864,168458
22.1984703540802,168458
22.201273679733276,168458
22.204089164733887,168458
22.2068772315979,168458
22.20967674255371,168458
22.212483882904053,168458
22.215290546417236,168458
22.21809434890747,168458
22.220885276794434,168458
22.223686456680298,168458
22.22648811340332,168458
22.229289054870605,168458
22.232099294662476,168458
22.23489236831665,168458
22.237688302993774,168458
22.24048399925232,168458
22.243295669555664,168458
22.246103763580322,168458
22.248894691467285,168458
22.251691818237305,168458
22.254502296447754,168458
22.257306337356567,168458
22.260107278823853,168458
22.262904167175293,168458
22.265710592269897,168458
22.268515586853027,168458
22.271320343017578,168458
22.27413272857666,168458
22.276926040649414,168458
22.27971887588501,168458
22.282531023025513,168458
22.285336017608643,168458
22.288143157958984,168458
22.29094123840332,168458
22.29374361038208,168458
22.29653763771057,168458
22.299341201782227,168458
22.302159547805786,168458
22.304956912994385,168458
22.307751893997192,168458
22.31056237220764,168458
22.313371658325195,168458
22.316184043884277,168458
22.31898045539856,168458
22.321786165237427,168458
22.324591636657715,168458
22.32738995552063,168458
22.330185651779175,168458
22.332988262176514,168458
22.335781812667847,168458
22.33858561515808,168458
22.34138298034668,168458
22.344200372695923,168458
22.34698796272278,168458
22.349780559539795,168458
22.352588176727295,168458
22.35539722442627,168458
22.35819935798645,168458
22.360995769500732,168458
22.3637957572937,168458
22.36666512489319,168458
22.369473457336426,168458
22.37228012084961,168458
22.3750741481781,168458
22.3778715133667,168458
22.380662202835083,168458
22.38347339630127,168458
22.3862783908844,168458
22.389082193374634,168458
22.39186954498291,168458
22.39467740058899,168458
22.397480964660645,168458
22.400295972824097,168458
22.40310502052307,168458
22.405895233154297,168458
22.408684730529785,168458
22.41148829460144,168458
22.41429591178894,168458
22.417096853256226,168458
22.419890642166138,168458
22.42270278930664,168458
22.425507068634033,168458
22.428311109542847,168458
22.431116819381714,168458
22.43392515182495,168458
22.436717987060547,168458
22.43952226638794,168458
22.44233798980713,168458
22.445145845413208,168458
22.4479398727417,168458
22.450767040252686,168458
22.45357584953308,168458
22.456373929977417,168458
22.459170818328857,168458
22.461963415145874,168458
22.464772701263428,168458
22.46756887435913,168458
22.470367431640625,168458
22.473182439804077,168458
22.475972414016724,168458
22.478773832321167,168458
22.48157572746277,168458
22.484390258789062,168458
22.48719024658203,168458
22.489991426467896,168458
22.49279499053955,168458
22.495598077774048,168458
22.498395919799805,168458
22.50120186805725,168458
22.50405263900757,168458
22.50685739517212,168458
22.509671449661255,168458
22.51248860359192,168458
22.515297174453735,168458
22.51810383796692,168458
22.520905256271362,168458
22.523710012435913,168458
22.52651572227478,168458
22.52932381629944,168458
22.532137632369995,168458
22.53494095802307,168458
22.5377357006073,168458
22.540538549423218,168458
22.543352365493774,168458
22.54616117477417,168458
22.54895853996277,168458
22.55176591873169,168458
22.554576635360718,168458
22.55738639831543,168458
22.56018900871277,168458
22.563003301620483,168458
22.565798044204712,168458
22.5685977935791,168458
22.571401834487915,168458
22.574218273162842,168458
22.57701301574707,168458
22.579810857772827,168458
22.582626342773438,168458
22.585427284240723,168458
22.588229417800903,168458
22.59102177619934,168458
22.59382176399231,168458
22.596622943878174,168458
22.599421501159668,168458
22.602240562438965,168458
22.605052709579468,168458
22.608047246932983,168458
22.61086392402649,168458
22.613682985305786,168458
22.61650252342224,168458
22.619312286376953,168458
22.622126579284668,168458
22.62492823600769,168458
22.62771987915039,168458
22.630526065826416,168458
22.63334059715271,168458
22.63615107536316,168458
22.638946294784546,168458
22.641740322113037,168458
22.644546031951904,168458
22.647355556488037,168458
22.650161504745483,168458
22.652968168258667,168458
22.655770778656006,168458
22.658637046813965,168458
22.66144871711731,168458
22.664267539978027,168458
22.667149782180786,168458
22.669947624206543,168458
22.67276406288147,168458
22.67557406425476,168458
22.678383588790894,168458
22.681214809417725,168458
22.684036254882812,168458
22.686836004257202,168458
22.689636945724487,168458
22.692455530166626,168458
22.69527530670166,168458
22.698086500167847,168458
22.700871229171753,168458
22.703686237335205,168458
22.706486463546753,168458
22.709291219711304,168458
22.712106704711914,168458
22.714906454086304,168458
22.7176992893219,168458
22.720512866973877,168458
22.723326444625854,168458
22.726134061813354,168458
22.728933334350586,168458
22.731744527816772,168458
22.734550952911377,168458
22.73734998703003,168458
22.740148067474365,168458
22.74294900894165,168458
22.745749711990356,168458
22.748558521270752,168458
22.751359701156616,168458
22.7541823387146,168458
22.7569797039032,168458
22.759785413742065,168458
22.762598752975464,168458
22.76540231704712,168458
22.768199920654297,168458
22.77099847793579,168458
22.77380871772766,168458
22.776610851287842,168458
22.779412508010864,168458
22.782236337661743,168458
22.785035610198975,168458
22.787831783294678,168458
22.790632009506226,168458
22.79344916343689,168458
22.796250104904175,168458
22.79904794692993,168458
22.801838636398315,168458
22.804651260375977,168458
22.807456493377686,168458
22.810267448425293,168458
22.81307864189148,168458
22.815877676010132,168458
22.818684101104736,168458
22.821484565734863,168458
22.82430124282837,168458
22.8271062374115,168458
22.829904079437256,168458
22.832710027694702,168458
22.835509300231934,168458
22.838319778442383,168458
22.84113335609436,168458
22.843945026397705,168458
22.846744775772095,168458
22.84954833984375,168458
22.852360248565674,168458
22.85516858100891,168458
22.857967138290405,168458
22.860768795013428,168458
22.863579750061035,168458
22.86638569831848,168458
22.869183778762817,168458
22.871986150741577,168458
22.87480354309082,168458
22.87760901451111,168458
22.88041377067566,168458
22.88322639465332,168458
22.886106729507446,168458
22.888913869857788,168458
22.89170742034912,168458
22.894523859024048,168458
22.897328853607178,168458
22.90013551712036,168458
22.902957677841187,168458
22.90577268600464,168458
22.908583879470825,168458
22.911399126052856,168458
22.914226531982422,168458
22.917034149169922,168458
22.919816493988037,168458
22.92263126373291,168458
22.925437927246094,168458
22.928247451782227,168458
22.9310359954834,168458
22.933835744857788,168458
22.936631202697754,168458
22.939429998397827,168458
22.94224977493286,168458
22.945051908493042,168458
22.94784116744995,168458
22.950647354125977,168458
22.95346236228943,168458
22.956269025802612,168458
22.959078073501587,168458
22.961866855621338,168458
22.964675188064575,168458
22.967475175857544,168458
22.970267295837402,168458
22.97308039665222,168458
22.97586965560913,168458
22.97866988182068,168458
22.98147416114807,168458
22.984293699264526,168458
22.987093210220337,168458
22.98989486694336,168458
22.99269700050354,168458
22.99549674987793,168458
22.998295545578003,168458
23.001099824905396,168458
23.003910303115845,168458
23.006709814071655,168458
23.00950837135315,168458
23.012317657470703,168458
23.015124320983887,168458
23.017921686172485,168458
23.020714044570923,168458
23.023529767990112,168458
23.026334762573242,168458
23.02913546562195,168458
23.03193426132202,168458
23.034733772277832,168458
23.03753900527954,168458
23.040345191955566,168458
23.043169736862183,168458
23.045965909957886,168458
23.048768281936646,168458
23.051573753356934,168458
23.05438804626465,168458
23.057190895080566,168458
23.059983253479004,168458
23.062790870666504,168458
23.06559109687805,168458
23.068389654159546,168458
23.071184873580933,168458
23.073997974395752,168458
23.07678747177124,168458
23.079591512680054,168458
23.08240532875061,168458
23.08520746231079,168458
23.088000535964966,168458
23.090801239013672,168458
23.093607425689697,168458
23.09641146659851,168458
23.099217653274536,168458
23.102010488510132,168458
23.1048104763031,168458
23.10761046409607,168458
23.110414743423462,168458
23.113231897354126,168458
23.116024494171143,168458
23.11881375312805,168458
23.12161350250244,168458
23.124425888061523,168458
23.1272394657135,168458
23.130045413970947,168458
23.132845163345337,168458
23.135647296905518,168458
23.138445377349854,168458
23.141250610351562,168458
23.144070148468018,168458
23.1468608379364,168458
23.14966130256653,168458
23.152472972869873,168458
23.155275344848633,168458
23.1580810546875,168458
23.16086483001709,168458
23.163669109344482,168458
23.1664719581604,168458
23.169270753860474,168458
23.17209482192993,168458
23.17489194869995,168458
23.177690029144287,168458
23.180490732192993,168458
23.183297634124756,168458
23.18610453605652,168458
23.188900470733643,168458
23.19170069694519,168458
23.19451642036438,168458
23.197318077087402,168458
23.200117111206055,168458
23.20292043685913,168458
23.20570707321167,168458
23.2085177898407,168458
23.211317777633667,168458
23.214128732681274,168458
23.216928005218506,168458
23.219727754592896,168458
23.22253727912903,168458
23.225346326828003,168458
23.228147745132446,168458
23.230937957763672,168458
23.233741521835327,168458
23.23654317855835,168458
23.23934316635132,168458
23.242160320281982,168458
23.244958639144897,168458
23.24775719642639,168458
23.250558614730835,168458
23.253374814987183,168458
23.256258726119995,168458
23.259066581726074,168458
23.26185703277588,168458
23.2646644115448,168458
23.267463207244873,168458
23.27026653289795,168458
23.273080110549927,168458
23.275866508483887,168458
23.27867031097412,168458
23.281471014022827,168458
23.284287214279175,168458
23.287094593048096,168458
23.289894342422485,168458
23.292705535888672,168458
23.295509338378906,168458
23.298306465148926,168458
23.301111221313477,168458
23.303916692733765,168458
23.306714057922363,168458
23.309516191482544,168458
23.312330961227417,168458
23.31514286994934,168458
23.317929983139038,168458
23.320727348327637,168458
23.32353973388672,168458
23.326342344284058,168458
23.329147577285767,168458
23.331942081451416,168458
23.3347430229187,168458
23.337544918060303,168458
23.340341567993164,168458
23.34315299987793,168458
23.34595012664795,168458
23.348750829696655,168458
23.351550102233887,168458
23.35436749458313,168458
23.357165813446045,168458
23.359964609146118,168458
23.362775564193726,168458
23.36558771133423,168458
23.36839532852173,168458
23.3712055683136,168458
23.37401509284973,168458
23.376810312271118,168458
23.379610776901245,168458
23.382425546646118,168458
23.385230779647827,168458
23.388038635253906,168458
23.39083242416382,168458
23.393644094467163,168458
23.396443843841553,168458
23.399250745773315,168458
23.402058839797974,168458
23.404852151870728,168458
23.407653093338013,168458
23.410460233688354,168458
23.413270950317383,168458
23.41608166694641,168458
23.418869018554688,168458
23.421672344207764,168458
23.424495697021484,168458
23.427303075790405,168458
23.43010663986206,168458
23.43290424346924,168458
23.435696601867676,168458
23.43849754333496,168458
23.441296577453613,168458
23.44411540031433,168458
23.446908712387085,168458
23.44971203804016,168458
23.452556133270264,168458
23.455383777618408,168458
23.458187103271484,168458
23.460976362228394,168458
23.46378803253174,168458
23.46658229827881,168458
23.469374656677246,168458
23.47218942642212,168458
23.475072622299194,168458
23.47786855697632,168458
23.48065733909607,168458
23.48347306251526,168458
23.486268043518066,168458
23.489078044891357,168458
23.491872787475586,168458
23.49467945098877,168458
23.497482538223267,168458
23.500291347503662,168458
23.503101110458374,168458
23.505894422531128,168458
23.508692502975464,168458
23.511499404907227,168458
23.51431107521057,168458
23.517112016677856,168458
23.519911766052246,168458
23.522724866867065,168458
23.525530338287354,168458
23.528334379196167,168458
23.53113627433777,168458
23.533941745758057,168458
23.536728143692017,168458
23.539528846740723,168458
23.542343854904175,168458
23.545154809951782,168458
23.547957181930542,168458
23.550767421722412,168458
23.55357336997986,168458
23.556374549865723,168458
23.559179306030273,168458
23.561981201171875,168458
23.56478500366211,168458
23.56758403778076,168458
23.57038712501526,168458
23.57319927215576,168458
23.57599925994873,168458
23.578803300857544,168458
23.581596612930298,168458
23.58441686630249,168458
23.5872163772583,168458
23.59001135826111,168458
23.592814683914185,168458
23.595619678497314,168458
23.5984206199646,168458
23.60122799873352,168458
23.60405135154724,168458
23.606837272644043,168458
23.609631061553955,168458
23.612440824508667,168458
23.615245580673218,168458
23.618051528930664,168458
23.620836973190308,168458
23.623653173446655,168458
23.62645149230957,168458
23.62925910949707,168458
23.632075548171997,168458
23.634868621826172,168458
23.637660264968872,168458
23.640464305877686,168458
23.64327621459961,168458
23.64608144760132,168458
23.648868083953857,168458
23.65165662765503,168458
23.654462099075317,168458
23.65726351737976,168458
23.660063982009888,168458
23.66286611557007,168458
23.665661334991455,168458
23.668469429016113,168458
23.671275854110718,168458
23.674095392227173,168458
23.676885843276978,168458
23.67968726158142,168458
23.682496547698975,168458
23.685302734375,168458
23.688101291656494,168458
23.69089913368225,168458
23.69371271133423,168458
23.696516513824463,168458
23.699403762817383,168458
23.702218055725098,168458
23.705013036727905,168458
23.707812547683716,168458
23.710613250732422,168458
23.713428020477295,168458
23.716233491897583,168458
23.719038248062134,168458
23.72183609008789,168458
23.724645137786865,168458
23.72745394706726,168458
23.73025631904602,168458
23.733068227767944,168458
23.735856294631958,168458
23.738654136657715,168458
23.74146294593811,168458
23.74427366256714,168458
23.747076749801636,168458
23.749870538711548,168458
23.752676010131836,168458
23.755477905273438,168458
23.758288860321045,168458
23.76108717918396,168458
23.763893365859985,168458
23.766685485839844,168458
23.76948833465576,168458
23.77229595184326,168458
23.77510118484497,168458
23.777892589569092,168458
23.78069019317627,168458
23.783509254455566,168458
23.7863130569458,168458
23.789116621017456,168458
23.791914224624634,168458
23.794722080230713,168458
23.797528982162476,168458
23.800336599349976,168458
23.803151607513428,168458
23.805941104888916,168458
23.80873966217041,168458
23.811539888381958,168458
23.814357042312622,168458
23.817163467407227,168458
23.81996989250183,168458
23.82278060913086,168458
23.825584173202515,168458
23.82838487625122,168458
23.83119535446167,168458
23.834002017974854,168458
23.836791515350342,168458
23.83959412574768,168458
23.842422485351562,168458
23.84522008895874,168458
23.848026514053345,168458
23.850815057754517,168458
23.85363793373108,168458
23.85644292831421,168458
23.859248161315918,168458
23.862054347991943,168458
23.864852905273438,168458
23.86764907836914,168458
23.87045407295227,168458
23.873273611068726,168458
23.876075506210327,168458
23.878860235214233,168458
23.881662368774414,168458
23.884469032287598,168458
23.887279510498047,168458
23.890082597732544,168458
23.892882108688354,168458
23.895684957504272,168458
23.898499250411987,168458
23.9013032913208,168458
23.904136180877686,168458
23.90693497657776,168458
23.909737586975098,168458
23.91255521774292,168458
23.915367126464844,168458
23.918168306350708,168458
23.92096734046936,168458
23.923774480819702,168458
23.926579475402832,168458
23.92937660217285,168458
23.932190418243408,168458
23.934983015060425,168458
23.93777871131897,168458
23.940587759017944,168458
23.943403482437134,168458
23.94620442390442,168458
23.948997735977173,168458
23.951793909072876,168458
23.95460820198059,168458
23.95744562149048,168458
23.960275411605835,168458
23.96309733390808,168458
23.965906620025635,168458
23.968720197677612,168458
23.9715256690979,168458
23.974341869354248,168458
23.977147579193115,168458
23.979944229125977,168458
23.98275375366211,168458
23.98555326461792,168458
23.988358736038208,168458
23.99115014076233,168458
23.99396252632141,168458
23.996758460998535,168458
23.99956202507019,168458
24.002376079559326,168458
24.00518035888672,168458
24.007978916168213,168458
24.010783195495605,168458
24.013595819473267,168458
24.01640248298645,168458
24.01920437812805,168458
24.021997928619385,168458
24.02480411529541,168458
24.027596473693848,168458
24.03039574623108,168458
24.03321123123169,168458
24.035994291305542,168458
24.038793563842773,168458
24.041590213775635,168458
24.04440426826477,168458
24.04720449447632,168458
24.050007820129395,168458
24.052816152572632,168458
24.05561900138855,168458
24.058419942855835,168458
24.061227798461914,168458
24.064039707183838,168458
24.066837787628174,168458
24.069631338119507,168458
24.07244372367859,168458
24.07524585723877,168458
24.07805585861206,168458
24.080839157104492,168458
24.083653926849365,168458
24.086453914642334,168458
24.089257955551147,168458
24.09207248687744,168458
24.09486985206604,168458
24.0976665019989,168458
24.100467681884766,168458
24.10327982902527,168458
24.106096029281616,168458
24.10888910293579,168458
24.11168646812439,168458
24.114503622055054,168458
24.117311716079712,168458
24.12012004852295,168458
24.12292242050171,168458
24.125710248947144,168458
24.12851333618164,168458
24.13131022453308,168458
24.134124994277954,168458
24.136919498443604,168458
24.13972282409668,168458
24.142540216445923,168458
24.14534330368042,168458
24.148139476776123,168458
24.150938034057617,168458
24.15374231338501,168458
24.156551122665405,168458
24.159342288970947,168458
24.16216278076172,168458
24.16496229171753,168458
24.167771816253662,168458
24.170569896697998,168458
24.173383235931396,168458
24.176189184188843,168458
24.178977966308594,168458
24.181776523590088,168458
24.18458366394043,168458
24.187387704849243,168458
24.190197706222534,168458
24.192997217178345,168458
24.19580364227295,168458
24.198604106903076,168458
24.20140767097473,168458
24.20422673225403,168458
24.20703625679016,168458
24.20982813835144,168458
24.212641954421997,168458
24.21544361114502,168458
24.21825909614563,168458
24.221070766448975,168458
24.223884105682373,168458
24.226685047149658,168458
24.229490518569946,168458
24.232304573059082,168458
24.23511028289795,168458
24.237898349761963,168458
24.240702629089355,168458
24.24351739883423,168458
24.246323823928833,168458
24.249126195907593,168458
24.251924753189087,168458
24.2547287940979,168458
24.257533073425293,168458
24.26033306121826,168458
24.263148546218872,168458
24.265944242477417,168458
24.26874279975891,168458
24.271543979644775,168458
24.27436661720276,168458
24.277167797088623,168458
24.279966115951538,168458
24.28278374671936,168458
24.285579919815063,168458
24.288370847702026,168458
24.291173934936523,168458
24.293983221054077,168458
24.29678440093994,168458
24.29958486557007,168458
24.302403688430786,168458
24.30521273612976,168458
24.30801272392273,168458
24.31081533432007,168458
24.313631534576416,168458
24.316434383392334,168458
24.319239616394043,168458
24.32205557823181,168458
24.324854612350464,168458
24.32765507698059,168458
24.33046531677246,168458
24.333273887634277,168458
24.336076736450195,168458
24.33886694908142,168458
24.341670513153076,168458
24.344483613967896,168458
24.34728693962097,168458
24.350093841552734,168458
24.352896213531494,168458
24.35569667816162,168458
24.358498096466064,168458
24.36129403114319,168458
24.364118814468384,168458
24.366917610168457,168458
24.36971116065979,168458
24.372517108917236,168458
24.37531590461731,168458
24.378117322921753,168458
24.38090991973877,168458
24.38371515274048,168458
24.386520385742188,168458
24.389323234558105,168458
24.392139196395874,168458
24.394943475723267,168458
24.397750854492188,168458
24.400550842285156,168458
24.40337109565735,168458
24.40617322921753,168458
24.40897512435913,168458
24.411768913269043,168458
24.414576292037964,168458
24.41737174987793,168458
24.420178651809692,168458
24.422987937927246,168458
24.425792932510376,168458
24.42859697341919,168458
24.43140149116516,168458
24.43421769142151,168458
24.4370059967041,168458
24.43980097770691,168458
24.442618370056152,168458
24.445416927337646,168458
24.44821858406067,168458
24.45101046562195,168458
24.45382022857666,168458
24.45662236213684,168458
24.459421396255493,168458
24.462238788604736,168458
24.465040683746338,168458
24.467827320098877,168458
24.47062373161316,168458
24.473435640335083,168458
24.476237535476685,168458
24.479039430618286,168458
24.48184108734131,168458
24.484652757644653,168458
24.48746132850647,168458
24.490267992019653,168458
24.49307870864868,168458
24.495872735977173,168458
24.498672246932983,168458
24.501471042633057,168458
24.50428533554077,168458
24.50708293914795,168458
24.50987958908081,168458
24.512676239013672,168458
24.515482664108276,168458
24.518281936645508,168458
24.521084308624268,168458
24.52389097213745,168458
24.52668809890747,168458
24.52949810028076,168458
24.532317399978638,168458
24.535117149353027,168458
24.537912845611572,168458
24.540712594985962,168458
24.543532609939575,168458
24.546329259872437,168458
24.549136638641357,168458
24.551933765411377,168458
24.55474615097046,168458
24.55754327774048,168458
24.56034755706787,168458
24.563160181045532,168458
24.565962314605713,168458
24.568758249282837,168458
24.571563959121704,168458
24.574372053146362,168458
24.577178716659546,168458
24.57997488975525,168458
24.582793474197388,168458
24.58559226989746,168458
24.588396787643433,168458
24.591201782226562,168458
24.594013214111328,168458
24.596808671951294,168458
24.59961462020874,168458
24.602425575256348,168458
24.605245351791382,168458
24.60823917388916,168458
24.611045837402344,168458
24.613849878311157,168458
24.616654634475708,168458
24.619460582733154,168458
24.62227439880371,168458
24.625082969665527,168458
24.627875089645386,168458
24.63070011138916,168458
24.633543491363525,168458
24.63634943962097,168458
24.63915753364563,168458
24.641953468322754,168458
24.644763708114624,168458
24.647563457489014,168458
24.65036368370056,168458
24.653176307678223,168458
24.655985832214355,168458
24.65877652168274,168458
24.661583185195923,168458
24.664392471313477,168458
24.66719937324524,168458
24.669994354248047,168458
24.672801733016968,168458
24.675596237182617,168458
24.67839813232422,168458
24.681198835372925,168458
24.684011936187744,168458
24.686808109283447,168458
24.689610481262207,168458
24.692423820495605,168458
24.695229291915894,168458
24.698038578033447,168458
24.7008376121521,168458
24.703640937805176,168458
24.70649790763855,168458
24.709301710128784,168458
24.71211266517639,168458
24.714974880218506,168458
24.717772960662842,168458
24.72060489654541,168458
24.723417282104492,168458
24.726224184036255,168458
24.729023933410645,168458
24.731821298599243,168458
24.734639883041382,168458
24.737444639205933,168458
24.74025273323059,168458
24.74306082725525,168458
24.7458598613739,168458
24.74864888191223,168458
24.751448392868042,168458
24.754262924194336,168458
24.757066249847412,168458
24.759853839874268,168458
24.76266121864319,168458
24.76546025276184,168458
24.76825976371765,168458
24.77105689048767,168458
24.773861169815063,168458
24.77665901184082,168458
24.779459476470947,168458
24.782267332077026,168458
24.785081386566162,168458
24.78786587715149,168458
24.79065775871277,168458
24.79347038269043,168458
24.796281576156616,168458
24.799073934555054,168458
24.80186915397644,168458
24.804670810699463,168458
24.8074791431427,168458
24.810280561447144,168458
24.813096046447754,168458
24.815884113311768,168458
24.81868624687195,168458
24.821489810943604,168458
24.824311017990112,168458
24.8271164894104,168458
24.829914331436157,168458
24.832722663879395,168458
24.835533142089844,168458
24.838335275650024,168458
24.84113597869873,168458
24.843945503234863,168458
24.84674048423767,168458
24.84953784942627,168458
24.85235619544983,168458
24.855154991149902,168458
24.85795259475708,168458
24.860751390457153,168458
24.863567113876343,168458
24.866373538970947,168458
24.869184255599976,168458
24.871970415115356,168458
24.8747878074646,168458
24.877583503723145,168458
24.880388259887695,168458
24.883200883865356,168458
24.885995149612427,168458
24.888787746429443,168458
24.89158868789673,168458
24.89439606666565,168458
24.8972008228302,168458
24.89998745918274,168458
24.902793645858765,168458
24.905603885650635,168458
24.908414363861084,168458
24.91122078895569,168458
24.91405200958252,168458
24.916854858398438,168458
24.919666528701782,168458
24.92248296737671,168458
24.92528533935547,168458
24.92808437347412,168458
24.93087100982666,168458
24.933685779571533,168458
24.93649935722351,168458
24.939299821853638,168458
24.94212508201599,168458
24.94492197036743,168458
24.94771957397461,168458
24.95054054260254,168458
24.95336365699768,168458
24.956164360046387,168458
24.958964824676514,168458
24.96177053451538,168458
24.964603900909424,168458
24.967407941818237,168458
24.970208883285522,168458
24.973012924194336,168458
24.975815057754517,168458
24.978615045547485,168458
24.981423139572144,168458
24.984243154525757,168458
24.98707413673401,168458
24.98986577987671,168458
24.992688179016113,168458
24.995483875274658,168458
24.998295783996582,168458
25.00111484527588,168458
25.003926277160645,168458
25.006709337234497,168458
25.00951623916626,168458
25.01233196258545,168458
25.01514768600464,168458
25.01794743537903,168458
25.020756244659424,168458
25.02357006072998,168458
25.026381492614746,168458
25.029188871383667,168458
25.03199315071106,168458
25.034801959991455,168458
25.03761076927185,168458
25.04041600227356,168458
25.043240785598755,168458
25.046046495437622,168458
25.048853874206543,168458
25.051654815673828,168458
25.05448007583618,168458
25.05729031562805,168458
25.060099363327026,168458
25.062911987304688,168458
25.065720796585083,168458
25.068531274795532,168458
25.071337938308716,168458
25.074156045913696,168458
25.07695984840393,168458
25.07977271080017,168458
25.082587242126465,168458
25.085397720336914,168458
25.08820652961731,168458
25.091002464294434,168458
25.093820333480835,168458
25.096620559692383,168458
25.099433183670044,168458
25.102247714996338,168458
25.105060577392578,168458
25.10785484313965,168458
25.110670804977417,168458
25.113484382629395,168458
25.11629629135132,168458
25.119104623794556,168458
25.121901988983154,168458
25.12471294403076,168458
25.12752413749695,168458
25.13033175468445,168458
25.133151531219482,168458
25.135942459106445,168458
25.138749361038208,168458
25.141552448272705,168458
25.14437222480774,168458
25.147178411483765,168458
25.14999294281006,168458
25.15279793739319,168458
25.155599117279053,168458
25.158411502838135,168458
25.16122531890869,168458
25.164045810699463,168458
25.16684103012085,168458
25.169644832611084,168458
25.17246675491333,168458
25.17526865005493,168458
25.1780846118927,168458
25.18087148666382,168458
25.183682680130005,168458
25.18648362159729,168458
25.189298391342163,168458
25.192112684249878,168458
25.19492506980896,168458
25.197725534439087,168458
25.200525760650635,168458
25.203344106674194,168458
25.206153631210327,168458
25.208950757980347,168458
25.21175765991211,168458
25.214581727981567,168458
25.21738624572754,168458
25.22018313407898,168458
25.222995281219482,168458
25.225799083709717,168458
25.22860312461853,168458
25.23140835762024,168458
25.23422646522522,168458
25.23702597618103,168458
25.23982048034668,168458
25.242624521255493,168458
25.245434284210205,168458
25.24824619293213,168458
25.25105333328247,168458
25.25385594367981,168458
25.25666618347168,168458
25.259466409683228,168458
25.262283325195312,168458
25.265094757080078,168458
25.267897844314575,168458
25.270697116851807,168458
25.27351689338684,168458
25.27631688117981,168458
25.279117107391357,168458
25.28191375732422,168458
25.284724235534668,168458
25.287524938583374,168458
25.29033064842224,168458
25.2931489944458,168458
25.295953035354614,168458
25.298762798309326,168458
25.301575183868408,168458
25.304388284683228,168458
25.307199239730835,168458
25.309995412826538,168458
25.312809944152832,168458
25.315611362457275,168458
25.31841540336609,168458
25.32121753692627,168458
25.324035167694092,168458
25.32682728767395,168458
25.329631090164185,168458
25.332454442977905,168458
25.335264682769775,168458
25.33806562423706,168458
25.34086275100708,168458
25.343674898147583,168458
25.346482753753662,168458
25.34928822517395,168458
25.35210943222046,168458
25.354901552200317,168458
25.35770344734192,168458
25.3605055809021,168458
25.363322019577026,168458
25.366127252578735,168458
25.368934631347656,168458
25.371737003326416,168458
25.374556064605713,168458
25.377350568771362,168458
25.380160093307495,168458
25.38297390937805,168458
25.385778427124023,168458
25.388575553894043,168458
25.391374826431274,168458
25.394192934036255,168458
25.396990299224854,168458
25.399784564971924,168458
25.402599334716797,168458
25.405401706695557,168458
25.408210277557373,168458
25.411005973815918,168458
25.413818836212158,168458
25.41661238670349,168458
25.4194176197052,168458
25.42222833633423,168458
25.42504096031189,168458
25.42782998085022,168458
25.43063521385193,168458
25.43343997001648,168458
25.43624496459961,168458
25.43904757499695,168458
25.441842317581177,168458
25.444651126861572,168458
25.44745421409607,168458
25.450252056121826,168458
25.453065633773804,168458
25.455852508544922,168458
25.458657264709473,168458
25.46145510673523,168458
25.464272022247314,168458
25.46707272529602,168458
25.46986198425293,168458
25.472670555114746,168458
25.4754741191864,168458
25.478274822235107,168458
25.48107647895813,168458
25.483880043029785,168458
25.486682176589966,168458
25.489478826522827,168458
25.492292165756226,168458
25.495091676712036,168458
25.497889518737793,168458
25.500680923461914,168458
25.503506422042847,168458
25.506308555603027,168458
25.509116411209106,168458
25.51191282272339,168458
25.514721870422363,168458
25.517510652542114,168458
25.52031922340393,168458
25.52313733100891,168458
25.525936603546143,168458
25.528733015060425,168458
25.531545400619507,168458
25.534352779388428,168458
25.53715968132019,168458
25.53995132446289,168458
25.542763710021973,168458
25.545568466186523,168458
25.548367977142334,168458
25.55117154121399,168458
25.553985834121704,168458
25.556781768798828,168458
25.559582710266113,168458
25.562397956848145,168458
25.56520438194275,168458
25.56799817085266,168458
25.570802688598633,168458
25.573606252670288,168458
25.576416492462158,168458
25.579219818115234,168458
25.582085132598877,168458
25.58491325378418,168458
25.587716341018677,168458
25.590522527694702,168458
25.593337297439575,168458
25.596145629882812,168458
25.598946571350098,168458
25.601750373840332,168458
25.604576587677002,168458
25.607383966445923,168458
25.61019539833069,168458
25.61299204826355,168458
25.615787267684937,168458
25.618589162826538,168458
25.621397495269775,168458
25.62421202659607,168458
25.6270112991333,168458
25.629804849624634,168458
25.632614850997925,168458
25.63541579246521,168458
25.638223886489868,168458
25.641032457351685,168458
25.643837213516235,168458
25.64663577079773,168458
25.64943814277649,168458
25.652242183685303,168458
25.655048608779907,168458
25.657834768295288,168458
25.660637855529785,168458
25.663443565368652,168458
25.66624665260315,168458
25.669047355651855,168458
25.671844959259033,168458
25.67465090751648,168458
25.677453756332397,168458
25.680258750915527,168458
25.68307375907898,168458
25.685869932174683,168458
25.688672304153442,168458
25.691498279571533,168458
25.69433903694153,168458
25.697158336639404,168458
25.6999671459198,168458
25.702776432037354,168458
25.705584049224854,168458
25.70839834213257,168458
25.71119999885559,168458
25.71401333808899,168458
25.71681547164917,168458
25.719621896743774,168458
25.722438097000122,168458
25.725239753723145,168458
25.728047132492065,168458
25.730834007263184,168458
25.733656883239746,168458
25.736459493637085,168458
25.73926854133606,168458
25.742080688476562,168458
25.744881629943848,168458
25.747690200805664,168458
25.75049924850464,168458
25.753305196762085,168458
25.756117343902588,168458
25.758912324905396,168458
25.761709451675415,168458
25.7645263671875,168458
25.767340183258057,168458
25.770143032073975,168458
25.77295207977295,168458
25.775750160217285,168458
25.778558492660522,168458
25.78135895729065,168458
25.78417158126831,168458
25.786978483200073,168458
25.78977870941162,168458
25.792588472366333,168458
25.795398473739624,168458
25.79819941520691,168458
25.80099320411682,168458
25.803804636001587,168458
25.806607961654663,168458
25.809406995773315,168458
25.812224626541138,168458
25.81502890586853,168458
25.817830085754395,168458
25.82063055038452,168458
25.823443174362183,168458
25.826256036758423,168458
25.829061031341553,168458
25.83185386657715,168458
25.834660530090332,168458
25.83747410774231,168458
25.840281009674072,168458
25.84309959411621,168458
25.845900535583496,168458
25.848695516586304,168458
25.8515043258667,168458
25.854318141937256,168458
25.8571298122406,168458
25.85993504524231,168458
25.862746953964233,168458
25.86555242538452,168458
25.86835765838623,168458
25.87116241455078,168458
25.873977661132812,168458
25.87677788734436,168458
25.87958312034607,168458
25.88239049911499,168458
25.885194540023804,168458
25.887994527816772,168458
25.890795469284058,168458
25.893596172332764,168458
25.896408319473267,168458
25.899213075637817,168458
25.902015209197998,168458
25.90484380722046,168458
25.907679796218872,168458
25.910505771636963,168458
25.91334557533264,168458
25.91618537902832,168458
25.919025659561157,168458
25.921822786331177,168458
25.924635887145996,168458
25.927432775497437,168458
25.930234909057617,168458
25.933046102523804,168458
25.93584680557251,168458
25.93865156173706,168458
25.941459894180298,168458
25.944275617599487,168458
25.947086811065674,168458
25.949876070022583,168458
25.952683210372925,168458
25.955488920211792,168458
25.958298206329346,168458
25.961106061935425,168458
25.963922023773193,168458
25.966721534729004,168458
25.969526529312134,168458
25.972341775894165,168458
25.975155115127563,168458
25.97796058654785,168458
25.9807608127594,168458
25.98357105255127,168458
25.98638105392456,168458
25.989187002182007,168458
25.99198865890503,168458
25.9947988986969,168458
25.99760413169861,168458
26.000405311584473,168458
26.00322437286377,168458
26.006014823913574,168458
26.008808612823486,168458
26.011604070663452,168458
26.014424800872803,168458
26.017234802246094,168458
26.020047426223755,168458
26.022841691970825,168458
26.025632619857788,168458
26.028430223464966,168458
26.031235933303833,168458
26.03404998779297,168458
26.036844491958618,168458
26.039642572402954,168458
26.042460680007935,168458
26.0452663898468,168458
26.048070430755615,168458
26.050862073898315,168458
26.053675413131714,168458
26.05647611618042,168458
26.05928897857666,168458
26.06209945678711,168458
26.064905881881714,168458
26.0677011013031,168458
26.070513486862183,168458
26.073330402374268,168458
26.0761399269104,168458
26.07893681526184,168458
26.08174180984497,168458
26.084547758102417,168458
26.087361335754395,168458
26.090167760849,168458
26.092983722686768,168458
26.095783710479736,168458
26.098591089248657,168458
26.101393938064575,168458
26.104215145111084,168458
26.107027292251587,168458
26.109830379486084,168458
26.112644910812378,168458
26.11545491218567,168458
26.11826181411743,168458
26.121074676513672,168458
26.123876810073853,168458
26.1266770362854,168458
26.12947988510132,168458
26.1322979927063,168458
26.13510227203369,168458
26.137901544570923,168458
26.140698432922363,168458
26.1435124874115,168458
26.146313905715942,168458
26.149118423461914,168458
26.151909589767456,168458
26.154717683792114,168458
26.157522201538086,168458
26.16032648086548,168458
26.163135051727295,168458
26.16593360900879,168458
26.168731212615967,168458
26.171536684036255,168458
26.174351453781128,168458
26.177154541015625,168458
26.179948329925537,168458
26.182758569717407,168458
26.185561418533325,168458
26.188366889953613,168458
26.19116449356079,168458
26.193978548049927,168458
26.196779251098633,168458
26.199585437774658,168458
26.202393293380737,168458
26.205203771591187,168458
26.207997798919678,168458
26.210808038711548,168458
26.213618993759155,168458
26.216428756713867,168458
26.21923589706421,168458
26.22205138206482,168458
26.22485065460205,168458
26.227652549743652,168458
26.230453491210938,168458
26.23327612876892,168458
26.236077070236206,168458
26.238871574401855,168458
26.241663932800293,168458
26.244479417800903,168458
26.247283458709717,168458
26.250091791152954,168458
26.25289034843445,168458
26.255696058273315,168458
26.258504629135132,168458
26.261314392089844,168458
26.26412034034729,168458
26.26691961288452,168458
26.26971435546875,168458
26.272528171539307,168458
26.27533793449402,168458
26.278146982192993,168458
26.280938863754272,168458
26.283755779266357,168458
26.2865571975708,168458
26.28936266899109,168458
26.29217839241028,168458
26.29498052597046,168458
26.297778606414795,168458
26.300586223602295,168458
26.303401708602905,168458
26.30621075630188,168458
26.309006452560425,168458
26.311808347702026,168458
26.31461477279663,168458
26.31741690635681,168458
26.32021689414978,168458
26.323036670684814,168458
26.325833797454834,168458
26.328643083572388,168458
26.33143925666809,168458
26.334256649017334,168458
26.337064266204834,168458
26.339850425720215,168458
26.342663764953613,168458
26.3454692363739,168458
26.348279237747192,168458
26.35109853744507,168458
26.353907346725464,168458
26.35670781135559,168458
26.35950517654419,168458
26.36232089996338,168458
26.365132570266724,168458
26.367938995361328,168458
26.370740175247192,168458
26.373559951782227,168458
26.376365423202515,168458
26.379175424575806,168458
26.381969690322876,168458
26.384784936904907,168458
26.387584686279297,168458
26.390388011932373,168458
26.393206119537354,168458
26.396013498306274,168458
26.398808240890503,168458
26.401610612869263,168458
26.404420137405396,168458
26.407222747802734,168458
26.41002583503723,168458
26.412832975387573,168458
26.41563105583191,168458
26.418428659439087,168458
26.421234130859375,168458
26.424052476882935,168458
26.426846504211426,168458
26.42965340614319,168458
26.43246841430664,168458
26.43526792526245,168458
26.43806505203247,168458
26.440853357315063,168458
26.443666458129883,168458
26.446479082107544,168458
26.449284553527832,168458
26.452108144760132,168458
26.454904317855835,168458
26.457706212997437,168458
26.46050786972046,168458
26.463335752487183,168458
26.466147899627686,168458
26.468948125839233,168458
26.471749782562256,168458
26.474562406539917,168458
26.47736620903015,168458
26.480180740356445,168458
26.482985019683838,168458
26.48578667640686,168458
26.488641500473022,168458
26.491446256637573,168458
26.49426293373108,168458
26.497066736221313,168458
26.49986243247986,168458
26.50268006324768,168458
26.505481719970703,168458
26.50828742980957,168458
26.511085033416748,168458
26.513887643814087,168458
26.51669669151306,168458
26.51950240135193,168458
26.522315502166748,168458
26.525114059448242,168458
26.527915954589844,168458
26.530709743499756,168458
26.53355574607849,168458
26.536384105682373,168458
26.539191484451294,168458
26.54198408126831,168458
26.544793605804443,168458
26.547597408294678,168458
26.550408601760864,168458
26.55322289466858,168458
26.556031465530396,168458
26.558820247650146,168458
26.561622619628906,168458
26.564443588256836,168458
26.56724762916565,168458
26.570046186447144,168458
26.57285189628601,168458
26.575647592544556,168458
26.578450918197632,168458
26.581254482269287,168458
26.584073066711426,168458
26.586862087249756,168458
26.589653968811035,168458
26.592459201812744,168458
26.595282793045044,168458
26.59808611869812,168458
26.600879907608032,168458
26.603698015213013,168458
26.606704235076904,168458
26.609503746032715,168458
26.612316370010376,168458
26.615113496780396,168458
26.61790657043457,168458
26.620699405670166,168458
26.623515605926514,168458
26.62632155418396,168458
26.629129886627197,168458
26.631925106048584,168458
26.634737491607666,168458
26.63754105567932,168458
26.64034414291382,168458
26.643152475357056,168458
26.645944833755493,168458
26.648749828338623,168458
26.651552438735962,168458
26.654369354248047,168458
26.65717053413391,168458
26.659969091415405,168458
26.662782669067383,168458
26.665583848953247,168458
26.66839861869812,168458
26.671196937561035,168458
26.67400813102722,168458
26.676803588867188,168458
26.679604291915894,168458
26.682416200637817,168458
26.68522357940674,168458
26.688021421432495,168458
26.6908175945282,168458
26.693623781204224,168458
26.69642472267151,168458
26.699224948883057,168458
26.702040910720825,168458
26.704837322235107,168458
26.707631826400757,168458
26.710433959960938,168458
26.7132465839386,168458
26.716055154800415,168458
26.718857049942017,168458
26.721665620803833,168458
26.724486589431763,168458
26.72729206085205,168458
26.73010015487671,168458
26.73290205001831,168458
26.735695362091064,168458
26.73849320411682,168458
26.74130153656006,168458
26.744102954864502,168458
26.746899604797363,168458
26.749688863754272,168458
26.75249433517456,168458
26.755353689193726,168458
26.75817084312439,168458
26.76096534729004,168458
26.76384139060974,168458
26.766639947891235,168458
26.769448280334473,168458
26.772265434265137,168458
26.77507758140564,168458
26.77788257598877,168458
26.780689239501953,168458
26.783510208129883,168458
26.786318063735962,168458
26.78912901878357,168458
26.79193139076233,168458
26.794739961624146,168458
26.797548055648804,168458
26.800350427627563,168458
26.80317449569702,168458
26.805969953536987,168458
26.8087739944458,168458
26.81158185005188,168458
26.81439781188965,168458
26.817204236984253,168458
26.820000886917114,168458
26.82281255722046,168458
26.825615167617798,168458
26.828418254852295,168458
26.831223487854004,168458
26.83404016494751,168458
26.836832761764526,168458
26.839632749557495,168458
26.84244966506958,168458
26.84525227546692,168458
26.848058462142944,168458
26.850853204727173,168458
26.8536696434021,168458
26.856473922729492,168458
26.859272480010986,168458
26.862077474594116,168458
26.864864587783813,168458
26.867659091949463,168458
26.87046241760254,168458
26.87328314781189,168458
26.8760883808136,168458
26.8788845539093,168458
26.88168168067932,168458
26.88449001312256,168458
26.887293100357056,168458
26.89009118080139,168458
26.892897844314575,168458
26.895693063735962,168458
26.89850115776062,168458
26.901307821273804,168458
26.904120922088623,168458
26.906944751739502,168458
26.90976619720459,168458
26.912606954574585,168458
26.91544508934021,168458
26.91824746131897,168458
26.92105722427368,168458
26.923858404159546,168458
26.926666021347046,168458
26.929476261138916,168458
26.932298183441162,168458
26.935101747512817,168458
26.937897443771362,168458
26.940702199935913,168458
26.943525075912476,168458
26.946329593658447,168458
26.94913411140442,168458
26.951924800872803,168458
26.954737901687622,168458
26.957544088363647,168458
26.96035099029541,168458
26.963165283203125,168458
26.965965747833252,168458
26.968758821487427,168458
26.971567630767822,168458
26.974372148513794,168458
26.977182149887085,168458
26.979983806610107,168458
26.98279047012329,168458
26.985584020614624,168458
26.98839259147644,168458
26.99119281768799,168458
26.994004487991333,168458
26.996805906295776,168458
26.999606370925903,168458
27.002434015274048,168458
27.00524401664734,168458
27.0080406665802,168458
27.01084280014038,168458
27.01364827156067,168458
27.016448736190796,168458
27.019254207611084,168458
27.022069931030273,168458
27.024869203567505,168458
27.027670860290527,168458
27.03047013282776,168458
27.03328227996826,168458
27.0361270904541,168458
27.038947343826294,168458
27.04176425933838,168458
27.044575929641724,168458
27.047373294830322,168458
27.0501811504364,168458
27.052984476089478,168458
27.05578899383545,168458
27.058592796325684,168458
27.06140160560608,168458
27.06421661376953,168458
27.067023515701294,168458
27.069817304611206,168458
27.072631120681763,168458
27.07543134689331,168458
27.07823610305786,168458
27.08103370666504,168458
27.083840370178223,168458
27.086631536483765,168458
27.089430332183838,168458
27.092240571975708,168458
27.09504008293152,168458
27.097832679748535,168458
27.100634813308716,168458
27.103448152542114,168458
27.106253147125244,168458
27.109050035476685,168458
27.111844301223755,168458
27.114654302597046,168458
27.117456436157227,168458
27.120255708694458,168458
27.12307643890381,168458
27.125868797302246,168458
27.12866759300232,168458
27.131470918655396,168458
27.134286880493164,168458
27.137091875076294,168458
27.13988471031189,168458
27.142685413360596,168458
27.145490884780884,168458
27.148289680480957,168458
27.151100397109985,168458
27.153912782669067,168458
27.15670895576477,168458
27.159509420394897,168458
27.162326335906982,168458
27.165130853652954,168458
27.167927026748657,168458
27.170716047286987,168458
27.17353367805481,168458
27.17633557319641,168458
27.17914319038391,168458
27.181943655014038,168458
27.184754610061646,168458
27.18755602836609,168458
27.190353393554688,168458
27.193168878555298,168458
27.19596576690674,168458
27.198759078979492,168458
27.20156240463257,168458
27.204367876052856,168458
27.207170724868774,168458
27.209964990615845,168458
27.212771892547607,168458
27.21557331085205,168458
27.218376874923706,168458
27.221176624298096,168458
27.22398352622986,168458
27.22677969932556,168458
27.229573965072632,168458
27.23239231109619,168458
27.235195636749268,168458
27.237987279891968,168458
27.240791082382202,168458
27.24359655380249,168458
27.2464017868042,168458
27.24920654296875,168458
27.25200343132019,168458
27.254809141159058,168458
27.2576162815094,168458
27.260414838790894,168458
27.26323175430298,168458
27.266026735305786,168458
27.268813371658325,168458
27.27160668373108,168458
27.274425268173218,168458
27.277231693267822,168458
27.280041456222534,168458
27.282843589782715,168458
27.285646200180054,168458
27.28845477104187,168458
27.29126501083374,168458
27.294089794158936,168458
27.296883821487427,168458
27.29968810081482,168458
27.302494764328003,168458
27.30529475212097,168458
27.30809998512268,168458
27.310898065567017,168458
27.31370520591736,168458
27.316503524780273,168458
27.319307804107666,168458
27.32212734222412,168458
27.3249294757843,168458
27.32772469520569,168458
27.33053207397461,168458
27.33334469795227,168458
27.33614444732666,168458
27.33893895149231,168458
27.341742753982544,168458
27.344555616378784,168458
27.347354650497437,168458
27.35015559196472,168458
27.352962970733643,168458
27.35575556755066,168458
27.35856342315674,168458
27.361361503601074,168458
27.36418318748474,168458
27.366976737976074,168458
27.36978268623352,168458
27.37259268760681,168458
27.375402212142944,168458
27.378209352493286,168458
27.38100552558899,168458
27.38381838798523,168458
27.386619806289673,168458
27.389413356781006,168458
27.392229318618774,168458
27.395025730133057,168458
27.39781928062439,168458
27.40061640739441,168458
27.4034264087677,168458
27.406227827072144,168458
27.409029960632324,168458
27.411827087402344,168458
27.41463279724121,168458
27.41742467880249,168458
27.42022943496704,168458
27.423041582107544,168458
27.425831079483032,168458
27.42863130569458,168458
27.43142795562744,168458
27.434244394302368,168458
27.43705129623413,168458
27.439838647842407,168458
27.442642211914062,168458
27.445447206497192,168458
27.44824981689453,168458
27.451054573059082,168458
27.453856229782104,168458
27.456650495529175,168458
27.459452152252197,168458
27.462260723114014,168458
27.465067625045776,168458
27.467862844467163,168458
27.47066330909729,168458
27.47347378730774,168458
27.476276397705078,168458
27.479073524475098,168458
27.48186469078064,168458
27.4846773147583,168458
27.48748779296875,168458
27.490293264389038,168458
27.49310564994812,168458
27.495895624160767,168458
27.498693227767944,168458
27.50149917602539,168458
27.504321336746216,168458
27.507128477096558,168458
27.509928226470947,168458
27.51272487640381,168458
27.515524864196777,168458
27.518321752548218,168458
27.521119594573975,168458
27.523919820785522,168458
27.52671217918396,168458
27.52950692176819,168458
27.532314777374268,168458
27.535115957260132,168458
27.53791356086731,168458
27.540706634521484,168458
27.543524980545044,168458
27.546327114105225,168458
27.549134016036987,168458
27.55193591117859,168458
27.55474877357483,168458
27.557548761367798,168458
27.560357570648193,168458
27.563167333602905,168458
27.565972328186035,168458
27.56877326965332,168458
27.57157254219055,168458
27.5743887424469,168458
27.577194452285767,168458
27.579989910125732,168458
27.582800149917603,168458
27.585602045059204,168458
27.588400840759277,168458
27.591199159622192,168458
27.594003915786743,168458
27.59679937362671,168458
27.59959864616394,168458
27.60241174697876,168458
27.605220556259155,168458
27.60801386833191,168458
27.610815286636353,168458
27.61362648010254,168458
27.61642551422119,168458
27.61922812461853,168458
27.62203311920166,168458
27.624826669692993,168458
27.62762761116028,168458
27.630424976348877,168458
27.63324475288391,168458
27.636042594909668,168458
27.638839960098267,168458
27.641638040542603,168458
27.644447565078735,168458
27.647250652313232,168458
27.650054454803467,168458
27.65285301208496,168458
27.65565037727356,168458
27.658448696136475,168458
27.661255598068237,168458
27.664071321487427,168458
27.66686463356018,168458
27.66965651512146,168458
27.672461986541748,168458
27.67525291442871,168458
27.678056001663208,168458
27.680845499038696,168458
27.683664321899414,168458
27.686468601226807,168458
27.689271450042725,168458
27.692079305648804,168458
27.69487428665161,168458
27.697667121887207,168458
27.700474739074707,168458
27.703279733657837,168458
27.706092834472656,168458
27.70888376235962,168458
27.71170663833618,168458
27.714550971984863,168458
27.717360496520996,168458
27.72017240524292,168458
27.722983598709106,168458
27.72578525543213,168458
27.728585481643677,168458
27.73138737678528,168458
27.734203815460205,168458
27.737003564834595,168458
27.739799976348877,168458
27.74260950088501,168458
27.745413064956665,168458
27.74821448326111,168458
27.7510085105896,168458
27.753820419311523,168458
27.756617069244385,168458
27.759413957595825,168458
27.762229681015015,168458
27.7650306224823,168458
27.767821788787842,168458
27.77061891555786,168458
27.77342462539673,168458
27.776225566864014,168458
27.779029607772827,168458
27.781860828399658,168458
27.784682512283325,168458
27.78750443458557,168458
27.790306568145752,168458
27.79312252998352,168458
27.795912504196167,168458
27.79871153831482,168458
27.80151343345642,168458
27.804335355758667,168458
27.807138204574585,168458
27.809935092926025,168458
27.812739849090576,168458
27.815537929534912,168458
27.81834363937378,168458
27.821150541305542,168458
27.823956966400146,168458
27.82675814628601,168458
27.829566955566406,168458
27.83238458633423,168458
27.8351948261261,168458
27.837993144989014,168458
27.840801000595093,168458
27.843599557876587,168458
27.846404314041138,168458
27.849207639694214,168458
27.852004289627075,168458
27.854814052581787,168458
27.857609272003174,168458
27.860406160354614,168458
27.863221168518066,168458
27.866026163101196,168458
27.86881709098816,168458
27.87161636352539,168458
27.874428749084473,168458
27.877230405807495,168458
27.88003659248352,168458
27.88284420967102,168458
27.885639905929565,168458
27.888436794281006,168458
27.891241312026978,168458
27.894058227539062,168458
27.896856546401978,168458
27.899653911590576,168458
27.90246057510376,168458
27.905260801315308,168458
27.908111095428467,168458
27.910908937454224,168458
27.91374897956848,168458
27.916577577590942,168458
27.919405221939087,168458
27.92222499847412,168458
27.925034761428833,168458
27.927823543548584,168458
27.93062710762024,168458
27.93343758583069,168458
27.93624711036682,168458
27.93906021118164,168458
27.941853046417236,168458
27.944666385650635,168458
27.9474675655365,168458
27.950273275375366,168458
27.95307946205139,168458
27.95586585998535,168458
27.958660364151,168458
27.96145272254944,168458
27.96427083015442,168458
27.96706986427307,168458
27.969860315322876,168458
27.972660779953003,168458
27.97544836997986,168458
27.978241682052612,168458
27.98105239868164,168458
27.9838547706604,168458
27.986652851104736,168458
27.989455223083496,168458
27.992273569107056,168458
27.995076894760132,168458
27.997867345809937,168458
28.000653982162476,168458
28.003466606140137,168458
28.006264686584473,168458
28.009072303771973,168458
28.01185894012451,168458
28.014661073684692,168458
28.0174617767334,168458
28.020267486572266,168458
28.023081302642822,168458
28.02587342262268,168458
28.028664112091064,168458
28.031463623046875,168458
28.034282445907593,168458
28.0370934009552,168458
28.039891004562378,168458
28.04269766807556,168458
28.045499086380005,168458
28.0482976436615,168458
28.051101446151733,168458
28.0539071559906,168458
28.056708574295044,168458
28.05951428413391,168458
28.062323808670044,168458
28.065129041671753,168458
28.067920207977295,168458
28.070722579956055,168458
28.073530435562134,168458
28.076334238052368,168458
28.079134464263916,168458
28.081926345825195,168458
28.084726572036743,168458
28.087525367736816,168458
28.090327262878418,168458
28.09313726425171,168458
28.095930814743042,168458
28.09873104095459,168458
28.101537466049194,168458
28.10435128211975,168458
28.107154369354248,168458
28.10995316505432,168458
28.112759351730347,168458
28.115567207336426,168458
28.118401050567627,168458
28.121230363845825,168458
28.124059438705444,168458
28.126851320266724,168458
28.129647731781006,168458
28.132461309432983,168458
28.13525915145874,168458
28.13807225227356,168458
28.140864610671997,168458
28.143670082092285,168458
28.14646577835083,168458
28.149266958236694,168458
28.1520733833313,168458
28.15486454963684,168458
28.157653331756592,168458
28.160449743270874,168458
28.16326355934143,168458
28.16607165336609,168458
28.16886281967163,168458
28.171663761138916,168458
28.174477577209473,168458
28.177279710769653,168458
28.180079221725464,168458
28.182882070541382,168458
28.185672283172607,168458
28.188477039337158,168458
28.191275358200073,168458
28.194089889526367,168458
28.196877002716064,168458
28.199676275253296,168458
28.20248532295227,168458
28.205286502838135,168458
28.208094835281372,168458
28.210893630981445,168458
28.213696241378784,168458
28.216498374938965,168458
28.219306707382202,168458
28.222123861312866,168458
28.22492027282715,168458
28.22772479057312,168458
28.23052167892456,168458
28.233336687088013,168458
28.236214876174927,168458
28.239013671875,168458
28.241815328598022,168458
28.244620323181152,168458
28.24742579460144,168458
28.250229835510254,168458
28.25303626060486,168458
28.255830764770508,168458
28.258626699447632,168458
28.26142382621765,168458
28.264241695404053,168458
28.267035484313965,168458
28.269829750061035,168458
28.27263641357422,168458
28.275432348251343,168458
28.278228521347046,168458
28.281029224395752,168458
28.283836126327515,168458
28.286632776260376,168458
28.289429187774658,168458
28.292242288589478,168458
28.2950439453125,168458
28.297822952270508,168458
28.300622701644897,168458
28.303426027297974,168458
28.30622673034668,168458
28.30902600288391,168458
28.31181573867798,168458
28.314634323120117,168458
28.31742787361145,168458
28.320228338241577,168458
28.32304310798645,168458
28.325825452804565,168458
28.328620195388794,168458
28.331416368484497,168458
28.334226369857788,168458
28.337021350860596,168458
28.339817762374878,168458
28.342626094818115,168458
28.345428466796875,168458
28.348233222961426,168458
28.351036071777344,168458
28.353832244873047,168458
28.356631994247437,168458
28.35942816734314,168458
28.362234354019165,168458
28.365041732788086,168458
28.36783480644226,168458
28.37063217163086,168458
28.37345266342163,168458
28.376253843307495,168458
28.3790602684021,168458
28.381855487823486,168458
28.3846652507782,168458
28.38747215270996,168458
28.390276193618774,168458
28.393081188201904,168458
28.395862340927124,168458
28.39865493774414,168458
28.40145254135132,168458
28.40425682067871,168458
28.40706205368042,168458
28.409854888916016,168458
28.412662982940674,168458
28.415462732315063,168458
28.41826057434082,168458
28.421062469482422,168458
28.423866510391235,168458
28.426661491394043,168458
28.429465770721436,168458
28.43227791786194,168458
28.435084342956543,168458
28.4378719329834,168458
28.44067120552063,168458
28.443474531173706,168458
28.446279525756836,168458
28.449073314666748,168458
28.451859951019287,168458
28.454662799835205,168458
28.457464933395386,168458
28.460256814956665,168458
28.463071823120117,168458
28.46586275100708,168458
28.468658208847046,168458
28.471456050872803,168458
28.474269151687622,168458
28.477067470550537,168458
28.479856729507446,168458
28.482658624649048,168458
28.48546552658081,168458
28.488255739212036,168458
28.49105978012085,168458
28.493857622146606,168458
28.496656894683838,168458
28.49945902824402,168458
28.50226664543152,168458
28.505067348480225,168458
28.50785732269287,168458
28.51065707206726,168458
28.513468742370605,168458
28.51626443862915,168458
28.51906108856201,168458
28.521852493286133,168458
28.52465558052063,168458
28.52745509147644,168458
28.530256986618042,168458
28.533064365386963,168458
28.53585696220398,168458
28.53865361213684,168458
28.541456699371338,168458
28.544265031814575,168458
28.547069549560547,168458
28.549857139587402,168458
28.552661657333374,168458
28.555460453033447,168458
28.558260917663574,168458
28.56106972694397,168458
28.563873767852783,168458
28.566667079925537,168458
28.5694580078125,168458
28.572259426116943,168458
28.575069904327393,168458
28.577860355377197,168458
28.58065176010132,168458
28.583468914031982,168458
28.58626961708069,168458
28.589064598083496,168458
28.591854095458984,168458
28.594663619995117,168458
28.597466468811035,168458
28.60027050971985,168458
28.603081464767456,168458
28.60587978363037,168458
28.608863830566406,168458
28.611667156219482,168458
28.614478588104248,168458
28.617280960083008,168458
28.620084047317505,168458
28.622882604599,168458
28.62567400932312,168458
28.628468990325928,168458
28.631264448165894,168458
28.634071350097656,168458
28.63685631752014,168458
28.639647245407104,168458
28.642452239990234,168458
28.645256996154785,168458
28.64806056022644,168458
28.650848865509033,168458
28.653661251068115,168458
28.65645933151245,168458
28.65926957130432,168458
28.662109851837158,168458
28.66493511199951,168458
28.667739391326904,168458
28.670543432235718,168458
28.673354148864746,168458
28.676164627075195,168458
28.678961515426636,168458
28.681764602661133,168458
28.684578895568848,168458
28.68738627433777,168458
28.690185546875,168458
28.69299578666687,168458
28.69580316543579,168458
28.698603868484497,168458
28.701403856277466,168458
28.704221725463867,168458
28.70702290534973,168458
28.70981740951538,168458
28.712623834609985,168458
28.715426921844482,168458
28.71825075149536,168458
28.721059322357178,168458
28.723868370056152,168458
28.72667360305786,168458
28.729477882385254,168458
28.7322940826416,168458
28.735107421875,168458
28.737908363342285,168458
28.74071192741394,168458
28.743534088134766,168458
28.74633502960205,168458
28.749138593673706,168458
28.75193476676941,168458
28.75475239753723,168458
28.757549047470093,168458
28.76035451889038,168458
28.763171911239624,168458
28.765966176986694,168458
28.76876449584961,168458
28.771563053131104,168458
28.77437138557434,168458
28.77717661857605,168458
28.779973030090332,168458
28.782784461975098,168458
28.785589694976807,168458
28.788393259048462,168458
28.791203498840332,168458
28.794023990631104,168458
28.7968111038208,168458
28.7996084690094,168458
28.80247163772583,168458
28.805286407470703,168458
28.80808711051941,168458
28.81095314025879,168458
28.813761472702026,168458
28.81656551361084,168458
28.819370985031128,168458
28.822193145751953,168458
28.82501482963562,168458
28.82782006263733,168458
28.830621480941772,168458
28.83342957496643,168458
28.836236238479614,168458
28.839031457901,168458
28.841826677322388,168458
28.84463906288147,168458
28.84752631187439,168370
28.85032367706299,168370
28.853131771087646,168370
28.855926752090454,168370
28.858720541000366,168370
28.86152482032776,168370
28.86433482170105,168370
28.86713743209839,168370
28.86992573738098,168370
28.87273597717285,168370
28.87553644180298,168370
28.878345727920532,168370
28.881150007247925,168370
28.883954524993896,168370
28.88675022125244,168370
28.88955783843994,168370
28.89236283302307,168370
28.895168781280518,168370
28.897953748703003,168370
28.900746822357178,168370
28.903558492660522,168370
28.906354188919067,168370
28.909207344055176,168370
28.91201663017273,168370
28.914848804473877,168370
28.91767978668213,168370
28.920511722564697,168370
28.92334532737732,168370
28.926153421401978,168370
28.928950309753418,168370
28.931748867034912,168370
28.934561491012573,168370
28.93737483024597,168370
28.940174341201782,168370
28.942981004714966,168370
28.9457848072052,168370
28.948582410812378,168370
28.95139169692993,168370
28.9542133808136,168370
28.95701503753662,168370
28.959818124771118,168370
28.962631464004517,168370
28.965423583984375,168370
28.968228340148926,168370
28.971025466918945,168370
28.973827362060547,168370
28.97661828994751,168370
28.979423761367798,168370
28.982235431671143,168370
28.98504328727722,168370
28.987844944000244,168370
28.990647554397583,168370
28.993465423583984,168370
28.99627709388733,168370
28.999082803726196,168370
29.001873016357422,168370
29.004682302474976,168370
29.00748586654663,168370
29.01028847694397,168370
29.013105154037476,168370
29.01589059829712,168370
29.018688440322876,168370
29.02149486541748,168370
29.024311065673828,168370
29.027113914489746,168370
29.029911518096924,168370
29.032720804214478,168370
29.03552269935608,168370
29.03832769393921,168370
29.041144609451294,168370
29.043941020965576,168370
29.046804904937744,168370
29.049609661102295,168370
29.052423000335693,168370
29.055225133895874,168370
29.058024406433105,168370
29.060817003250122,168370
29.063629627227783,168370
29.066434621810913,168370
29.069233179092407,168370
29.072035789489746,168370
29.07483196258545,168370
29.077634811401367,168370
29.080442190170288,168370
29.08325171470642,168370
29.086061477661133,168370
29.08885931968689,168370
29.091660737991333,168370
29.094481229782104,168370
29.09728717803955,168370
29.10009479522705,168370
29.102901220321655,168370
29.105698585510254,168370
29.10849952697754,168370
29.111308574676514,168370
29.114125728607178,168370
29.11692476272583,168370
29.119725465774536,168370
29.1225426197052,168370
29.125349044799805,168370
29.128155946731567,168370
29.13095498085022,168370
29.13377070426941,168370
29.136574268341064,168370
29.13938283920288,168370
29.14219069480896,168370
29.144992113113403,168370
29.14779233932495,168370
29.150593996047974,168370
29.153406143188477,168370
29.156208276748657,168370
29.159006357192993,168370
29.161808013916016,168370
29.16461968421936,168370
29.16742706298828,168370
29.17023515701294,168370
29.173054695129395,168370
29.175849676132202,168370
29.178643226623535,168370
29.181448936462402,168370
29.1842679977417,168370
29.187079668045044,168370
29.189876794815063,168370
29.192683696746826,168370
29.195488929748535,168370
29.198288679122925,168370
29.201088428497314,168370
29.203895092010498,168370
29.206689596176147,168370
29.209492444992065,168370
29.21230721473694,168370
29.215115785598755,168370
29.21791696548462,168370
29.22071671485901,168370
29.22352695465088,168370
29.22633171081543,168370
29.229145288467407,168370
29.231937170028687,168370
29.234750270843506,168370
29.237556219100952,168370
29.240366220474243,168370
29.243183135986328,168370
29.245983839035034,168370
29.24878978729248,168370
29.251590728759766,168370
29.254398107528687,168370
29.257208347320557,168370
29.26000666618347,168370
29.262816667556763,168370
29.265625715255737,168370
29.268436908721924,168370
29.271239519119263,168370
29.27405285835266,168370
29.2768497467041,168370
29.279645681381226,168370
29.282454252243042,168370
29.285266876220703,168370
29.288076877593994,168370
29.29087996482849,168370
29.29369568824768,168370
29.296497106552124,168370
29.299304485321045,168370
29.302123308181763,168370
29.304917335510254,168370
29.307721614837646,168370
29.310526371002197,168370
29.313342571258545,168370
29.31614899635315,168370
29.31894588470459,168370
29.321742296218872,168370
29.32456350326538,168370
29.32736825942993,168370
29.33017373085022,168370
29.332977771759033,168370
29.33578324317932,168370
29.33857774734497,168370
29.341383934020996,168370
29.34419870376587,168370
29.347001314163208,168370
29.349804401397705,168370
29.352619171142578,168370
29.35541844367981,168370
29.358222484588623,168370
29.36101722717285,168370
29.363826751708984,168370
29.366628885269165,168370
29.369438886642456,168370
29.37225842475891,168370
29.375060319900513,168370
29.377846240997314,168370
29.38065004348755,168370
29.383474111557007,168370
29.38628649711609,168370
29.389091730117798,168370
29.391892671585083,168370
29.394706964492798,168370
29.39750909805298,168370
29.400317430496216,168370
29.403143167495728,168370
29.405937671661377,168370
29.40874195098877,168370
29.411540508270264,168370
29.41436457633972,168370
29.417171716690063,168370
29.419973850250244,168370
29.42277765274048,168370
29.425585508346558,168370
29.428398370742798,168370
29.431204557418823,168370
29.434016227722168,168370
29.436809539794922,168370
29.43961262702942,168370
29.442432403564453,168370
29.445239782333374,168370
29.44805097579956,168370
29.450846195220947,168370
29.45366096496582,168370
29.456465005874634,168370
29.45927119255066,168370
29.462081909179688,168370
29.464879274368286,168370
29.467674016952515,168370
29.470484733581543,168370
29.473302602767944,168370
29.476110696792603,168370
29.478905200958252,168370
29.481708765029907,168370
29.484523057937622,168370
29.487327337265015,168370
29.490134716033936,168370
29.492939472198486,168370
29.495734691619873,168370
29.498535871505737,168370
29.50134038925171,168370
29.504164934158325,168370
29.506961822509766,168370
29.50975799560547,168370
29.512574911117554,168370
29.51538586616516,168370
29.5181884765625,168370
29.520981311798096,168370
29.523793935775757,168370
29.526599407196045,168370
29.529401063919067,168370
29.532214879989624,168370
29.535006999969482,168370
29.537806034088135,168370
29.54060125350952,168370
29.543419122695923,168370
29.546223402023315,168370
29.54902672767639,168370
29.551828384399414,168370
29.55464196205139,168370
29.557446241378784,168370
29.56025505065918,168370
29.56307053565979,168370
29.56586194038391,168370
29.56866431236267,168370
29.57146453857422,168370
29.574273109436035,168370
29.577069759368896,168370
29.57985758781433,168370
29.582661867141724,168370
29.585466861724854,168370
29.588266611099243,168370
29.591071605682373,168370
29.593871593475342,168370
29.59667134284973,168370
29.59948205947876,168370
29.60229468345642,168370
29.605107307434082,168370
29.60790991783142,168370
29.61070990562439,168370
29.613564491271973,168370
29.616397857666016,168370
29.619206190109253,168370
29.62200903892517,168370
29.624823093414307,168370
29.62763285636902,168370
29.6304292678833,168370
29.63324213027954,168370
29.636043310165405,168370
29.63883876800537,168370
29.64163899421692,168370
29.644449710845947,168370
29.647254943847656,168370
29.65005898475647,168370
29.65286350250244,168370
29.655664682388306,168370
29.658468008041382,168370
29.6612765789032,168370
29.664088249206543,168370
29.66688871383667,168370
29.669679641723633,168370
29.67249298095703,168370
29.675298929214478,168370
29.678102493286133,168370
29.680899620056152,168370
29.683719635009766,168370
29.68652057647705,168370
29.689324378967285,168370
29.692134141921997,168370
29.694936990737915,168370
29.697733640670776,168370
29.70053458213806,168370
29.703341007232666,168370
29.70615267753601,168370
29.70894980430603,168370
29.71179986000061,168370
29.714608669281006,168370
29.717414140701294,168370
29.720214366912842,168370
29.72302508354187,168370
29.72581958770752,168370
29.72862696647644,168370
29.731433868408203,168370
29.734257459640503,168370
29.737062454223633,168370
29.739861488342285,168370
29.742674112319946,168370
29.7454776763916,168370
29.748286724090576,168370
29.75109100341797,168370
29.75390338897705,168370
29.75670051574707,168370
29.759509325027466,168370
29.7623291015625,168370
29.765137910842896,168370
29.767932891845703,168370
29.770726442337036,168370
29.773542404174805,168370
29.77635097503662,168370
29.779157400131226,168370
29.781951189041138,168370
29.784764051437378,168370
29.787566423416138,168370
29.790372610092163,168370
29.793193817138672,168370
29.79599690437317,168370
29.798803567886353,168370
29.80160927772522,168370
29.80442190170288,168370
29.80723285675049,168370
29.810030221939087,168370
29.81282615661621,168370
29.81562876701355,168370
29.818438053131104,168370
29.821239948272705,168370
29.82406497001648,168370
29.826858043670654,168370
29.829663276672363,168370
29.832479238510132,168370
29.835285663604736,168370
29.83809185028076,168370
29.84089183807373,168370
29.84370231628418,168370
29.84650683403015,168370
29.849313735961914,168370
29.852134227752686,168370
29.85493755340576,168370
29.85774564743042,168370
29.860545873641968,168370
29.863363027572632,168370
29.866179943084717,168370
29.868976831436157,168370
29.871773958206177,168370
29.874598503112793,168370
29.877399921417236,168370
29.880207300186157,168370
29.883025884628296,168370
29.88581919670105,168370
29.888620615005493,168370
29.891429901123047,168370
29.89425492286682,168370
29.897059679031372,168370
29.899860382080078,168370
29.90266990661621,168370
29.905483722686768,168370
29.908315181732178,168370
29.91114044189453,168370
29.91397213935852,168370
29.916794538497925,168370
29.919629335403442,168370
29.92246651649475,168370
29.925293922424316,168370
29.92810320854187,168370
29.930906772613525,168370
29.933719635009766,168370
29.936527252197266,168370
29.93932843208313,168370
29.942145586013794,168370
29.944939851760864,168370
29.947731733322144,168370
29.950538158416748,168370
29.95335102081299,168370
29.956149578094482,168370
29.958948612213135,168370
29.96174192428589,168370
29.9645574092865,168370
29.967360496520996,168370
29.97016668319702,168370
29.972973108291626,168370
29.975770711898804,168370
29.97857403755188,168370
29.981371879577637,168370
29.984184980392456,168370
29.986977577209473,168370
29.98978281021118,168370
29.992592811584473,168370
29.995473623275757,168370
29.998283624649048,168370
30.00108313560486,168370
30.003893852233887,168370
30.00668954849243,168370
30.00949239730835,168370
30.012304544448853,168370
30.015108108520508,168370
30.017889976501465,168370
30.02068853378296,168370
30.02349829673767,168370
30.026301860809326,168370
30.02910351753235,168370
30.031898975372314,168370
30.03470492362976,168370
30.0375075340271,168370
30.040305376052856,168370
30.04311466217041,168370
30.045908451080322,168370
30.048706531524658,168370
30.051498651504517,168370
30.05430769920349,168370
30.057109832763672,168370
30.05990171432495,168370
30.062705755233765,168370
30.06551194190979,168370
30.068312168121338,168370
30.071117639541626,168370
30.073925733566284,168370
30.076724529266357,168370
30.079519987106323,168370
30.08233118057251,168370
30.085126399993896,168370
30.08792543411255,168370
30.090718746185303,168370
30.09352469444275,168370
30.096330404281616,168370
30.09912919998169,168370
30.10192036628723,168370
30.104727745056152,168370
30.107526540756226,168370
30.110336542129517,168370
30.113155364990234,168370
30.11598777770996,168370
30.118812084197998,168370
30.121636629104614,168370
30.124449014663696,168370
30.127256870269775,168370
30.130059480667114,168370
30.13286280632019,168370
30.13565945625305,168370
30.138463258743286,168370
30.141270875930786,168370
30.144086599349976,168370
30.146884202957153,168370
30.14968466758728,168370
30.152497053146362,168370
30.15530276298523,168370
30.15810537338257,168370
30.160903215408325,168370
30.1637122631073,168370
30.166515827178955,168370
30.169310092926025,168370
30.172122478485107,168370
30.17491626739502,168370
30.17771553993225,168370
30.180517196655273,168370
30.18332815170288,168370
30.186131477355957,168370
30.188925981521606,168370
30.191718339920044,168370
30.194535970687866,168370
30.19734215736389,168370
30.200149059295654,168370
30.20294690132141,168370
30.205744743347168,168370
30.208536863327026,168370
30.211349964141846,168370
30.214162349700928,168370
30.21696186065674,168370
30.219753980636597,168370
30.22256898880005,168370
30.22536540031433,168370
30.228165864944458,168370
30.230953693389893,168370
30.23375630378723,168370
30.23655605316162,168370
30.239366054534912,168370
30.24217414855957,168370
30.244970321655273,168370
30.24776554107666,168370
30.25056552886963,168370
30.253376960754395,168370
30.256181240081787,168370
30.258973836898804,168370
30.26177716255188,168370
30.264586687088013,168370
30.267393827438354,168370
30.270196199417114,168370
30.273008346557617,168370
30.27581000328064,168370
30.27861762046814,168370
30.281410455703735,168370
30.284220457077026,168370
30.287014722824097,168370
30.289818286895752,168370
30.29262638092041,168370
30.295427799224854,168370
30.298229932785034,168370
30.301035165786743,168370
30.3038330078125,168370
30.306636333465576,168370
30.309434175491333,168370
30.312253713607788,168370
30.315048456192017,168370
30.317835092544556,168370
30.320626974105835,168370
30.32344365119934,168370
30.326245546340942,168370
30.329045057296753,168370
30.33183765411377,168370
30.334641933441162,168370
30.33743929862976,168370
30.340239763259888,168370
30.343052864074707,168370
30.345848560333252,168370
30.348645448684692,168370
30.351455450057983,168370
30.3542640209198,168370
30.357067823410034,168370
30.35985040664673,168370
30.362663507461548,168370
30.365463256835938,168370
30.36827063560486,168370
30.371070623397827,168370
30.37387466430664,168370
30.376673698425293,168370
30.379473209381104,168370
30.382282495498657,168370
30.38508677482605,168370
30.38788414001465,168370
30.390694618225098,168370
30.393505811691284,168370
30.39631414413452,168370
30.39911460876465,168370
30.401915550231934,168370
30.40471625328064,168370
30.407526969909668,168370
30.410327911376953,168370
30.41314673423767,168370
30.415940284729004,168370
30.418737173080444,168370
30.42153573036194,168370
30.424354553222656,168370
30.427156448364258,168370
30.429953575134277,168370
30.432760000228882,168370
30.435570001602173,168370
30.438368558883667,168370
30.441168546676636,168370
30.443979263305664,168370
30.446775436401367,168370
30.44956636428833,168370
30.45238161087036,168370
30.45518398284912,168370
30.457984685897827,168370
30.46078848838806,168370
30.463598489761353,168370
30.46640110015869,168370
30.469203233718872,168370
30.47199773788452,168370
30.474806785583496,168370
30.477611303329468,168370
30.480419635772705,168370
30.483234882354736,168370
30.486040830612183,168370
30.48883628845215,168370
30.49163246154785,168370
30.494447946548462,168370
30.497250080108643,168370
30.500056743621826,168370
30.502859830856323,168370
30.505661487579346,168370
30.508469343185425,168370
30.51126456260681,168370
30.514081478118896,168370
30.516873121261597,168370
30.519670486450195,168370
30.52247905731201,168370
30.525290966033936,168370
30.52809762954712,168370
30.530892848968506,168370
30.53369927406311,168370
30.536500930786133,168370
30.539302825927734,168370
30.5421199798584,168370
30.54491901397705,168370
30.54771614074707,168370
30.55052900314331,168370
30.55334758758545,168370
30.556151151657104,168370
30.55895495414734,168370
30.561755657196045,168370
30.564563274383545,168370
30.56736731529236,168370
30.57016897201538,168370
30.572972059249878,168370
30.575767517089844,168370
30.57856297492981,168370
30.581369400024414,168370
30.584177494049072,168370
30.58697485923767,168370
30.58976912498474,168370
30.592575073242188,168370
30.59536647796631,168370
30.598172187805176,168370
30.60096001625061,168370
30.60376787185669,168370
30.606759786605835,168370
30.609570026397705,168370
30.612375020980835,168370
30.61518120765686,168370
30.617970943450928,168370
30.62077522277832,168370
30.6235830783844,168370
30.62638282775879,168370
30.62918472290039,168370
30.63197946548462,168370
30.63478183746338,168370
30.637583017349243,168370
30.64037799835205,168370
30.643189430236816,168370
30.645979404449463,168370
30.64876627922058,168370
30.65156102180481,168370
30.654370546340942,168370
30.657170295715332,168370
30.65997004508972,168370
30.66277289390564,168370
30.66557502746582,168370
30.668374061584473,168370
30.67117977142334,168370
30.673990488052368,168370
30.67679524421692,168370
30.679583072662354,168370
30.682390689849854,168370
30.685191869735718,168370
30.68799090385437,168370
30.690783500671387,168370
30.693600177764893,168370
30.696399927139282,168370
30.699204444885254,168370
30.70199418067932,168370
30.704795360565186,168370
30.707601308822632,168370
30.71040368080139,168370
30.713220357894897,168370
30.716010570526123,168370
30.71883773803711,168370
30.721670150756836,168370
30.72450590133667,168370
30.727319955825806,168370
30.730120420455933,168370
30.73291778564453,168370
30.735706090927124,168370
30.738516569137573,168370
30.741320848464966,168370
30.74412989616394,168370
30.746920108795166,168370
30.74971318244934,168370
30.752519369125366,168370
30.755320072174072,168370
30.758111238479614,168370
30.76091432571411,168370
30.763723373413086,168370
30.766527891159058,168370
30.76933264732361,168370
30.77214789390564,168370
30.774942636489868,168370
30.777739763259888,168370
30.780532836914062,168370
30.78334617614746,168370
30.78614044189453,168370
30.788936138153076,168370
30.791760206222534,168370
30.79459834098816,168370
30.797396183013916,168370
30.80020499229431,168370
30.803016901016235,168370
30.80581045150757,168370
30.808610200881958,168370
30.811408042907715,168370
30.814218997955322,168370
30.817016124725342,168370
30.819804430007935,168370
30.822614431381226,168370
30.82541513442993,168370
30.82821750640869,168370
30.831006050109863,168370
30.83381700515747,168370
30.836604833602905,168370
30.839402675628662,168370
30.84220790863037,168370
30.84500765800476,168370
30.847796201705933,168370
30.850647449493408,168370
30.853466272354126,168370
30.856268882751465,168370
30.85915470123291,168370
30.861997604370117,168370
30.864834785461426,168370
30.867655277252197,168370
30.870453357696533,168370
30.87328314781189,168370
30.876088857650757,168370
30.878885984420776,168370
30.88169503211975,168370
30.884518146514893,168370
30.887316465377808,168370
30.89012122154236,168370
30.892932653427124,168370
30.89573860168457,168370
30.898533582687378,168370
30.901344060897827,168370
30.904151439666748,168370
30.906943559646606,168370
30.90976333618164,168370
30.91260814666748,168370
30.91544198989868,168370
30.91826820373535,168370
30.921093702316284,168370
30.923928022384644,168370
30.92671823501587,168370
30.92952609062195,168370
30.932336807250977,168370
30.935141563415527,168370
30.937931299209595,168370
30.940736293792725,168370
30.943543672561646,168370
30.946345806121826,168370
30.94914221763611,168370
30.951935529708862,168370
30.954741716384888,168370
30.95754075050354,168370
30.960341930389404,168370
30.963156938552856,168370
30.96594476699829,168370
30.968743562698364,168370
30.971544981002808,168370
30.974355936050415,168370
30.977156400680542,168370
30.979955196380615,168370
30.982753038406372,168370
30.985548734664917,168370
30.988352298736572,168370
30.99115753173828,168370
30.99396014213562,168370
30.99676489830017,168370
30.99955677986145,168370
31.002371788024902,168370
31.00517201423645,168370
31.007976531982422,168370
31.01076912879944,168370
31.01357412338257,168370
31.016371250152588,168370
31.019169330596924,168370
31.021962642669678,168370
31.02476668357849,168370
31.027560234069824,168370
31.03037142753601,168370
31.03318953514099,168370
31.035984754562378,168370
31.038782358169556,168370
31.04158115386963,168370
31.044387817382812,168370
31.047195196151733,168370
31.04999566078186,168370
31.052799224853516,168370
31.055600881576538,168370
31.05840492248535,168370
31.061206579208374,168370
31.064014673233032,168370
31.06680655479431,168370
31.069608211517334,168370
31.072415351867676,168370
31.0752215385437,168370
31.07801103591919,168370
31.080814361572266,168370
31.08362579345703,168370
31.086427688598633,168370
31.089226722717285,168370
31.092037200927734,168370
31.09483528137207,168370
31.097635507583618,168370
31.10043239593506,168370
31.10324740409851,168370
31.10604476928711,168370
31.10884380340576,168370
31.111642122268677,168370
31.114449977874756,168370
31.11725115776062,168370
31.12005376815796,168370
31.12285542488098,168370
31.12565302848816,168370
31.128451347351074,168370
31.131253957748413,168370
31.134063243865967,168370
31.136858463287354,168370
31.139647006988525,168370
31.142459869384766,168370
31.145265817642212,168370
31.148075819015503,168370
31.15086340904236,168370
31.153675079345703,168370
31.156470775604248,168370
31.159267902374268,168370
31.16207242012024,168370
31.164862394332886,168370
31.167659997940063,168370
31.17046546936035,168370
31.173275470733643,168370
31.176077604293823,168370
31.17886710166931,168370
31.181674242019653,168370
31.18448257446289,168370
31.187289237976074,168370
31.190093517303467,168370
31.19289517402649,168370
31.195688724517822,168370
31.19852638244629,168370
31.2013578414917,168370
31.20420789718628,168370
31.20700740814209,168370
31.20981454849243,168370
31.21261739730835,168370
31.21542477607727,168370
31.218229055404663,168370
31.221027374267578,168370
31.223824977874756,168370
31.226628065109253,168370
31.229418992996216,168370
31.232239723205566,168370
31.235032081604004,168370
31.237821102142334,168370
31.24061369895935,168370
31.2434344291687,168370
31.24623727798462,168370
31.249046564102173,168370
31.251831769943237,168370
31.254640817642212,168370
31.25743293762207,168370
31.26023840904236,168370
31.263047456741333,168370
31.265848398208618,168370
31.26864004135132,168370
31.271440744400024,168370
31.274251222610474,168370
31.277058601379395,168370
31.279847860336304,168370
31.282661199569702,168370
31.285462856292725,168370
31.288273811340332,168370
31.29107666015625,168370
31.29388165473938,168370
31.29667353630066,168370
31.29947781562805,168370
31.302286624908447,168370
31.305100202560425,168370
31.307893753051758,168370
31.310692071914673,168370
31.313502311706543,168370
31.31630825996399,168370
31.31910729408264,168370
31.321908235549927,168370
31.32470941543579,168370
31.327510833740234,168370
31.330312728881836,168370
31.333133459091187,168370
31.335916996002197,168370
31.33870506286621,168370
31.34150195121765,168370
31.344315767288208,168370
31.347123622894287,168370
31.34991145133972,168370
31.352715730667114,168370
31.3555166721344,168370
31.358318328857422,168370
31.36112070083618,168370
31.36392831802368,168370
31.366732120513916,168370
31.36952805519104,168370
31.372340440750122,168370
31.37513828277588,168370
31.37793278694153,168370
31.380720615386963,168370
31.383536338806152,168370
31.386343717575073,168370
31.389145612716675,168370
31.39194393157959,168370
31.394755125045776,168370
31.397550106048584,168370
31.400357007980347,168370
31.403173446655273,168370
31.40596890449524,168370
31.408762454986572,168370
31.411561489105225,168370
31.41437578201294,168370
31.417173147201538,168370
31.419957876205444,168370
31.42276692390442,168370
31.425573587417603,168370
31.42837691307068,168370
31.431185245513916,168370
31.43398952484131,168370
31.436782360076904,168370
31.439584732055664,168370
31.442399501800537,168370
31.44520664215088,168370
31.447997093200684,168370
31.450802087783813,168370
31.453614950180054,168370
31.45641565322876,168370
31.459214687347412,168370
31.462007522583008,168370
31.46480894088745,168370
31.467608213424683,168370
31.47040581703186,168370
31.473220109939575,168370
31.476006507873535,168370
31.478798627853394,168370
31.481601238250732,168370
31.484421730041504,168370
31.487226724624634,168370
31.49003314971924,168370
31.492825269699097,168370
31.495619773864746,168370
31.498414039611816,168370
31.501219749450684,168370
31.504029750823975,168370
31.50681757926941,168370
31.509616374969482,168370
31.512437105178833,168370
31.515240907669067,168370
31.51804828643799,168370
31.520834922790527,168370
31.523638248443604,168370
31.52643322944641,168370
31.529236316680908,168370
31.53204345703125,168370
31.534834623336792,168370
31.53762936592102,168370
31.540428638458252,168370
31.543232440948486,168370
31.54603409767151,168370
31.548819303512573,168370
31.551626920700073,168370
31.55442452430725,168370
31.557228565216064,168370
31.56001114845276,168370
31.5628182888031,168370
31.56560730934143,168370
31.568413972854614,168370
31.571213483810425,168370
31.574023962020874,168370
31.576813220977783,168370
31.57960844039917,168370
31.582415103912354,168370
31.585214614868164,168370
31.58800983428955,168370
31.590807914733887,168370
31.593618154525757,168370
31.596420288085938,168370
31.59923028945923,168370
31.60212516784668,168370
31.604936361312866,168370
31.60772967338562,168370
31.610528707504272,168370
31.613340377807617,168370
31.61614418029785,168370
31.618937253952026,168370
31.62174081802368,168370
31.624547958374023,168370
31.627349138259888,168370
31.63014817237854,168370
31.632962226867676,168370
31.63575530052185,168370
31.638554573059082,168370
31.641359090805054,168370
31.644173622131348,168370
31.646967887878418,168370
31.6497700214386,168370
31.652575492858887,168370
31.65537977218628,168370
31.65817880630493,168370
31.660976886749268,168370
31.663777589797974,168370
31.666577339172363,168370
31.66937518119812,168370
31.67219305038452,168370
31.67497754096985,168370
31.67778706550598,168370
31.68058443069458,168370
31.68340253829956,168370
31.68620252609253,168370
31.68900465965271,168370
31.691792726516724,168370
31.694602727890015,168370
31.697396755218506,168370
31.700199127197266,168370
31.702999591827393,168370
31.705798387527466,168370
31.708590030670166,168370
31.711387634277344,168370
31.71419906616211,168370
31.716997146606445,168370
31.719797611236572,168370
31.72261118888855,168370
31.725412845611572,168370
31.72821545600891,168370
31.73110008239746,168370
31.73390555381775,168370
31.736709117889404,168370
31.73952293395996,168370
31.74233627319336,168370
31.745148420333862,168370
31.747939586639404,168370
31.750741004943848,168370
31.753551244735718,168370
31.756362676620483,168370
31.759173154830933,168370
31.761970281600952,168370
31.764777183532715,168370
31.767578601837158,168370
31.770371913909912,168370
31.773181915283203,168370
31.775978326797485,168370
31.77877378463745,168370
31.78156852722168,168370
31.78438138961792,168370
31.78718113899231,168370
31.78997039794922,168370
31.79278039932251,168370
31.795583248138428,168370
31.798381090164185,168370
31.801190853118896,168370
31.80398964881897,168370
31.80679416656494,168370
31.80959963798523,168370
31.81241464614868,168370
31.815218448638916,168370
31.81802248954773,168370
31.820820331573486,168370
31.823633432388306,168370
31.826435327529907,168370
31.829240560531616,168370
31.832037687301636,168370
31.834837436676025,168370
31.837631464004517,168370
31.8404324054718,168370
31.84324622154236,168370
31.846054077148438,168370
31.848843097686768,168370
31.851645469665527,168370
31.854456901550293,168370
31.85726237297058,168370
31.860061168670654,168370
31.862865209579468,168370
31.865660190582275,168370
31.868464469909668,168370
31.871267318725586,168370
31.874090909957886,168370
31.87688136100769,168370
31.87969183921814,168370
31.882506608963013,168370
31.885314464569092,168370
31.88811469078064,168370
31.890912294387817,168370
31.893719911575317,168370
31.89652371406555,168370
31.899320125579834,168370
31.902137517929077,168370
31.904922485351562,168370
31.907715559005737,168370
31.910537242889404,168370
31.913387537002563,168370
31.91622543334961,168370
31.91906452178955,168370
31.921879291534424,168370
31.924720287322998,168370
31.927536964416504,168370
31.930341482162476,168370
31.93316125869751,168370
31.935956716537476,168370
31.93875789642334,168370
31.941563844680786,168370
31.944376468658447,168370
31.947182655334473,168370
31.950013637542725,168370
31.952832221984863,168370
31.95565128326416,168370
31.95846462249756,168370
31.961267948150635,168370
31.96408987045288,168370
31.966880798339844,168370
31.969680070877075,168370
31.972484350204468,168370
31.975290536880493,168370
31.978094577789307,168370
31.9808931350708,168370
31.983700037002563,168370
31.986502170562744,168370
31.989306211471558,168370
31.992125034332275,168370
31.9949152469635,168370
31.99772357940674,168370
32.00052547454834,168370
32.00333571434021,168370
32.006139278411865,168370
32.00893449783325,168370
32.011727809906006,168370
32.0145366191864,168370
32.017335653305054,168370
32.02013611793518,168370
32.02293658256531,168370
32.025731801986694,168370
32.02852702140808,168370
32.03132462501526,168370
32.034135818481445,168370
32.036927223205566,168370
32.03971481323242,168370
32.04252767562866,168370
32.04533100128174,168370
32.048139810562134,168370
32.05093431472778,168370
32.053743839263916,168370
32.056538820266724,168370
32.059349060058594,168370
32.06215786933899,168370
32.064958810806274,168370
32.06775164604187,168370
32.070558309555054,168370
32.0733757019043,168370
32.07618451118469,168370
32.07897329330444,168370
32.081772327423096,168370
32.08457565307617,168370
32.08738660812378,168370
32.0901894569397,168370
32.09299993515015,168370
32.09579825401306,168370
32.09860181808472,168370
32.10140252113342,168370
32.10422110557556,168370
32.10701608657837,168370
32.10981512069702,168370
32.1126184463501,168370
32.11542820930481,168370
32.11823797225952,168370
32.12103724479675,168370
32.12384009361267,168370
32.12664556503296,168370
32.12944769859314,168370
32.132267236709595,168370
32.13506460189819,168370
32.13785696029663,168370
32.14066123962402,168370
32.14348268508911,168370
32.146286487579346,168370
32.149097204208374,168370
32.15189266204834,168370
32.15470767021179,168370
32.15751791000366,168370
32.16032528877258,168370
32.1631383895874,168370
32.165934801101685,168370
32.16873288154602,168370
32.17154002189636,168370
32.1743528842926,168370
32.177156925201416,168370
32.17995095252991,168370
32.182759523391724,168370
32.18556332588196,168370
32.188371658325195,168370
32.19117212295532,168370
32.193984031677246,168370
32.196778297424316,168370
32.199580669403076,168370
32.20238947868347,168370
32.20519304275513,168370
32.20798301696777,168370
32.21078372001648,168370
32.2136025428772,168370
32.21640872955322,168370
32.21921491622925,168370
32.22201108932495,168370
32.22481441497803,168370
32.22761583328247,168370
32.23041915893555,168370
32.23324131965637,168370
32.2360463142395,168370
32.238839864730835,168370
32.24163246154785,168370
32.24443745613098,168370
32.24723696708679,168370
32.250043630599976,168370
32.25284171104431,168370
32.25564169883728,168370
32.25843548774719,168370
32.261236906051636,168370
32.26405596733093,168370
32.26685357093811,168370
32.26964616775513,168370
32.2724552154541,168370
32.27525615692139,168370
32.27806210517883,168370
32.28085017204285,168370
32.28366422653198,168370
32.286466121673584,168370
32.289268255233765,168370
32.29207992553711,168370
32.29487919807434,168370
32.297682762145996,168370
32.300490379333496,168370
32.303300857543945,168370
32.306105852127075,168370
32.308897495269775,168370
32.311697006225586,168370
32.31451106071472,168370
32.31731605529785,168370
32.32011795043945,168370
32.32292294502258,168370
32.32571268081665,168370
32.32852220535278,168370
32.33132481575012,168370
32.33413505554199,168370
32.33692789077759,168370
32.339728116989136,168370
32.34254431724548,168370
32.34535002708435,168370
32.348153829574585,168370
32.35094881057739,168370
32.353758096694946,168370
32.35656714439392,168370
32.359363317489624,168370
32.36217975616455,168370
32.364983797073364,168370
32.36778736114502,168370
32.37059450149536,168370
32.373414039611816,168370
32.37621736526489,168370
32.37901067733765,168370
32.381802797317505,168370
32.384615421295166,168370
32.3874135017395,168370
32.390225648880005,168370
32.393030881881714,168370
32.39582419395447,168370
32.398619174957275,168370
32.401419162750244,168370
32.404236793518066,168370
32.407044887542725,168370
32.409831523895264,168370
32.412636280059814,168370
32.41543984413147,168370
32.41824674606323,168370
32.42105054855347,168370
32.42385697364807,168370
32.42665982246399,168370
32.4294638633728,168370
32.4322714805603,168370
32.43508291244507,168370
32.43787240982056,168370
32.44067096710205,168370
32.44347882270813,168370
32.44628882408142,168370
32.44909048080444,168370
32.45188498497009,168370
32.45468616485596,168370
32.457494258880615,168370
32.460299015045166,168370
32.46311593055725,168370
32.46591138839722,168370
32.468711853027344,168370
32.47151184082031,168370
32.47432541847229,168370
32.47712779045105,168370
32.47992277145386,168370
32.48272776603699,168370
32.485528230667114,168370
32.48832440376282,168370
32.49113130569458,168370
32.49393701553345,168370
32.49673366546631,168370
32.4995322227478,168370
32.50234866142273,168370
32.50515103340149,168370
32.507943868637085,168370
32.510741233825684,168370
32.51356315612793,168370
32.51636075973511,168370
32.51917338371277,168370
32.52198314666748,168370
32.52479958534241,168370
32.5275993347168,168370
32.53041100502014,168370
32.5332248210907,168370
32.536025524139404,168370
32.53881335258484,168370
32.54162120819092,168370
32.544434547424316,168370
32.5472412109375,168370
32.55005764961243,168370
32.552862882614136,168370
32.55565929412842,168370
32.55846095085144,168370
32.56126427650452,168370
32.56408214569092,168370
32.56687569618225,168370
32.569664001464844,168370
32.572471141815186,168370
32.575273752212524,168370
32.578073263168335,168370
32.58086967468262,168370
32.58367300033569,168370
32.58648347854614,168370
32.58928894996643,168370
32.592108488082886,168370
32.59490084648132,168370
32.59769415855408,168370
32.600497007369995,168370
32.603312492370605,168370
32.606316566467285,168370
32.60913443565369,168370
32.611958026885986,168370
32.61477470397949,168370
32.61758065223694,168370
32.62039041519165,168370
32.623202085494995,168370
32.62600636482239,168370
32.62881016731262,168370
32.631613969802856,168370
32.63442373275757,168370
32.637237548828125,168370
32.64003586769104,168370
32.642844676971436,168370
32.64564538002014,168370
32.64844560623169,168370
32.65124988555908,168370
32.65407609939575,168370
32.65687298774719,168370
32.65967512130737,168370
32.662490129470825,168370
32.665297985076904,168370
32.6681067943573,168370
32.670907497406006,168370
32.67371869087219,168370
32.676518201828,168370
32.67932844161987,168370
32.682146310806274,168370
32.684948205947876,168370
32.687750577926636,168370
32.69055366516113,168370
32.69336986541748,168370
32.696173906326294,168370
32.698973655700684,168370
32.7017719745636,168370
32.70458674430847,168370
32.70737934112549,168370
32.7101891040802,168370
32.71299719810486,168370
32.71579885482788,168370
32.71862459182739,168370
32.72143030166626,168370
32.724252223968506,168370
32.727062940597534,168370
32.72985482215881,168370
32.732675313949585,168370
32.7354781627655,168370
32.738290548324585,168370
32.74109387397766,168370
32.74390149116516,168370
32.7467098236084,168370
32.749518156051636,168370
32.7523295879364,168370
32.755157232284546,168370
32.75800657272339,168370
32.76081585884094,168370
32.76363015174866,168370
32.76644229888916,168370
32.769251585006714,168370
32.77207326889038,168370
32.77486729621887,168370
32.77767372131348,168370
32.780478715896606,168370
32.78330659866333,168370
32.78611755371094,168370
32.78892421722412,168370
32.79171872138977,168370
32.79453754425049,168370
32.79735016822815,168370
32.80016851425171,168370
32.802977561950684,168370
32.805787801742554,168370
32.80858111381531,168370
32.81138253211975,168370
32.81419491767883,168370
32.816999435424805,168370
32.81980347633362,168370
32.82261419296265,168370
32.825417280197144,168370
32.82822942733765,168370
32.83103036880493,168370
32.833871364593506,168370
32.836695194244385,168370
32.839529275894165,168370
32.842352628707886,168370
32.84516882896423,168370
32.84797549247742,168370
32.85078001022339,168370
32.853601694107056,168370
32.85641431808472,168370
32.85921359062195,168370
32.86201095581055,168370
32.864824295043945,168370
32.867626905441284,168370
32.87042713165283,168370
32.87324595451355,168370
32.876057863235474,168370
32.878856897354126,168370
32.881662130355835,168370
32.88447570800781,168370
32.88728189468384,168370
32.890092611312866,168370
32.89289426803589,168370
32.89569282531738,168370
32.898552894592285,168370
32.901374101638794,168370
32.904197454452515,168370
32.90702676773071,168370
32.90987849235535,168370
32.91272783279419,168370
32.91556930541992,168370
32.91840624809265,168370
32.92123103141785,168370
32.92410087585449,168370
32.926929235458374,168370
32.929757595062256,168370
32.93257117271423,168370
32.935383558273315,168370
32.93818521499634,168370
32.940982818603516,168370
32.943790435791016,168370
32.94660019874573,168370
32.9494047164917,168370
32.952232360839844,168370
32.95503211021423,168370
32.95782685279846,168370
32.960620641708374,168370
32.96344017982483,168370
32.966246366500854,168370
32.96905493736267,168370
32.97184753417969,168370
32.97466230392456,168370
32.97746205329895,168370
32.98026251792908,168370
32.98307180404663,168370
32.985867500305176,168370
32.98867726325989,168370
32.99148154258728,168370
32.994303941726685,168370
32.99710750579834,168370
32.99990177154541,168370
33.00270891189575,168370
33.00550436973572,168370
33.00831627845764,168370
33.011123180389404,168370
33.01393270492554,168370
33.016727924346924,168370
33.019529819488525,168370
33.02234935760498,168370
33.025158643722534,168370
33.02796292304993,168370
33.03300452232361,168370
33.038113832473755,168370
33.04175353050232,168370
33.04458522796631,168370
33.0473997592926,168370
33.05020523071289,168370
33.05302381515503,168370
33.05583333969116,168370
33.0586416721344,168370
33.06145429611206,168370
33.06427884101868,168370
33.06709122657776,168370
33.06989407539368,168370
33.07270932197571,168370
33.07551622390747,168370
33.078328371047974,168370
33.08113980293274,168370
33.083943367004395,168370
33.086745262145996,168370
33.08955478668213,168370
33.09237813949585,168370
33.095197439193726,168370
33.098002433776855,168370
33.10080647468567,168370
33.10362720489502,168370
33.10643768310547,168370
33.10924410820007,168370
33.112061500549316,168370
33.114859104156494,168370
33.11766076087952,168370
33.120463132858276,168370
33.12327694892883,168370
33.12608766555786,168370
33.128886699676514,168370
33.13169479370117,168370
33.134514808654785,168370
33.1373233795166,168370
33.14013195037842,168370
33.14294385910034,168370
33.14574670791626,168370
33.14855647087097,168370
33.15136241912842,168370
33.154186964035034,168370
33.156986474990845,168370
33.15979552268982,168370
33.16260552406311,168370
33.165414810180664,168370
33.168225049972534,168370
33.171037673950195,168370
33.1738395690918,168370
33.176647663116455,168370
33.179452419281006,168370
33.18227195739746,168370
33.18507671356201,168370
33.18787717819214,168370
33.19068217277527,168370
33.19350838661194,168370
33.196309089660645,168370
33.19912004470825,168370
33.20191192626953,168370
33.204726457595825,168370
33.20753455162048,168370
33.21034216880798,168370
33.21316742897034,168370
33.21596837043762,168370
33.21876811981201,168370
33.22157669067383,168370
33.22439169883728,168370
33.22720384597778,168370
33.23001194000244,168370
33.23281979560852,168370
33.23562479019165,168370
33.2384307384491,168370
33.24123191833496,168370
33.24405884742737,168370
33.24685788154602,168370
33.249656438827515,168370
33.25247812271118,168370
33.25528645515442,168370
33.258098125457764,168370
33.26090121269226,168370
33.26371097564697,168370
33.26651620864868,168370
33.26932668685913,168370
33.27214193344116,168370
33.27493405342102,168370
33.277732849121094,168370
33.28053522109985,168370
33.283360719680786,168370
33.286170959472656,168370
33.28897571563721,168370
33.291778802871704,168370
33.29460406303406,168370
33.29740595817566,168370
33.300217628479004,168370
33.30302882194519,168370
33.30583167076111,168370
33.308640480041504,168370
33.31146049499512,168370
33.314287424087524,168370
33.317110538482666,168370
33.319899797439575,168370
33.32271385192871,168370
33.32551622390747,168370
33.32833433151245,168370
33.33113479614258,168370
33.33395028114319,168370
33.33675241470337,168370
33.33956432342529,168370
33.34237742424011,168370
33.345200538635254,168370
33.347994327545166,168370
33.3507981300354,168370
33.35361099243164,168370
33.3564178943634,168370
33.35922074317932,168370
33.36204171180725,168370
33.364842891693115,168370
33.36764621734619,168370
33.370450258255005,168370
33.37326526641846,168370
33.37606763839722,168370
33.378867626190186,168370
33.38167190551758,168370
33.384499311447144,168370
33.38730549812317,168370
33.39012408256531,168370
33.392932415008545,168370
33.39572834968567,168370
33.398531675338745,168370
33.40134930610657,168370
33.40416646003723,168370
33.406978607177734,168370
33.409785747528076,168370
33.412604093551636,168370
33.41541409492493,168370
33.41822814941406,168370
33.42102837562561,168370
33.42383432388306,168370
33.42664408683777,168370
33.42944884300232,168370
33.432262897491455,168370
33.43507122993469,168370
33.437864780426025,168370
33.440675497055054,168370
33.44349241256714,168370
33.446311712265015,168370
33.449119329452515,168370
33.451921463012695,168370
33.4547336101532,168370
33.457545042037964,168370
33.46035194396973,168370
33.463173151016235,168370
33.46597862243652,168370
33.468786001205444,168370
33.471598386764526,168370
33.474411725997925,168370
33.477206230163574,168370
33.48000645637512,168370
33.482818603515625,168370
33.485634088516235,168370
33.48843288421631,168370
33.49124884605408,168370
33.49406599998474,168370
33.49686288833618,168370
33.49966359138489,168370
33.50247883796692,168370
33.50528573989868,168370
33.50809693336487,168370
33.510892391204834,168370
33.51370882987976,168370
33.51650857925415,168370
33.51932406425476,168370
33.522144079208374,168370
33.52494764328003,168370
33.52775025367737,168370
33.530555963516235,168370
33.53338050842285,168370
33.53619027137756,168370
33.538986682891846,168370
33.541797399520874,168370
33.54461050033569,168370
33.54742217063904,168370
33.550235986709595,168370
33.553056955337524,168370
33.5558500289917,168370
33.558659076690674,168370
33.561463356018066,168370
33.56428670883179,168370
33.567100048065186,168370
33.56990098953247,168370
33.57271337509155,168370
33.57552242279053,168370
33.57832932472229,168370
33.581137895584106,168370
33.58394527435303,168370
33.586756467819214,168370
33.589561462402344,168370
33.592374324798584,168370
33.595175981521606,168370
33.597978353500366,168370
33.600772857666016,168370
33.60359025001526,168370
33.60641002655029,168370
33.609230279922485,168370
33.61205339431763,168370
33.61484718322754,168370
33.61765193939209,168370
33.62047290802002,168370
33.62329173088074,168370
33.62610101699829,168370
33.628897190093994,168370
33.63170027732849,168370
33.63451385498047,168370
33.637327909469604,168370
33.64013624191284,168370
33.642953634262085,168370
33.645758390426636,168370
33.64857339859009,168370
33.65137529373169,168370
33.65419888496399,168370
33.65699625015259,168370
33.659804821014404,168370
33.6626091003418,168370
33.665422677993774,168370
33.668222427368164,168370
33.67102646827698,168370
33.673829078674316,168370
33.676626682281494,168370
33.679428577423096,168370
33.682247161865234,168370
33.68506097793579,168370
33.687859773635864,168370
33.69066858291626,168370
33.693477392196655,168370
33.696280002593994,168370
33.699097871780396,168370
33.70189380645752,168370
33.70470857620239,168370
33.70751595497131,168370
33.710330963134766,168370
33.71314811706543,168370
33.71595096588135,168370
33.718759059906006,168370
33.721569299697876,168370
33.72438979148865,168370
33.72719931602478,168370
33.72999835014343,168370
33.73281788825989,168370
33.73561930656433,168370
33.738426208496094,168370
33.74122858047485,168370
33.744038581848145,168370
33.746832847595215,168370
33.74963617324829,168370
33.75244760513306,168370
33.7552592754364,168370
33.75806641578674,168370
33.76086497306824,168370
33.76367926597595,168370
33.76648426055908,168370
33.76929211616516,168370
33.77211308479309,168370
33.77491283416748,168370
33.77772092819214,168370
33.78053379058838,168370
33.7833468914032,168370
33.786153078079224,168370
33.788952589035034,168370
33.79175662994385,168370
33.79458212852478,168370
33.797383069992065,168370
33.80022931098938,168370
33.803077697753906,168370
33.80588245391846,168370
33.808685064315796,168370
33.8115017414093,168370
33.81432008743286,168370
33.817138671875,168370
33.81993389129639,168370
33.82274794578552,168370
33.825549364089966,168370
33.828367471694946,168370
33.8311767578125,168370
33.83398723602295,168370
33.83678865432739,168370
33.839598178863525,168370
33.84241771697998,168370
33.84522366523743,168370
33.84801530838013,168370
33.85082030296326,168370
33.853633880615234,168370
33.85644793510437,168370
33.85925245285034,168370
33.86207103729248,168370
33.86485838890076,168370
33.86766481399536,168370
33.87046957015991,168370
33.873291015625,168370
33.876097440719604,168370
33.878905296325684,168370
33.881701707839966,168370
33.88451933860779,168370
33.88733458518982,168370
33.89015054702759,168370
33.89296197891235,168370
33.89576864242554,168370
33.89857339859009,168370
33.90137219429016,168370
33.904184103012085,168370
33.90698719024658,168370
33.90978407859802,168370
33.91262459754944,168370
33.915467262268066,168370
33.91831731796265,168370
33.92115592956543,168370
33.92397451400757,168370
33.92678260803223,168370
33.9295859336853,168370
33.93240475654602,168370
33.93522381782532,168370
33.93803668022156,168370
33.94087505340576,168370
33.943719148635864,168370
33.946560859680176,168370
33.94937348365784,168370
33.952202558517456,168370
33.95500898361206,168370
33.95782279968262,168370
33.96062874794006,168370
33.963446378707886,168370
33.96625351905823,168370
33.969061613082886,168370
33.971853256225586,168370
33.97466802597046,168370
33.97747850418091,168370
33.98029088973999,168370
33.9831120967865,168370
33.98592019081116,168370
33.988720178604126,168370
33.99153280258179,168370
33.994351863861084,168370
33.9971604347229,168370
33.999969482421875,168370
34.00279378890991,168370
34.00559067726135,168370
34.00839376449585,168370
34.01119661331177,168370
34.014023542404175,168370
34.01681733131409,168370
34.01964616775513,168370
34.022486209869385,168370
34.02530217170715,168370
34.02810502052307,168370
34.03090000152588,168370
34.03370642662048,168370
34.03651189804077,168370
34.039313316345215,168370
34.042125940322876,168370
34.044926404953,168370
34.04772996902466,168370
34.050535440444946,168370
34.05335545539856,168370
34.056166887283325,168370
34.05897259712219,168370
34.061776638031006,168370
34.06458759307861,168370
34.06739163398743,168370
34.07020854949951,168370
34.07303261756897,168370
34.07583427429199,168370
34.07863783836365,168370
34.0814528465271,168370
34.08427023887634,168370
34.08707880973816,168370
34.08987808227539,168370
34.0926992893219,168370
34.095508337020874,168370
34.09831500053406,168370
34.10112714767456,168370
34.10394906997681,168370
34.10675573348999,168370
34.10957407951355,168370
34.112398624420166,168370
34.11521673202515,168370
34.118022441864014,168370
34.12082242965698,168370
34.12364053726196,168370
34.12645077705383,168370
34.129257678985596,168370
34.132081747055054,168370
34.13487887382507,168370
34.137686014175415,168370
34.14048790931702,168370
34.1433048248291,168370
34.14611554145813,168370
34.14891171455383,168370
34.15170645713806,168370
34.154523849487305,168370
34.15733218193054,168370
34.16015076637268,168370
34.16296458244324,168370
34.16577696800232,168370
34.168580293655396,168370
34.17139029502869,168370
34.17421770095825,168370
34.177030086517334,168370
34.17982792854309,168370
34.182645320892334,168370
34.185450077056885,168370
34.18826079368591,168370
34.1910719871521,168370
34.193886518478394,168370
34.19669556617737,168370
34.19950723648071,168370
34.20232367515564,168370
34.20513939857483,168370
34.20794367790222,168370
34.210747718811035,168370
34.21355986595154,168370
34.216368436813354,168370
34.21917533874512,168370
34.221975564956665,168370
34.22478795051575,168370
34.22759699821472,168370
34.23039746284485,168370
34.23322558403015,168370
34.236040115356445,168370
34.23884057998657,168370
34.24164319038391,168370
34.24446487426758,168370
34.247272968292236,168370
34.25008177757263,168370
34.25288271903992,168370
34.2556893825531,168370
34.258490800857544,168370
34.26130151748657,168370
34.26412010192871,168370
34.26692509651184,168370
34.26973223686218,168370
34.27255988121033,168370
34.275367736816406,168370
34.27821230888367,168370
34.28104782104492,168370
34.2838819026947,168370
34.28668260574341,168370
34.28949785232544,168370
34.292317390441895,168370
34.29513144493103,168370
34.29792904853821,168370
34.30073142051697,168370
34.303542613983154,168370
34.30634665489197,168370
34.30915570259094,168370
34.31196188926697,168370
34.31478214263916,168370
34.31758666038513,168370
34.32038593292236,168370
34.323209285736084,168370
34.326008319854736,168370
34.32881569862366,168370
34.331615686416626,168370
34.33444619178772,168370
34.33725380897522,168370
34.34007406234741,168370
34.34287929534912,168370
34.34568524360657,168370
34.34848690032959,168370
34.35129714012146,168370
34.35411477088928,168370
34.356916189193726,168370
34.35971140861511,168370
34.36253499984741,168370
34.36534404754639,168370
34.368144035339355,168370
34.370944023132324,168370
34.37375593185425,168370
34.376556634902954,168370
34.379372119903564,168370
34.382195472717285,168370
34.38500142097473,168370
34.38780093193054,168370
34.390610456466675,168370
34.39342474937439,168370
34.39622926712036,168370
34.39903426170349,168370
34.401825189590454,168370
34.40463352203369,168370
34.40744662284851,168370
34.410260915756226,168370
34.41308665275574,168370
34.41588115692139,168370
34.4186794757843,168370
34.42148232460022,168370
34.42430591583252,168370
34.427114963531494,168370
34.42991638183594,168370
34.43273138999939,168370
34.43553876876831,168370
34.4383442401886,168370
34.441161155700684,168370
34.443968057632446,168370
34.446773529052734,168370
34.44956994056702,168370
34.452391624450684,168370
34.455201387405396,168370
34.45800566673279,168370
34.4608039855957,168370
34.46362090110779,168370
34.46642518043518,168370
34.46924066543579,168370
34.47205710411072,168370
34.474853515625,168370
34.47765350341797,168370
34.480459690093994,168370
34.483277320861816,168370
34.486082792282104,168370
34.488872051239014,168370
34.491671323776245,168370
34.49448752403259,168370
34.497286796569824,168370
34.500086069107056,168370
34.50288939476013,168370
34.505691051483154,168370
34.50849890708923,168370
34.51130819320679,168370
34.514132499694824,168370
34.51692605018616,168370
34.51972961425781,168370
34.522536754608154,168370
34.52534103393555,168370
34.52814555168152,168370
34.53094553947449,168370
34.53375458717346,168370
34.536561250686646,168370
34.53936839103699,168370
34.54218149185181,168370
34.54497313499451,168370
34.54778027534485,168370
34.55058717727661,168370
34.55340504646301,168370
34.55621027946472,168370
34.55900955200195,168370
34.56182074546814,168370
34.56464624404907,168370
34.56745100021362,168370
34.57026505470276,168370
34.57309079170227,168370
34.575886964797974,168370
34.57868027687073,168370
34.58149003982544,168370
34.58431053161621,168370
34.58712291717529,168370
34.589929819107056,168370
34.59274959564209,168370
34.59555792808533,168370
34.598363161087036,168370
34.60116910934448,168370
34.60397458076477,168370
34.60697913169861,168370
34.60978388786316,168370
34.612597942352295,168370
34.61539912223816,168370
34.61820650100708,168370
34.62100553512573,168370
34.623809814453125,168370
34.626614570617676,168370
34.62942314147949,168370
34.632240533828735,168370
34.63504910469055,168370
34.637848138809204,168370
34.64064645767212,168370
34.643465995788574,168370
34.64626884460449,168370
34.649078369140625,168370
34.651867628097534,168370
34.654685735702515,168370
34.65748357772827,168370
34.66034436225891,168370
34.663185834884644,168370
34.66599774360657,168370
34.668802976608276,168370
34.671611309051514,168370
34.67442989349365,168370
34.67724323272705,168370
34.68005585670471,168370
34.68287467956543,168370
34.68568158149719,168370
34.68849277496338,168370
34.691301584243774,168370
34.69412183761597,168370
34.69692063331604,168370
34.699729681015015,168370
34.70254921913147,168370
34.705368757247925,168370
34.708176612854004,168370
34.710983991622925,168370
34.713799715042114,168370
34.716604471206665,168370
34.7194139957428,168370
34.722238302230835,168370
34.725034952163696,168370
34.72783136367798,168370
34.73063516616821,168370
34.73345351219177,168370
34.73625993728638,168370
34.739065647125244,168370
34.74186086654663,168370
34.744678258895874,168370
34.74749159812927,168370
34.750301361083984,168370
34.75311994552612,168370
34.7559232711792,168370
34.758721113204956,168370
34.7615282535553,168370
34.76434063911438,168370
34.767154693603516,168370
34.76995253562927,168370
34.77276611328125,168370
34.77557325363159,168370
34.77838373184204,168370
34.78118395805359,168370
34.78399634361267,168370
34.78680062294006,168370
34.78961229324341,168370
34.79243230819702,168370
34.79524111747742,168370
34.798049211502075,168370
34.800848960876465,168370
34.803672790527344,168370
34.80649209022522,168370
34.809293031692505,168370
34.8121120929718,168370
34.81491303443909,168370
34.81771731376648,168370
34.82052683830261,168370
34.82335352897644,168370
34.826157093048096,168370
34.82896161079407,168370
34.831770181655884,168370
34.83458876609802,168370
34.83738875389099,168370
34.84019875526428,168370
34.843011140823364,168370
34.845821142196655,168370
34.84862971305847,168370
34.851433992385864,168370
34.85424733161926,168370
34.857051610946655,168370
34.85984134674072,168370
34.86266374588013,168370
34.86547541618347,168370
34.86828660964966,168370
34.87108302116394,168370
34.87388825416565,168370
34.87668585777283,168370
34.87950921058655,168370
34.88233137130737,168370
34.88514995574951,168370
34.88795042037964,168370
34.89074683189392,168370
34.893550157547,168370
34.896360635757446,168370
34.89916110038757,168370
34.90195846557617,168370
34.90477418899536,168370
34.907583475112915,168370
34.91038990020752,168370
34.91323471069336,168370
34.9162392616272,168370
34.91910099983215,168370
34.92193412780762,168370
34.924771308898926,168370
34.9275848865509,168370
34.93039798736572,168370
34.93321967124939,168370
34.93602466583252,168370
34.93881916999817,168370
34.941622495651245,168370
34.94444012641907,168370
34.947309255599976,168370
34.950114011764526,168370
34.95298910140991,168370
34.95582318305969,168370
34.95863080024719,168370
34.96146082878113,168370
34.964274644851685,168370
34.9670889377594,168370
34.9698851108551,168370
34.97271227836609,168370
34.97553205490112,168370
34.978347301483154,168370
34.98116326332092,168370
34.983975648880005,168370
34.986785888671875,168370
34.989585399627686,168370
34.99240827560425,168370
34.995216608047485,168370
34.99801683425903,168370
35.00082302093506,168370
35.00363540649414,168370
35.00644302368164,168370
35.00925970077515,168370
35.01206970214844,168370
35.01486921310425,168370
35.017674922943115,168370
35.02048969268799,168370
35.02331590652466,168370
35.02613115310669,168370
35.02893304824829,168370
35.031776428222656,168370
35.034608602523804,168370
35.037423610687256,168370
35.04023814201355,168370
35.043062925338745,168370
35.04585361480713,168370
35.04866433143616,168370
35.051475524902344,168370
35.0543053150177,168370
35.05711841583252,168370
35.05992579460144,168370
35.06273698806763,168370
35.06554675102234,168370
35.06835412979126,168370
35.071165323257446,168370
35.07397222518921,168370
35.076778173446655,168370
35.07958269119263,168370
35.082411766052246,168370
35.08521866798401,168370
35.088024616241455,168370
35.090824365615845,168370
35.093640089035034,168370
35.09644293785095,168370
35.09924793243408,168370
35.102070569992065,168370
35.10494637489319,168370
35.10775065422058,168370
35.11055517196655,168370
35.11337900161743,168370
35.11619186401367,168370
35.118996381759644,168370
35.12179636955261,168370
35.12461972236633,168370
35.12743377685547,168370
35.13024830818176,168370
35.13306283950806,168370
35.135863065719604,168370
35.13866949081421,168370
35.14149022102356,168370
35.14431571960449,168370
35.1471312046051,168370
35.14992952346802,168370
35.15273976325989,168370
35.15554690361023,168370
35.15836691856384,168370
35.16117215156555,168370
35.16398239135742,168370
35.16677975654602,168370
35.169580698013306,168370
35.17240262031555,168370
35.17521643638611,168370
35.178011894226074,168370
35.18081831932068,168370
35.18363308906555,168370
35.18644857406616,168370
35.18925213813782,168370
35.19207787513733,168370
35.194873094558716,168370
35.19768834114075,168370
35.20049476623535,168370
35.20331597328186,168370
35.206119775772095,168370
35.20892262458801,168370
35.21172571182251,168370
35.21455383300781,168370
35.21735978126526,168370
35.22017788887024,168370
35.22299551963806,168370
35.22580909729004,168370
35.22861194610596,168370
35.231423139572144,168370
35.234240770339966,168370
35.23705267906189,168370
35.23984932899475,168370
35.24266839027405,168370
35.245481967926025,168370
35.248291015625,168370
35.251094579696655,168370
35.25391721725464,168370
35.256720304489136,168370
35.25952744483948,168370
35.262348890304565,168370
35.26516342163086,168370
35.26796340942383,168370
35.27076959609985,168370
35.27358055114746,168370
35.27639818191528,168370
35.279205560684204,168370
35.28200650215149,168370
35.28482174873352,168370
35.28762602806091,168370
35.29043221473694,168370
35.29325819015503,168370
35.29607081413269,168370
35.29887342453003,168370
35.301676750183105,168370
35.30449986457825,168370
35.30731177330017,168370
35.31012225151062,168370
35.31293702125549,168370
35.31574034690857,168370
35.318551778793335,168370
35.321362018585205,168370
35.32418870925903,168370
35.32699155807495,168370
35.3298020362854,168370
35.33262252807617,168370
35.33542799949646,168370
35.33824372291565,168370
35.341055154800415,168370
35.34386610984802,168370
35.346667528152466,168370
35.349483013153076,168370
35.352299213409424,168370
35.35511589050293,168370
35.35791349411011,168370
35.3607234954834,168370
35.36354064941406,168370
35.36635947227478,168370
35.36916470527649,168370
35.371968507766724,168370
35.37478470802307,168370
35.37759709358215,168370
35.3804075717926,168370
35.38322687149048,168370
35.38603615760803,168370
35.38883423805237,168370
35.39163279533386,168370
35.394460916519165,168370
35.397266149520874,168370
35.4000768661499,168370
35.402884006500244,168370
35.40569734573364,168370
35.40850210189819,168370
35.41131639480591,168370
35.41413331031799,168370
35.41693329811096,168370
35.41973567008972,168370
35.42255640029907,168370
35.425368547439575,168370
35.42817568778992,168370
35.430980920791626,168370
35.43380522727966,168370
35.43660879135132,168370
35.439425230026245,168370
35.442243337631226,168370
35.445054054260254,168370
35.4478497505188,168370
35.45065975189209,168370
35.45347809791565,168370
35.456286907196045,168370
35.45909667015076,168370
35.4619026184082,168370
35.464717864990234,168370
35.467522621154785,168370
35.47033166885376,168370
35.473159074783325,168370
35.47596216201782,168370
35.478771448135376,168370
35.4815788269043,168370
35.48439598083496,168370
35.4872088432312,168370
35.49002552032471,168370
35.49283194541931,168370
35.4956419467926,168370
35.498451232910156,168370
35.50126504898071,168370
35.504085302352905,168370
35.50688862800598,168370
35.50969672203064,168370
35.51251721382141,168370
35.51532340049744,168370
35.51813745498657,168370
35.52093958854675,168370
35.52376365661621,168370
35.526567220687866,168370
35.52937984466553,168370
35.53220295906067,168370
35.53500986099243,168370
35.537816286087036,168370
35.540627241134644,168370
35.543440103530884,168370
35.54625463485718,168370
35.549071073532104,168370
35.55189085006714,168370
35.5546977519989,168370
35.55751156806946,168370
35.560322284698486,168370
35.56314516067505,168370
35.565938234329224,168370
35.56874966621399,168370
35.57155227661133,168370
35.57437610626221,168370
35.5771849155426,168370
35.57999110221863,168370
35.58280420303345,168370
35.58560824394226,168370
35.58841586112976,168370
35.591233253479004,168370
35.594051122665405,168370
35.59684705734253,168370
35.599648237228394,168370
35.6024694442749,168370
35.60528826713562,168370
35.60809898376465,168370
35.610894441604614,168370
35.613704442977905,168370
35.61651134490967,168370
35.619328022003174,168370
35.62214946746826,168370
35.62495136260986,168370
35.627748012542725,168370
35.63055658340454,168370
35.633370876312256,168370
35.63617968559265,168370
35.63897633552551,168370
35.64178276062012,168370
35.644593477249146,168370
35.647406816482544,168370
35.6502251625061,168370
35.65305233001709,168370
35.65584850311279,168370
35.65865421295166,168370
35.661460399627686,168370
35.664284467697144,168370
35.66709041595459,168370
35.669898986816406,168370
35.67271566390991,168370
35.67553210258484,168370
35.67834424972534,168370
35.68115711212158,168370
35.68397402763367,168370
35.68678689002991,168370
35.68959164619446,168370
35.692418575286865,168370
35.69522762298584,168370
35.69804072380066,168370
35.700833797454834,168370
35.70364832878113,168370
35.70645761489868,168370
35.70926761627197,168370
35.71208953857422,168370
35.714897871017456,168370
35.71769976615906,168370
35.72052550315857,168370
35.72334623336792,168370
35.726157665252686,168370
35.72895812988281,168370
35.731775999069214,168370
35.73458909988403,168370
35.73739004135132,168370
35.74020004272461,168370
35.743016719818115,168370
35.74582314491272,168370
35.74863266944885,168370
35.75143480300903,168370
35.75425481796265,168370
35.75706362724304,168370
35.75987100601196,168370
35.76268982887268,168370
35.7655029296875,168370
35.7683162689209,168370
35.771122217178345,168370
35.773932695388794,168370
35.776745557785034,168370
35.77954912185669,168370
35.78236436843872,168370
35.78517413139343,168370
35.78797960281372,168370
35.79078197479248,168370
35.7936007976532,168370
35.79640460014343,168370
35.79921269416809,168370
35.80201053619385,168370
35.8048141002655,168370
35.80761218070984,168370
35.81041240692139,168370
35.81323313713074,168370
35.8160457611084,168370
35.8188419342041,168370
35.82165050506592,168370
35.82446336746216,168370
35.827279567718506,168370
35.83008313179016,168370
35.83289122581482,168370
35.83569669723511,168370
35.838513135910034,168370
35.84131693840027,168370
35.84413814544678,168370
35.84693503379822,168370
35.849740743637085,168370
35.85255575180054,168370
35.85536074638367,168370
35.85817003250122,168370
35.86097002029419,168370
35.86377930641174,168370
35.86658835411072,168370
35.869388818740845,168370
35.87221097946167,168370
35.875009536743164,168370
35.8778133392334,168370
35.880613803863525,168370
35.88342332839966,168370
35.88623118400574,168370
35.88903546333313,168370
35.891826152801514,168370
35.89463543891907,168370
35.897435426712036,168370
35.90024161338806,168370
35.90305685997009,168370
35.90585541725159,168370
35.90865707397461,168370
35.911456823349,168370
35.91430878639221,168370
35.91716551780701,168370
35.91999006271362,168370
35.92283248901367,168370
35.92567014694214,168370
35.928491830825806,168370
35.931302309036255,168370
35.93412137031555,168370
35.93692350387573,168370
35.93973088264465,168370
35.94254946708679,168370
35.94535732269287,168370
35.948171854019165,168370
35.95097494125366,168370
35.9537787437439,168370
35.95657777786255,168370
35.95938324928284,168370
35.96220111846924,168370
35.965001821517944,168370
35.96780228614807,168370
35.970606327056885,168370
35.97342109680176,168370
35.97623014450073,168370
35.97903800010681,168370
35.98183608055115,168370
35.98465299606323,168370
35.9874541759491,168370
35.99026536941528,168370
35.993079662323,168370
35.99588680267334,168370
35.99869441986084,168370
36.001503705978394,168370
36.00432109832764,168370
36.00713348388672,168370
36.009936571121216,168370
36.01275300979614,168370
36.01555347442627,168370
36.01835536956787,168370
36.02116274833679,168370
36.023980379104614,168370
36.02678632736206,168370
36.02959442138672,168370
36.032410860061646,168370
36.03522324562073,168370
36.03803110122681,168370
36.04082369804382,168370
36.04363965988159,168370
36.04645085334778,168370
36.04925465583801,168370
36.05207014083862,168370
36.05486822128296,168370
36.05766725540161,168370
36.060474157333374,168370
36.063287019729614,168370
36.06609749794006,168370
36.068902254104614,168370
36.07170748710632,168370
36.07452869415283,168370
36.07734227180481,168370
36.08015489578247,168370
36.08296298980713,168370
36.08576941490173,168370
36.088576316833496,168370
36.09138536453247,168370
36.09419918060303,168370
36.09699559211731,168370
36.099791526794434,168370
36.10260367393494,168370
36.10540008544922,168370
36.10820698738098,168370
36.11100387573242,168370
36.113818645477295,168370
36.116619348526,168370
36.11942505836487,168370
36.12223720550537,168370
36.12505054473877,168370
36.127845287323,168370
36.13064908981323,168370
36.13346076011658,168370
36.13626837730408,168370
36.1390700340271,168370
36.14186477661133,168370
36.14466643333435,168370
36.147477865219116,168370
36.150283098220825,168370
36.153099060058594,168370
36.1558940410614,168370
36.15869617462158,168370
36.161502838134766,168370
36.164315938949585,168370
36.16712212562561,168370
36.16992402076721,168370
36.17272639274597,168370
36.17552709579468,168370
36.178330183029175,168370
36.18114519119263,168370
36.1839542388916,168370
36.186758041381836,168370
36.18956160545349,168370
36.19238328933716,168370
36.1952064037323,168370
36.19802403450012,168370
36.20082330703735,168370
36.20364308357239,168370
36.20645213127136,168370
36.20926332473755,168370
36.2120840549469,168370
36.21488308906555,168370
36.21768069267273,168370
36.22050476074219,168370
36.223318576812744,168370
36.226123094558716,168370
36.22891974449158,168370
36.23171544075012,168370
36.234535694122314,168370
36.237348556518555,168370
36.24016284942627,168370
36.24298119544983,168370
36.2457799911499,168370
36.24859166145325,168370
36.25139760971069,168370
36.2542290687561,168370
36.257041931152344,168370
36.25984215736389,168370
36.26265478134155,168370
36.265461444854736,168370
36.26826071739197,168370
36.271071910858154,168370
36.27388286590576,168370
36.276684522628784,168370
36.279486656188965,168370
36.2823052406311,168370
36.28511428833008,168370
36.28790998458862,168370
36.29070234298706,168370
36.29351830482483,168370
36.29632091522217,168370
36.299131870269775,168370
36.30192995071411,168370
36.304747104644775,168370
36.307557106018066,168370
36.310370445251465,168370
36.313186168670654,168370
36.31598949432373,168370
36.31878900527954,168370
36.321600675582886,168370
36.324422121047974,168370
36.327239990234375,168370
36.33003854751587,168370
36.33284282684326,168370
36.335638761520386,168370
36.33844828605652,168370
36.34125804901123,168370
36.34407567977905,168370
36.34687638282776,168370
36.349682331085205,168370
36.35249614715576,168370
36.35531044006348,168370
36.358120918273926,168370
36.36092567443848,168370
36.36372971534729,168370
36.36654043197632,168370
36.3693482875824,168370
36.37216520309448,168370
36.374961376190186,168370
36.37776827812195,168370
36.380574464797974,168370
36.383397579193115,168370
36.38620972633362,168370
36.38900804519653,168370
36.39181113243103,168370
36.39463186264038,168370
36.39744520187378,168370
36.4002583026886,168370
36.40306997299194,168370
36.40586876869202,168370
36.40867018699646,168370
36.411473751068115,168370
36.41428542137146,168370
36.4170982837677,168370
36.41989088058472,168370
36.422704458236694,168370
36.425509214401245,168370
36.42831325531006,168370
36.431124210357666,168370
36.43393659591675,168370
36.436739683151245,168370
36.43954944610596,168370
36.44236707687378,168370
36.44517946243286,168370
36.44797897338867,168370
36.45078921318054,168370
36.45359516143799,168370
36.45640707015991,168370
36.45921516418457,168370
36.4620361328125,168370
36.46483588218689,168370
36.46764898300171,168370
36.47045373916626,168370
36.473276138305664,168370
36.47608971595764,168370
36.47889280319214,168370
36.48169445991516,168370
36.48452043533325,168370
36.487329959869385,168370
36.49014210700989,168370
36.49294638633728,168370
36.495744943618774,168370
36.49856185913086,168370
36.50137233734131,168370
36.504186391830444,168370
36.50699329376221,168370
36.50979208946228,168370
36.51261496543884,168370
36.51541709899902,168370
36.51823425292969,168370
36.52103877067566,168370
36.52384853363037,168370
36.52665090560913,168370
36.529454708099365,168370
36.53227162361145,168370
36.535083293914795,168370
36.5378839969635,168370
36.54069495201111,168370
36.54350757598877,168370
36.54632091522217,168370
36.54912805557251,168370
36.55192732810974,168370
36.55473875999451,168370
36.55755090713501,168370
36.56035804748535,168370
36.56317973136902,168370
36.56597185134888,168370
36.56877636909485,168370
36.57157015800476,168370
36.574392795562744,168370
36.57720136642456,168370
36.58000206947327,168370
36.58280801773071,168370
36.58561086654663,168370
36.588414907455444,168370
36.5912184715271,168370
36.59403991699219,168370
36.59684157371521,168370
36.599642515182495,168370
36.60245704650879,168370
36.60526704788208,168370
36.608264446258545,168370
36.61106014251709,168370
36.613879919052124,168370
36.61667990684509,168370
36.619497776031494,168370
36.622318744659424,168370
36.625138998031616,168370
36.627933979034424,168370
36.63073229789734,168370
36.63355112075806,168370
36.63636231422424,168370
36.63917541503906,168370
36.641979455947876,168370
36.64479112625122,168370
36.64759945869446,168370
36.65039849281311,168370
36.65323042869568,168370
36.65604043006897,168370
36.65883541107178,168370
36.66163754463196,168370
36.6644549369812,168370
36.667255878448486,168370
36.67006254196167,168370
36.67286133766174,168370
36.675666093826294,168370
36.67846894264221,168370
36.68127489089966,168370
36.68409776687622,168370
36.686901807785034,168370
36.68970036506653,168370
36.692524909973145,168370
36.69533562660217,168370
36.69814944267273,168370
36.700955867767334,168370
36.703773498535156,168370
36.706587076187134,168370
36.70938420295715,168370
36.71220135688782,168370
36.71500825881958,168370
36.717808961868286,168370
36.72064161300659,168370
36.72345995903015,168370
36.7262647151947,168370
36.72907090187073,168370
36.73187065124512,168370
36.73467659950256,168370
36.737478256225586,168370
36.74028539657593,168370
36.74309825897217,168370
36.74588584899902,168370
36.748682498931885,168370
36.75148916244507,168370
36.754311084747314,168370
36.75712561607361,168370
36.75993251800537,168370
36.762736558914185,168370
36.76553726196289,168370
36.76833891868591,168370
36.77115201950073,168370
36.77395987510681,168370
36.77676200866699,168370
36.779569149017334,168370
36.782387018203735,168370
36.78518795967102,168370
36.78799343109131,168370
36.7907919883728,168370
36.79360365867615,168370
36.79640769958496,168370
36.7992160320282,168370
36.802016258239746,168370
36.804829120635986,168370
36.807637453079224,168370
36.81044936180115,168370
36.81326770782471,168370
36.816077709198,168370
36.81887197494507,168370
36.821672201156616,168370
36.82448649406433,168370
36.827292919158936,168370
36.83010149002075,168370
36.832913637161255,168370
36.83570909500122,168370
36.83850932121277,168370
36.84131097793579,168370
36.844130754470825,168370
36.846927642822266,168370
36.84973359107971,168370
36.85254788398743,168370
36.855353593826294,168370
36.85816264152527,168370
36.86096239089966,168370
36.863770484924316,168370
36.86657476425171,168370
36.86938428878784,168370
36.8722038269043,168370
36.87499690055847,168370
36.87779760360718,168370
36.880651235580444,168370
36.883474826812744,168370
36.886282444000244,168370
36.88908886909485,168370
36.891889572143555,168370
36.894705057144165,168370
36.897512912750244,168370
36.90032720565796,168370
36.90314030647278,168370
36.90593934059143,168370
36.90872931480408,168370
36.91154217720032,168370
36.91436266899109,168370
36.91717195510864,168370
36.92166781425476,168370
36.92676115036011,168370
36.93187665939331,168370
36.93696212768555,168370
36.94204115867615,168370
36.947102785110474,168370
36.95218324661255,168370
36.957202672958374,168370
36.96221446990967,168370
36.96722674369812,168370
36.972247838974,168370
36.97723984718323,168370
36.98226618766785,168370
36.9873526096344,168370
36.992578744888306,168370
36.99799108505249,168370
37.00319743156433,168370
37.00833439826965,168370
37.01347303390503,168370
37.01858448982239,168370
37.02371883392334,168370
37.02888035774231,168370
37.03410744667053,168370
37.039334297180176,168370
37.044559717178345,168370
37.049811363220215,168370
37.05512046813965,168370
37.06042838096619,168370
37.06570792198181,168370
37.07109999656677,168370
37.07644319534302,168370
37.08176898956299,168370
37.08711528778076,168370
37.09249925613403,168370
37.09786581993103,168370
37.103251934051514,168370
37.10866570472717,168370
37.11406230926514,168370
37.11943435668945,168370
37.12481093406677,168370
37.13017535209656,168370
37.13556432723999,168370
37.140926122665405,168370
37.14635396003723,168370
37.151726484298706,168370
37.15711236000061,168370
37.16248059272766,168370
37.16785192489624,168370
37.1732177734375,168370
37.17860126495361,168370
37.184067726135254,168370
37.18946146965027,168370
37.194873094558716,168370
37.20027828216553,168370
37.20570397377014,168370
37.21111536026001,168370
37.21652626991272,168370
37.221993923187256,168370
37.22740983963013,168370
37.23283100128174,168370
37.23823857307434,168370
37.243664503097534,168370
37.24907040596008,168370
37.25449085235596,168370
37.259960651397705,168370
37.265374183654785,168370
37.27078104019165,168370
37.276185035705566,168370
37.28160285949707,168370
37.287028074264526,168370
37.292433977127075,168370
37.297900438308716,168370
37.303327560424805,168370
37.308720111846924,168370
37.314141511917114,168370
37.31955885887146,168370
37.32496976852417,168370
37.33038640022278,168370
37.33587121963501,168370
37.34126806259155,168370
37.34668684005737,168370
37.35210347175598,168370
37.357513427734375,168370
37.36293864250183,168370
37.36835217475891,168370
37.37381911277771,168370
37.37923216819763,168370
37.38465094566345,168370
37.390058517456055,168370
37.39547252655029,168370
37.40087389945984,168370
37.40629768371582,168370
37.411744117736816,168370
37.41716909408569,168370
37.42259693145752,168370
37.42802882194519,168370
37.43346381187439,168370
37.43891096115112,168370
37.44435095787048,168370
37.44982886314392,168370
37.455262422561646,168370
37.46069097518921,168370
37.466131925582886,168370
37.47156476974487,168370
37.476999282836914,168370
37.482436656951904,168370
37.48791003227234,168370
37.49335741996765,168370
37.498788356781006,168370
37.50421714782715,168370
37.509623765945435,168370
37.51504921913147,168370
37.52046489715576,168370
37.525954723358154,168370
37.531392335891724,168370
37.53683567047119,168370
37.542267084121704,168370
37.547691345214844,168370
37.553112506866455,168370
37.55853319168091,168370
37.56401586532593,168370
37.56945300102234,168370
37.57488942146301,168370
37.580322265625,168370
37.58576703071594,168370
37.591219663619995,168370
37.59668302536011,168370
37.60223340988159,168370
37.60770797729492,168370
37.61319160461426,168370
37.61866784095764,168370
37.624160289764404,168370
37.62962770462036,168370
37.635117292404175,168370
37.64063787460327,168370
37.646121978759766,168370
37.6515998840332,168370
37.65705871582031,168370
37.66252827644348,168370
37.668001651763916,168370
37.673474073410034,168370
37.67901039123535,168370
37.6844801902771,168370
37.689942359924316,168370
37.69542455673218,168370
37.70087766647339,168370
37.70634984970093,168370
37.71181678771973,168370
37.71733093261719,168370
37.72281813621521,168370
37.728365898132324,168370
37.733742237091064,168370
37.73912215232849,168370
37.74450063705444,168370
37.749878883361816,168370
37.75530385971069,168370
37.76067304611206,168370
37.76606249809265,168370
37.77142834663391,168370
37.776811599731445,168370
37.78219294548035,168370
37.787569761276245,168370
37.79298663139343,168370
37.79836559295654,168370
37.803749799728394,168370
37.809115171432495,168370
37.814489126205444,168370
37.81985664367676,168370
37.825241804122925,168370
37.83064937591553,168370
37.83603072166443,168370
37.841400384902954,168370
37.84679317474365,168370
37.85218024253845,168370
37.85754442214966,168370
37.86292123794556,168370
37.86834216117859,168370
37.873724937438965,168370
37.87910294532776,168370
37.88448476791382,168370
37.889854431152344,168370
37.89523649215698,168370
37.90060520172119,168370
37.906025409698486,168370
37.9113872051239,168370
37.91678977012634,168370
37.92221260070801,168370
37.927549839019775,168370
37.93289661407471,168370
37.93821573257446,168370
37.94360303878784,168370
37.94893455505371,168370
37.954275131225586,168370
37.959614515304565,168370
37.96495342254639,168370
37.97028660774231,168370
37.97563147544861,168370
37.98100256919861,168370
37.98634958267212,168370
37.991673946380615,168370
37.997010707855225,168370
38.00232696533203,168370
38.00763487815857,168370
38.01298117637634,168370
38.0183584690094,168370
38.02369976043701,168370
38.02904009819031,168370
38.034385681152344,168370
38.03971004486084,168370
38.04505634307861,168370
38.0503945350647,168370
38.05577516555786,168370
38.061108112335205,168370
38.066497564315796,168370
38.07186031341553,168370
38.0772500038147,168370
38.08263874053955,168370
38.08800554275513,168370
38.09342980384827,168370
38.09880518913269,168370
38.104193449020386,168370
38.109570264816284,168370
38.11495876312256,168370
38.12032866477966,168370
38.12571048736572,168370
38.13112211227417,168370
38.13651204109192,168370
38.14187669754028,168370
38.147239685058594,168370
38.15261960029602,168370
38.1579954624176,168370
38.16338539123535,168370
38.16881608963013,168370
38.17419624328613,168370
38.17956757545471,168370
38.18494415283203,168370
38.190324783325195,168370
38.19571256637573,168370
38.20109510421753,168370
38.20652794837952,168370
38.211905002593994,168370
38.21726870536804,168370
38.222652435302734,168370
38.22801685333252,168370
38.233407497406006,168370
38.23878216743469,168370
38.244197607040405,168370
38.24956798553467,168370
38.254945516586304,168370
38.26031947135925,168370
38.2657036781311,168370
38.27108335494995,168370
38.2764630317688,168370
38.28187870979309,168370
38.28725481033325,168370
38.292635679244995,168370
38.29800534248352,168370
38.30338978767395,168370
38.30875754356384,168370
38.314138412475586,168370
38.319549560546875,168370
38.324928283691406,168370
38.330305099487305,168370
38.33570194244385,168370
38.34108901023865,168370
38.34647512435913,168370
38.35184693336487,168370
38.357266664505005,168370
38.36265420913696,168370
38.368032455444336,168370
38.37342166900635,168370
38.378793478012085,168370
38.384177446365356,168370
38.38955473899841,168370
38.39497756958008,168370
38.40035057067871,168370
38.40574049949646,168370
38.4111168384552,168370
38.41649389266968,168370
38.42186617851257,168370
38.427237033843994,168370
38.43266415596008,168370
38.438040018081665,168370
38.44342279434204,168370
38.44879746437073,168370
38.45417785644531,168370
38.45954632759094,168370
38.46492671966553,168370
38.47034740447998,168370
38.47571563720703,168370
38.481101274490356,168370
38.48647928237915,168370
38.49184823036194,168370
38.49721813201904,168370
38.502593994140625,168370
38.50802254676819,168370
38.513402462005615,168370
38.51876258850098,168370
38.52412295341492,168370
38.52949810028076,168370
38.534889936447144,168370
38.54026746749878,168370
38.54570651054382,168370
38.551090478897095,168370
38.55647563934326,168370
38.56184983253479,168370
38.56723237037659,168370
38.572614908218384,168370
38.577993869781494,168370
38.5834002494812,168370
38.588773012161255,168370
38.59411406517029,168370
38.59946894645691,168370
38.604841232299805,168370
38.61021304130554,168370
38.6155960559845,168370
38.62102961540222,168370
38.62641429901123,168370
38.63178777694702,168370
38.637160301208496,168370
38.642571449279785,168370
38.64797520637512,168370
38.653400897979736,168370
38.658851623535156,168370
38.66426634788513,168370
38.66964817047119,168370
38.675058126449585,168370
38.68045663833618,168370
38.68586754798889,168370
38.69128084182739,168370
38.69672775268555,168370
38.7021484375,168370
38.707561016082764,168370
38.712974548339844,168370
38.71838974952698,168370
38.723804235458374,168370
38.729231119155884,168370
38.73469352722168,168370
38.74012565612793,168370
38.745567321777344,168370
38.75100111961365,168370
38.75645089149475,168370
38.761876583099365,168370
38.767311811447144,168370
38.77279567718506,168370
38.77819466590881,168370
38.783626556396484,168370
38.78906321525574,168370
38.794514179229736,168370
38.799952268600464,168370
38.80539393424988,168370
38.81088328361511,168370
38.816338539123535,168370
38.821776151657104,168370
38.827208042144775,168370
38.832683086395264,168370
38.83814573287964,168370
38.84360432624817,168370
38.84914493560791,168370
38.854620933532715,168370
38.86008977890015,168370
38.86557412147522,168370
38.871052265167236,168370
38.876534938812256,168370
38.88199996948242,168370
38.88754653930664,168370
38.89299464225769,168370
38.898451805114746,168370
38.90391445159912,168370
38.90938639640808,168370
38.914843797683716,168370
38.92032051086426,168370
38.9258337020874,168370
38.93116641044617,168370
38.93626570701599,168370
38.94133186340332,168370
38.94637393951416,168370
38.95142865180969,168370
38.956462383270264,168370
38.961451292037964,168370
38.96646809577942,168370
38.97146916389465,168370
38.97648572921753,168370
38.98150968551636,168370
38.98657274246216,168370
38.9916627407074,168370
38.99680709838867,168370
39.00188231468201,168370
39.00697684288025,168370
39.01205825805664,168370
39.017141580581665,168370
39.022242069244385,168370
39.02731513977051,168370
39.03239822387695,168370
39.03746151924133,168370
39.04257082939148,168370
39.04763340950012,168370
39.05274486541748,168370
39.05781054496765,168370
39.06286859512329,168370
39.06792116165161,168370
39.072991132736206,168370
39.078054428100586,168370
39.08311438560486,168370
39.08816981315613,168370
39.0932457447052,168370
39.0983099937439,168370
39.10337209701538,168370
39.10841679573059,168370
39.11347723007202,168370
39.11852741241455,168370
39.12358498573303,168370
39.12864661216736,168370
39.133708477020264,168370
39.138774156570435,168370
39.14383816719055,168370
39.148905754089355,168370
39.15396690368652,168370
39.15902829170227,168370
39.16409111022949,168370
39.16914892196655,168370
39.174203395843506,168370
39.17925667762756,168370
39.18432569503784,168370
39.18938994407654,168370
39.19446277618408,168370
39.19952201843262,168370
39.20459294319153,168370
39.209646224975586,168370
39.21471905708313,168370
39.21977925300598,168370
39.224836349487305,168370
39.22989463806152,168370
39.23496079444885,168370
39.24000906944275,168370
39.245078802108765,168370
39.25013017654419,168370
39.255202293395996,168370
39.26025748252869,168370
39.265321493148804,168370
39.270373582839966,168370
39.27544164657593,168370
39.28049063682556,168370
39.285561323165894,168370
39.29061007499695,168370
39.295671463012695,168370
39.30071997642517,168370
39.30578088760376,168370
39.31083369255066,168370
39.3158905506134,168370
39.320945501327515,168370
39.32601022720337,168370
39.331072092056274,168370
39.3361451625824,168370
39.34120202064514,168370
39.346266984939575,168370
39.35132694244385,168370
39.356393575668335,168370
39.36145091056824,168370
39.36651015281677,168370
39.37156701087952,168370
39.37662363052368,168370
39.381675243377686,168370
39.386733293533325,168370
39.39179086685181,168370
39.396849632263184,168370
39.401910066604614,168370
39.40697121620178,168370
39.41203808784485,168370
39.4170868396759,168370
39.422158002853394,168370
39.427225828170776,168370
39.432291746139526,168370
39.43735861778259,168370
39.44243001937866,168370
39.447484493255615,168370
39.452544927597046,168370
39.45759868621826,168370
39.46265983581543,168370
39.46770262718201,168370
39.47277283668518,168370
39.477813482284546,168370
39.48287582397461,168370
39.48794412612915,168370
39.49300956726074,168370
39.49807262420654,168370
39.50314235687256,168370
39.50819158554077,168370
39.513267040252686,168370
39.51831364631653,168370
39.523375272750854,168370
39.52842378616333,168370
39.5334894657135,168370
39.53854060173035,168370
39.54359817504883,168370
39.54864859580994,168370
39.55374217033386,168370
39.558807373046875,168370
39.56387734413147,168370
39.568939208984375,168370
39.57399940490723,168370
39.579055070877075,168370
39.58413076400757,168370
39.58917689323425,168370
39.59423327445984,168370
39.59928607940674,168370
39.604365825653076,168370
39.60943102836609,168370
39.614490270614624,168370
39.619545459747314,168370
39.624603509902954,168370
39.629653453826904,168370
39.63471746444702,168370
39.63976502418518,168370
39.644827365875244,168370
39.64988398551941,168370
39.6549391746521,168370
39.65998363494873,168370
39.66504669189453,168370
39.670098543167114,168370
39.67516350746155,168370
39.68023085594177,168370
39.68529033660889,168370
39.690335512161255,168370
39.695395946502686,168370
39.700446128845215,168370
39.70550727844238,168370
39.710556745529175,168370
39.715609073638916,168370
39.7206768989563,168370
39.72573947906494,168370
39.73078441619873,168370
39.73585557937622,168370
39.74091076850891,168370
39.74598217010498,168370
39.75103735923767,168370
39.756104707717896,168370
39.761152029037476,168370
39.76622247695923,168370
39.7712836265564,168370
39.776357889175415,168370
39.781407594680786,168370
39.78647184371948,168370
39.791516065597534,168370
39.796576261520386,168370
39.80163645744324,168370
39.80669045448303,168370
39.81174039840698,168370
39.81680655479431,168370
39.82186555862427,168370
39.82693099975586,168370
39.83198881149292,168370
39.83705711364746,168370
39.842113971710205,168370
39.8471736907959,168370
39.852232933044434,168370
39.85728073120117,168370
39.862351417541504,168370
39.86740708351135,168370
39.872472047805786,168370
39.87752866744995,168370
39.88258099555969,168370
39.88763642311096,168370
39.89269232749939,168370
39.89774179458618,168370
39.90280628204346,168370
39.907864809036255,168370
39.91292119026184,168370
39.9180052280426,168370
39.923821687698364,168370
39.92884182929993,168370
39.9338653087616,168370
39.93887233734131,168370
39.94389748573303,168370
39.94890904426575,168370
39.953924894332886,168370
39.95893430709839,168370
39.963947772979736,168370
39.96896290779114,168370
39.97399282455444,168370
39.979008436203,168370
39.984044551849365,168370
39.98906421661377,168370
39.99408030509949,168370
39.99909687042236,168370
40.004130125045776,168370
40.00914525985718,168370
40.01417303085327,168370
40.019181966781616,168370
40.02420353889465,168370
40.02920961380005,168370
40.03423595428467,168370
40.03924536705017,168370
40.044270515441895,168370
40.04928731918335,168370
40.054293155670166,168370
40.05930709838867,168370
40.064334869384766,168370
40.069342374801636,168370
40.074361085891724,168370
40.07936429977417,168370
40.084392786026,168370
40.08939218521118,168370
40.09442090988159,168370
40.0994348526001,168370
40.10446310043335,168370
40.10947108268738,168370
40.11450695991516,168370
40.11951565742493,168370
40.12454056739807,168370
40.129557847976685,168370
40.134581565856934,168370
40.139599084854126,168370
40.144625663757324,168370
40.149646043777466,168370
40.15467023849487,168370
40.159677028656006,168370
40.164703130722046,168370
40.16971564292908,168370
40.17473888397217,168370
40.17974805831909,168370
40.18477654457092,168370
40.18978810310364,168370
40.19482231140137,168370
40.19983172416687,168370
40.20484948158264,168370
40.20986270904541,168370
40.21488046646118,168370
40.21989965438843,168370
40.224923610687256,168370
40.22993564605713,168370
40.23496389389038,168370
40.239973068237305,168370
40.245001792907715,168370
40.25001120567322,168370
40.25503945350647,168370
40.26004600524902,168370
40.26505899429321,168370
40.27007055282593,168370
40.27509880065918,168370
40.28010845184326,168370
40.28512120246887,168370
40.290130853652954,168370
40.295161485672,168370
40.300179958343506,168370
40.305208921432495,168370
40.3102285861969,168370
40.31522226333618,168370
40.320225954055786,168370
40.32526159286499,168370
40.330281257629395,168370
40.33529353141785,168370
40.34029579162598,168370
40.34531569480896,168370
40.350337982177734,168370
40.35535502433777,168370
40.360373973846436,168370
40.36539125442505,168370
40.370402574539185,168370
40.37541913986206,168370
40.380441188812256,168370
40.38545298576355,168370
40.39046025276184,168370
40.395490884780884,168370
40.400501012802124,168370
40.40552592277527,168370
40.41055989265442,168370
40.41558623313904,168370
40.42060732841492,168370
40.42562294006348,168370
40.43063044548035,168370
40.43565797805786,168370
40.44067168235779,168370
40.445700883865356,168370
40.45070290565491,168370
40.45572471618652,168370
40.46073031425476,168370
40.46575736999512,168370
40.47076654434204,168370
40.47577619552612,168370
40.48079252243042,168370
40.485817432403564,168370
40.49083209037781,168370
40.495858669281006,168370
40.50086808204651,168370
40.50588655471802,168370
40.51089930534363,168370
40.51593065261841,168370
40.52093482017517,168370
40.52595281600952,168370
40.53095746040344,168370
40.53598499298096,168370
40.54098987579346,168370
40.5459988117218,168370
40.55098605155945,168370
40.55600309371948,168370
40.56099820137024,168370
40.566014766693115,168370
40.571027755737305,168370
40.576032400131226,168370
40.581031799316406,168370
40.58604383468628,168370
40.591063499450684,168370
40.59607529640198,168370
40.60108184814453,168370
40.60611176490784,168370
40.6111273765564,168370
40.616130113601685,168370
40.621132612228394,168370
40.62614369392395,168370
40.63114285469055,168370
40.636160373687744,168370
40.64116954803467,168370
40.646172761917114,168370
40.65116572380066,168370
40.65618920326233,168370
40.66119599342346,168370
40.66620206832886,168370
40.67120361328125,168370
40.6762273311615,168370
40.68122482299805,168370
40.68623876571655,168370
40.691243171691895,168370
40.69626450538635,168370
40.701271533966064,168370
40.70629405975342,168370
40.711278676986694,168370
40.716289043426514,168370
40.72129440307617,168370
40.72626447677612,168370
40.73125123977661,168370
40.73623466491699,168370
40.741217374801636,168370
40.74620342254639,168370
40.75118637084961,168370
40.756176233291626,168370
40.76115918159485,168370
40.76612997055054,168370
40.77111458778381,168370
40.77609992027283,168370
40.781076431274414,168370
40.7860631942749,168370
40.79104232788086,168370
40.79600977897644,168370
40.80099630355835,168370
40.80598449707031,168370
40.810961961746216,168370
40.815937519073486,168370
40.82093548774719,168370
40.82592844963074,168370
40.83091163635254,168370
40.83590841293335,168370
40.840904712677,168370
40.84590721130371,168370
40.850900650024414,168370
40.85589933395386,168370
40.86090350151062,168370
40.865904808044434,168370
40.87089729309082,168370
40.87589979171753,168370
40.88089966773987,168370
40.88590145111084,168370
40.89090633392334,168370
40.89590072631836,168370
40.90090203285217,168370
40.90592312812805,168370
40.91094255447388,168370
40.9161057472229,168370
40.92107653617859,168370
40.92607283592224,168370
40.93106532096863,168370
40.936073541641235,168370
40.94106101989746,168370
40.946056604385376,168370
40.9510498046875,168370
40.956056356430054,168370
40.961013078689575,168370
40.966089487075806,168370
40.97116208076477,168370
40.9756760597229,168370
40.97850322723389,168370
40.98131728172302,168370
40.98414635658264,168370
40.98694968223572,168370
40.989765644073486,168370
40.99258017539978,168370
40.99538707733154,168370
40.99820423126221,168370
41.00100064277649,168370
41.003817319869995,168370
41.00662684440613,168370
41.00943994522095,168370
41.012259006500244,168370
41.015066623687744,168370
41.017858028411865,168370
41.02066779136658,168370
41.02348709106445,168370
41.02630543708801,168370
41.02911329269409,168370
41.031912088394165,168370
41.0347101688385,168370
41.037522077560425,168370
41.04032254219055,168370
41.043145179748535,168370
41.04594588279724,168370
41.04875349998474,168370
41.05155920982361,168370
41.054375886917114,168370
41.057180404663086,168370
41.05997848510742,168370
41.06278944015503,168370
41.0655951499939,168370
41.068397521972656,168370
41.071210861206055,168370
41.074015855789185,168370
41.076820850372314,168370
41.079622983932495,168370
41.082443952560425,168370
41.085254430770874,168370
41.088059186935425,168370
41.090909481048584,168370
41.09373188018799,168370
41.09653997421265,168370
41.099374771118164,168370
41.10219645500183,168370
41.10506057739258,168370
41.10785412788391,168370
41.110658407211304,168370
41.11346769332886,168370
41.11627411842346,168370
41.11910581588745,168370
41.12190556526184,168370
41.124709129333496,168370
41.12751650810242,168370
41.13032150268555,168370
41.13314771652222,168370
41.13594365119934,168370
41.13874697685242,168370
41.141549825668335,168370
41.14436650276184,168370
41.14716696739197,168370
41.14996600151062,168370
41.15276885032654,168370
41.1555757522583,168370
41.15837526321411,168370
41.161182165145874,168370
41.163991928100586,168370
41.16679286956787,168370
41.16958928108215,168370
41.17240834236145,168370
41.175217628479004,168370
41.1780149936676,168370
41.180816888809204,168370
41.1836314201355,168370
41.186431646347046,168370
41.1892409324646,168370
41.19205021858215,168370
41.19484305381775,168370
41.197643995285034,168370
41.20046138763428,168370
41.20327806472778,168370
41.20608711242676,168370
41.208887338638306,168370
41.211697816848755,168370
41.21451735496521,168370
41.217334032058716,168370
41.22014141082764,168370
41.22295022010803,168370
41.22575068473816,168370
41.22856140136719,168370
41.231367349624634,168370
41.23418736457825,168370
41.23698425292969,168370
41.23978137969971,168370
41.242589712142944,168370
41.24540090560913,168370
41.24820852279663,168370
41.251004219055176,168370
41.253819704055786,168370
41.256630182266235,168370
41.25942945480347,168370
41.26224398612976,168370
41.26505517959595,168370
41.26785326004028,168370
41.27065348625183,168370
41.27347254753113,168370
41.27628207206726,168370
41.27908635139465,168370
41.28187537193298,168370
41.28468418121338,168370
41.287484645843506,168370
41.290289878845215,168370
41.29310727119446,168370
41.2959041595459,168370
41.298699378967285,168370
41.3015079498291,168370
41.30432367324829,168370
41.30712890625,168370
41.30992817878723,168370
41.31274366378784,168370
41.315545320510864,168370
41.31835079193115,168370
41.321146965026855,168370
41.323960065841675,168370
41.32675337791443,168370
41.329553842544556,168370
41.33236813545227,168370
41.335164070129395,168370
41.33796238899231,168370
41.34076690673828,168370
41.343571186065674,168370
41.3463716506958,168370
41.34917616844177,168370
41.35197138786316,168370
41.3547797203064,168370
41.35758423805237,168370
41.36039423942566,168370
41.363213300704956,168370
41.36600995063782,168370
41.36880683898926,168370
41.37160134315491,168370
41.37441873550415,168370
41.37722158432007,168370
41.38001489639282,168370
41.3828125,168370
41.385618925094604,168370
41.38842153549194,168370
41.391228437423706,168370
41.394038438797,168370
41.39683270454407,168370
41.399627685546875,168370
41.40243697166443,168370
41.405240058898926,168370
41.408037424087524,168370
41.410831451416016,168370
41.41364026069641,168370
41.41643261909485,168370
41.419241428375244,168370
41.422048807144165,168370
41.4248480796814,168370
41.42764234542847,168370
41.43045115470886,168370
41.4332594871521,168370
41.43606781959534,168370
41.438857078552246,168370
41.441648960113525,168370
41.4444625377655,168370
41.44726777076721,168370
41.450071811676025,168370
41.452877044677734,168370
41.455671548843384,168370
41.458473682403564,168370
41.461270332336426,168370
41.464086055755615,168370
41.46687579154968,168370
41.46967124938965,168370
41.472471952438354,168370
41.47528529167175,168370
41.47808790206909,168370
41.480873584747314,168370
41.48368763923645,168370
41.48648762702942,168370
41.48928689956665,168370
41.49209189414978,168370
41.49488830566406,168370
41.49768877029419,168370
41.500489473342896,168370
41.503294944763184,168370
41.50609540939331,168370
41.50889444351196,168370
41.51168417930603,168370
41.51449465751648,168370
41.51730680465698,168370
41.52011203765869,168370
41.52290868759155,168370
41.5257089138031,168370
41.528509855270386,168370
41.53131604194641,168370
41.53412747383118,168370
41.53692412376404,168370
41.53971600532532,168370
41.542532205581665,168370
41.54533052444458,168370
41.5481321811676,168370
41.550952672958374,168370
41.55376577377319,168370
41.556570291519165,168370
41.5593798160553,168370
41.562196016311646,168370
41.56498885154724,168370
41.567787408828735,168370
41.57058668136597,168370
41.57338857650757,168370
41.5761981010437,168370
41.57898497581482,168370
41.58178925514221,168370
41.584593296051025,168370
41.58739948272705,168370
41.59019899368286,168370
41.59300231933594,168370
41.59579515457153,168370
41.59859275817871,168370
41.60139608383179,168370
41.60421586036682,168370
41.607009172439575,168370
41.60980558395386,168370
41.61260938644409,168370
41.61540746688843,168370
41.61820960044861,168370
41.621007442474365,168370
41.6238226890564,168370
41.626622915267944,168370
41.62942314147949,168370
41.632240295410156,168370
41.63504695892334,168370
41.63783812522888,168370
41.64064073562622,168370
41.643450021743774,168370
41.64625072479248,168370
41.64906120300293,168370
41.65185570716858,168370
41.65466809272766,168370
41.65746712684631,168370
41.66027283668518,168370
41.663087129592896,168370
41.66588258743286,168370
41.66867709159851,168370
41.671480655670166,168370
41.674296379089355,168370
41.67710256576538,168370
41.6798791885376,168370
41.682690143585205,168370
41.685492515563965,168370
41.68829941749573,168370
41.69109845161438,168370
41.69390940666199,168370
41.69670295715332,168370
41.6995062828064,168370
41.702322006225586,168370
41.70513916015625,168370
41.70793271064758,168370
41.710726737976074,168370
41.7135443687439,168370
41.71634817123413,168370
41.719154834747314,168370
41.72196316719055,168370
41.72477340698242,168370
41.727580070495605,168370
41.73038077354431,168370
41.733197927474976,168370
41.73598837852478,168370
41.73879528045654,168370
41.74159836769104,168370
41.744423151016235,168370
41.747225522994995,168370
41.7500364780426,168370
41.75283908843994,168370
41.75563168525696,168370
41.75843286514282,168370
41.761242389678955,168370
41.76405906677246,168370
41.76685333251953,168370
41.769646883010864,168370
41.772459268569946,168370
41.77526116371155,168370
41.7780659198761,168370
41.78085494041443,168370
41.78366470336914,168370
41.78647017478943,168370
41.78926944732666,168370
41.7920777797699,168370
41.79487371444702,168370
41.79767179489136,168370
41.800479888916016,168370
41.80328607559204,168370
41.80608773231506,168370
41.80887460708618,168370
41.81167125701904,168370
41.81448197364807,168370
41.8172926902771,168370
41.82009243965149,168370
41.82289910316467,168370
41.825692892074585,168370
41.8285014629364,168370
41.83130693435669,168370
41.83412981033325,168370
41.83692908287048,168370
41.83972954750061,168370
41.84254312515259,168370
41.845353841781616,168370
41.848164319992065,168370
41.85096526145935,168370
41.853777170181274,168370
41.85658502578735,168370
41.859384059906006,168370
41.862200021743774,168370
41.865052700042725,168370
41.86786341667175,168370
41.87066698074341,168370
41.87349343299866,168370
41.87631177902222,168370
41.87912654876709,168370
41.881925106048584,168370
41.88475298881531,168370
41.88756012916565,168370
41.89037609100342,168370
41.893200635910034,168370
41.896005630493164,168370
41.898802518844604,168370
41.901612281799316,168370
41.90443515777588,168370
41.907238483428955,168370
41.91004943847656,168370
41.912850856781006,168370
41.91564893722534,168370
41.91850256919861,168370
41.92131781578064,168370
41.92459988594055,168370
41.927443742752075,168370
41.93027925491333,168370
41.93312048912048,168370
41.935956954956055,168370
41.938774824142456,168370
41.941608905792236,168370
41.94442963600159,168370
41.94723916053772,168370
41.950047969818115,168370
41.95285630226135,168370
41.955660581588745,168370
41.958468437194824,168370
41.96126985549927,168370
41.96409463882446,168370
41.966898918151855,168370
41.9697003364563,168370
41.97251534461975,168370
41.97533082962036,168370
41.97813701629639,168370
41.98093342781067,168370
41.98374390602112,168370
41.986536502838135,168370
41.98934483528137,168370
41.992159843444824,168370
41.994961738586426,168370
41.9977605342865,168370
42.00055932998657,168370
42.003379344940186,168370
42.00619101524353,168370
42.008989095687866,168370
42.01179337501526,168370
42.01460576057434,168370
42.01741075515747,168370
42.02022624015808,168370
42.02304148674011,168370
42.025832176208496,168370
42.02863311767578,168370
42.03143882751465,168370
42.03425335884094,168370
42.037065505981445,168370
42.03985548019409,168370
42.04266858100891,168370
42.04546666145325,168370
42.048274517059326,168370
42.05108141899109,168370
42.053895235061646,168370
42.056694984436035,168370
42.05950045585632,168370
42.0623083114624,168370
42.06512379646301,168370
42.06791639328003,168370
42.070717334747314,168370
42.07352900505066,168370
42.07633852958679,168370
42.079139947891235,168370
42.081945180892944,168370
42.08475422859192,168370
42.08756136894226,168370
42.09036207199097,168370
42.09318232536316,168370
42.09597706794739,168370
42.098785400390625,168370
42.10159111022949,168370
42.104413747787476,168370
42.107224464416504,168370
42.11003875732422,168370
42.11283731460571,168370
42.11564230918884,168370
42.11845350265503,168370
42.12126326560974,168370
42.124078035354614,168370
42.12687849998474,168370
42.12967085838318,168370
42.1324827671051,168370
42.13528871536255,168370
42.13809823989868,168370
42.140894412994385,168370
42.14371156692505,168370
42.1465220451355,168370
42.149333000183105,168370
42.15214967727661,168370
42.15495228767395,168370
42.157750844955444,168370
42.160563230514526,168370
42.16337704658508,168370
42.16618466377258,168370
42.16898322105408,168370
42.171791791915894,168370
42.174598932266235,168370
42.177411794662476,168370
42.18021559715271,168370
42.18302845954895,168370
42.185824155807495,168370
42.1886305809021,168370
42.19143342971802,168370
42.194254875183105,168370
42.197059869766235,168370
42.19985747337341,168370
42.202669858932495,168370
42.20547080039978,168370
42.20827341079712,168370
42.211082220077515,168370
42.21388578414917,168370
42.2166907787323,168370
42.2194938659668,168370
42.2223117351532,168370
42.225115060806274,168370
42.227914571762085,168370
42.23071026802063,168370
42.23352575302124,168370
42.2363338470459,168370
42.23914813995361,168370
42.24193835258484,168370
42.24475574493408,168370
42.247554302215576,168370
42.25035905838013,168370
42.253172636032104,168370
42.25598883628845,168370
42.258792877197266,168370
42.26160025596619,168370
42.26441526412964,168370
42.267223596572876,168370
42.27002716064453,168370
42.27283453941345,168370
42.275630235672,168370
42.278433084487915,168370
42.281238079071045,168370
42.28405714035034,168370
42.28685259819031,168370
42.289658069610596,168370
42.29246735572815,168370
42.29527735710144,168370
42.29808735847473,168370
42.3008873462677,168370
42.30369853973389,168370
42.30650877952576,168370
42.309317111968994,168370
42.312142848968506,168370
42.314940452575684,168370
42.31774926185608,168370
42.32055068016052,168370
42.32336926460266,168370
42.32618165016174,168370
42.328972578048706,168370
42.33177089691162,168370
42.33458352088928,168370
42.33738398551941,168370
42.34019327163696,168370
42.34303402900696,168370
42.345831871032715,168370
42.34863495826721,168370
42.351441860198975,168370
42.354260206222534,168370
42.35706353187561,168370
42.359864950180054,168370
42.36268401145935,168370
42.36548376083374,168370
42.368292808532715,168370
42.371108531951904,168370
42.37392067909241,168370
42.37672185897827,168370
42.379536390304565,168370
42.382349491119385,168370
42.38516092300415,168370
42.38796043395996,168370
42.3907585144043,168370
42.39357614517212,168370
42.39639091491699,168370
42.39919710159302,168370
42.40200424194336,168370
42.40480995178223,168370
42.40762138366699,168370
42.41042375564575,168370
42.41324973106384,168370
42.41605830192566,168370
42.41885828971863,168370
42.421655893325806,168370
42.42447829246521,168370
42.427276849746704,168370
42.43008065223694,168370
42.43288803100586,168370
42.435696840286255,168370
42.438504219055176,168370
42.4413115978241,168370
42.44413208961487,168370
42.4469313621521,168370
42.449726581573486,168370
42.45255088806152,168370
42.455355644226074,168370
42.458171129226685,168370
42.4609751701355,168370
42.4637930393219,168370
42.466596841812134,168370
42.469398975372314,168370
42.47221612930298,168370
42.47502613067627,168370
42.47782516479492,168370
42.480634450912476,168370
42.483453035354614,168370
42.48626232147217,168370
42.489068269729614,168370
42.491867542266846,168370
42.49467396736145,168370
42.4974844455719,168370
42.50029110908508,168370
42.50311207771301,168370
42.505911350250244,168370
42.50870609283447,168370
42.51151204109192,168370
42.5143346786499,168370
42.51713705062866,168370
42.519936323165894,168370
42.5227427482605,168370
42.52554368972778,168370
42.52834939956665,168370
42.531156063079834,168370
42.53396677970886,168370
42.536773681640625,168370
42.539576292037964,168370
42.54240322113037,168370
42.54521346092224,168370
42.548022508621216,168370
42.55085277557373,168370
42.55367588996887,168370
42.556490659713745,168370
42.559305906295776,168370
42.56212878227234,168370
42.56493282318115,168370
42.567737102508545,168370
42.57055068016052,168370
42.573368549346924,168370
42.57618165016174,168370
42.57898473739624,168370
42.581788063049316,168370
42.58459734916687,168370
42.58749032020569,168370
42.59029793739319,168370
42.59311485290527,168370
42.59590983390808,168370
42.598700523376465,168370
42.60151028633118,168370
42.60434007644653,168370
42.60733723640442,168370
42.610153913497925,168370
42.612974882125854,168370
42.61577796936035,168370
42.61863899230957,168370
42.62145376205444,168370
42.62427616119385,168370
42.627094745635986,168370
42.62989950180054,168370
42.632718086242676,168370
42.635520696640015,168370
42.63832879066467,168370
42.64114451408386,168370
42.64395260810852,168370
42.64675307273865,168370
42.649558544158936,168370
42.65238308906555,168370
42.655187368392944,168370
42.657991886138916,168370
42.66079378128052,168370
42.66362190246582,168370
42.66643309593201,168370
42.6692430973053,168370
42.672051429748535,168370
42.674854040145874,168370
42.677649974823,168370
42.680455446243286,168370
42.68327045440674,168370
42.686081886291504,168370
42.688878297805786,168370
42.69168043136597,168370
42.694499492645264,168370
42.69731092453003,168370
42.70011758804321,168370
42.70292949676514,168370
42.705732107162476,168370
42.7085497379303,168370
42.71135878562927,168370
42.71417498588562,168370
42.71697664260864,168370
42.71978163719177,168370
42.72260403633118,168370
42.72541809082031,168370
42.72822904586792,168370
42.73103857040405,168370
42.73383855819702,168370
42.736644983291626,168370
42.739452600479126,168370
42.74227833747864,168370
42.74508619308472,168370
42.74789357185364,168370
42.75069570541382,168370
42.75352191925049,168370
42.756333351135254,168370
42.75914692878723,168370
42.761948347091675,168370
42.76476168632507,168370
42.76757502555847,168370
42.77038931846619,168370
42.77320575714111,168370
42.77600955963135,168370
42.77881073951721,168370
42.78162097930908,168370
42.784443855285645,168370
42.787251234054565,168370
42.79006004333496,168370
42.79287314414978,168370
42.795671224594116,168370
42.798481941223145,168370
42.80128622055054,168370
42.80410838127136,168370
42.806904554367065,168370
42.80970621109009,168370
42.81252861022949,168370
42.815349102020264,168370
42.818148374557495,168370
42.82095265388489,168370
42.823771953582764,168370
42.826580286026,168370
42.82938766479492,168370
42.83220887184143,168370
42.83500528335571,168370
42.837810754776,168370
42.84061098098755,168370
42.84343361854553,168370
42.84624481201172,168370
42.849056243896484,168370
42.85185980796814,168370
42.854676723480225,168370
42.8574800491333,168370
42.86030316352844,168370
42.86312413215637,168370
42.86593151092529,168370
42.868733406066895,168370
42.87154006958008,168370
42.87435603141785,168370
42.87716341018677,168370
42.87996196746826,168370
42.8827691078186,168370
42.88557553291321,168370
42.88839030265808,168370
42.89120388031006,168370
42.89402484893799,168370
42.89682102203369,168370
42.89962077140808,168370
42.902435541152954,168370
42.90524649620056,168370
42.90805506706238,168370
42.91085648536682,168370
42.913673877716064,168370
42.916536808013916,168370
42.91934871673584,168370
42.92217230796814,168370
42.925434589385986,168370
42.928282260894775,168370
42.93111515045166,168370
42.9339599609375,168370
42.936765909194946,168370
42.93958306312561,168370
42.9424090385437,168370
42.945226192474365,168370
42.948031187057495,168370
42.95083785057068,168370
42.95365929603577,168370
42.95647215843201,168370
42.95927834510803,168370
42.962098121643066,168370
42.964895725250244,168370
42.96770358085632,168370
42.97050905227661,168370
42.97332453727722,168370
42.976126194000244,168370
42.97892880439758,168370
42.98173379898071,168370
42.98455238342285,168370
42.987356185913086,168370
42.990161180496216,168370
42.99297285079956,168370
42.9957754611969,168370
42.99858093261719,168370
43.00138306617737,168370
43.00420904159546,168370
43.00701284408569,168370
43.00981068611145,168370
43.012635231018066,168370
43.01544809341431,168370
43.01825547218323,168370
43.02106475830078,168370
43.02388334274292,168370
43.02668046951294,168370
43.0294930934906,168370
43.03230690956116,168370
43.035117626190186,168370
43.037912130355835,168370
43.04071378707886,168370
43.043538331985474,168370
43.04634237289429,168370
43.04914593696594,168370
43.05195236206055,168370
43.05476903915405,168370
43.05757737159729,168370
43.06038236618042,168370
43.06321334838867,168370
43.06601572036743,168370
43.068825244903564,168370
43.07163214683533,168370
43.074455976486206,168370
43.07726740837097,168370
43.080079793930054,168370
43.082879066467285,168370
43.08568334579468,168370
43.088486433029175,168370
43.09129238128662,168370
43.094109535217285,168370
43.09692168235779,168370
43.099722146987915,168370
43.102540731430054,168370
43.105345726013184,168370
43.1081485748291,168370
43.110942363739014,168370
43.11374497413635,168370
43.116554975509644,168370
43.11936712265015,168370
43.12217903137207,168370
43.124980211257935,168370
43.12778162956238,168370
43.130587100982666,168370
43.1334068775177,168370
43.136223554611206,168370
43.139095306396484,168370
43.14190602302551,168370
43.14473485946655,168370
43.147592544555664,168370
43.150395154953,168370
43.15323829650879,168370
43.1560492515564,168370
43.15884780883789,168370
43.161653995513916,168370
43.16447639465332,168370
43.167283058166504,168370
43.17009711265564,168370
43.172897815704346,168370
43.17570114135742,168370
43.17850470542908,168370
43.18132257461548,168370
43.18413686752319,168370
43.18693709373474,168370
43.18973207473755,168370
43.192542552948,168370
43.19534778594971,168370
43.19816732406616,168370
43.200968742370605,168370
43.20377969741821,168370
43.206581592559814,168370
43.20938801765442,168370
43.212202310562134,168370
43.21500205993652,168370
43.21779942512512,168370
43.22061276435852,168370
43.22342872619629,168370
43.226234674453735,168370
43.229037046432495,168370
43.23183536529541,168370
43.23465180397034,168370
43.23746371269226,168370
43.24027466773987,168370
43.243080615997314,168370
43.245880126953125,168370
43.24868440628052,168370
43.25148916244507,168370
43.25430607795715,168370
43.257116079330444,168370
43.25991868972778,168370
43.2627272605896,168370
43.26553988456726,168370
43.26834273338318,168370
43.27114748954773,168370
43.27396106719971,168370
43.27677035331726,168370
43.27957510948181,168370
43.28239154815674,168370
43.28519654273987,168370
43.28799390792847,168370
43.29079079627991,168370
43.29360747337341,168370
43.296417236328125,168370
43.29923129081726,168370
43.30203866958618,168370
43.30484056472778,168370
43.30764317512512,168370
43.310452699661255,168370
43.31327486038208,168370
43.3160879611969,168370
43.318888425827026,168370
43.321686029434204,168370
43.32450461387634,168370
43.32731866836548,168370
43.33012938499451,168370
43.332937240600586,168370
43.33573293685913,168370
43.33854365348816,168370
43.341350078582764,168370
43.34417414665222,168370
43.34697413444519,168370
43.34978461265564,168370
43.35260343551636,168370
43.355414628982544,168370
43.35822367668152,168370
43.361037492752075,168370
43.36384701728821,168370
43.36664700508118,168370
43.36944603919983,168370
43.3722665309906,168370
43.37507343292236,168370
43.37787652015686,168370
43.38067865371704,168370
43.38349390029907,168370
43.38630557060242,168370
43.3891167640686,168370
43.39191389083862,168370
43.394737005233765,168370
43.3975567817688,168370
43.400367736816406,168370
43.40318489074707,168370
43.4059841632843,168370
43.40877985954285,168370
43.41158747673035,168370
43.41440153121948,168370
43.41721487045288,168370
43.4200074672699,168370
43.42281627655029,168370
43.42561864852905,168370
43.42842626571655,168370
43.43122911453247,168370
43.43405318260193,168370
43.43684124946594,168370
43.43964648246765,168370
43.442462682724,168370
43.445279598236084,168370
43.44808006286621,168370
43.4508798122406,168370
43.45369243621826,168370
43.456496715545654,168370
43.45930480957031,168370
43.462136030197144,168370
43.464930295944214,168370
43.467734575271606,168370
43.470545053482056,168370
43.473371505737305,168370
43.476181745529175,168370
43.4789822101593,168370
43.48178315162659,168370
43.484599590301514,168370
43.4874005317688,168370
43.4902126789093,168370
43.493024587631226,168370
43.49581813812256,168370
43.49861931800842,168370
43.50142216682434,168370
43.50424337387085,168370
43.5070583820343,168370
43.50985312461853,168370
43.51267218589783,168370
43.515480756759644,168370
43.51829409599304,168370
43.52109980583191,168370
43.52391767501831,168370
43.526715993881226,168370
43.52952814102173,168370
43.53234314918518,168370
43.53516101837158,168370
43.537956953048706,168370
43.54076361656189,168370
43.5435791015625,168370
43.546390771865845,168370
43.54920291900635,168370
43.55203604698181,168370
43.55483937263489,168370
43.557647466659546,168370
43.56045579910278,168370
43.563284397125244,168370
43.56608271598816,168370
43.568893909454346,168370
43.57169556617737,168370
43.574519872665405,168370
43.57732152938843,168370
43.58013558387756,168370
43.58294486999512,168370
43.58574891090393,168370
43.588555574417114,168370
43.591368436813354,168370
43.59420204162598,168370
43.59700608253479,168370
43.59980511665344,168370
43.602619647979736,168370
43.605435609817505,168370
43.60824632644653,168370
43.61105465888977,168370
43.613868951797485,168370
43.61667442321777,168370
43.61948776245117,168370
43.62230324745178,168370
43.625117778778076,168370
43.627912521362305,168370
43.63072204589844,168370
43.63354182243347,168370
43.636356830596924,168370
43.6391658782959,168370
43.641972064971924,168370
43.644779205322266,168370
43.64759016036987,168370
43.65039396286011,168370
43.653220891952515,168370
43.65602898597717,168370
43.65883541107178,168370
43.66163778305054,168370
43.664459228515625,168370
43.66727113723755,168370
43.67008066177368,168370
43.67288160324097,168370
43.675689458847046,168370
43.678500175476074,168370
43.6813108921051,168370
43.684125661849976,168370
43.68691945075989,168370
43.689717531204224,168370
43.6925323009491,168370
43.695329427719116,168370
43.698134422302246,168370
43.700929164886475,168370
43.70373821258545,168370
43.70654606819153,168370
43.70935320854187,168370
43.71216940879822,168370
43.71497321128845,168370
43.71776747703552,168370
43.720580101013184,168370
43.7233989238739,168370
43.726213455200195,168370
43.72900581359863,168370
43.73180794715881,168370
43.734625577926636,168370
43.737431049346924,168370
43.74023938179016,168370
43.743051052093506,168370
43.745840072631836,168370
43.748645067214966,168370
43.751447916030884,168370
43.75426959991455,168370
43.75707268714905,168370
43.75987124443054,168370
43.76267862319946,168370
43.76548910140991,168370
43.76829934120178,168370
43.7711067199707,168370
43.77391576766968,168370
43.776721477508545,168370
43.779531955718994,168370
43.78235125541687,168370
43.785157442092896,168370
43.78796577453613,168370
43.79077100753784,168370
43.79358696937561,168370
43.796396017074585,168370
43.79921221733093,168370
43.802050828933716,168370
43.80487895011902,168370
43.807700634002686,168370
43.810516595840454,168370
43.81333327293396,168370
43.8161461353302,168370
43.81894135475159,168370
43.821749210357666,168370
43.824567794799805,168370
43.827375650405884,168370
43.83018350601196,168370
43.83298635482788,168370
43.835790157318115,168370
43.838594913482666,168370
43.84140372276306,168370
43.84422516822815,168370
43.847031593322754,168370
43.849828004837036,168370
43.85264468193054,168370
43.85545825958252,168370
43.8582706451416,168370
43.861085176467896,168370
43.86389684677124,168370
43.86669874191284,168370
43.86950969696045,168370
43.87233281135559,168370
43.8751437664032,168370
43.87795329093933,168370
43.88075923919678,168370
43.88357949256897,168370
43.88638162612915,168370
43.88918733596802,168370
43.89198446273804,168370
43.89480209350586,168370
43.897605419158936,168370
43.90041136741638,168370
43.90323257446289,168370
43.90604758262634,168370
43.90884971618652,168370
43.91165518760681,168370
43.91446781158447,168370
43.91732692718506,168370
43.92013216018677,168370
43.92294788360596,168370
43.92620611190796,168370
43.929049491882324,168370
43.93187761306763,168370
43.93471837043762,168370
43.93753981590271,168370
43.940354108810425,168370
43.94317936897278,168370
43.94598698616028,168370
43.94879364967346,168370
43.951600551605225,168370
43.954418897628784,168370
43.95722532272339,168370
43.96002721786499,168370
43.96284222602844,168370
43.96565222740173,168370
43.968464612960815,168370
43.971275806427,168370
43.974101066589355,168370
43.97690224647522,168370
43.97971153259277,168370
43.982534408569336,168370
43.98534440994263,168370
43.988150119781494,168370
43.99095630645752,168370
43.993767499923706,168370
43.99657940864563,168370
43.999382972717285,168370
44.002204179763794,168370
44.0050106048584,168370
44.007819414138794,168370
44.01061224937439,168370
44.01343584060669,168370
44.01625156402588,168370
44.019065618515015,168370
44.021865129470825,168370
44.02467322349548,168370
44.027477979660034,168370
44.030295610427856,168370
44.033116817474365,168370
44.03592228889465,168370
44.03871440887451,168370
44.04152035713196,168370
44.04434251785278,168370
44.047149658203125,168370
44.04995083808899,168370
44.05276918411255,168370
44.055574893951416,168370
44.05837535858154,168370
44.06118321418762,168370
44.064000844955444,168370
44.066811084747314,168370
44.06961631774902,168370
44.07243204116821,168370
44.07524299621582,168370
44.078052282333374,168370
44.08085584640503,168370
44.08366680145264,168370
44.08647274971008,168370
44.08927273750305,168370
44.09209179878235,168370
44.094889402389526,168370
44.0976939201355,168370
44.10048866271973,168370
44.10330772399902,168370
44.10611915588379,168370
44.10892677307129,168370
44.111732721328735,168370
44.11455249786377,168370
44.11735534667969,168370
44.12016820907593,168370
44.122976541519165,168370
44.12578225135803,168370
44.12859058380127,168370
44.13139820098877,168370
44.13421702384949,168370
44.13700771331787,168370
44.139811277389526,168370
44.14262413978577,168370
44.14543056488037,168370
44.14824056625366,168370
44.15104651451111,168370
44.15385413169861,168370
44.15666317939758,168370
44.15946960449219,168370
44.162288665771484,168370
44.16510343551636,168370
44.16790533065796,168370
44.17071461677551,168370
44.173537731170654,168370
44.176355600357056,168370
44.17916536331177,168370
44.181968450546265,168370
44.18478226661682,168370
44.187591314315796,168370
44.1903977394104,168370
44.19321155548096,168370
44.19601559638977,168370
44.19881463050842,168370
44.20161151885986,168370
44.204434394836426,168370
44.207244873046875,168370
44.21005034446716,168370
44.21285843849182,168370
44.21566343307495,168370
44.218483686447144,168370
44.221354961395264,168370
44.2241747379303,168370
44.22698211669922,168370
44.22978329658508,168370
44.23259663581848,168370
44.235403537750244,168370
44.23821949958801,168370
44.241026639938354,168370
44.243833780288696,168370
44.2466516494751,168370
44.249459981918335,168370
44.25227689743042,168370
44.255088329315186,168370
44.257887840270996,168370
44.26069402694702,168370
44.26351308822632,168370
44.266318798065186,168370
44.26913356781006,168370
44.271928787231445,168370
44.274747133255005,168370
44.27754735946655,168370
44.28035926818848,168370
44.28317451477051,168370
44.28597950935364,168370
44.28877305984497,168370
44.291584730148315,168370
44.29439973831177,168370
44.29721140861511,168370
44.30001473426819,168370
44.30283164978027,168370
44.305631160736084,168370
44.30843949317932,168370
44.31124758720398,168370
44.31406903266907,168370
44.316861391067505,168370
44.31966519355774,168370
44.32248020172119,168370
44.325297117233276,168370
44.32811164855957,168370
44.33091640472412,168370
44.33372259140015,168370
44.33653020858765,168370
44.33933687210083,168370
44.342159271240234,168370
44.34495806694031,168370
44.34775900840759,168370
44.350560426712036,168370
44.35338068008423,168370
44.35618710517883,168370
44.3589928150177,168370
44.361802101135254,168370
44.36461901664734,168370
44.36742663383484,168370
44.370235204696655,168370
44.373045444488525,168370
44.37584352493286,168370
44.37864279747009,168370
44.381449937820435,168370
44.38426494598389,168370
44.38708019256592,168370
44.38987374305725,168370
44.39267897605896,168370
44.39548444747925,168370
44.39830017089844,168370
44.40110683441162,168370
44.40391778945923,168370
44.40671443939209,168370
44.40951609611511,168370
44.41233038902283,168370
44.415144205093384,168370
44.41795039176941,168370
44.42075562477112,168370
44.42357110977173,168370
44.426379680633545,168370
44.429187536239624,168370
44.43198490142822,168370
44.434792280197144,168370
44.437594413757324,168370
44.44040536880493,168370
44.443230390548706,168370
44.44603395462036,168370
44.448838233947754,168370
44.45163702964783,168370
44.45445919036865,168370
44.45727062225342,168370
44.46008229255676,168370
44.46288824081421,168370
44.465702295303345,168370
44.468510389328,168370
44.47132420539856,168370
44.474140644073486,168370
44.47694659233093,168370
44.479748249053955,168370
44.48257803916931,168370
44.485384464263916,168370
44.48819398880005,168370
44.49099087715149,168370
44.493804693222046,168370
44.49660611152649,168370
44.499415159225464,168370
44.50223469734192,168370
44.50504183769226,168370
44.50783562660217,168370
44.51063632965088,168370
44.51345419883728,168370
44.51626515388489,168370
44.51907420158386,168370
44.52187156677246,168370
44.524686336517334,168370
44.527498722076416,168370
44.53029799461365,168370
44.53312087059021,168370
44.53592324256897,168370
44.53872346878052,168370
44.54152727127075,168370
44.544355630874634,168370
44.54716396331787,168370
44.54996633529663,168370
44.55281329154968,168370
44.55562400817871,168370
44.55843424797058,168370
44.56124472618103,168370
44.56405782699585,168370
44.566861629486084,168370
44.56966805458069,168370
44.572486877441406,168370
44.575295209884644,168370
44.57810640335083,168370
44.58090281486511,168370
44.58371949195862,168370
44.586522340774536,168370
44.5893349647522,168370
44.59215712547302,168370
44.59496521949768,168370
44.597774028778076,168370
44.60058259963989,168370
44.60339593887329,168370
44.60640478134155,168370
44.609211683273315,168370
44.612061500549316,168370
44.61486268043518,168370
44.61767768859863,168370
44.620481967926025,168370
44.6233024597168,168370
44.62610864639282,168370
44.62891364097595,168370
44.631712198257446,168370
44.63452625274658,168370
44.637327432632446,168370
44.640143632888794,168370
44.64294624328613,168370
44.64575242996216,168370
44.64855122566223,168370
44.651362657547,168370
44.654178857803345,168370
44.656981229782104,168370
44.65978813171387,168370
44.66260528564453,168370
44.665417432785034,168370
44.66822814941406,168370
44.67102885246277,168370
44.673832416534424,168370
44.67664623260498,168370
44.679458141326904,168370
44.68227481842041,168370
44.685086250305176,168370
44.68788456916809,168370
44.690682888031006,168370
44.693490743637085,168370
44.696303367614746,168370
44.699108600616455,168370
44.701908826828,168370
44.70471668243408,168370
44.70752692222595,168370
44.7103271484375,168370
44.71314191818237,168370
44.71594190597534,168370
44.718769550323486,168370
44.72157406806946,168370
44.72439742088318,168370
44.72720742225647,168370
44.73001313209534,168370
44.73282718658447,168370
44.735634088516235,168370
44.73843765258789,168370
44.741244077682495,168370
44.74405598640442,168370
44.7468466758728,168370
44.74964189529419,168370
44.752461671829224,168370
44.75526452064514,168370
44.758071184158325,168370
44.76086378097534,168370
44.76367545127869,168370
44.76648163795471,168370
44.76929521560669,168370
44.77210211753845,168370
44.774906635284424,168370
44.77770686149597,168370
44.78050637245178,168370
44.78332328796387,168370
44.78612756729126,168370
44.788920640945435,168370
44.79172372817993,168370
44.794538259506226,168370
44.7973518371582,168370
44.80016541481018,168370
44.802972078323364,168370
44.80577564239502,168370
44.8085823059082,168370
44.811389446258545,168370
44.81421375274658,168370
44.81700849533081,168370
44.819804430007935,168370
44.82261800765991,168370
44.82543087005615,168370
44.828237533569336,168370
44.83103656768799,168370
44.83384704589844,168370
44.83665418624878,168370
44.83945822715759,168370
44.84227895736694,168370
44.84508490562439,168370
44.847882986068726,168370
44.85068488121033,168370
44.8535099029541,168370
44.85631966590881,168370
44.85913157463074,168370
44.861929416656494,168370
44.864742040634155,168370
44.8675434589386,168370
44.87035393714905,168370
44.87316966056824,168370
44.87597465515137,168370
44.87876272201538,168370
44.88157081604004,168370
44.884389877319336,168370
44.88720393180847,168370
44.89000225067139,168370
44.89282488822937,168370
44.89562463760376,168370
44.898433208465576,168370
44.901238441467285,168370
44.904057264328,168370
44.90685176849365,168370
44.909653663635254,168370
44.912463903427124,168370
44.9152717590332,168370
44.91814160346985,168370
44.92095112800598,168370
44.92376518249512,168370
44.927026987075806,168370
44.92984366416931,168370
44.932700872421265,168370
44.935556411743164,168370
44.93838453292847,168370
44.94120955467224,168370
44.94404196739197,168370
44.946839570999146,168370
44.94964790344238,168370
44.95248556137085,168370
44.95530343055725,168370
44.95810890197754,168370
44.96091294288635,168370
44.963730573654175,168370
44.96654224395752,168370
44.96935272216797,168370
44.97218155860901,168370
44.97498345375061,168370
44.977800607681274,168370
44.980600357055664,168370
44.983420848846436,168370
44.986226081848145,168370
44.98905873298645,168370
44.99185848236084,168370
44.9946722984314,168370
44.997475147247314,168370
45.00028920173645,168370
45.003108501434326,168370
45.00591564178467,168370
45.008713245391846,168370
45.011528730392456,168370
45.01437830924988,168370
45.017221212387085,168370
45.02005410194397,168370
45.02287483215332,168370
45.025675773620605,168370
45.02849459648132,168370
45.03130507469177,168370
45.03413271903992,168370
45.03694415092468,168370
45.039756774902344,168370
45.042569637298584,168370
45.04538416862488,168370
45.04819345474243,168370
45.05099630355835,168370
45.05381369590759,168370
45.056615352630615,168370
45.059420347213745,168370
45.062238693237305,168370
45.06504440307617,168370
45.06784629821777,168370
45.070653676986694,168370
45.07347917556763,168370
45.076282262802124,168370
45.079097032547,168370
45.08188724517822,168370
45.08469820022583,168370
45.087502002716064,168370
45.090320110321045,168370
45.093130350112915,168370
45.09593629837036,168370
45.098737955093384,168370
45.10154366493225,168370
45.10436010360718,168370
45.10716724395752,168370
45.10996890068054,168370
45.11278700828552,168370
45.11559987068176,168370
45.11841821670532,168370
45.121220111846924,168370
45.124043464660645,168370
45.12682771682739,168370
45.129637479782104,168370
45.13245391845703,168370
45.135271072387695,168370
45.1380832195282,168370
45.14089584350586,168370
45.14370918273926,168370
45.146525382995605,168370
45.14933252334595,168370
45.15214943885803,168370
45.15494418144226,168370
45.1577570438385,168370
45.160560607910156,168370
45.163382053375244,168370
45.16618609428406,168370
45.168986320495605,168370
45.17178678512573,168370
45.17460823059082,168370
45.17741131782532,168370
45.18022966384888,168370
45.18304514884949,168370
45.18584680557251,168370
45.18870711326599,168370
45.19152760505676,168370
45.19441032409668,168370
45.197224140167236,168370
45.200035572052,168370
45.2028546333313,168370
45.205657720565796,168370
45.20849418640137,168370
45.211302757263184,168370
45.21412801742554,168370
45.216933488845825,168370
45.219743967056274,168370
45.22255253791809,168370
45.2253737449646,168370
45.228184938430786,168370
45.23099112510681,168370
45.23380756378174,168370
45.23661470413208,168370
45.23941707611084,168370
45.242242097854614,168370
45.24505567550659,168370
45.2478563785553,168370
45.2506628036499,168370
45.253488063812256,168370
45.25630259513855,168370
45.25911784172058,168370
45.261924028396606,168370
45.26475167274475,168370
45.267552852630615,168370
45.27036476135254,168370
45.2731773853302,168370
45.275983810424805,168370
45.278783559799194,168370
45.281593322753906,168370
45.28441047668457,168370
45.28722095489502,168370
45.29002547264099,168370
45.29283118247986,168370
45.29563522338867,168370
45.298441648483276,168370
45.30124640464783,168370
45.30407118797302,168370
45.30687165260315,168370
45.309685945510864,168370
45.31249642372131,168370
45.315306425094604,168370
45.318110942840576,168370
45.32090902328491,168370
45.323715686798096,168370
45.32652401924133,168370
45.32933330535889,168370
45.33215641975403,168370
45.33495473861694,168370
45.33775806427002,168370
45.340564012527466,168370
45.34338903427124,168370
45.34620976448059,168370
45.34901475906372,168370
45.351813316345215,168370
45.35463786125183,168370
45.35744261741638,168370
45.36025261878967,168370
45.363065242767334,168370
45.365859031677246,168370
45.36865973472595,168370
45.37146806716919,168370
45.37429094314575,168370
45.377100467681885,168370
45.379900217056274,168370
45.38271689414978,168370
45.385525941848755,168370
45.38833832740784,168370
45.39114451408386,168370
45.39396357536316,168370
45.39677047729492,168370
45.39958691596985,168370
45.402403593063354,168370
45.405221462249756,168370
45.40802836418152,168370
45.410823583602905,168370
45.413636684417725,168370
45.41645097732544,168370
45.419256925582886,168370
45.42206954956055,168370
45.424869537353516,168370
45.42768335342407,168370
45.43048453330994,168370
45.43331480026245,168370
45.436113357543945,168370
45.43891620635986,168370
45.44170880317688,168370
45.4445321559906,168370
45.44733643531799,168370
45.450141191482544,168370
45.45294404029846,168370
45.45576095581055,168370
45.45855903625488,168370
45.46138024330139,168370
45.46419811248779,168370
45.46700620651245,168370
45.46980690956116,168370
45.47261905670166,168370
45.475425720214844,168370
45.4782338142395,168370
45.48103165626526,168370
45.483848333358765,168370
45.48665142059326,168370
45.48946523666382,168370
45.492289543151855,168370
45.49510645866394,168370
45.49790048599243,168370
45.500691413879395,168370
45.50351166725159,168370
45.5063202381134,168370
45.50913143157959,168370
45.51193284988403,168370
45.51473569869995,168370
45.51754403114319,168370
45.52035093307495,168370
45.52317523956299,168370
45.52597165107727,168370
45.52878713607788,168370
45.531591176986694,168370
45.53441381454468,168370
45.53722310066223,168370
45.54002785682678,168370
45.5428307056427,168370
45.5456383228302,168370
45.548444986343384,168370
45.5512900352478,168370
45.55410289764404,168370
45.556912660598755,168370
45.559720277786255,168370
45.56254315376282,168370
45.56535458564758,168370
45.568172216415405,168370
45.57097578048706,168370
45.573798179626465,168370
45.57660436630249,168370
45.57941794395447,168370
45.58224058151245,168370
45.58505320549011,168370
45.58784604072571,168370
45.59066152572632,168370
45.59347486495972,168370
45.596282958984375,168370
45.59908604621887,168370
45.60188961029053,168370
45.60471534729004,168370
45.607534646987915,168370
45.610342264175415,168370
45.61316704750061,168370
45.61596417427063,168370
45.61876702308655,168370
45.62158250808716,168370
45.62440800666809,168370
45.6272292137146,168370
45.630045652389526,168370
45.632853507995605,168370
45.63565993309021,168370
45.63846445083618,168370
45.64127445220947,168370
45.64409375190735,168370
45.64689636230469,168370
45.64969778060913,168370
45.652520418167114,168370
45.65533232688904,168370
45.65813946723938,168370
45.66094136238098,168370
45.663753032684326,168370
45.66655969619751,168370
45.66936945915222,168370
45.67217540740967,168370
45.67498159408569,168370
45.677791118621826,168370
45.68060040473938,168370
45.683412313461304,168370
45.686222314834595,168370
45.689016342163086,168370
45.691821336746216,168370
45.69464135169983,168370
45.69747734069824,168370
45.70031547546387,168370
45.703158378601074,168370
45.7059600353241,168370
45.7087664604187,168370
45.71157169342041,168370
45.71439814567566,168370
45.71720242500305,168370
45.72000575065613,168370
45.72281241416931,168370
45.72561836242676,168370
45.72842240333557,168370
45.73122811317444,168370
45.73404383659363,168370
45.73684811592102,168370
45.73973727226257,168370
45.74259424209595,168370
45.74540829658508,168370
45.748223066329956,168370
45.75103998184204,168370
45.75385761260986,168370
45.75666308403015,168370
45.75947880744934,168370
45.76229381561279,168370
45.76511549949646,168370
45.767910957336426,168370
45.77072072029114,168370
45.77353835105896,168370
45.7763454914093,168370
45.779154539108276,168370
45.78195881843567,168370
45.78477168083191,168370
45.787577867507935,168370
45.790385246276855,168370
45.79320764541626,168370
45.796021699905396,168370
45.79882740974426,168370
45.80163097381592,168370
45.8044490814209,168370
45.807265281677246,168370
45.81007528305054,168370
45.81287217140198,168370
45.81567621231079,168370
45.81847310066223,168370
45.82128691673279,168370
45.8241024017334,168370
45.826900482177734,168370
45.82970333099365,168370
45.83251881599426,168370
45.835320234298706,168370
45.838119983673096,168370
45.840919971466064,168370
45.843735218048096,168370
45.84654140472412,168370
45.84935998916626,168370
45.852179765701294,168370
45.854981422424316,168370
45.85778546333313,168370
45.86059284210205,168370
45.86340808868408,168370
45.86621689796448,168370
45.86901116371155,168370
45.87181282043457,168370
45.87462568283081,168370
45.87743163108826,168370
45.88023090362549,168370
45.883057594299316,168370
45.885846853256226,168370
45.88865327835083,168370
45.891459703445435,168370
45.89428091049194,168370
45.897093772888184,168370
45.89989519119263,168370
45.90270495414734,168370
45.90551400184631,168370
45.90832018852234,168370
45.91112422943115,168370
45.9139358997345,168370
45.9167845249176,168370
45.919663429260254,168370
45.922484159469604,168370
45.92529559135437,168370
45.92859888076782,168370
45.93142533302307,168370
45.934274673461914,168370
45.93710803985596,168370
45.93993544578552,168370
45.94274711608887,168370
45.945558309555054,168370
45.94835686683655,168370
45.95116448402405,168370
45.95398139953613,168370
45.956796646118164,168370
45.95959162712097,168370
45.962414026260376,168370
45.96522283554077,168370
45.968026638031006,168370
45.9708194732666,168370
45.97363805770874,168370
45.9764347076416,168370
45.97923922538757,168370
45.982054710388184,168370
45.98485708236694,168370
45.98765587806702,168370
45.990461349487305,168370
45.993271589279175,168370
45.99607968330383,168370
45.998879194259644,168370
46.00168800354004,168370
46.00450420379639,168370
46.007315158843994,168370
46.010119676589966,168370
46.01292395591736,168370
46.01571774482727,168370
46.01852464675903,168370
46.02132296562195,168370
46.024136781692505,168370
46.026931285858154,168370
46.029741525650024,168370
46.032551288604736,168370
46.03535985946655,168370
46.03816318511963,168370
46.0409677028656,168370
46.04378056526184,168370
46.04658341407776,168370
46.04938244819641,168370
46.05219793319702,168370
46.05499887466431,168370
46.057801961898804,168370
46.06059908866882,168370
46.063413858413696,168370
46.06621217727661,168370
46.069005489349365,168370
46.07180333137512,168370
46.07462024688721,168370
46.07742381095886,168370
46.08023524284363,168370
46.083049058914185,168370
46.08584499359131,168370
46.08864235877991,168370
46.09145140647888,168370
46.09425687789917,168370
46.09706258773804,168370
46.09985947608948,168370
46.10266828536987,168370
46.1054744720459,168370
46.10828924179077,168370
46.11109185218811,168370
46.1139030456543,168370
46.11670780181885,168370
46.119513273239136,168370
46.12232732772827,168370
46.12513732910156,168370
46.12794613838196,168370
46.13075256347656,168370
46.13356852531433,168370
46.13637375831604,168370
46.139182567596436,168370
46.14198565483093,168370
46.14479947090149,168370
46.14760708808899,168370
46.15041208267212,168370
46.15322232246399,168370
46.156028270721436,168370
46.15882229804993,168370
46.16162180900574,168370
46.16444516181946,168370
46.16724896430969,168370
46.17004895210266,168370
46.17284917831421,168370
46.17565202713013,168370
46.178460359573364,168370
46.181264877319336,168370
46.184075117111206,168370
46.18687200546265,168370
46.18967819213867,168370
46.19249987602234,168370
46.19530177116394,168370
46.198100328445435,168370
46.20090198516846,168370
46.20371985435486,168370
46.206528186798096,168370
46.20933246612549,168370
46.21214818954468,168370
46.21495270729065,168370
46.21774959564209,168370
46.220558643341064,168370
46.22337198257446,168370
46.226181745529175,168370
46.22897386550903,168370
46.23177909851074,168370
46.23458766937256,168370
46.23738646507263,168370
46.24018907546997,168370
46.24299764633179,168370
46.245787143707275,168370
46.2485888004303,168370
46.251384258270264,168370
46.25419998168945,168370
46.25700116157532,168370
46.25980186462402,168370
46.262617111206055,168370
46.265424728393555,168370
46.26822209358215,168370
46.271031618118286,168370
46.27383732795715,168370
46.27665090560913,168370
46.279449701309204,168370
46.28226017951965,168370
46.28506779670715,168370
46.287866830825806,168370
46.29067611694336,168370
46.29349493980408,168370
46.29630208015442,168370
46.29910969734192,168370
46.3019015789032,168370
46.30470943450928,168370
46.307501792907715,168370
46.31030774116516,168370
46.313122034072876,168370
46.315916299819946,168370
46.318713903427124,168370
46.32152318954468,168370
46.324341773986816,168370
46.3271484375,168370
46.32994103431702,168370
46.33274722099304,168370
46.33555364608765,168370
46.33836603164673,168370
46.34117317199707,168370
46.343981981277466,168370
46.34678292274475,168370
46.34958839416504,168370
46.352407693862915,168370
46.355220794677734,168370
46.35801601409912,168370
46.36081004142761,168370
46.36362075805664,168370
46.36642670631409,168370
46.36923265457153,168370
46.37204456329346,168370
46.37482786178589,168370
46.37762808799744,168370
46.38042640686035,168370
46.383240938186646,168370
46.38603377342224,168370
46.38883304595947,168370
46.39163160324097,168370
46.39445471763611,168370
46.39726209640503,168370
46.40006875991821,168370
46.40287637710571,168370
46.4056761264801,168370
46.408485889434814,168370
46.4112868309021,168370
46.41409921646118,168370
46.416898250579834,168370
46.419694662094116,168370
46.422505140304565,168370
46.425310373306274,168370
46.42811918258667,168370
46.43092131614685,168370
46.43372869491577,168370
46.436524629592896,168370
46.439332246780396,168370
46.44214224815369,168370
46.44493818283081,168370
46.44773054122925,168370
46.45054054260254,168370
46.453352212905884,168370
46.45615911483765,168370
46.4589581489563,168370
46.46176743507385,168370
46.464571475982666,168370
46.467382192611694,168370
46.47017979621887,168370
46.47299098968506,168370
46.47579383850098,168370
46.478601932525635,168370
46.48139977455139,168370
46.48421907424927,168370
46.48700976371765,168370
46.4898145198822,168370
46.49261999130249,168370
46.4954309463501,168370
46.49823880195618,168370
46.50103950500488,168370
46.503843545913696,168370
46.50664925575256,168370
46.50944757461548,168370
46.51226210594177,168370
46.51507115364075,168370
46.51786708831787,168370
46.5206573009491,168370
46.52347683906555,168370
46.526287317276,168370
46.52909207344055,168370
46.531882524490356,168370
46.534693002700806,168370
46.537495136260986,168370
46.54030227661133,168370
46.54311561584473,168370
46.54591369628906,168370
46.54870963096619,168370
46.551544427871704,168370
46.55436444282532,168370
46.55716872215271,168370
46.559959411621094,168370
46.56276345252991,168370
46.56556844711304,168370
46.56838011741638,168370
46.57118225097656,168370
46.573994398117065,168370
46.57679557800293,168370
46.57960534095764,168370
46.5824191570282,168370
46.58522915840149,168370
46.5880286693573,168370
46.59082651138306,168370
46.59363770484924,168370
46.596431732177734,168370
46.59923577308655,168370
46.602057456970215,168370
46.604854583740234,168370
46.607845067977905,168370
46.610642433166504,168370
46.61345672607422,168370
46.61626577377319,168370
46.619077920913696,168370
46.621872663497925,168370
46.624691009521484,168370
46.62749004364014,168370
46.630300760269165,168370
46.63311719894409,168370
46.635915994644165,168370
46.63870978355408,168370
46.64151573181152,168370
46.64433026313782,168370
46.64713668823242,168370
46.649925231933594,168370
46.65273427963257,168370
46.65554451942444,168370
46.658355712890625,168370
46.66116189956665,168370
46.66397738456726,168370
46.666776180267334,168370
46.6695818901062,168370
46.67239475250244,168370
46.67519927024841,168370
46.67798972129822,168370
46.68078637123108,168370
46.683600664138794,168370
46.68641257286072,168370
46.68921709060669,168370
46.692033529281616,168370
46.6948356628418,168370
46.69764804840088,168370
46.70044422149658,168370
46.7032675743103,168370
46.706072092056274,168370
46.7088725566864,168370
46.71166920661926,168370
46.71448993682861,168370
46.717296838760376,168370
46.72010660171509,168370
46.722904205322266,168370
46.72571349143982,168370
46.72850728034973,168370
46.731319189071655,168370
46.73412752151489,168370
46.73692584037781,168370
46.73972296714783,168370
46.74254012107849,168370
46.74534249305725,168370
46.74814796447754,168370
46.75094175338745,168370
46.75375199317932,168370
46.7565541267395,168370
46.75935769081116,168370
46.76216769218445,168370
46.76495718955994,168370
46.767756938934326,168370
46.770556688308716,168370
46.773361682891846,168370
46.776166677474976,168370
46.77895474433899,168370
46.78175497055054,168370
46.78457236289978,168370
46.78737187385559,168370
46.79018306732178,168370
46.79298377037048,168370
46.79577994346619,168370
46.79858613014221,168370
46.8013870716095,168370
46.804208755493164,168370
46.80700135231018,168370
46.80980563163757,168370
46.8126118183136,168370
46.815415143966675,168370
46.818220376968384,168370
46.82103371620178,168370
46.82384395599365,168370
46.82664346694946,168370
46.829450607299805,168370
46.832274436950684,168370
46.83508110046387,168370
46.83787989616394,168370
46.84067630767822,168370
46.84349489212036,168370
46.846296548843384,168370
46.84910225868225,168370
46.85190033912659,168370
46.8547043800354,168370
46.85750198364258,168370
46.860302448272705,168370
46.86311364173889,168370
46.86591839790344,168370
46.86871290206909,168370
46.87151646614075,168370
46.874332666397095,168370
46.87713599205017,168370
46.879934787750244,168370
46.882771015167236,168370
46.885602712631226,168370
46.88842177391052,168370
46.891220808029175,168370
46.89403963088989,168370
46.896830320358276,168370
46.89963150024414,168370
46.90244174003601,168370
46.905250549316406,168370
46.90805983543396,168370
46.91084909439087,168370
46.91365599632263,168370
46.916505098342896,168370
46.91931772232056,168370
46.9221248626709,168370
46.92492341995239,168370
46.92823910713196,168370
46.931092739105225,168370
46.93392467498779,168370
46.93675231933594,168370
46.93958067893982,168370
46.94241905212402,168370
46.945228815078735,168370
46.948036909103394,168370
46.950830698013306,168370
46.95364499092102,168370
46.95644283294678,168370
46.959251403808594,168370
46.9620680809021,168370
46.964860677719116,168370
46.96765875816345,168370
46.97046613693237,168370
46.97327971458435,168370
46.97608208656311,168370
46.97887063026428,168370
46.98167681694031,168370
46.98448824882507,168370
46.987290143966675,168370
46.990092754364014,168370
46.992897033691406,168370
46.99568772315979,168370
46.998501777648926,168370
47.00131130218506,168370
47.0041241645813,168370
47.00691604614258,168370
47.009708642959595,168370
47.0125207901001,168370
47.01532602310181,168370
47.01813197135925,168370
47.02093243598938,168370
47.023736000061035,168370
47.02653980255127,168370
47.029345989227295,168370
47.03215432167053,168370
47.03495240211487,168370
47.03775334358215,168370
47.04055190086365,168370
47.04336380958557,168370
47.04616594314575,168370
47.04896879196167,168370
47.051762342453,168370
47.054582357406616,168370
47.057385206222534,168370
47.06019330024719,168370
47.06300401687622,168370
47.06580591201782,168370
47.068597078323364,168370
47.07139778137207,168370
47.07421135902405,168370
47.07700228691101,168370
47.07980823516846,168370
47.082613468170166,168370
47.08541798591614,168370
47.08822202682495,168370
47.09102129936218,168370
47.093830823898315,168370
47.096638441085815,168370
47.09943866729736,168370
47.102243185043335,168370
47.10504937171936,168370
47.10784292221069,168370
47.110642433166504,168370
47.113463401794434,168370
47.116270542144775,168370
47.119077920913696,168370
47.12187337875366,168370
47.12469148635864,168370
47.12749767303467,168370
47.13029766082764,168370
47.13311004638672,168370
47.13590359687805,168370
47.13869857788086,168370
47.1415069103241,168370
47.14432406425476,168370
47.14712572097778,168370
47.14992666244507,168370
47.152732849121094,168370
47.155543088912964,168370
47.15834617614746,168370
47.1611545085907,168370
47.16396236419678,168370
47.16675806045532,168370
47.16954946517944,168370
47.17235803604126,168370
47.17516088485718,168370
47.17795944213867,168370
47.18075776100159,168370
47.18358063697815,168370
47.18638062477112,168370
47.189186811447144,168370
47.19198179244995,168370
47.194793939590454,168370
47.19759130477905,168370
47.20039105415344,168370
47.20320653915405,168370
47.206005334854126,168370
47.20880389213562,168370
47.21161460876465,168370
47.214428424835205,168370
47.2172372341156,168370
47.22004222869873,168370
47.222843647003174,168370
47.225637435913086,168370
47.22844099998474,168370
47.23124098777771,168370
47.234091997146606,168370
47.23692512512207,168370
47.23972773551941,168370
47.24262523651123,168370
47.245436906814575,168370
47.248260259628296,168370
47.2510769367218,168370
47.25389385223389,168370
47.25669813156128,168370
47.2595055103302,168370
47.262322425842285,168370
47.265140533447266,168370
47.26793718338013,168370
47.27074098587036,168370
47.27356004714966,168370
47.276371002197266,168370
47.27918791770935,168370
47.28199243545532,168370
47.28480911254883,168370
47.28761529922485,168370
47.29042148590088,168370
47.29323720932007,168370
47.29604911804199,168370
47.298847913742065,168370
47.301650285720825,168370
47.30446910858154,168370
47.30728006362915,168370
47.31009316444397,168370
47.31290411949158,168370
47.31570839881897,168370
47.318517208099365,168370
47.321330547332764,168370
47.32414746284485,168370
47.32694458961487,168370
47.329750061035156,168370
47.33256387710571,168370
47.33537316322327,168370
47.338178396224976,168370
47.34098482131958,168370
47.3437979221344,168370
47.346612215042114,168370
47.34942078590393,168370
47.35224390029907,168370
47.355048418045044,168370
47.35785269737244,168370
47.36065316200256,168370
47.36348271369934,168370
47.36629271507263,168370
47.36909818649292,168370
47.37189769744873,168370
47.37471008300781,168370
47.37751340866089,168370
47.3803277015686,168370
47.38314700126648,168370
47.3859429359436,168370
47.38874840736389,168370
47.39155864715576,168370
47.39437460899353,168370
47.397183656692505,168370
47.39998435974121,168370
47.40279245376587,168370
47.40559911727905,168370
47.40840983390808,168370
47.411221981048584,168370
47.414040327072144,168370
47.41683554649353,168370
47.41963982582092,168370
47.42245173454285,168370
47.42525935173035,168370
47.42807126045227,168370
47.43087100982666,168370
47.43368363380432,168370
47.43649744987488,168370
47.43929672241211,168370
47.442111015319824,168370
47.44491147994995,168370
47.44770574569702,168370
47.450523376464844,168370
47.45333743095398,168370
47.456146001815796,168370
47.458948373794556,168370
47.46174907684326,168370
47.464568853378296,168370
47.46737456321716,168370
47.47018337249756,168370
47.472992181777954,168370
47.47579908370972,168370
47.478614807128906,168370
47.48142218589783,168370
47.4842414855957,168370
47.48705244064331,168370
47.48985552787781,168370
47.492671489715576,168370
47.495479345321655,168370
47.498292207717896,168370
47.50109624862671,168370
47.50390863418579,168370
47.50671410560608,168370
47.509515047073364,168370
47.5123336315155,168370
47.51515054702759,168370
47.5179500579834,168370
47.520751953125,168370
47.52356934547424,168370
47.52638792991638,168370
47.52919936180115,168370
47.532007694244385,168370
47.53482413291931,168370
47.5376341342926,168370
47.54043674468994,168370
47.54325580596924,168370
47.54606008529663,168370
47.54885935783386,168370
47.55169367790222,168370
47.55452370643616,168370
47.55733847618103,168370
47.560152530670166,168370
47.56296420097351,168370
47.56577277183533,168370
47.568583965301514,168370
47.57138991355896,168370
47.5742130279541,168370
47.57702279090881,168370
47.57982087135315,168370
47.58264398574829,168370
47.58545160293579,168370
47.58826756477356,168370
47.59107327461243,168370
47.593883752822876,168370
47.59668827056885,168370
47.5994987487793,168370
47.60231137275696,168370
47.60513186454773,168370
47.60792922973633,168370
47.61073660850525,168370
47.613558530807495,168370
47.616366147994995,168370
47.61916923522949,168370
47.62196683883667,168370
47.62478494644165,168370
47.62758994102478,168370
47.63039565086365,168370
47.633216857910156,168370
47.63602590560913,168370
47.63883066177368,168370
47.64163422584534,168370
47.644452810287476,168370
47.64727187156677,168370
47.650081396102905,168370
47.65289235115051,168370
47.655691623687744,168370
47.658501386642456,168370
47.661314487457275,168370
47.664135456085205,168370
47.66693472862244,168370
47.66973686218262,168370
47.672558069229126,168370
47.675376176834106,168370
47.678186893463135,168370
47.68098211288452,168370
47.683804988861084,168370
47.68661975860596,168370
47.68942952156067,168370
47.69224667549133,168370
47.695066928863525,168370
47.69785666465759,168370
47.70065665245056,168370
47.70347762107849,168370
47.70628905296326,168370
47.70909261703491,168370
47.7118980884552,168370
47.71471381187439,168370
47.71752595901489,168370
47.72033643722534,168370
47.7231547832489,168370
47.725953340530396,168370
47.72876024246216,168370
47.731569051742554,168370
47.7343864440918,168370
47.737197399139404,168370
47.73999094963074,168370
47.74280571937561,168370
47.7456169128418,168370
47.74842667579651,168370
47.751235008239746,168370
47.754056453704834,168370
47.75685238838196,168370
47.7596549987793,168370
47.76247000694275,168370
47.765284061431885,168370
47.76809620857239,168370
47.770896911621094,168370
47.773707151412964,168370
47.77651762962341,168370
47.77932858467102,168370
47.78214502334595,168370
47.78496050834656,168370
47.78775405883789,168370
47.790563344955444,168370
47.79338312149048,168370
47.79619884490967,168370
47.79899311065674,168370
47.801798582077026,168370
47.80461668968201,168370
47.80742573738098,168370
47.81023550033569,168370
47.81305503845215,168370
47.81585645675659,168370
47.81865978240967,168370
47.82145977020264,168370
47.824275732040405,168370
47.827089071273804,168370
47.829893350601196,168370
47.83270335197449,168370
47.83551025390625,168370
47.8383207321167,168370
47.84113383293152,168370
47.84394192695618,168370
47.84675097465515,168370
47.84955954551697,168370
47.85237956047058,168370
47.85518407821655,168370
47.857988357543945,168370
47.86079478263855,168370
47.863611698150635,168370
47.86642336845398,168370
47.869240045547485,168370
47.87205648422241,168370
47.87484908103943,168370
47.87765908241272,168370
47.8804771900177,168370
47.883296728134155,168370
47.88611197471619,168370
47.88891673088074,168370
47.891722202301025,168370
47.89453458786011,168370
47.897348403930664,168370
47.90016436576843,168370
47.90297532081604,168370
47.90578579902649,168370
47.90860033035278,168370
47.91140413284302,168370
47.914223194122314,168370
47.91707158088684,168370
47.91987705230713,168370
47.92269158363342,168370
47.925504207611084,168370
47.92875838279724,168370
47.93165183067322,168370
47.93450331687927,168370
47.9373345375061,168370
47.940185546875,168370
47.94301414489746,168370
47.9458212852478,168370
47.94863796234131,168370
47.95144701004028,168370
47.954275608062744,168370
47.95708990097046,168370
47.959887981414795,168370
47.962706089019775,168370
47.965524196624756,168370
47.968332052230835,168370
47.97114443778992,168370
47.97395372390747,168370
47.97676086425781,168370
47.97956562042236,168370
47.98238396644592,168370
47.98520278930664,168370
47.98800992965698,168370
47.99081492424011,168370
47.99362754821777,168370
47.996437788009644,168370
47.99925136566162,168370
48.00206637382507,168370
48.00491905212402,168370
48.007755279541016,168370
48.01059579849243,168370
48.01342487335205,168370
48.01624011993408,168370
48.019052505493164,168370
48.021857500076294,168370
48.02467918395996,168370
48.027496099472046,168370
48.03030705451965,168370
48.03313207626343,168370
48.035932302474976,168370
48.038740396499634,168370
48.04154872894287,168370
48.04437017440796,168370
48.04718613624573,168370
48.04999852180481,168370
48.052818775177,168370
48.055628061294556,168370
48.058435678482056,168370
48.06125235557556,168370
48.06407380104065,168370
48.06687355041504,168370
48.06968283653259,168370
48.072500228881836,168370
48.07530617713928,168370
48.078115701675415,168370
48.0809211730957,168370
48.08374357223511,168370
48.08655261993408,168370
48.089367628097534,168370
48.09218215942383,168370
48.095030784606934,168370
48.09786057472229,168370
48.100675106048584,168370
48.103498220443726,168370
48.10630941390991,168370
48.10912227630615,168370
48.11193108558655,168370
48.11475229263306,168370
48.117571115493774,168370
48.12037754058838,168370
48.12320065498352,168370
48.12601161003113,168370
48.12881374359131,168370
48.13162302970886,168370
48.13444137573242,168370
48.13725304603577,168370
48.14005994796753,168370
48.14286947250366,168370
48.14567565917969,168370
48.14848613739014,168370
48.15129327774048,168370
48.15410566329956,168370
48.15690588951111,168370
48.159709453582764,168370
48.1625292301178,168370
48.1653356552124,168370
48.16814422607422,168370
48.17094588279724,168370
48.173765659332275,168370
48.17658352851868,168370
48.17938804626465,168370
48.18220782279968,168370
48.185023069381714,168370
48.187827825546265,168370
48.190638065338135,168370
48.193459272384644,168370
48.19627332687378,168370
48.19908165931702,168370
48.20188522338867,168370
48.20469546318054,168370
48.20751094818115,168370
48.210318088531494,168370
48.21312999725342,168370
48.2159321308136,168370
48.21875286102295,168370
48.22156620025635,168370
48.22440433502197,168370
48.227210998535156,168370
48.230016469955444,168370
48.232830286026,168370
48.235644817352295,168370
48.23845911026001,168370
48.24125552177429,168370
48.24407601356506,168370
48.24687838554382,168370
48.24968147277832,168370
48.25250267982483,168370
48.25531482696533,168370
48.25813579559326,168370
48.26094436645508,168370
48.2637665271759,168370
48.2665913105011,168370
48.26940131187439,168370
48.27221655845642,168370
48.275025367736816,168370
48.277822494506836,168370
48.28063106536865,168370
48.28345084190369,168370
48.28626251220703,168370
48.28907060623169,168370
48.29186654090881,168370
48.294681549072266,168370
48.29749345779419,168370
48.3003089427948,168370
48.3031325340271,168370
48.30594038963318,168370
48.30874538421631,168370
48.31155562400818,168370
48.314380407333374,168370
48.31719183921814,168370
48.32000279426575,168370
48.32281422615051,168370
48.32562708854675,168370
48.32843279838562,168370
48.33124351501465,168370
48.334065675735474,168370
48.33686399459839,168370
48.3396737575531,168370
48.34250092506409,168370
48.345314264297485,168370
48.348129987716675,168370
48.35093307495117,168370
48.35375189781189,168370
48.35655355453491,168370
48.359376668930054,168370
48.362197160720825,168370
48.365007162094116,168370
48.36781144142151,168370
48.37062120437622,168370
48.37344264984131,168370
48.376256465911865,168370
48.37905955314636,168370
48.38186192512512,168370
48.38467359542847,168370
48.387490034103394,168370
48.390302896499634,168370
48.39312124252319,168370
48.39592504501343,168370
48.398733139038086,168370
48.40154838562012,168370
48.40437936782837,168370
48.4071888923645,168370
48.409992933273315,168370
48.41279911994934,168370
48.41560649871826,168370
48.418415546417236,168370
48.42122673988342,168370
48.42404580116272,168370
48.42684841156006,168370
48.429654598236084,168370
48.43246626853943,168370
48.43527913093567,168370
48.43809413909912,168370
48.440895557403564,168370
48.44371294975281,168370
48.44651770591736,168370
48.44932985305786,168370
48.452147483825684,168370
48.454952239990234,168370
48.457756757736206,168370
48.46056914329529,168370
48.46339297294617,168370
48.466203689575195,168370
48.469008922576904,168370
48.47181701660156,168370
48.47463870048523,168370
48.47744822502136,168370
48.48025918006897,168370
48.483078956604004,168370
48.485877990722656,168370
48.48868656158447,168370
48.49149036407471,168370
48.494319438934326,168370
48.49713087081909,168370
48.49993824958801,168370
48.502750873565674,168370
48.50556755065918,168370
48.508376121520996,168370
48.51118302345276,168370
48.51400303840637,168370
48.51681995391846,168370
48.519625663757324,168370
48.52244830131531,168370
48.525248765945435,168370
48.52806091308594,168370
48.5308620929718,168370
48.53368592262268,168370
48.536489486694336,168370
48.53930115699768,168370
48.54212164878845,168370
48.544926166534424,168370
48.54773759841919,168370
48.55054259300232,168370
48.55338740348816,168370
48.55619978904724,168370
48.558998346328735,168370
48.56180024147034,168370
48.564614057540894,168370
48.56742262840271,168370
48.570226430892944,168370
48.57304835319519,168370
48.575841188430786,168370
48.57864308357239,168370
48.58144950866699,168370
48.58426284790039,168370
48.587063789367676,168370
48.58986520767212,168370
48.59267544746399,168370
48.5954852104187,168370
48.598286628723145,168370
48.601102113723755,168370
48.60390758514404,168370
48.60690236091614,168370
48.60970592498779,168370
48.61252284049988,168370
48.615342140197754,168370
48.61815166473389,168370
48.6209454536438,168370
48.62376523017883,168370
48.626569509506226,168370
48.62937808036804,168370
48.632187366485596,168370
48.634987115859985,168370
48.637789487838745,168370
48.64059376716614,168370
48.64341402053833,168370
48.64622235298157,168370
48.64903545379639,168370
48.65183401107788,168370
48.65464472770691,168370
48.657456398010254,168370
48.660269260406494,168370
48.66308784484863,168370
48.66587734222412,168370
48.668678760528564,168370
48.67148160934448,168370
48.67430901527405,168370
48.677114486694336,168370
48.67991304397583,168370
48.682716369628906,168370
48.68552112579346,168370
48.688321590423584,168370
48.691137075424194,168370
48.693941831588745,168370
48.696754693984985,168370
48.69956302642822,168370
48.702388048172,168370
48.705191135406494,168370
48.70799112319946,168370
48.71079063415527,168370
48.71360111236572,168370
48.71641516685486,168370
48.71925640106201,168370
48.72207689285278,168370
48.72487831115723,168370
48.727683782577515,168370
48.730488538742065,168370
48.73330783843994,168370
48.736124992370605,168370
48.73891854286194,168370
48.74172782897949,168370
48.74455189704895,168370
48.747363328933716,168370
48.75017046928406,168370
48.75298476219177,168370
48.75578427314758,168370
48.75858664512634,168370
48.76139855384827,168370
48.76421570777893,168370
48.76701307296753,168370
48.76981472969055,168370
48.77263617515564,168370
48.77544355392456,168370
48.77829027175903,168370
48.78113412857056,168370
48.78394293785095,168370
48.786736726760864,168370
48.78953790664673,168370
48.79236197471619,168370
48.795167684555054,168370
48.79796743392944,168370
48.80076217651367,168370
48.80356693267822,168370
48.8063702583313,168370
48.80917692184448,168370
48.81200551986694,168370
48.81484055519104,168370
48.81766366958618,168370
48.820470571517944,168370
48.82328915596008,168370
48.82610321044922,168370
48.82889676094055,168370
48.83169627189636,168370
48.83451747894287,168370
48.837329149246216,168370
48.840131998062134,168370
48.842936277389526,168370
48.845733642578125,168370
48.848538875579834,168370
48.851341009140015,168370
48.854161977767944,168370
48.856956005096436,168370
48.859750747680664,168370
48.862563371658325,168370
48.86537504196167,168370
48.8681800365448,168370
48.8709762096405,168370
48.87379026412964,168370
48.87658643722534,168370
48.87938404083252,168370
48.882195472717285,168370
48.88499927520752,168370
48.88780093193054,168370
48.890602827072144,168370
48.89341902732849,168370
48.89622735977173,168370
48.89904546737671,168370
48.901843547821045,168370
48.904653549194336,168370
48.907450914382935,168370
48.910258531570435,168370
48.91306018829346,168370
48.91586184501648,168370
48.91871929168701,168370
48.92153310775757,168370
48.92435836791992,168370
48.92717123031616,168370
48.930453300476074,168370
48.933308839797974,168370
48.936156272888184,168370
48.93898367881775,168370
48.941807985305786,168370
48.9446280002594,168370
48.947434425354004,168370
48.950254678726196,168370
48.953078746795654,168370
48.95588040351868,168370
48.958683490753174,168370
48.96149730682373,168370
48.96432161331177,168370
48.967135190963745,168370
48.96993041038513,168370
48.972742319107056,168370
48.97554588317871,168370
48.97835922241211,168370
48.98116326332092,168370
48.98396921157837,168370
48.986761808395386,168370
48.98957920074463,168370
48.9923894405365,168370
48.99519109725952,168370
48.99798631668091,168370
49.00079035758972,168370
49.00360631942749,168370
49.00641655921936,168370
49.00922656059265,168370
49.01204204559326,168370
49.01483368873596,168370
49.017637729644775,168370
49.02044725418091,168370
49.023274660110474,168370
49.02609324455261,168370
49.028905391693115,168370
49.03170394897461,168370
49.03452825546265,168370
49.03734278678894,168370
49.04016160964966,168370
49.042967796325684,168370
49.04576587677002,168370
49.04856991767883,168370
49.05138301849365,168370
49.054197788238525,168370
49.057002544403076,168370
49.05980062484741,168370
49.06261682510376,168370
49.06541872024536,168370
49.06823515892029,168370
49.07103991508484,168370
49.07384514808655,168370
49.076653480529785,168370
49.07946467399597,168370
49.08228421211243,168370
49.08509969711304,168370
49.087899923324585,168370
49.09069108963013,168370
49.09350919723511,168370
49.09632325172424,168370
49.09912610054016,168370
49.10192680358887,168370
49.104727268218994,168370
49.10754036903381,168370
49.11034870147705,168370
49.11316394805908,168370
49.11596202850342,168370
49.11875772476196,168370
49.12156414985657,168370
49.12438654899597,168370
49.12718892097473,168370
49.12999725341797,168370
49.13280534744263,168370
49.135621070861816,168370
49.1384334564209,168370
49.14124298095703,168370
49.14406609535217,168370
49.14685583114624,168370
49.149657249450684,168370
49.152466773986816,168370
49.15527558326721,168370
49.15807914733887,168370
49.16087746620178,168370
49.16369390487671,168370
49.16650438308716,168370
49.16931867599487,168370
49.17213821411133,168370
49.17493677139282,168370
49.17773771286011,168370
49.18055248260498,168370
49.18336868286133,168370
49.18618130683899,168370
49.18897461891174,168370
49.191781997680664,168370
49.194602251052856,168370
49.197417974472046,168370
49.200233459472656,168370
49.20304727554321,168370
49.205841302871704,168370
49.208653688430786,168370
49.21145677566528,168370
49.214280128479004,168370
49.21709084510803,168370
49.21989965438843,168370
49.222712993621826,168370
49.22552299499512,168370
49.228330850601196,168370
49.231144428253174,168370
49.233954191207886,168370
49.23675990104675,168370
49.239569664001465,168370
49.2423939704895,168370
49.245200395584106,168370
49.24800634384155,168370
49.25080966949463,168370
49.25362706184387,168370
49.25642371177673,168370
49.25923275947571,168370
49.262043714523315,168370
49.26484251022339,168370
49.267640113830566,168370
49.27045011520386,168370
49.27326703071594,168370
49.276074171066284,168370
49.27886772155762,168370
49.281678438186646,168370
49.284549951553345,168370
49.28736233711243,168370
49.29022455215454,168370
49.29305148124695,168370
49.29585027694702,168370
49.29866123199463,168370
49.301478147506714,168370
49.30431938171387,168370
49.307140588760376,168370
49.309946060180664,168370
49.312753677368164,168370
49.31556296348572,168370
49.318363904953,168370
49.321171045303345,168370
49.323986530303955,168370
49.32679510116577,168370
49.32959985733032,168370
49.33242130279541,168370
49.33523511886597,168370
49.33804512023926,168370
49.34083127975464,168370
49.34364867210388,168370
49.34646153450012,168370
49.349268674850464,168370
49.35208344459534,168370
49.35488295555115,168370
49.357680320739746,168370
49.36049556732178,168370
49.363309383392334,168370
49.36611485481262,168370
49.368913650512695,168370
49.37171769142151,168370
49.37453579902649,168370
49.377346992492676,168370
49.38015699386597,168370
49.38296604156494,168370
49.3857581615448,168370
49.388561725616455,168370
49.39136481285095,168370
49.394190073013306,168370
49.39698147773743,168370
49.39978575706482,168370
49.402602195739746,168370
49.40540933609009,168370
49.40821599960327,168370
49.41102743148804,168370
49.41383194923401,168370
49.41663646697998,168370
49.419445514678955,168370
49.422261476516724,168370
49.42507195472717,168370
49.42787265777588,168370
49.430673599243164,168370
49.433491230010986,168370
49.436301469802856,168370
49.43911337852478,168370
49.44190430641174,168370
49.4447226524353,168370
49.44753623008728,168370
49.45041871070862,168370
49.453240156173706,168370
49.456045389175415,168370
49.458844900131226,168370
49.46165156364441,168370
49.46446967124939,168370
49.46727156639099,168370
49.47007703781128,168370
49.47287702560425,168370
49.47568655014038,168370
49.47848415374756,168370
49.48129606246948,168370
49.484108209609985,168370
49.48690986633301,168370
49.48970293998718,168370
49.49252772331238,168370
49.49533033370972,168370
49.49814248085022,168370
49.500943660736084,168370
49.503764629364014,168370
49.50656533241272,168370
49.509374141693115,168370
49.51218509674072,168370
49.514986515045166,168370
49.517791986465454,168370
49.52059292793274,168370
49.52340817451477,168370
49.52622365951538,168370
49.52902388572693,168370
49.53182649612427,168370
49.53463816642761,168370
49.5374436378479,168370
49.54038071632385,168370
49.5432288646698,168370
49.546064138412476,168370
49.54888439178467,168370
49.55172395706177,168370
49.55455470085144,168370
49.557361364364624,168370
49.56017589569092,168370
49.56297755241394,168370
49.56577944755554,168370
49.56858825683594,168370
49.57139563560486,168370
49.57420635223389,168370
49.5770149230957,168370
49.57981872558594,168370
49.582634687423706,168370
49.585437297821045,168370
49.588316917419434,168370
49.59112215042114,168370
49.593929290771484,168370
49.59672689437866,168370
49.59953451156616,168370
49.60235285758972,168370
49.60517168045044,168370
49.60797166824341,168370
49.61077690124512,168370
49.61358594894409,168370
49.616403341293335,168370
49.619213342666626,168370
49.622010946273804,168370
49.624817848205566,168370
49.62762451171875,168370
49.6304247379303,168370
49.633246183395386,168370
49.63605833053589,168370
49.63885974884033,168370
49.64165735244751,168370
49.644490480422974,168370
49.647297620773315,168370
49.65010476112366,168370
49.65291142463684,168370
49.655723571777344,168370
49.65852451324463,168370
49.661325454711914,168370
49.66413140296936,168370
49.666929960250854,168370
49.66973543167114,168370
49.67255640029907,168370
49.675355195999146,168370
49.67815828323364,168370
49.68095111846924,168370
49.683764696121216,168370
49.68656253814697,168370
49.68937349319458,168370
49.69218683242798,168370
49.69499158859253,168370
49.697786808013916,168370
49.70058608055115,168370
49.7033896446228,168370
49.70619082450867,168370
49.708988666534424,168370
49.71179676055908,168370
49.71460771560669,168370
49.7174129486084,168370
49.72021842002869,168370
49.72303009033203,168370
49.72581624984741,168370
49.72861695289612,168370
49.7314190864563,168370
49.73423743247986,168370
49.737032890319824,168370
49.73983383178711,168370
49.74264454841614,168370
49.74544334411621,168370
49.748244762420654,168370
49.75104904174805,168370
49.75386071205139,168370
49.756659507751465,168370
49.75946307182312,168370
49.76228070259094,168370
49.76507496833801,168370
49.767866134643555,168370
49.77065968513489,168370
49.773481130599976,168370
49.77628707885742,168370
49.779099464416504,168370
49.78189468383789,168370
49.78470492362976,168370
49.787511587142944,168370
49.7903196811676,168370
49.793134927749634,168370
49.79594945907593,168370
49.79875159263611,168370
49.80156588554382,168370
49.804380655288696,168370
49.80719208717346,168370
49.80998420715332,168370
49.8127977848053,168370
49.81560659408569,168370
49.81841564178467,168370
49.82121729850769,168370
49.824028968811035,168370
49.826820373535156,168370
49.82962703704834,168370
49.83244252204895,168370
49.835253953933716,168370
49.83805751800537,168370
49.84084725379944,168370
49.84365797042847,168370
49.84647250175476,168370
49.84927940368652,168370
49.8520941734314,168370
49.85489630699158,168370
49.85770297050476,168370
49.86050295829773,168370
49.86332058906555,168370
49.86612939834595,168370
49.868927240371704,168370
49.87172842025757,168370
49.87454581260681,168370
49.87734794616699,168370
49.88015413284302,168370
49.882954359054565,168370
49.88576555252075,168370
49.88856744766235,168370
49.891380071640015,168370
49.894187211990356,168370
49.89698362350464,168370
49.89978241920471,168370
49.90259027481079,168370
49.90539002418518,168370
49.90820002555847,168370
49.91100025177002,168370
49.91381335258484,168370
49.91665768623352,168370
49.91946268081665,168370
49.922274112701416,168370
49.92509341239929,168370
49.92789387702942,168370
49.9312207698822,168370
49.93407225608826,168370
49.936904191970825,168370
49.93972373008728,168370
49.942577838897705,168370
49.94541382789612,168370
49.94822812080383,168370
49.95103573799133,168370
49.95384335517883,168370
49.956647872924805,168370
49.959463357925415,168370
49.962276458740234,168370
49.96509075164795,168370
49.96788311004639,168370
49.970694065093994,168370
49.973512172698975,168370
49.976330041885376,168370
49.979132413864136,168370
49.98193621635437,168370
49.98475170135498,168370
49.98756241798401,168370
49.99036383628845,168370
49.993181467056274,168370
49.99598288536072,168370
49.99879050254822,168370
50.00158977508545,168370
50.004406452178955,168370
50.00721549987793,168370
50.01002550125122,168370
50.0128333568573,168370
50.01564884185791,168370
50.018452882766724,168370
50.021268129348755,168370
50.02408146858215,168370
50.026883602142334,168370
50.029685497283936,168370
50.032504081726074,168370
50.035316467285156,168370
50.038129806518555,168370
50.04092288017273,168370
50.04374098777771,168370
50.04654359817505,168370
50.049355030059814,168370
50.052166223526,168370
50.05496668815613,168370
50.057772636413574,168370
50.06057810783386,168370
50.06339144706726,168370
50.066195249557495,168370
50.06899094581604,168370
50.071797132492065,168370
50.07460975646973,168370
50.07742142677307,168370
50.080228090286255,168370
50.08303642272949,168370
50.08583092689514,168370
50.08863592147827,168370
50.09143877029419,168370
50.09425616264343,168370
50.09705448150635,168370
50.09985613822937,168370
50.102667570114136,168370
50.105483531951904,168370
50.1082878112793,168370
50.11109685897827,168370
50.11390662193298,168370
50.11671233177185,168370
50.11951494216919,168370
50.122334003448486,168370
50.125144720077515,168370
50.12794780731201,168370
50.13074564933777,168370
50.133562326431274,168370
50.136366844177246,168370
50.13917303085327,168370
50.14197325706482,168370
50.144792556762695,168370
50.14760065078735,168370
50.15041136741638,168370
50.15322923660278,168370
50.1560423374176,168370
50.15883111953735,168370
50.16163873672485,168370
50.16446018218994,168370
50.16726613044739,168370
50.17006540298462,168370
50.17286729812622,168370
50.17566895484924,168370
50.17847561836243,168370
50.18127942085266,168370
50.18410301208496,168370
50.186896562576294,168370
50.189703941345215,168370
50.192519187927246,168370
50.19533395767212,168370
50.19813561439514,168370
50.20094037055969,168370
50.20374321937561,168370
50.20655059814453,168370
50.20935845375061,168370
50.2121741771698,168370
50.214972257614136,168370
50.21777534484863,168370
50.22058653831482,168370
50.22340941429138,168370
50.226216554641724,168370
50.22902727127075,168370
50.23182463645935,168370
50.23464584350586,168370
50.23745894432068,168370
50.240273237228394,168370
50.24308514595032,168370
50.24588346481323,168370
50.2486834526062,168370
50.25148916244507,168370
50.25429391860962,168370
50.25710368156433,168370
50.25989270210266,168370
50.262704849243164,168370
50.265509843826294,168370
50.2683219909668,168370
50.27112174034119,168370
50.273929834365845,168370
50.276716470718384,168370
50.279521465301514,168370
50.282333850860596,168370
50.28514552116394,168370
50.287940979003906,168370
50.29074144363403,168370
50.29354763031006,168370
50.29635262489319,168370
50.299153566360474,168370
50.30195140838623,168370
50.30476188659668,168370
50.30757021903992,168370
50.3103723526001,168370
50.313191413879395,168370
50.31598615646362,168370
50.31879115104675,168370
50.32158970832825,168370
50.32440638542175,168370
50.327208280563354,168370
50.330013275146484,168370
50.3328173160553,168370
50.33562994003296,168370
50.33843445777893,168370
50.341241121292114,168370
50.34406661987305,168370
50.34687113761902,168370
50.34967088699341,168370
50.35248851776123,168370
50.355283975601196,168370
50.35808849334717,168370
50.36088299751282,168370
50.36369872093201,168370
50.36650562286377,168370
50.36932110786438,168370
50.37213373184204,168370
50.37493324279785,168370
50.377729177474976,168370
50.38053369522095,168370
50.38334822654724,168370
50.38615798950195,168370
50.388954162597656,168370
50.39175200462341,168370
50.39456629753113,168370
50.3973753452301,168370
50.400174617767334,168370
50.402987480163574,168370
50.40578603744507,168370
50.408586263656616,168370
50.41138958930969,168370
50.41420316696167,168370
50.41700601577759,168370
50.41980814933777,168370
50.42262268066406,168370
50.425434589385986,168370
50.42824125289917,168370
50.43105363845825,168370
50.43386220932007,168370
50.43667531013489,168370
50.43947696685791,168370
50.44229221343994,168370
50.445098638534546,168370
50.447892904281616,168370
50.45069098472595,168370
50.45350480079651,168370
50.45632028579712,168370
50.459134101867676,168370
50.461931228637695,168370
50.464741230010986,168370
50.46754169464111,168370
50.47034788131714,168370
50.47315502166748,168370
50.47595810890198,168370
50.47875785827637,168370
50.481568813323975,168370
50.4843807220459,168370
50.48719334602356,168370
50.48998141288757,168370
50.49279427528381,168370
50.49560260772705,168370
50.49840068817139,168370
50.50120162963867,168370
50.5040123462677,168370
50.5068085193634,168370
50.50961685180664,168370
50.512431621551514,168370
50.515244483947754,168370
50.51804542541504,168370
50.52083921432495,168370
50.52365851402283,168370
50.526466369628906,168370
50.52926778793335,168370
50.53208327293396,168370
50.534870862960815,168370
50.53767538070679,168370
50.5404736995697,168370
50.543285846710205,168370
50.54609394073486,168370
50.54889392852783,168370
50.551706075668335,168370
50.5545289516449,168370
50.55733847618103,168370
50.560152530670166,168370
50.562952280044556,168370
50.56576466560364,168370
50.56856679916382,168370
50.57137942314148,168370
50.57419228553772,168370
50.576998233795166,168370
50.57979393005371,168370
50.58260703086853,168370
50.585413217544556,168370
50.588218688964844,168370
50.59101414680481,168370
50.59382724761963,168370
50.596651554107666,168370
50.59946393966675,168370
50.602285385131836,168370
50.60510492324829,168370
50.60809302330017,168370
50.61089634895325,168370
50.61370372772217,168370
50.61651158332825,168370
50.6193106174469,168370
50.62212133407593,168370
50.62492108345032,168370
50.627721309661865,168370
50.63052177429199,168370
50.63334059715271,168370
50.63614249229431,168370
50.63894176483154,168370
50.64173769950867,168370
50.64455533027649,168370
50.64735388755798,168370
50.650166749954224,168370
50.652971506118774,168370
50.65577030181885,168370
50.65857458114624,168370
50.66137957572937,168370
50.66419792175293,168370
50.667003870010376,168370
50.66980242729187,168370
50.672616958618164,168370
50.67542004585266,168370
50.67822241783142,168370
50.68103075027466,168370
50.683842420578,168370
50.686644315719604,168370
50.68944978713989,168370
50.692265033721924,168370
50.69507598876953,168370
50.69787073135376,168370
50.700679540634155,168370
50.70349407196045,168370
50.70630431175232,168370
50.70910596847534,168370
50.711909770965576,168370
50.71472406387329,168370
50.717536211013794,168370
50.72034955024719,168370
50.72317910194397,168370
50.725977182388306,168370
50.72878384590149,168370
50.731589555740356,168370
50.734408378601074,168370
50.73721432685852,168370
50.740023136138916,168370
50.74280834197998,168370
50.745622634887695,168370
50.74841570854187,168370
50.75122809410095,168370
50.75404500961304,168370
50.75683617591858,168370
50.75964164733887,168370
50.762460708618164,168370
50.76526927947998,168370
50.768078088760376,168370
50.77087140083313,168370
50.773682832717896,168370
50.776485204696655,168370
50.77929949760437,168370
50.78211259841919,168370
50.784910440444946,168370
50.78770303726196,168370
50.79051899909973,168370
50.79333519935608,168370
50.79615354537964,168370
50.79895353317261,168370
50.80175185203552,168370
50.80456829071045,168370
50.80737376213074,168370
50.810173988342285,168370
50.81298232078552,168370
50.81578063964844,168370
50.8185932636261,168370
50.82139801979065,168370
50.824214220047,168370
50.82701349258423,168370
50.82982039451599,168370
50.83263421058655,168370
50.835444927215576,168370
50.83825612068176,168370
50.84106755256653,168370
50.84388089179993,168370
50.84668684005737,168370
50.849480867385864,168370
50.85229992866516,168370
50.85510230064392,168370
50.857897996902466,168370
50.86069345474243,168370
50.86350917816162,168370
50.86630940437317,168370
50.869115352630615,168370
50.87191319465637,168370
50.87472105026245,168370
50.877530097961426,168370
50.88033843040466,168370
50.88314890861511,168370
50.88594937324524,168370
50.888741970062256,168370
50.89154601097107,168370
50.89436316490173,168370
50.897170066833496,168370
50.89996266365051,168370
50.90278339385986,168370
50.90558385848999,168370
50.90839195251465,168370
50.911192893981934,168370
50.914005279541016,168370
50.91686511039734,168370
50.91967701911926,168370
50.9224910736084,168370
50.925297260284424,168370
50.92809724807739,168370
50.9309241771698,168370
50.93419528007507,168370
50.9370231628418,168370
50.93983268737793,168370
50.94267797470093,168370
50.94550061225891,168370
50.94833159446716,168370
50.95113778114319,168370
50.95395493507385,168370
50.956753730773926,168370
50.95956540107727,168370
50.9623761177063,168370
50.96518635749817,168370
50.967978715896606,168370
50.97078251838684,168370
50.973589181900024,168370
50.97640347480774,168370
50.97920894622803,168370
50.982006549835205,168370
50.984808683395386,168370
50.98761606216431,168370
50.99041795730591,168370
50.99323487281799,168370
50.996037006378174,168370
50.99883151054382,168370
51.001622676849365,168370
51.00443625450134,168370
51.007239818573,168370
51.01004123687744,168370
51.01283836364746,168370
51.015639305114746,168370
51.01844239234924,168370
51.02124834060669,168370
51.024059534072876,168370
51.026854515075684,168370
51.02966356277466,168370
51.03248620033264,168370
51.03529143333435,168370
51.038092374801636,168370
51.040876626968384,168370
51.04368758201599,168370
51.046488523483276,168370
51.049294233322144,168370
51.05210566520691,168370
51.05490326881409,168370
51.05770301818848,168370
51.06051063537598,168370
51.06331825256348,168370
51.066128730773926,168370
51.068915128707886,168370
51.07170486450195,168370
51.074512243270874,168370
51.07731580734253,168370
51.0801100730896,168370
51.08290958404541,168370
51.085699796676636,168370
51.088502645492554,168370
51.09130096435547,168370
51.094120502471924,168370
51.09691143035889,168370
51.099719285964966,168370
51.102529525756836,168370
51.10534119606018,168370
51.10814332962036,168370
51.110944509506226,168370
51.11373782157898,168370
51.11653804779053,168370
51.11934518814087,168370
51.12216353416443,168370
51.12495803833008,168370
51.12776207923889,168370
51.13056659698486,168370
51.13337707519531,168370
51.136176109313965,168370
51.13897252082825,168370
51.141769886016846,168370
51.14457654953003,168370
51.14737558364868,168370
51.1501841545105,168370
51.152989864349365,168370
51.155781984329224,168370
51.15858292579651,168370
51.16138529777527,168370
51.16419458389282,168370
51.16706347465515,168370
51.16985058784485,168370
51.1726655960083,168370
51.17546010017395,168370
51.17826271057129,168370
51.18105936050415,168370
51.18386745452881,168370
51.18665790557861,168370
51.18946123123169,168370
51.19227385520935,168370
51.19508075714111,168370
51.19786834716797,168370
51.200666427612305,168370
51.20348143577576,168370
51.206292390823364,168370
51.209097146987915,168370
51.21189069747925,168370
51.21469593048096,168370
51.217493295669556,168370
51.22029256820679,168370
51.22310781478882,168370
51.22588777542114,168370
51.22868633270264,168370
51.231491804122925,168370
51.23430776596069,168370
51.2371084690094,168370
51.23990511894226,168370
51.24270248413086,168370
51.24550676345825,168370
51.24830985069275,168370
51.2511100769043,168370
51.25390982627869,168370
51.25670623779297,168370
51.259504556655884,168370
51.26231646537781,168370
51.26511907577515,168370
51.26790738105774,168370
51.270700216293335,168370
51.273515701293945,168370
51.27630877494812,168370
51.279107093811035,168370
51.28189730644226,168370
51.284711837768555,168370
51.287508726119995,168370
51.29030776023865,168370
51.2931170463562,168370
51.295907735824585,168370
51.298701763153076,168370
51.3015034198761,168370
51.30431342124939,168370
51.30711793899536,168370
51.30990433692932,168370
51.31270503997803,168370
51.31550073623657,168370
51.31830024719238,168370
51.32110643386841,168370
51.3239221572876,168370
51.32672429084778,168370
51.329524993896484,168370
51.33240222930908,168370
51.33521342277527,168370
51.338090658187866,168370
51.3408989906311,168370
51.34370279312134,168370
51.34650731086731,168370
51.3493013381958,168370
51.352131366729736,168370
51.35491728782654,168370
51.35771131515503,168370
51.36050748825073,168370
51.36332058906555,168370
51.3661150932312,168370
51.368916034698486,168370
51.37170600891113,168370
51.37451434135437,168370
51.37731409072876,168370
51.38012766838074,168370
51.382932901382446,168370
51.385724782943726,168370
51.38851857185364,168370
51.39132738113403,168370
51.394134283065796,168370
51.39693522453308,168370
51.399725675582886,168370
51.402539014816284,168370
51.40538144111633,168370
51.408188343048096,168370
51.41097807884216,168370
51.41378593444824,168370
51.41658067703247,168370
51.419381856918335,168370
51.42219090461731,168370
51.42499041557312,168370
51.42779064178467,168370
51.43058228492737,168370
51.4333872795105,168370
51.436196088790894,168370
51.43898630142212,168370
51.441786766052246,168370
51.4445903301239,168370
51.447394371032715,168370
51.45019578933716,168370
51.45299959182739,168370
51.45580244064331,168370
51.458600759506226,168370
51.46139335632324,168370
51.464205741882324,168370
51.46700143814087,168370
51.46979999542236,168370
51.47260665893555,168370
51.47541284561157,168370
51.47822952270508,168370
51.48103976249695,168370
51.48384404182434,168370
51.486634492874146,168370
51.48943853378296,168370
51.49224853515625,168370
51.49505305290222,168370
51.49784731864929,168370
51.500646352767944,168370
51.50346064567566,168370
51.50625419616699,168370
51.5090548992157,168370
51.5118522644043,168370
51.5146598815918,168370
51.517462968826294,168370
51.52025890350342,168370
51.52306652069092,168370
51.525858640670776,168370
51.52864193916321,168370
51.53144097328186,168370
51.53424835205078,168370
51.53705167770386,168370
51.53983402252197,168370
51.542643308639526,168370
51.545450925827026,168370
51.54825496673584,168370
51.55108404159546,168370
51.55388903617859,168370
51.55668592453003,168370
51.55949783325195,168370
51.56230354309082,168370
51.565104961395264,168370
51.56790113449097,168370
51.570706367492676,168370
51.57351613044739,168370
51.576318979263306,168370
51.57911944389343,168370
51.581918478012085,168370
51.584731578826904,168370
51.587538957595825,168370
51.59033679962158,168370
51.59315061569214,168370
51.59594488143921,168370
51.5987389087677,168370
51.60153555870056,168370
51.60436034202576,168370
51.60715913772583,168370
51.60996627807617,168370
51.612773180007935,168370
51.61558818817139,168370
51.618396520614624,168370
51.621195554733276,168370
51.62399888038635,168370
51.62679624557495,168370
51.629595041275024,168370
51.632405042648315,168370
51.63520860671997,168370
51.638006925582886,168370
51.64079761505127,168370
51.64360690116882,168370
51.64639902114868,168370
51.649200201034546,168370
51.651994466781616,168370
51.6547966003418,168370
51.65759491920471,168370
51.66040635108948,168370
51.66321563720703,168370
51.666017055511475,168370
51.668814182281494,168370
51.671613693237305,168370
51.67442846298218,168370
51.67723751068115,168370
51.68003463745117,168370
51.68283653259277,168370
51.68563652038574,168370
51.6884400844574,168370
51.691243171691895,168370
51.69406199455261,168370
51.69685244560242,168370
51.69965195655823,168370
51.70246362686157,168370
51.70526695251465,168370
51.70807075500488,168370
51.710864305496216,168370
51.7136766910553,168370
51.71648454666138,168370
51.719292402267456,168370
51.72210502624512,168370
51.72489643096924,168370
51.72769618034363,168370
51.73049306869507,168370
51.73331165313721,168370
51.736116886138916,168370
51.73891615867615,168370
51.74170732498169,168370
51.744524002075195,168370
51.747326612472534,168370
51.75013446807861,168370
51.752939224243164,168370
51.75573444366455,168370
51.75853991508484,168370
51.76134467124939,168370
51.764159202575684,168370
51.7669517993927,168370
51.769747257232666,168370
51.772563457489014,168370
51.775370359420776,168370
51.7781708240509,168370
51.78095507621765,168370
51.783796548843384,168370
51.786611557006836,168370
51.78944110870361,168370
51.792256116867065,168370
51.795064210891724,168370
51.79784941673279,168370
51.80065107345581,168370
51.80347156524658,168370
51.80627369880676,168370
51.80907201766968,168370
51.811870098114014,168370
51.814674615859985,168370
51.817479610443115,168370
51.82028007507324,168370
51.823089599609375,168370
51.82587218284607,168370
51.828667402267456,168370
51.83147644996643,168370
51.83428907394409,168370
51.83708643913269,168370
51.839885234832764,168370
51.842692852020264,168370
51.845500230789185,168370
51.848299980163574,168370
51.85109806060791,168370
51.85390543937683,168370
51.85669279098511,168370
51.8594868183136,168370
51.86229848861694,168370
51.8650918006897,168370
51.86788034439087,168370
51.87067627906799,168370
51.87349009513855,168370
51.87628960609436,168370
51.879087924957275,168370
51.88186526298523,168370
51.884674072265625,168370
51.887468576431274,168370
51.89027142524719,168370
51.89313316345215,168370
51.89594769477844,168370
51.898762464523315,168370
51.90157437324524,168370
51.904399394989014,168370
51.90721035003662,168370
51.910008907318115,168370
51.91282510757446,168370
51.91563653945923,168370
51.91850519180298,168370
51.92132091522217,168370
51.924145460128784,168370
51.92694401741028,168370
51.92974901199341,168370
51.933096408843994,168370
51.935927391052246,168370
51.938756704330444,168370
51.94159173965454,168370
51.94444131851196,168370
51.94725584983826,168370
51.95006489753723,168370
51.95287299156189,168370
51.95567488670349,168370
51.95848369598389,168370
51.96128296852112,168370
51.96410012245178,168370
51.96689462661743,168370
51.969693422317505,168370
51.972506284713745,168370
51.975316762924194,168370
51.97811222076416,168370
51.98091721534729,168370
51.983720541000366,168370
51.986525535583496,168370
51.98933243751526,168370
51.992143392562866,168370
51.994940519332886,168370
51.99774622917175,168370
52.000550985336304,168370
52.00336933135986,168370
52.00617289543152,168370
52.00897479057312,168370
52.01176881790161,168370
52.01458549499512,168370
52.01738905906677,168370
52.02019786834717,168370
52.02300548553467,168370
52.02581334114075,168370
52.02861428260803,168370
52.031421184539795,168370
52.034236431121826,168370
52.03704595565796,168370
52.039830684661865,168370
52.04264974594116,168370
52.04545450210571,168370
52.04826211929321,168370
52.051066398620605,168370
52.053874492645264,168370
52.05667281150818,168370
52.05947923660278,168370
52.06228804588318,168370
52.06509804725647,168370
52.0678973197937,168370
52.070695638656616,168370
52.073508501052856,168370
52.07631468772888,168370
52.07911777496338,168370
52.08191418647766,168370
52.084716796875,168370
52.08752179145813,168370
52.09032702445984,168370
52.09314250946045,168370
52.09593677520752,168370
52.098732471466064,168370
52.10153865814209,168370
52.10435080528259,168370
52.107152700424194,168370
52.109954595565796,168370
52.11277198791504,168370
52.115583181381226,168370
52.11837840080261,168370
52.12118887901306,168370
52.123995542526245,168370
52.12680983543396,168370
52.129605531692505,168370
52.13242864608765,168370
52.13523578643799,168370
52.138039112091064,168370
52.14082384109497,168370
52.143638372421265,168370
52.146438121795654,168370
52.14924430847168,168370
52.15205264091492,168370
52.154852867126465,168370
52.1576509475708,168370
52.16045665740967,168370
52.163269996643066,168370
52.1660737991333,168370
52.168869972229004,168370
52.171671867370605,168370
52.17448425292969,168370
52.17729043960571,168370
52.18009090423584,168370
52.18289589881897,168370
52.18570113182068,168370
52.18850255012512,168370
52.19129943847656,168370
52.19411587715149,168370
52.196911573410034,168370
52.199711561203,168370
52.20252227783203,168370
52.205328702926636,168370
52.20813202857971,168370
52.21092343330383,168370
52.21372604370117,168370
52.21653389930725,168370
52.219345569610596,168370
52.22216248512268,168370
52.224966049194336,168370
52.227779150009155,168370
52.230581283569336,168370
52.23339867591858,168370
52.2361946105957,168370
52.23899006843567,168370
52.24179005622864,168370
52.24460458755493,168370
52.24741005897522,168370
52.25021576881409,168370
52.25302481651306,168370
52.25581932067871,168370
52.25861930847168,168370
52.2614164352417,168370
52.26422619819641,168370
52.26702690124512,168370
52.269813776016235,168370
52.27262091636658,168370
52.27541971206665,168370
52.278228759765625,168370
52.2810263633728,168370
52.283841133117676,168370
52.28663635253906,168370
52.2894389629364,168370
52.29225134849548,168370
52.29506826400757,168370
52.29785752296448,168370
52.3006591796875,168370
52.30346894264221,168370
52.30626964569092,168370
52.309070348739624,168370
52.3118691444397,168370
52.314674854278564,168370
52.317474603652954,168370
52.32027578353882,168370
52.32309556007385,168370
52.32589316368103,168370
52.328691482543945,168370
52.33148694038391,168370
52.33430528640747,168370
52.337108850479126,168370
52.339905738830566,168370
52.342711448669434,168370
52.345515966415405,168370
52.3483145236969,168370
52.35111737251282,168370
52.353920698165894,168370
52.35717844963074,168370
52.35999345779419,168370
52.36283755302429,168370
52.365659952163696,168370
52.368489265441895,168370
52.37129521369934,168370
52.37411022186279,168370
52.37690591812134,168370
52.379711627960205,168370
52.38252067565918,168370
52.38533425331116,168370
52.388139486312866,168370
52.39094805717468,168370
52.393760442733765,168370
52.39656662940979,168370
52.39936828613281,168370
52.40219259262085,168370
52.40498876571655,168370
52.40779113769531,168370
52.41059422492981,168370
52.41340208053589,168370
52.41620635986328,168370
52.41901135444641,168370
52.42180919647217,168370
52.42461824417114,168370
52.42741346359253,168370
52.43021535873413,168370
52.43301248550415,168370
52.43580341339111,168370
52.438602685928345,168370
52.44140648841858,168370
52.44422221183777,168370
52.447022438049316,168370
52.44981408119202,168370
52.45262336730957,168370
52.455421924591064,168370
52.45823264122009,168370
52.46103620529175,168370
52.46384143829346,168370
52.466647148132324,168370
52.469456911087036,168370
52.47226548194885,168370
52.47506618499756,168370
52.477856397628784,168370
52.48066234588623,168370
52.48347592353821,168370
52.486281394958496,168370
52.48908257484436,168370
52.49188256263733,168370
52.494696855545044,168370
52.49750804901123,168370
52.50031900405884,168370
52.50313758850098,168370
52.50593876838684,168370
52.5087366104126,168370
52.511537313461304,168370
52.514362812042236,168370
52.51715707778931,168370
52.5199511051178,168370
52.52275490760803,168370
52.52556347846985,168370
52.52836728096008,168370
52.531174421310425,168370
52.53398370742798,168370
52.536786794662476,168370
52.53957748413086,168370
52.542393922805786,168370
52.54519701004028,168370
52.54800367355347,168370
52.55080246925354,168370
52.55364012718201,168370
52.55644154548645,168370
52.55925178527832,168370
52.56207060813904,168370
52.56487250328064,168370
52.567678451538086,168370
52.57048797607422,168370
52.57330250740051,168370
52.576112270355225,168370
52.57891011238098,168370
52.58172035217285,168370
52.58453845977783,168370
52.587345361709595,168370
52.5901517868042,168370
52.59295701980591,168370
52.59575915336609,168370
52.59856605529785,168370
52.6013662815094,168370
52.60419416427612,168370
52.60717988014221,168370
52.609978437423706,168370
52.612796783447266,168370
52.61559748649597,168370
52.618403673172,168370
52.62120795249939,168370
52.624024391174316,168370
52.62682008743286,168370
52.62961006164551,168370
52.63243246078491,168370
52.63523626327515,168370
52.63804793357849,168370
52.6408429145813,168370
52.64365911483765,168370
52.64646792411804,168370
52.64927887916565,168370
52.65208911895752,168370
52.654886960983276,168370
52.65768527984619,168370
52.660484075546265,168370
52.66329789161682,168370
52.66610360145569,168370
52.66889524459839,168370
52.67169427871704,168370
52.674501180648804,168370
52.677311182022095,168370
52.68011283874512,168370
52.682920694351196,168370
52.68571925163269,168370
52.68852663040161,168370
52.69132447242737,168370
52.69413685798645,168370
52.69693398475647,168370
52.69973802566528,168370
52.70255136489868,168370
52.70535922050476,168370
52.70815825462341,168370
52.710968017578125,168370
52.71377158164978,168370
52.7165801525116,168370
52.71941614151001,168370
52.72223138809204,168370
52.72504472732544,168370
52.727840185165405,168370
52.73063325881958,168370
52.73349404335022,168370
52.73632788658142,168370
52.73916840553284,168370
52.741974115371704,168370
52.74479341506958,168370
52.74759316444397,168370
52.750401973724365,168370
52.75322604179382,168370
52.75603795051575,168370
52.758832693099976,168370
52.761637926101685,168370
52.76445746421814,168370
52.76726484298706,168370
52.770061016082764,168370
52.77288007736206,168370
52.77568340301514,168370
52.778493881225586,168370
52.781299114227295,168370
52.78412652015686,168370
52.78692841529846,168370
52.7897310256958,168370
52.792550563812256,168370
52.795363903045654,168370
52.79817581176758,168370
52.80097699165344,168370
52.803792238235474,168370
52.80658674240112,168370
52.80939698219299,168370
52.812211990356445,168370
52.81501269340515,168370
52.81781983375549,168370
52.82061767578125,168370
52.8234338760376,168370
52.82624435424805,168370
52.82906413078308,168370
52.83185839653015,168370
52.83466958999634,168370
52.83747172355652,168370
52.840287923812866,168370
52.84311485290527,168370
52.84590983390808,168370
52.84869694709778,168370
52.85151028633118,168370
52.85431957244873,168370
52.85712957382202,168370
52.85992980003357,168370
52.86274433135986,168370
52.865548610687256,168370
52.868359327316284,168370
52.87116742134094,168370
52.87398815155029,168370
52.87678551673889,168370
52.87958741188049,168370
52.88240122795105,168370
52.88520693778992,168370
52.88800406455994,168370
52.8908109664917,168370
52.89362668991089,168370
52.896429777145386,168370
52.899243116378784,168370
52.90205931663513,168370
52.90485596656799,168370
52.90766191482544,168370
52.91046857833862,168370
52.91329026222229,168370
52.91609835624695,168370
52.91895079612732,168370
52.92175769805908,168370
52.924582958221436,168370
52.92738199234009,168370
52.930193185806274,168370
52.93313407897949,168370
52.936259269714355,168370
52.93909525871277,168370
52.94191789627075,168370
52.94474792480469,168370
52.94757604598999,168370
52.95039892196655,168370
52.953232288360596,168370
52.95604372024536,168370
52.958850622177124,168370
52.96165347099304,168370
52.96447420120239,168370
52.967283725738525,168370
52.97010016441345,168370
52.97290921211243,168370
52.97572112083435,168370
52.9785258769989,168370
52.98133945465088,168370
52.98415994644165,168370
52.98697257041931,168370
52.9897940158844,168370
52.99261450767517,168370
52.99542045593262,168370
52.99822545051575,168370
53.0010347366333,168370
53.003843784332275,168370
53.0066454410553,168370
53.00945448875427,168370
53.01249051094055,168370
53.01759338378906,168370
53.02269458770752,168370
53.02778697013855,168370
53.03290033340454,168370
53.037973403930664,168370
53.042999505996704,168370
53.048009634017944,168370
53.05305480957031,168370
53.05806636810303,168370
53.063087701797485,168370
53.06809043884277,168370
53.073116302490234,168370
53.078126192092896,168370
53.083139181137085,168370
53.08814883232117,168370
53.09317207336426,168370
53.09818363189697,168370
53.103204011917114,168370
53.108232259750366,168370
53.11324954032898,168370
53.11827874183655,168370
53.12329030036926,168370
53.12830853462219,168370
53.13332796096802,168370
53.13834261894226,168370
53.143372535705566,168370
53.14838695526123,168370
53.153409004211426,168370
53.15841221809387,168370
53.163426876068115,168370
53.168434143066406,168370
53.17345952987671,168370
53.17847299575806,168370
53.18349838256836,168370
53.188517332077026,168370
53.193543910980225,168370
53.198556900024414,168370
53.20356607437134,168370
53.20857620239258,168370
53.21359920501709,168370
53.21861290931702,168370
53.223634243011475,168370
53.22864747047424,168370
53.2336642742157,168370
53.2386691570282,168370
53.24368214607239,168370
53.24869918823242,168370
53.25370526313782,168370
53.25872850418091,168370
53.26375389099121,168370
53.26871919631958,168370
53.27369141578674,168370
53.27869415283203,168370
53.28365969657898,168370
53.28863263130188,168370
53.29361915588379,168370
53.29860472679138,168370
53.30360245704651,168370
53.308589220047,168370
53.31358289718628,168370
53.318562269210815,168370
53.3235559463501,168370
53.32853627204895,168370
53.33352971076965,168370
53.33851861953735,168370
53.343517780303955,168370
53.34851336479187,168370
53.353524684906006,168370
53.358521461486816,168370
53.363529682159424,168370
53.36852788925171,168370
53.373528242111206,168370
53.3785719871521,168370
53.383610010147095,168370
53.38865828514099,168370
53.393720388412476,168370
53.39878749847412,168370
53.403857707977295,168370
53.40892291069031,168370
53.413997173309326,168370
53.41906428337097,168370
53.42412757873535,168370
53.429200887680054,168370
53.43426275253296,168370
53.43930912017822,168370
53.44437766075134,168370
53.44943690299988,168370
53.454511880874634,168370
53.459577560424805,168370
53.464656829833984,168370
53.46972155570984,168370
53.474793910980225,168370
53.47986912727356,168370
53.48494243621826,168370
53.49000859260559,168370
53.4951012134552,168370
53.50016689300537,168370
53.505249977111816,168370
53.510321855545044,168370
53.51539611816406,168370
53.52045011520386,168370
53.52553653717041,168370
53.530596017837524,168370
53.535675048828125,168370
53.54074263572693,168370
53.54582118988037,168370
53.55088949203491,168370
53.55596303939819,168370
53.56102752685547,168370
53.566115617752075,168370
53.57117986679077,168370
53.57627272605896,168370
53.58134484291077,168370
53.586427450180054,168370
53.59149479866028,168370
53.59657430648804,168370
53.60164546966553,168370
53.6067328453064,168370
53.61179757118225,168370
53.61687755584717,168370
53.621960163116455,168370
53.62705755233765,168370
53.63215494155884,168370
53.63723015785217,168370
53.64231491088867,168370
53.647393226623535,168370
53.65247702598572,168370
53.65755009651184,168370
53.66263461112976,168370
53.66770958900452,168370
53.67279648780823,168370
53.677873849868774,168370
53.68294858932495,168370
53.68803310394287,168370
53.69311785697937,168370
53.69818615913391,168370
53.70326805114746,168370
53.708343505859375,168370
53.71342730522156,168370
53.71850919723511,168370
53.723591327667236,168370
53.728662729263306,168370
53.73375368118286,168370
53.738828897476196,168370
53.74391508102417,168370
53.748987674713135,168370
53.754085063934326,168370
53.75917363166809,168370
53.76425862312317,168370
53.76934099197388,168370
53.77441430091858,168370
53.77949357032776,168370
53.784573554992676,168370
53.78965735435486,168370
53.7947313785553,168370
53.79979634284973,168370
53.80489206314087,168370
53.80996227264404,168370
53.81505537033081,168370
53.82013559341431,168370
53.8252227306366,168370
53.83031249046326,168370
53.835405111312866,168370
53.84049844741821,168370
53.84559440612793,168370
53.85067653656006,168370
53.85576415061951,168370
53.86083006858826,168370
53.865909814834595,168370
53.870978355407715,168370
53.87607741355896,168370
53.88115954399109,168370
53.886253118515015,168370
53.89132785797119,168370
53.896404504776,168370
53.90147614479065,168370
53.90655994415283,168370
53.911628007888794,168370
53.91669821739197,168370
53.92177367210388,168370
53.92685103416443,168370
53.9319212436676,168370
53.93702816963196,168370
53.94212746620178,168370
53.94719839096069,168370
53.952292680740356,168370
53.9573540687561,168370
53.96244430541992,168370
53.96750831604004,168370
53.972596883773804,168370
53.97768831253052,168370
53.982789278030396,168370
53.987873792648315,168370
53.992963790893555,168370
53.99807095527649,168370
54.0031533241272,168370
54.00822901725769,168370
54.01332354545593,168370
54.0183961391449,168370
54.023476123809814,168370
54.0285427570343,168370
54.03362536430359,168370
54.03869962692261,168370
54.04378414154053,168370
54.04884743690491,168370
54.053934812545776,168370
54.05903172492981,168370
54.064119815826416,168370
54.0692024230957,168370
54.07428550720215,168370
54.0793559551239,168370
54.08443474769592,168370
54.08951163291931,168370
54.094581604003906,168370
54.09966230392456,168370
54.10474133491516,168370
54.10981750488281,168370
54.114893198013306,168370
54.11996603012085,168370
54.125062465667725,168370
54.13012909889221,168370
54.1352117061615,168370
54.14027690887451,168370
54.145362854003906,168370
54.15043616294861,168370
54.15552568435669,168370
54.160600900650024,168370
54.16567635536194,168370
54.170745611190796,168370
54.175837993621826,168370
54.18091082572937,168370
54.18599200248718,168370
54.19107937812805,168370
54.19616723060608,168370
54.201234579086304,168370
54.20631241798401,168370
54.21139121055603,168370
54.21648120880127,168370
54.22154784202576,168370
54.226627826690674,168370
54.23169279098511,168370
54.236780643463135,168370
54.24185633659363,168370
54.246941804885864,168370
54.252002477645874,168370
54.25710654258728,168370
54.26218938827515,168370
54.2672553062439,168370
54.27233099937439,168370
54.27740740776062,168370
54.282498598098755,168370
54.28757119178772,168370
54.29265642166138,168370
54.2977192401886,168370
54.30279779434204,168370
54.30786919593811,168370
54.31295585632324,168370
54.31804037094116,168370
54.323126554489136,168370
54.3281991481781,168370
54.33328437805176,168370
54.33836030960083,168370
54.34344530105591,168370
54.348527908325195,168370
54.353599309921265,168370
54.35867381095886,168370
54.36375856399536,168370
54.368821144104004,168370
54.37391257286072,168370
54.37898778915405,168370
54.38408970832825,168370
54.38916993141174,168370
54.394267082214355,168370
54.399338722229004,168370
54.404420375823975,168370
54.409496545791626,168370
54.41457271575928,168370
54.41963815689087,168370
54.42471432685852,168370
54.429795026779175,168370
54.43487596511841,168370
54.43995118141174,168370
54.44504761695862,168370
54.450141191482544,168370
54.45522499084473,168370
54.46030378341675,168370
54.46539258956909,168370
54.4704852104187,168370
54.475574254989624,168370
54.480653524398804,168370
54.485742807388306,168370
54.490819215774536,168370
54.49590802192688,168370
54.50097703933716,168370
54.50608253479004,168370
54.51115918159485,168370
54.516263246536255,168370
54.52134466171265,168370
54.52642464637756,168370
54.531495332717896,168370
54.536585569381714,168370
54.54164743423462,168370
54.54671812057495,168370
54.55178642272949,168370
54.55686545372009,168370
54.561936140060425,168370
54.56701183319092,168370
54.57211375236511,168370
54.57721185684204,168370
54.5822970867157,168370
54.58737826347351,168370
54.59245991706848,168370
54.59753227233887,168370
54.60261583328247,168370
54.60769987106323,168370
54.61277532577515,168370
54.617841958999634,168370
54.622923851013184,168370
54.627992391586304,168370
54.633071184158325,168370
54.63814449310303,168370
54.643224239349365,168370
54.648305892944336,168370
54.65338945388794,168370
54.658467531204224,168370
54.66355228424072,168370
54.66862607002258,168370
54.673699140548706,168370
54.67876935005188,168370
54.68384766578674,168370
54.688926458358765,168370
54.69401478767395,168370
54.69911003112793,168370
54.704200983047485,168370
54.70926785469055,168370
54.714348554611206,168370
54.719422817230225,168370
54.724499225616455,168370
54.729568004608154,168370
54.73465394973755,168370
54.739723682403564,168370
54.74480175971985,168370
54.74987483024597,168370
54.754950761795044,168370
54.760026931762695,168370
54.76511001586914,168370
54.77019739151001,168370
54.775280237197876,168370
54.7803680896759,168370
54.78545951843262,168370
54.790528535842896,168370
54.795605421066284,168370
54.80067563056946,168370
54.80574703216553,168370
54.810816287994385,168370
54.815898418426514,168370
54.82097554206848,168370
54.82607984542847,168370
54.83114671707153,168370
54.83623147010803,168370
54.841306924819946,168370
54.846396684646606,168370
54.8514723777771,168370
54.85654973983765,168370
54.861608028411865,168370
54.86667990684509,168370
54.87174963951111,168370
54.87683415412903,168370
54.881906270980835,168370
54.886993646621704,168370
54.89207482337952,168370
54.89714312553406,168370
54.90222358703613,168370
54.90729808807373,168370
54.91239929199219,168370
54.91751980781555,168370
54.922585010528564,168370
54.9276328086853,168370
54.932697772979736,168370
54.93856501579285,168370
54.94355297088623,168370
54.94851016998291,168370
54.9534912109375,168370
54.95844316482544,168370
54.963433265686035,168370
54.968400716781616,168370
54.973395109176636,168370
54.97838091850281,168370
54.9833881855011,168370
54.98837614059448,168370
54.99335956573486,168370
54.99833917617798,168370
55.003315448760986,168370
55.008309841156006,168370
55.01330637931824,168370
55.01827549934387,168370
55.02325391769409,168370
55.02824783325195,168370
55.03327441215515,168370
55.038267850875854,168370
55.043288230895996,168370
55.04829502105713,168370
55.05334448814392,168370
55.058390855789185,168370
55.06338381767273,168370
55.068418741226196,168370
55.07344603538513,168370
55.07845449447632,168370
55.08346939086914,168370
55.08850073814392,168370
55.093538999557495,168370
55.09856343269348,168370
55.103610038757324,168370
55.10864758491516,168370
55.11369276046753,168370
55.11874556541443,168370
55.1237952709198,168370
55.128849506378174,168370
55.13389801979065,168370
55.13894200325012,168370
55.14400100708008,168370
55.14906072616577,168370
55.154128313064575,168370
55.15919518470764,168370
55.164257287979126,168370
55.169315576553345,168370
55.1743848323822,168370
55.1794376373291,168370
55.18449354171753,168370
55.189537525177,168370
55.19459939002991,168370
55.199645042419434,168370
55.20470666885376,168370
55.20973587036133,168370
55.21478581428528,168370
55.21982550621033,168370
55.22488975524902,168370
55.22994089126587,168370
55.23500180244446,168370
55.24004936218262,168370
55.24510383605957,168370
55.250160455703735,168370
55.255194425582886,168370
55.26025605201721,168370
55.26530694961548,168370
55.270360231399536,168370
55.27541732788086,168370
55.28046011924744,168370
55.28551650047302,168370
55.29055190086365,168370
55.29562568664551,168370
55.30066108703613,168370
55.30572152137756,168370
55.31076955795288,168370
55.3158233165741,168370
55.32087588310242,168370
55.3259334564209,168370
55.33100247383118,168370
55.336066246032715,168370
55.34113359451294,168370
55.34619188308716,168370
55.35124230384827,168370
55.35629987716675,168370
55.361356258392334,168370
55.366405725479126,168370
55.37147927284241,168370
55.37654256820679,168370
55.38157296180725,168370
55.38663649559021,168370
55.391661643981934,168370
55.39671468734741,168370
55.40176725387573,168370
55.40683722496033,168370
55.411884784698486,168370
55.41694211959839,168370
55.42198634147644,168370
55.42709541320801,168370
55.432183504104614,168370
55.43722724914551,168370
55.442421674728394,168370
55.44764852523804,168370
55.452906131744385,168370
55.458184003829956,168370
55.46347641944885,168370
55.46879506111145,168370
55.47415018081665,168370
55.47952723503113,168370
55.48495149612427,168370
55.490293979644775,168370
55.495691537857056,168370
55.501097202301025,168370
55.50650382041931,168370
55.51191592216492,168370
55.51730155944824,168370
55.52275347709656,168370
55.52816128730774,168370
55.53361511230469,168370
55.539060831069946,168370
55.54450964927673,168370
55.54993939399719,168370
55.55539321899414,168370
55.560858964920044,168370
55.56630897521973,168370
55.57173228263855,168370
55.57717037200928,168370
55.58265542984009,168370
55.58812952041626,168370
55.59360647201538,168370
55.59914827346802,168370
55.60462474822998,168370
55.610108375549316,168370
55.615578413009644,168370
55.62104034423828,168370
55.626508951187134,168370
55.63197636604309,168370
55.63749027252197,168370
55.64296269416809,168370
55.64843678474426,168370
55.653913259506226,168370
55.6593976020813,168370
55.66486883163452,168370
55.67035269737244,168370
55.675885915756226,168370
55.68135094642639,168370
55.686835289001465,168370
55.692302942276,168370
55.69776463508606,168370
55.70324468612671,168370
55.70871567726135,168370
55.71423292160034,168370
55.71968460083008,168370
55.72516369819641,168370
55.73062443733215,168370
55.73610734939575,168370
55.74158573150635,168370
55.74707078933716,168370
55.75261330604553,168370
55.758090019226074,168370
55.763564586639404,168370
55.76904106140137,168370
55.77452635765076,168370
55.779995918273926,168370
55.785484075546265,168370
55.79100227355957,168370
55.796491861343384,168370
55.80195736885071,168370
55.80748724937439,168370
55.81302499771118,168370
55.81855630874634,168370
55.82409620285034,168370
55.82966446876526,168370
55.835205078125,168370
55.840731143951416,168370
55.84627556800842,168370
55.85179948806763,168370
55.85733938217163,168370
55.86286473274231,168370
55.86845564842224,168370
55.87399697303772,168370
55.879534006118774,168370
55.88508749008179,168370
55.89062237739563,168370
55.896167516708374,168370
55.901697397232056,168370
55.907259464263916,168370
55.91279983520508,168370
55.91834282875061,168370
55.92387270927429,168370
55.92940092086792,168370
55.934938192367554,168370
55.94048309326172,168370
55.94606065750122,168370
55.95128130912781,168370
55.956355571746826,168370
55.96141982078552,168370
55.96648693084717,168370
55.97154235839844,168370
55.976603507995605,168370
55.98165321350098,168370
55.9867057800293,168370
55.99175786972046,168370
55.99683094024658,168370
56.00188946723938,168370
56.0069260597229,168370
56.01197648048401,168370
56.017045974731445,168370
56.02211332321167,168370
56.027164936065674,168370
56.03222870826721,168370
56.03728246688843,168370
56.042344093322754,168370
56.04738903045654,168370
56.052449226379395,168370
56.05749726295471,168370
56.06255483627319,168370
56.06760001182556,168370
56.072656869888306,168370
56.07770824432373,168370
56.082762718200684,168370
56.08781147003174,168370
56.09286642074585,168370
56.09792757034302,168370
56.10300016403198,168370
56.10806894302368,168370
56.11313033103943,168370
56.118186235427856,168370
56.1232533454895,168370
56.12830114364624,168370
56.133360624313354,168370
56.13840842247009,168370
56.14346957206726,168370
56.1485071182251,168370
56.15357732772827,168370
56.15862679481506,168370
56.163681745529175,168370
56.16872549057007,168370
56.17378616333008,168370
56.17883610725403,168370
56.183892011642456,168370
56.188944816589355,168370
56.194000244140625,168370
56.19905424118042,168370
56.204110622406006,168370
56.2091588973999,168370
56.21420645713806,168370
56.21925759315491,168370
56.2243230342865,168370
56.22937321662903,168370
56.234429359436035,168370
56.23949670791626,168370
56.24456596374512,168370
56.249613523483276,168370
56.25467014312744,168370
56.25971508026123,168370
56.26477527618408,168370
56.26982402801514,168370
56.274898290634155,168370
56.279950857162476,168370
56.285024881362915,168370
56.29008078575134,168370
56.295148611068726,168370
56.300199031829834,168370
56.30525207519531,168370
56.310301542282104,168370
56.31538677215576,168370
56.32046055793762,168370
56.32552695274353,168370
56.33058142662048,168370
56.3356351852417,168370
56.34069061279297,168370
56.34575128555298,168370
56.350804805755615,168370
56.355881214141846,168370
56.36093211174011,168370
56.36599159240723,168370
56.371042251586914,168370
56.37613224983215,168370
56.38118600845337,168370
56.386247873306274,168370
56.39128351211548,168370
56.39634585380554,168370
56.40139412879944,168370
56.406458139419556,168370
56.411505699157715,168370
56.41656422615051,168370
56.4216103553772,168370
56.4266631603241,168370
56.43172836303711,168370
56.43678402900696,168370
56.44183278083801,168370
56.446885108947754,168370
56.45192837715149,168370
56.45698094367981,168370
56.46204996109009,168370
56.46710658073425,168370
56.47216033935547,168370
56.477211475372314,168370
56.4822678565979,168370
56.487327337265015,168370
56.49238109588623,168370
56.497427225112915,168370
56.50248336791992,168370
56.50752925872803,168370
56.512585163116455,168370
56.51763105392456,168370
56.52268958091736,168370
56.52773904800415,168370
56.532798528671265,168370
56.53784990310669,168370
56.54290223121643,168370
56.547940492630005,168370
56.55300807952881,168370
56.55807828903198,168370
56.563159465789795,168370
56.568206787109375,168370
56.573270320892334,168370
56.57832360267639,168370
56.583391189575195,168370
56.58846735954285,168370
56.59353947639465,168370
56.59860682487488,168370
56.60366106033325,168370
56.608909130096436,168370
56.613974809646606,168370
56.6190345287323,168370
56.62409043312073,168370
56.62913799285889,168370
56.63420653343201,168370
56.639259338378906,168370
56.64432907104492,168370
56.64937973022461,168370
56.65444040298462,168370
56.6594922542572,168370
56.66455149650574,168370
56.66960144042969,168370
56.67467713356018,168370
56.67973470687866,168370
56.684791803359985,168370
56.68982195854187,168370
56.69487476348877,168370
56.69990849494934,168370
56.704975605010986,168370
56.710036754608154,168370
56.71511268615723,168370
56.720173358917236,168370
56.72524952888489,168370
56.73030376434326,168370
56.73537468910217,168370
56.74042582511902,168370
56.745490074157715,168370
56.75054049491882,168370
56.755603313446045,168370
56.760648012161255,168370
56.765708684921265,168370
56.77075791358948,168370
56.775824546813965,168370
56.780877351760864,168370
56.785940647125244,168370
56.79098463058472,168370
56.7960524559021,168370
56.801100969314575,168370
56.8061637878418,168370
56.81122136116028,168370
56.81627535820007,168370
56.821327209472656,168370
56.826388120651245,168370
56.83143758773804,168370
56.836507081985474,168370
56.84157729148865,168370
56.84663128852844,168370
56.851694107055664,168370
56.85675001144409,168370
56.8617959022522,168370
56.86684727668762,168370
56.87191414833069,168370
56.87698197364807,168370
56.88204336166382,168370
56.88709902763367,168370
56.892160177230835,168370
56.897196531295776,168370
56.90225291252136,168370
56.907304763793945,168370
56.912373542785645,168370
56.91746735572815,168370
56.922528982162476,168370
56.927600383758545,168370
56.932655572891235,168370
56.93857192993164,168370
56.943575859069824,168370
56.9485867023468,168370
56.95361518859863,168370
56.95863890647888,168370
56.963687896728516,168370
56.96869683265686,168370
56.973750591278076,168370
56.97711205482483,168370
56.97992396354675,168370
56.98273849487305,168370
56.98555326461792,168370
56.98838448524475,168370
56.99122619628906,168370
56.99405908584595,168370
56.99686813354492,168370
56.99967050552368,168370
57.00248956680298,168370
57.00530242919922,168370
57.00810956954956,168370
57.01091814041138,168370
57.01373839378357,168370
57.01654553413391,168370
57.01936483383179,168370
57.02217960357666,168370
57.02498173713684,168370
57.0277841091156,168370
57.03059482574463,168370
57.03341197967529,168370
57.03622388839722,168370
57.03902864456177,168370
57.04182410240173,168370
57.04464244842529,168370
57.047455072402954,168370
57.050254821777344,168370
57.0530743598938,168370
57.055874824523926,168370
57.05867290496826,168370
57.06150817871094,168370
57.0643310546875,168370
57.06713652610779,168370
57.069939613342285,168370
57.07273840904236,168370
57.075544357299805,168370
57.078349113464355,168370
57.08115267753601,168370
57.08396077156067,168370
57.08676815032959,168370
57.08957028388977,168370
57.09239196777344,168370
57.09520125389099,168370
57.09800910949707,168370
57.10080885887146,168370
57.103620767593384,168370
57.106425285339355,168370
57.10922813415527,168370
57.11203575134277,168370
57.11483979225159,168370
57.117640018463135,168370
57.12045669555664,168370
57.12327289581299,168370
57.12608242034912,168370
57.12888503074646,168370
57.13168478012085,168370
57.13449239730835,168370
57.13730001449585,168370
57.14009737968445,168370
57.1429009437561,168370
57.14569973945618,168370
57.14851093292236,168370
57.15131092071533,168370
57.154131174087524,168370
57.15692734718323,168370
57.15972352027893,168370
57.16253876686096,168370
57.16534185409546,168370
57.16814613342285,168370
57.17094397544861,168370
57.17375349998474,168370
57.176562786102295,168370
57.17936897277832,168370
57.182183504104614,168370
57.18498468399048,168370
57.18779015541077,168370
57.190593242645264,168370
57.193413734436035,168370
57.196208238601685,168370
57.19900989532471,168370
57.201807498931885,168370
57.20461869239807,168370
57.20741534233093,168370
57.21029877662659,168370
57.21311640739441,168370
57.215914726257324,168370
57.21871733665466,168370
57.22152757644653,168370
57.22434210777283,168370
57.227155685424805,168370
57.2299530506134,168370
57.232759952545166,168370
57.235572814941406,168370
57.23837089538574,168370
57.24118685722351,168370
57.24400043487549,168370
57.246798515319824,168370
57.249595403671265,168370
57.25241017341614,168370
57.25521993637085,168370
57.258015394210815,168370
57.26081681251526,168370
57.263633489608765,168370
57.26643991470337,168370
57.269243240356445,168370
57.272056102752686,168370
57.27484846115112,168370
57.277650594711304,168370
57.28045845031738,168370
57.28327393531799,168370
57.286078453063965,168370
57.28886938095093,168370
57.291670083999634,168370
57.294490575790405,168370
57.2972891330719,168370
57.30009078979492,168370
57.302894830703735,168370
57.305691719055176,168370
57.30850052833557,168370
57.31131625175476,168370
57.31413674354553,168370
57.316932678222656,168370
57.31973218917847,168370
57.3225531578064,168370
57.325366735458374,168370
57.328174352645874,168370
57.330970287323,168370
57.33377146720886,168370
57.336581230163574,168370
57.339383125305176,168370
57.342204093933105,168370
57.345006227493286,168370
57.347811698913574,168370
57.35061717033386,168370
57.353440046310425,168370
57.356242418289185,168370
57.359050989151,168370
57.36183404922485,168370
57.36465358734131,168370
57.36745762825012,168370
57.37026524543762,168370
57.37307548522949,168370
57.37587547302246,168370
57.37867832183838,168370
57.381481409072876,168370
57.3842978477478,168370
57.387109994888306,168370
57.38990259170532,168370
57.392711877822876,168370
57.395512342453,168370
57.3983371257782,168370
57.40115308761597,168370
57.40396523475647,168370
57.40676784515381,168370
57.40957546234131,168370
57.41238760948181,168370
57.415194034576416,168370
57.417989015579224,168370
57.42079472541809,168370
57.4235999584198,168370
57.426409006118774,168370
57.42921185493469,168370
57.432005643844604,168370
57.43481683731079,168370
57.437618255615234,168370
57.440420627593994,168370
57.44323444366455,168370
57.44603109359741,168370
57.448822021484375,168370
57.451619148254395,168370
57.45443940162659,168370
57.45724129676819,168370
57.4600465297699,168370
57.462849140167236,168370
57.46564531326294,168370
57.468443155288696,168370
57.4712553024292,168370
57.47411489486694,168370
57.476940870285034,168370
57.47974491119385,168370
57.48264765739441,168370
57.4854519367218,168370
57.48828125,168370
57.49109601974487,168370
57.493900775909424,168370
57.49670052528381,168370
57.49950289726257,168370
57.502315282821655,168370
57.50513172149658,168370
57.50793266296387,168370
57.51073408126831,168370
57.51354932785034,168370
57.516355991363525,168370
57.519158601760864,168370
57.521963119506836,168370
57.524768352508545,168370
57.52758264541626,168370
57.530386447906494,168370
57.53319835662842,168370
57.53599166870117,168370
57.538796186447144,168370
57.54158926010132,168370
57.54440188407898,168370
57.54720878601074,168370
57.55000877380371,168370
57.5528404712677,168370
57.55564737319946,168370
57.558451414108276,168370
57.56126046180725,168370
57.5640811920166,168370
57.566879987716675,168370
57.569679975509644,168370
57.57250094413757,168370
57.57529854774475,168370
57.578102588653564,168370
57.58090543746948,168370
57.5837128162384,168370
57.58651614189148,168370
57.58932161331177,168370
57.59213066101074,168370
57.59493684768677,168370
57.59773087501526,168370
57.60053372383118,168370
57.60335111618042,168370
57.60617780685425,168370
57.60897636413574,168370
57.611780643463135,168370
57.61459445953369,168370
57.61740183830261,168370
57.620205879211426,168370
57.623023986816406,168370
57.62581658363342,168370
57.62862539291382,168370
57.631427526474,168370
57.63424515724182,168370
57.63705658912659,168370
57.63985013961792,168370
57.64266538619995,168370
57.64547824859619,168370
57.64828705787659,168370
57.65109324455261,168370
57.65389704704285,168370
57.65669631958008,168370
57.65950345993042,168370
57.662317514419556,168370
57.66512870788574,168370
57.66792821884155,168370
57.67072415351868,168370
57.67353677749634,168370
57.67635130882263,168370
57.67915630340576,168370
57.6819543838501,168370
57.68476724624634,168370
57.68757200241089,168370
57.69038724899292,168370
57.69320106506348,168370
57.69600224494934,168370
57.698793172836304,168370
57.70160484313965,168370
57.70442318916321,168370
57.707228899002075,168370
57.710041761398315,168370
57.712849855422974,168370
57.71565270423889,168370
57.718461751937866,168370
57.72126865386963,168370
57.72408604621887,168370
57.72688055038452,168370
57.72968244552612,168370
57.7325005531311,168370
57.73530411720276,168370
57.738107442855835,168370
57.740906715393066,168370
57.74371790885925,168370
57.74652814865112,168370
57.74932932853699,168370
57.75214242935181,168370
57.75494313240051,168370
57.75774264335632,168370
57.760547161102295,168370
57.76336860656738,168370
57.76617693901062,168370
57.76897358894348,168370
57.771775245666504,168370
57.774600982666016,168370
57.777406454086304,168370
57.78021454811096,168370
57.78303050994873,168370
57.785828590393066,168370
57.78862714767456,168370
57.791441440582275,168370
57.79426169395447,168370
57.797078371047974,168370
57.79987668991089,168370
57.80268406867981,168370
57.80549240112305,168370
57.80830121040344,168370
57.8111047744751,168370
57.813915491104126,168370
57.816715478897095,168370
57.81952905654907,168370
57.82234716415405,168370
57.82516407966614,168370
57.827972173690796,168370
57.83076810836792,168370
57.83358454704285,168370
57.83639192581177,168370
57.83919358253479,168370
57.84199237823486,168370
57.844801902770996,168370
57.847612142562866,168370
57.850417137145996,168370
57.85323524475098,168370
57.856038093566895,168370
57.85884094238281,168370
57.861642360687256,168370
57.86446714401245,168370
57.86728382110596,168370
57.87009072303772,168370
57.87289643287659,168370
57.8756959438324,168370
57.87850213050842,168370
57.88130235671997,168370
57.88412308692932,168370
57.886924266815186,168370
57.88971734046936,168370
57.8925416469574,168370
57.89534091949463,168370
57.89814352989197,168370
57.90095281600952,168370
57.90376901626587,168370
57.906575441360474,168370
57.909384965896606,168370
57.912200689315796,168370
57.91500282287598,168370
57.91784954071045,168370
57.920653343200684,168370
57.92347288131714,168370
57.92627692222595,168370
57.929086446762085,168370
57.93188405036926,168370
57.93469190597534,168370
57.937504529953,168370
57.94077491760254,168370
57.9436297416687,168370
57.94645428657532,168370
57.949273109436035,168370
57.95211100578308,168370
57.95490837097168,168370
57.957709312438965,168370
57.96051383018494,168370
57.96333193778992,168370
57.96614217758179,168370
57.96893906593323,168370
57.97173285484314,168370
57.9745454788208,168370
57.97735285758972,168370
57.980156898498535,168370
57.98296785354614,168370
57.98576855659485,168370
57.98857617378235,168370
57.99138021469116,168370
57.99419903755188,168370
57.996989250183105,168370
57.9997820854187,168370
58.002591371536255,168370
58.005399227142334,168370
58.008200883865356,168370
58.010998249053955,168370
58.01380681991577,168370
58.016608238220215,168370
58.019408226013184,168370
58.02222752571106,168370
58.025031089782715,168370
58.02783155441284,168370
58.030632734298706,168370
58.03345561027527,168370
58.03626203536987,168370
58.03906750679016,168370
58.041855812072754,168370
58.044660806655884,168370
58.04746413230896,168370
58.05026364326477,168370
58.05307483673096,168370
58.05586910247803,168370
58.05866861343384,168370
58.06147813796997,168370
58.064290285110474,168370
58.067097425460815,168370
58.06989598274231,168370
58.07269787788391,168370
58.075504541397095,168370
58.07831287384033,168370
58.081122159957886,168370
58.08393883705139,168370
58.08673644065857,168370
58.089540004730225,168370
58.092358112335205,168370
58.09516477584839,168370
58.09796118736267,168370
58.100762128829956,168370
58.1035737991333,168370
58.10637807846069,168370
58.10918474197388,168370
58.11198925971985,168370
58.11480164527893,168370
58.117603063583374,168370
58.12041211128235,168370
58.123228788375854,168370
58.12602949142456,168370
58.12882423400879,168370
58.13161873817444,168370
58.13444113731384,168370
58.13725233078003,168370
58.14006161689758,168370
58.14286780357361,168370
58.145676612854004,168370
58.148481130599976,168370
58.15129113197327,168370
58.154104232788086,168370
58.15689659118652,168370
58.15969705581665,168370
58.16251182556152,168370
58.16531991958618,168370
58.168129444122314,168370
58.17093062400818,168370
58.173744916915894,168370
58.17654728889465,168370
58.17935919761658,168370
58.18217992782593,168370
58.1849799156189,168370
58.18778872489929,168370
58.19058680534363,168370
58.19340133666992,168370
58.19621443748474,168370
58.19901490211487,168370
58.20181584358215,168370
58.20462703704834,168370
58.20742869377136,168370
58.21023440361023,168370
58.21304941177368,168370
58.21584606170654,168370
58.21864628791809,168370
58.22145366668701,168370
58.224276542663574,168370
58.22708511352539,168370
58.22988271713257,168370
58.232691526412964,168370
58.23549175262451,168370
58.238295793533325,168370
58.241098403930664,168370
58.2439022064209,168370
58.24669909477234,168370
58.249507665634155,168370
58.252328395843506,168370
58.25513219833374,168370
58.25793099403381,168370
58.260735273361206,168370
58.26355314254761,168370
58.266356468200684,168370
58.269163608551025,168370
58.27195882797241,168370
58.27476382255554,168370
58.277565479278564,168370
58.28036904335022,168370
58.28318524360657,168370
58.28597855567932,168370
58.288782358169556,168370
58.29158687591553,168370
58.2944073677063,168370
58.29723286628723,168370
58.300037145614624,168370
58.30283856391907,168370
58.305641651153564,168370
58.308449029922485,168370
58.31124830245972,168370
58.31406497955322,168370
58.31685256958008,168370
58.319647789001465,168370
58.32245445251465,168370
58.32526111602783,168370
58.328060150146484,168370
58.33085536956787,168370
58.33366584777832,168370
58.3364782333374,168370
58.33928442001343,168370
58.34209990501404,168370
58.34489107131958,168370
58.34769058227539,168370
58.35049295425415,168370
58.35330629348755,168370
58.356109619140625,168370
58.3589084148407,168370
58.36170411109924,168370
58.36452603340149,168370
58.367329835891724,168370
58.37013053894043,168370
58.3729350566864,168370
58.37572932243347,168370
58.3785297870636,168370
58.38133358955383,168370
58.384148836135864,168370
58.38694906234741,168370
58.389750957489014,168370
58.39257097244263,168370
58.39537954330444,168370
58.3981831073761,168370
58.40098452568054,168370
58.40379333496094,168370
58.40659308433533,168370
58.409398794174194,168370
58.412206172943115,168370
58.41500926017761,168370
58.41780686378479,168370
58.420615434646606,168370
58.42342805862427,168370
58.42622947692871,168370
58.4290292263031,168370
58.43182682991028,168370
58.43463850021362,168370
58.43744468688965,168370
58.44024395942688,168370
58.44306468963623,168370
58.44585108757019,168370
58.44868183135986,168370
58.45158624649048,168370
58.45440340042114,168370
58.45721077919006,168370
58.46001386642456,168370
58.46282339096069,168370
58.46562600135803,168370
58.46843147277832,168370
58.47123146057129,168370
58.47404956817627,168370
58.47683811187744,168370
58.479628801345825,168370
58.48244047164917,168370
58.485246658325195,168370
58.488065004348755,168370
58.490861654281616,168370
58.49367594718933,168370
58.49648141860962,168370
58.49928879737854,168370
58.502100467681885,168370
58.50490736961365,168370
58.50770902633667,168370
58.51051640510559,168370
58.51332426071167,168370
58.516135931015015,168370
58.51893448829651,168370
58.52173042297363,168370
58.52455019950867,168370
58.52736020088196,168370
58.53016519546509,168370
58.53297972679138,168370
58.535783767700195,168370
58.53858518600464,168370
58.54139304161072,168370
58.54421043395996,168370
58.54701066017151,168370
58.549803256988525,168370
58.55265522003174,168370
58.55546522140503,168370
58.55827450752258,168370
58.561079025268555,168370
58.563884258270264,168370
58.56669092178345,168370
58.56949305534363,168370
58.57231163978577,168370
58.57511925697327,168370
58.57792520523071,168370
58.58071947097778,168370
58.58353352546692,168370
58.586344957351685,168370
58.58915138244629,168370
58.59195399284363,168370
58.59477114677429,168370
58.59756946563721,168370
58.600374698638916,168370
58.60318875312805,168370
58.60599493980408,168370
58.60898494720459,168370
58.61177968978882,168370
58.614588499069214,168370
58.61739659309387,168370
58.62019944190979,168370
58.62300109863281,168370
58.625794649124146,168370
58.628599643707275,168370
58.631404399871826,168370
58.63423037528992,168370
58.637024879455566,168370
58.63981747627258,168370
58.6426260471344,168370
58.64543104171753,168370
58.648231983184814,168370
58.65103459358215,168370
58.65383195877075,168370
58.656630516052246,168370
58.65942859649658,168370
58.66224408149719,168370
58.66505193710327,168370
58.66784739494324,168370
58.670647382736206,168370
58.67346143722534,168370
58.67625904083252,168370
58.679064989089966,168370
58.681851863861084,168370
58.68466639518738,168370
58.68746376037598,168370
58.690269947052,168370
58.69308423995972,168370
58.69587540626526,168370
58.69867444038391,168370
58.701480865478516,168370
58.70429491996765,168370
58.70709252357483,168370
58.709885597229004,168370
58.71269130706787,168370
58.715492248535156,168370
58.71830153465271,168370
58.72110438346863,168370
58.7239191532135,168370
58.72671699523926,168370
58.72952151298523,168370
58.7323362827301,168370
58.73514199256897,168370
58.73793888092041,168370
58.74073338508606,168370
58.74355173110962,168370
58.746360778808594,168370
58.749167919158936,168370
58.75196814537048,168370
58.754772424697876,168370
58.75757193565369,168370
58.76038146018982,168370
58.763203859329224,168370
58.7660026550293,168370
58.76880359649658,168370
58.771615505218506,168370
58.77443075180054,168370
58.77722787857056,168370
58.780028343200684,168370
58.782832860946655,168370
58.7856388092041,168370
58.7884464263916,168370
58.79125785827637,168370
58.79407787322998,168370
58.79687166213989,168370
58.799670457839966,168370
58.80248522758484,168370
58.80528545379639,168370
58.80809283256531,168370
58.810890913009644,168370
58.81370162963867,168370
58.81650424003601,168370
58.819310903549194,168370
58.82212162017822,168370
58.8249237537384,168370
58.827720165252686,168370
58.83052587509155,168370
58.83333110809326,168370
58.83613967895508,168370
58.83893918991089,168370
58.84174084663391,168370
58.84455728530884,168370
58.847360372543335,168370
58.85016417503357,168370
58.85297441482544,168370
58.85577392578125,168370
58.85857582092285,168370
58.86137795448303,168370
58.86419677734375,168370
58.86698794364929,168370
58.86979126930237,168370
58.872599363327026,168370
58.875403881073,168370
58.8782057762146,168370
58.88100576400757,168370
58.88381481170654,168370
58.88662600517273,168370
58.88942265510559,168370
58.89223837852478,168370
58.89508128166199,168370
58.89788269996643,168370
58.90069007873535,168370
58.903510332107544,168370
58.9063196182251,168370
58.90912199020386,168370
58.91191577911377,168370
58.914716482162476,168370
58.91756200790405,168370
58.92037272453308,168370
58.9231915473938,168370
58.92599010467529,168370
58.928789138793945,168370
58.93161106109619,168370
58.9344265460968,168370
58.937232971191406,168370
58.940514087677,168370
58.94335746765137,168370
58.94618511199951,168370
58.94901394844055,168370
58.95181941986084,168370
58.95463156700134,168370
58.95744442939758,168370
58.960256814956665,168370
58.963083028793335,168370
58.96587514877319,168370
58.96867918968201,168370
58.97149395942688,168370
58.97430729866028,168370
58.9771089553833,168370
58.979900598526,168370
58.982702016830444,168370
58.98551082611084,168370
58.98832559585571,168370
58.991130352020264,168370
58.99393606185913,168370
58.996742963790894,168370
58.9995493888855,168370
59.00236701965332,168370
59.00517654418945,168370
59.00796914100647,168370
59.010775327682495,168370
59.01358652114868,168370
59.016385316848755,168370
59.01919412612915,168370
59.0219931602478,168370
59.02480220794678,168370
59.02760362625122,168370
59.03041458129883,168370
59.033233404159546,168370
59.03603792190552,168370
59.038830518722534,168370
59.04163455963135,168370
59.04444718360901,168370
59.04725193977356,168370
59.05004954338074,168370
59.05285143852234,168370
59.05565118789673,168370
59.05845904350281,168370
59.06126260757446,168370
59.064080238342285,168370
59.06688046455383,168370
59.0696816444397,168370
59.07249641418457,168370
59.07530212402344,168370
59.07810378074646,168370
59.08089828491211,168370
59.08370566368103,168370
59.08650875091553,168370
59.08932638168335,168370
59.092143058776855,168370
59.09494733810425,168370
59.09774422645569,168370
59.10055136680603,168370
59.103360414505005,168370
59.10617446899414,168370
59.1089723110199,168370
59.11176919937134,168370
59.11458420753479,168370
59.117390871047974,168370
59.12019634246826,168370
59.123008251190186,168370
59.12580633163452,168370
59.12860369682312,168370
59.13140654563904,168370
59.1342236995697,168370
59.137024879455566,168370
59.13981890678406,168370
59.142616271972656,168370
59.145423889160156,168370
59.14822816848755,168370
59.1510283946991,168370
59.15382981300354,168370
59.15663981437683,168370
59.15944290161133,168370
59.162259101867676,168370
59.16506910324097,168370
59.1678569316864,168370
59.17066264152527,168370
59.1734836101532,168370
59.17628479003906,168370
59.17908978462219,168370
59.18188166618347,168370
59.184693813323975,168370
59.187493324279785,168370
59.1903018951416,168370
59.193113565444946,168370
59.1959171295166,168370
59.19871234893799,168370
59.20151424407959,168370
59.20433163642883,168370
59.20713782310486,168370
59.20993518829346,168370
59.212740659713745,168370
59.21554732322693,168370
59.21836280822754,168370
59.22116541862488,168370
59.22398376464844,168370
59.22678518295288,168370
59.2295880317688,168370
59.23240566253662,168370
59.2352135181427,168370
59.23801231384277,168370
59.24080944061279,168370
59.24362587928772,168370
59.246426820755005,168370
59.249231576919556,168370
59.25204586982727,168370
59.25483822822571,168370
59.257643699645996,168370
59.260441064834595,168370
59.26325249671936,168370
59.26605844497681,168370
59.26884913444519,168370
59.27164936065674,168370
59.27446889877319,168370
59.2772741317749,168370
59.280080795288086,168370
59.28288507461548,168370
59.285688161849976,168370
59.28848719596863,168370
59.2912917137146,168370
59.2941107749939,168370
59.29690718650818,168370
59.29970693588257,168370
59.302518129348755,168370
59.30531883239746,168370
59.30812120437622,168370
59.31091928482056,168370
59.31372427940369,168370
59.316526651382446,168370
59.31933617591858,168370
59.322152614593506,168370
59.32494926452637,168370
59.32775115966797,168370
59.33056569099426,168370
59.333393573760986,168370
59.33619785308838,168370
59.33899164199829,168370
59.34179759025574,168370
59.34460949897766,168370
59.347421646118164,168370
59.3502299785614,168370
59.353044509887695,168370
59.35583567619324,168370
59.35864877700806,168370
59.36145257949829,168370
59.36427593231201,168370
59.36707901954651,168370
59.36987614631653,168370
59.37268781661987,168370
59.37549662590027,168370
59.3783061504364,168370
59.381107807159424,168370
59.38391470909119,168370
59.386709213256836,168370
59.38952136039734,168370
59.392334938049316,168370
59.39513278007507,168370
59.39796304702759,168370
59.40079188346863,168370
59.40363168716431,168370
59.40643811225891,168370
59.40924286842346,168370
59.41205430030823,168370
59.41485857963562,168370
59.41766667366028,168370
59.42047595977783,168370
59.42329406738281,168370
59.42611217498779,168370
59.42890548706055,168370
59.431705951690674,168370
59.43453025817871,168370
59.43733310699463,168370
59.44014286994934,168370
59.442960023880005,168370
59.445762157440186,168370
59.44856667518616,168370
59.45137286186218,168370
59.454190492630005,168370
59.4569878578186,168370
59.45979905128479,168370
59.46261715888977,168370
59.46541619300842,168370
59.46822261810303,168370
59.471028327941895,168370
59.473833322525024,168370
59.47664451599121,168370
59.479451417922974,168370
59.48226618766785,168370
59.485077142715454,168370
59.48787474632263,168370
59.490681886672974,168370
59.493494749069214,168370
59.4963014125824,168370
59.49910545349121,168370
59.501906633377075,168370
59.50472354888916,168370
59.50753355026245,168370
59.51034212112427,168370
59.513155937194824,168370
59.51595687866211,168370
59.518754720687866,168370
59.52156138420105,168370
59.52444076538086,168370
59.527241945266724,168370
59.53006291389465,168370
59.53292441368103,168370
59.53572463989258,168370
59.53853631019592,168370
59.541340827941895,168370
59.544159173965454,168370
59.54697823524475,168370
59.549781799316406,168370
59.55262613296509,168370
59.555434465408325,168370
59.55823230743408,168370
59.561036586761475,168370
59.56383442878723,168370
59.566632986068726,168370
59.56943202018738,168370
59.572245597839355,168370
59.575048208236694,168370
59.577841997146606,168370
59.580634117126465,168370
59.58344340324402,168370
59.58625340461731,168370
59.58905911445618,168370
59.59185552597046,168370
59.59467530250549,168370
59.59748315811157,168370
59.60029458999634,168370
59.603116273880005,168370
59.60592865943909,168370
59.608722448349,168370
59.61152219772339,168370
59.61433458328247,168370
59.61714315414429,168370
59.61993360519409,168370
59.62273335456848,168370
59.62553691864014,168370
59.62834620475769,168370
59.63115310668945,168370
59.63396739959717,168370
59.636765003204346,168370
59.63956332206726,168370
59.64237380027771,168370
59.6451849937439,168370
59.647976875305176,168370
59.65078163146973,168370
59.653597354888916,168370
59.65640330314636,168370
59.659213066101074,168370
59.66201090812683,168370
59.664819955825806,168370
59.667625427246094,168370
59.67043685913086,168370
59.67325496673584,168370
59.676056146621704,168370
59.67885375022888,168370
59.68165063858032,168370
59.68446969985962,168370
59.68727445602417,168370
59.690072774887085,168370
59.692874908447266,168370
59.69567275047302,168370
59.69847130775452,168370
59.70127511024475,168370
59.704087257385254,168370
59.70689058303833,168370
59.70968508720398,168370
59.712499380111694,168370
59.71530342102051,168370
59.7181077003479,168370
59.72090196609497,168370
59.72372055053711,168370
59.72652339935303,168370
59.72933602333069,168370
59.73214554786682,168370
59.734946727752686,168370
59.73775053024292,168370
59.740561723709106,168370
59.74337697029114,168370
59.746187925338745,168370
59.74898552894592,168370
59.75178146362305,168370
59.75458645820618,168370
59.75739145278931,168370
59.76019906997681,168370
59.763012170791626,168370
59.765809774398804,168370
59.76861524581909,168370
59.77141499519348,168370
59.77423548698425,168370
59.77704215049744,168370
59.77984309196472,168370
59.782652616500854,168370
59.785462856292725,168370
59.78827476501465,168370
59.791088819503784,168370
59.79389691352844,168370
59.79670214653015,168370
59.799503564834595,168370
59.802314043045044,168370
59.80512046813965,168370
59.8079195022583,168370
59.81071758270264,168370
59.813539028167725,168370
59.816344261169434,168370
59.81915330886841,168370
59.821951389312744,168370
59.82476568222046,168370
59.82757902145386,168370
59.83038377761841,168370
59.833197355270386,168370
59.83599615097046,168370
59.83879637718201,168370
59.84160256385803,168370
59.844417572021484,168370
59.84722399711609,168370
59.85003185272217,168370
59.85282635688782,168370
59.8556272983551,168370
59.85842704772949,168370
59.86122727394104,168370
59.86404514312744,168370
59.866844177246094,168370
59.86964988708496,168370
59.87246870994568,168370
59.87527060508728,168370
59.87806987762451,168370
59.880863666534424,168370
59.883679151535034,168370
59.88648843765259,168370
59.889288902282715,168370
59.89210295677185,168370
59.89490604400635,168370
59.89771246910095,168370
59.9005081653595,168370
59.903332471847534,168370
59.906142234802246,168370
59.90894031524658,168370
59.911739349365234,168370
59.91455817222595,168370
59.91740846633911,168370
59.92022228240967,168370
59.92304444313049,168370
59.92584681510925,168370
59.92864441871643,168370
59.93145394325256,168370
59.93427753448486,168370
59.937087297439575,168370
59.94024872779846,168370
59.9432418346405,168370
59.94607710838318,168370
59.94888615608215,168370
59.951727628707886,168370
59.95455551147461,168370
59.957366943359375,168370
59.960179567337036,168370
59.9629921913147,168370
59.965797662734985,168370
59.9686017036438,168370
59.97140717506409,168370
59.97422742843628,168370
59.977036476135254,168370
59.979830503463745,168370
59.982653856277466,168370
59.98545551300049,168370
59.98826241493225,168370
59.99106693267822,168370
59.993868350982666,168370
59.99667000770569,168370
59.99951124191284,168370
60.0023455619812,168370
60.00517678260803,168370
60.007978439331055,168370
60.01078701019287,168370
60.01360034942627,168370
60.01641082763672,168370
60.01921534538269,168370
60.022013664245605,168370
60.02482795715332,168370
60.02763772010803,168370
60.0304434299469,168370
60.03326773643494,168370
60.03607702255249,168370
60.03887438774109,168370
60.041682958602905,168370
60.044509410858154,168370
60.047311782836914,168370
60.05012273788452,168370
60.05292820930481,168370
60.055731773376465,168370
60.05853533744812,168370
60.06134486198425,168370
60.06415939331055,168370
60.06695914268494,168370
60.06976103782654,168370
60.07260870933533,168370
60.0754451751709,168370
60.0782527923584,168370
60.0810661315918,168370
60.08387279510498,168370
60.08667707443237,168370
60.089483976364136,168370
60.09230637550354,168370
60.095107555389404,168370
60.09790062904358,168370
60.10071110725403,168370
60.10352659225464,168370
60.10633087158203,168370
60.109126806259155,168370
60.11192584037781,168370
60.114731788635254,168370
60.1175434589386,168370
60.12035298347473,168370
60.12316942214966,168370
60.12596559524536,168370
60.128756523132324,168370
60.13155674934387,168370
60.134382009506226,168370
60.13719034194946,168370
60.14003229141235,168370
60.142852783203125,168370
60.14568376541138,168370
60.148499965667725,168370
60.151317834854126,168370
60.15413856506348,168370
60.15694618225098,168370
60.159743309020996,168370
60.162556648254395,168370
60.165366888046265,168370
60.168182373046875,168370
60.170981645584106,168370
60.173794984817505,168370
60.17660188674927,168370
60.17941188812256,168370
60.182231187820435,168370
60.18504190444946,168370
60.18783378601074,168370
60.19063401222229,168370
60.19344925880432,168370
60.19625687599182,168370
60.199063301086426,168370
60.20185899734497,168370
60.20466876029968,168370
60.207475423812866,168370
60.21027398109436,168370
60.21308207511902,168370
60.21587300300598,168370
60.218679904937744,168370
60.22148418426514,168370
60.22429895401001,168370
60.22710561752319,168370
60.22989845275879,168370
60.232704162597656,168370
60.235506534576416,168370
60.238308906555176,168370
60.241111040115356,168370
60.24392342567444,168370
60.246721506118774,168370
60.24952816963196,168370
60.252339124679565,168370
60.25514101982117,168370
60.25793933868408,168370
60.260730028152466,168370
60.263548135757446,168370
60.26634931564331,168370
60.26915144920349,168370
60.271947622299194,168370
60.27475881576538,168370
60.27755618095398,168370
60.280354022979736,168370
60.28317356109619,168370
60.28597378730774,168370
60.288771629333496,168370
60.29156827926636,168370
60.29438257217407,168370
60.297189712524414,168370
60.29998731613159,168370
60.30279994010925,168370
60.305596351623535,168370
60.308401584625244,168370
60.31120014190674,168370
60.31400465965271,168370
60.31680369377136,168370
60.31961131095886,168370
60.322418212890625,168370
60.32522749900818,168370
60.3280291557312,168370
60.33082461357117,168370
60.33363747596741,168370
60.33643555641174,168370
60.33923864364624,168370
60.34205746650696,168370
60.34484839439392,168370
60.34764266014099,168370
60.35044622421265,168370
60.35326385498047,168370
60.35607051849365,168370
60.358864545822144,168370
60.361658811569214,168370
60.36446475982666,168370
60.36727333068848,168370
60.370075941085815,168370
60.372878551483154,168370
60.37568020820618,168370
60.37847852706909,168370
60.38128185272217,168370
60.38409900665283,168370
60.38689422607422,168370
60.38969302177429,168370
60.39250183105469,168370
60.39530110359192,168370
60.39810514450073,168370
60.400906562805176,168370
60.403724193573,168370
60.406527042388916,168370
60.40933012962341,168370
60.41214203834534,168370
60.41494369506836,168370
60.417741537094116,168370
60.42054843902588,168370
60.42336988449097,168370
60.426185846328735,168370
60.42898154258728,168370
60.431782722473145,168370
60.43459463119507,168370
60.43740272521973,168370
60.44020700454712,168370
60.44302535057068,168370
60.44581985473633,168370
60.44862461090088,168370
60.45142316818237,168370
60.45424509048462,168370
60.45704627037048,168370
60.45984101295471,168370
60.4626522064209,168370
60.46545362472534,168370
60.4682559967041,168370
60.47106432914734,168370
60.47386837005615,168370
60.47666335105896,168370
60.47949743270874,168370
60.48234462738037,168370
60.485167264938354,168370
60.48797130584717,168370
60.49077296257019,168370
60.4935986995697,168370
60.496405839920044,168370
60.49921131134033,168370
60.502004623413086,168370
60.50481605529785,168370
60.50761961936951,168370
60.510424852371216,168370
60.513243436813354,168370
60.51604461669922,168370
60.518839836120605,168370
60.521647214889526,168370
60.524460554122925,168370
60.5272650718689,168370
60.53007125854492,168370
60.53287672996521,168370
60.53567886352539,168370
60.5384795665741,168370
60.54128074645996,168370
60.54409337043762,168370
60.54688787460327,168370
60.54967927932739,168370
60.55252552032471,168370
60.55534529685974,168370
60.558151721954346,168370
60.5609495639801,168370
60.56375503540039,168370
60.5665647983551,168370
60.56936430931091,168370
60.572185754776,168370
60.57498502731323,168370
60.577791929244995,168370
60.58059573173523,168370
60.583412170410156,168370
60.58621335029602,168370
60.58902382850647,168370
60.59181189537048,168370
60.59462237358093,168370
60.597429513931274,168370
60.600236654281616,168370
60.6030387878418,168370
60.60584759712219,168370
60.60883069038391,168370
60.61163663864136,168370
60.61445927619934,168370
60.61726951599121,168370
60.62007212638855,168370
60.62288045883179,168370
60.62568020820618,168370
60.6284875869751,168370
60.63129162788391,168370
60.634111404418945,168370
60.636900901794434,168370
60.639705419540405,168370
60.642515897750854,168370
60.64531755447388,168370
60.64812254905701,168370
60.650922536849976,168370
60.65372943878174,168370
60.65654230117798,168370
60.659348011016846,168370
60.66216206550598,168370
60.66496229171753,168370
60.66776728630066,168370
60.67057275772095,168370
60.673391342163086,168370
60.67619037628174,168370
60.6789824962616,168370
60.681790828704834,168370
60.68460965156555,168370
60.68740463256836,168370
60.690207958221436,168370
60.693004846572876,168370
60.69579720497131,168370
60.69860005378723,168370
60.70139932632446,168370
60.70420861244202,168370
60.707014322280884,168370
60.70981168746948,168370
60.71261692047119,168370
60.715418338775635,168370
60.71824312210083,168370
60.72105073928833,168370
60.723864793777466,168370
60.726659297943115,168370
60.72945713996887,168370
60.73227119445801,168370
60.73507356643677,168370
60.73786664009094,168370
60.74067044258118,168370
60.74347710609436,168370
60.74628663063049,168370
60.7490918636322,168370
60.75189185142517,168370
60.75469923019409,168370
60.7575044631958,168370
60.760305404663086,168370
60.76311993598938,168370
60.76592230796814,168370
60.76872229576111,168370
60.7715277671814,168370
60.77434754371643,168370
60.777156352996826,168370
60.77995419502258,168370
60.78276300430298,168370
60.78556847572327,168370
60.78837060928345,168370
60.79117679595947,168370
60.7939829826355,168370
60.79678130149841,168370
60.799582719802856,168370
60.8024001121521,168370
60.80520820617676,168370
60.80801010131836,168370
60.81080985069275,168370
60.81362795829773,168370
60.816433906555176,168370
60.819233894348145,168370
60.82204627990723,168370
60.8248405456543,168370
60.827638387680054,168370
60.83043909072876,168370
60.833251953125,168370
60.83605170249939,168370
60.83884000778198,168370
60.84164094924927,168370
60.84446048736572,168370
60.847265005111694,168370
60.850072383880615,168370
60.85287070274353,168370
60.85567235946655,168370
60.85847020149231,168370
60.861273765563965,168370
60.864097595214844,168370
60.8668954372406,168370
60.86968755722046,168370
60.872498750686646,168370
60.87530183792114,168370
60.878111124038696,168370
60.880903005599976,168370
60.88371157646179,168370
60.88651919364929,168370
60.88931918144226,168370
60.892144441604614,168370
60.894941329956055,168370
60.89773631095886,168370
60.900538206100464,168370
60.903348445892334,168370
60.9061484336853,168370
60.90894865989685,168370
60.911741495132446,168370
60.914555311203,168370
60.91740155220032,168370
60.920207262039185,168370
60.92301630973816,168370
60.92581915855408,168370
60.92862606048584,168370
60.93143343925476,168370
60.93425488471985,168370
60.93706297874451,168370
60.93985629081726,168370
60.94316792488098,168370
60.94600820541382,168370
60.94883990287781,168370
60.95166563987732,168370
60.95447635650635,168370
60.95728373527527,168370
60.9600989818573,168370
60.96290469169617,168370
60.965712547302246,168370
60.968523025512695,168370
60.971330642700195,168370
60.97414445877075,168370
60.97696805000305,168370
60.979782581329346,168370
60.98259139060974,168370
60.98541283607483,168370
60.988247871398926,168370
60.991093158721924,168370
60.9961051940918,168370
61.00110340118408,168370
61.00614070892334,168370
61.01118874549866,168370
61.01628875732422,168370
61.02136182785034,168370
61.0264618396759,168370
61.03153944015503,168370
61.03663492202759,168370
61.041715145111084,168370
61.04680109024048,168370
61.051873207092285,168370
61.05696725845337,168370
61.06206178665161,168370
61.067143201828,168370
61.07222533226013,168370
61.077295780181885,168370
61.082377433776855,168370
61.087435722351074,168370
61.09250092506409,168370
61.09755873680115,168370
61.10263419151306,168370
61.107685565948486,168370
61.1127610206604,168370
61.11781072616577,168370
61.122862339019775,168370
61.127909421920776,168370
61.13297128677368,168370
61.138028144836426,168370
61.143088817596436,168370
61.1481397151947,168370
61.15320944786072,168370
61.15826344490051,168370
61.163328886032104,168370
61.16838359832764,168370
61.173439741134644,168370
61.17850112915039,168370
61.18356657028198,168370
61.188631772994995,168370
61.1936891078949,168370
61.19873833656311,168370
61.203800439834595,168370
61.208858013153076,168370
61.21391248703003,168370
61.218971490859985,168370
61.224037408828735,168370
61.22909379005432,168370
61.234180212020874,168370
61.23924779891968,168370
61.24430990219116,168370
61.24937057495117,168370
61.25443148612976,168370
61.25948166847229,168370
61.26453876495361,168370
61.269580602645874,168370
61.27463746070862,168370
61.279693365097046,168370
61.28474044799805,168370
61.28979516029358,168370
61.294856786727905,168370
61.299896478652954,168370
61.304956912994385,168370
61.31000876426697,168370
61.31508445739746,168370
61.320146322250366,168370
61.32521414756775,168370
61.330259799957275,168370
61.335323333740234,168370
61.340370893478394,168370
61.34542632102966,168370
61.35047912597656,168370
61.355550050735474,168370
61.36060881614685,168370
61.36568260192871,168370
61.37072992324829,168370
61.375781536102295,168370
61.38084936141968,168370
61.38592314720154,168370
61.39095497131348,168370
61.39601516723633,168370
61.40107345581055,168370
61.4061279296875,168370
61.41117310523987,168370
61.41623139381409,168370
61.4212806224823,168370
61.426337003707886,168370
61.43140172958374,168370
61.436463594436646,168370
61.44151997566223,168370
61.44659233093262,168370
61.45164227485657,168370
61.45670509338379,168370
61.461759090423584,168370
61.46681213378906,168370
61.47187614440918,168370
61.476945638656616,168370
61.481998443603516,168370
61.487072229385376,168370
61.49213671684265,168370
61.497188568115234,168370
61.5022668838501,168370
61.507333517074585,168370
61.51239013671875,168370
61.51744747161865,168370
61.522505044937134,168370
61.527552366256714,168370
61.53264284133911,168370
61.5376935005188,168370
61.54275131225586,168370
61.547802448272705,168370
61.552860736846924,168370
61.55790138244629,168370
61.56295967102051,168370
61.56800055503845,168370
61.57307958602905,168370
61.57817721366882,168370
61.58324980735779,168370
61.588319540023804,168370
61.59339785575867,168370
61.59845781326294,168370
61.603535175323486,168370
61.608588457107544,168370
61.61364412307739,168370
61.618688106536865,168370
61.623743534088135,168370
61.62878942489624,168370
61.63385081291199,168370
61.63890194892883,168370
61.64395570755005,168370
61.64899945259094,168370
61.65405750274658,168370
61.6591100692749,168370
61.66417098045349,168370
61.66921949386597,168370
61.67428016662598,168370
61.67934203147888,168370
61.68440079689026,168370
61.6894588470459,168370
61.6945116519928,168370
61.69956016540527,168370
61.70463013648987,168370
61.70967149734497,168370
61.71473240852356,168370
61.719794273376465,168370
61.72485685348511,168370
61.729902505874634,168370
61.734965085983276,168370
61.74000668525696,168370
61.74506735801697,168370
61.750123739242554,168370
61.75518321990967,168370
61.760233879089355,168370
61.76529407501221,168370
61.77034091949463,168370
61.775415658950806,168370
61.780457735061646,168370
61.785520792007446,168370
61.790568351745605,168370
61.795623540878296,168370
61.80066919326782,168370
61.80572867393494,168370
61.81077313423157,168370
61.81583786010742,168370
61.82088613510132,168370
61.825963258743286,168370
61.83101153373718,168370
61.83608841896057,168370
61.841137647628784,168370
61.84620189666748,168370
61.85125279426575,168370
61.85632109642029,168370
61.86138463020325,168370
61.86646366119385,168370
61.8715181350708,168370
61.876593828201294,168370
61.88163924217224,168370
61.88670301437378,168370
61.89175224304199,168370
61.89679932594299,168370
61.90185499191284,168370
61.90691375732422,168370
61.9119713306427,168370
61.917046546936035,168370
61.92209482192993,168370
61.92714834213257,168370
61.93221378326416,168370
61.937267780303955,168370
61.94242024421692,168370
61.94752383232117,168370
61.95262360572815,168370
61.957722663879395,168370
61.962806224823,168370
61.9678840637207,168370
61.97297739982605,168370
61.97806453704834,168370
61.98315215110779,168370
61.9882390499115,168370
61.99332356452942,168370
61.9983856678009,168370
62.00345516204834,168370
62.008530378341675,168370
62.013596534729004,168370
62.01866006851196,168370
62.02372932434082,168370
62.02877998352051,168370
62.03384470939636,168370
62.03888916969299,168370
62.04395818710327,168370
62.048996448516846,168370
62.05407357215881,168370
62.059117555618286,168370
62.064178705215454,168370
62.06922936439514,168370
62.07429623603821,168370
62.07934927940369,168370
62.08441090583801,168370
62.08947205543518,168370
62.09453749656677,168370
62.099591970443726,168370
62.10465955734253,168370
62.109723806381226,168370
62.11479711532593,168370
62.11985754966736,168370
62.124913454055786,168370
62.1299569606781,168370
62.13500928878784,168370
62.140074014663696,168370
62.14512610435486,168370
62.15017604827881,168370
62.155235290527344,168370
62.16029763221741,168370
62.16534757614136,168370
62.17039942741394,168370
62.17545771598816,168370
62.18050837516785,168370
62.185559034347534,168370
62.19060468673706,168370
62.1956582069397,168370
62.200711250305176,168370
62.20576071739197,168370
62.21081256866455,168370
62.215864181518555,168370
62.22091603279114,168370
62.2259738445282,168370
62.231037855148315,168370
62.23610043525696,168370
62.24115204811096,168370
62.24621343612671,168370
62.2512640953064,168370
62.2563214302063,168370
62.26138377189636,168370
62.26646327972412,168370
62.2715208530426,168370
62.276585817337036,168370
62.28166341781616,168370
62.28671312332153,168370
62.29176354408264,168370
62.29682683944702,168370
62.30188226699829,168370
62.30694055557251,168370
62.31199383735657,168370
62.317063331604004,168370
62.32213020324707,168370
62.32718563079834,168370
62.332249879837036,168370
62.337297677993774,168370
62.34235954284668,168370
62.347412109375,168370
62.352492332458496,168370
62.35754132270813,168370
62.36261057853699,168370
62.367664098739624,168370
62.37273097038269,168370
62.37778615951538,168370
62.38284969329834,168370
62.387895345687866,168370
62.392951250076294,168370
62.39801597595215,168370
62.40308403968811,168370
62.40813422203064,168370
62.413203716278076,168370
62.41825079917908,168370
62.42330741882324,168370
62.42836046218872,168370
62.43341898918152,168370
62.43846869468689,168370
62.443533420562744,168370
62.448585987091064,168370
62.453654050827026,168370
62.458699464797974,168370
62.46376037597656,168370
62.468812704086304,168370
62.47387909889221,168370
62.47892737388611,168370
62.48399639129639,168370
62.489054918289185,168370
62.49412488937378,168370
62.499178409576416,168370
62.50424337387085,168370
62.5092887878418,168370
62.514347314834595,168370
62.51939821243286,168370
62.52446889877319,168370
62.52953219413757,168370
62.534594774246216,168370
62.53964114189148,168370
62.54469656944275,168370
62.54974675178528,168370
62.5547993183136,168370
62.559855699539185,168370
62.56491804122925,168370
62.56996154785156,168370
62.57503128051758,168370
62.58009099960327,168370
62.585158824920654,168370
62.590206146240234,168370
62.59527134895325,168370
62.6003212928772,168370
62.60539102554321,168370
62.61065435409546,168370
62.61571025848389,168370
62.620760440826416,168370
62.6258270740509,168370
62.63087821006775,168370
62.63593554496765,168370
62.64098405838013,168370
62.64605450630188,168370
62.65110802650452,168370
62.65617895126343,168370
62.66123867034912,168370
62.66630816459656,168370
62.67135810852051,168370
62.67642426490784,168370
62.681474924087524,168370
62.68653893470764,168370
62.691593170166016,168370
62.69665551185608,168370
62.70170021057129,168370
62.706764221191406,168370
62.71180725097656,168370
62.716876745224,168370
62.72192859649658,168370
62.72697925567627,168370
62.732048749923706,168370
62.73709297180176,168370
62.74215221405029,168370
62.74720740318298,168370
62.75227069854736,168370
62.75732898712158,168370
62.762391567230225,168370
62.76744341850281,168370
62.772522926330566,168370
62.77757430076599,168370
62.78264498710632,168370
62.787696838378906,168370
62.79275727272034,168370
62.797812700271606,168370
62.80286955833435,168370
62.80791234970093,168370
62.812978744506836,168370
62.81803274154663,168370
62.82309889793396,168370
62.82814979553223,168370
62.83321499824524,168370
62.8382682800293,168370
62.843334436416626,168370
62.848371267318726,168370
62.85343599319458,168370
62.85849213600159,168370
62.863563537597656,168370
62.86861228942871,168370
62.873666286468506,168370
62.87870788574219,168370
62.8837776184082,168370
62.88884496688843,168370
62.89389896392822,168370
62.89894509315491,168370
62.90402889251709,168370
62.9090895652771,168370
62.91415047645569,168370
62.91920614242554,168370
62.92426419258118,168370
62.92932415008545,168370
62.934388160705566,168370
62.93944239616394,168370
62.94463276863098,168370
62.94972515106201,168370
62.95483040809631,168370
62.95990204811096,168370
62.96499037742615,168370
62.970070123672485,168370
62.97515630722046,168370
62.98023438453674,168370
62.98531746864319,168370
62.99038481712341,168370
62.99546694755554,168370
63.00051522254944,168370
63.00557851791382,168370
63.01064395904541,168370
63.01571440696716,168370
63.02075982093811,168370
63.02582287788391,168370
63.03087878227234,168370
63.03595209121704,168370
63.04100751876831,168370
63.04608392715454,168370
63.051135778427124,168370
63.05619931221008,168370
63.06124973297119,168370
63.06631374359131,168370
63.07136082649231,168370
63.07642459869385,168370
63.081536054611206,168370
63.08659386634827,168370
63.09163784980774,168370
63.09668779373169,168370
63.101738691329956,168370
63.106810092926025,168370
63.1118586063385,168370
63.11692476272583,168370
63.12197136878967,168370
63.127034425735474,168370
63.13209939002991,168370
63.13714933395386,168370
63.14221405982971,168370
63.1472704410553,168370
63.15235209465027,168370
63.15742373466492,168370
63.16248416900635,168370
63.167531967163086,168370
63.172592878341675,168370
63.17764401435852,168370
63.182701110839844,168370
63.187748670578,168370
63.19282102584839,168370
63.197866916656494,168370
63.202919483184814,168370
63.20798063278198,168370
63.21305060386658,168370
63.21810460090637,168370
63.22319054603577,168370
63.228232860565186,168370
63.23330330848694,168370
63.23835349082947,168370
63.243417263031006,168370
63.24846863746643,168370
63.253528356552124,168370
63.25857329368591,168370
63.263635873794556,168370
63.26868414878845,168370
63.273735761642456,168370
63.27877902984619,168370
63.28385090827942,168370
63.28890776634216,168370
63.293965101242065,168370
63.29902482032776,168370
63.304105043411255,168370
63.30917143821716,168370
63.3142352104187,168370
63.31928372383118,168370
63.32435154914856,168370
63.329400062561035,168370
63.334458351135254,168370
63.33950734138489,168370
63.34457278251648,168370
63.349618911743164,168370
63.354676246643066,168370
63.35973310470581,168370
63.36479353904724,168370
63.36984634399414,168370
63.374898195266724,168370
63.37995529174805,168370
63.38502764701843,168370
63.39008355140686,168370
63.39514899253845,168370
63.40019631385803,168370
63.40525984764099,168370
63.41030836105347,168370
63.41537690162659,168370
63.420422315597534,168370
63.42549109458923,168370
63.43054389953613,168370
63.435593366622925,168370
63.4406464099884,168370
63.445711851119995,168370
63.450753688812256,168370
63.45580744743347,168370
63.460864543914795,168370
63.465922355651855,168370
63.470970153808594,168370
63.47603368759155,168370
63.48109030723572,168370
63.48615384101868,168370
63.491198778152466,168370
63.49626016616821,168370
63.5013062953949,168370
63.50637245178223,168370
63.51142406463623,168370
63.51648783683777,168370
63.521525144577026,168370
63.526588439941406,168370
63.531635761260986,168370
63.536694049835205,168370
63.54173755645752,168370
63.546791791915894,168370
63.551851749420166,168370
63.55691409111023,168370
63.56198716163635,168370
63.567063331604004,168370
63.572121143341064,168370
63.577160596847534,168370
63.582228660583496,168370
63.58729028701782,168370
63.59236741065979,168370
63.5974178314209,168370
63.60247492790222,168370
63.60756325721741,168370
63.612621545791626,168370
63.61766958236694,168370
63.62276816368103,168370
63.627833127975464,168370
63.63291931152344,168370
63.63797616958618,168370
63.64302468299866,168370
63.64811158180237,168370
63.653178215026855,168370
63.6582305431366,168370
63.66328430175781,168370
63.66832661628723,168370
63.67338466644287,168370
63.678441286087036,168370
63.68349766731262,168370
63.688551902770996,168370
63.693605184555054,168370
63.69865274429321,168370
63.70370841026306,168370
63.70875692367554,168370
63.71381402015686,168370
63.71886897087097,168370
63.723933696746826,168370
63.72897815704346,168370
63.73404622077942,168370
63.73910593986511,168370
63.74416184425354,168370
63.74921417236328,168370
63.75427508354187,168370
63.759328842163086,168370
63.76439046859741,168370
63.769450664520264,168370
63.7745156288147,168370
63.77956962585449,168370
63.784624338150024,168370
63.7896728515625,168370
63.7947301864624,168370
63.7997784614563,168370
63.80484080314636,168370
63.80989480018616,168370
63.81495022773743,168370
63.82001543045044,168370
63.825082302093506,168370
63.830132484436035,168370
63.835187673568726,168370
63.84024405479431,168370
63.84530258178711,168370
63.85037040710449,168370
63.85543751716614,168370
63.86048674583435,168370
63.86556363105774,168370
63.87062692642212,168370
63.87568426132202,168370
63.88074016571045,168370
63.88580632209778,168370
63.89085388183594,168370
63.89591145515442,168370
63.90096354484558,168370
63.90602779388428,168370
63.91108202934265,168370
63.91614747047424,168370
63.92120838165283,168370
63.92628049850464,168370
63.93133020401001,168370
63.93638610839844,168370
63.94145441055298,168370
63.94559669494629,168370
63.94841742515564,168370
63.95123362541199,168370
63.954057931900024,168370
63.9568567276001,168370
63.95966863632202,168370
63.962491035461426,168370
63.96530365943909,168370
63.9681122303009,168370
63.97091722488403,168370
63.9737274646759,168370
63.976542234420776,168370
63.9793496131897,168370
63.98216223716736,168370
63.984960317611694,168370
63.98775601387024,168370
63.990556955337524,168370
63.993372678756714,168370
63.99617385864258,168370
63.99896430969238,168370
64.00176572799683,168370
64.00458240509033,168370
64.00738477706909,168370
64.01019620895386,168370
64.01299834251404,168370
64.0157995223999,168370
64.01860547065735,168370
64.02140760421753,168370
64.02422595024109,168370
64.0270471572876,168370
64.02984523773193,168370
64.03266596794128,168370
64.03547549247742,168370
64.03828239440918,168370
64.04108810424805,168370
64.04390096664429,168370
64.04669523239136,168370
64.04950165748596,168370
64.05231547355652,168370
64.05512499809265,168370
64.05791711807251,168370
64.06072473526001,168370
64.06353616714478,168370
64.06634640693665,168370
64.0691511631012,168370
64.0719530582428,168370
64.07476711273193,168370
64.07757663726807,168370
64.08037972450256,168370
64.08319664001465,168370
64.0860013961792,168370
64.0888032913208,168370
64.09160351753235,168370
64.09441685676575,168370
64.09722018241882,168370
64.10002374649048,168370
64.1028311252594,168370
64.10563731193542,168370
64.10845232009888,168370
64.1112585067749,168370
64.1140787601471,168370
64.11688017845154,168370
64.11967945098877,168370
64.12249374389648,168370
64.12530040740967,168370
64.1281099319458,168370
64.13090705871582,168370
64.13372159004211,168370
64.13652491569519,168370
64.139324426651,168370
64.14214158058167,168370
64.14494824409485,168370
64.1477415561676,168370
64.15054941177368,168370
64.15336799621582,168370
64.15617299079895,168370
64.15896940231323,168370
64.16176700592041,168370
64.16457557678223,168370
64.16738104820251,168370
64.17018842697144,168370
64.17299580574036,168370
64.17579698562622,168370
64.17860221862793,168370
64.18139600753784,168370
64.18421673774719,168370
64.18702244758606,168370
64.18981719017029,168370
64.19262385368347,168370
64.19543147087097,168370
64.19823575019836,168370
64.20104813575745,168370
64.20385527610779,168370
64.20666122436523,168370
64.20946550369263,168370
64.2122859954834,168370
64.21508932113647,168370
64.21788620948792,168370
64.22069311141968,168370
64.22350907325745,168370
64.22632169723511,168370
64.22913694381714,168370
64.23194360733032,168370
64.2347571849823,168370
64.23756623268127,168370
64.24036765098572,168370
64.24319195747375,168370
64.24599552154541,168370
64.24879169464111,168370
64.25159645080566,168370
64.2544195652008,168370
64.25722241401672,168370
64.2600166797638,168370
64.26282668113708,168370
64.26563215255737,168370
64.2684314250946,168370
64.271244764328,168370
64.27406668663025,168370
64.2768566608429,168370
64.27966332435608,168370
64.28247857093811,168370
64.2852931022644,168370
64.28809905052185,168370
64.29089713096619,168370
64.29371166229248,168370
64.29652523994446,168370
64.29933142662048,168370
64.30214381217957,168370
64.30493974685669,168370
64.30773973464966,168370
64.31055474281311,168370
64.31338024139404,168370
64.31619262695312,168370
64.31899499893188,168370
64.32179284095764,168370
64.32460331916809,168370
64.32740640640259,168370
64.33021187782288,168370
64.33300995826721,168370
64.33580660820007,168370
64.33860635757446,168370
64.34141445159912,168370
64.344233751297,168370
64.34704375267029,168370
64.34983229637146,168370
64.35264921188354,168370
64.35545611381531,168370
64.35826110839844,168370
64.36106777191162,168370
64.36387586593628,168370
64.36667656898499,168370
64.36948657035828,168370
64.37230587005615,168370
64.37511134147644,168370
64.37790584564209,168370
64.38071060180664,168370
64.38352465629578,168370
64.38633131980896,168370
64.38913249969482,168370
64.39192223548889,168370
64.39473581314087,168370
64.39753699302673,168370
64.40033006668091,168370
64.4031457901001,168370
64.4059488773346,168370
64.40874004364014,168370
64.41153764724731,168370
64.41435527801514,168370
64.41715455055237,168370
64.41995334625244,168370
64.4227614402771,168370
64.42555975914001,168370
64.4283595085144,168370
64.43116641044617,168370
64.43397808074951,168370
64.43677830696106,168370
64.43957591056824,168370
64.4423885345459,168370
64.44519352912903,168370
64.44799613952637,168370
64.45079064369202,168370
64.45359945297241,168370
64.45639896392822,168370
64.45920252799988,168370
64.46200060844421,168370
64.46481156349182,168370
64.46761322021484,168370
64.47042155265808,168370
64.47323656082153,168370
64.47603631019592,168370
64.47882914543152,168370
64.48163342475891,168370
64.48444747924805,168370
64.4872477054596,168370
64.4900496006012,168370
64.49285292625427,168370
64.49565243721008,168370
64.49845814704895,168370
64.50126147270203,168370
64.50408172607422,168370
64.50687265396118,168370
64.50967335700989,168370
64.51247930526733,168370
64.51528477668762,168370
64.51808738708496,168370
64.52088642120361,168370
64.52370262145996,168370
64.5265064239502,168370
64.52931070327759,168370
64.53212332725525,168370
64.534921169281,168370
64.53771829605103,168370
64.54052448272705,168370
64.54334497451782,168370
64.54614424705505,168370
64.54894471168518,168370
64.55173969268799,168370
64.55458641052246,168370
64.55739235877991,168370
64.5601978302002,168370
64.56300187110901,168370
64.56580781936646,168370
64.56861519813538,168370
64.57141828536987,168370
64.57423734664917,168370
64.57703375816345,168370
64.57982993125916,168370
64.58264303207397,168370
64.58544945716858,168370
64.5882556438446,168370
64.59107255935669,168370
64.59388184547424,168370
64.59667873382568,168370
64.59947419166565,168370
64.60228705406189,168370
64.60510659217834,168370
64.60810160636902,168370
64.61089253425598,168370
64.61370372772217,168370
64.61650919914246,168370
64.61931896209717,168370
64.62213206291199,168370
64.62493515014648,168370
64.62772631645203,168370
64.63052725791931,168370
64.63334083557129,168370
64.63614964485168,168370
64.63894581794739,168370
64.6417465209961,168370
64.64456057548523,168370
64.64736914634705,168370
64.65016865730286,168370
64.65297794342041,168370
64.655766248703,168370
64.65857338905334,168370
64.66137742996216,168370
64.66420197486877,168370
64.66699862480164,168370
64.66980218887329,168370
64.67260885238647,168370
64.67541575431824,168370
64.67822265625,168370
64.68102884292603,168370
64.68383026123047,168370
64.68663668632507,168370
64.68943738937378,168370
64.69225549697876,168370
64.69505047798157,168370
64.69785165786743,168370
64.70065569877625,168370
64.70346808433533,168370
64.70627760887146,168370
64.70908546447754,168370
64.7118809223175,168370
64.71469569206238,168370
64.71749591827393,168370
64.72033405303955,168370
64.72314763069153,168370
64.72594499588013,168370
64.72874689102173,168370
64.73154926300049,168370
64.73436331748962,168370
64.73717761039734,168370
64.73997378349304,168370
64.74278378486633,168370
64.74557757377625,168370
64.74838399887085,168370
64.75118637084961,168370
64.75401043891907,168370
64.75680494308472,168370
64.75960779190063,168370
64.76242113113403,168370
64.76523041725159,168370
64.76802611351013,168370
64.77081871032715,168370
64.77362608909607,168370
64.77642822265625,168370
64.77922916412354,168370
64.78204393386841,168370
64.78483986854553,168370
64.78764748573303,168370
64.79044842720032,168370
64.7932710647583,168370
64.79607152938843,168370
64.7988634109497,168370
64.80165362358093,168370
64.80447745323181,168370
64.80728554725647,168370
64.81009149551392,168370
64.8128981590271,168370
64.81569743156433,168370
64.81849598884583,168370
64.82129716873169,168370
64.82410907745361,168370
64.8269145488739,168370
64.82970976829529,168370
64.832528591156,168370
64.83534002304077,168370
64.83814716339111,168370
64.84094405174255,168370
64.84375166893005,168370
64.8465507030487,168370
64.84935593605042,168370
64.85216522216797,168370
64.8549633026123,168370
64.85775542259216,168370
64.86056756973267,168370
64.86337733268738,168370
64.8661892414093,168370
64.86898565292358,168370
64.87179136276245,168370
64.87459897994995,168370
64.8773992061615,168370
64.88020014762878,168370
64.88301372528076,168370
64.88580965995789,168370
64.88860845565796,168370
64.89140701293945,168370
64.894216299057,168370
64.89701461791992,168370
64.89980912208557,168370
64.90261244773865,168370
64.9054217338562,168370
64.90822315216064,168370
64.91102647781372,168370
64.91383528709412,168370
64.91664290428162,168370
64.91948938369751,168370
64.92230343818665,168370
64.92510747909546,168370
64.92789912223816,168370
64.93069911003113,168370
64.93351793289185,168370
64.93631768226624,168370
64.93912506103516,168370
64.94192123413086,168370
64.94508266448975,168370
64.94802474975586,168370
64.95084595680237,168370
64.95367169380188,168370
64.95649433135986,168370
64.95930933952332,168370
64.96213173866272,168370
64.96494507789612,168370
64.96775341033936,168370
64.97055673599243,168370
64.97337746620178,168370
64.97619271278381,168370
64.97900080680847,168370
64.98180651664734,168370
64.98462772369385,168370
64.98744010925293,168370
64.99025750160217,168370
64.99307894706726,168370
64.99588370323181,168370
64.99875926971436,168370
65.00158333778381,168370
65.00439953804016,168370
65.00721859931946,168370
65.01002550125122,168370
65.01357936859131,168370
65.01894211769104,168370
65.02431511878967,168370
65.02968764305115,168370
65.03507089614868,168370
65.04041194915771,168370
65.04574203491211,168370
65.05108046531677,168370
65.05642795562744,168370
65.06176686286926,168370
65.06710171699524,168370
65.07245063781738,168370
65.0777690410614,168370
65.08312368392944,168370
65.08845162391663,168370
65.0937876701355,168370
65.09912443161011,168370
65.10445809364319,168370
65.1097960472107,168370
65.11511301994324,168370
65.12043333053589,168370
65.12576842308044,168370
65.13110780715942,168370
65.13647508621216,168370
65.14178681373596,168370
65.14716958999634,168370
65.15249633789062,168370
65.15781736373901,168370
65.16316533088684,168370
65.16847443580627,168370
65.17381954193115,168370
65.1791570186615,168370
65.18446612358093,168370
65.18978667259216,168370
65.19511890411377,168370
65.2003927230835,168370
65.20570421218872,168370
65.21102571487427,168370
65.2163553237915,168370
65.2217071056366,168370
65.22707843780518,168370
65.232430934906,168370
65.23775315284729,168370
65.2430830001831,168370
65.24837899208069,168370
65.25373578071594,168370
65.25907945632935,168370
65.26439809799194,168370
65.26973056793213,168370
65.27508282661438,168370
65.28040266036987,168370
65.28574633598328,168370
65.2910852432251,168370
65.29643750190735,168370
65.30177569389343,168370
65.3071060180664,168370
65.31244206428528,168370
65.31778836250305,168370
65.32313084602356,168370
65.3284683227539,168370
65.33379173278809,168370
65.33914232254028,168370
65.34452247619629,168370
65.34989213943481,168370
65.35523557662964,168370
65.36061668395996,168370
65.36599016189575,168370
65.37134552001953,168370
65.37665176391602,168370
65.38199377059937,168370
65.38735771179199,168370
65.3927218914032,168370
65.39807391166687,168370
65.40344548225403,168370
65.40875935554504,168370
65.41410875320435,168370
65.41943883895874,168370
65.42478060722351,168370
65.4301266670227,168370
65.4354317188263,168370
65.4407467842102,168370
65.44609117507935,168370
65.45142245292664,168370
65.45676040649414,168370
65.46211361885071,168370
65.46744513511658,168370
65.47278785705566,168370
65.47813820838928,168370
65.48345708847046,168370
65.48880052566528,168370
65.49414539337158,168370
65.49947261810303,168370
65.50481462478638,168370
65.51015734672546,168370
65.51542806625366,168370
65.52074837684631,168370
65.52609515190125,168370
65.53138089179993,168370
65.53673267364502,168370
65.54208564758301,168370
65.54741263389587,168370
65.55276823043823,168370
65.55811524391174,168370
65.56347393989563,168370
65.56878066062927,168370
65.57417750358582,168370
65.57953405380249,168370
65.58491683006287,168370
65.5902910232544,168370
65.59565281867981,168370
65.60103631019592,168370
65.60637307167053,168370
65.61170721054077,168370
65.61704063415527,168370
65.62240862846375,168370
65.62777090072632,168370
65.63311529159546,168370
65.63846898078918,168370
65.64384007453918,168370
65.6492087841034,168370
65.65454077720642,168370
65.6598653793335,168370
65.66522002220154,168370
65.67051005363464,168370
65.67584657669067,168370
65.6811990737915,168370
65.68654775619507,168370
65.6918785572052,168370
65.69719982147217,168370
65.70253777503967,168370
65.70786833763123,168370
65.71324396133423,168370
65.71861839294434,168370
65.72399163246155,168370
65.72936201095581,168370
65.73471307754517,168370
65.74008202552795,168370
65.74539923667908,168370
65.75072431564331,168370
65.75607681274414,168370
65.76136565208435,168370
65.7667076587677,168370
65.77205729484558,168370
65.77736520767212,168370
65.7826931476593,168370
65.78802990913391,168370
65.7933566570282,168370
65.79870176315308,168370
65.80404090881348,168370
65.80936908721924,168370
65.81475067138672,168370
65.82012271881104,168370
65.82545065879822,168370
65.8307671546936,168370
65.83609366416931,168370
65.84141826629639,168370
65.8467309474945,168370
65.85207629203796,168370
65.85736274719238,168370
65.86268186569214,168370
65.86797547340393,168370
65.87328553199768,168370
65.87860012054443,168370
65.8838791847229,168370
65.88918113708496,168370
65.89449286460876,168370
65.89979243278503,168370
65.90505051612854,168370
65.91034698486328,168370
65.9156608581543,168370
65.92097973823547,168370
65.9262912273407,168370
65.9315996170044,168370
65.93690085411072,168370
65.94222044944763,168370
65.94698667526245,168370
65.94981241226196,168370
65.95263600349426,168370
65.95544695854187,168370
65.958251953125,168370
65.96106338500977,168370
65.96386933326721,168370
65.96667647361755,168370
65.96947574615479,168370
65.97230172157288,168370
65.975106716156,168370
65.97790598869324,168370
65.980712890625,168370
65.98353743553162,168370
65.98634386062622,168370
65.98915386199951,168370
65.99195575714111,168370
65.9947760105133,168370
65.9975836277008,168370
66.0003924369812,168370
66.00321364402771,168370
66.00602388381958,168370
66.00881624221802,168370
66.01162195205688,168370
66.01444625854492,168370
66.017249584198,168370
66.0200526714325,168370
66.02286338806152,168370
66.02566432952881,168370
66.02847146987915,168370
66.03126978874207,168370
66.03409814834595,168370
66.03689742088318,168370
66.03970384597778,168370
66.04251003265381,168370
66.04532289505005,168370
66.04813122749329,168370
66.05093097686768,168370
66.05373692512512,168370
66.05654382705688,168370
66.05935502052307,168370
66.062180519104,168370
66.06497097015381,168370
66.0677707195282,168370
66.07057547569275,168370
66.07339406013489,168370
66.07620310783386,168370
66.07900094985962,168370
66.08180165290833,168370
66.08461213111877,168370
66.08742070198059,168370
66.09023237228394,168370
66.09304928779602,168370
66.09584164619446,168370
66.09863209724426,168370
66.10143566131592,168370
66.10425281524658,168370
66.10706377029419,168370
66.10985064506531,168370
66.11267352104187,168370
66.11547493934631,168370
66.11828827857971,168370
66.12108898162842,168370
66.12389922142029,168370
66.12669706344604,168370
66.12950491905212,168370
66.132319688797,168370
66.13513326644897,168370
66.13792610168457,168370
66.14073371887207,168370
66.14355158805847,168370
66.1463577747345,168370
66.14916110038757,168370
66.15196418762207,168370
66.15477228164673,168370
66.15757775306702,168370
66.160404920578,168370
66.16322898864746,168370
66.1660258769989,168370
66.16882157325745,168370
66.17162251472473,168370
66.17444181442261,168370
66.17725038528442,168370
66.1800549030304,168370
66.18285155296326,168370
66.18565106391907,168370
66.18846011161804,168370
66.19126772880554,168370
66.1940758228302,168370
66.19686889648438,168370
66.1996648311615,168370
66.20248556137085,168370
66.20528197288513,168370
66.20808815956116,168370
66.21087837219238,168370
66.21368432044983,168370
66.21648120880127,168370
66.21929240226746,168370
66.22210621833801,168370
66.22490763664246,168370
66.22770476341248,168370
66.23051714897156,168370
66.23333024978638,168370
66.23614192008972,168370
66.23893713951111,168370
66.24173355102539,168370
66.24453735351562,168370
66.2473452091217,168370
66.25014543533325,168370
66.25295495986938,168370
66.2557463645935,168370
66.258549451828,168370
66.26135587692261,168370
66.26417875289917,168370
66.26698040962219,168370
66.26978349685669,168370
66.27259111404419,168370
66.275399684906,168370
66.27820324897766,168370
66.28100442886353,168370
66.28380703926086,168370
66.28660845756531,168370
66.28940510749817,168370
66.29221940040588,168370
66.2950234413147,168370
66.29781699180603,168370
66.30062484741211,168370
66.30344367027283,168370
66.30624747276306,168370
66.30904769897461,168370
66.31182599067688,168370
66.31463313102722,168370
66.31743502616882,168370
66.32024621963501,168370
66.32305383682251,168370
66.32584857940674,168370
66.32864594459534,168370
66.33145213127136,168370
66.33426666259766,168370
66.33707237243652,168370
66.33986043930054,168370
66.34267997741699,168370
66.34548354148865,168370
66.34829783439636,168370
66.35109448432922,168370
66.35390830039978,168370
66.3567042350769,168370
66.35951447486877,168370
66.36232542991638,168370
66.36513185501099,168370
66.36792826652527,168370
66.37073063850403,168370
66.37354350090027,168370
66.37635278701782,168370
66.37916469573975,168370
66.38198852539062,168370
66.38480043411255,168370
66.38759851455688,168370
66.39039778709412,168370
66.39322590827942,168370
66.39602851867676,168370
66.39882707595825,168370
66.4016318321228,168370
66.40443801879883,168370
66.40723752975464,168370
66.41004514694214,168370
66.41283965110779,168370
66.4156334400177,168370
66.4184319972992,168370
66.42123365402222,168370
66.42404651641846,168370
66.42684817314148,168370
66.42964267730713,168370
66.43245482444763,168370
66.43525862693787,168370
66.43805193901062,168370
66.44084310531616,168370
66.44366025924683,168370
66.44646167755127,168370
66.44926428794861,168370
66.45206880569458,168370
66.45486903190613,168370
66.45767378807068,168370
66.4604823589325,168370
66.46328783035278,168370
66.46609473228455,168370
66.46889233589172,168370
66.4716968536377,168370
66.47450828552246,168370
66.4773108959198,168370
66.48010921478271,168370
66.48291540145874,168370
66.48570966720581,168370
66.48851704597473,168370
66.49132585525513,168370
66.4941337108612,168370
66.49692821502686,168370
66.49972891807556,168370
66.50253653526306,168370
66.50533723831177,168370
66.50814151763916,168370
66.51094388961792,168370
66.51374959945679,168370
66.51655578613281,168370
66.51936316490173,168370
66.52218103408813,168370
66.5249810218811,168370
66.52779150009155,168370
66.53059792518616,168370
66.53342056274414,168370
66.53622341156006,168370
66.53902387619019,168370
66.54181957244873,168370
66.54463005065918,168370
66.54742741584778,168370
66.55023288726807,168370
66.55307269096375,168370
66.5558693408966,168370
66.55866599082947,168370
66.5614640712738,168370
66.56427597999573,168370
66.56707715988159,168370
66.56987309455872,168370
66.57268381118774,168370
66.57548642158508,168370
66.57829403877258,168370
66.58109831809998,168370
66.58390760421753,168370
66.58669710159302,168370
66.58950018882751,168370
66.59231305122375,168370
66.59511518478394,168370
66.597904920578,168370
66.60070991516113,168370
66.60351991653442,168370
66.60651779174805,168370
66.60932898521423,168370
66.61214828491211,168370
66.61494779586792,168370
66.61775231361389,168370
66.6205563545227,168370
66.62338018417358,168370
66.62617707252502,168370
66.62898182868958,168370
66.63177824020386,168370
66.63458919525146,168370
66.63739109039307,168370
66.64019203186035,168370
66.64300203323364,168370
66.64580512046814,168370
66.64861226081848,168370
66.65142869949341,168370
66.65424919128418,168370
66.65705823898315,168370
66.65985751152039,168370
66.6626672744751,168370
66.66546559333801,168370
66.66826462745667,168370
66.67107057571411,168370
66.67388463020325,168370
66.67668652534485,168370
66.67948985099792,168370
66.68230104446411,168370
66.6851077079773,168370
66.68790435791016,168370
66.69070219993591,168370
66.6935179233551,168370
66.69632697105408,168370
66.69913220405579,168370
66.7019317150116,168370
66.70474076271057,168370
66.70755290985107,168370
66.71035623550415,168370
66.71317744255066,168370
66.71597099304199,168370
66.7187750339508,168370
66.72157621383667,168370
66.72439122200012,168370
66.7271990776062,168370
66.73000049591064,168370
66.73279547691345,168370
66.73559522628784,168370
66.73840069770813,168370
66.74120497703552,168370
66.74401211738586,168370
66.74681258201599,168370
66.74960374832153,168370
66.75241923332214,168370
66.75522446632385,168370
66.75803470611572,168370
66.76081824302673,168370
66.76362609863281,168370
66.76642727851868,168370
66.76922607421875,168370
66.77202916145325,168370
66.77482223510742,168370
66.77762198448181,168370
66.78042674064636,168370
66.7832338809967,168370
66.7860414981842,168370
66.78883624076843,168370
66.79164552688599,168370
66.79445457458496,168370
66.7972640991211,168370
66.80006551742554,168370
66.8028666973114,168370
66.80566716194153,168370
66.80847525596619,168370
66.81128239631653,168370
66.81410717964172,168370
66.81689476966858,168370
66.8196976184845,168370
66.82250571250916,168370
66.82532095909119,168370
66.82811832427979,168370
66.83090996742249,168370
66.83371329307556,168370
66.83652210235596,168370
66.83932495117188,168370
66.84214210510254,168370
66.8449330329895,168370
66.847736120224,168370
66.8505311012268,168370
66.85334968566895,168370
66.8561601638794,168370
66.85896110534668,168370
66.86175656318665,168370
66.86457133293152,168370
66.86737179756165,168370
66.87017869949341,168370
66.87297677993774,168370
66.87578010559082,168370
66.87857818603516,168370
66.88137912750244,168370
66.88418912887573,168370
66.88698840141296,168370
66.88978052139282,168370
66.89259052276611,168370
66.89539074897766,168370
66.89819478988647,168370
66.90099000930786,168370
66.90380883216858,168370
66.9066104888916,168370
66.9094226360321,168370
66.91224241256714,168370
66.91505074501038,168370
66.91787195205688,168370
66.92067813873291,168370
66.92349433898926,168370
66.92629647254944,168370
66.92910289764404,168370
66.93190240859985,168370
66.93470549583435,168370
66.93751978874207,168370
66.94032311439514,168370
66.94314455986023,168370
66.94594359397888,168370
66.94927740097046,168370
66.95211887359619,168370
66.95495772361755,168370
66.9577808380127,168370
66.96058797836304,168370
66.96339845657349,168370
66.96620845794678,168370
66.96900653839111,168370
66.97181057929993,168370
66.97462582588196,168370
66.97742938995361,168370
66.98022627830505,168370
66.9830412864685,168370
66.98583102226257,168370
66.98863387107849,168370
66.99143838882446,168370
66.99425506591797,168370
66.99706053733826,168370
66.99986100196838,168370
67.00267791748047,168370
67.00549125671387,168370
67.00829577445984,168370
67.01110506057739,168370
67.01391339302063,168370
67.01671361923218,168370
67.01955771446228,168370
67.02240419387817,168370
67.02523708343506,168370
67.02804803848267,168370
67.03084778785706,168370
67.03366041183472,168370
67.03645706176758,168370
67.0392758846283,168370
67.04207992553711,168370
67.04488348960876,168370
67.04768466949463,168370
67.05048847198486,168370
67.05331158638,168370
67.05612850189209,168370
67.05892372131348,168370
67.06172108650208,168370
67.06452894210815,168370
67.06733775138855,168370
67.070139169693,168370
67.07294774055481,168370
67.07574558258057,168370
67.07855105400085,168370
67.0813524723053,168370
67.08416819572449,168370
67.08696246147156,168370
67.0897707939148,168370
67.09258103370667,168370
67.09539651870728,168370
67.0981936454773,168370
67.10100173950195,168370
67.10379695892334,168370
67.10660147666931,168370
67.10940718650818,168370
67.11222004890442,168370
67.11502242088318,168370
67.1178183555603,168370
67.12062120437622,168370
67.12343502044678,168370
67.12624096870422,168370
67.12905693054199,168370
67.1318507194519,168370
67.1346697807312,168370
67.1374683380127,168370
67.14029216766357,168370
67.14310812950134,168370
67.14590239524841,168370
67.14869976043701,168370
67.15150785446167,168370
67.15431690216064,168370
67.15712451934814,168370
67.1599178314209,168370
67.16272687911987,168370
67.16552901268005,168370
67.16834354400635,168370
67.17115044593811,168370
67.1739661693573,168370
67.17676568031311,168370
67.17957592010498,168370
67.18239569664001,168370
67.18520712852478,168370
67.18799829483032,168370
67.19079637527466,168370
67.193598985672,168370
67.19640827178955,168370
67.19921469688416,168370
67.2020149230957,168370
67.20482134819031,168370
67.20762777328491,168370
67.21043682098389,168370
67.21326684951782,168370
67.21607565879822,168370
67.21886944770813,168370
67.22167086601257,168370
67.22449660301208,168370
67.22730040550232,168370
67.23010420799255,168370
67.23290610313416,168370
67.23571062088013,168370
67.23851776123047,168370
67.24132347106934,168370
67.24414324760437,168370
67.24694514274597,168370
67.24974465370178,168370
67.25255751609802,168370
67.25537204742432,168370
67.25819063186646,168370
67.26099014282227,168370
67.26380968093872,168370
67.26660656929016,168370
67.26940822601318,168370
67.27222037315369,168370
67.27502584457397,168370
67.27781891822815,168370
67.28062844276428,168370
67.28344893455505,168370
67.28626418113708,168370
67.28905916213989,168370
67.29186129570007,168370
67.29466772079468,168370
67.29748344421387,168370
67.30029034614563,168370
67.30310893058777,168370
67.30591201782227,168370
67.30870652198792,168370
67.31150674819946,168370
67.31433463096619,168370
67.31714177131653,168370
67.31993865966797,168370
67.3227436542511,168370
67.3255615234375,168370
67.328360080719,168370
67.33116936683655,168370
67.33397841453552,168370
67.33678483963013,168370
67.33958888053894,168370
67.34241461753845,168370
67.34521532058716,168370
67.3480167388916,168370
67.35081624984741,168370
67.3536388874054,168370
67.356440782547,168370
67.35924887657166,168370
67.36206030845642,168370
67.36486268043518,168370
67.36766052246094,168370
67.37047171592712,168370
67.37329006195068,168370
67.37610507011414,168370
67.37889862060547,168370
67.3817024230957,168370
67.38452410697937,168370
67.38732719421387,168370
67.39015889167786,168370
67.39298486709595,168370
67.39580416679382,168370
67.39862179756165,168370
67.4014253616333,168370
67.40425276756287,168370
67.40705609321594,168370
67.40985369682312,168370
67.41266775131226,168370
67.41547775268555,168370
67.4182767868042,168370
67.42108106613159,168370
67.42388772964478,168370
67.4266881942749,168370
67.42949080467224,168370
67.43230938911438,168370
67.43511366844177,168370
67.43791794776917,168370
67.44071888923645,168370
67.44353413581848,168370
67.44634246826172,168370
67.44915246963501,168370
67.45194888114929,168370
67.45476937294006,168370
67.45758056640625,168370
67.46038675308228,168370
67.46320796012878,168370
67.4660120010376,168370
67.46880912780762,168370
67.47161316871643,168370
67.47443747520447,168370
67.47725224494934,168370
67.4800636768341,168370
67.48287105560303,168370
67.48567032814026,168370
67.48847436904907,168370
67.49128270149231,168370
67.49410319328308,168370
67.49690341949463,168370
67.49970650672913,168370
67.50251269340515,168370
67.50532054901123,168370
67.50812149047852,168370
67.51092052459717,168370
67.51372766494751,168370
67.51653146743774,168370
67.5193362236023,168370
67.52215790748596,168370
67.52495980262756,168370
67.52776145935059,168370
67.53057503700256,168370
67.53340077400208,168370
67.53620767593384,168370
67.53901314735413,168370
67.54181575775146,168370
67.54463148117065,168370
67.54742479324341,168370
67.55023646354675,168370
67.55307078361511,168370
67.55588507652283,168370
67.5586838722229,168370
67.56148886680603,168370
67.5643060207367,168370
67.56711626052856,168370
67.56991195678711,168370
67.57272934913635,168370
67.5755352973938,168370
67.57834696769714,168370
67.58115291595459,168370
67.58397006988525,168370
67.58676743507385,168370
67.58957147598267,168370
67.59239435195923,168370
67.59521460533142,168370
67.59800434112549,168370
67.60080456733704,168370
67.60361385345459,168370
67.6064350605011,168370
67.60923457145691,168370
67.61205124855042,168370
67.61484932899475,168370
67.61765551567078,168370
67.62046647071838,168370
67.62328624725342,168370
67.6260917186737,168370
67.62889099121094,168370
67.63168239593506,168370
67.63450956344604,168370
67.63731336593628,168370
67.64011597633362,168370
67.64292526245117,168370
67.6457245349884,168370
67.64852714538574,168370
67.65134263038635,168370
67.65415740013123,168370
67.65696215629578,168370
67.65976071357727,168370
67.66257643699646,168370
67.66538119316101,168370
67.66818428039551,168370
67.67098140716553,168370
67.67380094528198,168370
67.67660975456238,168370
67.67942309379578,168370
67.68224000930786,168370
67.68506026268005,168370
67.68784785270691,168370
67.69065237045288,168370
67.69345664978027,168370
67.6962559223175,168370
67.69906282424927,168370
67.70185804367065,168370
67.70466542243958,168370
67.70747399330139,168370
67.7102780342102,168370
67.71309638023376,168370
67.71596384048462,168370
67.71877813339233,168370
67.72164559364319,168370
67.72446727752686,168370
67.72727394104004,168370
67.73008108139038,168370
67.7328896522522,168370
67.73571872711182,168370
67.73851656913757,168370
67.74133086204529,168370
67.74414467811584,168370
67.74694895744324,168370
67.74976062774658,168370
67.75257325172424,168370
67.75537657737732,168370
67.75819039344788,168370
67.76098346710205,168370
67.7638008594513,168370
67.76660060882568,168370
67.76941251754761,168370
67.77222895622253,168370
67.77504587173462,168370
67.77784442901611,168370
67.7806453704834,168370
67.7834575176239,168370
67.7862696647644,168370
67.78907918930054,168370
67.7918758392334,168370
67.7946846485138,168370
67.79749703407288,168370
67.80029010772705,168370
67.80311584472656,168370
67.8059151172638,168370
67.80872130393982,168370
67.81152701377869,168370
67.81434416770935,168370
67.81715226173401,168370
67.81995105743408,168370
67.82276225090027,168370
67.82557535171509,168370
67.8283760547638,168370
67.8311836719513,168370
67.83398914337158,168370
67.8367931842804,168370
67.8395893573761,168370
67.84242081642151,168370
67.8452262878418,168370
67.84803414344788,168370
67.85082459449768,168370
67.8536446094513,168370
67.85644793510437,168370
67.8592574596405,168370
67.86207318305969,168370
67.86486601829529,168370
67.86766910552979,168370
67.8704845905304,168370
67.87329912185669,168370
67.87610697746277,168370
67.87890458106995,168370
67.88170194625854,168370
67.88451194763184,168370
67.88732314109802,168370
67.89012145996094,168370
67.89293551445007,168370
67.8957314491272,168370
67.89853382110596,168370
67.90133333206177,168370
67.90415668487549,168370
67.90695214271545,168370
67.90975618362427,168370
67.91255950927734,168370
67.91537070274353,168370
67.91820740699768,168370
67.9210102558136,168370
67.92382097244263,168370
67.92663168907166,168370
67.92943596839905,168370
67.93226075172424,168370
67.93515205383301,168370
67.93795466423035,168370
67.94075655937195,168370
67.94358706474304,168370
67.94639754295349,168370
67.9496808052063,168370
67.95251798629761,168370
67.95535826683044,168370
67.95818400382996,168370
67.96101665496826,168370
67.96382141113281,168370
67.96663069725037,168370
67.96943140029907,168370
67.97224926948547,168370
67.9750657081604,168370
67.97785449028015,168370
67.98065376281738,168370
67.98346471786499,168370
67.98626923561096,168370
67.98907589912415,168370
67.99186706542969,168370
67.99467825889587,168370
67.99747943878174,168370
68.00028276443481,168370
68.00308775901794,168370
68.00588035583496,168370
68.00866889953613,168370
68.01146936416626,168370
68.01427888870239,168370
68.01708245277405,168370
68.0198712348938,168370
68.02267956733704,168370
68.02547764778137,168370
68.02828311920166,168370
68.03107976913452,168370
68.03388047218323,168370
68.03667974472046,168370
68.03947806358337,168370
68.04228782653809,168370
68.04508996009827,168370
68.04787874221802,168370
68.05068039894104,168370
68.05349040031433,168370
68.0562915802002,168370
68.05909538269043,168370
68.06189250946045,168370
68.06470727920532,168370
68.06750845909119,168370
68.07030916213989,168370
68.07312417030334,168370
68.0759117603302,168370
68.07872152328491,168370
68.08152198791504,168370
68.08433604240417,168370
68.08714270591736,168370
68.08994221687317,168370
68.0927460193634,168370
68.09554767608643,168370
68.09834241867065,168370
68.10114812850952,168370
68.10395669937134,168370
68.10676217079163,168370
68.10956048965454,168370
68.11236763000488,168370
68.11516618728638,168370
68.11796355247498,168370
68.12075781822205,168370
68.12357831001282,168370
68.12637186050415,168370
68.12917399406433,168370
68.13196039199829,168370
68.13477039337158,168370
68.13757228851318,168370
68.14038228988647,168370
68.14319777488708,168370
68.14600110054016,168370
68.14879393577576,168370
68.15159940719604,168370
68.15440726280212,168370
68.15721130371094,168370
68.15999698638916,168370
68.1628007888794,168370
68.16559314727783,168370
68.16839289665222,168370
68.1711962223053,168370
68.17400455474854,168370
68.17679738998413,168370
68.17959499359131,168370
68.18241310119629,168370
68.18521308898926,168370
68.1879985332489,168370
68.19080114364624,168370
68.19360589981079,168370
68.19641017913818,168370
68.199214220047,168370
68.20200681686401,168370
68.20481085777283,168370
68.20761466026306,168370
68.21041536331177,168370
68.21323156356812,168370
68.21602654457092,168370
68.21882557868958,168370
68.22162318229675,168370
68.2244393825531,168370
68.22724843025208,168370
68.23005032539368,168370
68.23284435272217,168370
68.23564767837524,168370
68.23845195770264,168370
68.24125671386719,168370
68.24407649040222,168370
68.24687337875366,168370
68.24966788291931,168370
68.25247931480408,168370
68.25528597831726,168370
68.25808715820312,168370
68.26087713241577,168370
68.26368403434753,168370
68.26649236679077,168370
68.26930117607117,168370
68.27210211753845,168370
68.27493119239807,168370
68.2777509689331,168370
68.28058528900146,168370
68.2833993434906,168370
68.28620409965515,168370
68.28899693489075,168370
68.29180073738098,168370
68.29461121559143,168370
68.29741358757019,168370
68.30021953582764,168370
68.30303287506104,168370
68.30582046508789,168370
68.30862593650818,168370
68.31141996383667,168370
68.31423330307007,168370
68.31703686714172,168370
68.31983351707458,168370
68.32264542579651,168370
68.32545685768127,168370
68.3282675743103,168370
68.33107304573059,168370
68.33387923240662,168370
68.33667945861816,168370
68.33948421478271,168370
68.34230184555054,168370
68.34510326385498,168370
68.34789752960205,168370
68.35068464279175,168370
68.35349678993225,168370
68.35629653930664,168370
68.35909700393677,168370
68.36188101768494,168370
68.36469006538391,168370
68.36748909950256,168370
68.37029457092285,168370
68.37310361862183,168370
68.37590217590332,168370
68.3787009716034,168370
68.3815050125122,168370
68.38431239128113,168370
68.38711857795715,168370
68.38990616798401,168370
68.39271593093872,168370
68.39552164077759,168370
68.39833045005798,168370
68.40112853050232,168370
68.40392923355103,168370
68.40672874450684,168370
68.40953159332275,168370
68.41234016418457,168370
68.4151463508606,168370
68.41793155670166,168370
68.42071914672852,168370
68.42353105545044,168370
68.42634344100952,168370
68.42913746833801,168370
68.43193674087524,168370
68.43474125862122,168370
68.43754720687866,168370
68.44034242630005,168370
68.44315528869629,168370
68.44594979286194,168370
68.4487476348877,168370
68.45154047012329,168370
68.45435428619385,168370
68.45715379714966,168370
68.45995759963989,168370
68.46277093887329,168370
68.46557688713074,168370
68.46837711334229,168370
68.47118091583252,168370
68.47398138046265,168370
68.47678637504578,168370
68.47958087921143,168370
68.48240113258362,168370
68.48521661758423,168370
68.48801183700562,168370
68.49080657958984,168370
68.49361848831177,168370
68.49642133712769,168370
68.49922466278076,168370
68.50203037261963,168370
68.50482630729675,168370
68.5076174736023,168370
68.51041960716248,168370
68.51322364807129,168370
68.51602578163147,168370
68.51881694793701,168370
68.52161622047424,168370
68.52442193031311,168370
68.52722525596619,168370
68.53001523017883,168370
68.53282427787781,168370
68.53562951087952,168370
68.5384292602539,168370
68.54122638702393,168370
68.54403686523438,168370
68.54682493209839,168370
68.54962682723999,168370
68.5524594783783,168370
68.55526518821716,168370
68.55806851387024,168370
68.5608639717102,168370
68.56367659568787,168370
68.56647682189941,168370
68.56927227973938,168370
68.57208704948425,168370
68.57489228248596,168370
68.57769703865051,168370
68.58050274848938,168370
68.58332371711731,168370
68.58612775802612,168370
68.58892560005188,168370
68.59171557426453,168370
68.59452652931213,168370
68.59732961654663,168370
68.60012722015381,168370
68.6029200553894,168370
68.60572409629822,168370
68.60870504379272,168370
68.61150431632996,168370
68.61431908607483,168370
68.61712431907654,168370
68.61991572380066,168370
68.62272071838379,168370
68.62552547454834,168370
68.62832474708557,168370
68.63112783432007,168370
68.6339316368103,168370
68.63671827316284,168370
68.63952088356018,168370
68.64232754707336,168370
68.6451346874237,168370
68.64792203903198,168370
68.65071630477905,168370
68.65353012084961,168370
68.65632915496826,168370
68.65912747383118,168370
68.66191911697388,168370
68.664719581604,168370
68.66752696037292,168370
68.67032361030579,168370
68.67313361167908,168370
68.67593193054199,168370
68.67872929573059,168370
68.68153238296509,168370
68.68434548377991,168370
68.68713998794556,168370
68.68993663787842,168370
68.69273900985718,168370
68.69554162025452,168370
68.69833302497864,168370
68.70113706588745,168370
68.70393204689026,168370
68.70672559738159,168370
68.70952606201172,168370
68.71234703063965,168370
68.71515417098999,168370
68.71795153617859,168370
68.72076225280762,168370
68.72357368469238,168370
68.72637295722961,168370
68.72917699813843,168370
68.73197340965271,168370
68.73478603363037,168370
68.73758006095886,168370
68.74038434028625,168370
68.7431972026825,168370
68.74599766731262,168370
68.74878406524658,168370
68.75158858299255,168370
68.75440120697021,168370
68.75720524787903,168370
68.75999712944031,168370
68.76280879974365,168370
68.76560688018799,168370
68.76840591430664,168370
68.77120733261108,168370
68.77402377128601,168370
68.77681517601013,168370
68.77961349487305,168370
68.78241658210754,168370
68.78522419929504,168370
68.78802680969238,168370
68.79081654548645,168370
68.7936179637909,168370
68.79642343521118,168370
68.79922151565552,168370
68.80202984809875,168370
68.80481886863708,168370
68.80761623382568,168370
68.81041669845581,168370
68.81323194503784,168370
68.81603002548218,168370
68.81882309913635,168370
68.82161283493042,168370
68.82442951202393,168370
68.8272294998169,168370
68.83003187179565,168370
68.83282399177551,168370
68.8356192111969,168370
68.83841133117676,168370
68.84121441841125,168370
68.8440260887146,168370
68.84681820869446,168370
68.8496150970459,168370
68.85243272781372,168370
68.85522794723511,168370
68.85801696777344,168370
68.86080837249756,168370
68.86362195014954,168370
68.86642003059387,168370
68.86922311782837,168370
68.87203216552734,168370
68.87482357025146,168370
68.87761926651001,168370
68.88041663169861,168370
68.88322734832764,168370
68.88603806495667,168370
68.88883376121521,168370
68.89163422584534,168370
68.89444398880005,168370
68.8972520828247,168370
68.90005612373352,168370
68.90285730361938,168370
68.90565276145935,168370
68.90844964981079,168370
68.91124153137207,168370
68.91404438018799,168370
68.916823387146,168370
68.91965341567993,168370
68.92246341705322,168370
68.92527055740356,168370
68.92807340621948,168370
68.93086457252502,168370
68.93366622924805,168370
68.93647575378418,168370
68.93927192687988,168370
68.94208312034607,168370
68.94486594200134,168370
68.94766855239868,168370
68.95096206665039,168370
68.95380020141602,168370
68.95662760734558,168370
68.95945501327515,168370
68.96227741241455,168370
68.96510219573975,168370
68.96795535087585,168370
68.9707601070404,168370
68.97356986999512,168370
68.97638130187988,168370
68.97918438911438,168370
68.98197770118713,168370
68.98479413986206,168370
68.98761224746704,168370
68.99042320251465,168370
68.99324035644531,168370
68.99604558944702,168370
68.99882555007935,168370
69.00162935256958,168370
69.00443720817566,168370
69.00723814964294,168370
69.0100326538086,168370
69.01284694671631,168370
69.01564502716064,168370
69.01844811439514,168370
69.02227568626404,168370
69.02734708786011,168370
69.03045535087585,168370
69.03327870368958,168370
69.03609490394592,168370
69.03889775276184,168370
69.04169988632202,168370
69.0445191860199,168370
69.04732131958008,168370
69.05013108253479,168370
69.05293798446655,168370
69.05574345588684,168370
69.05855011940002,168370
69.061354637146,168370
69.06416726112366,168370
69.0669629573822,168370
69.06975746154785,168370
69.0725736618042,168370
69.07537841796875,168370
69.07819104194641,168370
69.0809874534607,168370
69.08380818367004,168370
69.08660745620728,168370
69.08941006660461,168370
69.09222626686096,168370
69.0950379371643,168370
69.09783029556274,168370
69.10063862800598,168370
69.10345506668091,168370
69.10626816749573,168370
69.10908126831055,168370
69.11188769340515,168370
69.11469793319702,168370
69.11750197410583,168370
69.12031316757202,168370
69.12313508987427,168370
69.12593746185303,168370
69.12873435020447,168370
69.1315348148346,168370
69.13435173034668,168370
69.13714647293091,168370
69.1399462223053,168370
69.14275908470154,168370
69.1455626487732,168370
69.14837002754211,168370
69.15118145942688,168370
69.15399312973022,168370
69.15679621696472,168370
69.159592628479,168370
69.1624047756195,168370
69.16521143913269,168370
69.16802430152893,168370
69.170818567276,168370
69.17363739013672,168370
69.17644214630127,168370
69.17924904823303,168370
69.18206644058228,168370
69.18486475944519,168370
69.18765544891357,168370
69.19046878814697,168370
69.19328713417053,168370
69.19609355926514,168370
69.19889116287231,168370
69.20169162750244,168370
69.20451331138611,168370
69.20731854438782,168370
69.21012926101685,168370
69.21294832229614,168370
69.2157473564148,168370
69.21856760978699,168370
69.22137117385864,168370
69.22419738769531,168370
69.22699618339539,168370
69.2297956943512,168370
69.23261022567749,168370
69.23542189598083,168370
69.23823022842407,168370
69.24104022979736,168370
69.24384570121765,168370
69.24665236473083,168370
69.24945735931396,168370
69.25227618217468,168370
69.25508499145508,168370
69.25788116455078,168370
69.26067924499512,168370
69.26349687576294,168370
69.26629996299744,168370
69.26910734176636,168370
69.27190351486206,168370
69.27471590042114,168370
69.2775194644928,168370
69.28032493591309,168370
69.28313326835632,168370
69.28593587875366,168370
69.28872442245483,168370
69.2915244102478,168370
69.29434275627136,168370
69.29714298248291,168370
69.29994082450867,168370
69.3027606010437,168370
69.30557227134705,168370
69.30838584899902,168370
69.31119394302368,168370
69.31400203704834,168370
69.31679344177246,168370
69.31960034370422,168370
69.32241535186768,168370
69.32523155212402,168370
69.32803606987,168370
69.3308310508728,168370
69.33364009857178,168370
69.33644461631775,168370
69.33924627304077,168370
69.34205746650696,168370
69.34484839439392,168370
69.34765124320984,168370
69.35045790672302,168370
69.35327339172363,168370
69.35606813430786,168370
69.35886931419373,168370
69.36167287826538,168370
69.3644905090332,168370
69.36729431152344,168370
69.37009406089783,168370
69.37289142608643,168370
69.37569189071655,168370
69.37848830223083,168370
69.3812963962555,168370
69.38411235809326,168370
69.38691973686218,168370
69.38971900939941,168370
69.39252996444702,168370
69.39533352851868,168370
69.39813208580017,168370
69.40092253684998,168370
69.4037435054779,168370
69.4065489768982,168370
69.40935444831848,168370
69.41217136383057,168370
69.41496992111206,168370
69.41777563095093,168370
69.42058444023132,168370
69.42339944839478,168370
69.4262101650238,168370
69.42900896072388,168370
69.43181419372559,168370
69.4346272945404,168370
69.43743133544922,168370
69.44024229049683,168370
69.44305324554443,168370
69.44585037231445,168370
69.44865918159485,168370
69.45146131515503,168370
69.45428204536438,168370
69.45708322525024,168370
69.45991826057434,168370
69.46274971961975,168370
69.46555614471436,168370
69.46836471557617,168370
69.47117877006531,168370
69.47399163246155,168370
69.47679495811462,168370
69.47959518432617,168370
69.4824116230011,168370
69.48521614074707,168370
69.48801493644714,168370
69.49081683158875,168370
69.4936363697052,168370
69.49644112586975,168370
69.4992458820343,168370
69.50206923484802,168370
69.50487470626831,168370
69.50767517089844,168370
69.5104832649231,168370
69.51329684257507,168370
69.51611018180847,168370
69.51891016960144,168370
69.52171540260315,168370
69.52453637123108,168370
69.52734565734863,168370
69.53016352653503,168370
69.5329737663269,168370
69.53577160835266,168370
69.53858208656311,168370
69.54138731956482,168370
69.54420781135559,168370
69.54700708389282,168370
69.54981279373169,168370
69.55265736579895,168370
69.55548048019409,168370
69.55828189849854,168370
69.56108951568604,168370
69.56390142440796,168370
69.56669998168945,168370
69.56950736045837,168370
69.5723295211792,168370
69.57513546943665,168370
69.5779345035553,168370
69.58072996139526,168370
69.58355188369751,168370
69.58635187149048,168370
69.58916234970093,168370
69.59196519851685,168370
69.59477257728577,168370
69.59756565093994,168370
69.60037136077881,168370
69.60320520401001,168370
69.60601329803467,168370
69.60880899429321,168370
69.61161160469055,168370
69.6144278049469,168370
69.6172411441803,168370
69.62003755569458,168370
69.62283611297607,168370
69.62563514709473,168370
69.62844848632812,168370
69.63124895095825,168370
69.63406467437744,168370
69.63685417175293,168370
69.6396553516388,168370
69.64247274398804,168370
69.64528298377991,168370
69.64808940887451,168370
69.65088891983032,168370
69.65370512008667,168370
69.65650987625122,168370
69.65932106971741,168370
69.66213726997375,168370
69.66493368148804,168370
69.6677348613739,168370
69.67054033279419,168370
69.67335677146912,168370
69.67616391181946,168370
69.67896294593811,168370
69.68175458908081,168370
69.68457245826721,168370
69.68737483024597,168370
69.69018745422363,168370
69.69298768043518,168370
69.69580364227295,168370
69.69860816001892,168370
69.70141625404358,168370
69.70423913002014,168370
69.70704483985901,168370
69.70983362197876,168370
69.71264553070068,168370
69.7154552936554,168370
69.71826148033142,168370
69.72106146812439,168370
69.72386765480042,168370
69.7266674041748,168370
69.7294716835022,168370
69.73228406906128,168370
69.73508596420288,168370
69.73787450790405,168370
69.74068260192871,168370
69.7434983253479,168370
69.74630641937256,168370
69.74911427497864,168370
69.7519142627716,168370
69.75471639633179,168370
69.75752758979797,168370
69.76033020019531,168370
69.76319336891174,168370
69.76599335670471,168370
69.76882004737854,168370
69.77166771888733,168370
69.77449655532837,168370
69.77731823921204,168370
69.78012871742249,168370
69.78295063972473,168370
69.7857666015625,168370
69.78857636451721,168370
69.79138231277466,168370
69.79420185089111,168370
69.79700350761414,168370
69.79980993270874,168370
69.80263209342957,168370
69.80543446540833,168370
69.80824613571167,168370
69.81105041503906,168370
69.81385779380798,168370
69.81665849685669,168370
69.81946349143982,168370
69.82227158546448,168370
69.8250777721405,168370
69.82787013053894,168370
69.83067393302917,168370
69.83348560333252,168370
69.83629035949707,168370
69.8390998840332,168370
69.84190440177917,168370
69.8447060585022,168370
69.84752082824707,168370
69.85032248497009,168370
69.85313868522644,168370
69.85593175888062,168370
69.85874032974243,168370
69.8615460395813,168370
69.86436462402344,168370
69.8671646118164,168370
69.86995649337769,168370
69.87276315689087,168370
69.87556910514832,168370
69.87836956977844,168370
69.88117814064026,168370
69.88398790359497,168370
69.88679575920105,168370
69.8895971775055,168370
69.89241647720337,168370
69.89522552490234,168370
69.89802742004395,168370
69.9008219242096,168370
69.90363192558289,168370
69.90642285346985,168370
69.90923762321472,168370
69.9120442867279,168370
69.9148485660553,168370
69.9176459312439,168370
69.92048835754395,168370
69.92330265045166,168370
69.92610907554626,168370
69.9289083480835,168370
69.93170499801636,168370
69.9345190525055,168370
69.93732023239136,168370
69.94012832641602,168370
69.94294619560242,168370
69.94573903083801,168370
69.9485387802124,168370
69.9518129825592,168370
69.95465755462646,168370
69.9574921131134,168370
69.96033811569214,168370
69.96316957473755,168370
69.96599674224854,168370
69.96880173683167,168370
69.97159814834595,168370
69.97441363334656,168370
69.9772322177887,168370
69.9800398349762,168370
69.98284816741943,168370
69.98565578460693,168370
69.98845553398132,168370
69.9912576675415,168370
69.9940755367279,168370
69.99687075614929,168370
69.99967670440674,168370
70.00252413749695,168370
70.00536918640137,168370
70.00819993019104,168370
70.01102352142334,168370
70.01382851600647,168370
70.0166368484497,168370
70.0194525718689,168370
70.02227282524109,168370
70.02508568763733,168370
70.02788949012756,168370
70.03068733215332,168370
70.03350567817688,168370
70.03631734848022,168370
70.03912019729614,168370
70.04191422462463,168370
70.04472088813782,168370
70.04752707481384,168370
70.05033373832703,168370
70.05315089225769,168370
70.05595088005066,168370
70.05874848365784,168370
70.06156492233276,168370
70.0643835067749,168370
70.06719851493835,168370
70.06999635696411,168370
70.07280898094177,168370
70.07561683654785,168370
70.07842183113098,168370
70.0812246799469,168370
70.08404469490051,168370
70.08684730529785,168370
70.08965229988098,168370
70.0924654006958,168370
70.09527373313904,168370
70.0981035232544,168370
70.10092854499817,168370
70.10375428199768,168370
70.10656523704529,168370
70.109379529953,168370
70.11219787597656,168370
70.11499881744385,168370
70.11780738830566,168370
70.12060856819153,168370
70.12342166900635,168370
70.12623596191406,168370
70.12903809547424,168370
70.13183403015137,168370
70.1346538066864,168370
70.13745784759521,168370
70.14026546478271,168370
70.14307761192322,168370
70.14588522911072,168370
70.148686170578,168370
70.1514880657196,168370
70.1543128490448,168370
70.15712761878967,168370
70.15992379188538,168370
70.16272830963135,168370
70.1655285358429,168370
70.16834139823914,168370
70.17114162445068,168370
70.17395448684692,168370
70.17674684524536,168370
70.17955803871155,168370
70.18236899375916,168370
70.18517899513245,168370
70.18797659873962,168370
70.19078421592712,168370
70.19359469413757,168370
70.19640398025513,168370
70.19920802116394,168370
70.20200562477112,168370
70.20480680465698,168370
70.20760345458984,168370
70.21040630340576,168370
70.21322512626648,168370
70.21601557731628,168370
70.21882343292236,168370
70.22162699699402,168370
70.22444033622742,168370
70.22724437713623,168370
70.23004603385925,168370
70.23284935951233,168370
70.23565340042114,168370
70.23845648765564,168370
70.24125552177429,168370
70.24407076835632,168370
70.24687004089355,168370
70.24966788291931,168370
70.25247740745544,168370
70.2552797794342,168370
70.25808620452881,168370
70.26088094711304,168370
70.26369833946228,168370
70.26650166511536,168370
70.2693121433258,168370
70.27212285995483,168370
70.27492213249207,168370
70.27771782875061,168370
70.28053259849548,168370
70.28334879875183,168370
70.2861578464508,168370
70.28895163536072,168370
70.29175472259521,168370
70.29457545280457,168370
70.29737830162048,168370
70.30018329620361,168370
70.3029887676239,168370
70.30579209327698,168370
70.30858778953552,168370
70.31139349937439,168370
70.31422305107117,168370
70.31702518463135,168370
70.31981587409973,168370
70.32263350486755,168370
70.32544279098511,168370
70.3282425403595,168370
70.33104968070984,168370
70.33385062217712,168370
70.33665442466736,168370
70.33945393562317,168370
70.34226512908936,168370
70.34506678581238,168370
70.34786224365234,168370
70.35067057609558,168370
70.35349321365356,168370
70.35629749298096,168370
70.35910558700562,168370
70.36189293861389,168370
70.36470675468445,168370
70.36750793457031,168370
70.37031507492065,168370
70.37313103675842,168370
70.37592339515686,168370
70.37871789932251,168370
70.38152956962585,168370
70.38434791564941,168370
70.38715267181396,168370
70.38996124267578,168370
70.39277935028076,168370
70.39557576179504,168370
70.39837598800659,168370
70.40118145942688,168370
70.40399980545044,168370
70.40679836273193,168370
70.40960717201233,168370
70.41242027282715,168370
70.41523766517639,168370
70.41804265975952,168370
70.42084074020386,168370
70.42366600036621,168370
70.42646884918213,168370
70.42927312850952,168370
70.43208956718445,168370
70.43489480018616,168370
70.43769073486328,168370
70.44049501419067,168370
70.44331622123718,168370
70.44611859321594,168370
70.44891667366028,168370
70.45171761512756,168370
70.4545373916626,168370
70.45734524726868,168370
70.46015405654907,168370
70.4629693031311,168370
70.4657735824585,168370
70.46857571601868,168370
70.47138571739197,168370
70.47420144081116,168370
70.47700047492981,168370
70.47979855537415,168370
70.48260831832886,168370
70.48541116714478,168370
70.48822689056396,168370
70.49103379249573,168370
70.49383425712585,168370
70.49662828445435,168370
70.4994330406189,168370
70.50225234031677,168370
70.50506496429443,168370
70.50785946846008,168370
70.51065921783447,168370
70.51347327232361,168370
70.51628351211548,168370
70.51909327507019,168370
70.52189183235168,168370
70.52470397949219,168370
70.52751111984253,168370
70.53032493591309,168370
70.53314638137817,168370
70.53594660758972,168370
70.53874850273132,168370
70.54154968261719,168370
70.5443708896637,168370
70.5471761226654,168370
70.549978017807,168370
70.55282258987427,168370
70.55563926696777,168370
70.55845212936401,168370
70.5612621307373,168370
70.56408190727234,168370
70.5668785572052,168370
70.56966853141785,168370
70.57248163223267,168370
70.57529354095459,168370
70.57810139656067,168370
70.58089542388916,168370
70.58370447158813,168370
70.58650875091553,168370
70.58931756019592,168370
70.59213256835938,168370
70.59492754936218,168370
70.59772562980652,168370
70.60052680969238,168370
70.60335159301758,168370
70.60636281967163,168370
70.60917139053345,168370
70.61197566986084,168370
70.61478543281555,168370
70.61759662628174,168370
70.62040185928345,168370
70.6232225894928,168370
70.62602877616882,168370
70.62881708145142,168370
70.6316168308258,168370
70.63442802429199,168370
70.63722634315491,168370
70.64002990722656,168370
70.64282631874084,168370
70.6456286907196,168370
70.6484375,168370
70.65124988555908,168370
70.65405941009521,168370
70.65685319900513,168370
70.65964770317078,168370
70.66245985031128,168370
70.66527080535889,168370
70.66808342933655,168370
70.67088270187378,168370
70.67370009422302,168370
70.67650198936462,168370
70.67930817604065,168370
70.68212652206421,168370
70.6849274635315,168370
70.6877191066742,168370
70.6905345916748,168370
70.69335126876831,168370
70.69616603851318,168370
70.69896149635315,168370
70.70176720619202,168370
70.70457696914673,168370
70.7073826789856,168370
70.71018958091736,168370
70.71299147605896,168370
70.71579670906067,168370
70.71860432624817,168370
70.72141313552856,168370
70.72423219680786,168370
70.72703886032104,168370
70.72983884811401,168370
70.73265075683594,168370
70.7354588508606,168370
70.73827004432678,168370
70.74107933044434,168370
70.74388670921326,168370
70.74668335914612,168370
70.74949169158936,168370
70.75230979919434,168370
70.75511479377747,168370
70.75791430473328,168370
70.76071286201477,168370
70.76353049278259,168370
70.7663357257843,168370
70.76914477348328,168370
70.77194356918335,168370
70.77475214004517,168370
70.77754998207092,168370
70.78035974502563,168370
70.7831768989563,168370
70.78598237037659,168370
70.7887864112854,168370
70.79159426689148,168370
70.79441952705383,168370
70.79723024368286,168370
70.80003786087036,168370
70.80284547805786,168370
70.80564904212952,168370
70.80845236778259,168370
70.81125402450562,168370
70.81407308578491,168370
70.8168671131134,168370
70.81967115402222,168370
70.82248139381409,168370
70.82529544830322,168370
70.82809948921204,168370
70.83089089393616,168370
70.83369779586792,168370
70.83650350570679,168370
70.83931064605713,168370
70.84212827682495,168370
70.8449215888977,168370
70.84771299362183,168370
70.85051894187927,168370
70.853342294693,168370
70.8561418056488,168370
70.8589403629303,168370
70.86174368858337,168370
70.86455726623535,168370
70.86736726760864,168370
70.8701741695404,168370
70.87298202514648,168370
70.87578105926514,168370
70.87858462333679,168370
70.88138747215271,168370
70.88420104980469,168370
70.88700532913208,168370
70.88980340957642,168370
70.89260959625244,168370
70.89541482925415,168370
70.89823198318481,168370
70.90104842185974,168370
70.9038553237915,168370
70.90664887428284,168370
70.90945410728455,168370
70.91226959228516,168370
70.9150722026825,168370
70.91789770126343,168370
70.92070984840393,168370
70.92353200912476,168370
70.9263424873352,168370
70.92914271354675,168370
70.9319429397583,168370
70.934743642807,168370
70.93755555152893,168370
70.94035720825195,168370
70.94317293167114,168370
70.94597268104553,168370
70.94877195358276,168370
70.95201373100281,168370
70.95486974716187,168370
70.95769810676575,168370
70.9605302810669,168370
70.96337270736694,168370
70.96618843078613,168370
70.96898460388184,168370
70.97177934646606,168370
70.97459173202515,168370
70.97740578651428,168370
70.98021245002747,168370
70.9830276966095,168370
70.98582196235657,168370
70.9886360168457,168370
70.99143171310425,168370
70.99425458908081,168370
70.99706029891968,168370
70.99985265731812,168370
71.00266408920288,168370
71.0054657459259,168370
71.00826668739319,168370
71.01106929779053,168370
71.01387739181519,168370
71.01666855812073,168370
71.01946592330933,168370
71.02228331565857,168370
71.0250916481018,168370
71.02788376808167,168370
71.03068423271179,168370
71.03349566459656,168370
71.03630185127258,168370
71.03911471366882,168370
71.04191160202026,168370
71.0447199344635,168370
71.04751586914062,168370
71.05032300949097,168370
71.05313444137573,168370
71.05593633651733,168370
71.05873203277588,168370
71.0615348815918,168370
71.06434488296509,168370
71.0671455860138,168370
71.06993794441223,168370
71.07273840904236,168370
71.07553768157959,168370
71.07834672927856,168370
71.08115601539612,168370
71.08396625518799,168370
71.08676886558533,168370
71.08957695960999,168370
71.09239029884338,168370
71.09519934654236,168370
71.0980019569397,168370
71.10079669952393,168370
71.1035966873169,168370
71.10640692710876,168370
71.10921716690063,168370
71.11202955245972,168370
71.1148271560669,168370
71.11763048171997,168370
71.12043023109436,168370
71.12324714660645,168370
71.1260416507721,168370
71.12883472442627,168370
71.13163733482361,168370
71.13445401191711,168370
71.13725137710571,168370
71.14005994796753,168370
71.14285588264465,168370
71.14565777778625,168370
71.14846229553223,168370
71.15126204490662,168370
71.15407490730286,168370
71.15687036514282,168370
71.15965390205383,168370
71.16246342658997,168370
71.16526651382446,168370
71.16806721687317,168370
71.17085886001587,168370
71.17367100715637,168370
71.17646884918213,168370
71.17928123474121,168370
71.18209171295166,168370
71.18488121032715,168370
71.18767595291138,168370
71.19048118591309,168370
71.19329142570496,168370
71.19609308242798,168370
71.19887900352478,168370
71.20167112350464,168370
71.20448040962219,168370
71.20729160308838,168370
71.21009469032288,168370
71.21293306350708,168370
71.21577143669128,168370
71.21859693527222,168370
71.22142577171326,168370
71.22426795959473,168370
71.22707986831665,168370
71.22988486289978,168370
71.23269653320312,168370
71.23550724983215,168370
71.23830699920654,168370
71.24111223220825,168370
71.24391341209412,168370
71.24671840667725,168370
71.24952816963196,168370
71.25235629081726,168370
71.25516486167908,168370
71.25796604156494,168370
71.26077127456665,168370
71.26358294487,168370
71.26638627052307,168370
71.26919460296631,168370
71.27198505401611,168370
71.2748019695282,168370
71.27760028839111,168370
71.28041052818298,168370
71.28322720527649,168370
71.28603029251099,168370
71.28881812095642,168370
71.29162549972534,168370
71.29443287849426,168370
71.29723739624023,168370
71.30006074905396,168370
71.30286192893982,168370
71.30566501617432,168370
71.30847144126892,168370
71.31127095222473,168370
71.3140869140625,168370
71.31687617301941,168370
71.31968283653259,168370
71.32249426841736,168370
71.32530236244202,168370
71.32810068130493,168370
71.33089256286621,168370
71.33370018005371,168370
71.33650326728821,168370
71.33931374549866,168370
71.34213376045227,168370
71.34492802619934,168370
71.34772849082947,168370
71.35052251815796,168370
71.35333442687988,168370
71.35613870620728,168370
71.35894846916199,168370
71.36174201965332,168370
71.36455702781677,168370
71.36736702919006,168370
71.37017941474915,168370
71.37298583984375,168370
71.3757905960083,168370
71.37859439849854,168370
71.38139414787292,168370
71.38421273231506,168370
71.38700938224792,168370
71.38980746269226,168370
71.39261817932129,168370
71.39542961120605,168370
71.39823937416077,168370
71.40104174613953,168370
71.40385174751282,168370
71.40665578842163,168370
71.40946555137634,168370
71.41228151321411,168370
71.41509819030762,168370
71.41789269447327,168370
71.42069554328918,168370
71.42350697517395,168370
71.42631578445435,168370
71.42911863327026,168370
71.43192100524902,168370
71.43473315238953,168370
71.43754005432129,168370
71.44034695625305,168370
71.4431700706482,168370
71.44597697257996,168370
71.44878959655762,168370
71.45159268379211,168370
71.45440483093262,168370
71.45721006393433,168370
71.46001124382019,168370
71.46281743049622,168370
71.46562576293945,168370
71.46843028068542,168370
71.47124361991882,168370
71.47407031059265,168370
71.47686004638672,168370
71.47966027259827,168370
71.48247694969177,168370
71.48529005050659,168370
71.48809695243835,168370
71.4909040927887,168370
71.49371218681335,168370
71.49651718139648,168370
71.49931645393372,168370
71.50214123725891,168370
71.50494456291199,168370
71.50775122642517,168370
71.51055574417114,168370
71.51337170600891,168370
71.51617980003357,168370
71.51898193359375,168370
71.52178025245667,168370
71.52458715438843,168370
71.52739906311035,168370
71.53020453453064,168370
71.53301215171814,168370
71.53581190109253,168370
71.53860926628113,168370
71.54141187667847,168370
71.54423117637634,168370
71.54703044891357,168370
71.54982948303223,168370
71.5526602268219,168370
71.55547189712524,168370
71.5582811832428,168370
71.56109309196472,168370
71.56389164924622,168370
71.56669521331787,168370
71.56950187683105,168370
71.57231736183167,168370
71.57512259483337,168370
71.5779242515564,168370
71.58071947097778,168370
71.58353781700134,168370
71.58634114265442,168370
71.58914399147034,168370
71.59194326400757,168370
71.5947630405426,168370
71.59756565093994,168370
71.60037660598755,168370
71.60318493843079,168370
71.60599780082703,168370
71.6087920665741,168370
71.61159324645996,168370
71.61440825462341,168370
71.61721873283386,168370
71.62001180648804,168370
71.62281966209412,168370
71.62561845779419,168370
71.62842059135437,168370
71.63122034072876,168370
71.6340389251709,168370
71.63682985305786,168370
71.63963794708252,168370
71.64245533943176,168370
71.64526581764221,168370
71.64807152748108,168370
71.6508617401123,168370
71.65366983413696,168370
71.65648031234741,168370
71.65929055213928,168370
71.66211414337158,168370
71.66491055488586,168370
71.66771721839905,168370
71.67052125930786,168370
71.67334294319153,168370
71.67614769935608,168370
71.67894911766052,168370
71.68174934387207,168370
71.68456506729126,168370
71.68736362457275,168370
71.69016599655151,168370
71.6929657459259,168370
71.69576907157898,168370
71.69857621192932,168370
71.70138454437256,168370
71.70419478416443,168370
71.7070004940033,168370
71.70979881286621,168370
71.71261692047119,168370
71.71542143821716,168370
71.71823310852051,168370
71.72103261947632,168370
71.7238438129425,168370
71.72664189338684,168370
71.7294602394104,168370
71.73227500915527,168370
71.73507738113403,168370
71.73786926269531,168370
71.74067091941833,168370
71.74348068237305,168370
71.74629473686218,168370
71.74910235404968,168370
71.7518961429596,168370
71.75470089912415,168370
71.75751543045044,168370
71.76031589508057,168370
71.76312756538391,168370
71.76591777801514,168370
71.7687258720398,168370
71.77152991294861,168370
71.7743501663208,168370
71.77715396881104,168370
71.77995777130127,168370
71.7827672958374,168370
71.78557229042053,168370
71.78837847709656,168370
71.7911810874939,168370
71.79398703575134,168370
71.79679107666016,168370
71.79958653450012,168370
71.80240631103516,168370
71.80521559715271,168370
71.80802154541016,168370
71.81087064743042,168370
71.81369137763977,168370
71.81649541854858,168370
71.8193826675415,168370
71.82220244407654,168370
71.82500910758972,168370
71.82780361175537,168370
71.83061099052429,168370
71.83344507217407,168370
71.83625364303589,168370
71.83906078338623,168370
71.8418595790863,168370
71.84467625617981,168370
71.84748363494873,168370
71.85029292106628,168370
71.85312151908875,168370
71.85592675209045,168370
71.85871839523315,168370
71.86151957511902,168370
71.86433911323547,168370
71.86714267730713,168370
71.86994361877441,168370
71.87275719642639,168370
71.87556624412537,168370
71.87837791442871,168370
71.88119125366211,168370
71.8840000629425,168370
71.88680267333984,168370
71.8896005153656,168370
71.89240837097168,168370
71.8952100276947,168370
71.89805006980896,168370
71.90088057518005,168370
71.90369820594788,168370
71.90649557113647,168370
71.90929913520813,168370
71.91211295127869,168370
71.91491794586182,168370
71.91771960258484,168370
71.92055749893188,168370
71.92337608337402,168370
71.92618489265442,168370
71.92897939682007,168370
71.93177890777588,168370
71.93458247184753,168370
71.93738436698914,168370
71.9401924610138,168370
71.94299793243408,168370
71.94579339027405,168370
71.94860029220581,168370
71.95154523849487,168370
71.9546766281128,168370
71.95751619338989,168370
71.96035051345825,168370
71.96319890022278,168370
71.96600985527039,168370
71.968820810318,168370
71.97164750099182,168370
71.9744668006897,168370
71.97727513313293,168370
71.98008131980896,168370
71.98287868499756,168370
71.98568439483643,168370
71.98849558830261,168370
71.9913022518158,168370
71.9941177368164,168370
71.99691343307495,168370
71.99971199035645,168370
72.00251698493958,168370
72.00532484054565,168370
72.00813245773315,168370
72.01093292236328,168370
72.01373100280762,168370
72.01653814315796,168370
72.01934242248535,168370
72.02215671539307,168370
72.0249536037445,168370
72.02776432037354,168370
72.03055930137634,168370
72.03338193893433,168370
72.03618168830872,168370
72.0389769077301,168370
72.04177784919739,168370
72.04459238052368,168370
72.04739761352539,168370
72.05020689964294,168370
72.0530138015747,168370
72.05581212043762,168370
72.05860805511475,168370
72.0614185333252,168370
72.06423592567444,168370
72.06704711914062,168370
72.06984043121338,168370
72.07265591621399,168370
72.07546043395996,168370
72.07826495170593,168370
72.08106017112732,168370
72.08390045166016,168370
72.0867018699646,168370
72.0895094871521,168370
72.09233069419861,168370
72.09513545036316,168370
72.09793710708618,168370
72.10073375701904,168370
72.10354566574097,168370
72.10634446144104,168370
72.10914921760559,168370
72.11194825172424,168370
72.11476469039917,168370
72.11756420135498,168370
72.12037086486816,168370
72.12317848205566,168370
72.12598371505737,168370
72.12877988815308,168370
72.13159251213074,168370
72.1344063282013,168370
72.13721179962158,168370
72.14000964164734,168370
72.14281415939331,168370
72.14561867713928,168370
72.14842796325684,168370
72.15123009681702,168370
72.15405130386353,168370
72.1568443775177,168370
72.15964651107788,168370
72.16245889663696,168370
72.16526460647583,168370
72.16805672645569,168370
72.17084836959839,168370
72.173663854599,168370
72.17647981643677,168370
72.17928385734558,168370
72.18210315704346,168370
72.18489480018616,168370
72.18769240379333,168370
72.19049119949341,168370
72.1933000087738,168370
72.19610548019409,168370
72.19890332221985,168370
72.20170068740845,168370
72.2045214176178,168370
72.2073233127594,168370
72.21012783050537,168370
72.21291851997375,168370
72.21572494506836,168370
72.2185435295105,168370
72.22134923934937,168370
72.22416567802429,168370
72.22696089744568,168370
72.22976398468018,168370
72.23258566856384,168370
72.23539471626282,168370
72.23820400238037,168370
72.24099850654602,168370
72.2438154220581,168370
72.24661779403687,168370
72.24942660331726,168370
72.25223469734192,168370
72.25504350662231,168370
72.25783467292786,168370
72.26064419746399,168370
72.26345491409302,168370
72.26626634597778,168370
72.26906681060791,168370
72.2718608379364,168370
72.27466988563538,168370
72.2774760723114,168370
72.2802722454071,168370
72.28309345245361,168370
72.28589105606079,168370
72.28869104385376,168370
72.29149866104126,168370
72.29431653022766,168370
72.29712128639221,168370
72.29991936683655,168370
72.30272006988525,168370
72.30552172660828,168370
72.30832362174988,168370
72.3111310005188,168370
72.31393647193909,168370
72.31674242019653,168370
72.31953930854797,168370
72.32235169410706,168370
72.3251588344574,168370
72.32796859741211,168370
72.33078360557556,168370
72.33359622955322,168370
72.3363995552063,168370
72.33920574188232,168370
72.34200739860535,168370
72.3448212146759,168370
72.34762358665466,168370
72.35042691230774,168370
72.35324621200562,168370
72.35605549812317,168370
72.35884857177734,168370
72.36165452003479,168370
72.36446785926819,168370
72.3672788143158,168370
72.37008547782898,168370
72.37289094924927,168370
72.37568688392639,168370
72.37848806381226,168370
72.38129353523254,168370
72.38411140441895,168370
72.38690567016602,168370
72.38970279693604,168370
72.39251470565796,168370
72.3953173160553,168370
72.39812541007996,168370
72.40092611312866,168370
72.40372014045715,168370
72.40652680397034,168370
72.40932989120483,168370
72.41215133666992,168370
72.4149522781372,168370
72.41775894165039,168370
72.42055225372314,168370
72.42337322235107,168370
72.42617964744568,168370
72.42898845672607,168370
72.4317855834961,168370
72.43460178375244,168370
72.43739795684814,168370
72.4402084350586,168370
72.44301533699036,168370
72.44581270217896,168370
72.44861006736755,168370
72.45142030715942,168370
72.45423889160156,168370
72.4570529460907,168370
72.4598388671875,168370
72.46264624595642,168370
72.46545195579529,168370
72.46826434135437,168370
72.47107005119324,168370
72.47387790679932,168370
72.47667574882507,168370
72.47948288917542,168370
72.48229432106018,168370
72.48509693145752,168370
72.4878900051117,168370
72.49069142341614,168370
72.49350214004517,168370
72.49630355834961,168370
72.499107837677,168370
72.50190806388855,168370
72.50470042228699,168370
72.50750708580017,168370
72.51031017303467,168370
72.51312351226807,168370
72.51591920852661,168370
72.51871681213379,168370
72.52150988578796,168370
72.52432489395142,168370
72.5271303653717,168370
72.52993106842041,168370
72.53273320198059,168370
72.53553628921509,168370
72.53833842277527,168370
72.54113864898682,168370
72.54394364356995,168370
72.54674696922302,168370
72.5495491027832,168370
72.55238652229309,168370
72.55519819259644,168370
72.55800175666809,168370
72.56080389022827,168370
72.56360864639282,168370
72.56642293930054,168370
72.56923651695251,168370
72.57205057144165,168370
72.57484745979309,168370
72.57764768600464,168370
72.5804591178894,168370
72.58327865600586,168370
72.5860948562622,168370
72.58889651298523,168370
72.59170866012573,168370
72.59453511238098,168370
72.59734654426575,168370
72.60014462471008,168370
72.60295581817627,168370
72.60576272010803,168370
72.60875391960144,168370
72.61156105995178,168370
72.61437940597534,168370
72.61718416213989,168370
72.61998701095581,168370
72.62279176712036,168370
72.62559938430786,168370
72.62839937210083,168370
72.6312096118927,168370
72.63401460647583,168370
72.63682126998901,168370
72.63961482048035,168370
72.64242768287659,168370
72.64523267745972,168370
72.64804363250732,168370
72.65082812309265,168370
72.65365266799927,168370
72.65645933151245,168370
72.65926480293274,168370
72.6620819568634,168370
72.66488647460938,168370
72.66768479347229,168370
72.67048811912537,168370
72.67330241203308,168370
72.67610907554626,168370
72.6789026260376,168370
72.68170976638794,168370
72.68452715873718,168370
72.68734216690063,168370
72.69014430046082,168370
72.69294357299805,168370
72.69575142860413,168370
72.69855499267578,168370
72.70136570930481,168370
72.70418763160706,168370
72.7069821357727,168370
72.70978593826294,168370
72.71259927749634,168370
72.71541047096252,168370
72.71824860572815,168370
72.72106838226318,168370
72.72387552261353,168370
72.72667932510376,168370
72.72948360443115,168370
72.73230600357056,168370
72.73511219024658,168370
72.73791432380676,168370
72.74071097373962,168370
72.74353003501892,168370
72.74634170532227,168370
72.74914765357971,168370
72.75194692611694,168370
72.75476121902466,168370
72.75756072998047,168370
72.76036882400513,168370
72.76318883895874,168370
72.76598763465881,168370
72.7687873840332,168370
72.77160096168518,168370
72.77441787719727,168370
72.77722573280334,168370
72.78003787994385,168370
72.78284239768982,168370
72.78564739227295,168370
72.7884669303894,168370
72.79127669334412,168370
72.79409265518188,168370
72.79688310623169,168370
72.7996838092804,168370
72.80250334739685,168370
72.80532121658325,168370
72.8081328868866,168370
72.81093668937683,168370
72.81374955177307,168370
72.81656694412231,168370
72.81937646865845,168370
72.82219886779785,168370
72.82499480247498,168370
72.82779216766357,168370
72.83058714866638,168370
72.83340954780579,168370
72.83621716499329,168370
72.83902382850647,168370
72.8418185710907,168370
72.84463596343994,168370
72.8474440574646,168370
72.85025596618652,168370
72.85307145118713,168370
72.85586619377136,168370
72.85866951942444,168370
72.86147356033325,168370
72.86429142951965,168370
72.86710238456726,168370
72.86989951133728,168370
72.87272191047668,168370
72.87553429603577,168370
72.87834644317627,168370
72.88115501403809,168370
72.88396310806274,168370
72.8867735862732,168370
72.889577627182,168370
72.89239048957825,168370
72.89519739151001,168370
72.89799356460571,168370
72.9007978439331,168370
72.90360832214355,168370
72.90642309188843,168370
72.90922546386719,168370
72.91203498840332,168370
72.91482901573181,168370
72.91763114929199,168370
72.92047595977783,168370
72.92330265045166,168370
72.92610955238342,168370
72.92890906333923,168370
72.93170857429504,168370
72.93453073501587,168370
72.93733859062195,168370
72.9401524066925,168370
72.94295811653137,168370
72.94576978683472,168370
72.94857215881348,168370
72.95138311386108,168370
72.95465683937073,168370
72.95748519897461,168370
72.96031904220581,168370
72.96316504478455,168370
72.96598625183105,168370
72.96879076957703,168370
72.97159695625305,168370
72.97441291809082,168370
72.97721910476685,168370
72.98001217842102,168370
72.98281764984131,168370
72.9856207370758,168370
72.9884386062622,168370
72.99124455451965,168370
72.99405097961426,168370
72.99683713912964,168370
72.99962711334229,168370
73.0024471282959,168370
73.00525259971619,168370
73.00805830955505,168370
73.01084518432617,168370
73.01366209983826,168370
73.0164647102356,168370
73.01926922798157,168370
73.02207565307617,168370
73.0248715877533,168370
73.02767419815063,168370
73.03047585487366,168370
73.03329157829285,168370
73.03609132766724,168370
73.03888893127441,168370
73.04168272018433,168370
73.04448699951172,168370
73.04729008674622,168370
73.05008172988892,168370
73.05287003517151,168370
73.05567049980164,168370
73.05847883224487,168370
73.0612850189209,168370
73.0641028881073,168370
73.06688785552979,168370
73.06968712806702,168370
73.07250046730042,168370
73.0753083229065,168370
73.0780975818634,168370
73.08089470863342,168370
73.08373665809631,168370
73.08656787872314,168370
73.08937191963196,168370
73.09220004081726,168370
73.09499168395996,168370
73.09779405593872,168370
73.10058498382568,168370
73.1034049987793,168370
73.10620069503784,168370
73.10900449752808,168370
73.1117935180664,168370
73.1145977973938,168370
73.11739683151245,168370
73.12020301818848,168370
73.12300443649292,168370
73.12580418586731,168370
73.1285970211029,168370
73.13139271736145,168370
73.13419842720032,168370
73.1369948387146,168370
73.13979625701904,168370
73.14260721206665,168370
73.14540600776672,168370
73.14820623397827,168370
73.15100002288818,168370
73.1538016796112,168370
73.15660047531128,168370
73.15941214561462,168370
73.16222620010376,168370
73.1650276184082,168370
73.16781687736511,168370
73.17061924934387,168370
73.17342138290405,168370
73.17622423171997,168370
73.17901659011841,168370
73.18181681632996,168370
73.1846272945404,168370
73.18742966651917,168370
73.19022965431213,168370
73.19304156303406,168370
73.1958224773407,168370
73.19862341880798,168370
73.20141935348511,168370
73.20423316955566,168370
73.20703339576721,168370
73.20982122421265,168370
73.2126214504242,168370
73.21542167663574,168370
73.21822667121887,168370
73.22102403640747,168370
73.22382497787476,168370
73.22662878036499,168370
73.22942638397217,168370
73.23224234580994,168370
73.23504829406738,168370
73.23784327507019,168370
73.24064540863037,168370
73.24345922470093,168370
73.24626421928406,168370
73.24906349182129,168370
73.2518470287323,168370
73.25465393066406,168370
73.25745820999146,168370
73.26026320457458,168370
73.26306486129761,168370
73.26585173606873,168370
73.26864552497864,168370
73.27145576477051,168370
73.27426242828369,168370
73.27705979347229,168370
73.2798445224762,168370
73.28264832496643,168370
73.28544569015503,168370
73.2882444858551,168370
73.29103946685791,168370
73.2938449382782,168370
73.29664087295532,168370
73.29943895339966,168370
73.30224299430847,168370
73.30504703521729,168370
73.30783200263977,168370
73.31063485145569,168370
73.31343984603882,168370
73.31624293327332,168370
73.31903123855591,168370
73.32182359695435,168370
73.32462620735168,168370
73.32742524147034,168370
73.33022427558899,168370
73.33303046226501,168370
73.33581471443176,168370
73.3386127948761,168370
73.34141278266907,168370
73.3442325592041,168370
73.34701418876648,168370
73.34980988502502,168370
73.35261130332947,168370
73.35542416572571,168370
73.35822224617004,168370
73.3610270023346,168370
73.36382222175598,168370
73.36661958694458,168370
73.3694155216217,168370
73.37222671508789,168370
73.3750228881836,168370
73.3778133392334,168370
73.38060522079468,168370
73.38341641426086,168370
73.38621520996094,168370
73.38900709152222,168370
73.39180064201355,168370
73.39461660385132,168370
73.39741230010986,168370
73.4002161026001,168370
73.40301537513733,168370
73.40581369400024,168370
73.40861988067627,168370
73.4114236831665,168370
73.4142279624939,168370
73.41701459884644,168370
73.41980028152466,168370
73.4226086139679,168370
73.42540907859802,168370
73.42821002006531,168370
73.43100047111511,168370
73.43379759788513,168370
73.43659043312073,168370
73.43939304351807,168370
73.44220328330994,168370
73.44500136375427,168370
73.44778537750244,168370
73.4505865573883,168370
73.45339703559875,168370
73.45620465278625,168370
73.45899105072021,168370
73.4617850780487,168370
73.46458840370178,168370
73.46739435195923,168370
73.4701898097992,168370
73.47299861907959,168370
73.47579336166382,168370
73.47859716415405,168370
73.48139214515686,168370
73.48420906066895,168370
73.48699879646301,168370
73.4897894859314,168370
73.49259638786316,168370
73.49540448188782,168370
73.49819087982178,168370
73.50098824501038,168370
73.50379252433777,168370
73.50659537315369,168370
73.50939607620239,168370
73.51220870018005,168370
73.51499772071838,168370
73.51779317855835,168370
73.52058482170105,168370
73.52339482307434,168370
73.52619504928589,168370
73.52899312973022,168370
73.53178548812866,168370
73.53458738327026,168370
73.53738284111023,168370
73.54018068313599,168370
73.54298186302185,168370
73.54577493667603,168370
73.5485692024231,168370
73.55136179924011,168370
73.55420017242432,168370
73.55699944496155,168370
73.55978989601135,168370
73.56260442733765,168370
73.56540727615356,168370
73.56820750236511,168370
73.57100033760071,168370
73.57380890846252,168370
73.57660222053528,168370
73.5793993473053,168370
73.5822057723999,168370
73.58499717712402,168370
73.58779191970825,168370
73.59058928489685,168370
73.59340071678162,168370
73.59621596336365,168370
73.59900093078613,168370
73.60179471969604,168370
73.60461115837097,168370
73.60741710662842,168370
73.61021518707275,168370
73.61302709579468,168370
73.61580562591553,168370
73.6186056137085,168370
73.62140130996704,168370
73.62421727180481,168370
73.6270112991333,168370
73.62980699539185,168370
73.63260841369629,168370
73.63540530204773,168370
73.63820028305054,168370
73.64099144935608,168370
73.64380264282227,168370
73.64659881591797,168370
73.64939284324646,168370
73.65220308303833,168370
73.65499114990234,168370
73.65778374671936,168370
73.66058397293091,168370
73.66340470314026,168370
73.66620516777039,168370
73.66900587081909,168370
73.67179846763611,168370
73.67460823059082,168370
73.67741107940674,168370
73.68021750450134,168370
73.68302202224731,168370
73.68581819534302,168370
73.68861293792725,168370
73.69141125679016,168370
73.69421720504761,168370
73.69702482223511,168370
73.69981622695923,168370
73.70262265205383,168370
73.70543098449707,168370
73.70823621749878,168370
73.71103954315186,168370
73.71383833885193,168370
73.71663546562195,168370
73.71943593025208,168370
73.72224402427673,168370
73.72504591941833,168370
73.72782945632935,168370
73.73063135147095,168370
73.73343086242676,168370
73.7362289428711,168370
73.73901724815369,168370
73.74181246757507,168370
73.74462485313416,168370
73.74742889404297,168370
73.75022625923157,168370
73.7530460357666,168370
73.75583291053772,168370
73.75862121582031,168370
73.76141047477722,168370
73.76422667503357,168370
73.76701545715332,168370
73.76980972290039,168370
73.77261686325073,168370
73.77542090415955,168370
73.77821660041809,168370
73.78101229667664,168370
73.78381252288818,168370
73.78661918640137,168370
73.78942036628723,168370
73.79223084449768,168370
73.79502296447754,168370
73.79781007766724,168370
73.8006021976471,168370
73.80341267585754,168370
73.80620622634888,168370
73.80900263786316,168370
73.81179428100586,168370
73.81460070610046,168370
73.81740069389343,168370
73.82020092010498,168370
73.82300806045532,168370
73.82580709457397,168370
73.82860040664673,168370
73.83140206336975,168370
73.83420181274414,168370
73.83699584007263,168370
73.83979105949402,168370
73.84260368347168,168370
73.84540367126465,168370
73.84821057319641,168370
73.85099911689758,168370
73.85380554199219,168370
73.85659790039062,168370
73.85945701599121,168370
73.86227083206177,168370
73.865154504776,168370
73.86796021461487,168370
73.87076187133789,168370
73.87357997894287,168370
73.87637948989868,168370
73.87917876243591,168370
73.88198375701904,168370
73.88479137420654,168370
73.88759064674377,168370
73.89038872718811,168370
73.89319515228271,168370
73.89598798751831,168370
73.89879393577576,168370
73.90158772468567,168370
73.9043939113617,168370
73.90719246864319,168370
73.90998125076294,168370
73.91278052330017,168370
73.91558146476746,168370
73.91840887069702,168370
73.92121815681458,168370
73.92402601242065,168370
73.92682218551636,168370
73.92961835861206,168370
73.93243527412415,168370
73.935227394104,168370
73.9380235671997,168370
73.94081234931946,168370
73.94362449645996,168370
73.94642639160156,168370
73.949227809906,168370
73.9520354270935,168370
73.95528984069824,168370
73.95812439918518,168370
73.96095371246338,168370
73.96377778053284,168370
73.96658110618591,168370
73.96938371658325,168370
73.97219276428223,168370
73.97497224807739,168370
73.97777557373047,168370
73.9805760383606,168370
73.98338985443115,168370
73.98618698120117,168370
73.98898839950562,168370
73.9917848110199,168370
73.99459457397461,168370
73.99739480018616,168370
74.00019335746765,168370
74.00299096107483,168370
74.00579357147217,168370
74.0085883140564,168370
74.0113914012909,168370
74.01420950889587,168370
74.01701045036316,168370
74.0197901725769,168370
74.02259707450867,168370
74.02539300918579,168370
74.02819490432739,168370
74.03099012374878,168370
74.03379607200623,168370
74.03658652305603,168370
74.03938245773315,168370
74.04219102859497,168370
74.04498887062073,168370
74.0477888584137,168370
74.05059456825256,168370
74.05340576171875,168370
74.0562047958374,168370
74.05899500846863,168370
74.06179189682007,168370
74.0646014213562,168370
74.06739950180054,168370
74.07019424438477,168370
74.07299137115479,168370
74.0757827758789,168370
74.07858371734619,168370
74.08137822151184,168370
74.08418583869934,168370
74.0869722366333,168370
74.08976292610168,168370
74.09256291389465,168370
74.09536480903625,168370
74.09816098213196,168370
74.10094881057739,168370
74.10374188423157,168370
74.10654091835022,168370
74.1093327999115,168370
74.11214232444763,168370
74.11493921279907,168370
74.11772918701172,168370
74.1205244064331,168370
74.12334036827087,168370
74.12613415718079,168370
74.12892293930054,168370
74.13170886039734,168370
74.13452434539795,168370
74.13732409477234,168370
74.14012408256531,168370
74.14291882514954,168370
74.14571213722229,168370
74.14851784706116,168370
74.15132164955139,168370
74.15412831306458,168370
74.15692114830017,168370
74.15971302986145,168370
74.16252541542053,168370
74.16532373428345,168370
74.1681318283081,168370
74.17092251777649,168370
74.17373037338257,168370
74.1765308380127,168370
74.1793417930603,168370
74.18215823173523,168370
74.18495631217957,168370
74.18775701522827,168370
74.19056630134583,168370
74.19337129592896,168370
74.19616961479187,168370
74.19895672798157,168370
74.20175051689148,168370
74.20455408096313,168370
74.20735549926758,168370
74.21015071868896,168370
74.21295809745789,168370
74.21575570106506,168370
74.2185628414154,168370
74.22136521339417,168370
74.22417974472046,168370
74.22697949409485,168370
74.22977709770203,168370
74.23258423805237,168370
74.23538851737976,168370
74.23818635940552,168370
74.24098563194275,168370
74.24378895759583,168370
74.24658250808716,168370
74.24938726425171,168370
74.2522029876709,168370
74.25500679016113,168370
74.25784683227539,168370
74.26065969467163,168370
74.26349139213562,168370
74.2662980556488,168370
74.26910948753357,168370
74.27190828323364,168370
74.27472138404846,168370
74.27752566337585,168370
74.28033590316772,168370
74.28314876556396,168370
74.28594875335693,168370
74.28874492645264,168370
74.29155373573303,168370
74.29436826705933,168370
74.29723691940308,168370
74.30005598068237,168370
74.30289268493652,168370
74.30571913719177,168370
74.30852842330933,168370
74.31133127212524,168370
74.31415390968323,168370
74.31695437431335,168370
74.31975650787354,168370
74.32257580757141,168370
74.3253858089447,168370
74.32818746566772,168370
74.33098268508911,168370
74.33378672599792,168370
74.33658838272095,168370
74.33938789367676,168370
74.34220671653748,168370
74.34500193595886,168370
74.34780740737915,168370
74.35061192512512,168370
74.35343170166016,168370
74.35624170303345,168370
74.35905075073242,168370
74.36183524131775,168370
74.36466336250305,168370
74.36746597290039,168370
74.37027192115784,168370
74.37308597564697,168370
74.37588930130005,168370
74.37868213653564,168370
74.38148641586304,168370
74.38430285453796,168370
74.38710856437683,168370
74.38990211486816,168370
74.39271450042725,168370
74.39551401138306,168370
74.39831852912903,168370
74.40111637115479,168370
74.4039192199707,168370
74.40670776367188,168370
74.40951156616211,168370
74.41231894493103,168370
74.41512775421143,168370
74.41792559623718,168370
74.42072463035583,168370
74.42353630065918,168370
74.42634963989258,168370
74.42915272712708,168370
74.43195128440857,168370
74.43476843833923,168370
74.43758773803711,168370
74.44039273262024,168370
74.4432122707367,168370
74.44601202011108,168370
74.448814868927,168370
74.45162153244019,168370
74.45443797111511,168370
74.45724034309387,168370
74.46004819869995,168370
74.4628484249115,168370
74.46564650535583,168370
74.46845054626465,168370
74.4712598323822,168370
74.47407293319702,168370
74.47687244415283,168370
74.47967076301575,168370
74.48248362541199,168370
74.48529052734375,168370
74.48809933662415,168370
74.49089550971985,168370
74.49370050430298,168370
74.4965033531189,168370
74.49930024147034,168370
74.50210809707642,168370
74.50491452217102,168370
74.50771474838257,168370
74.51052117347717,168370
74.51333236694336,168370
74.51614236831665,168370
74.51894283294678,168370
74.52174091339111,168370
74.52454805374146,168370
74.52735018730164,168370
74.53014826774597,168370
74.5329532623291,168370
74.53574395179749,168370
74.53854942321777,168370
74.54134798049927,168370
74.54416394233704,168370
74.54695773124695,168370
74.54975509643555,168370
74.55259728431702,168370
74.5554051399231,168370
74.55820560455322,168370
74.56100344657898,168370
74.56381177902222,168370
74.56661486625671,168370
74.56942510604858,168370
74.57224440574646,168370
74.57505202293396,168370
74.57784247398376,168370
74.58064675331116,168370
74.5834584236145,168370
74.58625841140747,168370
74.58907127380371,168370
74.59185767173767,168370
74.59467267990112,168370
74.5974690914154,168370
74.60027885437012,168370
74.60309195518494,168370
74.6058943271637,168370
74.6088752746582,168370
74.61167216300964,168370
74.61448550224304,168370
74.61729645729065,168370
74.62009811401367,168370
74.6229031085968,168370
74.62569522857666,168370
74.6284990310669,168370
74.63129734992981,168370
74.6341187953949,168370
74.6369116306305,168370
74.63970732688904,168370
74.64252090454102,168370
74.64532899856567,168370
74.64813303947449,168370
74.65093493461609,168370
74.65373849868774,168370
74.65653944015503,168370
74.65934443473816,168370
74.66216278076172,168370
74.66495394706726,168370
74.66775751113892,168370
74.67056107521057,168370
74.67338013648987,168370
74.67618227005005,168370
74.67898035049438,168370
74.68177342414856,168370
74.68458843231201,168370
74.68739128112793,168370
74.69019842147827,168370
74.6930000782013,168370
74.69580411911011,168370
74.69860506057739,168370
74.70141315460205,168370
74.70423483848572,168370
74.70704793930054,168370
74.70984101295471,168370
74.71265888214111,168370
74.71546173095703,168370
74.71827244758606,168370
74.72107362747192,168370
74.7238826751709,168370
74.72668600082397,168370
74.72949838638306,168370
74.7323145866394,168370
74.73511862754822,168370
74.73791670799255,168370
74.74071955680847,168370
74.74354314804077,168370
74.74634456634521,168370
74.74915170669556,168370
74.75195622444153,168370
74.75477004051208,168370
74.75757694244385,168370
74.7603805065155,168370
74.76320123672485,168370
74.76599645614624,168370
74.76879906654358,168370
74.7715973854065,168370
74.77441740036011,168370
74.77722382545471,168370
74.78002595901489,168370
74.78282475471497,168370
74.78564023971558,168370
74.78843927383423,168370
74.79125452041626,168370
74.79406523704529,168370
74.79686236381531,168370
74.79966163635254,168370
74.80247640609741,168370
74.80527997016907,168370
74.80808806419373,168370
74.81088256835938,168370
74.81370067596436,168370
74.81650161743164,168370
74.81930470466614,168370
74.82211756706238,168370
74.82491445541382,168370
74.82771444320679,168370
74.83052611351013,168370
74.83333039283752,168370
74.83613848686218,168370
74.83893942832947,168370
74.84174346923828,168370
74.84455943107605,168370
74.84736895561218,168370
74.85017204284668,168370
74.85297894477844,168370
74.85577011108398,168370
74.85857486724854,168370
74.86137342453003,168370
74.86419177055359,168370
74.86699271202087,168370
74.86979222297668,168370
74.87260150909424,168370
74.87540817260742,168370
74.8782160282135,168370
74.88102149963379,168370
74.8838243484497,168370
74.88663721084595,168370
74.88944983482361,168370
74.89226865768433,168370
74.89506888389587,168370
74.89786505699158,168370
74.90065884590149,168370
74.9034731388092,168370
74.90627336502075,168370
74.90908193588257,168370
74.91186952590942,168370
74.91467618942261,168370
74.91748118400574,168370
74.92031574249268,168370
74.9231345653534,168370
74.92592668533325,168370
74.92872858047485,168370
74.93152928352356,168370
74.93433833122253,168370
74.93714237213135,168370
74.93993592262268,168370
74.94274544715881,168370
74.94554734230042,168370
74.94835543632507,168370
74.95115351676941,168370
74.95395684242249,168370
74.95790958404541,168370
74.96074557304382,168370
74.96359443664551,168370
74.96642351150513,168370
74.96925497055054,168370
74.97207379341125,168370
74.97486209869385,168370
74.97768783569336,168370
74.98051428794861,168370
74.98334336280823,168370
74.98613858222961,168370
74.9889268875122,168370
74.99172639846802,168370
74.99454140663147,168370
74.9973497390747,168370
75.00015926361084,168370
75.0029616355896,168370
75.00576210021973,168370
75.00857043266296,168370
75.01137042045593,168370
75.01417875289917,168370
75.01696181297302,168370
75.01976299285889,168370
75.02257013320923,168370
75.02536869049072,168370
75.02817034721375,168370
75.0309545993805,168370
75.03376722335815,168370
75.03656458854675,168370
75.03936386108398,168370
75.04217171669006,168370
75.04497003555298,168370
75.04776406288147,168370
75.05056238174438,168370
75.05336022377014,168370
75.05616211891174,168370
75.05895757675171,168370
75.06175875663757,168370
75.06455135345459,168370
75.06735515594482,168370
75.07014274597168,168370
75.07294702529907,168370
75.07573533058167,168370
75.07853102684021,168370
75.08132767677307,168370
75.08413624763489,168370
75.0869300365448,168370
75.08971977233887,168370
75.09253692626953,168370
75.09534454345703,168370
75.098140001297,168370
75.10093283653259,168370
75.10373377799988,168370
75.10653495788574,168370
75.10932946205139,168370
75.11213612556458,168370
75.11492419242859,168370
75.11771202087402,168370
75.1205084323883,168370
75.12331819534302,168370
75.12611746788025,168370
75.12890958786011,168370
75.13169479370117,168370
75.13450288772583,168370
75.13729977607727,168370
75.14009499549866,168370
75.1428861618042,168370
75.14568138122559,168370
75.14847946166992,168370
75.15126991271973,168370
75.15407276153564,168370
75.15689086914062,168370
75.1596884727478,168370
75.16249871253967,168370
75.16529130935669,168370
75.16808319091797,168370
75.17086672782898,168370
75.1736695766449,168370
75.17646360397339,168370
75.17926692962646,168370
75.18206810951233,168370
75.18485736846924,168370
75.18764305114746,168370
75.19044971466064,168370
75.19325947761536,168370
75.19606232643127,168370
75.19885230064392,168370
75.20163679122925,168370
75.20443987846375,168370
75.20723128318787,168370
75.2100157737732,168370
75.21282911300659,168370
75.21562623977661,168370
75.21842813491821,168370
75.22122263908386,168370
75.22403216362,168370
75.22681283950806,168370
75.2296130657196,168370
75.23241543769836,168370
75.23522591590881,168370
75.23801374435425,168370
75.24080610275269,168370
75.24361062049866,168370
75.24641132354736,168370
75.24920630455017,168370
75.25199580192566,168370
75.25480079650879,168370
75.25759959220886,168370
75.26040029525757,168370
75.26320838928223,168370
75.26599383354187,168370
75.26879262924194,168370
75.27158856391907,168370
75.27440357208252,168370
75.27719807624817,168370
75.2799813747406,168370
75.28277778625488,168370
75.2855703830719,168370
75.28836631774902,168370
75.29116010665894,168370
75.2939510345459,168370
75.29674696922302,168370
75.2995445728302,168370
75.30235862731934,168370
75.3051586151123,168370
75.30795073509216,168370
75.31074500083923,168370
75.31355333328247,168370
75.3163526058197,168370
75.31915402412415,168370
75.32193517684937,168370
75.3247344493866,168370
75.32753825187683,168370
75.33033680915833,168370
75.33314371109009,168370
75.33594036102295,168370
75.33873224258423,168370
75.34153127670288,168370
75.34434270858765,168370
75.34714341163635,168370
75.34992361068726,168370
75.35272860527039,168370
75.3555223941803,168370
75.35832357406616,168370
75.36112189292908,168370
75.36391854286194,168370
75.36670875549316,168370
75.36950039863586,168370
75.37230515480042,168370
75.37511110305786,168370
75.37789392471313,168370
75.38069581985474,168370
75.38349866867065,168370
75.38629245758057,168370
75.389089345932,168370
75.39188194274902,168370
75.3946852684021,168370
75.39748477935791,168370
75.40027570724487,168370
75.40308356285095,168370
75.40586757659912,168370
75.40866017341614,168370
75.41145300865173,168370
75.41426873207092,168370
75.41706824302673,168370
75.4198591709137,168370
75.42265486717224,168370
75.4254503250122,168370
75.42825841903687,168370
75.4310531616211,168370
75.43384838104248,168370
75.4366443157196,168370
75.43944263458252,168370
75.4422516822815,168370
75.44504880905151,168370
75.4478452205658,168370
75.4506356716156,168370
75.45343923568726,168370
75.45623660087585,168370
75.45903754234314,168370
75.46181583404541,168370
75.46463131904602,168370
75.4674232006073,168370
75.4702205657959,168370
75.47301197052002,168370
75.47579908370972,168370
75.47859740257263,168370
75.48140168190002,168370
75.48420643806458,168370
75.48700261116028,168370
75.48979496955872,168370
75.49260902404785,168370
75.49540424346924,168370
75.49820899963379,168370
75.5009970664978,168370
75.50379920005798,168370
75.50659132003784,168370
75.50938129425049,168370
75.51218628883362,168370
75.51498627662659,168370
75.51777791976929,168370
75.52057194709778,168370
75.52337050437927,168370
75.52616930007935,168370
75.52895617485046,168370
75.531747341156,168370
75.53455257415771,168370
75.53735208511353,168370
75.54014825820923,168370
75.54295039176941,168370
75.54574084281921,168370
75.54854321479797,168370
75.55133557319641,168370
75.55417513847351,168370
75.55696630477905,168370
75.55975699424744,168370
75.56256484985352,168370
75.5653703212738,168370
75.56817698478699,168370
75.5709638595581,168370
75.5737566947937,168370
75.5765655040741,168370
75.57936334609985,168370
75.58217668533325,168370
75.58497595787048,168370
75.58776950836182,168370
75.59056520462036,168370
75.59337711334229,168370
75.59617137908936,168370
75.59896111488342,168370
75.60174322128296,168370
75.60457730293274,168370
75.60737609863281,168370
75.61018133163452,168370
75.61298322677612,168370
75.61578512191772,168370
75.6185839176178,168370
75.62138056755066,168370
75.62418937683105,168370
75.62698602676392,168370
75.62977719306946,168370
75.63259267807007,168370
75.63539171218872,168370
75.63819432258606,168370
75.64098048210144,168370
75.64378499984741,168370
75.64658212661743,168370
75.64938235282898,168370
75.65219306945801,168370
75.6549870967865,168370
75.65777850151062,168370
75.66057467460632,168370
75.66337490081787,168370
75.66618728637695,168370
75.66897821426392,168370
75.67177438735962,168370
75.67457818984985,168370
75.67736983299255,168370
75.68018007278442,168370
75.68298649787903,168370
75.68578314781189,168370
75.68858909606934,168370
75.69138717651367,168370
75.69420289993286,168370
75.6969964504242,168370
75.69978904724121,168370
75.70258903503418,168370
75.705393075943,168370
75.70818948745728,168370
75.71098685264587,168370
75.71378755569458,168370
75.7165858745575,168370
75.71938848495483,168370
75.7221953868866,168370
75.72498345375061,168370
75.72777438163757,168370
75.73056721687317,168370
75.7333824634552,168370
75.73617911338806,168370
75.73897290229797,168370
75.74176716804504,168370
75.74458050727844,168370
75.74737596511841,168370
75.75017809867859,168370
75.75298023223877,168370
75.75577712059021,168370
75.75857710838318,168370
75.76137447357178,168370
75.76417899131775,168370
75.76696944236755,168370
75.7697651386261,168370
75.77257061004639,168370
75.77536821365356,168370
75.77816390991211,168370
75.78095698356628,168370
75.78375840187073,168370
75.7865481376648,168370
75.78934454917908,168370
75.792151927948,168370
75.79494547843933,168370
75.7977352142334,168370
75.800541639328,168370
75.80334043502808,168370
75.80613946914673,168370
75.80891823768616,168370
75.81171727180481,168370
75.81451535224915,168370
75.81731986999512,168370
75.82010626792908,168370
75.82289719581604,168370
75.82567691802979,168370
75.8284842967987,168370
75.83127617835999,168370
75.83408617973328,168370
75.83687496185303,168370
75.83967542648315,168370
75.8424813747406,168370
75.84528160095215,168370
75.84808206558228,168370
75.85087299346924,168370
75.85367679595947,168370
75.85647821426392,168370
75.85926985740662,168370
75.86207795143127,168370
75.86486601829529,168370
75.86766839027405,168370
75.87045979499817,168370
75.87327122688293,168370
75.87606954574585,168370
75.8788537979126,168370
75.88164234161377,168370
75.8844473361969,168370
75.8872435092926,168370
75.89004826545715,168370
75.89284253120422,168370
75.89563369750977,168370
75.89843511581421,168370
75.90124082565308,168370
75.90404605865479,168370
75.9068853855133,168370
75.90969634056091,168370
75.91252326965332,168370
75.91540932655334,168370
75.9182436466217,168370
75.92105841636658,168370
75.92387270927429,168370
75.92667484283447,168370
75.92950820922852,168370
75.93232440948486,168370
75.9351396560669,168370
75.9379415512085,168370
75.94074654579163,168370
75.94356632232666,168370
75.94638085365295,168370
75.94918394088745,168370
75.95199489593506,168370
75.95480418205261,168370
75.95807099342346,168370
75.96097445487976,168370
75.96382856369019,168370
75.96664929389954,168370
75.96948623657227,168370
75.97232174873352,168370
75.97514748573303,168370
75.97795248031616,168370
75.98076105117798,168370
75.98357915878296,168370
75.98638224601746,168370
75.9891848564148,168370
75.99198126792908,168370
75.99478793144226,168370
75.9975893497467,168370
76.00039100646973,168370
76.0032057762146,168370
76.0059986114502,168370
76.00879716873169,168370
76.01159572601318,168370
76.01440668106079,168370
76.01720881462097,168370
76.02001023292542,168370
76.0228111743927,168370
76.02561330795288,168370
76.02840995788574,168370
76.03121423721313,168370
76.03402638435364,168370
76.03682327270508,168370
76.0396203994751,168370
76.04244685173035,168370
76.04524493217468,168370
76.0480592250824,168370
76.05085015296936,168370
76.05366373062134,168370
76.05646228790283,168370
76.0592713356018,168370
76.0620858669281,168370
76.06488132476807,168370
76.06767868995667,168370
76.07048344612122,168370
76.07328915596008,168370
76.0760977268219,168370
76.0788927078247,168370
76.08169436454773,168370
76.0845034122467,168370
76.08731198310852,168370
76.09011268615723,168370
76.09291815757751,168370
76.0957190990448,168370
76.09852743148804,168370
76.10133099555969,168370
76.10415744781494,168370
76.10695028305054,168370
76.10974955558777,168370
76.11256074905396,168370
76.11535978317261,168370
76.1181640625,168370
76.12096428871155,168370
76.12376880645752,168370
76.12658023834229,168370
76.12938261032104,168370
76.1322021484375,168370
76.13499593734741,168370
76.13780069351196,168370
76.14060258865356,168370
76.14341163635254,168370
76.14621901512146,168370
76.14902257919312,168370
76.15180802345276,168370
76.1546277999878,168370
76.15742754936218,168370
76.16022849082947,168370
76.1630756855011,168370
76.16589784622192,168370
76.16871190071106,168370
76.17152714729309,168370
76.1743426322937,168370
76.17715311050415,168370
76.17994475364685,168370
76.18275094032288,168370
76.18556213378906,168370
76.18837451934814,168370
76.1911768913269,168370
76.19398236274719,168370
76.19677948951721,168370
76.19957733154297,168370
76.20239329338074,168370
76.20520663261414,168370
76.20800161361694,168370
76.21080374717712,168370
76.2136161327362,168370
76.21642827987671,168370
76.21924710273743,168370
76.22206544876099,168370
76.2248604297638,168370
76.2276623249054,168370
76.23046851158142,168370
76.23328566551208,168370
76.23609614372253,168370
76.23889589309692,168370
76.24169611930847,168370
76.24452042579651,168370
76.24732637405396,168370
76.25013399124146,168370
76.25293827056885,168370
76.25574660301208,168370
76.2585506439209,168370
76.2613570690155,168370
76.26417207717896,168370
76.26697039604187,168370
76.26977133750916,168370
76.27258229255676,168370
76.2753837108612,168370
76.27819538116455,168370
76.28098630905151,168370
76.28380584716797,168370
76.28660655021667,168370
76.2894115447998,168370
76.29222321510315,168370
76.29502463340759,168370
76.29782032966614,168370
76.30062484741211,168370
76.30343627929688,168370
76.30624961853027,168370
76.30905270576477,168370
76.31184792518616,168370
76.31466364860535,168370
76.31746912002563,168370
76.32027745246887,168370
76.32309579849243,168370
76.32589173316956,168370
76.32869338989258,168370
76.33150148391724,168370
76.33432245254517,168370
76.3371331691742,168370
76.33993721008301,168370
76.34273910522461,168370
76.34554028511047,168370
76.34833931922913,168370
76.35115170478821,168370
76.35395932197571,168370
76.35677242279053,168370
76.3595724105835,168370
76.36238765716553,168370
76.36519169807434,168370
76.36798906326294,168370
76.37079215049744,168370
76.37360954284668,168370
76.3764135837555,168370
76.37921452522278,168370
76.38201236724854,168370
76.38482427597046,168370
76.38762021064758,168370
76.39042806625366,168370
76.393239736557,168370
76.39604997634888,168370
76.39883780479431,168370
76.4016420841217,168370
76.40445041656494,168370
76.40725541114807,168370
76.41005897521973,168370
76.41286420822144,168370
76.41566491127014,168370
76.41847324371338,168370
76.42126941680908,168370
76.42409348487854,168370
76.4268844127655,168370
76.42968463897705,168370
76.43249464035034,168370
76.43530607223511,168370
76.4381058216095,168370
76.4409077167511,168370
76.4437084197998,168370
76.44650840759277,168370
76.44931149482727,168370
76.45212125778198,168370
76.45491933822632,168370
76.45772171020508,168370
76.46053290367126,168370
76.46334934234619,168370
76.46615624427795,168370
76.46895718574524,168370
76.47175621986389,168370
76.47458100318909,168370
76.4773781299591,168370
76.4801766872406,168370
76.48298740386963,168370
76.4857804775238,168370
76.48858261108398,168370
76.49139499664307,168370
76.49420356750488,168370
76.49700713157654,168370
76.49980449676514,168370
76.50262093544006,168370
76.50542759895325,168370
76.50823497772217,168370
76.51103734970093,168370
76.51384496688843,168370
76.5166380405426,168370
76.51944470405579,168370
76.52225685119629,168370
76.52506518363953,168370
76.52785348892212,168370
76.53065347671509,168370
76.5334587097168,168370
76.53626847267151,168370
76.53907465934753,168370
76.54186797142029,168370
76.54466891288757,168370
76.54747438430786,168370
76.55027604103088,168370
76.55312180519104,168370
76.55592560768127,168370
76.55873537063599,168370
76.56154322624207,168370
76.56435966491699,168370
76.56715965270996,168370
76.56996703147888,168370
76.5727756023407,168370
76.57558226585388,168370
76.57838678359985,168370
76.58119320869446,168370
76.58400988578796,168370
76.5868170261383,168370
76.58961653709412,168370
76.59243750572205,168370
76.59524750709534,168370
76.59805250167847,168370
76.6008448600769,168370
76.60366082191467,168370
76.60666084289551,168370
76.60946989059448,168370
76.61228561401367,168370
76.61509537696838,168370
76.61789655685425,168370
76.6206922531128,168370
76.62350583076477,168370
76.62631511688232,168370
76.62911820411682,168370
76.63192629814148,168370
76.63473081588745,168370
76.63754320144653,168370
76.64035248756409,168370
76.64317679405212,168370
76.64597463607788,168370
76.64878034591675,168370
76.65158319473267,168370
76.65440487861633,168370
76.65721654891968,168370
76.66002750396729,168370
76.66282653808594,168370
76.6656289100647,168370
76.66842532157898,168370
76.67123317718506,168370
76.67404985427856,168370
76.67685222625732,168370
76.67964386940002,168370
76.6824598312378,168370
76.68526697158813,168370
76.68807220458984,168370
76.6908643245697,168370
76.69368052482605,168370
76.69648289680481,168370
76.69929146766663,168370
76.70210289955139,168370
76.70491147041321,168370
76.70771217346191,168370
76.71053075790405,168370
76.71335029602051,168370
76.71615982055664,168370
76.71897649765015,168370
76.72178411483765,168370
76.72458744049072,168370
76.72740244865417,168370
76.73020792007446,168370
76.73301649093628,168370
76.73581147193909,168370
76.73861479759216,168370
76.74142408370972,168370
76.74424576759338,168370
76.74705004692078,168370
76.74984455108643,168370
76.75264620780945,168370
76.7554578781128,168370
76.75826096534729,168370
76.76107287406921,168370
76.76388216018677,168370
76.76668977737427,168370
76.76949071884155,168370
76.77231311798096,168370
76.77512097358704,168370
76.77792143821716,168370
76.7807068824768,168370
76.78352403640747,168370
76.78632593154907,168370
76.7891297340393,168370
76.79192543029785,168370
76.79473876953125,168370
76.79754090309143,168370
76.8003499507904,168370
76.80316376686096,168370
76.80596256256104,168370
76.8087637424469,168370
76.81157636642456,168370
76.8143949508667,168370
76.81720900535583,168370
76.82000136375427,168370
76.82281684875488,168370
76.82562065124512,168370
76.82842588424683,168370
76.83122563362122,168370
76.83404111862183,168370
76.83683133125305,168370
76.83963322639465,168370
76.84244537353516,168370
76.84525513648987,168370
76.84806394577026,168370
76.85086131095886,168370
76.85367059707642,168370
76.85647988319397,168370
76.8592836856842,168370
76.86210632324219,168370
76.86490273475647,168370
76.86770582199097,168370
76.87051224708557,168370
76.87333011627197,168370
76.87613677978516,168370
76.87893867492676,168370
76.88173151016235,168370
76.88455271720886,168370
76.88735127449036,168370
76.89016079902649,168370
76.89297890663147,168370
76.89578652381897,168370
76.89858293533325,168370
76.90139436721802,168370
76.90420794487,168370
76.90701055526733,168370
76.90981197357178,168370
76.91263484954834,168370
76.91543292999268,168370
76.91827321052551,168370
76.92108416557312,168370
76.92389249801636,168370
76.92669367790222,168370
76.92950940132141,168370
76.93232274055481,168370
76.93513560295105,168370
76.93793296813965,168370
76.94073128700256,168370
76.94355273246765,168370
76.94636631011963,168370
76.94916605949402,168370
76.95203471183777,168370
76.95483231544495,168370
76.95766568183899,168370
76.96098017692566,168370
76.96382665634155,168370
76.96665573120117,168370
76.9694812297821,168370
76.97232556343079,168370
76.97515368461609,168370
76.9779462814331,168370
76.98075294494629,168370
76.98356461524963,168370
76.98638129234314,168370
76.98919773101807,168370
76.99199342727661,168370
76.99480271339417,168370
76.99761390686035,168370
77.00041651725769,168370
77.00323414802551,168370
77.00603652000427,168370
77.0088300704956,168370
77.01163363456726,168370
77.0144555568695,168370
77.017263174057,168370
77.02007222175598,168370
77.02288031578064,168370
77.02567863464355,168370
77.02847790718079,168370
77.03128695487976,168370
77.03409910202026,168370
77.03689742088318,168370
77.03969264030457,168370
77.04250240325928,168370
77.04530382156372,168370
77.04810810089111,168370
77.05090308189392,168370
77.0537109375,168370
77.05651330947876,168370
77.05931782722473,168370
77.06212329864502,168370
77.0649197101593,168370
77.06771802902222,168370
77.07052302360535,168370
77.07333064079285,168370
77.07613039016724,168370
77.078928232193,168370
77.0817289352417,168370
77.08455085754395,168370
77.08736205101013,168370
77.09016370773315,168370
77.09297347068787,168370
77.09576463699341,168370
77.09857106208801,168370
77.10137987136841,168370
77.10419583320618,168370
77.10699510574341,168370
77.10980153083801,168370
77.11260938644409,168370
77.11541867256165,168370
77.11821460723877,168370
77.1210150718689,168370
77.12382245063782,168370
77.12662124633789,168370
77.12942028045654,168370
77.13223814964294,168370
77.13504433631897,168370
77.13783740997314,168370
77.14064359664917,168370
77.14345574378967,168370
77.14626264572144,168370
77.1490683555603,168370
77.15186095237732,168370
77.15467715263367,168370
77.15748167037964,168370
77.16029357910156,168370
77.16310977935791,168370
77.16591191291809,168370
77.16870856285095,168370
77.17150330543518,168370
77.17431163787842,168370
77.17711210250854,168370
77.17990159988403,168370
77.18271231651306,168370
77.18551468849182,168370
77.18832564353943,168370
77.19112491607666,168370
77.19393825531006,168370
77.19674134254456,168370
77.19954872131348,168370
77.2023606300354,168370
77.20516991615295,168370
77.20796179771423,168370
77.21076607704163,168370
77.21358823776245,168370
77.21639156341553,168370
77.21920537948608,168370
77.22200441360474,168370
77.22480583190918,168370
77.22761225700378,168370
77.23040771484375,168370
77.23322319984436,168370
77.23602437973022,168370
77.23881912231445,168370
77.24161887168884,168370
77.24443817138672,168370
77.2472414970398,168370
77.25004267692566,168370
77.25284957885742,168370
77.25565314292908,168370
77.25845456123352,168370
77.26126265525818,168370
77.26407790184021,168370
77.26687383651733,168370
77.26966118812561,168370
77.27247428894043,168370
77.27527952194214,168370
77.27808952331543,168370
77.28088235855103,168370
77.2836983203888,168370
77.28650164604187,168370
77.28930974006653,168370
77.29212164878845,168370
77.29491972923279,168370
77.29772114753723,168370
77.30052542686462,168370
77.30334258079529,168370
77.30615043640137,168370
77.30894494056702,168370
77.3117458820343,168370
77.31456160545349,168370
77.31736993789673,168370
77.32017803192139,168370
77.32299494743347,168370
77.32580375671387,168370
77.32861161231995,168370
77.33141946792603,168370
77.33423686027527,168370
77.33704447746277,168370
77.33984065055847,168370
77.34264636039734,168370
77.34545540809631,168370
77.34825015068054,168370
77.3510582447052,168370
77.35385823249817,168370
77.35665655136108,168370
77.35945272445679,168370
77.36226415634155,168370
77.36506843566895,168370
77.36786413192749,168370
77.37066340446472,168370
77.37348127365112,168370
77.37634825706482,168370
77.37916111946106,168370
77.3819522857666,168370
77.38476920127869,168370
77.38757801055908,168370
77.39038276672363,168370
77.39322423934937,168370
77.3960633277893,168370
77.39887309074402,168370
77.40167951583862,168370
77.40449595451355,168370
77.407306432724,168370
77.41011667251587,168370
77.41293740272522,168370
77.41574025154114,168370
77.41853642463684,168370
77.42134261131287,168370
77.424161195755,168370
77.4269552230835,168370
77.42975544929504,168370
77.43257117271423,168370
77.435382604599,168370
77.43819212913513,168370
77.44099140167236,168370
77.44379830360413,168370
77.44660353660583,168370
77.44940090179443,168370
77.45222449302673,168370
77.45502948760986,168370
77.45782446861267,168370
77.46062278747559,168370
77.46343302726746,168370
77.46623969078064,168370
77.46903157234192,168370
77.47181987762451,168370
77.47464108467102,168370
77.47743678092957,168370
77.4802417755127,168370
77.48305892944336,168370
77.48584985733032,168370
77.48864245414734,168370
77.49144053459167,168370
77.49425148963928,168370
77.49705290794373,168370
77.49984288215637,168370
77.50265121459961,168370
77.50545692443848,168370
77.50826787948608,168370
77.51107573509216,168370
77.51388835906982,168370
77.51668214797974,168370
77.51950240135193,168370
77.52231431007385,168370
77.52511429786682,168370
77.52791261672974,168370
77.53071022033691,168370
77.53352475166321,168370
77.53632926940918,168370
77.53912949562073,168370
77.54193067550659,168370
77.54473948478699,168370
77.54755473136902,168370
77.55035305023193,168370
77.55320262908936,168370
77.55601096153259,168370
77.55881071090698,168370
77.56161379814148,168370
77.5644280910492,168370
77.56724095344543,168370
77.57004380226135,168370
77.57284379005432,168370
77.57565093040466,168370
77.57845783233643,168370
77.58126258850098,168370
77.58407783508301,168370
77.58687257766724,168370
77.58968043327332,168370
77.59249377250671,168370
77.59529709815979,168370
77.59810638427734,168370
77.6009042263031,168370
77.60371685028076,168370
77.60651922225952,168370
77.6093339920044,168370
77.61214852333069,168370
77.61494970321655,168370
77.61774969100952,168370
77.62056064605713,168370
77.62337017059326,168370
77.62617611885071,168370
77.62897205352783,168370
77.63177537918091,168370
77.63458132743835,168370
77.63738417625427,168370
77.64019513130188,168370
77.64300680160522,168370
77.64580368995667,168370
77.64860987663269,168370
77.65140318870544,168370
77.65423059463501,168370
77.6570405960083,168370
77.65983057022095,168370
77.66264224052429,168370
77.66544961929321,168370
77.66825222969055,168370
77.67105889320374,168370
77.6738669872284,168370
77.6766722202301,168370
77.67947340011597,168370
77.68228840827942,168370
77.68509459495544,168370
77.68789172172546,168370
77.69069361686707,168370
77.69350981712341,168370
77.69632029533386,168370
77.69913077354431,168370
77.70192742347717,168370
77.70473718643188,168370
77.70754027366638,168370
77.71035099029541,168370
77.71316695213318,168370
77.7159743309021,168370
77.71876883506775,168370
77.72157073020935,168370
77.72439169883728,168370
77.72720289230347,168370
77.73000741004944,168370
77.73281955718994,168370
77.73561906814575,168370
77.73842644691467,168370
77.74122262001038,168370
77.74403166770935,168370
77.74682474136353,168370
77.74963212013245,168370
77.75244140625,168370
77.75524973869324,168370
77.75805807113647,168370
77.76086139678955,168370
77.76367163658142,168370
77.76648139953613,168370
77.76927947998047,168370
77.77210116386414,168370
77.77489566802979,168370
77.77770233154297,168370
77.78049826622009,168370
77.78331875801086,168370
77.78611755371094,168370
77.7889256477356,168370
77.79172706604004,168370
77.79454231262207,168370
77.79734683036804,168370
77.80015230178833,168370
77.80296277999878,168370
77.8057713508606,168370
77.80857062339783,168370
77.81137275695801,168370
77.81419587135315,168370
77.81699323654175,168370
77.81979036331177,168370
77.82259917259216,168370
77.82540321350098,168370
77.82821226119995,168370
77.83100485801697,168370
77.83382081985474,168370
77.83662009239197,168370
77.83942866325378,168370
77.84224510192871,168370
77.84505701065063,168370
77.84785676002502,168370
77.85066390037537,168370
77.85347986221313,168370
77.85629177093506,168370
77.85909700393677,168370
77.86189985275269,168370
77.86471748352051,168370
77.86752986907959,168370
77.87033700942993,168370
77.8731598854065,168370
77.87594819068909,168370
77.87876152992249,168370
77.8815610408783,168370
77.88437676429749,168370
77.88718748092651,168370
77.88999533653259,168370
77.8928108215332,168370
77.89561438560486,168370
77.89841723442078,168370
77.90122437477112,168370
77.9040470123291,168370
77.90684986114502,168370
77.90965247154236,168370
77.91246557235718,168370
77.91527223587036,168370
77.91808414459229,168370
77.92090153694153,168370
77.9237117767334,168370
77.92652153968811,168370
77.92933964729309,168370
77.93215465545654,168370
77.93495965003967,168370
77.93775582313538,168370
77.94056510925293,168370
77.94338154792786,168370
77.94620299339294,168370
77.94900059700012,168370
77.95180678367615,168370
77.95468258857727,168370
77.95751881599426,168370
77.9608039855957,168370
77.96371483802795,168370
77.96654391288757,168370
77.96938848495483,168370
77.97222805023193,168370
77.9750747680664,168370
77.97787761688232,168370
77.98068261146545,168370
77.98350238800049,168370
77.98631119728088,168370
77.98911023139954,168370
77.99191379547119,168370
77.99472045898438,168370
77.99752807617188,168370
78.00033450126648,168370
78.0031533241272,168370
78.00595450401306,168370
78.00875186920166,168370
78.0115613937378,168370
78.01438045501709,168370
78.01718497276306,168370
78.01998162269592,168370
78.0227837562561,168370
78.02559304237366,168370
78.02839732170105,168370
78.03120875358582,168370
78.03402352333069,168370
78.0368218421936,168370
78.03962707519531,168370
78.04244422912598,168370
78.04524850845337,168370
78.04806113243103,168370
78.05086421966553,168370
78.0536801815033,168370
78.05651950836182,168370
78.05936193466187,168370
78.06220364570618,168370
78.06500148773193,168370
78.06781148910522,168370
78.07061958312988,168370
78.0734395980835,168370
78.07624673843384,168370
78.07905054092407,168370
78.08185839653015,168370
78.0846779346466,168370
78.08748722076416,168370
78.09029197692871,168370
78.09316277503967,168370
78.09596729278564,168370
78.09879899024963,168370
78.10159969329834,168370
78.1044192314148,168370
78.10722780227661,168370
78.11003470420837,168370
78.1128408908844,168370
78.11564064025879,168370
78.1184389591217,168370
78.12125182151794,168370
78.12407636642456,168370
78.12687516212463,168370
78.12967276573181,168370
78.13249158859253,168370
78.1352915763855,168370
78.13810467720032,168370
78.14089703559875,168370
78.14370727539062,168370
78.14651155471802,168370
78.14932370185852,168370
78.1521384716034,168370
78.15494513511658,168370
78.15774178504944,168370
78.1605544090271,168370
78.1633620262146,168370
78.16616725921631,168370
78.1689682006836,168370
78.17177963256836,168370
78.17458605766296,168370
78.17739772796631,168370
78.18020129203796,168370
78.18301296234131,168370
78.1858139038086,168370
78.18861436843872,168370
78.19141483306885,168370
78.1942355632782,168370
78.19703030586243,168370
78.19982051849365,168370
78.20263338088989,168370
78.20545840263367,168370
78.20826268196106,168370
78.2110755443573,168370
78.21388292312622,168370
78.21668457984924,168370
78.21948671340942,168370
78.22230458259583,168370
78.22510862350464,168370
78.22791266441345,168370
78.23070788383484,168370
78.23352837562561,168370
78.236332654953,168370
78.23914051055908,168370
78.241943359375,168370
78.24475693702698,168370
78.24755764007568,168370
78.25036978721619,168370
78.25318646430969,168370
78.2559859752655,168370
78.2587878704071,168370
78.26158928871155,168370
78.26440501213074,168370
78.26721954345703,168370
78.27002334594727,168370
78.27282762527466,168370
78.27562546730042,168370
78.27843308448792,168370
78.281240940094,168370
78.28406405448914,168370
78.28685927391052,168370
78.28966426849365,168370
78.29248452186584,168370
78.29529762268066,168370
78.29810237884521,168370
78.3008942604065,168370
78.3037097454071,168370
78.30652046203613,168370
78.309326171875,168370
78.31214761734009,168370
78.31493949890137,168370
78.31774640083313,168370
78.32054877281189,168370
78.32335829734802,168370
78.32615423202515,168370
78.32895469665527,168370
78.3317539691925,168370
78.33457136154175,168370
78.33737707138062,168370
78.34018564224243,168370
78.34299421310425,168370
78.3457899093628,168370
78.3485906124115,168370
78.35139608383179,168370
78.35421586036682,168370
78.35701274871826,168370
78.3598062992096,168370
78.36262083053589,168370
78.3654272556305,168370
78.36823058128357,168370
78.37101674079895,168370
78.37382960319519,168370
78.37663221359253,168370
78.37944626808167,168370
78.38226175308228,168370
78.3850691318512,168370
78.38786363601685,168370
78.39065885543823,168370
78.39347386360168,168370
78.39628481864929,168370
78.39909720420837,168370
78.40189123153687,168370
78.40470147132874,168370
78.40751576423645,168370
78.41031289100647,168370
78.41313028335571,168370
78.41592049598694,168370
78.41872382164001,168370
78.4215292930603,168370
78.42434644699097,168370
78.42715501785278,168370
78.42995476722717,168370
78.43275952339172,168370
78.43556261062622,168370
78.43836283683777,168370
78.4411735534668,168370
78.44398212432861,168370
78.4467887878418,168370
78.4495918750763,168370
78.45241475105286,168370
78.45521950721741,168370
78.45802664756775,168370
78.46081781387329,168370
78.46363830566406,168370
78.46643877029419,168370
78.46924614906311,168370
78.47205305099487,168370
78.47485566139221,168370
78.47766041755676,168370
78.48046731948853,168370
78.48328161239624,168370
78.486088514328,168370
78.48888492584229,168370
78.49168586730957,168370
78.49450063705444,168370
78.49731183052063,168370
78.50011205673218,168370
78.50291991233826,168370
78.5057122707367,168370
78.50851154327393,168370
78.51131534576416,168370
78.51413130760193,168370
78.51693201065063,168370
78.5197389125824,168370
78.52255249023438,168370
78.52536106109619,168370
78.52816104888916,168370
78.53096628189087,168370
78.53377413749695,168370
78.53658819198608,168370
78.53939604759216,168370
78.54221534729004,168370
78.54502201080322,168370
78.54781651496887,168370
78.55062103271484,168370
78.55346441268921,168370
78.55627393722534,168370
78.55908632278442,168370
78.56188321113586,168370
78.56470251083374,168370
78.56750750541687,168370
78.57031464576721,168370
78.57313442230225,168370
78.57594084739685,168370
78.5787365436554,168370
78.58154463768005,168370
78.5843620300293,168370
78.58716320991516,168370
78.58996510505676,168370
78.59278106689453,168370
78.59557819366455,168370
78.59838795661926,168370
78.60119581222534,168370
78.6040289402008,168370
78.6070032119751,168370
78.60981130599976,168370
78.61263036727905,168370
78.61543989181519,168370
78.61824774742126,168370
78.62105631828308,168370
78.62385988235474,168370
78.62665891647339,168370
78.62946128845215,168370
78.6322832107544,168370
78.63508176803589,168370
78.63787722587585,168370
78.64067840576172,168370
78.64350008964539,168370
78.64630198478699,168370
78.64911460876465,168370
78.65191173553467,168370
78.65472722053528,168370
78.65753149986267,168370
78.66033482551575,168370
78.66315126419067,168370
78.66595029830933,168370
78.66875004768372,168370
78.6715636253357,168370
78.67438530921936,168370
78.67719340324402,168370
78.67998957633972,168370
78.68280911445618,168370
78.6856095790863,168370
78.68841910362244,168370
78.69122195243835,168370
78.69404292106628,168370
78.69683504104614,168370
78.6996340751648,168370
78.7024450302124,168370
78.70526170730591,168370
78.70807123184204,168370
78.71087455749512,168370
78.71369051933289,168370
78.7165036201477,168370
78.71931052207947,168370
78.72213196754456,168370
78.7249321937561,168370
78.72772908210754,168370
78.7305338382721,168370
78.73335576057434,168370
78.73616552352905,168370
78.73896670341492,168370
78.74176812171936,168370
78.74458980560303,168370
78.74739503860474,168370
78.7502019405365,168370
78.75301051139832,168370
78.75581812858582,168370
78.75862431526184,168370
78.76143670082092,168370
78.76425552368164,168370
78.76706027984619,168370
78.76985549926758,168370
78.77266263961792,168370
78.77546763420105,168370
78.77828025817871,168370
78.78109097480774,168370
78.78390789031982,168370
78.78670525550842,168370
78.78951668739319,168370
78.79233717918396,168370
78.79514169692993,168370
78.79793763160706,168370
78.8007504940033,168370
78.8035671710968,168370
78.80637550354004,168370
78.80917954444885,168370
78.81198716163635,168370
78.81479954719543,168370
78.81760263442993,168370
78.82040643692017,168370
78.82322525978088,168370
78.82602405548096,168370
78.82882308959961,168370
78.83162450790405,168370
78.83443999290466,168370
78.83724308013916,168370
78.84004664421082,168370
78.84284281730652,168370
78.84564590454102,168370
78.84845328330994,168370
78.85126900672913,168370
78.85408544540405,168370
78.85690021514893,168370
78.85970568656921,168370
78.86251950263977,168370
78.86532354354858,168370
78.86813259124756,168370
78.87092757225037,168370
78.87372946739197,168370
78.87653279304504,168370
78.8793466091156,168370
78.88216066360474,168370
78.8849630355835,168370
78.88776278495789,168370
78.89057445526123,168370
78.89340281486511,168370
78.8962140083313,168370
78.89900946617126,168370
78.90181040763855,168370
78.90461897850037,168370
78.9074239730835,168370
78.91024041175842,168370
78.9130609035492,168370
78.91585755348206,168370
78.9186806678772,168370
78.92149019241333,168370
78.92431998252869,168370
78.92712664604187,168370
78.92992949485779,168370
78.93273949623108,168370
78.93555092811584,168370
78.93836283683777,168370
78.94117188453674,168370
78.94398212432861,168370
78.94679069519043,168370
78.94958281517029,168370
78.95239639282227,168370
78.95519924163818,168370
78.95803475379944,168370
78.96135306358337,168370
78.96421003341675,168370
78.967036485672,168370
78.9698748588562,168370
78.97270941734314,168370
78.97554326057434,168370
78.9783456325531,168370
78.98115420341492,168370
78.98395895957947,168370
78.98676490783691,168370
78.98956990242004,168370
78.99239182472229,168370
78.99519610404968,168370
78.99800157546997,168370
79.0008065700531,168370
79.00361776351929,168370
79.00641703605652,168370
79.00922751426697,168370
79.01204442977905,168370
79.01484537124634,168370
79.01764106750488,168370
79.02044010162354,168370
79.02324867248535,168370
79.02605700492859,168370
79.02885460853577,168370
79.031653881073,168370
79.0344626903534,168370
79.03727221488953,168370
79.04007768630981,168370
79.04288291931152,168370
79.04567670822144,168370
79.0484848022461,168370
79.0512912273407,168370
79.0541181564331,168370
79.05691385269165,168370
79.05972075462341,168370
79.06253147125244,168370
79.06533980369568,168370
79.06814074516296,168370
79.07095003128052,168370
79.07375383377075,168370
79.07656407356262,168370
79.07937002182007,168370
79.08219146728516,168370
79.08498787879944,168370
79.08778476715088,168370
79.09058785438538,168370
79.09341049194336,168370
79.09622263908386,168370
79.09901547431946,168370
79.10182118415833,168370
79.10463643074036,168370
79.1074423789978,168370
79.11026120185852,168370
79.11307954788208,168370
79.1158766746521,168370
79.11867260932922,168370
79.12147831916809,168370
79.12430024147034,168370
79.12710738182068,168370
79.12990999221802,168370
79.13272094726562,168370
79.1355242729187,168370
79.13833022117615,168370
79.14113569259644,168370
79.14395403862,168370
79.14675664901733,168370
79.14956760406494,168370
79.15238928794861,168370
79.15520477294922,168370
79.15800762176514,168370
79.16080641746521,168370
79.16361975669861,168370
79.16643142700195,168370
79.16924357414246,168370
79.17206811904907,168370
79.17487025260925,168370
79.1776762008667,168370
79.18048095703125,168370
79.18331003189087,168370
79.18611907958984,168370
79.1889226436615,168370
79.19172215461731,168370
79.19454550743103,168370
79.19735503196716,168370
79.20016145706177,168370
79.20296931266785,168370
79.20577359199524,168370
79.20858240127563,168370
79.21138143539429,168370
79.21419882774353,168370
79.21699810028076,168370
79.21980237960815,168370
79.22261786460876,168370
79.22543048858643,168370
79.22824549674988,168370
79.23105049133301,168370
79.23386263847351,168370
79.23666954040527,168370
79.23947381973267,168370
79.2422935962677,168370
79.2451012134552,168370
79.24790287017822,168370
79.25070834159851,168370
79.25351977348328,168370
79.256338596344,168370
79.25914335250854,168370
79.26194334030151,168370
79.26476192474365,168370
79.26757025718689,168370
79.2703754901886,168370
79.27320337295532,168370
79.27600598335266,168370
79.27881121635437,168370
79.28161716461182,168370
79.28444075584412,168370
79.28725147247314,168370
79.29006099700928,168370
79.29286217689514,168370
79.29565691947937,168370
79.29846739768982,168370
79.30127787590027,168370
79.30409955978394,168370
79.30690121650696,168370
79.30970549583435,168370
79.31252431869507,168370
79.31532716751099,168370
79.31813788414001,168370
79.32092952728271,168370
79.32374501228333,168370
79.32655096054077,168370
79.32935833930969,168370
79.3321692943573,168370
79.33497166633606,168370
79.33777260780334,168370
79.34058356285095,168370
79.34340047836304,168370
79.34621334075928,168370
79.34901595115662,168370
79.35182476043701,168370
79.3546416759491,168370
79.35745453834534,168370
79.36026167869568,168370
79.36308240890503,168370
79.36587429046631,168370
79.36868095397949,168370
79.3714873790741,168370
79.37430548667908,168370
79.37711524963379,168370
79.37991642951965,168370
79.38272404670715,168370
79.38553047180176,168370
79.38833808898926,168370
79.39115166664124,168370
79.39396810531616,168370
79.3967707157135,168370
79.39957642555237,168370
79.40239810943604,168370
79.40520334243774,168370
79.40800452232361,168370
79.410808801651,168370
79.4136209487915,168370
79.41642689704895,168370
79.41923499107361,168370
79.42204546928406,168370
79.42484331130981,168370
79.427649974823,168370
79.43046236038208,168370
79.43327784538269,168370
79.43608546257019,168370
79.43887400627136,168370
79.44167423248291,168370
79.44449424743652,168370
79.44729661941528,168370
79.45009851455688,168370
79.45290970802307,168370
79.45570921897888,168370
79.45851683616638,168370
79.46132588386536,168370
79.46415448188782,168370
79.46695280075073,168370
79.46976399421692,168370
79.47257924079895,168370
79.47538495063782,168370
79.47818088531494,168370
79.48098492622375,168370
79.48379778862,168370
79.48660659790039,168370
79.48940706253052,168370
79.49221897125244,168370
79.49502611160278,168370
79.4978277683258,168370
79.50062346458435,168370
79.50344920158386,168370
79.50625610351562,168370
79.50906229019165,168370
79.51185917854309,168370
79.51467227935791,168370
79.51747226715088,168370
79.52028179168701,168370
79.52309989929199,168370
79.52590346336365,168370
79.52869915962219,168370
79.53151202201843,168370
79.53432965278625,168370
79.53713274002075,168370
79.53992795944214,168370
79.54273748397827,168370
79.54554224014282,168370
79.5483546257019,168370
79.55116057395935,168370
79.55400133132935,168370
79.55680060386658,168370
79.5596010684967,168370
79.56241917610168,168370
79.56522822380066,168370
79.568035364151,168370
79.57083344459534,168370
79.573650598526,168370
79.57645773887634,168370
79.57926487922668,168370
79.58207988739014,168370
79.58488941192627,168370
79.58770108222961,168370
79.59049940109253,168370
79.59331798553467,168370
79.59611964225769,168370
79.59892153739929,168370
79.60172271728516,168370
79.60455393791199,168370
79.60735607147217,168370
79.61016297340393,168370
79.61296534538269,168370
79.61576700210571,168370
79.61856818199158,168370
79.62137842178345,168370
79.6241946220398,168370
79.6269919872284,168370
79.62979078292847,168370
79.63261079788208,168370
79.63541340827942,168370
79.63821744918823,168370
79.64102149009705,168370
79.64383029937744,168370
79.64663791656494,168370
79.64944458007812,168370
79.65225648880005,168370
79.65506911277771,168370
79.65785479545593,168370
79.66065192222595,168370
79.66347336769104,168370
79.6662905216217,168370
79.66909599304199,168370
79.67189884185791,168370
79.67470407485962,168370
79.67750859260559,168370
79.68031406402588,168370
79.6831283569336,168370
79.68592810630798,168370
79.6887264251709,168370
79.69152641296387,168370
79.6943428516388,168370
79.69715166091919,168370
79.699951171875,168370
79.70275664329529,168370
79.70556330680847,168370
79.70837044715881,168370
79.71118021011353,168370
79.71398854255676,168370
79.71679592132568,168370
79.71959614753723,168370
79.7224133014679,168370
79.72522282600403,168370
79.72803497314453,168370
79.73083090782166,168370
79.73364400863647,168370
79.73644709587097,168370
79.73925757408142,168370
79.7420711517334,168370
79.74487566947937,168370
79.74767875671387,168370
79.7504870891571,168370
79.7533073425293,168370
79.75611400604248,168370
79.75891900062561,168370
79.76172208786011,168370
79.76454019546509,168370
79.7673454284668,168370
79.7701485157013,168370
79.77296328544617,168370
79.77576208114624,168370
79.77857279777527,168370
79.78137969970703,168370
79.78419637680054,168370
79.78699374198914,168370
79.78979253768921,168370
79.79260206222534,168370
79.79540157318115,168370
79.7982087135315,168370
79.8010094165802,168370
79.80382108688354,168370
79.80662965774536,168370
79.80943870544434,168370
79.8122627735138,168370
79.81506824493408,168370
79.8178641796112,168370
79.8206684589386,168370
79.82349061965942,168370
79.82630276679993,168370
79.82911157608032,168370
79.83191442489624,168370
79.83473467826843,168370
79.83754229545593,168370
79.84035086631775,168370
79.84316205978394,168370
79.84595584869385,168370
79.8487560749054,168370
79.85156226158142,168370
79.85438132286072,168370
79.857182264328,168370
79.85997557640076,168370
79.86278700828552,168370
79.86559343338013,168370
79.86840152740479,168370
79.8712146282196,168370
79.87403416633606,168370
79.87682318687439,168370
79.87963271141052,168370
79.8824450969696,168370
79.88524913787842,168370
79.88806200027466,168370
79.89086294174194,168370
79.89368057250977,168370
79.89650058746338,168370
79.89930582046509,168370
79.90212917327881,168370
79.90492391586304,168370
79.907719373703,168370
79.91052913665771,168370
79.91335201263428,168370
79.91615796089172,168370
79.91898679733276,168370
79.92179489135742,168370
79.92461156845093,168370
79.92741560935974,168370
79.9302339553833,168370
79.93305563926697,168370
79.93585729598999,168370
79.93865823745728,168370
79.94146227836609,168370
79.94428706169128,168370
79.94710326194763,168370
79.94990563392639,168370
79.95272064208984,168370
79.95553493499756,168370
79.95837330818176,168370
79.9611885547638,168370
79.96448540687561,168370
79.96732091903687,168370
79.97015905380249,168370
79.9729733467102,168370
79.97579836845398,168370
79.97861313819885,168370
79.98141741752625,168370
79.98422932624817,168370
79.98703265190125,168370
79.98981380462646,168370
79.9926266670227,168370
79.99542450904846,168370
79.99822688102722,168370
80.00102734565735,168370
80.00389552116394,168370
80.00668740272522,168370
80.00955867767334,168370
80.01237964630127,168370
80.01519107818604,168370
80.01800751686096,168370
80.0208089351654,168370
80.02362036705017,168370
80.02642846107483,168370
80.0292317867279,168370
80.03203511238098,168370
80.03482437133789,168370
80.03762722015381,168370
80.04041790962219,168370
80.04322957992554,168370
80.0460216999054,168370
80.04882264137268,168370
80.05161643028259,168370
80.05442810058594,168370
80.05723214149475,168370
80.06003928184509,168370
80.06283664703369,168370
80.06563806533813,168370
80.06842875480652,168370
80.07123017311096,168370
80.07404065132141,168370
80.07682514190674,168370
80.07962846755981,168370
80.08243870735168,168370
80.08524417877197,168370
80.08804106712341,168370
80.09083247184753,168370
80.09365367889404,168370
80.09645485877991,168370
80.0992591381073,168370
80.10206723213196,168370
80.1048629283905,168370
80.10766053199768,168370
80.11046123504639,168370
80.11327385902405,168370
80.11607480049133,168370
80.11886382102966,168370
80.12166476249695,168370
80.12447476387024,168370
80.12727952003479,168370
80.13008260726929,168370
80.13288450241089,168370
80.13567805290222,168370
80.13847970962524,168370
80.14127326011658,168370
80.14408135414124,168370
80.14687156677246,168370
80.14967060089111,168370
80.15247631072998,168370
80.15527725219727,168370
80.15807843208313,168370
80.16086483001709,168370
80.16366386413574,168370
80.16646313667297,168370
80.16925954818726,168370
80.17206931114197,168370
80.17486500740051,168370
80.17766809463501,168370
80.18046379089355,168370
80.18328499794006,168370
80.18608474731445,168370
80.18887567520142,168370
80.19167232513428,168370
80.19448471069336,168370
80.19728446006775,168370
80.20009064674377,168370
80.2028865814209,168370
80.20567750930786,168370
80.20847392082214,168370
80.21127128601074,168370
80.21407008171082,168370
80.21685981750488,168370
80.21966576576233,168370
80.22246766090393,168370
80.22526979446411,168370
80.22807383537292,168370
80.2308566570282,168370
80.23366236686707,168370
80.2364592552185,168370
80.23925876617432,168370
80.24206566810608,168370
80.24485564231873,168370
80.24765062332153,168370
80.25045347213745,168370
80.25325894355774,168370
80.25605654716492,168370
80.25884413719177,168370
80.26164937019348,168370
80.26445055007935,168370
80.26725244522095,168370
80.27005577087402,168370
80.27285623550415,168370
80.27565360069275,168370
80.27845168113708,168370
80.28124856948853,168370
80.28406596183777,168370
80.28685283660889,168370
80.28965163230896,168370
80.29245686531067,168370
80.29525852203369,168370
80.29805588722229,168370
80.30083990097046,168370
80.30364942550659,168370
80.30644845962524,168370
80.309250831604,168370
80.31206369400024,168370
80.31486010551453,168370
80.31766247749329,168370
80.32046747207642,168370
80.32327938079834,168370
80.32608437538147,168370
80.32895135879517,168370
80.33176040649414,168370
80.33456921577454,168370
80.33737444877625,168370
80.34018135070801,168370
80.34298992156982,168370
80.3457932472229,168370
80.3485860824585,168370
80.3513913154602,168370
80.35420536994934,168370
80.3569905757904,168370
80.35979175567627,168370
80.36259031295776,168370
80.36539793014526,168370
80.36819982528687,168370
80.37100100517273,168370
80.37380146980286,168370
80.37659907341003,168370
80.37939357757568,168370
80.38221025466919,168370
80.38500046730042,168370
80.38779163360596,168370
80.3905839920044,168370
80.39340114593506,168370
80.3961968421936,168370
80.3989896774292,168370
80.40178918838501,168370
80.40460085868835,168370
80.40739917755127,168370
80.41019797325134,168370
80.413001537323,168370
80.41579341888428,168370
80.41858792304993,168370
80.42138838768005,168370
80.42419934272766,168370
80.42700123786926,168370
80.42979764938354,168370
80.43261194229126,168370
80.43540477752686,168370
80.43821167945862,168370
80.4409966468811,168370
80.44380831718445,168370
80.4465959072113,168370
80.44940090179443,168370
80.45220899581909,168370
80.45500493049622,168370
80.45780420303345,168370
80.4606122970581,168370
80.46341347694397,168370
80.46629357337952,168370
80.46910166740417,168370
80.47189092636108,168370
80.47469854354858,168370
80.47750306129456,168370
80.48030924797058,168370
80.48311924934387,168370
80.48591876029968,168370
80.48871231079102,168370
80.49151802062988,168370
80.49432873725891,168370
80.49713015556335,168370
80.49991822242737,168370
80.5027289390564,168370
80.5055296421051,168370
80.50832891464233,168370
80.51112842559814,168370
80.51393127441406,168370
80.51673293113708,168370
80.51953196525574,168370
80.52234077453613,168370
80.52514600753784,168370
80.52793478965759,168370
80.5307264328003,168370
80.53353333473206,168370
80.53633379936218,168370
80.53913569450378,168370
80.54193115234375,168370
80.54473614692688,168370
80.5475389957428,168370
80.55033755302429,168370
80.5531837940216,168370
80.555979013443,168370
80.55879211425781,168370
80.56159853935242,168370
80.56441378593445,168370
80.56721639633179,168370
80.57002282142639,168370
80.57282972335815,168370
80.57562804222107,168370
80.5784330368042,168370
80.58124017715454,168370
80.58406281471252,168370
80.58685755729675,168370
80.58966040611267,168370
80.59247255325317,168370
80.59527802467346,168370
80.59808278083801,168370
80.60086369514465,168370
80.60367918014526,168370
80.606680393219,168370
80.60948634147644,168370
80.61230039596558,168370
80.61510443687439,168370
80.61788606643677,168370
80.62069010734558,168370
80.62349677085876,168370
80.62629961967468,168370
80.62910223007202,168370
80.6318953037262,168370
80.63469290733337,168370
80.63750314712524,168370
80.640305519104,168370
80.64312195777893,168370
80.64590883255005,168370
80.64870762825012,168370
80.65150761604309,168370
80.6543231010437,168370
80.65712118148804,168370
80.65992093086243,168370
80.66272592544556,168370
80.66552901268005,168370
80.66833281517029,168370
80.67113900184631,168370
80.67394042015076,168370
80.67673659324646,168370
80.679523229599,168370
80.68233966827393,168370
80.68513822555542,168370
80.68793821334839,168370
80.69073486328125,168370
80.69354605674744,168370
80.69634628295898,168370
80.69914627075195,168370
80.70193815231323,168370
80.70474338531494,168370
80.70754504203796,168370
80.71034288406372,168370
80.71313977241516,168370
80.7159354686737,168370
80.7187511920929,168370
80.72156071662903,168370
80.72437453269958,168370
80.7271888256073,168370
80.72998309135437,168370
80.7327950000763,168370
80.73559212684631,168370
80.73839664459229,168370
80.74120759963989,168370
80.74402594566345,168370
80.74682259559631,168370
80.74962282180786,168370
80.75243306159973,168370
80.7552330493927,168370
80.75802850723267,168370
80.76082158088684,168370
80.76363778114319,168370
80.76643753051758,168370
80.76923322677612,168370
80.77203249931335,168370
80.77483105659485,168370
80.77763843536377,168370
80.78043675422668,168370
80.78324961662292,168370
80.78605031967163,168370
80.78883910179138,168370
80.79163694381714,168370
80.79445600509644,168370
80.79726433753967,168370
80.80006861686707,168370
80.8028712272644,168370
80.8056709766388,168370
80.8084762096405,168370
80.8112781047821,168370
80.81409645080566,168370
80.81689047813416,168370
80.81968069076538,168370
80.82248568534851,168370
80.8252866268158,168370
80.82809448242188,168370
80.83088946342468,168370
80.83370447158813,168370
80.83650374412537,168370
80.83930993080139,168370
80.84212255477905,168370
80.84492444992065,168370
80.84772109985352,168370
80.85060238838196,168370
80.85340642929077,168370
80.85621547698975,168370
80.85900926589966,168370
80.8618049621582,168370
80.86461520195007,168370
80.86742091178894,168370
80.87023186683655,168370
80.87304544448853,168370
80.87583613395691,168370
80.8786416053772,168370
80.88144659996033,168370
80.88426613807678,168370
80.88707780838013,168370
80.88986110687256,168370
80.89268207550049,168370
80.8954849243164,168370
80.89830231666565,168370
80.90110468864441,168370
80.90390944480896,168370
80.90670418739319,168370
80.90951228141785,168370
80.9123284816742,168370
80.91513681411743,168370
80.91794013977051,168370
80.92077136039734,168370
80.9235827922821,168370
80.92638945579529,168370
80.929194688797,168370
80.93199753761292,168370
80.9348132610321,168370
80.93761205673218,168370
80.94041299819946,168370
80.9432327747345,168370
80.94603514671326,168370
80.94882845878601,168370
80.95164322853088,168370
80.95445895195007,168370
80.95729541778564,168370
80.96010828018188,168370
80.96344113349915,168370
80.96627378463745,168370
80.96910524368286,168370
80.97192287445068,168370
80.97475934028625,168370
80.9775800704956,168370
80.98037958145142,168370
80.98320007324219,168370
80.98600745201111,168370
80.98882460594177,168370
80.99161672592163,168370
80.99443411827087,168370
80.997243642807,168370
81.00004410743713,168370
81.00285029411316,168370
81.00565314292908,168370
81.00846409797668,168370
81.01127457618713,168370
81.01408863067627,168370
81.01688766479492,168370
81.01969146728516,168370
81.02250742912292,168370
81.02532434463501,168370
81.02813363075256,168370
81.03093218803406,168370
81.03374338150024,168370
81.03655624389648,168370
81.03936767578125,168370
81.04219269752502,168370
81.04499959945679,168370
81.04780673980713,168370
81.05061388015747,168370
81.05343627929688,168370
81.05624675750732,168370
81.05905485153198,168370
81.0618793964386,168370
81.06471920013428,168370
81.06754326820374,168370
81.07035636901855,168370
81.07317876815796,168370
81.07598924636841,168370
81.07879209518433,168370
81.08160305023193,168370
81.08441758155823,168370
81.08723378181458,168370
81.0900490283966,168370
81.09285569190979,168370
81.09566926956177,168370
81.09847903251648,168370
81.10135221481323,168370
81.10417604446411,168370
81.1069724559784,168370
81.10978698730469,168370
81.11260676383972,168370
81.11541676521301,168370
81.1182267665863,168370
81.12104320526123,168370
81.12385368347168,168370
81.12666416168213,168370
81.1294732093811,168370
81.13230228424072,168370
81.13511896133423,168370
81.13792681694031,168370
81.14073204994202,168370
81.143563747406,168370
81.14636611938477,168370
81.14918303489685,168370
81.15199112892151,168370
81.15480971336365,168370
81.1576235294342,168370
81.16043949127197,168370
81.16325879096985,168370
81.16607666015625,168370
81.16888165473938,168370
81.17173194885254,168370
81.1745719909668,168370
81.17745852470398,168370
81.18037295341492,168370
81.18320035934448,168370
81.18600273132324,168370
81.1888108253479,168370
81.1916093826294,168370
81.19443702697754,168370
81.19724369049072,168370
81.20005202293396,168370
81.20285987854004,168370
81.20567107200623,168370
81.20848059654236,168370
81.21129512786865,168370
81.21411609649658,168370
81.2169234752655,168370
81.21971726417542,168370
81.22254276275635,168370
81.22535419464111,168370
81.22816967964172,168370
81.2309718132019,168370
81.2337920665741,168370
81.23659801483154,168370
81.23940753936768,168370
81.24222350120544,168370
81.24502205848694,168370
81.24782013893127,168370
81.25062966346741,168370
81.25344324111938,168370
81.25625991821289,168370
81.25906658172607,168370
81.2618637084961,168370
81.26467704772949,168370
81.26749467849731,168370
81.27029371261597,168370
81.273118019104,168370
81.27591347694397,168370
81.27871870994568,168370
81.28152561187744,168370
81.28434681892395,168370
81.28716564178467,168370
81.2899763584137,168370
81.29279136657715,168370
81.2956030368805,168370
81.29840540885925,168370
81.30122017860413,168370
81.30403280258179,168370
81.30683469772339,168370
81.30963397026062,168370
81.31245684623718,168370
81.31525921821594,168370
81.31806588172913,168370
81.32086086273193,168370
81.32368469238281,168370
81.32648706436157,168370
81.32930040359497,168370
81.3321168422699,168370
81.3349232673645,168370
81.33771562576294,168370
81.3405294418335,168370
81.343341588974,168370
81.34615659713745,168370
81.34895515441895,168370
81.3517632484436,168370
81.35458326339722,168370
81.35739946365356,168370
81.36020064353943,168370
81.36301112174988,168370
81.36580872535706,168370
81.36862325668335,168370
81.371426820755,168370
81.37425065040588,168370
81.37705898284912,168370
81.37985897064209,168370
81.38267183303833,168370
81.38548254966736,168370
81.38829112052917,168370
81.39110565185547,168370
81.39391469955444,168370
81.396719455719,168370
81.39953255653381,168370
81.40234422683716,168370
81.40515732765198,168370
81.40796566009521,168370
81.4107768535614,168370
81.41359972953796,168370
81.41640615463257,168370
81.41922760009766,168370
81.42204332351685,168370
81.42484307289124,168370
81.42764163017273,168370
81.43045020103455,168370
81.43326616287231,168370
81.43608140945435,168370
81.43888521194458,168370
81.4416937828064,168370
81.44450664520264,168370
81.4473180770874,168370
81.45012617111206,168370
81.45293498039246,168370
81.45573663711548,168370
81.45855212211609,168370
81.4613676071167,168370
81.46419548988342,168370
81.46699213981628,168370
81.46980023384094,168370
81.47261643409729,168370
81.47543430328369,168370
81.47824215888977,168370
81.48105716705322,168370
81.4838662147522,168370
81.48667168617249,168370
81.4894814491272,168370
81.49230813980103,168370
81.49511218070984,168370
81.49791860580444,168370
81.50072145462036,168370
81.50354290008545,168370
81.50635194778442,168370
81.50917172431946,168370
81.51196956634521,168370
81.51478672027588,168370
81.51758646965027,168370
81.52040314674377,168370
81.5232183933258,168370
81.52604079246521,168370
81.5288314819336,168370
81.53163504600525,168370
81.53445148468018,168370
81.53726625442505,168370
81.54007124900818,168370
81.542884349823,168370
81.54569172859192,168370
81.548513174057,168370
81.55131936073303,168370
81.55417275428772,168370
81.55697894096375,168370
81.5597939491272,168370
81.56260967254639,168370
81.56542873382568,168370
81.56823420524597,168370
81.57104349136353,168370
81.57385444641113,168370
81.57667303085327,168370
81.5794734954834,168370
81.58229613304138,168370
81.58510780334473,168370
81.58791518211365,168370
81.59071826934814,168370
81.59353542327881,168370
81.5963397026062,168370
81.59915971755981,168370
81.60196661949158,168370
81.60480284690857,168370
81.60760712623596,168370
81.6104154586792,168370
81.61323523521423,168370
81.61604142189026,168370
81.61884069442749,168370
81.62164998054504,168370
81.62447214126587,168370
81.62729144096375,168370
81.63010048866272,168370
81.6329095363617,168370
81.63571453094482,168370
81.63853073120117,168370
81.64134764671326,168370
81.64417171478271,168370
81.64696860313416,168370
81.64978504180908,168370
81.65260195732117,168370
81.65541791915894,168370
81.6582305431366,168370
81.6610426902771,168370
81.66384792327881,168370
81.66665601730347,168370
81.66945910453796,168370
81.67227816581726,168370
81.67509341239929,168370
81.67790055274963,168370
81.68070149421692,168370
81.6835241317749,168370
81.68632984161377,168370
81.68913841247559,168370
81.69194793701172,168370
81.6947705745697,168370
81.69757390022278,168370
81.70038032531738,168370
81.70320725440979,168370
81.70600652694702,168370
81.70881009101868,168370
81.7116174697876,168370
81.71443009376526,168370
81.71724510192871,168370
81.72005462646484,168370
81.72286748886108,168370
81.7256691455841,168370
81.72849154472351,168370
81.73129463195801,168370
81.73412084579468,168370
81.73691725730896,168370
81.73972201347351,168370
81.74254131317139,168370
81.74535799026489,168370
81.74815893173218,168370
81.75095725059509,168370
81.75376963615417,168370
81.75656652450562,168370
81.75937366485596,168370
81.76219582557678,168370
81.76499128341675,168370
81.76779770851135,168370
81.77060580253601,168370
81.77341842651367,168370
81.77623152732849,168370
81.77904391288757,168370
81.78183126449585,168370
81.78465175628662,168370
81.78745698928833,168370
81.79026889801025,168370
81.79308533668518,168370
81.79588794708252,168370
81.79869055747986,168370
81.80151057243347,168370
81.8043360710144,168370
81.80715560913086,168370
81.80995416641235,168370
81.81278014183044,168370
81.81559324264526,168370
81.8184106349945,168370
81.82121992111206,168370
81.8240430355072,168370
81.82683515548706,168370
81.82964515686035,168370
81.83246302604675,168370
81.8352746963501,168370
81.8380835056305,168370
81.84088706970215,168370
81.84369683265686,168370
81.8465085029602,168370
81.84931564331055,168370
81.85213899612427,168370
81.85494232177734,168370
81.85774660110474,168370
81.86056065559387,168370
81.8633804321289,168370
81.8661847114563,168370
81.8689866065979,168370
81.87178707122803,168370
81.87461113929749,168370
81.87742638587952,168370
81.88023447990417,168370
81.88305068016052,168370
81.88585472106934,168370
81.88866019248962,168370
81.89147734642029,168370
81.8942928314209,168370
81.89711236953735,168370
81.89991736412048,168370
81.90272784233093,168370
81.90553855895996,168370
81.90834259986877,168370
81.91114902496338,168370
81.91396856307983,168370
81.91677212715149,168370
81.9196138381958,168370
81.92243552207947,168370
81.92524719238281,168370
81.92804908752441,168370
81.93085479736328,168370
81.93366956710815,168370
81.93647909164429,168370
81.93928718566895,168370
81.94210934638977,168370
81.94490909576416,168370
81.94772744178772,168370
81.95053696632385,168370
81.95335817337036,168370
81.95617151260376,168370
81.95900964736938,168370
81.9618194103241,168370
81.96510076522827,168370
81.967937707901,168370
81.97077918052673,168370
81.97362422943115,168370
81.97644114494324,168370
81.97926044464111,168370
81.98208451271057,168370
81.98488116264343,168370
81.98769426345825,168370
81.99051642417908,168370
81.9933443069458,168370
81.9961576461792,168370
81.9989640712738,168370
82.00176858901978,168370
82.0045964717865,168370
82.00740146636963,168370
82.01021671295166,168370
82.01307392120361,168370
82.01591396331787,168370
82.01871490478516,168370
82.02153730392456,168370
82.02436375617981,168370
82.02717351913452,168370
82.02997756004333,168370
82.03280591964722,168370
82.03561162948608,168370
82.03842735290527,168370
82.04124140739441,168370
82.0440719127655,168370
82.04686951637268,168370
82.04967093467712,168370
82.05254411697388,168370
82.05536603927612,168370
82.05820870399475,168370
82.06107831001282,168370
82.06388425827026,168370
82.06670331954956,168370
82.06950688362122,168370
82.07232856750488,168370
82.0751564502716,168370
82.07795977592468,168370
82.08076524734497,168370
82.08358383178711,168370
82.0863950252533,168370
82.08921432495117,168370
82.09202933311462,168370
82.0948281288147,168370
82.09763741493225,168370
82.10045385360718,168370
82.10326981544495,168370
82.1060905456543,168370
82.10889315605164,168370
82.11170172691345,168370
82.1145327091217,168370
82.11735320091248,168370
82.12016177177429,168370
82.12297677993774,168370
82.12578344345093,168370
82.12858986854553,168370
82.13139486312866,168370
82.13422107696533,168370
82.13702702522278,168370
82.13983798027039,168370
82.14264392852783,168370
82.14545440673828,168370
82.14826154708862,168370
82.15107893943787,168370
82.1538896560669,168370
82.15669655799866,168370
82.15950846672058,168370
82.16233372688293,168370
82.16514229774475,168370
82.16795206069946,168370
82.17076396942139,168370
82.17358446121216,168370
82.17639780044556,168370
82.1792197227478,168370
82.18203043937683,168370
82.18483448028564,168370
82.18764805793762,168370
82.19046211242676,168370
82.19328093528748,168370
82.19609045982361,168370
82.19888854026794,168370
82.20169878005981,168370
82.2045111656189,168370
82.20732855796814,168370
82.21013569831848,168370
82.2129602432251,168370
82.21577310562134,168370
82.21858429908752,168370
82.22139596939087,168370
82.22422170639038,168370
82.22702550888062,168370
82.22982859611511,168370
82.23265552520752,168370
82.23546361923218,168370
82.23826837539673,168370
82.24107575416565,168370
82.24388337135315,168370
82.24669218063354,168370
82.24949264526367,168370
82.25231575965881,168370
82.25512290000916,168370
82.25793194770813,168370
82.26072788238525,168370
82.26354336738586,168370
82.26635718345642,168370
82.26916551589966,168370
82.27196383476257,168370
82.27477645874023,168370
82.27758932113647,168370
82.28039932250977,168370
82.28322005271912,168370
82.28602504730225,168370
82.28882098197937,168370
82.2916271686554,168370
82.29444932937622,168370
82.29727077484131,168370
82.3000762462616,168370
82.30289268493652,168370
82.30569291114807,168370
82.30849981307983,168370
82.31130623817444,168370
82.31413793563843,168370
82.31693387031555,168370
82.31974267959595,168370
82.3225576877594,168370
82.32537889480591,168370
82.32818698883057,168370
82.33099699020386,168370
82.33381724357605,168370
82.3366231918335,168370
82.33942890167236,168370
82.34224963188171,168370
82.34506225585938,168370
82.3478593826294,168370
82.35066342353821,168370
82.35348796844482,168370
82.35629868507385,168370
82.35910868644714,168370
82.36191415786743,168370
82.3647289276123,168370
82.36753845214844,168370
82.37034702301025,168370
82.37315773963928,168370
82.37595725059509,168370
82.37876200675964,168370
82.38156819343567,168370
82.38437795639038,168370
82.38718938827515,168370
82.38998746871948,168370
82.39280247688293,168370
82.39560532569885,168370
82.39841771125793,168370
82.40122628211975,168370
82.40405535697937,168370
82.40685391426086,168370
82.40966272354126,168370
82.41248154640198,168370
82.41529321670532,168370
82.41808938980103,168370
82.42089176177979,168370
82.42371368408203,168370
82.42653036117554,168370
82.42933368682861,168370
82.43214821815491,168370
82.43495917320251,168370
82.43776798248291,168370
82.44057726860046,168370
82.4433970451355,168370
82.44620132446289,168370
82.44900703430176,168370
82.45181012153625,168370
82.4546320438385,168370
82.4574384689331,168370
82.46024417877197,168370
82.46305871009827,168370
82.46585321426392,168370
82.46865653991699,168370
82.47146725654602,168370
82.47428727149963,168370
82.47710132598877,168370
82.47989892959595,168370
82.48271298408508,168370
82.48551726341248,168370
82.48833441734314,168370
82.49114727973938,168370
82.49396085739136,168370
82.4967577457428,168370
82.49956965446472,168370
82.50238299369812,168370
82.50520086288452,168370
82.50799536705017,168370
82.51080393791199,168370
82.51362037658691,168370
82.51643252372742,168370
82.51923513412476,168370
82.52205872535706,168370
82.5248510837555,168370
82.527658700943,168370
82.5304684638977,168370
82.5332932472229,168370
82.53613758087158,168370
82.53897023200989,168370
82.54178810119629,168370
82.54461431503296,168370
82.54742527008057,168370
82.55024647712708,168370
82.55308389663696,168370
82.55589032173157,168370
82.55869054794312,168370
82.56151390075684,168370
82.56433773040771,168370
82.56715488433838,168370
82.56995964050293,168370
82.57277750968933,168370
82.57559132575989,168370
82.57840037345886,168370
82.58121633529663,168370
82.58403992652893,168370
82.58683848381042,168370
82.58965706825256,168370
82.59248113632202,168370
82.59529995918274,168370
82.59811329841614,168370
82.60092353820801,168370
82.60373640060425,168370
82.60675525665283,168370
82.60956525802612,168370
82.61239743232727,168370
82.6152069568634,168370
82.61801171302795,168370
82.62081694602966,168370
82.62364220619202,168370
82.62644982337952,168370
82.62927389144897,168370
82.63209581375122,168370
82.63490462303162,168370
82.63770747184753,168370
82.64052128791809,168370
82.64333581924438,168370
82.64614486694336,168370
82.64894914627075,168370
82.65176510810852,168370
82.65458631515503,168370
82.65739941596985,168370
82.66020965576172,168370
82.66302609443665,168370
82.66582036018372,168370
82.66863489151001,168370
82.67145252227783,168370
82.6742787361145,168370
82.67708587646484,168370
82.67989110946655,168370
82.68270254135132,168370
82.6855194568634,168370
82.68832850456238,168370
82.69114184379578,168370
82.69395613670349,168370
82.69676470756531,168370
82.6995689868927,168370
82.70239186286926,168370
82.7052001953125,168370
82.70800948143005,168370
82.71081113815308,168370
82.713623046875,168370
82.7164294719696,168370
82.71924638748169,168370
82.72206902503967,168370
82.7248706817627,168370
82.7276759147644,168370
82.73048233985901,168370
82.7333014011383,168370
82.73611640930176,168370
82.73891377449036,168370
82.74172568321228,168370
82.74454307556152,168370
82.7473566532135,168370
82.75016403198242,168370
82.75297451019287,168370
82.75578165054321,168370
82.7585883140564,168370
82.76139044761658,168370
82.76421022415161,168370
82.76700472831726,168370
82.76980710029602,168370
82.77262163162231,168370
82.77543044090271,168370
82.77823400497437,168370
82.78104090690613,168370
82.78384733200073,168370
82.7866575717926,168370
82.78946852684021,168370
82.7922933101654,168370
82.7950987815857,168370
82.79791259765625,168370
82.80072021484375,168370
82.80354237556458,168370
82.80634927749634,168370
82.80916690826416,168370
82.81196355819702,168370
82.8147804737091,168370
82.81759262084961,168370
82.82040882110596,168370
82.82322311401367,168370
82.8260350227356,168370
82.82883095741272,168370
82.83164501190186,168370
82.83447098731995,168370
82.83728623390198,168370
82.84009289741516,168370
82.84291052818298,168370
82.84571146965027,168370
82.84852743148804,168370
82.85132646560669,168370
82.8541488647461,168370
82.85694360733032,168370
82.85975122451782,168370
82.86255764961243,168370
82.8653655052185,168370
82.86817049980164,168370
82.87097477912903,168370
82.87379598617554,168370
82.87660765647888,168370
82.87940716743469,168370
82.8822340965271,168370
82.88504266738892,168370
82.88784766197205,168370
82.89065647125244,168370
82.89348077774048,168370
82.89628887176514,168370
82.89910769462585,168370
82.90190100669861,168370
82.90471720695496,168370
82.90752410888672,168370
82.91033291816711,168370
82.91314458847046,168370
82.9159562587738,168370
82.91879224777222,168370
82.92159962654114,168370
82.92441487312317,168370
82.92722845077515,168370
82.93002605438232,168370
82.93282961845398,168370
82.93563652038574,168370
82.9384446144104,168370
82.94126057624817,168370
82.94408082962036,168370
82.94687581062317,168370
82.94968032836914,168370
82.95248818397522,168370
82.95529794692993,168370
82.95813202857971,168370
82.9609386920929,168370
82.9637463092804,168370
82.9670889377594,168370
82.96989893913269,168370
82.97273969650269,168370
82.97557377815247,168370
82.97840666770935,168370
82.9812114238739,168370
82.98402571678162,168370
82.98681855201721,168370
82.98961663246155,168370
82.9924304485321,168370
82.99524593353271,168370
82.99805092811584,168370
83.00084781646729,168370
83.00365948677063,168370
83.00647020339966,168370
83.00927066802979,168370
83.01208662986755,168370
83.01487922668457,168370
83.01768612861633,168370
83.02049016952515,168370
83.02331495285034,168370
83.02611351013184,168370
83.0289146900177,168370
83.03171563148499,168370
83.03453516960144,168370
83.03733968734741,168370
83.04014873504639,168370
83.04294919967651,168370
83.04575896263123,168370
83.04855632781982,168370
83.05137276649475,168370
83.05418515205383,168370
83.05698800086975,168370
83.05979061126709,168370
83.06261134147644,168370
83.06541585922241,168370
83.06822490692139,168370
83.07102918624878,168370
83.07382154464722,168370
83.07661890983582,168370
83.07942748069763,168370
83.08223533630371,168370
83.0850510597229,168370
83.08783888816833,168370
83.09064769744873,168370
83.09346389770508,168370
83.096275806427,168370
83.09908628463745,168370
83.10188293457031,168370
83.10470342636108,168370
83.10751223564148,168370
83.11032366752625,168370
83.1131420135498,168370
83.1159405708313,168370
83.11874604225159,168370
83.12154865264893,168370
83.1243724822998,168370
83.12718462944031,168370
83.12999367713928,168370
83.13279891014099,168370
83.1356098651886,168370
83.13841938972473,168370
83.14122200012207,168370
83.14403057098389,168370
83.14682126045227,168370
83.14961409568787,168370
83.15243816375732,168370
83.15524411201477,168370
83.15805768966675,168370
83.16084814071655,168370
83.16367483139038,168370
83.16647601127625,168370
83.16928362846375,168370
83.17209482192993,168370
83.17489361763,168370
83.17769360542297,168370
83.18050718307495,168370
83.18332362174988,168370
83.18613934516907,168370
83.18893527984619,168370
83.19177794456482,168370
83.19461393356323,168370
83.19744944572449,168370
83.20025777816772,168370
83.20307731628418,168370
83.20586895942688,168370
83.2086775302887,168370
83.2114806175232,168370
83.21431064605713,168370
83.21711778640747,168370
83.21992754936218,168370
83.22272992134094,168370
83.22553873062134,168370
83.22834610939026,168370
83.23115539550781,168370
83.23396706581116,168370
83.23677253723145,168370
83.2395715713501,168370
83.24238801002502,168370
83.24519920349121,168370
83.24799418449402,168370
83.25079607963562,168370
83.2536129951477,168370
83.25641775131226,168370
83.25922584533691,168370
83.26204085350037,168370
83.26483726501465,168370
83.26764297485352,168370
83.27045130729675,168370
83.27326893806458,168370
83.27607655525208,168370
83.27887177467346,168370
83.28168392181396,168370
83.28450179100037,168370
83.28730916976929,168370
83.29010891914368,168370
83.29291415214539,168370
83.29571557044983,168370
83.2985258102417,168370
83.30132102966309,168370
83.30414390563965,168370
83.30694675445557,168370
83.3097562789917,168370
83.31257104873657,168370
83.31538081169128,168370
83.31819105148315,168370
83.32099223136902,168370
83.32379817962646,168370
83.3266088962555,168370
83.32941102981567,168370
83.33222985267639,168370
83.33504104614258,168370
83.33784222602844,168370
83.34064030647278,168370
83.34345388412476,168370
83.34626507759094,168370
83.34908032417297,168370
83.35186719894409,168370
83.35468792915344,168370
83.35749125480652,168370
83.3602945804596,168370
83.36309790611267,168370
83.36589741706848,168370
83.36869788169861,168370
83.37150621414185,168370
83.37430953979492,168370
83.37712216377258,168370
83.37992143630981,168370
83.38273739814758,168370
83.38553833961487,168370
83.3883466720581,168370
83.3911521434784,168370
83.39396405220032,168370
83.3967752456665,168370
83.39958238601685,168370
83.40239453315735,168370
83.40520453453064,168370
83.40800356864929,168370
83.41081762313843,168370
83.41362810134888,168370
83.41644048690796,168370
83.41924715042114,168370
83.42206907272339,168370
83.42486238479614,168370
83.42767429351807,168370
83.43048119544983,168370
83.4333028793335,168370
83.43611574172974,168370
83.43891525268555,168370
83.44171714782715,168370
83.44454097747803,168370
83.447345495224,168370
83.45015120506287,168370
83.45295190811157,168370
83.45575022697449,168370
83.45854616165161,168370
83.46134734153748,168370
83.4641706943512,168370
83.4669737815857,168370
83.46977353096008,168370
83.47259187698364,168370
83.47538638114929,168370
83.47819423675537,168370
83.48098731040955,168370
83.48380064964294,168370
83.48660397529602,168370
83.48940443992615,168370
83.49222302436829,168370
83.49502277374268,168370
83.49781250953674,168370
83.50062942504883,168370
83.50344276428223,168370
83.50625872612,168370
83.50906825065613,168370
83.51186013221741,168370
83.51467299461365,168370
83.51747798919678,168370
83.52028036117554,168370
83.52310276031494,168370
83.5258994102478,168370
83.52869844436646,168370
83.53150606155396,168370
83.53433036804199,168370
83.53713345527649,168370
83.5399341583252,168370
83.54274439811707,168370
83.5455436706543,168370
83.5483500957489,168370
83.55116534233093,168370
83.55399322509766,168370
83.55679631233215,168370
83.55960607528687,168370
83.56242156028748,168370
83.56523823738098,168370
83.56805396080017,168370
83.57085490226746,168370
83.57367086410522,168370
83.57647967338562,168370
83.57928252220154,168370
83.58210277557373,168370
83.58490324020386,168370
83.58769655227661,168370
83.59050917625427,168370
83.59332919120789,168370
83.5961422920227,168370
83.59893274307251,168370
83.6017496585846,168370
83.60457277297974,168370
83.6073887348175,168370
83.61019563674927,168370
83.61301112174988,168370
83.61580491065979,168370
83.61860370635986,168370
83.62141036987305,168370
83.62422895431519,168370
83.62703609466553,168370
83.62983655929565,168370
83.63264322280884,168370
83.63545346260071,168370
83.6382622718811,168370
83.6410756111145,168370
83.64388251304626,168370
83.64668869972229,168370
83.64949488639832,168370
83.65230941772461,168370
83.65511655807495,168370
83.65791630744934,168370
83.66071319580078,168370
83.66353106498718,168370
83.6663465499878,168370
83.66916751861572,168370
83.67196893692017,168370
83.67478036880493,168370
83.67758846282959,168370
83.68039512634277,168370
83.68321061134338,168370
83.68601632118225,168370
83.68882441520691,168370
83.6916286945343,168370
83.69444417953491,168370
83.69725179672241,168370
83.7000572681427,168370
83.70286393165588,168370
83.70566773414612,168370
83.70847821235657,168370
83.71128726005554,168370
83.71411061286926,168370
83.71690964698792,168370
83.7197277545929,168370
83.72254848480225,168370
83.72535634040833,168370
83.72816181182861,168370
83.730961561203,168370
83.73378157615662,168370
83.73658871650696,168370
83.73938345909119,168370
83.74220824241638,168370
83.74501419067383,168370
83.74782299995422,168370
83.75063300132751,168370
83.75345849990845,168370
83.75626373291016,168370
83.75907635688782,168370
83.76187038421631,168370
83.76468515396118,168370
83.767498254776,168370
83.77031230926514,168370
83.77313327789307,168370
83.77592825889587,168370
83.77872967720032,168370
83.78153729438782,168370
83.78435921669006,168370
83.78717041015625,168370
83.78996992111206,168370
83.7927873134613,168370
83.79558801651001,168370
83.79839992523193,168370
83.80120635032654,168370
83.80402421951294,168370
83.8068118095398,168370
83.80961656570435,168370
83.8124349117279,168370
83.8152506351471,168370
83.8180525302887,168370
83.82084703445435,168370
83.8236653804779,168370
83.82646751403809,168370
83.8292784690857,168370
83.8321042060852,168370
83.83489990234375,168370
83.83771085739136,168370
83.84051561355591,168370
83.843341588974,168370
83.84615278244019,168370
83.84895730018616,168370
83.85175681114197,168370
83.85457515716553,168370
83.85738205909729,168370
83.86019515991211,168370
83.86300277709961,168370
83.86580967903137,168370
83.86861515045166,168370
83.87142872810364,168370
83.87425518035889,168370
83.87706017494202,168370
83.87984609603882,168370
83.88266801834106,168370
83.88548135757446,168370
83.88829445838928,168370
83.89111113548279,168370
83.89391422271729,168370
83.89671421051025,168370
83.89952683448792,168370
83.90234470367432,168370
83.9051661491394,168370
83.90796828269958,168370
83.91077828407288,168370
83.91359519958496,168370
83.91641139984131,168370
83.9192430973053,168370
83.92207455635071,168370
83.92487525939941,168370
83.92768955230713,168370
83.93049573898315,168370
83.93331694602966,168370
83.93612790107727,168370
83.93894052505493,168370
83.94174098968506,168370
83.9445652961731,168370
83.9473648071289,168370
83.95018315315247,168370
83.95299482345581,168370
83.95579981803894,168370
83.95862936973572,168370
83.96144795417786,168370
83.96426963806152,168370
83.96753168106079,168370
83.9703722000122,168370
83.97322463989258,168370
83.97606778144836,168370
83.97887182235718,168370
83.98167943954468,168370
83.98450779914856,168370
83.98731637001038,168370
83.99012732505798,168370
83.99293971061707,168370
83.99575352668762,168370
83.99856781959534,168370
84.00137257575989,168370
84.00420117378235,168370
84.00700068473816,168370
84.00980830192566,168370
84.01262497901917,168370
84.01542663574219,168370
84.01824045181274,168370
84.02105188369751,168370
84.02385878562927,168370
84.02666139602661,168370
84.0294737815857,168370
84.03228831291199,168370
84.03510570526123,168370
84.03790664672852,168370
84.04073071479797,168370
84.04354739189148,168370
84.0463695526123,168370
84.04917550086975,168370
84.05197834968567,168370
84.05479097366333,168370
84.05759906768799,168370
84.06040239334106,168370
84.06322383880615,168370
84.06603240966797,168370
84.06883215904236,168370
84.07163786888123,168370
84.07445502281189,168370
84.07726430892944,168370
84.08008337020874,168370
84.08288264274597,168370
84.0856945514679,168370
84.08850049972534,168370
84.091313123703,168370
84.09413003921509,168370
84.0969386100769,168370
84.09979319572449,168370
84.10261917114258,168370
84.10549974441528,168370
84.108318567276,168370
84.11112952232361,168370
84.11395859718323,168370
84.11676025390625,168370
84.11957025527954,168370
84.12239003181458,168370
84.12520837783813,168370
84.12800121307373,168370
84.13080477714539,168370
84.13361358642578,168370
84.13642430305481,168370
84.13922643661499,168370
84.14204049110413,168370
84.14486861228943,168370
84.14769887924194,168370
84.1505024433136,168370
84.15332341194153,168370
84.15612649917603,168370
84.158926486969,168370
84.1617374420166,168370
84.16455793380737,168370
84.16736316680908,168370
84.170175075531,168370
84.17298436164856,168370
84.17578673362732,168370
84.17859244346619,168370
84.1814033985138,168370
84.18422555923462,168370
84.1870334148407,168370
84.18982124328613,168370
84.19264459609985,168370
84.19545412063599,168370
84.19826459884644,168370
84.2010657787323,168370
84.20386695861816,168370
84.2066707611084,168370
84.20948457717896,168370
84.21229314804077,168370
84.2151050567627,168370
84.21789646148682,168370
84.22071313858032,168370
84.22353339195251,168370
84.22634506225586,168370
84.22914695739746,168370
84.23195743560791,168370
84.23476815223694,168370
84.23757338523865,168370
84.24038577079773,168370
84.24321031570435,168370
84.24600887298584,168370
84.24881529808044,168370
84.25164031982422,168370
84.25448703765869,168370
84.25729656219482,168370
84.26010990142822,168370
84.26291489601135,168370
84.26572751998901,168370
84.26853227615356,168370
84.27133464813232,168370
84.27415251731873,168370
84.27695536613464,168370
84.27975249290466,168370
84.28256106376648,168370
84.28536915779114,168370
84.28818106651306,168370
84.29097366333008,168370
84.29378843307495,168370
84.29658889770508,168370
84.29939389228821,168370
84.30221128463745,168370
84.30501294136047,168370
84.30781769752502,168370
84.31062459945679,168370
84.31342673301697,168370
84.31623673439026,168370
84.31903767585754,168370
84.32182908058167,168370
84.3246431350708,168370
84.3274519443512,168370
84.33025979995728,168370
84.33308291435242,168370
84.33588147163391,168370
84.33868765830994,168370
84.34148740768433,168370
84.3443021774292,168370
84.34710502624512,168370
84.34990286827087,168370
84.35271787643433,168370
84.35552597045898,168370
84.35833096504211,168370
84.3611466884613,168370
84.36395621299744,168370
84.3667585849762,168370
84.36956000328064,168370
84.3723783493042,168370
84.37518548965454,168370
84.37798738479614,168370
84.38079595565796,168370
84.3836133480072,168370
84.38640975952148,168370
84.38921093940735,168370
84.3920030593872,168370
84.39481353759766,168370
84.39761567115784,168370
84.40042519569397,168370
84.40323495864868,168370
84.40604782104492,168370
84.40883731842041,168370
84.41163539886475,168370
84.41443943977356,168370
84.41724872589111,168370
84.42005228996277,168370
84.42286014556885,168370
84.42566537857056,168370
84.42846727371216,168370
84.4312674999237,168370
84.43408513069153,168370
84.43687582015991,168370
84.4396812915802,168370
84.44249415397644,168370
84.44530200958252,168370
84.44810891151428,168370
84.45091319084167,168370
84.45372176170349,168370
84.4565269947052,168370
84.45932483673096,168370
84.46214652061462,168370
84.46494340896606,168370
84.46774888038635,168370
84.4705445766449,168370
84.47335696220398,168370
84.47616052627563,168370
84.47896385192871,168370
84.48176693916321,168370
84.48458242416382,168370
84.48738193511963,168370
84.49018549919128,168370
84.49298787117004,168370
84.49579524993896,168370
84.49859285354614,168370
84.50139856338501,168370
84.50421047210693,168370
84.50701117515564,168370
84.5098066329956,168370
84.51261711120605,168370
84.5154139995575,168370
84.51821994781494,168370
84.52101182937622,168370
84.52382850646973,168370
84.52663469314575,168370
84.52944278717041,168370
84.53225016593933,168370
84.53506517410278,168370
84.53785347938538,168370
84.54065561294556,168370
84.54345917701721,168370
84.54626846313477,168370
84.54907011985779,168370
84.5518696308136,168370
84.55470752716064,168370
84.55751395225525,168370
84.56032156944275,168370
84.56314778327942,168370
84.56594157218933,168370
84.56873655319214,168370
84.57153606414795,168370
84.57434439659119,168370
84.57714557647705,168370
84.57995176315308,168370
84.58275818824768,168370
84.58556246757507,168370
84.58836507797241,168370
84.59117078781128,168370
84.59398460388184,168370
84.59678769111633,168370
84.59959292411804,168370
84.60240459442139,168370
84.6052074432373,168370
84.60819935798645,168370
84.61099243164062,168370
84.61380529403687,168370
84.6166136264801,168370
84.61942529678345,168370
84.62224006652832,168370
84.62504696846008,168370
84.62783145904541,168370
84.63064408302307,168370
84.63345670700073,168370
84.63625860214233,168370
84.63906216621399,168370
84.64185214042664,168370
84.6446602344513,168370
84.647465467453,168370
84.65026569366455,168370
84.65308451652527,168370
84.65587496757507,168370
84.65867567062378,168370
84.6614785194397,168370
84.66429424285889,168370
84.66709518432617,168370
84.6698989868164,168370
84.67271208763123,168370
84.6755154132843,168370
84.67831659317017,168370
84.68112230300903,168370
84.68392705917358,168370
84.68673205375671,168370
84.68952894210815,168370
84.69234466552734,168370
84.69515013694763,168370
84.69794845581055,168370
84.70074272155762,168370
84.7035620212555,168370
84.70636343955994,168370
84.70918679237366,168370
84.71198177337646,168370
84.71478509902954,168370
84.71759247779846,168370
84.72042346000671,168370
84.72323751449585,168370
84.72604203224182,168370
84.72883915901184,168370
84.7316403388977,168370
84.73445868492126,168370
84.7372636795044,168370
84.74006128311157,168370
84.74286532402039,168370
84.74567246437073,168370
84.74848198890686,168370
84.75128936767578,168370
84.75409483909607,168370
84.7569010257721,168370
84.75968980789185,168370
84.76249837875366,168370
84.76529693603516,168370
84.76810359954834,168370
84.7709014415741,168370
84.7737066745758,168370
84.77650928497314,168370
84.77931523323059,168370
84.78213334083557,168370
84.7849440574646,168370
84.78774785995483,168370
84.79054808616638,168370
84.79335713386536,168370
84.7961630821228,168370
84.79896140098572,168370
84.80177235603333,168370
84.80457544326782,168370
84.80738425254822,168370
84.81019520759583,168370
84.81300711631775,168370
84.8158073425293,168370
84.81861472129822,168370
84.82141470909119,168370
84.8242335319519,168370
84.82704019546509,168370
84.82983303070068,168370
84.83263993263245,168370
84.83545255661011,168370
84.8382637500763,168370
84.84107303619385,168370
84.84387946128845,168370
84.84668207168579,168370
84.84948348999023,168370
84.85229253768921,168370
84.8550865650177,168370
84.85787415504456,168370
84.86066389083862,168370
84.86347842216492,168370
84.86628580093384,168370
84.86910033226013,168370
84.87188601493835,168370
84.87469244003296,168370
84.87750101089478,168370
84.88030314445496,168370
84.88311219215393,168370
84.88590455055237,168370
84.88870048522949,168370
84.89150428771973,168370
84.89432144165039,168370
84.89712691307068,168370
84.89992237091064,168370
84.90273070335388,168370
84.90553617477417,168370
84.90834021568298,168370
84.91114902496338,168370
84.91395902633667,168370
84.91675043106079,168370
84.9195785522461,168370
84.92239093780518,168370
84.92519736289978,168370
84.92799043655396,168370
84.93078875541687,168370
84.93360257148743,168370
84.93640041351318,168370
84.9391987323761,168370
84.9419858455658,168370
84.9447877407074,168370
84.94758939743042,168370
84.9504017829895,168370
84.9532208442688,168370
84.95601201057434,168370
84.95884323120117,168370
84.96164870262146,168370
84.96446084976196,168370
84.96774220466614,168370
84.97057867050171,168370
84.97341823577881,168370
84.97624707221985,168370
84.97905039787292,168370
84.98184561729431,168370
84.98465323448181,168370
84.98747563362122,168370
84.9902765750885,168370
84.99308776855469,168370
84.9958758354187,168370
84.99867939949036,168370
85.0014853477478,168370
85.0042998790741,168370
85.00710153579712,168370
85.00989818572998,168370
85.01271510124207,168370
85.01551842689514,168370
85.0183207988739,168370
85.02112460136414,168370
85.0239360332489,168370
85.02673482894897,168370
85.02954149246216,168370
85.0323555469513,168370
85.03515648841858,168370
85.03795170783997,168370
85.04075217247009,168370
85.04356527328491,168370
85.04636597633362,168370
85.04916334152222,168370
85.05196356773376,168370
85.05477356910706,168370
85.05756640434265,168370
85.06036639213562,168370
85.06318283081055,168370
85.0659704208374,168370
85.06876397132874,168370
85.0715606212616,168370
85.07437586784363,168370
85.07717728614807,168370
85.07996439933777,168370
85.0827739238739,168370
85.08557915687561,168370
85.08838224411011,168370
85.0911865234375,168370
85.0940613746643,168370
85.09686040878296,168370
85.09966158866882,168370
85.1024718284607,168370
85.10527896881104,168370
85.10808610916138,168370
85.11088562011719,168370
85.11369585990906,168370
85.11650276184082,168370
85.11930823326111,168370
85.12212657928467,168370
85.12491774559021,168370
85.12772154808044,168370
85.13052678108215,168370
85.13333892822266,168370
85.13614535331726,168370
85.13894653320312,168370
85.14174628257751,168370
85.14456105232239,168370
85.14736676216125,168370
85.15016865730286,168370
85.1529769897461,168370
85.15577125549316,168370
85.15857005119324,168370
85.16137671470642,168370
85.16418886184692,168370
85.16698336601257,168370
85.16978454589844,168370
85.17260575294495,168370
85.1754047870636,168370
85.1782066822052,168370
85.18100619316101,168370
85.18381214141846,168370
85.18661880493164,168370
85.18942666053772,168370
85.19224143028259,168370
85.19504618644714,168370
85.19784235954285,168370
85.20063853263855,168370
85.20344948768616,168370
85.20625400543213,168370
85.20906019210815,168370
85.21184873580933,168370
85.21466159820557,168370
85.21746492385864,168370
85.2202661037445,168370
85.22308015823364,168370
85.22586607933044,168370
85.22866177558899,168370
85.23146104812622,168370
85.2342758178711,168370
85.23708701133728,168370
85.2398772239685,168370
85.24268937110901,168370
85.2454948425293,168370
85.24830436706543,168370
85.25110697746277,168370
85.25390815734863,168370
85.25670838356018,168370
85.25951051712036,168370
85.26232647895813,168370
85.26513075828552,168370
85.26792693138123,168370
85.27072381973267,168370
85.2735424041748,168370
85.27634644508362,168370
85.27916169166565,168370
85.28196406364441,168370
85.28476810455322,168370
85.28756356239319,168370
85.29037475585938,168370
85.2931854724884,168370
85.29599189758301,168370
85.29879212379456,168370
85.30159592628479,168370
85.30441427230835,168370
85.3072235584259,168370
85.31001329421997,168370
85.31282997131348,168370
85.31563258171082,168370
85.31844520568848,168370
85.32125186920166,168370
85.32407355308533,168370
85.3268609046936,168370
85.32965731620789,168370
85.33246898651123,168370
85.33527636528015,168370
85.33807826042175,168370
85.34087061882019,168370
85.34367537498474,168370
85.3464822769165,168370
85.34929156303406,168370
85.3521044254303,168370
85.35489916801453,168370
85.35770034790039,168370
85.36050629615784,168370
85.3633303642273,168370
85.36613464355469,168370
85.36892509460449,168370
85.3717188835144,168370
85.37453126907349,168370
85.37733912467957,168370
85.38014268875122,168370
85.3829550743103,168370
85.38575649261475,168370
85.38855695724487,168370
85.39136910438538,168370
85.39417815208435,168370
85.39697623252869,168370
85.39977550506592,168370
85.40259432792664,168370
85.40540170669556,168370
85.40821027755737,168370
85.41100335121155,168370
85.41381859779358,168370
85.41662406921387,168370
85.41942954063416,168370
85.42223954200745,168370
85.42505240440369,168370
85.42784643173218,168370
85.43064880371094,168370
85.43345713615417,168370
85.43626475334167,168370
85.43907475471497,168370
85.44186925888062,168370
85.44468474388123,168370
85.44749522209167,168370
85.45029473304749,168370
85.45310568809509,168370
85.4559006690979,168370
85.45869851112366,168370
85.461501121521,168370
85.46431112289429,168370
85.46711254119873,168370
85.46991729736328,168370
85.47272229194641,168370
85.47553038597107,168370
85.47832655906677,168370
85.48112607002258,168370
85.48393702507019,168370
85.48674464225769,168370
85.48954701423645,168370
85.49236273765564,168370
85.49516916275024,168370
85.49796152114868,168370
85.50076055526733,168370
85.50358581542969,168370
85.50638890266418,168370
85.50920343399048,168370
85.51199841499329,168370
85.51482248306274,168370
85.51762795448303,168370
85.52043461799622,168370
85.52324438095093,168370
85.52605199813843,168370
85.52883863449097,168370
85.53163623809814,168370
85.53443884849548,168370
85.53723931312561,168370
85.54004859924316,168370
85.54286098480225,168370
85.54566025733948,168370
85.5484664440155,168370
85.55126476287842,168370
85.55410599708557,168370
85.55689907073975,168370
85.55970287322998,168370
85.56250882148743,168370
85.56532001495361,168370
85.56812453269958,168370
85.57092809677124,168370
85.57373380661011,168370
85.57654571533203,168370
85.57934379577637,168370
85.58215880393982,168370
85.58495593070984,168370
85.58776354789734,168370
85.5905704498291,168370
85.5933883190155,168370
85.59619665145874,168370
85.59899926185608,168370
85.6017997264862,168370
85.6046187877655,168370
85.60741829872131,168370
85.61022782325745,168370
85.61303448677063,168370
85.61586165428162,168370
85.61869096755981,168370
85.62151098251343,168370
85.62433862686157,168370
85.62715101242065,168370
85.62994694709778,168370
85.6327588558197,168370
85.63556671142578,168370
85.63838148117065,168370
85.64119696617126,168370
85.64400839805603,168370
85.646803855896,168370
85.64961218833923,168370
85.65243864059448,168370
85.65524959564209,168370
85.65806365013123,168370
85.6608657836914,168370
85.66367387771606,168370
85.66648483276367,168370
85.6692910194397,168370
85.67211103439331,168370
85.67490839958191,168370
85.67772364616394,168370
85.68053197860718,168370
85.68335175514221,168370
85.68616271018982,168370
85.68896198272705,168370
85.6917655467987,168370
85.69458556175232,168370
85.6973934173584,168370
85.70021200180054,168370
85.7030291557312,168370
85.70583081245422,168370
85.70864152908325,168370
85.7114531993866,168370
85.71426606178284,168370
85.71707820892334,168370
85.71988725662231,168370
85.72270083427429,168370
85.72550940513611,168370
85.72832822799683,168370
85.73113226890564,168370
85.73394274711609,168370
85.73674631118774,168370
85.73955464363098,168370
85.74237155914307,168370
85.74518346786499,168370
85.74798107147217,168370
85.75078392028809,168370
85.7535982131958,168370
85.75640797615051,168370
85.75921535491943,168370
85.76203322410583,168370
85.76483249664307,168370
85.76764106750488,168370
85.7704496383667,168370
85.77327227592468,168370
85.77607607841492,168370
85.77887058258057,168370
85.78167939186096,168370
85.7844967842102,168370
85.78730487823486,168370
85.79011607170105,168370
85.79292035102844,168370
85.79572629928589,168370
85.79853701591492,168370
85.80134320259094,168370
85.80416464805603,168370
85.80696201324463,168370
85.80976843833923,168370
85.8125855922699,168370
85.81538653373718,168370
85.81820178031921,168370
85.82100200653076,168370
85.82381510734558,168370
85.8266236782074,168370
85.82943391799927,168370
85.83224749565125,168370
85.83506274223328,168370
85.83786940574646,168370
85.8406753540039,168370
85.84349393844604,168370
85.84630179405212,168370
85.84910678863525,168370
85.85190200805664,168370
85.85471677780151,168370
85.85751843452454,168370
85.86033177375793,168370
85.86314964294434,168370
85.86594128608704,168370
85.86874771118164,168370
85.87155556678772,168370
85.8743748664856,168370
85.87718629837036,168370
85.87998962402344,168370
85.88280081748962,168370
85.88561272621155,168370
85.88842153549194,168370
85.89122796058655,168370
85.89404726028442,168370
85.89684867858887,168370
85.89965772628784,168370
85.90247797966003,168370
85.90529203414917,168370
85.90811467170715,168370
85.91091656684875,168370
85.91373252868652,168370
85.91653776168823,168370
85.91937351226807,168370
85.92219376564026,168370
85.92499876022339,168370
85.92779874801636,168370
85.93061566352844,168370
85.93343472480774,168370
85.93624663352966,168370
85.9390640258789,168370
85.9418671131134,168370
85.94468808174133,168370
85.94750046730042,168370
85.95030570030212,168370
85.95312643051147,168370
85.95592522621155,168370
85.95876240730286,168370
85.96157169342041,168370
85.96439504623413,168370
85.96725296974182,168370
85.97047328948975,168370
85.97332382202148,168370
85.97615098953247,168370
85.97895908355713,168370
85.98179125785828,168370
85.98460102081299,168370
85.98741126060486,168370
85.99022173881531,168370
85.9930329322815,168370
85.99582147598267,168370
85.9986219406128,168370
86.00141668319702,168370
86.0042314529419,168370
86.00703430175781,168370
86.00983238220215,168370
86.01264786720276,168370
86.01545429229736,168370
86.01826000213623,168370
86.02107167243958,168370
86.02387595176697,168370
86.02667880058289,168370
86.02948713302612,168370
86.03229808807373,168370
86.03509712219238,168370
86.03789138793945,168370
86.0406882762909,168370
86.04350090026855,168370
86.0463035106659,168370
86.0491111278534,168370
86.05190420150757,168370
86.05471467971802,168370
86.05751824378967,168370
86.06032395362854,168370
86.06314158439636,168370
86.06594276428223,168370
86.0687472820282,168370
86.07155275344849,168370
86.07437467575073,168370
86.07717895507812,168370
86.07998132705688,168370
86.0827989578247,168370
86.08559656143188,168370
86.08839106559753,168370
86.09120011329651,168370
86.09400129318237,168370
86.0968017578125,168370
86.09960865974426,168370
86.10241031646729,168370
86.10521411895752,168370
86.10801434516907,168370
86.11080980300903,168370
86.11362671852112,168370
86.11643314361572,168370
86.11923408508301,168370
86.12204027175903,168370
86.12482714653015,168370
86.12763452529907,168370
86.13043236732483,168370
86.13324546813965,168370
86.13605737686157,168370
86.13884925842285,168370
86.1416506767273,168370
86.14447093009949,168370
86.1473298072815,168370
86.15013980865479,168370
86.15294241905212,168370
86.15575671195984,168370
86.15861487388611,168370
86.16142797470093,168370
86.16425013542175,168370
86.16706013679504,168370
86.16984987258911,168370
86.1726884841919,168370
86.17549252510071,168370
86.17829990386963,168370
86.18109822273254,168370
86.1839051246643,168370
86.186692237854,168370
86.18950176239014,168370
86.19231057167053,168370
86.19511604309082,168370
86.19790577888489,168370
86.20071268081665,168370
86.2035276889801,168370
86.20634055137634,168370
86.20914578437805,168370
86.21194696426392,168370
86.214759349823,168370
86.21756434440613,168370
86.22038698196411,168370
86.22321152687073,168370
86.22600769996643,168370
86.22880697250366,168370
86.23160195350647,168370
86.2344217300415,168370
86.23722314834595,168370
86.24000930786133,168370
86.24281716346741,168370
86.24561929702759,168370
86.24841618537903,168370
86.25122427940369,168370
86.25403356552124,168370
86.25683236122131,168370
86.25964140892029,168370
86.26245331764221,168370
86.26525664329529,168370
86.26807117462158,168370
86.27089285850525,168370
86.27374219894409,168370
86.27655220031738,168370
86.27936553955078,168370
86.28218507766724,168370
86.28498911857605,168370
86.28779220581055,168370
86.2906002998352,168370
86.2934160232544,168370
86.29621315002441,168370
86.29901552200317,168370
86.30182123184204,168370
86.30463814735413,168370
86.307443857193,168370
86.3102502822876,168370
86.31307744979858,168370
86.31586790084839,168370
86.31868934631348,168370
86.32148718833923,168370
86.32431530952454,168370
86.32712697982788,168370
86.32993769645691,168370
86.33275699615479,168370
86.33556842803955,168370
86.33838200569153,168370
86.34122037887573,168370
86.34407043457031,168370
86.3468964099884,168370
86.34969806671143,168370
86.35251998901367,168370
86.35531973838806,168370
86.35813164710999,168370
86.3609390258789,168370
86.36375975608826,168370
86.36656904220581,168370
86.3693859577179,168370
86.37221002578735,168370
86.37502813339233,168370
86.3778305053711,168370
86.38063955307007,168370
86.38345623016357,168370
86.38626790046692,168370
86.38907599449158,168370
86.39187240600586,168370
86.39468622207642,168370
86.39750027656555,168370
86.40031242370605,168370
86.40313267707825,168370
86.40592646598816,168370
86.4087302684784,168370
86.41154313087463,168370
86.41436553001404,168370
86.4171736240387,168370
86.41997718811035,168370
86.42278790473938,168370
86.4255940914154,168370
86.42840123176575,168370
86.43121027946472,168370
86.43403005599976,168370
86.43683695793152,168370
86.43965125083923,168370
86.44246768951416,168370
86.44528079032898,168370
86.44809436798096,168370
86.4508900642395,168370
86.45369911193848,168370
86.45650386810303,168370
86.45931124687195,168370
86.4621274471283,168370
86.46492719650269,168370
86.46772837638855,168370
86.47053694725037,168370
86.47335028648376,168370
86.47615718841553,168370
86.47895312309265,168370
86.48174905776978,168370
86.48457551002502,168370
86.48739099502563,168370
86.49019694328308,168370
86.49300837516785,168370
86.49581384658813,168370
86.49862718582153,168370
86.50143313407898,168370
86.50425601005554,168370
86.50706195831299,168370
86.50985646247864,168370
86.51267337799072,168370
86.51548361778259,168370
86.51829838752747,168370
86.52110981941223,168370
86.52391791343689,168370
86.52672266960144,168370
86.52953624725342,168370
86.53235650062561,168370
86.53516268730164,168370
86.53797698020935,168370
86.54078197479248,168370
86.54359722137451,168370
86.5464117527008,168370
86.54922318458557,168370
86.55203628540039,168370
86.5548791885376,168370
86.55768656730652,168370
86.56049799919128,168370
86.5633225440979,168370
86.56613779067993,168370
86.56893396377563,168370
86.57174611091614,168370
86.5745632648468,168370
86.5773811340332,168370
86.58019948005676,168370
86.58301281929016,168370
86.58581519126892,168370
86.58863472938538,168370
86.59145188331604,168370
86.59427785873413,168370
86.59708881378174,168370
86.59988784790039,168370
86.60269808769226,168370
86.60551738739014,168370
86.6085000038147,168370
86.61131286621094,168370
86.61414098739624,168370
86.61694526672363,168370
86.61975407600403,168370
86.62256979942322,168370
86.62537932395935,168370
86.6281967163086,168370
86.63098931312561,168370
86.63381505012512,168370
86.6366138458252,168370
86.63942456245422,168370
86.64224123954773,168370
86.64504933357239,168370
86.64784049987793,168370
86.65064668655396,168370
86.65345525741577,168370
86.65626549720764,168370
86.6590723991394,168370
86.66186547279358,168370
86.66468477249146,168370
86.6675021648407,168370
86.67030906677246,168370
86.67313003540039,168370
86.6759295463562,168370
86.67875814437866,168370
86.6815893650055,168370
86.68441438674927,168370
86.68721866607666,168370
86.69002985954285,168370
86.6928334236145,168370
86.69564747810364,168370
86.69845914840698,168370
86.70126676559448,168370
86.70407724380493,168370
86.70688056945801,168370
86.70968437194824,168370
86.71249890327454,168370
86.7153091430664,168370
86.71812462806702,168370
86.72092366218567,168370
86.72373390197754,168370
86.7265408039093,168370
86.72935009002686,168370
86.73217415809631,168370
86.73497819900513,168370
86.73778295516968,168370
86.74059176445007,168370
86.74340558052063,168370
86.74621272087097,168370
86.74900960922241,168370
86.75181722640991,168370
86.75463128089905,168370
86.75744605064392,168370
86.76025605201721,168370
86.7630832195282,168370
86.76587104797363,168370
86.76867985725403,168370
86.77148914337158,168370
86.77432084083557,168370
86.7771348953247,168370
86.77994513511658,168370
86.7827639579773,168370
86.78557586669922,168370
86.7883791923523,168370
86.79119205474854,168370
86.79400444030762,168370
86.79680967330933,168370
86.7996118068695,168370
86.8024263381958,168370
86.80523681640625,168370
86.80805373191833,168370
86.8108479976654,168370
86.8136785030365,168370
86.81649255752563,168370
86.81930732727051,168370
86.82213139533997,168370
86.8249351978302,168370
86.82774448394775,168370
86.8305516242981,168370
86.83337688446045,168370
86.83618760108948,168370
86.83898854255676,168370
86.84179854393005,168370
86.84460496902466,168370
86.84740900993347,168370
86.8502185344696,168370
86.85303688049316,168370
86.85582828521729,168370
86.85863876342773,168370
86.86144399642944,168370
86.8642647266388,168370
86.86708116531372,168370
86.86988472938538,168370
86.87270092964172,168370
86.87551856040955,168370
86.87831997871399,168370
86.8811366558075,168370
86.88395094871521,168370
86.88675808906555,168370
86.88956594467163,168370
86.89239287376404,168370
86.89520287513733,168370
86.89800214767456,168370
86.90080523490906,168370
86.90361738204956,168370
86.90642833709717,168370
86.90925598144531,168370
86.91207909584045,168370
86.91488528251648,168370
86.9176926612854,168370
86.92053723335266,168370
86.92335820198059,168370
86.92616820335388,168370
86.92896223068237,168370
86.93177676200867,168370
86.93460655212402,168370
86.93741989135742,168370
86.94023752212524,168370
86.94306588172913,168370
86.94585800170898,168370
86.9486653804779,168370
86.95148015022278,168370
86.95429468154907,168370
86.9571042060852,168370
86.95993685722351,168370
86.96274971961975,168370
86.96556687355042,168370
86.96865463256836,168370
86.9716534614563,168370
86.97450685501099,168370
86.97734642028809,168370
86.98018717765808,168370
86.98300766944885,168370
86.98583221435547,168370
86.98866319656372,168370
86.9914801120758,168370
86.99430966377258,168370
86.9971170425415,168370
86.9999213218689,168370
87.00273084640503,168370
87.00553917884827,168370
87.00834631919861,168370
87.01115369796753,168370
87.01396012306213,168370
87.01676607131958,168370
87.01957821846008,168370
87.02240228652954,168370
87.02520489692688,168370
87.0280077457428,168370
87.03080797195435,168370
87.03362512588501,168370
87.03643202781677,168370
87.03924131393433,168370
87.04206109046936,168370
87.04485750198364,168370
87.0476565361023,168370
87.05047011375427,168370
87.0532910823822,168370
87.05610418319702,168370
87.05889916419983,168370
87.06170320510864,168370
87.06451773643494,168370
87.06733012199402,168370
87.07014393806458,168370
87.07296109199524,168370
87.07575988769531,168370
87.07857608795166,168370
87.08137845993042,168370
87.08420968055725,168370
87.08701157569885,168370
87.08981537818909,168370
87.09262824058533,168370
87.0954360961914,168370
87.0982415676117,168370
87.10104560852051,168370
87.10385227203369,168370
87.10666155815125,168370
87.10946273803711,168370
87.1122817993164,168370
87.11508321762085,168370
87.11788630485535,168370
87.12069344520569,168370
87.1235089302063,168370
87.12631297111511,168370
87.1291184425354,168370
87.13192296028137,168370
87.13473081588745,168370
87.13754153251648,168370
87.14034461975098,168370
87.1431577205658,168370
87.14595937728882,168370
87.14876055717468,168370
87.15156960487366,168370
87.1543939113617,168370
87.15720868110657,168370
87.16001415252686,168370
87.1628246307373,168370
87.16561627388,168370
87.1684238910675,168370
87.1712281703949,168370
87.17405796051025,168370
87.1768479347229,168370
87.17965459823608,168370
87.18246698379517,168370
87.18527913093567,168370
87.18808722496033,168370
87.1908872127533,168370
87.19370460510254,168370
87.19651365280151,168370
87.19931316375732,168370
87.20213103294373,168370
87.20492649078369,168370
87.20772695541382,168370
87.21053385734558,168370
87.21335506439209,168370
87.21615433692932,168370
87.21895289421082,168370
87.22176599502563,168370
87.22463488578796,168370
87.22745418548584,168370
87.23027062416077,168370
87.23308563232422,168370
87.23588442802429,168370
87.23868823051453,168370
87.24150323867798,168370
87.24433279037476,168370
87.2471444606781,168370
87.24993467330933,168370
87.25276041030884,168370
87.25556969642639,168370
87.25838422775269,168370
87.26119136810303,168370
87.264004945755,168370
87.26679825782776,168370
87.26960825920105,168370
87.27242541313171,168370
87.27524137496948,168370
87.27804970741272,168370
87.28085851669312,168370
87.28367209434509,168370
87.28648090362549,168370
87.28928685188293,168370
87.29210758209229,168370
87.29490566253662,168370
87.29771184921265,168370
87.30051493644714,168370
87.3033344745636,168370
87.30615043640137,168370
87.30895042419434,168370
87.31175136566162,168370
87.31458473205566,168370
87.31738615036011,168370
87.32018756866455,168370
87.32300114631653,168370
87.32580137252808,168370
87.32860231399536,168370
87.33141589164734,168370
87.334233045578,168370
87.33704829216003,168370
87.33984303474426,168370
87.34266185760498,168370
87.34547638893127,168370
87.34828686714172,168370
87.35109758377075,168370
87.35390830039978,168370
87.35671091079712,168370
87.35952258110046,168370
87.36233925819397,168370
87.36515378952026,168370
87.36795210838318,168370
87.37075972557068,168370
87.37357664108276,168370
87.37638807296753,168370
87.37919569015503,168370
87.38199019432068,168370
87.38479661941528,168370
87.3875994682312,168370
87.39040565490723,168370
87.39322590827942,168370
87.39602828025818,168370
87.39882850646973,168370
87.40163516998291,168370
87.40444874763489,168370
87.40726470947266,168370
87.41007542610168,168370
87.41287994384766,168370
87.41568851470947,168370
87.41849875450134,168370
87.42130589485168,168370
87.42413353919983,168370
87.42693305015564,168370
87.42973589897156,168370
87.43256139755249,168370
87.43537259101868,168370
87.43817496299744,168370
87.44097709655762,168370
87.44379019737244,168370
87.4465970993042,168370
87.44940757751465,168370
87.45222926139832,168370
87.45504069328308,168370
87.45784091949463,168370
87.46064710617065,168370
87.46346402168274,168370
87.46627283096313,168370
87.46907448768616,168370
87.4718770980835,168370
87.47469067573547,168370
87.47750186920166,168370
87.48030948638916,168370
87.48313117027283,168370
87.48592710494995,168370
87.4887285232544,168370
87.4915418624878,168370
87.49436211585999,168370
87.4971661567688,168370
87.4999680519104,168370
87.50277829170227,168370
87.50558924674988,168370
87.50838971138,168370
87.5111997127533,168370
87.51400923728943,168370
87.51681566238403,168370
87.51961970329285,168370
87.52244257926941,168370
87.52525329589844,168370
87.52806353569031,168370
87.53085684776306,168370
87.53367161750793,168370
87.53647375106812,168370
87.53927874565125,168370
87.54210257530212,168370
87.5448968410492,168370
87.54769730567932,168370
87.55051064491272,168370
87.55331754684448,168370
87.55615615844727,168370
87.55895781517029,168370
87.56176328659058,168370
87.56457662582397,168370
87.56739258766174,168370
87.57019853591919,168370
87.57300043106079,168370
87.5758011341095,168370
87.57860732078552,168370
87.58141589164734,168370
87.58424401283264,168370
87.58705282211304,168370
87.58984518051147,168370
87.59266638755798,168370
87.59547400474548,168370
87.59828019142151,168370
87.60108542442322,168370
87.60390329360962,168370
87.60671830177307,168370
87.60953044891357,168370
87.61234927177429,168370
87.61515998840332,168370
87.61797046661377,168370
87.62077188491821,168370
87.62358736991882,168370
87.62639999389648,168370
87.62920618057251,168370
87.6320071220398,168370
87.63482546806335,168370
87.63763427734375,168370
87.64044260978699,168370
87.6432535648346,168370
87.64606213569641,168370
87.6488585472107,168370
87.65166568756104,168370
87.65448141098022,168370
87.65729594230652,168370
87.66009879112244,168370
87.66291499137878,168370
87.66573476791382,168370
87.66854763031006,168370
87.67134714126587,168370
87.67416620254517,168370
87.67696642875671,168370
87.67976808547974,168370
87.68257880210876,168370
87.68538308143616,168370
87.68819522857666,168370
87.69100022315979,168370
87.69380974769592,168370
87.69661378860474,168370
87.6994137763977,168370
87.70224285125732,168370
87.70503950119019,168370
87.70783305168152,168370
87.71064043045044,168370
87.71345520019531,168370
87.71625351905823,168370
87.71906805038452,168370
87.7218565940857,168370
87.72466468811035,168370
87.72746920585632,168370
87.7302770614624,168370
87.73309779167175,168370
87.73590970039368,168370
87.73871064186096,168370
87.74151754379272,168370
87.74433302879333,168370
87.747141122818,168370
87.74993443489075,168370
87.75275254249573,168370
87.75555324554443,168370
87.7583589553833,168370
87.76116871833801,168370
87.76397895812988,168370
87.76678776741028,168370
87.76958203315735,168370
87.77238893508911,168370
87.77519154548645,168370
87.77798819541931,168370
87.78079414367676,168370
87.78360247612,168370
87.78641057014465,168370
87.78920555114746,168370
87.79200577735901,168370
87.79481983184814,168370
87.79762125015259,168370
87.8004264831543,168370
87.80325531959534,168370
87.80606412887573,168370
87.80885934829712,168370
87.81165814399719,168370
87.81447839736938,168370
87.81728720664978,168370
87.82010221481323,168370
87.8228964805603,168370
87.8256893157959,168370
87.82849431037903,168370
87.83130240440369,168370
87.83411908149719,168370
87.83692717552185,168370
87.83973526954651,168370
87.84256052970886,168370
87.84536790847778,168370
87.84817790985107,168370
87.85096764564514,168370
87.85378861427307,168370
87.85659193992615,168370
87.8593978881836,168370
87.86222290992737,168370
87.86503481864929,168370
87.86782193183899,168370
87.87063264846802,168370
87.87344646453857,168370
87.87625432014465,168370
87.87906908988953,168370
87.88187026977539,168370
87.88469123840332,168370
87.8874990940094,168370
87.8903067111969,168370
87.89312267303467,168370
87.89592361450195,168370
87.89872574806213,168370
87.90153980255127,168370
87.90436291694641,168370
87.90716242790222,168370
87.90996265411377,168370
87.91278648376465,168370
87.91559195518494,168370
87.91840124130249,168370
87.92123317718506,168370
87.92405652999878,168370
87.92685842514038,168370
87.92966437339783,168370
87.93247771263123,168370
87.93529605865479,168370
87.9381115436554,168370
87.94089937210083,168370
87.94370746612549,168370
87.94651913642883,168370
87.94932675361633,168370
87.95214200019836,168370
87.95495128631592,168370
87.95778346061707,168370
87.9605815410614,168370
87.96340227127075,168370
87.96621751785278,168370
87.96901392936707,168370
87.97231531143188,168370
87.97515034675598,168370
87.97796058654785,168370
87.98079109191895,168370
87.98362112045288,168370
87.98643636703491,168370
87.98924660682678,168370
87.99206137657166,168370
87.99486994743347,168370
87.99768257141113,168370
88.000492811203,168370
88.00330901145935,168370
88.00612330436707,168370
88.00892090797424,168370
88.01172137260437,168370
88.01453590393066,168370
88.0173408985138,168370
88.02015113830566,168370
88.02296471595764,168370
88.02575993537903,168370
88.02856349945068,168370
88.03137135505676,168370
88.03419947624207,168370
88.03700399398804,168370
88.03981113433838,168370
88.04262328147888,168370
88.0454318523407,168370
88.04823970794678,168370
88.05104923248291,168370
88.05385994911194,168370
88.05667352676392,168370
88.05947804450989,168370
88.06229829788208,168370
88.06510734558105,168370
88.06791067123413,168370
88.07070851325989,168370
88.07352781295776,168370
88.07633376121521,168370
88.07914066314697,168370
88.08194303512573,168370
88.08475828170776,168370
88.08756637573242,168370
88.0903856754303,168370
88.0931990146637,168370
88.09600520133972,168370
88.09880375862122,168370
88.10161089897156,168370
88.10442805290222,168370
88.10724377632141,168370
88.11004829406738,168370
88.11286211013794,168370
88.11566734313965,168370
88.11847710609436,168370
88.12128639221191,168370
88.12411212921143,168370
88.12690734863281,168370
88.1297116279602,168370
88.1325330734253,168370
88.13534283638,168370
88.13815426826477,168370
88.14096021652222,168370
88.14377117156982,168370
88.14658451080322,168370
88.14939546585083,168370
88.1522216796875,168370
88.15502738952637,168370
88.15782427787781,168370
88.16063117980957,168370
88.16344881057739,168370
88.16626405715942,168370
88.16906404495239,168370
88.17189478874207,168370
88.17474269866943,168370
88.17756843566895,168370
88.1803891658783,168370
88.18321180343628,168370
88.18601441383362,168370
88.18881583213806,168370
88.19163084030151,168370
88.19449734687805,168370
88.19731330871582,168370
88.20012784004211,168370
88.20302939414978,168370
88.20582914352417,168370
88.20865774154663,168370
88.21147012710571,168370
88.21429634094238,168370
88.21710014343262,168370
88.21991205215454,168370
88.22272801399231,168370
88.22554349899292,168370
88.22835087776184,168370
88.2311646938324,168370
88.23397946357727,168370
88.23678874969482,168370
88.23960185050964,168370
88.24242305755615,168370
88.24523591995239,168370
88.2480399608612,168370
88.25083637237549,168370
88.25365376472473,168370
88.25647044181824,168370
88.25928926467896,168370
88.26211261749268,168370
88.26491522789001,168370
88.26772141456604,168370
88.27053356170654,168370
88.27335405349731,168370
88.27617001533508,168370
88.278968334198,168370
88.28178143501282,168370
88.28460025787354,168370
88.28741002082825,168370
88.29022407531738,168370
88.29304957389832,168370
88.2958414554596,168370
88.29865193367004,168370
88.30146074295044,168370
88.30427718162537,168370
88.30708456039429,168370
88.30988931655884,168370
88.31270551681519,168370
88.31551861763,168370
88.31833171844482,168370
88.32114720344543,168370
88.32395696640015,168370
88.32676148414612,168370
88.3295669555664,168370
88.3323962688446,168370
88.33521127700806,168370
88.33800482749939,168370
88.34080791473389,168370
88.34362196922302,168370
88.34642767906189,168370
88.3492341041565,168370
88.3520519733429,168370
88.3548493385315,168370
88.35765266418457,168370
88.36046004295349,168370
88.36327314376831,168370
88.3660740852356,168370
88.36887454986572,168370
88.37167239189148,168370
88.37449073791504,168370
88.37730121612549,168370
88.3801064491272,168370
88.38291335105896,168370
88.38571882247925,168370
88.38852834701538,168370
88.39133286476135,168370
88.39415979385376,168370
88.39696407318115,168370
88.39975929260254,168370
88.40256977081299,168370
88.40537571907043,168370
88.40817618370056,168370
88.41097640991211,168370
88.41379189491272,168370
88.41659998893738,168370
88.4194004535675,168370
88.42221975326538,168370
88.4250283241272,168370
88.42782258987427,168370
88.43062448501587,168370
88.43343710899353,168370
88.43624305725098,168370
88.4390561580658,168370
88.44185447692871,168370
88.44467568397522,168370
88.44748950004578,168370
88.45029354095459,168370
88.45312094688416,168370
88.45592713356018,168370
88.45872402191162,168370
88.46153211593628,168370
88.46434020996094,168370
88.46714234352112,168370
88.46994471549988,168370
88.4727578163147,168370
88.47556591033936,168370
88.4783730506897,168370
88.48117852210999,168370
88.48399209976196,168370
88.48679828643799,168370
88.48960852622986,168370
88.49243426322937,168370
88.49524688720703,168370
88.49805617332458,168370
88.50085282325745,168370
88.50366616249084,168370
88.50648236274719,168370
88.5092887878418,168370
88.51211357116699,168370
88.51491713523865,168370
88.51772284507751,168370
88.52053213119507,168370
88.52335238456726,168370
88.52616143226624,168370
88.52896547317505,168370
88.53176832199097,168370
88.53458189964294,168370
88.53738284111023,168370
88.54018950462341,168370
88.54300165176392,168370
88.54580879211426,168370
88.54861283302307,168370
88.55141854286194,168370
88.55426383018494,168370
88.55708169937134,168370
88.55987739562988,168370
88.56269598007202,168370
88.56550431251526,168370
88.56830954551697,168370
88.57111668586731,168370
88.57393145561218,168370
88.576735496521,168370
88.57954740524292,168370
88.58236861228943,168370
88.5851800441742,168370
88.58797359466553,168370
88.59077525138855,168370
88.59359288215637,168370
88.59640097618103,168370
88.59920859336853,168370
88.60202860832214,168370
88.60484147071838,168370
88.607830286026,168370
88.61063647270203,168370
88.61346054077148,168370
88.61626982688904,168370
88.61907720565796,168370
88.6218729019165,168370
88.6246862411499,168370
88.62749433517456,168370
88.6303117275238,168370
88.63312888145447,168370
88.6359269618988,168370
88.63873028755188,168370
88.64154243469238,168370
88.6443681716919,168370
88.64718103408813,168370
88.64998531341553,168370
88.65280389785767,168370
88.65561819076538,168370
88.65842175483704,168370
88.66123127937317,168370
88.66405892372131,168370
88.6668553352356,168370
88.66965651512146,168370
88.67248129844666,168370
88.67529559135437,168370
88.67810297012329,168370
88.68089962005615,168370
88.68370747566223,168370
88.68651914596558,168370
88.68933486938477,168370
88.69215726852417,168370
88.69496726989746,168370
88.69781517982483,168370
88.70065331459045,168370
88.70347094535828,168370
88.70628070831299,168370
88.70908427238464,168370
88.71188735961914,168370
88.71470499038696,168370
88.71751594543457,168370
88.7203540802002,168370
88.72317337989807,168370
88.72597455978394,168370
88.72878789901733,168370
88.73159956932068,168370
88.7344241142273,168370
88.73724102973938,168370
88.74005436897278,168370
88.74286985397339,168370
88.745676279068,168370
88.74849534034729,168370
88.75129795074463,168370
88.75411939620972,168370
88.75692248344421,168370
88.75972986221313,168370
88.7625527381897,168370
88.76536822319031,168370
88.76817226409912,168370
88.77097940444946,168370
88.77379393577576,168370
88.77659463882446,168370
88.77939915657043,168370
88.78221392631531,168370
88.78501486778259,168370
88.78781795501709,168370
88.79062867164612,168370
88.79344964027405,168370
88.7962658405304,168370
88.79908323287964,168370
88.80189251899719,168370
88.80470776557922,168370
88.80751514434814,168370
88.81031727790833,168370
88.81313371658325,168370
88.81593227386475,168370
88.81873297691345,168370
88.82155394554138,168370
88.82437229156494,168370
88.82718229293823,168370
88.82998991012573,168370
88.83280611038208,168370
88.83560037612915,168370
88.83840107917786,168370
88.84121179580688,168370
88.8440272808075,168370
88.84683299064636,168370
88.84964156150818,168370
88.852454662323,168370
88.85526537895203,168370
88.8580801486969,168370
88.86087727546692,168370
88.86369228363037,168370
88.8665041923523,168370
88.86931037902832,168370
88.87212681770325,168370
88.874924659729,168370
88.87772536277771,168370
88.88052916526794,168370
88.88335633277893,168370
88.886159658432,168370
88.88895630836487,168370
88.89176368713379,168370
88.89458298683167,168370
88.89739894866943,168370
88.90020990371704,168370
88.90302538871765,168370
88.90581941604614,168370
88.90862393379211,168370
88.91142344474792,168370
88.9142553806305,168370
88.91706490516663,168370
88.9198751449585,168370
88.92268824577332,168370
88.92550158500671,168370
88.9283127784729,168370
88.93112397193909,168370
88.9339337348938,168370
88.93673396110535,168370
88.93954515457153,168370
88.94236278533936,168370
88.94516849517822,168370
88.94797468185425,168370
88.95079636573792,168370
88.95361828804016,168370
88.9564356803894,168370
88.95927619934082,168370
88.96209716796875,168370
88.96491146087646,168370
88.96772074699402,168370
88.97105288505554,168370
88.97390127182007,168370
88.97674894332886,168370
88.97958707809448,168370
88.98242616653442,168370
88.98525357246399,168370
88.98807549476624,168370
88.99086999893188,168370
88.99368572235107,168370
88.99649739265442,168370
88.99931001663208,168370
89.00215768814087,168370
89.00495791435242,168370
89.0077633857727,168370
89.01057720184326,168370
89.01339221000671,168370
89.01620578765869,168370
89.0190076828003,168370
89.02180814743042,168370
89.02462244033813,168370
89.02742791175842,168370
89.0302345752716,168370
89.03305506706238,168370
89.03585934638977,168370
89.03866744041443,168370
89.04148077964783,168370
89.04431533813477,168370
89.04713416099548,168370
89.04993009567261,168370
89.05273771286011,168370
89.05554366111755,168370
89.05836629867554,168370
89.06117677688599,168370
89.06398701667786,168370
89.06679081916809,168370
89.06960391998291,168370
89.07242250442505,168370
89.07522821426392,168370
89.07803988456726,168370
89.08083868026733,168370
89.08366012573242,168370
89.08647179603577,168370
89.08928155899048,168370
89.09210538864136,168370
89.09490442276001,168370
89.0977144241333,168370
89.1005232334137,168370
89.10334920883179,168370
89.10615587234497,168370
89.10895133018494,168370
89.11175870895386,168370
89.11458158493042,168370
89.11738896369934,168370
89.1201982498169,168370
89.12300252914429,168370
89.12580895423889,168370
89.12862658500671,168370
89.13144397735596,168370
89.13426399230957,168370
89.1370689868927,168370
89.13985824584961,168370
89.14267110824585,168370
89.14547777175903,168370
89.1482880115509,168370
89.1510899066925,168370
89.15389847755432,168370
89.15669536590576,168370
89.1595048904419,168370
89.16232562065125,168370
89.16513729095459,168370
89.16793537139893,168370
89.1707375049591,168370
89.17356204986572,168370
89.17637014389038,168370
89.17917895317078,168370
89.18197512626648,168370
89.18478918075562,168370
89.18759655952454,168370
89.1903944015503,168370
89.19321346282959,168370
89.1960129737854,168370
89.19882249832153,168370
89.20162796974182,168370
89.20445203781128,168370
89.20725059509277,168370
89.2100510597229,168370
89.21286273002625,168370
89.21566915512085,168370
89.21846795082092,168370
89.22127866744995,168370
89.22409558296204,168370
89.22689723968506,168370
89.22969007492065,168370
89.23250889778137,168370
89.23531365394592,168370
89.23811531066895,168370
89.24091219902039,168370
89.24372959136963,168370
89.24653315544128,168370
89.24934482574463,168370
89.25215816497803,168370
89.25496792793274,168370
89.25778031349182,168370
89.26058888435364,168370
89.26340937614441,168370
89.26621341705322,168370
89.26901078224182,168370
89.27182126045227,168370
89.27463507652283,168370
89.27743363380432,168370
89.28028059005737,168370
89.2831346988678,168370
89.28593921661377,168370
89.28875088691711,168370
89.29155778884888,168370
89.29437947273254,168370
89.29719185829163,168370
89.29999995231628,168370
89.30281400680542,168370
89.3056309223175,168370
89.30843448638916,168370
89.31124711036682,168370
89.3140721321106,168370
89.31687450408936,168370
89.31968235969543,168370
89.32250905036926,168370
89.32531762123108,168370
89.32813239097595,168370
89.33093214035034,168370
89.33374404907227,168370
89.3365535736084,168370
89.33936977386475,168370
89.34218382835388,168370
89.34499049186707,168370
89.34779667854309,168370
89.35060834884644,168370
89.35346150398254,168370
89.35631036758423,168370
89.35911393165588,168370
89.36192011833191,168370
89.36473393440247,168370
89.36754179000854,168370
89.37034869194031,168370
89.37316799163818,168370
89.37596106529236,168370
89.37876868247986,168370
89.38157415390015,168370
89.38439965248108,168370
89.38720560073853,168370
89.39000940322876,168370
89.392822265625,168370
89.39562726020813,168370
89.39842629432678,168370
89.40124201774597,168370
89.40406012535095,168370
89.40685558319092,168370
89.40966510772705,168370
89.4124870300293,168370
89.41529107093811,168370
89.41809916496277,168370
89.42089557647705,168370
89.42373657226562,168370
89.42657732963562,168370
89.42941284179688,168370
89.43224120140076,168370
89.43505525588989,168370
89.43785834312439,168370
89.44067764282227,168370
89.44350123405457,168370
89.44630742073059,168370
89.44912147521973,168370
89.45192527770996,168370
89.454745054245,168370
89.4575526714325,168370
89.46036052703857,168370
89.46317267417908,168370
89.46597599983215,168370
89.46878385543823,168370
89.47158575057983,168370
89.47440457344055,168370
89.47721242904663,168370
89.48002791404724,168370
89.48283743858337,168370
89.48565697669983,168370
89.48846292495728,168370
89.4912760257721,168370
89.49409365653992,168370
89.496896982193,168370
89.49970269203186,168370
89.5025246143341,168370
89.50533199310303,168370
89.50814747810364,168370
89.51095414161682,168370
89.5137710571289,168370
89.51657962799072,168370
89.51939296722412,168370
89.52221465110779,168370
89.52503228187561,168370
89.52783036231995,168370
89.53063726425171,168370
89.53345584869385,168370
89.53626990318298,168370
89.53907704353333,168370
89.54186916351318,168370
89.54468727111816,168370
89.54749584197998,168370
89.55031132698059,168370
89.55313563346863,168370
89.55596995353699,168370
89.55878400802612,168370
89.56159210205078,168370
89.56441235542297,168370
89.5672218799591,168370
89.57002973556519,168370
89.57283067703247,168370
89.57563924789429,168370
89.57845783233643,168370
89.58126926422119,168370
89.58408689498901,168370
89.5868821144104,168370
89.58969569206238,168370
89.59252071380615,168370
89.59532475471497,168370
89.59813094139099,168370
89.6009373664856,168370
89.60375690460205,168370
89.60657811164856,168370
89.60939049720764,168370
89.61220836639404,168370
89.61502408981323,168370
89.61782765388489,168370
89.62063670158386,168370
89.62345600128174,168370
89.6262755393982,168370
89.62907576560974,168370
89.63187837600708,168370
89.634694814682,168370
89.63751292228699,168370
89.64032697677612,168370
89.64315104484558,168370
89.64594411849976,168370
89.648752450943,168370
89.65155792236328,168370
89.65438151359558,168370
89.65719294548035,168370
89.65999507904053,168370
89.6628007888794,168370
89.6656174659729,168370
89.66842246055603,168370
89.67123317718506,168370
89.67405343055725,168370
89.67685174942017,168370
89.67965173721313,168370
89.6824734210968,168370
89.68529057502747,168370
89.6881000995636,168370
89.69090390205383,168370
89.69371247291565,168370
89.69652485847473,168370
89.69933700561523,168370
89.70215940475464,168370
89.70496582984924,168370
89.70776724815369,168370
89.71057510375977,168370
89.71340107917786,168370
89.71621632575989,168370
89.7190318107605,168370
89.72183060646057,168370
89.72464942932129,168370
89.72746515274048,168370
89.73026704788208,168370
89.7330801486969,168370
89.7358808517456,168370
89.73869204521179,168370
89.74150562286377,168370
89.74433302879333,168370
89.74714374542236,168370
89.74994564056396,168370
89.75275897979736,168370
89.75556969642639,168370
89.75838017463684,168370
89.76125383377075,168370
89.76410222053528,168370
89.76690769195557,168370
89.76971387863159,168370
89.77253079414368,168370
89.7753496170044,168370
89.77816534042358,168370
89.78095769882202,168370
89.78377723693848,168370
89.78659200668335,168370
89.78940105438232,168370
89.79222846031189,168370
89.79504251480103,168370
89.79784059524536,168370
89.80065846443176,168370
89.80347967147827,168370
89.80628752708435,168370
89.80910181999207,168370
89.81191229820251,168370
89.81472420692444,168370
89.81754302978516,168370
89.82035064697266,168370
89.82317686080933,168370
89.82596969604492,168370
89.82878184318542,168370
89.83158993721008,168370
89.83441066741943,168370
89.83721899986267,168370
89.84002947807312,168370
89.8428361415863,168370
89.84565114974976,168370
89.84846329689026,168370
89.85127353668213,168370
89.85409569740295,168370
89.85689735412598,168370
89.8597059249878,168370
89.86254072189331,168370
89.8653495311737,168370
89.86816215515137,168370
89.87096190452576,168370
89.87378215789795,168370
89.87659287452698,168370
89.87940907478333,168370
89.88222217559814,168370
89.88503289222717,168370
89.88783359527588,168370
89.8906421661377,168370
89.89346146583557,168370
89.89627623558044,168370
89.89908623695374,168370
89.90189528465271,168370
89.90471816062927,168370
89.90752720832825,168370
89.91033434867859,168370
89.91315579414368,168370
89.91595768928528,168370
89.91876435279846,168370
89.9216079711914,168370
89.92441987991333,168370
89.92722272872925,168370
89.93003392219543,168370
89.93283939361572,168370
89.9356381893158,168370
89.93844795227051,168370
89.94125366210938,168370
89.94407534599304,168370
89.94687867164612,168370
89.94967651367188,168370
89.95249915122986,168370
89.95530700683594,168370
89.95813965797424,168370
89.960942029953,168370
89.9637553691864,168370
89.96657156944275,168370
89.96938705444336,168370
89.97264885902405,168370
89.97550177574158,168370
89.97833347320557,168370
89.98117899894714,168370
89.98401498794556,168370
89.98681783676147,168370
89.98962116241455,168370
89.99244236946106,168370
89.99535942077637,168370
89.99825525283813,168370
90.0010633468628,168370
90.00387287139893,168370
90.0066819190979,168370
90.00949358940125,168370
90.01231455802917,168370
90.01513242721558,168370
90.01793050765991,168370
90.02073526382446,168370
90.02355313301086,168370
90.02636766433716,168370
90.02917814254761,168370
90.03197741508484,168370
90.0347809791565,168370
90.03758692741394,168370
90.04039764404297,168370
90.04321694374084,168370
90.04601311683655,168370
90.04881811141968,168370
90.05162215232849,168370
90.05445098876953,168370
90.05726385116577,168370
90.06007695198059,168370
90.06287479400635,168370
90.06567883491516,168370
90.06847810745239,168370
90.07128620147705,168370
90.07410717010498,168370
90.07691717147827,168370
90.07971858978271,168370
90.08253955841064,168370
90.08534860610962,168370
90.0881597995758,168370
90.09096074104309,168370
90.09377455711365,168370
90.09658098220825,168370
90.09938764572144,168370
90.10220265388489,168370
90.10500836372375,168370
90.10781240463257,168370
90.11062359809875,168370
90.11343717575073,168370
90.11624598503113,168370
90.11905264854431,168370
90.12186193466187,168370
90.12467837333679,168370
90.12749433517456,168370
90.13030171394348,168370
90.13311672210693,168370
90.13591480255127,168370
90.13871645927429,168370
90.14152455329895,168370
90.1443452835083,168370
90.14715719223022,168370
90.14995527267456,168370
90.1527783870697,168370
90.15558195114136,168370
90.1583924293518,168370
90.16120314598083,168370
90.16401243209839,168370
90.16681838035583,168370
90.16962504386902,168370
90.17243909835815,168370
90.17524456977844,168370
90.17804861068726,168370
90.1808443069458,168370
90.18367075920105,168370
90.18647408485413,168370
90.18927669525146,168370
90.19208931922913,168370
90.19488787651062,168370
90.1977014541626,168370
90.20051217079163,168370
90.20332789421082,168370
90.20613884925842,168370
90.2089352607727,168370
90.21174430847168,168370
90.2145631313324,168370
90.21738290786743,168370
90.22018814086914,168370
90.2230007648468,168370
90.22580552101135,168370
90.22861051559448,168370
90.23142194747925,168370
90.23425388336182,168370
90.2370491027832,168370
90.23984360694885,168370
90.24272871017456,168370
90.24554991722107,168370
90.24835538864136,168370
90.25119352340698,168370
90.25400948524475,168370
90.2568826675415,168370
90.2596869468689,168370
90.26251411437988,168370
90.26532411575317,168370
90.26814985275269,168370
90.27095866203308,168370
90.27377724647522,168370
90.27658128738403,168370
90.27938890457153,168370
90.28220891952515,168370
90.28501629829407,168370
90.28781986236572,168370
90.2906265258789,168370
90.29345631599426,168370
90.29627418518066,168370
90.29908847808838,168370
90.30188465118408,168370
90.30469965934753,168370
90.30750632286072,168370
90.31031394004822,168370
90.313143491745,168370
90.3159396648407,168370
90.31874799728394,168370
90.32155799865723,168370
90.32438230514526,168370
90.32719206809998,168370
90.32998728752136,168370
90.33279371261597,168370
90.33561086654663,168370
90.33842277526855,168370
90.34123229980469,168370
90.34405303001404,168370
90.34685158729553,168370
90.34965324401855,168370
90.35246658325195,168370
90.35527658462524,168370
90.35807871818542,168370
90.36087274551392,168370
90.36368751525879,168370
90.36649680137634,168370
90.36931729316711,168370
90.37212944030762,168370
90.37493419647217,168370
90.37774562835693,168370
90.38056302070618,168370
90.38338041305542,168370
90.3861927986145,168370
90.38899159431458,168370
90.39180421829224,168370
90.39462018013,168370
90.39742469787598,168370
90.40023899078369,168370
90.40306186676025,168370
90.40585064888,168370
90.40865802764893,168370
90.4114785194397,168370
90.41429734230042,168370
90.4171028137207,168370
90.41989374160767,168370
90.42270874977112,168370
90.42551827430725,168370
90.42832851409912,168370
90.43113994598389,168370
90.43395519256592,168370
90.43675899505615,168370
90.43956685066223,168370
90.4423897266388,168370
90.44520616531372,168370
90.44800686836243,168370
90.45080661773682,168370
90.45362758636475,168370
90.45643663406372,168370
90.45925307273865,168370
90.46207308769226,168370
90.4648687839508,168370
90.46766805648804,168370
90.47047996520996,168370
90.47329545021057,168370
90.47610759735107,168370
90.47891449928284,168370
90.48171949386597,168370
90.4845519065857,168370
90.48737263679504,168370
90.49017596244812,168370
90.49298858642578,168370
90.49580001831055,168370
90.49860215187073,168370
90.50141048431396,168370
90.50423741340637,168370
90.50705146789551,168370
90.50987267494202,168370
90.51272487640381,168370
90.51554584503174,168370
90.51836061477661,168370
90.5211832523346,168370
90.52399587631226,168370
90.52680969238281,168370
90.52962064743042,168370
90.53244376182556,168370
90.53525853157043,168370
90.53807997703552,168370
90.5408775806427,168370
90.54369068145752,168370
90.54649448394775,168370
90.54930400848389,168370
90.55212664604187,168370
90.55496311187744,168370
90.557772397995,168370
90.56058144569397,168370
90.5634036064148,168370
90.56621861457825,168370
90.56901597976685,168370
90.57182478904724,168370
90.57463574409485,168370
90.57744574546814,168370
90.58025622367859,168370
90.58307552337646,168370
90.58587050437927,168370
90.58868312835693,168370
90.59149718284607,168370
90.59433770179749,168370
90.59715390205383,168370
90.59995222091675,168370
90.6027615070343,168370
90.60558462142944,168370
90.6085832118988,168370
90.61139583587646,168370
90.6142225265503,168370
90.61703777313232,168370
90.61984300613403,168370
90.62266778945923,168370
90.62547945976257,168370
90.62829232215881,168370
90.6311023235321,168370
90.63391780853271,168370
90.636723279953,168370
90.63953924179077,168370
90.64235377311707,168370
90.64516687393188,168370
90.64796566963196,168370
90.65077781677246,168370
90.65360164642334,168370
90.65641903877258,168370
90.65922713279724,168370
90.66204881668091,168370
90.66484904289246,168370
90.66765236854553,168370
90.67045950889587,168370
90.67327618598938,168370
90.67608070373535,168370
90.67888569831848,168370
90.68169140815735,168370
90.68451118469238,168370
90.68731570243835,168370
90.69013381004333,168370
90.69294142723083,168370
90.69575214385986,168370
90.6985604763031,168370
90.70137286186218,168370
90.70419573783875,168370
90.7070038318634,168370
90.70980477333069,168370
90.71262621879578,168370
90.71551966667175,168370
90.71833038330078,168370
90.72114539146423,168370
90.72395324707031,168370
90.72676873207092,168370
90.72957563400269,168370
90.73240447044373,168370
90.73520970344543,168370
90.73801183700562,168370
90.7408127784729,168370
90.74362349510193,168370
90.74644017219543,168370
90.74925327301025,168370
90.75207114219666,168370
90.75486922264099,168370
90.75767660140991,168370
90.76048874855042,168370
90.76330256462097,168370
90.76612567901611,168370
90.76893210411072,168370
90.7717342376709,168370
90.77456164360046,168370
90.77736949920654,168370
90.78017115592957,168370
90.78298950195312,168370
90.7857940196991,168370
90.7885992527008,168370
90.79140424728394,168370
90.79422688484192,168370
90.79703211784363,168370
90.7998321056366,168370
90.80264902114868,168370
90.80546832084656,168370
90.8082823753357,168370
90.81109309196472,168370
90.81390261650085,168370
90.81670832633972,168370
90.81951332092285,168370
90.82233309745789,168370
90.82514119148254,168370
90.82794046401978,168370
90.830739736557,168370
90.83356308937073,168370
90.8363721370697,168370
90.83918070793152,168370
90.84198212623596,168370
90.8447961807251,168370
90.8475923538208,168370
90.85040521621704,168370
90.85322189331055,168370
90.85602259635925,168370
90.85881114006042,168370
90.86161375045776,168370
90.86442279815674,168370
90.86723566055298,168370
90.87003684043884,168370
90.87284827232361,168370
90.87565016746521,168370
90.87846112251282,168370
90.88126301765442,168370
90.88408780097961,168370
90.88689351081848,168370
90.88970017433167,168370
90.89251804351807,168370
90.89532852172852,168370
90.89812874794006,168370
90.90093088150024,168370
90.90374636650085,168370
90.90655779838562,168370
90.90936708450317,168370
90.91218328475952,168370
90.91497850418091,168370
90.91778302192688,168370
90.92062163352966,168370
90.92344641685486,168370
90.92625594139099,168370
90.92906141281128,168370
90.93185329437256,168370
90.93466281890869,168370
90.93746519088745,168370
90.94027781486511,168370
90.94309043884277,168370
90.94588541984558,168370
90.94868016242981,168370
90.95149517059326,168370
90.9543125629425,168370
90.95712232589722,168370
90.95995116233826,168370
90.96277070045471,168370
90.96557807922363,168370
90.96838235855103,168370
90.9711971282959,168370
90.97450733184814,168370
90.97734808921814,168370
90.98019170761108,168370
90.98301458358765,168370
90.98584985733032,168370
90.98866248130798,168370
90.99148082733154,168370
90.99430584907532,168370
90.99711990356445,168370
90.99992322921753,168370
91.00273871421814,168370
91.00555324554443,168370
91.0083634853363,168370
91.0111711025238,168370
91.01398253440857,168370
91.01677751541138,168370
91.01958894729614,168370
91.02240800857544,168370
91.02522540092468,168370
91.02803707122803,168370
91.03084015846252,168370
91.03365135192871,168370
91.03646993637085,168370
91.0392758846283,168370
91.04210257530212,168370
91.04490327835083,168370
91.04770612716675,168370
91.05051493644714,168370
91.05333828926086,168370
91.05614256858826,168370
91.05893993377686,168370
91.06174540519714,168370
91.06456089019775,168370
91.06737422943115,168370
91.07018661499023,168370
91.07299590110779,168370
91.07580399513245,168370
91.07861042022705,168370
91.08142709732056,168370
91.08424949645996,168370
91.08706164360046,168370
91.08985090255737,168370
91.09267687797546,168370
91.09548664093018,168370
91.09829306602478,168370
91.10110378265381,168370
91.10391879081726,168370
91.1067225933075,168370
91.10953688621521,168370
91.11234855651855,168370
91.1151659488678,168370
91.11796188354492,168370
91.12077808380127,168370
91.12359285354614,168370
91.12640619277954,168370
91.12921953201294,168370
91.13204312324524,168370
91.13483881950378,168370
91.1376428604126,168370
91.1404480934143,168370
91.14326930046082,168370
91.14608359336853,168370
91.14888715744019,168370
91.1516854763031,168370
91.15451192855835,168370
91.15732049942017,168370
91.16012978553772,168370
91.16294574737549,168370
91.16574740409851,168370
91.16856122016907,168370
91.1713695526123,168370
91.17419338226318,168370
91.17698836326599,168370
91.17979168891907,168370
91.18261933326721,168370
91.18542623519897,168370
91.188241481781,168370
91.19105339050293,168370
91.19386625289917,168370
91.19666910171509,168370
91.19947671890259,168370
91.2022967338562,168370
91.20511507987976,168370
91.2079164981842,168370
91.21072244644165,168370
91.21354126930237,168370
91.21634674072266,168370
91.21916437149048,168370
91.22197604179382,168370
91.22477960586548,168370
91.22759461402893,168370
91.23040246963501,168370
91.23323082923889,168370
91.23603439331055,168370
91.23883247375488,168370
91.24164247512817,168370
91.24447202682495,168370
91.2472791671753,168370
91.25009512901306,168370
91.25290131568909,168370
91.25570917129517,168370
91.25851798057556,168370
91.26133346557617,168370
91.26415514945984,168370
91.2669677734375,168370
91.26977872848511,168370
91.27259802818298,168370
91.2754111289978,168370
91.27823233604431,168370
91.28104400634766,168370
91.28385758399963,168370
91.28666138648987,168370
91.28948092460632,168370
91.29229950904846,168370
91.2951169013977,168370
91.29792380332947,168370
91.30073857307434,168370
91.30355262756348,168370
91.30636477470398,168370
91.30918169021606,168370
91.31198358535767,168370
91.3147976398468,168370
91.31760859489441,168370
91.32041692733765,168370
91.32324266433716,168370
91.32605695724487,168370
91.32885551452637,168370
91.33166432380676,168370
91.33449149131775,168370
91.33731365203857,168370
91.34013199806213,168370
91.34293556213379,168370
91.34573793411255,168370
91.3485541343689,168370
91.35136675834656,168370
91.35419011116028,168370
91.35699653625488,168370
91.35980010032654,168370
91.36262106895447,168370
91.36543154716492,168370
91.36825227737427,168370
91.3710584640503,168370
91.37387084960938,168370
91.3766815662384,168370
91.37949204444885,168370
91.3823230266571,168370
91.38514041900635,168370
91.38794445991516,168370
91.39075589179993,168370
91.39360523223877,168370
91.39645338058472,168370
91.39926314353943,168370
91.40208888053894,168370
91.40489149093628,168370
91.40769648551941,168370
91.41050314903259,168370
91.413330078125,168370
91.41614508628845,168370
91.41894888877869,168370
91.42175102233887,168370
91.42457747459412,168370
91.42738246917725,168370
91.43019962310791,168370
91.43300914764404,168370
91.43581461906433,168370
91.43862056732178,168370
91.44143557548523,168370
91.44425845146179,168370
91.44706654548645,168370
91.44986605644226,168370
91.45269012451172,168370
91.45549893379211,168370
91.45831680297852,168370
91.46113014221191,168370
91.46395444869995,168370
91.4667637348175,168370
91.46957874298096,168370
91.4723904132843,168370
91.47519946098328,168370
91.47800016403198,168370
91.4808075428009,168370
91.4836196899414,168370
91.4864354133606,168370
91.48924136161804,168370
91.49206900596619,168370
91.49486875534058,168370
91.49768233299255,168370
91.50049638748169,168370
91.50332283973694,168370
91.50613522529602,168370
91.50894618034363,168370
91.51175045967102,168370
91.51456904411316,168370
91.5173807144165,168370
91.5201940536499,168370
91.52300357818604,168370
91.52581143379211,168370
91.52862238883972,168370
91.5314416885376,168370
91.5342652797699,168370
91.53708481788635,168370
91.53987646102905,168370
91.5426995754242,168370
91.5455060005188,168370
91.54831743240356,168370
91.55112814903259,168370
91.5539767742157,168370
91.55678725242615,168370
91.5596055984497,168370
91.56243085861206,168370
91.56524443626404,168370
91.56805181503296,168370
91.57085347175598,168370
91.57366824150085,168370
91.57648873329163,168370
91.57929468154907,168370
91.58211302757263,168370
91.5849142074585,168370
91.5877161026001,168370
91.5905168056488,168370
91.59334897994995,168370
91.59616136550903,168370
91.59896969795227,168370
91.60177731513977,168370
91.6045970916748,168370
91.60740494728088,168370
91.6102225780487,168370
91.613037109375,168370
91.61583685874939,168370
91.61864399909973,168370
91.62145447731018,168370
91.62427163124084,168370
91.62708306312561,168370
91.6298885345459,168370
91.63270688056946,168370
91.63551259040833,168370
91.63832759857178,168370
91.64113473892212,168370
91.64394927024841,168370
91.64674782752991,168370
91.64956331253052,168370
91.65239143371582,168370
91.65521025657654,168370
91.65801477432251,168370
91.66082406044006,168370
91.66364359855652,168370
91.66646146774292,168370
91.66927075386047,168370
91.67208623886108,168370
91.67488384246826,168370
91.67769432067871,168370
91.68049740791321,168370
91.68332576751709,168370
91.68613743782043,168370
91.68893432617188,168370
91.6917290687561,168370
91.69455099105835,168370
91.69735598564148,168370
91.70017123222351,168370
91.70297884941101,168370
91.70578527450562,168370
91.70858526229858,168370
91.71139931678772,168370
91.71421957015991,168370
91.7170262336731,168370
91.71982192993164,168370
91.72264671325684,168370
91.7254536151886,168370
91.72826671600342,168370
91.7310745716095,168370
91.7338855266571,168370
91.73669385910034,168370
91.73950982093811,168370
91.74231886863708,168370
91.74513268470764,168370
91.74793672561646,168370
91.75074553489685,168370
91.7535662651062,168370
91.75637412071228,168370
91.75918245315552,168370
91.76199150085449,168370
91.76481008529663,168370
91.7676215171814,168370
91.770423412323,168370
91.77324962615967,168370
91.77605128288269,168370
91.7788474559784,168370
91.78164720535278,168370
91.78446698188782,168370
91.78727746009827,168370
91.79008364677429,168370
91.79289054870605,168370
91.79570364952087,168370
91.79850673675537,168370
91.80131244659424,168370
91.80413341522217,168370
91.80693411827087,168370
91.80972862243652,168370
91.8125491142273,168370
91.81536102294922,168370
91.81816959381104,168370
91.82096695899963,168370
91.82377910614014,168370
91.8265860080719,168370
91.82939982414246,168370
91.83221745491028,168370
91.83502411842346,168370
91.83782744407654,168370
91.84063792228699,168370
91.8434534072876,168370
91.84626722335815,168370
91.84906792640686,168370
91.8518717288971,168370
91.8546895980835,168370
91.85751008987427,168370
91.86031556129456,168370
91.86314058303833,168370
91.86593914031982,168370
91.86874580383301,168370
91.8715558052063,168370
91.87438011169434,168370
91.87718367576599,168370
91.87998557090759,168370
91.8827977180481,168370
91.88560724258423,168370
91.88841772079468,168370
91.89123201370239,168370
91.89405250549316,168370
91.8968505859375,168370
91.89964532852173,168370
91.90246081352234,168370
91.905268907547,168370
91.90808582305908,168370
91.91087412834167,168370
91.91369533538818,168370
91.91650247573853,168370
91.9193422794342,168370
91.92216300964355,168370
91.92497229576111,168370
91.92778134346008,168370
91.93058657646179,168370
91.93340349197388,168370
91.93620896339417,168370
91.9390139579773,168370
91.94181728363037,168370
91.94463682174683,168370
91.94745397567749,168370
91.95025873184204,168370
91.9530770778656,168370
91.95587515830994,168370
91.95870542526245,168370
91.961510181427,168370
91.96433162689209,168370
91.96713924407959,168370
91.96994543075562,168370
91.97275924682617,168370
91.97608876228333,168370
91.97889471054077,168370
91.98172903060913,168370
91.98457646369934,168370
91.98738503456116,168370
91.99019837379456,168370
91.99300527572632,168370
91.99580240249634,168370
91.99860882759094,168370
92.00141477584839,168370
92.00423860549927,168370
92.00704455375671,168370
92.00983929634094,168370
92.01264905929565,168370
92.015456199646,168370
92.01825308799744,168370
92.02105617523193,168370
92.02385973930359,168370
92.02666068077087,168370
92.02946519851685,168370
92.03227424621582,168370
92.0350775718689,168370
92.03787231445312,168370
92.04066276550293,168370
92.04348826408386,168370
92.04629135131836,168370
92.04910731315613,168370
92.0519003868103,168370
92.05472564697266,168370
92.05753970146179,168370
92.06034541130066,168370
92.06315755844116,168370
92.06595849990845,168370
92.06875085830688,168370
92.07156085968018,168370
92.07437443733215,168370
92.07718276977539,168370
92.07998251914978,168370
92.08279323577881,168370
92.0855963230133,168370
92.08839297294617,168370
92.09119462966919,168370
92.09400510787964,168370
92.09680199623108,168370
92.09961342811584,168370
92.10242986679077,168370
92.10524797439575,168370
92.10805916786194,168370
92.11085391044617,168370
92.11366724967957,168370
92.11647391319275,168370
92.1192717552185,168370
92.12208247184753,168370
92.12487816810608,168370
92.12769174575806,168370
92.13049936294556,168370
92.13332176208496,168370
92.13612723350525,168370
92.13892984390259,168370
92.14173722267151,168370
92.1445541381836,168370
92.14735078811646,168370
92.15015816688538,168370
92.15296530723572,168370
92.15576529502869,168370
92.15856552124023,168370
92.1613700389862,168370
92.16418218612671,168370
92.16698002815247,168370
92.16977643966675,168370
92.17259502410889,168370
92.1753978729248,168370
92.17820620536804,168370
92.18100666999817,168370
92.1838173866272,168370
92.18661284446716,168370
92.18942213058472,168370
92.19223809242249,168370
92.19504952430725,168370
92.19783926010132,168370
92.20064234733582,168370
92.20345497131348,168370
92.2062668800354,168370
92.20907616615295,168370
92.21187090873718,168370
92.214674949646,168370
92.21747064590454,168370
92.22028732299805,168370
92.22310543060303,168370
92.22589325904846,168370
92.22869515419006,168370
92.23148775100708,168370
92.23431253433228,168370
92.23711466789246,168370
92.2399070262909,168370
92.24271440505981,168370
92.24552989006042,168370
92.24833130836487,168370
92.2511396408081,168370
92.25394105911255,168370
92.25673604011536,168370
92.25953888893127,168370
92.26235890388489,168370
92.26516437530518,168370
92.26795792579651,168370
92.27075839042664,168370
92.27356767654419,168370
92.27636933326721,168370
92.27917218208313,168370
92.28196787834167,168370
92.2847797870636,168370
92.28758001327515,168370
92.29043698310852,168370
92.29325890541077,168370
92.29607224464417,168370
92.2989490032196,168370
92.30175113677979,168370
92.3045871257782,168370
92.30740022659302,168370
92.31020879745483,168370
92.3130271434784,168370
92.31582736968994,168370
92.31863594055176,168370
92.32143831253052,168370
92.32426333427429,168370
92.32707071304321,168370
92.3298659324646,168370
92.33267974853516,168370
92.33549189567566,168370
92.33829832077026,168370
92.34111022949219,168370
92.34392666816711,168370
92.34672999382019,168370
92.34953165054321,168370
92.3523576259613,168370
92.35516405105591,168370
92.35796761512756,168370
92.36080360412598,168370
92.36364364624023,168370
92.36644649505615,168370
92.36925554275513,168370
92.37206840515137,168370
92.37486433982849,168370
92.37766647338867,168370
92.38048648834229,168370
92.38329887390137,168370
92.38612079620361,168370
92.38891983032227,168370
92.39172601699829,168370
92.3945426940918,168370
92.39735531806946,168370
92.40016508102417,168370
92.40297102928162,168370
92.40577220916748,168370
92.40858268737793,168370
92.41139078140259,168370
92.41422200202942,168370
92.41701245307922,168370
92.41980981826782,168370
92.42262005805969,168370
92.42543339729309,168370
92.42824268341064,168370
92.43105888366699,168370
92.43386459350586,168370
92.43667650222778,168370
92.43948817253113,168370
92.44230961799622,168370
92.4451174736023,168370
92.44792795181274,168370
92.45072293281555,168370
92.45353960990906,168370
92.45633888244629,168370
92.459148645401,168370
92.46194505691528,168370
92.46477270126343,168370
92.46757626533508,168370
92.47039484977722,168370
92.47322010993958,168370
92.47602796554565,168370
92.47882103919983,168370
92.48162722587585,168370
92.48445653915405,168370
92.48726534843445,168370
92.49006748199463,168370
92.49287819862366,168370
92.4956784248352,168370
92.49848318099976,168370
92.50132656097412,168370
92.50417280197144,168370
92.50700259208679,168370
92.50981283187866,168370
92.51262879371643,168370
92.51544427871704,168370
92.51825714111328,168370
92.52107548713684,168370
92.5238881111145,168370
92.52669858932495,168370
92.5295045375824,168370
92.5323224067688,168370
92.5351333618164,168370
92.53794050216675,168370
92.54075193405151,168370
92.5435745716095,168370
92.54638051986694,168370
92.54919958114624,168370
92.55199646949768,168370
92.55484414100647,168370
92.55765080451965,168370
92.56046676635742,168370
92.56329226493835,168370
92.56610465049744,168370
92.5689046382904,168370
92.57170534133911,168370
92.57452464103699,168370
92.57733368873596,168370
92.58016633987427,168370
92.58300399780273,168370
92.58581972122192,168370
92.5886332988739,168370
92.59144330024719,168370
92.59426164627075,168370
92.5970721244812,168370
92.59987020492554,168370
92.60268664360046,168370
92.6055064201355,168370
92.60850310325623,168370
92.61132216453552,168370
92.61414217948914,168370
92.61694741249084,168370
92.61975455284119,168370
92.62257719039917,168370
92.62538194656372,168370
92.62819242477417,168370
92.63099694252014,168370
92.63381886482239,168370
92.63662147521973,168370
92.63943648338318,168370
92.64225006103516,168370
92.64506268501282,168370
92.64785575866699,168370
92.65066313743591,168370
92.65348076820374,168370
92.65629649162292,168370
92.65910840034485,168370
92.66191387176514,168370
92.66472363471985,168370
92.66753315925598,168370
92.67033195495605,168370
92.67316317558289,168370
92.67596435546875,168370
92.67877054214478,168370
92.68157815933228,168370
92.68439888954163,168370
92.68720889091492,168370
92.69002485275269,168370
92.69282984733582,168370
92.69563674926758,168370
92.69844222068787,168370
92.70125150680542,168370
92.70406985282898,168370
92.70686674118042,168370
92.70966243743896,168370
92.71248507499695,168370
92.71529030799866,168370
92.7181224822998,168370
92.72092723846436,168370
92.72374510765076,168370
92.72655320167542,168370
92.72936463356018,168370
92.73218488693237,168370
92.73499774932861,168370
92.73780536651611,168370
92.74061608314514,168370
92.74343299865723,168370
92.74624562263489,168370
92.74905514717102,168370
92.75185084342957,168370
92.75466299057007,168370
92.75747728347778,168370
92.76028490066528,168370
92.76310706138611,168370
92.7658998966217,168370
92.76869916915894,168370
92.77150321006775,168370
92.77432751655579,168370
92.77712821960449,168370
92.77993488311768,168370
92.78275227546692,168370
92.78556847572327,168370
92.78838896751404,168370
92.79120659828186,168370
92.79401397705078,168370
92.79681491851807,168370
92.79962062835693,168370
92.80244135856628,168370
92.80524230003357,168370
92.80805277824402,168370
92.81085538864136,168370
92.81367588043213,168370
92.81649160385132,168370
92.81930780410767,168370
92.82212829589844,168370
92.82493185997009,168370
92.82772707939148,168370
92.83053755760193,168370
92.83335828781128,168370
92.83616971969604,168370
92.83900094032288,168370
92.84184241294861,168370
92.84469103813171,168370
92.84750533103943,168370
92.85031867027283,168370
92.85315179824829,168370
92.85595369338989,168370
92.8587646484375,168370
92.86156868934631,168370
92.8643970489502,168370
92.8672125339508,168370
92.87001490592957,168370
92.87282276153564,168370
92.8756353855133,168370
92.87844562530518,168370
92.88125610351562,168370
92.88407826423645,168370
92.88687062263489,168370
92.88968300819397,168370
92.89251565933228,168370
92.89532017707825,168370
92.89813375473022,168370
92.90093994140625,168370
92.90376019477844,168370
92.90657186508179,168370
92.90938353538513,168370
92.91220378875732,168370
92.91500639915466,168370
92.91780948638916,168370
92.92064476013184,168370
92.92345881462097,168370
92.92627000808716,168370
92.92907977104187,168370
92.93187880516052,168370
92.93469715118408,168370
92.93751358985901,168370
92.94031643867493,168370
92.94315099716187,168370
92.945955991745,168370
92.9487681388855,168370
92.95158529281616,168370
92.95440983772278,168370
92.95721340179443,168370
92.96005582809448,168370
92.96286225318909,168370
92.96567416191101,168370
92.9684886932373,168370
92.97129964828491,168370
92.9742488861084,168370
92.97737669944763,168370
92.9802188873291,168370
92.98307132720947,168370
92.9858934879303,168370
92.9887478351593,168370
92.99157953262329,168370
92.99442911148071,168370
92.99724507331848,168370
93.0000638961792,168370
93.00286960601807,168370
93.00567841529846,168370
93.00848984718323,168370
93.01130056381226,168370
93.01412200927734,168370
93.01693344116211,168370
93.0197377204895,168370
93.0225625038147,168370
93.02536296844482,168370
93.02817559242249,168370
93.03097176551819,168370
93.03379106521606,168370
93.03659844398499,168370
93.0394082069397,168370
93.042227268219,168370
93.04503965377808,168370
93.04783940315247,168370
93.05065083503723,168370
93.0534679889679,168370
93.05628108978271,168370
93.05908536911011,168370
93.06188797950745,168370
93.06470155715942,168370
93.06751108169556,168370
93.070317029953,168370
93.07313919067383,168370
93.07594060897827,168370
93.07875633239746,168370
93.08156323432922,168370
93.08438563346863,168370
93.08719849586487,168370
93.0900011062622,168370
93.09281301498413,168370
93.09562587738037,168370
93.09843254089355,168370
93.1012442111969,168370
93.10406136512756,168370
93.10685396194458,168370
93.10966300964355,168370
93.1124894618988,168370
93.11529302597046,168370
93.11810278892517,168370
93.12089824676514,168370
93.12370729446411,168370
93.12650847434998,168370
93.12931323051453,168370
93.13212609291077,168370
93.13492918014526,168370
93.13773679733276,168370
93.14054298400879,168370
93.14335608482361,168370
93.14616012573242,168370
93.14895558357239,168370
93.15175819396973,168370
93.15457057952881,168370
93.15738105773926,168370
93.16018462181091,168370
93.1629912853241,168370
93.16578507423401,168370
93.16858863830566,168370
93.1714038848877,168370
93.17422866821289,168370
93.1770269870758,168370
93.17982077598572,168370
93.1826319694519,168370
93.18544054031372,168370
93.18824219703674,168370
93.19105553627014,168370
93.19386291503906,168370
93.1966621875763,168370
93.19947099685669,168370
93.20228624343872,168370
93.20509505271912,168370
93.2078959941864,168370
93.21069598197937,168370
93.2135124206543,168370
93.21631669998169,168370
93.21916389465332,168370
93.22198700904846,168370
93.22479438781738,168370
93.22759652137756,168370
93.23040413856506,168370
93.23321175575256,168370
93.23601245880127,168370
93.23881220817566,168370
93.24162292480469,168370
93.24444103240967,168370
93.24725914001465,168370
93.2500581741333,168370
93.25286364555359,168370
93.25566458702087,168370
93.25847601890564,168370
93.26127862930298,168370
93.26408672332764,168370
93.26687574386597,168370
93.26966977119446,168370
93.27248620986938,168370
93.27528810501099,168370
93.278085231781,168370
93.28087568283081,168370
93.28368401527405,168370
93.28649520874023,168370
93.28930354118347,168370
93.29211974143982,168370
93.29491209983826,168370
93.29771518707275,168370
93.30051326751709,168370
93.30332708358765,168370
93.30613803863525,168370
93.3089439868927,168370
93.31174659729004,168370
93.31456470489502,168370
93.3173668384552,168370
93.32017517089844,168370
93.3229866027832,168370
93.32578659057617,168370
93.32859373092651,168370
93.33139324188232,168370
93.33420944213867,168370
93.33700823783875,168370
93.3398048877716,168370
93.34262371063232,168370
93.34541726112366,168370
93.34822940826416,168370
93.35102701187134,168370
93.35382962226868,168370
93.35663151741028,168370
93.35943031311035,168370
93.36223983764648,168370
93.36506080627441,168370
93.36785101890564,168370
93.37065529823303,168370
93.37346696853638,168370
93.37627649307251,168370
93.37908124923706,168370
93.38187432289124,168370
93.384681224823,168370
93.38749408721924,168370
93.39030241966248,168370
93.39312410354614,168370
93.3959174156189,168370
93.39871215820312,168370
93.40150594711304,168370
93.40434050559998,168370
93.40714716911316,168370
93.40994501113892,168370
93.41274642944336,168370
93.41555666923523,168370
93.41835618019104,168370
93.42116260528564,168370
93.42397046089172,168370
93.42677521705627,168370
93.4295802116394,168370
93.43240451812744,168370
93.43521046638489,168370
93.4380042552948,168370
93.44080591201782,168370
93.44361805915833,168370
93.44641900062561,168370
93.4492359161377,168370
93.45204496383667,168370
93.45484018325806,168370
93.45763921737671,168370
93.46044707298279,168370
93.46325540542603,168370
93.46606159210205,168370
93.4688515663147,168370
93.47166275978088,168370
93.47447943687439,168370
93.47728848457336,168370
93.48008799552917,168370
93.48288917541504,168370
93.48568534851074,168370
93.48849081993103,168370
93.49130320549011,168370
93.49412107467651,168370
93.49691319465637,168370
93.49971580505371,168370
93.5025246143341,168370
93.5053300857544,168370
93.50813174247742,168370
93.51093292236328,168370
93.51374411582947,168370
93.51655387878418,168370
93.51935625076294,168370
93.52217864990234,168370
93.52497100830078,168370
93.5277750492096,168370
93.53057861328125,168370
93.53339529037476,168370
93.5361979007721,168370
93.53899502754211,168370
93.5417947769165,168370
93.54461240768433,168370
93.54741168022156,168370
93.55023002624512,168370
93.55304217338562,168370
93.55587005615234,168370
93.55867171287537,168370
93.56147384643555,168370
93.56428790092468,168370
93.56709504127502,168370
93.5698938369751,168370
93.57270407676697,168370
93.57551288604736,168370
93.57832169532776,168370
93.5811231136322,168370
93.58393025398254,168370
93.58673477172852,168370
93.58953285217285,168370
93.59240221977234,168370
93.59523630142212,168370
93.59804558753967,168370
93.60085248947144,168370
93.60367822647095,168370
93.60650205612183,168370
93.60930919647217,168370
93.61213660240173,168370
93.61493921279907,168370
93.61774206161499,168370
93.62054967880249,168370
93.62337040901184,168370
93.62617659568787,168370
93.62898063659668,168370
93.6317892074585,168370
93.63460779190063,168370
93.63741397857666,168370
93.64022421836853,168370
93.64304757118225,168370
93.64584922790527,168370
93.6486554145813,168370
93.65147113800049,168370
93.65428924560547,168370
93.65709710121155,168370
93.65990114212036,168370
93.66271328926086,168370
93.66551637649536,168370
93.66832995414734,168370
93.67113304138184,168370
93.67394351959229,168370
93.67675113677979,168370
93.67956233024597,168370
93.682377576828,168370
93.68518829345703,168370
93.68798828125,168370
93.6907947063446,168370
93.69361424446106,168370
93.69642782211304,168370
93.69923114776611,168370
93.70205616950989,168370
93.70484924316406,168370
93.70765852928162,168370
93.71046590805054,168370
93.71328234672546,168370
93.7160873413086,168370
93.71889209747314,168370
93.72169017791748,168370
93.7245101928711,168370
93.7273223400116,168370
93.73013257980347,168370
93.73293590545654,168370
93.73573970794678,168370
93.73853945732117,168370
93.74134659767151,168370
93.74416518211365,168370
93.74695587158203,168370
93.74974536895752,168370
93.75257539749146,168370
93.75538396835327,168370
93.75819611549377,168370
93.7610034942627,168370
93.76382613182068,168370
93.76662611961365,168370
93.76943278312683,168370
93.77224826812744,168370
93.77506303787231,168370
93.77785634994507,168370
93.78066396713257,168370
93.78347611427307,168370
93.78629493713379,168370
93.78910493850708,168370
93.79190754890442,168370
93.79471826553345,168370
93.79753112792969,168370
93.80033540725708,168370
93.80315375328064,168370
93.80595016479492,168370
93.8087511062622,168370
93.81155633926392,168370
93.81437540054321,168370
93.8171820640564,168370
93.819983959198,168370
93.82278728485107,168370
93.82558512687683,168370
93.8283908367157,168370
93.83119773864746,168370
93.83401155471802,168370
93.83681917190552,168370
93.83962726593018,168370
93.84244298934937,168370
93.84524631500244,168370
93.84806180000305,168370
93.85085439682007,168370
93.85367178916931,168370
93.85648775100708,168370
93.85928916931152,168370
93.86209607124329,168370
93.8648989200592,168370
93.8676986694336,168370
93.87050747871399,168370
93.8733139038086,168370
93.87611699104309,168370
93.87891387939453,168370
93.88171911239624,168370
93.88452744483948,168370
93.88733243942261,168370
93.89012861251831,168370
93.89293670654297,168370
93.8957371711731,168370
93.89855170249939,168370
93.9013557434082,168370
93.90418577194214,168370
93.906982421875,168370
93.90978789329529,168370
93.91261005401611,168370
93.91542434692383,168370
93.91823220252991,168370
93.921067237854,168370
93.92387866973877,168370
93.92668867111206,168370
93.92950081825256,168370
93.93232750892639,168370
93.93513441085815,168370
93.93793749809265,168370
93.94074416160583,168370
93.9435625076294,168370
93.94636464118958,168370
93.9491777420044,168370
93.95197439193726,168370
93.95479130744934,168370
93.95759344100952,168370
93.96042513847351,168370
93.9632511138916,168370
93.96606349945068,168370
93.96885919570923,168370
93.97166991233826,168370
93.97449064254761,168370
93.97781348228455,168370
93.98065328598022,168370
93.98350429534912,168370
93.98631238937378,168370
93.98912811279297,168370
93.99192595481873,168370
93.9947361946106,168370
93.9975426197052,168370
94.00034785270691,168370
94.00316596031189,168370
94.00596904754639,168370
94.00877666473389,168370
94.01158618927002,168370
94.01440072059631,168370
94.0172131061554,168370
94.02001309394836,168370
94.02283143997192,168370
94.02564096450806,168370
94.02844572067261,168370
94.03124761581421,168370
94.03406620025635,168370
94.03685855865479,168370
94.03966522216797,168370
94.04247903823853,168370
94.04528403282166,168370
94.04808521270752,168370
94.05088877677917,168370
94.05369782447815,168370
94.0565083026886,168370
94.05931234359741,168370
94.06213140487671,168370
94.06493067741394,168370
94.06773471832275,168370
94.0705394744873,168370
94.07336163520813,168370
94.07616567611694,168370
94.0789647102356,168370
94.08176946640015,168370
94.08458471298218,168370
94.0873806476593,168370
94.09018874168396,168370
94.09299445152283,168370
94.09579300880432,168370
94.09859132766724,168370
94.10139894485474,168370
94.10420989990234,168370
94.10701274871826,168370
94.10980582237244,168370
94.11262917518616,168370
94.11543798446655,168370
94.11824321746826,168370
94.12104606628418,168370
94.12384724617004,168370
94.12664604187012,168370
94.1294515132904,168370
94.1322660446167,168370
94.13507843017578,168370
94.13786745071411,168370
94.14067006111145,168370
94.14348006248474,168370
94.14628982543945,168370
94.14909482002258,168370
94.15189623832703,168370
94.15470552444458,168370
94.1575255393982,168370
94.16032099723816,168370
94.1631429195404,168370
94.16593217849731,168370
94.16873669624329,168370
94.17153596878052,168370
94.17435693740845,168370
94.17716479301453,168370
94.17996287345886,168370
94.18277406692505,168370
94.18558073043823,168370
94.18838143348694,168370
94.19118976593018,168370
94.19399857521057,168370
94.19679832458496,168370
94.19959902763367,168370
94.20241475105286,168370
94.20521974563599,168370
94.20802283287048,168370
94.21082377433777,168370
94.2136378288269,168370
94.2164351940155,168370
94.21924448013306,168370
94.22205352783203,168370
94.22485160827637,168370
94.22765016555786,168370
94.23045587539673,168370
94.23327541351318,168370
94.23608994483948,168370
94.23888206481934,168370
94.24169063568115,168370
94.24451351165771,168370
94.2473247051239,168370
94.25013256072998,168370
94.25294017791748,168370
94.25573253631592,168370
94.25854420661926,168370
94.26134967803955,168370
94.26416850090027,168370
94.26697134971619,168370
94.26977205276489,168370
94.2725739479065,168370
94.27537822723389,168370
94.27818751335144,168370
94.28098917007446,168370
94.28379273414612,168370
94.2865993976593,168370
94.28940558433533,168370
94.29223322868347,168370
94.29503178596497,168370
94.29782056808472,168370
94.30062294006348,168370
94.3034360408783,168370
94.30624079704285,168370
94.30904221534729,168370
94.31183743476868,168370
94.31465554237366,168370
94.31745457649231,168370
94.32025527954102,168370
94.32305979728699,168370
94.32584547996521,168370
94.32864546775818,168370
94.33145093917847,168370
94.33427214622498,168370
94.33708310127258,168370
94.33993005752563,168370
94.34274911880493,168370
94.34561920166016,168370
94.34842538833618,168370
94.35124254226685,168370
94.35406804084778,168370
94.35686230659485,168370
94.35968565940857,168370
94.36249852180481,168370
94.365314245224,168370
94.36811947822571,168370
94.37093257904053,168370
94.37373971939087,168370
94.37655067443848,168370
94.37935590744019,168370
94.38217687606812,168370
94.38498282432556,168370
94.38779520988464,168370
94.39060235023499,168370
94.39342212677002,168370
94.39622712135315,168370
94.3990330696106,168370
94.4018304347992,168370
94.40464520454407,168370
94.40745449066162,168370
94.41026401519775,168370
94.41308331489563,168370
94.41588473320007,168370
94.41868758201599,168370
94.42149543762207,168370
94.42432284355164,168370
94.4271388053894,168370
94.42994499206543,168370
94.43275952339172,168370
94.43557667732239,168370
94.43838262557983,168370
94.44119167327881,168370
94.4440107345581,168370
94.44681239128113,168370
94.44962406158447,168370
94.45244431495667,168370
94.45526099205017,168370
94.45806622505188,168370
94.46086144447327,168370
94.46366953849792,168370
94.46647620201111,168370
94.46928310394287,168370
94.47210669517517,168370
94.47492980957031,168370
94.47775363922119,168370
94.48059129714966,168370
94.48341369628906,168370
94.48622679710388,168370
94.48904466629028,168370
94.49183130264282,168370
94.49465107917786,168370
94.49746894836426,168370
94.50027537345886,168370
94.50309991836548,168370
94.50589728355408,168370
94.50868773460388,168370
94.51149940490723,168370
94.51432156562805,168370
94.51712965965271,168370
94.51993107795715,168370
94.52274227142334,168370
94.52554440498352,168370
94.52835464477539,168370
94.53116416931152,168370
94.53397560119629,168370
94.53678035736084,168370
94.53959131240845,168370
94.5424075126648,168370
94.54522037506104,168370
94.5480260848999,168370
94.5508246421814,168370
94.55363893508911,168370
94.5564820766449,168370
94.5592908859253,168370
94.56210851669312,168370
94.56490707397461,168370
94.567706823349,168370
94.5705177783966,168370
94.57334232330322,168370
94.57614302635193,168370
94.578946352005,168370
94.58174777030945,168370
94.58456754684448,168370
94.58737540245056,168370
94.59018850326538,168370
94.5929958820343,168370
94.59580492973328,168370
94.59860444068909,168370
94.60141825675964,168370
94.60424757003784,168370
94.60723924636841,168370
94.61004400253296,168370
94.61285710334778,168370
94.61565780639648,168370
94.61845827102661,168370
94.62126588821411,168370
94.62408804893494,168370
94.62687706947327,168370
94.62968134880066,168370
94.63250279426575,168370
94.63531398773193,168370
94.63812780380249,168370
94.64092969894409,168370
94.64372968673706,168370
94.64653396606445,168370
94.64934420585632,168370
94.65216612815857,168370
94.65497183799744,168370
94.6577820777893,168370
94.66058444976807,168370
94.66340041160583,168370
94.66621136665344,168370
94.66901421546936,168370
94.67182803153992,168370
94.67465353012085,168370
94.6774640083313,168370
94.68027663230896,168370
94.68309473991394,168370
94.68589806556702,168370
94.68870854377747,168370
94.6915237903595,168370
94.69434094429016,168370
94.69715356826782,168370
94.69995284080505,168370
94.70276379585266,168370
94.70557832717896,168370
94.70839071273804,168370
94.71119594573975,168370
94.71401453018188,168370
94.7168128490448,168370
94.71962189674377,168370
94.72244238853455,168370
94.72525644302368,168370
94.72806072235107,168370
94.73086214065552,168370
94.73367881774902,168370
94.73649263381958,168370
94.7393012046814,168370
94.74212980270386,168370
94.74492406845093,168370
94.7477343082428,168370
94.75053596496582,168370
94.75335717201233,168370
94.75616717338562,168370
94.75896835327148,168370
94.76177144050598,168370
94.76458716392517,168370
94.7673990726471,168370
94.77021622657776,168370
94.7730278968811,168370
94.77581882476807,168370
94.77862524986267,168370
94.7814347743988,168370
94.78425121307373,168370
94.78706383705139,168370
94.78986120223999,168370
94.79267930984497,168370
94.79548215866089,168370
94.79828929901123,168370
94.80109548568726,168370
94.80391669273376,168370
94.80671668052673,168370
94.80952620506287,168370
94.81233716011047,168370
94.81515121459961,168370
94.81794571876526,168370
94.82074689865112,168370
94.82356762886047,168370
94.82637667655945,168370
94.82918334007263,168370
94.83198571205139,168370
94.83479237556458,168370
94.83759784698486,168370
94.84040856361389,168370
94.84322714805603,168370
94.84602785110474,168370
94.84882712364197,168370
94.85162854194641,168370
94.85444664955139,168370
94.85725545883179,168370
94.86006760597229,168370
94.86287593841553,168370
94.86568546295166,168370
94.86848974227905,168370
94.8712956905365,168370
94.87411499023438,168370
94.87691831588745,168370
94.87972068786621,168370
94.88253998756409,168370
94.88533902168274,168370
94.88814783096313,168370
94.89094662666321,168370
94.89375710487366,168370
94.89656472206116,168370
94.89937090873718,168370
94.90218138694763,168370
94.90498232841492,168370
94.90778732299805,168370
94.91059160232544,168370
94.91339945793152,168370
94.91620993614197,168370
94.91901540756226,168370
94.9218442440033,168370
94.92466402053833,168370
94.92747521400452,168370
94.93027758598328,168370
94.93309450149536,168370
94.93589067459106,168370
94.93869948387146,168370
94.94151043891907,168370
94.94433951377869,168370
94.94714641571045,168370
94.94994592666626,168370
94.95275330543518,168370
94.95556616783142,168370
94.95840239524841,168370
94.96122097969055,168370
94.96403384208679,168370
94.96684193611145,168370
94.96963667869568,168370
94.97246050834656,168370
94.97526860237122,168370
94.97858667373657,168370
94.98141884803772,168370
94.98426556587219,168370
94.9870936870575,168370
94.98989796638489,168370
94.99273085594177,168370
94.99555015563965,168370
94.99835848808289,168370
95.00117301940918,168370
95.00398373603821,168370
95.00678586959839,168370
95.00959157943726,168370
95.01241111755371,168370
95.01522397994995,168370
95.01802277565002,168370
95.02081942558289,168370
95.02362370491028,168370
95.02643275260925,168370
95.02924299240112,168370
95.03204989433289,168370
95.03484439849854,168370
95.03764367103577,168370
95.04044675827026,168370
95.04326343536377,168370
95.04607081413269,168370
95.04886150360107,168370
95.05166053771973,168370
95.05446672439575,168370
95.05727052688599,168370
95.06007194519043,168370
95.06288123130798,168370
95.06568169593811,168370
95.06848168373108,168370
95.07128381729126,168370
95.07410287857056,168370
95.07689476013184,168370
95.07970309257507,168370
95.08250594139099,168370
95.08530902862549,168370
95.08810901641846,168370
95.09090638160706,168370
95.09371662139893,168370
95.09652137756348,168370
95.09932589530945,168370
95.10214948654175,168370
95.10494947433472,168370
95.10775399208069,168370
95.11055707931519,168370
95.1133782863617,168370
95.1161835193634,168370
95.11898159980774,168370
95.12178301811218,168370
95.12459588050842,168370
95.1274037361145,168370
95.13020610809326,168370
95.13300681114197,168370
95.13580584526062,168370
95.13860297203064,168370
95.1414008140564,168370
95.14420819282532,168370
95.14701247215271,168370
95.14979791641235,168370
95.1526095867157,168370
95.15541625022888,168370
95.15822744369507,168370
95.1610357761383,168370
95.1638400554657,168370
95.16662883758545,168370
95.16943693161011,168370
95.1722481250763,168370
95.17505669593811,168370
95.1778450012207,168370
95.18064880371094,168370
95.18346166610718,168370
95.18627071380615,168370
95.18907928466797,168370
95.19187688827515,168370
95.19468855857849,168370
95.19750094413757,168370
95.2003026008606,168370
95.20312285423279,168370
95.20591568946838,168370
95.20871424674988,168370
95.21151518821716,168370
95.21433067321777,168370
95.2171368598938,168370
95.21994686126709,168370
95.22275257110596,168370
95.22555184364319,168370
95.2283501625061,168370
95.23115706443787,168370
95.23395943641663,168370
95.23676133155823,168370
95.23956084251404,168370
95.24237775802612,168370
95.24518251419067,168370
95.24797677993774,168370
95.25076651573181,168370
95.25357866287231,168370
95.25637745857239,168370
95.25918459892273,168370
95.26197504997253,168370
95.26478433609009,168370
95.26758909225464,168370
95.27039241790771,168370
95.2732105255127,168370
95.27600932121277,168370
95.27880525588989,168370
95.2816059589386,168370
95.28441953659058,168370
95.28722500801086,168370
95.29001569747925,168370
95.29281640052795,168370
95.29561829566956,168370
95.29842615127563,168370
95.3012306690216,168370
95.30404376983643,168370
95.30682921409607,168370
95.30963659286499,168370
95.31244230270386,168370
95.3152527809143,168370
95.31805348396301,168370
95.32085633277893,168370
95.32365703582764,168370
95.32646012306213,168370
95.32926774024963,168370
95.33208513259888,168370
95.33487176895142,168370
95.33767604827881,168370
95.34048128128052,168370
95.34330296516418,168370
95.34610939025879,168370
95.34890389442444,168370
95.35169672966003,168370
95.35451197624207,168370
95.35731434822083,168370
95.36012673377991,168370
95.36293292045593,168370
95.36572694778442,168370
95.3685245513916,168370
95.37132835388184,168370
95.37414360046387,168370
95.37693500518799,168370
95.37973976135254,168370
95.38256049156189,168370
95.3853657245636,168370
95.38817310333252,168370
95.39096331596375,168370
95.39377784729004,168370
95.39657688140869,168370
95.3993833065033,168370
95.4021942615509,168370
95.40499305725098,168370
95.40778923034668,168370
95.41058683395386,168370
95.41340923309326,168370
95.41621589660645,168370
95.41900444030762,168370
95.42180442810059,168370
95.42460751533508,168370
95.42741394042969,168370
95.43022131919861,168370
95.43303537368774,168370
95.43582391738892,168370
95.43865418434143,168370
95.44148421287537,168370
95.44430994987488,168370
95.44711446762085,168370
95.44991564750671,168370
95.4527199268341,168370
95.4555242061615,168370
95.45833039283752,168370
95.46113801002502,168370
95.46395087242126,168370
95.4667592048645,168370
95.46956658363342,168370
95.47239255905151,168370
95.4751980304718,168370
95.47799706459045,168370
95.48079991340637,168370
95.48361444473267,168370
95.48641633987427,168370
95.48923015594482,168370
95.49203515052795,168370
95.49483275413513,168370
95.49764585494995,168370
95.50044989585876,168370
95.50326347351074,168370
95.5060715675354,168370
95.50886178016663,168370
95.51167178153992,168370
95.51448941230774,168370
95.5172951221466,168370
95.52009844779968,168370
95.52290511131287,168370
95.52570152282715,168370
95.52851104736328,168370
95.5313150882721,168370
95.5341329574585,168370
95.5369291305542,168370
95.53973078727722,168370
95.54254364967346,168370
95.5453531742096,168370
95.54815411567688,168370
95.550954580307,168370
95.55376410484314,168370
95.55659079551697,168370
95.55939483642578,168370
95.56221961975098,168370
95.56502890586853,168370
95.56782793998718,168370
95.57062196731567,168370
95.57343816757202,168370
95.576242685318,168370
95.57904481887817,168370
95.58183574676514,168370
95.58465003967285,168370
95.58745336532593,168370
95.59026050567627,168370
95.59306311607361,168370
95.59586954116821,168370
95.59866952896118,168370
95.60147523880005,168370
95.6043028831482,168370
95.60710906982422,168370
95.60990047454834,168370
95.61271047592163,168370
95.61551117897034,168370
95.61831998825073,168370
95.62112522125244,168370
95.62393426895142,168370
95.62672710418701,168370
95.62953877449036,168370
95.63235354423523,168370
95.63516211509705,168370
95.63795876502991,168370
95.64076805114746,168370
95.64357948303223,168370
95.64639520645142,168370
95.64919710159302,168370
95.65200185775757,168370
95.65481233596802,168370
95.65762424468994,168370
95.66045260429382,168370
95.66330337524414,168370
95.66611433029175,168370
95.66892552375793,168370
95.671719789505,168370
95.67454767227173,168370
95.6773567199707,168370
95.68016600608826,168370
95.68297147750854,168370
95.6857750415802,168370
95.68857979774475,168370
95.69139099121094,168370
95.69420623779297,168370
95.69700479507446,168370
95.69980669021606,168370
95.70261883735657,168370
95.70544743537903,168370
95.70826315879822,168370
95.71107363700867,168370
95.7138831615448,168370
95.71667790412903,168370
95.7194836139679,168370
95.72228932380676,168370
95.72510933876038,168370
95.7278938293457,168370
95.73069429397583,168370
95.73350358009338,168370
95.73631381988525,168370
95.73911094665527,168370
95.74191451072693,168370
95.74472403526306,168370
95.74753618240356,168370
95.75033569335938,168370
95.75315451622009,168370
95.75594735145569,168370
95.75874662399292,168370
95.76154470443726,168370
95.76436352729797,168370
95.76717066764832,168370
95.7699761390686,168370
95.77278256416321,168370
95.7755835056305,168370
95.77838850021362,168370
95.78120017051697,168370
95.78399991989136,168370
95.78680539131165,168370
95.78961420059204,168370
95.79242587089539,168370
95.79523038864136,168370
95.79803085327148,168370
95.80081415176392,168370
95.80362057685852,168370
95.80641913414001,168370
95.80922484397888,168370
95.81201553344727,168370
95.8148262500763,168370
95.81762790679932,168370
95.82044005393982,168370
95.82325220108032,168370
95.82606339454651,168370
95.8288471698761,168370
95.83164596557617,168370
95.83446264266968,168370
95.83728194236755,168370
95.84008598327637,168370
95.84288549423218,168370
95.8456883430481,168370
95.84849524497986,168370
95.8513023853302,168370
95.85411953926086,168370
95.8569073677063,168370
95.85970950126648,168370
95.86251926422119,168370
95.86532878875732,168370
95.8681321144104,168370
95.8709352016449,168370
95.87373685836792,168370
95.8765435218811,168370
95.87934899330139,168370
95.88216996192932,168370
95.88495969772339,168370
95.88776397705078,168370
95.89056754112244,168370
95.89338421821594,168370
95.89618587493896,168370
95.89897727966309,168370
95.90177798271179,168370
95.90459084510803,168370
95.90738892555237,168370
95.91019797325134,168370
95.91299700737,168370
95.91580009460449,168370
95.91861152648926,168370
95.9214563369751,168370
95.92426872253418,168370
95.927072763443,168370
95.92986822128296,168370
95.93268418312073,168370
95.93549680709839,168370
95.93830633163452,168370
95.94110703468323,168370
95.9439160823822,168370
95.94671607017517,168370
95.94952869415283,168370
95.95233869552612,168370
95.95514988899231,168370
95.95797419548035,168370
95.960777759552,168370
95.96359252929688,168370
95.9664044380188,168370
95.96921277046204,168370
95.97201299667358,168370
95.97481679916382,168370
95.97815084457397,168370
95.98098707199097,168370
95.98384356498718,168370
95.98668074607849,168370
95.98949027061462,168370
95.9923095703125,168370
95.99512195587158,168370
95.99791765213013,168370
96.00071811676025,168370
96.00354051589966,168370
96.00635409355164,168370
96.00916743278503,168370
96.01197147369385,168370
96.01478433609009,168370
96.01759147644043,168370
96.02040600776672,168370
96.02322793006897,168370
96.02602672576904,168370
96.02882099151611,168370
96.03162622451782,168370
96.03444266319275,168370
96.0372428894043,168370
96.04006052017212,168370
96.04286479949951,168370
96.04566073417664,168370
96.0484688282013,168370
96.05127668380737,168370
96.05409479141235,168370
96.05689263343811,168370
96.05969429016113,168370
96.06251049041748,168370
96.06531691551208,168370
96.0681300163269,168370
96.07092213630676,168370
96.07373332977295,168370
96.07653975486755,168370
96.07934737205505,168370
96.08215665817261,168370
96.08495736122131,168370
96.08776664733887,168370
96.09057426452637,168370
96.09338569641113,168370
96.09620189666748,168370
96.09898900985718,168370
96.10180187225342,168370
96.10461235046387,168370
96.10742020606995,168370
96.1102204322815,168370
96.1130383014679,168370
96.11582803726196,168370
96.11864304542542,168370
96.1214497089386,168370
96.1242733001709,168370
96.12707710266113,168370
96.12986612319946,168370
96.13267374038696,168370
96.13548374176025,168370
96.13829112052917,168370
96.14110040664673,168370
96.14391040802002,168370
96.1467113494873,168370
96.14951133728027,168370
96.15232372283936,168370
96.1551296710968,168370
96.15793561935425,168370
96.16073417663574,168370
96.16355013847351,168370
96.16635227203369,168370
96.16916537284851,168370
96.17195773124695,168370
96.17476916313171,168370
96.17757058143616,168370
96.18039107322693,168370
96.18320202827454,168370
96.18599891662598,168370
96.18880128860474,168370
96.19159889221191,168370
96.19440746307373,168370
96.19721603393555,168370
96.20001459121704,168370
96.20282220840454,168370
96.20563125610352,168370
96.20844054222107,168370
96.21123814582825,168370
96.21405744552612,168370
96.21684885025024,168370
96.21965718269348,168370
96.22247767448425,168370
96.22529220581055,168370
96.22809648513794,168370
96.23089647293091,168370
96.23370170593262,168370
96.23651432991028,168370
96.23932600021362,168370
96.24214601516724,168370
96.24494624137878,168370
96.24775218963623,168370
96.25054430961609,168370
96.25335812568665,168370
96.25616574287415,168370
96.25896787643433,168370
96.26176810264587,168370
96.26458358764648,168370
96.26739573478699,168370
96.27020692825317,168370
96.27302360534668,168370
96.27582049369812,168370
96.27862358093262,168370
96.28142881393433,168370
96.28424787521362,168370
96.2870569229126,168370
96.28985857963562,168370
96.29267287254333,168370
96.2954773902893,168370
96.29830837249756,168370
96.3011429309845,168370
96.30397844314575,168370
96.30679178237915,168370
96.30960297584534,168370
96.31242346763611,168370
96.31523704528809,168370
96.31804037094116,168370
96.32083320617676,168370
96.32363963127136,168370
96.32644486427307,168370
96.32925057411194,168370
96.33206391334534,168370
96.33485865592957,168370
96.33766102790833,168370
96.34046792984009,168370
96.34329080581665,168370
96.34610080718994,168370
96.34890460968018,168370
96.35170221328735,168370
96.35452342033386,168370
96.35732960700989,168370
96.36014199256897,168370
96.36293864250183,168370
96.36573767662048,168370
96.36854314804077,168370
96.37135124206543,168370
96.37416362762451,168370
96.37696528434753,168370
96.37976098060608,168370
96.38257169723511,168370
96.38537669181824,168370
96.38824796676636,168370
96.39106106758118,168370
96.39393949508667,168370
96.39674639701843,168370
96.39956855773926,168370
96.40241360664368,168370
96.40522289276123,168370
96.40802836418152,168370
96.41083550453186,168370
96.4136528968811,168370
96.41645932197571,168370
96.41926431655884,168370
96.42208194732666,168370
96.42487668991089,168370
96.4276909828186,168370
96.4305031299591,168370
96.4333233833313,168370
96.43613338470459,168370
96.43894147872925,168370
96.4417507648468,168370
96.44456672668457,168370
96.4473671913147,168370
96.45017743110657,168370
96.4529812335968,168370
96.45579504966736,168370
96.45860481262207,168370
96.4614155292511,168370
96.46423244476318,168370
96.467036485672,168370
96.46983432769775,168370
96.47264742851257,168370
96.47545456886292,168370
96.47827339172363,168370
96.48108720779419,168370
96.4838981628418,168370
96.48669600486755,168370
96.48950910568237,168370
96.49232125282288,168370
96.49513483047485,168370
96.49793839454651,168370
96.50075387954712,168370
96.50356912612915,168370
96.50638103485107,168370
96.50918674468994,168370
96.51198649406433,168370
96.51480031013489,168370
96.51761484146118,168370
96.52042269706726,168370
96.5232458114624,168370
96.52605605125427,168370
96.52885293960571,168370
96.53164958953857,168370
96.53447580337524,168370
96.53727912902832,168370
96.54008603096008,168370
96.54288530349731,168370
96.54568600654602,168370
96.54848980903625,168370
96.55130100250244,168370
96.55415368080139,168370
96.55695700645447,168370
96.5597620010376,168370
96.56258535385132,168370
96.56538724899292,168370
96.56820225715637,168370
96.57099723815918,168370
96.5738217830658,168370
96.57663345336914,168370
96.57945346832275,168370
96.58227324485779,168370
96.5850841999054,168370
96.58787989616394,168370
96.5906879901886,168370
96.593505859375,168370
96.5963146686554,168370
96.59911704063416,168370
96.60192203521729,168370
96.60473847389221,168370
96.60773706436157,168370
96.61055159568787,168370
96.61337161064148,168370
96.61617541313171,168370
96.61898303031921,168370
96.6217839717865,168370
96.62459874153137,168370
96.62740659713745,168370
96.63021445274353,168370
96.63302826881409,168370
96.63582563400269,168370
96.63863587379456,168370
96.6414487361908,168370
96.64425897598267,168370
96.64707326889038,168370
96.64986801147461,168370
96.65268611907959,168370
96.65549540519714,168370
96.6583023071289,168370
96.66110825538635,168370
96.6639244556427,168370
96.66671943664551,168370
96.6695249080658,168370
96.67237448692322,168370
96.67521262168884,168370
96.67804455757141,168370
96.68084645271301,168370
96.68366360664368,168370
96.68647170066833,168370
96.6892728805542,168370
96.69209027290344,168370
96.6948893070221,168370
96.6976990699768,168370
96.70049691200256,168370
96.70331048965454,168370
96.70611023902893,168370
96.70891523361206,168370
96.71171355247498,168370
96.71454119682312,168370
96.7173502445221,168370
96.72018694877625,168370
96.72299909591675,168370
96.72580742835999,168370
96.72861695289612,168370
96.73143196105957,168370
96.73425602912903,168370
96.73707294464111,168370
96.73986554145813,168370
96.74269437789917,168370
96.7455050945282,168370
96.74832034111023,168370
96.75113916397095,168370
96.75395393371582,168370
96.75676155090332,168370
96.75956702232361,168370
96.76238894462585,168370
96.76519799232483,168370
96.76799440383911,168370
96.7708032131195,168370
96.77362084388733,168370
96.7764322757721,168370
96.77924299240112,168370
96.78206372261047,168370
96.78486275672913,168370
96.7876718044281,168370
96.79048252105713,168370
96.79330158233643,168370
96.79611015319824,168370
96.79892253875732,168370
96.80171871185303,168370
96.8045403957367,168370
96.80734491348267,168370
96.81015634536743,168370
96.81296610832214,168370
96.8157742023468,168370
96.81857919692993,168370
96.8213837146759,168370
96.82419919967651,168370
96.82700204849243,168370
96.82980394363403,168370
96.83262133598328,168370
96.83543419837952,168370
96.8382420539856,168370
96.84104514122009,168370
96.84385943412781,168370
96.8466637134552,168370
96.84947276115417,168370
96.85228562355042,168370
96.8550910949707,168370
96.85788416862488,168370
96.8606903553009,168370
96.86350727081299,168370
96.8663158416748,168370
96.86912202835083,168370
96.87191605567932,168370
96.87472224235535,168370
96.8775372505188,168370
96.88034677505493,168370
96.88317203521729,168370
96.88597369194031,168370
96.88878750801086,168370
96.89159655570984,168370
96.89441871643066,168370
96.89722871780396,168370
96.90004229545593,168370
96.9028468132019,168370
96.90565180778503,168370
96.90845656394958,168370
96.91126799583435,168370
96.91408848762512,168370
96.9168860912323,168370
96.91971778869629,168370
96.92254209518433,168370
96.92535305023193,168370
96.92816829681396,168370
96.93096828460693,168370
96.93379068374634,168370
96.93659329414368,168370
96.93940758705139,168370
96.94222664833069,168370
96.94503450393677,168370
96.94783806800842,168370
96.95066285133362,168370
96.95347762107849,168370
96.95629024505615,168370
96.95912337303162,168370
96.96193361282349,168370
96.96475625038147,168370
96.9675805568695,168370
96.97039341926575,168370
96.97321128845215,168370
96.97603011131287,168370
96.9793553352356,168370
96.98221230506897,168370
96.98506283760071,168370
96.98788952827454,168370
96.9906964302063,168370
96.99351954460144,168370
96.99633598327637,168370
96.99914383888245,168370
97.00196981430054,168370
97.00478219985962,168370
97.00758504867554,168370
97.01038837432861,168370
97.01321339607239,168370
97.01601576805115,168370
97.01881980895996,168370
97.02161979675293,168370
97.0244402885437,168370
97.02724933624268,168370
97.03006362915039,168370
97.0328733921051,168370
97.03568053245544,168370
97.03848314285278,168370
97.04130029678345,168370
97.04411673545837,168370
97.04692125320435,168370
97.04971623420715,168370
97.05254292488098,168370
97.05534791946411,168370
97.05816268920898,168370
97.06096887588501,168370
97.06378245353699,168370
97.06658864021301,168370
97.06940841674805,168370
97.07223320007324,168370
97.07505106925964,168370
97.07785367965698,168370
97.08065843582153,168370
97.08347511291504,168370
97.08629369735718,168370
97.08909630775452,168370
97.0918960571289,168370
97.09471035003662,168370
97.09752583503723,168370
97.10033297538757,168370
97.1031551361084,168370
97.10595297813416,168370
97.10875391960144,168370
97.11156010627747,168370
97.11438322067261,168370
97.117196559906,168370
97.1199996471405,168370
97.12280249595642,168370
97.12561058998108,168370
97.12841200828552,168370
97.13122320175171,168370
97.13404583930969,168370
97.13684797286987,168370
97.13965344429016,168370
97.14247918128967,168370
97.14529132843018,168370
97.14810800552368,168370
97.15089297294617,168370
97.15370535850525,168370
97.15651297569275,168370
97.15932393074036,168370
97.1621446609497,168370
97.16495656967163,168370
97.16775250434875,168370
97.17056608200073,168370
97.17338609695435,168370
97.17620062828064,168370
97.17899203300476,168370
97.18179941177368,168370
97.18461751937866,168370
97.18743467330933,168370
97.19023966789246,168370
97.1930603981018,168370
97.19585609436035,168370
97.19866132736206,168370
97.20147895812988,168370
97.20430588722229,168370
97.20711040496826,168370
97.20991587638855,168370
97.212730884552,168370
97.21553874015808,168370
97.21835923194885,168370
97.22117447853088,168370
97.22398257255554,168370
97.22678351402283,168370
97.22959160804749,168370
97.23239970207214,168370
97.23520469665527,168370
97.23801183700562,168370
97.24081683158875,168370
97.24363112449646,168370
97.24643325805664,168370
97.24924755096436,168370
97.2520637512207,168370
97.25486421585083,168370
97.25766968727112,168370
97.26048302650452,168370
97.2633011341095,168370
97.26611375808716,168370
97.26892328262329,168370
97.27174019813538,168370
97.27456736564636,168370
97.27737498283386,168370
97.28018593788147,168370
97.28300285339355,168370
97.28579664230347,168370
97.28860569000244,168370
97.2914080619812,168370
97.2942271232605,168370
97.29703831672668,168370
97.29984092712402,168370
97.30265188217163,168370
97.3054666519165,168370
97.30827593803406,168370
97.31108665466309,168370
97.313894033432,168370
97.31669664382935,168370
97.31949138641357,168370
97.32231211662292,168370
97.32512354850769,168370
97.32792472839355,168370
97.3307147026062,168370
97.33353567123413,168370
97.33634543418884,168370
97.33915972709656,168370
97.34195613861084,168370
97.34477233886719,168370
97.347580909729,168370
97.35039067268372,168370
97.35320162773132,168370
97.35600328445435,168370
97.35880517959595,168370
97.36161637306213,168370
97.36442685127258,168370
97.3672354221344,168370
97.37004065513611,168370
97.37284398078918,168370
97.37564849853516,168370
97.37846112251282,168370
97.38127017021179,168370
97.38409471511841,168370
97.38688087463379,168370
97.38968992233276,168370
97.39250087738037,168370
97.39531469345093,168370
97.39811778068542,168370
97.40091562271118,168370
97.40372252464294,168370
97.4065306186676,168370
97.40933895111084,168370
97.41215682029724,168370
97.414959192276,168370
97.41776943206787,168370
97.42056941986084,168370
97.42339658737183,168370
97.42620754241943,168370
97.42900514602661,168370
97.43179273605347,168370
97.43460631370544,168370
97.43741250038147,168370
97.44022536277771,168370
97.44303297996521,168370
97.44583749771118,168370
97.44864749908447,168370
97.45146346092224,168370
97.45428681373596,168370
97.45708990097046,168370
97.45987820625305,168370
97.46269202232361,168370
97.46549654006958,168370
97.46830463409424,168370
97.47110223770142,168370
97.47391605377197,168370
97.47671699523926,168370
97.47953414916992,168370
97.48235750198364,168370
97.48517370223999,168370
97.48796772956848,168370
97.4907774925232,168370
97.49359393119812,168370
97.49641299247742,168370
97.49923157691956,168370
97.5020501613617,168370
97.50484681129456,168370
97.50766015052795,168370
97.51046800613403,168370
97.5132954120636,168370
97.51610684394836,168370
97.51890349388123,168370
97.52170610427856,168370
97.5245292186737,168370
97.52732706069946,168370
97.5301423072815,168370
97.53294706344604,168370
97.53575801849365,168370
97.53856635093689,168370
97.54138088226318,168370
97.54420804977417,168370
97.54701614379883,168370
97.54982328414917,168370
97.5526475906372,168370
97.55551862716675,168370
97.5583655834198,168370
97.5611732006073,168370
97.56399035453796,168370
97.56679797172546,168370
97.56960916519165,168370
97.57242035865784,168370
97.57522940635681,168370
97.57803511619568,168370
97.58084058761597,168370
97.58364605903625,168370
97.58645606040955,168370
97.58926486968994,168370
97.59208989143372,168370
97.5948977470398,168370
97.59770393371582,168370
97.60051107406616,168370
97.60333776473999,168370
97.60616564750671,168370
97.6089608669281,168370
97.61177635192871,168370
97.61459398269653,168370
97.61740183830261,168370
97.62021970748901,168370
97.6230309009552,168370
97.62582516670227,168370
97.6286232471466,168370
97.63142919540405,168370
97.63425517082214,168370
97.6370632648468,168370
97.63985872268677,168370
97.64268112182617,168370
97.64549541473389,168370
97.64831256866455,168370
97.65112709999084,168370
97.65394473075867,168370
97.65675210952759,168370
97.65956234931946,168370
97.66237735748291,168370
97.66519093513489,168370
97.66798830032349,168370
97.67079973220825,168370
97.67361307144165,168370
97.67643117904663,168370
97.67923974990845,168370
97.68206810951233,168370
97.68486070632935,168370
97.68766689300537,168370
97.69047355651855,168370
97.69329595565796,168370
97.6960997581482,168370
97.6989073753357,168370
97.70171618461609,168370
97.70453786849976,168370
97.70734786987305,168370
97.71016144752502,168370
97.71296787261963,168370
97.71577429771423,168370
97.71858668327332,168370
97.72140336036682,168370
97.7242226600647,168370
97.72704076766968,168370
97.72983837127686,168370
97.73265504837036,168370
97.73546624183655,168370
97.73827147483826,168370
97.74108004570007,168370
97.74389243125916,168370
97.74669337272644,168370
97.74949884414673,168370
97.75231385231018,168370
97.75512552261353,168370
97.75792384147644,168370
97.76072263717651,168370
97.76354050636292,168370
97.76635551452637,168370
97.76916599273682,168370
97.77195286750793,168370
97.77475833892822,168370
97.77756643295288,168370
97.78037118911743,168370
97.78318881988525,168370
97.78598475456238,168370
97.78879308700562,168370
97.79160928726196,168370
97.79442954063416,168370
97.79723930358887,168370
97.800057888031,168370
97.80287027359009,168370
97.80567860603333,168370
97.80848526954651,168370
97.81129598617554,168370
97.81411457061768,168370
97.81691479682922,168370
97.81972169876099,168370
97.82254457473755,168370
97.82534527778625,168370
97.82816052436829,168370
97.83095383644104,168370
97.83377456665039,168370
97.83657956123352,168370
97.83938407897949,168370
97.84219670295715,168370
97.84499287605286,168370
97.84780049324036,168370
97.85061144828796,168370
97.85342597961426,168370
97.85623335838318,168370
97.85904264450073,168370
97.8618311882019,168370
97.8646457195282,168370
97.86745929718018,168370
97.87026143074036,168370
97.87309098243713,168370
97.87588834762573,168370
97.87869358062744,168370
97.88150024414062,168370
97.88432455062866,168370
97.88713097572327,168370
97.88992834091187,168370
97.89274287223816,168370
97.89554953575134,168370
97.89835715293884,168370
97.90116786956787,168370
97.903977394104,168370
97.90678095817566,168370
97.909583568573,168370
97.91240859031677,168370
97.91521978378296,168370
97.91802620887756,168370
97.92085075378418,168370
97.92367339134216,168370
97.92647910118103,168370
97.92929816246033,168370
97.93212151527405,168370
97.93492388725281,168370
97.93771314620972,168370
97.94052052497864,168370
97.94334411621094,168370
97.94614863395691,168370
97.94894123077393,168370
97.95174479484558,168370
97.95455622673035,168370
97.95735740661621,168370
97.96019244194031,168370
97.96300053596497,168370
97.96579551696777,168370
97.96859550476074,168370
97.97140383720398,168370
97.97422313690186,168370
97.97702765464783,168370
97.98035144805908,168370
97.9832010269165,168370
97.9860429763794,168370
97.98887372016907,168370
97.99170732498169,168370
97.99452185630798,168370
97.99733996391296,168370
98.00014734268188,168370
98.0029649734497,168370
98.00576853752136,168370
98.00857496261597,168370
98.01138639450073,168370
98.01421356201172,168370
98.01703310012817,168370
98.0198323726654,168370
98.02265191078186,168370
98.02546453475952,168370
98.02827405929565,168370
98.0310845375061,168370
98.03389239311218,168370
98.03669786453247,168370
98.03950381278992,168370
98.04231476783752,168370
98.04512143135071,168370
98.04792141914368,168370
98.05071496963501,168370
98.05353546142578,168370
98.05634593963623,168370
98.05915093421936,168370
98.06194376945496,168370
98.06476068496704,168370
98.06756615638733,168370
98.07037901878357,168370
98.07319331169128,168370
98.07599401473999,168370
98.07879781723022,168370
98.08160781860352,168370
98.08442115783691,168370
98.08722805976868,168370
98.09002614021301,168370
98.09283447265625,168370
98.0956380367279,168370
98.09844422340393,168370
98.10125279426575,168370
98.1040711402893,168370
98.10685992240906,168370
98.10965919494629,168370
98.11247110366821,168370
98.11527919769287,168370
98.11808204650879,168370
98.12088060379028,168370
98.12369203567505,168370
98.12650322914124,168370
98.12931370735168,168370
98.13213157653809,168370
98.13492918014526,168370
98.1377215385437,168370
98.14052724838257,168370
98.14334726333618,168370
98.1461546421051,168370
98.14895629882812,168370
98.15175771713257,168370
98.1545786857605,168370
98.15738344192505,168370
98.16019082069397,168370
98.16299962997437,168370
98.16580200195312,168370
98.16860365867615,168370
98.17140889167786,168370
98.17423367500305,168370
98.17704248428345,168370
98.179842710495,168370
98.1826639175415,168370
98.18547344207764,168370
98.18827676773071,168370
98.19108009338379,168370
98.19389414787292,168370
98.19670248031616,168370
98.1995153427124,168370
98.20232439041138,168370
98.20513844490051,168370
98.20793199539185,168370
98.21074485778809,168370
98.21357202529907,168370
98.21638250350952,168370
98.21918845176697,168370
98.22198224067688,168370
98.22479820251465,168370
98.22760701179504,168370
98.2304015159607,168370
98.23322057723999,168370
98.2360110282898,168370
98.23881030082703,168370
98.24161219596863,168370
98.24443030357361,168370
98.24723482131958,168370
98.25004887580872,168370
98.25285410881042,168370
98.2556619644165,168370
98.25846648216248,168370
98.26127505302429,168370
98.26409578323364,168370
98.26689767837524,168370
98.26970076560974,168370
98.27251935005188,168370
98.27531933784485,168370
98.2781252861023,168370
98.28092432022095,168370
98.28374767303467,168370
98.28654932975769,168370
98.2893602848053,168370
98.29217290878296,168370
98.29497742652893,168370
98.29777193069458,168370
98.30057978630066,168370
98.30339670181274,168370
98.3062059879303,168370
98.30900955200195,168370
98.31181359291077,168370
98.31462597846985,168370
98.31743502616882,168370
98.32023906707764,168370
98.32305884361267,168370
98.32586193084717,168370
98.32866287231445,168370
98.3314642906189,168370
98.33428311347961,168370
98.33708167076111,168370
98.33988046646118,168370
98.34268689155579,168370
98.34550380706787,168370
98.34830570220947,168370
98.35111594200134,168370
98.35392427444458,168370
98.35671353340149,168370
98.35951805114746,168370
98.36233282089233,168370
98.3651397228241,168370
98.3679404258728,168370
98.37074875831604,168370
98.37356662750244,168370
98.37636923789978,168370
98.37917137145996,168370
98.38196420669556,168370
98.38478136062622,168370
98.38758611679077,168370
98.39039206504822,168370
98.39320397377014,168370
98.39600443840027,168370
98.39880275726318,168370
98.4016044139862,168370
98.4044132232666,168370
98.40722322463989,168370
98.41002440452576,168370
98.412832736969,168370
98.41563105583191,168370
98.41843628883362,168370
98.4212441444397,168370
98.42406606674194,168370
98.42685127258301,168370
98.42965793609619,168370
98.43247485160828,168370
98.43533825874329,168370
98.43814444541931,168370
98.44095134735107,168370
98.44383263587952,168370
98.44663548469543,168370
98.44944739341736,168370
98.45226240158081,168370
98.45506858825684,168370
98.45788860321045,168370
98.46068525314331,168370
98.46349596977234,168370
98.46630954742432,168370
98.46911454200745,168370
98.47190380096436,168370
98.47471165657043,168370
98.47751593589783,168370
98.48033380508423,168370
98.48315048217773,168370
98.4859561920166,168370
98.48876166343689,168370
98.49156546592712,168370
98.494380235672,168370
98.49718523025513,168370
98.49997925758362,168370
98.50279474258423,168370
98.50560402870178,168370
98.5084068775177,168370
98.51120972633362,168370
98.51402544975281,168370
98.51681518554688,168370
98.51962399482727,168370
98.5224437713623,168370
98.52525115013123,168370
98.52805352210999,168370
98.53084397315979,168370
98.53364491462708,168370
98.53644752502441,168370
98.53924107551575,168370
98.54205751419067,168370
98.54485154151917,168370
98.54765439033508,168370
98.55045509338379,168370
98.55327677726746,168370
98.55612111091614,168370
98.55892992019653,168370
98.56173491477966,168370
98.56455278396606,168370
98.56736207008362,168370
98.57017230987549,168370
98.57298254966736,168370
98.57578945159912,168370
98.57859134674072,168370
98.58139896392822,168370
98.58421874046326,168370
98.58702898025513,168370
98.5898208618164,168370
98.5926399230957,168370
98.5954430103302,168370
98.5982518196106,168370
98.60105466842651,168370
98.60387015342712,168370
98.60687303543091,168370
98.60968041419983,168370
98.61249017715454,168370
98.61529850959778,168370
98.61809587478638,168370
98.62089347839355,168370
98.62369918823242,168370
98.62651515007019,168370
98.62932062149048,168370
98.6321382522583,168370
98.63493227958679,168370
98.6377387046814,168370
98.64054346084595,168370
98.64335632324219,168370
98.64616632461548,168370
98.64896559715271,168370
98.65175914764404,168370
98.6545774936676,168370
98.65737819671631,168370
98.66019129753113,168370
98.66299486160278,168370
98.66580200195312,168370
98.66860508918762,168370
98.67142033576965,168370
98.67424416542053,168370
98.67704606056213,168370
98.67983078956604,168370
98.68265128135681,168370
98.68546414375305,168370
98.68827509880066,168370
98.6910765171051,168370
98.69387698173523,168370
98.69666934013367,168370
98.69947600364685,168370
98.70229172706604,168370
98.7051100730896,168370
98.70790338516235,168370
98.71071195602417,168370
98.71354079246521,168370
98.71635293960571,168370
98.71915555000305,168370
98.7219557762146,168370
98.7247679233551,168370
98.72757625579834,168370
98.73037838935852,168370
98.73319983482361,168370
98.73599100112915,168370
98.73880052566528,168370
98.74164080619812,168370
98.74448990821838,168370
98.74732327461243,168370
98.75013899803162,168370
98.7529411315918,168370
98.75576043128967,168370
98.75857186317444,168370
98.76138925552368,168370
98.76421618461609,168370
98.76702308654785,168370
98.76981997489929,168370
98.77263903617859,168370
98.77545428276062,168370
98.77826380729675,168370
98.78107333183289,168370
98.78389143943787,168370
98.78668904304504,168370
98.78950047492981,168370
98.792311668396,168370
98.79512667655945,168370
98.79793071746826,168370
98.80073976516724,168370
98.80355548858643,168370
98.80636882781982,168370
98.80917549133301,168370
98.81196618080139,168370
98.81477856636047,168370
98.81758165359497,168370
98.8203809261322,168370
98.82320189476013,168370
98.8259916305542,168370
98.82879209518433,168370
98.83159875869751,168370
98.83442234992981,168370
98.83722615242004,168370
98.84003615379333,168370
98.84284353256226,168370
98.84564805030823,168370
98.84845685958862,168370
98.85126996040344,168370
98.85408735275269,168370
98.85689568519592,168370
98.85969305038452,168370
98.86251592636108,168370
98.86532640457153,168370
98.86813449859619,168370
98.870938539505,168370
98.87374806404114,168370
98.87655282020569,168370
98.8793592453003,168370
98.88218021392822,168370
98.88498592376709,168370
98.88779520988464,168370
98.89061093330383,168370
98.89342069625854,168370
98.89623022079468,168370
98.89903593063354,168370
98.90183281898499,168370
98.90465211868286,168370
98.90746235847473,168370
98.91026544570923,168370
98.91308426856995,168370
98.91588068008423,168370
98.91868543624878,168370
98.92152428627014,168370
98.9243471622467,168370
98.9271547794342,168370
98.9299590587616,168370
98.93276977539062,168370
98.93557739257812,168370
98.93838047981262,168370
98.9411871433258,168370
98.9439926147461,168370
98.94679832458496,168370
98.94959878921509,168370
98.95242094993591,168370
98.95522975921631,168370
98.95806193351746,168370
98.9608542919159,168370
98.9636754989624,168370
98.96648478507996,168370
98.96929240226746,168370
98.97210669517517,168370
98.97490978240967,168370
98.97770190238953,168370
98.98102831840515,168370
98.98386693000793,168370
98.9867000579834,168370
98.98953890800476,168370
98.99239110946655,168370
98.99520373344421,168370
98.99801397323608,168370
99.0008192062378,168370
99.00364542007446,168370
99.00644659996033,168370
99.00924873352051,168370
99.01206278800964,168370
99.01486253738403,168370
99.01766061782837,168370
99.02047395706177,168370
99.0232903957367,168370
99.02610301971436,168370
99.02889585494995,168370
99.03169679641724,168370
99.03451180458069,168370
99.03732538223267,168370
99.04012870788574,168370
99.04293751716614,168370
99.04572868347168,168370
99.04853701591492,168370
99.05133700370789,168370
99.05415797233582,168370
99.05696082115173,168370
99.0597631931305,168370
99.06257700920105,168370
99.06538653373718,168370
99.06818437576294,168370
99.07097887992859,168370
99.07379603385925,168370
99.07660031318665,168370
99.07940077781677,168370
99.08222222328186,168370
99.08502459526062,168370
99.087815284729,168370
99.09061336517334,168370
99.09342551231384,168370
99.09623289108276,168370
99.09903502464294,168370
99.10182523727417,168370
99.104647397995,168370
99.10744976997375,168370
99.11026000976562,168370
99.1130781173706,168370
99.11586809158325,168370
99.11866664886475,168370
99.12147450447083,168370
99.12429022789001,168370
99.12709498405457,168370
99.1298942565918,168370
99.13271260261536,168370
99.13551831245422,168370
99.13832259178162,168370
99.14112401008606,168370
99.14393925666809,168370
99.146733045578,168370
99.1495373249054,168370
99.152352809906,168370
99.15516090393066,168370
99.15795588493347,168370
99.16076183319092,168370
99.16357231140137,168370
99.16637873649597,168370
99.1691882610321,168370
99.17197966575623,168370
99.17479038238525,168370
99.17760181427002,168370
99.18040466308594,168370
99.18322539329529,168370
99.18602514266968,168370
99.1888267993927,168370
99.19163346290588,168370
99.19444608688354,168370
99.1972496509552,168370
99.20004534721375,168370
99.20283889770508,168370
99.20564126968384,168370
99.20843720436096,168370
99.21124625205994,168370
99.21406197547913,168370
99.21686458587646,168370
99.2196774482727,168370
99.22249341011047,168370
99.22530174255371,168370
99.22810673713684,168370
99.2308931350708,168370
99.23370242118835,168370
99.23651051521301,168370
99.23932123184204,168370
99.24212956428528,168370
99.24493670463562,168370
99.24773526191711,168370
99.25054740905762,168370
99.25336956977844,168370
99.25617742538452,168370
99.25896859169006,168370
99.26177430152893,168370
99.2645845413208,168370
99.26739025115967,168370
99.27019572257996,168370
99.27300643920898,168370
99.27580952644348,168370
99.27861499786377,168370
99.28142166137695,168370
99.28428268432617,168370
99.28711938858032,168370
99.28994965553284,168370
99.2927598953247,168370
99.29557275772095,168370
99.29838562011719,168370
99.30120158195496,168370
99.3040030002594,168370
99.30681467056274,168370
99.30963063240051,168370
99.31244444847107,168370
99.31525039672852,168370
99.31806135177612,168370
99.32086420059204,168370
99.32368421554565,168370
99.32648658752441,168370
99.32930612564087,168370
99.33212327957153,168370
99.33492612838745,168370
99.33772802352905,168370
99.3405339717865,168370
99.34334945678711,168370
99.34616446495056,168370
99.34896206855774,168370
99.3517689704895,168370
99.35458302497864,168370
99.3574001789093,168370
99.3602089881897,168370
99.36302518844604,168370
99.36581587791443,168370
99.36861610412598,168370
99.3714210987091,168370
99.37423515319824,168370
99.37704157829285,168370
99.37988138198853,168370
99.38271903991699,168370
99.38553166389465,168370
99.38833570480347,168370
99.39114665985107,168370
99.39395833015442,168370
99.3967707157135,168370
99.39957213401794,168370
99.40239214897156,168370
99.40520191192627,168370
99.40801477432251,168370
99.41081094741821,168370
99.41362500190735,168370
99.41642999649048,168370
99.41923713684082,168370
99.4220404624939,168370
99.42484092712402,168370
99.42763900756836,168370
99.43044686317444,168370
99.43326306343079,168370
99.4360601902008,168370
99.43885374069214,168370
99.44166016578674,168370
99.44447302818298,168370
99.44728779792786,168370
99.45009136199951,168370
99.45290017127991,168370
99.45569801330566,168370
99.45850682258606,168370
99.46131300926208,168370
99.46413278579712,168370
99.46692156791687,168370
99.46972703933716,168370
99.47254419326782,168370
99.47534799575806,168370
99.47815227508545,168370
99.48094892501831,168370
99.48375248908997,168370
99.48656415939331,168370
99.48937034606934,168370
99.49218940734863,168370
99.49497628211975,168370
99.49778175354004,168370
99.50057625770569,168370
99.50339722633362,168370
99.5061993598938,168370
99.50899529457092,168370
99.51178908348083,168370
99.5146050453186,168370
99.51740574836731,168370
99.52021145820618,168370
99.52302813529968,168370
99.52582454681396,168370
99.5286226272583,168370
99.53142547607422,168370
99.53424310684204,168370
99.53705596923828,168370
99.53984212875366,168370
99.54265880584717,168370
99.54546165466309,168370
99.54826664924622,168370
99.55107283592224,168370
99.55387687683105,168370
99.55671048164368,168370
99.5595190525055,168370
99.56234169006348,168370
99.56516432762146,168370
99.56795859336853,168370
99.57076025009155,168370
99.57357692718506,168370
99.5763852596283,168370
99.57919883728027,168370
99.5820004940033,168370
99.5848069190979,168370
99.58761668205261,168370
99.59041953086853,168370
99.59324169158936,168370
99.59604597091675,168370
99.59884762763977,168370
99.60164999961853,168370
99.60450410842896,168370
99.60731649398804,168370
99.61012649536133,168370
99.6129298210144,168370
99.61572861671448,168370
99.61853551864624,168370
99.62135100364685,168370
99.62416958808899,168370
99.62696886062622,168370
99.62977194786072,168370
99.6325945854187,168370
99.63540625572205,168370
99.63821816444397,168370
99.64101576805115,168370
99.64383220672607,168370
99.64664387702942,168370
99.6494472026825,168370
99.65225648880005,168370
99.6550714969635,168370
99.65787267684937,168370
99.66066932678223,168370
99.6634874343872,168370
99.66629886627197,168370
99.66910171508789,168370
99.67189979553223,168370
99.6747088432312,168370
99.67751336097717,168370
99.68031907081604,168370
99.68314385414124,168370
99.6859405040741,168370
99.68874907493591,168370
99.69155192375183,168370
99.69436931610107,168370
99.69717812538147,168370
99.69998383522034,168370
99.7027976512909,168370
99.70560693740845,168370
99.70840072631836,168370
99.71121406555176,168370
99.7140281200409,168370
99.71682977676392,168370
99.71963477134705,168370
99.72245454788208,168370
99.72526335716248,168370
99.72806692123413,168370
99.73085975646973,168370
99.73367071151733,168370
99.73647022247314,168370
99.73927783966064,168370
99.74209499359131,168370
99.74490356445312,168370
99.74770641326904,168370
99.7505247592926,168370
99.75334191322327,168370
99.75615286827087,168370
99.75895738601685,168370
99.76176738739014,168370
99.76457834243774,168370
99.7674024105072,168370
99.77021265029907,168370
99.77302408218384,168370
99.77582454681396,168370
99.77863812446594,168370
99.78145051002502,168370
99.78428149223328,168370
99.78709077835083,168370
99.78989243507385,168370
99.79269170761108,168370
99.7955060005188,168370
99.79830431938171,168370
99.80111169815063,168370
99.80391645431519,168370
99.80671906471252,168370
99.80952191352844,168370
99.81233930587769,168370
99.81515407562256,168370
99.81795477867126,168370
99.8207528591156,168370
99.82357168197632,168370
99.82637524604797,168370
99.82918739318848,168370
99.83198380470276,168370
99.83479976654053,168370
99.83761215209961,168370
99.84042477607727,168370
99.84324264526367,168370
99.8460545539856,168370
99.84884238243103,168370
99.85165596008301,168370
99.85447144508362,168370
99.85727715492249,168370
99.86007976531982,168370
99.8628876209259,168370
99.86568546295166,168370
99.86849117279053,168370
99.87129712104797,168370
99.87411737442017,168370
99.87690901756287,168370
99.87970542907715,168370
99.88252067565918,168370
99.885333776474,168370
99.88813352584839,168370
99.89093255996704,168370
99.89373731613159,168370
99.89654088020325,168370
99.89934873580933,168370
99.90215873718262,168370
99.904953956604,168370
99.90775179862976,168370
99.91055870056152,168370
99.91337633132935,168370
99.91635155677795,168370
99.91917061805725,168370
99.9220027923584,168370
99.92481708526611,168370
99.92762112617493,168370
99.93043208122253,168370
99.93324851989746,168370
99.93605780601501,168370
99.9388473033905,168370
99.94165015220642,168370
99.94446778297424,168370
99.94727563858032,168370
99.95007514953613,168370
99.9528877735138,168370
99.95569491386414,168370
99.95853805541992,168370
99.9613447189331,168370
99.96416544914246,168370
99.96696400642395,168370
99.96976494789124,168370
99.97257804870605,168370
99.97538304328918,168370
99.97818517684937,168370
99.98103427886963,168370
99.9843077659607,168370
99.98714017868042,168370
99.98994708061218,168370
99.99275064468384,168370
99.99555373191833,168370
99.99835228919983,168370
100.0011396408081,168370
100.00133633613586,168370
