Time,Objective value
0.004529476165771484,56944
0.005349159240722656,56944
0.03200984001159668,49174
0.05309271812438965,49174
0.07292580604553223,49174
0.09670186042785645,49174
0.11779332160949707,49174
0.14218926429748535,49168
0.16553330421447754,49168
0.18705224990844727,49168
0.21032214164733887,49168
0.2382655143737793,49168
0.27565813064575195,49168
0.3212127685546875,49168
0.35898256301879883,49168
0.39162731170654297,49168
0.43682265281677246,49168
0.4772162437438965,49168
0.5147852897644043,49168
0.5498819351196289,49168
0.5822067260742188,49168
0.6378693580627441,49168
0.6760878562927246,49168
0.6982231140136719,49168
0.7351996898651123,49168
0.7698023319244385,49168
0.806983232498169,49168
0.8287746906280518,49168
0.8627331256866455,49168
0.8868494033813477,49168
0.9129416942596436,49168
0.9441382884979248,49168
0.9654028415679932,49168
0.9833595752716064,49168
1.0011355876922607,49168
1.0239992141723633,49168
1.0470597743988037,49168
1.0623204708099365,49168
1.0825254917144775,49168
1.0950613021850586,49168
1.1097650527954102,49168
1.1270999908447266,49168
1.139416217803955,49168
1.1539959907531738,49168
1.1687140464782715,49168
1.1834206581115723,49168
1.1955060958862305,49168
1.2126107215881348,49168
1.2248225212097168,49168
1.2393529415130615,49168
1.2514371871948242,49168
1.2633256912231445,49168
1.2751235961914062,49168
1.2869620323181152,49168
1.2987675666809082,49168
1.3131871223449707,49168
1.3252568244934082,49168
1.3396751880645752,49168
1.35170316696167,49168
1.3634893894195557,49168
1.3753340244293213,49168
1.3870980739593506,49168
1.4015066623687744,49168
1.4134502410888672,49168
1.4252514839172363,49168
1.4370920658111572,49168
1.4488985538482666,49168
1.460658073425293,49168
1.4724094867706299,49168
1.484144687652588,49168
1.4958875179290771,49168
1.5076549053192139,49168
1.5194048881530762,49168
1.5311791896820068,49168
1.5429298877716064,49168
1.554724931716919,49168
1.5664863586425781,49168
1.578216552734375,49168
1.590001106262207,49168
1.601785659790039,49168
1.6135549545288086,49168
1.6253249645233154,49168
1.6371290683746338,49168
1.6406874656677246,49168
1.6442103385925293,49168
1.6477422714233398,49168
1.651268720626831,49168
1.6547815799713135,49168
1.6583051681518555,49168
1.6618092060089111,49168
1.6653120517730713,49168
1.6688685417175293,49168
1.6724176406860352,49168
1.6759402751922607,49168
1.6794707775115967,49168
1.682997465133667,49168
1.686514139175415,49168
1.6900558471679688,49168
1.6935851573944092,49168
1.6971187591552734,49168
1.7006683349609375,49168
1.704190731048584,49168
1.7077298164367676,49168
1.7112555503845215,49168
1.7147760391235352,49168
1.718308448791504,49168
1.721851110458374,49168
1.7253749370574951,49168
1.7289032936096191,49168
1.7324278354644775,49168
1.7359368801116943,49168
1.7394788265228271,49168
1.74299955368042,49168
1.746535301208496,49168
1.7500829696655273,49168
1.7536401748657227,49168
1.757174015045166,49168
1.760699987411499,49168
1.7642266750335693,49168
1.7677667140960693,49168
1.7712914943695068,49168
1.7748119831085205,49168
1.778350591659546,49168
1.7819008827209473,49168
1.7854111194610596,49168
1.7889478206634521,49168
1.792487621307373,49168
1.7960164546966553,49168
1.7995703220367432,49168
1.803109884262085,49168
1.8066251277923584,49168
1.8101541996002197,49168
1.8136796951293945,49168
1.817227840423584,49168
1.8207852840423584,49168
1.8243191242218018,49168
1.8278803825378418,49168
1.8314034938812256,49168
1.8349380493164062,49168
1.8384819030761719,49168
1.8419866561889648,49168
1.8455312252044678,49168
1.8490893840789795,49168
1.8526229858398438,49168
1.8561573028564453,49168
1.8596844673156738,49168
1.8632137775421143,49168
1.8667395114898682,49168
1.8702845573425293,49168
1.8738124370574951,49168
1.8773016929626465,49168
1.8808214664459229,49168
1.884329080581665,49168
1.8878662586212158,49168
1.8913795948028564,49168
1.8948974609375,49168
1.8984227180480957,49168
1.9019298553466797,49168
1.9054522514343262,49168
1.9089844226837158,49168
1.9125139713287354,49168
1.9160265922546387,49168
1.919555425643921,49168
1.9230964183807373,49168
1.9266154766082764,49168
1.9301469326019287,49168
1.9336538314819336,49168
1.9371626377105713,49168
1.9406826496124268,49168
1.944199800491333,49168
1.947746992111206,49168
1.951270341873169,49168
1.95479154586792,49168
1.9583220481872559,49168
1.9618456363677979,49168
1.9653615951538086,49168
1.9689075946807861,49168
1.9724440574645996,49168
1.9759838581085205,49168
1.979522705078125,49168
1.983029842376709,49168
1.9865765571594238,49168
1.9901292324066162,49168
1.9936628341674805,49168
1.9971792697906494,49168
2.0007293224334717,49168
2.0042669773101807,49168
2.007812976837158,49168
2.0113422870635986,49168
2.0148701667785645,49168
2.018415689468384,49168
2.021949529647827,49168
2.025489568710327,49168
2.029029369354248,49168
2.0325539112091064,49168
2.036071300506592,49168
2.039639472961426,49168
2.0431559085845947,49168
2.0466833114624023,49168
2.0501978397369385,49168
2.0537102222442627,49168
2.0572288036346436,49168
2.060765504837036,49168
2.064286470413208,49168
2.0678091049194336,49168
2.0712997913360596,49168
2.0748345851898193,49168
2.078397035598755,49168
2.0819435119628906,49168
2.085500478744507,49168
2.0890347957611084,49168
2.092541217803955,49168
2.096076250076294,49168
2.099618911743164,49168
2.103163719177246,49168
2.106682538986206,49168
2.1102166175842285,49168
2.1137359142303467,49168
2.1172547340393066,49168
2.1208174228668213,49168
2.1243481636047363,49168
2.1278908252716064,49168
2.1314051151275635,49168
2.1349284648895264,49168
2.1384921073913574,49168
2.142019033432007,49168
2.1455516815185547,49168
2.1490883827209473,49168
2.1526153087615967,49168
2.156125545501709,49168
2.159675121307373,49168
2.1632111072540283,49168
2.1667590141296387,49168
2.1703031063079834,49168
2.173830986022949,49168
2.1773550510406494,49168
2.1808979511260986,49168
2.184441089630127,49168
2.1879780292510986,49168
2.191511869430542,49168
2.1950573921203613,49168
2.198636293411255,49168
2.202176094055176,49168
2.205712080001831,49168
2.2092528343200684,49168
2.2127749919891357,49168
2.2163162231445312,49168
2.219877243041992,49168
2.2234182357788086,49168
2.2269434928894043,49168
2.2304937839508057,49168
2.2340428829193115,49168
2.237593650817871,49168
2.2411582469940186,49168
2.2446963787078857,49168
2.2482357025146484,49168
2.2517762184143066,49168
2.2553136348724365,49168
2.2588462829589844,49168
2.262377977371216,49168
2.2659084796905518,49168
2.269458055496216,49168
2.2729997634887695,49168
2.276560068130493,49168
2.2801003456115723,49168
2.28365159034729,49168
2.2871603965759277,49168
2.2907252311706543,49168
2.2942557334899902,49168
2.297783851623535,49168
2.3013339042663574,49168
2.3048787117004395,49168
2.3084287643432617,49168
2.311955690383911,49168
2.315493583679199,49168
2.3190386295318604,49168
2.3225839138031006,49168
2.326118230819702,49168
2.3296728134155273,49168
2.3332016468048096,49168
2.3367419242858887,49168
2.34029483795166,49168
2.3438191413879395,49168
2.3473329544067383,49168
2.3508949279785156,49168
2.354445695877075,49168
2.3579888343811035,49168
2.361530065536499,49168
2.3650662899017334,49168
2.3685827255249023,49168
2.3721187114715576,49168
2.3756587505340576,49168
2.37917423248291,49168
2.382728338241577,49168
2.3862526416778564,49168
2.3898091316223145,49168
2.3933210372924805,49168
2.396841526031494,49168
2.400360584259033,49168
2.4039106369018555,49168
2.4074339866638184,49168
2.4109671115875244,49168
2.414504051208496,49168
2.4180545806884766,49168
2.4215869903564453,49168
2.425114154815674,49168
2.42864990234375,49168
2.4321835041046143,49168
2.4357082843780518,49168
2.4392573833465576,49168
2.44278883934021,49168
2.4463155269622803,49168
2.449862241744995,49168
2.4533917903900146,49168
2.4569103717803955,49168
2.460465669631958,49168
2.463977575302124,49168
2.4675452709198,49168
2.4710800647735596,49168
2.4746131896972656,49168
2.478153944015503,49168
2.481696128845215,49168
2.4852283000946045,49168
2.488781452178955,49168
2.4923243522644043,49168
2.495877981185913,49168
2.4993855953216553,49168
2.5029208660125732,49168
2.5064518451690674,49168
2.5099995136260986,49168
2.5135371685028076,49168
2.517103910446167,49168
2.520648956298828,49168
2.524184226989746,49168
2.5277349948883057,49168
2.531277894973755,49168
2.5348293781280518,49168
2.53836989402771,49168
2.541895627975464,49168
2.545436143875122,49168
2.548981189727783,49168
2.5525310039520264,49168
2.5560827255249023,49168
2.5596258640289307,49168
2.563157558441162,49168
2.5666937828063965,49168
2.5702385902404785,49168
2.573798656463623,49168
2.5772926807403564,49168
2.5808370113372803,49168
2.584343433380127,49168
2.5878920555114746,49168
2.5914306640625,49168
2.5949513912200928,49168
2.598487615585327,49168
2.6020238399505615,49168
2.6055383682250977,49168
2.6090900897979736,49168
2.612607717514038,49168
2.6161580085754395,49168
2.619725227355957,49168
2.623265027999878,49168
2.626789093017578,49168
2.6303226947784424,49168
2.6338484287261963,49168
2.6374099254608154,49168
2.640961170196533,49168
2.6445069313049316,49168
2.648022413253784,49168
2.6515488624572754,49168
2.6550650596618652,49168
2.658618450164795,49168
2.6621451377868652,49168
2.6656553745269775,49168
2.6692051887512207,49168
2.6727423667907715,49168
2.6762754917144775,49168
2.6798174381256104,49168
2.683350086212158,49168
2.686904191970825,49168
2.6904385089874268,49168
2.693962574005127,49168
2.697493553161621,49168
2.7010207176208496,49168
2.704545497894287,49168
2.708087921142578,49168
2.7116119861602783,49168
2.7151544094085693,49168
2.7186880111694336,49168
2.7222325801849365,49168
2.7257750034332275,49168
2.729301929473877,49168
2.732842206954956,49168
2.736374855041504,49168
2.7399208545684814,49168
2.7434241771698,49168
2.7469642162323,49168
2.750523328781128,49168
2.7540359497070312,49168
2.7575652599334717,49168
2.761089324951172,49168
2.764625310897827,49168
2.768169641494751,49168
2.771711587905884,49168
2.775214433670044,49168
2.778779983520508,49168
2.7823054790496826,49168
2.785830020904541,49168
2.7893590927124023,49168
2.79288649559021,49168
2.7964088916778564,49168
2.7999377250671387,49168
2.8034584522247314,49168
2.80698299407959,49168
2.8105263710021973,49168
2.814077377319336,49168
2.8176193237304688,49168
2.821138620376587,49168
2.8246512413024902,49168
2.8281900882720947,49168
2.8317437171936035,49168
2.835277557373047,49168
2.838813066482544,49168
2.8423311710357666,49168
2.845855712890625,49168
2.849398612976074,49168
2.8529269695281982,49168
2.856452703475952,49168
2.859989643096924,49168
2.8635246753692627,49168
2.8670458793640137,49168
2.870575428009033,49168
2.874091625213623,49168
2.8776426315307617,49168
2.881187915802002,49168
2.884742021560669,49168
2.8882699012756348,49168
2.8918278217315674,49168
2.895352363586426,49168
2.8989098072052,49168
2.902421474456787,49168
2.9059395790100098,49168
2.909489631652832,49168
2.9130170345306396,49168
2.916577100753784,49168
2.9200985431671143,49168
2.9236292839050293,49168
2.927152633666992,49168
2.9307048320770264,49168
2.9342429637908936,49168
2.9377825260162354,49168
2.9413340091705322,49168
2.94486665725708,49168
2.9484100341796875,49168
2.9519569873809814,49168
2.955509662628174,49168
2.9590566158294678,49168
2.9625980854034424,49168
2.9661052227020264,49168
2.9696457386016846,49168
2.9731521606445312,49168
2.9767065048217773,49168
2.9802417755126953,49168
2.9837779998779297,49168
2.9872968196868896,49168
2.9908463954925537,49168
2.9943349361419678,49168
2.9978842735290527,49168
3.0014007091522217,49168
3.004923105239868,49168
3.008450746536255,49168
3.011993408203125,49168
3.0155179500579834,49168
3.0190505981445312,49168
3.0225820541381836,49168
3.0261032581329346,49168
3.0296530723571777,49168
3.033191204071045,49168
3.0367374420166016,49168
3.040275812149048,49168
3.043799638748169,49168
3.047325849533081,49168
3.0508694648742676,49168
3.0543973445892334,49168
3.0579171180725098,49168
3.0614657402038574,49168
3.0649988651275635,49168
3.0685229301452637,49168
3.072061538696289,49168
3.0755934715270996,49168
3.079130172729492,49168
3.0826687812805176,49168
3.086204767227173,49168
3.0897724628448486,49168
3.0932998657226562,49168
3.096843719482422,49168
3.1003806591033936,49168
3.103910207748413,49168
3.107445240020752,49168
3.1109819412231445,49168
3.1145124435424805,49168
3.118065595626831,49168
3.121582269668579,49168
3.125119209289551,49168
3.1286864280700684,49168
3.1322181224823,49168
3.135741710662842,49168
3.1393001079559326,49168
3.1428537368774414,49168
3.1463828086853027,49168
3.1499454975128174,49168
3.153486728668213,49168
3.157008171081543,49168
3.1605606079101562,49168
3.164100170135498,49168
3.1676437854766846,49168
3.1711714267730713,49168
3.1747055053710938,49168
3.178264617919922,49168
3.1818182468414307,49168
3.1853315830230713,49168
3.1888556480407715,49168
3.1923980712890625,49168
3.1959328651428223,49168
3.199474334716797,49168
3.2029857635498047,49168
3.2065043449401855,49168
3.2100284099578857,49168
3.213548183441162,49168
3.2170958518981934,49168
3.220625877380371,49168
3.2241437435150146,49168
3.22768497467041,49168
3.2311980724334717,49168
3.234729051589966,49168
3.238260269165039,49168
3.2417922019958496,49168
3.245290994644165,49168
3.248819589614868,49168
3.252346992492676,49168
3.255868911743164,49168
3.259406328201294,49168
3.262939453125,49168
3.266458034515381,49168
3.2700083255767822,49168
3.273535966873169,49168
3.277066469192505,49168
3.280625104904175,49168
3.28415584564209,49168
3.2877001762390137,49168
3.2912185192108154,49168
3.294743537902832,49168
3.2982518672943115,49168
3.3017873764038086,49168
3.305285692214966,49168
3.308820962905884,49168
3.3123269081115723,49168
3.3158609867095947,49168
3.3194000720977783,49168
3.3229293823242188,49168
3.3264479637145996,49168
3.329960823059082,49168
3.3334877490997314,49168
3.3369994163513184,49168
3.3405544757843018,49168
3.3440630435943604,49168
3.347606897354126,49168
3.351140260696411,49168
3.354675769805908,49168
3.3582165241241455,49168
3.361757755279541,49168
3.3652873039245605,49168
3.3688266277313232,49168
3.3723154067993164,49168
3.37585186958313,49168
3.37939453125,49168
3.3828938007354736,49168
3.386422634124756,49168
3.389960765838623,49168
3.3934781551361084,49168
3.396998643875122,49168
3.4005558490753174,49168
3.4040844440460205,49168
3.407618522644043,49168
3.411141872406006,49168
3.4146888256073,49168
3.418219566345215,49168
3.42175555229187,49168
3.4252562522888184,49168
3.428807020187378,49168
3.4323275089263916,49168
3.4358527660369873,49168
3.4393839836120605,49168
3.442922592163086,49168
3.446458578109741,49168
3.449988842010498,49168
3.453505277633667,49168
3.457017183303833,49168
3.4605534076690674,49168
3.464076280593872,49168
3.467602491378784,49168
3.471151113510132,49168
3.4746508598327637,49168
3.4781851768493652,49168
3.4817192554473877,49168
3.485257148742676,49168
3.488781452178955,49168
3.4923083782196045,49168
3.495832681655884,49168
3.4993555545806885,49168
3.502889633178711,49168
3.5064053535461426,49168
3.509934425354004,49168
3.5134687423706055,49168
3.5169804096221924,49168
3.520517110824585,49168
3.5240321159362793,49168
3.5275654792785645,49168
3.5311121940612793,49168
3.5346198081970215,49168
3.538147449493408,49168
3.5416812896728516,49168
3.5451982021331787,49168
3.5487444400787354,49168
3.5522422790527344,49168
3.555743932723999,49168
3.5592827796936035,49168
3.562798023223877,49168
3.5663228034973145,49168
3.5698697566986084,49168
3.573390007019043,49168
3.576910972595215,49168
3.5804450511932373,49168
3.5839736461639404,49168
3.5875160694122314,49168
3.5910353660583496,49168
3.5945675373077393,49168
3.598088026046753,49168
3.601630210876465,49168
3.6051688194274902,49168
3.608710527420044,49168
3.6122426986694336,49168
3.6157755851745605,49168
3.619311571121216,49168
3.622833251953125,49168
3.626336097717285,49168
3.6298673152923584,49168
3.6333837509155273,49168
3.6368863582611084,49168
3.6404194831848145,49168
3.6439435482025146,49168
3.6474907398223877,49168
3.651005744934082,49168
3.654505729675293,49168
3.6580448150634766,49168
3.661572217941284,49168
3.6650807857513428,49168
3.668627977371216,49168
3.6721441745758057,49168
3.6756627559661865,49168
3.679187536239624,49168
3.682731866836548,49168
3.6862475872039795,49168
3.689785957336426,49168
3.6932930946350098,49168
3.6968319416046143,49168
3.7003567218780518,49168
3.7039034366607666,49168
3.707421064376831,49168
3.710942029953003,49168
3.7144582271575928,49168
3.7179815769195557,49168
3.7214996814727783,49168
3.7250428199768066,49168
3.7285828590393066,49168
3.7321090698242188,49168
3.7356479167938232,49168
3.73919939994812,49168
3.742724657058716,49168
3.746249198913574,49168
3.7497830390930176,49168
3.753279447555542,49168
3.756812810897827,49168
3.76029896736145,49168
3.763789176940918,49168
3.767301082611084,49168
3.770827054977417,49168
3.77437686920166,49168
3.7779018878936768,49168
3.78141713142395,49168
3.7849442958831787,49168
3.7884743213653564,49168
3.7919974327087402,49168
3.795532464981079,49168
3.799077272415161,49168
3.802612781524658,49168
3.8061351776123047,49168
3.809642791748047,49168
3.8131661415100098,49168
3.8166825771331787,49168
3.8202013969421387,49168
3.823725938796997,49168
3.8272461891174316,49168
3.8307697772979736,49168
3.8342905044555664,49168
3.837831735610962,49168
3.841348171234131,49168
3.8448641300201416,49168
3.848405122756958,49168
3.85194993019104,49168
3.855451822280884,49168
3.8590049743652344,49168
3.8625335693359375,49168
3.866036891937256,49168
3.8695614337921143,49168
3.8730976581573486,49168
3.8766138553619385,49168
3.8801791667938232,49168
3.883673667907715,49168
3.8872036933898926,49168
3.8907406330108643,49168
3.8942630290985107,49168
3.897806406021118,49168
3.901325225830078,49168
3.904862642288208,49168
3.908414125442505,49168
3.9119484424591064,49168
3.9154789447784424,49168
3.9190104007720947,49168
3.9225306510925293,49168
3.9260358810424805,49168
3.9295411109924316,49168
3.9330620765686035,49168
3.936582326889038,49168
3.940131425857544,49168
3.943648338317871,49168
3.9471635818481445,49168
3.950684070587158,49168
3.954193353652954,49168
3.9577252864837646,49168
3.9612197875976562,49168
3.9647538661956787,49168
3.9682726860046387,49168
3.9717981815338135,49168
3.975311756134033,49168
3.978853940963745,49168
3.9823484420776367,49168
3.985866069793701,49168
3.9893970489501953,49168
3.9929051399230957,49168
3.9964237213134766,49168
3.9999496936798096,49168
4.003453493118286,49168
4.006941080093384,49168
4.010454177856445,49168
4.013952970504761,49168
4.017480134963989,49168
4.021013259887695,49168
4.024512767791748,49168
4.028042554855347,49168
4.031562566757202,49168
4.035061836242676,49168
4.0385942459106445,49168
4.042090654373169,49168
4.0456273555755615,49168
4.049185037612915,49168
4.052709341049194,49168
4.056230783462524,49168
4.059767007827759,49168
4.063253879547119,49168
4.066763162612915,49168
4.070270776748657,49168
4.07381010055542,49168
4.077318906784058,49168
4.0808634757995605,49168
4.084404230117798,49168
4.087928533554077,49168
4.091437816619873,49168
4.094943284988403,49168
4.098472356796265,49168
4.101978540420532,49168
4.105505466461182,49168
4.109036445617676,49168
4.112575054168701,49168
4.116096258163452,49168
4.119641065597534,49168
4.123168706893921,49168
4.126700401306152,49168
4.13022255897522,49168
4.133757591247559,49168
4.137274503707886,49168
4.140817165374756,49168
4.14431357383728,49168
4.147857189178467,49168
4.151387691497803,49168
4.1549413204193115,49168
4.158488512039185,49168
4.161997556686401,49168
4.165508270263672,49168
4.169034719467163,49168
4.172567129135132,49168
4.1760945320129395,49168
4.179637670516968,49168
4.183168649673462,49168
4.186678409576416,49168
4.190221548080444,49168
4.193740367889404,49168
4.197265863418579,49168
4.200809717178345,49168
4.204338550567627,49168
4.207880020141602,49168
4.211405992507935,49168
4.214929819107056,49168
4.218456268310547,49168
4.221991777420044,49168
4.225524425506592,49168
4.229031562805176,49168
4.2325379848480225,49168
4.236088275909424,49168
4.239630699157715,49168
4.243157386779785,49168
4.246678113937378,49168
4.250216007232666,49168
4.253735303878784,49168
4.257246255874634,49168
4.2607810497283936,49168
4.264297008514404,49168
4.267828941345215,49168
4.271338224411011,49168
4.274853706359863,49168
4.278384685516357,49168
4.281927585601807,49168
4.285454034805298,49168
4.289003133773804,49168
4.292512655258179,49168
4.296054363250732,49168
4.2995765209198,49168
4.303116083145142,49168
4.3066487312316895,49168
4.310197114944458,49168
4.313704252243042,49168
4.317244529724121,49168
4.320797681808472,49168
4.324293375015259,49168
4.327828407287598,49168
4.33134913444519,49168
4.3348753452301025,49168
4.338418006896973,49168
4.341949224472046,49168
4.345463991165161,49168
4.348989486694336,49168
4.352535247802734,49168
4.356065988540649,49168
4.359605073928833,49168
4.363125324249268,49168
4.36663556098938,49168
4.37017560005188,49168
4.373694181442261,49168
4.37721586227417,49168
4.380755662918091,49168
4.384268522262573,49168
4.387797594070435,49168
4.391321659088135,49168
4.394836187362671,49168
4.39835786819458,49168
4.401878595352173,49168
4.405412912368774,49168
4.408927917480469,49168
4.412465572357178,49168
4.416001796722412,49168
4.419532299041748,49168
4.423070430755615,49168
4.426577091217041,49168
4.430087089538574,49168
4.433630466461182,49168
4.437170505523682,49168
4.440698623657227,49168
4.444221019744873,49168
4.447741746902466,49168
4.451288223266602,49168
4.454787492752075,49168
4.458313465118408,49168
4.46183180809021,49168
4.4653544425964355,49168
4.468904495239258,49168
4.472434759140015,49168
4.47596001625061,49168
4.479513168334961,49168
4.483009099960327,49168
4.486531734466553,49168
4.490086555480957,49168
4.493621110916138,49168
4.497137784957886,49168
4.500702619552612,49168
4.504242897033691,49168
4.5077598094940186,49168
4.511284351348877,49168
4.514824867248535,49168
4.518332481384277,49168
4.521904706954956,49168
4.525449514389038,49168
4.529003620147705,49168
4.532537937164307,49168
4.536066055297852,49168
4.539597511291504,49168
4.543120384216309,49168
4.546626567840576,49168
4.550171136856079,49168
4.553699493408203,49168
4.557226896286011,49168
4.5607688426971436,49168
4.564306020736694,49168
4.567844390869141,49168
4.5713560581207275,49168
4.574889421463013,49168
4.578427076339722,49168
4.5819621086120605,49168
4.585496425628662,49168
4.589040756225586,49168
4.592590808868408,49168
4.596112012863159,49168
4.599650621414185,49168
4.6031622886657715,49168
4.606683254241943,49168
4.6102166175842285,49168
4.6137542724609375,49168
4.617284297943115,49168
4.620846271514893,49168
4.624338388442993,49168
4.627875566482544,49168
4.631398916244507,49168
4.634918689727783,49168
4.638458490371704,49168
4.641972541809082,49168
4.645483732223511,49168
4.649028778076172,49168
4.652558326721191,49168
4.6560845375061035,49168
4.659607887268066,49168
4.6631269454956055,49168
4.666640758514404,49168
4.670170783996582,49168
4.673686504364014,49168
4.67719578742981,49168
4.680721998214722,49168
4.684228181838989,49168
4.687769174575806,49168
4.691272974014282,49168
4.694792747497559,49168
4.698310852050781,49168
4.701855421066284,49168
4.705387115478516,49168
4.708926439285278,49168
4.712468147277832,49168
4.716001272201538,49168
4.7195305824279785,49168
4.723057985305786,49168
4.726577281951904,49168
4.73010778427124,49168
4.733638048171997,49168
4.737172842025757,49168
4.740687847137451,49168
4.744187593460083,49168
4.747709035873413,49168
4.751211166381836,49168
4.754739284515381,49168
4.758248805999756,49168
4.761780261993408,49168
4.765318155288696,49168
4.768835067749023,49168
4.7723610401153564,49168
4.775895595550537,49168
4.779408693313599,49168
4.782917022705078,49168
4.786461353302002,49168
4.789977312088013,49168
4.793511390686035,49168
4.7970075607299805,49168
4.800534725189209,49168
4.8040618896484375,49168
4.807586431503296,49168
4.811112403869629,49168
4.814649820327759,49168
4.818169355392456,49168
4.8217244148254395,49168
4.825243711471558,49168
4.8287739753723145,49168
4.83228874206543,49168
4.835817098617554,49168
4.8393707275390625,49168
4.84290337562561,49168
4.846425294876099,49168
4.8499627113342285,49168
4.853465557098389,49168
4.856972932815552,49168
4.860495567321777,49168
4.8640265464782715,49168
4.867574214935303,49168
4.871101379394531,49168
4.874632835388184,49168
4.878148555755615,49168
4.881682872772217,49168
4.885186195373535,49168
4.8887200355529785,49168
4.892232179641724,49168
4.8957507610321045,49168
4.89931058883667,49168
4.902822732925415,49168
4.906341791152954,49168
4.909914016723633,49168
4.913445234298706,49168
4.916989803314209,49168
4.920527935028076,49168
4.9240241050720215,49168
4.9275712966918945,49168
4.93112587928772,49168
4.934662818908691,49168
4.93820333480835,49168
4.941730976104736,49168
4.945264101028442,49168
4.948798656463623,49168
4.9523091316223145,49168
4.955817699432373,49168
4.959360837936401,49168
4.96289849281311,49168
4.966428756713867,49168
4.9699718952178955,49168
4.973498821258545,49168
4.977004528045654,49168
4.980526924133301,49168
4.9840521812438965,49168
4.987594127655029,49168
4.991118669509888,49168
4.994644641876221,49168
4.99816632270813,49168
5.001688241958618,49168
5.005218029022217,49168
5.008756160736084,49168
5.012277603149414,49168
5.015800952911377,49168
5.019308090209961,49168
5.022833585739136,49168
5.026329517364502,49168
5.029883861541748,49168
5.03339409828186,49168
5.036918878555298,49168
5.04045557975769,49168
5.04398512840271,49168
5.047508716583252,49168
5.051033020019531,49168
5.054568529129028,49168
5.058114051818848,49168
5.061648845672607,49168
5.0651891231536865,49168
5.068727970123291,49168
5.072270393371582,49168
5.075806140899658,49168
5.079342603683472,49168
5.08285665512085,49168
5.08639121055603,49168
5.08992075920105,49168
5.0934412479400635,49168
5.096956968307495,49168
5.100497722625732,49168
5.104004621505737,49168
5.107532501220703,49168
5.111069917678833,49168
5.1145851612091064,49168
5.118105173110962,49168
5.121646165847778,49168
5.125155448913574,49168
5.128705024719238,49168
5.132222652435303,49168
5.1357574462890625,49168
5.13929009437561,49168
5.142824172973633,49168
5.146337985992432,49168
5.14987587928772,49168
5.1533966064453125,49168
5.156915664672852,49168
5.160452842712402,49168
5.1639628410339355,49168
5.1674933433532715,49168
5.171021938323975,49168
5.174562215805054,49168
5.178089380264282,49168
5.181632041931152,49168
5.18516731262207,49168
5.188730001449585,49168
5.192244291305542,49168
5.195763111114502,49168
5.199302434921265,49168
5.202826976776123,49168
5.206344842910767,49168
5.209897041320801,49168
5.2134153842926025,49168
5.2169294357299805,49168
5.22046685218811,49168
5.223974704742432,49168
5.22753119468689,49168
5.231054067611694,49168
5.2346110343933105,49168
5.238131761550903,49168
5.2416369915008545,49168
5.245162725448608,49168
5.248706817626953,49168
5.25223445892334,49168
5.255760431289673,49168
5.259291172027588,49168
5.262823581695557,49168
5.266323804855347,49168
5.269868850708008,49168
5.273385524749756,49168
5.276909112930298,49168
5.280430793762207,49168
5.283931016921997,49168
5.28747034072876,49168
5.291015625,49168
5.29454493522644,49168
5.298086404800415,49168
5.301596641540527,49168
5.30512261390686,49168
5.308627128601074,49168
5.312134504318237,49168
5.315646171569824,49168
5.319185972213745,49168
5.322736740112305,49168
5.326256275177002,49168
5.329770565032959,49168
5.3332679271698,49168
5.3368096351623535,49168
5.34033989906311,49168
5.343863248825073,49168
5.347387075424194,49168
5.350921630859375,49168
5.354450702667236,49168
5.357972860336304,49168
5.3614983558654785,49168
5.365004539489746,49168
5.368547677993774,49168
5.37205958366394,49168
5.375594615936279,49168
5.37912917137146,49168
5.382678270339966,49168
5.386199235916138,49168
5.389751672744751,49168
5.393275737762451,49168
5.396812915802002,49168
5.400336980819702,49168
5.4038519859313965,49168
5.407404661178589,49168
5.4109320640563965,49168
5.414439678192139,49168
5.417980194091797,49168
5.4214818477630615,49168
5.424996614456177,49168
5.4285314083099365,49168
5.432053327560425,49168
5.435552597045898,49168
5.4390785694122314,49168
5.442611455917358,49168
5.446144342422485,49168
5.44968056678772,49168
5.453210830688477,49168
5.45673942565918,49168
5.460277557373047,49168
5.463815212249756,49168
5.467352628707886,49168
5.470879316329956,49168
5.474421739578247,49168
5.477933406829834,49168
5.481484889984131,49168
5.485018491744995,49168
5.488553285598755,49168
5.4921064376831055,49168
5.495633363723755,49168
5.499160289764404,49168
5.502697467803955,49168
5.506205081939697,49168
5.509732723236084,49168
5.513250112533569,49168
5.51677680015564,49168
5.520305395126343,49168
5.523822069168091,49168
5.527320384979248,49168
5.530879497528076,49168
5.53440260887146,49168
5.5379321575164795,49168
5.54146671295166,49168
5.544994115829468,49168
5.548521518707275,49168
5.552061557769775,49168
5.555557727813721,49168
5.559071779251099,49168
5.562605619430542,49168
5.566135883331299,49168
5.569652318954468,49168
5.573195934295654,49168
5.576728105545044,49168
5.580252170562744,49168
5.583775043487549,49168
5.587312936782837,49168
5.590861797332764,49168
5.594399452209473,49168
5.597956657409668,49168
5.601486444473267,49168
5.605024814605713,49168
5.608588457107544,49168
5.6121063232421875,49168
5.615652084350586,49168
5.6191651821136475,49168
5.622666835784912,49168
5.626195907592773,49168
5.629709005355835,49168
5.633217096328735,49168
5.636733531951904,49168
5.640256881713867,49168
5.643791198730469,49168
5.647284746170044,49168
5.650821685791016,49168
5.654339790344238,49168
5.6578755378723145,49168
5.661396265029907,49168
5.664924621582031,49168
5.66845440864563,49168
5.671973943710327,49168
5.675502061843872,49168
5.679041385650635,49168
5.6825737953186035,49168
5.686077356338501,49168
5.689631938934326,49168
5.6931610107421875,49168
5.696693181991577,49168
5.700232028961182,49168
5.703756809234619,49168
5.707295656204224,49168
5.71085000038147,49168
5.714375972747803,49168
5.717883348464966,49168
5.721397399902344,49168
5.724911689758301,49168
5.72846531867981,49168
5.731975793838501,49168
5.735487699508667,49168
5.739029884338379,49168
5.742542028427124,49168
5.746057033538818,49168
5.7495949268341064,49168
5.753124475479126,49168
5.756632328033447,49168
5.760178089141846,49168
5.763718843460083,49168
5.767210483551025,49168
5.770752906799316,49168
5.7742719650268555,49168
5.777794122695923,49168
5.7813191413879395,49168
5.784867525100708,49168
5.788399934768677,49168
5.7919111251831055,49168
5.795419692993164,49168
5.798954725265503,49168
5.802487850189209,49168
5.806013584136963,49168
5.809539556503296,49168
5.813053369522095,49168
5.816569566726685,49168
5.820104360580444,49168
5.823617935180664,49168
5.827151536941528,49168
5.830700874328613,49168
5.834214210510254,49168
5.837779760360718,49168
5.8413166999816895,49168
5.844821929931641,49168
5.84833836555481,49168
5.851852655410767,49168
5.855375528335571,49168
5.858907699584961,49168
5.862429618835449,49168
5.865943908691406,49168
5.869460582733154,49168
5.8729612827301025,49168
5.876492261886597,49168
5.880020618438721,49168
5.883563041687012,49168
5.887090682983398,49168
5.890653848648071,49168
5.894160747528076,49168
5.897705554962158,49168
5.901227235794067,49168
5.904726266860962,49168
5.90825891494751,49168
5.911793231964111,49168
5.915335655212402,49168
5.918872117996216,49168
5.922393083572388,49168
5.925928354263306,49168
5.929443597793579,49168
5.932951927185059,49168
5.936479806900024,49168
5.94002103805542,49168
5.9435505867004395,49168
5.9470696449279785,49168
5.95060396194458,49168
5.954133749008179,49168
5.9576616287231445,49168
5.961188077926636,49168
5.964736700057983,49168
5.968241453170776,49168
5.971790790557861,49168
5.975301027297974,49168
5.978832244873047,49168
5.9823877811431885,49168
5.98589563369751,49168
5.989436626434326,49168
5.992953777313232,49168
5.996459007263184,49168
5.999974966049194,49168
6.003512382507324,49168
6.006993532180786,49168
6.010562896728516,49168
6.014078617095947,49168
6.017623662948608,49168
6.021172523498535,49168
6.024701833724976,49168
6.0282580852508545,49168
6.031795263290405,49168
6.035307168960571,49168
6.038854360580444,49168
6.042349100112915,49168
6.045889854431152,49168
6.049425363540649,49168
6.052955865859985,49168
6.056498765945435,49168
6.06004786491394,49168
6.063572645187378,49168
6.067119598388672,49168
6.0706658363342285,49168
6.074186563491821,49168
6.077734708786011,49168
6.081249237060547,49168
6.084771633148193,49168
6.088289737701416,49168
6.091825485229492,49168
6.095350503921509,49168
6.098870754241943,49168
6.1024322509765625,49168
6.105965614318848,49168
6.1095054149627686,49168
6.113044738769531,49168
6.116593837738037,49168
6.12013840675354,49168
6.12365984916687,49168
6.127196788787842,49168
6.130717039108276,49168
6.134233474731445,49168
6.1377575397491455,49168
6.141289949417114,49168
6.144835472106934,49168
6.148360967636108,49168
6.151927947998047,49168
6.155465602874756,49168
6.159005165100098,49168
6.162527084350586,49168
6.166044235229492,49168
6.169590473175049,49168
6.173139572143555,49168
6.1766979694366455,49168
6.180238485336304,49168
6.183752059936523,49168
6.187255859375,49168
6.1907923221588135,49168
6.194319248199463,49168
6.197855234146118,49168
6.201406478881836,49168
6.204938650131226,49168
6.208471775054932,49168
6.2119832038879395,49168
6.215518474578857,49168
6.219056129455566,49168
6.222585201263428,49168
6.226112127304077,49168
6.229653358459473,49168
6.2331860065460205,49168
6.23673415184021,49168
6.240266561508179,49168
6.243798017501831,49168
6.24732232093811,49168
6.250870227813721,49168
6.254392385482788,49168
6.2579185962677,49168
6.261431694030762,49168
6.264931678771973,49168
6.268463611602783,49168
6.271998882293701,49168
6.275550365447998,49168
6.279098749160767,49168
6.28263521194458,49168
6.286161661148071,49168
6.289713144302368,49168
6.293205499649048,49168
6.296730279922485,49168
6.300263166427612,49168
6.303793907165527,49168
6.307291507720947,49168
6.310826063156128,49168
6.314358472824097,49168
6.317888975143433,49168
6.321448564529419,49168
6.3249671459198,49168
6.32850980758667,49168
6.332024812698364,49168
6.335545063018799,49168
6.339074373245239,49168
6.342610120773315,49168
6.346113681793213,49168
6.349636554718018,49168
6.353169918060303,49168
6.356682538986206,49168
6.360213994979858,49168
6.363724708557129,49168
6.36725640296936,49168
6.370779275894165,49168
6.374305725097656,49168
6.377824068069458,49168
6.381335496902466,49168
6.384851932525635,49168
6.388387441635132,49168
6.391920566558838,49168
6.395448923110962,49168
6.39898419380188,49168
6.40250301361084,49168
6.406038284301758,49168
6.409577131271362,49168
6.413107872009277,49168
6.416616201400757,49168
6.420161008834839,49168
6.4237165451049805,49168
6.427241086959839,49168
6.430752515792847,49168
6.434259414672852,49168
6.437790870666504,49168
6.441325426101685,49168
6.44485878944397,49168
6.448408365249634,49168
6.451931715011597,49168
6.4554243087768555,49168
6.458977937698364,49168
6.462522983551025,49168
6.466038703918457,49168
6.469566822052002,49168
6.473090410232544,49168
6.476609230041504,49168
6.480152130126953,49168
6.4837095737457275,49168
6.487246036529541,49168
6.490765571594238,49168
6.494285821914673,49168
6.497808456420898,49168
6.501328706741333,49168
6.5048582553863525,49168
6.508405685424805,49168
6.511939525604248,49168
6.515477180480957,49168
6.519009113311768,49168
6.522536516189575,49168
6.526053190231323,49168
6.529629707336426,49168
6.533148288726807,49168
6.536674499511719,49168
6.540210247039795,49168
6.543755054473877,49168
6.547274351119995,49168
6.550838232040405,49168
6.5543532371521,49168
6.557896137237549,49168
6.5614213943481445,49168
6.564942836761475,49168
6.56847071647644,49168
6.571998357772827,49168
6.575531005859375,49168
6.579070329666138,49168
6.582603454589844,49168
6.586142539978027,49168
6.589694499969482,49168
6.593195676803589,49168
6.596738338470459,49168
6.600287914276123,49168
6.603828430175781,49168
6.607352256774902,49168
6.610889196395874,49168
6.614398002624512,49168
6.617902994155884,49168
6.621425628662109,49168
6.624955177307129,49168
6.628504276275635,49168
6.632022380828857,49168
6.635552167892456,49168
6.639100790023804,49168
6.642636775970459,49168
6.646160364151001,49168
6.64969539642334,49168
6.653197526931763,49168
6.656747102737427,49168
6.660284042358398,49168
6.663821220397949,49168
6.667356967926025,49168
6.670878171920776,49168
6.6744160652160645,49168
6.67796516418457,49168
6.681485891342163,49168
6.685029745101929,49168
6.688578128814697,49168
6.692102670669556,49168
6.695640325546265,49168
6.699164628982544,49168
6.702686548233032,49168
6.706204652786255,49168
6.7097508907318115,49168
6.713256359100342,49168
6.716803789138794,49168
6.720334529876709,49168
6.723882675170898,49168
6.72741961479187,49168
6.730950117111206,49168
6.734458684921265,49168
6.737969398498535,49168
6.741517066955566,49168
6.745049476623535,49168
6.748589515686035,49168
6.752124309539795,49168
6.755664587020874,49168
6.7592058181762695,49168
6.762750864028931,49168
6.766261577606201,49168
6.7698211669921875,49168
6.773345708847046,49168
6.776850938796997,49168
6.7803874015808105,49168
6.7839272022247314,49168
6.787460565567017,49168
6.790999174118042,49168
6.794520378112793,49168
6.798058748245239,49168
6.801604270935059,49168
6.805147886276245,49168
6.808685064315796,49168
6.812198638916016,49168
6.815741539001465,49168
6.81925630569458,49168
6.822782754898071,49168
6.826307535171509,49168
6.829854726791382,49168
6.8333775997161865,49168
6.836896181106567,49168
6.840401887893677,49168
6.843915700912476,49168
6.847453832626343,49168
6.850965261459351,49168
6.854493141174316,49168
6.858012676239014,49168
6.861566543579102,49168
6.865086317062378,49168
6.868647336959839,49168
6.872174501419067,49168
6.875722169876099,49168
6.879270076751709,49168
6.8828089237213135,49168
6.886328458786011,49168
6.889879941940308,49168
6.893399715423584,49168
6.896925449371338,49168
6.900463819503784,49168
6.903988838195801,49168
6.907522201538086,49168
6.911067485809326,49168
6.914593458175659,49168
6.9181201457977295,49168
6.921665191650391,49168
6.925205230712891,49168
6.9287402629852295,49168
6.9322829246521,49168
6.935831546783447,49168
6.939368963241577,49168
6.942884206771851,49168
6.946411371231079,49168
6.949949741363525,49168
6.953461408615112,49168
6.956982135772705,49168
6.960508823394775,49168
6.964030981063843,49168
6.96759033203125,49168
6.971094131469727,49168
6.974624156951904,49168
6.978152275085449,49168
6.98170018196106,49168
6.9852166175842285,49168
6.988768577575684,49168
6.992288112640381,49168
6.995807647705078,49168
6.999324083328247,49168
7.002852916717529,49168
7.006389617919922,49168
7.009915590286255,49168
7.01343560218811,49168
7.0169594287872314,49168
7.02048921585083,49168
7.024018287658691,49168
7.02756929397583,49168
7.031121015548706,49168
7.034623146057129,49168
7.038158178329468,49168
7.041688919067383,49168
7.045214414596558,49168
7.04876446723938,49168
7.052300453186035,49168
7.055844783782959,49168
7.059417486190796,49168
7.062937498092651,49168
7.066454648971558,49168
7.069993734359741,49168
7.073531150817871,49168
7.077055215835571,49168
7.08061146736145,49168
7.084132432937622,49168
7.087650775909424,49168
7.091164827346802,49168
7.0946831703186035,49168
7.098195552825928,49168
7.101758241653442,49168
7.105296850204468,49168
7.108843564987183,49168
7.112375259399414,49168
7.115900039672852,49168
7.119447469711304,49168
7.12297797203064,49168
7.126511096954346,49168
7.13003396987915,49168
7.133577585220337,49168
7.137083292007446,49168
7.1406474113464355,49168
7.144178867340088,49168
7.147710800170898,49168
7.151220083236694,49168
7.154740810394287,49168
7.158279657363892,49168
7.161813974380493,49168
7.1653220653533936,49168
7.168864011764526,49168
7.172396659851074,49168
7.17592978477478,49168
7.179471969604492,49168
7.183007478713989,49168
7.18654203414917,49168
7.190081596374512,49168
7.1936423778533936,49168
7.1971800327301025,49168
7.200730085372925,49168
7.204237461090088,49168
7.207788705825806,49168
7.211315155029297,49168
7.214834213256836,49168
7.218376636505127,49168
7.221919298171997,49168
7.225444316864014,49168
7.229004383087158,49168
7.232538461685181,49168
7.236075162887573,49168
7.239599943161011,49168
7.243141412734985,49168
7.246662139892578,49168
7.250217437744141,49168
7.25377082824707,49168
7.257291555404663,49168
7.260841369628906,49168
7.264374017715454,49168
7.267898321151733,49168
7.271433591842651,49168
7.27496337890625,49168
7.278488636016846,49168
7.2819976806640625,49168
7.2855494022369385,49168
7.289081811904907,49168
7.292640686035156,49168
7.296173810958862,49168
7.299703598022461,49168
7.303231239318848,49168
7.306775093078613,49168
7.31030535697937,49168
7.313846826553345,49168
7.317377805709839,49168
7.32089376449585,49168
7.324417591094971,49168
7.327978610992432,49168
7.3315064907073975,49168
7.335043430328369,49168
7.338561534881592,49168
7.342092037200928,49168
7.345617771148682,49168
7.349139928817749,49168
7.352684736251831,49168
7.356219291687012,49168
7.359751462936401,49168
7.363291025161743,49168
7.366803169250488,49168
7.370352506637573,49168
7.3738837242126465,49168
7.377433776855469,49168
7.380947828292847,49168
7.384460926055908,49168
7.387991428375244,49168
7.391526222229004,49168
7.395059585571289,49168
7.398594617843628,49168
7.402117013931274,49168
7.405661106109619,49168
7.409193992614746,49168
7.412731885910034,49168
7.416248321533203,49168
7.419774055480957,49168
7.423295021057129,49168
7.426826477050781,49168
7.430361270904541,49168
7.433899879455566,49168
7.437410116195679,49168
7.440960645675659,49168
7.44448447227478,49168
7.448019504547119,49168
7.451575517654419,49168
7.45511794090271,49168
7.458648204803467,49168
7.462188243865967,49168
7.4657063484191895,49168
7.469249486923218,49168
7.4727983474731445,49168
7.4763147830963135,49168
7.479862213134766,49168
7.483386754989624,49168
7.486917018890381,49168
7.490447282791138,49168
7.494001626968384,49168
7.497552871704102,49168
7.501086473464966,49168
7.504622459411621,49168
7.508144855499268,49168
7.511666536331177,49168
7.51517915725708,49168
7.518718242645264,49168
7.5222413539886475,49168
7.525786638259888,49168
7.52932071685791,49168
7.532860517501831,49168
7.536397695541382,49168
7.539949893951416,49168
7.543472528457642,49168
7.546988010406494,49168
7.5505218505859375,49168
7.554047346115112,49168
7.557612419128418,49168
7.561166048049927,49168
7.564704895019531,49168
7.568253517150879,49168
7.571775913238525,49168
7.575307130813599,49168
7.5788586139678955,49168
7.5823774337768555,49168
7.585902214050293,49168
7.589446783065796,49168
7.592963457107544,49168
7.596497297286987,49168
7.600043058395386,49168
7.603590965270996,49168
7.607125282287598,49168
7.610682725906372,49168
7.614200830459595,49168
7.617766857147217,49168
7.6212849617004395,49168
7.6248228549957275,49168
7.628347873687744,49168
7.631877422332764,49168
7.635385751724243,49168
7.638929843902588,49168
7.642467260360718,49168
7.645993709564209,49168
7.649534702301025,49168
7.653051853179932,49168
7.656592607498169,49168
7.660158395767212,49168
7.663686513900757,49168
7.667222499847412,49168
7.6707634925842285,49168
7.674287796020508,49168
7.677829742431641,49168
7.681362628936768,49168
7.6848790645599365,49168
7.6883978843688965,49168
7.69190239906311,49168
7.695427179336548,49168
7.698972225189209,49168
7.702494859695435,49168
7.7060301303863525,49168
7.7095770835876465,49168
7.713104963302612,49168
7.716653823852539,49168
7.720187187194824,49168
7.723702907562256,49168
7.727205753326416,49168
7.730752944946289,49168
7.734266757965088,49168
7.737817049026489,49168
7.741345643997192,49168
7.744898319244385,49168
7.748423099517822,49168
7.7519755363464355,49168
7.755501747131348,49168
7.759023427963257,49168
7.762563943862915,49168
7.766087532043457,49168
7.769618988037109,49168
7.7731523513793945,49168
7.776668548583984,49168
7.78020453453064,49168
7.7837233543396,49168
7.7872278690338135,49168
7.790774822235107,49168
7.794294595718384,49168
7.797835111618042,49168
7.801384925842285,49168
7.804922819137573,49168
7.808458089828491,49168
7.811986684799194,49168
7.815518379211426,49168
7.819054126739502,49168
7.822597026824951,49168
7.82612156867981,49168
7.829676628112793,49168
7.833212614059448,49168
7.83675479888916,49168
7.840299367904663,49168
7.843823671340942,49168
7.847362279891968,49168
7.850870609283447,49168
7.8543946743011475,49168
7.857938766479492,49168
7.861474514007568,49168
7.864985704421997,49168
7.868524551391602,49168
7.872056722640991,49168
7.8755943775177,49168
7.8791279792785645,49168
7.8826704025268555,49168
7.886211156845093,49168
7.889737606048584,49168
7.8932623863220215,49168
7.896780014038086,49168
7.900306224822998,49168
7.903832674026489,49168
7.907343149185181,49168
7.910906076431274,49168
7.9144415855407715,49168
7.917990207672119,49168
7.921555757522583,49168
7.925098419189453,49168
7.928634405136108,49168
7.932143211364746,49168
7.935648202896118,49168
7.9391889572143555,49168
7.94273829460144,49168
7.946276903152466,49168
7.949820280075073,49168
7.953347206115723,49168
7.956855773925781,49168
7.960405111312866,49168
7.963954210281372,49168
7.967473745346069,49168
7.9710071086883545,49168
7.974515676498413,49168
7.978050470352173,49168
7.981595993041992,49168
7.985141038894653,49168
7.9886815547943115,49168
7.992235422134399,49168
7.995763301849365,49168
7.999277830123901,49168
8.002814531326294,49168
8.006337642669678,49168
8.009860277175903,49168
8.013385534286499,49168
8.016910791397095,49168
8.020451784133911,49168
8.02398681640625,49168
8.027538061141968,49168
8.031057596206665,49168
8.03462529182434,49168
8.038150787353516,49168
8.041701793670654,49168
8.04522967338562,49168
8.048776865005493,49168
8.052325010299683,49168
8.055847406387329,49168
8.059379577636719,49168
8.0629141330719,49168
8.066445112228394,49168
8.069998979568481,49168
8.07353663444519,49168
8.077086448669434,49168
8.080658435821533,49168
8.084200859069824,49168
8.087737083435059,49168
8.091269731521606,49168
8.094802141189575,49168
8.098313331604004,49168
8.10185694694519,49168
8.105374574661255,49168
8.108916997909546,49168
8.112444877624512,49168
8.115969181060791,49168
8.11951470375061,49168
8.12302565574646,49168
8.12656044960022,49168
8.130078315734863,49168
8.133615732192993,49168
8.137150526046753,49168
8.14073657989502,49168
8.14425802230835,49168
8.147791862487793,49168
8.151306867599487,49168
8.15484070777893,49168
8.158371210098267,49168
8.1619234085083,49168
8.165456771850586,49168
8.168987274169922,49168
8.17250943183899,49168
8.176017999649048,49168
8.17954969406128,49168
8.183070182800293,49168
8.186607599258423,49168
8.19014835357666,49168
8.193699598312378,49168
8.197252750396729,49168
8.200793504714966,49168
8.204308271408081,49168
8.207843780517578,49168
8.211374759674072,49168
8.21489953994751,49168
8.218449354171753,49168
8.22197151184082,49168
8.225511312484741,49168
8.229041576385498,49168
8.232577800750732,49168
8.236103534698486,49168
8.23964786529541,49168
8.243187189102173,49168
8.246706485748291,49168
8.25023341178894,49168
8.253775835037231,49168
8.25729489326477,49168
8.260838508605957,49168
8.264347791671753,49168
8.267892599105835,49168
8.271437406539917,49168
8.274960994720459,49168
8.278521299362183,49168
8.282034635543823,49168
8.285560369491577,49168
8.289103031158447,49168
8.292637825012207,49168
8.296179294586182,49168
8.299705028533936,49168
8.303238868713379,49168
8.306776523590088,49168
8.310335874557495,49168
8.31387734413147,49168
8.317407369613647,49168
8.320952415466309,49168
8.324474334716797,49168
8.328002452850342,49168
8.331533432006836,49168
8.33504343032837,49168
8.33858323097229,49168
8.34212064743042,49168
8.345669269561768,49168
8.349209547042847,49168
8.35273289680481,49168
8.356259107589722,49168
8.35981798171997,49168
8.363329648971558,49168
8.366866111755371,49168
8.370375633239746,49168
8.373908281326294,49168
8.377445697784424,49168
8.380977869033813,49168
8.384519100189209,49168
8.388072967529297,49168
8.39158844947815,49168
8.395118474960327,49168
8.398645162582397,49168
8.402166604995728,49168
8.405694723129272,49168
8.409227132797241,49168
8.412750959396362,49168
8.416271448135376,49168
8.419819593429565,49168
8.42335033416748,49168
8.426885604858398,49168
8.430424690246582,49168
8.433963298797607,49168
8.439148426055908,49168
8.445068836212158,49168
8.451032400131226,49168
8.457269668579102,49168
8.463420391082764,49168
8.469667434692383,49168
8.47587537765503,49168
8.482088565826416,49168
8.488382577896118,49168
8.494578838348389,49168
8.50113582611084,49168
8.507412195205688,49168
8.51372218132019,49168
8.520111083984375,49168
8.526504516601562,49168
8.532954454421997,49168
8.539456605911255,49168
8.545989751815796,49168
8.552534103393555,49168
8.559114694595337,49168
8.56575608253479,49168
8.572415828704834,49168
8.579116344451904,49168
8.585861682891846,49168
8.59266209602356,49168
8.599493503570557,49168
8.606244802474976,49168
8.613010168075562,49168
8.619800329208374,49168
8.626492500305176,49168
8.633183479309082,49168
8.639857292175293,49168
8.646494626998901,49168
8.653090476989746,49168
8.659669876098633,49168
8.666184186935425,49168
8.672704219818115,49168
8.679172277450562,49168
8.685638904571533,49168
8.692064046859741,49168
8.698513984680176,49168
8.704894781112671,49168
8.711252450942993,49168
8.71759033203125,49168
8.723897695541382,49168
8.730192422866821,49168
8.736475706100464,49168
8.74276852607727,49168
8.749046325683594,49168
8.755307912826538,49168
8.761594772338867,49168
8.767878293991089,49168
8.774119853973389,49168
8.78038215637207,49168
8.786630630493164,49168
8.792888641357422,49168
8.799157857894897,49168
8.805431127548218,49168
8.811684846878052,49168
8.817947149276733,49168
8.824195146560669,49168
8.83040165901184,49168
8.836620807647705,49168
8.842864990234375,49168
8.849141836166382,49168
8.855390071868896,49168
8.86164665222168,49168
8.867935180664062,49168
8.874168395996094,49168
8.880415678024292,49168
8.886662721633911,49168
8.89291501045227,49168
8.899158000946045,49168
8.905381202697754,49168
8.911657571792603,49168
8.917906045913696,49168
8.924145698547363,49168
8.930391073226929,49168
8.936635494232178,49168
8.942864179611206,49168
8.949104070663452,49168
8.955331802368164,49168
8.961587190628052,49168
8.967821836471558,49168
8.974056005477905,49168
8.980298280715942,49168
8.98653244972229,49168
8.992796421051025,49168
8.999043941497803,49168
9.005291223526001,49168
9.011556148529053,49168
9.017807722091675,49168
9.02405333518982,49168
9.030312299728394,49168
9.03651475906372,49168
9.042739629745483,49168
9.049000024795532,49168
9.055204391479492,49168
9.061461925506592,49168
9.067700624465942,49168
9.073951721191406,49168
9.080197095870972,49168
9.086447477340698,49168
9.092673540115356,49168
9.098917007446289,49168
9.105131149291992,49168
9.111370325088501,49168
9.117614030838013,49168
9.123861312866211,49168
9.130088567733765,49168
9.136302709579468,49168
9.142538070678711,49168
9.148800134658813,49168
9.155046701431274,49168
9.16130518913269,49168
9.167555570602417,49168
9.17383623123169,49168
9.18009066581726,49168
9.186331033706665,49168
9.192594051361084,49168
9.198887586593628,49168
9.205127239227295,49168
9.211427450180054,49168
9.217664957046509,49168
9.223918199539185,49168
9.230154275894165,49168
9.236405849456787,49168
9.242628812789917,49168
9.248865604400635,49168
9.255066156387329,49168
9.26131296157837,49168
9.267540454864502,49168
9.273800134658813,49168
9.279994249343872,49168
9.286218643188477,49168
9.292478561401367,49168
9.298732280731201,49168
9.304941415786743,49168
9.311212539672852,49168
9.317464590072632,49168
9.323713064193726,49168
9.329971551895142,49168
9.336241722106934,49168
9.342483282089233,49168
9.348734855651855,49168
9.354980230331421,49168
9.361269235610962,49168
9.367518901824951,49168
9.373776197433472,49168
9.380058526992798,49168
9.386306524276733,49168
9.39254903793335,49168
9.398808479309082,49168
9.405057191848755,49168
9.411313533782959,49168
9.417563199996948,49168
9.423795461654663,49168
9.430035591125488,49168
9.436272859573364,49168
9.44251275062561,49168
9.448750972747803,49168
9.454992771148682,49168
9.461233377456665,49168
9.467466115951538,49168
9.473698854446411,49168
9.479936838150024,49168
9.486185550689697,49168
9.49242615699768,49168
9.498689889907837,49168
9.504915237426758,49168
9.51115870475769,49168
9.517394542694092,49168
9.523645877838135,49168
9.529884815216064,49168
9.536125898361206,49168
9.542374849319458,49168
9.548601388931274,49168
9.554826974868774,49168
9.561069965362549,49168
9.567322254180908,49168
9.57358455657959,49168
9.579827547073364,49168
9.58611273765564,49168
9.592369556427002,49168
9.598636627197266,49168
9.604869842529297,49168
9.611133575439453,49168
9.617383003234863,49168
9.623637676239014,49168
9.6298987865448,49168
9.636160135269165,49168
9.642404317855835,49168
9.648686647415161,49168
9.654912948608398,49168
9.661197185516357,49168
9.667455673217773,49168
9.673697471618652,49168
9.679955959320068,49168
9.68620753288269,49168
9.692487716674805,49168
9.698754787445068,49168
9.70499062538147,49168
9.711262702941895,49168
9.717512607574463,49168
9.723765850067139,49168
9.730029582977295,49168
9.736284732818604,49168
9.742538452148438,49168
9.748808145523071,49168
9.755060195922852,49168
9.761330127716064,49168
9.767593622207642,49168
9.77383279800415,49168
9.780085563659668,49168
9.786343097686768,49168
9.792598247528076,49168
9.798847913742065,49168
9.805086851119995,49168
9.81133484840393,49168
9.817628145217896,49168
9.823868751525879,49168
9.830124616622925,49168
9.83635950088501,49168
9.842620134353638,49168
9.848880052566528,49168
9.855131387710571,49168
9.861395120620728,49168
9.867680072784424,49168
9.8739173412323,49168
9.880160331726074,49168
9.886417627334595,49168
9.892684698104858,49168
9.898945093154907,49168
9.90520167350769,49168
9.911463975906372,49168
9.917724609375,49168
9.924002170562744,49168
9.930250644683838,49168
9.936509370803833,49168
9.942736864089966,49168
9.949023723602295,49168
9.955296993255615,49168
9.961602687835693,49168
9.967859029769897,49168
9.974127054214478,49168
9.980407476425171,49168
9.986660480499268,49168
9.99288821220398,49168
9.999152421951294,49168
10.005404710769653,49168
10.011621475219727,49168
10.017842769622803,49168
10.024094343185425,49168
10.030344247817993,49168
10.03661036491394,49168
10.042884349822998,49168
10.049149513244629,49168
10.055410623550415,49168
10.061645269393921,49168
10.067914485931396,49168
10.074182748794556,49168
10.080448865890503,49168
10.086696147918701,49168
10.092924118041992,49168
10.099179744720459,49168
10.105448961257935,49168
10.11170244216919,49168
10.11797046661377,49168
10.12421202659607,49168
10.130481481552124,49168
10.13675570487976,49168
10.142986536026001,49168
10.149271249771118,49168
10.15550446510315,49168
10.161764144897461,49168
10.168056011199951,49168
10.174320697784424,49168
10.180588722229004,49168
10.186836004257202,49168
10.193090200424194,49168
10.199350118637085,49168
10.205591201782227,49168
10.211838006973267,49168
10.218072891235352,49168
10.224328756332397,49168
10.23059344291687,49168
10.236842393875122,49168
10.243120908737183,49168
10.249394416809082,49168
10.255648851394653,49168
10.261904954910278,49168
10.268154382705688,49168
10.274415731430054,49168
10.280691862106323,49168
10.286944150924683,49168
10.293185710906982,49168
10.299459218978882,49168
10.305717468261719,49168
10.31199860572815,49168
10.31824541091919,49168
10.324510097503662,49168
10.33077883720398,49168
10.337024927139282,49168
10.343295097351074,49168
10.34955883026123,49168
10.355781078338623,49168
10.362042427062988,49168
10.368302583694458,49168
10.374584436416626,49168
10.380841255187988,49168
10.387108564376831,49168
10.393359184265137,49168
10.399627208709717,49168
10.405887126922607,49168
10.412182569503784,49168
10.418461561203003,49168
10.4247407913208,49168
10.430992126464844,49168
10.437243461608887,49168
10.443485260009766,49168
10.449768543243408,49168
10.455974340438843,49168
10.46220588684082,49168
10.468441009521484,49168
10.47470498085022,49168
10.480921030044556,49168
10.487175941467285,49168
10.493413925170898,49168
10.499664068222046,49168
10.505889654159546,49168
10.512133359909058,49168
10.518404006958008,49168
10.524636030197144,49168
10.530883312225342,49168
10.537114381790161,49168
10.543368101119995,49168
10.549649477005005,49168
10.555913925170898,49168
10.562184572219849,49168
10.568423748016357,49168
10.574653387069702,49168
10.580901861190796,49168
10.587161302566528,49168
10.593425035476685,49168
10.599701642990112,49168
10.605966567993164,49168
10.612221240997314,49168
10.618484258651733,49168
10.624754667282104,49168
10.630983591079712,49168
10.637239217758179,49168
10.643509864807129,49168
10.6497802734375,49168
10.656017780303955,49168
10.662297248840332,49168
10.668569564819336,49168
10.674852848052979,49168
10.681084156036377,49168
10.687328338623047,49168
10.693607091903687,49168
10.699862241744995,49168
10.706106662750244,49168
10.712396383285522,49168
10.718667268753052,49168
10.724885702133179,49168
10.731160402297974,49168
10.737436532974243,49168
10.743698358535767,49168
10.749979019165039,49168
10.756239414215088,49168
10.76252555847168,49168
10.768784284591675,49168
10.775051593780518,49168
10.781309604644775,49168
10.787548303604126,49168
10.793798446655273,49168
10.800074577331543,49168
10.806312561035156,49168
10.812605619430542,49168
10.818834066390991,49168
10.825112104415894,49168
10.831376791000366,49168
10.837627172470093,49168
10.843863487243652,49168
10.8501615524292,49168
10.85638976097107,49168
10.862645149230957,49168
10.868896245956421,49168
10.875115156173706,49168
10.881397247314453,49168
10.8876633644104,49168
10.89388108253479,49168
10.900113582611084,49168
10.906330108642578,49168
10.912546396255493,49168
10.918762683868408,49168
10.92499041557312,49168
10.931221723556519,49168
10.937487363815308,49168
10.94373083114624,49168
10.949994564056396,49168
10.956229209899902,49168
10.962470531463623,49168
10.968702554702759,49168
10.974958896636963,49168
10.9812171459198,49168
10.987472534179688,49168
10.99370551109314,49168
10.999972581863403,49168
11.006215810775757,49168
11.012435913085938,49168
11.018694877624512,49168
11.02492642402649,49168
11.031173944473267,49168
11.037452697753906,49168
11.04370403289795,49168
11.049963474273682,49168
11.05622148513794,49168
11.062488555908203,49168
11.068761348724365,49168
11.074998617172241,49168
11.081255435943604,49168
11.08752179145813,49168
11.093739986419678,49168
11.099997997283936,49168
11.106256008148193,49168
11.112522840499878,49168
11.11879277229309,49168
11.12503695487976,49168
11.131311655044556,49168
11.137586116790771,49168
11.14382290840149,49168
11.15010404586792,49168
11.156330585479736,49168
11.162606954574585,49168
11.168859958648682,49168
11.175110340118408,49168
11.18134093284607,49168
11.187626600265503,49168
11.193865537643433,49168
11.200123310089111,49168
11.206336736679077,49168
11.21258544921875,49168
11.218829154968262,49168
11.225074291229248,49168
11.231311798095703,49168
11.237542390823364,49168
11.24376106262207,49168
11.250005006790161,49168
11.256235599517822,49168
11.262472152709961,49168
11.268731594085693,49168
11.274960994720459,49168
11.281220197677612,49168
11.28746509552002,49168
11.293694734573364,49168
11.299957513809204,49168
11.306158781051636,49168
11.312422752380371,49168
11.318690776824951,49168
11.32492971420288,49168
11.331137895584106,49168
11.337398052215576,49168
11.343636274337769,49168
11.349874496459961,49168
11.356128692626953,49168
11.36237645149231,49168
11.368638277053833,49168
11.374847888946533,49168
11.38109016418457,49168
11.38729977607727,49168
11.393532037734985,49168
11.399749040603638,49168
11.405967950820923,49168
11.412210702896118,49168
11.418444633483887,49168
11.424667835235596,49168
11.430898427963257,49168
11.437111854553223,49168
11.443330526351929,49168
11.44957947731018,49168
11.455770015716553,49168
11.462015867233276,49168
11.468286514282227,49168
11.47452712059021,49168
11.480761528015137,49168
11.486951351165771,49168
11.493207454681396,49168
11.499449968338013,49168
11.505685091018677,49168
11.511943817138672,49168
11.518182039260864,49168
11.52442979812622,49168
11.530680894851685,49168
11.536913871765137,49168
11.543178796768188,49168
11.54941725730896,49168
11.555653095245361,49168
11.561891794204712,49168
11.568154335021973,49168
11.574388980865479,49168
11.580625295639038,49168
11.58682107925415,49168
11.593065023422241,49168
11.59927248954773,49168
11.605515241622925,49168
11.611777067184448,49168
11.618021011352539,49168
11.62425684928894,49168
11.630481243133545,49168
11.636707544326782,49168
11.642905473709106,49168
11.64913558959961,49168
11.655357360839844,49168
11.661601543426514,49168
11.66781997680664,49168
11.67403244972229,49168
11.680257797241211,49168
11.686482429504395,49168
11.69266963005066,49168
11.698893547058105,49168
11.70512318611145,49168
11.711392641067505,49168
11.717597246170044,49168
11.72380781173706,49168
11.730050086975098,49168
11.736263036727905,49168
11.742500066757202,49168
11.74873161315918,49168
11.754930019378662,49168
11.761168479919434,49168
11.76739501953125,49168
11.773619651794434,49168
11.779825448989868,49168
11.786077499389648,49168
11.792314052581787,49168
11.798590898513794,49168
11.804800987243652,49168
11.811044692993164,49168
11.817273139953613,49168
11.823539972305298,49168
11.82979416847229,49168
11.836029529571533,49168
11.84227466583252,49168
11.848517417907715,49168
11.8547523021698,49168
11.860975742340088,49168
11.867212533950806,49168
11.873485803604126,49168
11.879682540893555,49168
11.88592267036438,49168
11.892162799835205,49168
11.898411750793457,49168
11.904582738876343,49168
11.910819053649902,49168
11.917067050933838,49168
11.923336029052734,49168
11.92957592010498,49168
11.935827016830444,49168
11.942067384719849,49168
11.948340654373169,49168
11.95458984375,49168
11.96080470085144,49168
11.967031240463257,49168
11.97327733039856,49168
11.979499578475952,49168
11.985724449157715,49168
11.991946935653687,49168
11.998178720474243,49168
12.004381895065308,49168
12.010615348815918,49168
12.016838073730469,49168
12.023072004318237,49168
12.029316186904907,49168
12.035560369491577,49168
12.04178786277771,49168
12.048027753829956,49168
12.054250717163086,49168
12.060499906539917,49168
12.06671929359436,49168
12.072935581207275,49168
12.07917308807373,49168
12.08540964126587,49168
12.091661930084229,49168
12.09791374206543,49168
12.10413932800293,49168
12.110376596450806,49168
12.116615533828735,49168
12.122867584228516,49168
12.129101037979126,49168
12.13535213470459,49168
12.141607284545898,49168
12.14784836769104,49168
12.154051780700684,49168
12.160314321517944,49168
12.166542530059814,49168
12.172810316085815,49168
12.179039239883423,49168
12.18527102470398,49168
12.191540002822876,49168
12.197791337966919,49168
12.203994989395142,49168
12.210237503051758,49168
12.216486692428589,49168
12.22273302078247,49168
12.228955030441284,49168
12.23522162437439,49168
12.241495370864868,49168
12.247786283493042,49168
12.254032611846924,49168
12.26030683517456,49168
12.266547679901123,49168
12.272820711135864,49168
12.279079914093018,49168
12.285351276397705,49168
12.291598081588745,49168
12.297854900360107,49168
12.304056644439697,49168
12.310279846191406,49168
12.31650686264038,49168
12.322755575180054,49168
12.328951120376587,49168
12.335211992263794,49168
12.341464519500732,49168
12.347728967666626,49168
12.353932857513428,49168
12.360195636749268,49168
12.366387128829956,49168
12.372636556625366,49168
12.378822088241577,49168
12.385006666183472,49168
12.391214847564697,49168
12.397454977035522,49168
12.403682708740234,49168
12.409915685653687,49168
12.416131973266602,49168
12.422370910644531,49168
12.428580284118652,49168
12.434813261032104,49168
12.441044569015503,49168
12.447270393371582,49168
12.453497171401978,49168
12.459764003753662,49168
12.465998888015747,49168
12.472258806228638,49168
12.478468179702759,49168
12.484644651412964,49168
12.490891695022583,49168
12.497011184692383,49168
12.50294280052185,49168
12.50891375541687,49168
12.51517939567566,49168
12.521352529525757,49168
12.527605772018433,49168
12.533844470977783,49168
12.540092468261719,49168
12.545910358428955,49168
12.551838874816895,49168
12.558135032653809,49168
12.564417123794556,49168
12.570678234100342,49168
12.576943397521973,49168
12.583104848861694,49168
12.589345216751099,49168
12.595537185668945,49168
12.60175108909607,49168
12.608031749725342,49168
12.613937377929688,49168
12.619872093200684,49168
12.626179695129395,49168
12.632397174835205,49168
12.638645648956299,49168
12.644922256469727,49168
12.651116132736206,49168
12.657345533370972,49168
12.663565158843994,49168
12.669769763946533,49168
12.675704002380371,49168
12.681653261184692,49168
12.687819004058838,49168
12.694118022918701,49168
12.700283288955688,49168
12.706529140472412,49168
12.712768316268921,49168
12.718945503234863,49168
12.725188732147217,49168
12.731410264968872,49168
12.737645864486694,49168
12.743890047073364,49168
12.750020027160645,49168
12.755918741226196,49168
12.761977195739746,49168
12.768402814865112,49168
12.774586915969849,49168
12.78082013130188,49168
12.787006855010986,49168
12.793280601501465,49168
12.799471616744995,49168
12.805681705474854,49168
12.811948776245117,49168
12.818065643310547,49168
12.823966979980469,49168
12.830009460449219,49168
12.836451530456543,49168
12.842641115188599,49168
12.848935842514038,49168
12.855127334594727,49168
12.861368179321289,49168
12.867589950561523,49168
12.873814344406128,49168
12.880113124847412,49168
12.886030197143555,49168
12.891955137252808,49168
12.898269653320312,49168
12.904542684555054,49168
12.91075849533081,49168
12.915872812271118,49168
12.919427394866943,49168
12.922987222671509,49168
12.92650842666626,49168
12.930046796798706,49168
12.93355107307434,49168
12.937076807022095,49168
12.940630912780762,49168
12.944160223007202,49168
12.947686910629272,49168
12.951212644577026,49168
12.954748392105103,49168
12.958295106887817,49168
12.961809873580933,49168
12.965309143066406,49168
12.96885633468628,49168
12.972415208816528,49168
12.975961446762085,49168
12.979517698287964,49168
12.983025074005127,49168
12.986574649810791,49168
12.990111112594604,49168
12.993656158447266,49168
12.997183799743652,49168
13.000733852386475,49168
13.004278421401978,49168
13.007822513580322,49168
13.0113365650177,49168
13.014868974685669,49168
13.018385887145996,49168
13.021919012069702,49168
13.02543330192566,49168
13.028971195220947,49168
13.032466411590576,49168
13.03598666191101,49168
13.03951621055603,49168
13.043039798736572,49168
13.046557426452637,49168
13.050105571746826,49168
13.053626537322998,49168
13.0571448802948,49168
13.060702800750732,49168
13.064229488372803,49168
13.067777872085571,49168
13.071298360824585,49168
13.074788093566895,49168
13.078327178955078,49168
13.081851243972778,49168
13.085384845733643,49168
13.088926076889038,49168
13.0924391746521,49168
13.095954179763794,49168
13.099511861801147,49168
13.10303807258606,49168
13.106569766998291,49168
13.110105276107788,49168
13.113639831542969,49168
13.117172002792358,49168
13.120731115341187,49168
13.124272346496582,49168
13.127818822860718,49168
13.131341457366943,49168
13.13489317893982,49168
13.138421773910522,49168
13.141961574554443,49168
13.1455078125,49168
13.149083614349365,49168
13.152587175369263,49168
13.156128406524658,49168
13.159687995910645,49168
13.163219213485718,49168
13.16675066947937,49168
13.170286655426025,49168
13.173813104629517,49168
13.177331447601318,49168
13.180883884429932,49168
13.184406757354736,49168
13.18792462348938,49168
13.191464185714722,49168
13.194976091384888,49168
13.198514699935913,49168
13.20203423500061,49168
13.205564022064209,49168
13.20912504196167,49168
13.212671756744385,49168
13.21621036529541,49168
13.219746112823486,49168
13.223247766494751,49168
13.226762056350708,49168
13.230276823043823,49168
13.233819246292114,49168
13.237345218658447,49168
13.240886926651001,49168
13.244400262832642,49168
13.247921705245972,49168
13.251440525054932,49168
13.254987478256226,49168
13.258537292480469,49168
13.26206636428833,49168
13.265604734420776,49168
13.269121408462524,49168
13.272648811340332,49168
13.276173830032349,49168
13.279717922210693,49168
13.283268928527832,49168
13.286785364151001,49168
13.290314197540283,49168
13.293834924697876,49168
13.29735279083252,49168
13.300906419754028,49168
13.304425477981567,49168
13.3079252243042,49168
13.311466932296753,49168
13.314982652664185,49168
13.318545818328857,49168
13.32207989692688,49168
13.32560110092163,49168
13.329130172729492,49168
13.332678318023682,49168
13.336212873458862,49168
13.339770317077637,49168
13.343289613723755,49168
13.346824407577515,49168
13.350376844406128,49168
13.353890657424927,49168
13.357438087463379,49168
13.361003637313843,49168
13.364533424377441,49168
13.368080139160156,49168
13.3715980052948,49168
13.375106573104858,49168
13.37864899635315,49168
13.382181882858276,49168
13.385716676712036,49168
13.389230251312256,49168
13.392771005630493,49168
13.396316766738892,49168
13.399876356124878,49168
13.403422117233276,49168
13.40695333480835,49168
13.410504341125488,49168
13.414014339447021,49168
13.417555093765259,49168
13.421090364456177,49168
13.424607038497925,49168
13.428135395050049,49168
13.431675910949707,49168
13.435185670852661,49168
13.438713073730469,49168
13.44223666191101,49168
13.445757627487183,49168
13.449289798736572,49168
13.452830791473389,49168
13.456326007843018,49168
13.459869861602783,49168
13.463381052017212,49168
13.466907262802124,49168
13.47045612335205,49168
13.473955631256104,49168
13.477509021759033,49168
13.481029748916626,49168
13.484546661376953,49168
13.488061428070068,49168
13.49159574508667,49168
13.495128870010376,49168
13.498669862747192,49168
13.502182722091675,49168
13.505717754364014,49168
13.50926947593689,49168
13.51280951499939,49168
13.516340017318726,49168
13.519868850708008,49168
13.523378372192383,49168
13.526901960372925,49168
13.530436277389526,49168
13.533950328826904,49168
13.53748083114624,49168
13.540993213653564,49168
13.544501066207886,49168
13.54802656173706,49168
13.551552295684814,49168
13.555068254470825,49168
13.558621406555176,49168
13.562158584594727,49168
13.565704584121704,49168
13.569234371185303,49168
13.572763442993164,49168
13.576260328292847,49168
13.579800844192505,49168
13.583314895629883,49168
13.586847066879272,49168
13.590404510498047,49168
13.593956232070923,49168
13.597500562667847,49168
13.601009130477905,49168
13.604567050933838,49168
13.608099460601807,49168
13.611628770828247,49168
13.61513614654541,49168
13.618683338165283,49168
13.622205018997192,49168
13.625722169876099,49168
13.629262208938599,49168
13.63279914855957,49168
13.636310577392578,49168
13.639846086502075,49168
13.643383741378784,49168
13.646919012069702,49168
13.650431871414185,49168
13.653923511505127,49168
13.657473802566528,49168
13.660990953445435,49168
13.664525508880615,49168
13.668061256408691,49168
13.671590089797974,49168
13.67512583732605,49168
13.678662300109863,49168
13.682181358337402,49168
13.685724020004272,49168
13.689237594604492,49168
13.692764043807983,49168
13.69627046585083,49168
13.699829578399658,49168
13.703339576721191,49168
13.7068452835083,49168
13.710369348526001,49168
13.71392011642456,49168
13.717469930648804,49168
13.721002578735352,49168
13.724533796310425,49168
13.72808575630188,49168
13.731595754623413,49168
13.735116720199585,49168
13.738657712936401,49168
13.742196321487427,49168
13.745742321014404,49168
13.749271631240845,49168
13.752826929092407,49168
13.756346225738525,49168
13.759892225265503,49168
13.763412237167358,49168
13.766952753067017,49168
13.770472526550293,49168
13.774020671844482,49168
13.77756929397583,49168
13.781083345413208,49168
13.7846097946167,49168
13.788142442703247,49168
13.79167890548706,49168
13.79519271850586,49168
13.798744440078735,49168
13.80225658416748,49168
13.805779695510864,49168
13.809297561645508,49168
13.81283164024353,49168
13.816340923309326,49168
13.819886922836304,49168
13.823408365249634,49168
13.826939105987549,49168
13.830467939376831,49168
13.834006786346436,49168
13.837527751922607,49168
13.841048002243042,49168
13.844566583633423,49168
13.848093748092651,49168
13.851630210876465,49168
13.855163812637329,49168
13.858674049377441,49168
13.862189769744873,49168
13.865734815597534,49168
13.869276762008667,49168
13.872790575027466,49168
13.8763267993927,49168
13.879868268966675,49168
13.883411169052124,49168
13.886951684951782,49168
13.890495777130127,49168
13.894030094146729,49168
13.89758038520813,49168
13.901106119155884,49168
13.90463924407959,49168
13.908174514770508,49168
13.911705732345581,49168
13.915217638015747,49168
13.918754816055298,49168
13.922283172607422,49168
13.925793170928955,49168
13.92931056022644,49168
13.932847023010254,49168
13.936344385147095,49168
13.939883947372437,49168
13.943404912948608,49168
13.94690489768982,49168
13.950473546981812,49168
13.95400357246399,49168
13.957529544830322,49168
13.961060762405396,49168
13.96457314491272,49168
13.968093395233154,49168
13.971601963043213,49168
13.97511076927185,49168
13.978636264801025,49168
13.98218846321106,49168
13.985725402832031,49168
13.989248514175415,49168
13.992792844772339,49168
13.996329307556152,49168
13.999862909317017,49168
14.003382444381714,49168
14.006921529769897,49168
14.010451316833496,49168
14.01395845413208,49168
14.017508029937744,49168
14.02101469039917,49168
14.024542808532715,49168
14.028069734573364,49168
14.031596899032593,49168
14.035133838653564,49168
14.038678407669067,49168
14.042196273803711,49168
14.045748233795166,49168
14.049288272857666,49168
14.05280089378357,49168
14.05632758140564,49168
14.059841632843018,49168
14.063341617584229,49168
14.066879749298096,49168
14.070424795150757,49168
14.073961734771729,49168
14.077489852905273,49168
14.081016540527344,49168
14.08455514907837,49168
14.08810544013977,49168
14.091652154922485,49168
14.09518814086914,49168
14.098717451095581,49168
14.102225542068481,49168
14.105750799179077,49168
14.109281063079834,49168
14.112823963165283,49168
14.116350173950195,49168
14.119888305664062,49168
14.123418092727661,49168
14.126941919326782,49168
14.130488157272339,49168
14.134007692337036,49168
14.137551546096802,49168
14.141065835952759,49168
14.144587278366089,49168
14.148115873336792,49168
14.151642084121704,49168
14.155166149139404,49168
14.158710479736328,49168
14.162209033966064,49168
14.165733337402344,49168
14.169265508651733,49168
14.172805070877075,49168
14.176337480545044,49168
14.179884433746338,49168
14.183395147323608,49168
14.186934232711792,49168
14.190485954284668,49168
14.194023132324219,49168
14.19756293296814,49168
14.201102495193481,49168
14.204653024673462,49168
14.208189010620117,49168
14.211705923080444,49168
14.215219497680664,49168
14.218761205673218,49168
14.22226619720459,49168
14.225788831710815,49168
14.229295253753662,49168
14.232836246490479,49168
14.236369132995605,49168
14.239896297454834,49168
14.243424654006958,49168
14.246964454650879,49168
14.250504970550537,49168
14.254034519195557,49168
14.25758147239685,49168
14.26110553741455,49168
14.264603614807129,49168
14.268108367919922,49168
14.271650552749634,49168
14.275192022323608,49168
14.278741836547852,49168
14.2822585105896,49168
14.285764932632446,49168
14.289301633834839,49168
14.29284381866455,49168
14.296356678009033,49168
14.299889326095581,49168
14.303428649902344,49168
14.306939840316772,49168
14.310480833053589,49168
14.314016819000244,49168
14.31753921508789,49168
14.321056604385376,49168
14.324606895446777,49168
14.328142881393433,49168
14.331661939620972,49168
14.335181951522827,49168
14.338735818862915,49168
14.34225606918335,49168
14.34577465057373,49168
14.349288702011108,49168
14.352818489074707,49168
14.356348514556885,49168
14.359893321990967,49168
14.363416910171509,49168
14.366952896118164,49168
14.37047791481018,49168
14.3739652633667,49168
14.377516031265259,49168
14.381032705307007,49168
14.384560585021973,49168
14.38807225227356,49168
14.391582012176514,49168
14.395099401473999,49168
14.398646593093872,49168
14.402162075042725,49168
14.405681133270264,49168
14.409215927124023,49168
14.412736177444458,49168
14.416250467300415,49168
14.419809341430664,49168
14.423333644866943,49168
14.426880836486816,49168
14.430412530899048,49168
14.433930158615112,49168
14.437435626983643,49168
14.440959930419922,49168
14.444475173950195,49168
14.44802451133728,49168
14.451548099517822,49168
14.45508337020874,49168
14.45862340927124,49168
14.462141752243042,49168
14.465693473815918,49168
14.469215869903564,49168
14.472718954086304,49168
14.476228713989258,49168
14.479766607284546,49168
14.483283519744873,49168
14.486795425415039,49168
14.490305662155151,49168
14.493835687637329,49168
14.497353792190552,49168
14.500901937484741,49168
14.504399538040161,49168
14.507925987243652,49168
14.511444807052612,49168
14.51496434211731,49168
14.518477439880371,49168
14.521979093551636,49168
14.525510311126709,49168
14.529040336608887,49168
14.53255581855774,49168
14.536078691482544,49168
14.5396249294281,49168
14.543156862258911,49168
14.54668140411377,49168
14.550200939178467,49168
14.553753137588501,49168
14.557264804840088,49168
14.560800552368164,49168
14.56431245803833,49168
14.567848682403564,49168
14.571375370025635,49168
14.574915170669556,49168
14.578436851501465,49168
14.58197569847107,49168
14.585508346557617,49168
14.58903455734253,49168
14.592559099197388,49168
14.596070766448975,49168
14.59960150718689,49168
14.603138208389282,49168
14.606657981872559,49168
14.610205888748169,49168
14.61372184753418,49168
14.617259740829468,49168
14.620804071426392,49168
14.62431001663208,49168
14.627836227416992,49168
14.631360054016113,49168
14.634894371032715,49168
14.638418912887573,49168
14.641921281814575,49168
14.645442724227905,49168
14.648985862731934,49168
14.652515172958374,49168
14.656031847000122,49168
14.65957522392273,49168
14.663073778152466,49168
14.666606426239014,49168
14.67012333869934,49168
14.673673868179321,49168
14.677189826965332,49168
14.680728435516357,49168
14.684214353561401,49168
14.687748670578003,49168
14.69126296043396,49168
14.694796085357666,49168
14.6983060836792,49168
14.701867580413818,49168
14.70539903640747,49168
14.708945274353027,49168
14.712483882904053,49168
14.716005563735962,49168
14.719550848007202,49168
14.72308087348938,49168
14.72660231590271,49168
14.730127573013306,49168
14.733624458312988,49168
14.737142324447632,49168
14.740657806396484,49168
14.744186401367188,49168
14.747682094573975,49168
14.751214504241943,49168
14.754751682281494,49168
14.758283853530884,49168
14.761805534362793,49168
14.765357494354248,49168
14.768882513046265,49168
14.77241587638855,49168
14.775925159454346,49168
14.779471158981323,49168
14.782993078231812,49168
14.786510229110718,49168
14.790058851242065,49168
14.793591260910034,49168
14.797110080718994,49168
14.800631523132324,49168
14.804121732711792,49168
14.80765962600708,49168
14.811188697814941,49168
14.814727067947388,49168
14.818258047103882,49168
14.821797847747803,49168
14.825326919555664,49168
14.828880071640015,49168
14.83240795135498,49168
14.835956335067749,49168
14.839501857757568,49168
14.843036413192749,49168
14.84656047821045,49168
14.850072383880615,49168
14.853590726852417,49168
14.857126712799072,49168
14.860661029815674,49168
14.864187002182007,49168
14.867704391479492,49168
14.871248960494995,49168
14.874762296676636,49168
14.878305435180664,49168
14.881834030151367,49168
14.885358572006226,49168
14.888906478881836,49168
14.892426490783691,49168
14.895926713943481,49168
14.899465084075928,49168
14.90299129486084,49168
14.906499147415161,49168
14.910032510757446,49168
14.913573980331421,49168
14.91710352897644,49168
14.920652866363525,49168
14.924194097518921,49168
14.927727460861206,49168
14.931236505508423,49168
14.934775590896606,49168
14.93829083442688,49168
14.941809892654419,49168
14.945358276367188,49168
14.948907136917114,49168
14.952420711517334,49168
14.955932855606079,49168
14.959476709365845,49168
14.962984323501587,49168
14.966506481170654,49168
14.970047950744629,49168
14.973567724227905,49168
14.977100610733032,49168
14.980648279190063,49168
14.984192371368408,49168
14.987717390060425,49168
14.99124002456665,49168
14.99476933479309,49168
14.9983069896698,49168
15.001833438873291,49168
15.00533390045166,49168
15.008893966674805,49168
15.01240611076355,49168
15.015920877456665,49168
15.019453763961792,49168
15.022987842559814,49168
15.026504516601562,49168
15.030064105987549,49168
15.033569574356079,49168
15.037089109420776,49168
15.04064393043518,49168
15.044172525405884,49168
15.047714710235596,49168
15.051241636276245,49168
15.05478835105896,49168
15.058308601379395,49168
15.061853170394897,49168
15.065371036529541,49168
15.06890082359314,49168
15.072412252426147,49168
15.075932741165161,49168
15.079479217529297,49168
15.083016872406006,49168
15.086556911468506,49168
15.09011697769165,49168
15.093651056289673,49168
15.097182035446167,49168
15.100710153579712,49168
15.10423469543457,49168
15.107764482498169,49168
15.111295700073242,49168
15.114827871322632,49168
15.118352890014648,49168
15.121902704238892,49168
15.125441789627075,49168
15.128938674926758,49168
15.132478713989258,49168
15.135998010635376,49168
15.139533281326294,49168
15.143076419830322,49168
15.1466224193573,49168
15.150171041488647,49168
15.153699159622192,49168
15.157219171524048,49168
15.160777807235718,49168
15.164289951324463,49168
15.167824745178223,49168
15.171348810195923,49168
15.174880266189575,49168
15.1784029006958,49168
15.1819326877594,49168
15.185462474822998,49168
15.188984632492065,49168
15.192509651184082,49168
15.196017265319824,49168
15.199562788009644,49168
15.203080892562866,49168
15.206626892089844,49168
15.210155248641968,49168
15.213689804077148,49168
15.217211961746216,49168
15.220749616622925,49168
15.22427225112915,49168
15.22780728340149,49168
15.231332540512085,49168
15.234837055206299,49168
15.238380432128906,49168
15.241917610168457,49168
15.245441198348999,49168
15.248977422714233,49168
15.252512454986572,49168
15.256038665771484,49168
15.259586811065674,49168
15.263092279434204,49168
15.266644477844238,49168
15.270191192626953,49168
15.273717164993286,49168
15.27725100517273,49168
15.280812740325928,49168
15.284313440322876,49168
15.287856578826904,49168
15.291404247283936,49168
15.294951438903809,49168
15.29848599433899,49168
15.302005767822266,49168
15.305513858795166,49168
15.309046745300293,49168
15.31257700920105,49168
15.316107988357544,49168
15.319650888442993,49168
15.323173761367798,49168
15.32671070098877,49168
15.330259323120117,49168
15.333775043487549,49168
15.33728837966919,49168
15.340844631195068,49168
15.344383239746094,49168
15.347915410995483,49168
15.351463317871094,49168
15.354991674423218,49168
15.358529806137085,49168
15.362043857574463,49168
15.365571022033691,49168
15.369095087051392,49168
15.372605562210083,49168
15.376133680343628,49168
15.37969446182251,49168
15.383224725723267,49168
15.386751651763916,49168
15.390273332595825,49168
15.393816471099854,49168
15.39733076095581,49168
15.40085744857788,49168
15.404348850250244,49168
15.407864809036255,49168
15.411393404006958,49168
15.414915323257446,49168
15.41843843460083,49168
15.421966552734375,49168
15.425487995147705,49168
15.429022073745728,49168
15.43253469467163,49168
15.436068058013916,49168
15.439618349075317,49168
15.443138599395752,49168
15.446678161621094,49168
15.450193405151367,49168
15.453726768493652,49168
15.457264423370361,49168
15.460773706436157,49168
15.464287042617798,49168
15.467843532562256,49168
15.471379041671753,49168
15.474924325942993,49168
15.478476285934448,49168
15.481995582580566,49168
15.485519170761108,49168
15.489055395126343,49168
15.492572784423828,49168
15.496124029159546,49168
15.49964189529419,49168
15.503163814544678,49168
15.506704092025757,49168
15.51023268699646,49168
15.513784408569336,49168
15.517306566238403,49168
15.520832300186157,49168
15.524342060089111,49168
15.527878761291504,49168
15.531408548355103,49168
15.534948825836182,49168
15.538498401641846,49168
15.542026042938232,49168
15.545566082000732,49168
15.549110889434814,49168
15.552637815475464,49168
15.556175470352173,49168
15.55968689918518,49168
15.563207864761353,49168
15.566741943359375,49168
15.570284843444824,49168
15.573798656463623,49168
15.577327489852905,49168
15.58085560798645,49168
15.584396123886108,49168
15.587944746017456,49168
15.5914785861969,49168
15.59499979019165,49168
15.598545551300049,49168
15.602071523666382,49168
15.605602979660034,49168
15.609123945236206,49168
15.612669944763184,49168
15.616184949874878,49168
15.619698524475098,49168
15.623200416564941,49168
15.626737594604492,49168
15.630280256271362,49168
15.633808135986328,49168
15.63733172416687,49168
15.640870094299316,49168
15.644386291503906,49168
15.64790391921997,49168
15.651441097259521,49168
15.65497899055481,49168
15.658529996871948,49168
15.662050485610962,49168
15.665562629699707,49168
15.669124841690063,49168
15.67265510559082,49168
15.676201105117798,49168
15.67974305152893,49168
15.683274745941162,49168
15.686793804168701,49168
15.690356016159058,49168
15.693878412246704,49168
15.697394609451294,49168
15.700905561447144,49168
15.704424142837524,49168
15.707947731018066,49168
15.711480617523193,49168
15.715018033981323,49168
15.718569993972778,49168
15.72209119796753,49168
15.725580215454102,49168
15.729111671447754,49168
15.732649326324463,49168
15.7361581325531,49168
15.739714860916138,49168
15.743216276168823,49168
15.746724367141724,49168
15.750260353088379,49168
15.753785848617554,49168
15.75733757019043,49168
15.760884046554565,49168
15.76436996459961,49168
15.767905950546265,49168
15.771442651748657,49168
15.774980545043945,49168
15.778519868850708,49168
15.782047748565674,49168
15.785562515258789,49168
15.789072036743164,49168
15.792601585388184,49168
15.796117544174194,49168
15.79967188835144,49168
15.80320119857788,49168
15.80672836303711,49168
15.810256242752075,49168
15.813787460327148,49168
15.817314147949219,49168
15.820837259292603,49168
15.824390649795532,49168
15.827907800674438,49168
15.831442832946777,49168
15.834980010986328,49168
15.838519811630249,49168
15.842045545578003,49168
15.845604181289673,49168
15.849123477935791,49168
15.852664470672607,49168
15.85619044303894,49168
15.859737157821655,49168
15.863272905349731,49168
15.866796016693115,49168
15.870332479476929,49168
15.873879194259644,49168
15.87740683555603,49168
15.880948781967163,49168
15.884462594985962,49168
15.888022899627686,49168
15.89155626296997,49168
15.89507532119751,49168
15.89860486984253,49168
15.902148246765137,49168
15.905681133270264,49168
15.909218549728394,49168
15.912720680236816,49168
15.916238069534302,49168
15.919777631759644,49168
15.923310041427612,49168
15.926827430725098,49168
15.930358171463013,49168
15.93388843536377,49168
15.937410593032837,49168
15.940960168838501,49168
15.94448471069336,49168
15.948014736175537,49168
15.951550245285034,49168
15.955081462860107,49168
15.958624601364136,49168
15.96215009689331,49168
15.96567440032959,49168
15.969200134277344,49168
15.97277283668518,49168
15.976287841796875,49168
15.979852199554443,49168
15.98339557647705,49168
15.986931324005127,49168
15.990455865859985,49168
15.993985891342163,49168
15.997535467147827,49168
16.001054763793945,49168
16.004600763320923,49168
16.00812864303589,49168
16.011638879776,49168
16.01516890525818,49168
16.01869535446167,49168
16.02222514152527,49168
16.02574872970581,49168
16.029284238815308,49168
16.03281283378601,49168
16.03632426261902,49168
16.03986930847168,49168
16.043384313583374,49168
16.04693078994751,49168
16.050464391708374,49168
16.053993701934814,49168
16.057541370391846,49168
16.06106400489807,49168
16.06459641456604,49168
16.06813144683838,49168
16.071672677993774,49168
16.075181245803833,49168
16.078721523284912,49168
16.082234859466553,49168
16.085769176483154,49168
16.089325189590454,49168
16.092873096466064,49168
16.09641170501709,49168
16.099947929382324,49168
16.10348343849182,49168
16.107020139694214,49168
16.110551118850708,49168
16.11408543586731,49168
16.117639303207397,49168
16.12116837501526,49168
16.1246919631958,49168
16.128230571746826,49168
16.1317720413208,49168
16.135287761688232,49168
16.13884449005127,49168
16.142399549484253,49168
16.145914793014526,49168
16.149447679519653,49168
16.152947187423706,49168
16.156493663787842,49168
16.160040140151978,49168
16.163562297821045,49168
16.167073726654053,49168
16.17063879966736,49168
16.17416763305664,49168
16.17771029472351,49168
16.181232929229736,49168
16.18476963043213,49168
16.188323259353638,49168
16.191850662231445,49168
16.1954026222229,49168
16.198967695236206,49168
16.202489137649536,49168
16.20602822303772,49168
16.209558486938477,49168
16.213088035583496,49168
16.21659755706787,49168
16.220136880874634,49168
16.223682641983032,49168
16.227205753326416,49168
16.230738639831543,49168
16.234280109405518,49168
16.237799882888794,49168
16.24133610725403,49168
16.244872570037842,49168
16.248419284820557,49168
16.25193762779236,49168
16.25544762611389,49168
16.258980989456177,49168
16.262526035308838,49168
16.266056060791016,49168
16.269585847854614,49168
16.273132801055908,49168
16.2766695022583,49168
16.28021478652954,49168
16.283759117126465,49168
16.287277936935425,49168
16.290836811065674,49168
16.294382333755493,49168
16.29794669151306,49168
16.30146551132202,49168
16.304981470108032,49168
16.308530569076538,49168
16.31207823753357,49168
16.315606355667114,49168
16.319144248962402,49168
16.322682857513428,49168
16.3262038230896,49168
16.329750061035156,49168
16.33329725265503,49168
16.336828231811523,49168
16.340362787246704,49168
16.343894243240356,49168
16.34742784500122,49168
16.350961208343506,49168
16.354503870010376,49168
16.358036279678345,49168
16.361583471298218,49168
16.365108728408813,49168
16.36866068840027,49168
16.372177839279175,49168
16.375717878341675,49168
16.379253387451172,49168
16.38279700279236,49168
16.386313915252686,49168
16.389876127243042,49168
16.393410444259644,49168
16.396928548812866,49168
16.40045976638794,49168
16.403987884521484,49168
16.407545804977417,49168
16.41110062599182,49168
16.414637565612793,49168
16.418185472488403,49168
16.42170000076294,49168
16.42523431777954,49168
16.42878293991089,49168
16.432310819625854,49168
16.435845375061035,49168
16.43937373161316,49168
16.442890644073486,49168
16.446412086486816,49168
16.449949741363525,49168
16.453474283218384,49168
16.457010746002197,49168
16.460570335388184,49168
16.464104890823364,49168
16.46765112876892,49168
16.47118353843689,49168
16.474724531173706,49168
16.478252172470093,49168
16.481813430786133,49168
16.48532485961914,49168
16.48887276649475,49168
16.492400884628296,49168
16.49593734741211,49168
16.501243352890015,49168
16.507494926452637,49168
16.511027097702026,49168
16.514573097229004,49168
16.518600702285767,49168
16.524726390838623,49168
16.53092050552368,49168
16.537123680114746,49168
16.543357133865356,49168
16.549597024917603,49168
16.555867910385132,49168
16.562148571014404,49168
16.56842017173767,49168
16.574706315994263,49168
16.580978631973267,49168
16.587226629257202,49168
16.59354567527771,49168
16.599857807159424,49168
16.60613775253296,49168
16.61246109008789,49168
16.61877417564392,49168
16.625073194503784,49168
16.631389379501343,49168
16.637701511383057,49168
16.644004106521606,49168
16.65034580230713,49168
16.656676054000854,49168
16.663007974624634,49168
16.669330596923828,49168
16.675679206848145,49168
16.68202042579651,49168
16.68839931488037,49168
16.69473934173584,49168
16.701093673706055,49168
16.70741367340088,49168
16.71379280090332,49168
16.7201669216156,49168
16.726537704467773,49168
16.732912302017212,49168
16.73927354812622,49168
16.74562668800354,49168
16.752033948898315,49168
16.7584388256073,49168
16.76482653617859,49168
16.77120041847229,49168
16.777620792388916,49168
16.783990144729614,49168
16.79038381576538,49168
16.796761751174927,49168
16.80315399169922,49168
16.809532403945923,49168
16.815948724746704,49168
16.822380542755127,49168
16.828782081604004,49168
16.83518362045288,49168
16.841285467147827,49168
16.847198963165283,49168
16.853228330612183,49168
16.859575510025024,49168
16.86586833000183,49168
16.872055292129517,49168
16.878311157226562,49168
16.88458275794983,49168
16.890796184539795,49168
16.897024154663086,49168
16.903228521347046,49168
16.909441232681274,49168
16.915404796600342,49168
16.921308994293213,49168
16.92741632461548,49168
16.933740854263306,49168
16.93993902206421,49168
16.946142196655273,49168
16.952425003051758,49168
16.95868158340454,49168
16.964890241622925,49168
16.971142053604126,49168
16.977101802825928,49168
16.982986450195312,49168
16.98931574821472,49168
16.9955313205719,49168
17.00177788734436,49168
17.007968187332153,49168
17.014163494110107,49168
17.020426273345947,49168
17.026636600494385,49168
17.03284978866577,49168
17.038766384124756,49168
17.04466724395752,49168
17.05086374282837,49168
17.057141304016113,49168
17.063326358795166,49168
17.069541215896606,49168
17.075813055038452,49168
17.081990718841553,49168
17.088215351104736,49168
17.094459295272827,49168
17.100566148757935,49168
17.10646677017212,49168
17.112520933151245,49168
17.119051218032837,49168
17.12529158592224,49168
17.131479740142822,49168
17.13771367073059,49168
17.143949031829834,49168
17.150094032287598,49168
17.156015396118164,49168
17.16204261779785,49168
17.168290376663208,49168
17.174437046051025,49168
17.180718898773193,49168
17.186954736709595,49168
17.193190574645996,49168
17.19907569885254,49168
17.20498514175415,49168
17.21133327484131,49168
17.217550039291382,49168
17.223808765411377,49168
17.230066776275635,49168
17.236270666122437,49168
17.242527961730957,49168
17.24872136116028,49168
17.25489616394043,49168
17.261159896850586,49168
17.26704239845276,49168
17.27298140525818,49168
17.278884649276733,49168
17.285204648971558,49168
17.291430711746216,49168
17.29767107963562,49168
17.30391216278076,49168
17.31013774871826,49168
17.316339254379272,49168
17.322577476501465,49168
17.328678131103516,49168
17.33459758758545,49168
17.340502977371216,49168
17.346583127975464,49168
17.353004693984985,49168
17.35922384262085,49168
17.365479469299316,49168
17.371686458587646,49168
17.37794065475464,49168
17.384114742279053,49168
17.390301942825317,49168
17.39661431312561,49168
17.40254282951355,49168
17.408512115478516,49168
17.414803981781006,49168
17.420995473861694,49168
17.42721390724182,49168
17.433420419692993,49168
17.439592838287354,49168
17.445850610733032,49168
17.45203924179077,49168
17.458287954330444,49168
17.464550733566284,49168
17.47067642211914,49168
17.47657799720764,49168
17.4825279712677,49168
17.488476037979126,49168
17.494736194610596,49168
17.500890016555786,49168
17.507139444351196,49168
17.51331090927124,49168
17.519532680511475,49168
17.525774717330933,49168
17.531700372695923,49168
17.53759741783142,49168
17.543883085250854,49168
17.550002336502075,49168
17.55625319480896,49168
17.562477827072144,49168
17.56869626045227,49168
17.574922561645508,49168
17.581127882003784,49168
17.58733034133911,49168
17.593244791030884,49168
17.599130630493164,49168
17.60538387298584,49168
17.611789226531982,49168
17.618021488189697,49168
17.62403106689453,49168
17.629993677139282,49168
17.635982513427734,49168
17.6422700881958,49168
17.648491382598877,49168
17.654712677001953,49168
17.66094136238098,49168
17.66712260246277,49168
17.67335343360901,49168
17.679587364196777,49168
17.68567967414856,49168
17.691601753234863,49168
17.69770097732544,49168
17.704139709472656,49168
17.710432767868042,49168
17.716622829437256,49168
17.722826719284058,49168
17.728739261627197,49168
17.73462414741516,49168
17.74077320098877,49168
17.747110605239868,49168
17.753318548202515,49168
17.759575605392456,49168
17.76576852798462,49168
17.771679639816284,49168
17.777615308761597,49168
17.783843278884888,49168
17.78999972343445,49168
17.79623246192932,49168
17.80247664451599,49168
17.80872893333435,49168
17.81494116783142,49168
17.82096576690674,49168
17.826887130737305,49168
17.832987070083618,49168
17.839499711990356,49168
17.84577465057373,49168
17.851987600326538,49168
17.85821533203125,49168
17.864446878433228,49168
17.87064218521118,49168
17.87661576271057,49168
17.88253951072693,49168
17.88860821723938,49168
17.894875526428223,49168
17.901069402694702,49168
17.907288312911987,49168
17.913567066192627,49168
17.919753074645996,49168
17.92574405670166,49168
17.931680917739868,49168
17.937654972076416,49168
17.94391894340515,49168
17.95012617111206,49168
17.956324338912964,49168
17.96260905265808,49168
17.96871328353882,49168
17.97464394569397,49168
17.980564832687378,49168
17.986780643463135,49168
17.992961645126343,49168
17.99923324584961,49168
18.005311489105225,49168
18.01123881340027,49168
18.01724600791931,49168
18.023711919784546,49168
18.02998113632202,49168
18.036171674728394,49168
18.04240107536316,49168
18.048632621765137,49168
18.054827213287354,49168
18.06109857559204,49168
18.067259788513184,49168
18.073495149612427,49168
18.079346179962158,49168
18.085283756256104,49168
18.091550827026367,49168
18.097888708114624,49168
18.1040678024292,49168
18.110316276550293,49168
18.11650776863098,49168
18.1227388381958,49168
18.128988027572632,49168
18.134875059127808,49168
18.14079475402832,49168
18.147109746932983,49168
18.15332555770874,49168
18.159566640853882,49168
18.1658353805542,49168
18.172034978866577,49168
18.17805576324463,49168
18.183972597122192,49168
18.18986415863037,49168
18.195918560028076,49168
18.202245950698853,49168
18.208420753479004,49168
18.214613676071167,49168
18.220913410186768,49168
18.227076292037964,49168
18.23329782485962,49168
18.23955512046814,49168
18.245670795440674,49168
18.2515811920166,49168
18.25764012336731,49168
18.26399564743042,49168
18.27027654647827,49168
18.276429653167725,49168
18.28268790245056,49168
18.288941383361816,49168
18.295137405395508,49168
18.30138373374939,49168
18.307618856430054,49168
18.313828468322754,49168
18.32011866569519,49168
18.326231956481934,49168
18.33217477798462,49168
18.33813738822937,49168
18.34438729286194,49168
18.350507259368896,49168
18.356761693954468,49168
18.36294150352478,49168
18.368906021118164,49168
18.374799966812134,49168
18.381062507629395,49168
18.38721203804016,49168
18.393478393554688,49168
18.399707078933716,49168
18.405945301055908,49168
18.41212558746338,49168
18.418060302734375,49168
18.42397141456604,49168
18.429930448532104,49168
18.436256647109985,49168
18.442445755004883,49168
18.448709726333618,49168
18.45489764213562,49168
18.461119890213013,49168
18.46738028526306,49168
18.47356939315796,49168
18.479585647583008,49168
18.485507249832153,49168
18.491578578948975,49168
18.497814178466797,49168
18.504026174545288,49168
18.510259866714478,49168
18.516542196273804,49168
18.522754192352295,49168
18.528985261917114,49168
18.535162925720215,49168
18.541285037994385,49168
18.547197818756104,49168
18.55332589149475,49168
18.55977177619934,49168
18.566083431243896,49168
18.572258710861206,49168
18.57849669456482,49168
18.584747314453125,49168
18.59073805809021,49168
18.596617460250854,49168
18.603012323379517,49168
18.609188556671143,49168
18.615444660186768,49168
18.621623992919922,49168
18.627856731414795,49168
18.634087085723877,49168
18.640251398086548,49168
18.646247625350952,49168
18.6521999835968,49168
18.658170461654663,49168
18.66454792022705,49168
18.670758485794067,49168
18.676929473876953,49168
18.68317985534668,49168
18.689377546310425,49168
18.69556951522827,49168
18.701836109161377,49168
18.708004474639893,49168
18.714252948760986,49168
18.720468282699585,49168
18.72638702392578,49168
18.732274770736694,49168
18.738497018814087,49168
18.744683265686035,49168
18.750913381576538,49168
18.757155656814575,49168
18.76335859298706,49168
18.76959729194641,49168
18.775785207748413,49168
18.781696319580078,49168
18.78760814666748,49168
18.793794631958008,49168
18.79999327659607,49168
18.806239366531372,49168
18.812438249588013,49168
18.81863760948181,49168
18.82493567466736,49168
18.83114218711853,49168
18.83716106414795,49168
18.84304118156433,49168
18.849029302597046,49168
18.855314016342163,49168
18.861544132232666,49168
18.867752075195312,49168
18.87401843070984,49168
18.88023328781128,49168
18.88647699356079,49168
18.892730712890625,49168
18.89884614944458,49168
18.904752016067505,49168
18.910778045654297,49168
18.91715717315674,49168
18.923362731933594,49168
18.929782390594482,49168
18.936179399490356,49168
18.942567586898804,49168
18.948927402496338,49168
18.95522117614746,49168
18.961539030075073,49168
18.967819929122925,49168
18.97415280342102,49168
18.980499029159546,49168
18.98688817024231,49168
18.993268728256226,49168
18.999722957611084,49168
19.00616145133972,49168
19.01267981529236,49168
19.019179821014404,49168
19.025712490081787,49168
19.032203674316406,49168
19.038734912872314,49168
19.04523515701294,49168
19.051803588867188,49168
19.058337211608887,49168
19.06493043899536,49168
19.07151508331299,49168
19.078166246414185,49168
19.084779262542725,49168
19.091418266296387,49168
19.098055124282837,49168
19.104758262634277,49168
19.11150860786438,49168
19.118212938308716,49168
19.124916315078735,49168
19.13163137435913,49168
19.138336181640625,49168
19.145069122314453,49168
19.151798725128174,49168
19.15853524208069,49168
19.165263175964355,49168
19.17202377319336,49168
19.1787531375885,49168
19.185508012771606,49168
19.192246198654175,49168
19.198994398117065,49168
19.205718755722046,49168
19.212454557418823,49168
19.219151735305786,49168
19.225878953933716,49168
19.23260474205017,49168
19.239325523376465,49168
19.246053457260132,49168
19.252793073654175,49168
19.25952959060669,49168
19.266260623931885,49168
19.27299165725708,49168
19.279736042022705,49168
19.286444425582886,49168
19.29317021369934,49168
19.299909353256226,49168
19.30664372444153,49168
19.313358545303345,49168
19.32010817527771,49168
19.326823234558105,49168
19.333550453186035,49168
19.340264558792114,49168
19.347010374069214,49168
19.35373616218567,49168
19.36047339439392,49168
19.367172241210938,49168
19.37390160560608,49168
19.3806312084198,49168
19.387356281280518,49168
19.394084453582764,49168
19.400840997695923,49168
19.407641410827637,49168
19.41444182395935,49168
19.421252727508545,49168
19.428074598312378,49168
19.434873819351196,49168
19.441699981689453,49168
19.448505640029907,49168
19.45531988143921,49168
19.46212410926819,49168
19.468941926956177,49168
19.4757399559021,49168
19.482556104660034,49168
19.489368200302124,49168
19.496167182922363,49168
19.50298547744751,49168
19.50980496406555,49168
19.51660394668579,49168
19.523423671722412,49168
19.530224323272705,49168
19.537042140960693,49168
19.543848752975464,49168
19.550671577453613,49168
19.557483196258545,49168
19.563453912734985,49168
19.569748401641846,49168
19.57594084739685,49168
19.582197666168213,49168
19.58840584754944,49168
19.594639778137207,49168
19.600942134857178,49168
19.607016563415527,49168
19.612953424453735,49168
19.61897611618042,49168
19.62544298171997,49168
19.631768703460693,49168
19.63799238204956,49168
19.64423704147339,49168
19.650445461273193,49168
19.656641960144043,49168
19.662904262542725,49168
19.669102907180786,49168
19.67530870437622,49168
19.681573629379272,49168
19.687803030014038,49168
19.694056749343872,49168
19.699927806854248,49168
19.705849647521973,49168
19.71209406852722,49168
19.718531131744385,49168
19.724750995635986,49168
19.730988264083862,49168
19.737200260162354,49168
19.743428945541382,49168
19.7496657371521,49168
19.75586175918579,49168
19.76211929321289,49168
19.768392086029053,49168
19.774314641952515,49168
19.78025722503662,49168
19.78649878501892,49168
19.7927565574646,49168
19.799011945724487,49168
19.805285692214966,49168
19.8115074634552,49168
19.81778860092163,49168
19.823927879333496,49168
19.82985758781433,49168
19.835775136947632,49168
19.842012405395508,49168
19.848209142684937,49168
19.85447120666504,49168
19.860694646835327,49168
19.866925477981567,49168
19.873218059539795,49168
19.879464864730835,49168
19.885727405548096,49168
19.891913652420044,49168
19.897863388061523,49168
19.90376925468445,49168
19.90999460220337,49168
19.916213512420654,49168
19.922500610351562,49168
19.928711891174316,49168
19.93495202064514,49168
19.9411940574646,49168
19.947408199310303,49168
19.953665018081665,49168
19.95987033843994,49168
19.9660861492157,49168
19.97235631942749,49168
19.978297233581543,49168
19.98422074317932,49168
19.990474939346313,49168
19.99672031402588,49168
20.002956867218018,49168
20.00925040245056,49168
20.01544737815857,49168
20.021705150604248,49168
20.02790141105652,49168
20.034098386764526,49168
20.040344953536987,49168
20.04626727104187,49168
20.052222967147827,49168
20.058576107025146,49168
20.064894199371338,49168
20.071137189865112,49168
20.077425003051758,49168
20.08362913131714,49168
20.08989691734314,49168
20.0961434841156,49168
20.10234546661377,49168
20.10836100578308,49168
20.11430525779724,49168
20.12039041519165,49168
20.12665343284607,49168
20.132879495620728,49168
20.13910746574402,49168
20.14539408683777,49168
20.151605367660522,49168
20.157846212387085,49168
20.164063930511475,49168
20.170177698135376,49168
20.17607831954956,49168
20.182175874710083,49168
20.18868064880371,49168
20.19498634338379,49168
20.201189041137695,49168
20.207461833953857,49168
20.21370244026184,49168
20.21995520591736,49168
20.226216077804565,49168
20.232429027557373,49168
20.238670825958252,49168
20.244943141937256,49168
20.250895261764526,49168
20.256784200668335,49168
20.26305055618286,49168
20.26928734779358,49168
20.275531768798828,49168
20.28183078765869,49168
20.288034439086914,49168
20.2942795753479,49168
20.300477504730225,49168
20.30655527114868,49168
20.312493801116943,49168
20.31842041015625,49168
20.324522972106934,49168
20.330947399139404,49168
20.33717679977417,49168
20.343383073806763,49168
20.349602699279785,49168
20.35586380958557,49168
20.362088680267334,49168
20.368340730667114,49168
20.374548196792603,49168
20.380502223968506,49168
20.386396884918213,49168
20.39265203475952,49168
20.398848295211792,49168
20.405117988586426,49168
20.41132640838623,49168
20.41752004623413,49168
20.423762321472168,49168
20.429970741271973,49168
20.43621516227722,49168
20.442095279693604,49168
20.448029041290283,49168
20.454288959503174,49168
20.460598945617676,49168
20.464133262634277,49168
20.46767282485962,49168
20.471171379089355,49168
20.47469139099121,49168
20.478235006332397,49168
20.481775760650635,49168
20.48530650138855,49168
20.488848209381104,49168
20.49237585067749,49168
20.49590802192688,49168
20.499467134475708,49168
20.50300168991089,49168
20.506505250930786,49168
20.510040521621704,49168
20.513585805892944,49168
20.51712703704834,49168
20.520644426345825,49168
20.524171829223633,49168
20.527689933776855,49168
20.531222820281982,49168
20.53476119041443,49168
20.538280487060547,49168
20.541823625564575,49168
20.545339584350586,49168
20.548863649368286,49168
20.552412748336792,49168
20.555949687957764,49168
20.559511184692383,49168
20.563042402267456,49168
20.566561698913574,49168
20.570087432861328,49168
20.573637008666992,49168
20.57714867591858,49168
20.580684900283813,49168
20.584214448928833,49168
20.587770700454712,49168
20.591296911239624,49168
20.594833850860596,49168
20.598329782485962,49168
20.601861000061035,49168
20.60537815093994,49168
20.608928442001343,49168
20.612457990646362,49168
20.615986347198486,49168
20.61953902244568,49168
20.623069763183594,49168
20.626590251922607,49168
20.6301429271698,49168
20.633655786514282,49168
20.637189388275146,49168
20.640734672546387,49168
20.64424443244934,49168
20.647807598114014,49168
20.651339054107666,49168
20.65487289428711,49168
20.658411264419556,49168
20.66193985939026,49168
20.665470600128174,49168
20.6690092086792,49168
20.672555208206177,49168
20.6760995388031,49168
20.679627656936646,49168
20.683173179626465,49168
20.686685800552368,49168
20.6902334690094,49168
20.693766117095947,49168
20.69727373123169,49168
20.700836896896362,49168
20.704343557357788,49168
20.707900524139404,49168
20.711443185806274,49168
20.71496844291687,49168
20.71851658821106,49168
20.72203230857849,49168
20.725562572479248,49168
20.729090213775635,49168
20.73263716697693,49168
20.736151456832886,49168
20.73970103263855,49168
20.74320149421692,49168
20.7467257976532,49168
20.75024652481079,49168
20.753756761550903,49168
20.75729489326477,49168
20.760846376419067,49168
20.76437997817993,49168
20.76789903640747,49168
20.77144479751587,49168
20.774983644485474,49168
20.778534412384033,49168
20.782055616378784,49168
20.78558874130249,49168
20.7891104221344,49168
20.792643308639526,49168
20.79617404937744,49168
20.799710273742676,49168
20.80325150489807,49168
20.80676555633545,49168
20.810296773910522,49168
20.81383180618286,49168
20.817344188690186,49168
20.82090663909912,49168
20.824429512023926,49168
20.827963829040527,49168
20.831505298614502,49168
20.83503222465515,49168
20.838568449020386,49168
20.84210729598999,49168
20.84563398361206,49168
20.849172115325928,49168
20.852685928344727,49168
20.856236696243286,49168
20.859771966934204,49168
20.863285541534424,49168
20.866801023483276,49168
20.87032985687256,49168
20.873862266540527,49168
20.877405881881714,49168
20.88096332550049,49168
20.884505033493042,49168
20.888034105300903,49168
20.891563653945923,49168
20.89508891105652,49168
20.898641109466553,49168
20.902146100997925,49168
20.905683755874634,49168
20.909196853637695,49168
20.912729263305664,49168
20.916253566741943,49168
20.91980004310608,49168
20.923328399658203,49168
20.92688298225403,49168
20.93040657043457,49168
20.933954000473022,49168
20.939162015914917,49168
20.945053100585938,49168
20.950968503952026,49168
20.95715022087097,49168
20.963372230529785,49168
20.969433784484863,49168
20.975341320037842,49168
20.981258630752563,49168
20.987388849258423,49168
20.993536233901978,49168
20.999452352523804,49168
21.005330324172974,49168
21.0116183757782,49168
21.01784086227417,49168
21.023727416992188,49168
21.029662370681763,49168
21.03593373298645,49168
21.04208755493164,49168
21.047902822494507,49168
21.053795337677002,49168
21.060035705566406,49168
21.06613326072693,49168
21.07234477996826,49168
21.078258752822876,49168
21.08415937423706,49168
21.090490102767944,49168
21.09670615196228,49168
21.102527618408203,49168
21.108437061309814,49168
21.11467146873474,49168
21.120760440826416,49168
21.127098083496094,49168
21.133466005325317,49168
21.139702081680298,49168
21.14595317840576,49168
21.15222430229187,49168
21.15846872329712,49168
21.164710760116577,49168
21.1709201335907,49168
21.17714524269104,49168
21.18345546722412,49168
21.18963050842285,49168
21.195876359939575,49168
21.202077865600586,49168
21.208308696746826,49168
21.214578866958618,49168
21.220494508743286,49168
21.226374626159668,49168
21.232651710510254,49168
21.239067554473877,49168
21.245262145996094,49168
21.251524686813354,49168
21.257765531539917,49168
21.2639479637146,49168
21.270238161087036,49168
21.276394367218018,49168
21.282442092895508,49168
21.288379192352295,49168
21.29427146911621,49168
21.300298929214478,49168
21.306652307510376,49168
21.312838792800903,49168
21.31909203529358,49168
21.325281620025635,49168
21.33153200149536,49168
21.337753295898438,49168
21.34397602081299,49168
21.349887371063232,49168
21.355811834335327,49168
21.3617422580719,49168
21.367945194244385,49168
21.37427830696106,49168
21.380523681640625,49168
21.38671588897705,49168
21.392975568771362,49168
21.399190664291382,49168
21.405385732650757,49168
21.41128659248352,49168
21.417221546173096,49168
21.423412561416626,49168
21.429697275161743,49168
21.435916662216187,49168
21.44216513633728,49168
21.448423147201538,49168
21.454615354537964,49168
21.460872888565063,49168
21.467066049575806,49168
21.47327160835266,49168
21.47954225540161,49168
21.48572850227356,49168
21.49172329902649,49168
21.497634649276733,49168
21.503533363342285,49168
21.509486436843872,49168
21.515862703323364,49168
21.5221688747406,49168
21.528395414352417,49168
21.5346417427063,49168
21.54082489013672,49168
21.547025203704834,49168
21.55330538749695,49168
21.559513330459595,49168
21.56575322151184,49168
21.571590900421143,49168
21.577514171600342,49168
21.583416223526,49168
21.58963370323181,49168
21.59586477279663,49168
21.602072954177856,49168
21.608314037322998,49168
21.614633083343506,49168
21.62080454826355,49168
21.627047300338745,49168
21.632905960083008,49168
21.638828992843628,49168
21.645084857940674,49168
21.6514413356781,49168
21.657629013061523,49168
21.663875341415405,49168
21.670063972473145,49168
21.676299571990967,49168
21.682562112808228,49168
21.68873929977417,49168
21.694978713989258,49168
21.701171159744263,49168
21.70724606513977,49168
21.713189840316772,49168
21.7191002368927,49168
21.725213050842285,49168
21.73163938522339,49168
21.737836122512817,49168
21.744046449661255,49168
21.750264406204224,49168
21.756516456604004,49168
21.76275610923767,49168
21.7690646648407,49168
21.77531623840332,49168
21.781556844711304,49168
21.7875657081604,49168
21.793516635894775,49168
21.79944133758545,49168
21.805453062057495,49168
21.811840057373047,49168
21.818087339401245,49168
21.824300527572632,49168
21.83057713508606,49168
21.836780786514282,49168
21.843005657196045,49168
21.8493013381958,49168
21.85521674156189,49168
21.861161470413208,49168
21.867465019226074,49168
21.87367868423462,49168
21.879929304122925,49168
21.88615870475769,49168
21.892356157302856,49168
21.89861297607422,49168
21.90481448173523,49168
21.910893201828003,49168
21.9167697429657,49168
21.92281436920166,49168
21.929245233535767,49168
21.935486555099487,49168
21.941700220108032,49168
21.94797158241272,49168
21.954176664352417,49168
21.960426092147827,49168
21.96670651435852,49168
21.97292470932007,49168
21.979153633117676,49168
21.985342264175415,49168
21.991583585739136,49168
21.997859954833984,49168
22.003774166107178,49168
22.009700298309326,49168
22.015960693359375,49168
22.022254467010498,49168
22.028473138809204,49168
22.034756422042847,49168
22.040940046310425,49168
22.04718327522278,49168
22.053436756134033,49168
22.059404373168945,49168
22.065307140350342,49168
22.071599006652832,49168
22.077799558639526,49168
22.084059476852417,49168
22.09029769897461,49168
22.09649682044983,49168
22.102763652801514,49168
22.108981132507324,49168
22.115216732025146,49168
22.121455430984497,49168
22.1276593208313,49168
22.13396120071411,49168
22.13988709449768,49168
22.1458101272583,49168
22.15175199508667,49168
22.158051013946533,49168
22.16445016860962,49168
22.170647144317627,49168
22.176923036575317,49168
22.183112144470215,49168
22.189345359802246,49168
22.195653200149536,49168
22.201857805252075,49168
22.208097457885742,49168
22.213926076889038,49168
22.21987533569336,49168
22.22577953338623,49168
22.23199152946472,49168
22.23841428756714,49168
22.24460792541504,49168
22.25085973739624,49168
22.25702738761902,49168
22.263227462768555,49168
22.269541025161743,49168
22.275731086730957,49168
22.2819766998291,49168
22.288180112838745,49168
22.294093370437622,49168
22.30001211166382,49168
22.306245803833008,49168
22.312463521957397,49168
22.318719625473022,49168
22.32489776611328,49168
22.33110284805298,49168
22.337393283843994,49168
22.34360432624817,49168
22.349863052368164,49168
22.356038331985474,49168
22.362255096435547,49168
22.368217945098877,49168
22.374115705490112,49168
22.38001537322998,49168
22.386103868484497,49168
22.39244818687439,49168
22.398654222488403,49168
22.40488028526306,49168
22.41114068031311,49168
22.41734027862549,49168
22.423589944839478,49168
22.429827451705933,49168
22.43593955039978,49168
22.44188117980957,49168
22.447930812835693,49168
22.454370737075806,49168
22.46059775352478,49168
22.4667809009552,49168
22.47299337387085,49168
22.47926902770996,49168
22.485466480255127,49168
22.49172568321228,49168
22.49756669998169,49168
22.503489017486572,49168
22.509777784347534,49168
22.516096115112305,49168
22.522294282913208,49168
22.52859377861023,49168
22.53479814529419,49168
22.541082620620728,49168
22.547383785247803,49168
22.55358362197876,49168
22.559868812561035,49168
22.56574535369873,49168
22.571691513061523,49168
22.57801866531372,49168
22.584315299987793,49168
22.5905339717865,49168
22.596787452697754,49168
22.602994918823242,49168
22.60923671722412,49168
22.615498304367065,49168
22.621697902679443,49168
22.627974271774292,49168
22.634162187576294,49168
22.640406370162964,49168
22.646252632141113,49168
22.6521577835083,49168
22.658343076705933,49168
22.664623260498047,49168
22.67080283164978,49168
22.67701745033264,49168
22.68326163291931,49168
22.689468383789062,49168
22.695703506469727,49168
22.701924562454224,49168
22.708144426345825,49168
22.714418172836304,49168
22.72054409980774,49168
22.72646999359131,49168
22.732441902160645,49168
22.738723754882812,49168
22.744919776916504,49168
22.751147270202637,49168
22.75735092163086,49168
22.76358151435852,49168
22.76985478401184,49168
22.77576494216919,49168
22.781707048416138,49168
22.788105010986328,49168
22.79431176185608,49168
22.8005850315094,49168
22.806790828704834,49168
22.813024759292603,49168
22.819294691085815,49168
22.82517099380493,49168
22.831098556518555,49168
22.837345838546753,49168
22.843552589416504,49168
22.849783182144165,49168
22.856032371520996,49168
22.86223864555359,49168
22.8684983253479,49168
22.87470579147339,49168
22.880910396575928,49168
22.88716745376587,49168
22.893356800079346,49168
22.899627685546875,49168
22.905818462371826,49168
22.912078380584717,49168
22.91801691055298,49168
22.923935651779175,49168
22.930156230926514,49168
22.936481952667236,49168
22.942800045013428,49168
22.949130296707153,49168
22.955425262451172,49168
22.960148334503174,49168
22.963690280914307,49168
22.96722722053528,49168
22.970770359039307,49168
22.97429084777832,49168
22.977817058563232,49168
22.981327295303345,49168
22.984821796417236,49168
22.988368272781372,49168
22.991894245147705,49168
22.995407581329346,49168
22.998937845230103,49168
23.00246024131775,49168
23.00598168373108,49168
23.00950860977173,49168
23.013040781021118,49168
23.01656746864319,49168
23.020097970962524,49168
23.023612022399902,49168
23.02713942527771,49168
23.030693292617798,49168
23.034197092056274,49168
23.03772473335266,49168
23.041257619857788,49168
23.04475975036621,49168
23.04828453063965,49168
23.051816701889038,49168
23.05531883239746,49168
23.058876752853394,49168
23.06240701675415,49168
23.065945386886597,49168
23.069483518600464,49168
23.073017358779907,49168
23.07654118537903,49168
23.08006501197815,49168
23.08361792564392,49168
23.087138891220093,49168
23.09066939353943,49168
23.094191789627075,49168
23.097734451293945,49168
23.101256370544434,49168
23.10478138923645,49168
23.108334064483643,49168
23.11186647415161,49168
23.115378618240356,49168
23.118928909301758,49168
23.12245011329651,49168
23.125983476638794,49168
23.12951683998108,49168
23.133029460906982,49168
23.13655686378479,49168
23.140100479125977,49168
23.14363384246826,49168
23.147157669067383,49168
23.150704622268677,49168
23.154242992401123,49168
23.15778684616089,49168
23.161312341690063,49168
23.16485595703125,49168
23.168380737304688,49168
23.171891689300537,49168
23.17543387413025,49168
23.178956031799316,49168
23.182499170303345,49168
23.186021089553833,49168
23.189560413360596,49168
23.193087816238403,49168
23.19664978981018,49168
23.200181245803833,49168
23.20372700691223,49168
23.207241773605347,49168
23.210793018341064,49168
23.214295148849487,49168
23.217843294143677,49168
23.221405029296875,49168
23.224929094314575,49168
23.228487491607666,49168
23.232024431228638,49168
23.235547304153442,49168
23.239091396331787,49168
23.24262523651123,49168
23.24614381790161,49168
23.249674797058105,49168
23.253209829330444,49168
23.256714820861816,49168
23.26024317741394,49168
23.26375150680542,49168
23.26727056503296,49168
23.27082848548889,49168
23.274345636367798,49168
23.277872562408447,49168
23.281396627426147,49168
23.2849223613739,49168
23.288443565368652,49168
23.291961431503296,49168
23.2954843044281,49168
23.29902219772339,49168
23.30254292488098,49168
23.30607032775879,49168
23.30960202217102,49168
23.313108205795288,49168
23.31663751602173,49168
23.320173978805542,49168
23.323681831359863,49168
23.327215671539307,49168
23.33075785636902,49168
23.334282159805298,49168
23.337808847427368,49168
23.341320753097534,49168
23.344845294952393,49168
23.348385334014893,49168
23.351893424987793,49168
23.35538959503174,49168
23.358915328979492,49168
23.362459182739258,49168
23.36598563194275,49168
23.369507312774658,49168
23.373024463653564,49168
23.37654948234558,49168
23.380091905593872,49168
23.38363242149353,49168
23.387160301208496,49168
23.390695095062256,49168
23.39420485496521,49168
23.39775514602661,49168
23.401294708251953,49168
23.404824018478394,49168
23.40835189819336,49168
23.41188383102417,49168
23.415404558181763,49168
23.41895079612732,49168
23.422477960586548,49168
23.42601442337036,49168
23.4295494556427,49168
23.433063745498657,49168
23.436596155166626,49168
23.440105199813843,49168
23.44361424446106,49168
23.447163581848145,49168
23.450718879699707,49168
23.454243898391724,49168
23.457780122756958,49168
23.46130657196045,49168
23.46481442451477,49168
23.468340396881104,49168
23.47188639640808,49168
23.475425481796265,49168
23.478978157043457,49168
23.48251438140869,49168
23.486042976379395,49168
23.489563465118408,49168
23.493079662322998,49168
23.496619701385498,49168
23.500141143798828,49168
23.503644943237305,49168
23.507184982299805,49168
23.51072382926941,49168
23.51426649093628,49168
23.517797470092773,49168
23.521303176879883,49168
23.524836540222168,49168
23.52835178375244,49168
23.531879663467407,49168
23.535422563552856,49168
23.538962602615356,49168
23.542469263076782,49168
23.54599380493164,49168
23.54953670501709,49168
23.553061485290527,49168
23.556610822677612,49168
23.560150623321533,49168
23.563694715499878,49168
23.56719994544983,49168
23.57074284553528,49168
23.574253797531128,49168
23.57779550552368,49168
23.581305027008057,49168
23.58482813835144,49168
23.58835792541504,49168
23.591901302337646,49168
23.595425367355347,49168
23.59894585609436,49168
23.60246992111206,49168
23.605977773666382,49168
23.6095187664032,49168
23.613046407699585,49168
23.616567850112915,49168
23.620129346847534,49168
23.623668670654297,49168
23.627225637435913,49168
23.630776405334473,49168
23.63427972793579,49168
23.637837409973145,49168
23.64136815071106,49168
23.644903421401978,49168
23.648439168930054,49168
23.65196943283081,49168
23.655493021011353,49168
23.6590313911438,49168
23.662567615509033,49168
23.666094064712524,49168
23.6696560382843,49168
23.673195600509644,49168
23.67673134803772,49168
23.680248737335205,49168
23.683794736862183,49168
23.687299489974976,49168
23.690850734710693,49168
23.69437265396118,49168
23.69792127609253,49168
23.70145273208618,49168
23.704987049102783,49168
23.708531618118286,49168
23.71201515197754,49168
23.715522527694702,49168
23.71904492378235,49168
23.722578525543213,49168
23.726094007492065,49168
23.72963571548462,49168
23.733162879943848,49168
23.736682176589966,49168
23.740231037139893,49168
23.743762731552124,49168
23.74727487564087,49168
23.750823736190796,49168
23.754359245300293,49168
23.75789976119995,49168
23.761417627334595,49168
23.76494002342224,49168
23.768474340438843,49168
23.77200222015381,49168
23.77552604675293,49168
23.77908420562744,49168
23.782625913619995,49168
23.786136865615845,49168
23.78967022895813,49168
23.79319190979004,49168
23.796719789505005,49168
23.80025339126587,49168
23.803802728652954,49168
23.80730390548706,49168
23.810826063156128,49168
23.81434440612793,49168
23.81786060333252,49168
23.82138228416443,49168
23.824907064437866,49168
23.82848858833313,49168
23.834609031677246,49168
23.840760946273804,49168
23.846848249435425,49168
23.852766275405884,49168
23.858720064163208,49168
23.86494755744934,49168
23.871119499206543,49168
23.87729549407959,49168
23.883241176605225,49168
23.889159202575684,49168
23.89530920982361,49168
23.901427507400513,49168
23.907651901245117,49168
23.913834810256958,49168
23.91977620124817,49168
23.92569088935852,49168
23.932258367538452,49168
23.938506364822388,49168
23.944475889205933,49168
23.95041060447693,49168
23.956496238708496,49168
23.96277642250061,49168
23.968994617462158,49168
23.975207567214966,49168
23.981465339660645,49168
23.987673044204712,49168
23.99389410018921,49168
24.000112771987915,49168
24.00634264945984,49168
24.012308835983276,49168
24.018213510513306,49168
24.02445363998413,49168
24.03070831298828,49168
24.036895751953125,49168
24.04310894012451,49168
24.049396276474,49168
24.055583477020264,49168
24.06182551383972,49168
24.06768822669983,49168
24.07358193397522,49168
24.07983636856079,49168
24.08624529838562,49168
24.09249496459961,49168
24.09877324104309,49168
24.104961156845093,49168
24.11121702194214,49168
24.117477893829346,49168
24.12366247177124,49168
24.129677057266235,49168
24.135620594024658,49168
24.14157223701477,49168
24.14757800102234,49168
24.15388035774231,49168
24.160115242004395,49168
24.166324377059937,49168
24.172590494155884,49168
24.178797483444214,49168
24.185062646865845,49168
24.191272497177124,49168
24.197479486465454,49168
24.203434228897095,49168
24.209347248077393,49168
24.215461015701294,49168
24.221779823303223,49168
24.228009700775146,49168
24.23424220085144,49168
24.240522861480713,49168
24.246716260910034,49168
24.252962112426758,49168
24.259180068969727,49168
24.265087127685547,49168
24.27104878425598,49168
24.277277946472168,49168
24.28341794013977,49168
24.289701223373413,49168
24.2959086894989,49168
24.302143573760986,49168
24.308399200439453,49168
24.314642190933228,49168
24.32091498374939,49168
24.327102184295654,49168
24.333356618881226,49168
24.3396418094635,49168
24.345601081848145,49168
24.35155153274536,49168
24.357787132263184,49168
24.36398935317993,49168
24.370214462280273,49168
24.376465320587158,49168
24.38268280029297,49168
24.388954401016235,49168
24.395101070404053,49168
24.401057720184326,49168
24.406999111175537,49168
24.41293239593506,49168
24.419198036193848,49168
24.425361156463623,49168
24.431654691696167,49168
24.4379620552063,49168
24.44386601448059,49168
24.450024604797363,49168
24.45643377304077,49168
24.462650299072266,49168
24.46857213973999,49168
24.47449803352356,49168
24.480745315551758,49168
24.486828327178955,49168
24.49303126335144,49168
24.49835968017578,49168
24.50190496444702,49168
24.50542974472046,49168
24.508976459503174,49168
24.512501001358032,49168
24.516032218933105,49168
24.519575595855713,49168
24.523085117340088,49168
24.52661371231079,49168
24.5301411151886,49168
24.533661365509033,49168
24.53717875480652,49168
24.540719985961914,49168
24.544248580932617,49168
24.54779076576233,49168
24.551320791244507,49168
24.554832220077515,49168
24.558388471603394,49168
24.56191658973694,49168
24.565402269363403,49168
24.568958044052124,49168
24.572477102279663,49168
24.576017141342163,49168
24.57956838607788,49168
24.58308243751526,49168
24.58662486076355,49168
24.59015703201294,49168
24.593685150146484,49168
24.597208499908447,49168
24.600727796554565,49168
24.604263067245483,49168
24.607796907424927,49168
24.61131477355957,49168
24.61484146118164,49168
24.618370294570923,49168
24.621893167495728,49168
24.625466346740723,49168
24.628992080688477,49168
24.632533311843872,49168
24.636059999465942,49168
24.63960337638855,49168
24.64312505722046,49168
24.646662712097168,49168
24.65020251274109,49168
24.653741359710693,49168
24.657254457473755,49168
24.660810947418213,49168
24.664334058761597,49168
24.66787838935852,49168
24.671393632888794,49168
24.674919605255127,49168
24.67846441268921,49168
24.68200659751892,49168
24.685534954071045,49168
24.689070224761963,49168
24.692580461502075,49168
24.69612765312195,49168
24.699652671813965,49168
24.703185081481934,49168
24.706724643707275,49168
24.71026611328125,49168
24.713794231414795,49168
24.717344999313354,49168
24.72087860107422,49168
24.72439479827881,49168
24.727941036224365,49168
24.731487274169922,49168
24.734999656677246,49168
24.7385311126709,49168
24.742062091827393,49168
24.745586156845093,49168
24.7491238117218,49168
24.75265860557556,49168
24.756186723709106,49168
24.759734630584717,49168
24.763266563415527,49168
24.76679277420044,49168
24.770319938659668,49168
24.773863792419434,49168
24.77740240097046,49168
24.78091812133789,49168
24.7844500541687,49168
24.787983655929565,49168
24.791505813598633,49168
24.79502248764038,49168
24.79854917526245,49168
24.802063941955566,49168
24.80561065673828,49168
24.80913996696472,49168
24.812655448913574,49168
24.81618595123291,49168
24.81971788406372,49168
24.82323670387268,49168
24.82675004005432,49168
24.83031988143921,49168
24.833852529525757,49168
24.837393522262573,49168
24.840932607650757,49168
24.844456911087036,49168
24.847989559173584,49168
24.851532697677612,49168
24.855038166046143,49168
24.85858702659607,49168
24.862117767333984,49168
24.865650177001953,49168
24.869189262390137,49168
24.872717142105103,49168
24.876224994659424,49168
24.879761934280396,49168
24.883280515670776,49168
24.88681197166443,49168
24.890324115753174,49168
24.893858671188354,49168
24.897390604019165,49168
24.900930166244507,49168
24.904444932937622,49168
24.90796947479248,49168
24.91149377822876,49168
24.91503143310547,49168
24.918572187423706,49168
24.922080993652344,49168
24.925617933273315,49168
24.92916774749756,49168
24.933218955993652,49168
24.936808109283447,49168
24.94035768508911,49168
24.943905353546143,49168
24.947433710098267,49168
24.950955867767334,49168
24.954477787017822,49168
24.958000898361206,49168
24.9615159034729,49168
24.96503973007202,49168
24.968580722808838,49168
24.972115755081177,49168
24.97565221786499,49168
24.979195833206177,49168
24.982710123062134,49168
24.986239433288574,49168
24.989789485931396,49168
24.993285417556763,49168
24.996822595596313,49168
25.000362634658813,49168
25.003868579864502,49168
25.007397413253784,49168
25.01094388961792,49168
25.014463424682617,49168
25.017993211746216,49168
25.021533489227295,49168
25.02505922317505,49168
25.028599739074707,49168
25.032121658325195,49168
25.035669565200806,49168
25.039201498031616,49168
25.04274034500122,49168
25.046236991882324,49168
25.049797773361206,49168
25.05331802368164,49168
25.05685591697693,49168
25.06039524078369,49168
25.063905954360962,49168
25.067440032958984,49168
25.070996522903442,49168
25.07450294494629,49168
25.078010320663452,49168
25.081525087356567,49168
25.085062503814697,49168
25.088584184646606,49168
25.092099905014038,49168
25.095626831054688,49168
25.09917402267456,49168
25.102681398391724,49168
25.106219053268433,49168
25.109764099121094,49168
25.11328625679016,49168
25.11681079864502,49168
25.12033462524414,49168
25.123859405517578,49168
25.12740206718445,49168
25.13092017173767,49168
25.134455919265747,49168
25.137988805770874,49168
25.141506910324097,49168
25.14505624771118,49168
25.148585557937622,49168
25.152121543884277,49168
25.155654668807983,49168
25.159199714660645,49168
25.16275691986084,49168
25.16626501083374,49168
25.16981053352356,49168
25.173341751098633,49168
25.17688775062561,49168
25.180422067642212,49168
25.183936595916748,49168
25.18747115135193,49168
25.19099450111389,49168
25.19453525543213,49168
25.19809055328369,49168
25.201594352722168,49168
25.205116510391235,49168
25.20868182182312,49168
25.21219491958618,49168
25.21573257446289,49168
25.219300270080566,49168
25.222829818725586,49168
25.22637176513672,49168
25.22988510131836,49168
25.23340630531311,49168
25.236942529678345,49168
25.240493774414062,49168
25.244004011154175,49168
25.24755024909973,49168
25.251065015792847,49168
25.254620790481567,49168
25.25815224647522,49168
25.261682987213135,49168
25.26518726348877,49168
25.26871418952942,49168
25.272239923477173,49168
25.275774478912354,49168
25.279298782348633,49168
25.282825708389282,49168
25.286340713500977,49168
25.28988742828369,49168
25.293384313583374,49168
25.296932458877563,49168
25.300463914871216,49168
25.30399441719055,49168
25.30751609802246,49168
25.311058044433594,49168
25.31458806991577,49168
25.31810736656189,49168
25.32165265083313,49168
25.325171947479248,49168
25.328697204589844,49168
25.33220100402832,49168
25.33574867248535,49168
25.339291095733643,49168
25.342819213867188,49168
25.346343994140625,49168
25.349888563156128,49168
25.35340714454651,49168
25.35693860054016,49168
25.360471963882446,49168
25.363994121551514,49168
25.367537021636963,49168
25.371060609817505,49168
25.374601364135742,49168
25.378133296966553,49168
25.38169264793396,49168
25.385189056396484,49168
25.388752698898315,49168
25.39225697517395,49168
25.395796298980713,49168
25.399306058883667,49168
25.40283203125,49168
25.40633273124695,49168
25.409878969192505,49168
25.41339421272278,49168
25.416926383972168,49168
25.420480489730835,49168
25.42404317855835,49168
25.42756223678589,49168
25.43109655380249,49168
25.43465518951416,49168
25.438180923461914,49168
25.441723346710205,49168
25.445235013961792,49168
25.44878387451172,49168
25.452308177947998,49168
25.45583486557007,49168
25.459354639053345,49168
25.46287989616394,49168
25.46642756462097,49168
25.46998953819275,49168
25.473522186279297,49168
25.477032899856567,49168
25.480584144592285,49168
25.484108209609985,49168
25.487637996673584,49168
25.491145610809326,49168
25.494659900665283,49168
25.498183012008667,49168
25.50171160697937,49168
25.505242586135864,49168
25.508803367614746,49168
25.512325048446655,49168
25.515865087509155,49168
25.519397735595703,49168
25.522927045822144,49168
25.526464223861694,49168
25.530008554458618,49168
25.533538818359375,49168
25.537062406539917,49168
25.540581941604614,49168
25.544102907180786,49168
25.547632932662964,49168
25.551173210144043,49168
25.554707288742065,49168
25.558254957199097,49168
25.56179928779602,49168
25.565328121185303,49168
25.56887173652649,49168
25.57239270210266,49168
25.57589364051819,49168
25.57943630218506,49168
25.582937479019165,49168
25.586443185806274,49168
25.589959383010864,49168
25.593477249145508,49168
25.59701633453369,49168
25.600560188293457,49168
25.604084014892578,49168
25.6076078414917,49168
25.611121892929077,49168
25.614672899246216,49168
25.618244647979736,49168
25.6218204498291,49168
25.625385522842407,49168
25.62893319129944,49168
25.63245153427124,49168
25.635961532592773,49168
25.639491319656372,49168
25.64301347732544,49168
25.64651322364807,49168
25.650066614151,49168
25.653584241867065,49168
25.65710949897766,49168
25.660645961761475,49168
25.66418719291687,49168
25.667712688446045,49168
25.671223163604736,49168
25.674749851226807,49168
25.678284406661987,49168
25.681808948516846,49168
25.685330629348755,49168
25.688887119293213,49168
25.69240427017212,49168
25.695929527282715,49168
25.69944667816162,49168
25.702989101409912,49168
25.70650815963745,49168
25.710051774978638,49168
25.713571310043335,49168
25.717113256454468,49168
25.720635652542114,49168
25.72417688369751,49168
25.72772192955017,49168
25.731232166290283,49168
25.73475217819214,49168
25.738306999206543,49168
25.741872787475586,49168
25.74539065361023,49168
25.748924493789673,49168
25.75245213508606,49168
25.755962371826172,49168
25.759509086608887,49168
25.763032913208008,49168
25.766544580459595,49168
25.770097494125366,49168
25.773589611053467,49168
25.777127265930176,49168
25.780663013458252,49168
25.78419256210327,49168
25.787734508514404,49168
25.791271209716797,49168
25.794783353805542,49168
25.798317670822144,49168
25.80184507369995,49168
25.80539059638977,49168
25.808915376663208,49168
25.812466621398926,49168
25.815995454788208,49168
25.819536447525024,49168
25.823045015335083,49168
25.826560735702515,49168
25.83008909225464,49168
25.833619117736816,49168
25.83715796470642,49168
25.840722799301147,49168
25.84426212310791,49168
25.847827911376953,49168
25.851320028305054,49168
25.854869842529297,49168
25.858408451080322,49168
25.861957550048828,49168
25.865485906600952,49168
25.869012117385864,49168
25.872522592544556,49168
25.87605595588684,49168
25.879610061645508,49168
25.883141040802002,49168
25.886683464050293,49168
25.89020562171936,49168
25.89372420310974,49168
25.89725422859192,49168
25.900798559188843,49168
25.904349327087402,49168
25.907897233963013,49168
25.91140389442444,49168
25.91491436958313,49168
25.91847252845764,49168
25.921998262405396,49168
25.925514936447144,49168
25.92906618118286,49168
25.933098316192627,49168
25.936664819717407,49168
25.940224170684814,49168
25.943742275238037,49168
25.947251081466675,49168
25.95076608657837,49168
25.954299688339233,49168
25.957810640335083,49168
25.96134352684021,49168
25.96487307548523,49168
25.968404054641724,49168
25.971932649612427,49168
25.975467681884766,49168
25.978981971740723,49168
25.982524871826172,49168
25.9860360622406,49168
25.989591360092163,49168
25.9931161403656,49168
25.996659755706787,49168
26.00021266937256,49168
26.003761291503906,49168
26.00730562210083,49168
26.01084876060486,49168
26.01437020301819,49168
26.017906665802002,49168
26.021445274353027,49168
26.024975061416626,49168
26.02853560447693,49168
26.03205394744873,49168
26.035605669021606,49168
26.039125204086304,49168
26.042656421661377,49168
26.04619336128235,49168
26.04973864555359,49168
26.053240537643433,49168
26.056761503219604,49168
26.060288906097412,49168
26.06381869316101,49168
26.06738591194153,49168
26.07090735435486,49168
26.074427366256714,49168
26.077962636947632,49168
26.081519842147827,49168
26.0850510597229,49168
26.088584899902344,49168
26.09210515022278,49168
26.09561586380005,49168
26.09914541244507,49168
26.10267210006714,49168
26.106199979782104,49168
26.109740495681763,49168
26.113263845443726,49168
26.11677074432373,49168
26.12031102180481,49168
26.123834371566772,49168
26.127350330352783,49168
26.130890130996704,49168
26.134421825408936,49168
26.13795804977417,49168
26.14149260520935,49168
26.145026206970215,49168
26.148587465286255,49168
26.152122497558594,49168
26.155668020248413,49168
26.159205436706543,49168
26.162768363952637,49168
26.166306257247925,49168
26.16986346244812,49168
26.173386335372925,49168
26.176884412765503,49168
26.180432558059692,49168
26.18395757675171,49168
26.187525033950806,49168
26.191033124923706,49168
26.194566249847412,49168
26.198111057281494,49168
26.201639413833618,49168
26.205158233642578,49168
26.208683967590332,49168
26.21218967437744,49168
26.21573781967163,49168
26.219295978546143,49168
26.222819566726685,49168
26.22634720802307,49168
26.229882955551147,49168
26.233410120010376,49168
26.23694896697998,49168
26.24047303199768,49168
26.24401330947876,49168
26.24754524230957,49168
26.25108551979065,49168
26.254626274108887,49168
26.258174180984497,49168
26.261706352233887,49168
26.265230655670166,49168
26.268784523010254,49168
26.27230668067932,49168
26.275841236114502,49168
26.2793869972229,49168
26.2829372882843,49168
26.286471128463745,49168
26.290006637573242,49168
26.293531894683838,49168
26.297049522399902,49168
26.300570487976074,49168
26.3040931224823,49168
26.30761456489563,49168
26.31113600730896,49168
26.314672708511353,49168
26.318195819854736,49168
26.321735858917236,49168
26.325254201889038,49168
26.328789234161377,49168
26.332297801971436,49168
26.33582377433777,49168
26.33937168121338,49168
26.342914819717407,49168
26.346421003341675,49168
26.349955081939697,49168
26.353458404541016,49168
26.356993913650513,49168
26.360519886016846,49168
26.364060401916504,49168
26.367592334747314,49168
26.37111210823059,49168
26.37463927268982,49168
26.378154039382935,49168
26.381702184677124,49168
26.38524293899536,49168
26.388781309127808,49168
26.392302989959717,49168
26.395832061767578,49168
26.399382829666138,49168
26.402904987335205,49168
26.406437158584595,49168
26.409948110580444,49168
26.413479328155518,49168
26.416992664337158,49168
26.420539379119873,49168
26.424065113067627,49168
26.427600622177124,49168
26.431114673614502,49168
26.434638738632202,49168
26.438154458999634,49168
26.4416983127594,49168
26.445213794708252,49168
26.44878053665161,49168
26.452303409576416,49168
26.45584750175476,49168
26.459362745285034,49168
26.462910175323486,49168
26.4664204120636,49168
26.469954252243042,49168
26.47348189353943,49168
26.477015256881714,49168
26.48057770729065,49168
26.484095811843872,49168
26.487624406814575,49168
26.491166591644287,49168
26.494693517684937,49168
26.498233556747437,49168
26.501769065856934,49168
26.505295276641846,49168
26.508845567703247,49168
26.512401580810547,49168
26.515906810760498,49168
26.519466400146484,49168
26.52299928665161,49168
26.52655529975891,49168
26.530094385147095,49168
26.53364109992981,49168
26.537161111831665,49168
26.540732622146606,49168
26.544243812561035,49168
26.547774076461792,49168
26.551278829574585,49168
26.554800510406494,49168
26.5583336353302,49168
26.56187152862549,49168
26.565389394760132,49168
26.568942308425903,49168
26.572463274002075,49168
26.57601284980774,49168
26.579564809799194,49168
26.583089113235474,49168
26.586612939834595,49168
26.59016180038452,49168
26.593695640563965,49168
26.597218990325928,49168
26.600754737854004,49168
26.60426163673401,49168
26.607797145843506,49168
26.611311197280884,49168
26.61485767364502,49168
26.618398189544678,49168
26.62192440032959,49168
26.625476837158203,49168
26.62900161743164,49168
26.632543563842773,49168
26.63607120513916,49168
26.639615297317505,49168
26.643158435821533,49168
26.646714210510254,49168
26.650256872177124,49168
26.653794288635254,49168
26.657306671142578,49168
26.660863399505615,49168
26.664392709732056,49168
26.667936086654663,49168
26.67147660255432,49168
26.67500352859497,49168
26.678532600402832,49168
26.68203377723694,49168
26.685556888580322,49168
26.68910789489746,49168
26.69264507293701,49168
26.696171760559082,49168
26.699711561203003,49168
26.70321798324585,49168
26.706758975982666,49168
26.71030855178833,49168
26.713842153549194,49168
26.717383861541748,49168
26.720906972885132,49168
26.724445343017578,49168
26.72799563407898,49168
26.73154091835022,49168
26.7350857257843,49168
26.738638162612915,49168
26.7421817779541,49168
26.745755910873413,49168
26.7492733001709,49168
26.75280451774597,49168
26.75632619857788,49168
26.759849309921265,49168
26.763355493545532,49168
26.76689100265503,49168
26.77042007446289,49168
26.773958921432495,49168
26.777475118637085,49168
26.781018257141113,49168
26.78455352783203,49168
26.788089990615845,49168
26.791626930236816,49168
26.795158624649048,49168
26.798714637756348,49168
26.802246570587158,49168
26.80578637123108,49168
26.809273719787598,49168
26.812811374664307,49168
26.816330194473267,49168
26.819876432418823,49168
26.823419094085693,49168
26.826926469802856,49168
26.830485820770264,49168
26.834030389785767,49168
26.837573051452637,49168
26.841087579727173,49168
26.84462070465088,49168
26.848164558410645,49168
26.851714849472046,49168
26.855218648910522,49168
26.85875916481018,49168
26.86228919029236,49168
26.86582899093628,49168
26.869361400604248,49168
26.87287998199463,49168
26.87639856338501,49168
26.879950284957886,49168
26.883471250534058,49168
26.887012004852295,49168
26.89055633544922,49168
26.89411997795105,49168
26.897653341293335,49168
26.90116286277771,49168
26.904671907424927,49168
26.908202171325684,49168
26.911723136901855,49168
26.91525387763977,49168
26.918800592422485,49168
26.922311305999756,49168
26.925832271575928,49168
26.929391145706177,49168
26.933492422103882,49168
26.937057733535767,49168
26.94062566757202,49168
26.94415807723999,49168
26.94768786430359,49168
26.951231241226196,49168
26.95473623275757,49168
26.958263635635376,49168
26.9617657661438,49168
26.965296506881714,49168
26.96884536743164,49168
26.97240447998047,49168
26.975927114486694,49168
26.979471683502197,49168
26.9830105304718,49168
26.986550092697144,49168
26.990073680877686,49168
26.993613719940186,49168
26.997110605239868,49168
27.00064206123352,49168
27.00416874885559,49168
27.00769281387329,49168
27.011207580566406,49168
27.01475477218628,49168
27.018287420272827,49168
27.021824598312378,49168
27.025334358215332,49168
27.02889609336853,49168
27.0324387550354,49168
27.03597640991211,49168
27.039499759674072,49168
27.04305934906006,49168
27.04659605026245,49168
27.05015206336975,49168
27.05367946624756,49168
27.057220458984375,49168
27.060752391815186,49168
27.064260244369507,49168
27.067803621292114,49168
27.07131004333496,49168
27.074857473373413,49168
27.07840371131897,49168
27.08191967010498,49168
27.08546781539917,49168
27.089006900787354,49168
27.092535734176636,49168
27.096062421798706,49168
27.099604845046997,49168
27.103102207183838,49168
27.106662273406982,49168
27.11019802093506,49168
27.113739252090454,49168
27.11725091934204,49168
27.12081265449524,49168
27.124310970306396,49168
27.127867221832275,49168
27.13137173652649,49168
27.134904146194458,49168
27.138453245162964,49168
27.14198398590088,49168
27.145495176315308,49168
27.14903235435486,49168
27.1525616645813,49168
27.156087160110474,49168
27.159603118896484,49168
27.16314697265625,49168
27.166653871536255,49168
27.170204639434814,49168
27.17374563217163,49168
27.177289485931396,49168
27.18082284927368,49168
27.184348344802856,49168
27.18786931037903,49168
27.19138216972351,49168
27.194919109344482,49168
27.198457956314087,49168
27.201993465423584,49168
27.20553731918335,49168
27.209065675735474,49168
27.212594270706177,49168
27.216132879257202,49168
27.219709634780884,49168
27.223222494125366,49168
27.22677230834961,49168
27.230314254760742,49168
27.23385977745056,49168
27.237395763397217,49168
27.24093270301819,49168
27.24446392059326,49168
27.24798560142517,49168
27.25153398513794,49168
27.255059719085693,49168
27.25857949256897,49168
27.262107849121094,49168
27.265630960464478,49168
27.269166946411133,49168
27.272695779800415,49168
27.276219844818115,49168
27.27977681159973,49168
27.2833149433136,49168
27.286841869354248,49168
27.290378093719482,49168
27.293874979019165,49168
27.297375679016113,49168
27.300914525985718,49168
27.304451942443848,49168
27.307994842529297,49168
27.311545610427856,49168
27.315072298049927,49168
27.318616151809692,49168
27.322137594223022,49168
27.325654983520508,49168
27.329174995422363,49168
27.332681894302368,49168
27.336199283599854,49168
27.33975315093994,49168
27.343270540237427,49168
27.346825122833252,49168
27.35035490989685,49168
27.353899478912354,49168
27.35742688179016,49168
27.36092472076416,49168
27.36443042755127,49168
27.367974042892456,49168
27.37148666381836,49168
27.37501573562622,49168
27.37855339050293,49168
27.382082223892212,49168
27.38562035560608,49168
27.3891441822052,49168
27.392683267593384,49168
27.396196603775024,49168
27.39975380897522,49168
27.4032940864563,49168
27.406841039657593,49168
27.410372257232666,49168
27.41390109062195,49168
27.417450428009033,49168
27.420978307724,49168
27.42451572418213,49168
27.428056955337524,49168
27.431610584259033,49168
27.435153484344482,49168
27.438706159591675,49168
27.44220757484436,49168
27.44575333595276,49168
27.449273586273193,49168
27.452802658081055,49168
27.456319093704224,49168
27.45987319946289,49168
27.463397979736328,49168
27.466918468475342,49168
27.47046160697937,49168
27.473958253860474,49168
27.477489471435547,49168
27.48100233078003,49168
27.48450803756714,49168
27.488052129745483,49168
27.491583585739136,49168
27.49509835243225,49168
27.4986310005188,49168
27.502158403396606,49168
27.505686283111572,49168
27.509238481521606,49168
27.512759685516357,49168
27.516300201416016,49168
27.519842863082886,49168
27.523350954055786,49168
27.526883125305176,49168
27.53043794631958,49168
27.533979892730713,49168
27.53751826286316,49168
27.541056394577026,49168
27.54460048675537,49168
27.548137664794922,49168
27.551661252975464,49168
27.555168867111206,49168
27.558716535568237,49168
27.562255859375,49168
27.56579041481018,49168
27.569324731826782,49168
27.572864294052124,49168
27.576390266418457,49168
27.5799298286438,49168
27.583484411239624,49168
27.587016105651855,49168
27.59055757522583,49168
27.594093799591064,49168
27.597644329071045,49168
27.6011803150177,49168
27.604690313339233,49168
27.608215808868408,49168
27.61172890663147,49168
27.615257024765015,49168
27.618804693222046,49168
27.62231159210205,49168
27.625879049301147,49168
27.62944269180298,49168
27.632983446121216,49168
27.63653254508972,49168
27.64008402824402,49168
27.643624544143677,49168
27.647135972976685,49168
27.650680780410767,49168
27.654203176498413,49168
27.657768487930298,49168
27.661293029785156,49168
27.664857864379883,49168
27.668421745300293,49168
27.671961784362793,49168
27.675490617752075,49168
27.67904496192932,49168
27.68256974220276,49168
27.686113357543945,49168
27.689658880233765,49168
27.693172693252563,49168
27.696672677993774,49168
27.700242280960083,49168
27.703791856765747,49168
27.707300186157227,49168
27.71085524559021,49168
27.71438241004944,49168
27.71792244911194,49168
27.72149085998535,49168
27.725002765655518,49168
27.72852897644043,49168
27.732064962387085,49168
27.735572338104248,49168
27.739121198654175,49168
27.742644786834717,49168
27.74618911743164,49168
27.749728202819824,49168
27.753272533416748,49168
27.75679302215576,49168
27.760330200195312,49168
27.763857126235962,49168
27.76738977432251,49168
27.770947456359863,49168
27.774478435516357,49168
27.778000354766846,49168
27.78154182434082,49168
27.7850558757782,49168
27.788599729537964,49168
27.792126417160034,49168
27.795631885528564,49168
27.799153566360474,49168
27.802674531936646,49168
27.806206464767456,49168
27.80974245071411,49168
27.813246726989746,49168
27.81676149368286,49168
27.820314407348633,49168
27.823857069015503,49168
27.827399015426636,49168
27.83095097541809,49168
27.83446431159973,49168
27.837992191314697,49168
27.84154438972473,49168
27.84508490562439,49168
27.8486487865448,49168
27.852155685424805,49168
27.85568404197693,49168
27.85921025276184,49168
27.862735509872437,49168
27.866259813308716,49168
27.869796991348267,49168
27.87332320213318,49168
27.87685489654541,49168
27.88041925430298,49168
27.883941411972046,49168
27.88747763633728,49168
27.891034841537476,49168
27.89457607269287,49168
27.89811110496521,49168
27.901650428771973,49168
27.9051833152771,49168
27.908747673034668,49168
27.912267208099365,49168
27.91580820083618,49168
27.919342041015625,49168
27.922861099243164,49168
27.926419973373413,49168
27.929945468902588,49168
27.93367862701416,49168
27.937474489212036,49168
27.941036701202393,49168
27.94457697868347,49168
27.94810676574707,49168
27.95164155960083,49168
27.955148220062256,49168
27.958699464797974,49168
27.962217330932617,49168
27.965762853622437,49168
27.969306707382202,49168
27.972792625427246,49168
27.976319074630737,49168
27.979881763458252,49168
27.983417510986328,49168
27.98697566986084,49168
27.990525484085083,49168
27.994060516357422,49168
27.997591257095337,49168
28.00113010406494,49168
28.004687786102295,49168
28.008208513259888,49168
28.011739492416382,49168
28.015270233154297,49168
28.018827199935913,49168
28.02237367630005,49168
28.025895357131958,49168
28.029434204101562,49168
28.032974004745483,49168
28.03649663925171,49168
28.04003667831421,49168
28.04357600212097,49168
28.04710841178894,49168
28.050634384155273,49168
28.054162979125977,49168
28.05770230293274,49168
28.06124472618103,49168
28.06476378440857,49168
28.068300247192383,49168
28.07184672355652,49168
28.075376987457275,49168
28.078919172286987,49168
28.082443237304688,49168
28.085992574691772,49168
28.08953309059143,49168
28.093056201934814,49168
28.096574783325195,49168
28.10010838508606,49168
28.103661060333252,49168
28.10718560218811,49168
28.110700607299805,49168
28.11421823501587,49168
28.117764234542847,49168
28.121286630630493,49168
28.124835729599,49168
28.12837815284729,49168
28.13190484046936,49168
28.135452032089233,49168
28.13900065422058,49168
28.14254117012024,49168
28.146093368530273,49168
28.149649381637573,49168
28.153172969818115,49168
28.156681776046753,49168
28.16021752357483,49168
28.163736820220947,49168
28.16727876663208,49168
28.170825958251953,49168
28.174357175827026,49168
28.17790985107422,49168
28.181424140930176,49168
28.18494176864624,49168
28.188472986221313,49168
28.19201636314392,49168
28.195560932159424,49168
28.199095487594604,49168
28.20263934135437,49168
28.20615315437317,49168
28.209694385528564,49168
28.21321678161621,49168
28.216754913330078,49168
28.220306873321533,49168
28.223845720291138,49168
28.2273907661438,49168
28.2309410572052,49168
28.23447012901306,49168
28.237993955612183,49168
28.24152946472168,49168
28.245055675506592,49168
28.248611211776733,49168
28.252169370651245,49168
28.255707025527954,49168
28.25924324989319,49168
28.262759685516357,49168
28.266304969787598,49168
28.26986002922058,49168
28.27339267730713,49168
28.27693748474121,49168
28.280458450317383,49168
28.283965826034546,49168
28.287502765655518,49168
28.291030168533325,49168
28.294581174850464,49168
28.298115491867065,49168
28.301647663116455,49168
28.305190563201904,49168
28.308754444122314,49168
28.312256574630737,49168
28.31576919555664,49168
28.319299936294556,49168
28.322824954986572,49168
28.32633662223816,49168
28.329872369766235,49168
28.33339238166809,49168
28.336921215057373,49168
28.34044861793518,49168
28.34399175643921,49168
28.347527265548706,49168
28.351052284240723,49168
28.354570627212524,49168
28.358112812042236,49168
28.361669540405273,49168
28.365234375,49168
28.368812322616577,49168
28.372368335723877,49168
28.37591290473938,49168
28.37949275970459,49168
28.38300609588623,49168
28.386549472808838,49168
28.39010214805603,49168
28.39365267753601,49168
28.397207498550415,49168
28.400744199752808,49168
28.404276847839355,49168
28.407819509506226,49168
28.411351919174194,49168
28.414910078048706,49168
28.418449878692627,49168
28.421988248825073,49168
28.42553210258484,49168
28.42909574508667,49168
28.43261194229126,49168
28.43613576889038,49168
28.439686059951782,49168
28.443212509155273,49168
28.446738243103027,49168
28.450315237045288,49168
28.453858852386475,49168
28.45739722251892,49168
28.4609317779541,49168
28.464448928833008,49168
28.46797466278076,49168
28.47150468826294,49168
28.475013256072998,49168
28.478554248809814,49168
28.48208522796631,49168
28.485624074935913,49168
28.489163398742676,49168
28.492698192596436,49168
28.49622654914856,49168
28.499822854995728,49168
28.503311157226562,49168
28.506876468658447,49168
28.51041078567505,49168
28.513922214508057,49168
28.517452001571655,49168
28.521000385284424,49168
28.52452802658081,49168
28.528053283691406,49168
28.53159523010254,49168
28.53511357307434,49168
28.5386323928833,49168
28.542158126831055,49168
28.54566502571106,49168
28.54922103881836,49168
28.552780151367188,49168
28.556298971176147,49168
28.559831857681274,49168
28.56335997581482,49168
28.566878080368042,49168
28.570385456085205,49168
28.573923587799072,49168
28.577458381652832,49168
28.580984830856323,49168
28.584515810012817,49168
28.58805561065674,49168
28.591602087020874,49168
28.59513235092163,49168
28.598678588867188,49168
28.602213621139526,49168
28.6057608127594,49168
28.609294176101685,49168
28.612818002700806,49168
28.61634373664856,49168
28.619906425476074,49168
28.623450756072998,49168
28.627002477645874,49168
28.630555868148804,49168
28.634090662002563,49168
28.637639045715332,49168
28.641191482543945,49168
28.644731044769287,49168
28.648242950439453,49168
28.651777505874634,49168
28.65530252456665,49168
28.65883159637451,49168
28.662346601486206,49168
28.66587495803833,49168
28.669398307800293,49168
28.67292046546936,49168
28.67646598815918,49168
28.680002689361572,49168
28.68353509902954,49168
28.687039375305176,49168
28.69056725502014,49168
28.694061517715454,49168
28.6976215839386,49168
28.70113229751587,49168
28.704650402069092,49168
28.70818591117859,49168
28.71171545982361,49168
28.715234518051147,49168
28.718769788742065,49168
28.722303867340088,49168
28.72582769393921,49168
28.7293701171875,49168
28.732906341552734,49168
28.736406087875366,49168
28.73993706703186,49168
28.743483304977417,49168
28.747007369995117,49168
28.75052762031555,49168
28.754048824310303,49168
28.757594108581543,49168
28.76113247871399,49168
28.76467490196228,49168
28.768186807632446,49168
28.771713733673096,49168
28.775235652923584,49168
28.778783798217773,49168
28.782294988632202,49168
28.7858145236969,49168
28.78934669494629,49168
28.792851448059082,49168
28.79635715484619,49168
28.799916744232178,49168
28.803432941436768,49168
28.806963682174683,49168
28.810484170913696,49168
28.81401228904724,49168
28.81756353378296,49168
28.821086406707764,49168
28.824612855911255,49168
28.828144550323486,49168
28.831702709197998,49168
28.83523678779602,49168
28.83876371383667,49168
28.842285871505737,49168
28.84583830833435,49168
28.849380016326904,49168
28.85289216041565,49168
28.85640573501587,49168
28.85994839668274,49168
28.863479137420654,49168
28.866998195648193,49168
28.8705153465271,49168
28.874062061309814,49168
28.87759280204773,49168
28.881124019622803,49168
28.884660482406616,49168
28.888190507888794,49168
28.891726970672607,49168
28.895238876342773,49168
28.8987934589386,49168
28.902308702468872,49168
28.905831575393677,49168
28.909387588500977,49168
28.912903308868408,49168
28.916446924209595,49168
28.9200336933136,49168
28.923564672470093,49168
28.927129983901978,49168
28.930662393569946,49168
28.934202194213867,49168
28.938143491744995,49168
28.941716194152832,49168
28.945252180099487,49168
28.948848724365234,49168
28.952409029006958,49168
28.955965280532837,49168
28.959534168243408,49168
28.96306872367859,49168
28.96658706665039,49168
28.970141410827637,49168
28.973701000213623,49168
28.977259635925293,49168
28.980806350708008,49168
28.984309434890747,49168
28.987868547439575,49168
28.991384744644165,49168
28.99489974975586,49168
28.998436450958252,49168
29.001975297927856,49168
29.00550937652588,49168
29.009063482284546,49168
29.012611389160156,49168
29.016124963760376,49168
29.01968216896057,49168
29.02322030067444,49168
29.026757955551147,49168
29.030306816101074,49168
29.033836603164673,49168
29.037359952926636,49168
29.040910959243774,49168
29.044424533843994,49168
29.047992944717407,49168
29.051525831222534,49168
29.055047273635864,49168
29.05857801437378,49168
29.06210970878601,49168
29.065659284591675,49168
29.069201231002808,49168
29.072739362716675,49168
29.076271772384644,49168
29.079834699630737,49168
29.08335304260254,49168
29.0869038105011,49168
29.090453624725342,49168
29.093989372253418,49168
29.097545385360718,49168
29.101054430007935,49168
29.104571104049683,49168
29.108119010925293,49168
29.11165142059326,49168
29.115168809890747,49168
29.11871886253357,49168
29.122255086898804,49168
29.125803470611572,49168
29.12932777404785,49168
29.13287115097046,49168
29.136419773101807,49168
29.139966249465942,49168
29.143499851226807,49168
29.147016286849976,49168
29.15053153038025,49168
29.15408420562744,49168
29.157628774642944,49168
29.161152124404907,49168
29.164700269699097,49168
29.168269395828247,49168
29.171799182891846,49168
29.175326585769653,49168
29.17886519432068,49168
29.182408332824707,49168
29.185960292816162,49168
29.18949794769287,49168
29.193042039871216,49168
29.196580171585083,49168
29.20013403892517,49168
29.203686714172363,49168
29.207226276397705,49168
29.21079182624817,49168
29.214314222335815,49168
29.217855215072632,49168
29.221432209014893,49168
29.224958896636963,49168
29.228485584259033,49168
29.232016801834106,49168
29.235539436340332,49168
29.239092350006104,49168
29.242625951766968,49168
29.246147632598877,49168
29.249683380126953,49168
29.253228902816772,49168
29.256773710250854,49168
29.26030445098877,49168
29.26383352279663,49168
29.267322540283203,49168
29.270883560180664,49168
29.274409532546997,49168
29.27793312072754,49168
29.281473636627197,49168
29.2850022315979,49168
29.288538217544556,49168
29.292094469070435,49168
29.29562735557556,49168
29.299188137054443,49168
29.302719116210938,49168
29.306227445602417,49168
29.30976176261902,49168
29.313322067260742,49168
29.31683325767517,49168
29.320369005203247,49168
29.323917388916016,49168
29.327459573745728,49168
29.33097743988037,49168
29.33452582359314,49168
29.338070154190063,49168
29.341606378555298,49168
29.345144033432007,49168
29.34869909286499,49168
29.352213621139526,49168
29.355767726898193,49168
29.359285354614258,49168
29.362847328186035,49168
29.36639428138733,49168
29.369935274124146,49168
29.373481273651123,49168
29.376983880996704,49168
29.380534887313843,49168
29.384053707122803,49168
29.387593984603882,49168
29.391138553619385,49168
29.3946750164032,49168
29.398216485977173,49168
29.4017436504364,49168
29.405277013778687,49168
29.408828258514404,49168
29.412340879440308,49168
29.415876150131226,49168
29.41940474510193,49168
29.422940969467163,49168
29.426455974578857,49168
29.430002689361572,49168
29.43355441093445,49168
29.43706202507019,49168
29.44061827659607,49168
29.444145441055298,49168
29.447653770446777,49168
29.45115375518799,49168
29.454679489135742,49168
29.458221673965454,49168
29.461759567260742,49168
29.46527099609375,49168
29.46881079673767,49168
29.472320079803467,49168
29.47585964202881,49168
29.479403018951416,49168
29.482926845550537,49168
29.486426830291748,49168
29.48997163772583,49168
29.49348783493042,49168
29.497018337249756,49168
29.50053644180298,49168
29.504080295562744,49168
29.507631301879883,49168
29.511175632476807,49168
29.514695167541504,49168
29.518232822418213,49168
29.521788835525513,49168
29.525309324264526,49168
29.528860807418823,49168
29.532390117645264,49168
29.535900354385376,49168
29.53943943977356,49168
29.54296350479126,49168
29.546485662460327,49168
29.55005192756653,49168
29.553585290908813,49168
29.55711007118225,49168
29.560658931732178,49168
29.564229488372803,49168
29.56779670715332,49168
29.571353673934937,49168
29.574862718582153,49168
29.578406810760498,49168
29.581964254379272,49168
29.585487604141235,49168
29.589026927947998,49168
29.59255599975586,49168
29.59608745574951,49168
29.59960126876831,49168
29.603142738342285,49168
29.60667872428894,49168
29.61020517349243,49168
29.61372661590576,49168
29.617254495620728,49168
29.62078022956848,49168
29.624301433563232,49168
29.627856969833374,49168
29.63137912750244,49168
29.634905338287354,49168
29.63844132423401,49168
29.64195466041565,49168
29.64548134803772,49168
29.649024486541748,49168
29.652567386627197,49168
29.656087160110474,49168
29.659623384475708,49168
29.663155794143677,49168
29.666708946228027,49168
29.67025399208069,49168
29.67378044128418,49168
29.67729616165161,49168
29.680822372436523,49168
29.684359073638916,49168
29.687893629074097,49168
29.69141459465027,49168
29.694961071014404,49168
29.698473691940308,49168
29.701990365982056,49168
29.705496549606323,49168
29.709022283554077,49168
29.712538242340088,49168
29.7160542011261,49168
29.719602346420288,49168
29.723151445388794,49168
29.726670265197754,49168
29.730209589004517,49168
29.73375678062439,49168
29.737266540527344,49168
29.740792274475098,49168
29.744312286376953,49168
29.747836112976074,49168
29.751360416412354,49168
29.754895210266113,49168
29.75843858718872,49168
29.761961936950684,49168
29.76549744606018,49168
29.769021034240723,49168
29.77255892753601,49168
29.77607822418213,49168
29.779614686965942,49168
29.783129930496216,49168
29.786684274673462,49168
29.79018998146057,49168
29.793708324432373,49168
29.797243356704712,49168
29.80078649520874,49168
29.804311990737915,49168
29.807850122451782,49168
29.811393976211548,49168
29.814907789230347,49168
29.81842851638794,49168
29.821937561035156,49168
29.825439929962158,49168
29.828957080841064,49168
29.83248472213745,49168
29.83601713180542,49168
29.839539289474487,49168
29.84307026863098,49168
29.84662103652954,49168
29.85014533996582,49168
29.853675842285156,49168
29.85720658302307,49168
29.860718488693237,49168
29.86425280570984,49168
29.867778778076172,49168
29.87130045890808,49168
29.874837398529053,49168
29.878355503082275,49168
29.881901264190674,49168
29.885438203811646,49168
29.888965129852295,49168
29.89250612258911,49168
29.896015405654907,49168
29.899553537368774,49168
29.903069019317627,49168
29.90662407875061,49168
29.910157680511475,49168
29.913707494735718,49168
29.91722559928894,49168
29.920772075653076,49168
29.924283027648926,49168
29.927860260009766,49168
29.931389331817627,49168
29.934943437576294,49168
29.938883066177368,49168
29.942431211471558,49168
29.94597315788269,49168
29.949576139450073,49168
29.95311737060547,49168
29.95665144920349,49168
29.96021604537964,49168
29.96375322341919,49168
29.967283964157104,49168
29.97081446647644,49168
29.97433352470398,49168
29.977872848510742,49168
29.9813973903656,49168
29.98490858078003,49168
29.988430500030518,49168
29.991963624954224,49168
29.995526790618896,49168
29.999093770980835,49168
30.00266432762146,49168
30.00617790222168,49168
30.00970721244812,49168
30.01324486732483,49168
30.01677703857422,49168
30.02033519744873,49168
30.023863077163696,49168
30.027392387390137,49168
30.030919075012207,49168
30.03444242477417,49168
30.03796911239624,49168
30.04151153564453,49168
30.04502820968628,49168
30.048550367355347,49168
30.052065134048462,49168
30.055602073669434,49168
30.05913209915161,49168
30.062671422958374,49168
30.066195011138916,49168
30.06975555419922,49168
30.073288202285767,49168
30.07681941986084,49168
30.0803542137146,49168
30.083892822265625,49168
30.087419748306274,49168
30.09096074104309,49168
30.094508409500122,49168
30.098056316375732,49168
30.101584672927856,49168
30.10511064529419,49168
30.108672380447388,49168
30.11217951774597,49168
30.115712881088257,49168
30.11924171447754,49168
30.12277102470398,49168
30.126323461532593,49168
30.129863739013672,49168
30.1334228515625,49168
30.136938333511353,49168
30.140493154525757,49168
30.14402937889099,49168
30.147571563720703,49168
30.151113271713257,49168
30.15464997291565,49168
30.15817379951477,49168
30.161704063415527,49168
30.16523814201355,49168
30.168801069259644,49168
30.172316789627075,49168
30.17585849761963,49168
30.17940378189087,49168
30.18295454978943,49168
30.186493158340454,49168
30.190024852752686,49168
30.19354510307312,49168
30.19707226753235,49168
30.200607299804688,49168
30.20414972305298,49168
30.20769739151001,49168
30.211228609085083,49168
30.21476173400879,49168
30.218302249908447,49168
30.221847534179688,49168
30.225380420684814,49168
30.228898763656616,49168
30.23243498802185,49168
30.235939025878906,49168
30.239488124847412,49168
30.243018627166748,49168
30.246548652648926,49168
30.250083923339844,49168
30.253621816635132,49168
30.257147312164307,49168
30.260691165924072,49168
30.26422357559204,49168
30.267754793167114,49168
30.27128005027771,49168
30.27480411529541,49168
30.278332233428955,49168
30.28187084197998,49168
30.285393714904785,49168
30.28895854949951,49168
30.292493104934692,49168
30.295995950698853,49168
30.29953646659851,49168
30.303062200546265,49168
30.306586027145386,49168
30.310144901275635,49168
30.31367301940918,49168
30.31722664833069,49168
30.320753812789917,49168
30.324284553527832,49168
30.327813625335693,49168
30.331360816955566,49168
30.33490514755249,49168
30.33843731880188,49168
30.341965436935425,49168
30.34547185897827,49168
30.349003314971924,49168
30.352535009384155,49168
30.356065034866333,49168
30.359631776809692,49168
30.3631808757782,49168
30.36673378944397,49168
30.37026023864746,49168
30.37379503250122,49168
30.37731170654297,49168
30.380849838256836,49168
30.384384632110596,49168
30.387951850891113,49168
30.391483306884766,49168
30.395007848739624,49168
30.39855670928955,49168
30.402077436447144,49168
30.405585050582886,49168
30.409130334854126,49168
30.412638902664185,49168
30.41616177558899,49168
30.41970157623291,49168
30.423218250274658,49168
30.42674446105957,49168
30.430269479751587,49168
30.433797121047974,49168
30.43731713294983,49168
30.440880060195923,49168
30.444413661956787,49168
30.447962999343872,49168
30.451494216918945,49168
30.45502996444702,49168
30.45858860015869,49168
30.462096214294434,49168
30.465655088424683,49168
30.469202041625977,49168
30.47273063659668,49168
30.47625970840454,49168
30.479808807373047,49168
30.483335256576538,49168
30.48687434196472,49168
30.49043083190918,49168
30.493937015533447,49168
30.49748134613037,49168
30.501015663146973,49168
30.504565715789795,49168
30.508091688156128,49168
30.511623859405518,49168
30.515153646469116,49168
30.51869821548462,49168
30.52221989631653,49168
30.52571392059326,49168
30.529236555099487,49168
30.532768487930298,49168
30.536306142807007,49168
30.53983473777771,49168
30.5433509349823,49168
30.54689121246338,49168
30.55042862892151,49168
30.55393123626709,49168
30.557466983795166,49168
30.560991525650024,49168
30.56452488899231,49168
30.568068981170654,49168
30.571613788604736,49168
30.57513427734375,49168
30.57866597175598,49168
30.58219313621521,49168
30.585721969604492,49168
30.589256286621094,49168
30.59277868270874,49168
30.596299409866333,49168
30.5998477935791,49168
30.6033616065979,49168
30.606910467147827,49168
30.610455989837646,49168
30.61398696899414,49168
30.617522478103638,49168
30.621068954467773,49168
30.62461256980896,49168
30.62817883491516,49168
30.631706953048706,49168
30.63525366783142,49168
30.638790369033813,49168
30.642316102981567,49168
30.64584517478943,49168
30.649377584457397,49168
30.65290355682373,49168
30.656441688537598,49168
30.659979820251465,49168
30.663508653640747,49168
30.66704797744751,49168
30.67057514190674,49168
30.67411732673645,49168
30.677631378173828,49168
30.681161403656006,49168
30.684687852859497,49168
30.68821382522583,49168
30.69178032875061,49168
30.695313215255737,49168
30.698873043060303,49168
30.70240092277527,49168
30.705931186676025,49168
30.709479093551636,49168
30.713016510009766,49168
30.716544151306152,49168
30.720082759857178,49168
30.723581314086914,49168
30.72709369659424,49168
30.730623960494995,49168
30.73413896560669,49168
30.737651586532593,49168
30.741187572479248,49168
30.744745016098022,49168
30.7482807636261,49168
30.751805782318115,49168
30.75533151626587,49168
30.75885796546936,49168
30.762381553649902,49168
30.765931367874146,49168
30.769470930099487,49168
30.77300524711609,49168
30.776545763015747,49168
30.78010392189026,49168
30.78361988067627,49168
30.78714108467102,49168
30.7906756401062,49168
30.794188261032104,49168
30.797728300094604,49168
30.80125665664673,49168
30.80478835105896,49168
30.808279275894165,49168
30.811834812164307,49168
30.815383672714233,49168
30.81892967224121,49168
30.822466373443604,49168
30.82602047920227,49168
30.829569101333618,49168
30.833115339279175,49168
30.83663845062256,49168
30.840163230895996,49168
30.843677759170532,49168
30.847188472747803,49168
30.8507342338562,49168
30.854252338409424,49168
30.8577983379364,49168
30.861352920532227,49168
30.864893913269043,49168
30.86843466758728,49168
30.87194561958313,49168
30.87547278404236,49168
30.879002332687378,49168
30.882530450820923,49168
30.88605833053589,49168
30.889588832855225,49168
30.893117666244507,49168
30.896636247634888,49168
30.900155544281006,49168
30.903706789016724,49168
30.907224893569946,49168
30.910773038864136,49168
30.914296627044678,49168
30.91784405708313,49168
30.921359539031982,49168
30.924884796142578,49168
30.92845368385315,49168
30.931978702545166,49168
30.93550968170166,49168
30.939579963684082,49168
30.94315767288208,49168
30.946718454360962,49168
30.95028042793274,49168
30.9538516998291,49168
30.957398891448975,49168
30.96092200279236,49168
30.964446544647217,49168
30.96797013282776,49168
30.97150468826294,49168
30.97503399848938,49168
30.978588581085205,49168
30.98211908340454,49168
30.985628843307495,49168
30.98916745185852,49168
30.992671966552734,49168
30.996199131011963,49168
30.999730110168457,49168
31.003220558166504,49168
31.006731271743774,49168
31.0102596282959,49168
31.013776540756226,49168
31.017305850982666,49168
31.020821809768677,49168
31.02437138557434,49168
31.027878284454346,49168
31.031417846679688,49168
31.034914255142212,49168
31.038454055786133,49168
31.041967630386353,49168
31.04550004005432,49168
31.04905104637146,49168
31.05258536338806,49168
31.05611228942871,49168
31.05966019630432,49168
31.063174962997437,49168
31.066686153411865,49168
31.070220470428467,49168
31.07376265525818,49168
31.077279806137085,49168
31.080825567245483,49168
31.084359645843506,49168
31.087907791137695,49168
31.091429948806763,49168
31.094944953918457,49168
31.09847593307495,49168
31.101988077163696,49168
31.105528116226196,49168
31.109074115753174,49168
31.112623691558838,49168
31.116156578063965,49168
31.119672298431396,49168
31.123201608657837,49168
31.126772165298462,49168
31.130314111709595,49168
31.133813858032227,49168
31.137380599975586,49168
31.14091658592224,49168
31.14444613456726,49168
31.147998094558716,49168
31.151530742645264,49168
31.155050039291382,49168
31.158588886260986,49168
31.162129163742065,49168
31.16566228866577,49168
31.169195890426636,49168
31.17273712158203,49168
31.1762855052948,49168
31.179824352264404,49168
31.183342695236206,49168
31.186872959136963,49168
31.190407752990723,49168
31.19393801689148,49168
31.19747757911682,49168
31.20100426673889,49168
31.20451855659485,49168
31.208051204681396,49168
31.21158528327942,49168
31.215102195739746,49168
31.218660354614258,49168
31.22222089767456,49168
31.225770711898804,49168
31.22929048538208,49168
31.232823610305786,49168
31.23633623123169,49168
31.239892721176147,49168
31.243442058563232,49168
31.246963262557983,49168
31.250514268875122,49168
31.25403642654419,49168
31.257572412490845,49168
31.26110863685608,49168
31.264626502990723,49168
31.268136262893677,49168
31.27165961265564,49168
31.27518391609192,49168
31.278743505477905,49168
31.28226327896118,49168
31.28581166267395,49168
31.289345741271973,49168
31.292893171310425,49168
31.29642152786255,49168
31.29995107650757,49168
31.303470134735107,49168
31.30701756477356,49168
31.310580730438232,49168
31.31410026550293,49168
31.3176326751709,49168
31.3211612701416,49168
31.32468032836914,49168
31.328219175338745,49168
31.33175015449524,49168
31.33601951599121,49168
31.34186291694641,49168
31.347755193710327,49168
31.353979110717773,49168
31.360095977783203,49168
31.366295099258423,49168
31.37237572669983,49168
31.378272771835327,49168
31.384170532226562,49168
31.39034128189087,49168
31.39650058746338,49168
31.402665853500366,49168
31.408581495285034,49168
31.414512872695923,49168
31.420740365982056,49168
31.426933765411377,49168
31.433156967163086,49168
31.439044713974,49168
31.444961547851562,49168
31.451111793518066,49168
31.45724582672119,49168
31.463487148284912,49168
31.46966004371643,49168
31.475862979888916,49168
31.482245922088623,49168
31.488595008850098,49168
31.494911193847656,49168
31.50130271911621,49168
31.507731676101685,49168
31.51418900489807,49168
31.520714282989502,49168
31.527260541915894,49168
31.533824682235718,49168
31.54040789604187,49168
31.54704523086548,49168
31.55372381210327,49168
31.560461282730103,49168
31.567168474197388,49168
31.573892831802368,49168
31.58074164390564,49168
31.587536096572876,49168
31.59428572654724,49168
31.601003646850586,49168
31.60771131515503,49168
31.614386558532715,49168
31.62102437019348,49168
31.6276433467865,49168
31.63289761543274,49168
31.636444330215454,49168
31.639968395233154,49168
31.643476009368896,49168
31.646989107131958,49168
31.650535821914673,49168
31.654037714004517,49168
31.657599210739136,49168
31.661133527755737,49168
31.664642810821533,49168
31.668166637420654,49168
31.67170739173889,49168
31.67522358894348,49168
31.678761959075928,49168
31.682278156280518,49168
31.685824632644653,49168
31.68936777114868,49168
31.69290041923523,49168
31.696390628814697,49168
31.699927806854248,49168
31.703473567962646,49168
31.707016229629517,49168
31.710569381713867,49168
31.714101552963257,49168
31.717639684677124,49168
31.721163272857666,49168
31.72470498085022,49168
31.72825527191162,49168
31.73177671432495,49168
31.735311269760132,49168
31.738851070404053,49168
31.74238681793213,49168
31.74590253829956,49168
31.749448776245117,49168
31.75296449661255,49168
31.756497621536255,49168
31.76007390022278,49168
31.76361632347107,49168
31.767160892486572,49168
31.770721912384033,49168
31.774238348007202,49168
31.777790069580078,49168
31.781298637390137,49168
31.784834623336792,49168
31.788371801376343,49168
31.791914463043213,49168
31.79546332359314,49168
31.79899787902832,49168
31.802536249160767,49168
31.80607795715332,49168
31.80963635444641,49168
31.81318211555481,49168
31.816720962524414,49168
31.82025408744812,49168
31.82379674911499,49168
31.827336311340332,49168
31.830872774124146,49168
31.834394216537476,49168
31.837913513183594,49168
31.841444730758667,49168
31.844950675964355,49168
31.848530530929565,49168
31.852048635482788,49168
31.855589866638184,49168
31.859119176864624,49168
31.86263632774353,49168
31.866156578063965,49168
31.86971688270569,49168
31.873231172561646,49168
31.876749277114868,49168
31.880279541015625,49168
31.883802890777588,49168
31.887311935424805,49168
31.890863180160522,49168
31.894370794296265,49168
31.89791226387024,49168
31.9014573097229,49168
31.904960870742798,49168
31.908491373062134,49168
31.912027597427368,49168
31.915565729141235,49168
31.91907525062561,49168
31.922603130340576,49168
31.926132917404175,49168
31.929688215255737,49168
31.93319535255432,49168
31.93671441078186,49168
31.940277338027954,49168
31.943847179412842,49168
31.947404146194458,49168
31.950960397720337,49168
31.95449948310852,49168
31.958066940307617,49168
31.96162176132202,49168
31.965140104293823,49168
31.968656539916992,49168
31.972185134887695,49168
31.975722789764404,49168
31.97925305366516,49168
31.982781648635864,49168
31.98630666732788,49168
31.989864110946655,49168
31.993385791778564,49168
31.9969220161438,49168
32.000513315200806,49168
32.004029273986816,49168
32.00758934020996,49168
32.011138916015625,49168
32.01467418670654,49168
32.018218755722046,49168
32.02174425125122,49168
32.02528381347656,49168
32.028834104537964,49168
32.03236770629883,49168
32.035895586013794,49168
32.03943634033203,49168
32.04297208786011,49168
32.04648184776306,49168
32.05001163482666,49168
32.05353808403015,49168
32.057066679000854,49168
32.06059002876282,49168
32.06411576271057,49168
32.06764626502991,49168
32.07118058204651,49168
32.07473397254944,49168
32.078264474868774,49168
32.08183431625366,49168
32.08537173271179,49168
32.088905334472656,49168
32.09244394302368,49168
32.09596037864685,49168
32.09952473640442,49168
32.10307216644287,49168
32.10659050941467,49168
32.11012649536133,49168
32.11364436149597,49168
32.11716961860657,49168
32.12073469161987,49168
32.124269008636475,49168
32.12783074378967,49168
32.131351947784424,49168
32.134881258010864,49168
32.13840866088867,49168
32.141940116882324,49168
32.14547419548035,49168
32.14902091026306,49168
32.15254068374634,49168
32.156041622161865,49168
32.159611225128174,49168
32.16312599182129,49168
32.166654109954834,49168
32.17018532752991,49168
32.173707008361816,49168
32.17722773551941,49168
32.18076992034912,49168
32.184279918670654,49168
32.18782329559326,49168
32.19135117530823,49168
32.19488453865051,49168
32.19840669631958,49168
32.201969385147095,49168
32.20550227165222,49168
32.20905375480652,49168
32.21258521080017,49168
32.21610641479492,49168
32.21966004371643,49168
32.223191261291504,49168
32.226691007614136,49168
32.23023581504822,49168
32.2337760925293,49168
32.237295150756836,49168
32.240821838378906,49168
32.24434852600098,49168
32.2478666305542,49168
32.25139904022217,49168
32.25492739677429,49168
32.25847005844116,49168
32.261975049972534,49168
32.26551389694214,49168
32.26906180381775,49168
32.27259707450867,49168
32.27611207962036,49168
32.27964782714844,49168
32.283167362213135,49168
32.28670835494995,49168
32.29025220870972,49168
32.293790340423584,49168
32.29730725288391,49168
32.30084800720215,49168
32.30435824394226,49168
32.307894229888916,49168
32.31140613555908,49168
32.314927101135254,49168
32.31847047805786,49168
32.3219895362854,49168
32.325494050979614,49168
32.329046964645386,49168
32.33258509635925,49168
32.3361029624939,49168
32.339630126953125,49168
32.343164682388306,49168
32.34668159484863,49168
32.35020661354065,49168
32.35373568534851,49168
32.357253313064575,49168
32.360811710357666,49168
32.364341735839844,49168
32.367873191833496,49168
32.37137413024902,49168
32.37489151954651,49168
32.37841987609863,49168
32.38196015357971,49168
32.38549184799194,49168
32.38903188705444,49168
32.39255905151367,49168
32.396082162857056,49168
32.39962100982666,49168
32.40315818786621,49168
32.40667128562927,49168
32.4101927280426,49168
32.413745164871216,49168
32.41727161407471,49168
32.42078995704651,49168
32.42431831359863,49168
32.427868366241455,49168
32.431392669677734,49168
32.434908866882324,49168
32.438414335250854,49168
32.441959619522095,49168
32.44551920890808,49168
32.449060916900635,49168
32.45259094238281,49168
32.45611763000488,49168
32.45965504646301,49168
32.46319317817688,49168
32.46673274040222,49168
32.47027587890625,49168
32.47380828857422,49168
32.477338552474976,49168
32.48087430000305,49168
32.484395265579224,49168
32.487934827804565,49168
32.49146914482117,49168
32.49498748779297,49168
32.499596118927,49168
32.50610375404358,49168
32.51265215873718,49168
32.519184827804565,49168
32.52576279640198,49168
32.532405853271484,49168
32.539071559906006,49168
32.54575753211975,49168
32.552547216415405,49168
32.55931091308594,49168
32.56613564491272,49168
32.572935819625854,49168
32.57968878746033,49168
32.58641195297241,49168
32.593096017837524,49168
32.59977912902832,49168
32.60638999938965,49168
32.612955808639526,49168
32.619500398635864,49168
32.62602138519287,49168
32.632466554641724,49168
32.6388795375824,49168
32.645236015319824,49168
32.65161895751953,49168
32.65797424316406,49168
32.66430044174194,49168
32.670610427856445,49168
32.67691946029663,49168
32.683172941207886,49168
32.689430236816406,49168
32.69567084312439,49168
32.70195388793945,49168
32.708210468292236,49168
32.71446967124939,49168
32.72071099281311,49168
32.72695231437683,49168
32.733165979385376,49168
32.73939824104309,49168
32.74563145637512,49168
32.751866817474365,49168
32.75807785987854,49168
32.76433348655701,49168
32.77055740356445,49168
32.77674579620361,49168
32.782968282699585,49168
32.78920531272888,49168
32.79543209075928,49168
32.8016676902771,49168
32.80791211128235,49168
32.81411576271057,49168
32.8203387260437,49168
32.82657074928284,49168
32.832797050476074,49168
32.83902192115784,49168
32.84523677825928,49168
32.85145902633667,49168
32.85767197608948,49168
32.863866567611694,49168
32.870078802108765,49168
32.87629747390747,49168
32.882519245147705,49168
32.88873291015625,49168
32.89494800567627,49168
32.90117073059082,49168
32.90736174583435,49168
32.913591623306274,49168
32.919811964035034,49168
32.92602801322937,49168
32.93223977088928,49168
32.938451290130615,49168
32.94463491439819,49168
32.950870990753174,49168
32.95707035064697,49168
32.96331167221069,49168
32.96953749656677,49168
32.975745677948,49168
32.98195958137512,49168
32.98817825317383,49168
32.994354009628296,49168
33.000568151474,49168
33.006760597229004,49168
33.01297903060913,49168
33.0191752910614,49168
33.025400161743164,49168
33.03158950805664,49168
33.03778028488159,49168
33.04397368431091,49168
33.05023741722107,49168
33.05643081665039,49168
33.062631130218506,49168
33.06881594657898,49168
33.075042963027954,49168
33.08127522468567,49168
33.087499380111694,49168
33.09369969367981,49168
33.09993386268616,49168
33.1061372756958,49168
33.11239266395569,49168
33.118606090545654,49168
33.1248505115509,49168
33.13113975524902,49168
33.13735485076904,49168
33.14355278015137,49168
33.149771213531494,49168
33.1559374332428,49168
33.16213512420654,49168
33.16838502883911,49168
33.17458963394165,49168
33.1807963848114,49168
33.187002182006836,49168
33.193207025527954,49168
33.19945287704468,49168
33.2056086063385,49168
33.211852073669434,49168
33.21806001663208,49168
33.22427487373352,49168
33.23049974441528,49168
33.236690521240234,49168
33.242892265319824,49168
33.24908900260925,49168
33.255268812179565,49168
33.26147270202637,49168
33.26767706871033,49168
33.2738938331604,49168
33.28010320663452,49168
33.2863073348999,49168
33.29251194000244,49168
33.29871153831482,49168
33.3048632144928,49168
33.31104278564453,49168
33.317238569259644,49168
33.3234658241272,49168
33.32966732978821,49168
33.3358690738678,49168
33.34209966659546,49168
33.34832000732422,49168
33.35452437400818,49168
33.360745906829834,49168
33.36695194244385,49168
33.37316632270813,49168
33.37938404083252,49168
33.385591983795166,49168
33.39178514480591,49168
33.39800786972046,49168
33.40421509742737,49168
33.410444498062134,49168
33.41665005683899,49168
33.42287087440491,49168
33.42909264564514,49168
33.435317039489746,49168
33.44153070449829,49168
33.44775891304016,49168
33.45398306846619,49168
33.46021103858948,49168
33.46640229225159,49168
33.47263050079346,49168
33.478825092315674,49168
33.485066652297974,49168
33.49122738838196,49168
33.49742937088013,49168
33.50363850593567,49168
33.5098512172699,49168
33.51604104042053,49168
33.522273540496826,49168
33.52849292755127,49168
33.53472542762756,49168
33.540958881378174,49168
33.54718542098999,49168
33.55340385437012,49168
33.559638023376465,49168
33.565836906433105,49168
33.57208776473999,49168
33.57831311225891,49168
33.58455228805542,49168
33.590789556503296,49168
33.59703993797302,49168
33.60325074195862,49168
33.60948371887207,49168
33.61570596694946,49168
33.621933460235596,49168
33.62816762924194,49168
33.6343936920166,49168
33.640615463256836,49168
33.646841287612915,49168
33.653053998947144,49168
33.65927481651306,49168
33.665480852127075,49168
33.67171359062195,49168
33.67794919013977,49168
33.684136152267456,49168
33.690359354019165,49168
33.696592807769775,49168
33.70282697677612,49168
33.70906090736389,49168
33.71527600288391,49168
33.72151207923889,49168
33.72773885726929,49168
33.73394966125488,49168
33.74018359184265,49168
33.74642205238342,49168
33.752625465393066,49168
33.75886654853821,49168
33.76508116722107,49168
33.77132272720337,49168
33.7775661945343,49168
33.78381156921387,49168
33.79004526138306,49168
33.796268463134766,49168
33.80253195762634,49168
33.80875492095947,49168
33.8149528503418,49168
33.8211772441864,49168
33.82739496231079,49168
33.833643436431885,49168
33.839900493621826,49168
33.84615921974182,49168
33.852389335632324,49168
33.85862374305725,49168
33.86484146118164,49168
33.871060371398926,49168
33.87728214263916,49168
33.88353252410889,49168
33.88974714279175,49168
33.895962715148926,49168
33.90220379829407,49168
33.9084107875824,49168
33.914613246917725,49168
33.920820236206055,49168
33.927001953125,49168
33.93323874473572,49168
33.93946814537048,49168
33.945693254470825,49168
33.95190954208374,49168
33.95812702178955,49168
33.96433138847351,49168
33.97053861618042,49168
33.97674083709717,49168
33.982970237731934,49168
33.989192485809326,49168
33.995410442352295,49168
34.001638889312744,49168
34.00787615776062,49168
34.01408529281616,49168
34.020318269729614,49168
34.02654433250427,49168
34.03278422355652,49168
34.039005517959595,49168
34.04521441459656,49168
34.05143904685974,49168
34.05769896507263,49168
34.06391787528992,49168
34.07018232345581,49168
34.076390981674194,49168
34.08264088630676,49168
34.08887577056885,49168
34.09506559371948,49168
34.101266860961914,49168
34.107492208480835,49168
34.113667011260986,49168
34.11988663673401,49168
34.12612581253052,49168
34.13236212730408,49168
34.13861680030823,49168
34.14486646652222,49168
34.15111184120178,49168
34.15733551979065,49168
34.16357159614563,49168
34.169814586639404,49168
34.17603373527527,49168
34.18226146697998,49168
34.18851280212402,49168
34.19470262527466,49168
34.200923442840576,49168
34.20714521408081,49168
34.21337652206421,49168
34.219608306884766,49168
34.225809812545776,49168
34.23205637931824,49168
34.23826003074646,49168
34.24447298049927,49168
34.250680446624756,49168
34.256874799728394,49168
34.263121366500854,49168
34.26936221122742,49168
34.27565550804138,49168
34.28189778327942,49168
34.2881338596344,49168
34.294373512268066,49168
34.30060362815857,49168
34.30684852600098,49168
34.3130886554718,49168
34.31935715675354,49168
34.32562065124512,49168
34.33185362815857,49168
34.33807897567749,49168
34.3443398475647,49168
34.35057806968689,49168
34.356825828552246,49168
34.36308455467224,49168
34.36931371688843,49168
34.37554693222046,49168
34.381794452667236,49168
34.38803052902222,49168
34.39427447319031,49168
34.4005241394043,49168
34.40677094459534,49168
34.41300439834595,49168
34.4192476272583,49168
34.42548155784607,49168
34.43169569969177,49168
34.437933921813965,49168
34.44419598579407,49168
34.45043873786926,49168
34.456626176834106,49168
34.46283841133118,49168
34.46908473968506,49168
34.47530460357666,49168
34.48156809806824,49168
34.487754821777344,49168
34.49397397041321,49168
34.50020384788513,49168
34.50645422935486,49168
34.512675762176514,49168
34.51894211769104,49168
34.525123596191406,49168
34.531304359436035,49168
34.537524938583374,49168
34.54373216629028,49168
34.549904346466064,49168
34.556167125701904,49168
34.562411069869995,49168
34.568663597106934,49168
34.574909687042236,49168
34.581162452697754,49168
34.58739447593689,49168
34.593648195266724,49168
34.59988808631897,49168
34.60615539550781,49168
34.61237931251526,49168
34.618608474731445,49168
34.62482023239136,49168
34.63106346130371,49168
34.63729810714722,49168
34.64355993270874,49168
34.649786949157715,49168
34.656009674072266,49168
34.662248611450195,49168
34.668495178222656,49168
34.6747145652771,49168
34.68093919754028,49168
34.68718123435974,49168
34.69344639778137,49168
34.69969987869263,49168
34.70595359802246,49168
34.712199211120605,49168
34.71844244003296,49168
34.72471380233765,49168
34.73095440864563,49168
34.73717713356018,49168
34.743430852890015,49168
34.74968147277832,49168
34.7559232711792,49168
34.762141704559326,49168
34.7684121131897,49168
34.77466011047363,49168
34.78091073036194,49168
34.78714108467102,49168
34.7934148311615,49168
34.79965591430664,49168
34.805909156799316,49168
34.812145471572876,49168
34.81839728355408,49168
34.82464838027954,49168
34.83088541030884,49168
34.83709907531738,49168
34.84333348274231,49168
34.84958291053772,49168
34.85582900047302,49168
34.86207842826843,49168
34.868332862854004,49168
34.874582052230835,49168
34.880831241607666,49168
34.88704562187195,49168
34.89330315589905,49168
34.89952731132507,49168
34.90577149391174,49168
34.912002086639404,49168
34.91825222969055,49168
34.9244818687439,49168
34.93072533607483,49168
34.93695902824402,49168
34.943288803100586,49168
34.94950819015503,49168
34.955721378326416,49168
34.961949825286865,49168
34.968162059783936,49168
34.97439002990723,49168
34.98064708709717,49168
34.98686957359314,49168
34.99313545227051,49168
34.999380111694336,49168
35.005627393722534,49168
35.011857748031616,49168
35.01812267303467,49168
35.02432942390442,49168
35.030545234680176,49168
35.03673195838928,49168
35.042994022369385,49168
35.04921627044678,49168
35.055464029312134,49168
35.06173491477966,49168
35.06794619560242,49168
35.07419276237488,49168
35.08045268058777,49168
35.08667707443237,49168
35.09288740158081,49168
35.09913969039917,49168
35.10539484024048,49168
35.11162877082825,49168
35.1178674697876,49168
35.12409067153931,49168
35.130335569381714,49168
35.13657212257385,49168
35.142837047576904,49168
35.14907169342041,49168
35.15530967712402,49168
35.16155409812927,49168
35.16782021522522,49168
35.174041986465454,49168
35.1802921295166,49168
35.18649339675903,49168
35.19276547431946,49168
35.19898796081543,49168
35.20523166656494,49168
35.21145725250244,49168
35.21771287918091,49168
35.223915338516235,49168
35.23017621040344,49168
35.236408710479736,49168
35.24266529083252,49168
35.248908281326294,49168
35.25515294075012,49168
35.26140785217285,49168
35.267640829086304,49168
35.27388525009155,49168
35.280131816864014,49168
35.28635239601135,49168
35.29262089729309,49168
35.298868894577026,49168
35.305113554000854,49168
35.31136870384216,49168
35.31759309768677,49168
35.323814153671265,49168
35.330044746398926,49168
35.336262702941895,49168
35.34253120422363,49168
35.348753452301025,49168
35.35499954223633,49168
35.36122989654541,49168
35.36744260787964,49168
35.3736789226532,49168
35.37994909286499,49168
35.38617014884949,49168
35.3924241065979,49168
35.39865469932556,49168
35.4048798084259,49168
35.411115646362305,49168
35.41738414764404,49168
35.42361617088318,49168
35.42982864379883,49168
35.43603301048279,49168
35.442270278930664,49168
35.44849181175232,49168
35.45471000671387,49168
35.46094536781311,49168
35.46716356277466,49168
35.47339963912964,49168
35.47963333129883,49168
35.485902070999146,49168
35.49215841293335,49168
35.4984188079834,49168
35.50468444824219,49168
35.51093029975891,49168
35.51717686653137,49168
35.52342653274536,49168
35.52967071533203,49168
35.535905838012695,49168
35.542145013809204,49168
35.54839754104614,49168
35.55461120605469,49168
35.56087636947632,49168
35.567115783691406,49168
35.573360443115234,49168
35.57961654663086,49168
35.585854053497314,49168
35.592124462127686,49168
35.598360538482666,49168
35.604607820510864,49168
35.610844135284424,49168
35.61707639694214,49168
35.62330961227417,49168
35.629554986953735,49168
35.63579726219177,49168
35.64202427864075,49168
35.6482298374176,49168
35.65446615219116,49168
35.66069006919861,49168
35.66692805290222,49168
35.67314839363098,49168
35.67938780784607,49168
35.685606241226196,49168
35.69183373451233,49168
35.69807291030884,49168
35.70428800582886,49168
35.71053218841553,49168
35.7167489528656,49168
35.72297668457031,49168
35.729180097579956,49168
35.73540282249451,49168
35.74164056777954,49168
35.74788212776184,49168
35.75411558151245,49168
35.76034712791443,49168
35.76658630371094,49168
35.772812843322754,49168
35.77903652191162,49168
35.78522229194641,49168
35.79147529602051,49168
35.797736167907715,49168
35.80394911766052,49168
35.810187101364136,49168
35.81641983985901,49168
35.82262992858887,49168
35.82888197898865,49168
35.835113525390625,49168
35.84138298034668,49168
35.84760928153992,49168
35.853841066360474,49168
35.860084772109985,49168
35.8663055896759,49168
35.87256622314453,49168
35.878809452056885,49168
35.88503098487854,49168
35.89129948616028,49168
35.89753341674805,49168
35.903780937194824,49168
35.91000843048096,49168
35.91625475883484,49168
35.922494649887085,49168
35.92872762680054,49168
35.934962034225464,49168
35.94122076034546,49168
35.947465658187866,49168
35.95369076728821,49168
35.95993661880493,49168
35.96611738204956,49168
35.972339391708374,49168
35.9785692691803,49168
35.98478078842163,49168
35.991026163101196,49168
35.99726629257202,49168
36.0035195350647,49168
36.00976634025574,49168
36.0160014629364,49168
36.02225041389465,49168
36.0285165309906,49168
36.03473949432373,49168
36.04098701477051,49168
36.047224283218384,49168
36.053444147109985,49168
36.05970859527588,49168
36.0659453868866,49168
36.07218599319458,49168
36.078431129455566,49168
36.08467221260071,49168
36.09091591835022,49168
36.09715723991394,49168
36.103416442871094,49168
36.109039306640625,49168
36.1125807762146,49168
36.116127490997314,49168
36.11966609954834,49168
36.12317872047424,49168
36.126704931259155,49168
36.1302490234375,49168
36.133771896362305,49168
36.13726758956909,49168
36.14080238342285,49168
36.14432168006897,49168
36.147867918014526,49168
36.151395082473755,49168
36.15494108200073,49168
36.158451080322266,49168
36.161978244781494,49168
36.16551756858826,49168
36.16904354095459,49168
36.17254638671875,49168
36.176055908203125,49168
36.179563760757446,49168
36.183080434799194,49168
36.18661570549011,49168
36.19017434120178,49168
36.193708181381226,49168
36.197211027145386,49168
36.200742959976196,49168
36.20428276062012,49168
36.20780539512634,49168
36.21132254600525,49168
36.21484899520874,49168
36.21838164329529,49168
36.22190451622009,49168
36.22541666030884,49168
36.22897219657898,49168
36.23248052597046,49168
36.23601484298706,49168
36.23956227302551,49168
36.24308776855469,49168
36.24663758277893,49168
36.25017714500427,49168
36.25370669364929,49168
36.257239818573,49168
36.260751724243164,49168
36.26426887512207,49168
36.267810344696045,49168
36.27133512496948,49168
36.27485132217407,49168
36.2783887386322,49168
36.28192162513733,49168
36.28546643257141,49168
36.28896689414978,49168
36.29250931739807,49168
36.29603981971741,49168
36.29958176612854,49168
36.30311584472656,49168
36.30664825439453,49168
36.310171604156494,49168
36.31371188163757,49168
36.31721353530884,49168
36.32074213027954,49168
36.3242609500885,49168
36.327791929244995,49168
36.331310749053955,49168
36.3348433971405,49168
36.338388442993164,49168
36.341917514801025,49168
36.345447301864624,49168
36.34899950027466,49168
36.35252237319946,49168
36.35604214668274,49168
36.35960841178894,49168
36.36314868927002,49168
36.366703748703,49168
36.370234966278076,49168
36.37376952171326,49168
36.37727427482605,49168
36.38082695007324,49168
36.384379625320435,49168
36.38792109489441,49168
36.391456604003906,49168
36.39497208595276,49168
36.39851784706116,49168
36.402026891708374,49168
36.4055814743042,49168
36.409122943878174,49168
36.41266417503357,49168
36.41618728637695,49168
36.41975164413452,49168
36.42328357696533,49168
36.42683243751526,49168
36.430378437042236,49168
36.43390369415283,49168
36.437440633773804,49168
36.44095492362976,49168
36.44447708129883,49168
36.448009967803955,49168
36.45152568817139,49168
36.45505380630493,49168
36.45855402946472,49168
36.46207594871521,49168
36.4655966758728,49168
36.469138860702515,49168
36.47287893295288,49168
36.47956085205078,49168
36.483450412750244,49168
36.486966371536255,49168
36.49051094055176,49168
36.49513864517212,49168
36.49917149543762,49168
36.50268840789795,49168
36.50621843338013,49168
36.50978136062622,49168
36.51332330703735,49168
36.51687479019165,49168
36.52040457725525,49168
36.52393174171448,49168
36.52747297286987,49168
36.53099226951599,49168
36.53452944755554,49168
36.53808236122131,49168
36.541595697402954,49168
36.54515027999878,49168
36.5486900806427,49168
36.55222010612488,49168
36.55574297904968,49168
36.55929136276245,49168
36.56282305717468,49168
36.566312074661255,49168
36.56985855102539,49168
36.573373556137085,49168
36.57687973976135,49168
36.58041048049927,49168
36.58392882347107,49168
36.58745265007019,49168
36.59099769592285,49168
36.59453535079956,49168
36.59805607795715,49168
36.6015899181366,49168
36.605098724365234,49168
36.60865259170532,49168
36.61218571662903,49168
36.615718126297,49168
36.61924767494202,49168
36.622764587402344,49168
36.62628173828125,49168
36.629810094833374,49168
36.63333082199097,49168
36.63685870170593,49168
36.64038848876953,49168
36.643932580947876,49168
36.64746880531311,49168
36.650997161865234,49168
36.654534101486206,49168
36.658077239990234,49168
36.661598205566406,49168
36.66512441635132,49168
36.668670415878296,49168
36.67219924926758,49168
36.67572474479675,49168
36.679243087768555,49168
36.682756185531616,49168
36.68629503250122,49168
36.68982458114624,49168
36.69332504272461,49168
36.69684410095215,49168
36.70038437843323,49168
36.70390725135803,49168
36.707451581954956,49168
36.71098232269287,49168
36.71451663970947,49168
36.718058347702026,49168
36.721567153930664,49168
36.72508955001831,49168
36.72864365577698,49168
36.732179403305054,49168
36.7357132434845,49168
36.73924684524536,49168
36.742791414260864,49168
36.74630618095398,49168
36.74984788894653,49168
36.753387689590454,49168
36.756924867630005,49168
36.76048398017883,49168
36.76400709152222,49168
36.76754903793335,49168
36.771095991134644,49168
36.77462410926819,49168
36.778156757354736,49168
36.78169369697571,49168
36.7852087020874,49168
36.78875279426575,49168
36.79228734970093,49168
36.79582762718201,49168
36.79934787750244,49168
36.80287432670593,49168
36.80639624595642,49168
36.80992841720581,49168
36.813472747802734,49168
36.81702661514282,49168
36.82057595252991,49168
36.824116230010986,49168
36.82763481140137,49168
36.831156492233276,49168
36.83468556404114,49168
36.83820724487305,49168
36.84174346923828,49168
36.84525275230408,49168
36.84876251220703,49168
36.85227370262146,49168
36.855812072753906,49168
36.859339237213135,49168
36.86286735534668,49168
36.866395473480225,49168
36.8699266910553,49168
36.87345504760742,49168
36.876997232437134,49168
36.88051962852478,49168
36.88407754898071,49168
36.887619733810425,49168
36.891149282455444,49168
36.8946738243103,49168
36.89819645881653,49168
36.90173578262329,49168
36.90526223182678,49168
36.90880250930786,49168
36.91234827041626,49168
36.91584920883179,49168
36.91939735412598,49168
36.92291569709778,49168
36.92646598815918,49168
36.93000411987305,49168
36.933528661727905,49168
36.93705177307129,49168
36.940598249435425,49168
36.944106578826904,49168
36.94763994216919,49168
36.95204472541809,49168
36.95879411697388,49168
36.963505029678345,49168
36.96703791618347,49168
36.97059774398804,49168
36.97412657737732,49168
36.97763681411743,49168
36.981160163879395,49168
36.98467659950256,49168
36.98819351196289,49168
36.991719484329224,49168
36.99525856971741,49168
36.99879789352417,49168
37.002328395843506,49168
37.005841970443726,49168
37.009374141693115,49168
37.012914180755615,49168
37.01646375656128,49168
37.02000594139099,49168
37.0235276222229,49168
37.0270516872406,49168
37.03058838844299,49168
37.0340735912323,49168
37.03760290145874,49168
37.041112422943115,49168
37.04463744163513,49168
37.04816174507141,49168
37.051650285720825,49168
37.05517292022705,49168
37.05872416496277,49168
37.06224966049194,49168
37.065757751464844,49168
37.06928634643555,49168
37.07281684875488,49168
37.07634496688843,49168
37.07987117767334,49168
37.08338975906372,49168
37.08693337440491,49168
37.09047794342041,49168
37.09402251243591,49168
37.09755754470825,49168
37.10109996795654,49168
37.104626417160034,49168
37.108169078826904,49168
37.11170768737793,49168
37.1152286529541,49168
37.118767976760864,49168
37.12228202819824,49168
37.12581515312195,49168
37.12934374809265,49168
37.132874727249146,49168
37.1364061832428,49168
37.13995933532715,49168
37.14347767829895,49168
37.147003173828125,49168
37.15052819252014,49168
37.154083251953125,49168
37.15762162208557,49168
37.16115951538086,49168
37.1646831035614,49168
37.16821503639221,49168
37.17174196243286,49168
37.17523121833801,49168
37.17875385284424,49168
37.18226933479309,49168
37.18579411506653,49168
37.189321517944336,49168
37.192856788635254,49168
37.19638180732727,49168
37.199923515319824,49168
37.20345640182495,49168
37.20697498321533,49168
37.21052432060242,49168
37.214064836502075,49168
37.21761608123779,49168
37.22113394737244,49168
37.22467041015625,49168
37.22821259498596,49168
37.2317214012146,49168
37.23525285720825,49168
37.23879599571228,49168
37.24230742454529,49168
37.24584436416626,49168
37.24939298629761,49168
37.25291681289673,49168
37.25645208358765,49168
37.259971380233765,49168
37.26349115371704,49168
37.267019510269165,49168
37.27054286003113,49168
37.274054527282715,49168
37.27760148048401,49168
37.28110861778259,49168
37.284648418426514,49168
37.288158893585205,49168
37.291680097579956,49168
37.29521083831787,49168
37.29873442649841,49168
37.30225872993469,49168
37.30578660964966,49168
37.30931544303894,49168
37.312843561172485,49168
37.31634569168091,49168
37.31988596916199,49168
37.323408365249634,49168
37.326945781707764,49168
37.33050227165222,49168
37.3340380191803,49168
37.33758330345154,49168
37.34111166000366,49168
37.344635009765625,49168
37.34816813468933,49168
37.35169959068298,49168
37.355220079422,49168
37.35878872871399,49168
37.36233043670654,49168
37.36585712432861,49168
37.36938786506653,49168
37.37290811538696,49168
37.37641930580139,49168
37.37997388839722,49168
37.383487939834595,49168
37.387004375457764,49168
37.39053726196289,49168
37.39405608177185,49168
37.397586822509766,49168
37.401121377944946,49168
37.40462565422058,49168
37.40815997123718,49168
37.41169452667236,49168
37.41523003578186,49168
37.41877508163452,49168
37.42231321334839,49168
37.425851583480835,49168
37.42938804626465,49168
37.43291521072388,49168
37.43643760681152,49168
37.43997049331665,49168
37.443501710891724,49168
37.44701361656189,49168
37.45053267478943,49168
37.454079389572144,49168
37.457611083984375,49168
37.461132764816284,49168
37.464654207229614,49168
37.46817398071289,49168
37.47170114517212,49168
37.475226163864136,49168
37.47876977920532,49168
37.482306480407715,49168
37.48581790924072,49168
37.48935890197754,49168
37.49288892745972,49168
37.49640512466431,49168
37.49993944168091,49168
37.50346279144287,49168
37.50699257850647,49168
37.5105299949646,49168
37.51402449607849,49168
37.51755952835083,49168
37.5210816860199,49168
37.52461266517639,49168
37.52814698219299,49168
37.53169083595276,49168
37.535213232040405,49168
37.53873872756958,49168
37.542234659194946,49168
37.545769929885864,49168
37.54931402206421,49168
37.55284667015076,49168
37.556382179260254,49168
37.55994772911072,49168
37.56346082687378,49168
37.56698441505432,49168
37.57050085067749,49168
37.574026107788086,49168
37.57756567001343,49168
37.58107876777649,49168
37.58460068702698,49168
37.58815026283264,49168
37.59170150756836,49168
37.59522318840027,49168
37.59876465797424,49168
37.60230541229248,49168
37.60581111907959,49168
37.609354972839355,49168
37.612900733947754,49168
37.61643052101135,49168
37.619951009750366,49168
37.623448610305786,49168
37.626964807510376,49168
37.63050365447998,49168
37.63404440879822,49168
37.637587785720825,49168
37.6411235332489,49168
37.64466309547424,49168
37.648205280303955,49168
37.65174865722656,49168
37.65526294708252,49168
37.65880799293518,49168
37.662330627441406,49168
37.66586375236511,49168
37.669410705566406,49168
37.67292404174805,49168
37.676469802856445,49168
37.68000626564026,49168
37.683525800704956,49168
37.68704915046692,49168
37.690587282180786,49168
37.694119691848755,49168
37.69765758514404,49168
37.701178789138794,49168
37.704726219177246,49168
37.70829439163208,49168
37.71181583404541,49168
37.71532869338989,49168
37.71885633468628,49168
37.72238755226135,49168
37.72589325904846,49168
37.72943639755249,49168
37.73298168182373,49168
37.736530780792236,49168
37.74003887176514,49168
37.74358129501343,49168
37.74711346626282,49168
37.750654220581055,49168
37.75419020652771,49168
37.757721185684204,49168
37.761263370513916,49168
37.76481652259827,49168
37.76832580566406,49168
37.77185916900635,49168
37.775407791137695,49168
37.778929471969604,49168
37.78246355056763,49168
37.78599524497986,49168
37.78953981399536,49168
37.79306960105896,49168
37.79661250114441,49168
37.80016350746155,49168
37.80367398262024,49168
37.80720019340515,49168
37.81074643135071,49168
37.814287424087524,49168
37.81782531738281,49168
37.82134938240051,49168
37.82489323616028,49168
37.828418493270874,49168
37.831937074661255,49168
37.8354766368866,49168
37.83902168273926,49168
37.84257459640503,49168
37.84610891342163,49168
37.84965777397156,49168
37.853172302246094,49168
37.85671329498291,49168
37.86023736000061,49168
37.863789558410645,49168
37.867324113845825,49168
37.87087321281433,49168
37.874406814575195,49168
37.87793445587158,49168
37.881468534469604,49168
37.88500905036926,49168
37.888548851013184,49168
37.89207720756531,49168
37.895625591278076,49168
37.899184226989746,49168
37.90272307395935,49168
37.9062557220459,49168
37.909778356552124,49168
37.91328263282776,49168
37.91682171821594,49168
37.920337200164795,49168
37.923882246017456,49168
37.927422523498535,49168
37.930952072143555,49168
37.934492349624634,49168
37.93800354003906,49168
37.94149994850159,49168
37.94501852989197,49168
37.948561668395996,49168
37.95209860801697,49168
37.95563578605652,49168
37.959192991256714,49168
37.96271729469299,49168
37.96624231338501,49168
37.96977710723877,49168
37.973294734954834,49168
37.97682428359985,49168
37.98036289215088,49168
37.983866691589355,49168
37.987417459487915,49168
37.99095368385315,49168
37.99446630477905,49168
37.99799680709839,49168
38.00151872634888,49168
38.00502824783325,49168
38.008575677871704,49168
38.01211643218994,49168
38.015655279159546,49168
38.01920127868652,49168
38.02273917198181,49168
38.0262565612793,49168
38.02977991104126,49168
38.03330850601196,49168
38.036829710006714,49168
38.04037952423096,49168
38.04392433166504,49168
38.047428607940674,49168
38.05091595649719,49168
38.05445098876953,49168
38.05797290802002,49168
38.06151556968689,49168
38.06505608558655,49168
38.06859230995178,49168
38.072139739990234,49168
38.07569146156311,49168
38.07922554016113,49168
38.08275485038757,49168
38.0862922668457,49168
38.089837312698364,49168
38.09337329864502,49168
38.09691333770752,49168
38.10045099258423,49168
38.10397243499756,49168
38.10748362541199,49168
38.111011266708374,49168
38.114548683166504,49168
38.11808443069458,49168
38.121607542037964,49168
38.12514305114746,49168
38.12867736816406,49168
38.13218140602112,49168
38.1357204914093,49168
38.13923907279968,49168
38.142744064331055,49168
38.146302700042725,49168
38.14984583854675,49168
38.15340232849121,49168
38.15696144104004,49168
38.160510778427124,49168
38.16403126716614,49168
38.167569637298584,49168
38.1710991859436,49168
38.174625396728516,49168
38.17816376686096,49168
38.181705951690674,49168
38.185232162475586,49168
38.18876552581787,49168
38.1922664642334,49168
38.19580054283142,49168
38.19933199882507,49168
38.20286726951599,49168
38.206408739089966,49168
38.209925174713135,49168
38.2134690284729,49168
38.21699118614197,49168
38.22053837776184,49168
38.22405815124512,49168
38.22758412361145,49168
38.23112750053406,49168
38.23466467857361,49168
38.23819637298584,49168
38.24174761772156,49168
38.24526643753052,49168
38.24881052970886,49168
38.252323389053345,49168
38.25585412979126,49168
38.259387731552124,49168
38.26289105415344,49168
38.26640486717224,49168
38.26995015144348,49168
38.27347993850708,49168
38.27698802947998,49168
38.28051686286926,49168
38.284037590026855,49168
38.287572383880615,49168
38.291056394577026,49168
38.29459881782532,49168
38.29811120033264,49168
38.30166506767273,49168
38.30517554283142,49168
38.3087112903595,49168
38.31223249435425,49168
38.31576204299927,49168
38.31929874420166,49168
38.322826623916626,49168
38.3263623714447,49168
38.329917192459106,49168
38.333449602127075,49168
38.33698272705078,49168
38.340540170669556,49168
38.34406566619873,49168
38.347614765167236,49168
38.35115456581116,49168
38.35467004776001,49168
38.35822796821594,49168
38.36178135871887,49168
38.365307331085205,49168
38.36883091926575,49168
38.37233853340149,49168
38.37587904930115,49168
38.37940049171448,49168
38.38293647766113,49168
38.38645315170288,49168
38.39005470275879,49168
38.39357328414917,49168
38.39707612991333,49168
38.400625467300415,49168
38.40414476394653,49168
38.4076771736145,49168
38.41120004653931,49168
38.414735555648804,49168
38.41825485229492,49168
38.42180013656616,49168
38.42531728744507,49168
38.428879737854004,49168
38.432389974594116,49168
38.4359085559845,49168
38.43945264816284,49168
38.44300174713135,49168
38.44651460647583,49168
38.450053453445435,49168
38.453574895858765,49168
38.45711016654968,49168
38.46065926551819,49168
38.46418023109436,49168
38.46770691871643,49168
38.47124004364014,49168
38.47477698326111,49168
38.47832798957825,49168
38.481857776641846,49168
38.485406160354614,49168
38.488953590393066,49168
38.49247741699219,49168
38.49599051475525,49168
38.49953317642212,49168
38.5030403137207,49168
38.50658130645752,49168
38.510122537612915,49168
38.5136444568634,49168
38.51717233657837,49168
38.520689487457275,49168
38.524203062057495,49168
38.52776551246643,49168
38.531280755996704,49168
38.53480815887451,49168
38.53834915161133,49168
38.54187083244324,49168
38.5453941822052,49168
38.548922300338745,49168
38.5524582862854,49168
38.5560040473938,49168
38.55957293510437,49168
38.563090085983276,49168
38.56662344932556,49168
38.57016730308533,49168
38.573697328567505,49168
38.57725405693054,49168
38.58080077171326,49168
38.58431911468506,49168
38.587846517562866,49168
38.59135818481445,49168
38.59487795829773,49168
38.598427057266235,49168
38.60196137428284,49168
38.605509996414185,49168
38.60904335975647,49168
38.612563610076904,49168
38.616071939468384,49168
38.61962532997131,49168
38.6231369972229,49168
38.62665367126465,49168
38.63018846511841,49168
38.63370656967163,49168
38.637213945388794,49168
38.6407527923584,49168
38.64427971839905,49168
38.64782428741455,49168
38.65134525299072,49168
38.6548752784729,49168
38.65840673446655,49168
38.66192603111267,49168
38.66545867919922,49168
38.66900944709778,49168
38.67254948616028,49168
38.67606782913208,49168
38.679612159729004,49168
38.68315100669861,49168
38.68668580055237,49168
38.69024157524109,49168
38.693777561187744,49168
38.69730067253113,49168
38.70082974433899,49168
38.70434880256653,49168
38.70789647102356,49168
38.7114372253418,49168
38.714990854263306,49168
38.71851301193237,49168
38.722020387649536,49168
38.72557830810547,49168
38.72912263870239,49168
38.732686042785645,49168
38.73619771003723,49168
38.739753007888794,49168
38.74324154853821,49168
38.74676156044006,49168
38.75030994415283,49168
38.753849506378174,49168
38.75734853744507,49168
38.76089406013489,49168
38.764421224594116,49168
38.767942667007446,49168
38.77147579193115,49168
38.775001525878906,49168
38.77853798866272,49168
38.78206729888916,49168
38.785590410232544,49168
38.78912138938904,49168
38.792638540267944,49168
38.796159982681274,49168
38.79968237876892,49168
38.80319404602051,49168
38.80671954154968,49168
38.81023859977722,49168
38.81373906135559,49168
38.817288398742676,49168
38.82083797454834,49168
38.82434892654419,49168
38.827863454818726,49168
38.83139991760254,49168
38.83493137359619,49168
38.83846163749695,49168
38.84196424484253,49168
38.8455011844635,49168
38.849021911621094,49168
38.85255742073059,49168
38.856093645095825,49168
38.85963201522827,49168
38.8631386756897,49168
38.86668539047241,49168
38.87020182609558,49168
38.87373638153076,49168
38.877267837524414,49168
38.880823850631714,49168
38.884334564208984,49168
38.887898445129395,49168
38.891441345214844,49168
38.894978046417236,49168
38.898520946502686,49168
38.90202784538269,49168
38.90552854537964,49168
38.90904259681702,49168
38.91259503364563,49168
38.91611933708191,49168
38.91966700553894,49168
38.92321562767029,49168
38.92674684524536,49168
38.930288314819336,49168
38.9338481426239,49168
38.93735671043396,49168
38.94090723991394,49168
38.94442820549011,49168
38.94795250892639,49168
38.95149874687195,49168
38.95501446723938,49168
38.95856189727783,49168
38.9621000289917,49168
38.96562671661377,49168
38.96916484832764,49168
38.97268462181091,49168
38.97618317604065,49168
38.97974395751953,49168
38.983272075653076,49168
38.98679542541504,49168
38.99032735824585,49168
38.99385714530945,49168
38.99737501144409,49168
39.00092029571533,49168
39.00445556640625,49168
39.00798034667969,49168
39.011510372161865,49168
39.01504039764404,49168
39.01854753494263,49168
39.022093772888184,49168
39.02562379837036,49168
39.029152393341064,49168
39.03267979621887,49168
39.03622078895569,49168
39.039783239364624,49168
39.04330277442932,49168
39.046823501586914,49168
39.050350189208984,49168
39.05389595031738,49168
39.05742859840393,49168
39.06096005439758,49168
39.064465045928955,49168
39.06798219680786,49168
39.07155156135559,49168
39.07507395744324,49168
39.07861065864563,49168
39.082128047943115,49168
39.08565545082092,49168
39.08918213844299,49168
39.09271693229675,49168
39.09625434875488,49168
39.09979581832886,49168
39.10330009460449,49168
39.1068332195282,49168
39.1103880405426,49168
39.11394476890564,49168
39.117483139038086,49168
39.12102460861206,49168
39.12455129623413,49168
39.128092527389526,49168
39.13162136077881,49168
39.13514471054077,49168
39.13870120048523,49168
39.14223122596741,49168
39.145753145217896,49168
39.14930319786072,49168
39.1528422832489,49168
39.15637397766113,49168
39.1599326133728,49168
39.1634624004364,49168
39.16698479652405,49168
39.17052602767944,49168
39.174044132232666,49168
39.17756128311157,49168
39.18109178543091,49168
39.18461871147156,49168
39.18814253807068,49168
39.19168210029602,49168
39.19519400596619,49168
39.19875144958496,49168
39.20228028297424,49168
39.20581340789795,49168
39.20934772491455,49168
39.21290135383606,49168
39.21643280982971,49168
39.21998310089111,49168
39.223512172698975,49168
39.227030992507935,49168
39.230573892593384,49168
39.23411297798157,49168
39.237653493881226,49168
39.24117112159729,49168
39.24470567703247,49168
39.248262882232666,49168
39.25179123878479,49168
39.25531315803528,49168
39.258840799331665,49168
39.26235055923462,49168
39.265870094299316,49168
39.26942443847656,49168
39.27294707298279,49168
39.276477336883545,49168
39.28002738952637,49168
39.28357410430908,49168
39.28710079193115,49168
39.29064345359802,49168
39.294161319732666,49168
39.297683238983154,49168
39.301207542419434,49168
39.30474066734314,49168
39.308263540267944,49168
39.311787128448486,49168
39.31531071662903,49168
39.31884765625,49168
39.3223762512207,49168
39.32591700553894,49168
39.32943511009216,49168
39.33298468589783,49168
39.33652639389038,49168
39.340065479278564,49168
39.34359622001648,49168
39.34711217880249,49168
39.3506555557251,49168
39.35418200492859,49168
39.3577356338501,49168
39.36126351356506,49168
39.36481523513794,49168
39.36833095550537,49168
39.37186002731323,49168
39.375401973724365,49168
39.37892699241638,49168
39.382452726364136,49168
39.38596224784851,49168
39.389498710632324,49168
39.3930184841156,49168
39.39656138420105,49168
39.40010142326355,49168
39.40363168716431,49168
39.4071683883667,49168
39.410725355148315,49168
39.41423988342285,49168
39.417797803878784,49168
39.42132091522217,49168
39.42484498023987,49168
39.42839193344116,49168
39.431912899017334,49168
39.43543982505798,49168
39.43898391723633,49168
39.44249105453491,49168
39.446032762527466,49168
39.44956350326538,49168
39.453078269958496,49168
39.45659780502319,49168
39.46012353897095,49168
39.46366214752197,49168
39.4671893119812,49168
39.47072911262512,49168
39.4742636680603,49168
39.47780132293701,49168
39.4813129901886,49168
39.4848268032074,49168
39.48838210105896,49168
39.491904497146606,49168
39.49544620513916,49168
39.498985052108765,49168
39.50251007080078,49168
39.50603437423706,49168
39.50956416130066,49168
39.51311802864075,49168
39.51665210723877,49168
39.52018642425537,49168
39.52371072769165,49168
39.527233839035034,49168
39.530779123306274,49168
39.53429698944092,49168
39.537850856781006,49168
39.54138112068176,49168
39.544920921325684,49168
39.54846405982971,49168
39.551982402801514,49168
39.55549597740173,49168
39.55904459953308,49168
39.56256914138794,49168
39.566100120544434,49168
39.56965446472168,49168
39.57317519187927,49168
39.57668399810791,49168
39.580195903778076,49168
39.58373260498047,49168
39.58726668357849,49168
39.59082818031311,49168
39.594379901885986,49168
39.59789776802063,49168
39.601441860198975,49168
39.60496759414673,49168
39.60851836204529,49168
39.61203694343567,49168
39.61554980278015,49168
39.61908531188965,49168
39.62262558937073,49168
39.62617564201355,49168
39.629706382751465,49168
39.63323259353638,49168
39.636754512786865,49168
39.64029932022095,49168
39.64382195472717,49168
39.647358417510986,49168
39.65090799331665,49168
39.65440917015076,49168
39.65796160697937,49168
39.66149926185608,49168
39.66502118110657,49168
39.668559312820435,49168
39.6720917224884,49168
39.67562484741211,49168
39.67913508415222,49168
39.68267583847046,49168
39.68618178367615,49168
39.68971037864685,49168
39.69324040412903,49168
39.69677424430847,49168
39.700305700302124,49168
39.70382881164551,49168
39.707359313964844,49168
39.71091890335083,49168
39.71446752548218,49168
39.71799063682556,49168
39.721535444259644,49168
39.7250497341156,49168
39.72860932350159,49168
39.73213243484497,49168
39.73568415641785,49168
39.73919153213501,49168
39.742722272872925,49168
39.74624156951904,49168
39.74976372718811,49168
39.75329089164734,49168
39.75682854652405,49168
39.76039242744446,49168
39.76392221450806,49168
39.7674560546875,49168
39.77096700668335,49168
39.774502754211426,49168
39.77803707122803,49168
39.78156399726868,49168
39.78507971763611,49168
39.788639307022095,49168
39.79216408729553,49168
39.79569482803345,49168
39.79923892021179,49168
39.8027880191803,49168
39.80633616447449,49168
39.80988669395447,49168
39.81339740753174,49168
39.81691575050354,49168
39.82045364379883,49168
39.823967933654785,49168
39.82751250267029,49168
39.83104228973389,49168
39.834556579589844,49168
39.83810782432556,49168
39.841636657714844,49168
39.8451611995697,49168
39.84871006011963,49168
39.85222935676575,49168
39.85576939582825,49168
39.85930824279785,49168
39.862815380096436,49168
39.86632966995239,49168
39.86986684799194,49168
39.87337899208069,49168
39.876909017562866,49168
39.880457162857056,49168
39.88399004936218,49168
39.887518644332886,49168
39.891040563583374,49168
39.89459991455078,49168
39.89815664291382,49168
39.90168070793152,49168
39.90519976615906,49168
39.908750772476196,49168
39.912285566329956,49168
39.915801763534546,49168
39.919325828552246,49168
39.9228413105011,49168
39.926393032073975,49168
39.92992281913757,49168
39.93344497680664,49168
39.936980962753296,49168
39.94053077697754,49168
39.94404363632202,49168
39.947582721710205,49168
39.95112133026123,49168
39.95465302467346,49168
39.95817041397095,49168
39.961681842803955,49168
39.96519351005554,49168
39.968743324279785,49168
39.97224736213684,49168
39.97576284408569,49168
39.979286909103394,49168
39.98280119895935,49168
39.986321449279785,49168
39.989871978759766,49168
39.993412494659424,49168
39.9969322681427,49168
40.000478982925415,49168
40.00401020050049,49168
40.007532835006714,49168
40.01106095314026,49168
40.01458549499512,49168
40.01812767982483,49168
40.02163529396057,49168
40.02516460418701,49168
40.028698444366455,49168
40.03223371505737,49168
40.03579044342041,49168
40.03934049606323,49168
40.04286241531372,49168
40.046393632888794,49168
40.04993152618408,49168
40.05345106124878,49168
40.056970834732056,49168
40.06052017211914,49168
40.06404399871826,49168
40.067590951919556,49168
40.071112871170044,49168
40.07462477684021,49168
40.078147888183594,49168
40.08169460296631,49168
40.08520293235779,49168
40.088770389556885,49168
40.092294692993164,49168
40.09582328796387,49168
40.099342584609985,49168
40.10287070274353,49168
40.10639214515686,49168
40.10992217063904,49168
40.113452672958374,49168
40.11697721481323,49168
40.1205198764801,49168
40.12403416633606,49168
40.12758016586304,49168
40.13111233711243,49168
40.13466262817383,49168
40.138200759887695,49168
40.14171743392944,49168
40.14523267745972,49168
40.14879488945007,49168
40.152297258377075,49168
40.15583395957947,49168
40.15938758850098,49168
40.162933111190796,49168
40.16645359992981,49168
40.169984579086304,49168
40.17350125312805,49168
40.17701029777527,49168
40.18055534362793,49168
40.18407154083252,49168
40.18761086463928,49168
40.19111776351929,49168
40.1946907043457,49168
40.1982421875,49168
40.20177602767944,49168
40.20528268814087,49168
40.2088143825531,49168
40.21232748031616,49168
40.2158522605896,49168
40.21938896179199,49168
40.22290277481079,49168
40.22641348838806,49168
40.22994327545166,49168
40.23348689079285,49168
40.23702645301819,49168
40.240543365478516,49168
40.2440550327301,49168
40.24758720397949,49168
40.251128911972046,49168
40.25465536117554,49168
40.2581889629364,49168
40.261706590652466,49168
40.265216588974,49168
40.26874017715454,49168
40.27225685119629,49168
40.27579689025879,49168
40.27933979034424,49168
40.28286027908325,49168
40.28635931015015,49168
40.28989291191101,49168
40.293410301208496,49168
40.29693579673767,49168
40.30048704147339,49168
40.3039972782135,49168
40.30751609802246,49168
40.3110294342041,49168
40.31454586982727,49168
40.31806230545044,49168
40.32159662246704,49168
40.325117349624634,49168
40.328651905059814,49168
40.332183599472046,49168
40.33570694923401,49168
40.33922982215881,49168
40.342766761779785,49168
40.3462975025177,49168
40.3498477935791,49168
40.35335683822632,49168
40.35687756538391,49168
40.36043095588684,49168
40.36394000053406,49168
40.36746954917908,49168
40.370999813079834,49168
40.37453246116638,49168
40.37807607650757,49168
40.38160562515259,49168
40.38512897491455,49168
40.388668060302734,49168
40.39220356941223,49168
40.39574670791626,49168
40.39929437637329,49168
40.40282392501831,49168
40.40632700920105,49168
40.4098687171936,49168
40.41342377662659,49168
40.416929721832275,49168
40.42047119140625,49168
40.423996925354004,49168
40.42755055427551,49168
40.43108153343201,49168
40.43461561203003,49168
40.43815207481384,49168
40.44167351722717,49168
40.445192098617554,49168
40.448713541030884,49168
40.45223927497864,49168
40.455788373947144,49168
40.45932197570801,49168
40.462857484817505,49168
40.466368675231934,49168
40.46991276741028,49168
40.47342562675476,49168
40.476940870285034,49168
40.4804801940918,49168
40.48399591445923,49168
40.4875373840332,49168
40.49106574058533,49168
40.49459767341614,49168
40.49813508987427,49168
40.501681327819824,49168
40.50523018836975,49168
40.50878667831421,49168
40.51492381095886,49168
40.52141976356506,49168
40.52790689468384,49168
40.53435254096985,49168
40.54080677032471,49168
40.54719376564026,49168
40.55363392829895,49168
40.560012340545654,49168
40.56640434265137,49168
40.5727698802948,49168
40.57911205291748,49168
40.58548378944397,49168
40.591862201690674,49168
40.598201274871826,49168
40.60454440116882,49168
40.610880851745605,49168
40.617223501205444,49168
40.62358117103577,49168
40.629884481430054,49168
40.63618874549866,49168
40.64251136779785,49168
40.64885115623474,49168
40.65514802932739,49168
40.66144108772278,49168
40.66776132583618,49168
40.674076318740845,49168
40.680407762527466,49168
40.686712980270386,49168
40.69300055503845,49168
40.69930100440979,49168
40.70562171936035,49168
40.7119300365448,49168
40.71824932098389,49168
40.724547386169434,49168
40.73087239265442,49168
40.73716902732849,49168
40.743507862091064,49168
40.749879598617554,49168
40.75622487068176,49168
40.76259922981262,49168
40.76897192001343,49168
40.77532148361206,49168
40.781699657440186,49168
40.7880642414093,49168
40.79440379142761,49168
40.800785303115845,49168
40.80712699890137,49168
40.81350779533386,49168
40.81989026069641,49168
40.82623887062073,49168
40.83262658119202,49168
40.83896327018738,49168
40.8453106880188,49168
40.851661920547485,49168
40.85805082321167,49168
40.864384174346924,49168
40.87075209617615,49168
40.87706470489502,49168
40.883384466171265,49168
40.88970923423767,49168
40.89601445198059,49168
40.90234398841858,49168
40.90868878364563,49168
40.91498255729675,49168
40.92130088806152,49168
40.9276282787323,49168
40.933948040008545,49168
40.94028949737549,49168
40.946606159210205,49168
40.952956199645996,49168
40.959327936172485,49168
40.96026372909546,49168
