Time,Objective value
0.0010714530944824219,404
0.0011310577392578125,404
0.0024700164794921875,392
0.003785371780395508,376
0.005034208297729492,360
0.006356477737426758,352
0.007625102996826172,340
0.00886225700378418,340
0.010138988494873047,340
0.01138925552368164,336
0.012617826461791992,332
0.013853311538696289,324
0.015053510665893555,320
0.016295433044433594,316
0.0175015926361084,308
0.018692493438720703,308
0.019928455352783203,308
0.02109503746032715,308
0.02229452133178711,304
0.02348184585571289,300
0.02467060089111328,300
0.0258026123046875,300
0.026924610137939453,300
0.02808833122253418,296
0.029235363006591797,296
0.030360698699951172,296
0.03142547607421875,296
0.03248953819274902,296
0.03361248970031738,288
0.03474235534667969,280
0.03587532043457031,280
0.036963701248168945,280
0.03804588317871094,280
0.03992915153503418,252
0.041089534759521484,252
0.0430450439453125,208
0.04422116279602051,208
0.04542279243469238,208
0.04660153388977051,208
0.047821998596191406,208
0.05067253112792969,208
0.05272984504699707,208
0.05393362045288086,208
0.055989980697631836,208
0.05725836753845215,208
0.05848097801208496,208
0.05968475341796875,208
0.0608365535736084,208
0.06200742721557617,208
0.06397724151611328,196
0.06516075134277344,196
0.06633615493774414,196
0.06831693649291992,196
0.06945204734802246,196
0.0714263916015625,196
0.07345056533813477,196
0.07465004920959473,196
0.07578349113464355,196
0.0770108699798584,196
0.07886600494384766,192
0.08003926277160645,192
0.08115148544311523,192
0.08230137825012207,192
0.08345293998718262,192
0.08462095260620117,192
0.0858144760131836,192
0.08692169189453125,192
0.08807802200317383,192
0.08923816680908203,192
0.09038829803466797,192
0.0915822982788086,192
0.09276103973388672,192
0.09389472007751465,192
0.09508919715881348,192
0.09623980522155762,192
0.0974273681640625,192
0.09859180450439453,192
0.09975981712341309,192
0.10093116760253906,192
0.10213971138000488,192
0.10330986976623535,192
0.10445308685302734,192
0.10563373565673828,192
0.10673165321350098,192
0.10786700248718262,192
0.10901165008544922,192
0.1101679801940918,192
0.11133027076721191,192
0.11251139640808105,192
0.11363577842712402,192
0.11478662490844727,192
0.11591410636901855,192
0.1170651912689209,192
0.11823558807373047,192
0.11937379837036133,192
0.12049555778503418,192
0.12163901329040527,192
0.12278270721435547,192
0.12390899658203125,192
0.12505817413330078,192
0.12614130973815918,192
0.12731385231018066,192
0.1284329891204834,192
0.1295790672302246,192
0.13067197799682617,192
0.1318225860595703,192
0.13295865058898926,192
0.13411188125610352,192
0.13522052764892578,192
0.13636374473571777,192
0.13749980926513672,192
0.13864970207214355,192
0.1397864818572998,192
0.1414322853088379,192
0.14345908164978027,192
0.14546418190002441,192
0.14740872383117676,192
0.14935636520385742,192
0.1513664722442627,192
0.15329408645629883,192
0.15521645545959473,192
0.15712881088256836,192
0.1591024398803711,192
0.16105294227600098,192
0.16304516792297363,192
0.16505122184753418,192
0.16699743270874023,192
0.16900038719177246,192
0.17099332809448242,192
0.1730203628540039,192
0.17493581771850586,192
0.1768641471862793,192
0.17877697944641113,192
0.18070077896118164,192
0.1825389862060547,192
0.18448877334594727,192
0.1864013671875,192
0.18830013275146484,192
0.1902167797088623,192
0.19211554527282715,192
0.1939983367919922,192
0.19583821296691895,192
0.19772005081176758,192
0.19962620735168457,192
0.20145750045776367,192
0.20329880714416504,192
0.20522212982177734,192
0.2071216106414795,192
0.20906591415405273,192
0.2109537124633789,192
0.21288490295410156,192
0.214768648147583,192
0.21662044525146484,192
0.21844077110290527,192
0.22349858283996582,192
0.22536730766296387,192
0.2271256446838379,192
0.22887802124023438,192
0.23061013221740723,192
0.23238205909729004,192
0.23408842086791992,192
0.23575949668884277,192
0.23743438720703125,192
0.2391374111175537,192
0.24081873893737793,192
0.24245357513427734,192
0.24407005310058594,192
0.2456820011138916,192
0.24729418754577637,192
0.24884486198425293,192
0.25040173530578613,192
0.2519702911376953,192
0.2535209655761719,192
0.2550840377807617,192
0.2566490173339844,192
0.2581825256347656,192
0.2597479820251465,192
0.26131463050842285,192
0.26285719871520996,192
0.264420747756958,192
0.2659790515899658,192
0.26753687858581543,192
0.26909327507019043,192
0.2706632614135742,192
0.2722287178039551,192
0.27378201484680176,192
0.275346040725708,192
0.2769041061401367,192
0.27846646308898926,192
0.28002238273620605,192
0.28159451484680176,192
0.28314733505249023,192
0.2847151756286621,192
0.2862741947174072,192
0.28783273696899414,192
0.28939366340637207,192
0.2909536361694336,192
0.29252147674560547,192
0.2940678596496582,192
0.29562926292419434,192
0.2971785068511963,192
0.29874610900878906,192
0.30030059814453125,192
0.30185914039611816,192
0.30341506004333496,192
0.3050551414489746,192
0.30662107467651367,192
0.30817580223083496,192
0.3097348213195801,192
0.3113110065460205,192
0.3128666877746582,192
0.314436674118042,192
0.3160064220428467,192
0.3175809383392334,192
0.3191397190093994,192
0.32070064544677734,192
0.32228875160217285,192
0.3238511085510254,192
0.325420618057251,192
0.32697391510009766,192
0.32854247093200684,192
0.33010125160217285,192
0.33167505264282227,192
0.3332536220550537,192
0.3348064422607422,192
0.33638596534729004,192
0.33794260025024414,192
0.33951616287231445,192
0.34106969833374023,192
0.34265565872192383,192
0.3442192077636719,192
0.34577441215515137,192
0.34734010696411133,192
0.3488941192626953,192
0.35047030448913574,192
0.35203051567077637,192
0.35361528396606445,192
0.3551642894744873,192
0.35672903060913086,192
0.3582892417907715,192
0.35985755920410156,192
0.36142659187316895,192
0.36298131942749023,192
0.3645598888397217,192
0.36610960960388184,192
0.36768007278442383,192
0.36925411224365234,192
0.3708183765411377,192
0.37239742279052734,192
0.3739655017852783,192
0.3755216598510742,192
0.37706685066223145,192
0.37863659858703613,192
0.38019227981567383,192
0.3817775249481201,192
0.3833475112915039,192
0.38490915298461914,192
0.3864724636077881,192
0.38802528381347656,192
0.3896007537841797,192
0.39116907119750977,192
0.39274096488952637,192
0.3943171501159668,192
0.3958852291107178,192
0.39745569229125977,192
0.39900684356689453,192
0.4005861282348633,192
0.4021487236022949,192
0.403717041015625,192
0.40529322624206543,192
0.40684938430786133,192
0.4084339141845703,192
0.4100058078765869,192
0.4115865230560303,192
0.41313910484313965,192
0.41469478607177734,192
0.41625404357910156,192
0.4178318977355957,192
0.41940808296203613,192
0.4209771156311035,192
0.4225597381591797,192
0.42412662506103516,192
0.42568445205688477,192
0.42724156379699707,192
0.42881274223327637,192
0.43036961555480957,192
0.4319472312927246,192
0.43350768089294434,192
0.43506407737731934,192
0.4366326332092285,192
0.4381844997406006,192
0.439739465713501,192
0.4413158893585205,192
0.44286370277404785,192
0.4444239139556885,192
0.445986270904541,192
0.4475533962249756,192
0.449099063873291,192
0.45067763328552246,192
0.4522440433502197,192
0.45380663871765137,192
0.4553694725036621,192
0.4569375514984131,192
0.4584996700286865,192
0.46006107330322266,192
0.46164584159851074,192
0.4632127285003662,192
0.4647696018218994,192
0.4663236141204834,192
0.4678783416748047,192
0.4694342613220215,192
0.4709963798522949,192
0.4725770950317383,192
0.474135160446167,192
0.47570157051086426,192
0.47726869583129883,192
0.47882533073425293,192
0.480393648147583,192
0.48195552825927734,192
0.4835171699523926,192
0.48506665229797363,192
0.4866211414337158,192
0.48818445205688477,192
0.4897453784942627,192
0.491318941116333,192
0.4928781986236572,192
0.49444007873535156,192
0.49599504470825195,192
0.4975733757019043,192
0.4991302490234375,192
0.5006909370422363,192
0.5022704601287842,192
0.5038325786590576,192
0.5054025650024414,192
0.5069584846496582,192
0.5085299015045166,192
0.5100722312927246,192
0.5116546154022217,192
0.5132236480712891,192
0.5147848129272461,192
0.5163500308990479,192
0.5179011821746826,192
0.5194394588470459,192
0.5209901332855225,192
0.5225756168365479,192
0.5241327285766602,192
0.5256834030151367,192
0.5272517204284668,192
0.528799295425415,192
0.5303671360015869,192
0.5319476127624512,192
0.5335328578948975,192
0.535104513168335,192
0.5366806983947754,192
0.5382425785064697,192
0.5398054122924805,192
0.5413956642150879,192
0.5429584980010986,192
0.5445249080657959,192
0.546090841293335,192
0.5476505756378174,192
0.5492169857025146,192
0.5507760047912598,192
0.5523533821105957,192
0.5539097785949707,192
0.5554776191711426,192
0.5570414066314697,192
0.5586018562316895,192
0.5601623058319092,192
0.5617415904998779,192
0.5633127689361572,192
0.5648775100708008,192
0.5664448738098145,192
0.5680017471313477,192
0.5695765018463135,192
0.571124792098999,192
0.5727066993713379,192
0.5742864608764648,192
0.575850248336792,192
0.577423095703125,192
0.5789780616760254,192
0.5805423259735107,192
0.5821034908294678,192
0.583655595779419,192
0.5852172374725342,192
0.5867867469787598,192
0.5883526802062988,192
0.5899147987365723,192
0.5914731025695801,192
0.5930335521697998,192
0.5946152210235596,192
0.5961849689483643,192
0.5977487564086914,192
0.599311113357544,192
0.6008663177490234,192
0.6024584770202637,192
0.6040234565734863,192
0.605581521987915,192
0.6071434020996094,192
0.6087136268615723,192
0.6102831363677979,192
0.611842155456543,192
0.6133875846862793,192
0.6149382591247559,192
0.6165022850036621,192
0.6180531978607178,192
0.6196188926696777,192
0.6211779117584229,192
0.6227619647979736,192
0.6243295669555664,192
0.6258735656738281,192
0.6274287700653076,192
0.6289784908294678,192
0.6305477619171143,192
0.6321113109588623,192
0.633671760559082,192
0.6352372169494629,192
0.6367840766906738,192
0.6383445262908936,192
0.6398971080780029,192
0.6414680480957031,192
0.6430404186248779,192
0.644608736038208,192
0.6461703777313232,192
0.6477169990539551,192
0.649285078048706,192
0.650848388671875,192
0.6524171829223633,192
0.6539664268493652,192
0.6555335521697998,192
0.6570982933044434,192
0.6586685180664062,192
0.6602301597595215,192
0.6618034839630127,192
0.6633586883544922,192
0.6649236679077148,192
0.6664931774139404,192
0.668043851852417,192
0.6696128845214844,192
0.6711597442626953,192
0.6727302074432373,192
0.674288272857666,192
0.6758468151092529,192
0.6774187088012695,192
0.6789646148681641,192
0.680513858795166,192
0.6820898056030273,192
0.6836535930633545,192
0.6852025985717773,192
0.6867625713348389,192
0.6883206367492676,192
0.6898670196533203,192
0.6914529800415039,192
0.6929829120635986,192
0.6945450305938721,192
0.6960971355438232,192
0.6976606845855713,192
0.6992218494415283,192
0.7007670402526855,192
0.7023496627807617,192
0.7038943767547607,192
0.7054617404937744,192
0.707017183303833,192
0.7085690498352051,192
0.7101178169250488,192
0.7116920948028564,192
0.7132484912872314,192
0.7147929668426514,192
0.7163639068603516,192
0.7179067134857178,192
0.7194716930389404,192
0.7210211753845215,192
0.7225925922393799,192
0.7241432666778564,192
0.7257108688354492,192
0.7272655963897705,192
0.7288179397583008,192
0.7303676605224609,192
0.7319228649139404,192
0.7334725856781006,192
0.7350029945373535,192
0.7365572452545166,192
0.7381222248077393,192
0.7396786212921143,192
0.7412381172180176,192
0.7427897453308105,192
0.7443606853485107,192
0.7458901405334473,192
0.7474665641784668,192
0.7490267753601074,192
0.7505884170532227,192
0.7521524429321289,192
0.7537190914154053,192
0.7552704811096191,192
0.7568166255950928,192
0.7583708763122559,192
0.7599318027496338,192
0.7614936828613281,192
0.763038158416748,192
0.7646002769470215,192
0.766136646270752,192
0.7676925659179688,192
0.769242525100708,192
0.7707796096801758,192
0.7723603248596191,192
0.7739043235778809,192
0.7754549980163574,192
0.7770190238952637,192
0.778569221496582,192
0.7801218032836914,192
0.7816779613494873,192
0.7832496166229248,192
0.7848074436187744,192
0.786358118057251,192
0.7879035472869873,192
0.7894680500030518,192
0.7910196781158447,192
0.7925851345062256,192
0.7941319942474365,192
0.7956950664520264,192
0.7972588539123535,192
0.7987973690032959,192
0.8003551959991455,192
0.801908016204834,192
0.803457498550415,192
0.8050103187561035,192
0.8065633773803711,192
0.8081121444702148,192
0.809669017791748,192
0.8112404346466064,192
0.8127832412719727,192
0.814342737197876,192
0.8159067630767822,192
0.8174655437469482,192
0.8190150260925293,192
0.8205673694610596,192
0.8221321105957031,192
0.823688268661499,192
0.8252615928649902,192
0.8268089294433594,192
0.8283672332763672,192
0.8299052715301514,192
0.8314597606658936,192
0.8330163955688477,192
0.8345696926116943,192
0.8361260890960693,192
0.8376944065093994,192
0.8392424583435059,192
0.8407974243164062,192
0.8423733711242676,192
0.8439188003540039,192
0.8454775810241699,192
0.8470349311828613,192
0.8485815525054932,192
0.8501176834106445,192
0.8516857624053955,192
0.8532400131225586,192
0.8547608852386475,192
0.8563055992126465,192
0.8578503131866455,192
0.8593919277191162,192
0.8609490394592285,192
0.8624944686889648,192
0.864041805267334,192
0.8656070232391357,192
0.8671462535858154,192
0.8686935901641846,192
0.8702549934387207,192
0.8718042373657227,192
0.8733584880828857,192
0.874891996383667,192
0.8764419555664062,192
0.8779900074005127,192
0.8795201778411865,192
0.8810663223266602,192
0.8826189041137695,192
0.8841736316680908,192
0.8857121467590332,192
0.8872668743133545,192
0.8888068199157715,192
0.8903651237487793,192
0.8919007778167725,192
0.893465518951416,192
0.8950166702270508,192
0.8965408802032471,192
0.898087739944458,192
0.8996360301971436,192
0.9011666774749756,192
0.9027392864227295,192
0.9042797088623047,192
0.9058310985565186,192
0.9073781967163086,192
0.9089195728302002,192
0.9104583263397217,192
0.9120268821716309,192
0.9135630130767822,192
0.9151139259338379,192
0.9166698455810547,192
0.9182305335998535,192
0.9197759628295898,192
0.921332836151123,192
0.922886848449707,192
0.9244251251220703,192
0.9259638786315918,192
0.9275531768798828,192
0.9290969371795654,192
0.9300241470336914,192
0.9308900833129883,192
0.9317729473114014,192
0.9326400756835938,192
0.9335005283355713,192
0.9343626499176025,192
0.9352314472198486,192
0.9360833168029785,192
0.93695068359375,192
0.9378185272216797,192
0.9386866092681885,192
0.9395542144775391,192
0.9404172897338867,192
0.941286563873291,192
0.9421408176422119,192
0.9429996013641357,192
0.9438612461090088,192
0.9447240829467773,192
0.9455933570861816,192
0.9464576244354248,192
0.9473271369934082,192
0.9481830596923828,192
0.9490349292755127,192
0.949897289276123,192
0.9507620334625244,192
0.9516308307647705,192
0.9525001049041748,192
0.9533627033233643,192
0.9542293548583984,192
0.9550881385803223,192
0.9559540748596191,192
0.9568173885345459,192
0.9576804637908936,192
0.9585394859313965,192
0.9594008922576904,192
0.9602680206298828,192
0.9611177444458008,192
0.9619910717010498,192
0.9628629684448242,192
0.963733434677124,192
0.9645974636077881,192
0.9654593467712402,192
0.9663276672363281,192
0.9671881198883057,192
0.9680547714233398,192
0.968909740447998,192
0.9697654247283936,192
0.9706294536590576,192
0.9715020656585693,192
0.972367525100708,192
0.973229169845581,192
0.9740855693817139,192
0.9749467372894287,192
0.9758145809173584,192
0.9766747951507568,192
0.9775416851043701,192
0.9784066677093506,192
0.9792680740356445,192
0.9801232814788818,192
0.9809808731079102,192
0.9818568229675293,192
0.9827268123626709,192
0.9835972785949707,192
0.9844627380371094,192
0.985328197479248,192
0.9861857891082764,192
0.9870445728302002,192
0.9879090785980225,192
0.9887785911560059,192
0.9896364212036133,192
0.9905006885528564,192
0.9913723468780518,192
0.9922323226928711,192
0.9930903911590576,192
0.9939608573913574,192
0.9948294162750244,192
0.9956920146942139,192
0.9965498447418213,192
0.9973995685577393,192
0.9982564449310303,192
0.9991168975830078,192
0.9999783039093018,192
1.000842571258545,192
1.001723289489746,192
1.0025856494903564,192
1.003453016281128,192
1.0043220520019531,192
1.005178689956665,192
1.0060429573059082,192
1.0069026947021484,192
1.007770299911499,192
1.0086381435394287,192
1.0095033645629883,192
1.0103693008422852,192
1.0112361907958984,192
1.0120925903320312,192
1.0129544734954834,192
1.013819694519043,192
1.0146756172180176,192
1.0155436992645264,192
1.0164120197296143,192
1.0172693729400635,192
1.0181288719177246,192
1.0189900398254395,192
1.0198566913604736,192
1.0207228660583496,192
1.0215940475463867,192
1.0224597454071045,192
1.0233232975006104,192
1.0241737365722656,192
1.0250310897827148,192
1.025895118713379,192
1.0267574787139893,192
1.0276286602020264,192
1.0284934043884277,192
1.029350757598877,192
1.0302107334136963,192
1.0310649871826172,192
1.0319418907165527,192
1.0328121185302734,192
1.0336742401123047,192
1.0345444679260254,192
1.0354013442993164,192
1.0362582206726074,192
1.0371098518371582,192
1.0379815101623535,192
1.0388457775115967,192
1.0397086143493652,192
1.0405704975128174,192
1.0414388179779053,192
1.0423052310943604,192
1.0431578159332275,192
1.044018030166626,192
1.0448849201202393,192
1.0457484722137451,192
1.0466032028198242,192
1.0474627017974854,192
1.048325538635254,192
1.0491816997528076,192
1.0500407218933105,192
1.0509064197540283,192
1.0517756938934326,192
1.0526440143585205,192
1.0535061359405518,192
1.0543737411499023,192
1.055227279663086,192
1.0560855865478516,192
1.0569405555725098,192
1.0578014850616455,192
1.0586702823638916,192
1.059537649154663,192
1.0604021549224854,192
1.061274766921997,192
1.062131643295288,192
1.0629899501800537,192
1.0638582706451416,192
1.0647294521331787,192
1.0655906200408936,192
1.0664539337158203,192
1.067314863204956,192
1.0681703090667725,192
1.0690340995788574,192
1.0698978900909424,192
1.0707590579986572,192
1.071641206741333,192
1.0725116729736328,192
1.0733790397644043,192
1.0742413997650146,192
1.0751054286956787,192
1.0759751796722412,192
1.076831340789795,192
1.0776917934417725,192
1.078561544418335,192
1.0794219970703125,192
1.0802850723266602,192
1.081139326095581,192
1.082012414932251,192
1.0828771591186523,192
1.083739995956421,192
1.0846028327941895,192
1.085465431213379,192
1.0863325595855713,192
1.0871913433074951,192
1.088050365447998,192
1.0889182090759277,192
1.0897884368896484,192
1.0906615257263184,192
1.0915324687957764,192
1.092390537261963,192
1.093245506286621,192
1.0941038131713867,192
1.0949647426605225,192
1.095829963684082,192
1.0966930389404297,192
1.0975604057312012,192
1.0984222888946533,192
1.0992848873138428,192
1.1001358032226562,192
1.1009953022003174,192
1.1018776893615723,192
1.102743148803711,192
1.1036067008972168,192
1.1044671535491943,192
1.1053335666656494,192
1.1061925888061523,192
1.1070551872253418,192
1.107923984527588,192
1.1087818145751953,192
1.1096465587615967,192
1.1105144023895264,192
1.1113920211791992,192
1.1122658252716064,192
1.1131203174591064,192
1.1139874458312988,192
1.1148498058319092,192
1.1157054901123047,192
1.1165761947631836,192
1.117447853088379,192
1.1183128356933594,192
1.1191625595092773,192
1.1200299263000488,192
1.120893955230713,192
1.1217665672302246,192
1.1226251125335693,192
1.1234934329986572,192
1.1243577003479004,192
1.1252176761627197,192
1.1260759830474854,192
1.126939058303833,192
1.1278016567230225,192
1.1286704540252686,192
1.1295270919799805,192
1.1303949356079102,192
1.1312718391418457,192
1.1321349143981934,192
1.1329941749572754,192
1.1338651180267334,192
1.1347296237945557,192
1.1355845928192139,192
1.1364474296569824,192
1.1373167037963867,192
1.1381745338439941,192
1.1390392780303955,192
1.1399009227752686,192
1.1407763957977295,192
1.1416573524475098,192
1.142524003982544,192
1.14339017868042,192
1.1442573070526123,192
1.1451129913330078,192
1.145986557006836,192
1.1468520164489746,192
1.1477208137512207,192
1.1485846042633057,192
1.1494512557983398,192
1.150313377380371,192
1.1511685848236084,192
1.152036190032959,192
1.1528966426849365,192
1.1537690162658691,192
1.1546368598937988,192
1.1555039882659912,192
1.1563701629638672,192
1.1572327613830566,192
1.1580924987792969,192
1.1589608192443848,192
1.1598308086395264,192
1.1606967449188232,192
1.1615722179412842,192
1.1624486446380615,192
1.1633074283599854,192
1.164158821105957,192
1.1650173664093018,192
1.1658852100372314,192
1.1667509078979492,192
1.167616844177246,192
1.168473482131958,192
1.1693379878997803,192
1.1702005863189697,192
1.1710567474365234,192
1.171931505203247,192
1.1727924346923828,192
1.1736555099487305,192
1.1745238304138184,192
1.1753897666931152,192
1.1762516498565674,192
1.1770997047424316,192
1.177964448928833,192
1.1788253784179688,192
1.1796882152557373,192
1.1805484294891357,192
1.1814196109771729,192
1.1822929382324219,192
1.1831481456756592,192
1.1840097904205322,192
1.1848673820495605,192
1.1857304573059082,192
1.186589002609253,192
1.1874520778656006,192
1.188314437866211,192
1.1891744136810303,192
1.1900396347045898,192
1.1909024715423584,192
1.1917777061462402,192
1.1926398277282715,192
1.1934950351715088,192
1.194352149963379,192
1.1952149868011475,192
1.196070909500122,192
1.1969335079193115,192
1.197793960571289,192
1.1986591815948486,192
1.1995272636413574,192
1.2003886699676514,192
1.2012598514556885,192
1.2021193504333496,192
1.2029860019683838,192
1.2038516998291016,192
1.2047183513641357,192
1.2055809497833252,192
1.2064411640167236,192
1.2073042392730713,192
1.2081563472747803,192
1.2090249061584473,192
1.2098920345306396,192
1.2107486724853516,192
1.211620569229126,192
1.212465763092041,192
1.213329792022705,192
1.214189052581787,192
1.2150547504425049,192
1.21592116355896,192
1.216792345046997,192
1.2176563739776611,192
1.218522548675537,192
1.2193794250488281,192
1.2202448844909668,192
1.2211015224456787,192
1.2219619750976562,192
1.2228267192840576,192
1.2236855030059814,192
1.2245488166809082,192
1.2254114151000977,192
1.2262687683105469,192
1.2271203994750977,192
1.227987289428711,192
1.2288601398468018,192
1.229726791381836,192
1.2305984497070312,192
1.2314691543579102,192
1.232332468032837,192
1.2331898212432861,192
1.2340505123138428,192
1.234907865524292,192
1.2357745170593262,192
1.2366321086883545,192
1.2374944686889648,192
1.2383556365966797,192
1.2392165660858154,192
1.240077018737793,192
1.2409446239471436,192
1.2418208122253418,192
1.2426905632019043,192
1.243546962738037,192
1.2444019317626953,192
1.2452688217163086,192
1.2461233139038086,192
1.2469801902770996,192
1.2478370666503906,192
1.248703956604004,192
1.2495718002319336,192
1.2504355907440186,192
1.251307725906372,192
1.2521634101867676,192
1.2530295848846436,192
1.2538938522338867,192
1.2547509670257568,192
1.2556095123291016,192
1.2564716339111328,192
1.2573354244232178,192
1.2581911087036133,192
1.2590575218200684,192
1.2599239349365234,192
1.2607815265655518,192
1.2616608142852783,192
1.2625212669372559,192
1.2633843421936035,192
1.2642431259155273,192
1.2650971412658691,192
1.2659547328948975,192
1.2668113708496094,192
1.267669677734375,192
1.268524408340454,192
1.2693877220153809,192
1.2702503204345703,192
1.2711067199707031,192
1.2719817161560059,192
1.2728464603424072,192
1.2737033367156982,192
1.2745602130889893,192
1.2754106521606445,192
1.2762644290924072,192
1.2771220207214355,192
1.2779743671417236,192
1.2788283824920654,192
1.2796828746795654,192
1.280536413192749,192
1.2814104557037354,192
1.2822699546813965,192
1.283127784729004,192
1.2839901447296143,192
1.2848446369171143,192
1.28570556640625,192
1.2865726947784424,192
1.287428855895996,192
1.2882790565490723,192
1.2891302108764648,192
1.2899854183197021,192
1.2908473014831543,192
1.2917184829711914,192
1.2925827503204346,192
1.2934396266937256,192
1.2942936420440674,192
1.295154333114624,192
1.2960124015808105,192
1.2968635559082031,192
1.2977311611175537,192
1.2985961437225342,192
1.2994513511657715,192
1.3003110885620117,192
1.3011651039123535,192
1.3020391464233398,192
1.3029024600982666,192
1.303764820098877,192
1.3046247959136963,192
1.305490255355835,192
1.3063504695892334,192
1.3072137832641602,192
1.3080663681030273,192
1.3089261054992676,192
1.3097810745239258,192
1.3106474876403809,192
1.3115208148956299,192
1.3123836517333984,192
1.313241720199585,192
1.3140974044799805,192
1.314960241317749,192
1.31581711769104,192
1.3166823387145996,192
1.3175466060638428,192
1.3184049129486084,192
1.3192687034606934,192
1.3201210498809814,192
1.3209779262542725,192
1.3218529224395752,192
1.3227159976959229,192
1.3235821723937988,192
1.3244390487670898,192
1.325301170349121,192
1.326158046722412,192
1.3270087242126465,192
1.3278701305389404,192
1.3287279605865479,192
1.3295848369598389,192
1.3304359912872314,192
1.3313074111938477,192
1.3321640491485596,192
1.3330209255218506,192
1.3338890075683594,192
1.3347511291503906,192
1.3356127738952637,192
1.3364717960357666,192
1.3373215198516846,192
1.3381633758544922,192
1.3390135765075684,192
1.3398747444152832,192
1.34073805809021,192
1.341597318649292,192
1.3424551486968994,192
1.3433074951171875,192
1.344160556793213,192
1.3450210094451904,192
1.3458881378173828,192
1.3467566967010498,192
1.3476178646087646,192
1.3484768867492676,192
1.3493409156799316,192
1.3501896858215332,192
1.3510494232177734,192
1.3519246578216553,192
1.3527882099151611,192
1.3536548614501953,192
1.3545222282409668,192
1.355381727218628,192
1.35624361038208,192
1.3571043014526367,192
1.3579621315002441,192
1.3588230609893799,192
1.3596827983856201,192
1.360546350479126,192
1.3614134788513184,192
1.3622748851776123,192
1.363123893737793,192
1.3639843463897705,192
1.3648490905761719,192
1.3656988143920898,192
1.3665530681610107,192
1.3674125671386719,192
1.3682780265808105,192
1.3691294193267822,192
1.3699893951416016,192
1.3708460330963135,192
1.3717193603515625,192
1.3725852966308594,192
1.3734493255615234,192
1.3743000030517578,192
1.3751561641693115,192
1.3760106563568115,192
1.3768789768218994,192
1.3777461051940918,192
1.3786087036132812,192
1.3794703483581543,192
1.3803341388702393,192
1.3811955451965332,192
1.3820686340332031,192
1.3829336166381836,192
1.3837971687316895,192
1.3846659660339355,192
1.385533094406128,192
1.3864004611968994,192
1.3872613906860352,192
1.3881158828735352,192
1.3889758586883545,192
1.389845609664917,192
1.390712022781372,192
1.3915824890136719,192
1.3924369812011719,192
1.3932983875274658,192
1.3941473960876465,192
1.395012617111206,192
1.3958797454833984,192
1.3967459201812744,192
1.3976099491119385,192
1.3984689712524414,192
1.3993303775787354,192
1.4001867771148682,192
1.4010474681854248,192
1.4019227027893066,192
1.4027857780456543,192
1.4036400318145752,192
1.4045004844665527,192
1.405364751815796,192
1.4062213897705078,192
1.40708327293396,192
1.4079463481903076,192
1.4088072776794434,192
1.4096734523773193,192
1.4105286598205566,192
1.4114058017730713,192
1.4122700691223145,192
1.4131286144256592,192
1.4139792919158936,192
1.414844036102295,192
1.415712833404541,192
1.4165806770324707,192
1.4174449443817139,192
1.4183070659637451,192
1.4191679954528809,192
1.4200291633605957,192
1.4208929538726807,192
1.4217722415924072,192
1.4226329326629639,192
1.4234960079193115,192
1.4243569374084473,192
1.4252197742462158,192
1.4260663986206055,192
1.4269354343414307,192
1.4278006553649902,192
1.4286680221557617,192
1.4295384883880615,192
1.4303970336914062,192
1.4312701225280762,192
1.4321348667144775,192
1.4329993724822998,192
1.433868646621704,192
1.43473219871521,192
1.4355924129486084,192
1.4364542961120605,192
1.4373228549957275,192
1.4381790161132812,192
1.4390406608581543,192
1.4399142265319824,192
1.440782070159912,192
1.4416615962982178,192
1.442528247833252,192
1.4433908462524414,192
1.4442613124847412,192
1.4451229572296143,192
1.445981502532959,192
1.4468410015106201,192
1.4477040767669678,192
1.4485645294189453,192
1.4494233131408691,192
1.4502809047698975,192
1.4511363506317139,192
1.4520187377929688,192
1.4528906345367432,192
1.45375657081604,192
1.4546215534210205,192
1.4554851055145264,192
1.456345558166504,192
1.4571940898895264,192
1.4580466747283936,192
1.4589033126831055,192
1.4597742557525635,192
1.4606380462646484,192
1.4615116119384766,192
1.4623775482177734,192
1.4632418155670166,192
1.4640917778015137,192
1.4649567604064941,192
1.4658222198486328,192
1.4666855335235596,192
1.46754789352417,192
1.468400478363037,192
1.4692637920379639,192
1.4701154232025146,192
1.4709796905517578,192
1.4718592166900635,192
1.4727232456207275,192
1.4735941886901855,192
1.4744534492492676,192
1.4753046035766602,192
1.476158857345581,192
1.4770104885101318,192
1.4778721332550049,192
1.4787354469299316,192
1.4796037673950195,192
1.4804668426513672,192
1.4813454151153564,192
1.482210636138916,192
1.483074426651001,192
1.4839389324188232,192
1.4848136901855469,192
1.4856789112091064,192
1.4865429401397705,192
1.4874060153961182,192
1.4882733821868896,192
1.4891362190246582,192
1.4900023937225342,192
1.4908673763275146,192
1.4917380809783936,192
1.4926097393035889,192
1.4934754371643066,192
1.49434494972229,192
1.4952101707458496,192
1.4960708618164062,192
1.4969334602355957,192
1.4978013038635254,192
1.4986636638641357,192
1.4995334148406982,192
1.500401258468628,192
1.5012695789337158,192
1.5021233558654785,192
1.5029809474945068,192
1.5038480758666992,192
1.5047147274017334,192
1.5055758953094482,192
1.5064351558685303,192
1.507291555404663,192
1.508141279220581,192
1.5089962482452393,192
1.5098695755004883,192
1.5107316970825195,192
1.5116057395935059,192
1.5124633312225342,192
1.5133326053619385,192
1.5141892433166504,192
1.515049934387207,192
1.515901803970337,192
1.5167722702026367,192
1.5176410675048828,192
1.518507957458496,192
1.5193626880645752,192
1.5202267169952393,192
1.5210840702056885,192
1.521958827972412,192
1.5228209495544434,192
1.5236802101135254,192
1.5245368480682373,192
1.525404930114746,192
1.5262646675109863,192
1.527132272720337,192
1.5279951095581055,192
1.5288591384887695,192
1.5297257900238037,192
1.5305931568145752,192
1.5314664840698242,192
1.532336711883545,192
1.5331978797912598,192
1.5340559482574463,192
1.5349266529083252,192
1.5357930660247803,192
1.5366642475128174,192
1.537532091140747,192
1.5383987426757812,192
1.5392591953277588,192
1.540112018585205,192
1.540970802307129,192
1.5418505668640137,192
1.5427093505859375,192
1.5435638427734375,192
1.5444245338439941,192
1.5452837944030762,192
1.546133041381836,192
1.546999454498291,192
1.5478663444519043,192
1.5487332344055176,192
1.549597978591919,192
1.550457239151001,192
1.5513372421264648,192
1.5522003173828125,192
1.553062915802002,192
1.5539305210113525,192
1.5547902584075928,192
1.5556588172912598,192
1.556528091430664,192
1.5573930740356445,192
1.5582573413848877,192
1.5591111183166504,192
1.5599751472473145,192
1.560835599899292,192
1.5617091655731201,192
1.5625700950622559,192
1.5634236335754395,192
1.564279556274414,192
1.5651392936706543,192
1.5660006999969482,192
1.5668623447418213,192
1.5677247047424316,192
1.5685968399047852,192
1.5694568157196045,192
1.570319414138794,192
1.5711777210235596,192
1.572049617767334,192
1.572908639907837,192
1.5737714767456055,192
1.5746405124664307,192
1.575500726699829,192
1.5763609409332275,192
1.5772230625152588,192
1.5780775547027588,192
1.5789411067962646,192
1.5798041820526123,192
1.5806708335876465,192
1.5815410614013672,192
1.582401990890503,192
1.5832695960998535,192
1.5841221809387207,192
1.584991693496704,192
1.58585524559021,192
1.586716890335083,192
1.587580919265747,192
1.588440179824829,192
1.5893027782440186,192
1.590160608291626,192
1.5910248756408691,192
1.5918855667114258,192
1.5927608013153076,192
1.5936248302459717,192
1.594491958618164,192
1.5953559875488281,192
1.5962185859680176,192
1.5970768928527832,192
1.5979413986206055,192
1.598806381225586,192
1.5996668338775635,192
1.6005330085754395,192
1.6014025211334229,192
1.6022675037384033,192
1.6031231880187988,192
1.6039910316467285,192
1.6048579216003418,192
1.605726957321167,192
1.6065983772277832,192
1.6074635982513428,192
1.6083295345306396,192
1.6091885566711426,192
1.6100516319274902,192
1.6109189987182617,192
1.611792802810669,192
1.6126666069030762,192
1.613539457321167,192
1.6144003868103027,192
1.615264892578125,192
1.6161198616027832,192
1.6169838905334473,192
1.6178526878356934,192
1.6187036037445068,192
1.6195766925811768,192
1.620445966720581,192
1.6213202476501465,192
1.6221776008605957,192
1.6230394840240479,192
1.6239030361175537,192
1.6247591972351074,192
1.625624418258667,192
1.6264939308166504,192
1.6273572444915771,192
1.62821626663208,192
1.6290767192840576,192
1.6299443244934082,192
1.630810260772705,192
1.6316838264465332,192
1.6325538158416748,192
1.6334199905395508,192
1.634284257888794,192
1.6351416110992432,192
1.6359937191009521,192
1.6368465423583984,192
1.6377122402191162,192
1.638582468032837,192
1.6394424438476562,192
1.6403121948242188,192
1.6411690711975098,192
1.6420390605926514,192
1.64290452003479,192
1.6437695026397705,192
1.6446349620819092,192
1.6454932689666748,192
1.6463563442230225,192
1.6472194194793701,192
1.6480705738067627,192
1.6489360332489014,192
1.6497886180877686,192
1.6506495475769043,192
1.6515181064605713,192
1.6523773670196533,192
1.6532304286956787,192
1.654083013534546,192
1.6549439430236816,192
1.6558072566986084,192
1.6566717624664307,192
1.6575286388397217,192
1.6583871841430664,192
1.6592485904693604,192
1.6600937843322754,192
1.6609606742858887,192
1.661832332611084,192
1.6626956462860107,192
1.6635441780090332,192
1.6644015312194824,192
1.6652650833129883,192
1.666116714477539,192
1.6669774055480957,192
1.667844295501709,192
1.668712854385376,192
1.6695747375488281,192
1.6704399585723877,192
1.6713149547576904,192
1.6721742153167725,192
1.6730406284332275,192
1.673896312713623,192
1.6747634410858154,192
1.6756291389465332,192
1.6764822006225586,192
1.6773402690887451,192
1.6781930923461914,192
1.6790556907653809,192
1.6799166202545166,192
1.6807732582092285,192
1.6816482543945312,192
1.6825101375579834,192
1.6833844184875488,192
1.684251070022583,192
1.6851081848144531,192
1.6861598491668701,192
1.6870217323303223,192
1.687882423400879,192
1.6887447834014893,192
1.6896135807037354,192
1.6904761791229248,192
1.6913433074951172,192
1.6921875476837158,192
1.693049430847168,192
1.693908452987671,192
1.6947717666625977,192
1.6956353187561035,192
1.6964983940124512,192
1.6973516941070557,192
1.6982181072235107,192
1.699070692062378,192
1.6999309062957764,192
1.7007834911346436,192
1.7016551494598389,192
1.7025108337402344,192
1.7033700942993164,192
1.7042295932769775,192
1.7050824165344238,192
1.7059447765350342,192
1.70680832862854,192
1.7076663970947266,192
1.708528995513916,192
1.7093887329101562,192
1.7102553844451904,192
1.7111141681671143,192
1.7119836807250977,192
1.712843894958496,192
1.7137081623077393,192
1.714576005935669,192
1.715440273284912,192
1.7162933349609375,192
1.7171494960784912,192
1.7180085182189941,192
1.718876600265503,192
1.7197353839874268,192
1.7206051349639893,192
1.7214696407318115,192
1.722325086593628,192
1.7231810092926025,192
1.7240424156188965,192
1.7249095439910889,192
1.7257637977600098,192
1.7266268730163574,192
1.7274870872497559,192
1.7283446788787842,192
1.7292094230651855,192
1.73006272315979,192
1.7309274673461914,192
1.7318029403686523,192
1.7326664924621582,192
1.7335293292999268,192
1.734391689300537,192
1.7352519035339355,192
1.7360939979553223,192
1.7369508743286133,192
1.737821102142334,192
1.7386822700500488,192
1.7395401000976562,192
1.7404065132141113,192
1.7412850856781006,192
1.7421326637268066,192
1.742990493774414,192
1.7438554763793945,192
1.744720458984375,192
1.7455828189849854,192
1.74644136428833,192
1.7472975254058838,192
1.7481484413146973,192
1.749006748199463,192
1.7498664855957031,192
1.7507262229919434,192
1.7515983581542969,192
1.7524635791778564,192
1.7533233165740967,192
1.7541754245758057,192
1.755039930343628,192
1.755904197692871,192
1.7567615509033203,192
1.757629156112671,192
1.758493185043335,192
1.7593483924865723,192
1.7602119445800781,192
1.7610743045806885,192
1.7619545459747314,192
1.7628185749053955,192
1.76369047164917,192
1.7645559310913086,192
1.76542329788208,192
1.7662856578826904,192
1.7671360969543457,192
1.7680001258850098,192
1.7688641548156738,192
1.7697298526763916,192
1.7705848217010498,192
1.7714452743530273,192
1.7723042964935303,192
1.7731575965881348,192
1.7740204334259033,192
1.7748780250549316,192
1.775735855102539,192
1.776599645614624,192
1.7774596214294434,192
1.7783145904541016,192
1.779165506362915,192
1.7800216674804688,192
1.7808778285980225,192
1.7817537784576416,192
1.782608985900879,192
1.7834782600402832,192
1.784341812133789,192
1.7851893901824951,192
1.78605318069458,192
1.786912441253662,192
1.7877779006958008,192
1.7886457443237305,192
1.7895073890686035,192
1.790367603302002,192
1.791238784790039,192
1.7920961380004883,192
1.7929565906524658,192
1.7938222885131836,192
1.7946808338165283,192
1.7955374717712402,192
1.7964024543762207,192
1.7972674369812012,192
1.798130989074707,192
1.7989895343780518,192
1.7998552322387695,192
1.80072021484375,192
1.8015813827514648,192
1.8024449348449707,192
1.8033039569854736,192
1.8041620254516602,192
1.805023431777954,192
1.805891513824463,192
1.806758165359497,192
1.807626724243164,192
1.8084895610809326,192
1.809356451034546,192
1.8102097511291504,192
1.8110599517822266,192
1.8119304180145264,192
1.8127937316894531,192
1.8136608600616455,192
1.814523458480835,192
1.8153927326202393,192
1.8162455558776855,192
1.817096471786499,192
1.817960262298584,192
1.8188238143920898,192
1.8196890354156494,192
1.8205468654632568,192
1.8214240074157715,192
1.8222873210906982,192
1.8231449127197266,192
1.824002742767334,192
1.8248612880706787,192
1.825718641281128,192
1.826578140258789,192
1.8274405002593994,192
1.828310251235962,192
1.8291645050048828,192
1.8300247192382812,192
1.8308908939361572,192
1.8317654132843018,192
1.832617998123169,192
1.8334879875183105,192
1.8343496322631836,192
1.8352024555206299,192
1.836066722869873,192
1.836928129196167,192
1.8377940654754639,192
1.8386549949645996,192
1.8395168781280518,192
1.8403809070587158,192
1.8412528038024902,192
1.8421134948730469,192
1.8429758548736572,192
1.8438401222229004,192
1.8447048664093018,192
1.8455708026885986,192
1.846433401107788,192
1.8472900390625,192
1.8481521606445312,192
1.8490095138549805,192
1.849872350692749,192
1.850736141204834,192
1.851606845855713,192
1.8524696826934814,192
1.8533329963684082,192
1.854191780090332,192
1.8550586700439453,192
1.8559176921844482,192
1.856787919998169,192
1.8576457500457764,192
1.8585100173950195,192
1.859363079071045,192
1.860224723815918,192
1.8610808849334717,192
1.8619589805603027,192
1.8628218173980713,192
1.8636753559112549,192
1.8645350933074951,192
1.8653912544250488,192
1.866248369216919,192
1.8671085834503174,192
1.8679707050323486,192
1.868842363357544,192
1.869704246520996,192
1.8705639839172363,192
1.871438980102539,192
1.872309684753418,192
1.8731739521026611,192
1.8740298748016357,192
1.8748886585235596,192
1.8757445812225342,192
1.8766083717346191,192
1.8774714469909668,192
1.8783318996429443,192
1.8791916370391846,192
1.8800580501556396,192
1.8809239864349365,192
1.8818039894104004,192
1.882666826248169,192
1.883528470993042,192
1.884392499923706,192
1.8852529525756836,192
1.8861093521118164,192
1.8869712352752686,192
1.8878347873687744,192
1.888702392578125,192
1.8895606994628906,192
1.890409231185913,192
1.8912861347198486,192
1.892138957977295,192
1.8929979801177979,192
1.8938641548156738,192
1.8947246074676514,192
1.8955879211425781,192
1.8964455127716064,192
1.897308111190796,192
1.8981709480285645,192
1.8990328311920166,192
1.899890661239624,192
1.9007558822631836,192
1.901625394821167,192
1.9024848937988281,192
1.9033458232879639,192
1.904198169708252,192
1.9050638675689697,192
1.9059224128723145,192
1.9067902565002441,192
1.9076480865478516,192
1.908501386642456,192
1.9093680381774902,192
1.91023588180542,192
1.9110980033874512,192
1.9119699001312256,192
1.9128310680389404,192
1.9137017726898193,192
1.9145712852478027,192
1.9154341220855713,192
1.91629958152771,192
1.9171552658081055,192
1.9180176258087158,192
1.9188878536224365,192
1.9197523593902588,192
1.9206211566925049,192
1.9214940071105957,192
1.9223651885986328,192
1.9232218265533447,192
1.9240806102752686,192
1.9249446392059326,192
1.925802230834961,192
1.9266648292541504,192
1.927527666091919,192
1.9283838272094727,192
1.9292490482330322,192
1.9300940036773682,192
1.930957555770874,192
1.931835651397705,192
1.93269944190979,192
1.9335713386535645,192
1.9344327449798584,192
1.9352858066558838,192
1.9361357688903809,192
1.9369871616363525,192
1.937854290008545,192
1.9387195110321045,192
1.9395825862884521,192
1.9404473304748535,192
1.9413163661956787,192
1.9421653747558594,192
1.9430277347564697,192
1.943889856338501,192
1.9447534084320068,192
1.9456181526184082,192
1.9464821815490723,192
1.9473483562469482,192
1.9482026100158691,192
1.9490666389465332,192
1.9499268531799316,192
1.9507882595062256,192
1.9516634941101074,192
1.9525163173675537,192
1.9533817768096924,192
1.9542429447174072,192
1.9550974369049072,192
1.955963134765625,192
1.9568276405334473,192
1.9576947689056396,192
1.9585626125335693,192
1.9594244956970215,192
1.9602928161621094,192
1.9611568450927734,192
1.9620215892791748,192
1.9628832340240479,192
1.963749647140503,192
1.964606523513794,192
1.9654638767242432,192
1.9663269519805908,192
1.967179775238037,192
1.968041181564331,192
1.9689092636108398,192
1.9697730541229248,192
1.9706394672393799,192
1.971510648727417,192
1.97237229347229,192
1.9732298851013184,192
1.9740872383117676,192
1.9749414920806885,192
1.9758079051971436,192
1.9766697883605957,192
1.9775302410125732,192
1.9783942699432373,192
1.9792520999908447,192
1.9801084995269775,192
1.9809796810150146,192
1.9818487167358398,192
1.9827136993408203,192
1.9835822582244873,192
1.9844441413879395,192
1.9853050708770752,192
1.986161470413208,192
1.9870195388793945,192
1.9878778457641602,192
1.9887371063232422,192
1.9896035194396973,192
1.9904661178588867,192
1.9913368225097656,192
1.9921934604644775,192
1.9930610656738281,192
1.9939160346984863,192
1.994771957397461,192
1.9956352710723877,192
1.9965009689331055,192
1.9973556995391846,192
1.9982028007507324,192
1.999058485031128,192
1.9999277591705322,192
2.0007941722869873,192
2.0016653537750244,192
2.002530574798584,192
2.003391981124878,192
2.004258155822754,192
2.005119800567627,192
2.005981922149658,192
2.0068511962890625,192
2.00770902633667,192
2.0085697174072266,192
2.009425401687622,192
2.0102791786193848,192
2.011133909225464,192
2.0119986534118652,192
2.012859344482422,192
2.0137250423431396,192
2.0145816802978516,192
2.0154476165771484,192
2.016313314437866,192
2.0171728134155273,192
2.0180280208587646,192
2.018890142440796,192
2.0197601318359375,192
2.020624876022339,192
2.021488666534424,192
2.022343635559082,192
2.023207664489746,192
2.02406644821167,192
2.024930477142334,192
2.0257930755615234,192
2.0266661643981934,192
2.0275328159332275,192
2.028390884399414,192
2.029252052307129,192
2.0301105976104736,192
2.0309669971466064,192
2.031841516494751,192
2.032703161239624,192
2.0335633754730225,192
2.0344159603118896,192
2.03528094291687,192
2.036135673522949,192
2.0369958877563477,192
2.0378596782684326,192
2.038712739944458,192
2.0395731925964355,192
2.040431022644043,192
2.0413081645965576,192
2.042151927947998,192
2.043010950088501,192
2.043874502182007,192
2.04473614692688,192
2.045599937438965,192
2.0464656352996826,192
2.047330379486084,192
2.048189878463745,192
2.0490505695343018,192
2.049922227859497,192
2.050788164138794,192
2.0516624450683594,192
2.05253005027771,192
2.0533864498138428,192
2.0542516708374023,192
2.055110216140747,192
2.055976152420044,192
2.0568408966064453,192
2.057704448699951,192
2.058568239212036,192
2.0594305992126465,192
2.060290813446045,192
2.0611705780029297,192
2.0620436668395996,192
2.0629119873046875,192
2.063782215118408,192
2.06463885307312,192
2.0655064582824707,192
2.0663607120513916,192
2.0672290325164795,192
2.0680832862854004,192
2.0689427852630615,192
2.069801092147827,192
2.0706565380096436,192
2.0715250968933105,192
2.0723822116851807,192
2.0732507705688477,192
2.0741090774536133,192
2.0749685764312744,192
2.0758321285247803,192
2.07670259475708,192
2.0775675773620605,192
2.078428030014038,192
2.079287052154541,192
2.0801479816436768,192
2.081007242202759,192
2.0818796157836914,192
2.082746982574463,192
2.083604574203491,192
2.084468126296997,192
2.085327625274658,192
2.086188793182373,192
2.08705472946167,192
2.087916374206543,192
2.088780641555786,192
2.0896501541137695,192
2.0905048847198486,192
2.091383934020996,192
2.0922536849975586,192
2.0931038856506348,192
2.0939722061157227,192
2.094841957092285,192
2.0957119464874268,192
2.096581220626831,192
2.0974433422088623,192
2.0983083248138428,192
2.09916090965271,192
2.1000232696533203,192
2.100886583328247,192
2.1017677783966064,192
2.1026265621185303,192
2.103489398956299,192
2.104344129562378,192
2.1051979064941406,192
2.106057643890381,192
2.106926918029785,192
2.1077866554260254,192
2.1086530685424805,192
2.1095082759857178,192
2.1103687286376953,192
2.111241102218628,192
2.1120991706848145,192
2.1129605770111084,192
2.113840103149414,192
2.1147043704986572,192
2.115563154220581,192
2.1164276599884033,192
2.1172916889190674,192
2.1181507110595703,192
2.119016408920288,192
2.119894504547119,192
2.120785713195801,192
2.1216604709625244,192
2.1225240230560303,192
2.1233859062194824,192
2.1242542266845703,192
2.125115394592285,192
2.125969171524048,192
2.1268391609191895,192
2.1277308464050293,192
2.1285910606384277,192
2.129453182220459,192
2.1303138732910156,192
2.1311748027801514,192
2.1320438385009766,192
2.1329164505004883,192
2.1337811946868896,192
2.1346471309661865,192
2.135517120361328,192
2.136376142501831,192
2.1372344493865967,192
2.1380887031555176,192
2.1389501094818115,192
2.1398191452026367,192
2.14068603515625,192
2.141563653945923,192
2.142425775527954,192
2.1432909965515137,192
2.1441476345062256,192
2.1450092792510986,192
2.1458852291107178,192
2.14675235748291,192
2.147610902786255,192
2.148469924926758,192
2.149331569671631,192
2.150192975997925,192
2.1510562896728516,192
2.1519360542297363,192
2.152803897857666,192
2.153668165206909,192
2.154529094696045,192
2.1553897857666016,192
2.1562485694885254,192
2.1571009159088135,192
2.157961368560791,192
2.1588311195373535,192
2.1596851348876953,192
2.1605465412139893,192
2.1614201068878174,192
2.162287950515747,192
2.1631486415863037,192
2.1640100479125977,192
2.1648621559143066,192
2.1657302379608154,192
2.1665890216827393,192
2.167448043823242,192
2.1683056354522705,192
2.169167995452881,192
2.1700310707092285,192
2.1708977222442627,192
2.171773672103882,192
2.1726343631744385,192
2.173496723175049,192
2.17436146736145,192
2.1752209663391113,192
2.1760783195495605,192
2.1769444942474365,192
2.1778080463409424,192
2.1786768436431885,192
2.179539918899536,192
2.1803975105285645,192
2.181269407272339,192
2.182123899459839,192
2.1829910278320312,192
2.1838550567626953,192
2.1847193241119385,192
2.185582399368286,192
2.1864426136016846,192
2.1873035430908203,192
2.1881566047668457,192
2.189016580581665,192
2.1898796558380127,192
2.19073486328125,192
2.1916046142578125,192
2.1924631595611572,192
2.193326234817505,192
2.194187641143799,192
2.1950502395629883,192
2.1959123611450195,192
2.1967737674713135,192
2.1976397037506104,192
2.198500156402588,192
2.1993610858917236,192
2.2002246379852295,192
2.2010793685913086,192
2.2019541263580322,192
2.20281982421875,192
2.203688144683838,192
2.204545497894287,192
2.2054061889648438,192
2.2062692642211914,192
2.2071175575256348,192
2.2079715728759766,192
2.208827495574951,192
2.2096915245056152,192
2.2105584144592285,192
2.211416482925415,192
2.212283134460449,192
2.2131402492523193,192
2.2140004634857178,192
2.2148663997650146,192
2.2157318592071533,192
2.216592788696289,192
2.2174606323242188,192
2.218324661254883,192
2.2191851139068604,192
2.2200441360473633,192
2.220911741256714,192
2.221789598464966,192
2.2226476669311523,192
2.2235119342803955,192
2.2243781089782715,192
2.2252306938171387,192
2.226090669631958,192
2.2269513607025146,192
2.2278127670288086,192
2.228670835494995,192
2.229532241821289,192
2.230393648147583,192
2.231266498565674,192
2.2321183681488037,192
2.2329745292663574,192
2.2338385581970215,192
2.2347068786621094,192
2.2355642318725586,192
2.236420154571533,192
2.2372870445251465,192
2.238142490386963,192
2.2389965057373047,192
2.2398579120635986,192
2.2407259941101074,192
2.2415997982025146,192
2.2424662113189697,192
2.2433345317840576,192
2.2441930770874023,192
2.2450618743896484,192
2.245919942855835,192
2.246781587600708,192
2.2476489543914795,192
2.2485110759735107,192
2.2493767738342285,192
2.2502431869506836,192
2.2510955333709717,192
2.2519683837890625,192
2.2528278827667236,192
2.2536861896514893,192
2.2545483112335205,192
2.255404472351074,192
2.2562615871429443,192
2.257119655609131,192
2.257984161376953,192
2.2588443756103516,192
2.2597036361694336,192
2.260563611984253,192
2.2614288330078125,192
2.2622897624969482,192
2.263146162033081,192
2.2640042304992676,192
2.264859437942505,192
2.2657244205474854,192
2.266590118408203,192
2.2674498558044434,192
2.268303155899048,192
2.2691593170166016,192
2.2700202465057373,192
2.2708899974823,192
2.2717690467834473,192
2.2726376056671143,192
2.2734954357147217,192
2.274359703063965,192
2.2752203941345215,192
2.2760868072509766,192
2.276953935623169,192
2.2778117656707764,192
2.2786712646484375,192
2.2795352935791016,192
2.2803966999053955,192
2.281266689300537,192
2.282123327255249,192
2.282984972000122,192
2.2838425636291504,192
2.2847061157226562,192
2.285569906234741,192
2.2864296436309814,192
2.2872843742370605,192
2.2881340980529785,192
2.2889902591705322,192
2.289846181869507,192
2.290710687637329,192
2.2916030883789062,192
2.292461395263672,192
2.2933268547058105,192
2.2941811084747314,192
2.2950401306152344,192
2.2959024906158447,192
2.2967660427093506,192
2.297621488571167,192
2.29848575592041,192
2.299344539642334,192
2.3001935482025146,192
2.301060914993286,192
2.3019425868988037,192
2.302802324295044,192
2.3036603927612305,192
2.3045244216918945,192
2.305389881134033,192
2.3062524795532227,192
2.307105302810669,192
2.3079710006713867,192
2.308837652206421,192
2.309701442718506,192
2.3105649948120117,192
2.311440944671631,192
2.3122949600219727,192
2.313154935836792,192
2.314019203186035,192
2.314882278442383,192
2.3157474994659424,192
2.316603183746338,192
2.317460298538208,192
2.3183298110961914,192
2.3191871643066406,192
2.3200457096099854,192
2.3209123611450195,192
2.3217761516571045,192
2.3226370811462402,192
2.323495626449585,192
2.3243587017059326,192
2.325218915939331,192
2.3260672092437744,192
2.326932668685913,192
2.327801465988159,192
2.328655242919922,192
2.329514265060425,192
2.330381155014038,192
2.331244707107544,192
2.3320975303649902,192
2.332958459854126,192
2.3338260650634766,192
2.334688425064087,192
2.3355541229248047,192
2.336411952972412,192
2.337272882461548,192
2.3381314277648926,192
2.338996648788452,192
2.339860677719116,192
2.3407235145568848,192
2.341606855392456,192
2.342470407485962,192
2.3433289527893066,192
2.3441812992095947,192
2.3450467586517334,192
2.3459062576293945,192
2.34676456451416,192
2.3476247787475586,192
2.3484933376312256,192
2.3493552207946777,192
2.3502233028411865,192
2.351079225540161,192
2.351952314376831,192
2.352811574935913,192
2.3536651134490967,192
2.354526996612549,192
2.3553824424743652,192
2.3562352657318115,192
2.3570830821990967,192
2.3579466342926025,192
2.358799457550049,192
2.3596625328063965,192
2.3605268001556396,192
2.3613975048065186,192
2.3622562885284424,192
2.363110065460205,192
2.3639743328094482,192
2.3648369312286377,192
2.365699052810669,192
2.3665595054626465,192
2.367418050765991,192
2.36828351020813,192
2.369140386581421,192
2.369999885559082,192
2.370867967605591,192
2.37174129486084,192
2.3726134300231934,192
2.3734705448150635,192
2.3743350505828857,192
2.3751940727233887,192
2.3760530948638916,192
2.37691593170166,192
2.377776622772217,192
2.3786396980285645,192
2.3794968128204346,192
2.380361557006836,192
2.381232976913452,192
2.382089376449585,192
2.3829543590545654,192
2.383816957473755,192
2.3846728801727295,192
2.385535478591919,192
2.3863911628723145,192
2.3872578144073486,192
2.3881101608276367,192
2.3889753818511963,192
2.3898353576660156,192
2.390695571899414,192
2.391561985015869,192
2.3924105167388916,192
2.3932738304138184,192
2.3941240310668945,192
2.3949835300445557,192
2.395846366882324,192
2.3967082500457764,192
2.397568464279175,192
2.3984251022338867,192
2.399289608001709,192
2.400141477584839,192
2.4010066986083984,192
2.401883125305176,192
2.4027493000030518,192
2.4036037921905518,192
2.404467821121216,192
2.4053330421447754,192
2.406186819076538,192
2.407045364379883,192
2.4079136848449707,192
2.4087798595428467,192
2.409642219543457,192
2.4105045795440674,192
2.4113709926605225,192
2.412233591079712,192
2.413090467453003,192
2.413952112197876,192
2.4148221015930176,192
2.4156858921051025,192
2.4165525436401367,192
2.417415142059326,192
2.418276786804199,192
2.419135570526123,192
2.419999837875366,192
2.4208693504333496,192
2.4217453002929688,192
2.4226114749908447,192
2.4234681129455566,192
2.424330234527588,192
2.425180673599243,192
2.4260361194610596,192
2.4269039630889893,192
2.4277679920196533,192
2.4286258220672607,192
2.4294886589050293,192
2.430351972579956,192
2.4312191009521484,192
2.4320743083953857,192
2.43294095993042,192
2.433809757232666,192
2.434669017791748,192
2.4355320930480957,192
2.4363913536071777,192
2.4372482299804688,192
2.438096761703491,192
2.4389595985412598,192
2.43982195854187,192
2.4406776428222656,192
2.441555976867676,192
2.4424123764038086,192
2.4432756900787354,192
2.4441277980804443,192
2.4449946880340576,192
2.4458587169647217,192
2.4467155933380127,192
2.447575807571411,192
2.448441743850708,192
2.449303150177002,192
2.4501569271087646,192
2.451016426086426,192
2.4518988132476807,192
2.45275616645813,192
2.4536197185516357,192
2.4544780254364014,192
2.45534348487854,192
2.456202745437622,192
2.457066297531128,192
2.4579286575317383,192
2.4587960243225098,192
2.4596571922302246,192
2.4605143070220947,192
2.4613802433013916,192
2.4622390270233154,192
2.4630870819091797,192
2.463946580886841,192
2.464803695678711,192
2.4656732082366943,192
2.4665334224700928,192
2.4673891067504883,192
2.4682607650756836,192
2.4691176414489746,192
2.469980001449585,192
2.4708402156829834,192
2.4717111587524414,192
2.472576141357422,192
2.4734244346618652,192
2.474287509918213,192
2.4751458168029785,192
2.4760050773620605,192
2.476862668991089,192
2.4777283668518066,192
2.4785852432250977,192
2.4794509410858154,192
2.4803109169006348,192
2.4811692237854004,192
2.482038974761963,192
2.4829022884368896,192
2.483766794204712,192
2.4846272468566895,192
2.485487222671509,192
2.4863529205322266,192
2.487213134765625,192
2.488067865371704,192
2.4889419078826904,192
2.4898018836975098,192
2.490670919418335,192
2.4915390014648438,192
2.4924044609069824,192
2.4932658672332764,192
2.494124174118042,192
2.4949936866760254,192
2.4958558082580566,192
2.496723175048828,192
2.4975829124450684,192
2.4984445571899414,192
2.4993040561676025,192
2.500159978866577,192
2.501016139984131,192
2.50189208984375,192
2.5027544498443604,192
2.503624200820923,192
2.5044913291931152,192
2.505356550216675,192
2.506211042404175,192
2.5070738792419434,192
2.507934808731079,192
2.508793354034424,192
2.5096585750579834,192
2.5105278491973877,192
2.5113911628723145,192
2.51225209236145,192
2.5131053924560547,192
2.5139598846435547,192
2.514820098876953,192
2.515683889389038,192
2.516542673110962,192
2.5174026489257812,192
2.5182623863220215,192
2.5191192626953125,192
2.5199787616729736,192
2.5208444595336914,192
2.5217196941375732,192
2.5225720405578613,192
2.5234341621398926,192
2.5242979526519775,192
2.525153636932373,192
2.526019811630249,192
2.526888847351074,192
2.5277514457702637,192
2.528618812561035,192
2.5294742584228516,192
2.5303380489349365,192
2.531195878982544,192
2.5320608615875244,192
2.5329320430755615,192
2.533796548843384,192
2.5346615314483643,192
2.5355210304260254,192
2.5363831520080566,192
2.5372445583343506,192
2.5381019115448,192
2.5389671325683594,192
2.5398318767547607,192
2.540696620941162,192
2.541569709777832,192
2.5424211025238037,192
2.543278455734253,192
2.5441269874572754,192
2.544997215270996,192
2.5458619594573975,192
2.546722412109375,192
2.547578811645508,192
2.548438549041748,192
2.549300193786621,192
2.550159454345703,192
2.5510218143463135,192
2.5518834590911865,192
2.5527455806732178,192
2.5536084175109863,192
2.5544681549072266,192
2.5553388595581055,192
2.5561914443969727,192
2.5570573806762695,192
2.5579230785369873,192
2.5587830543518066,192
2.5596325397491455,192
2.560502290725708,192
2.5613789558410645,192
2.562246799468994,192
2.563096523284912,192
2.5639595985412598,192
2.5648186206817627,192
2.5656862258911133,192
2.566546678543091,192
2.5674095153808594,192
2.568265676498413,192
2.569117784500122,192
2.5699784755706787,192
2.570843458175659,192
2.5717122554779053,192
2.572577714920044,192
2.573458671569824,192
2.5743250846862793,192
2.5751805305480957,192
2.5760462284088135,192
2.5769078731536865,192
2.5777745246887207,192
2.5786373615264893,192
2.5795063972473145,192
2.5803658962249756,192
2.5812251567840576,192
2.582082509994507,192
2.5829508304595947,192
2.5838232040405273,192
2.5846822261810303,192
2.5855484008789062,192
2.5864150524139404,192
2.5872790813446045,192
2.588136911392212,192
2.5890047550201416,192
2.5898656845092773,192
2.590725898742676,192
2.5916049480438232,192
2.592468023300171,192
2.593332290649414,192
2.5941972732543945,192
2.5950605869293213,192
2.595923662185669,192
2.5967891216278076,192
2.5976524353027344,192
2.5985231399536133,192
2.599376916885376,192
2.6002328395843506,192
2.601093292236328,192
2.601961612701416,192
2.6028292179107666,192
2.603698968887329,192
2.604583263397217,192
2.6054437160491943,192
2.606313705444336,192
2.607174873352051,192
2.6080384254455566,192
2.608903646469116,192
2.6097652912139893,192
2.610635995864868,192
2.61151123046875,192
2.6123759746551514,192
2.6132404804229736,192
2.614100217819214,192
2.6149654388427734,192
2.6158299446105957,192
2.6166927814483643,192
2.617560625076294,192
2.6184239387512207,192
2.619288682937622,192
2.620136022567749,192
2.6210029125213623,192
2.621880531311035,192
2.6227426528930664,192
2.6236064434051514,192
2.624464750289917,192
2.6253292560577393,192
2.6261820793151855,192
2.6270461082458496,192
2.627906322479248,192
2.628767490386963,192
2.6296370029449463,192
2.6305110454559326,192
2.631373167037964,192
2.6322336196899414,192
2.63309907913208,192
2.633960008621216,192
2.634815216064453,192
2.6356728076934814,192
2.636533260345459,192
2.6373908519744873,192
2.6382603645324707,192
2.6391141414642334,192
2.639981746673584,192
2.6408512592315674,192
2.6417312622070312,192
2.6425909996032715,192
2.6434497833251953,192
2.644315719604492,192
2.6451704502105713,192
2.646028995513916,192
2.6468915939331055,192
2.6477556228637695,192
2.648623466491699,192
2.649480104446411,192
2.6503384113311768,192
2.651195526123047,192
2.6520702838897705,192
2.6529321670532227,192
2.653796434402466,192
2.6546573638916016,192
2.655526638031006,192
2.65639328956604,192
2.6572539806365967,192
2.6581170558929443,192
2.6589784622192383,192
2.659841537475586,192
2.6607072353363037,192
2.66158127784729,192
2.662442922592163,192
2.663299322128296,192
2.664156436920166,192
2.665015459060669,192
2.665881872177124,192
2.6667466163635254,192
2.667604684829712,192
2.6684701442718506,192
2.66933274269104,192
2.6701908111572266,192
2.6710615158081055,192
2.671952962875366,192
2.672823905944824,192
2.673689365386963,192
2.6745495796203613,192
2.675416946411133,192
2.6762704849243164,192
2.6771249771118164,192
2.6779873371124268,192
2.678854465484619,192
2.6797196865081787,192
2.6805760860443115,192
2.6814486980438232,192
2.682318687438965,192
2.6831765174865723,192
2.6840550899505615,192
2.684917449951172,192
2.6857826709747314,192
2.68664813041687,192
2.6875102519989014,192
2.6883702278137207,192
2.689229965209961,192
2.690079689025879,192
2.690943956375122,192
2.691821813583374,192
2.6926870346069336,192
2.693542718887329,192
2.6944055557250977,192
2.6952710151672363,192
2.6961288452148438,192
2.6969966888427734,192
2.6978604793548584,192
2.6987195014953613,192
2.6995818614959717,192
2.700434923171997,192
2.7013111114501953,192
2.7021701335906982,192
2.7030279636383057,192
2.7038910388946533,192
2.7047574520111084,192
2.705622673034668,192
2.7064852714538574,192
2.7073557376861572,192
2.70821475982666,192
2.7090728282928467,192
2.709937810897827,192
2.7108054161071777,192
2.7116775512695312,192
2.712543249130249,192
2.71340012550354,192
2.714268922805786,192
2.7151286602020264,192
2.7159852981567383,192
2.7168469429016113,192
2.7177183628082275,192
2.7185842990875244,192
2.71943998336792,192
2.720301628112793,192
2.7211556434631348,192
2.7220261096954346,192
2.722888946533203,192
2.7237541675567627,192
2.724618673324585,192
2.7254791259765625,192
2.72634220123291,192
2.7271997928619385,192
2.728067398071289,192
2.7289316654205322,192
2.729804039001465,192
2.7306630611419678,192
2.731534957885742,192
2.7323825359344482,192
2.733255386352539,192
2.734107255935669,192
2.734969139099121,192
2.735835552215576,192
2.7366976737976074,192
2.737556219100952,192
2.7384285926818848,192
2.7392921447753906,192
2.7401463985443115,192
2.7410054206848145,192
2.741882562637329,192
2.7427501678466797,192
2.743614912033081,192
2.7444727420806885,192
2.745332956314087,192
2.746182680130005,192
2.7470388412475586,192
2.747898817062378,192
2.7487666606903076,192
2.749634027481079,192
2.750492811203003,192
2.751370906829834,192
2.7522311210632324,192
2.7530879974365234,192
2.753952741622925,192
2.7548179626464844,192
2.755693197250366,192
2.756556510925293,192
2.757417917251587,192
2.758284091949463,192
2.759138822555542,192
2.7600040435791016,192
2.760871648788452,192
2.7617428302764893,192
2.7626068592071533,192
2.7634661197662354,192
2.7643370628356934,192
2.7651915550231934,192
2.7660505771636963,192
2.7669074535369873,192
2.7677700519561768,192
2.768632173538208,192
2.769496202468872,192
2.7703590393066406,192
2.771228075027466,192
2.772085428237915,192
2.772953748703003,192
2.773822069168091,192
2.7746894359588623,192
2.7755463123321533,192
2.776411771774292,192
2.777276039123535,192
2.7781264781951904,192
2.7789835929870605,192
2.7798478603363037,192
2.7807090282440186,192
2.7815773487091064,192
2.7824389934539795,192
2.7833073139190674,192
2.7841641902923584,192
2.78503155708313,192
2.7858965396881104,192
2.786752939224243,192
2.787616729736328,192
2.7884750366210938,192
2.7893362045288086,192
2.7901928424835205,192
2.791053056716919,192
2.7919280529022217,192
2.792792320251465,192
2.793661594390869,192
2.7945291996002197,192
2.795391082763672,192
2.7962448596954346,192
2.7970988750457764,192
2.7979633808135986,192
2.79884934425354,192
2.799715757369995,192
2.8006064891815186,192
2.801469326019287,192
2.802330732345581,192
2.803184747695923,192
2.804050922393799,192
2.804917335510254,192
2.805784225463867,192
2.80664324760437,192
2.807502508163452,192
2.8083698749542236,192
2.809234619140625,192
2.810088872909546,192
2.810959577560425,192
2.811826229095459,192
2.8126935958862305,192
2.8135476112365723,192
2.814401388168335,192
2.8152542114257812,192
2.816105604171753,192
2.8169612884521484,192
2.8178303241729736,192
2.8187010288238525,192
2.819563150405884,192
2.820422887802124,192
2.821296453475952,192
2.8221564292907715,192
2.8230152130126953,192
2.8238744735717773,192
2.8247344493865967,192
2.8255980014801025,192
2.8264615535736084,192
2.8273284435272217,192
2.8281757831573486,192
2.8290364742279053,192
2.829895257949829,192
2.8307554721832275,192
2.8316245079040527,192
2.8324880599975586,192
2.833347797393799,192
2.834200382232666,192
2.835059642791748,192
2.835923910140991,192
2.8367834091186523,192
2.837639570236206,192
2.8384969234466553,192
2.8393566608428955,192
2.8402175903320312,192
2.8410656452178955,192
2.841947078704834,192
2.842815399169922,192
2.8436830043792725,192
2.844547748565674,192
2.845414400100708,192
2.8462753295898438,192
2.84713077545166,192
2.8479928970336914,192
2.848857879638672,192
2.8497302532196045,192
2.8505890369415283,192
2.8514513969421387,192
2.8523192405700684,192
2.85316801071167,192
2.8540279865264893,192
2.8548998832702637,192
2.85575795173645,192
2.856623888015747,192
2.8574814796447754,192
2.8583474159240723,192
2.85919451713562,192
2.8600544929504395,192
2.8609116077423096,192
2.8617796897888184,192
2.862645149230957,192
2.8635098934173584,192
2.864370346069336,192
2.8652329444885254,192
2.866090774536133,192
2.8669509887695312,192
2.867809534072876,192
2.868673086166382,192
2.86953067779541,192
2.8703904151916504,192
2.871264934539795,192
2.872119665145874,192
2.8729891777038574,192
2.8738536834716797,192
2.8747143745422363,192
2.8755788803100586,192
2.8764445781707764,192
2.8773081302642822,192
2.878169059753418,192
2.879025936126709,192
2.8798861503601074,192
2.880748748779297,192
2.8816206455230713,192
2.8824856281280518,192
2.8833463191986084,192
2.8841967582702637,192
2.88504958152771,192
2.8859095573425293,192
2.8867692947387695,192
2.8876349925994873,192
2.888500928878784,192
2.8893661499023438,192
2.890223979949951,192
2.8910768032073975,192
2.891951322555542,192
2.8928160667419434,192
2.8936824798583984,192
2.89455246925354,192
2.8954172134399414,192
2.896268367767334,192
2.897127628326416,192
2.897987127304077,192
2.8988544940948486,192
2.8997204303741455,192
2.9005868434906006,192
2.9014453887939453,192
2.9023029804229736,192
2.9031591415405273,192
2.9040136337280273,192
2.9048757553100586,192
2.9057390689849854,192
2.9066061973571777,192
2.907460927963257,192
2.9083287715911865,192
2.909186840057373,192
2.9100468158721924,192
2.910909414291382,192
2.9117844104766846,192
2.9126482009887695,192
2.9135119915008545,192
2.914370536804199,192
2.915236711502075,192
2.9160819053649902,192
2.9169442653656006,192
2.9178121089935303,192
2.91867733001709,192
2.919548988342285,192
2.920414686203003,192
2.921287775039673,192
2.922142267227173,192
2.9230072498321533,192
2.9238662719726562,192
2.9247257709503174,192
2.925586223602295,192
2.9264485836029053,192
2.9273123741149902,192
2.9281694889068604,192
2.929030656814575,192
2.929889678955078,192
2.930758237838745,192
2.9316394329071045,192
2.9324951171875,192
2.933364152908325,192
2.934229612350464,192
2.9350874423980713,192
2.935950517654419,192
2.936821222305298,192
2.937685251235962,192
2.9385406970977783,192
2.9394044876098633,192
2.9402616024017334,192
2.941112756729126,192
2.941983461380005,192
2.942845582962036,192
2.943709135055542,192
2.944575309753418,192
2.9454360008239746,192
2.9463019371032715,192
2.9471569061279297,192
2.948024034500122,192
2.9488933086395264,192
2.949754476547241,192
2.9506194591522217,192
2.9514856338500977,192
2.95235013961792,192
2.9532101154327393,192
2.9540598392486572,192
2.9549219608306885,192
2.955779790878296,192
2.956648826599121,192
2.9575135707855225,192
2.9583792686462402,192
2.9592387676239014,192
2.9601004123687744,192
2.9609603881835938,192
2.9618325233459473,192
2.9626967906951904,192
2.9635558128356934,192
2.9644129276275635,192
2.9652791023254395,192
2.966132879257202,192
2.9678001403808594,192
2.96866774559021,192
2.9695284366607666,192
2.9703896045684814,192
2.971245050430298,192
2.9721078872680664,192
2.9737820625305176,192
2.974644184112549,192
2.9755120277404785,192
2.976369857788086,192
2.9772281646728516,192
2.9780824184417725,192
2.979759931564331,192
2.980617046356201,192
2.9814865589141846,192
2.98234224319458,192
2.983194589614868,192
2.98405385017395,192
2.985729694366455,192
2.9865875244140625,192
2.9874446392059326,192
2.9883034229278564,192
2.9891679286956787,192
2.990032911300659,192
2.9917120933532715,192
2.992574453353882,192
2.9934356212615967,192
2.994292974472046,192
2.99515438079834,192
2.9960153102874756,192
2.997689723968506,192
2.998549461364746,192
2.999410390853882,192
3.000265598297119,192
3.0011274814605713,192
3.002807378768921,192
3.0036685466766357,192
3.0045223236083984,192
3.0053811073303223,192
3.006240129470825,192
3.007101535797119,192
3.0087735652923584,192
3.0096349716186523,192
3.0104944705963135,192
3.011364698410034,192
3.012228488922119,192
3.0130817890167236,192
3.0147552490234375,192
3.0156197547912598,192
3.0164804458618164,192
3.017343282699585,192
3.018202066421509,192
3.019054412841797,192
3.0207324028015137,192
3.021594285964966,192
3.022456407546997,192
3.023322820663452,192
3.0241732597351074,192
3.025028705596924,192
3.026705741882324,192
3.027564525604248,192
3.028423547744751,192
3.029311180114746,192
3.030168056488037,192
3.0310311317443848,192
3.0327160358428955,192
3.0335910320281982,192
3.03444242477417,192
3.035304546356201,192
3.0361578464508057,192
3.037020683288574,192
3.03872013092041,192
3.039592981338501,192
3.040461540222168,192
3.041348695755005,192
3.0422019958496094,192
3.043058156967163,192
3.04473614692688,192
3.0455992221832275,192
3.046457290649414,192
3.047318696975708,192
3.0481724739074707,192
3.0490264892578125,192
3.0506889820098877,192
3.0515589714050293,192
3.0524191856384277,192
3.0532875061035156,192
3.0541446208953857,192
3.055021286010742,192
3.0567052364349365,192
3.057574987411499,192
3.0584356784820557,192
3.059292793273926,192
3.0601463317871094,192
3.0618245601654053,192
3.062683582305908,192
3.063546895980835,192
3.0643978118896484,192
3.0652596950531006,192
3.066117525100708,192
3.067009925842285,192
3.0686874389648438,192
3.069547176361084,192
3.07041072845459,192
3.071293592453003,192
3.072157382965088,192
3.0730202198028564,192
3.0746984481811523,192
3.075571060180664,192
3.076436996459961,192
3.0773019790649414,192
3.078162670135498,192
3.079023599624634,192
3.080455780029297,192
3.082010507583618,192
3.08341121673584,192
3.084279775619507,192
3.0851404666900635,192
3.0860049724578857,192
3.0868749618530273,192
3.087730884552002,192
3.088595390319824,192
3.089456558227539,192
3.0903220176696777,192
3.0911757946014404,192
3.0920584201812744,192
3.0937352180480957,192
3.094599485397339,192
3.0956549644470215,192
3.0972108840942383,192
3.098740577697754,192
3.1002798080444336,192
3.101803779602051,192
3.103358268737793,192
3.1048853397369385,192
3.1064164638519287,192
3.107942581176758,192
3.1094796657562256,192
3.111016035079956,192
3.1125550270080566,192
3.1140708923339844,192
3.1156229972839355,192
3.1171486377716064,192
3.1186954975128174,192
3.120227336883545,192
3.1217832565307617,192
3.1233396530151367,192
3.124879837036133,192
3.1264264583587646,192
3.1279525756835938,192
3.129481792449951,192
3.1309854984283447,192
3.132539987564087,192
3.134061336517334,192
3.1355907917022705,192
3.1371190547943115,192
3.138655185699463,192
3.1401901245117188,192
3.1417202949523926,192
3.143263101577759,192
3.144784450531006,192
3.1463356018066406,192
3.1478569507598877,192
3.1494061946868896,192
3.1509459018707275,192
3.152494430541992,192
3.154021739959717,192
3.155540704727173,192
3.1570842266082764,192
3.1586289405822754,192
3.1601524353027344,192
3.161705732345581,192
3.163243055343628,192
3.1647651195526123,192
3.166311025619507,192
3.1678521633148193,192
3.169395685195923,192
3.1709275245666504,192
3.172480583190918,192
3.1740100383758545,192
3.175541877746582,192
3.1770663261413574,192
3.1785922050476074,192
3.18013072013855,192
3.181670665740967,192
3.1831955909729004,192
3.1847341060638428,192
3.1862897872924805,192
3.187819004058838,192
3.1893677711486816,192
3.1908717155456543,192
3.192425012588501,192
3.193958282470703,192
3.1954994201660156,192
3.1970226764678955,192
3.1985580921173096,192
3.2000861167907715,192
3.201622724533081,192
3.203164577484131,192
3.2047009468078613,192
3.206242322921753,192
3.2077879905700684,192
3.2093210220336914,192
3.21085262298584,192
3.2124083042144775,192
3.2139344215393066,192
3.2154579162597656,192
3.217005729675293,192
3.218555450439453,192
3.2200746536254883,192
3.2216203212738037,192
3.223151683807373,192
3.2246859073638916,192
3.2262368202209473,192
3.227743625640869,192
3.229283571243286,192
3.2308132648468018,192
3.232374429702759,192
3.2338922023773193,192
3.235447406768799,192
3.2369797229766846,192
3.2385213375091553,192
3.240041971206665,192
3.241581439971924,192
3.243119955062866,192
3.244654893875122,192
3.2462010383605957,192
3.247734785079956,192
3.2492735385894775,192
3.250816822052002,192
3.252389430999756,192
3.253936290740967,192
3.2554776668548584,192
3.2569985389709473,192
3.258544921875,192
3.260075330734253,192
3.2616472244262695,192
3.2631704807281494,192
3.2647271156311035,192
3.266270875930786,192
3.267791748046875,192
3.2693369388580322,192
3.2708559036254883,192
3.272412061691284,192
3.2739665508270264,192
3.275527000427246,192
3.2770848274230957,192
3.2786202430725098,192
3.2801513671875,192
3.281714677810669,192
3.2832558155059814,192
3.2847940921783447,192
3.286336660385132,192
3.2878835201263428,192
3.289423942565918,192
3.290968418121338,192
3.2925162315368652,192
3.294046401977539,192
3.295598268508911,192
3.2971410751342773,192
3.2986721992492676,192
3.300233840942383,192
3.301795721054077,192
3.3033390045166016,192
3.3048806190490723,192
3.306438446044922,192
3.3079757690429688,192
3.3095312118530273,192
3.311084508895874,192
3.3126513957977295,192
3.314218759536743,192
3.315758466720581,192
3.31732439994812,192
3.3188631534576416,192
3.3204097747802734,192
3.321974039077759,192
3.3235244750976562,192
3.3250651359558105,192
3.3266074657440186,192
3.3281571865081787,192
3.329723834991455,192
3.3312721252441406,192
3.3328287601470947,192
3.3343772888183594,192
3.335909843444824,192
3.337458610534668,192
3.338998794555664,192
3.3405613899230957,192
3.3421144485473633,192
3.343660354614258,192
3.345195770263672,192
3.3467307090759277,192
3.3482859134674072,192
3.349832773208618,192
3.3513832092285156,192
3.352933168411255,192
3.3544974327087402,192
3.356034755706787,192
3.357586145401001,192
3.3591220378875732,192
3.360686779022217,192
3.362231731414795,192
3.363787889480591,192
3.365342378616333,192
3.366891860961914,192
3.368460178375244,192
3.3700037002563477,192
3.3715689182281494,192
3.373122453689575,192
3.3746628761291504,192
3.3762190341949463,192
3.3777670860290527,192
3.3793365955352783,192
3.380884885787964,192
3.382443904876709,192
3.3839738368988037,192
3.3855226039886475,192
3.387073516845703,192
3.3886265754699707,192
3.390167713165283,192
3.391724109649658,192
3.393275260925293,192
3.3948373794555664,192
3.3963897228240967,192
3.397937536239624,192
3.3994882106781006,192
3.4010486602783203,192
3.402602195739746,192
3.404158115386963,192
3.4056966304779053,192
3.407247543334961,192
3.4087932109832764,192
3.410331964492798,192
3.4118664264678955,192
3.413426399230957,192
3.414950370788574,192
3.4164884090423584,192
3.4180192947387695,192
3.4195642471313477,192
3.421088695526123,192
3.4226431846618652,192
3.4241862297058105,192
3.4257237911224365,192
3.42724871635437,192
3.428757667541504,192
3.430290699005127,192
3.431825876235962,192
3.43339204788208,192
3.434921979904175,192
3.436483860015869,192
3.4380078315734863,192
3.4395391941070557,192
3.4410784244537354,192
3.4425883293151855,192
3.4441068172454834,192
3.445640802383423,192
3.4471561908721924,192
3.448673725128174,192
3.450225353240967,192
3.451747417449951,192
3.4532933235168457,192
3.4548189640045166,192
3.456345319747925,192
3.457868814468384,192
3.459404945373535,192
3.460939645767212,192
3.4624783992767334,192
3.464000940322876,192
3.465533971786499,192
3.467055082321167,192
3.468587636947632,192
3.470120668411255,192
3.4716641902923584,192
3.4731924533843994,192
3.474730968475342,192
3.4762513637542725,192
3.477783441543579,192
3.4793248176574707,192
3.480849504470825,192
3.4823901653289795,192
3.483915328979492,192
3.485447406768799,192
3.486983299255371,192
3.4885151386260986,192
3.4900364875793457,192
3.4915802478790283,192
3.4931137561798096,192
3.4946653842926025,192
3.49617862701416,192
3.4977118968963623,192
3.499244213104248,192
3.5007824897766113,192
3.5023226737976074,192
3.5038700103759766,192
3.505392074584961,192
3.5069401264190674,192
3.508504629135132,192
3.510019063949585,192
3.5116000175476074,192
3.5131194591522217,192
3.514676094055176,192
3.5162408351898193,192
3.517768621444702,192
3.5193228721618652,192
3.5208301544189453,192
3.5224006175994873,192
3.5239596366882324,192
3.525529146194458,192
3.527074098587036,192
3.528641939163208,192
3.530221939086914,192
3.531820058822632,192
3.5334312915802,192
3.535013437271118,192
3.536609411239624,192
3.538198232650757,192
3.5397958755493164,192
3.541390895843506,192
3.5429935455322266,192
3.544585704803467,192
3.546182870864868,192
3.5477893352508545,192
3.549384117126465,192
3.55098032951355,192
3.5525922775268555,192
3.5541930198669434,192
3.5557937622070312,192
3.5573999881744385,192
3.5589871406555176,192
3.56058406829834,192
3.5621747970581055,192
3.563767194747925,192
3.565361976623535,192
3.566953420639038,192
3.56856632232666,192
3.570159673690796,192
3.5717666149139404,192
3.573352098464966,192
3.574946165084839,192
3.576540470123291,192
3.5781397819519043,192
3.5797433853149414,192
3.5813615322113037,192
3.5829436779022217,192
3.5845510959625244,192
3.5861477851867676,192
3.587740659713745,192
3.589341640472412,192
3.5909361839294434,192
3.5925426483154297,192
3.594123125076294,192
3.5957210063934326,192
3.597323179244995,192
3.5989248752593994,192
3.6005196571350098,192
3.6021206378936768,192
3.603713035583496,192
3.6053194999694824,192
3.606915235519409,192
3.6085190773010254,192
3.6101250648498535,192
3.6117310523986816,192
3.6133365631103516,192
3.6149251461029053,192
3.6165146827697754,192
3.618102788925171,192
3.61970591545105,192
3.6213223934173584,192
3.622926712036133,192
3.624528646469116,192
3.626126527786255,192
3.6277263164520264,192
3.6293272972106934,192
3.6309304237365723,192
3.632538318634033,192
3.634126901626587,192
3.6357147693634033,192
3.6373066902160645,192
3.6388895511627197,192
3.6404945850372314,192
3.6420862674713135,192
3.643683671951294,192
3.6452910900115967,192
3.6468796730041504,192
3.648477554321289,192
3.6500723361968994,192
3.6516878604888916,192
3.6532983779907227,192
3.6548843383789062,192
3.6564831733703613,192
3.658069372177124,192
3.6596670150756836,192
3.6612915992736816,192
3.662890911102295,192
3.664491891860962,192
3.6660892963409424,192
3.6676814556121826,192
3.669294834136963,192
3.6708898544311523,192
3.6725025177001953,192
3.6740870475769043,192
3.6756815910339355,192
3.6772689819335938,192
3.678849458694458,192
3.6804563999176025,192
3.6820507049560547,192
3.683638334274292,192
3.685427188873291,192
3.686964988708496,192
3.6885175704956055,192
3.690051555633545,192
3.691603899002075,192
3.6931374073028564,192
3.694683313369751,192
3.6962227821350098,192
3.6977531909942627,192
3.699314594268799,192
3.700857400894165,192
3.7023963928222656,192
3.703939914703369,192
3.7054877281188965,192
3.7070131301879883,192
3.708550214767456,192
3.710092306137085,192
3.711639404296875,192
3.7131707668304443,192
3.714716672897339,192
3.7162697315216064,192
3.7177937030792236,192
3.7193081378936768,192
3.7208404541015625,192
3.722393751144409,192
3.723921775817871,192
3.7254674434661865,192
3.7269797325134277,192
3.7285091876983643,192
3.7300472259521484,192
3.73159122467041,192
3.733125686645508,192
3.7346699237823486,192
3.7361862659454346,192
3.73770809173584,192
3.739260673522949,192
3.740786552429199,192
3.742332935333252,192
3.7438547611236572,192
3.7453925609588623,192
3.7469191551208496,192
3.748457431793213,192
3.749990224838257,192
3.7515320777893066,192
3.7530646324157715,192
3.7546000480651855,192
3.7561357021331787,192
3.7576425075531006,192
3.759178876876831,192
3.760713577270508,192
3.76225209236145,192
3.76379132270813,192
3.7653348445892334,192
3.7668683528900146,192
3.7684054374694824,192
3.769925117492676,192
3.7714905738830566,192
3.773023843765259,192
3.774562358856201,192
3.7760937213897705,192
3.777639150619507,192
3.7791686058044434,192
3.780694007873535,192
3.7822318077087402,192
3.783768892288208,192
3.7852954864501953,192
3.7868218421936035,192
3.788365125656128,192
3.789897918701172,192
3.791454315185547,192
3.7929837703704834,192
3.794523000717163,192
3.796046018600464,192
3.79757022857666,192
3.799098491668701,192
3.8006441593170166,192
3.8021771907806396,192
3.803718090057373,192
3.80525803565979,192
3.8067681789398193,192
3.8082988262176514,192
3.8098433017730713,192
3.8113901615142822,192
3.812932252883911,192
3.8144760131835938,192
3.816002368927002,192
3.817533254623413,192
3.8190712928771973,192
3.8206121921539307,192
3.8221511840820312,192
3.8236939907073975,192
3.8252344131469727,192
3.82675838470459,192
3.828289031982422,192
3.8298137187957764,192
3.831357717514038,192
3.832886219024658,192
3.8344192504882812,192
3.835949420928955,192
3.837470769882202,192
3.8389859199523926,192
3.840519905090332,192
3.8420565128326416,192
3.8436014652252197,192
3.8451485633850098,192
3.846677780151367,192
3.848224401473999,192
3.849747657775879,192
3.8512959480285645,192
3.8528261184692383,192
3.8543617725372314,192
3.8558831214904785,192
3.8574230670928955,192
3.858940601348877,192
3.8604936599731445,192
3.8620388507843018,192
3.863584518432617,192
3.865116596221924,192
3.8666560649871826,192
3.868191719055176,192
3.8697221279144287,192
3.8712475299835205,192
3.8727824687957764,192
3.8743093013763428,192
3.87583589553833,192
3.877373695373535,192
3.8789024353027344,192
3.8804399967193604,192
3.8819613456726074,192
3.883488178253174,192
3.8850138187408447,192
3.886537551879883,192
3.888049364089966,192
3.8895771503448486,192
3.8911070823669434,192
3.89265775680542,192
3.8941822052001953,192
3.8957114219665527,192
3.897242307662964,192
3.8987631797790527,192
3.9002976417541504,192
3.901838779449463,192
3.9033584594726562,192
3.904881477355957,192
3.9064087867736816,192
3.907940626144409,192
3.909491539001465,192
3.9110002517700195,192
3.9125640392303467,192
3.9140665531158447,192
3.9156041145324707,192
3.9171223640441895,192
3.9186599254608154,192
3.9201974868774414,192
3.92173171043396,192
3.923264741897583,192
3.924788475036621,192
3.9263336658477783,192
3.9278595447540283,192
3.929389476776123,192
3.9309349060058594,192
3.9324703216552734,192
3.9339852333068848,192
3.93550968170166,192
3.937032461166382,192
3.9385640621185303,192
3.9400861263275146,192
3.9416253566741943,192
3.9431538581848145,192
3.944669485092163,192
3.9462122917175293,192
3.947733163833618,192
3.9492671489715576,192
3.9508118629455566,192
3.9523587226867676,192
3.9539124965667725,192
3.955444097518921,192
3.9569756984710693,192
3.9585204124450684,192
3.960050344467163,192
3.9616010189056396,192
3.9631261825561523,192
3.964689016342163,192
3.9662137031555176,192
3.9677464962005615,192
3.969282627105713,192
3.970789909362793,192
3.9723522663116455,192
3.9738950729370117,192
3.9754273891448975,192
3.976938486099243,192
3.9784958362579346,192
3.9800174236297607,192
3.981558084487915,192
3.9830832481384277,192
3.984614610671997,192
3.986142635345459,192
3.9876842498779297,192
3.9892220497131348,192
3.990755796432495,192
3.992298126220703,192
3.9938197135925293,192
3.995353937149048,192
3.996886730194092,192
3.9983983039855957,192
3.9999356269836426,192
4.001496315002441,192
4.003034830093384,192
4.004573106765747,192
4.006113767623901,192
4.007640600204468,192
4.009158611297607,192
4.010070323944092,192
4.01093053817749,192
4.011811256408691,192
4.012678623199463,192
4.0135486125946045,192
4.014408826828003,192
4.0152623653411865,192
4.016117095947266,192
4.016983509063721,192
4.017845392227173,192
4.0187084674835205,192
4.019572496414185,192
4.020423650741577,192
4.021292686462402,192
4.02215576171875,192
4.02300763130188,192
4.023878812789917,192
4.024745225906372,192
4.025609016418457,192
4.026468276977539,192
4.0273354053497314,192
4.028177738189697,192
4.029042959213257,192
4.029901027679443,192
4.030762672424316,192
4.031634330749512,192
4.032505750656128,192
4.033358573913574,192
4.034225940704346,192
4.035086154937744,192
4.03594183921814,192
4.036804437637329,192
4.037665843963623,192
4.038526296615601,192
4.039389133453369,192
4.0402562618255615,192
4.041105270385742,192
4.0419697761535645,192
4.042831897735596,192
4.043691396713257,192
4.044562101364136,192
4.0454161167144775,192
4.046274423599243,192
4.047124862670898,192
4.047995567321777,192
4.04884934425354,192
4.049717664718628,192
4.050586223602295,192
4.051459312438965,192
4.052320957183838,192
4.053184986114502,192
4.05404257774353,192
4.05490517616272,192
4.055757999420166,192
4.056624889373779,192
4.057488441467285,192
4.058358430862427,192
4.059220790863037,192
4.060081243515015,192
4.060949087142944,192
4.061823606491089,192
4.062686204910278,192
4.063550233840942,192
4.064408302307129,192
4.065269708633423,192
4.066118478775024,192
4.0669755935668945,192
4.067839860916138,192
4.06870174407959,192
4.069570779800415,192
4.070437908172607,192
4.0713067054748535,192
4.072173357009888,192
4.073039770126343,192
4.073904275894165,192
4.07477331161499,192
4.075628280639648,192
4.076486110687256,192
4.077350854873657,192
4.078209161758423,192
4.079069375991821,192
4.079927682876587,192
4.080791711807251,192
4.081663370132446,192
4.082531452178955,192
4.083398818969727,192
4.084260940551758,192
4.085104703903198,192
4.085975408554077,192
4.086833715438843,192
4.087698936462402,192
4.088566780090332,192
4.08942437171936,192
4.09028697013855,192
4.091149806976318,192
4.092013359069824,192
4.092879772186279,192
4.093742609024048,192
4.094607830047607,192
4.0954670906066895,192
4.0963263511657715,192
4.097182512283325,192
4.098040342330933,192
4.098902702331543,192
4.099766492843628,192
4.100625038146973,192
4.101503372192383,192
4.102367162704468,192
4.103237867355347,192
4.104095458984375,192
4.1049628257751465,192
4.105823993682861,192
4.10669207572937,192
4.107558012008667,192
4.108423471450806,192
4.109279632568359,192
4.110140562057495,192
4.110994338989258,192
4.111875057220459,192
4.1127355098724365,192
4.113602638244629,192
4.11445951461792,192
4.11531925201416,192
4.11617374420166,192
4.117037773132324,192
4.117905378341675,192
4.118772983551025,192
4.119628190994263,192
4.120495319366455,192
4.121366262435913,192
4.122222661972046,192
4.123082399368286,192
4.123949289321899,192
4.1248087882995605,192
4.125672817230225,192
4.126540184020996,192
4.127405643463135,192
4.128272294998169,192
4.129128456115723,192
4.1299896240234375,192
4.1308557987213135,192
4.13173508644104,192
4.13259482383728,192
4.133453845977783,192
4.134324789047241,192
4.1351799964904785,192
4.136048078536987,192
4.136907339096069,192
4.137773752212524,192
4.1386377811431885,192
4.139499664306641,192
4.140359878540039,192
4.141221284866333,192
4.142075061798096,192
4.1429362297058105,192
4.143802881240845,192
4.144670724868774,192
4.14552640914917,192
4.1464009284973145,192
4.147265434265137,192
4.148120641708374,192
4.14898419380188,192
4.149850845336914,192
4.150713920593262,192
4.151588678359985,192
4.152454614639282,192
4.1533122062683105,192
4.154163599014282,192
4.1550281047821045,192
4.155896186828613,192
4.156766414642334,192
4.15763521194458,192
4.158499240875244,192
4.15935492515564,192
4.160215854644775,192
4.161067962646484,192
4.161964416503906,192
4.162832498550415,192
4.163693428039551,192
4.164551496505737,192
4.16541862487793,192
4.166272878646851,192
4.167132377624512,192
4.168014049530029,192
4.168899059295654,192
4.1697633266448975,192
4.170625448226929,192
4.171496391296387,192
4.172362327575684,192
4.173217296600342,192
4.174071311950684,192
4.1749396324157715,192
4.175822973251343,192
4.176689863204956,192
4.177556753158569,192
4.178415536880493,192
4.179274797439575,192
4.180130958557129,192
4.1809914112091064,192
4.181864976882935,192
4.182730674743652,192
4.183591604232788,192
4.18445086479187,192
4.185320615768433,192
4.186178922653198,192
4.187037944793701,192
4.187905788421631,192
4.188756942749023,192
4.189621210098267,192
4.190478563308716,192
4.1913533210754395,192
4.192212104797363,192
4.193073511123657,192
4.19393253326416,192
4.194802522659302,192
4.1956727504730225,192
4.196537733078003,192
4.197401285171509,192
4.198266506195068,192
4.199121475219727,192
4.199986696243286,192
4.200848340988159,192
4.201720476150513,192
4.202582359313965,192
4.203447103500366,192
4.204315185546875,192
4.205173969268799,192
4.206032991409302,192
4.206897497177124,192
4.207760810852051,192
4.208623170852661,192
4.209487438201904,192
4.210347652435303,192
4.211198806762695,192
4.212069511413574,192
4.212928056716919,192
4.213787794113159,192
4.2146594524383545,192
4.215519428253174,192
4.216377258300781,192
4.217233419418335,192
4.2180869579315186,192
4.2189483642578125,192
4.219808101654053,192
4.220675945281982,192
4.221552848815918,192
4.222414016723633,192
4.223278284072876,192
4.224132061004639,192
4.224999189376831,192
4.225866317749023,192
4.226734161376953,192
4.2275965213775635,192
4.228458881378174,192
4.229315280914307,192
4.230170726776123,192
4.231040000915527,192
4.231910705566406,192
4.232776880264282,192
4.233640670776367,192
4.234499454498291,192
4.235367059707642,192
4.236225843429565,192
4.2370805740356445,192
4.237945556640625,192
4.238812685012817,192
4.239671945571899,192
4.240528345108032,192
4.24139928817749,192
4.2422614097595215,192
4.2431159019470215,192
4.243974208831787,192
4.244840383529663,192
4.245698928833008,192
4.246561765670776,192
4.247425556182861,192
4.248287916183472,192
4.249145269393921,192
4.250011205673218,192
4.250874757766724,192
4.251752853393555,192
4.252620458602905,192
4.253479957580566,192
4.25433611869812,192
4.255184173583984,192
4.256049871444702,192
4.256908655166626,192
4.257779359817505,192
4.2586400508880615,192
4.259505748748779,192
4.260364294052124,192
4.261230707168579,192
4.262092113494873,192
4.262953996658325,192
4.263822793960571,192
4.264690399169922,192
4.2655558586120605,192
4.266416072845459,192
4.267277479171753,192
4.268128156661987,192
4.268988132476807,192
4.269851446151733,192
4.270722150802612,192
4.27159857749939,192
4.2724609375,192
4.273316860198975,192
4.274168014526367,192
4.275038003921509,192
4.275908708572388,192
4.276774644851685,192
4.277641296386719,192
4.27850341796875,192
4.279370069503784,192
4.280231952667236,192
4.281090021133423,192
4.281964540481567,192
4.282829284667969,192
4.283694505691528,192
4.284555196762085,192
4.285414934158325,192
4.286282300949097,192
4.287139177322388,192
4.2879931926727295,192
4.2888503074646,192
4.289705753326416,192
4.29057240486145,192
4.291441917419434,192
4.292299509048462,192
4.2931530475616455,192
4.294008016586304,192
4.294873952865601,192
4.295744895935059,192
4.296605110168457,192
4.29746150970459,192
4.298326015472412,192
4.299180030822754,192
4.300039052963257,192
4.30091118812561,192
4.301785230636597,192
4.30265212059021,192
4.303519248962402,192
4.304383993148804,192
4.305239200592041,192
4.306098222732544,192
4.306954622268677,192
4.307815790176392,192
4.3086817264556885,192
4.3095409870147705,192
4.310407400131226,192
4.311276197433472,192
4.312134742736816,192
4.313004970550537,192
4.313876152038574,192
4.31474494934082,192
4.315610647201538,192
4.31646203994751,192
4.317325592041016,192
4.318176507949829,192
4.319040060043335,192
4.319899082183838,192
4.3207502365112305,192
4.321627855300903,192
4.322495222091675,192
4.323349952697754,192
4.324212074279785,192
4.3250720500946045,192
4.325929164886475,192
4.326789379119873,192
4.3276543617248535,192
4.328522443771362,192
4.329388856887817,192
4.330249786376953,192
4.331105947494507,192
4.331969738006592,192
4.332829713821411,192
4.3336873054504395,192
4.334555625915527,192
4.335413455963135,192
4.3362791538238525,192
4.337139368057251,192
4.338002920150757,192
4.338867664337158,192
4.339736700057983,192
4.340600967407227,192
4.341475009918213,192
4.342344045639038,192
4.343201398849487,192
4.344054698944092,192
4.3449225425720215,192
4.3457865715026855,192
4.346649169921875,192
4.347510099411011,192
4.34837532043457,192
4.349233150482178,192
4.350092887878418,192
4.350951194763184,192
4.351826190948486,192
4.352688312530518,192
4.35355019569397,192
4.354406833648682,192
4.355268716812134,192
4.356123208999634,192
4.356983184814453,192
4.357847452163696,192
4.3587119579315186,192
4.3595733642578125,192
4.360440731048584,192
4.361314058303833,192
4.36216926574707,192
4.3630290031433105,192
4.363897800445557,192
4.364760160446167,192
4.365617275238037,192
4.366483449935913,192
4.367349863052368,192
4.368213653564453,192
4.369077682495117,192
4.3699328899383545,192
4.370798587799072,192
4.371670484542847,192
4.37252402305603,192
4.373384237289429,192
4.374243259429932,192
4.375094890594482,192
4.3759543895721436,192
4.376818656921387,192
4.377686500549316,192
4.378553152084351,192
4.379412412643433,192
4.380280494689941,192
4.381141424179077,192
4.3820109367370605,192
4.382877588272095,192
4.383738040924072,192
4.38459849357605,192
4.385454893112183,192
4.386314868927002,192
4.38716983795166,192
4.388028144836426,192
4.388887166976929,192
4.389755010604858,192
4.390622138977051,192
4.391493558883667,192
4.3923516273498535,192
4.393209457397461,192
4.394066095352173,192
4.394933223724365,192
4.395794153213501,192
4.3966591358184814,192
4.397521495819092,192
4.398380994796753,192
4.399238348007202,192
4.400096893310547,192
4.4009623527526855,192
4.4018332958221436,192
4.40269660949707,192
4.403563737869263,192
4.4044225215911865,192
4.405287742614746,192
4.406137228012085,192
4.406998634338379,192
4.4078614711761475,192
4.4087183475494385,192
4.409579753875732,192
4.410432815551758,192
4.411309242248535,192
4.412165880203247,192
4.4130237102508545,192
4.413883209228516,192
4.414741516113281,192
4.4156084060668945,192
4.4164605140686035,192
4.417323350906372,192
4.418174982070923,192
4.419039726257324,192
4.419892311096191,192
4.420752048492432,192
4.421622037887573,192
4.422489166259766,192
4.4233481884002686,192
4.424209117889404,192
4.425066947937012,192
4.425930738449097,192
4.42679762840271,192
4.427660942077637,192
4.428524017333984,192
4.429386138916016,192
4.430233955383301,192
4.431088447570801,192
4.43196177482605,192
4.4328224658966064,192
4.433686971664429,192
4.434551954269409,192
4.435407638549805,192
4.4362711906433105,192
4.437126159667969,192
4.43798828125,192
4.438849210739136,192
4.439709186553955,192
4.440573692321777,192
4.441444158554077,192
4.44231104850769,192
4.443171262741089,192
4.444036245346069,192
4.44489860534668,192
4.445752143859863,192
4.446615695953369,192
4.447476148605347,192
4.448334693908691,192
4.449182033538818,192
4.450041770935059,192
4.450894594192505,192
4.451768398284912,192
4.452630519866943,192
4.4534947872161865,192
4.454348564147949,192
4.455217599868774,192
4.456075429916382,192
4.456940650939941,192
4.457797527313232,192
4.458667993545532,192
4.459528923034668,192
4.460401296615601,192
4.461270332336426,192
4.462127685546875,192
4.4629950523376465,192
4.463862180709839,192
4.464722633361816,192
4.465590238571167,192
4.4664599895477295,192
4.467321872711182,192
4.468177556991577,192
4.469035625457764,192
4.469905853271484,192
4.470763444900513,192
4.471646547317505,192
4.472506523132324,192
4.473362684249878,192
4.474227666854858,192
4.475074768066406,192
4.475944519042969,192
4.4767961502075195,192
4.477660655975342,192
4.478526592254639,192
4.479387283325195,192
4.480248212814331,192
4.481108903884888,192
4.481980800628662,192
4.48284387588501,192
4.483701944351196,192
4.484564542770386,192
4.485423564910889,192
4.486286163330078,192
4.487138509750366,192
4.488002777099609,192
4.488864898681641,192
4.489735126495361,192
4.490598917007446,192
4.4914703369140625,192
4.492326498031616,192
4.493185997009277,192
4.494049072265625,192
4.494913816452026,192
4.495778560638428,192
4.496636390686035,192
4.497504234313965,192
4.498371124267578,192
4.4992289543151855,192
4.50008225440979,192
4.500948905944824,192
4.501827716827393,192
4.502683162689209,192
4.503548622131348,192
4.504414319992065,192
4.505282878875732,192
4.506138324737549,192
4.507001876831055,192
4.50786828994751,192
4.508735656738281,192
4.509594202041626,192
4.510460615158081,192
4.5113279819488525,192
4.512190818786621,192
4.513059139251709,192
4.513914108276367,192
4.514773845672607,192
4.515633821487427,192
4.516493797302246,192
4.517357110977173,192
4.518218517303467,192
4.519080638885498,192
4.519943475723267,192
4.520812511444092,192
4.5216779708862305,192
4.522545337677002,192
4.523409128189087,192
4.524275779724121,192
4.525127410888672,192
4.525984525680542,192
4.526845932006836,192
4.527717351913452,192
4.528578281402588,192
4.529448509216309,192
4.530303001403809,192
4.5311524868011475,192
4.532027959823608,192
4.532903432846069,192
4.533768892288208,192
4.534634351730347,192
4.535487174987793,192
4.536341190338135,192
4.537189245223999,192
4.538052797317505,192
4.538907051086426,192
4.539768695831299,192
4.540634870529175,192
4.5415003299713135,192
4.542363405227661,192
4.543225526809692,192
4.544084072113037,192
4.544942855834961,192
4.545801401138306,192
4.546668767929077,192
4.547532796859741,192
4.548393726348877,192
4.5492494106292725,192
4.550104856491089,192
4.550956726074219,192
4.551828622817993,192
4.552687406539917,192
4.553551197052002,192
4.554397344589233,192
4.555263042449951,192
4.556123495101929,192
4.556988477706909,192
4.5578553676605225,192
4.558727264404297,192
4.559586524963379,192
4.560449600219727,192
4.561319828033447,192
4.562210321426392,192
4.563061952590942,192
4.563924789428711,192
4.5647852420806885,192
4.565644264221191,192
4.566505193710327,192
4.567369222640991,192
4.5682268142700195,192
4.569087982177734,192
4.569946765899658,192
4.570817232131958,192
4.571685075759888,192
4.572548151016235,192
4.573405742645264,192
4.574268817901611,192
4.575120687484741,192
4.575977087020874,192
4.576842308044434,192
4.577732801437378,192
4.578593969345093,192
4.57945442199707,192
4.580317497253418,192
4.581175088882446,192
4.582050561904907,192
4.582913875579834,192
4.583773851394653,192
4.584638357162476,192
4.585505485534668,192
4.5863587856292725,192
4.5872156620025635,192
4.588073492050171,192
4.588932037353516,192
4.5898003578186035,192
4.5906593799591064,192
4.591523885726929,192
4.592387914657593,192
4.593258380889893,192
4.594105243682861,192
4.594964027404785,192
4.59583044052124,192
4.596695423126221,192
4.597563743591309,192
4.598427057266235,192
4.599290132522583,192
4.600149631500244,192
4.601009845733643,192
4.60189151763916,192
4.60275673866272,192
4.60361909866333,192
4.604479789733887,192
4.605339050292969,192
4.606202602386475,192
4.607072114944458,192
4.607937335968018,192
4.608810901641846,192
4.609675645828247,192
4.610542058944702,192
4.611416816711426,192
4.612285137176514,192
4.613141775131226,192
4.614008903503418,192
4.6148741245269775,192
4.615743637084961,192
4.616605997085571,192
4.617464542388916,192
4.61832594871521,192
4.619184494018555,192
4.620041370391846,192
4.620906114578247,192
4.621776103973389,192
4.622641563415527,192
4.623492240905762,192
4.624351501464844,192
4.625211954116821,192
4.6260666847229,192
4.626935005187988,192
4.627802610397339,192
4.6286633014678955,192
4.629531145095825,192
4.630390405654907,192
4.631261587142944,192
4.63210916519165,192
4.632972717285156,192
4.633837461471558,192
4.634713172912598,192
4.635568857192993,192
4.63643479347229,192
4.637292861938477,192
4.638151168823242,192
4.639004945755005,192
4.639874458312988,192
4.640735864639282,192
4.6416144371032715,192
4.642473936080933,192
4.643340349197388,192
4.644198417663574,192
4.645066738128662,192
4.645927429199219,192
4.646790504455566,192
4.64765191078186,192
4.648516416549683,192
4.649373531341553,192
4.6502296924591064,192
4.6510796546936035,192
4.651952028274536,192
4.6528120040893555,192
4.6536736488342285,192
4.654534816741943,192
4.655392646789551,192
4.656253814697266,192
4.657104969024658,192
4.657955169677734,192
4.658825397491455,192
4.659690618515015,192
4.660552978515625,192
4.661412715911865,192
4.6622655391693115,192
4.663117170333862,192
4.663984298706055,192
4.664846897125244,192
4.66571831703186,192
4.666579961776733,192
4.667433023452759,192
4.668293714523315,192
4.669142007827759,192
4.670000314712524,192
4.670868635177612,192
4.671754360198975,192
4.672619581222534,192
4.673472166061401,192
4.674332857131958,192
4.675190448760986,192
4.676054000854492,192
4.676905632019043,192
4.677769184112549,192
4.678631782531738,192
4.679498672485352,192
4.68035888671875,192
4.681227207183838,192
4.682079792022705,192
4.682934761047363,192
4.68381142616272,192
4.684679746627808,192
4.685543060302734,192
4.686407804489136,192
4.687269449234009,192
4.688125371932983,192
4.688984632492065,192
4.689853668212891,192
4.690713882446289,192
4.691586494445801,192
4.69244909286499,192
4.693305969238281,192
4.694161415100098,192
4.695024013519287,192
4.6958911418914795,192
4.696763515472412,192
4.697630882263184,192
4.69847846031189,192
4.699334144592285,192
4.7001953125,192
4.701052904129028,192
4.701925039291382,192
4.702786445617676,192
4.703651428222656,192
4.704511880874634,192
4.705373525619507,192
4.706232786178589,192
4.707086563110352,192
4.7079503536224365,192
4.7088141441345215,192
4.709679841995239,192
4.710542917251587,192
4.711409568786621,192
4.712271213531494,192
4.713128089904785,192
4.7139928340911865,192
4.714850187301636,192
4.715719938278198,192
4.716580629348755,192
4.717442035675049,192
4.718302011489868,192
4.719164609909058,192
4.720031499862671,192
4.720895051956177,192
4.721768140792847,192
4.722635507583618,192
4.723489046096802,192
4.724346160888672,192
4.725210905075073,192
4.726057291030884,192
4.7269203662872314,192
4.727782726287842,192
4.728638172149658,192
4.729506969451904,192
4.730368137359619,192
4.731237888336182,192
4.732089042663574,192
4.732950448989868,192
4.733808279037476,192
4.734678506851196,192
4.735548973083496,192
4.736411094665527,192
4.737261533737183,192
4.738119602203369,192
4.738972187042236,192
4.739843130111694,192
4.7407073974609375,192
4.7415854930877686,192
4.7424445152282715,192
4.743300437927246,192
4.7441511154174805,192
4.745010852813721,192
4.7458765506744385,192
4.7467451095581055,192
4.747607946395874,192
4.748470783233643,192
4.749333143234253,192
4.750185489654541,192
4.751042366027832,192
4.751909494400024,192
4.752772569656372,192
4.753636598587036,192
4.754501104354858,192
4.755363941192627,192
4.7562220096588135,192
4.757076740264893,192
4.757934093475342,192
4.75879979133606,192
4.759660005569458,192
4.760519504547119,192
4.761392116546631,192
4.76225471496582,192
4.763105869293213,192
4.763977289199829,192
4.764838933944702,192
4.765696048736572,192
4.76655387878418,192
4.767413377761841,192
4.768270969390869,192
4.769126653671265,192
4.769991397857666,192
4.77085542678833,192
4.771729230880737,192
4.772588491439819,192
4.773449897766113,192
4.7743144035339355,192
4.775162935256958,192
4.776029348373413,192
4.776895761489868,192
4.777754783630371,192
4.778609037399292,192
4.779466390609741,192
4.780325889587402,192
4.78117299079895,192
4.7820446491241455,192
4.782912492752075,192
4.783768653869629,192
4.784631252288818,192
4.7854979038238525,192
4.786350965499878,192
4.787209749221802,192
4.788066625595093,192
4.788931846618652,192
4.789799690246582,192
4.790658712387085,192
4.791533470153809,192
4.792391061782837,192
4.793251991271973,192
4.794110059738159,192
4.794973134994507,192
4.795838356018066,192
4.796696662902832,192
4.797552824020386,192
4.798410654067993,192
4.799269437789917,192
4.80012321472168,192
4.8009867668151855,192
4.801861047744751,192
4.802723169326782,192
4.803583860397339,192
4.804443359375,192
4.805306673049927,192
4.806150197982788,192
4.807012557983398,192
4.807879686355591,192
4.8087475299835205,192
4.809610843658447,192
4.81047511100769,192
4.811344861984253,192
4.812211513519287,192
4.813069105148315,192
4.813929557800293,192
4.814794301986694,192
4.815659999847412,192
4.8165154457092285,192
4.817381858825684,192
4.818235874176025,192
4.819092273712158,192
4.819957733154297,192
4.820818662643433,192
4.821690082550049,192
4.822553873062134,192
4.82340931892395,192
4.824270009994507,192
4.825125455856323,192
4.825983047485352,192
4.826851844787598,192
4.827723264694214,192
4.828591585159302,192
4.829452991485596,192
4.83031702041626,192
4.831179141998291,192
4.832052946090698,192
4.832917213439941,192
4.833778619766235,192
4.834636211395264,192
4.8354833126068115,192
4.8363423347473145,192
4.837192535400391,192
4.838049650192261,192
4.838911294937134,192
4.839777946472168,192
4.840635776519775,192
4.841517686843872,192
4.842381715774536,192
4.843242168426514,192
4.8440892696380615,192
4.8449530601501465,192
4.845813512802124,192
4.846678972244263,192
4.847535610198975,192
4.848401069641113,192
4.84924840927124,192
4.850102663040161,192
4.850961685180664,192
4.851836919784546,192
4.852696657180786,192
4.8535661697387695,192
4.854423761367798,192
4.8552937507629395,192
4.856147766113281,192
4.857011318206787,192
4.857879400253296,192
4.858739137649536,192
4.859593868255615,192
4.860454559326172,192
4.861318111419678,192
4.862175703048706,192
4.863036632537842,192
4.8638975620269775,192
4.864763021469116,192
4.865617275238037,192
4.86647891998291,192
4.867342948913574,192
4.868201494216919,192
4.869063138961792,192
4.869922637939453,192
4.870786666870117,192
4.871657609939575,192
4.872526407241821,192
4.873385906219482,192
4.874246835708618,192
4.875104665756226,192
4.875972747802734,192
4.876836538314819,192
4.877699136734009,192
4.878562688827515,192
4.879426956176758,192
4.880298852920532,192
4.881157636642456,192
4.882022142410278,192
4.882894992828369,192
4.883761882781982,192
4.884622573852539,192
4.885484218597412,192
4.886347532272339,192
4.887199401855469,192
4.888054132461548,192
4.888916492462158,192
4.889776945114136,192
4.890643835067749,192
4.89151930809021,192
4.8923797607421875,192
4.8932459354400635,192
4.894094228744507,192
4.894956111907959,192
4.895819425582886,192
4.896673917770386,192
4.8975279331207275,192
4.898391962051392,192
4.899238348007202,192
4.900092124938965,192
4.900957345962524,192
4.901825904846191,192
4.902685880661011,192
4.903546333312988,192
4.904407739639282,192
4.905272483825684,192
4.906126499176025,192
4.906994104385376,192
4.907861709594727,192
4.908723592758179,192
4.909592390060425,192
4.910456418991089,192
4.91132926940918,192
4.912184953689575,192
4.913044452667236,192
4.9139134883880615,192
4.914779186248779,192
4.91564154624939,192
4.916499614715576,192
4.9173643589019775,192
4.918225049972534,192
4.919083118438721,192
4.9199440479278564,192
4.92081356048584,192
4.921695232391357,192
4.922565221786499,192
4.923424482345581,192
4.924290418624878,192
4.92514181137085,192
4.926002502441406,192
4.926865577697754,192
4.927733659744263,192
4.928592920303345,192
4.929458141326904,192
4.9303138256073,192
4.931173324584961,192
4.932039260864258,192
4.932902812957764,192
4.933763742446899,192
4.934624195098877,192
4.935483694076538,192
4.9363462924957275,192
4.937199592590332,192
4.93806266784668,192
4.93892240524292,192
4.939778566360474,192
4.940644979476929,192
4.941514492034912,192
4.942366123199463,192
4.943232774734497,192
4.944093704223633,192
4.944970369338989,192
4.945834398269653,192
4.946701288223267,192
4.94756817817688,192
4.948428392410278,192
4.94929051399231,192
4.950141191482544,192
4.951002836227417,192
4.951873540878296,192
4.952739000320435,192
4.9536073207855225,192
4.954465866088867,192
4.955335855484009,192
4.956194639205933,192
4.957060813903809,192
4.957927227020264,192
4.9587953090667725,192
4.9596638679504395,192
4.96052885055542,192
4.961396932601929,192
4.962262392044067,192
4.9631171226501465,192
4.963982820510864,192
4.964833974838257,192
4.965698719024658,192
4.9665656089782715,192
4.9674272537231445,192
4.968292951583862,192
4.969149827957153,192
4.970016956329346,192
4.9708826541900635,192
4.9717559814453125,192
4.972624778747559,192
4.97348952293396,192
4.974356412887573,192
4.975219249725342,192
4.976079940795898,192
4.9769370555877686,192
4.977804899215698,192
4.978670835494995,192
4.979543924331665,192
4.980397701263428,192
4.981275796890259,192
4.982131481170654,192
4.982993841171265,192
4.983859062194824,192
4.984727621078491,192
4.985588312149048,192
4.9864606857299805,192
4.987325429916382,192
4.9881837368011475,192
4.989047050476074,192
4.9899210929870605,192
4.9907848834991455,192
4.9916722774505615,192
4.99253511428833,192
4.993393898010254,192
4.994266510009766,192
4.995121717453003,192
4.995988368988037,192
4.99685525894165,192
4.997723817825317,192
4.9985809326171875,192
4.999443769454956,192
5.000296354293823,192
5.001149415969849,192
5.002013206481934,192
5.002876281738281,192
5.003746271133423,192
5.0046141147613525,192
5.005476474761963,192
5.006336450576782,192
5.007194757461548,192
5.008057355880737,192
5.008928060531616,192
5.009800672531128,192
5.010665655136108,192
5.011537551879883,192
5.012397289276123,192
5.01325249671936,192
5.014103412628174,192
5.014970779418945,192
5.015834093093872,192
5.0166850090026855,192
5.0175440311431885,192
5.0184125900268555,192
5.019276857376099,192
5.02012825012207,192
5.021000862121582,192
5.021880626678467,192
5.022757291793823,192
5.023624897003174,192
5.024489879608154,192
5.025348424911499,192
5.026215076446533,192
5.0270774364471436,192
5.027943134307861,192
5.028793811798096,192
5.029659271240234,192
5.030527830123901,192
5.031401634216309,192
5.032268285751343,192
5.03312087059021,192
5.033978223800659,192
5.034841537475586,192
5.035710096359253,192
5.036572217941284,192
5.037433624267578,192
5.038295745849609,192
5.0391504764556885,192
5.040010213851929,192
5.04087495803833,192
5.041757345199585,192
5.042618751525879,192
5.043482303619385,192
5.0443456172943115,192
5.045202970504761,192
5.046061038970947,192
5.046928882598877,192
5.047796249389648,192
5.048659324645996,192
5.0495219230651855,192
5.050389766693115,192
5.051260948181152,192
5.052110910415649,192
5.052969455718994,192
5.0538330078125,192
5.054698944091797,192
5.055563688278198,192
5.056420564651489,192
5.057282209396362,192
5.058140277862549,192
5.059002876281738,192
5.059873104095459,192
5.060746669769287,192
5.061620712280273,192
5.062482833862305,192
5.0633463859558105,192
5.064209938049316,192
5.065062999725342,192
5.065918207168579,192
5.066791296005249,192
5.0676610469818115,192
5.068523645401001,192
5.069386959075928,192
5.070251703262329,192
5.071112394332886,192
5.071988105773926,192
5.072858572006226,192
5.073723554611206,192
5.074587821960449,192
5.075450897216797,192
5.07631254196167,192
5.0771708488464355,192
5.078036308288574,192
5.0788984298706055,192
5.079754590988159,192
5.0806190967559814,192
5.081485271453857,192
5.082355737686157,192
5.083219289779663,192
5.0840744972229,192
5.084940195083618,192
5.0858073234558105,192
5.086682319641113,192
5.087545394897461,192
5.088409185409546,192
5.089270114898682,192
5.090125799179077,192
5.090982675552368,192
5.0918591022491455,192
5.092729568481445,192
5.093595743179321,192
5.09446120262146,192
5.095325231552124,192
5.096181154251099,192
5.097038984298706,192
5.097903490066528,192
5.098775625228882,192
5.099634647369385,192
5.100502252578735,192
5.101374626159668,192
5.1022398471832275,192
5.1031012535095215,192
5.1039628982543945,192
5.1048290729522705,192
5.105697393417358,192
5.106565237045288,192
5.1074278354644775,192
5.108291149139404,192
5.109150648117065,192
5.110006332397461,192
5.110879182815552,192
5.111761093139648,192
5.112626314163208,192
5.113494634628296,192
5.114367485046387,192
5.115235090255737,192
5.116105556488037,192
5.116960525512695,192
5.117840766906738,192
5.11870551109314,192
5.119576930999756,192
5.120437145233154,192
5.121311187744141,192
5.1221747398376465,192
5.123041868209839,192
5.123908281326294,192
5.1247663497924805,192
5.12562894821167,192
5.126494646072388,192
5.127366781234741,192
5.128230094909668,192
5.1290881633758545,192
5.129956007003784,192
5.130819082260132,192
5.131704330444336,192
5.132569789886475,192
5.133433818817139,192
5.134297847747803,192
5.135149002075195,192
5.136007785797119,192
5.13688063621521,192
5.137743711471558,192
5.138614177703857,192
5.139480829238892,192
5.140365839004517,192
5.141237258911133,192
5.142098903656006,192
5.142953634262085,192
5.143828392028809,192
5.144694805145264,192
5.145564317703247,192
5.146442651748657,192
5.147305011749268,192
5.1481616497039795,192
5.149022579193115,192
5.149887323379517,192
5.1507556438446045,192
5.151627063751221,192
5.152493000030518,192
5.153364419937134,192
5.154224634170532,192
5.155091762542725,192
5.1559484004974365,192
5.156815767288208,192
5.157682418823242,192
5.15854811668396,192
5.159414529800415,192
5.1602795124053955,192
5.161145448684692,192
5.162013292312622,192
5.162874698638916,192
5.163738489151001,192
5.164602756500244,192
5.165463209152222,192
5.166336536407471,192
5.167196035385132,192
5.168058633804321,192
5.168926954269409,192
5.169796943664551,192
5.1706647872924805,192
5.17153525352478,192
5.172394752502441,192
5.173245906829834,192
5.174103736877441,192
5.174964904785156,192
5.1758317947387695,192
5.176696538925171,192
5.177568435668945,192
5.178427457809448,192
5.179291009902954,192
5.180154085159302,192
5.181018352508545,192
5.181901931762695,192
5.182764768600464,192
5.183634042739868,192
5.18449854850769,192
5.185371398925781,192
5.186230182647705,192
5.187094449996948,192
5.1879494190216064,192
5.188812732696533,192
5.189679384231567,192
5.190544128417969,192
5.1914143562316895,192
5.192284345626831,192
5.193148851394653,192
5.19400954246521,192
5.1948676109313965,192
5.195735692977905,192
5.196597576141357,192
5.197464227676392,192
5.198321104049683,192
5.199188232421875,192
5.20005202293396,192
5.2009241580963135,192
5.201798915863037,192
5.202666521072388,192
5.203519105911255,192
5.204376459121704,192
5.205227851867676,192
5.206088304519653,192
5.206945419311523,192
5.207809925079346,192
5.208674669265747,192
5.209543704986572,192
5.210410833358765,192
5.211288213729858,192
5.212148666381836,192
5.213008880615234,192
5.213866233825684,192
5.214731454849243,192
5.21559739112854,192
5.216464042663574,192
5.2173309326171875,192
5.218188047409058,192
5.219044923782349,192
5.219909906387329,192
5.220771312713623,192
5.221635341644287,192
5.222496271133423,192
5.223363399505615,192
5.224225997924805,192
5.2250847816467285,192
5.225942850112915,192
5.226809024810791,192
5.227674961090088,192
5.228536128997803,192
5.229394197463989,192
5.230262517929077,192
5.2311155796051025,192
5.231998682022095,192
5.232863664627075,192
5.233727216720581,192
5.2345921993255615,192
5.235458135604858,192
5.236314296722412,192
5.237168312072754,192
5.238028287887573,192
5.238898277282715,192
5.239766597747803,192
5.240631818771362,192
5.2415080070495605,192
5.242369174957275,192
5.243226766586304,192
5.2440855503082275,192
5.244947671890259,192
5.245815992355347,192
5.246685028076172,192
5.247558355331421,192
5.248422622680664,192
5.2492921352386475,192
5.250147581100464,192
5.251015663146973,192
5.251887083053589,192
5.252763032913208,192
5.253620386123657,192
5.254492521286011,192
5.255346775054932,192
5.256209850311279,192
5.257070302963257,192
5.2579405307769775,192
5.258802890777588,192
5.2596681118011475,192
5.260528087615967,192
5.261400461196899,192
5.262268781661987,192
5.263132810592651,192
5.2639946937561035,192
5.264865159988403,192
5.265726566314697,192
5.26658821105957,192
5.2674596309661865,192
5.268314599990845,192
5.269170045852661,192
5.270028591156006,192
5.270890951156616,192
5.2717695236206055,192
5.272639036178589,192
5.273510456085205,192
5.274373531341553,192
5.275238990783691,192
5.2760889530181885,192
5.276954889297485,192
5.2778191566467285,192
5.278677701950073,192
5.279539585113525,192
5.280396461486816,192
5.281271934509277,192
5.282122850418091,192
5.282983303070068,192
5.283847808837891,192
5.284713983535767,192
5.285587310791016,192
5.286449909210205,192
5.287310838699341,192
5.288165330886841,192
5.289036989212036,192
5.2899010181427,192
5.290761470794678,192
5.29163122177124,192
5.292498826980591,192
5.293362855911255,192
5.294221878051758,192
5.295084476470947,192
5.29595422744751,192
5.296821594238281,192
5.297696352005005,192
5.298562526702881,192
5.299429893493652,192
5.300292015075684,192
5.301150560379028,192
5.302023887634277,192
5.3029022216796875,192
5.303763151168823,192
5.304636478424072,192
5.305489778518677,192
5.306354999542236,192
5.307217359542847,192
5.308078289031982,192
5.308941841125488,192
5.309803247451782,192
5.310667991638184,192
5.311548233032227,192
5.312410831451416,192
5.3132829666137695,192
5.314134836196899,192
5.314996719360352,192
5.315857648849487,192
5.316721200942993,192
5.317588567733765,192
5.318451881408691,192
5.319311618804932,192
5.320178747177124,192
5.321044683456421,192
5.321922302246094,192
5.322787523269653,192
5.323657035827637,192
5.324524641036987,192
5.325392007827759,192
5.32625150680542,192
5.327108144760132,192
5.327972888946533,192
5.3288352489471436,192
5.3296990394592285,192
5.330561637878418,192
5.331432342529297,192
5.332298517227173,192
5.333155393600464,192
5.334019899368286,192
5.334877252578735,192
5.3357439041137695,192
5.33660626411438,192
5.337473392486572,192
5.338343858718872,192
5.339199066162109,192
5.340060234069824,192
5.340926647186279,192
5.3418073654174805,192
5.342684984207153,192
5.343552827835083,192
5.34441614151001,192
5.3452842235565186,192
5.346147060394287,192
5.34700870513916,192
5.3478758335113525,192
5.348739862442017,192
5.349609851837158,192
5.350470781326294,192
5.351336717605591,192
5.352193593978882,192
5.353055477142334,192
5.353923559188843,192
5.354791641235352,192
5.355652332305908,192
5.356517314910889,192
5.357381820678711,192
5.358246088027954,192
5.359094858169556,192
5.359959363937378,192
5.360823631286621,192
5.361697435379028,192
5.362567901611328,192
5.363438129425049,192
5.364295959472656,192
5.365145921707153,192
5.366009473800659,192
5.366873025894165,192
5.367737770080566,192
5.368610620498657,192
5.369472980499268,192
5.370346546173096,192
5.371216297149658,192
5.372075319290161,192
5.372938394546509,192
5.3738038539886475,192
5.374662160873413,192
5.375533103942871,192
5.3763954639434814,192
5.377251148223877,192
5.378114938735962,192
5.378976583480835,192
5.379835367202759,192
5.3806984424591064,192
5.381565809249878,192
5.3824357986450195,192
5.383298635482788,192
5.384159326553345,192
5.3850181102752686,192
5.3858795166015625,192
5.386748790740967,192
5.387609004974365,192
5.388473749160767,192
5.389340877532959,192
5.390202760696411,192
5.391056537628174,192
5.391932249069214,192
5.392801523208618,192
5.393670082092285,192
5.39453649520874,192
5.395397186279297,192
5.396270036697388,192
5.397129058837891,192
5.397992849349976,192
5.398858547210693,192
5.3997251987457275,192
5.400588274002075,192
5.40146017074585,192
5.40232515335083,192
5.403183937072754,192
5.404043912887573,192
5.404916048049927,192
5.40578031539917,192
5.4066479206085205,192
5.407501697540283,192
5.408366918563843,192
5.409219026565552,192
5.410079479217529,192
5.410949230194092,192
5.411824464797974,192
5.412688970565796,192
5.4135541915893555,192
5.41442084312439,192
5.415290594100952,192
5.416147708892822,192
5.417015314102173,192
5.4178807735443115,192
5.418740272521973,192
5.419603109359741,192
5.4204652309417725,192
5.421340227127075,192
5.422208786010742,192
5.423065900802612,192
5.423935413360596,192
5.424802541732788,192
5.4256720542907715,192
5.426537752151489,192
5.427403688430786,192
5.428267240524292,192
5.429127216339111,192
5.429992198944092,192
5.430853605270386,192
5.431722164154053,192
5.432585954666138,192
5.433451175689697,192
5.434322118759155,192
5.435179710388184,192
5.436044931411743,192
5.436907768249512,192
5.437772035598755,192
5.4386279582977295,192
5.439494609832764,192
5.4403581619262695,192
5.4412171840667725,192
5.442065715789795,192
5.442926406860352,192
5.443788051605225,192
5.4446587562561035,192
5.445521593093872,192
5.446387052536011,192
5.447253704071045,192
5.4481141567230225,192
5.448976755142212,192
5.449840784072876,192
5.450711011886597,192
5.451584100723267,192
5.452451467514038,192
5.4533140659332275,192
5.454174518585205,192
5.455039978027344,192
5.455902338027954,192
5.45676851272583,192
5.457634449005127,192
5.45850396156311,192
5.459367036819458,192
5.460235118865967,192
5.4610888957977295,192
5.461963653564453,192
5.46282696723938,192
5.4636945724487305,192
5.464559316635132,192
5.465421915054321,192
5.466309309005737,192
5.467172861099243,192
5.468037366867065,192
5.4689040184021,192
5.469771862030029,192
5.4706385135650635,192
5.471512794494629,192
5.472382068634033,192
5.473245143890381,192
5.474104166030884,192
5.474965810775757,192
5.47583532333374,192
5.476694107055664,192
5.477558851242065,192
5.478408098220825,192
5.4792797565460205,192
5.480132818222046,192
5.480998277664185,192
5.4818761348724365,192
5.482749700546265,192
5.483614444732666,192
5.4844818115234375,192
5.4853456020355225,192
5.486210823059082,192
5.487067699432373,192
5.487934350967407,192
5.488796949386597,192
5.489663600921631,192
5.490529775619507,192
5.491404056549072,192
5.4922778606414795,192
5.4931347370147705,192
5.493991374969482,192
5.494847536087036,192
5.495716094970703,192
5.496585130691528,192
5.4974493980407715,192
5.498313665390015,192
5.499175548553467,192
5.50004506111145,192
5.500917434692383,192
5.501795291900635,192
5.502655982971191,192
5.503526926040649,192
5.504381895065308,192
5.50523829460144,192
5.506092309951782,192
5.506956100463867,192
5.507817029953003,192
5.5086822509765625,192
5.5095436573028564,192
5.510404348373413,192
5.51127290725708,192
5.51214075088501,192
5.513002872467041,192
5.513869762420654,192
5.5147411823272705,192
5.515606164932251,192
5.516474485397339,192
5.517335891723633,192
5.518194675445557,192
5.519055604934692,192
5.519916296005249,192
5.520785570144653,192
5.52166485786438,192
5.522527456283569,192
5.523389577865601,192
5.5242555141448975,192
5.525112628936768,192
5.5259764194488525,192
5.5268425941467285,192
5.527719259262085,192
5.528583765029907,192
5.529451847076416,192
5.53031849861145,192
5.531173944473267,192
5.532043695449829,192
5.532918214797974,192
5.5337815284729,192
5.534655332565308,192
5.5355188846588135,192
5.5363852977752686,192
5.537249326705933,192
5.53810715675354,192
5.538971900939941,192
5.539835453033447,192
5.540697813034058,192
5.541574716567993,192
5.54244065284729,192
5.543309211730957,192
5.544164419174194,192
5.545029640197754,192
5.545895099639893,192
5.5467634201049805,192
5.547626733779907,192
5.548495769500732,192
5.549364328384399,192
5.550228118896484,192
5.551086664199829,192
5.551961421966553,192
5.552832841873169,192
5.55369758605957,192
5.554564714431763,192
5.555429935455322,192
5.556302070617676,192
5.557163238525391,192
5.558034181594849,192
5.558897256851196,192
5.559764623641968,192
5.5606348514556885,192
5.561513423919678,192
5.562376499176025,192
5.563237190246582,192
5.564088582992554,192
5.564957141876221,192
5.56582498550415,192
5.566684722900391,192
5.567547798156738,192
5.568411111831665,192
5.569279432296753,192
5.570133209228516,192
5.570998668670654,192
5.571875095367432,192
5.572739601135254,192
5.573606014251709,192
5.574466705322266,192
5.575336933135986,192
5.576200008392334,192
5.577066659927368,192
5.5779359340667725,192
5.578799247741699,192
5.579697132110596,192
5.580563545227051,192
5.581434726715088,192
5.582302570343018,192
5.58316969871521,192
5.5840394496917725,192
5.584909200668335,192
5.585777759552002,192
5.586637735366821,192
5.587498664855957,192
5.588358402252197,192
5.58922004699707,192
5.590077638626099,192
5.5909388065338135,192
5.59181809425354,192
5.592685222625732,192
5.593548774719238,192
5.594413757324219,192
5.595283269882202,192
5.596133708953857,192
5.596999406814575,192
5.597869396209717,192
5.598728179931641,192
5.599595785140991,192
5.600463628768921,192
5.60134220123291,192
5.602202415466309,192
5.603070259094238,192
5.6039440631866455,192
5.604809999465942,192
5.605679512023926,192
5.6065449714660645,192
5.607419967651367,192
5.6082868576049805,192
5.609148263931274,192
5.610016822814941,192
5.610894441604614,192
5.611773252487183,192
5.612644672393799,192
5.6135125160217285,192
5.614384174346924,192
5.615250587463379,192
5.616114377975464,192
5.616974830627441,192
5.617843866348267,192
5.61871075630188,192
5.6195738315582275,192
5.620432376861572,192
5.621315002441406,192
5.6221764087677,192
5.623047113418579,192
5.6239213943481445,192
5.624779224395752,192
5.625653505325317,192
5.626516819000244,192
5.627382040023804,192
5.628247261047363,192
5.629100561141968,192
5.629968881607056,192
5.630830764770508,192
5.631708860397339,192
5.6325743198394775,192
5.6334474086761475,192
5.634315252304077,192
5.635171175003052,192
5.636030197143555,192
5.636896133422852,192
5.637763977050781,192
5.638627290725708,192
5.639488697052002,192
5.640354871749878,192
5.641223192214966,192
5.642090559005737,192
5.642959833145142,192
5.6438210010528564,192
5.644675254821777,192
5.645535945892334,192
5.646399736404419,192
5.64726448059082,192
5.648128271102905,192
5.648990869522095,192
5.649850368499756,192
5.6507179737091064,192
5.651583433151245,192
5.652455806732178,192
5.653325080871582,192
5.654187440872192,192
5.65505313873291,192
5.6559226512908936,192
5.65678596496582,192
5.657655239105225,192
5.658514738082886,192
5.659380912780762,192
5.660247087478638,192
5.6611104011535645,192
5.661987781524658,192
5.6628618240356445,192
5.6637303829193115,192
5.664594411849976,192
5.665467023849487,192
5.666325807571411,192
5.667186498641968,192
5.668052673339844,192
5.668920993804932,192
5.669788122177124,192
5.670650005340576,192
5.67155385017395,192
5.672420263290405,192
5.673285245895386,192
5.674140930175781,192
5.675002574920654,192
5.675865411758423,192
5.676738262176514,192
5.67759370803833,192
5.678456544876099,192
5.679325580596924,192
5.680187463760376,192
5.6810503005981445,192
5.681926727294922,192
5.6827967166900635,192
5.683677911758423,192
5.684540510177612,192
5.685590505599976,192
5.686453342437744,192
5.6873180866241455,192
5.688173532485962,192
5.68903374671936,192
5.689904689788818,192
5.6907689571380615,192
5.6916399002075195,192
5.692503213882446,192
5.6933674812316895,192
5.694227457046509,192
5.695080757141113,192
5.695941209793091,192
5.696804046630859,192
5.6976683139801025,192
5.698532581329346,192
5.699397802352905,192
5.700261354446411,192
5.701122045516968,192
5.701993227005005,192
5.702859878540039,192
5.7037341594696045,192
5.7045979499816895,192
5.705451011657715,192
5.706313848495483,192
5.707171678543091,192
5.708045244216919,192
5.708917617797852,192
5.709779262542725,192
5.710644960403442,192
5.711514711380005,192
5.7123777866363525,192
5.713238000869751,192
5.7140984535217285,192
5.714961528778076,192
5.715827703475952,192
5.716693878173828,192
5.717565059661865,192
5.718432188034058,192
5.719292640686035,192
5.720149517059326,192
5.721018552780151,192
5.721893548965454,192
5.7227582931518555,192
5.723619699478149,192
5.724485397338867,192
5.725347995758057,192
5.726194143295288,192
5.727060317993164,192
5.727914571762085,192
5.7287797927856445,192
5.729645729064941,192
5.7305097579956055,192
5.731382608413696,192
5.732248306274414,192
5.733104467391968,192
5.733966588973999,192
5.734825849533081,192
5.735694408416748,192
5.736552000045776,192
5.737410068511963,192
5.738272666931152,192
5.739134311676025,192
5.7399983406066895,192
5.7408552169799805,192
5.741738319396973,192
5.742597579956055,192
5.7434656620025635,192
5.744320631027222,192
5.745174884796143,192
5.746036052703857,192
5.746901273727417,192
5.747766494750977,192
5.7486348152160645,192
5.749502897262573,192
5.750368356704712,192
5.751232385635376,192
5.752091646194458,192
5.752957582473755,192
5.753817796707153,192
5.754685401916504,192
5.755552768707275,192
5.756407976150513,192
5.757265329360962,192
5.7581140995025635,192
5.758981466293335,192
5.759838342666626,192
5.760699987411499,192
5.761579990386963,192
5.762434005737305,192
5.763296127319336,192
5.76415753364563,192
5.765019416809082,192
5.765881061553955,192
5.766744136810303,192
5.767607688903809,192
5.7684643268585205,192
5.76932954788208,192
5.770187854766846,192
5.771037578582764,192
5.771909952163696,192
5.772779941558838,192
5.773646831512451,192
5.774511814117432,192
5.775381326675415,192
5.776249647140503,192
5.777105808258057,192
5.777966737747192,192
5.77883505821228,192
5.7796995639801025,192
5.780563831329346,192
5.781437158584595,192
5.782307147979736,192
5.783167600631714,192
5.784032583236694,192
5.784893035888672,192
5.78576135635376,192
5.78662371635437,192
5.787487745285034,192
5.788353204727173,192
5.789220333099365,192
5.790071487426758,192
5.790940046310425,192
5.791820764541626,192
5.792683839797974,192
5.793551206588745,192
5.79440975189209,192
5.79526948928833,192
5.796128749847412,192
5.796990633010864,192
5.7978503704071045,192
5.798719644546509,192
5.799580812454224,192
5.800442218780518,192
5.801312685012817,192
5.802172899246216,192
5.803034543991089,192
5.803900480270386,192
5.804767370223999,192
5.805638074874878,192
5.8065104484558105,192
5.807364463806152,192
5.808221340179443,192
5.809080123901367,192
5.809940576553345,192
5.810796022415161,192
5.811674118041992,192
5.81252646446228,192
5.813386678695679,192
5.814241886138916,192
5.815101385116577,192
5.815959453582764,192
5.816821336746216,192
5.817681789398193,192
5.818547964096069,192
5.819413185119629,192
5.820275783538818,192
5.821126461029053,192
5.822003126144409,192
5.822874546051025,192
5.823743104934692,192
5.824600458145142,192
5.825465202331543,192
5.826326370239258,192
5.827183246612549,192
5.828047275543213,192
5.828918218612671,192
5.829780101776123,192
5.83064603805542,192
5.831515789031982,192
5.832384824752808,192
5.833242416381836,192
5.834095478057861,192
5.83495569229126,192
5.835819244384766,192
5.8366858959198,192
5.837549209594727,192
5.838411569595337,192
5.839277029037476,192
5.840131521224976,192
5.840999364852905,192
5.841878175735474,192
5.842748403549194,192
5.843611240386963,192
5.844470024108887,192
5.845336198806763,192
5.84620213508606,192
5.847066879272461,192
5.847932815551758,192
5.848797082901001,192
5.849667310714722,192
5.850525140762329,192
5.85140061378479,192
5.8522655963897705,192
5.853133678436279,192
5.853995323181152,192
5.854849815368652,192
5.855707406997681,192
5.85657262802124,192
5.857433319091797,192
5.858302354812622,192
5.859153509140015,192
5.8600146770477295,192
5.8608787059783936,192
5.861745357513428,192
5.862607955932617,192
5.863476753234863,192
5.864336252212524,192
5.865200996398926,192
5.866062164306641,192
5.866927623748779,192
5.867792367935181,192
5.86865496635437,192
5.86952543258667,192
5.8703930377960205,192
5.871261119842529,192
5.872119426727295,192
5.87298583984375,192
5.873850584030151,192
5.874721527099609,192
5.875596046447754,192
5.876457214355469,192
5.877324819564819,192
5.878188371658325,192
5.879042625427246,192
5.879909515380859,192
5.880773067474365,192
5.881654500961304,192
5.882516384124756,192
5.8833794593811035,192
5.884243011474609,192
5.885094165802002,192
5.885952949523926,192
5.88680624961853,192
5.8876633644104,192
5.8885338306427,192
5.889396905899048,192
5.890254497528076,192
5.891114234924316,192
5.8919830322265625,192
5.892850399017334,192
5.893702745437622,192
5.894574165344238,192
5.895437002182007,192
5.896301031112671,192
5.897162437438965,192
5.898019552230835,192
5.898891925811768,192
5.899754285812378,192
5.900609970092773,192
5.901474475860596,192
5.902334213256836,192
5.903188943862915,192
5.904048442840576,192
5.904913663864136,192
5.905782699584961,192
5.906649112701416,192
5.907506942749023,192
5.908358812332153,192
5.909212112426758,192
5.910059452056885,192
5.910921573638916,192
5.911799669265747,192
5.91266131401062,192
5.913530111312866,192
5.914394378662109,192
5.91525673866272,192
5.916112899780273,192
5.916975736618042,192
5.917837142944336,192
5.918702840805054,192
5.919567584991455,192
5.92042875289917,192
5.921300649642944,192
5.92215633392334,192
5.92301607131958,192
5.923885107040405,192
5.924749135971069,192
5.925618410110474,192
5.926479816436768,192
5.927342176437378,192
5.928201675415039,192
5.929067373275757,192
5.929921865463257,192
5.930788040161133,192
5.931666374206543,192
5.932533502578735,192
5.933398485183716,192
5.934264183044434,192
5.935122489929199,192
5.935986757278442,192
5.936854362487793,192
5.937726974487305,192
5.938595294952393,192
5.939464807510376,192
5.940332412719727,192
5.941186904907227,192
5.942049980163574,192
5.942908048629761,192
5.943771839141846,192
5.94463586807251,192
5.94550895690918,192
5.946374416351318,192
5.947235822677612,192
5.9480812549591064,192
5.948945999145508,192
5.949809789657593,192
5.95067572593689,192
5.9515416622161865,192
5.95240592956543,192
5.953269958496094,192
5.95412802696228,192
5.954995632171631,192
5.9558632373809814,192
5.956724166870117,192
5.95758843421936,192
5.95845103263855,192
5.959317684173584,192
5.960183620452881,192
5.9610435962677,192
5.961921215057373,192
5.962789058685303,192
5.963649749755859,192
5.96451473236084,192
5.965381860733032,192
5.966246604919434,192
5.967102289199829,192
5.967966318130493,192
5.968829393386841,192
5.969689846038818,192
5.970557451248169,192
5.971431255340576,192
5.972291707992554,192
5.973150014877319,192
5.97401762008667,192
5.97487473487854,192
5.9757421016693115,192
5.9766082763671875,192
5.9774768352508545,192
5.978337526321411,192
5.979200839996338,192
5.980059385299683,192
5.980929374694824,192
5.98180079460144,192
5.982675075531006,192
5.983536958694458,192
5.984404802322388,192
5.985275506973267,192
5.9861273765563965,192
5.986990928649902,192
5.987855672836304,192
5.988715648651123,192
5.989577054977417,192
5.9904420375823975,192
5.991324424743652,192
5.992177486419678,192
5.9930419921875,192
5.993908166885376,192
5.99477219581604,192
5.995638847351074,192
5.996507406234741,192
5.997381210327148,192
5.998250246047974,192
5.999108552932739,192
5.999973773956299,192
6.000837087631226,192
6.001709222793579,192
6.002572774887085,192
6.00344181060791,192
6.00430154800415,192
6.00516676902771,192
6.006028890609741,192
6.006899118423462,192
6.007762908935547,192
6.008627653121948,192
6.009483098983765,192
6.0103559494018555,192
6.0112221240997314,192
6.012089729309082,192
6.012953042984009,192
6.013818025588989,192
6.014686107635498,192
6.015547037124634,192
6.016408443450928,192
6.017275810241699,192
6.01813006401062,192
6.018989562988281,192
6.0198588371276855,192
6.02072548866272,192
6.021605730056763,192
6.022467851638794,192
6.023330211639404,192
6.024192571640015,192
6.025054216384888,192
6.02591872215271,192
6.02678370475769,192
6.027651786804199,192
6.028517723083496,192
6.029378890991211,192
6.0302414894104,192
6.031098127365112,192
6.031976699829102,192
6.032841444015503,192
6.033708095550537,192
6.0345845222473145,192
6.035451650619507,192
6.036315441131592,192
6.0371739864349365,192
6.038041114807129,192
6.03889799118042,192
6.0397608280181885,192
6.04062294960022,192
6.041498184204102,192
6.042358875274658,192
6.04321813583374,192
6.044074296951294,192
6.044936180114746,192
6.045797109603882,192
6.046659231185913,192
6.04751181602478,192
6.048372507095337,192
6.049224615097046,192
6.050086498260498,192
6.050954818725586,192
6.051833868026733,192
6.052708148956299,192
6.053574323654175,192
6.054441690444946,192
6.055309534072876,192
6.056168794631958,192
6.05703330039978,192
6.057897090911865,192
6.058773040771484,192
6.059641361236572,192
6.060504674911499,192
6.061382055282593,192
6.062244176864624,192
6.063108444213867,192
6.064784288406372,192
6.065649032592773,192
6.066509246826172,192
6.06738018989563,192
6.068233013153076,192
6.06909966468811,192
6.070777654647827,192
6.071653842926025,192
6.072516202926636,192
6.073378801345825,192
6.074244499206543,192
6.075101137161255,192
6.076767683029175,192
6.077633857727051,192
6.078497409820557,192
6.079369783401489,192
6.080228567123413,192
6.0810840129852295,192
6.082774877548218,192
6.0836381912231445,192
6.084497690200806,192
6.085362195968628,192
6.0862226486206055,192
6.087073802947998,192
6.0887610912323,192
6.089633464813232,192
6.0904905796051025,192
6.091359376907349,192
6.092229604721069,192
6.09308934211731,192
6.094762086868286,192
6.095624685287476,192
6.09648871421814,192
6.097349643707275,192
6.098217010498047,192
6.0990777015686035,192
6.100752830505371,192
6.101627826690674,192
6.10249662399292,192
6.103357553482056,192
6.104217529296875,192
6.105063438415527,192
6.1067283153533936,192
6.107602119445801,192
6.108469009399414,192
6.109314918518066,192
6.11017107963562,192
6.111030578613281,192
6.1127190589904785,192
6.113584756851196,192
6.1144490242004395,192
6.115313768386841,192
6.116170883178711,192
6.117032289505005,192
6.118702411651611,192
6.119576930999756,192
6.12044358253479,192
6.121318101882935,192
6.1221818923950195,192
6.123042106628418,192
6.124727964401245,192
6.125588655471802,192
6.126448154449463,192
6.1273112297058105,192
6.128168821334839,192
6.129031658172607,192
6.130701541900635,192
6.1315741539001465,192
6.13244366645813,192
6.133309841156006,192
6.134164571762085,192
6.135033845901489,192
6.136704683303833,192
6.137568235397339,192
6.138430595397949,192
6.139299392700195,192
6.1401526927948,192
6.141020774841309,192
6.142716646194458,192
6.143582582473755,192
6.144445896148682,192
6.145309686660767,192
6.146177768707275,192
6.147036075592041,192
6.148716688156128,192
6.149575233459473,192
6.150441646575928,192
6.1513144969940186,192
6.152169227600098,192
6.153032302856445,192
6.154696941375732,192
6.1555564403533936,192
6.156423091888428,192
6.157290458679199,192
6.158150911331177,192
6.159018516540527,192
6.160697937011719,192
6.161574363708496,192
6.162435054779053,192
6.163301944732666,192
6.16415810585022,192
6.165023326873779,192
6.1666998863220215,192
6.167567014694214,192
6.168433666229248,192
6.1692986488342285,192
6.170156002044678,192
6.1710100173950195,192
6.172696590423584,192
6.173565864562988,192
6.174428462982178,192
6.17529559135437,192
6.176147699356079,192
6.177011251449585,192
6.178685188293457,192
6.17954683303833,192
6.180413246154785,192
6.181285381317139,192
6.182146787643433,192
6.183007478713989,192
6.184693813323975,192
6.1855621337890625,192
6.1864213943481445,192
6.187284469604492,192
6.188129901885986,192
6.189809799194336,192
6.190674066543579,192
6.19155216217041,192
6.192419528961182,192
6.19328236579895,192
6.19414210319519,192
6.195814609527588,192
6.1966822147369385,192
6.197545289993286,192
6.1984076499938965,192
6.199267387390137,192
6.200129508972168,192
6.201823472976685,192
6.20269775390625,192
6.2035627365112305,192
6.204420566558838,192
6.20528507232666,192
6.20614218711853,192
6.207809925079346,192
6.208674669265747,192
6.209563493728638,192
6.21042275428772,192
6.211298704147339,192
6.212156295776367,192
6.213018178939819,192
6.2146852016448975,192
6.215544700622559,192
6.216416358947754,192
6.217289686203003,192
6.218153238296509,192
6.21901798248291,192
6.220692157745361,192
6.22159481048584,192
6.222455978393555,192
6.223317384719849,192
6.224171161651611,192
6.225032091140747,192
6.226706504821777,192
6.2275755405426025,192
6.22843861579895,192
6.229292392730713,192
6.2301483154296875,192
6.231006860733032,192
6.232698202133179,192
6.233562707901001,192
6.234431028366089,192
6.235311031341553,192
6.23616886138916,192
6.2370264530181885,192
6.238680124282837,192
6.239542722702026,192
6.240396022796631,192
6.241266489028931,192
6.242120265960693,192
6.243792772293091,192
6.244650840759277,192
6.245519161224365,192
6.246382713317871,192
6.247247934341431,192
6.248101234436035,192
6.249769926071167,192
6.250645160675049,192
6.251519441604614,192
6.252384185791016,192
6.253252267837524,192
6.254112720489502,192
6.255775451660156,192
6.256639242172241,192
6.257509708404541,192
6.258376598358154,192
6.259238004684448,192
6.260093927383423,192
6.261780738830566,192
6.262645483016968,192
6.263505935668945,192
6.2643702030181885,192
6.265223503112793,192
6.266083240509033,192
6.267751216888428,192
6.268621444702148,192
6.269482374191284,192
6.270349025726318,192
6.27121639251709,192
6.272072792053223,192
6.273758411407471,192
6.274620532989502,192
6.275477409362793,192
6.276345729827881,192
6.277199983596802,192
6.278054714202881,192
6.279728651046753,192
6.280593633651733,192
6.281456232070923,192
6.282325983047485,192
6.283176898956299,192
6.284038543701172,192
6.2857115268707275,192
6.286575555801392,192
6.287432909011841,192
6.2882983684539795,192
6.28915810585022,192
6.290019273757935,192
6.291699647903442,192
6.292562007904053,192
6.293423175811768,192
6.294285297393799,192
6.295140027999878,192
6.296003341674805,192
6.297672510147095,192
6.298534870147705,192
6.299393177032471,192
6.30027961730957,192
6.301140069961548,192
6.30200982093811,192
6.303677558898926,192
6.304537534713745,192
6.30539608001709,192
6.306262493133545,192
6.307120323181152,192
6.308798313140869,192
6.309664726257324,192
6.310533761978149,192
6.311407804489136,192
6.3122642040252686,192
6.313124179840088,192
6.3147969245910645,192
6.315657138824463,192
6.316517353057861,192
6.317380428314209,192
6.318245887756348,192
6.3191070556640625,192
6.3207848072052,192
6.321664333343506,192
6.322533130645752,192
6.3233888149261475,192
6.324259042739868,192
6.325115203857422,192
6.326788663864136,192
6.327654123306274,192
6.3285157680511475,192
6.3293726444244385,192
6.330230951309204,192
6.331092357635498,192
6.3327929973602295,192
6.333665132522583,192
6.334532260894775,192
6.3353893756866455,192
6.336254358291626,192
6.337110996246338,192
6.338795900344849,192
6.339654922485352,192
6.340523719787598,192
6.341397762298584,192
6.342263460159302,192
6.343124866485596,192
6.344800710678101,192
6.345671892166138,192
6.346540927886963,192
6.347404718399048,192
6.348270893096924,192
6.3491294384002686,192
6.350811958312988,192
6.351690292358398,192
6.352546453475952,192
6.3534135818481445,192
6.35427188873291,192
6.355132341384888,192
6.356805801391602,192
6.357669353485107,192
6.358535528182983,192
6.359387636184692,192
6.360239744186401,192
6.3610968589782715,192
6.362778902053833,192
6.363645315170288,192
6.364506244659424,192
6.36536431312561,192
6.366219758987427,192
6.367074728012085,192
6.368740558624268,192
6.369606018066406,192
6.370467662811279,192
6.371339321136475,192
6.372195482254028,192
6.373057842254639,192
6.374736785888672,192
6.375608921051025,192
6.376471519470215,192
6.377328872680664,192
6.378184795379639,192
6.379049062728882,192
6.380719184875488,192
6.381601333618164,192
6.382461786270142,192
6.383324146270752,192
6.384183168411255,192
6.385042190551758,192
6.386714220046997,192
6.387581825256348,192
6.388447046279907,192
6.389314413070679,192
6.390170097351074,192
6.39103102684021,192
6.392708778381348,192
6.393571138381958,192
6.394437551498413,192
6.395307779312134,192
6.39616584777832,192
6.397025108337402,192
6.398686647415161,192
6.3995513916015625,192
6.400423526763916,192
6.401291847229004,192
6.402151107788086,192
6.403014898300171,192
6.404682159423828,192
6.405545949935913,192
6.406403303146362,192
6.407269716262817,192
6.408122539520264,192
6.409796953201294,192
6.4106667041778564,192
6.411539077758789,192
6.412406921386719,192
6.4132795333862305,192
6.414146661758423,192
6.415007591247559,192
6.416689872741699,192
6.417551040649414,192
6.41841983795166,192
6.419285297393799,192
6.4201414585113525,192
6.421004295349121,192
6.422703504562378,192
6.423575162887573,192
6.424436330795288,192
6.425306081771851,192
6.4261579513549805,192
6.427027702331543,192
6.428708076477051,192
6.429570198059082,192
6.430433750152588,192
6.431303024291992,192
6.432165861129761,192
6.43302845954895,192
6.434705018997192,192
6.43557596206665,192
6.436436414718628,192
6.437299966812134,192
6.438152074813843,192
6.439012765884399,192
6.440690994262695,192
6.441566467285156,192
6.442431211471558,192
6.44329571723938,192
6.444154262542725,192
6.445021867752075,192
6.446704864501953,192
6.447572469711304,192
6.448438405990601,192
6.449299335479736,192
6.4501612186431885,192
6.451017379760742,192
6.452693700790405,192
6.453556060791016,192
6.454411268234253,192
6.455276250839233,192
6.456137657165527,192
6.457005977630615,192
6.458672761917114,192
6.45953369140625,192
6.460391998291016,192
6.4612717628479,192
6.462130069732666,192
6.463804006576538,192
6.464677095413208,192
6.465545654296875,192
6.466402053833008,192
6.467265367507935,192
6.468127727508545,192
6.469804763793945,192
6.470667600631714,192
6.471544504165649,192
6.472411394119263,192
6.473280668258667,192
6.4741435050964355,192
6.475008010864258,192
6.476689100265503,192
6.477550745010376,192
6.478412389755249,192
6.479274034500122,192
6.480130434036255,192
6.48181939125061,192
6.482685804367065,192
6.48354959487915,192
6.484417676925659,192
6.48527979850769,192
6.486128568649292,192
6.487807750701904,192
6.488670825958252,192
6.4895265102386475,192
6.49038553237915,192
6.491257667541504,192
6.492112398147583,192
6.493776082992554,192
6.49463963508606,192
6.495513677597046,192
6.496381998062134,192
6.49724006652832,192
6.498089075088501,192
6.4997522830963135,192
6.5006184577941895,192
6.501490116119385,192
6.502364635467529,192
6.503227710723877,192
6.50408411026001,192
6.505756378173828,192
6.506614685058594,192
6.507472991943359,192
6.508339881896973,192
6.509202480316162,192
6.510051012039185,192
6.511740684509277,192
6.512612819671631,192
6.513478755950928,192
6.514346122741699,192
6.515197038650513,192
6.516061067581177,192
6.517729043960571,192
6.518588304519653,192
6.519451379776001,192
6.5203187465667725,192
6.521174430847168,192
6.522046804428101,192
6.5237250328063965,192
6.524594306945801,192
6.525461435317993,192
6.526326417922974,192
6.527184724807739,192
6.528048753738403,192
6.529731512069702,192
6.53060245513916,192
6.5314717292785645,192
6.532335996627808,192
6.533196210861206,192
6.534057378768921,192
6.535732984542847,192
6.536599159240723,192
6.537456512451172,192
6.538325071334839,192
6.5391833782196045,192
6.5400471687316895,192
6.541736125946045,192
6.542597532272339,192
6.543465852737427,192
6.544329881668091,192
6.5451812744140625,192
6.546041250228882,192
6.547717809677124,192
6.5485804080963135,192
6.549445629119873,192
6.550308704376221,192
6.551164865493774,192
6.5520405769348145,192
6.553715944290161,192
6.554583549499512,192
6.555449485778809,192
6.556321620941162,192
6.557173728942871,192
6.558035135269165,192
6.5597147941589355,192
6.560578107833862,192
6.56144380569458,192
6.562302112579346,192
6.563153266906738,192
6.564005136489868,192
6.565678596496582,192
6.566540002822876,192
6.567395448684692,192
6.568264961242676,192
6.569127321243286,192
6.570804834365845,192
6.571667194366455,192
6.572526931762695,192
6.573389053344727,192
6.574253082275391,192
6.575108051300049,192
6.576767206192017,192
6.577632188796997,192
6.578503847122192,192
6.579369783401489,192
6.580226898193359,192
6.581086158752441,192
6.582794427871704,192
6.58366060256958,192
6.58452033996582,192
6.585385322570801,192
6.586244344711304,192
6.587095737457275,192
6.588765859603882,192
6.589633464813232,192
6.590494394302368,192
6.591365814208984,192
6.592225074768066,192
6.593078851699829,192
6.594752073287964,192
6.595623731613159,192
6.596482753753662,192
6.5973405838012695,192
6.598198175430298,192
6.599059581756592,192
6.600735187530518,192
6.601606845855713,192
6.602471351623535,192
6.6033265590667725,192
6.604182720184326,192
6.605051517486572,192
6.606713533401489,192
6.607576847076416,192
6.608439922332764,192
6.609315633773804,192
6.610174655914307,192
6.611039400100708,192
6.612734794616699,192
6.613599538803101,192
6.61445164680481,192
6.61530876159668,192
6.61616587638855,192
6.617032051086426,192
6.618716239929199,192
6.61958909034729,192
6.62044882774353,192
6.621314287185669,192
6.622179269790649,192
6.623038053512573,192
6.624714374542236,192
6.625571250915527,192
6.626432180404663,192
6.627292633056641,192
6.6281492710113525,192
6.629014015197754,192
6.63068699836731,192
6.631555795669556,192
6.632418394088745,192
6.633271217346191,192
6.634132146835327,192
6.635813474655151,192
6.636683225631714,192
6.63753867149353,192
6.638403415679932,192
6.639260768890381,192
6.640114784240723,192
6.641798734664917,192
6.64266562461853,192
6.643526315689087,192
6.644392251968384,192
6.645245552062988,192
6.646104574203491,192
6.6477720737457275,192
6.64863920211792,192
6.649499893188477,192
6.65035605430603,192
6.6512134075164795,192
6.652072906494141,192
6.653744459152222,192
6.654613494873047,192
6.655480623245239,192
6.656346321105957,192
6.657208204269409,192
6.658067941665649,192
6.659741401672363,192
6.660605192184448,192
6.661470651626587,192
6.662337779998779,192
6.663195371627808,192
6.664061069488525,192
6.665729761123657,192
6.666597366333008,192
6.667462348937988,192
6.668321132659912,192
6.669181823730469,192
6.670045614242554,192
6.671742916107178,192
6.672610282897949,192
6.673471689224243,192
6.674335718154907,192
6.6751930713653564,192
6.67605185508728,192
6.677734136581421,192
6.678603887557983,192
6.679454565048218,192
6.680324077606201,192
6.681183099746704,192
6.682055473327637,192
6.6837334632873535,192
6.684598445892334,192
6.6854658126831055,192
6.686333656311035,192
6.687193870544434,192
6.688055038452148,192
6.689732551574707,192
6.6906068325042725,192
6.691479682922363,192
6.692346811294556,192
6.693209648132324,192
6.694066047668457,192
6.695729494094849,192
6.6965954303741455,192
6.697463035583496,192
6.6983323097229,192
6.699188232421875,192
6.7000510692596436,192
6.7017481327056885,192
6.702613830566406,192
6.703474760055542,192
6.704332113265991,192
6.705195903778076,192
6.7060534954071045,192
6.707729339599609,192
6.708591938018799,192
6.709455251693726,192
6.710318565368652,192
6.711167573928833,192
6.712033987045288,192
6.7137086391448975,192
6.714583396911621,192
6.71544075012207,192
6.716302871704102,192
6.717158079147339,192
6.718028545379639,192
6.71970009803772,192
6.720571994781494,192
6.721445322036743,192
6.722313165664673,192
6.72317361831665,192
6.724034070968628,192
6.72570276260376,192
6.726567506790161,192
6.72742772102356,192
6.728287935256958,192
6.7291436195373535,192
6.730011463165283,192
6.731689453125,192
6.732548475265503,192
6.7334113121032715,192
6.734276056289673,192
6.735131025314331,192
6.736796855926514,192
6.737661600112915,192
6.738529443740845,192
6.7393958568573,192
6.740257024765015,192
6.741112232208252,192
6.742801666259766,192
6.743669509887695,192
6.7445244789123535,192
6.745392560958862,192
6.746253252029419,192
6.747107028961182,192
6.748784780502319,192
6.749652624130249,192
6.750510215759277,192
6.751384496688843,192
6.752245903015137,192
6.753101110458374,192
6.754781246185303,192
6.755648136138916,192
6.756518363952637,192
6.757383584976196,192
6.758257865905762,192
6.759114503860474,192
6.760792255401611,192
6.761672258377075,192
6.762538194656372,192
6.763404130935669,192
6.764264822006226,192
6.765118598937988,192
6.766806364059448,192
6.767668724060059,192
6.768533229827881,192
6.769392013549805,192
6.770260334014893,192
6.771118402481079,192
6.772797346115112,192
6.773664236068726,192
6.774527311325073,192
6.77539324760437,192
6.776249408721924,192
6.777111530303955,192
6.778794050216675,192
6.779658079147339,192
6.780514240264893,192
6.781381368637085,192
6.782251596450806,192
6.783115386962891,192
6.784781455993652,192
6.785645484924316,192
6.786504030227661,192
6.787370920181274,192
6.788227796554565,192
6.789079666137695,192
6.790758371353149,192
6.791632890701294,192
6.792498588562012,192
6.7933573722839355,192
6.794220209121704,192
6.795083522796631,192
6.796753883361816,192
6.7976226806640625,192
6.798485040664673,192
6.799343109130859,192
6.800200462341309,192
6.801087856292725,192
6.802772760391235,192
6.803632974624634,192
6.804494857788086,192
6.805354595184326,192
6.806211233139038,192
6.807067632675171,192
6.808752536773682,192
6.809614658355713,192
6.8104777336120605,192
6.811351299285889,192
6.812219619750977,192
6.813092231750488,192
6.814775228500366,192
6.815647840499878,192
6.816513538360596,192
6.817373514175415,192
6.818235397338867,192
6.819096565246582,192
6.820778846740723,192
6.821648120880127,192
6.8225178718566895,192
6.823381185531616,192
6.82424259185791,192
6.825094938278198,192
6.826758861541748,192
6.82762598991394,192
6.828484058380127,192
6.829347610473633,192
6.830210447311401,192
6.831070899963379,192
6.832758903503418,192
6.833625078201294,192
6.834486961364746,192
6.83534836769104,192
6.836213111877441,192
6.837074279785156,192
6.838755130767822,192
6.839616775512695,192
6.840468406677246,192
6.841346263885498,192
6.8421995639801025,192
6.843060731887817,192
6.844733238220215,192
6.845597505569458,192
6.8464674949646,192
6.847332000732422,192
6.84819221496582,192
6.8490519523620605,192
6.850735425949097,192
6.851614952087402,192
6.852476596832275,192
6.8533453941345215,192
6.854194641113281,192
6.8550639152526855,192
6.856743812561035,192
6.85760760307312,192
6.858468294143677,192
6.85932731628418,192
6.860186338424683,192
6.861043214797974,192
6.862746238708496,192
6.863611221313477,192
6.864476442337036,192
6.8653481006622314,192
6.866215705871582,192
6.867079019546509,192
6.868757486343384,192
6.869626760482788,192
6.870490789413452,192
6.871360778808594,192
6.872230052947998,192
6.873090028762817,192
6.87476658821106,192
6.875631809234619,192
6.876500129699707,192
6.877372980117798,192
6.8782408237457275,192
6.879102468490601,192
6.880788326263428,192
6.881665468215942,192
6.882525444030762,192
6.883390426635742,192
6.884256601333618,192
6.885118007659912,192
6.886798858642578,192
6.887664318084717,192
6.888534784317017,192
6.889394283294678,192
6.890266418457031,192
6.891129493713379,192
6.892014026641846,192
6.893691062927246,192
6.894556045532227,192
6.895417213439941,192
6.896284341812134,192
6.897140979766846,192
6.898005723953247,192
6.8996803760528564,192
6.900544881820679,192
6.901420593261719,192
6.902291536331177,192
6.903151035308838,192
6.904016017913818,192
6.905701398849487,192
6.90657639503479,192
6.907441854476929,192
6.908312082290649,192
6.909170389175415,192
6.910057544708252,192
6.9117443561553955,192
6.912619590759277,192
6.913485765457153,192
6.914346933364868,192
6.915200710296631,192
6.916071653366089,192
6.917755603790283,192
6.918616771697998,192
6.919476270675659,192
6.92034387588501,192
6.921197414398193,192
6.922074556350708,192
6.92375636100769,192
6.924623012542725,192
6.9254913330078125,192
6.926352262496948,192
6.927219390869141,192
6.928079128265381,192
6.929752588272095,192
6.930611848831177,192
6.931482553482056,192
6.932345867156982,192
6.933211326599121,192
6.934072494506836,192
6.935748815536499,192
6.936613321304321,192
6.937469720840454,192
6.938335418701172,192
6.9392006397247314,192
6.940068006515503,192
6.941761016845703,192
6.94262433052063,192
6.943487644195557,192
6.944348096847534,192
6.945209741592407,192
6.946069717407227,192
6.947756052017212,192
6.948618650436401,192
6.94947361946106,192
6.9503302574157715,192
6.951190710067749,192
6.9520649909973145,192
6.953740358352661,192
6.954612970352173,192
6.955474853515625,192
6.956335783004761,192
6.957195997238159,192
6.958057165145874,192
6.9597320556640625,192
6.960599899291992,192
6.961475610733032,192
6.962341070175171,192
6.963200569152832,192
6.964070081710815,192
6.965748071670532,192
6.966619968414307,192
6.9674811363220215,192
6.9683451652526855,192
6.969207525253296,192
6.970073938369751,192
6.971768379211426,192
6.972639322280884,192
6.973513126373291,192
6.974380016326904,192
6.975249767303467,192
6.9761106967926025,192
6.977787733078003,192
6.978658437728882,192
6.979525566101074,192
6.980391502380371,192
6.981268405914307,192
6.982125520706177,192
6.98381233215332,192
6.98466944694519,192
6.985534191131592,192
6.98639988899231,192
6.987262725830078,192
6.98812198638916,192
6.989795684814453,192
6.990657091140747,192
6.991534948348999,192
6.99239444732666,192
6.993258476257324,192
6.994122743606567,192
6.995790719985962,192
6.996659278869629,192
6.997521877288818,192
6.998392343521118,192
6.999260425567627,192
7.000112533569336,192
7.001807689666748,192
7.002678632736206,192
7.003547668457031,192
7.00441312789917,192
7.0052831172943115,192
7.006138563156128,192
7.007006406784058,192
7.00868821144104,192
7.009546518325806,192
7.010411024093628,192
7.011282920837402,192
7.012139320373535,192
7.0130088329315186,192
7.014688491821289,192
7.0155580043792725,192
7.016419172286987,192
7.017281770706177,192
7.018136739730835,192
7.019816160202026,192
7.02067756652832,192
7.0215535163879395,192
7.022425413131714,192
7.023298501968384,192
7.024150609970093,192
7.025016784667969,192
7.026684284210205,192
7.0275514125823975,192
7.028414011001587,192
7.029294967651367,192
7.030161619186401,192
7.031022787094116,192
7.03272271156311,192
7.033586502075195,192
7.034451007843018,192
7.035318851470947,192
7.0361762046813965,192
7.037047386169434,192
7.038724660873413,192
7.039593458175659,192
7.040452480316162,192
7.04132604598999,192
7.042189121246338,192
7.043055534362793,192
7.044722557067871,192
7.045590877532959,192
7.0464582443237305,192
7.047328472137451,192
7.04818868637085,192
7.049056053161621,192
7.05073356628418,192
7.0516111850738525,192
7.052470684051514,192
7.053337097167969,192
7.054194927215576,192
7.055066108703613,192
7.0567474365234375,192
7.057620048522949,192
7.058483362197876,192
7.059344291687012,192
7.060208797454834,192
7.061065912246704,192
7.0627593994140625,192
7.0636279582977295,192
7.064501523971558,192
7.065364122390747,192
7.066246509552002,192
7.067108869552612,192
7.06879734992981,192
7.069660902023315,192
7.070529937744141,192
7.071409225463867,192
7.07227897644043,192
7.073139905929565,192
7.07481050491333,192
7.075676441192627,192
7.076542615890503,192
7.077402114868164,192
7.078267812728882,192
7.079125881195068,192
7.0807976722717285,192
7.0816826820373535,192
7.082549810409546,192
7.083420515060425,192
7.0842812061309814,192
7.0851380825042725,192
7.086836338043213,192
7.087706089019775,192
7.0885772705078125,192
7.089446783065796,192
7.0903167724609375,192
7.091179847717285,192
7.092061519622803,192
7.093735933303833,192
7.094601631164551,192
7.0957190990448,192
7.097248077392578,192
7.09876823425293,192
7.100291728973389,192
7.1018030643463135,192
7.103323459625244,192
7.104835748672485,192
7.106381893157959,192
7.107964754104614,192
7.109571218490601,192
7.111177921295166,192
7.112781763076782,192
7.1143882274627686,192
7.115987062454224,192
7.117582321166992,192
7.119168758392334,192
7.120079755783081,192
7.120948314666748,192
7.121824264526367,192
7.122689723968506,192
7.12355375289917,192
7.124415397644043,192
7.1252760887146,192
7.126136302947998,192
7.126998424530029,192
7.1278698444366455,192
7.128734588623047,192
7.129611492156982,192
7.130486249923706,192
7.131366491317749,192
7.132233142852783,192
7.133094549179077,192
7.133955955505371,192
7.134822845458984,192
7.13568902015686,192
7.136562347412109,192
7.137432336807251,192
7.138301610946655,192
7.139157772064209,192
7.14001727104187,192
7.140885829925537,192
7.141761779785156,192
7.14263129234314,192
7.143496513366699,192
7.144359827041626,192
7.145232915878296,192
7.146095275878906,192
7.146965265274048,192
7.147834539413452,192
7.14870285987854,192
7.149566411972046,192
7.150424003601074,192
7.151298522949219,192
7.152155876159668,192
7.153025150299072,192
7.153892755508423,192
7.154767274856567,192
7.155638694763184,192
7.156498908996582,192
7.15736722946167,192
7.158229827880859,192
7.159080505371094,192
7.159947156906128,192
7.1608147621154785,192
7.1616904735565186,192
7.162558078765869,192
7.163419485092163,192
7.164288759231567,192
7.16514778137207,192
7.1660096645355225,192
7.1668701171875,192
7.167739629745483,192
7.168609619140625,192
7.16946816444397,192
7.170328855514526,192
7.1711883544921875,192
7.172065496444702,192
7.172927141189575,192
7.173799753189087,192
7.174665927886963,192
7.175533056259155,192
7.176400899887085,192
7.177270889282227,192
7.178127288818359,192
7.179800748825073,192
7.180671453475952,192
7.1815407276153564,192
7.182404279708862,192
7.183265924453735,192
7.1841208934783936,192
7.185801982879639,192
7.186665296554565,192
7.187535047531128,192
7.188395023345947,192
7.189258813858032,192
7.190109968185425,192
7.191801071166992,192
7.192667722702026,192
7.193523406982422,192
7.194382429122925,192
7.19524621963501,192
7.1961047649383545,192
7.197785139083862,192
7.198652744293213,192
7.19952392578125,192
7.200394153594971,192
7.201266527175903,192
7.202125787734985,192
7.203808784484863,192
7.204671859741211,192
7.205531358718872,192
7.206397294998169,192
7.2072577476501465,192
7.208118677139282,192
7.209796190261841,192
7.2106616497039795,192
7.211534738540649,192
7.212400913238525,192
7.213262319564819,192
7.214117050170898,192
7.215789556503296,192
7.216659307479858,192
7.217528581619263,192
7.218390464782715,192
7.219252824783325,192
7.220108509063721,192
7.221797943115234,192
7.222665309906006,192
7.223534822463989,192
7.224401235580444,192
7.2252726554870605,192
7.226125240325928,192
7.227799654006958,192
7.228669881820679,192
7.229528427124023,192
7.230399131774902,192
7.231273889541626,192
7.232131719589233,192
7.233811378479004,192
7.23467230796814,192
7.235542297363281,192
7.236407995223999,192
7.237274169921875,192
7.238135814666748,192
7.2398059368133545,192
7.240667819976807,192
7.241546869277954,192
7.2424116134643555,192
7.243268728256226,192
7.2441325187683105,192
7.245806932449341,192
7.246672868728638,192
7.2475361824035645,192
7.248401403427124,192
7.249262571334839,192
7.2501208782196045,192
7.251812696456909,192
7.252684116363525,192
7.253546714782715,192
7.25441575050354,192
7.255273818969727,192
7.256130218505859,192
7.257809162139893,192
7.258671998977661,192
7.259536266326904,192
7.260396718978882,192
7.261270523071289,192
7.262133836746216,192
7.263004541397095,192
7.2646706104278564,192
7.265538454055786,192
7.266407489776611,192
7.267271518707275,192
7.268129587173462,192
7.269810438156128,192
7.270668029785156,192
7.271547079086304,192
7.272421360015869,192
7.273284196853638,192
7.2741429805755615,192
7.275010585784912,192
7.2766852378845215,192
7.277554035186768,192
7.278421401977539,192
7.279289960861206,192
7.280151605606079,192
7.281017065048218,192
7.28271746635437,192
7.283578872680664,192
7.284442186355591,192
7.285316228866577,192
7.28617787361145,192
7.287045478820801,192
7.288724899291992,192
7.289586305618286,192
7.290443181991577,192
7.291323900222778,192
7.292176008224487,192
7.293043375015259,192
7.294722318649292,192
7.295595407485962,192
7.296459674835205,192
7.2973246574401855,192
7.298180818557739,192
7.299043416976929,192
7.30072283744812,192
7.30159592628479,192
7.302467346191406,192
7.303337097167969,192
7.304193496704102,192
7.30505633354187,192
7.306734561920166,192
7.307605266571045,192
7.308466196060181,192
7.309324502944946,192
7.310186386108398,192
7.311053991317749,192
7.312743663787842,192
7.313602924346924,192
7.314476251602173,192
7.315344333648682,192
7.316195011138916,192
7.317062854766846,192
7.31874680519104,192
7.3196120262146,192
7.320477247238159,192
7.321354150772095,192
7.322215795516968,192
7.323079347610474,192
7.324759483337402,192
7.325620889663696,192
7.326483726501465,192
7.3273468017578125,192
7.328201532363892,192
7.329065561294556,192
7.3307530879974365,192
7.331627368927002,192
7.332491636276245,192
7.333350419998169,192
7.334211349487305,192
7.335063934326172,192
7.3367486000061035,192
7.337615013122559,192
7.338479280471802,192
7.339344501495361,192
7.3402111530303955,192
7.34106707572937,192
7.34276008605957,192
7.343631982803345,192
7.344499349594116,192
7.345366716384888,192
7.346228837966919,192
7.347093820571899,192
7.348767042160034,192
7.349636077880859,192
7.350496053695679,192
7.351369857788086,192
7.352232933044434,192
7.353091239929199,192
7.3547632694244385,192
7.355630397796631,192
7.3564980030059814,192
7.357365369796753,192
7.358226537704468,192
7.3590922355651855,192
7.360761404037476,192
7.36163854598999,192
7.362515449523926,192
7.363381862640381,192
7.364240646362305,192
7.365103006362915,192
7.366788148880005,192
7.367649555206299,192
7.36850643157959,192
7.3693695068359375,192
7.370229244232178,192
7.371087074279785,192
7.372771978378296,192
7.373642921447754,192
7.374503135681152,192
7.375362157821655,192
7.376224756240845,192
7.377080917358398,192
7.37876033782959,192
7.379628419876099,192
7.3804919719696045,192
7.381370782852173,192
7.3822362422943115,192
7.383098602294922,192
7.384774446487427,192
7.385639190673828,192
7.3864991664886475,192
7.387369632720947,192
7.388237476348877,192
7.389104843139648,192
7.390784502029419,192
7.391668081283569,192
7.392535448074341,192
7.393406629562378,192
7.394276142120361,192
7.395130634307861,192
7.396805286407471,192
7.397671222686768,192
7.398542642593384,192
7.399409532546997,192
7.400273084640503,192
7.401128053665161,192
7.402010440826416,192
7.403687000274658,192
7.404557466506958,192
7.4054224491119385,192
7.406291723251343,192
7.407151222229004,192
7.408008813858032,192
7.409693717956543,192
7.4105658531188965,192
7.411428928375244,192
7.412292718887329,192
7.413146734237671,192
7.4140074253082275,192
7.41568660736084,192
7.416552543640137,192
7.417422533035278,192
7.4182820320129395,192
7.419141054153442,192
7.420811891555786,192
7.421684980392456,192
7.422549486160278,192
7.423413038253784,192
7.424278736114502,192
7.425131797790527,192
7.426817178726196,192
7.427683591842651,192
7.428545236587524,192
7.42940354347229,192
7.430264234542847,192
7.431122303009033,192
7.432812929153442,192
7.433671474456787,192
7.434537649154663,192
7.435397624969482,192
7.436260223388672,192
7.4371178150177,192
7.438797235488892,192
7.439660310745239,192
7.440524339675903,192
7.441400766372681,192
7.442262649536133,192
7.443117618560791,192
7.444803476333618,192
7.445664167404175,192
7.446534633636475,192
7.4473958015441895,192
7.448263168334961,192
7.449124813079834,192
7.450812816619873,192
7.451693773269653,192
7.452556371688843,192
7.453420639038086,192
7.454290390014648,192
7.455156087875366,192
7.456021308898926,192
7.457705497741699,192
7.458573579788208,192
7.459431886672974,192
7.460294485092163,192
7.461151599884033,192
7.462020397186279,192
7.463710784912109,192
7.46457576751709,192
7.465436697006226,192
7.466295480728149,192
7.467155456542969,192
7.4680211544036865,192
7.469695568084717,192
7.470562696456909,192
7.471429347991943,192
7.472296953201294,192
7.47314715385437,192
7.4740142822265625,192
7.475688219070435,192
7.476553201675415,192
7.4774088859558105,192
7.478275299072266,192
7.479132175445557,192
7.480809450149536,192
7.4816882610321045,192
7.48255181312561,192
7.483412504196167,192
7.484271764755249,192
7.485126733779907,192
7.486810207366943,192
7.487675666809082,192
7.488537788391113,192
7.489410877227783,192
7.490268230438232,192
7.491133689880371,192
7.4920103549957275,192
7.4936933517456055,192
7.494561195373535,192
7.495422601699829,192
7.496289968490601,192
7.49714994430542,192
7.498005390167236,192
7.499683380126953,192
7.500540256500244,192
7.5014166831970215,192
7.502278566360474,192
7.503139019012451,192
7.5040037631988525,192
7.505695104598999,192
7.506556272506714,192
7.507415294647217,192
7.508278846740723,192
7.509139060974121,192
7.51080584526062,192
7.511681795120239,192
7.5125391483306885,192
7.513406038284302,192
7.514268636703491,192
7.515124082565308,192
7.516805171966553,192
7.517678737640381,192
7.518536329269409,192
7.519396543502808,192
7.520255088806152,192
7.521116495132446,192
7.522799015045166,192
7.523668050765991,192
7.52453875541687,192
7.52540397644043,192
7.526267051696777,192
7.527122735977173,192
7.52878999710083,192
7.52965521812439,192
7.530525207519531,192
7.531403541564941,192
7.532280206680298,192
7.5331385135650635,192
7.534817934036255,192
7.535676002502441,192
7.536536693572998,192
7.5374064445495605,192
7.538266181945801,192
7.539125919342041,192
7.540802717208862,192
7.541684150695801,192
7.5425543785095215,192
7.54341983795166,192
7.5442893505096436,192
7.545134544372559,192
7.546003818511963,192
7.547690153121948,192
7.548553705215454,192
7.549415349960327,192
7.550279140472412,192
7.551137685775757,192
7.552009582519531,192
7.5536949634552,192
7.554567098617554,192
7.5554327964782715,192
7.556299686431885,192
7.5571608543396,192
7.558026552200317,192
7.559697151184082,192
7.560561895370483,192
7.5614283084869385,192
7.562301874160767,192
7.563159227371216,192
7.564026117324829,192
7.56570029258728,192
7.566569566726685,192
7.567428827285767,192
7.56830096244812,192
7.569161653518677,192
7.570029258728027,192
7.571715354919434,192
7.572580814361572,192
7.573450803756714,192
7.574312925338745,192
7.575170278549194,192
7.576030015945435,192
7.57771635055542,192
7.578579425811768,192
7.579437732696533,192
7.580300807952881,192
7.581160068511963,192
7.58203911781311,192
7.5837109088897705,192
7.58457088470459,192
7.5854339599609375,192
7.586294412612915,192
7.587151050567627,192
7.588017225265503,192
7.589691877365112,192
7.5905609130859375,192
7.59142541885376,192
7.592289209365845,192
7.593151330947876,192
7.594007253646851,192
7.595672845840454,192
7.596534252166748,192
7.597407817840576,192
7.598268508911133,192
7.599128723144531,192
7.600806713104248,192
7.601679801940918,192
7.602540016174316,192
7.603399038314819,192
7.604264497756958,192
7.60511589050293,192
7.6067891120910645,192
7.607655048370361,192
7.608520984649658,192
7.60938024520874,192
7.610248327255249,192
7.61110782623291,192
7.612780809402466,192
7.6136474609375,192
7.614512920379639,192
7.615372180938721,192
7.616238355636597,192
7.617093324661255,192
7.618779182434082,192
7.619645595550537,192
7.62051796913147,192
7.6213905811309814,192
7.622250318527222,192
7.623115062713623,192
7.624791383743286,192
7.6256489753723145,192
7.626518726348877,192
7.627378225326538,192
7.62824559211731,192
7.629092693328857,192
7.630773305892944,192
7.631651401519775,192
7.632521152496338,192
7.633393049240112,192
7.634259939193726,192
7.635117053985596,192
7.636789083480835,192
7.637655973434448,192
7.638516664505005,192
7.639384508132935,192
7.64024806022644,192
7.6410956382751465,192
7.642776250839233,192
7.643645286560059,192
7.644512414932251,192
7.645374536514282,192
7.646243572235107,192
7.6471099853515625,192
7.648786306381226,192
7.649648666381836,192
7.650521278381348,192
7.651396751403809,192
7.6522650718688965,192
7.6531267166137695,192
7.654808282852173,192
7.6556782722473145,192
7.656548261642456,192
7.6574132442474365,192
7.658271074295044,192
7.659127712249756,192
7.660794258117676,192
7.661679744720459,192
7.662551403045654,192
7.663422346115112,192
7.6642913818359375,192
7.665144681930542,192
7.666006803512573,192
7.667670965194702,192
7.66853404045105,192
7.6694066524505615,192
7.670273542404175,192
7.671135425567627,192
7.672011375427246,192
7.673686265945435,192
7.674551010131836,192
7.675409555435181,192
7.676268815994263,192
7.677117347717285,192
7.678800582885742,192
7.679664373397827,192
7.680525302886963,192
7.681391716003418,192
7.682262182235718,192
7.683117389678955,192
7.68479061126709,192
7.6856536865234375,192
7.686513900756836,192
7.687376260757446,192
7.68822979927063,192
7.689085006713867,192
7.690765380859375,192
7.691637992858887,192
7.69250226020813,192
7.693366527557373,192
7.6942267417907715,192
7.695088624954224,192
7.696768760681152,192
7.697628974914551,192
7.698492527008057,192
7.699357271194458,192
7.700221061706543,192
7.701080799102783,192
7.702760696411133,192
7.7036216259002686,192
7.704494476318359,192
7.705359220504761,192
7.706219434738159,192
7.707076549530029,192
7.708747148513794,192
7.709613561630249,192
7.710483074188232,192
7.711347818374634,192
7.71221137046814,192
7.713068246841431,192
7.71474289894104,192
7.715603590011597,192
7.7164695262908936,192
7.717338800430298,192
7.718195676803589,192
7.719067335128784,192
7.720740556716919,192
7.721610069274902,192
7.722474813461304,192
7.723336935043335,192
7.724195718765259,192
7.725059270858765,192
7.7267372608184814,192
7.727604389190674,192
7.7284650802612305,192
7.729318857192993,192
7.730172157287598,192
7.731036901473999,192
7.732717990875244,192
7.733576536178589,192
7.734435319900513,192
7.735302209854126,192
7.736156225204468,192
7.737019300460815,192
7.738692045211792,192
7.739561319351196,192
7.7404279708862305,192
7.741302728652954,192
7.742154836654663,192
7.74302077293396,192
7.7447004318237305,192
7.74556827545166,192
7.74643087387085,192
7.7472984790802,192
7.748152017593384,192
7.7490105628967285,192
7.75068998336792,192
7.751567125320435,192
7.752425193786621,192
7.753287315368652,192
7.754138231277466,192
7.755809545516968,192
7.756677627563477,192
7.7575342655181885,192
7.758396863937378,192
7.75925350189209,192
7.760115146636963,192
7.761796474456787,192
7.762654542922974,192
7.763518810272217,192
7.764381408691406,192
7.7652428150177,192
7.766090393066406,192
7.767770290374756,192
7.7686402797698975,192
7.769507646560669,192
7.770364999771118,192
7.7712321281433105,192
7.772094011306763,192
7.773767948150635,192
7.774627923965454,192
7.775494813919067,192
7.776360034942627,192
7.777228355407715,192
7.778076410293579,192
7.779755115509033,192
7.780622720718384,192
7.781496286392212,192
7.782360792160034,192
7.783223628997803,192
7.784082651138306,192
7.785742282867432,192
7.786600112915039,192
7.787464141845703,192
7.788329839706421,192
7.7891833782196045,192
7.79005241394043,192
7.791745901107788,192
7.792613744735718,192
7.793475389480591,192
7.794342279434204,192
7.795197486877441,192
7.796063661575317,192
7.79773736000061,192
7.798595666885376,192
7.799452066421509,192
7.800325870513916,192
7.801185846328735,192
7.802049875259399,192
7.803729772567749,192
7.804594039916992,192
7.80546236038208,192
7.806327819824219,192
7.80718207359314,192
7.808038711547852,192
7.809702396392822,192
7.8105714321136475,192
7.811447620391846,192
7.812308311462402,192
7.81316351890564,192
7.814029932022095,192
7.815706014633179,192
7.816571474075317,192
7.817436695098877,192
7.818294525146484,192
7.819154262542725,192
7.8200201988220215,192
7.821695566177368,192
7.822562217712402,192
7.823417901992798,192
7.824281454086304,192
7.825141668319702,192
7.826809644699097,192
7.8276801109313965,192
7.828541278839111,192
7.829397201538086,192
7.8302600383758545,192
7.831111669540405,192
7.832782745361328,192
7.833654403686523,192
7.834519624710083,192
7.835381984710693,192
7.836231470108032,192
7.837088346481323,192
7.838756799697876,192
7.839621543884277,192
7.840490102767944,192
7.841367483139038,192
7.842226028442383,192
7.843076705932617,192
7.8447487354278564,192
7.845612287521362,192
7.846471071243286,192
7.847337007522583,192
7.84819221496582,192
7.849055051803589,192
7.850724220275879,192
7.85159707069397,192
7.852461338043213,192
7.8533244132995605,192
7.854181289672852,192
7.855040073394775,192
7.856713533401489,192
7.857572078704834,192
7.858424663543701,192
7.859288215637207,192
7.8601415157318115,192
7.861825466156006,192
7.862687826156616,192
7.863549709320068,192
7.864413022994995,192
7.8652753829956055,192
7.8661298751831055,192
7.867804288864136,192
7.868659019470215,192
7.869523048400879,192
7.870382070541382,192
7.871253728866577,192
7.87211799621582,192
7.87379789352417,192
7.874664783477783,192
7.875529527664185,192
7.8763909339904785,192
7.877251148223877,192
7.878106594085693,192
7.8797831535339355,192
7.8806493282318115,192
7.881519079208374,192
7.882375955581665,192
7.8832409381866455,192
7.884093999862671,192
7.885769367218018,192
7.8866307735443115,192
7.887489080429077,192
7.8883490562438965,192
7.88921046257019,192
7.89006781578064,192
7.8917436599731445,192
7.892598867416382,192
7.893459796905518,192
7.894329786300659,192
7.895190000534058,192
7.896056413650513,192
7.89773154258728,192
7.898596286773682,192
7.89945125579834,192
7.900317907333374,192
7.901176929473877,192
7.902051210403442,192
7.903726100921631,192
7.904590606689453,192
7.905447244644165,192
7.90630316734314,192
7.907158136367798,192
7.908019304275513,192
7.909685373306274,192
7.910547256469727,192
7.911414623260498,192
7.912278413772583,192
7.91313099861145,192
7.914806842803955,192
7.915673732757568,192
7.91653847694397,192
7.917392253875732,192
7.918257236480713,192
7.919114112854004,192
7.92078423500061,192
7.921659708023071,192
7.922526836395264,192
7.923386335372925,192
7.924250364303589,192
7.925105571746826,192
7.926791429519653,192
7.927664279937744,192
7.928524494171143,192
7.929389238357544,192
7.930250883102417,192
7.931114196777344,192
7.932798147201538,192
7.933655500411987,192
7.934515714645386,192
7.935380935668945,192
7.9362499713897705,192
7.9371018409729,192
7.938768625259399,192
7.939629316329956,192
7.94049859046936,192
7.941368579864502,192
7.942226886749268,192
7.943088054656982,192
7.944769620895386,192
7.945630311965942,192
7.946489572525024,192
7.947344541549683,192
7.94819712638855,192
7.949060678482056,192
7.950727701187134,192
7.951607704162598,192
7.952471017837524,192
7.9533305168151855,192
7.954189300537109,192
7.95505166053772,192
7.956722021102905,192
7.957586050033569,192
7.958440780639648,192
7.9593048095703125,192
7.9601593017578125,192
7.961026668548584,192
7.962710857391357,192
7.963576555252075,192
7.964436292648315,192
7.965291976928711,192
7.966143608093262,192
7.9670093059539795,192
7.968674898147583,192
7.96953558921814,192
7.970402002334595,192
7.971274375915527,192
7.972130537033081,192
7.973805904388428,192
7.974675893783569,192
7.975540637969971,192
7.976401090621948,192
7.977259159088135,192
7.978113412857056,192
7.9797892570495605,192
7.980658292770386,192
7.981529235839844,192
7.982393264770508,192
7.983253002166748,192
7.984109163284302,192
7.985774517059326,192
7.9866416454315186,192
7.987509727478027,192
7.988375902175903,192
7.989245653152466,192
7.990099668502808,192
7.991786956787109,192
7.992650508880615,192
7.993518590927124,192
7.994383335113525,192
7.995238780975342,192
7.996094465255737,192
7.9977710247039795,192
7.9986326694488525,192
7.999495267868042,192
8.00035810470581,192
8.00123119354248,192
8.002089262008667,192
8.003766775131226,192
8.004637956619263,192
8.005494832992554,192
8.00635576248169,192
8.007211685180664,192
8.008065700531006,192
8.009727239608765,192
8.0105881690979,192
8.011459827423096,192
8.012319564819336,192
8.013179779052734,192
8.014042377471924,192
8.015719175338745,192
8.016587972640991,192
8.017447233200073,192
8.018311500549316,192
8.019164323806763,192
8.02003288269043,192
8.021721363067627,192
8.022587060928345,192
8.023444414138794,192
8.024315118789673,192
8.025174617767334,192
8.026034593582153,192
8.02771258354187,192
8.028577089309692,192
8.029436111450195,192
8.030302047729492,192
8.031157493591309,192
8.032032489776611,192
8.033717155456543,192
8.034579992294312,192
8.035442113876343,192
8.036305665969849,192
8.037159442901611,192
8.03801441192627,192
8.039689064025879,192
8.040553331375122,192
8.04142713546753,192
8.042291402816772,192
8.043149948120117,192
8.044015884399414,192
8.045684099197388,192
8.046545028686523,192
8.047409296035767,192
8.04827356338501,192
8.04912805557251,192
8.050782680511475,192
8.051658391952515,192
8.052526235580444,192
8.0533926486969,192
8.054257869720459,192
8.055118799209595,192
8.05678129196167,192
8.057645320892334,192
8.05850338935852,192
8.059361696243286,192
8.060216665267944,192
8.061076879501343,192
8.062766790390015,192
8.06362271308899,192
8.064478874206543,192
8.065344095230103,192
8.06619644165039,192
8.067047119140625,192
8.068727493286133,192
8.06959581375122,192
8.070463180541992,192
8.071336269378662,192
8.07219910621643,192
8.073062419891357,192
8.074735641479492,192
8.075598239898682,192
8.076467275619507,192
8.077322721481323,192
8.07817816734314,192
8.079041719436646,192
8.080713987350464,192
8.081592082977295,192
8.082460880279541,192
8.083322763442993,192
8.084178447723389,192
8.085050106048584,192
8.08672046661377,192
8.087581634521484,192
8.088446617126465,192
8.089315176010132,192
8.090173721313477,192
8.09102988243103,192
8.092709302902222,192
8.093571901321411,192
8.09443712234497,192
8.095294952392578,192
8.096134901046753,192
8.097806930541992,192
8.098671436309814,192
8.09953498840332,192
8.100404024124146,192
8.101276636123657,192
8.10213828086853,192
8.10381007194519,192
8.10466718673706,192
8.105531454086304,192
8.106391429901123,192
8.107255458831787,192
8.10810923576355,192
8.10978388786316,192
8.110642433166504,192
8.11151933670044,192
8.112382650375366,192
8.113242864608765,192
8.114099264144897,192
8.115773439407349,192
8.116640567779541,192
8.117496252059937,192
8.118348360061646,192
8.11921215057373,192
8.120066404342651,192
8.12174677848816,192
8.12260913848877,192
8.123471021652222,192
8.124330997467041,192
8.125178337097168,192
8.126041173934937,192
8.127717018127441,192
8.128583192825317,192
8.129443645477295,192
8.130300283432007,192
8.131151676177979,192
8.132027626037598,192
8.133692026138306,192
8.134552717208862,192
8.135416269302368,192
8.136283874511719,192
8.137141466140747,192
8.138007879257202,192
8.13967490196228,192
8.140535116195679,192
8.141406536102295,192
8.142271280288696,192
8.14312744140625,192
8.144794940948486,192
8.145653247833252,192
8.14651870727539,192
8.14737319946289,192
8.148235082626343,192
8.149092435836792,192
8.150763034820557,192
8.151641368865967,192
8.152509450912476,192
8.153369903564453,192
8.15423059463501,192
8.155088663101196,192
8.156768083572388,192
8.157633304595947,192
8.158496856689453,192
8.159358739852905,192
8.160220861434937,192
8.161072731018066,192
8.162744522094727,192
8.163610219955444,192
8.164470434188843,192
8.165334224700928,192
8.166190385818481,192
8.167054414749146,192
8.168726682662964,192
8.169581174850464,192
8.170446872711182,192
8.17132043838501,192
8.17217469215393,192
8.173038005828857,192
8.174699783325195,192
8.175568580627441,192
8.17642593383789,192
8.17729377746582,192
8.178143739700317,192
8.17900538444519,192
8.180675268173218,192
8.181548357009888,192
8.182406663894653,192
8.183273553848267,192
8.184130191802979,192
8.185802698135376,192
8.186666488647461,192
8.187531471252441,192
8.188393592834473,192
8.189261436462402,192
8.190122365951538,192
8.191786050796509,192
8.192645788192749,192
8.193509340286255,192
8.194372415542603,192
8.19523310661316,192
8.196087121963501,192
8.197757720947266,192
8.198622941970825,192
8.199474811553955,192
8.200337171554565,192
8.201194763183594,192
8.20205569267273,192
8.203727006912231,192
8.20459246635437,192
8.205459356307983,192
8.206326007843018,192
8.207178592681885,192
8.208036184310913,192
8.20971155166626,192
8.210572004318237,192
8.211447954177856,192
8.21231460571289,192
8.213179349899292,192
8.2140474319458,192
8.21571660041809,192
8.216588973999023,192
8.217454195022583,192
8.2183198928833,192
8.219171285629272,192
8.220037460327148,192
8.2217276096344,192
8.222588062286377,192
8.223446607589722,192
8.224311351776123,192
8.225170135498047,192
8.226036310195923,192
8.22771167755127,192
8.228572845458984,192
8.229430198669434,192
8.230289220809937,192
8.231146097183228,192
8.232013463973999,192
8.233698606491089,192
8.234553813934326,192
8.235410690307617,192
8.236273050308228,192
8.237128496170044,192
8.238800287246704,192
8.239659309387207,192
8.240525484085083,192
8.241392612457275,192
8.242260694503784,192
8.243116855621338,192
8.244789361953735,192
8.245650053024292,192
8.246517896652222,192
8.247375011444092,192
8.248227596282959,192
8.249082565307617,192
8.250749588012695,192
8.251616954803467,192
8.252475261688232,192
8.253344058990479,192
8.254201412200928,192
8.255061864852905,192
8.256741285324097,192
8.257607698440552,192
8.258467197418213,192
8.259334802627563,192
8.260187864303589,192
8.261045694351196,192
8.262737512588501,192
8.263594388961792,192
8.264456272125244,192
8.26532530784607,192
8.26617956161499,192
8.267036437988281,192
8.268714189529419,192
8.269582509994507,192
8.270453691482544,192
8.27132773399353,192
8.272175550460815,192
8.273040294647217,192
8.274705410003662,192
8.275568008422852,192
8.27643346786499,192
8.277293682098389,192
8.278150796890259,192
8.27901029586792,192
8.280688524246216,192
8.281560182571411,192
8.282427549362183,192
8.28329849243164,192
8.284150123596191,192
8.28500747680664,192
8.286676406860352,192
8.287538528442383,192
8.288400650024414,192
8.289259433746338,192
8.290116786956787,192
8.291784048080444,192
8.292649984359741,192
8.293514490127563,192
8.294386386871338,192
8.295255661010742,192
8.296103477478027,192
8.297763586044312,192
8.298620462417603,192
8.29948091506958,192
8.300344228744507,192
8.301199197769165,192
8.302073955535889,192
8.303750276565552,192
8.304620742797852,192
8.305482149124146,192
8.306347608566284,192
8.307207822799683,192
8.308072328567505,192
8.309749364852905,192
8.310613870620728,192
8.311479806900024,192
8.312345266342163,192
8.313211917877197,192
8.314067602157593,192
8.315745115280151,192
8.316606283187866,192
8.317463159561157,192
8.318326234817505,192
8.319185495376587,192
8.320046424865723,192
8.321736812591553,192
8.322598934173584,192
8.323457717895508,192
8.324318408966064,192
8.325177431106567,192
8.326041221618652,192
8.327706098556519,192
8.328562498092651,192
8.329423189163208,192
8.330288887023926,192
8.331140995025635,192
8.332012414932251,192
8.333691835403442,192
8.334554672241211,192
8.335408210754395,192
8.3362717628479,192
8.337132453918457,192
8.3388032913208,192
8.339669227600098,192
8.340530395507812,192
8.341404438018799,192
8.342268466949463,192
8.34312129020691,192
8.344804286956787,192
8.345661640167236,192
8.34652066230774,192
8.347378015518188,192
8.348224878311157,192
8.349085807800293,192
8.350766658782959,192
8.351643800735474,192
8.352514743804932,192
8.353373050689697,192
8.354243278503418,192
8.35509443283081,192
8.356770515441895,192
8.357637166976929,192
8.358503580093384,192
8.359357833862305,192
8.36021876335144,192
8.361079692840576,192
8.3627610206604,192
8.363633155822754,192
8.364492893218994,192
8.365358829498291,192
8.366221189498901,192
8.367077350616455,192
8.368754386901855,192
8.369611501693726,192
8.370480060577393,192
8.371347188949585,192
8.372210025787354,192
8.373070478439331,192
8.374741315841675,192
8.375608444213867,192
8.376463890075684,192
8.377323627471924,192
8.378180980682373,192
8.379040002822876,192
8.380707025527954,192
8.381584405899048,192
8.38244891166687,192
8.383310794830322,192
8.384176254272461,192
8.38504147529602,192
8.386718034744263,192
8.387586116790771,192
8.388449907302856,192
8.389307260513306,192
8.390164613723755,192
8.391033411026001,192
8.392726421356201,192
8.393589973449707,192
8.39445424079895,192
8.395318746566772,192
8.396176099777222,192
8.397033929824829,192
8.398702144622803,192
8.399560689926147,192
8.40041971206665,192
8.401300191879272,192
8.4021635055542,192
8.403026580810547,192
8.404704332351685,192
8.405560731887817,192
8.406427145004272,192
8.407296657562256,192
8.408153533935547,192
8.409013271331787,192
8.41069483757019,192
8.411569356918335,192
8.412431716918945,192
8.41330075263977,192
8.414151668548584,192
8.415005683898926,192
8.4166738986969,192
8.417539596557617,192
8.418394088745117,192
8.419257879257202,192
8.420114517211914,192
8.421797275543213,192
8.422660827636719,192
8.42352294921875,192
8.424381256103516,192
8.425248384475708,192
8.426106214523315,192
8.427770614624023,192
8.428639888763428,192
8.429499864578247,192
8.43036150932312,192
8.431232213973999,192
8.432097911834717,192
8.433769226074219,192
8.434638738632202,192
8.435495853424072,192
8.436358451843262,192
8.437215566635132,192
8.438071012496948,192
8.439743757247925,192
8.440609455108643,192
8.441473245620728,192
8.442340850830078,192
8.443201780319214,192
8.444068431854248,192
8.44573974609375,192
8.446601152420044,192
8.447461128234863,192
8.44832444190979,192
8.449177503585815,192
8.450042247772217,192
8.451720237731934,192
8.45258355140686,192
8.453439235687256,192
8.454313278198242,192
8.455176591873169,192
8.456035375595093,192
8.457712650299072,192
8.458571434020996,192
8.459432125091553,192
8.460296392440796,192
8.46115231513977,192
8.462018251419067,192
8.463704824447632,192
8.464573860168457,192
8.465441226959229,192
8.466291427612305,192
8.467146635055542,192
8.468813419342041,192
8.469681024551392,192
8.470546245574951,192
8.471421241760254,192
8.47228455543518,192
8.473146677017212,192
8.474009275436401,192
8.475677013397217,192
8.476542234420776,192
8.47739863395691,192
8.478262424468994,192
8.479122161865234,192
8.480790615081787,192
8.481661796569824,192
8.482523441314697,192
8.483386278152466,192
8.484252691268921,192
8.485103845596313,192
8.486771583557129,192
8.48762822151184,192
8.48848271369934,192
8.489346265792847,192
8.490213871002197,192
8.491069316864014,192
8.492735624313354,192
8.493600606918335,192
8.494458675384521,192
8.495322465896606,192
8.49618673324585,192
8.497043371200562,192
8.498706579208374,192
8.499566793441772,192
8.500432252883911,192
8.501303434371948,192
8.50216555595398,192
8.503032922744751,192
8.504711389541626,192
8.505567789077759,192
8.506427526473999,192
8.507291316986084,192
8.508148431777954,192
8.509020328521729,192
8.51068925857544,192
8.511560440063477,192
8.512418508529663,192
8.513288259506226,192
8.514141321182251,192
8.515012979507446,192
8.516683340072632,192
8.517537117004395,192
8.518390893936157,192
8.519250392913818,192
8.520116567611694,192
8.5218026638031,192
8.52267336845398,192
8.523534536361694,192
8.524395227432251,192
8.525254726409912,192
8.5261070728302,192
8.527784824371338,192
8.528647899627686,192
8.529512643814087,192
8.530383110046387,192
8.531259775161743,192
8.532116651535034,192
8.53379487991333,192
8.534660339355469,192
8.535531997680664,192
8.5363929271698,192
8.537248134613037,192
8.53810167312622,192
8.539771318435669,192
8.540634632110596,192
8.541508674621582,192
8.542369604110718,192
8.543232202529907,192
8.544087171554565,192
8.545761346817017,192
8.546623706817627,192
8.547484397888184,192
8.548341512680054,192
8.549198389053345,192
8.5500648021698,192
8.551749229431152,192
8.552611589431763,192
8.553478479385376,192
8.554338455200195,192
8.555195331573486,192
8.556049346923828,192
8.557713508605957,192
8.55858063697815,192
8.559443950653076,192
8.560307264328003,192
8.561157464981079,192
8.56203007698059,192
8.563695430755615,192
8.564564228057861,192
8.565425634384155,192
8.566291570663452,192
8.567152738571167,192
8.568013191223145,192
8.569677114486694,192
8.570535659790039,192
8.571406841278076,192
8.572267055511475,192
8.573124885559082,192
8.574794292449951,192
8.575668334960938,192
8.576538324356079,192
8.577399492263794,192
8.578264713287354,192
8.579121112823486,192
8.58080267906189,192
8.581669569015503,192
8.582533359527588,192
8.58340334892273,192
8.584268569946289,192
8.585119485855103,192
8.586798906326294,192
8.587664127349854,192
8.588532209396362,192
8.58939814567566,192
8.590256214141846,192
8.591107845306396,192
8.59278917312622,192
8.593654870986938,192
8.594518661499023,192
8.595383405685425,192
8.59624719619751,192
8.597097158432007,192
8.598771810531616,192
8.599640130996704,192
8.600502252578735,192
8.601378202438354,192
8.60224437713623,192
8.603108882904053,192
8.604777812957764,192
8.60563349723816,192
8.606498003005981,192
8.607363224029541,192
8.608231782913208,192
8.60909390449524,192
8.610779762268066,192
8.611650943756104,192
8.61250925064087,192
8.613371849060059,192
8.614229202270508,192
8.615084171295166,192
8.616748094558716,192
8.617606163024902,192
8.618464231491089,192
8.619325637817383,192
8.620187759399414,192
8.62104868888855,192
8.622726678848267,192
8.623591661453247,192
8.624454259872437,192
8.62531590461731,192
8.62617015838623,192
8.627036571502686,192
8.628712177276611,192
8.629568815231323,192
8.63042950630188,192
8.631302833557129,192
8.63215970993042,192
8.63302493095398,192
8.634702205657959,192
8.635569334030151,192
8.63643741607666,192
8.637301206588745,192
8.63823914527893,192
8.639085292816162,192
8.640750169754028,192
8.64161992073059,192
8.64247727394104,192
8.643345832824707,192
8.64421033859253,192
8.645065784454346,192
8.646735191345215,192
8.647600650787354,192
8.64845061302185,192
8.649311542510986,192
8.650157690048218,192
8.651017189025879,192
8.652696371078491,192
8.653556823730469,192
8.65441608428955,192
8.65527892112732,192
8.656134605407715,192
8.65779995918274,192
8.658662796020508,192
8.659527778625488,192
8.660389184951782,192
8.661267518997192,192
8.662129640579224,192
8.663806438446045,192
8.664664030075073,192
8.665529012680054,192
8.666388750076294,192
8.667251348495483,192
8.66811203956604,192
8.669775247573853,192
8.670640468597412,192
8.671513557434082,192
8.672374725341797,192
8.673234701156616,192
8.674089431762695,192
8.675764799118042,192
8.676616430282593,192
8.677481889724731,192
8.678346633911133,192
8.679211854934692,192
8.680064678192139,192
8.681746482849121,192
8.682609558105469,192
8.683475732803345,192
8.684332609176636,192
8.6851806640625,192
8.686039686203003,192
8.687711000442505,192
8.688576221466064,192
8.689436912536621,192
8.69029951095581,192
8.691162347793579,192
8.692033290863037,192
8.693703174591064,192
8.694559812545776,192
8.695420742034912,192
8.69628095626831,192
8.697142362594604,192
8.698012113571167,192
8.699693202972412,192
8.70055603981018,192
8.701422691345215,192
8.702290773391724,192
8.703144550323486,192
8.704804182052612,192
8.705668926239014,192
8.706528186798096,192
8.707392692565918,192
8.708256959915161,192
8.709113359451294,192
8.710790395736694,192
8.711658954620361,192
8.712525367736816,192
8.713381290435791,192
8.714244365692139,192
8.715110540390015,192
8.716781616210938,192
8.717643022537231,192
8.718501567840576,192
8.719350099563599,192
8.72021222114563,192
8.721061706542969,192
8.722735404968262,192
8.723609447479248,192
8.724467277526855,192
8.725322008132935,192
8.726170301437378,192
8.727033615112305,192
8.728705644607544,192
8.729574918746948,192
8.73043966293335,192
8.731306076049805,192
8.732158184051514,192
8.733011960983276,192
8.734678030014038,192
8.73554277420044,192
8.736400127410889,192
8.737268447875977,192
8.738120079040527,192
8.739786386489868,192
8.740647792816162,192
8.741517066955566,192
8.742376565933228,192
8.74324369430542,192
8.744092464447021,192
8.745758771896362,192
8.746622085571289,192
8.747475862503052,192
8.748339891433716,192
8.749193668365479,192
8.750060796737671,192
8.751729726791382,192
8.752593517303467,192
8.753451824188232,192
8.754310369491577,192
8.755166292190552,192
8.756028413772583,192
8.757694482803345,192
8.758559465408325,192
8.759417057037354,192
8.760274171829224,192
8.761122703552246,192
8.762802600860596,192
8.763672828674316,192
8.764537334442139,192
8.765406608581543,192
8.76626443862915,192
8.767115592956543,192
8.768784761428833,192
8.769670248031616,192
8.77053427696228,192
8.771405696868896,192
8.772269248962402,192
8.773124933242798,192
8.77479887008667,192
8.775664329528809,192
8.776527166366577,192
8.777383804321289,192
8.778247594833374,192
8.779094219207764,192
8.78076958656311,192
8.781645059585571,192
8.782504558563232,192
8.783367156982422,192
8.784228801727295,192
8.785077810287476,192
8.786744832992554,192
8.787603616714478,192
8.788456439971924,192
8.789309024810791,192
8.790164709091187,192
8.791022062301636,192
8.7926926612854,192
8.79356050491333,192
8.794429302215576,192
8.795287132263184,192
8.796140193939209,192
8.797812461853027,192
8.798677444458008,192
8.799543142318726,192
8.800413370132446,192
8.801288604736328,192
8.802143096923828,192
8.803010702133179,192
8.80468463897705,192
8.805543184280396,192
8.806405067443848,192
8.80727243423462,192
8.808131694793701,192
8.809812307357788,192
8.810683965682983,192
8.81156063079834,192
8.812414646148682,192
8.813276052474976,192
8.81412672996521,192
8.815799474716187,192
8.816670179367065,192
8.81753396987915,192
8.81839632987976,192
8.81925892829895,192
8.82011890411377,192
8.821799278259277,192
8.822664976119995,192
8.823527812957764,192
8.824378967285156,192
8.82524299621582,192
8.826101779937744,192
8.827768325805664,192
8.828629493713379,192
8.829484939575195,192
8.830352783203125,192
8.831213474273682,192
8.832070350646973,192
8.833743333816528,192
8.834607124328613,192
8.835461139678955,192
8.836317777633667,192
8.837183475494385,192
8.838033676147461,192
8.839713335037231,192
8.840582370758057,192
8.841448307037354,192
8.842313528060913,192
8.843164205551147,192
8.844027280807495,192
8.845698833465576,192
8.84655499458313,192
8.847413778305054,192
8.848281860351562,192
8.849136114120483,192
8.850805759429932,192
8.851675748825073,192
8.852540254592896,192
8.853404760360718,192
8.854268074035645,192
8.855118751525879,192
8.856791257858276,192
8.857651710510254,192
8.858514070510864,192
8.859374761581421,192
8.8602294921875,192
8.861089706420898,192
8.862770318984985,192
8.863633871078491,192
8.864487409591675,192
8.865343809127808,192
8.866198062896729,192
8.86704683303833,192
8.868719816207886,192
8.869589567184448,192
8.87044882774353,192
8.87131953239441,192
8.872172117233276,192
8.873028993606567,192
8.87470555305481,192
8.875561952590942,192
8.876423597335815,192
8.877292156219482,192
8.878144979476929,192
8.879009008407593,192
8.880682229995728,192
8.881553649902344,192
8.882420063018799,192
8.883279085159302,192
8.88413667678833,192
8.885806798934937,192
8.8866708278656,192
8.887521505355835,192
8.88838267326355,192
8.889227628707886,192
8.890085458755493,192
8.891772985458374,192
8.892639875411987,192
8.89350438117981,192
8.894364595413208,192
8.89522933959961,192
8.89608645439148,192
8.897755861282349,192
8.898616552352905,192
8.89948058128357,192
8.900339126586914,192
8.90118956565857,192
8.90205430984497,192
8.903728246688843,192
8.904598236083984,192
8.905456781387329,192
8.906314373016357,192
8.90717077255249,192
8.908034801483154,192
8.909706354141235,192
8.910568237304688,192
8.911443710327148,192
8.9123055934906,192
8.91315746307373,192
8.91402530670166,192
8.915682792663574,192
8.916554689407349,192
8.917408466339111,192
8.918264627456665,192
8.91912317276001,192
8.920793056488037,192
8.921667098999023,192
8.922528266906738,192
8.923391342163086,192
8.924261569976807,192
8.92511796951294,192
8.926783084869385,192
8.927651166915894,192
8.928521156311035,192
8.92937707901001,192
8.930230140686035,192
8.931076288223267,192
8.932768821716309,192
8.933633804321289,192
8.934491395950317,192
8.935356378555298,192
8.93622374534607,192
8.937081336975098,192
8.938754558563232,192
8.939612865447998,192
8.940473556518555,192
8.941349267959595,192
8.94219708442688,192
8.943061828613281,192
8.94474196434021,192
8.945608139038086,192
8.9464693069458,192
8.947326898574829,192
8.948184728622437,192
8.94904112815857,192
8.950701713562012,192
8.951576709747314,192
8.952434778213501,192
8.95329761505127,192
8.954147815704346,192
8.955808877944946,192
8.956671714782715,192
8.957535982131958,192
8.95840334892273,192
8.959261417388916,192
8.960119009017944,192
8.961796522140503,192
8.96266222000122,192
8.963522911071777,192
8.964387893676758,192
8.96525239944458,192
8.96610951423645,192
8.9677734375,192
8.9686439037323,192
8.969511032104492,192
8.970377922058105,192
8.971250057220459,192
8.972099781036377,192
8.973756551742554,192
8.974620580673218,192
8.97548508644104,192
8.976349115371704,192
8.977202892303467,192
8.978064060211182,192
8.979740381240845,192
8.980610609054565,192
8.981474876403809,192
8.982340574264526,192
8.983195304870605,192
8.984053611755371,192
8.985727071762085,192
8.986592531204224,192
8.987458944320679,192
8.988322019577026,192
8.989174604415894,192
8.990028619766235,192
8.991713285446167,192
8.99258542060852,192
8.99344778060913,192
8.99429965019226,192
8.995146751403809,192
8.996009588241577,192
8.997693538665771,192
8.998552560806274,192
8.999415874481201,192
9.000280857086182,192
9.001135110855103,192
9.00200891494751,192
9.003684282302856,192
9.004548788070679,192
9.00541067123413,192
9.006267070770264,192
9.007120609283447,192
9.008799314498901,192
9.009655475616455,192
9.010517358779907,192
9.011384725570679,192
9.012251138687134,192
9.013100862503052,192
9.014774084091187,192
9.015636444091797,192
9.016498565673828,192
9.017356157302856,192
9.018213987350464,192
9.019073247909546,192
9.020751476287842,192
9.02162504196167,192
9.022490739822388,192
9.023343324661255,192
9.024200439453125,192
9.025063276290894,192
9.026731014251709,192
9.027599096298218,192
9.028462171554565,192
9.029326915740967,192
9.030178785324097,192
9.031036138534546,192
9.032724857330322,192
9.033589839935303,192
9.03445053100586,192
9.035308361053467,192
9.03616213798523,192
9.037026405334473,192
9.038700819015503,192
9.039554834365845,192
9.040428876876831,192
9.04130220413208,192
9.042161226272583,192
9.043025016784668,192
9.044702529907227,192
9.045565605163574,192
9.046425819396973,192
9.04728102684021,192
9.048135995864868,192
9.049809455871582,192
9.050666809082031,192
9.051543951034546,192
9.052403926849365,192
9.053271532058716,192
9.05413007736206,192
9.055787086486816,192
9.056649208068848,192
9.057512760162354,192
9.05837082862854,192
9.059235334396362,192
9.060094594955444,192
9.061785459518433,192
9.062650680541992,192
9.063515663146973,192
9.064381837844849,192
9.065251588821411,192
9.066102266311646,192
9.067772388458252,192
9.068634748458862,192
9.069493055343628,192
9.07034683227539,192
9.07119870185852,192
9.072062969207764,192
9.073736190795898,192
9.074601173400879,192
9.075462102890015,192
9.07632565498352,192
9.077184438705444,192
9.078049182891846,192
9.07972264289856,192
9.080577611923218,192
9.081446170806885,192
9.082302808761597,192
9.083168506622314,192
9.084027290344238,192
9.0857093334198,192
9.086567640304565,192
9.08742618560791,192
9.088290691375732,192
9.089136838912964,192
9.0908043384552,192
9.091677904129028,192
9.092543601989746,192
9.093405485153198,192
9.094269037246704,192
9.095132827758789,192
9.096803903579712,192
9.097666263580322,192
9.098531484603882,192
9.099386215209961,192
9.100249528884888,192
9.101102828979492,192
9.102781772613525,192
9.10365104675293,192
9.104519844055176,192
9.105369567871094,192
9.106221437454224,192
9.10708212852478,192
9.108752727508545,192
9.109615325927734,192
9.110475778579712,192
9.111351728439331,192
9.112212896347046,192
9.113069534301758,192
9.114733457565308,192
9.11559796333313,192
9.116461277008057,192
9.11732292175293,192
9.118170261383057,192
9.119024991989136,192
9.120700359344482,192
9.121570825576782,192
9.122435808181763,192
9.123302221298218,192
9.124163389205933,192
9.125026941299438,192
9.126705408096313,192
9.127573728561401,192
9.128433227539062,192
9.129297256469727,192
9.130146503448486,192
9.131011486053467,192
9.132694244384766,192
9.133545875549316,192
9.134400367736816,192
9.135263204574585,192
9.136117458343506,192
9.137790203094482,192
9.138651609420776,192
9.13951325416565,192
9.140369653701782,192
9.141223669052124,192
9.142081499099731,192
9.143754005432129,192
9.144609212875366,192
9.14547061920166,192
9.146335124969482,192
9.147184133529663,192
9.148045063018799,192
9.149717807769775,192
9.150584697723389,192
9.151457071304321,192
9.152316331863403,192
9.15317153930664,192
9.154035568237305,192
9.155724048614502,192
9.156593084335327,192
9.15744137763977,192
9.158302783966064,192
9.159152507781982,192
9.160808324813843,192
9.161688089370728,192
9.1625497341156,192
9.16340970993042,192
9.1642746925354,192
9.165133476257324,192
9.166799068450928,192
9.167654037475586,192
9.168509006500244,192
9.169363975524902,192
9.170230150222778,192
9.171087265014648,192
9.172764301300049,192
9.173622131347656,192
9.174478769302368,192
9.175342559814453,192
9.176195859909058,192
9.177058219909668,192
9.178737163543701,192
9.179594993591309,192
9.18045687675476,192
9.181325197219849,192
9.182175636291504,192
9.18303894996643,192
9.184711217880249,192
9.18557071685791,192
9.186430931091309,192
9.187291145324707,192
9.188146829605103,192
9.189010858535767,192
9.190689325332642,192
9.191563129425049,192
9.19243049621582,192
9.193291902542114,192
9.194143533706665,192
9.195010900497437,192
9.196690559387207,192
9.197548866271973,192
9.198410749435425,192
9.199270963668823,192
9.200127840042114,192
9.201804399490356,192
9.202674388885498,192
9.203534841537476,192
9.204403638839722,192
9.20526909828186,192
9.206125497817993,192
9.207789897918701,192
9.208649635314941,192
9.209514856338501,192
9.210378170013428,192
9.211254119873047,192
9.21210241317749,192
9.2137770652771,192
9.214630603790283,192
9.215492248535156,192
9.216357707977295,192
9.21721601486206,192
9.218068838119507,192
9.219742774963379,192
9.220603227615356,192
9.22146725654602,192
9.222327947616577,192
9.223180770874023,192
9.224048376083374,192
9.225717306137085,192
9.226579666137695,192
9.22743844985962,192
9.228297710418701,192
9.229154586791992,192
9.230013370513916,192
9.231691122055054,192
9.232548713684082,192
9.233404397964478,192
9.234264850616455,192
9.235126972198486,192
9.236782550811768,192
9.237647533416748,192
9.238517999649048,192
9.239376783370972,192
9.240233182907104,192
9.241074085235596,192
9.242757320404053,192
9.243619918823242,192
9.24448275566101,192
9.24534797668457,192
9.246198892593384,192
9.247065782546997,192
9.248727321624756,192
9.249598026275635,192
9.250459671020508,192
9.251323699951172,192
9.252178192138672,192
9.253034830093384,192
9.254717111587524,192
9.255577325820923,192
9.256440877914429,192
9.257297277450562,192
9.25813913345337,192
9.259812831878662,192
9.260677337646484,192
9.261549472808838,192
9.262407541275024,192
9.263272285461426,192
9.264132499694824,192
9.265809059143066,192
9.266676902770996,192
9.267537593841553,192
9.268402814865112,192
9.26926589012146,192
9.270122051239014,192
9.271810293197632,192
9.272672891616821,192
9.273536682128906,192
9.274402379989624,192
9.275261640548706,192
9.276120901107788,192
9.27779769897461,192
9.27866816520691,192
9.279532194137573,192
9.280389785766602,192
9.281268835067749,192
9.282121181488037,192
9.283799648284912,192
9.284668922424316,192
9.285530805587769,192
9.286394596099854,192
9.287258625030518,192
9.288108825683594,192
9.28977370262146,192
9.290624380111694,192
9.291488647460938,192
9.292357206344604,192
9.293217897415161,192
9.294076681137085,192
9.295750617980957,192
9.296607255935669,192
9.297471284866333,192
9.29833459854126,192
9.299185752868652,192
9.30005168914795,192
9.301735162734985,192
9.302599668502808,192
9.303458452224731,192
9.304316282272339,192
9.30517029762268,192
9.306036233901978,192
9.307717323303223,192
9.308581590652466,192
9.309440851211548,192
9.310312271118164,192
9.311162948608398,192
9.312032461166382,192
9.313694715499878,192
9.314557313919067,192
9.315410852432251,192
9.316270589828491,192
9.31712794303894,192
9.318803548812866,192
9.319669723510742,192
9.320530652999878,192
9.321392059326172,192
9.322263479232788,192
9.323121786117554,192
9.324803352355957,192
9.32567048072815,192
9.326537847518921,192
9.327401161193848,192
9.32826828956604,192
9.329125165939331,192
9.330796241760254,192
9.331666946411133,192
9.33253026008606,192
9.333395004272461,192
9.33425760269165,192
9.335111856460571,192
9.336768388748169,192
9.337631464004517,192
9.338489294052124,192
9.33934760093689,192
9.34019684791565,192
9.341055154800415,192
9.342742681503296,192
9.343607664108276,192
9.344467401504517,192
9.345326900482178,192
9.34618353843689,192
9.347035646438599,192
9.348717212677002,192
9.349575996398926,192
9.350434303283691,192
9.351304292678833,192
9.352161169052124,192
9.353022813796997,192
9.354701519012451,192
9.35556173324585,192
9.35643196105957,192
9.357295751571655,192
9.358157634735107,192
9.359016418457031,192
9.360687017440796,192
9.361558437347412,192
9.36241865158081,192
9.363284349441528,192
9.364141941070557,192
9.365005254745483,192
9.366675853729248,192
9.367536783218384,192
9.36839485168457,192
9.369260787963867,192
9.370114803314209,192
9.371788263320923,192
9.372642517089844,192
9.373499631881714,192
9.374354600906372,192
9.375202655792236,192
9.3760666847229,192
9.37772536277771,192
9.378589153289795,192
9.379449844360352,192
9.380314111709595,192
9.381165504455566,192
9.382041692733765,192
9.383711814880371,192
9.384573698043823,192
9.38543963432312,192
9.386298179626465,192
9.38715124130249,192
9.388010501861572,192
9.38968563079834,192
9.390551567077637,192
9.391420841217041,192
9.39228630065918,192
9.3931405544281,192
9.394813776016235,192
9.395670652389526,192
9.396533489227295,192
9.39739441871643,192
9.398258686065674,192
9.399111270904541,192
9.400775671005249,192
9.401644229888916,192
9.402509450912476,192
9.403369665145874,192
9.404231786727905,192
9.405076026916504,192
9.406743049621582,192
9.407606601715088,192
9.408462762832642,192
9.409334897994995,192
9.410190105438232,192
9.411053895950317,192
9.412732601165771,192
9.413594961166382,192
9.414452075958252,192
9.415314674377441,192
9.416165828704834,192
9.417025327682495,192
9.418700218200684,192
9.419561862945557,192
9.42042851448059,192
9.421290159225464,192
9.42214822769165,192
9.423004865646362,192
9.424660682678223,192
9.4255211353302,192
9.426382780075073,192
9.427239418029785,192
9.428089618682861,192
9.429760932922363,192
9.430617570877075,192
9.431477785110474,192
9.4323410987854,192
9.433191299438477,192
9.434053182601929,192
9.435731410980225,192
9.436599969863892,192
9.437461376190186,192
9.438319683074951,192
9.439178943634033,192
9.440033912658691,192
9.441715955734253,192
9.442580461502075,192
9.44344186782837,192
9.44430136680603,192
9.445158243179321,192
9.446012258529663,192
9.447680234909058,192
9.448539972305298,192
9.4493989944458,192
9.450258493423462,192
9.451114892959595,192
9.4528067111969,192
9.453674554824829,192
9.454533100128174,192
9.455395221710205,192
9.456258058547974,192
9.457116603851318,192
9.458780527114868,192
9.459643363952637,192
9.460498809814453,192
9.461365222930908,192
9.462231636047363,192
9.463093519210815,192
9.464764833450317,192
9.465627670288086,192
9.466490030288696,192
9.467346668243408,192
9.468201637268066,192
9.469059944152832,192
9.470733880996704,192
9.471606969833374,192
9.472462177276611,192
9.473326206207275,192
9.474181652069092,192
9.475044965744019,192
9.476716041564941,192
9.477574110031128,192
9.478432416915894,192
9.47929310798645,192
9.480143070220947,192
9.481816053390503,192
9.482675790786743,192
9.483534336090088,192
9.484397888183594,192
9.485255002975464,192
9.486109495162964,192
9.487781047821045,192
9.488646030426025,192
9.48951506614685,192
9.490371227264404,192
9.491238594055176,192
9.492093324661255,192
9.493764162063599,192
9.49462080001831,192
9.495482683181763,192
9.496349334716797,192
9.497213363647461,192
9.498066186904907,192
9.499734878540039,192
9.500602960586548,192
9.50147819519043,192
9.502339839935303,192
9.503202199935913,192
9.504058122634888,192
9.505732536315918,192
9.506591558456421,192
9.507455348968506,192
9.50831413269043,192
9.509176015853882,192
9.510038614273071,192
9.511718988418579,192
9.512584447860718,192
9.513443231582642,192
9.514295816421509,192
9.515157461166382,192
9.516021490097046,192
9.517687559127808,192
9.51855182647705,192
9.519407510757446,192
9.520267009735107,192
9.521120309829712,192
9.522800207138062,192
9.523666143417358,192
9.524524688720703,192
9.525381326675415,192
9.526237964630127,192
9.527098178863525,192
9.528769731521606,192
9.529635429382324,192
9.530501365661621,192
9.531377792358398,192
9.532246112823486,192
9.53309941291809,192
9.534772872924805,192
9.535633563995361,192
9.536493062973022,192
9.537362337112427,192
9.538222789764404,192
9.539076089859009,192
9.54074740409851,192
9.541621208190918,192
9.542487621307373,192
9.543341398239136,192
9.544191360473633,192
9.545045375823975,192
9.54671835899353,192
9.547583103179932,192
9.54844331741333,192
9.549305438995361,192
9.550158977508545,192
9.551025629043579,192
9.55270504951477,192
9.553565979003906,192
9.554414987564087,192
9.55528450012207,192
9.556138753890991,192
9.557809352874756,192
9.558681011199951,192
9.55954909324646,192
9.560416460037231,192
9.561289310455322,192
9.56214427947998,192
9.563004732131958,192
9.564688444137573,192
9.56554889678955,192
9.566404342651367,192
9.567272186279297,192
9.56813669204712,192
9.569806098937988,192
9.570674180984497,192
9.57154369354248,192
9.57240891456604,192
9.573270797729492,192
9.574116230010986,192
9.575797080993652,192
9.576653003692627,192
9.577522277832031,192
9.578384399414062,192
9.579243898391724,192
9.580100059509277,192
9.581778764724731,192
9.582648038864136,192
9.583512544631958,192
9.584370851516724,192
9.585229635238647,192
9.58608865737915,192
9.587766647338867,192
9.588630199432373,192
9.5894775390625,192
9.590340614318848,192
9.591193675994873,192
9.59206771850586,192
9.59373426437378,192
9.594594240188599,192
9.595455646514893,192
9.59631872177124,192
9.59717345237732,192
9.59803032875061,192
9.59970474243164,192
9.600571393966675,192
9.601429462432861,192
9.602293968200684,192
9.603137254714966,192
9.604807615280151,192
9.605674505233765,192
9.606539011001587,192
9.607393980026245,192
9.608253955841064,192
9.609103202819824,192
9.610777139663696,192
9.611658573150635,192
9.612515926361084,192
9.613373517990112,192
9.614235877990723,192
9.615089893341064,192
9.616760015487671,192
9.617630004882812,192
9.61849069595337,192
9.619359731674194,192
9.6202232837677,192
9.621081590652466,192
9.622764825820923,192
9.623616695404053,192
9.624478340148926,192
9.625344276428223,192
9.626193761825562,192
9.6270432472229,192
9.628716707229614,192
9.629585027694702,192
9.630451679229736,192
9.631327390670776,192
9.632181882858276,192
9.633039236068726,192
9.63470721244812,192
9.635568380355835,192
9.636439085006714,192
9.637289047241211,192
9.638145446777344,192
9.639801740646362,192
9.64065933227539,192
9.641527891159058,192
9.642385482788086,192
9.643244981765747,192
9.64410400390625,192
9.645782709121704,192
9.646645307540894,192
9.647508382797241,192
9.648371696472168,192
9.6492338180542,192
9.650089740753174,192
9.651766777038574,192
9.652633666992188,192
9.653497219085693,192
9.654352903366089,192
9.65521240234375,192
9.656060218811035,192
9.657735824584961,192
9.658602476119995,192
9.65946364402771,192
9.66032338142395,192
9.66117525100708,192
9.662048101425171,192
9.66372299194336,192
9.664582014083862,192
9.665449142456055,192
9.666306734085083,192
9.667161464691162,192
9.668020248413086,192
9.66969108581543,192
9.670554637908936,192
9.671422481536865,192
9.67228388786316,192
9.67313265800476,192
9.67479944229126,192
9.675666093826294,192
9.676533222198486,192
9.677406549453735,192
9.678272247314453,192
9.679130554199219,192
9.680803775787354,192
9.681676387786865,192
9.682541131973267,192
9.68340277671814,192
9.684268712997437,192
9.68512487411499,192
9.68679404258728,192
9.687662839889526,192
9.688529014587402,192
9.689391851425171,192
9.690254211425781,192
9.691104650497437,192
9.692785024642944,192
9.693645238876343,192
9.694509029388428,192
9.695374250411987,192
9.696228504180908,192
9.697087287902832,192
9.69875431060791,192
9.699622392654419,192
9.700479507446289,192
9.701348543167114,192
9.702218294143677,192
9.70307469367981,192
9.704731464385986,192
9.70559573173523,192
9.706454277038574,192
9.70730996131897,192
9.708157777786255,192
9.709028005599976,192
9.710696935653687,192
9.71156907081604,192
9.7124342918396,192
9.713300704956055,192
9.714154720306396,192
9.715026378631592,192
9.716678619384766,192
9.717547178268433,192
9.718408346176147,192
9.719268083572388,192
9.720129489898682,192
9.721804141998291,192
9.722673416137695,192
9.723529577255249,192
9.72447395324707,192
9.72533655166626,192
9.726199626922607,192
9.727062702178955,192
9.728739261627197,192
9.729608058929443,192
9.730465650558472,192
9.731335163116455,192
9.732190370559692,192
9.733051300048828,192
9.734723091125488,192
9.735583305358887,192
9.73644232749939,192
9.73729944229126,192
9.738155364990234,192
9.739014387130737,192
9.7406907081604,192
9.741557836532593,192
9.742425441741943,192
9.743290901184082,192
9.744142532348633,192
9.74500823020935,192
9.746687412261963,192
9.747555017471313,192
9.748409748077393,192
9.749276161193848,192
9.750126600265503,192
9.751804113388062,192
9.75267481803894,192
9.753536701202393,192
9.754395961761475,192
9.755263566970825,192
9.756116151809692,192
9.757784843444824,192
9.758647441864014,192
9.759508609771729,192
9.76037049293518,192
9.761249303817749,192
9.76210618019104,192
9.76378846168518,192
9.76465106010437,192
9.765507459640503,192
9.766374111175537,192
9.767228841781616,192
9.76808786392212,192
9.7697594165802,192
9.770623922348022,192
9.771485567092896,192
9.772342443466187,192
9.773210763931274,192
9.774061918258667,192
9.775723218917847,192
9.77658462524414,192
9.777438640594482,192
9.778294801712036,192
9.779152870178223,192
9.780019044876099,192
9.781711101531982,192
9.782562017440796,192
9.78341794013977,192
9.784283876419067,192
9.785147666931152,192
9.786003828048706,192
9.787672996520996,192
9.78853154182434,192
9.789390087127686,192
9.790253162384033,192
9.791113376617432,192
9.79279613494873,192
9.79365849494934,192
9.794523000717163,192
9.795385599136353,192
9.796241760253906,192
9.797093868255615,192
9.798777103424072,192
9.799644470214844,192
9.800512313842773,192
9.801381826400757,192
9.802249908447266,192
9.803107738494873,192
9.804780006408691,192
9.805636405944824,192
9.806491374969482,192
9.807349920272827,192
9.808209657669067,192
9.809061765670776,192
9.810731172561646,192
9.811604499816895,192
9.812469005584717,192
9.813329935073853,192
9.814188241958618,192
9.815052270889282,192
9.81672191619873,192
9.81758975982666,192
9.818440914154053,192
9.81930661201477,192
9.82015609741211,192
9.821014881134033,192
9.822694778442383,192
9.823551893234253,192
9.824409008026123,192
9.82526969909668,192
9.826119184494019,192
9.827790975570679,192
9.828654050827026,192
9.829509496688843,192
9.830366611480713,192
9.831233978271484,192
9.832093238830566,192
9.833774089813232,192
9.834640979766846,192
9.835509777069092,192
9.836378574371338,192
9.837228298187256,192
9.838082551956177,192
9.839752912521362,192
9.840612173080444,192
9.841485738754272,192
9.842346668243408,192
9.843194007873535,192
9.844047546386719,192
9.845722436904907,192
9.84658145904541,192
9.847442865371704,192
9.848304986953735,192
9.84916090965271,192
9.850023031234741,192
9.851710081100464,192
9.852571725845337,192
9.853424549102783,192
9.85428237915039,192
9.855132579803467,192
9.85679817199707,192
9.857665538787842,192
9.858535051345825,192
9.859402418136597,192
9.860260009765625,192
9.861115455627441,192
9.86279845237732,192
9.863659381866455,192
9.864522933959961,192
9.865386009216309,192
9.866247415542603,192
9.867103099822998,192
9.868778467178345,192
9.86964225769043,192
9.870503902435303,192
9.871373653411865,192
9.872238874435425,192
9.873093843460083,192
9.874774694442749,192
9.875627756118774,192
9.876487493515015,192
9.877352714538574,192
9.87820839881897,192
9.879059314727783,192
9.880731582641602,192
9.881605625152588,192
9.882458686828613,192
9.883320808410645,192
9.884177684783936,192
9.885039567947388,192
9.886714935302734,192
9.887580156326294,192
9.888443231582642,192
9.889302968978882,192
9.890156269073486,192
9.891014575958252,192
9.892693996429443,192
9.893554925918579,192
9.894413232803345,192
9.89527440071106,192
9.896125555038452,192
9.897790670394897,192
9.898650884628296,192
9.899505138397217,192
9.900361061096191,192
9.901228666305542,192
9.902088165283203,192
9.90375304222107,192
9.90462040901184,192
9.905486106872559,192
9.906349897384644,192
9.907210111618042,192
9.908064365386963,192
9.909741640090942,192
9.910600423812866,192
9.911475419998169,192
9.912326574325562,192
9.913181066513062,192
9.914039134979248,192
9.91570782661438,192
9.916579484939575,192
9.917428016662598,192
9.918286085128784,192
9.91914176940918,192
9.920812606811523,192
9.921690702438354,192
9.922556400299072,192
9.923425436019897,192
9.924283504486084,192
9.92514419555664,192
9.926007509231567,192
9.927673816680908,192
9.928537607192993,192
9.929400444030762,192
9.930265188217163,192
9.931113004684448,192
9.932798624038696,192
9.933660507202148,192
9.934516668319702,192
9.935379028320312,192
9.93624234199524,192
9.937096118927002,192
9.938756704330444,192
9.939624071121216,192
9.940485000610352,192
9.941355466842651,192
9.942215919494629,192
9.9430673122406,192
9.944733381271362,192
9.945598602294922,192
9.946458101272583,192
9.947319507598877,192
9.948163509368896,192
9.949020385742188,192
9.950689792633057,192
9.951560258865356,192
9.952428340911865,192
9.953294515609741,192
9.954145669937134,192
9.955806732177734,192
9.956672191619873,192
9.95754361152649,192
9.958400964736938,192
9.959264516830444,192
9.960118532180786,192
9.961802244186401,192
9.962668657302856,192
9.963529586791992,192
9.964393377304077,192
9.965253353118896,192
9.966111660003662,192
9.9677894115448,192
9.968655824661255,192
9.969526290893555,192
9.97038745880127,192
9.97125244140625,192
9.972107410430908,192
9.973783731460571,192
9.974645137786865,192
9.975503921508789,192
9.976366519927979,192
9.977233171463013,192
9.978086233139038,192
9.979745864868164,192
9.980608463287354,192
9.981474161148071,192
9.98233699798584,192
9.983198881149292,192
9.984054803848267,192
9.985730648040771,192
9.986600637435913,192
9.987459182739258,192
9.988316297531128,192
9.989166259765625,192
9.990023851394653,192
9.991708040237427,192
9.99257206916809,192
9.99342966079712,192
9.9942946434021,192
9.995152473449707,192
9.996018409729004,192
9.99769639968872,192
9.998553991317749,192
9.999416589736938,192
10.000274419784546,192
10.001131772994995,192
10.002814292907715,192
10.003684043884277,192
10.00454592704773,192
10.005404472351074,192
10.006266355514526,192
10.007122993469238,192
10.008798837661743,192
10.009663105010986,192
10.010522842407227,192
10.011398792266846,192
10.012261867523193,192
10.01311993598938,192
10.01480484008789,192
10.015663862228394,192
10.016526937484741,192
10.017391920089722,192
10.018255949020386,192
10.019111156463623,192
10.020780801773071,192
10.021649599075317,192
10.022517681121826,192
10.023381471633911,192
10.024243831634521,192
10.025094509124756,192
10.026760339736938,192
10.027621030807495,192
10.02848482131958,192
10.029347896575928,192
10.030213832855225,192
10.031077861785889,192
10.032762289047241,192
10.033622741699219,192
10.03447937965393,192
10.035342454910278,192
10.036188840866089,192
10.037046670913696,192
10.038721561431885,192
10.039584159851074,192
10.040430784225464,192
10.041305541992188,192
10.042162895202637,192
10.04302978515625,192
10.044709205627441,192
10.04555892944336,192
10.046421527862549,192
10.04728078842163,192
10.048138856887817,192
10.049806594848633,192
10.050661087036133,192
10.051525354385376,192
10.052385330200195,192
10.053246259689331,192
10.054096460342407,192
10.055774927139282,192
10.056631088256836,192
10.057491064071655,192
10.05834698677063,192
10.05920934677124,192
10.060065031051636,192
10.061745405197144,192
10.062608480453491,192
10.063470602035522,192
10.064330577850342,192
10.065187692642212,192
10.066047668457031,192
10.067713022232056,192
10.068578004837036,192
10.06942892074585,192
10.070293188095093,192
10.071152448654175,192
10.07201623916626,192
10.073688268661499,192
10.074546337127686,192
10.075404405593872,192
10.076272010803223,192
10.07712197303772,192
10.078792333602905,192
10.07965636253357,192
10.08051085472107,192
10.08138394355774,192
10.082249402999878,192
10.08310866355896,192
10.084782361984253,192
10.085647821426392,192
10.086506128311157,192
10.087360382080078,192
10.088209629058838,192
10.089071035385132,192
10.090741157531738,192
10.0916166305542,192
10.092480421066284,192
10.093345403671265,192
10.094207763671875,192
10.095062971115112,192
10.096734523773193,192
10.097603559494019,192
10.098468780517578,192
10.099331378936768,192
10.100184440612793,192
10.101042747497559,192
10.102725267410278,192
10.103585481643677,192
10.104445695877075,192
10.105300664901733,192
10.106155157089233,192
10.107016563415527,192
10.108686923980713,192
10.109549522399902,192
10.110413074493408,192
10.111286640167236,192
10.112143278121948,192
10.113004207611084,192
10.114679098129272,192
10.1155424118042,192
10.11641001701355,192
10.117263078689575,192
10.118109464645386,192
10.119769096374512,192
10.120636463165283,192
10.121508121490479,192
10.12236738204956,192
10.123226642608643,192
10.124079465866089,192
10.125758409500122,192
10.12663221359253,192
10.127483606338501,192
10.128337383270264,192
10.129188060760498,192
10.130051374435425,192
10.131733417510986,192
10.13259482383728,192
10.133451700210571,192
10.13430666923523,192
10.135162353515625,192
10.136017560958862,192
10.137691497802734,192
10.138554334640503,192
10.139409303665161,192
10.140274286270142,192
10.141126155853271,192
10.14281439781189,192
10.143674612045288,192
10.144543647766113,192
10.145408153533936,192
10.146278381347656,192
10.147133588790894,192
10.148798942565918,192
10.149657011032104,192
10.15052604675293,192
10.151391744613647,192
10.152258157730103,192
10.153107404708862,192
10.15477967262268,192
10.15564250946045,192
10.156512022018433,192
10.15736699104309,192
10.158223628997803,192
10.159074306488037,192
10.160758018493652,192
10.161639213562012,192
10.162509679794312,192
10.16336989402771,192
10.164232015609741,192
10.165082931518555,192
10.16675090789795,192
10.167614698410034,192
10.168475866317749,192
10.169345617294312,192
10.170198440551758,192
10.171059846878052,192
10.172736167907715,192
10.173598766326904,192
10.174461126327515,192
10.175321817398071,192
10.176174640655518,192
10.177037715911865,192
10.178714990615845,192
10.179580211639404,192
10.180446863174438,192
10.181315422058105,192
10.182174682617188,192
10.183034181594849,192
10.184698104858398,192
10.18556022644043,192
10.186426639556885,192
10.187288284301758,192
10.188134908676147,192
10.18980097770691,192
10.190653324127197,192
10.19152545928955,192
10.192382574081421,192
10.193248987197876,192
10.194103956222534,192
10.195777416229248,192
10.196640968322754,192
10.197508096694946,192
10.198369026184082,192
10.199222087860107,192
10.200079679489136,192
10.20176100730896,192
10.202623128890991,192
10.203476428985596,192
10.20433235168457,192
10.205191612243652,192
10.206051349639893,192
10.207716464996338,192
10.208576440811157,192
10.209436893463135,192
10.210293769836426,192
10.211148023605347,192
10.212014198303223,192
10.213674068450928,192
10.214536190032959,192
10.215393543243408,192
10.21623158454895,192
10.217082500457764,192
10.218744277954102,192
10.219602823257446,192
10.220459699630737,192
10.221329927444458,192
10.22218942642212,192
10.223044633865356,192
10.224718809127808,192
10.225582599639893,192
10.226433992385864,192
10.227293968200684,192
10.228147506713867,192
10.229007005691528,192
10.230682611465454,192
10.231544971466064,192
10.232399940490723,192
10.233259677886963,192
10.234110593795776,192
10.23576283454895,192
10.236624240875244,192
10.237484693527222,192
10.238340377807617,192
10.23918890953064,192
10.24004578590393,192
10.240104913711548,192
