Time,Objective value
0.008414745330810547,76454
0.010690450668334961,76454
0.02208423614501953,76454
0.033300161361694336,76454
0.044471025466918945,76454
0.05553603172302246,76454
0.06658244132995605,76454
0.0775601863861084,76454
0.08865761756896973,76454
0.0996556282043457,76454
0.11057734489440918,76454
0.12154841423034668,76454
0.13242864608764648,76454
0.1432337760925293,76454
0.1542210578918457,76454
0.16508078575134277,76454
0.17603015899658203,76454
0.18679046630859375,76454
0.19762110710144043,76454
0.20849895477294922,76454
0.21923518180847168,76454
0.23021245002746582,76454
0.24110865592956543,76454
0.25193214416503906,76454
0.2627291679382324,76454
0.27358484268188477,76454
0.2844069004058838,76454
0.2952735424041748,76454
0.3060133457183838,76454
0.3168506622314453,76454
0.32764768600463867,76454
0.33850598335266113,76454
0.34936094284057617,76454
0.36025452613830566,76454
0.37111663818359375,76454
0.38191723823547363,76454
0.3927755355834961,76454
0.4034261703491211,76454
0.4142122268676758,76454
0.4249546527862549,76454
0.4357032775878906,76454
0.4464249610900879,76454
0.4571669101715088,76454
0.4680814743041992,76414
0.4788780212402344,76414
0.4896085262298584,76414
0.5003743171691895,76414
0.5112490653991699,76414
0.5221633911132812,76414
0.5330414772033691,76414
0.543806791305542,76414
0.5544564723968506,76414
0.5653455257415771,76414
0.5761306285858154,76414
0.5868949890136719,76414
0.5975985527038574,76414
0.608288049697876,76414
0.6191673278808594,76414
0.629894495010376,76414
0.6407763957977295,76414
0.651552677154541,76414
0.6622042655944824,76414
0.6729114055633545,76414
0.6835741996765137,76414
0.6943180561065674,76414
0.704965353012085,76414
0.7155771255493164,76414
0.726431131362915,76414
0.7370505332946777,76414
0.7476856708526611,76414
0.7584652900695801,76414
0.7692215442657471,76414
0.7798867225646973,76414
0.7905442714691162,76414
0.8012824058532715,76414
0.812075138092041,76414
0.8229999542236328,76414
0.833613395690918,76414
0.8442637920379639,76414
0.8549315929412842,76414
0.8657619953155518,76414
0.8763844966888428,76414
0.8871951103210449,76414
0.8979442119598389,76414
0.9086012840270996,76414
0.919257402420044,76414
0.9298944473266602,76414
0.9406154155731201,76414
0.9514057636260986,76414
0.9621658325195312,76414
0.9728217124938965,76414
0.9834563732147217,76414
0.9940767288208008,76414
1.00467848777771,76414
1.015418529510498,76414
1.0260276794433594,76414
1.0367348194122314,76414
1.0474605560302734,76414
1.05808424949646,76414
1.0687119960784912,76414
1.0795209407806396,76414
1.0901939868927002,76414
1.1009809970855713,76414
1.1116182804107666,76414
1.1222214698791504,76414
1.132866621017456,76414
1.1435019969940186,76414
1.15411376953125,76414
1.1648225784301758,76414
1.1754100322723389,76414
1.1859924793243408,76414
1.1967346668243408,76414
1.2073323726654053,76414
1.2179155349731445,76414
1.2285897731781006,76414
1.2392210960388184,76414
1.2498090267181396,76414
1.2605857849121094,76414
1.271299123764038,76414
1.281958818435669,76414
1.2926549911499023,76414
1.3032190799713135,76414
1.3138298988342285,76414
1.3245353698730469,76414
1.3351759910583496,76414
1.345911979675293,76414
1.3565959930419922,76414
1.367170810699463,76414
1.3777763843536377,76414
1.3884639739990234,76414
1.3991045951843262,76414
1.4097225666046143,76414
1.420417070388794,76414
1.4310495853424072,76414
1.441627025604248,76414
1.4521987438201904,76414
1.4628374576568604,76414
1.47347092628479,76414
1.4842658042907715,76414
1.494981050491333,76414
1.5055818557739258,76414
1.5161945819854736,76414
1.5269556045532227,76414
1.5376245975494385,76414
1.5483100414276123,76414
1.5589914321899414,76414
1.5696489810943604,76414
1.5802695751190186,76414
1.5909340381622314,76414
1.6015355587005615,76414
1.6121227741241455,76414
1.6227123737335205,76414
1.633305549621582,76414
1.6440215110778809,76414
1.654632568359375,76414
1.6652891635894775,76414
1.6759076118469238,76414
1.6865229606628418,76414
1.6971242427825928,76414
1.7077410221099854,76414
1.7183637619018555,76414
1.7289643287658691,76414
1.7395877838134766,76414
1.7501893043518066,76414
1.760819911956787,76414
1.7715530395507812,76414
1.7822372913360596,76414
1.792905330657959,76414
1.8035030364990234,76414
1.814110279083252,76414
1.8247008323669434,76414
1.835373878479004,76414
1.8459885120391846,76414
1.8565895557403564,76414
1.8672525882720947,76414
1.8778352737426758,76414
1.8884315490722656,76414
1.8990578651428223,76414
1.9096975326538086,76414
1.9203596115112305,76414
1.9309394359588623,76414
1.9415054321289062,76414
1.9521021842956543,76414
1.962796688079834,76414
1.9735498428344727,76414
1.9841530323028564,76414
1.9948444366455078,76414
2.005448579788208,76414
2.0161521434783936,76414
2.026756763458252,76414
2.0373804569244385,76414
2.048161268234253,76414
2.058779001235962,76414
2.0693747997283936,76414
2.0800180435180664,76414
2.090646505355835,76414
2.101275682449341,76414
2.1119143962860107,76414
2.1225357055664062,76414
2.1331493854522705,76414
2.143892526626587,76414
2.154489040374756,76414
2.1651723384857178,76414
2.175794839859009,76414
2.1863858699798584,76414
2.1970858573913574,76414
2.2077536582946777,76414
2.2183778285980225,76414
2.229020357131958,76414
2.239663600921631,76414
2.250284433364868,76414
2.2610135078430176,76414
2.2717111110687256,76414
2.282461643218994,76414
2.2930538654327393,76414
2.3037147521972656,76414
2.314317226409912,76414
2.3249258995056152,76414
2.335543394088745,76414
2.3461363315582275,76414
2.3567609786987305,76414
2.3673253059387207,76414
2.377943992614746,76414
2.388552188873291,76414
2.3994367122650146,76414
2.4100656509399414,76414
2.42093825340271,76414
2.431710958480835,76414
2.4423329830169678,76414
2.452949047088623,76414
2.463566541671753,76414
2.474180221557617,76414
2.4848999977111816,76414
2.495515823364258,76414
2.50612211227417,76414
2.5168089866638184,76414
2.5327060222625732,76414
2.552215814590454,76414
2.5717244148254395,76414
2.5911712646484375,76414
2.6106488704681396,76414
2.6301791667938232,76414
2.649780511856079,76414
2.669355630874634,76414
2.689161777496338,76414
2.7085952758789062,76414
2.7280502319335938,76414
2.747324228286743,76414
2.7667224407196045,76414
2.7863540649414062,76414
2.806302309036255,76414
2.826467275619507,76414
2.846801280975342,76414
2.867277145385742,76414
2.8879458904266357,76414
2.9085121154785156,76414
2.9292197227478027,76414
2.949934244155884,76414
2.970777988433838,76414
2.991459369659424,76414
3.0122389793395996,76414
3.032899856567383,76414
3.05355167388916,76414
3.074328660964966,76414
3.095418930053711,76414
3.1160340309143066,76414
3.133901357650757,76414
3.144550323486328,76414
3.155136823654175,76414
3.165756940841675,76414
3.183516025543213,76414
3.2015647888183594,76414
3.219860792160034,76414
3.238201379776001,76414
3.2569310665130615,76414
3.2757747173309326,76414
3.294786214828491,76414
3.3139491081237793,76414
3.3332314491271973,76414
3.3526222705841064,76414
3.3720173835754395,76414
3.3915016651153564,76414
3.4110443592071533,76414
3.4305875301361084,76414
3.450131893157959,76414
3.4696669578552246,76414
3.4891693592071533,76414
3.5088417530059814,76414
3.528698682785034,76414
3.5476181507110596,76414
3.5665781497955322,76414
3.5852744579315186,76414
3.6038453578948975,76414
3.622277021408081,76414
3.640425205230713,76414
3.658449649810791,76414
3.676572561264038,76414
3.6948885917663574,76414
3.713385581970215,76414
3.732043981552124,76414
3.750872850418091,76414
3.7700037956237793,76414
3.7891242504119873,76414
3.8084168434143066,76414
3.8277945518493652,76414
3.846989631652832,76414
3.8663039207458496,76414
3.8858041763305664,76414
3.905035972595215,76414
3.924328088760376,76414
3.9436659812927246,76414
3.963068723678589,76414
3.9825081825256348,76414
4.0020294189453125,76414
4.021391153335571,76414
4.040945768356323,76414
4.060351371765137,76414
4.07976222038269,76414
4.0991551876068115,76414
4.11854887008667,76414
4.138030052185059,76414
4.157511949539185,76414
4.177032232284546,76414
4.1965491771698,76414
4.216197490692139,76414
4.235669851303101,76414
4.255265474319458,76414
4.274873733520508,76414
4.294379711151123,76414
4.313920021057129,76414
4.3334784507751465,76414
4.353074789047241,76414
4.372804164886475,76414
4.392435312271118,76414
4.411949157714844,76414
4.431519508361816,76414
4.4510462284088135,76414
4.470750093460083,76414
4.490210294723511,76414
4.509688377380371,76414
4.529148578643799,76414
4.548696041107178,76414
4.56813907623291,76414
4.587753534317017,76414
4.607519149780273,76414
4.627117156982422,76414
4.646824836730957,76040
4.666291236877441,76040
4.685769081115723,76040
4.7053070068359375,76040
4.7248375415802,76040
4.74434232711792,76040
4.763923406600952,76040
4.783594846725464,76040
4.803083419799805,76040
4.822610378265381,76040
4.8421173095703125,76040
4.861652374267578,76040
4.881302833557129,76040
4.900898456573486,76040
4.9204957485198975,76040
4.940262079238892,76040
4.9599692821502686,76040
4.979543924331665,76040
4.999140024185181,76040
5.018834114074707,76040
5.038323879241943,76040
5.057856559753418,76040
5.077502965927124,76040
5.097214460372925,76040
5.116856813430786,76040
5.136369466781616,76040
5.15593695640564,76040
5.175578355789185,76040
5.195210218429565,76040
5.214786052703857,76040
5.234407186508179,76040
5.254140138626099,76040
5.273636102676392,76040
5.29315447807312,76040
5.312707185745239,76040
5.33222508430481,76040
5.352032661437988,76040
5.371460199356079,76040
5.3908703327178955,76040
5.410360336303711,76040
5.429868936538696,76040
5.449392795562744,76040
5.469040870666504,76040
5.488633632659912,76040
5.50833535194397,76040
5.527986526489258,76040
5.547593832015991,76040
5.567232847213745,76040
5.586884498596191,76040
5.606551885604858,76040
5.626242637634277,76040
5.6458775997161865,76040
5.665343761444092,76040
5.68488621711731,76040
5.704432010650635,76040
5.7241129875183105,76040
5.743817567825317,76040
5.7634522914886475,76040
5.783059120178223,76040
5.8028178215026855,76040
5.822493553161621,76040
5.842167854309082,76040
5.861962080001831,76040
5.881640911102295,76040
5.901562213897705,76040
5.921137571334839,76040
5.940767765045166,76040
5.960431814193726,76040
5.98048996925354,76040
6.000021457672119,76040
6.0196874141693115,76040
6.039361476898193,76040
6.059021234512329,76040
6.078839540481567,76040
6.098670482635498,76040
6.118357419967651,76040
6.137977361679077,76040
6.157649517059326,76040
6.177334308624268,76040
6.1969263553619385,76040
6.216532945632935,76040
6.236246109008789,76040
6.255868434906006,76040
6.275607347488403,76040
6.295251369476318,76040
6.315020322799683,76040
6.334658861160278,76040
6.354475021362305,76040
6.374282360076904,76040
6.394091844558716,76040
6.41413950920105,76040
6.433913230895996,76040
6.45369291305542,76040
6.473501682281494,76040
6.493293046951294,76040
6.513145923614502,76040
6.53313136100769,76040
6.552992820739746,76040
6.572856664657593,76040
6.592680215835571,76040
6.612474203109741,76040
6.632252931594849,76040
6.652069091796875,76040
6.671874284744263,76040
6.6917359828948975,76040
6.711533069610596,76040
6.731399297714233,76040
6.751065731048584,76040
6.7706592082977295,76040
6.79017448425293,76040
6.809609413146973,76040
6.829064130783081,76040
6.848483324050903,76040
6.867854118347168,76040
6.887208700180054,76040
6.906601190567017,76040
6.9261133670806885,76040
6.945458173751831,76040
6.964791297912598,76040
6.984086275100708,76040
7.003377914428711,76040
7.022643089294434,76040
7.041913747787476,76040
7.061170339584351,76040
7.080382347106934,76040
7.099571466445923,76040
7.118769645690918,76040
7.137939453125,76040
7.157155990600586,76040
7.176483869552612,76040
7.195767641067505,76040
7.214992046356201,76040
7.234305381774902,76040
7.253530263900757,76040
7.272732734680176,76040
7.291884899139404,76040
7.311100244522095,76040
7.3303399085998535,76040
7.349576473236084,76040
7.3689398765563965,76040
7.388252019882202,76040
7.40751051902771,76040
7.426786184310913,76040
7.446203708648682,76040
7.465567588806152,76040
7.4849371910095215,76040
7.504246711730957,76040
7.523670196533203,76040
7.5430073738098145,76040
7.562351942062378,76040
7.581607818603516,76040
7.600902795791626,76040
7.620178699493408,76040
7.639466047286987,76040
7.6587278842926025,76040
7.677971363067627,76040
7.697305917739868,76040
7.716784715652466,76040
7.73614239692688,76040
7.7554779052734375,76040
7.774828910827637,76040
7.794070243835449,76040
7.813303232192993,76040
7.832459926605225,76040
7.851671457290649,76040
7.871031999588013,76040
7.890301942825317,76040
7.909501552581787,76040
7.928711652755737,76040
7.947937488555908,76040
7.967097759246826,76040
7.986387729644775,76040
8.005643606185913,76040
8.025074243545532,76040
8.044515132904053,76040
8.06384801864624,76040
8.083353757858276,76040
8.102895498275757,76040
8.122475385665894,76040
8.141881704330444,76040
8.161334991455078,76040
8.180742740631104,76040
8.200148344039917,76040
8.219573020935059,76040
8.238972187042236,76040
8.258285760879517,76040
8.277742385864258,76040
8.297055006027222,76040
8.316352844238281,76040
8.335639476776123,76040
8.354923009872437,76040
8.374136447906494,76040
8.393369197845459,76040
8.412678956985474,76040
8.4320707321167,76040
8.451322555541992,76040
8.470630884170532,76040
8.48993444442749,76040
8.509181261062622,76040
8.52845573425293,76040
8.547750473022461,76040
8.56713056564331,76040
8.586549520492554,76040
8.605829238891602,76040
8.625113725662231,76040
8.644383430480957,76040
8.663654327392578,76040
8.682944536209106,76040
8.702174663543701,76040
8.721453189849854,76040
8.740857362747192,76040
8.760131120681763,76040
8.779559850692749,76040
8.79893183708191,76040
8.818299055099487,76040
8.83764362335205,76040
8.857010841369629,76040
8.87639307975769,76040
8.895896434783936,76040
8.91527009010315,76040
8.934605121612549,76040
8.95395040512085,76040
8.973257780075073,76040
8.992748975753784,76040
9.01213002204895,76040
9.03144907951355,76040
9.05091381072998,76040
9.070264339447021,76040
9.089607238769531,76040
9.109022855758667,76040
9.128350257873535,76040
9.14775800704956,76040
9.167138814926147,76040
9.186717748641968,76040
9.206151008605957,76040
9.225539207458496,76040
9.245024681091309,76040
9.264467000961304,76040
9.28386378288269,76040
9.303237199783325,76040
9.322598457336426,76040
9.341959476470947,76040
9.361279249191284,76040
9.380682468414307,76040
9.400134325027466,76040
9.419446468353271,76040
9.438787698745728,76040
9.458121061325073,76040
9.47737717628479,76040
9.496649026870728,76040
9.515909194946289,76040
9.535232305526733,76040
9.554523468017578,76040
9.573807954788208,76040
9.593062400817871,76040
9.61239242553711,76040
9.631753921508789,76040
9.651071310043335,76040
9.670320749282837,76040
9.689592599868774,76040
9.708740949630737,76040
9.728107929229736,76040
9.747546672821045,76040
9.766863107681274,76040
9.786157131195068,76040
9.805403470993042,76040
9.824801683425903,76040
9.84414553642273,76040
9.863478183746338,76040
9.882761716842651,76040
9.902027606964111,76040
9.921351432800293,76040
9.940606355667114,76040
9.959923028945923,76040
9.979250192642212,76040
9.998502016067505,76040
10.017940759658813,76040
10.037306308746338,76040
10.056671380996704,76040
10.076190710067749,76040
10.095499038696289,76040
10.11488676071167,76040
10.134222507476807,76040
10.153559684753418,76040
10.172930479049683,76040
10.19225525856018,76040
10.211582899093628,76040
10.230963468551636,76040
10.250405311584473,76040
10.269803524017334,76040
10.289136171340942,76040
10.30847978591919,76040
10.327841520309448,76040
10.347156524658203,76040
10.366498708724976,76040
10.385824918746948,76040
10.405239820480347,76040
10.424484014511108,76040
10.443761587142944,76040
10.463000774383545,76040
10.482269048690796,76040
10.501487731933594,76040
10.520707607269287,76040
10.539975881576538,76040
10.559415578842163,76040
10.578654766082764,76040
10.597946166992188,76040
10.617228269577026,76040
10.63656735420227,76040
10.655895948410034,76040
10.675173997879028,76040
10.694464206695557,76040
10.713777780532837,76040
10.733075380325317,76040
10.752372741699219,76040
10.771584749221802,76040
10.790830135345459,76040
10.810100793838501,76040
10.829303503036499,76040
10.848468542098999,76040
10.867730855941772,76040
10.88699984550476,76040
10.906456232070923,76040
10.925904989242554,76040
10.945249319076538,76040
10.964580774307251,76040
10.983907222747803,76040
11.003202199935913,76040
11.02247166633606,76040
11.041768312454224,76040
11.061124086380005,76040
11.080424308776855,76040
11.099762678146362,76040
11.119042873382568,76040
11.138422966003418,76040
11.157739162445068,76040
11.177045583724976,76040
11.194666147232056,76040
11.205398082733154,76040
11.216019868850708,76040
11.226623296737671,76040
11.237220048904419,76040
11.247935056686401,76040
11.258567571640015,76040
11.269232273101807,76040
11.279876708984375,76040
11.29049038887024,76040
11.301122426986694,76040
11.311755180358887,76040
11.322382926940918,76040
11.332993030548096,76040
11.34357213973999,76040
11.35419249534607,76040
11.364801168441772,76040
11.37539291381836,76040
11.385973930358887,76040
11.396571636199951,76040
11.407153844833374,76040
11.417709589004517,76040
11.428313970565796,76040
11.43892788887024,76040
11.449543714523315,76040
11.46011996269226,76040
11.470712661743164,76040
11.481369733810425,76040
11.491960525512695,76040
11.502567291259766,76040
11.51316499710083,76040
11.523834705352783,76040
11.534441471099854,76040
11.54511570930481,76040
11.55572772026062,76040
11.566331148147583,76040
11.576964616775513,76040
11.587589263916016,76040
11.59818959236145,76040
11.608821630477905,76040
11.619433879852295,76040
11.630042552947998,76040
11.640650749206543,76040
11.6512610912323,76040
11.66195797920227,76040
11.672571659088135,76040
11.683215856552124,76040
11.69398307800293,76040
11.704523801803589,76040
11.715121984481812,76040
11.72573447227478,76040
11.736346960067749,76040
11.747045040130615,76040
11.757603168487549,76040
11.768218278884888,76040
11.778945684432983,76040
11.78956151008606,76040
11.800163745880127,76040
11.81075382232666,76040
11.821369171142578,76040
11.831929922103882,76040
11.842536211013794,76040
11.85312008857727,76040
11.863714933395386,76040
11.874283790588379,76040
11.884899854660034,76040
11.895482540130615,76040
11.90607500076294,76040
11.916630983352661,76040
11.927263498306274,76040
11.93784761428833,76040
11.948445081710815,76040
11.959043979644775,76040
11.9696626663208,76040
11.98023533821106,76040
11.990864515304565,76040
12.001441717147827,76040
12.01204228401184,76040
12.02260971069336,76040
12.033228397369385,76040
12.043837308883667,76040
12.05444598197937,76040
12.065064430236816,76040
12.075669050216675,76040
12.08626389503479,76040
12.09685206413269,76040
12.107420206069946,76040
12.118066310882568,76040
12.128648519515991,76040
12.139261960983276,76040
12.149866104125977,76040
12.160478353500366,76040
12.17105770111084,76040
12.18166708946228,76040
12.192260503768921,76040
12.202859878540039,76040
12.213468551635742,76040
12.224060297012329,76040
12.23465371131897,76040
12.245255708694458,76040
12.255927801132202,76040
12.266522645950317,76040
12.277092933654785,76040
12.28765082359314,76040
12.29824423789978,76040
12.308919668197632,76040
12.323914527893066,76040
12.34323763847351,76040
12.362754106521606,76040
12.38213062286377,76040
12.401653051376343,76040
12.42107343673706,76040
12.440465927124023,76040
12.459922313690186,76040
12.479281425476074,76040
12.498530149459839,76040
12.517816305160522,76040
12.537023544311523,76040
12.556241750717163,76040
12.575539827346802,76040
12.594809532165527,76040
12.61403226852417,76040
12.633246660232544,76040
12.65255355834961,76040
12.671982526779175,76040
12.691238403320312,76040
12.710510969161987,76040
12.72974419593811,76040
12.748976945877075,76040
12.768178462982178,76040
12.787313461303711,76040
12.806440830230713,76040
12.825608968734741,76040
12.844855785369873,76040
12.864042520523071,76040
12.88327169418335,76040
12.90256929397583,76040
12.92176365852356,76040
12.94092345237732,76040
12.960104703903198,76040
12.979303121566772,76040
12.998489618301392,76040
13.017783164978027,76040
13.03720498085022,76040
13.05656886100769,76040
13.07592487335205,76040
13.09529447555542,76040
13.114624977111816,76040
13.13412618637085,76040
13.153573989868164,76040
13.172946214675903,76040
13.192271947860718,76040
13.211670160293579,76040
13.231010437011719,76040
13.250376224517822,76040
13.26969599723816,76040
13.289219379425049,76040
13.308522939682007,76040
13.327867269515991,76040
13.347263097763062,76040
13.366590976715088,76040
13.385858058929443,76040
13.40519642829895,76040
13.424416780471802,76040
13.443811416625977,76040
13.46309757232666,76040
13.482412815093994,76040
13.501671552658081,76040
13.52103042602539,76040
13.5403573513031,76040
13.552828788757324,76040
13.563435554504395,76040
13.57401990890503,76040
13.584643125534058,76040
13.595286130905151,76040
13.605883121490479,76040
13.616489887237549,76040
13.62705397605896,76040
13.63766884803772,76040
13.648233890533447,76040
13.658872604370117,76040
13.669511556625366,76040
13.680148124694824,76040
13.690744400024414,76040
13.701398134231567,76040
13.711986541748047,76040
13.722667455673218,76040
13.733253240585327,76040
13.743871688842773,76040
13.754482746124268,76040
13.7650887966156,76040
13.775795459747314,76040
13.78644871711731,76040
13.79703426361084,76040
13.807774782180786,76040
13.818422555923462,76040
13.829051494598389,76040
13.839670181274414,76040
13.850288391113281,76040
13.860891819000244,76040
13.87148904800415,76040
13.882066249847412,76040
13.892679452896118,76040
13.9032564163208,76040
13.913858890533447,76040
13.924465656280518,76040
13.93508768081665,76040
13.945668697357178,76040
13.956270456314087,76040
13.966880321502686,76040
13.977493286132812,76040
13.988091707229614,76040
13.998714208602905,76040
14.009345054626465,76040
14.01997447013855,76040
14.030594825744629,76040
14.041226863861084,76040
14.05181097984314,76040
14.062402486801147,76040
14.07303500175476,76040
14.083649635314941,76040
14.094249963760376,76040
14.104849576950073,76040
14.115434408187866,76040
14.133782148361206,76040
14.15256118774414,76040
14.17131233215332,76040
14.189962148666382,76040
14.20824909210205,76040
14.226362228393555,76040
14.244422912597656,76040
14.262596845626831,76040
14.280982255935669,76040
14.299590587615967,76040
14.318393468856812,76040
14.337345361709595,76040
14.35647964477539,76040
14.375740766525269,76040
14.395010709762573,76040
14.41443920135498,76040
14.433934688568115,76040
14.453391313552856,76040
14.473042964935303,76040
14.492496728897095,76040
14.511967658996582,76040
14.531471729278564,76040
14.550981283187866,76040
14.570476293563843,76040
14.590075731277466,76040
14.609610319137573,76040
14.629158973693848,76040
14.64872670173645,76040
14.668270111083984,76040
14.687866449356079,76040
14.707445859909058,76040
14.727042436599731,76040
14.746582984924316,76040
14.7661292552948,76040
14.785778522491455,76040
14.805402755737305,76040
14.824972152709961,76040
14.844649076461792,76040
14.86422610282898,76040
14.883823871612549,76040
14.90347146987915,76040
14.923052787780762,76040
14.94263243675232,76040
14.962204933166504,76040
14.981873750686646,76040
15.00151777267456,76040
15.021183490753174,76040
15.040795087814331,76040
15.060353994369507,76040
15.080070972442627,76040
15.099631547927856,76040
15.11932897567749,76040
15.135116338729858,76040
15.145790100097656,76040
15.156383275985718,76040
15.167024374008179,76040
15.177622318267822,76040
15.191601276397705,76040
15.204385995864868,76040
15.215011596679688,76040
15.233026027679443,76040
15.251339197158813,76040
15.269733905792236,76040
15.288384914398193,76040
15.30751895904541,76040
15.32712459564209,76040
15.347045660018921,76040
15.367183208465576,76040
15.38756275177002,76040
15.408054113388062,76040
15.428670644760132,76040
15.449420928955078,76040
15.470353126525879,76040
15.491068601608276,76040
15.511841773986816,76040
15.532562732696533,76040
15.552574634552002,76040
15.568395137786865,76040
15.578998565673828,76040
15.589640378952026,76040
15.600225687026978,76040
15.610853433609009,76040
15.621454000473022,76040
15.632026433944702,76040
15.64262318611145,76040
15.653245210647583,76040
15.663914918899536,76040
15.674500703811646,76040
15.685076713562012,76040
15.695649147033691,76040
15.706231117248535,76040
15.716856956481934,76040
15.727433681488037,76040
15.738030910491943,76040
15.748632192611694,76040
15.759260654449463,76040
15.769861459732056,76040
15.78044843673706,76040
15.791040658950806,76040
15.801636457443237,76040
15.812219381332397,76040
15.82280945777893,76040
15.833405494689941,76040
15.843998908996582,76040
15.8545982837677,76040
15.865312576293945,76040
15.875901460647583,76040
15.886481046676636,76040
15.897063493728638,76040
15.90764832496643,76040
15.918240308761597,76040
15.928887844085693,76040
15.939489126205444,76040
15.950069665908813,76040
15.96065092086792,76040
15.971248388290405,76040
15.981855154037476,76040
15.992486238479614,76040
16.003061056137085,76040
16.013651371002197,76040
16.024266958236694,76040
16.034860134124756,76040
16.045453310012817,76040
16.056093215942383,76040
16.06668257713318,76040
16.07726788520813,76040
16.087847471237183,76040
16.098462104797363,76040
16.109090566635132,76040
16.119694709777832,76040
16.13031840324402,76040
16.14092183113098,76040
16.151500940322876,76040
16.16209602355957,76040
16.172640562057495,76040
16.183215856552124,76040
16.193814039230347,76040
16.204481840133667,76040
16.215057849884033,76040
16.225661277770996,76040
16.236259937286377,76040
16.24686336517334,76040
16.257474184036255,76040
16.268091678619385,76040
16.27874517440796,76040
16.28943681716919,76040
16.30003261566162,76040
16.31060266494751,76040
16.321171283721924,76040
16.331734895706177,76040
16.342295169830322,76040
16.352890253067017,76040
16.363471031188965,76040
16.374072551727295,76040
16.38465714454651,76040
16.395253658294678,76040
16.40584897994995,76040
16.416442394256592,76040
16.427062273025513,76040
16.437639951705933,76040
16.44822096824646,76040
16.458816289901733,76040
16.469387531280518,76040
16.479979038238525,76040
16.490544319152832,76040
16.501140117645264,76040
16.511725902557373,76040
16.52230715751648,76040
16.53287959098816,76040
16.543458700180054,76040
16.554043531417847,76040
16.564591884613037,76040
16.575195789337158,76040
16.585796117782593,76040
16.596403121948242,76040
16.607043743133545,76040
16.617619276046753,76040
16.628247499465942,76040
16.638892889022827,76040
16.64948582649231,76040
16.66006898880005,76040
16.670652866363525,76040
16.681254148483276,76040
16.69184947013855,76040
16.702414751052856,76040
16.713088035583496,76040
16.72366714477539,76040
16.734268188476562,76040
16.744879484176636,76040
16.755452394485474,76040
16.766080617904663,76040
16.77668309211731,76040
16.78731346130371,76040
16.79790759086609,76040
16.808651208877563,76040
16.819352388381958,76040
16.829950094223022,76040
16.840569019317627,76040
16.85119938850403,76040
16.861789226531982,76040
16.872387409210205,76040
16.88296103477478,76040
16.893540382385254,76040
16.904117822647095,76040
16.914697885513306,76040
16.925382137298584,76040
16.935973644256592,76040
16.94653081893921,76040
16.9572012424469,76040
16.9677996635437,76040
16.978445768356323,76040
16.98907232284546,76040
16.999779224395752,76040
17.010409832000732,76040
17.021039485931396,76040
17.031651496887207,76040
17.04226064682007,76040
17.052857875823975,76040
17.063470363616943,76040
17.074119329452515,76040
17.08474326133728,76040
17.09534001350403,76040
17.106083869934082,76040
17.11670184135437,76040
17.127296924591064,76040
17.137911796569824,76040
17.148547649383545,76040
17.159183025360107,76040
17.1698215007782,76040
17.180424690246582,76040
17.191062927246094,76040
17.201694011688232,76040
17.212348222732544,76040
17.22299861907959,76040
17.233610153198242,76040
17.244206428527832,76040
17.254836320877075,76040
17.265435457229614,76040
17.276131868362427,76040
17.286771059036255,76040
17.297353267669678,76040
17.307991981506348,76040
17.318594455718994,76040
17.32922601699829,76040
17.33989930152893,76040
17.35054039955139,76040
17.36114263534546,76040
17.371760845184326,76040
17.382380485534668,76040
17.39296865463257,76040
17.403568267822266,76040
17.41418147087097,76040
17.424789905548096,76040
17.43540668487549,76040
17.44616985321045,76040
17.45678448677063,76040
17.467398643493652,76040
17.4780056476593,76040
17.488605976104736,76040
17.49929714202881,76040
17.509913206100464,76040
17.520528078079224,76040
17.53116512298584,76040
17.541786670684814,76040
17.55240821838379,76040
17.563048839569092,76040
17.573736906051636,76040
17.58434534072876,76040
17.594995975494385,76040
17.60559606552124,76040
17.61619281768799,76040
17.626801252365112,76040
17.6373610496521,76040
17.64793610572815,76040
17.658520221710205,76040
17.669130325317383,76040
17.67973279953003,76040
17.690326690673828,76040
17.701037168502808,76040
17.711650371551514,76040
17.72223711013794,76040
17.732789754867554,76040
17.743401765823364,76040
17.75402545928955,76040
17.76475763320923,76040
17.775340795516968,76040
17.785961389541626,76040
17.79655885696411,76040
17.807143211364746,76040
17.817734718322754,76040
17.8283429145813,76040
17.838963508605957,76040
17.84957790374756,76040
17.860175609588623,76040
17.870769262313843,76040
17.881343364715576,76040
17.891957998275757,76040
17.902552843093872,76040
17.913154363632202,76040
17.92375373840332,76040
17.934340476989746,76040
17.944962739944458,76040
17.955574989318848,76040
17.966161251068115,76040
17.97678565979004,76040
17.98739194869995,76040
17.998011112213135,76040
18.008658409118652,76040
18.01930022239685,76040
18.029945373535156,76040
18.040565490722656,76040
18.051180362701416,76040
18.061803340911865,76040
18.072397232055664,76040
18.08301877975464,76040
18.093628644943237,76040
18.104238271713257,76040
18.11485004425049,76040
18.125447034835815,76040
18.136046171188354,76040
18.146756172180176,76040
18.157352447509766,76040
18.16797375679016,76040
18.178582429885864,76040
18.189188480377197,76040
18.199824333190918,76040
18.210505962371826,76040
18.22117328643799,76040
18.231761693954468,76040
18.242347955703735,76040
18.25300693511963,76040
18.2636137008667,76040
18.274205446243286,76040
18.284823417663574,76040
18.295412302017212,76040
18.305980920791626,76040
18.316657781600952,76040
18.32727313041687,76040
18.33790397644043,76040
18.34851574897766,76040
18.35915780067444,76040
18.369774341583252,76040
18.380395650863647,76040
18.391016721725464,76040
18.401630878448486,76040
18.412248134613037,76040
18.422845125198364,76040
18.433459520339966,76040
18.44405221939087,76040
18.454628705978394,76040
18.465206146240234,76040
18.475897550582886,76040
18.486493587493896,76040
18.497097730636597,76040
18.507702350616455,76040
18.518311262130737,76040
18.528934001922607,76040
18.53955340385437,76040
18.55016255378723,76040
18.56075429916382,76040
18.57136631011963,76040
18.58206057548523,76040
18.59263014793396,76040
18.603220462799072,76040
18.61379098892212,76040
18.624366760253906,76040
18.634968042373657,76040
18.64556050300598,76040
18.65616726875305,76040
18.66689705848694,76040
18.677473545074463,76040
18.688075304031372,76040
18.698714017868042,76040
18.709312200546265,76040
18.719910144805908,76040
18.730509042739868,76040
18.741109609603882,76040
18.751738786697388,76040
18.762360334396362,76040
18.77298927307129,76040
18.783631086349487,76040
18.794254541397095,76040
18.804893493652344,76040
18.815594911575317,76040
18.826233863830566,76040
18.836899518966675,76040
18.84750199317932,76040
18.858121633529663,76040
18.868770837783813,76040
18.87942671775818,76040
18.89006233215332,76040
18.90066409111023,76040
18.911250352859497,76040
18.921859979629517,76040
18.932449340820312,76040
18.943066596984863,76040
18.95368218421936,76040
18.96428108215332,76040
18.97486710548401,76040
18.985509157180786,76040
18.996143341064453,76040
19.006782054901123,76040
19.017401933670044,76040
19.02802538871765,76040
19.038657426834106,76040
19.049269437789917,76040
19.059913158416748,76040
19.070534467697144,76040
19.081156969070435,76040
19.09178113937378,76040
19.102396726608276,76040
19.113009452819824,76040
19.123685359954834,76040
19.134294033050537,76040
19.144899368286133,76040
19.155513763427734,76040
19.16611099243164,76040
19.176737546920776,76040
19.194817781448364,76040
19.213980674743652,76040
19.233070850372314,76040
19.251976013183594,76040
19.27072548866272,76040
19.289402723312378,76040
19.30792260169983,76040
19.326197385787964,76040
19.34433102607727,76040
19.362425327301025,76040
19.380645990371704,76040
19.399052619934082,76040
19.417598009109497,76040
19.436410903930664,76040
19.45530128479004,76040
19.47436237335205,76040
19.49359703063965,76040
19.512935876846313,76040
19.53229594230652,76040
19.552159309387207,76040
19.570577383041382,76040
19.58898901939392,76040
19.60737943649292,76040
19.62598967552185,76040
19.644938230514526,76040
19.664148807525635,76040
19.683725833892822,76040
19.703466653823853,76040
19.72342562675476,76040
19.74359703063965,76040
19.763888835906982,76040
19.784228086471558,76040
19.804592847824097,76040
19.8250789642334,76040
19.845569849014282,76040
19.86609983444214,76040
19.886688232421875,76040
19.9072847366333,76040
19.927913665771484,76040
19.948526620864868,76040
19.96925377845764,76040
19.989870071411133,76040
20.010481595993042,76040
20.03112030029297,76040
20.051761865615845,76040
20.072373867034912,76040
20.093055248260498,76040
20.113779067993164,76040
20.1343994140625,76040
20.155028581619263,76040
20.1756112575531,76040
20.19625735282898,76040
20.21690845489502,76040
20.237718105316162,76040
20.258193731307983,76040
20.27877974510193,76040
20.29938578605652,76040
20.320059061050415,76040
20.340630531311035,76040
20.361305713653564,76040
20.381929636001587,76040
20.402655124664307,76040
20.423324584960938,76040
20.444002389907837,76040
20.464659690856934,76040
20.485347509384155,76040
20.505985260009766,76040
20.526623487472534,76040
20.546862602233887,76040
20.565327167510986,76040
20.584129810333252,76040
20.60324788093567,76040
20.62282109260559,76040
20.642791748046875,76040
20.662858724594116,76040
20.68307662010193,76040
20.70351529121399,76040
20.724061489105225,76040
20.74470043182373,76040
20.7653591632843,76040
20.786184072494507,76040
20.80695867538452,76040
20.82783603668213,76040
20.848718881607056,76040
20.8697350025177,76040
20.890763521194458,76040
20.911715745925903,76040
20.93271493911743,76040
20.953665018081665,76040
20.974611520767212,76040
20.995471239089966,76040
21.016420125961304,76040
21.03745150566101,76040
21.0584659576416,76040
21.07950782775879,76040
21.1004798412323,76040
21.121500730514526,76040
21.142517805099487,76040
21.16363286972046,76040
21.18446111679077,76040
21.20539879798889,76040
21.226420402526855,76040
21.247287273406982,76040
21.26827597618103,76040
21.289127826690674,76040
21.310112953186035,76040
21.330878496170044,76040
21.35162329673767,76040
21.37250804901123,76040
21.393388032913208,76040
21.41430425643921,76040
21.4351806640625,76040
21.45617389678955,76040
21.477162837982178,76040
21.4981906414032,76040
21.51910161972046,76040
21.54007649421692,76040
21.552812337875366,76040
21.563435554504395,76040
21.574046850204468,76040
21.58461332321167,76040
21.5952205657959,76040
21.605833768844604,76040
21.61642336845398,76040
21.627039670944214,76040
21.63763427734375,76040
21.648228645324707,76040
21.65882968902588,76040
21.66940212249756,76040
21.680001974105835,76040
21.69057297706604,76040
21.701138257980347,76040
21.711722373962402,76040
21.72233271598816,76040
21.73295760154724,76040
21.743567943572998,76040
21.75415802001953,76040
21.764779567718506,76040
21.775489330291748,76040
21.78609561920166,76040
21.796714067459106,76040
21.807297706604004,76040
21.817922592163086,76040
21.82855486869812,76040
21.839174509048462,76040
21.849793672561646,76040
21.860401391983032,76040
21.871012210845947,76040
21.881608724594116,76040
21.892241954803467,76040
21.90285348892212,76040
21.913466691970825,76040
21.924103260040283,76040
21.934724807739258,76040
21.945353984832764,76040
21.95595145225525,76040
21.966586112976074,76040
21.977193355560303,76040
21.987798929214478,76040
21.998417854309082,76040
22.009052753448486,76040
22.019655227661133,76040
22.03027653694153,76040
22.040961027145386,76040
22.051573753356934,76040
22.062187433242798,76040
22.072836875915527,76040
22.08345675468445,76040
22.0940580368042,76040
22.104629516601562,76040
22.115233421325684,76040
22.125861644744873,76040
22.1364803314209,76040
22.147091150283813,76040
22.157686471939087,76040
22.16829752922058,76040
22.178916215896606,76040
22.18953013420105,76040
22.20012927055359,76040
22.21074390411377,76040
22.22132921218872,76040
22.23192310333252,76040
22.24252462387085,76040
22.253114223480225,76040
22.263726234436035,76040
22.274314641952515,76040
22.284921884536743,76040
22.295520067214966,76040
22.306099891662598,76040
22.316697359085083,76040
22.327312231063843,76040
22.33793616294861,76040
22.348525047302246,76040
22.359142303466797,76040
22.369751453399658,76040
22.380359411239624,76040
22.390987157821655,76040
22.40160322189331,76040
22.412193059921265,76040
22.422765254974365,76040
22.43338131904602,76040
22.44396185874939,76040
22.454548120498657,76040
22.465128421783447,76040
22.475735902786255,76040
22.48636293411255,76040
22.496952056884766,76040
22.50753879547119,76040
22.518179655075073,76040
22.528812408447266,76040
22.539456844329834,76040
22.550100564956665,76040
22.567382097244263,76040
22.58720088005066,76040
22.606893062591553,76040
22.626418113708496,76040
22.64572501182556,76040
22.664794445037842,76040
22.68364405632019,76040
22.702348470687866,76040
22.720773220062256,76040
22.739036083221436,76040
22.75735878944397,76040
22.775987148284912,76040
22.795010805130005,76040
22.814415454864502,76040
22.83424472808838,76040
22.85434865951538,76040
22.87464141845703,76040
22.895134925842285,76040
22.915696382522583,76040
22.936413049697876,76040
22.957239389419556,76040
22.978096961975098,76040
22.998943328857422,76040
23.019807815551758,76040
23.04068636894226,76040
23.061665058135986,76040
23.082651138305664,76040
23.10363221168518,76040
23.12117624282837,76040
23.131788730621338,76040
23.14237093925476,76040
23.152976989746094,76040
23.163602352142334,76040
23.174206733703613,76040
23.184824466705322,76040
23.195428133010864,76040
23.206033945083618,76040
23.2166645526886,76040
23.227269172668457,76040
23.23789381980896,76040
23.24850034713745,76040
23.259106397628784,76040
23.269734859466553,76040
23.280324935913086,76040
23.290959358215332,76040
23.30158257484436,76040
23.312227964401245,76040
23.322876453399658,76040
23.333466291427612,76040
23.34411072731018,76040
23.35471272468567,76040
23.365284204483032,76040
23.37593102455139,76040
23.386584520339966,76040
23.3971848487854,76040
23.407796382904053,76040
23.41844415664673,76040
23.42907691001892,76040
23.439719915390015,76040
23.45033049583435,76040
23.460968732833862,76040
23.471587657928467,76040
23.48221468925476,76040
23.49291181564331,76040
23.503553867340088,76040
23.514168739318848,76040
23.52480459213257,76040
23.535441160202026,76040
23.546033143997192,76040
23.556677103042603,76040
23.56731677055359,76040
23.5779070854187,76040
23.58850860595703,76040
23.599100351333618,76040
23.609699726104736,76040
23.620299339294434,76040
23.63094997406006,76040
23.64154362678528,76040
23.6521315574646,76040
23.66276454925537,76040
23.673373699188232,76040
23.68396520614624,76040
23.694568634033203,76040
23.70517325401306,76040
23.715784072875977,76040
23.72638440132141,76040
23.73700499534607,76040
23.7477068901062,76040
23.758305072784424,76040
23.768921613693237,76040
23.77964448928833,76040
23.790283918380737,76040
23.800902843475342,76040
23.811522960662842,76040
23.822115898132324,76040
23.83272933959961,76040
23.843328952789307,76040
23.853978872299194,76040
23.8646183013916,76040
23.87522554397583,76040
23.885870218276978,76040
23.896483421325684,76040
23.90709614753723,76040
23.917727947235107,76040
23.928319215774536,76040
23.938957691192627,76040
23.949525833129883,76040
23.960100650787354,76040
23.970696210861206,76040
23.981288194656372,76040
23.991892099380493,76040
24.002490043640137,76040
24.01309299468994,76040
24.023683071136475,76040
24.03434109687805,76040
24.0449960231781,76040
24.055586099624634,76040
24.06619167327881,76040
24.076788902282715,76040
24.08740520477295,76040
24.09800887107849,76040
24.108590841293335,76040
24.119223594665527,76040
24.129910945892334,76040
24.140555381774902,76040
24.151174783706665,76040
24.161797046661377,76040
24.172406673431396,76040
24.183016538619995,76040
24.193639516830444,76040
24.20428442955017,76040
24.21490502357483,76040
24.22551155090332,76040
24.236103773117065,76040
24.246694326400757,76040
24.257301330566406,76040
24.267997980117798,76040
24.27859354019165,76040
24.289227724075317,76040
24.299957990646362,76040
24.310564756393433,76040
24.321192026138306,76040
24.331814765930176,76040
24.34252142906189,76040
24.35312294960022,76040
24.36370277404785,76040
24.3743999004364,76040
24.38504147529602,76040
24.395671606063843,76040
24.40630054473877,76040
24.416923999786377,76040
24.427558660507202,76040
24.438159704208374,76040
24.448790073394775,76040
24.459381580352783,76040
24.469995260238647,76040
24.48060441017151,76040
24.49120306968689,76040
24.501810550689697,76040
24.512428522109985,76040
24.523042678833008,76040
24.533701181411743,76040
24.544333934783936,76040
24.554954767227173,76040
24.56559109687805,76040
24.5761878490448,76040
24.58680558204651,76040
24.59740972518921,76040
24.60800051689148,76040
24.618589639663696,76040
24.629197120666504,76040
24.6398606300354,76040
24.650492668151855,76040
24.66112184524536,76040
24.67171335220337,76040
24.682291507720947,76040
24.692896127700806,76040
24.70351219177246,76040
24.71411371231079,76040
24.7247793674469,76040
24.735373973846436,76040
24.74600100517273,76040
24.75659489631653,76040
24.767207860946655,76040
24.77782106399536,76040
24.7885320186615,76040
24.79914164543152,76040
24.80975651741028,76040
24.820372104644775,76040
24.8310067653656,76040
24.841602087020874,76040
24.852200984954834,76040
24.862822771072388,76040
24.873429775238037,76040
24.88402509689331,76040
24.903437614440918,76040
24.9233820438385,76040
24.94316339492798,76040
24.962913990020752,76040
24.982643127441406,76040
25.0023455619812,76040
25.02202796936035,76040
25.041670560836792,76040
25.06129264831543,76040
25.08085322380066,76040
25.10036873817444,76040
25.119837999343872,76040
25.139240980148315,76040
25.158538341522217,76040
25.177785873413086,76040
25.196958303451538,76040
25.216039419174194,76040
25.235126733779907,76040
25.254145622253418,76040
25.27311897277832,76040
25.291932582855225,76040
25.310661554336548,76040
25.32942819595337,76040
25.348191022872925,76040
25.36696743965149,76040
25.38576602935791,76040
25.404600381851196,76040
25.423544883728027,76040
25.44260573387146,76040
25.46194887161255,76040
25.48137354850769,76040
25.500932931900024,76040
25.52068567276001,76040
25.540484189987183,76040
25.56035542488098,76040
25.58026885986328,76040
25.60028624534607,76040
25.620429039001465,76040
25.640588998794556,76040
25.660834550857544,76040
25.681152820587158,76040
25.701416730880737,76040
25.72192883491516,76040
25.742335081100464,76040
25.762758255004883,76040
25.783123254776,76040
25.803396224975586,76040
25.82378387451172,76040
25.844191074371338,76040
25.864625215530396,76040
25.88501286506653,76040
25.905395984649658,76040
25.925935745239258,76040
25.946420907974243,76040
25.96678137779236,76040
25.98714804649353,76040
26.007556200027466,76040
26.028123378753662,76040
26.048547506332397,76040
26.069021224975586,76040
26.089445114135742,76040
26.109965324401855,76040
26.13041090965271,76040
26.150927305221558,76040
26.171422481536865,76040
26.19194269180298,76040
26.21243119239807,76040
26.232945442199707,76040
26.25343084335327,76040
26.273937463760376,76040
26.294349431991577,76040
26.314784288406372,76040
26.335220098495483,76040
26.355687856674194,76040
26.376176118850708,76040
26.396591663360596,76040
26.417190313339233,76040
26.437946796417236,76040
26.45853900909424,76040
26.47921919822693,76040
26.49986481666565,76040
26.520471811294556,76040
26.541060209274292,76040
26.561662912368774,76040
26.582223176956177,76040
26.602814197540283,76040
26.623372316360474,76040
26.64392328262329,76040
26.664466619491577,76040
26.685006856918335,76040
26.70547604560852,76040
26.725972652435303,76040
26.746480703353882,76040
26.767001152038574,76040
26.787510871887207,76040
26.808029413223267,76040
26.828556537628174,76040
26.84911870956421,76040
26.869677305221558,76040
26.890279531478882,76040
26.91084098815918,76040
26.931412935256958,76040
26.951987981796265,76040
26.972514867782593,76040
26.993093013763428,76040
27.01364493370056,76040
27.034217357635498,76040
27.054798126220703,76040
27.07532262802124,76040
27.095875024795532,76040
27.1164288520813,76040
27.136972427368164,76040
27.15609860420227,76040
27.166734218597412,76040
27.177345991134644,76040
27.187992334365845,76040
27.19865369796753,76040
27.209301710128784,76040
27.21993899345398,76040
27.230534315109253,76040
27.24116587638855,76040
27.251785039901733,76040
27.26239848136902,76040
27.273038625717163,76040
27.283645629882812,76040
27.29426074028015,76040
27.30487561225891,76040
27.315494775772095,76040
27.326125144958496,76040
27.33674430847168,76040
27.347360610961914,76040
27.35796618461609,76040
27.36858582496643,76040
27.379202127456665,76040
27.3897967338562,76040
27.400425910949707,76040
27.411035537719727,76040
27.421640872955322,76040
27.432271003723145,76040
27.442866325378418,76040
27.453489542007446,76040
27.464107513427734,76040
27.474777936935425,76040
27.48539447784424,76040
27.496037483215332,76040
27.506661891937256,76040
27.517282962799072,76040
27.527945518493652,76040
27.538554668426514,76040
27.549184322357178,76040
27.55991768836975,76040
27.57059645652771,76040
27.58126926422119,76040
27.591996669769287,76040
27.602610111236572,76040
27.6132333278656,76040
27.62384057044983,76040
27.634465217590332,76040
27.645060539245605,76040
27.655722856521606,76040
27.66631031036377,76040
27.67694664001465,76040
27.68759560585022,76040
27.69821310043335,76040
27.708821535110474,76040
27.719462156295776,76040
27.730090856552124,76040
27.740723133087158,76040
27.75134825706482,76040
27.762021780014038,76040
27.772645235061646,76040
27.783340454101562,76040
27.793954372406006,76040
27.804584741592407,76040
27.815205574035645,76040
27.825794219970703,76040
27.836387872695923,76040
27.847003936767578,76040
27.85761523246765,76040
27.868231534957886,76040
27.87884020805359,76040
27.88950204849243,76040
27.900123596191406,76040
27.910757541656494,76040
27.9213969707489,76040
27.932021379470825,76040
27.942636728286743,76040
27.953258991241455,76040
27.96384572982788,76040
27.97445297241211,76040
27.985053539276123,76040
27.995679140090942,76040
28.00638771057129,76040
28.017033338546753,76040
28.027619123458862,76040
28.038251161575317,76040
28.048871994018555,76040
28.059467315673828,76040
28.070054292678833,76040
28.080631494522095,76040
28.09122586250305,76040
28.10188317298889,76040
28.120605945587158,76040
28.139835119247437,76040
28.159106731414795,76040
28.178364276885986,76040
28.19760799407959,76040
28.216837406158447,76040
28.236092567443848,76040
28.255377292633057,76040
28.27466630935669,76040
28.293968200683594,76040
28.313222646713257,76040
28.332641124725342,76040
28.3519287109375,76040
28.371184825897217,76040
28.39048409461975,76040
28.409783601760864,76040
28.429072618484497,76040
28.448355436325073,76040
28.467686653137207,76040
28.487016201019287,76040
28.506359100341797,76040
28.525668144226074,76040
28.545020818710327,76040
28.562541246414185,76040
28.573179721832275,76040
28.583810329437256,76040
28.59442949295044,76040
28.6050546169281,76040
28.61570429801941,76040
28.626339197158813,76040
28.63693904876709,76040
28.647550582885742,76040
28.65814518928528,76040
28.668768167495728,76040
28.67936944961548,76040
28.689993143081665,76040
28.70056915283203,76040
28.711161375045776,76040
28.721831560134888,76040
28.732540369033813,76040
28.743154048919678,76040
28.753755569458008,76040
28.76437258720398,76040
28.774988174438477,76040
28.785585641860962,76040
28.79621458053589,76040
28.815447330474854,76040
28.835017919540405,76040
28.854779481887817,76040
28.874396562576294,76040
28.894047260284424,76040
28.91371726989746,76040
28.933323621749878,76040
28.952796936035156,76040
28.972206830978394,76040
28.991565942764282,76040
29.01080346107483,76040
29.029913187026978,76040
29.048903942108154,76040
29.067761182785034,76040
29.08654236793518,76040
29.105239868164062,76040
29.123663902282715,76040
29.141913890838623,76040
29.16010332107544,76040
29.178178310394287,76040
29.196336030960083,76040
29.214760065078735,76040
29.23334765434265,76040
29.252123832702637,76040
29.271077871322632,76040
29.29023003578186,76040
29.3094699382782,76040
29.328715801239014,76040
29.3480122089386,76040
29.36735486984253,76040
29.38675332069397,76040
29.406245946884155,76040
29.425774335861206,76040
29.445258140563965,76040
29.46490716934204,76040
29.484408378601074,76040
29.503958702087402,76040
29.523497343063354,76040
29.54307746887207,76040
29.558037757873535,76040
29.568697929382324,76040
29.579312801361084,76040
29.589905261993408,76040
29.600497245788574,76040
29.61108684539795,76040
29.621718406677246,76040
29.632434368133545,76040
29.643073797225952,76040
29.653714418411255,76040
29.664331912994385,76040
29.67496657371521,76040
29.685559034347534,76040
29.696202993392944,76040
29.706835985183716,76040
29.717522621154785,76040
29.728131532669067,76040
29.738758325576782,76040
29.74942421913147,76040
29.760071754455566,76040
29.770665645599365,76040
29.781416654586792,76040
29.792039155960083,76040
29.802682161331177,76040
29.813368320465088,76040
29.824095249176025,76040
29.834729194641113,76040
29.84532380104065,76040
29.855924606323242,76040
29.866507530212402,76040
29.877103567123413,76040
29.892622470855713,76040
29.911983489990234,76040
29.931375741958618,76040
29.95080018043518,76040
29.97024130821228,76040
29.989724159240723,76040
30.009202480316162,76040
30.028671503067017,76040
30.048210859298706,76040
30.067805767059326,76040
30.087385654449463,76040
30.106990575790405,76040
30.12663221359253,76040
30.14625573158264,76040
30.165876388549805,76040
30.18542504310608,76040
30.204883575439453,76040
30.22424840927124,76040
30.243539333343506,76040
30.26273775100708,76040
30.281813144683838,76040
30.300745248794556,76040
30.319559812545776,76040
30.338352918624878,76040
30.356988668441772,76040
30.375372409820557,76040
30.393670797348022,76040
30.41184949874878,76040
30.430025100708008,76040
30.44816565513611,76040
30.466575145721436,76040
30.48514485359192,76040
30.504040718078613,76040
30.52298092842102,76040
30.54218816757202,76040
30.559404611587524,76040
30.570064544677734,76040
30.580720901489258,76040
30.591357469558716,76040
30.60200309753418,76040
30.61259913444519,76040
30.62320590019226,76040
30.63380241394043,76040
30.644442558288574,76040
30.655059814453125,76040
30.665704488754272,76040
30.676317930221558,76040
30.686960697174072,76040
30.69753384590149,76040
30.708157539367676,76040
30.718788623809814,76040
30.729419469833374,76040
30.740007162094116,76040
30.750656843185425,76040
30.761294841766357,76040
30.77191686630249,76040
30.782512426376343,76040
30.793150186538696,76040
30.80375385284424,76040
30.814369440078735,76040
30.82499933242798,76040
30.835604667663574,76040
30.84620428085327,76040
30.856832265853882,76040
30.867424964904785,76040
30.878153800964355,76040
30.8887939453125,76040
30.89940643310547,76040
30.910000801086426,76040
30.920635223388672,76040
30.93124032020569,76040
30.941864490509033,76040
30.952467441558838,76040
30.96309757232666,76040
30.97369623184204,76040
30.984328031539917,76040
30.994951009750366,76040
31.005592823028564,76040
31.016227960586548,76040
31.026981115341187,76040
31.037607192993164,76040
31.04822826385498,76040
31.058856964111328,76040
31.06945252418518,76040
31.08011221885681,76040
31.090775966644287,76040
31.101383924484253,76040
31.112009048461914,76040
31.122666835784912,76040
31.13327693939209,76040
31.145317316055298,76040
31.15977430343628,76040
31.17308807373047,76040
31.184699773788452,76040
31.19901990890503,76040
31.209693431854248,76040
31.2203311920166,76040
31.230966329574585,76040
31.24752688407898,76040
31.26641845703125,76040
31.285186052322388,76040
31.303932666778564,76040
31.322670698165894,76040
31.341487407684326,76040
31.36021900177002,76040
31.379042625427246,76040
31.397881984710693,76040
31.41675305366516,76040
31.435741424560547,76040
31.454969882965088,76040
31.474393844604492,76040
31.49389934539795,76040
31.513527393341064,76040
31.53333592414856,76040
31.553224563598633,76040
31.573198795318604,76040
31.593204736709595,76040
31.613227367401123,76040
31.633375883102417,76040
31.65354895591736,76040
31.673771619796753,76040
31.694077014923096,76040
31.714346647262573,76040
31.734620332717896,76040
31.755106449127197,76040
31.77553963661194,76040
31.79585576057434,76040
31.81623387336731,76040
31.836596965789795,76040
31.85698175430298,76040
31.87741470336914,76040
31.897853136062622,76040
31.9182870388031,76040
31.93873691558838,76040
31.95917296409607,76040
31.979534149169922,76040
32.000046253204346,76040
32.02054262161255,76040
32.041017293930054,76040
32.061508893966675,76040
32.08194923400879,76040
32.102436542510986,76040
32.12293004989624,76040
32.1434223651886,76040
32.16392993927002,76040
32.184423208236694,76040
32.204941511154175,76040
32.225412368774414,76040
32.245842933654785,76040
32.26635026931763,76040
32.286879777908325,76040
32.307361125946045,76040
32.327898025512695,76040
32.34844350814819,76040
32.36890721321106,76040
32.38944602012634,76040
32.409937143325806,76040
32.430415630340576,76040
32.450855016708374,76040
32.47137117385864,76040
32.491905212402344,76040
32.512399673461914,76040
32.53286790847778,76040
32.55336666107178,76040
32.57391166687012,76040
32.59442472457886,76040
32.61491560935974,76040
32.63539481163025,76040
32.65592932701111,75838
32.67645597457886,75838
32.69701099395752,75838
32.717570304870605,75838
32.73811864852905,75838
32.758605003356934,75838
32.77916145324707,75838
32.79970192909241,75838
32.82023000717163,75838
32.84094715118408,75838
32.861507415771484,75838
32.882086515426636,75838
32.90264010429382,75838
32.92317247390747,75838
32.94371151924133,75838
32.964242696762085,75838
32.984827280044556,75838
33.005399227142334,75838
33.02471351623535,75838
33.043853521347046,75838
33.06335377693176,75838
33.08307886123657,75838
33.10300827026367,75838
33.123045682907104,75838
33.14323353767395,75838
33.16357493400574,75838
33.18398714065552,75838
33.20449948310852,75838
33.22514247894287,75838
33.24599814414978,75838
33.266847372055054,75838
33.28777718544006,75838
33.308671951293945,75838
33.32968473434448,75838
33.35087728500366,75838
33.371899127960205,75838
33.39294219017029,75838
33.414008378982544,75838
33.43500089645386,75838
33.45601511001587,75838
33.47705960273743,75838
33.498096227645874,75838
33.51936054229736,75838
33.54026508331299,75838
33.55898880958557,75838
33.56965160369873,75838
33.58026123046875,75838
33.59085822105408,75838
33.6014838218689,75838
33.612133502960205,75838
33.62284874916077,75838
33.633453130722046,75838
33.64420986175537,75838
33.654850244522095,75838
33.66546368598938,75838
33.67609620094299,75838
33.68671751022339,75838
33.697298765182495,75838
33.707935094833374,75838
33.71854853630066,75838
33.72915577888489,75838
33.739760398864746,75838
33.75034260749817,75838
33.7609601020813,75838
33.77156972885132,75838
33.78216910362244,75838
33.79279565811157,75838
33.80339288711548,75838
33.81401181221008,75838
33.824636936187744,75838
33.8352632522583,75838
33.84585762023926,75838
33.856446504592896,75838
33.867045164108276,75838
33.87761664390564,75838
33.88821196556091,75838
33.898828983306885,75838
33.90943217277527,75838
33.92013502120972,75838
33.93072199821472,75838
33.9413104057312,75838
33.9518985748291,75838
33.9624969959259,75838
33.97308039665222,75838
33.98368048667908,75838
33.99427056312561,75838
34.00490093231201,75838
34.015506982803345,75838
34.02609467506409,75838
34.03671860694885,75838
34.04730844497681,75838
34.05790710449219,75838
34.06850790977478,75838
34.07912874221802,75838
34.08971858024597,75838
34.1002995967865,75838
34.11092209815979,75838
34.12152433395386,75838
34.13208079338074,75838
34.14270806312561,75838
34.15333867073059,75838
34.16396927833557,75838
34.17455339431763,75838
34.18514132499695,75838
34.19574475288391,75838
34.20634341239929,75838
34.21697187423706,75838
34.2275505065918,75838
34.238157749176025,75838
34.24877214431763,75838
34.25938367843628,75838
34.26998233795166,75838
34.28060531616211,75838
34.29118227958679,75838
34.301839113235474,75838
34.312413930892944,75838
34.323036909103394,75838
34.333635091781616,75838
34.344236612319946,75838
34.35481286048889,75838
34.365434408187866,75838
34.37603974342346,75838
34.38663578033447,75838
34.397242307662964,75838
34.40786099433899,75838
34.41844916343689,75838
34.429070234298706,75838
34.43968629837036,75838
34.45025157928467,75838
34.460832834243774,75838
34.471447467803955,75838
34.4820339679718,75838
34.49262762069702,75838
34.503233432769775,75838
34.513864040374756,75838
34.52448749542236,75838
34.535114765167236,75838
34.54573345184326,75838
34.55636548995972,75838
34.56697201728821,75838
34.57758569717407,75838
34.58820128440857,75838
34.59882211685181,75838
34.609434604644775,75838
34.62002730369568,75838
34.630645990371704,75838
34.64125299453735,75838
34.651883125305176,75838
34.66249632835388,75838
34.673075437545776,75838
34.683669328689575,75838
34.69428253173828,75838
34.70487904548645,75838
34.71546769142151,75838
34.72611212730408,75838
34.736711263656616,75838
34.74734544754028,75838
34.75795292854309,75838
34.76855111122131,75838
34.77917242050171,75838
34.78978776931763,75838
34.80038380622864,75838
34.8109974861145,75838
34.82158160209656,75838
34.83217692375183,75838
34.842774629592896,75838
34.85337471961975,75838
34.863951444625854,75838
34.87454676628113,75838
34.88515090942383,75838
34.89571976661682,75838
34.906309604644775,75838
34.9169237613678,75838
34.92752647399902,75838
34.93812704086304,75838
34.948760986328125,75838
34.959359645843506,75838
34.969955921173096,75838
34.98055911064148,75838
34.991188287734985,75838
35.00178289413452,75838
35.01248264312744,75838
35.0230770111084,75838
35.0336697101593,75838
35.04428243637085,75838
35.05490517616272,75838
35.06550645828247,75838
35.0761194229126,75838
35.08673453330994,75838
35.097325563430786,75838
35.107964754104614,75838
35.11857461929321,75838
35.12919211387634,75838
35.14653658866882,75838
35.16454815864563,75838
35.18308639526367,75838
35.201488971710205,75838
35.21985054016113,75838
35.23819041252136,75838
35.25679898262024,75838
35.27588605880737,75838
35.29498863220215,75838
35.31445264816284,75838
35.33417844772339,75838
35.354084491729736,75838
35.37421226501465,75838
35.39442563056946,75838
35.41480493545532,75838
35.43523597717285,75838
35.45570945739746,75838
35.476356506347656,75838
35.49696063995361,75838
35.51756954193115,75838
35.53824782371521,75838
35.55900502204895,75838
35.57968831062317,75838
35.60055661201477,75838
35.62128257751465,75838
35.64199209213257,75838
35.662678956985474,75838
35.6834032535553,75838
35.704124450683594,75838
35.72482872009277,75838
35.74565315246582,75838
35.766470432281494,75838
35.78739142417908,75838
35.80831336975098,75838
35.82925057411194,75838
35.85011076927185,75838
35.870965003967285,75838
35.89176964759827,75838
35.91261124610901,75838
35.93346071243286,75838
35.95428133010864,75838
35.97506380081177,75838
35.99580240249634,75838
36.01653695106506,75838
36.03728652000427,75838
36.05801343917847,75838
36.07880187034607,75838
36.099692821502686,75838
36.1204936504364,75838
36.1412787437439,75838
36.16206479072571,75838
36.182822942733765,75838
36.20358061790466,75838
36.22442579269409,75838
36.245205879211426,75838
36.2659866809845,75838
36.2868115901947,75838
36.30767107009888,75838
36.328420877456665,75838
36.3493857383728,75838
36.370134592056274,75838
36.390817165374756,75838
36.41157102584839,75838
36.4322624206543,75838
36.45302367210388,75838
36.47374486923218,75838
36.4944965839386,75838
36.515238523483276,75838
36.53605031967163,75838
36.55684542655945,75838
36.577616691589355,75838
36.598361015319824,75838
36.61912775039673,75838
36.639877796173096,75838
36.66060018539429,75838
36.68132925033569,75838
36.702064514160156,75838
36.72279381752014,75838
36.74352502822876,75838
36.76425862312317,75838
36.785001039505005,75838
36.80575752258301,75838
36.82646441459656,75838
36.84729599952698,75838
36.86801528930664,75838
36.888715982437134,75838
36.90945529937744,75838
36.93019390106201,75838
36.95088291168213,75838
36.971699953079224,75838
36.992395877838135,75838
37.0130774974823,75838
37.03376054763794,75838
37.054497957229614,75838
37.0752112865448,75838
37.09594416618347,75838
37.11661195755005,75838
37.13727355003357,75838
37.15797162055969,75838
37.17865777015686,75838
37.19941186904907,75838
37.22028994560242,75838
37.24101805686951,75838
37.26172852516174,75838
37.28246212005615,75838
37.303192138671875,75838
37.323877811431885,75838
37.34457540512085,75838
37.36525917053223,75838
37.38593411445618,75838
37.40669631958008,75838
37.42743992805481,75838
37.44819498062134,75838
37.46906018257141,75838
37.489806175231934,75838
37.51048016548157,75838
37.53127193450928,75838
37.55201554298401,75838
37.57268500328064,75838
37.593448638916016,75838
37.61419200897217,75838
37.63486695289612,75838
37.655617475509644,75838
37.676323652267456,75838
37.69703245162964,75838
37.71791124343872,75838
37.7386212348938,75838
37.759316205978394,75838
37.78004813194275,75838
37.80089712142944,75838
37.8216118812561,75838
37.84239625930786,75838
37.863189697265625,75838
37.88403844833374,75838
37.90490388870239,75838
37.92574119567871,75838
37.94660043716431,75838
37.96757936477661,75838
37.98832988739014,75838
38.009159564971924,75838
38.02997636795044,75838
38.05075979232788,75838
38.07160949707031,75838
38.092217445373535,75838
38.11288142204285,75838
38.133543968200684,75838
38.154269218444824,75838
38.1750328540802,75838
38.19575309753418,75838
38.216590881347656,75838
38.237348794937134,75838
38.258063554763794,75838
38.27883195877075,75838
38.29953956604004,75838
38.320290327072144,75838
38.34098815917969,75838
38.36170482635498,75838
38.38240909576416,75838
38.40311074256897,75838
38.4238166809082,75838
38.444539070129395,75838
38.46545124053955,75838
38.486189126968384,75838
38.50691342353821,75838
38.52764844894409,75838
38.54839825630188,75838
38.56917428970337,75838
38.589919567108154,75838
38.61064863204956,75838
38.63139510154724,75838
38.65212917327881,75838
38.672914266586304,75838
38.69366145133972,75838
38.71459746360779,75838
38.735387563705444,75838
38.756104946136475,75838
38.776829957962036,75838
38.7975435256958,75838
38.81833553314209,75838
38.839146852493286,75838
38.859949350357056,75838
38.880728006362915,75838
38.9014835357666,75838
38.92225646972656,75838
38.94300937652588,75838
38.96393132209778,75838
38.98472738265991,75838
39.00551128387451,75838
39.02634787559509,75838
39.047157764434814,75838
39.06800317764282,75838
39.088844537734985,75838
39.10963249206543,75838
39.12403750419617,75838
39.13468623161316,75838
39.14528775215149,75838
39.157285928726196,75838
39.16853880882263,75838
39.18083572387695,75838
39.20016622543335,75838
39.21897554397583,75838
39.237682580947876,75838
39.25627779960632,75838
39.27481031417847,75838
39.2933292388916,75838
39.31186103820801,75838
39.330363750457764,75838
39.34884238243103,75838
39.36731219291687,75838
39.38592743873596,75838
39.404670000076294,75838
39.4234664440155,75838
39.44237780570984,75838
39.46135115623474,75838
39.48040437698364,75838
39.49950361251831,75838
39.51860308647156,75838
39.537782430648804,75838
39.55696702003479,75838
39.57053899765015,75838
39.58121156692505,75838
39.591787815093994,75838
39.602436542510986,75838
39.61308836936951,75838
39.6237006187439,75838
39.63428974151611,75838
39.6448929309845,75838
39.65549445152283,75838
39.66608691215515,75838
39.67668533325195,75838
39.6872923374176,75838
39.697922229766846,75838
39.708552837371826,75838
39.71914267539978,75838
39.72973036766052,75838
39.74031329154968,75838
39.75092601776123,75838
39.76155495643616,75838
39.77211117744446,75838
39.78269577026367,75838
39.79331374168396,75838
39.80393934249878,75838
39.81453776359558,75838
39.82512974739075,75838
39.835726499557495,75838
39.846291303634644,75838
39.85690975189209,75838
39.867499351501465,75838
39.87812376022339,75838
39.888776540756226,75838
39.89940547943115,75838
39.91002941131592,75838
39.92068815231323,75838
39.93130087852478,75838
39.94191861152649,75838
39.95250725746155,75838
39.963106632232666,75838
39.973700284957886,75838
39.984330892562866,75838
39.99493050575256,75838
40.00551462173462,75838
40.01612448692322,75838
40.026721715927124,75838
40.037338733673096,75838
40.04793405532837,75838
40.058536529541016,75838
40.06913900375366,75838
40.07978534698486,75838
40.090391397476196,75838
40.101001501083374,75838
40.11157488822937,75838
40.12216639518738,75838
40.13276934623718,75838
40.143373250961304,75838
40.153947830200195,75838
40.16454243659973,75838
40.17513465881348,75838
40.18574237823486,75838
40.19630718231201,75838
40.20691180229187,75838
40.21748661994934,75838
40.22808074951172,75838
40.23864221572876,75838
40.24923372268677,75838
40.25984168052673,75838
40.27045440673828,75838
40.281015157699585,75838
40.29159235954285,75838
40.302162885665894,75838
40.31275129318237,75838
40.32331871986389,75838
40.33392286300659,75838
40.344484090805054,75838
40.355058670043945,75838
40.36563301086426,75838
40.37621855735779,75838
40.38683557510376,75838
40.39749717712402,75838
40.40812802314758,75838
40.418739557266235,75838
40.42937254905701,75838
40.4399950504303,75838
40.450568199157715,75838
40.461177587509155,75838
40.47177815437317,75838
40.48236536979675,75838
40.49296951293945,75838
40.50355100631714,75838
40.514177083969116,75838
40.52478528022766,75838
40.53541541099548,75838
40.54604506492615,75838
40.55663847923279,75838
40.567744970321655,75838
40.57836985588074,75838
40.58896255493164,75838
40.599529504776,75838
40.61013054847717,75838
40.62073278427124,75838
40.6313362121582,75838
40.641902923583984,75838
40.652519941329956,75838
40.663124322891235,75838
40.67373013496399,75838
40.6843318939209,75838
40.69489669799805,75838
40.70548415184021,75838
40.71605658531189,75838
40.726667165756226,75838
40.73725748062134,75838
40.747862339019775,75838
40.75846219062805,75838
40.76906204223633,75838
40.779651165008545,75838
40.79026746749878,75838
40.800891399383545,75838
40.811503648757935,75838
40.82212018966675,75838
40.832759618759155,75838
40.84343481063843,75838
40.854042291641235,75838
40.86462759971619,75838
40.87523365020752,75838
40.88586735725403,75838
40.89648795127869,75838
40.90710711479187,75838
40.91775679588318,75838
40.92836022377014,75838
40.93899440765381,75838
40.94960641860962,75838
40.96020317077637,75838
40.97080898284912,75838
40.981425285339355,75838
40.99205231666565,75838
41.002639293670654,75838
41.013232707977295,75838
41.023937702178955,75838
41.03454518318176,75838
41.04511260986328,75838
41.055720806121826,75838
41.06631898880005,75838
41.07696485519409,75838
41.08758521080017,75838
41.098222494125366,75838
41.10885310173035,75838
41.119450092315674,75838
41.13004112243652,75838
41.14066243171692,75838
41.151285886764526,75838
41.16188716888428,75838
41.17247295379639,75838
41.18305850028992,75838
41.19369387626648,75838
41.20430874824524,75838
41.214898347854614,75838
41.22549557685852,75838
41.23608732223511,75838
41.24667835235596,75838
41.2572865486145,75838
41.267884492874146,75838
41.278507709503174,75838
41.289095878601074,75838
41.299715757369995,75838
41.31030321121216,75838
41.320913553237915,75838
41.33147478103638,75838
41.342045545578,75838
41.35263133049011,75838
41.363221883773804,75838
41.373817920684814,75838
41.38442635536194,75838
41.395013093948364,75838
41.405574798583984,75838
41.416157722473145,75838
41.42673420906067,75838
41.437339544296265,75838
41.447948694229126,75838
41.45852613449097,75838
41.46913695335388,75838
41.47971558570862,75838
41.49029207229614,75838
41.50087213516235,75838
41.511465549468994,75838
41.52205300331116,75838
41.53268003463745,75838
41.54328417778015,75838
41.553927421569824,75838
41.564515113830566,75838
41.57556748390198,75838
41.58621382713318,75838
41.596848011016846,75838
41.60744643211365,75838
41.61805963516235,75838
41.62869906425476,75838
41.6393461227417,75838
41.649986743927,75838
41.66062140464783,75838
41.67124700546265,75838
41.68185901641846,75838
41.69248294830322,75838
41.70310378074646,75838
41.71372056007385,75838
41.72433567047119,75838
41.734965085983276,75838
41.74556636810303,75838
41.75617456436157,75838
41.76678133010864,75838
41.77736568450928,75838
41.78798508644104,75838
41.79861354827881,75838
41.80924677848816,75838
41.81987476348877,75838
41.830482006073,75838
41.84110164642334,75838
41.85170364379883,75838
41.86230182647705,75838
41.87290573120117,75838
41.88350534439087,75838
41.8941376209259,75838
41.90473437309265,75838
41.91533899307251,75838
41.92596983909607,75838
41.93659734725952,75838
41.947248458862305,75838
41.957876682281494,75838
41.968491077423096,75838
41.97913932800293,75838
41.9897620677948,75838
42.00038290023804,75838
42.01098132133484,75838
42.02162742614746,75838
42.03222894668579,75838
42.04287385940552,75838
42.0535032749176,75838
42.064101457595825,75838
42.0747287273407,75838
42.08537554740906,75838
42.09596610069275,75838
42.10654878616333,75838
42.11716389656067,75838
42.12776279449463,75838
42.138391733169556,75838
42.149027824401855,75838
42.159621477127075,75838
42.170244216918945,75838
42.18095874786377,75838
42.191574573516846,75838
42.20215845108032,75838
42.2127583026886,75838
42.22336292266846,75838
42.2339551448822,75838
42.24457025527954,75838
42.255157232284546,75838
42.265767335891724,75838
42.276376724243164,75838
42.28697681427002,75838
42.29755473136902,75838
42.30815649032593,75838
42.31877613067627,75838
42.329375982284546,75838
42.33996820449829,75838
42.35054874420166,75838
42.36114573478699,75838
42.371763706207275,75838
42.38233208656311,75838
42.39294505119324,75838
42.40350365638733,75838
42.414090633392334,75838
42.42470049858093,75838
42.435328245162964,75838
42.44594383239746,75838
42.45654296875,75838
42.46716117858887,75838
42.47774314880371,75838
42.48836278915405,75838
42.49896049499512,75838
42.50957894325256,75838
42.52016091346741,75838
42.530805826187134,75838
42.541404008865356,75838
42.55203986167908,75838
42.56262493133545,75838
42.573829889297485,75838
42.58445358276367,75838
42.59505009651184,75838
42.60562705993652,75838
42.61623501777649,75838
42.62682890892029,75838
42.63743615150452,75838
42.6480278968811,75838
42.658637046813965,75838
42.66923904418945,75838
42.679890871047974,75838
42.690486669540405,75838
42.7010862827301,75838
42.71171259880066,75838
42.72233510017395,75838
42.73293161392212,75838
42.743525981903076,75838
42.754122734069824,75838
42.76473307609558,75838
42.77532887458801,75838
42.78593873977661,75838
42.79653573036194,75838
42.807172775268555,75838
42.81777858734131,75838
42.82837677001953,75838
42.839020013809204,75838
42.84965252876282,75838
42.86026382446289,75838
42.870903968811035,75838
42.88151454925537,75838
42.89211559295654,75838
42.90274500846863,75838
42.913379192352295,75838
42.92398023605347,75838
42.934589862823486,75838
42.94522976875305,75838
42.955859661102295,75838
42.966453552246094,75838
42.977028608322144,75838
42.98763608932495,75838
42.998228549957275,75838
43.00886058807373,75838
43.01949095726013,75838
43.03011655807495,75838
43.04074192047119,75838
43.05138611793518,75838
43.062023878097534,75838
43.07275581359863,75838
43.08341431617737,75838
43.094032287597656,75838
43.10462737083435,75838
43.115232706069946,75838
43.12585163116455,75838
43.1364860534668,75838
43.14708971977234,75838
43.16023898124695,75838
43.17409300804138,75838
43.18469572067261,75838
43.19532513618469,75838
43.205944299697876,75838
43.21655535697937,75838
43.227161169052124,75838
43.237741470336914,75838
43.2483594417572,75838
43.25899648666382,75838
43.26960325241089,75838
43.28022480010986,75838
43.290871143341064,75838
43.30144476890564,75838
43.31204891204834,75838
43.32264161109924,75838
43.333252906799316,75838
43.34388756752014,75838
43.3544819355011,75838
43.365071296691895,75838
43.37566685676575,75838
43.38626265525818,75838
43.39683437347412,75838
43.40745735168457,75838
43.418076515197754,75838
43.42871332168579,75838
43.43930649757385,75838
43.44993448257446,75838
43.46054196357727,75838
43.471155405044556,75838
43.4817636013031,75838
43.49239253997803,75838
43.5029776096344,75838
43.513574838638306,75838
43.52414917945862,75838
43.534778356552124,75838
43.54539394378662,75838
43.55598187446594,75838
43.566609144210815,75838
43.57766509056091,75838
43.58830165863037,75838
43.598957777023315,75838
43.60958695411682,75838
43.620240926742554,75838
43.63085198402405,75838
43.64146685600281,75838
43.652026891708374,75838
43.662636041641235,75838
43.67325782775879,75838
43.683870792388916,75838
43.69448685646057,75838
43.705113887786865,75838
43.71572780609131,75838
43.72632312774658,75838
43.73695659637451,75838
43.747546911239624,75838
43.758164405822754,75838
43.76879549026489,75838
43.77939200401306,75838
43.79001474380493,75838
43.800649881362915,75838
43.811288833618164,75838
43.821903228759766,75838
43.832518577575684,75838
43.8431441783905,75838
43.853755235672,75838
43.86447787284851,75838
43.875083923339844,75838
43.88573408126831,75838
43.896331548690796,75838
43.90695071220398,75838
43.91758608818054,75838
43.928187131881714,75838
43.9388267993927,75838
43.94946622848511,75838
43.960076332092285,75838
43.97073268890381,75838
43.98133206367493,75838
43.99196743965149,75838
44.002580642700195,75838
44.01319169998169,75838
44.02378821372986,75838
44.03438210487366,75838
44.045001745224,75838
44.05559849739075,75838
44.066202878952026,75838
44.07685708999634,75838
44.08746886253357,75838
44.09808158874512,75838
44.10870957374573,75838
44.11931777000427,75838
44.12993502616882,75838
44.140573263168335,75838
44.15119004249573,75838
44.16179394721985,75838
44.1723906993866,75838
44.18301272392273,75838
44.19365072250366,75838
44.2042555809021,75838
44.214895486831665,75838
44.225510597229004,75838
44.236117362976074,75838
44.2467200756073,75838
44.25733923912048,75838
44.26795220375061,75838
44.27855634689331,75838
44.289204835891724,75838
44.29984903335571,75838
44.31045722961426,75838
44.32106614112854,75838
44.33165216445923,75838
44.342262268066406,75838
44.35289788246155,75838
44.36350989341736,75838
44.37413501739502,75838
44.38488435745239,75838
44.39550566673279,75838
44.40612602233887,75838
44.41679096221924,75838
44.427377700805664,75838
44.43797492980957,75838
44.44858479499817,75838
44.459200859069824,75838
44.469799280166626,75838
44.48039507865906,75838
44.49100947380066,75838
44.50164747238159,75838
44.512250661849976,75838
44.52284622192383,75838
44.533451080322266,75838
44.544079542160034,75838
44.554694414138794,75838
44.56531596183777,75838
44.57652688026428,75838
44.58716082572937,75838
44.597771644592285,75838
44.60839915275574,75838
44.61902594566345,75838
44.62963891029358,75838
44.64024591445923,75838
44.65085697174072,75838
44.66160798072815,75838
44.672218561172485,75838
44.68281579017639,75838
44.69344878196716,75838
44.70403432846069,75838
44.71467065811157,75838
44.725279331207275,75838
44.73589324951172,75838
44.746479988098145,75838
44.757089614868164,75838
44.76769495010376,75838
44.77832388877869,75838
44.788931131362915,75838
44.799588203430176,75838
44.81018328666687,75838
44.82079887390137,75838
44.83139204978943,75838
44.842037200927734,75838
44.85263967514038,75838
44.863250732421875,75838
44.87389850616455,75838
44.88452434539795,75838
44.895113706588745,75838
44.90570521354675,75838
44.91629672050476,75838
44.92688775062561,75838
44.9374794960022,75838
44.948099851608276,75838
44.958718061447144,75838
44.969321966171265,75838
44.979957580566406,75838
44.99057102203369,75838
45.00121188163757,75838
45.011798620224,75838
45.022390604019165,75838
45.032997608184814,75838
45.04358720779419,75838
45.05426096916199,75838
45.06489062309265,75838
45.07553029060364,75838
45.08615779876709,75838
45.09679818153381,75838
45.10744500160217,75838
45.118085622787476,75838
45.128742933273315,75838
45.1393826007843,75838
45.14999222755432,75838
45.1606228351593,75838
45.171223163604736,75838
45.18182373046875,75838
45.19244909286499,75838
45.203041315078735,75838
45.213634967803955,75838
45.224246978759766,75838
45.23487162590027,75838
45.24550104141235,75838
45.256109952926636,75838
45.266738176345825,75838
45.27732229232788,75838
45.28794479370117,75838
45.298561811447144,75838
45.30917549133301,75838
45.31978702545166,75838
45.33038878440857,75838
45.34101939201355,75838
45.35161304473877,75838
45.36219096183777,75838
45.37279391288757,75838
45.38337731361389,75838
45.39399981498718,75838
45.40463328361511,75838
45.415255546569824,75838
45.425862550735474,75838
45.436476707458496,75838
45.44707703590393,75838
45.45767664909363,75838
45.468332290649414,75838
45.47895336151123,75838
45.489564418792725,75838
45.50014615058899,75838
45.51077580451965,75838
45.521366596221924,75838
45.532005071640015,75838
45.54265522956848,75838
45.55329084396362,75838
45.56390118598938,75838
45.575806617736816,75838
45.586639165878296,75838
45.59725880622864,75838
45.60791039466858,75838
45.61852765083313,75838
45.62917876243591,75838
45.639779567718506,75838
45.650402307510376,75838
45.66100549697876,75838
45.67164874076843,75838
45.682291746139526,75838
45.692930936813354,75838
45.703532457351685,75838
45.71415448188782,75838
45.72478413581848,75838
45.735395431518555,75838
45.74604773521423,75838
45.756651878356934,75838
45.76727652549744,75838
45.77796792984009,75838
45.788591146469116,75838
45.79928421974182,75838
45.809961795806885,75838
45.8205943107605,75838
45.8312246799469,75838
45.84191060066223,75838
45.85252928733826,75838
45.86313343048096,75838
45.873722553253174,75838
45.88434457778931,75838
45.89499258995056,75838
45.90562891960144,75838
45.91625094413757,75838
45.92688345909119,75838
45.937500953674316,75838
45.94815373420715,75838
45.95879673957825,75838
45.969435930252075,75838
45.98007893562317,75838
45.99077486991882,75838
46.00139284133911,75838
46.01199769973755,75838
46.02261662483215,75838
46.033260107040405,75838
46.043893814086914,75838
46.05452084541321,75838
46.065133810043335,75838
46.07579970359802,75838
46.08643865585327,75838
46.097073793411255,75838
46.107725381851196,75838
46.11837697029114,75838
46.12902021408081,75838
46.139647483825684,75838
46.15028381347656,75838
46.16090369224548,75838
46.171525716781616,75838
46.182164430618286,75838
46.192803621292114,75838
46.203418254852295,75838
46.21407079696655,75838
46.224700689315796,75838
46.23530673980713,75838
46.24595403671265,75838
46.256582736968994,75838
46.26717567443848,75838
46.27777910232544,75838
46.288410902023315,75838
46.2990562915802,75838
46.30966329574585,75838
46.32028603553772,75838
46.33095979690552,75838
46.341561794281006,75838
46.35218858718872,75838
46.362767934799194,75838
46.37347960472107,75838
46.384058237075806,75838
46.39469122886658,75838
46.40532207489014,75838
46.41599702835083,75838
46.4266300201416,75838
46.43726944923401,75838
46.44788908958435,75838
46.45853900909424,75838
46.46917390823364,75838
46.47979426383972,75838
46.4903781414032,75838
46.500980615615845,75838
46.51157331466675,75838
46.5221905708313,75838
46.5328152179718,75838
46.54343295097351,75838
46.55405783653259,75838
46.5646698474884,75838
46.57586717605591,75838
46.58655595779419,75838
46.597182273864746,75838
46.60779786109924,75838
46.618433475494385,75838
46.62908172607422,75838
46.6396701335907,75838
46.65028786659241,75838
46.66092300415039,75838
46.67155599594116,75838
46.68215560913086,75838
46.69279360771179,75838
46.70340704917908,75838
46.71405267715454,75838
46.72467923164368,75838
46.73530983924866,75838
46.74593663215637,75838
46.756579875946045,75838
46.76721262931824,75838
46.77781891822815,75838
46.78845477104187,75838
46.7991247177124,75838
46.80976629257202,75838
46.820404291152954,75838
46.83102989196777,75838
46.84165930747986,75838
46.852295875549316,75838
46.86291456222534,75838
46.873509645462036,75838
46.88414168357849,75838
46.89476180076599,75838
46.905391693115234,75838
46.91600012779236,75838
46.92662334442139,75838
46.93723702430725,75838
46.947861433029175,75838
46.958481550216675,75838
46.96913409233093,75838
46.97977256774902,75838
46.99037504196167,75838
47.001025438308716,75838
47.01166224479675,75838
47.02229046821594,75838
47.032939195632935,75838
47.0435688495636,75838
47.05420923233032,75838
47.064849615097046,75838
47.07551288604736,75838
47.08615064620972,75838
47.09676480293274,75838
47.107396841049194,75838
47.11804008483887,75838
47.12864971160889,75838
47.13931679725647,75838
47.149999141693115,75838
47.1606719493866,75838
47.171316623687744,75838
47.18197464942932,75838
47.19258713722229,75838
47.20322585105896,75838
47.21386456489563,75838
47.22449064254761,75838
47.23508906364441,75838
47.24573850631714,75838
47.25637245178223,75838
47.26702952384949,75838
47.277644872665405,75838
47.28827404975891,75838
47.29891896247864,75838
47.30956554412842,75838
47.320183992385864,75838
47.330838203430176,75838
47.3414421081543,75838
47.3520610332489,75838
47.36268401145935,75838
47.3733024597168,75838
47.383933782577515,75838
47.39453458786011,75838
47.40515923500061,75838
47.41580057144165,75838
47.42641258239746,75838
47.43705940246582,75838
47.44768667221069,75838
47.458292722702026,75838
47.468947649002075,75838
47.479583978652954,75838
47.49020504951477,75838
47.50083780288696,75838
47.51145625114441,75838
47.522132873535156,75838
47.53272986412048,75838
47.543373107910156,75838
47.55400061607361,75838
47.564616203308105,75838
47.57583045959473,75838
47.58653688430786,75838
47.597163438797,75838
47.60776901245117,75838
47.61837434768677,75838
47.62902045249939,75838
47.63962268829346,75838
47.6502583026886,75838
47.66087079048157,75838
47.67149472236633,75838
47.682130336761475,75838
47.69276976585388,75838
47.7033805847168,75838
47.714009284973145,75838
47.724605083465576,75838
47.73522663116455,75838
47.74583435058594,75838
47.75645923614502,75838
47.767062187194824,75838
47.77764916419983,75838
47.788230657577515,75838
47.798983335494995,75838
47.80962014198303,75838
47.82023787498474,75838
47.830854177474976,75838
47.84149384498596,75838
47.85212993621826,75838
47.86276888847351,75838
47.87340784072876,75838
47.88411808013916,75838
47.894755840301514,75838
47.905359506607056,75838
47.91600060462952,75838
47.926636934280396,75838
47.93727350234985,75838
47.94789457321167,75838
47.958515644073486,75838
47.9691526889801,75838
47.97976064682007,75838
47.990381717681885,75838
48.0009970664978,75838
48.011637687683105,75838
48.02226543426514,75838
48.03304672241211,75838
48.04364371299744,75838
48.05428862571716,75838
48.06495976448059,75838
48.07564353942871,75838
48.086283683776855,75838
48.096904277801514,75838
48.10753607749939,75838
48.118175745010376,75838
48.128761768341064,75838
48.139418601989746,75838
48.15004563331604,75838
48.160680532455444,75838
48.171306848526,75838
48.18194603919983,75838
48.19257354736328,75838
48.20319747924805,75838
48.213813066482544,75838
48.22444009780884,75838
48.235058069229126,75838
48.245728969573975,75838
48.25634169578552,75838
48.26697874069214,75838
48.27758502960205,75838
48.288204193115234,75838
48.29883551597595,75838
48.30949258804321,75838
48.320104122161865,75838
48.330727338790894,75838
48.341346979141235,75838
48.351999282836914,75838
48.36261057853699,75838
48.37323880195618,75838
48.38384652137756,75838
48.39451885223389,75838
48.405149698257446,75838
48.4157874584198,75838
48.42644166946411,75838
48.43707776069641,75838
48.44767785072327,75838
48.45832324028015,75838
48.468995094299316,75838
48.47963309288025,75838
48.49026703834534,75838
48.50089430809021,75838
48.51151371002197,75838
48.52214479446411,75838
48.5327365398407,75838
48.54336094856262,75838
48.55400729179382,75838
48.56464195251465,75838
48.575286626815796,75838
48.58633279800415,75838
48.597012519836426,75838
48.60761260986328,75838
48.61821889877319,75838
48.62885093688965,75838
48.63945174217224,75838
48.65006422996521,75838
48.66067886352539,75838
48.67131423950195,75838
48.68191933631897,75838
48.692567348480225,75838
48.70317792892456,75838
48.71377229690552,75838
48.72437143325806,75838
48.73500633239746,75838
48.74562191963196,75838
48.75625395774841,75838
48.76688838005066,75838
48.77749276161194,75838
48.78809142112732,75838
48.79874587059021,75838
48.80934691429138,75838
48.81999659538269,75838
48.83061361312866,75838
48.84124302864075,75838
48.85186457633972,75838
48.86250042915344,75838
48.873103618621826,75838
48.88372206687927,75838
48.894328117370605,75838
48.904972076416016,75838
48.91560196876526,75838
48.92621970176697,75838
48.93684244155884,75838
48.94748568534851,75838
48.95809531211853,75838
48.96876001358032,75838
48.97936034202576,75838
48.99005174636841,75838
49.00068712234497,75838
49.01133608818054,75838
49.02198576927185,75838
49.03260827064514,75838
49.04325795173645,75838
49.05389642715454,75838
49.06454849243164,75838
49.07519268989563,75838
49.08584666252136,75838
49.0964515209198,75838
49.10708928108215,75838
49.11773419380188,75838
49.128371715545654,75838
49.139036655426025,75838
49.149667739868164,75838
49.16029644012451,75838
49.17092537879944,75838
49.18158221244812,75838
49.19218921661377,75838
49.202815771102905,75838
49.21340084075928,75838
49.22404432296753,75838
49.234662771224976,75838
49.24529552459717,75838
49.25593280792236,75838
49.266560792922974,75838
49.277204513549805,75838
49.28784799575806,75838
49.29848122596741,75838
49.309122800827026,75838
49.319764852523804,75838
49.33040475845337,75838
49.34101128578186,75838
49.35165762901306,75838
49.362308502197266,75838
49.37296962738037,75838
49.38357615470886,75838
49.39420509338379,75838
49.40481901168823,75838
49.41543984413147,75838
49.42605233192444,75838
49.436699628829956,75838
49.44730734825134,75838
49.45793128013611,75838
49.46855092048645,75838
49.479193925857544,75838
49.48980498313904,75838
49.50046181678772,75838
49.511107444763184,75838
49.52171325683594,75838
49.53231406211853,75838
49.542951822280884,75838
49.55354428291321,75838
49.56417393684387,75838
49.574798345565796,75838
49.58590650558472,75838
49.596537351608276,75838
49.60715079307556,75838
49.6177544593811,75838
49.62835931777954,75838
49.638996601104736,75838
49.64961338043213,75838
49.66022443771362,75838
49.670865535736084,75838
49.681519508361816,75838
49.69213914871216,75838
49.70274043083191,75838
49.7133526802063,75838
49.72398495674133,75838
49.73458814620972,75838
49.74517226219177,75838
49.755786418914795,75838
49.76641035079956,75838
49.7770094871521,75838
49.78758668899536,75838
49.79818534851074,75838
49.80884647369385,75838
49.81947112083435,75838
49.83005213737488,75838
49.840643644332886,75838
49.85124397277832,75838
49.86185598373413,75838
49.872464179992676,75838
49.88308668136597,75838
49.89370679855347,75838
49.90431237220764,75838
49.914942502975464,75838
49.925551414489746,75838
49.93616199493408,75838
49.9467658996582,75838
49.9573872089386,75838
49.96801781654358,75838
49.9786262512207,75838
49.98926758766174,75838
49.99987030029297,75838
50.01047372817993,75838
50.02109432220459,75838
50.03172302246094,75838
50.04232716560364,75838
50.05301070213318,75838
50.06360650062561,75838
50.07423949241638,75838
50.084864377975464,75838
50.0954864025116,75838
50.106173276901245,75838
50.11688232421875,75838
50.12753653526306,75838
50.13819122314453,75838
50.14884161949158,75838
50.159475803375244,75838
50.17008638381958,75838
50.18068313598633,75838
50.19128203392029,75838
50.201921701431274,75838
50.21255564689636,75838
50.223191022872925,75838
50.23379731178284,75838
50.244420766830444,75838
50.25507593154907,75838
50.26570510864258,75838
50.27634930610657,75838
50.28698110580444,75838
50.2975971698761,75838
50.30823826789856,75838
50.31887149810791,75838
50.329551458358765,75838
50.34016680717468,75838
50.35078573226929,75838
50.36137557029724,75838
50.37201166152954,75838
50.38263535499573,75838
50.39332032203674,75838
50.40393376350403,75838
50.41453218460083,75838
50.425158739089966,75838
50.43581533432007,75838
50.44642090797424,75838
50.457040309906006,75838
50.46766781806946,75838
50.4782931804657,75838
50.4889452457428,75838
50.499561071395874,75838
50.51015090942383,75838
50.5207633972168,75838
50.53138518333435,75838
50.54198098182678,75838
50.552618980407715,75838
50.56322193145752,75838
50.57385230064392,75838
50.585079193115234,75838
50.595757246017456,75838
50.60640549659729,75838
50.617021560668945,75838
50.62765455245972,75838
50.638283014297485,75838
50.64896750450134,75838
50.65961956977844,75838
50.670249462127686,75838
50.68088483810425,75838
50.6914963722229,75838
50.702112436294556,75838
50.71280002593994,75838
50.72343611717224,75838
50.734044551849365,75838
50.74462652206421,75838
50.75523638725281,75838
50.76587104797363,75838
50.7764687538147,75838
50.787107706069946,75838
50.79772996902466,75838
50.8083393573761,75838
50.818949699401855,75838
50.829570055007935,75838
50.840187549591064,75838
50.850797176361084,75838
50.86141562461853,75838
50.87202262878418,75838
50.88263726234436,75838
50.8932318687439,75838
50.903852701187134,75838
50.914451360702515,75838
50.92505931854248,75838
50.93566060066223,75838
50.94628858566284,75838
50.95690393447876,75838
50.9675190448761,75838
50.97814202308655,75838
50.98873972892761,75838
50.999366998672485,75838
51.01002049446106,75838
51.020617961883545,75838
51.03123617172241,75838
51.04186177253723,75838
51.05248260498047,75838
51.06307649612427,75838
51.0736620426178,75838
51.08431625366211,75838
51.09495544433594,75838
51.10564470291138,75838
51.11627268791199,75838
51.12692832946777,75838
51.13755226135254,75838
51.148194551467896,75838
51.15885043144226,75838
51.16950082778931,75838
51.18015503883362,75838
51.19078779220581,75838
51.201422691345215,75838
51.21204233169556,75838
51.22267818450928,75838
51.23329424858093,75838
51.244011640548706,75838
51.25463938713074,75838
51.265268087387085,75838
51.27591109275818,75838
51.2865526676178,75838
51.29718208312988,75838
51.307852268218994,75838
51.31849932670593,75838
51.329148292541504,75838
51.339805126190186,75838
51.35041809082031,75838
51.36103868484497,75838
51.3716721534729,75838
51.38232445716858,75838
51.392964363098145,75838
51.40361189842224,75838
51.41425037384033,75838
51.424904346466064,75838
51.435539960861206,75838
51.44616723060608,75838
51.45676922798157,75838
51.467376708984375,75838
51.47800374031067,75838
51.48860311508179,75838
51.49926948547363,75838
51.50990414619446,75838
51.52054166793823,75838
51.53115272521973,75838
51.541757106781006,75838
51.552374601364136,75838
51.56302523612976,75838
51.573641300201416,75838
51.58484935760498,75838
51.595542907714844,75838
51.60620927810669,75838
51.616846799850464,75838
51.627498149871826,75838
51.638102769851685,75838
51.64875888824463,75838
51.65940618515015,75838
51.67002892494202,75838
51.6806526184082,75838
51.69128680229187,75838
51.701913356781006,75838
51.712528705596924,75838
51.72313618659973,75838
51.73377799987793,75838
51.744399547576904,75838
51.75503969192505,75838
51.76577305793762,75838
51.77671527862549,75838
51.78774070739746,75838
51.79915904998779,75838
51.810550928115845,75838
51.82195019721985,75838
51.83320355415344,75838
51.844517946243286,75838
51.846888065338135,75838
