Time,Objective value
0.0028009414672851562,3454
0.002810955047607422,3454
0.004467487335205078,3336
0.0061109066009521484,3336
0.007599353790283203,3336
0.009218692779541016,3336
0.01049494743347168,3160
0.011951208114624023,3160
0.013334035873413086,3160
0.014724254608154297,3160
0.01611495018005371,3160
0.017533302307128906,3160
0.018933773040771484,3160
0.02034306526184082,3160
0.021938800811767578,3160
0.02333211898803711,3160
0.024914264678955078,3160
0.026252269744873047,3160
0.027632474899291992,3160
0.029179096221923828,3160
0.03054976463317871,3160
0.03194618225097656,3160
0.03336000442504883,3160
0.03474068641662598,3160
0.03615260124206543,3160
0.03772377967834473,3160
0.039136648178100586,3160
0.040715694427490234,3160
0.042148590087890625,3160
0.043535470962524414,3160
0.045137643814086914,3160
0.04656863212585449,3160
0.047997236251831055,3160
0.04942011833190918,3160
0.050833702087402344,3160
0.05246615409851074,3160
0.053893089294433594,3160
0.05530667304992676,3160
0.056752920150756836,3160
0.05815601348876953,3160
0.05956244468688965,3160
0.06098175048828125,3160
0.06241583824157715,3160
0.06384038925170898,3160
0.06525659561157227,3160
0.06668758392333984,3160
0.0681161880493164,3160
0.06954741477966309,3160
0.07116007804870605,3160
0.07257771492004395,3160
0.07400798797607422,3160
0.07561326026916504,3160
0.07699775695800781,3160
0.07836604118347168,3160
0.07974720001220703,3160
0.08113574981689453,3160
0.08254718780517578,3160
0.08392882347106934,3160
0.08533549308776855,3160
0.08676838874816895,3160
0.08818864822387695,3160
0.08978748321533203,3160
0.09115338325500488,3160
0.09251761436462402,3160
0.0939023494720459,3160
0.0952908992767334,3160
0.09670305252075195,3160
0.09809494018554688,3160
0.09950685501098633,3160
0.10090517997741699,3160
0.10231399536132812,3160
0.10370802879333496,3160
0.10512208938598633,3160
0.10675716400146484,3160
0.10818123817443848,3160
0.10978078842163086,3160
0.11116766929626465,3160
0.11260437965393066,3160
0.11402440071105957,3160
0.1154642105102539,3160
0.11687922477722168,3160
0.11823606491088867,3160
0.11959528923034668,3160
0.1209726333618164,3160
0.12235260009765625,3160
0.1237478256225586,3160
0.12514638900756836,3160
0.12656879425048828,3160
0.12798643112182617,3160
0.12941646575927734,3160
0.13100147247314453,3160
0.13252782821655273,3160
0.13399934768676758,3160
0.13527870178222656,3160
0.13672876358032227,3160
0.13801789283752441,3160
0.13928842544555664,3160
0.14056110382080078,3160
0.14188265800476074,3160
0.14327526092529297,3160
0.1447000503540039,3160
0.14612984657287598,3160
0.14757704734802246,3160
0.149003267288208,3160
0.1504225730895996,3160
0.15184831619262695,3160
0.15326738357543945,3160
0.15486717224121094,3160
0.15639305114746094,3160
0.15770459175109863,3160
0.1590738296508789,3160
0.1604776382446289,3160
0.16188454627990723,3160
0.16326308250427246,3160
0.1646125316619873,3160
0.16617727279663086,3160
0.16761398315429688,3160
0.1690511703491211,3160
0.17048287391662598,3160
0.17190313339233398,3160
0.17332243919372559,3160
0.1747586727142334,3160
0.1761791706085205,3160
0.17763376235961914,3160
0.17905092239379883,3160
0.18047380447387695,3160
0.18189358711242676,3160
0.18328213691711426,3160
0.18468618392944336,3160
0.18608498573303223,3160
0.18750405311584473,3160
0.18894100189208984,3160
0.1903672218322754,3160
0.191788911819458,3160
0.19316983222961426,3160
0.19458341598510742,3160
0.1959528923034668,3160
0.19732260704040527,3160
0.19869327545166016,3160
0.20008587837219238,3160
0.20149588584899902,3160
0.20290613174438477,3160
0.20432209968566895,3160
0.20576047897338867,3160
0.20719480514526367,3160
0.20862078666687012,3160
0.2100369930267334,3160
0.21162748336791992,3160
0.21298646926879883,3160
0.21453070640563965,3160
0.21584081649780273,3160
0.21734976768493652,3160
0.21864724159240723,3160
0.21996235847473145,3160
0.2212815284729004,3160
0.22264575958251953,3160
0.22399044036865234,3160
0.22536420822143555,3160
0.22675037384033203,3160
0.22830986976623535,3160
0.22965192794799805,3160
0.23098087310791016,3160
0.23254156112670898,3160
0.23383665084838867,3160
0.23534584045410156,3160
0.23685288429260254,3160
0.23813176155090332,3160
0.23964810371398926,3160
0.2409665584564209,3160
0.24234294891357422,3160
0.24374127388000488,3160
0.2453174591064453,3160
0.24668478965759277,3160
0.24806427955627441,3160
0.24960541725158691,3160
0.2509725093841553,3160
0.252363920211792,3160
0.2537956237792969,3160
0.25522303581237793,3160
0.25666379928588867,3160
0.2581017017364502,3160
0.25953221321105957,3160
0.2609405517578125,3160
0.2623305320739746,3160
0.26374173164367676,3160
0.26534366607666016,3160
0.26673460006713867,3160
0.26813244819641113,3160
0.2695460319519043,3160
0.27097129821777344,3160
0.2723805904388428,3160
0.27381348609924316,3160
0.27522897720336914,3160
0.2766697406768799,3160
0.2780900001525879,3160
0.27947306632995605,3160
0.2808675765991211,3160
0.2822685241699219,3160
0.2836418151855469,3160
0.2852191925048828,3160
0.28661060333251953,3160
0.2880134582519531,3160
0.2894277572631836,3160
0.29083776473999023,3160
0.29225873947143555,3160
0.29367899894714355,3160
0.2952723503112793,3160
0.29680919647216797,3160
0.2981112003326416,3160
0.2994511127471924,3160
0.3007833957672119,3160
0.30214619636535645,3160
0.3036808967590332,3160
0.30503320693969727,3160
0.306443452835083,3160
0.3080112934112549,3160
0.3095264434814453,3160
0.3108234405517578,3160
0.3121304512023926,3160
0.31345319747924805,3160
0.3147878646850586,3160
0.31614112854003906,3160
0.31753087043762207,3160
0.31890416145324707,3160
0.32028698921203613,3160
0.3216848373413086,3160
0.32308459281921387,3160
0.32451534271240234,3160
0.3259308338165283,3160
0.327373743057251,3160
0.3287839889526367,3160
0.3302123546600342,3160
0.33162474632263184,3160
0.33304715156555176,3160
0.33446717262268066,3160
0.33588123321533203,3160
0.3373148441314697,3160
0.3389146327972412,3160
0.34026360511779785,3160
0.3416421413421631,3160
0.34303951263427734,3160
0.3444676399230957,3160
0.3458852767944336,3160
0.34732866287231445,3160
0.34891796112060547,3160
0.3503074645996094,3160
0.3518989086151123,3160
0.35326337814331055,3160
0.3546321392059326,3160
0.35600805282592773,3160
0.35741162300109863,3160
0.35881495475769043,3160
0.3602278232574463,3160
0.36164164543151855,3160
0.3630564212799072,3160
0.36445093154907227,3160
0.3660464286804199,3160
0.36747264862060547,3160
0.36889028549194336,3160
0.3703155517578125,3160
0.3717374801635742,3160
0.3731660842895508,3160
0.3745839595794678,3160
0.37600255012512207,3160
0.3776116371154785,3160
0.3791391849517822,3160
0.3804628849029541,3160
0.3818166255950928,3160
0.383220911026001,3160
0.3846440315246582,3160
0.3862450122833252,3160
0.3876528739929199,3160
0.38906431198120117,3160
0.39046239852905273,3160
0.39188194274902344,3160
0.3933067321777344,3160
0.3947174549102783,3160
0.39614129066467285,3160
0.3977382183074951,3160
0.3990952968597412,3160
0.40046095848083496,3160
0.40184926986694336,3160
0.40323591232299805,3160
0.40485215187072754,3160
0.4062495231628418,3160
0.4076671600341797,3160
0.40906715393066406,3160
0.41050100326538086,3160
0.4119291305541992,3160
0.4135317802429199,3160
0.4148874282836914,3160
0.41628313064575195,3160
0.4177119731903076,3160
0.4191255569458008,3160
0.420546293258667,3160
0.42197322845458984,3160
0.423386812210083,3160
0.42481255531311035,3160
0.4262378215789795,3160
0.4276731014251709,3160
0.4292581081390381,3160
0.43081212043762207,3160
0.43230676651000977,3160
0.4336419105529785,3160
0.4350399971008301,3160
0.4364778995513916,3160
0.43790578842163086,3160
0.4393336772918701,3160
0.44091367721557617,3160
0.442455530166626,3160
0.4437546730041504,3160
0.4450821876525879,3160
0.4465005397796631,3160
0.44794368743896484,3160
0.4493851661682129,3160
0.45079898834228516,3160
0.45218420028686523,3160
0.4535868167877197,3160
0.45498180389404297,3160
0.4563930034637451,3160
0.4578275680541992,3160
0.45925474166870117,3160
0.46065378189086914,3160
0.46204686164855957,3160
0.46346020698547363,3160
0.46488451957702637,3160
0.46630263328552246,3160
0.46773600578308105,3160
0.46915745735168457,3160
0.4705932140350342,3160
0.47200703620910645,3160
0.47343897819519043,3160
0.47484850883483887,3160
0.476269006729126,3160
0.4777028560638428,3160
0.4790987968444824,3160
0.48048949241638184,3160
0.4818432331085205,3160
0.4834163188934326,3160
0.4848198890686035,3160
0.486238956451416,3160
0.4876699447631836,3160
0.48909664154052734,3160
0.4904818534851074,3160
0.49187517166137695,3160
0.4934544563293457,3160
0.4948735237121582,3160
0.496304988861084,3160
0.497739315032959,3160
0.49916863441467285,3160
0.5005443096160889,3160
0.5019395351409912,3160
0.5033576488494873,3160
0.5049517154693604,3160
0.5063254833221436,3160
0.5077419281005859,3160
0.5091655254364014,3160
0.5105905532836914,3160
0.5119884014129639,3160
0.513397216796875,3160
0.5148220062255859,3160
0.5162689685821533,3160
0.5177083015441895,3160
0.519136905670166,3160
0.5205116271972656,3160
0.5218617916107178,3160
0.5232081413269043,3160
0.524583101272583,3160
0.5259582996368408,3160
0.5273628234863281,3160
0.5287177562713623,3160
0.5300869941711426,3160
0.5316786766052246,3160
0.5330979824066162,3160
0.5345268249511719,3160
0.5359468460083008,3160
0.5373806953430176,3160
0.5388128757476807,3160
0.540219783782959,3160
0.5416576862335205,3160
0.5430617332458496,3160
0.5444974899291992,3160
0.5459070205688477,3160
0.547349214553833,3160
0.5487713813781738,3160
0.5501430034637451,3160
0.5515420436859131,3160
0.5529601573944092,3160
0.5543737411499023,3160
0.5558140277862549,3160
0.5572481155395508,3160
0.5586750507354736,3160
0.5600831508636475,3160
0.5616796016693115,3160
0.5630385875701904,3160
0.5644185543060303,3160
0.5657873153686523,3160
0.5672023296356201,3160
0.5687658786773682,3160
0.5701217651367188,3160
0.5715489387512207,3160
0.573143720626831,3160
0.574493408203125,3160
0.5758578777313232,3160
0.5772454738616943,3160
0.5786600112915039,3160
0.5800521373748779,3160
0.5814640522003174,3160
0.582859992980957,3160
0.5842502117156982,3160
0.5856609344482422,3160
0.5870795249938965,3160
0.5886497497558594,3160
0.5899851322174072,3160
0.591355562210083,3160
0.5927622318267822,3160
0.5943591594696045,3160
0.59574294090271,3160
0.5971424579620361,3160
0.5985527038574219,3160
0.5999476909637451,3160
0.601355791091919,3160
0.6027603149414062,3160
0.6041707992553711,3160
0.6055867671966553,3160
0.6070246696472168,3160
0.6084535121917725,3160
0.6098682880401611,3160
0.6112911701202393,3160
0.6127192974090576,3160
0.6141414642333984,3160
0.6155705451965332,3160
0.6170034408569336,3160
0.618436336517334,3160
0.6200141906738281,3160
0.6213645935058594,3160
0.6227321624755859,3160
0.624121904373169,3160
0.6255099773406982,3160
0.6269285678863525,3160
0.628324031829834,3160
0.6297192573547363,3160
0.6311333179473877,3160
0.6325492858886719,3160
0.6339457035064697,3160
0.6353497505187988,3160
0.6367621421813965,3160
0.6381804943084717,3160
0.6395998001098633,3160
0.6410186290740967,3160
0.6424410343170166,3160
0.6438536643981934,3160
0.6452748775482178,3160
0.6467208862304688,3160
0.6481223106384277,3160
0.6495528221130371,3160
0.6509344577789307,3160
0.652336597442627,3160
0.6537399291992188,3160
0.655153751373291,3160
0.6565976142883301,3160
0.6580307483673096,3160
0.6594517230987549,3160
0.661036491394043,3160
0.6625614166259766,3160
0.6638648509979248,3160
0.6651773452758789,3160
0.6665420532226562,3160
0.6678917407989502,3160
0.6692559719085693,3160
0.6706438064575195,3160
0.672046422958374,3160
0.6734616756439209,3160
0.6748697757720947,3160
0.6762754917144775,3160
0.6777176856994629,3160
0.679145336151123,3160
0.6805830001831055,3160
0.6819870471954346,3160
0.6834096908569336,3160
0.6847968101501465,3160
0.686208963394165,3160
0.6876177787780762,3160
0.6890289783477783,3160
0.6903958320617676,3160
0.6917955875396729,3160
0.6931869983673096,3160
0.6946017742156982,3160
0.6960310935974121,3160
0.6974747180938721,3160
0.698894739151001,3160
0.7003140449523926,3160
0.701904296875,3160
0.7032685279846191,3160
0.7046473026275635,3160
0.7060532569885254,3160
0.7076621055603027,3160
0.7090315818786621,3160
0.7104201316833496,3160
0.711801290512085,3160
0.7131967544555664,3160
0.7146027088165283,3160
0.7160091400146484,3160
0.7174108028411865,3160
0.7188022136688232,3160
0.7201621532440186,3160
0.7215249538421631,3160
0.7228922843933105,3160
0.7242412567138672,3160
0.7256121635437012,3160
0.7269887924194336,3160
0.7283504009246826,3160
0.7297425270080566,3160
0.7313506603240967,3160
0.7327563762664795,3160
0.734154462814331,3160
0.7355577945709229,3160
0.7369785308837891,3160
0.7383911609649658,3160
0.7398223876953125,3160
0.7412307262420654,3160
0.7426340579986572,3160
0.7440476417541504,3160
0.7454853057861328,3160
0.7468912601470947,3160
0.7482984066009521,3160
0.7497100830078125,3160
0.7511436939239502,3160
0.7525362968444824,3160
0.7539193630218506,3160
0.7553143501281738,3160
0.7567434310913086,3160
0.758162260055542,3160
0.7595572471618652,3160
0.7609522342681885,3160
0.7625527381896973,3160
0.7639660835266113,3160
0.7653713226318359,3160
0.7669856548309326,3160
0.7683846950531006,3160
0.769798994064331,3160
0.771230936050415,3160
0.7726202011108398,3160
0.7740247249603271,3160
0.7754392623901367,3160
0.7768616676330566,3160
0.77846360206604,3160
0.7798469066619873,3160
0.7812294960021973,3160
0.7827904224395752,3160
0.78411865234375,3160
0.7854764461517334,3160
0.7870099544525146,3160
0.7883238792419434,3160
0.7896580696105957,3160
0.7909972667694092,3160
0.7923824787139893,3160
0.7938079833984375,3160
0.7952232360839844,3160
0.796656608581543,3160
0.7980806827545166,3160
0.7995109558105469,3160
0.8010945320129395,3160
0.8024508953094482,3160
0.8038184642791748,3160
0.8052046298980713,3160
0.8066189289093018,3160
0.8080165386199951,3160
0.8095822334289551,3160
0.8109326362609863,3160
0.8122885227203369,3160
0.8136494159698486,3160
0.8150229454040527,3160
0.8164286613464355,3160
0.8178303241729736,3160
0.8192286491394043,3160
0.8206408023834229,3160
0.8220584392547607,3160
0.8234851360321045,3160
0.8248660564422607,3160
0.8262524604797363,3160
0.8276727199554443,3160
0.8290958404541016,3160
0.8305339813232422,3160
0.8319621086120605,3160
0.8333828449249268,3160
0.8348119258880615,3160
0.8362398147583008,3160
0.8376660346984863,3160
0.8390860557556152,3160
0.8406717777252197,3160
0.8420224189758301,3160
0.8433935642242432,3160
0.8448097705841064,3160
0.8463983535766602,3160
0.8478131294250488,3160
0.8494112491607666,3160
0.8507843017578125,3160
0.8521738052368164,3160
0.8535721302032471,3160
0.8549790382385254,3160
0.8564362525939941,3160
0.8578517436981201,3160
0.8592231273651123,3160
0.8605785369873047,3160
0.8619437217712402,3160
0.8633208274841309,3160
0.8647162914276123,3160
0.8661160469055176,3160
0.8675479888916016,3160
0.8689620494842529,3160
0.8703515529632568,3160
0.87174391746521,3160
0.8731515407562256,3160
0.8745806217193604,3160
0.8759727478027344,3160
0.877387523651123,3160
0.8788051605224609,3160
0.8802196979522705,3160
0.8818182945251465,3160
0.8831837177276611,3160
0.8845727443695068,3160
0.8859508037567139,3160
0.8873469829559326,3160
0.8887696266174316,3160
0.8901777267456055,3160
0.8916046619415283,3160
0.8930299282073975,3160
0.8944740295410156,3160
0.8958919048309326,3160
0.8973028659820557,3160
0.8987147808074951,3160
0.900148868560791,3160
0.9015843868255615,3160
0.9030032157897949,3160
0.9043831825256348,3160
0.9057836532592773,3160
0.9072034358978271,3160
0.908801794052124,3160
0.9101834297180176,3160
0.911571741104126,3160
0.9129645824432373,3160
0.9143662452697754,3160
0.9158060550689697,3160
0.9172248840332031,3160
0.9186487197875977,3160
0.9200747013092041,3160
0.9214577674865723,3160
0.9228456020355225,3160
0.92425537109375,3160
0.9256715774536133,3160
0.9271109104156494,3160
0.9285802841186523,3160
0.9299807548522949,3160
0.9313919544219971,3160
0.9328007698059082,3160
0.934206485748291,3160
0.9356489181518555,3160
0.9370810985565186,3160
0.9385097026824951,3160
0.9401359558105469,3160
0.9415569305419922,3160
0.9429359436035156,3160
0.944350004196167,3160
0.9459245204925537,3160
0.947542667388916,3160
0.9489133358001709,3160
0.9504683017730713,3160
0.9517848491668701,3160
0.953127384185791,3160
0.9544727802276611,3160
0.9558465480804443,3160
0.9572334289550781,3160
0.9586315155029297,3160
0.960024356842041,3160
0.9614324569702148,3160
0.9628453254699707,3160
0.9642722606658936,3160
0.9658677577972412,3160
0.9672305583953857,3160
0.9685935974121094,3160
0.9699993133544922,3160
0.9714186191558838,3160
0.9728105068206787,3160
0.9742343425750732,3160
0.9756689071655273,3160
0.9771089553833008,3160
0.978543758392334,3160
0.9799671173095703,3160
0.9815590381622314,3160
0.9829089641571045,3160
0.9842808246612549,3160
0.985649585723877,3160
0.9870574474334717,3160
0.9884645938873291,3160
0.989861249923706,3160
0.9912662506103516,3160
0.9926748275756836,3160
0.9941117763519287,3160
0.9955239295959473,3160
0.9969549179077148,3160
0.9985783100128174,3160
1.0000035762786865,3160
1.00142502784729,3160
1.002838134765625,3160
1.0042297840118408,3160
1.005586862564087,3160
1.0069053173065186,3160
1.0082244873046875,3160
1.009573221206665,3160
1.0109302997589111,3160
1.012272834777832,3160
1.0136370658874512,3160
1.0150296688079834,3160
1.016418218612671,3160
1.017808437347412,3160
1.0192077159881592,3160
1.0208022594451904,3160
1.0221827030181885,3160
1.0235750675201416,3160
1.0249741077423096,3160
1.0263655185699463,3160
1.0279483795166016,3160
1.0293426513671875,3160
1.0307786464691162,3160
1.0321924686431885,3160
1.0336227416992188,3160
1.0350463390350342,3160
1.0364704132080078,3160
1.0379002094268799,3160
1.039273977279663,3160
1.0406644344329834,3160
1.0420608520507812,3160
1.0434942245483398,3160
1.0448808670043945,3160
1.0462565422058105,3160
1.047663688659668,3160
1.0490827560424805,3160
1.050492763519287,3160
1.051915168762207,3160
1.0533180236816406,3160
1.0547540187835693,3160
1.0561842918395996,3160
1.0576014518737793,3160
1.0590248107910156,3160
1.0604453086853027,3160
1.0618751049041748,3160
1.0634863376617432,3160
1.0648949146270752,3160
1.066300868988037,3160
1.0677154064178467,3160
1.0691416263580322,3160
1.0705208778381348,3160
1.071922779083252,3160
1.0733277797698975,3160
1.0749316215515137,3160
1.0763208866119385,3160
1.0777509212493896,3160
1.0791754722595215,3160
1.0806047916412354,3160
1.0822389125823975,3160
1.0836772918701172,3160
1.0850820541381836,3160
1.0865187644958496,3160
1.0879437923431396,3160
1.0893630981445312,3160
1.090789794921875,3160
1.092214822769165,3160
1.0938465595245361,3160
1.0952751636505127,3160
1.0966973304748535,3160
1.0982844829559326,3160
1.0996508598327637,3160
1.1010236740112305,3160
1.1023893356323242,3160
1.1037795543670654,3160
1.1053411960601807,3160
1.106726884841919,3160
1.108147382736206,3160
1.1095731258392334,3160
1.1109998226165771,3160
1.1124112606048584,3160
1.113823413848877,3160
1.1154234409332275,3160
1.116833209991455,3160
1.1184360980987549,3160
1.119840383529663,3160
1.1212027072906494,3160
1.1225368976593018,3160
1.1238985061645508,3160
1.1252717971801758,3160
1.126655101776123,3160
1.1280386447906494,3160
1.129608392715454,3160
1.1310315132141113,3160
1.1324636936187744,3160
1.134059190750122,3160
1.1354572772979736,3160
1.1368930339813232,3160
1.138314962387085,3160
1.1397171020507812,3160
1.141096591949463,3160
1.142503023147583,3160
1.1439192295074463,3160
1.1453335285186768,3160
1.1467714309692383,3160
1.1482019424438477,3160
1.1496310234069824,3160
1.1510555744171143,3160
1.1524755954742432,3160
1.1538875102996826,3160
1.155313491821289,3160
1.1567466259002686,3160
1.1581687927246094,3160
1.1595995426177979,3160
1.1610229015350342,3160
1.16245436668396,3160
1.1638710498809814,3160
1.165259599685669,3160
1.166661024093628,3160
1.1680612564086914,3160
1.1694550514221191,3160
1.1710431575775146,3160
1.1726219654083252,3160
1.17397141456604,3160
1.1753511428833008,3160
1.1767644882202148,3160
1.1781859397888184,3160
1.179548978805542,3160
1.180931568145752,3160
1.1823084354400635,3160
1.1837115287780762,3160
1.185072898864746,3160
1.1864464282989502,3160
1.1880266666412354,3160
1.1894454956054688,3160
1.190859317779541,3160
1.1922922134399414,3160
1.1937220096588135,3160
1.1951510906219482,3160
1.196587085723877,3160
1.1980063915252686,3160
1.1994311809539795,3160
1.200847864151001,3160
1.2022733688354492,3160
1.2036972045898438,3160
1.2051162719726562,3160
1.2067089080810547,3160
1.2080600261688232,3160
1.2094416618347168,3160
1.2108216285705566,3160
1.2122089862823486,3160
1.2136023044586182,3160
1.2150077819824219,3160
1.2165839672088623,3160
1.2180988788604736,3160
1.2194478511810303,3160
1.2208402156829834,3160
1.2222235202789307,3160
1.2236244678497314,3160
1.2250187397003174,3160
1.226423978805542,3160
1.227860927581787,3160
1.2292871475219727,3160
1.2306454181671143,3160
1.232001781463623,3160
1.23335862159729,3160
1.2347321510314941,3160
1.2360920906066895,3160
1.2374889850616455,3160
1.2388818264007568,3160
1.2402775287628174,3160
1.2416985034942627,3160
1.2431213855743408,3160
1.2445411682128906,3160
1.2461326122283936,3160
1.247481346130371,3160
1.2488763332366943,3160
1.2502915859222412,3160
1.2516992092132568,3160
1.253127098083496,3160
1.2545459270477295,3160
1.2559549808502197,3160
1.2573812007904053,3160
1.258960247039795,3160
1.2603275775909424,3160
1.2617011070251465,3160
1.2631049156188965,3160
1.2645151615142822,3160
1.2659125328063965,3160
1.2672991752624512,3160
1.2686834335327148,3160
1.2700698375701904,3160
1.2714672088623047,3160
1.2726881504058838,3160
1.273496150970459,3160
1.2742877006530762,3160
1.2750849723815918,3160
1.2758774757385254,3160
1.276676893234253,3160
1.2775800228118896,3160
1.2783687114715576,3160
1.2791571617126465,3160
1.2799499034881592,3160
1.2807438373565674,3160
1.2815399169921875,3160
1.2823286056518555,3160
1.2831218242645264,3160
1.2839126586914062,3160
1.284705400466919,3160
1.2855017185211182,3160
1.2862868309020996,3160
1.2870850563049316,3160
1.2879879474639893,3160
1.2887816429138184,3160
1.2896935939788818,3160
1.2905981540679932,3160
1.2913861274719238,3160
1.292179822921753,3160
1.2930891513824463,3160
1.2938811779022217,3160
1.2946686744689941,3160
1.295452356338501,3160
1.2962474822998047,3160
1.2970435619354248,3160
1.2978549003601074,3160
1.2986421585083008,3160
1.2994322776794434,3160
1.3002111911773682,3160
1.3010060787200928,3160
1.3017964363098145,3160
1.3025844097137451,3160
1.3034861087799072,3160
1.3042736053466797,3160
1.3050627708435059,3160
1.3058528900146484,3160
1.3066556453704834,3160
1.3074531555175781,3160
1.3082406520843506,3160
1.3090322017669678,3160
1.3098218441009521,3160
1.3106143474578857,3160
1.3113949298858643,3160
1.3121883869171143,3160
1.3129777908325195,3160
1.313880443572998,3160
1.3146653175354004,3160
1.3154613971710205,3160
1.3163566589355469,3160
1.3171555995941162,3160
1.3179426193237305,3160
1.3187432289123535,3160
1.319648027420044,3160
1.3204448223114014,3160
1.321227788925171,3160
1.3220183849334717,3160
1.3228070735931396,3160
1.3236021995544434,3160
1.3243834972381592,3160
1.3251686096191406,3160
1.3259601593017578,3160
1.326775074005127,3160
1.3275630474090576,3160
1.3283486366271973,3160
1.3291399478912354,3160
1.329935073852539,3160
1.33073091506958,3160
1.3315184116363525,3160
1.332305669784546,3160
1.3330957889556885,3160
1.3338871002197266,3160
1.3346877098083496,3160
1.335587739944458,3160
1.3363685607910156,3160
1.3371713161468506,3160
1.337965726852417,3160
1.3388714790344238,3160
1.33966064453125,3160
1.3404488563537598,3160
1.3412435054779053,3160
1.3421447277069092,3160
1.3429315090179443,3160
1.3437185287475586,3160
1.3445069789886475,3160
1.3452894687652588,3160
1.3461990356445312,3160
1.347114086151123,3160
1.347905158996582,3160
1.3487024307250977,3160
1.3494956493377686,3160
1.3502764701843262,3160
1.3510749340057373,3160
1.3518669605255127,3160
1.3526611328125,3160
1.353454351425171,3160
1.354233741760254,3160
1.3550240993499756,3160
1.355818510055542,3160
1.3566155433654785,3160
1.3574144840240479,3160
1.358205795288086,3160
1.3589959144592285,3160
1.3597829341888428,3160
1.3606963157653809,3160
1.3614861965179443,3160
1.3622708320617676,3160
1.3630645275115967,3160
1.3638570308685303,3160
1.3646442890167236,3160
1.3654394149780273,3160
1.3662223815917969,3160
1.3670260906219482,3160
1.3678197860717773,3160
1.3686192035675049,3160
1.3695228099822998,3160
1.3703093528747559,3160
1.3711013793945312,3160
1.3720130920410156,3160
1.372805118560791,3160
1.3737118244171143,3160
1.3746123313903809,3160
1.375403881072998,3160
1.3761897087097168,3160
1.3769936561584473,3160
1.3777782917022705,3160
1.378572940826416,3160
1.3793559074401855,3160
1.3801486492156982,3160
1.3809406757354736,3160
1.3818421363830566,3160
1.382627010345459,3160
1.3835375308990479,3160
1.3843247890472412,3160
1.3851103782653809,3160
1.3860161304473877,3160
1.3868255615234375,3160
1.3876163959503174,3160
1.3884036540985107,3160
1.389195442199707,3160
1.3899872303009033,3160
1.3907735347747803,3160
1.3915719985961914,3160
1.3924739360809326,3160
1.393259048461914,3160
1.3940470218658447,3160
1.3948400020599365,3160
1.395742654800415,3160
1.3965351581573486,3160
1.3973290920257568,3160
1.3981261253356934,3160
1.3989238739013672,3160
1.399721384048462,3160
1.4006235599517822,3160
1.401411771774292,3160
1.4021999835968018,3160
1.402998447418213,3160
1.403792142868042,3160
1.4045851230621338,3160
1.405376672744751,3160
1.4061775207519531,3160
1.4069793224334717,3160
1.4077677726745605,3160
1.4085571765899658,3160
1.4093546867370605,3160
1.410139799118042,3160
1.4109251499176025,3160
1.4117109775543213,3160
1.4124994277954102,3160
1.4132804870605469,3160
1.4140727519989014,3160
1.4148635864257812,3160
1.4156510829925537,3160
1.4164440631866455,3160
1.4172358512878418,3160
1.418139934539795,3160
1.4189262390136719,3160
1.4197180271148682,3160
1.4205188751220703,3160
1.4213018417358398,3160
1.4220912456512451,3160
1.4228835105895996,3160
1.423675298690796,3160
1.424461841583252,3160
1.425248146057129,3160
1.4260334968566895,3160
1.4268310070037842,3160
1.4276199340820312,3160
1.428421974182129,3160
1.4292113780975342,3160
1.430002212524414,3160
1.430790901184082,3160
1.431584119796753,3160
1.432370901107788,3160
1.4331636428833008,3160
1.4339566230773926,3160
1.4347491264343262,3160
1.4355416297912598,3160
1.4364593029022217,3160
1.4372496604919434,3160
1.4380340576171875,3160
1.438936471939087,3160
1.4397335052490234,3160
1.440523624420166,3160
1.4414279460906982,3160
1.4422152042388916,3160
1.4430055618286133,3160
1.443793535232544,3160
1.4445877075195312,3160
1.445380449295044,3160
1.4461736679077148,3160
1.4469735622406006,3160
1.4477739334106445,3160
1.4485647678375244,3160
1.4493451118469238,3160
1.4501352310180664,3160
1.4509367942810059,3160
1.4517302513122559,3160
1.4525258541107178,3160
1.453307867050171,3160
1.4541065692901611,3160
1.4549005031585693,3160
1.4556920528411865,3160
1.4566020965576172,3160
1.4573841094970703,3160
1.4581849575042725,3160
1.4589767456054688,3160
1.4597718715667725,3160
1.4605648517608643,3160
1.4613559246063232,3160
1.462156057357788,3160
1.4630610942840576,3160
1.4638516902923584,3160
1.4646406173706055,3160
1.465435266494751,3160
1.4662189483642578,3160
1.4670162200927734,3160
1.4678051471710205,3160
1.4685959815979004,3160
1.4693787097930908,3160
1.4701766967773438,3160
1.4709696769714355,3160
1.471761703491211,3160
1.4725501537322998,3160
1.473344087600708,3160
1.474135160446167,3160
1.4749245643615723,3160
1.4757163524627686,3160
1.4765217304229736,3160
1.47731351852417,3160
1.4781055450439453,3160
1.4788928031921387,3160
1.4796850681304932,3160
1.480473279953003,3160
1.4812583923339844,3160
1.482041835784912,3160
1.4828283786773682,3160
1.4836199283599854,3160
1.4844169616699219,3160
1.4852023124694824,3160
1.4859957695007324,3160
1.4869084358215332,3160
1.4877023696899414,3160
1.4884898662567139,3160
1.4893884658813477,3160
1.49017333984375,3160
1.4909687042236328,3160
1.4917609691619873,3160
1.4925553798675537,3160
1.493459701538086,3160
1.494243860244751,3160
1.4950358867645264,3160
1.49582839012146,3160
1.496736764907837,3160
1.4975237846374512,3160
1.4983057975769043,3160
1.499218225479126,3160
1.5000073909759521,3160
1.5008060932159424,3160
1.5015983581542969,3160
1.5023818016052246,3160
1.5031805038452148,3160
1.50398588180542,3160
1.5047783851623535,3160
1.5056788921356201,3160
1.5064799785614014,3160
1.5072722434997559,3160
1.5080645084381104,3160
1.5088574886322021,3160
1.509643316268921,3160
1.510554313659668,3160
1.5113420486450195,3160
1.5121347904205322,3160
1.5129294395446777,3160
1.5137262344360352,3160
1.5145187377929688,3160
1.5153069496154785,3160
1.516098976135254,3160
1.5169036388397217,3160
1.5176985263824463,3160
1.5184950828552246,3160
1.5192818641662598,3160
1.5200793743133545,3160
1.520869255065918,3160
1.5216734409332275,3160
1.5224580764770508,3160
1.5232453346252441,3160
1.5240330696105957,3160
1.5248281955718994,3160
1.5256187915802002,3160
1.5264263153076172,3160
1.5272088050842285,3160
1.5280048847198486,3160
1.5287961959838867,3160
1.5295929908752441,3160
1.5303759574890137,3160
1.5311625003814697,3160
1.5319592952728271,3160
1.5328707695007324,3160
1.5336647033691406,3160
1.5344548225402832,3160
1.5352377891540527,3160
1.5360221862792969,3160
1.5369348526000977,3160
1.5377333164215088,3160
1.5385181903839111,3160
1.5393016338348389,3160
1.5400946140289307,3160
1.5408923625946045,3160
1.5416772365570068,3160
1.5424697399139404,3160
1.5432531833648682,3160
1.544055700302124,3160
1.5448498725891113,3160
1.5456407070159912,3160
1.546431541442871,3160
1.5472207069396973,3160
1.5480115413665771,3160
1.5488073825836182,3160
1.5495915412902832,3160
1.5503697395324707,3160
1.551161766052246,3160
1.5519530773162842,3160
1.5527446269989014,3160
1.5535309314727783,3160
1.554309368133545,3160
1.5552194118499756,3160
1.5560142993927002,3160
1.5569274425506592,3160
1.5577259063720703,3160
1.558516502380371,3160
1.5592987537384033,3160
1.5600953102111816,3160
1.560887336730957,3160
1.561678171157837,3160
1.5625839233398438,3160
1.5633690357208252,3160
1.5641605854034424,3160
1.564950942993164,3160
1.5657401084899902,3160
1.5666558742523193,3160
1.5674450397491455,3160
1.5682272911071777,3160
1.5690155029296875,3160
1.5698058605194092,3160
1.5705983638763428,3160
1.5713846683502197,3160
1.5721709728240967,3160
1.5729601383209229,3160
1.5737483501434326,3160
1.5745437145233154,3160
1.575331449508667,3160
1.5761258602142334,3160
1.5769274234771729,3160
1.5777270793914795,3160
1.5785136222839355,3160
1.579293966293335,3160
1.5801968574523926,3160
1.5809860229492188,3160
1.581777572631836,3160
1.582573413848877,3160
1.583364725112915,3160
1.5841505527496338,3160
1.5849359035491943,3160
1.5857312679290771,3160
1.5865249633789062,3160
1.5873162746429443,3160
1.588106632232666,3160
1.5890183448791504,3160
1.5898149013519287,3160
1.5906007289886475,3160
1.5913774967193604,3160
1.5921690464019775,3160
1.592963457107544,3160
1.5937621593475342,3160
1.5946602821350098,3160
1.5954511165618896,3160
1.59623122215271,3160
1.5970356464385986,3160
1.5979392528533936,3160
1.59873366355896,3160
1.5995211601257324,3160
1.6003179550170898,3160
1.601104497909546,3160
1.6018972396850586,3160
1.6026878356933594,3160
1.603485107421875,3160
1.604382038116455,3160
1.6051771640777588,3160
1.605964183807373,3160
1.6067607402801514,3160
1.6075544357299805,3160
1.6083464622497559,3160
1.609133243560791,3160
1.6099250316619873,3160
1.610710620880127,3160
1.6115102767944336,3160
1.6122958660125732,3160
1.6131978034973145,3160
1.6139860153198242,3160
1.614781379699707,3160
1.615569829940796,3160
1.616361379623413,3160
1.617156982421875,3160
1.6180579662322998,3160
1.6188514232635498,3160
1.6196413040161133,3160
1.6204283237457275,3160
1.6212081909179688,3160
1.6220018863677979,3160
1.6229119300842285,3160
1.6237010955810547,3160
1.6244900226593018,3160
1.6252703666687012,3160
1.6260654926300049,3160
1.62687087059021,3160
1.6276633739471436,3160
1.6284534931182861,3160
1.6292471885681152,3160
1.6300404071807861,3160
1.6308338642120361,3160
1.6316249370574951,3160
1.6324217319488525,3160
1.6332037448883057,3160
1.6340010166168213,3160
1.6347908973693848,3160
1.6355817317962646,3160
1.6363675594329834,3160
1.6371700763702393,3160
1.6379644870758057,3160
1.6387615203857422,3160
1.639549970626831,3160
1.640451431274414,3160
1.6412367820739746,3160
1.642148733139038,3160
1.6430511474609375,3160
1.6438426971435547,3160
1.6446278095245361,3160
1.6454212665557861,3160
1.6462056636810303,3160
1.6470074653625488,3160
1.6477973461151123,3160
1.6485886573791504,3160
1.6493721008300781,3160
1.650169849395752,3160
1.6509556770324707,3160
1.6517441272735596,3160
1.6525342464447021,3160
1.6533231735229492,3160
1.6541085243225098,3160
1.6548981666564941,3160
1.6556873321533203,3160
1.6564881801605225,3160
1.6572747230529785,3160
1.658071517944336,3160
1.6588633060455322,3160
1.659656286239624,3160
1.6604440212249756,3160
1.661231279373169,3160
1.6621358394622803,3160
1.6630373001098633,3160
1.6638293266296387,3160
1.6647372245788574,3160
1.6656386852264404,3160
1.6664352416992188,3160
1.6673328876495361,3160
1.668128490447998,3160
1.6690309047698975,3160
1.6698224544525146,3160
1.6706185340881348,3160
1.671398401260376,3160
1.6721899509429932,3160
1.6731047630310059,3160
1.6740076541900635,3160
1.674795389175415,3160
1.6755869388580322,3160
1.6763737201690674,3160
1.6771748065948486,3160
1.6779694557189941,3160
1.6787598133087158,3160
1.679555892944336,3160
1.6803390979766846,3160
1.681243896484375,3160
1.6820337772369385,3160
1.6828219890594482,3160
1.6836135387420654,3160
1.6845223903656006,3160
1.6853091716766357,3160
1.6860978603363037,3160
1.6868987083435059,3160
1.6878118515014648,3160
1.688601016998291,3160
1.6893925666809082,3160
1.6901826858520508,3160
1.6909804344177246,3160
1.6918811798095703,3160
1.6926729679107666,3160
1.6934585571289062,3160
1.6942386627197266,3160
1.6950242519378662,3160
1.6958250999450684,3160
1.6966204643249512,3160
1.697411298751831,3160
1.6982002258300781,3160
1.6989989280700684,3160
1.6997873783111572,3160
1.700570821762085,3160
1.7013559341430664,3160
1.7021517753601074,3160
1.7029433250427246,3160
1.703735589981079,3160
1.7045276165008545,3160
1.7053139209747314,3160
1.7062194347381592,3160
1.7070305347442627,3160
1.7078170776367188,3160
1.7087185382843018,3160
1.7095105648040771,3160
1.7103016376495361,3160
1.711092233657837,3160
1.7118818759918213,3160
1.7126691341400146,3160
1.7134602069854736,3160
1.714242935180664,3160
1.7150349617004395,3160
1.7159373760223389,3160
1.7167346477508545,3160
1.7175235748291016,3160
1.7183091640472412,3160
1.7191016674041748,3160
1.7200047969818115,3160
1.7207958698272705,3160
1.7215864658355713,3160
1.7223727703094482,3160
1.7231643199920654,3160
1.72395920753479,3160
1.7247514724731445,3160
1.725541114807129,3160
1.7263298034667969,3160
1.7271339893341064,3160
1.7279279232025146,3160
1.7287156581878662,3160
1.7295136451721191,3160
1.730302333831787,3160
1.731095790863037,3160
1.7318816184997559,3160
1.732672929763794,3160
1.7335748672485352,3160
1.7343621253967285,3160
1.7351527214050293,3160
1.735945463180542,3160
1.736743688583374,3160
1.7375404834747314,3160
1.7383246421813965,3160
1.73911452293396,3160
1.7399075031280518,3160
1.740701675415039,3160
1.7414896488189697,3160
1.742272138595581,3160
1.7430634498596191,3160
1.7438626289367676,3160
1.7447681427001953,3160
1.7455589771270752,3160
1.746467113494873,3160
1.7472541332244873,3160
1.7480425834655762,3160
1.7489442825317383,3160
1.749847650527954,3160
1.7506310939788818,3160
1.7514193058013916,3160
1.752211093902588,3160
1.7529995441436768,3160
1.7539033889770508,3160
1.7548072338104248,3160
1.7556025981903076,3160
1.7563879489898682,3160
1.757185459136963,3160
1.7580907344818115,3160
1.7590019702911377,3160
1.759798288345337,3160
1.7605922222137451,3160
1.7613739967346191,3160
1.7621777057647705,3160
1.7629687786102295,3160
1.763763189315796,3160
1.764552116394043,3160
1.765336513519287,3160
1.7661330699920654,3160
1.7669401168823242,3160
1.7678461074829102,3160
1.7686374187469482,3160
1.7694237232208252,3160
1.7702138423919678,3160
1.7710018157958984,3160
1.771796464920044,3160
1.7725906372070312,3160
1.7733757495880127,3160
1.7741718292236328,3160
1.7749741077423096,3160
1.7757620811462402,3160
1.7766704559326172,3160
1.7775733470916748,3160
1.7783608436584473,3160
1.7791483402252197,3160
1.7799413204193115,3160
1.7807307243347168,3160
1.7815260887145996,3160
1.7823092937469482,3160
1.7830979824066162,3160
1.7838923931121826,3160
1.784684419631958,3160
1.785470724105835,3160
1.7862601280212402,3160
1.7870652675628662,3160
1.7878544330596924,3160
1.7886459827423096,3160
1.7894415855407715,3160
1.7903399467468262,3160
1.791130781173706,3160
1.791921854019165,3160
1.792719841003418,3160
1.7935051918029785,3160
1.7942917346954346,3160
1.7950806617736816,3160
1.7958767414093018,3160
1.7967936992645264,3160
1.7975878715515137,3160
1.798492670059204,3160
1.7992808818817139,3160
1.8000743389129639,3160
1.800877571105957,3160
1.8017833232879639,3160
1.8025717735290527,3160
1.8033561706542969,3160
1.8041527271270752,3160
1.8049421310424805,3160
1.8057270050048828,3160
1.8065185546875,3160
1.807304859161377,3160
1.8080997467041016,3160
1.8088955879211426,3160
1.8096923828125,3160
1.8104875087738037,3160
1.8113834857940674,3160
1.8121778964996338,3160
1.8129630088806152,3160
1.8137478828430176,3160
1.8145430088043213,3160
1.8153328895568848,3160
1.816131353378296,3160
1.8169341087341309,3160
1.8178367614746094,3160
1.8186230659484863,3160
1.8194105625152588,3160
1.8202011585235596,3160
1.8209939002990723,3160
1.8217840194702148,3160
1.822575330734253,3160
1.8233602046966553,3160
1.8241450786590576,3160
1.824937105178833,3160
1.8257215023040771,3160
1.8265209197998047,3160
1.8274295330047607,3160
1.8282146453857422,3160
1.8290042877197266,3160
1.8297908306121826,3160
1.830580472946167,3160
1.831491470336914,3160
1.8322832584381104,3160
1.8331844806671143,3160
1.833974838256836,3160
1.8347678184509277,3160
1.8355553150177002,3160
1.836336374282837,3160
1.8372461795806885,3160
1.8380372524261475,3160
1.838829755783081,3160
1.8396203517913818,3160
1.8404173851013184,3160
1.8412055969238281,3160
1.8419926166534424,3160
1.84279203414917,3160
1.843576431274414,3160
1.8443584442138672,3160
1.845156192779541,3160
1.8459503650665283,3160
1.8467490673065186,3160
1.8475332260131836,3160
1.8483200073242188,3160
1.8491153717041016,3160
1.8498997688293457,3160
1.8506865501403809,3160
1.8514747619628906,3160
1.8522553443908691,3160
1.8530488014221191,3160
1.853841781616211,3160
1.854628562927246,3160
1.8554201126098633,3160
1.8562016487121582,3160
1.857011318206787,3160
1.8578014373779297,3160
1.8585920333862305,3160
1.859377145767212,3160
1.8601760864257812,3160
1.8609652519226074,3160
1.861753225326538,3160
1.8625378608703613,3160
1.8633222579956055,3160
1.8641109466552734,3160
1.8649122714996338,3160
1.8658161163330078,3160
1.8666133880615234,3160
1.867396593093872,3160
1.868189811706543,3160
1.8689839839935303,3160
1.8697738647460938,3160
1.8705661296844482,3160
1.8713514804840088,3160
1.87225341796875,3160
1.8731589317321777,3160
1.8739445209503174,3160
1.8747389316558838,3160
1.8755273818969727,3160
1.876443862915039,3160
1.8772249221801758,3160
1.8780145645141602,3160
1.8788061141967773,3160
1.879601240158081,3160
1.880389928817749,3160
1.8811829090118408,3160
1.8819704055786133,3160
1.8827776908874512,3160
1.8835663795471191,3160
1.8843531608581543,3160
1.8851377964019775,3160
1.8859283924102783,3160
1.8867368698120117,3160
1.8875319957733154,3160
1.888314962387085,3160
1.8891098499298096,3160
1.889899492263794,3160
1.8906965255737305,3160
1.8914849758148193,3160
1.8922653198242188,3160
1.8930554389953613,3160
1.893967628479004,3160
1.8947556018829346,3160
1.8955409526824951,3160
1.896329402923584,3160
1.8971314430236816,3160
1.8979246616363525,3160
1.898719310760498,3160
1.8995065689086914,3160
1.9002978801727295,3160
1.9012045860290527,3160
1.9020016193389893,3160
1.9027941226959229,3160
1.9035816192626953,3160
1.9043662548065186,3160
1.9051625728607178,3160
1.9059526920318604,3160
1.9067509174346924,3160
1.9075379371643066,3160
1.9084417819976807,3160
1.9092342853546143,3160
1.9100260734558105,3160
1.9108223915100098,3160
1.9116168022155762,3160
1.9124059677124023,3160
1.9131965637207031,3160
1.9141044616699219,3160
1.9150092601776123,3160
1.9157993793487549,3160
1.9166083335876465,3160
1.9173946380615234,3160
1.9181842803955078,3160
1.9189777374267578,3160
1.919881820678711,3160
1.9206767082214355,3160
1.9214656352996826,3160
1.922250509262085,3160
1.9230473041534424,3160
1.9238409996032715,3160
1.9246368408203125,3160
1.9254279136657715,3160
1.9262158870697021,3160
1.927018165588379,3160
1.9279303550720215,3160
1.9287171363830566,3160
1.929621696472168,3160
1.9304072856903076,3160
1.931305170059204,3160
1.9320950508117676,3160
1.932887315750122,3160
1.93367600440979,3160
1.9344723224639893,3160
1.9352591037750244,3160
1.9360530376434326,3160
1.9368467330932617,3160
1.937753677368164,3160
1.9385387897491455,3160
1.939331293106079,3160
1.940124750137329,3160
1.940915822982788,3160
1.9418213367462158,3160
1.9426145553588867,3160
1.9434058666229248,3160
1.944197654724121,3160
1.9449918270111084,3160
1.9457802772521973,3160
1.9466884136199951,3160
1.947598934173584,3160
1.9485013484954834,3160
1.9492826461791992,3160
1.9501864910125732,3160
1.9510960578918457,3160
1.9518921375274658,3160
1.9526798725128174,3160
1.9534695148468018,3160
1.9542529582977295,3160
1.9550421237945557,3160
1.9558358192443848,3160
1.9566259384155273,3160
1.9574179649353027,3160
1.958207607269287,3160
1.9589996337890625,3160
1.9597904682159424,3160
1.9606916904449463,3160
1.9614779949188232,3160
1.9622688293457031,3160
1.963059425354004,3160
1.9639644622802734,3160
1.9647533893585205,3160
1.965538501739502,3160
1.9663219451904297,3160
1.9671263694763184,3160
1.9679150581359863,3160
1.9687070846557617,3160
1.9694948196411133,3160
1.9702799320220947,3160
1.9710712432861328,3160
1.9718594551086426,3160
1.9726486206054688,3160
1.9734477996826172,3160
1.974233627319336,3160
1.9750258922576904,3160
1.9758167266845703,3160
1.9767255783081055,3160
1.9775135517120361,3160
1.9783034324645996,3160
1.979095220565796,3160
1.9798853397369385,3160
1.9806809425354004,3160
1.9814763069152832,3160
1.9822585582733154,3160
1.98305344581604,3160
1.9838461875915527,3160
1.9846398830413818,3160
1.9854261875152588,3160
1.9862189292907715,3160
1.9870226383209229,3160
1.9878113269805908,3160
1.988603115081787,3160
1.9893953800201416,3160
1.9901878833770752,3160
1.9909751415252686,3160
1.9917643070220947,3160
1.9926738739013672,3160
1.9934678077697754,3160
1.9942584037780762,3160
1.9950463771820068,3160
1.9958415031433105,3160
1.9966373443603516,3160
1.9974308013916016,3160
1.9982144832611084,3160
1.9990122318267822,3160
1.9998054504394531,3160
2.000598192214966,3160
2.00138258934021,3160
2.00217866897583,3160
2.0029854774475098,3160
2.003790855407715,3160
2.0045857429504395,3160
2.0053701400756836,3160
2.0061588287353516,3160
2.0069727897644043,3160
2.0077624320983887,3160
2.0085556507110596,3160
2.009342908859253,3160
2.0101356506347656,3160
2.0109200477600098,3160
2.0117154121398926,3160
2.0125064849853516,3160
2.013294219970703,3160
2.014089345932007,3160
2.015001058578491,3160
2.015796661376953,3160
2.016587018966675,3160
2.017375946044922,3160
2.0181725025177,3160
2.01896333694458,3160
2.0197582244873047,3160
2.0205421447753906,3160
2.021324396133423,3160
2.022120475769043,3160
2.022916793823242,3160
2.0237157344818115,3160
2.0245025157928467,3160
2.025294065475464,3160
2.026092767715454,3160
2.0269007682800293,3160
2.027805805206299,3160
2.0285961627960205,3160
2.029386520385742,3160
2.0301742553710938,3160
2.030972719192505,3160
2.0317647457122803,3160
2.032672882080078,3160
2.033464193344116,3160
2.0342607498168945,3160
2.0350582599639893,3160
2.0358469486236572,3160
2.0366387367248535,3160
2.037430763244629,3160
2.0382206439971924,3160
2.0390188694000244,3160
2.039808750152588,3160
2.040598154067993,3160
2.041382074356079,3160
2.042173147201538,3160
2.0430781841278076,3160
2.0438761711120605,3160
2.044776678085327,3160
2.0455658435821533,3160
2.046353578567505,3160
2.047159194946289,3160
2.048062801361084,3160
2.048853874206543,3160
2.0496437549591064,3160
2.050442934036255,3160
2.0512285232543945,3160
2.052140951156616,3160
2.052932024002075,3160
2.0537221431732178,3160
2.0545082092285156,3160
2.055419445037842,3160
2.0562026500701904,3160
2.056999683380127,3160
2.0577919483184814,3160
2.058579921722412,3160
2.059360980987549,3160
2.060161828994751,3160
2.0609519481658936,3160
2.061858654022217,3160
2.06264591217041,3160
2.063433885574341,3160
2.064215898513794,3160
2.065016508102417,3160
2.0658040046691895,3160
2.066598653793335,3160
2.0673861503601074,3160
2.068296432495117,3160
2.0690877437591553,3160
2.0698788166046143,3160
2.0706682205200195,3160
2.0714566707611084,3160
2.0722415447235107,3160
2.0730390548706055,3160
2.0738296508789062,3160
2.0746119022369385,3160
2.075392007827759,3160
2.0761802196502686,3160
2.0769855976104736,3160
2.0777790546417236,3160
2.0785698890686035,3160
2.079360008239746,3160
2.0801544189453125,3160
2.080948829650879,3160
2.081740617752075,3160
2.082529306411743,3160
2.083317279815674,3160
2.0841140747070312,3160
2.084901809692383,3160
2.0857040882110596,3160
2.0866167545318604,3160
2.087397575378418,3160
2.0881881713867188,3160
2.088989019393921,3160
2.089778184890747,3160
2.0905606746673584,3160
2.091346263885498,3160
2.092135429382324,3160
2.092926502227783,3160
2.0937201976776123,3160
2.0945098400115967,3160
2.0952935218811035,3160
2.0960865020751953,3160
2.096895694732666,3160
2.0978026390075684,3160
2.098599433898926,3160
2.0993828773498535,3160
2.1001744270324707,3160
2.100966453552246,3160
2.1018760204315186,3160
2.1026625633239746,3160
2.1034505367279053,3160
2.1042370796203613,3160
2.105034351348877,3160
2.1058270931243896,3160
2.106630325317383,3160
2.1074204444885254,3160
2.108206033706665,3160
2.1091091632843018,3160
2.109898328781128,3160
2.110684394836426,3160
2.1114742755889893,3160
2.1122615337371826,3160
2.113049268722534,3160
2.113842010498047,3160
2.114636182785034,3160
2.1154277324676514,3160
2.1162095069885254,3160
2.1170148849487305,3160
2.117814540863037,3160
2.1186013221740723,3160
2.119389772415161,3160
2.120185136795044,3160
2.1209774017333984,3160
2.1217682361602783,3160
2.1225650310516357,3160
2.1233460903167725,3160
2.1241347789764404,3160
2.124932050704956,3160
2.1257216930389404,3160
2.1265201568603516,3160
2.1273088455200195,3160
2.1281003952026367,3160
2.1288979053497314,3160
2.129687547683716,3160
2.1304843425750732,3160
2.1312742233276367,3160
2.132070779800415,3160
2.132861375808716,3160
2.1336510181427,3160
2.1344382762908936,3160
2.135223627090454,3160
2.136012077331543,3160
2.1368093490600586,3160
2.1375925540924072,3160
2.138378143310547,3160
2.1391701698303223,3160
2.139970541000366,3160
2.140761613845825,3160
2.141552686691284,3160
2.142340898513794,3160
2.143139362335205,3160
2.143928289413452,3160
2.144724130630493,3160
2.1455113887786865,3160
2.1462907791137695,3160
2.1470937728881836,3160
2.148005962371826,3160
2.1489076614379883,3160
2.149698257446289,3160
2.1504857540130615,3160
2.1513867378234863,3160
2.152294635772705,3160
2.153095245361328,3160
2.153891086578369,3160
2.154680013656616,3160
2.155470848083496,3160
2.1563777923583984,3160
2.1571743488311768,3160
2.1579649448394775,3160
2.1587581634521484,3160
2.1596596240997314,3160
2.1604459285736084,3160
2.1612305641174316,3160
2.162137746810913,3160
2.162930727005005,3160
2.1637284755706787,3160
2.164518356323242,3160
2.165421962738037,3160
2.16621470451355,3160
2.1670119762420654,3160
2.1678099632263184,3160
2.1685986518859863,3160
2.169508695602417,3160
2.170292615890503,3160
2.171079397201538,3160
2.1718692779541016,3160
2.1727797985076904,3160
2.173572063446045,3160
2.174363374710083,3160
2.1751575469970703,3160
2.1759538650512695,3160
2.1767587661743164,3160
2.177555561065674,3160
2.1783416271209717,3160
2.1791372299194336,3160
2.179924726486206,3160
2.1807172298431396,3160
2.1815059185028076,3160
2.1822926998138428,3160
2.18308162689209,3160
2.1838672161102295,3160
2.184657096862793,3160
2.185446262359619,3160
2.186230182647705,3160
2.1870384216308594,3160
2.187831401824951,3160
2.188732862472534,3160
2.189523458480835,3160
2.1903114318847656,3160
2.191096305847168,3160
2.1918816566467285,3160
2.1926658153533936,3160
2.193452835083008,3160
2.1942436695098877,3160
2.1951537132263184,3160
2.195943593978882,3160
2.196859836578369,3160
2.197650909423828,3160
2.1984434127807617,3160
2.199230194091797,3160
2.2000224590301514,3160
2.200810194015503,3160
2.201599597930908,3160
2.202383041381836,3160
2.2031712532043457,3160
2.2039670944213867,3160
2.204751491546631,3160
2.205535411834717,3160
2.206448554992676,3160
2.2072322368621826,3160
2.2080283164978027,3160
2.208820343017578,3160
2.2096095085144043,3160
2.210395097732544,3160
2.211181163787842,3160
2.211968421936035,3160
2.2127606868743896,3160
2.2135510444641113,3160
2.214336633682251,3160
2.215127944946289,3160
2.215930461883545,3160
2.2167303562164307,3160
2.2175164222717285,3160
2.2183010578155518,3160
2.219092607498169,3160
2.219999074935913,3160
2.220905065536499,3160
2.2217001914978027,3160
2.222494602203369,3160
2.2232823371887207,3160
2.2240800857543945,3160
2.2248809337615967,3160
2.225663423538208,3160
2.2264575958251953,3160
2.2272441387176514,3160
2.2280349731445312,3160
2.2288267612457275,3160
2.2296128273010254,3160
2.2304067611694336,3160
2.2311952114105225,3160
2.2319931983947754,3160
2.2327840328216553,3160
2.233574390411377,3160
2.234363317489624,3160
2.235159158706665,3160
2.2360618114471436,3160
2.236978054046631,3160
2.237765073776245,3160
2.2385523319244385,3160
2.239454746246338,3160
2.240239381790161,3160
2.2410242557525635,3160
2.2418131828308105,3160
2.2425999641418457,3160
2.243380308151245,3160
2.244170665740967,3160
2.244969367980957,3160
2.2458720207214355,3160
2.2466678619384766,3160
2.247460126876831,3160
2.248244047164917,3160
2.24904203414917,3160
2.2499513626098633,3160
2.2507479190826416,3160
2.251539945602417,3160
2.2524478435516357,3160
2.253235101699829,3160
2.254025936126709,3160
2.254812240600586,3160
2.2556076049804688,3160
2.256389617919922,3160
2.257194757461548,3160
2.25810170173645,3160
2.258897542953491,3160
2.2596874237060547,3160
2.2604784965515137,3160
2.261263370513916,3160
2.262061357498169,3160
2.2628567218780518,3160
2.2636525630950928,3160
2.2644388675689697,3160
2.265225410461426,3160
2.2660155296325684,3160
2.2668113708496094,3160
2.267714262008667,3160
2.2685041427612305,3160
2.269284248352051,3160
2.2700726985931396,3160
2.270977258682251,3160
2.2717690467834473,3160
2.2725589275360107,3160
2.273346185684204,3160
2.274135112762451,3160
2.2749276161193848,3160
2.2757210731506348,3160
2.2765209674835205,3160
2.277303457260132,3160
2.278102397918701,3160
2.2788920402526855,3160
2.2796831130981445,3160
2.280472993850708,3160
2.2812600135803223,3160
2.282162666320801,3160
2.2829549312591553,3160
2.2838642597198486,3160
2.2846577167510986,3160
2.285446882247925,3160
2.2862324714660645,3160
2.287039279937744,3160
2.2878355979919434,3160
2.2886250019073486,3160
2.289417266845703,3160
2.2903213500976562,3160
2.2911152839660645,3160
2.2920186519622803,3160
2.2928154468536377,3160
2.2936136722564697,3160
2.2944042682647705,3160
2.2951910495758057,3160
2.2959794998168945,3160
2.296891689300537,3160
2.2976901531219482,3160
2.298475980758667,3160
2.2992639541625977,3160
2.300168037414551,3160
2.300957679748535,3160
2.301865816116333,3160
2.3026514053344727,3160
2.3035600185394287,3160
2.3043432235717773,3160
2.305135488510132,3160
2.3059213161468506,3160
2.306727886199951,3160
2.307630777359009,3160
2.3084254264831543,3160
2.3092143535614014,3160
2.3100106716156006,3160
2.3107964992523193,3160
2.3115861415863037,3160
2.312376022338867,3160
2.31316876411438,3160
2.313955783843994,3160
2.3147470951080322,3160
2.315540075302124,3160
2.3163223266601562,3160
2.3171229362487793,3160
2.317915439605713,3160
2.3187105655670166,3160
2.3194987773895264,3160
2.320283889770508,3160
2.3210744857788086,3160
2.3219854831695557,3160
2.322889566421509,3160
2.3236823081970215,3160
2.324467182159424,3160
2.3252525329589844,3160
2.3260443210601807,3160
2.3268489837646484,3160
2.327645778656006,3160
2.3284361362457275,3160
2.3292219638824463,3160
2.3300163745880127,3160
2.3308143615722656,3160
2.331605911254883,3160
2.332392692565918,3160
2.333186149597168,3160
2.3339738845825195,3160
2.3347671031951904,3160
2.3355624675750732,3160
2.3363497257232666,3160
2.3372700214385986,3160
2.3380625247955322,3160
2.338850259780884,3160
2.339752435684204,3160
2.340543508529663,3160
2.34132719039917,3160
2.3421170711517334,3160
2.342911720275879,3160
2.343709707260132,3160
2.344494581222534,3160
2.345280647277832,3160
2.346068859100342,3160
2.346872091293335,3160
2.3476645946502686,3160
2.3484549522399902,3160
2.349240303039551,3160
2.350034475326538,3160
2.350827217102051,3160
2.351616621017456,3160
2.352397918701172,3160
2.353186845779419,3160
2.3540914058685303,3160
2.3548777103424072,3160
2.355674982070923,3160
2.3564696311950684,3160
2.3572583198547363,3160
2.3580496311187744,3160
2.3588452339172363,3160
2.3596291542053223,3160
2.360419511795044,3160
2.361316204071045,3160
2.3622210025787354,3160
2.363013982772827,3160
2.363804817199707,3160
2.364591598510742,3160
2.365382432937622,3160
2.366286516189575,3160
2.3671998977661133,3160
2.367992401123047,3160
2.3687868118286133,3160
2.369570255279541,3160
2.3703508377075195,3160
2.371138572692871,3160
2.3719351291656494,3160
2.3727288246154785,3160
2.3735198974609375,3160
2.3742973804473877,3160
2.375094413757324,3160
2.3759994506835938,3160
2.3767988681793213,3160
2.377589702606201,3160
2.378371477127075,3160
2.379277467727661,3160
2.3800723552703857,3160
2.3809735774993896,3160
2.3817622661590576,3160
2.3825533390045166,3160
2.3833422660827637,3160
2.3842458724975586,3160
2.3850314617156982,3160
2.385819911956787,3160
2.386624336242676,3160
2.3875303268432617,3160
2.388319730758667,3160
2.3891117572784424,3160
2.389897584915161,3160
2.390686511993408,3160
2.3914809226989746,3160
2.392261505126953,3160
2.3930578231811523,3160
2.3938496112823486,3160
2.39475417137146,3160
2.3955414295196533,3160
2.3963263034820557,3160
2.397125720977783,3160
2.3980283737182617,3160
2.398820638656616,3160
2.3997249603271484,3160
2.4005157947540283,3160
2.401301622390747,3160
2.4020955562591553,3160
2.4028820991516113,3160
2.4036784172058105,3160
2.4044699668884277,3160
2.4052541255950928,3160
2.406046152114868,3160
2.4069643020629883,3160
2.4077541828155518,3160
2.40854811668396,3160
2.409330129623413,3160
2.4101181030273438,3160
2.4109089374542236,3160
2.4116954803466797,3160
2.412484645843506,3160
2.413267135620117,3160
2.4140586853027344,3160
2.4148545265197754,3160
2.4156405925750732,3160
2.4164371490478516,3160
2.4172258377075195,3160
2.418020248413086,3160
2.4188177585601807,3160
2.419609308242798,3160
2.420393943786621,3160
2.4211864471435547,3160
2.4219868183135986,3160
2.4227778911590576,3160
2.423563241958618,3160
2.4243485927581787,3160
2.4251418113708496,3160
2.425933361053467,3160
2.4267356395721436,3160
2.4275283813476562,3160
2.428438901901245,3160
2.429224729537964,3160
2.4301319122314453,3160
2.430920124053955,3160
2.431720495223999,3160
2.4325056076049805,3160
2.43328857421875,3160
2.4340784549713135,3160
2.434986114501953,3160
2.435779333114624,3160
2.436575174331665,3160
2.437361001968384,3160
2.4382646083831787,3160
2.4390573501586914,3160
2.4398505687713623,3160
2.4406356811523438,3160
2.4414243698120117,3160
2.4422054290771484,3160
2.442997932434082,3160
2.443786382675171,3160
2.4446897506713867,3160
2.4454891681671143,3160
2.4462690353393555,3160
2.4470653533935547,3160
2.4479737281799316,3160
2.4487714767456055,3160
2.449558973312378,3160
2.4504685401916504,3160
2.451261043548584,3160
2.4520535469055176,3160
2.452842950820923,3160
2.453751802444458,3160
2.454655408859253,3160
2.455444812774658,3160
2.4562301635742188,3160
2.457033634185791,3160
2.4578280448913574,3160
2.458618640899658,3160
2.4594082832336426,3160
2.4602038860321045,3160
2.460995674133301,3160
2.4617879390716553,3160
2.4625844955444336,3160
2.4633710384368896,3160
2.464156150817871,3160
2.464954376220703,3160
2.465859889984131,3160
2.4666597843170166,3160
2.4674580097198486,3160
2.468356132507324,3160
2.4692625999450684,3160
2.47005033493042,3160
2.47084641456604,3160
2.4716408252716064,3160
2.4724302291870117,3160
2.473215341567993,3160
2.4740097522735596,3160
2.4748003482818604,3160
2.475585699081421,3160
2.4763717651367188,3160
2.477170944213867,3160
2.47796630859375,3160
2.4787631034851074,3160
2.4795475006103516,3160
2.4804508686065674,3160
2.4812369346618652,3160
2.482032060623169,3160
2.482823610305786,3160
2.4836173057556152,3160
2.484405755996704,3160
2.4851953983306885,3160
2.4859931468963623,3160
2.4867944717407227,3160
2.4875824451446533,3160
2.4883759021759033,3160
2.4891715049743652,3160
2.4899673461914062,3160
2.4907608032226562,3160
2.4916670322418213,3160
2.492460250854492,3160
2.4933574199676514,3160
2.4941484928131104,3160
2.494943618774414,3160
2.495729923248291,3160
2.4965298175811768,3160
2.497434377670288,3160
2.498215436935425,3160
2.4990055561065674,3160
2.499798059463501,3160
2.50058650970459,3160
2.5013699531555176,3160
2.5021636486053467,3160
2.502957344055176,3160
2.5037498474121094,3160
2.5045478343963623,3160
2.5053341388702393,3160
2.506124258041382,3160
2.506927967071533,3160
2.5077202320098877,3160
2.5086231231689453,3160
2.5094149112701416,3160
2.5102009773254395,3160
2.510993242263794,3160
2.5117831230163574,3160
2.5125701427459717,3160
2.5133585929870605,3160
2.514263391494751,3160
2.515049934387207,3160
2.515841484069824,3160
2.5166399478912354,3160
2.5174386501312256,3160
2.518336534500122,3160
2.519239664077759,3160
2.520146131515503,3160
2.520940065383911,3160
2.5217316150665283,3160
2.522632598876953,3160
2.523420572280884,3160
2.5242059230804443,3160
2.525003433227539,3160
2.525801420211792,3160
2.5267114639282227,3160
2.527501344680786,3160
2.5284078121185303,3160
2.5291922092437744,3160
2.529984951019287,3160
2.5307838916778564,3160
2.5315706729888916,3160
2.532351016998291,3160
2.5332589149475098,3160
2.5340545177459717,3160
2.5349597930908203,3160
2.5357539653778076,3160
2.5366644859313965,3160
2.537567615509033,3160
2.5383472442626953,3160
2.539144277572632,3160
2.5399320125579834,3160
2.540724277496338,3160
2.5415194034576416,3160
2.5423099994659424,3160
2.543099880218506,3160
2.543891429901123,3160
2.5446829795837402,3160
2.5454773902893066,3160
2.5462639331817627,3160
2.547177314758301,3160
2.5479683876037598,3160
2.5487661361694336,3160
2.549555540084839,3160
2.550457715988159,3160
2.5512466430664062,3160
2.552035093307495,3160
2.5528318881988525,3160
2.5536205768585205,3160
2.554408311843872,3160
2.555201530456543,3160
2.5559890270233154,3160
2.556906223297119,3160
2.55769944190979,3160
2.558492660522461,3160
2.5592854022979736,3160
2.560074806213379,3160
2.56087064743042,3160
2.561662197113037,3160
2.5624516010284424,3160
2.5632379055023193,3160
2.5640296936035156,3160
2.564823627471924,3160
2.5657246112823486,3160
2.5666348934173584,3160
2.5674338340759277,3160
2.568220376968384,3160
2.569011688232422,3160
2.5698022842407227,3160
2.5705959796905518,3160
2.5714972019195557,3160
2.5722780227661133,3160
2.573181629180908,3160
2.5740931034088135,3160
2.574892997741699,3160
2.5756869316101074,3160
2.576486825942993,3160
2.577277898788452,3160
2.5780646800994873,3160
2.5788562297821045,3160
2.579641819000244,3160
2.5804283618927,3160
2.5812156200408936,3160
2.582003116607666,3160
2.5827934741973877,3160
2.583587884902954,3160
2.584376096725464,3160
2.5851705074310303,3160
2.5859649181365967,3160
2.586765766143799,3160
2.5875585079193115,3160
2.58834171295166,3160
2.589132785797119,3160
2.58992862701416,3160
2.5907206535339355,3160
2.591510057449341,3160
2.5923011302948,3160
2.593095302581787,3160
2.5938847064971924,3160
2.594672679901123,3160
2.5954627990722656,3160
2.5962424278259277,3160
2.597040891647339,3160
2.5978341102600098,3160
2.598635673522949,3160
2.599424362182617,3160
2.6002111434936523,3160
2.601006507873535,3160
2.6018054485321045,3160
2.602710247039795,3160
2.60361385345459,3160
2.604407548904419,3160
2.6053099632263184,3160
2.6060967445373535,3160
2.6068975925445557,3160
2.6076865196228027,3160
2.6084773540496826,3160
2.6092612743377686,3160
2.6100473403930664,3160
2.610842704772949,3160
2.6116349697113037,3160
2.612424373626709,3160
2.6132123470306396,3160
2.614000082015991,3160
2.6147918701171875,3160
2.6155896186828613,3160
2.616374969482422,3160
2.6171722412109375,3160
2.618079423904419,3160
2.618870973587036,3160
2.619657516479492,3160
2.620452880859375,3160
2.621239185333252,3160
2.6220271587371826,3160
2.622931718826294,3160
2.623721122741699,3160
2.624514579772949,3160
2.6252996921539307,3160
2.6260926723480225,3160
2.626894950866699,3160
2.6276819705963135,3160
2.628479242324829,3160
2.62926983833313,3160
2.630059003829956,3160
2.63085675239563,3160
2.631758689880371,3160
2.6326615810394287,3160
2.6334469318389893,3160
2.634235382080078,3160
2.635023593902588,3160
2.6358137130737305,3160
2.636608600616455,3160
2.637394905090332,3160
2.638298988342285,3160
2.6390957832336426,3160
2.639885425567627,3160
2.640787124633789,3160
2.641585350036621,3160
2.64237117767334,3160
2.6431610584259033,3160
2.6439592838287354,3160
2.6447503566741943,3160
2.6456520557403564,3160
2.646453380584717,3160
2.6472361087799072,3160
2.6480236053466797,3160
2.6488192081451416,3160
2.6496121883392334,3160
2.6503891944885254,3160
2.651176691055298,3160
2.6520845890045166,3160
2.65287184715271,3160
2.6536669731140137,3160
2.654571533203125,3160
2.6553618907928467,3160
2.656151533126831,3160
2.6569530963897705,3160
2.657749652862549,3160
2.6585397720336914,3160
2.659325122833252,3160
2.660118579864502,3160
2.6609103679656982,3160
2.661707878112793,3160
2.6625006198883057,3160
2.663285493850708,3160
2.664073944091797,3160
2.664862871170044,3160
2.6656506061553955,3160
2.666445255279541,3160
2.667231321334839,3160
2.6680221557617188,3160
2.6688101291656494,3160
2.669603109359741,3160
2.6703906059265137,3160
2.6711816787719727,3160
2.6719720363616943,3160
2.672762870788574,3160
2.6735551357269287,3160
2.674339532852173,3160
2.6751270294189453,3160
2.6759188175201416,3160
2.6767213344573975,3160
2.6775171756744385,3160
2.678420066833496,3160
2.6792047023773193,3160
2.680002450942993,3160
2.6807925701141357,3160
2.681577205657959,3160
2.682359457015991,3160
2.6831610202789307,3160
2.6839563846588135,3160
2.684748888015747,3160
2.685540199279785,3160
2.6863362789154053,3160
2.6871395111083984,3160
2.6879329681396484,3160
2.688723087310791,3160
2.6895124912261963,3160
2.690295696258545,3160
2.6910927295684814,3160
2.6918790340423584,3160
2.6927807331085205,3160
2.6935677528381348,3160
2.694354772567749,3160
2.695146322250366,3160
2.6959340572357178,3160
2.696735382080078,3160
2.697526693344116,3160
2.698310375213623,3160
2.6991021633148193,3160
2.700009346008301,3160
2.700798749923706,3160
2.7015902996063232,3160
2.7023746967315674,3160
2.7032783031463623,3160
2.704066038131714,3160
2.704861640930176,3160
2.705653190612793,3160
2.7064473628997803,3160
2.7072348594665527,3160
2.708031177520752,3160
2.708829879760742,3160
2.709618091583252,3160
2.710418701171875,3160
2.7112061977386475,3160
2.711996555328369,3160
2.712791919708252,3160
2.71358585357666,3160
2.714381694793701,3160
2.7151737213134766,3160
2.715961456298828,3160
2.7167603969573975,3160
2.7175538539886475,3160
2.7183444499969482,3160
2.71913480758667,3160
2.719921350479126,3160
2.7207107543945312,3160
2.7215003967285156,3160
2.722285270690918,3160
2.723083972930908,3160
2.723879098892212,3160
2.724667549133301,3160
2.725456476211548,3160
2.726247549057007,3160
2.7270543575286865,3160
2.7278499603271484,3160
2.7286393642425537,3160
2.729431629180908,3160
2.73022198677063,3160
2.731013298034668,3160
2.731919765472412,3160
2.732830286026001,3160
2.733618974685669,3160
2.734407901763916,3160
2.7351956367492676,3160
2.735992193222046,3160
2.7367970943450928,3160
2.7375850677490234,3160
2.738373041152954,3160
2.739168405532837,3160
2.7400717735290527,3160
2.740980863571167,3160
2.7417759895324707,3160
2.742570400238037,3160
2.743363618850708,3160
2.74415922164917,3160
2.744945764541626,3160
2.7457354068756104,3160
2.74664568901062,3160
2.7474381923675537,3160
2.748228073120117,3160
2.7490179538726807,3160
2.749807596206665,3160
2.750709295272827,3160
2.7514984607696533,3160
2.7522850036621094,3160
2.753072500228882,3160
2.7538669109344482,3160
2.754770278930664,3160
2.7555630207061768,3160
2.7563488483428955,3160
2.7571465969085693,3160
2.7580506801605225,3160
2.758845567703247,3160
2.7597482204437256,3160
2.760540008544922,3160
2.7613308429718018,3160
2.762117624282837,3160
2.7629106044769287,3160
2.763700008392334,3160
2.764495372772217,3160
2.765279531478882,3160
2.766069173812866,3160
2.766871452331543,3160
2.7676639556884766,3160
2.768458604812622,3160
2.7692434787750244,3160
2.7700343132019043,3160
2.7709462642669678,3160
2.771852731704712,3160
2.772754669189453,3160
2.7735435962677,3160
2.7743337154388428,3160
2.775118589401245,3160
2.775909423828125,3160
2.776707172393799,3160
2.7774994373321533,3160
2.778280735015869,3160
2.779071092605591,3160
2.779858350753784,3160
2.7806458473205566,3160
2.781437873840332,3160
2.7822213172912598,3160
2.783013343811035,3160
2.7838096618652344,3160
2.7845981121063232,3160
2.785383462905884,3160
2.786175489425659,3160
2.7869760990142822,3160
2.7877724170684814,3160
2.7885615825653076,3160
2.789356231689453,3160
2.790154457092285,3160
2.7910585403442383,3160
2.7918503284454346,3160
2.7926430702209473,3160
2.793436050415039,3160
2.794222354888916,3160
2.7950143814086914,3160
2.7958133220672607,3160
2.796725034713745,3160
2.797513246536255,3160
2.798300266265869,3160
2.799098253250122,3160
2.7998876571655273,3160
2.80068302154541,3160
2.8014674186706543,3160
2.802252769470215,3160
2.8030388355255127,3160
2.803825616836548,3160
2.804612874984741,3160
2.8054075241088867,3160
2.806307554244995,3160
2.8071060180664062,3160
2.8078951835632324,3160
2.8086838722229004,3160
2.8094754219055176,3160
2.8103761672973633,3160
2.8111701011657715,3160
2.8120744228363037,3160
2.8128654956817627,3160
2.8136491775512695,3160
2.814553737640381,3160
2.8153398036956787,3160
2.816244125366211,3160
2.8170430660247803,3160
2.8179566860198975,3160
2.81874680519104,3160
2.819537401199341,3160
2.8203225135803223,3160
2.8211145401000977,3160
2.8219056129455566,3160
2.822695732116699,3160
2.823486089706421,3160
2.8242738246917725,3160
2.825071334838867,3160
2.8258700370788574,3160
2.8266618251800537,3160
2.8274588584899902,3160
2.8282461166381836,3160
2.8291468620300293,3160
2.8299341201782227,3160
2.830733060836792,3160
2.8315186500549316,3160
2.832301139831543,3160
2.833089590072632,3160
2.8338816165924072,3160
2.834784746170044,3160
2.835575819015503,3160
2.8363583087921143,3160
2.8372721672058105,3160
2.8380653858184814,3160
2.8388569355010986,3160
2.8396496772766113,3160
2.840440034866333,3160
2.8412342071533203,3160
2.842027187347412,3160
2.8429336547851562,3160
2.8437299728393555,3160
2.8445210456848145,3160
2.8453056812286377,3160
2.846104145050049,3160
2.8469033241271973,3160
2.8476979732513428,3160
2.8484866619110107,3160
2.8492696285247803,3160
2.8500614166259766,3160
2.8517558574676514,3160
2.8525502681732178,3160
2.8533341884613037,3160
2.854125499725342,3160
2.8557183742523193,3160
2.856632947921753,3160
2.85742449760437,3160
2.858320474624634,3160
2.8591127395629883,3160
2.8606903553009033,3160
2.861480236053467,3160
2.862260341644287,3160
2.8630483150482178,3160
2.86462140083313,3160
2.865525960922241,3160
2.8663129806518555,3160
2.867112398147583,3160
2.868701219558716,3160
2.869490385055542,3160
2.870274305343628,3160
2.871070623397827,3160
2.8727669715881348,3160
2.8735544681549072,3160
2.874340295791626,3160
2.8751344680786133,3160
2.8760416507720947,3160
2.877633571624756,3160
2.878425121307373,3160
2.87920880317688,3160
2.880797863006592,3160
2.88158917427063,3160
2.8825013637542725,3160
2.8832905292510986,3160
2.884201765060425,3160
2.885784149169922,3160
2.8865787982940674,3160
2.887364149093628,3160
2.8881609439849854,3160
2.8890626430511475,3160
2.890637159347534,3160
2.8914284706115723,3160
2.892324209213257,3160
2.8931150436401367,3160
2.894691228866577,3160
2.8954813480377197,3160
2.8962669372558594,3160
2.8970673084259033,3160
2.898759365081787,3160
2.8995471000671387,3160
2.900332450866699,3160
2.9011199474334717,3160
2.9027090072631836,3160
2.9034974575042725,3160
2.9042856693267822,3160
2.9051878452301025,3160
2.906780242919922,3160
2.9075703620910645,3160
2.9083616733551025,3160
2.9091649055480957,3160
2.910855531692505,3160
2.9117558002471924,3160
2.912548542022705,3160
2.913330316543579,3160
2.9142324924468994,3160
2.915027379989624,3160
2.9166152477264404,3160
2.9175190925598145,3160
2.9182989597320557,3160
2.9190962314605713,3160
2.9206790924072266,3160
2.921468496322632,3160
2.9222521781921387,3160
2.9230380058288574,3160
2.924731492996216,3160
2.925522565841675,3160
2.9263105392456055,3160
2.9272241592407227,3160
2.9280173778533936,3160
2.9295973777770996,3160
2.9303815364837646,3160
2.9311740398406982,3160
2.932743787765503,3160
2.9335343837738037,3160
2.9343254566192627,3160
2.935114622116089,3160
2.936699867248535,3160
2.937608242034912,3160
2.9383907318115234,3160
2.939185619354248,3160
2.940765619277954,3160
2.9415595531463623,3160
2.942340135574341,3160
2.9431283473968506,3160
2.9440360069274902,3160
2.945721387863159,3160
2.9465174674987793,3160
2.9473090171813965,3160
2.948094606399536,3160
2.9496707916259766,3160
2.950456142425537,3160
2.951240301132202,3160
2.9520325660705566,3160
2.9536142349243164,3160
2.954397678375244,3160
2.9551939964294434,3160
2.956789255142212,3160
2.9575812816619873,3160
2.9583678245544434,3160
2.959160089492798,3160
2.9607410430908203,3160
2.9615323543548584,3160
2.9624412059783936,3160
2.9632227420806885,3160
2.964017629623413,3160
2.9655966758728027,3160
2.966386556625366,3160
2.9671876430511475,3160
2.968885898590088,3160
2.9696836471557617,3160
2.9704720973968506,3160
2.9712607860565186,3160
2.9720499515533447,3160
2.9738521575927734,3160
2.9746336936950684,3160
2.9754247665405273,3160
2.9762091636657715,3160
2.9770119190216064,3160
2.9785897731781006,3160
2.9793760776519775,3160
2.9801692962646484,3160
2.9817464351654053,3160
2.98254132270813,3160
2.9834446907043457,3160
2.984342575073242,3160
2.9851410388946533,3160
2.9867234230041504,3160
2.987515687942505,3160
2.98830246925354,3160
2.989088296890259,3160
2.9906678199768066,3160
2.9914560317993164,3160
2.992246389389038,3160
2.9931535720825195,3160
2.994849681854248,3160
2.995643138885498,3160
2.996434211730957,3160
2.9972240924835205,3160
2.9980130195617676,3160
2.999709367752075,3160
3.0005035400390625,3160
3.0012857913970947,3160
3.0020720958709717,3160
3.0036468505859375,3160
3.0044312477111816,3160
3.0052144527435303,3160
3.0060057640075684,3160
3.0075886249542236,3160
3.008496046066284,3160
3.009281635284424,3160
3.010073184967041,3160
3.01166033744812,3160
3.012448787689209,3160
3.01324200630188,3160
3.0141470432281494,3160
3.0157313346862793,3160
3.016535758972168,3160
3.0173232555389404,3160
3.0182247161865234,3160
3.0190186500549316,3160
3.0205929279327393,3160
3.021376371383667,3160
3.022174835205078,3160
3.023866653442383,3160
3.024656057357788,3160
3.02545428276062,3160
3.0262413024902344,3160
3.027038335800171,3160
3.0287296772003174,3160
3.0295231342315674,3160
3.0303103923797607,3160
3.0311057567596436,3160
3.032680034637451,3160
3.0334677696228027,3160
3.0342555046081543,3160
3.035048246383667,3160
3.03664231300354,3160
3.037440299987793,3160
3.03822660446167,3160
3.039019823074341,3160
3.0407118797302246,3160
3.0414998531341553,3160
3.042283296585083,3160
3.0430808067321777,3160
3.044668436050415,3160
3.045569658279419,3160
3.0463497638702393,3160
3.0472707748413086,3160
3.0481746196746826,3160
3.0490779876708984,3160
3.0507843494415283,3160
3.0515804290771484,3160
3.0523681640625,3160
3.0531604290008545,3160
3.0547449588775635,3160
3.0555334091186523,3160
3.0563137531280518,3160
3.057114362716675,3160
3.0586984157562256,3160
3.0594875812530518,3160
3.0602777004241943,3160
3.0610644817352295,3160
3.0626423358917236,3160
3.063544273376465,3160
3.064444065093994,3160
3.0652332305908203,3160
3.066019296646118,3160
3.067725419998169,3160
3.06851863861084,3160
3.069298267364502,3160
3.070089340209961,3160
3.071668863296509,3160
3.072578191757202,3160
3.0733654499053955,3160
3.074157238006592,3160
3.0757381916046143,3160
3.0765345096588135,3160
3.0773208141326904,3160
3.0781099796295166,3160
3.0796945095062256,3160
3.0804810523986816,3160
3.081265926361084,3160
3.082061529159546,3160
3.0836434364318848,3160
3.084432601928711,3160
3.0853309631347656,3160
3.0861246585845947,3160
3.0878312587738037,3160
3.088620662689209,3160
3.0894174575805664,3160
3.0901966094970703,3160
3.0917789936065674,3160
3.092569351196289,3160
3.0933542251586914,3160
3.0941431522369385,3160
3.0957190990448,3160
3.0965187549591064,3160
3.0973100662231445,3160
3.098109483718872,3160
3.0996875762939453,3160
3.100480079650879,3160
3.101261615753174,3160
3.102050542831421,3160
3.1036264896392822,3160
3.10452938079834,3160
3.1054317951202393,3160
3.106217861175537,3160
3.107027530670166,3160
3.108605146408081,3160
3.1093854904174805,3160
3.110297679901123,3160
3.111093521118164,3160
3.1126770973205566,3160
3.11346697807312,3160
3.114248037338257,3160
3.1150381565093994,3160
3.116628885269165,3160
3.117422580718994,3160
3.118318796157837,3160
3.1191089153289795,3160
3.1206836700439453,3160
3.121473789215088,3160
3.1222620010375977,3160
3.1231672763824463,3160
3.1247527599334717,3160
3.125654458999634,3160
3.126455307006836,3160
3.1273531913757324,3160
3.1281423568725586,3160
3.1297309398651123,3160
3.13051700592041,3160
3.1312966346740723,3160
3.132096529006958,3160
3.1336734294891357,3160
3.1344690322875977,3160
3.1352579593658447,3160
3.136046886444092,3160
3.137626886367798,3160
3.1384217739105225,3160
3.1392102241516113,3160
3.140791893005371,3160
3.1415820121765137,3160
3.1423709392547607,3160
3.1431639194488525,3160
3.1447319984436035,3160
3.1455278396606445,3160
3.146307945251465,3160
3.147108793258667,3160
3.148798942565918,3160
3.1495938301086426,3160
3.150383472442627,3160
3.1511712074279785,3160
3.1527493000030518,3160
3.153536796569824,3160
3.154325246810913,3160
3.1551108360290527,3160
3.1560142040252686,3160
3.157719850540161,3160
3.1585099697113037,3160
3.1592934131622314,3160
3.1600863933563232,3160
3.16178035736084,3160
3.1625709533691406,3160
3.1633553504943848,3160
3.164144992828369,3160
3.1657211780548096,3160
3.1665279865264893,3160
3.1673176288604736,3160
3.168102741241455,3160
3.169684886932373,3160
3.1705853939056396,3160
3.1713695526123047,3160
3.1721608638763428,3160
3.173736333847046,3160
3.1746392250061035,3160
3.1754345893859863,3160
3.176218032836914,3160
3.177018880844116,3160
3.178598165512085,3160
3.1795005798339844,3160
3.1802830696105957,3160
3.181077480316162,3160
3.1826555728912354,3160
3.183443307876587,3160
3.184229612350464,3160
3.185138702392578,3160
3.186845541000366,3160
3.1877472400665283,3160
3.188542604446411,3160
3.1893255710601807,3160
3.190230369567871,3160
3.1910276412963867,3160
3.1926066875457764,3160
3.193511962890625,3160
3.1944191455841064,3160
3.195204734802246,3160
3.196791410446167,3160
3.197582960128784,3160
3.198369264602661,3160
3.199157238006592,3160
3.2007296085357666,3160
3.2015128135681152,3160
3.202301025390625,3160
3.2030937671661377,3160
3.2046709060668945,3160
3.205460786819458,3160
3.2062504291534424,3160
3.2070562839508057,3160
3.208641529083252,3160
3.2095470428466797,3160
3.210452079772949,3160
3.2112371921539307,3160
3.2120258808135986,3160
3.213613986968994,3160
3.214411497116089,3160
3.2153098583221436,3160
3.216102123260498,3160
3.2176976203918457,3160
3.218489646911621,3160
3.21927809715271,3160
3.220073938369751,3160
3.221651077270508,3160
3.2224419116973877,3160
3.223231077194214,3160
3.2240238189697266,3160
3.2255961894989014,3160
3.2263834476470947,3160
3.227187156677246,3160
3.2287707328796387,3160
3.2295572757720947,3160
3.2303426265716553,3160
3.2311336994171143,3160
3.2327167987823486,3160
3.2335002422332764,3160
3.234288215637207,3160
3.2350802421569824,3160
3.236665964126587,3160
3.237457513809204,3160
3.2382376194000244,3160
3.2390270233154297,3160
3.24060320854187,3160
3.241386890411377,3160
3.2421741485595703,3160
3.243748426437378,3160
3.2445483207702637,3160
3.2453277111053467,3160
3.2461133003234863,3160
3.2477049827575684,3160
3.2484912872314453,3160
3.2493929862976074,3160
3.2501862049102783,3160
3.251769781112671,3160
3.2526726722717285,3160
3.253469467163086,3160
3.2542622089385986,3160
3.2551634311676025,3160
3.256066083908081,3160
3.257646322250366,3160
3.2584338188171387,3160
3.2593302726745605,3160
3.2601213455200195,3160
3.2616989612579346,3160
3.262491226196289,3160
3.263272285461426,3160
3.2640678882598877,3160
3.2656502723693848,3160
3.266451120376587,3160
3.2672436237335205,3160
3.2680344581604004,3160
3.2696175575256348,3160
3.2704124450683594,3160
3.271196126937866,3160
3.272787094116211,3160
3.2735745906829834,3160
3.274358034133911,3160
3.2751505374908447,3160
3.276742935180664,3160
3.277543306350708,3160
3.278327465057373,3160
3.279125690460205,3160
3.28070068359375,3160
3.281486749649048,3160
3.282270669937134,3160
3.2830615043640137,3160
3.284632682800293,3160
3.2854175567626953,3160
3.286200523376465,3160
3.2871148586273193,3160
3.288020610809326,3160
3.289602041244507,3160
3.2903902530670166,3160
3.2912936210632324,3160
3.2921981811523438,3160
3.293891429901123,3160
3.2946808338165283,3160
3.2954719066619873,3160
3.2962515354156494,3160
3.2971646785736084,3160
3.298750877380371,3160
3.2995378971099854,3160
3.3003199100494385,3160
3.301112413406372,3160
3.302691698074341,3160
3.303483009338379,3160
3.3042778968811035,3160
3.305063247680664,3160
3.306644916534424,3160
3.307447910308838,3160
3.3082306385040283,3160
3.3091323375701904,3160
3.3108291625976562,3160
3.311619758605957,3160
3.312411069869995,3160
3.313197135925293,3160
3.3148841857910156,3160
3.315668821334839,3160
3.3164725303649902,3160
3.317254066467285,3160
3.3180434703826904,3160
3.3196229934692383,3160
3.320408821105957,3160
3.321197271347046,3160
3.322774887084961,3160
3.3235678672790527,3160
3.3243517875671387,3160
3.3252553939819336,3160
3.3260509967803955,3160
3.3277573585510254,3160
3.328549385070801,3160
3.3293418884277344,3160
3.3301331996917725,3160
3.3317081928253174,3160
3.332498073577881,3160
3.333289861679077,3160
3.3340818881988525,3160
3.335780143737793,3160
3.3365824222564697,3160
3.337364435195923,3160
3.3381550312042236,3160
3.3397367000579834,3160
3.3405261039733887,3160
3.3413071632385254,3160
3.3420941829681396,3160
3.3436765670776367,3160
3.3444690704345703,3160
3.345255136489868,3160
3.3460519313812256,3160
3.347644805908203,3160
3.348433017730713,3160
3.349224090576172,3160
3.350017786026001,3160
3.3515942096710205,3160
3.3523757457733154,3160
3.353168249130249,3160
3.3540778160095215,3160
3.355659008026123,3160
3.3564584255218506,3160
3.357246160507202,3160
3.358036756515503,3160
3.3596115112304688,3160
3.3604094982147217,3160
3.361199378967285,3160
3.362779140472412,3160
3.3635735511779785,3160
3.364366054534912,3160
3.3651604652404785,3160
3.366757392883301,3160
3.367659091949463,3160
3.3684499263763428,3160
3.3692376613616943,3160
3.370023012161255,3160
3.3716063499450684,3160
3.3723926544189453,3160
3.3731820583343506,3160
3.374086856842041,3160
3.375663995742798,3160
3.37646746635437,3160
3.377256155014038,3160
3.3780534267425537,3160
3.3796348571777344,3160
3.3804280757904053,3160
3.381211519241333,3160
3.382007122039795,3160
3.38370418548584,3160
3.3844962120056152,3160
3.3852858543395996,3160
3.3860814571380615,3160
3.3876755237579346,3160
3.388585329055786,3160
3.3893697261810303,3160
3.390165090560913,3160
3.3917465209960938,3160
3.392535924911499,3160
3.393329381942749,3160
3.3941171169281006,3160
3.3957087993621826,3160
3.396509885787964,3160
3.39730167388916,3160
3.3982043266296387,3160
3.399108648300171,3160
3.400681972503662,3160
3.4014697074890137,3160
3.4022574424743652,3160
3.403167247772217,3160
3.40407133102417,3160
3.40565824508667,3160
3.406451463699341,3160
3.407243490219116,3160
3.408034086227417,3160
3.4096128940582275,3160
3.410407304763794,3160
3.411201000213623,3160
3.412780284881592,3160
3.4135758876800537,3160
3.4143638610839844,3160
3.4151530265808105,3160
3.416748046875,3160
3.4175379276275635,3160
3.4183242321014404,3160
3.419116973876953,3160
3.4206981658935547,3160
3.421485662460327,3160
3.422264814376831,3160
3.423053026199341,3160
3.424626111984253,3160
3.4254117012023926,3160
3.4261960983276367,3160
3.4277846813201904,3160
3.4285707473754883,3160
3.429353713989258,3160
3.430142402648926,3160
3.431722640991211,3160
3.4325108528137207,3160
3.4332995414733887,3160
3.4340884685516357,3160
3.4356706142425537,3160
3.436579942703247,3160
3.4373703002929688,3160
3.438164710998535,3160
3.4397482872009277,3160
3.440537691116333,3160
3.441324234008789,3160
3.4421145915985107,3160
3.4436991214752197,3160
3.4444916248321533,3160
3.4452755451202393,3160
3.446065664291382,3160
3.447662830352783,3160
3.4484505653381348,3160
3.4492387771606445,3160
3.4500317573547363,3160
3.451843023300171,3160
3.4526333808898926,3160
3.4534246921539307,3160
3.454209566116333,3160
3.455116033554077,3160
3.456713914871216,3160
3.457505464553833,3160
3.4582862854003906,3160
3.4591965675354004,3160
3.460892677307129,3160
3.4616856575012207,3160
3.462477684020996,3160
3.4632651805877686,3160
3.464057207107544,3160
3.4657464027404785,3160
3.46655011177063,3160
3.467341423034668,3160
3.468127727508545,3160
3.4697136878967285,3160
3.470506429672241,3160
3.4712910652160645,3160
3.4720823764801025,3160
3.4736697673797607,3160
3.474466323852539,3160
3.475252866744995,3160
3.4760477542877197,3160
3.477647066116333,3160
3.478435516357422,3160
3.479219436645508,3160
3.4800076484680176,3160
3.481581449508667,3160
3.4823665618896484,3160
3.4831597805023193,3160
3.484744071960449,3160
3.48553204536438,3160
3.4863197803497314,3160
3.487124443054199,3160
3.488701343536377,3160
3.489502191543579,3160
3.4904065132141113,3160
3.4911949634552,3160
3.49277663230896,3160
3.4935665130615234,3160
3.494356632232666,3160
3.4952619075775146,3160
3.4961657524108887,3160
3.4977588653564453,3160
3.4985499382019043,3160
3.4993369579315186,3160
3.5001256465911865,3160
3.501039743423462,3160
3.5026257038116455,3160
3.503412961959839,3160
3.5042052268981934,3160
3.5057878494262695,3160
3.5065863132476807,3160
3.5073721408843994,3160
3.5081698894500732,3160
3.5097429752349854,3160
3.510530471801758,3160
3.5113236904144287,3160
3.512115955352783,3160
3.513702869415283,3160
3.5144906044006348,3160
3.515279531478882,3160
3.516077995300293,3160
3.5176775455474854,3160
3.518465042114258,3160
3.5192484855651855,3160
3.5200443267822266,3160
3.521630048751831,3160
3.522423505783081,3160
3.5232083797454834,3160
3.524789333343506,3160
3.5256998538970947,3160
3.526608467102051,3160
3.527397632598877,3160
3.528186559677124,3160
3.5297694206237793,3160
3.5305612087249756,3160
3.531343460083008,3160
3.5321412086486816,3160
3.5337271690368652,3160
3.534510850906372,3160
3.5353007316589355,3160
3.5362048149108887,3160
3.5377910137176514,3160
3.5385758876800537,3160
3.5393571853637695,3160
3.5401434898376465,3160
3.5410478115081787,3160
3.5426247119903564,3160
3.543417453765869,3160
3.54420804977417,3160
3.545790910720825,3160
3.5465900897979736,3160
3.5473835468292236,3160
3.5481765270233154,3160
3.549755573272705,3160
3.5505573749542236,3160
3.551339864730835,3160
3.552129030227661,3160
3.553828716278076,3160
3.5546209812164307,3160
3.5554072856903076,3160
3.5562033653259277,3160
3.557006359100342,3160
3.5585832595825195,3160
3.55936598777771,3160
3.5601654052734375,3160
3.5617458820343018,3160
3.5625340938568115,3160
3.563321590423584,3160
3.564110040664673,3160
3.565014123916626,3160
3.566704511642456,3160
3.567497730255127,3160
3.5682811737060547,3160
3.5690739154815674,3160
3.570650815963745,3160
3.5714433193206787,3160
3.57222843170166,3160
3.573016881942749,3160
3.574708938598633,3160
3.575504779815674,3160
3.576421022415161,3160
3.577207565307617,3160
3.5789072513580322,3160
3.579704761505127,3160
3.580488681793213,3160
3.58127498626709,3160
3.5820658206939697,3160
3.5836398601531982,3160
3.584545135498047,3160
3.5853333473205566,3160
3.5861198902130127,3160
3.5877161026000977,3160
3.5885071754455566,3160
3.589292526245117,3160
3.590080738067627,3160
3.5916566848754883,3160
3.592446804046631,3160
3.593233823776245,3160
3.594022750854492,3160
3.5955986976623535,3160
3.5963833332061768,3160
3.5971856117248535,3160
3.598771095275879,3160
3.599564552307129,3160
3.6003453731536865,3160
3.601139545440674,3160
3.6027183532714844,3160
3.6035141944885254,3160
3.604422092437744,3160
3.605207681655884,3160
3.606796979904175,3160
3.60758376121521,3160
3.608367443084717,3160
3.6091554164886475,3160
3.6107325553894043,3160
3.611635208129883,3160
3.6124236583709717,3160
3.6132123470306396,3160
3.6141159534454346,3160
3.6156909465789795,3160
3.6164944171905518,3160
3.6172890663146973,3160
3.618077039718628,3160
3.6196532249450684,3160
3.6205556392669678,3160
3.621340274810791,3160
3.6221368312835693,3160
3.6237130165100098,3160
3.624507188796997,3160
3.625295400619507,3160
3.626079797744751,3160
3.627671003341675,3160
3.6284584999084473,3160
3.6292409896850586,3160
3.630033016204834,3160
3.6316022872924805,3160
3.6323912143707275,3160
3.6331865787506104,3160
3.634775161743164,3160
3.635566234588623,3160
3.6363489627838135,3160
3.6371445655822754,3160
3.638725757598877,3160
3.6395187377929688,3160
3.6403024196624756,3160
3.641097068786621,3160
3.642670154571533,3160
3.6434543132781982,3160
3.644249439239502,3160
3.6450469493865967,3160
3.6467432975769043,3160
3.647536039352417,3160
3.6483187675476074,3160
3.6491141319274902,3160
3.6507983207702637,3160
3.6515870094299316,3160
3.6523685455322266,3160
3.65315580368042,3160
3.6540591716766357,3160
3.655749797821045,3160
3.656548261642456,3160
3.657334804534912,3160
3.6581344604492188,3160
3.659715175628662,3160
3.6606223583221436,3160
3.661414861679077,3160
3.6623144149780273,3160
3.663113594055176,3160
3.664698362350464,3160
3.6656007766723633,3160
3.6663968563079834,3160
3.6672043800354004,3160
3.6681079864501953,3160
3.669701337814331,3160
3.67049241065979,3160
3.671281099319458,3160
3.672184944152832,3160
3.67376446723938,3160
3.674550771713257,3160
3.6753387451171875,3160
3.676138162612915,3160
3.677720308303833,3160
3.678507089614868,3160
3.679290771484375,3160
3.680082321166992,3160
3.6816606521606445,3160
3.6824514865875244,3160
3.683241844177246,3160
3.6840367317199707,3160
3.685616970062256,3160
3.6864218711853027,3160
3.6872081756591797,3160
3.6887879371643066,3160
3.689579725265503,3160
3.690363645553589,3160
3.6911566257476807,3160
3.6927342414855957,3160
3.6935296058654785,3160
3.694319009780884,3160
3.695115089416504,3160
3.6968185901641846,3160
3.6976137161254883,3160
3.698408842086792,3160
3.699193000793457,3160
3.7007768154144287,3160
3.7015695571899414,3160
3.7023608684539795,3160
3.703157901763916,3160
3.7047364711761475,3160
3.70552134513855,3160
3.706305980682373,3160
3.7071025371551514,3160
3.7087883949279785,3160
3.7095823287963867,3160
3.7103633880615234,3160
3.711158037185669,3160
3.7127513885498047,3160
3.7135419845581055,3160
3.7144503593444824,3160
3.7152411937713623,3160
3.7160284519195557,3160
3.7176239490509033,3160
3.718410015106201,3160
3.7192025184631348,3160
3.7207789421081543,3160
3.721569061279297,3160
3.7223598957061768,3160
3.723158836364746,3160
3.724743127822876,3160
3.7255442142486572,3160
3.7263360023498535,3160
3.7272520065307617,3160
3.7281582355499268,3160
3.7297353744506836,3160
3.730526924133301,3160
3.7313106060028076,3160
3.732102155685425,3160
3.733682870864868,3160
3.734468936920166,3160
3.7352521419525146,3160
3.73604416847229,3160
3.7376372814178467,3160
3.7384276390075684,3160
3.7392184734344482,3160
3.7400119304656982,3160
3.7415921688079834,3160
3.742499589920044,3160
3.7433974742889404,3160
3.7443013191223145,3160
3.7450945377349854,3160
3.746795415878296,3160
3.74770450592041,3160
3.7486095428466797,3160
3.749394655227661,3160
3.750178575515747,3160
3.751762628555298,3160
3.7525529861450195,3160
3.7534596920013428,3160
3.7542457580566406,3160
3.755042314529419,3160
3.756624937057495,3160
3.757427453994751,3160
3.7582168579101562,3160
3.7590036392211914,3160
3.760576009750366,3160
3.7613630294799805,3160
3.7621490955352783,3160
3.7637226581573486,3160
3.764507293701172,3160
3.765408754348755,3160
3.7661941051483154,3160
3.767784357070923,3160
3.768690347671509,3160
3.769482374191284,3160
3.7703816890716553,3160
3.771174192428589,3160
3.7727503776550293,3160
3.773548126220703,3160
3.7743308544158936,3160
3.775120735168457,3160
3.7767176628112793,3160
3.7775075435638428,3160
3.778289318084717,3160
3.7790887355804443,3160
3.780658483505249,3160
3.7814526557922363,3160
3.7823591232299805,3160
3.783153533935547,3160
3.7847347259521484,3160
3.785526752471924,3160
3.786309003829956,3160
3.7871055603027344,3160
3.788691759109497,3160
3.7894840240478516,3160
3.790266752243042,3160
3.7911691665649414,3160
3.7920711040496826,3160
3.79375958442688,3160
3.7945504188537598,3160
3.7954540252685547,3160
3.796239137649536,3160
3.7970426082611084,3160
3.7986254692077637,3160
3.799414873123169,3160
3.800198793411255,3160
3.801783800125122,3160
3.802685260772705,3160
3.8034756183624268,3160
3.804263114929199,3160
3.805058479309082,3160
3.8067550659179688,3160
3.807551383972168,3160
3.808335781097412,3160
3.809124231338501,3160
3.81071400642395,3160
3.8116183280944824,3160
3.8124115467071533,3160
3.8131942749023438,3160
3.8141067028045654,3160
3.815688133239746,3160
3.816484212875366,3160
3.8172719478607178,3160
3.8180620670318604,3160
3.8196427822113037,3160
3.820429563522339,3160
3.821216344833374,3160
3.822005271911621,3160
3.823692560195923,3160
3.8244779109954834,3160
3.825265407562256,3160
3.8260576725006104,3160
3.8276515007019043,3160
3.8284406661987305,3160
3.8292315006256104,3160
3.8300254344940186,3160
3.831719160079956,3160
3.8325212001800537,3160
3.8334264755249023,3160
3.8342103958129883,3160
3.835907220840454,3160
3.836716890335083,3160
3.8375043869018555,3160
3.838289499282837,3160
3.8390920162200928,3160
3.8406710624694824,3160
3.84145450592041,3160
3.842252492904663,3160
3.8430449962615967,3160
3.8446238040924072,3160
3.845529794692993,3160
3.846310615539551,3160
3.8471083641052246,3160
3.848798990249634,3160
3.8495876789093018,3160
3.8503756523132324,3160
3.8511691093444824,3160
3.8527424335479736,3160
3.8535406589508057,3160
3.8543238639831543,3160
3.8551177978515625,3160
3.8567187786102295,3160
3.8576221466064453,3160
3.8584132194519043,3160
3.8591949939727783,3160
3.8608922958374023,3160
3.861797571182251,3160
3.8625826835632324,3160
3.86336612701416,3160
3.8642776012420654,3160
3.865065813064575,3160
3.866647481918335,3160
3.8674428462982178,3160
3.8682305812835693,3160
3.8690249919891357,3160
3.870723009109497,3160
3.8715217113494873,3160
3.8723111152648926,3160
3.8731064796447754,3160
3.8740124702453613,3160
3.875703811645508,3160
3.87650465965271,3160
3.877291679382324,3160
3.8780863285064697,3160
3.8796677589416504,3160
3.8804585933685303,3160
3.8812448978424072,3160
3.8820366859436035,3160
3.883631467819214,3160
3.8844246864318848,3160
3.8852126598358154,3160
3.8860039710998535,3160
3.8875975608825684,3160
3.888381004333496,3160
3.889178991317749,3160
3.8907582759857178,3160
3.8915531635284424,3160
3.8923392295837402,3160
3.8931360244750977,3160
3.8947157859802246,3160
3.895508050918579,3160
3.8962936401367188,3160
3.8970999717712402,3160
3.898794651031494,3160
3.899582862854004,3160
3.900364637374878,3160
3.9011526107788086,3160
3.9027347564697266,3160
3.903521776199341,3160
3.9043056964874268,3160
3.9050939083099365,3160
3.9066858291625977,3160
3.907475471496582,3160
3.9082672595977783,3160
3.909058094024658,3160
3.910749673843384,3160
3.9115424156188965,3160
3.9123339653015137,3160
3.9131224155426025,3160
3.914705514907837,3160
3.915494918823242,3160
3.916285514831543,3160
3.91709041595459,3160
3.9186787605285645,3160
3.9195806980133057,3160
3.9203765392303467,3160
3.9211642742156982,3160
3.9220690727233887,3160
3.923656940460205,3160
3.924445152282715,3160
3.925231695175171,3160
3.9260175228118896,3160
3.927618980407715,3160
3.9284112453460693,3160
3.929202079772949,3160
3.9307820796966553,3160
3.9315707683563232,3160
3.9323582649230957,3160
3.9331445693969727,3160
3.9347240924835205,3160
3.9355156421661377,3160
3.9363036155700684,3160
3.9371042251586914,3160
3.9386887550354004,3160
3.939481496810913,3160
3.940383195877075,3160
3.9411723613739014,3160
3.9420769214630127,3160
3.9436564445495605,3160
3.9444422721862793,3160
3.9452314376831055,3160
3.946025848388672,3160
3.9476139545440674,3160
3.9484047889709473,3160
3.949190139770508,3160
3.950770378112793,3160
3.951561212539673,3160
3.952342987060547,3160
3.9531326293945312,3160
3.954035758972168,3160
3.9556267261505127,3160
3.9564223289489746,3160
3.9572136402130127,3160
3.9580116271972656,3160
3.9595980644226074,3160
3.9603800773620605,3160
3.9611690044403076,3160
3.9628591537475586,3160
3.9636478424072266,3160
3.9644365310668945,3160
3.9652247428894043,3160
3.966017007827759,3160
3.967603921890259,3160
3.968390703201294,3160
3.9691824913024902,3160
3.970763683319092,3160
3.971555233001709,3160
3.972346067428589,3160
3.973142385482788,3160
3.974728584289551,3160
3.975519895553589,3160
3.9763102531433105,3160
3.9771101474761963,3160
3.9786946773529053,3160
3.9794931411743164,3160
3.9802803993225098,3160
3.9811856746673584,3160
3.9827699661254883,3160
3.9835610389709473,3160
3.98435115814209,3160
3.9852542877197266,3160
3.986046314239502,3160
3.9876365661621094,3160
3.988426685333252,3160
3.9892146587371826,3160
3.990006923675537,3160
3.991588592529297,3160
3.9923741817474365,3160
3.9931640625,3160
3.9947433471679688,3160
3.995532751083374,3160
3.9963161945343018,3160
3.9971234798431396,3160
3.9987149238586426,3160
3.9995059967041016,3160
4.000288486480713,3160
4.000298500061035,3160
