Time,Objective value
0.0016846656799316406,173768
0.001745462417602539,173768
0.005338191986083984,171350
0.008543968200683594,170660
0.012066841125488281,170328
0.015263795852661133,170328
0.017914533615112305,169052
0.02047133445739746,168992
0.022541046142578125,168376
0.02422308921813965,168376
0.025722026824951172,168202
0.027152061462402344,167944
0.04066967964172363,164378
0.0426938533782959,164378
0.045253753662109375,163958
0.04759979248046875,163958
0.04944300651550293,163216
0.05111241340637207,163216
0.052308082580566406,163216
0.06539607048034668,163216
0.06695199012756348,163012
0.10387420654296875,162894
0.1061253547668457,162792
0.1087183952331543,162792
0.11032247543334961,162734
0.1236879825592041,162584
0.12607312202453613,162512
0.12822866439819336,162458
0.13043212890625,162426
0.13258910179138184,162426
0.13417553901672363,162276
0.13568782806396484,162158
0.1377096176147461,162158
0.1515963077545166,162158
0.1775355339050293,162158
0.1801009178161621,162158
0.18295788764953613,162010
0.1856377124786377,161954
0.2108783721923828,161954
0.21325135231018066,161940
0.2268209457397461,161940
0.22950100898742676,161940
0.24329066276550293,161940
0.246049165725708,161940
0.24852728843688965,161798
0.25133299827575684,161798
0.2541790008544922,161798
0.25704526901245117,161798
0.25969576835632324,161496
0.2624058723449707,161368
0.26488709449768066,161286
0.267289400100708,161206
0.2694523334503174,161186
0.2711174488067627,161186
0.27221083641052246,161118
0.27326083183288574,161038
0.286313533782959,161004
0.3001537322998047,160960
0.33754634857177734,160960
0.3401150703430176,160960
0.3411746025085449,160960
0.36621785163879395,160960
0.36844444274902344,160960
0.3936197757720947,160960
0.39579129219055176,160960
0.4092729091644287,160896
0.42340946197509766,160736
0.42505884170532227,160736
0.46160364151000977,160736
0.4755208492279053,160736
0.48976731300354004,160700
0.4918782711029053,160650
0.492995023727417,160598
0.49405598640441895,160598
0.5069231986999512,160512
0.5202343463897705,160508
0.5218720436096191,160346
0.5462877750396729,160346
0.5484440326690674,160152
0.5494871139526367,160152
0.5622341632843018,160152
0.5874283313751221,160152
0.6012027263641357,160152
0.6146490573883057,160152
0.6163718700408936,159998
0.6174590587615967,159976
0.6304652690887451,159976
0.6440715789794922,159976
0.6691532135009766,159976
0.6830313205718994,159934
0.6846106052398682,159934
0.685676097869873,159934
0.6985912322998047,159934
0.7119548320770264,159928
0.7372090816497803,159928
0.7513923645019531,159928
0.7766029834747314,159916
0.7787132263183594,159916
0.803450345993042,159752
0.8173229694366455,159752
0.8189411163330078,159752
0.8317797183990479,159752
0.8333594799041748,159752
0.8580029010772705,159752
0.8716347217559814,159752
0.8734934329986572,159752
0.8751022815704346,159752
0.8761451244354248,159752
0.9125971794128418,159752
0.9266819953918457,159752
0.9288108348846436,159730
0.9304251670837402,159730
0.9433221817016602,159682
0.9566841125488281,159682
0.9701089859008789,159682
0.9835302829742432,159682
0.9970369338989258,159678
0.998664140701294,159670
1.0114738941192627,159670
1.0248608589172363,159670
1.038353681564331,159534
1.0399494171142578,159534
1.0528366565704346,159534
1.0781121253967285,159534
1.0921630859375,159534
1.1176083087921143,159534
1.119788646697998,159534
1.1326591968536377,159534
1.146125078201294,159534
1.1594386100769043,159502
1.1611194610595703,159408
1.1621935367584229,159390
1.1751630306243896,159226
1.1889631748199463,159130
1.2027487754821777,159130
1.2163589000701904,159116
1.2416579723358154,159116
1.2439320087432861,159104
1.2451064586639404,159104
1.2462403774261475,159104
1.2590553760528564,159104
1.2606384754180908,159104
1.261716604232788,159082
1.28660249710083,159082
1.2886605262756348,159082
1.3013973236083984,159082
1.3029863834381104,159082
1.3278281688690186,159082
1.3296387195587158,159082
1.3311750888824463,159082
1.3674015998840332,159082
1.369485855102539,159082
1.371607780456543,158998
1.3726897239685059,158964
1.3853528499603271,158950
1.3987605571746826,158914
1.4003946781158447,158914
1.413243055343628,158866
1.4149560928344727,158742
1.41607666015625,158616
1.4172673225402832,158568
1.4184291362762451,158540
1.4195363521575928,158480
1.4205737113952637,158458
1.421602725982666,158458
1.4463417530059814,158458
1.4483821392059326,158458
1.48490309715271,158458
1.487217664718628,158198
1.500523328781128,158198
1.502072811126709,158198
1.5148530006408691,158198
1.516439437866211,158100
1.517482042312622,158016
1.5184781551361084,158016
1.5194728374481201,158016
1.5322237014770508,158016
1.5337846279144287,157964
1.558236837387085,157964
1.5717177391052246,157964
1.5973258018493652,157964
1.6226437091827393,157964
1.6247789859771729,157964
1.638118028640747,157964
1.6402373313903809,157964
1.6765813827514648,157964
1.679220199584961,157964
1.703791856765747,157964
1.7175087928771973,157964
1.7196195125579834,157964
1.7560806274414062,157964
1.77044677734375,157964
1.7720248699188232,157964
1.7967884540557861,157940
1.7988417148590088,157940
1.8117201328277588,157940
1.8251237869262695,157940
1.8266546726226807,157940
1.8394505977630615,157940
1.852853775024414,157940
1.8544116020202637,157940
1.878962755203247,157940
1.8810713291168213,157940
1.893838882446289,157940
1.8954379558563232,157940
1.9081804752349854,157940
1.9334564208984375,157940
1.9706993103027344,157892
1.9732985496520996,157892
1.9868531227111816,157892
2.0125510692596436,157892
2.026411294937134,157892
2.051882266998291,157892
2.0658628940582275,157884
2.079252243041992,157884
2.092639446258545,157884
2.106030225753784,157884
2.1194136142730713,157884
2.1445412635803223,157884
2.1584644317626953,157884
2.1718966960906982,157884
2.1969730854034424,157884
2.2226953506469727,157884
2.2250306606292725,157884
2.2265827655792236,157884
2.251154899597168,157884
2.253253698348999,157884
2.2542521953582764,157884
2.279020071029663,157884
2.281106472015381,157884
2.3059446811676025,157884
2.3315958976745605,157884
2.3452773094177246,157884
2.3473799228668213,157882
2.3725273609161377,157882
2.3743298053741455,157882
2.3998217582702637,157882
2.4019150733947754,157882
2.4149134159088135,157878
2.4282538890838623,157878
2.429826259613037,157878
2.4425852298736572,157878
2.4441261291503906,157878
2.445164918899536,157832
2.446150541305542,157832
2.4829657077789307,157832
2.485306739807129,157832
2.4986963272094727,157832
2.5002331733703613,157828
2.513174533843994,157828
2.5265517234802246,157828
2.551795244216919,157828
2.5539426803588867,157828
2.5785906314849854,157722
2.5804123878479004,157692
2.5820226669311523,157692
2.6065847873687744,157692
2.6205031871795654,157692
2.6456196308135986,157688
2.647792100906372,157688
2.6488375663757324,157688
2.649832248687744,157688
2.6626944541931152,157520
2.67604923248291,157520
2.689462423324585,157520
2.691030740737915,157520
2.7039167881011963,157508
2.7173094749450684,157508
2.730696439743042,157508
2.7561137676239014,157508
2.7582218647003174,157508
2.794607639312744,157508
2.8090929985046387,157508
2.8225409984588623,157508
2.8360273838043213,157508
2.8493611812591553,157508
2.8627994060516357,157508
2.8762216567993164,157508
2.901440143585205,157508
2.9036054611206055,157494
2.9164719581604004,157440
2.9181034564971924,157392
2.919188976287842,157392
2.9202792644500732,157392
2.9332737922668457,157392
2.934967517852783,157392
2.9479565620422363,157392
2.949584722518921,157392
2.974426507949829,157392
2.988576889038086,157392
2.990285873413086,157376
3.003718137741089,157376
3.017915725708008,157376
3.019477367401123,157376
3.032346487045288,157376
3.0339627265930176,157376
3.046976327896118,157376
3.0485188961029053,157376
3.0613181591033936,157376
3.062871217727661,157376
3.075756072998047,157376
3.089106798171997,157370
3.090714931488037,157336
3.1271398067474365,157332
3.129526376724243,157332
3.1428160667419434,157332
3.14446759223938,157332
3.1691677570343018,157332
3.1828458309173584,157332
3.184997081756592,157328
3.1978237628936768,157328
3.2112693786621094,157328
3.2128994464874268,157296
3.237492799758911,157296
3.2396390438079834,157296
3.240692377090454,157296
3.253439426422119,157296
3.2550675868988037,157296
3.2560596466064453,157296
3.268829822540283,157296
3.270390033721924,157296
3.2713937759399414,157296
3.284167528152466,157296
3.2858188152313232,157234
3.2988157272338867,157234
3.3005623817443848,157234
3.30161452293396,157234
3.302609443664551,157234
3.3157174587249756,157234
3.3296406269073486,157234
3.3432159423828125,157234
3.344780683517456,157234
3.381959915161133,157234
3.396315097808838,157234
3.4102814197540283,157186
3.412482738494873,157174
3.4256012439727783,157038
3.439157247543335,157038
3.452801465988159,157002
3.4543886184692383,156914
3.4796218872070312,156914
3.481398582458496,156914
3.482935667037964,156914
3.507855176925659,156914
3.5098977088928223,156914
3.5228772163391113,156914
3.524401903152466,156914
3.5253472328186035,156914
3.526214599609375,156914
3.527056932449341,156914
3.5279009342193604,156914
3.5287423133850098,156914
3.529611587524414,156914
3.5304486751556396,156914
3.543102741241455,156914
3.544616222381592,156914
3.5455286502838135,156914
3.5464415550231934,156914
3.547312021255493,156914
3.548154354095459,156914
3.548959732055664,156914
3.549774408340454,156914
3.5505878925323486,156914
3.56329607963562,156914
3.5646677017211914,156914
3.5654780864715576,156914
3.56628680229187,156914
3.5670976638793945,156914
3.567901134490967,156914
3.5687241554260254,156914
3.5695555210113525,156914
3.570382833480835,156914
3.571221351623535,156914
3.572070837020874,156914
3.5729146003723145,156914
3.573746919631958,156914
3.5745434761047363,156914
3.5753180980682373,156914
3.576094388961792,156914
3.5768637657165527,156914
3.5776469707489014,156914
3.5784242153167725,156914
3.579205274581909,156914
3.5800023078918457,156914
3.5807862281799316,156914
3.581578493118286,156914
3.582373857498169,156914
3.583177089691162,156914
3.584007740020752,156914
3.584822654724121,156914
3.585662364959717,156914
3.58650279045105,156914
3.587332248687744,156914
3.5881752967834473,156914
3.589024066925049,156914
3.589801073074341,156914
3.590574264526367,156914
3.5913567543029785,156914
3.592132091522217,156914
3.592912435531616,156914
3.5936808586120605,156914
3.5944736003875732,156914
3.5952675342559814,156914
3.596057653427124,156914
3.596836805343628,156914
3.5976345539093018,156914
3.5984480381011963,156914
3.599259853363037,156914
3.6000871658325195,156914
3.6009223461151123,156914
3.601766586303711,156914
3.6026129722595215,156914
3.6033871173858643,156914
3.604170322418213,156914
3.604947090148926,156914
3.605720043182373,156914
3.606499433517456,156914
3.6072847843170166,156914
3.6080663204193115,156914
3.6088478565216064,156914
3.609635591506958,156914
3.6104249954223633,156914
3.611220359802246,156914
3.6120314598083496,156914
3.612844228744507,156914
3.6136693954467773,156914
3.614506959915161,156914
3.61533522605896,156914
3.616175889968872,156914
3.6170363426208496,156914
3.617811679840088,156914
3.6185860633850098,156914
3.6193625926971436,156914
3.620145559310913,156914
3.620924711227417,156914
3.621697425842285,156914
3.622476100921631,156914
3.6232664585113525,156914
3.6240711212158203,156914
3.6248550415039062,156914
3.6256470680236816,156914
3.626452922821045,156914
3.6272647380828857,156914
3.6280906200408936,156914
3.628929615020752,156914
3.6297030448913574,156914
3.6304752826690674,156914
3.631253719329834,156914
3.632032871246338,156914
3.6327991485595703,156914
3.6335785388946533,156914
3.6343765258789062,156914
3.635159730911255,156914
3.6359472274780273,156914
3.636730432510376,156914
3.637525796890259,156914
3.638328790664673,156914
3.6391401290893555,156914
3.639965772628784,156914
3.6407878398895264,156914
3.6416311264038086,156914
3.6424694061279297,156914
3.6432929039001465,156914
3.6440813541412354,156914
3.644848585128784,156914
3.6456243991851807,156914
3.646404981613159,156914
3.647181272506714,156914
3.647963047027588,156914
3.6487441062927246,156914
3.6495349407196045,156914
3.6503260135650635,156914
3.651118278503418,156914
3.6519124507904053,156914
3.6527063846588135,156914
3.6535258293151855,156914
3.6543633937835693,156914
3.655212879180908,156914
3.656057596206665,156914
3.656867027282715,156914
3.65763258934021,156914
3.6584088802337646,156914
3.6591837406158447,156914
3.6599645614624023,156914
3.660733938217163,156914
3.6615092754364014,156914
3.6622910499572754,156914
3.663078784942627,156914
3.663862466812134,156914
3.6646625995635986,156914
3.665470600128174,156914
3.6662821769714355,156914
3.6671032905578613,156914
3.6679375171661377,156914
3.6687467098236084,156914
3.6695168018341064,156914
3.670290231704712,156914
3.6710691452026367,156914
3.671837091445923,156914
3.6726155281066895,156914
3.6733973026275635,156914
3.6741943359375,156914
3.6749870777130127,156914
3.6757700443267822,156914
3.676562547683716,156914
3.6773622035980225,156914
3.6781668663024902,156914
3.6789848804473877,156914
3.679811954498291,156914
3.6806650161743164,156914
3.6814992427825928,156914
3.6823394298553467,156914
3.683107376098633,156914
3.6838746070861816,156914
3.684666633605957,156914
3.685445785522461,156914
3.6862294673919678,156914
3.687009811401367,156914
3.6877784729003906,156914
3.6885688304901123,156914
3.6893649101257324,156914
3.6901538372039795,156914
3.690953254699707,156914
3.691749334335327,156914
3.6925628185272217,156914
3.693394184112549,156914
3.694251775741577,156914
3.6950950622558594,156914
3.695932626724243,156914
3.696781873703003,156914
3.6976044178009033,156914
3.6983752250671387,156914
3.6991546154022217,156914
3.6999313831329346,156914
3.7006962299346924,156914
3.7014801502227783,156914
3.702256917953491,156914
3.703040361404419,156914
3.7038259506225586,156914
3.7046260833740234,156914
3.705418825149536,156914
3.7062175273895264,156914
3.707024574279785,156914
3.707836151123047,156914
3.708667755126953,156914
3.709507703781128,156914
3.71034836769104,156914
3.7111992835998535,156914
3.7120320796966553,156914
3.712869882583618,156914
3.71364426612854,156914
3.714428663253784,156914
3.715210199356079,156914
3.715994119644165,156914
3.7167611122131348,156914
3.7175445556640625,156914
3.7183334827423096,156914
3.7191219329833984,156914
3.719895839691162,156914
3.720686674118042,156914
3.7214818000793457,156914
3.7222819328308105,156914
3.7230963706970215,156914
3.7239315509796143,156914
3.724757671356201,156914
3.7255353927612305,156914
3.7263076305389404,156914
3.7270891666412354,156914
3.7278618812561035,156914
3.7286455631256104,156914
3.7294225692749023,156914
3.7302043437957764,156914
3.7309951782226562,156914
3.7317776679992676,156914
3.7325637340545654,156914
3.733358860015869,156914
3.7341737747192383,156914
3.7349910736083984,156914
3.735804796218872,156914
3.7366323471069336,156914
3.7374649047851562,156914
3.7383129596710205,156914
3.7391672134399414,156914
3.740015745162964,156914
3.740779399871826,156914
3.741550922393799,156914
3.74233078956604,156914
3.743109703063965,156914
3.7438769340515137,156914
3.744661331176758,156914
3.7454469203948975,156914
3.746230125427246,156914
3.7470242977142334,156914
3.747805595397949,156914
3.7486021518707275,156914
3.7494029998779297,156914
3.750258684158325,156914
3.751089334487915,156914
3.7519330978393555,156914
3.7527005672454834,156914
3.7534778118133545,156914
3.754270315170288,156914
3.755052089691162,156914
3.7558255195617676,156914
3.7566041946411133,156914
3.757406711578369,156914
3.758190870285034,156914
3.759040594100952,156914
3.7598278522491455,156914
3.7606279850006104,156914
3.7614338397979736,156914
3.7622573375701904,156914
3.7630903720855713,156914
3.7639381885528564,156914
3.7647664546966553,156914
3.7655997276306152,156914
3.7663919925689697,156914
3.7671635150909424,156914
3.767932891845703,156914
3.7687084674835205,156914
3.76948881149292,156914
3.7702736854553223,156914
3.771055221557617,156914
3.7718348503112793,156914
3.77264142036438,156914
3.7734363079071045,156914
3.774242639541626,156914
3.7750470638275146,156914
3.775848865509033,156914
3.7766659259796143,156914
3.777503252029419,156914
3.7783584594726562,156914
3.779188394546509,156914
3.77996826171875,156914
3.780734062194824,156914
3.7815115451812744,156914
3.7822844982147217,156914
3.783069610595703,156914
3.7838335037231445,156914
3.784623622894287,156914
3.7854151725769043,156914
3.7862048149108887,156914
3.7869932651519775,156914
3.7877843379974365,156914
3.7885947227478027,156914
3.7894110679626465,156914
3.790233850479126,156914
3.7910664081573486,156914
3.7918872833251953,156914
3.792741298675537,156914
3.793511152267456,156914
3.7942938804626465,156914
3.7950656414031982,156914
3.79583740234375,156914
3.7966129779815674,156914
3.7973906993865967,156914
3.7981722354888916,156914
3.7989585399627686,156914
3.7997448444366455,156914
3.800532817840576,156914
3.801332473754883,156914
3.8021414279937744,156914
3.8029634952545166,156914
3.803783655166626,156914
3.804610252380371,156914
3.8054466247558594,156914
3.8062796592712402,156914
3.807121515274048,156914
3.8079781532287598,156914
3.8087868690490723,156914
3.8095529079437256,156914
3.8103270530700684,156914
3.8111019134521484,156914
3.811868667602539,156914
3.8126492500305176,156914
3.813424825668335,156914
3.814220428466797,156914
3.815013885498047,156914
3.8157944679260254,156914
3.816589832305908,156914
3.817391872406006,156914
3.8181936740875244,156914
3.819016218185425,156914
3.81984281539917,156914
3.820678949356079,156914
3.8215487003326416,156914
3.8223631381988525,156914
3.8231356143951416,156914
3.8239030838012695,156914
3.824688196182251,156914
3.8254706859588623,156914
3.8262524604797363,156914
3.8270318508148193,156914
3.8278098106384277,156914
3.8286025524139404,156914
3.8293941020965576,156914
3.8301825523376465,156914
3.8309929370880127,156914
3.8317887783050537,156914
3.8326117992401123,156914
3.833449363708496,156914
3.8342535495758057,156914
3.835026979446411,156914
3.8357961177825928,156914
3.836573600769043,156914
3.837350368499756,156914
3.838135004043579,156914
3.8389172554016113,156914
3.839695930480957,156914
3.8404886722564697,156914
3.8412811756134033,156914
3.84208083152771,156914
3.842874765396118,156914
3.84368634223938,156914
3.8445167541503906,156914
3.8453493118286133,156914
3.8461990356445312,156914
3.847032070159912,156914
3.847834825515747,156914
3.848604202270508,156914
3.8493807315826416,156914
3.850161552429199,156914
3.850935935974121,156914
3.8517117500305176,156914
3.852489471435547,156914
3.853271245956421,156914
3.854072332382202,156914
3.8548569679260254,156914
3.8556487560272217,156914
3.8564534187316895,156914
3.8572609424591064,156914
3.8580868244171143,156914
3.8589203357696533,156914
3.859759569168091,156914
3.8605964183807373,156914
3.8614282608032227,156914
3.8622026443481445,156914
3.8629813194274902,156914
3.863745927810669,156914
3.8645405769348145,156914
3.865318536758423,156914
3.8660924434661865,156914
3.8668737411499023,156914
3.867658853530884,156914
3.8684489727020264,156914
3.8692421913146973,156914
3.8700454235076904,156914
3.8708443641662598,156914
3.8716671466827393,156914
3.872504711151123,156914
3.8733456134796143,156914
3.8742170333862305,156914
3.8750627040863037,156914
3.875896692276001,156914
3.876713991165161,156914
3.877480983734131,156914
3.87825608253479,156914
3.8790392875671387,156914
3.8798065185546875,156914
3.8805902004241943,156914
3.8813705444335938,156914
3.8821544647216797,156914
3.882943868637085,156914
3.883730173110962,156914
3.884538412094116,156914
3.885345220565796,156914
3.886159896850586,156914
3.8869805335998535,156914
3.8878111839294434,156914
3.8886520862579346,156914
3.889482021331787,156914
3.8903417587280273,156914
3.8911519050598145,156914
3.8919215202331543,156914
3.8926877975463867,156914
3.893465995788574,156914
3.894258499145508,156914
3.8950419425964355,156914
3.8958113193511963,156914
3.896596670150757,156914
3.8973851203918457,156914
3.898175001144409,156914
3.898969888687134,156914
3.899766445159912,156914
3.9005768299102783,156914
3.901397705078125,156914
3.9022250175476074,156914
3.9030206203460693,156914
3.9037787914276123,156914
3.9045662879943848,156914
3.905351400375366,156914
3.906126022338867,156914
3.9069008827209473,156914
3.9076833724975586,156914
3.9084670543670654,156914
3.909257173538208,156914
3.9100496768951416,156914
3.910837411880493,156914
3.911639928817749,156914
3.9124536514282227,156914
3.9132766723632812,156914
3.914119243621826,156914
3.914959669113159,156914
3.9157981872558594,156914
3.9166040420532227,156914
3.9173731803894043,156914
3.918147563934326,156914
3.918928861618042,156914
3.9197025299072266,156914
3.9204790592193604,156914
3.921255350112915,156914
3.9220426082611084,156914
3.922819137573242,156914
3.923609733581543,156914
3.924415349960327,156914
3.9252161979675293,156914
3.926023483276367,156914
3.92684268951416,156914
3.927678108215332,156914
3.92849063873291,156914
3.9292635917663574,156914
3.930042028427124,156914
3.930816411972046,156914
3.931596517562866,156914
3.9323809146881104,156914
3.9331579208374023,156914
3.9339499473571777,156914
3.934735059738159,156914
3.9355239868164062,156914
3.9363181591033936,156914
3.937124013900757,156914
3.9379284381866455,156914
3.938744306564331,156914
3.939577341079712,156914
3.9404215812683105,156914
3.941267490386963,156914
3.9420950412750244,156914
3.942873001098633,156914
3.9436404705047607,156914
3.944427013397217,156914
3.945211887359619,156914
3.9459917545318604,156914
3.9467549324035645,156914
3.9475338459014893,156914
3.9483234882354736,156914
3.949108839035034,156914
3.949890375137329,156914
3.9506824016571045,156914
3.9514873027801514,156914
3.9522953033447266,156914
3.9531211853027344,156914
3.953968048095703,156914
3.9548072814941406,156914
3.9556427001953125,156914
3.9564952850341797,156914
3.9573333263397217,156914
3.958148241043091,156914
3.958914041519165,156914
3.9596810340881348,156914
3.9604570865631104,156914
3.9612369537353516,156914
3.962013006210327,156914
3.9627745151519775,156914
3.9635567665100098,156914
3.9643545150756836,156914
3.9651429653167725,156914
3.9659364223480225,156914
3.966728687286377,156914
3.9675419330596924,156914
3.968358039855957,156914
3.969187021255493,156914
3.96999454498291,156914
3.970763921737671,156914
3.9715416431427,156914
3.972317695617676,156914
3.973100185394287,156914
3.9738645553588867,156914
3.974653482437134,156914
3.9754397869110107,156914
3.9762260913848877,156914
3.977017879486084,156914
3.97780442237854,156914
3.9786036014556885,156914
3.9794118404388428,156914
3.980229377746582,156914
3.9810574054718018,156914
3.981841802597046,156914
3.9826152324676514,156914
3.9833927154541016,156914
3.9841809272766113,156914
3.9849579334259033,156914
3.9857230186462402,156914
3.9865102767944336,156914
3.9873015880584717,156914
3.988090991973877,156914
3.9888741970062256,156914
3.9896626472473145,156914
3.9904677867889404,156914
3.991281509399414,156914
3.9920990467071533,156914
3.9929282665252686,156914
3.993776559829712,156914
3.9946377277374268,156914
3.9954757690429688,156914
3.9962692260742188,156914
3.9970438480377197,156914
3.9978139400482178,156914
3.9985923767089844,156914
3.999375820159912,156914
4.000149488449097,156914
4.000926733016968,156914
4.001709938049316,156914
4.002500772476196,156914
4.003294467926025,156914
4.0040977001190186,156914
4.00489616394043,156914
4.005708456039429,156914
4.00652813911438,156914
4.007359981536865,156914
4.008192777633667,156914
4.009029388427734,156914
4.009852647781372,156914
4.010623216629028,156914
4.011395454406738,156914
4.012169122695923,156914
4.012941837310791,156914
4.013707399368286,156914
4.014495849609375,156914
4.0152833461761475,156914
4.016075849533081,156914
4.016858100891113,156914
4.01764440536499,156914
4.0184409618377686,156914
4.0192482471466064,156914
4.020065784454346,156914
4.020888566970825,156914
4.021729946136475,156914
4.022585391998291,156914
4.023402690887451,156914
4.02418065071106,156914
4.02495813369751,156914
4.025731801986694,156914
4.026502370834351,156914
4.027286052703857,156914
4.0280725955963135,156914
4.028844356536865,156914
4.029634475708008,156914
4.03042459487915,156914
4.031209945678711,156914
4.032011985778809,156914
4.032808303833008,156914
4.033629894256592,156914
4.034473180770874,156914
4.035335063934326,156914
4.036173582077026,156914
4.0369956493377686,156914
4.037752628326416,156914
4.038530111312866,156914
4.039313793182373,156914
4.0400965213775635,156914
4.040870666503906,156914
4.041646718978882,156914
4.042433977127075,156914
4.043225526809692,156914
4.044031143188477,156914
4.044813632965088,156914
4.045612573623657,156914
4.046419143676758,156914
4.047245025634766,156914
4.048083782196045,156914
4.04893159866333,156914
4.049763441085815,156914
4.050619125366211,156914
4.051469087600708,156914
4.052316188812256,156914
4.053095102310181,156914
4.0538575649261475,156914
4.054641008377075,156914
4.0554187297821045,156914
4.056199073791504,156914
4.056978225708008,156914
4.057739019393921,156914
4.058529615402222,156914
4.059319496154785,156914
4.060105323791504,156914
4.06088924407959,156914
4.0616865158081055,156914
4.06249475479126,156914
4.063317537307739,156914
4.064159631729126,156914
4.064941167831421,156914
4.065711498260498,156914
4.066486835479736,156914
4.0672667026519775,156914
4.06804895401001,156914
4.068810224533081,156914
4.069584608078003,156914
4.070376396179199,156914
4.071164846420288,156914
4.071951866149902,156914
4.072734355926514,156914
4.073541879653931,156914
4.074364423751831,156914
4.075185537338257,156914
4.076023578643799,156914
4.076864957809448,156914
4.077706813812256,156914
4.078542470932007,156914
4.07931113243103,156914
4.0800862312316895,156914
4.080853462219238,156914
4.081635475158691,156914
4.082411766052246,156914
4.08318305015564,156914
4.083985090255737,156914
4.0847697257995605,156914
4.085557222366333,156914
4.0863425731658936,156914
4.0871405601501465,156914
4.087947130203247,156914
4.088750839233398,156914
4.089579343795776,156914
4.090428829193115,156914
4.09127140045166,156914
4.0920867919921875,156914
4.092846632003784,156914
4.093618631362915,156914
4.09441065788269,156914
4.095190525054932,156914
4.095973968505859,156914
4.096743106842041,156914
4.097527742385864,156914
4.098316431045532,156914
4.0991082191467285,156914
4.0998899936676025,156914
4.1006879806518555,156914
4.101500988006592,156914
4.102310419082642,156914
4.1031365394592285,156914
4.104001045227051,156914
4.104841947555542,156914
4.105658054351807,156914
4.106431245803833,156914
4.107205152511597,156914
4.107980251312256,156914
4.108755826950073,156914
4.109528303146362,156914
4.110307455062866,156914
4.111096143722534,156914
4.111876010894775,156914
4.112661838531494,156914
4.113454818725586,156914
4.114264011383057,156914
4.115073919296265,156914
4.1158881187438965,156914
4.116717338562012,156914
4.1175782680511475,156914
4.118419408798218,156914
4.119279384613037,156914
4.120094537734985,156914
4.120854139328003,156914
4.121624708175659,156914
4.122405290603638,156914
4.12318229675293,156914
4.12397575378418,156914
4.124743938446045,156914
4.125525951385498,156914
4.126314163208008,156914
4.127103567123413,156914
4.127885103225708,156914
4.128677845001221,156914
4.129481554031372,156914
4.1302947998046875,156914
4.131119728088379,156914
4.131943941116333,156914
4.132709503173828,156914
4.13348388671875,156914
4.134274244308472,156914
4.13505482673645,156914
4.135828971862793,156914
4.136606931686401,156914
4.137390375137329,156914
4.138178825378418,156914
4.138970613479614,156914
4.1397576332092285,156914
4.140553712844849,156914
4.1413562297821045,156914
4.142176389694214,156914
4.1430113315582275,156914
4.14383602142334,156914
4.144683837890625,156914
4.145524978637695,156914
4.1463847160339355,156914
4.147189378738403,156914
4.147959470748901,156914
4.148728609085083,156914
4.149507761001587,156914
4.150280952453613,156914
4.151064872741699,156914
4.1518378257751465,156914
4.1526172161102295,156914
4.153405666351318,156914
4.154200077056885,156914
4.154991626739502,156914
4.155786037445068,156914
4.156599998474121,156914
4.157422780990601,156914
4.158260107040405,156914
4.159058570861816,156914
4.159820079803467,156914
4.160597801208496,156914
4.161382675170898,156914
4.16215705871582,156914
4.162929058074951,156914
4.163707971572876,156914
4.164502143859863,156914
4.165294885635376,156914
4.166085481643677,156914
4.1668713092803955,156914
4.167675495147705,156914
4.168490648269653,156914
4.169313907623291,156914
4.170152902603149,156914
4.171009540557861,156914
4.1718361377716064,156914
4.172677278518677,156914
4.173531532287598,156914
4.174321889877319,156914
4.175090551376343,156914
4.1758599281311035,156914
4.176643133163452,156914
4.177425861358643,156914
4.17819881439209,156914
4.178976774215698,156914
4.179761648178101,156914
4.180552005767822,156914
4.181341171264648,156914
4.182133197784424,156914
4.182941675186157,156914
4.183743476867676,156914
4.184576988220215,156914
4.18542218208313,156914
4.186280727386475,156914
4.18712043762207,156914
4.187882423400879,156914
4.18865180015564,156914
4.189427614212036,156914
4.19020938873291,156914
4.190985202789307,156914
4.191740036010742,156914
4.19251561164856,156914
4.193305492401123,156914
4.1941022872924805,156914
4.194886684417725,156914
4.1956787109375,156914
4.196484088897705,156914
4.19730019569397,156914
4.198127269744873,156914
4.198959589004517,156914
4.1997222900390625,156914
4.200496196746826,156914
4.201272964477539,156914
4.202059984207153,156914
4.2028350830078125,156914
4.203616619110107,156914
4.204412937164307,156914
4.2052037715911865,156914
4.205996751785278,156914
4.206783056259155,156914
4.2075769901275635,156914
4.208384275436401,156914
4.209198951721191,156914
4.210034608840942,156914
4.210855484008789,156914
4.211696147918701,156914
4.212540149688721,156914
4.213315963745117,156914
4.214098215103149,156914
4.2148659229278564,156914
4.215641736984253,156914
4.216425895690918,156914
4.2172017097473145,156914
4.217982053756714,156914
4.218763589859009,156914
4.219550132751465,156914
4.220333576202393,156914
4.2211267948150635,156914
4.221921920776367,156914
4.222720384597778,156914
4.2235426902771,156914
4.224385023117065,156914
4.225231885910034,156914
4.226069688796997,156914
4.226912260055542,156914
4.2277538776397705,156914
4.228524208068848,156914
4.2292985916137695,156914
4.230076789855957,156914
4.230849027633667,156914
4.231621265411377,156914
4.23240327835083,156914
4.2331862449646,156914
4.233978748321533,156914
4.234761953353882,156914
4.235553741455078,156914
4.236346960067749,156914
4.237147808074951,156914
4.237956523895264,156914
4.238771438598633,156914
4.239609241485596,156914
4.24044394493103,156914
4.241278886795044,156914
4.242056846618652,156914
4.242821931838989,156914
4.243602991104126,156914
4.244387865066528,156914
4.2451701164245605,156914
4.245944023132324,156914
4.246711492538452,156914
4.24750280380249,156914
4.2482922077178955,156914
4.249081134796143,156914
4.249870777130127,156914
4.250670671463013,156914
4.251484155654907,156914
4.252309322357178,156914
4.2531373500823975,156914
4.253991603851318,156914
4.254822015762329,156914
4.255665063858032,156914
4.256458759307861,156914
4.257235527038574,156914
4.258010149002075,156914
4.258780479431152,156914
4.259561777114868,156914
4.260342121124268,156914
4.261118173599243,156914
4.261903285980225,156914
4.262688159942627,156914
4.263478994369507,156914
4.264288425445557,156914
4.2650885581970215,156914
4.265891075134277,156914
4.266710519790649,156914
4.267547369003296,156914
4.268403768539429,156914
4.269231796264648,156914
4.270094394683838,156914
4.270941257476807,156914
4.27174973487854,156914
4.272526741027832,156914
4.273303508758545,156914
4.274089574813843,156914
4.274864673614502,156914
4.275637149810791,156914
4.276412487030029,156914
4.277198553085327,156914
4.277991056442261,156914
4.278770685195923,156914
4.2795610427856445,156914
4.2803590297698975,156914
4.281167030334473,156914
4.281986236572266,156914
4.282808542251587,156914
4.28361964225769,156914
4.284400939941406,156914
4.285175561904907,156914
4.285962343215942,156914
4.2867348194122314,156914
4.287520408630371,156914
4.288299798965454,156914
4.289085865020752,156914
4.289865016937256,156914
4.290656566619873,156914
4.291443824768066,156914
4.292248964309692,156914
4.293062925338745,156914
4.293879985809326,156914
4.294725179672241,156914
4.295566558837891,156914
4.296398639678955,156914
4.297229290008545,156914
4.298073768615723,156914
4.298855543136597,156914
4.299627780914307,156914
4.3004069328308105,156914
4.301187515258789,156914
4.30196213722229,156914
4.302729368209839,156914
4.303514242172241,156914
4.3043153285980225,156914
4.3051087856292725,156914
4.305890083312988,156914
4.306679964065552,156914
4.307488203048706,156914
4.308300018310547,156914
4.309116840362549,156914
4.30994987487793,156914
4.3107898235321045,156914
4.3116466999053955,156914
4.312506437301636,156914
4.313319206237793,156914
4.314091920852661,156914
4.31486177444458,156914
4.315637111663818,156914
4.316412448883057,156914
4.317186117172241,156914
4.3179612159729,156914
4.318738222122192,156914
4.319530010223389,156914
4.320322513580322,156914
4.321110963821411,156914
4.321902751922607,156914
4.322706699371338,156914
4.323525905609131,156914
4.324368000030518,156914
4.32517671585083,156914
4.325944900512695,156914
4.326718091964722,156914
4.327500581741333,156914
4.32827615737915,156914
4.329061508178711,156914
4.329834222793579,156914
4.330618619918823,156914
4.331412076950073,156914
4.332200765609741,156914
4.332994222640991,156914
4.3337931632995605,156914
4.334611177444458,156914
4.3354339599609375,156914
4.3362743854522705,156914
4.3371171951293945,156914
4.337946653366089,156914
4.338773488998413,156914
4.339534521102905,156914
4.340314626693726,156914
4.341097593307495,156914
4.341868877410889,156914
4.3426501750946045,156914
4.3434271812438965,156914
4.34421706199646,156914
4.34501314163208,156914
4.345796823501587,156914
4.346588850021362,156914
4.347388744354248,156914
4.3482067584991455,156914
4.34902024269104,156914
4.349846601486206,156914
4.350687742233276,156914
4.351539850234985,156914
4.352377414703369,156914
4.3532304763793945,156914
4.3540871143341064,156914
4.354931831359863,156914
4.355778694152832,156914
4.356574058532715,156914
4.357340574264526,156914
4.358120918273926,156914
4.358888626098633,156914
4.359668970108032,156914
4.360447883605957,156914
4.361221551895142,156914
4.362011909484863,156914
4.3627941608428955,156914
4.363584041595459,156914
4.364387035369873,156914
4.365194797515869,156914
4.3660054206848145,156914
4.366816759109497,156914
4.367656946182251,156914
4.368500471115112,156914
4.36933159828186,156914
4.370117425918579,156914
4.370884895324707,156914
4.371655702590942,156914
4.372437238693237,156914
4.373215436935425,156914
4.374009132385254,156914
4.374780178070068,156914
4.3755645751953125,156914
4.376354455947876,156914
4.3771443367004395,156914
4.377935409545898,156914
4.37873387336731,156914
4.379546403884888,156914
4.380366086959839,156914
4.381200075149536,156914
4.382052898406982,156914
4.38286566734314,156914
4.383641004562378,156914
4.3844215869903564,156914
4.385198593139648,156914
4.385972023010254,156914
4.386744260787964,156914
4.3875205516815186,156914
4.388300657272339,156914
4.389106035232544,156914
4.389886856079102,156914
4.390676736831665,156914
4.391472101211548,156914
4.392284631729126,156914
4.393094539642334,156914
4.393921613693237,156914
4.394755601882935,156914
4.395610809326172,156914
4.396452903747559,156914
4.397218942642212,156914
4.397995710372925,156914
4.398768901824951,156914
4.399547100067139,156914
4.4003212451934814,156914
4.401091814041138,156914
4.401865482330322,156914
4.402650356292725,156914
4.4034411907196045,156914
4.40424108505249,156914
4.405041933059692,156914
4.40583348274231,156914
4.406644344329834,156914
4.407464265823364,156914
4.408305406570435,156914
4.409079551696777,156914
4.409849166870117,156914
4.4106292724609375,156914
4.4114038944244385,156914
4.412183046340942,156914
4.412957191467285,156914
4.413731813430786,156914
4.414532661437988,156914
4.4153220653533936,156914
4.416110515594482,156914
4.416900157928467,156914
4.417710542678833,156914
4.418528318405151,156914
4.41936182975769,156914
4.420207738876343,156914
4.42104959487915,156914
4.421871900558472,156914
4.422718524932861,156914
4.42355751991272,156914
4.424339056015015,156914
4.425117492675781,156914
4.425890207290649,156914
4.426662445068359,156914
4.427444219589233,156914
4.428222417831421,156914
4.42900538444519,156914
4.429788112640381,156914
4.4305760860443115,156914
4.4313647747039795,156914
4.432163238525391,156914
4.4329681396484375,156914
4.433771371841431,156914
4.434611082077026,156914
4.435457944869995,156914
4.4362969398498535,156914
4.437126398086548,156914
4.437892913818359,156914
4.438668489456177,156914
4.439450025558472,156914
4.440232753753662,156914
4.441013813018799,156914
4.441791772842407,156914
4.442577123641968,156914
4.443366527557373,156914
4.444167375564575,156914
4.444961786270142,156914
4.445753812789917,156914
4.446563482284546,156914
4.447377920150757,156914
4.448206901550293,156914
4.449026584625244,156914
4.4497902393341064,156914
4.450570344924927,156914
4.451353549957275,156914
4.452133655548096,156914
4.452913522720337,156914
4.453688383102417,156914
4.454482078552246,156914
4.455275535583496,156914
4.456068277359009,156914
4.456849098205566,156914
4.457651138305664,156914
4.458462715148926,156914
4.459286689758301,156914
4.46011757850647,156914
4.4609694480896,156914
4.461789131164551,156914
4.462612152099609,156914
4.463449478149414,156914
4.464252948760986,156914
4.465029954910278,156914
4.465803384780884,156914
4.466583490371704,156914
4.467357158660889,156914
4.468138217926025,156914
4.468919992446899,156914
4.469695091247559,156914
4.470487594604492,156914
4.471280336380005,156914
4.472073793411255,156914
4.472872495651245,156914
4.473681449890137,156914
4.47451376914978,156914
4.475355386734009,156914
4.476150274276733,156914
4.4769203662872314,156914
4.4776930809021,156914
4.478474855422974,156914
4.479255676269531,156914
4.480039119720459,156914
4.480808973312378,156914
4.481593132019043,156914
4.48238205909729,156914
4.483175277709961,156914
4.4839794635772705,156914
4.484776973724365,156914
4.4855897426605225,156914
4.486409425735474,156914
4.487242698669434,156914
4.4881041049957275,156914
4.488954067230225,156914
4.4897780418396,156914
4.49055027961731,156914
4.4913225173950195,156914
4.492098093032837,156914
4.492868423461914,156914
4.493641138076782,156914
4.494424104690552,156914
4.495209217071533,156914
4.495992183685303,156914
4.496774911880493,156914
4.4975669384002686,156914
4.49836540222168,156914
4.499171733856201,156914
4.499994277954102,156914
4.500819206237793,156914
4.501645565032959,156914
4.502420663833618,156914
4.50319242477417,156914
4.5039896965026855,156914
4.504758834838867,156914
4.50554347038269,156914
4.506319761276245,156914
4.507098436355591,156914
4.50788140296936,156914
4.508672714233398,156914
4.50946307182312,156914
4.510261297225952,156914
4.511069059371948,156914
4.511881113052368,156914
4.512712240219116,156914
4.513558864593506,156914
4.514406442642212,156914
4.515248537063599,156914
4.516019821166992,156914
4.5167810916900635,156914
4.517559766769409,156914
4.518341779708862,156914
4.519114971160889,156914
4.51987886428833,156914
4.520663738250732,156914
4.521452903747559,156914
4.522242546081543,156914
4.523035049438477,156914
4.523825645446777,156914
4.524635076522827,156914
4.525450706481934,156914
4.526270389556885,156914
4.5271055698394775,156914
4.527950763702393,156914
4.528775930404663,156914
4.529630184173584,156914
4.530463695526123,156914
4.531314373016357,156914
4.532088994979858,156914
4.532857418060303,156914
4.533634185791016,156914
4.534427642822266,156914
4.535206317901611,156914
4.53598690032959,156914
4.536753416061401,156914
4.5375447273254395,156914
4.53833270072937,156914
4.539121150970459,156914
4.539917230606079,156914
4.540707588195801,156914
4.541516542434692,156914
4.54233980178833,156914
4.543168306350708,156914
4.544016361236572,156914
4.544853448867798,156914
4.545713186264038,156914
4.546566724777222,156914
4.547372817993164,156914
4.548144102096558,156914
4.548914194107056,156914
4.549685001373291,156914
4.550465106964111,156914
4.5512378215789795,156914
4.552016019821167,156914
4.552795171737671,156914
4.5535805225372314,156914
4.554385662078857,156914
4.555177211761475,156914
4.555984258651733,156914
4.556788444519043,156914
4.557608127593994,156914
4.558441400527954,156914
4.55928897857666,156914
4.560115575790405,156914
4.560964822769165,156914
4.561798095703125,156914
4.562574148178101,156914
4.563345432281494,156914
4.564133882522583,156914
4.564913034439087,156914
4.565689563751221,156914
4.566467761993408,156914
4.567265033721924,156914
4.568053960800171,156914
4.568843603134155,156914
4.569630861282349,156914
4.57042932510376,156914
4.571239471435547,156914
4.572061777114868,156914
4.572888135910034,156914
4.573722839355469,156914
4.5745017528533936,156914
4.575276851654053,156914
4.576056241989136,156914
4.576828718185425,156914
4.577605247497559,156914
4.57838249206543,156914
4.579167604446411,156914
4.579957962036133,156914
4.580742597579956,156914
4.581529140472412,156914
4.582326889038086,156914
4.583133935928345,156914
4.583954334259033,156914
4.584774971008301,156914
4.585623502731323,156914
4.586467266082764,156914
4.587309837341309,156914
4.588083267211914,156914
4.588846445083618,156914
4.589622259140015,156914
4.590402841567993,156914
4.591177940368652,156914
4.591948509216309,156914
4.592719793319702,156914
4.593511581420898,156914
4.594314098358154,156914
4.5951056480407715,156914
4.595895290374756,156914
4.596696138381958,156914
4.5975141525268555,156914
4.5983359813690186,156914
4.599164724349976,156914
4.600005149841309,156914
4.600836992263794,156914
4.601685523986816,156914
4.602527856826782,156914
4.60329008102417,156914
4.604078054428101,156914
4.6048524379730225,156914
4.605633974075317,156914
4.606411695480347,156914
4.607186794281006,156914
4.607975244522095,156914
4.60875129699707,156914
4.609544515609741,156914
4.610335826873779,156914
4.611138343811035,156914
4.611950159072876,156914
4.612756967544556,156914
4.613588333129883,156914
4.614415884017944,156914
4.615184545516968,156914
4.615957021713257,156914
4.61672830581665,156914
4.617506265640259,156914
4.618283748626709,156914
4.619069576263428,156914
4.619848728179932,156914
4.620636940002441,156914
4.621425628662109,156914
4.6222169399261475,156914
4.623017072677612,156914
4.623821258544922,156914
4.624651670455933,156914
4.62548303604126,156914
4.626300573348999,156914
4.627070188522339,156914
4.627840757369995,156914
4.62862491607666,156914
4.629406929016113,156914
4.630184173583984,156914
4.630959510803223,156914
4.63173770904541,156914
4.632525205612183,156914
4.633317708969116,156914
4.6341166496276855,156914
4.634918689727783,156914
4.63571834564209,156914
4.6365368366241455,156914
4.637371301651001,156914
4.638207912445068,156914
4.639040946960449,156914
4.6398608684539795,156914
4.6407060623168945,156914
4.641540288925171,156914
4.64239501953125,156914
4.6432411670684814,156914
4.644031763076782,156914
4.6448023319244385,156914
4.6455793380737305,156914
4.646353006362915,156914
4.647133111953735,156914
4.647908687591553,156914
4.648675918579102,156914
4.649464845657349,156914
4.6502532958984375,156914
4.65104603767395,156914
4.6518332958221436,156914
4.652640104293823,156914
4.653451919555664,156914
4.654282093048096,156914
4.655111789703369,156914
4.655950546264648,156914
4.656791687011719,156914
4.657567262649536,156914
4.658344507217407,156914
4.659122705459595,156914
4.6598961353302,156914
4.6606879234313965,156914
4.661465644836426,156914
4.662254333496094,156914
4.663048982620239,156914
4.663825035095215,156914
4.664630174636841,156914
4.665434122085571,156914
4.66624903678894,156914
4.667060613632202,156914
4.6678831577301025,156914
4.668715715408325,156914
4.669483184814453,156914
4.670256614685059,156914
4.671040058135986,156914
4.671813488006592,156914
4.672589302062988,156914
4.673360347747803,156914
4.6741509437561035,156914
4.674936294555664,156914
4.675720691680908,156914
4.676512718200684,156914
4.677311897277832,156914
4.67811131477356,156914
4.678934812545776,156914
4.679760456085205,156914
4.6806111335754395,156914
4.681437969207764,156914
4.682272672653198,156914
4.683051109313965,156914
4.683817625045776,156914
4.684601306915283,156914
4.685383319854736,156914
4.686157464981079,156914
4.686935663223267,156914
4.687711954116821,156914
4.6884965896606445,156914
4.689289093017578,156914
4.690078496932983,156914
4.6908674240112305,156914
4.691665887832642,156914
4.692473888397217,156914
4.693298101425171,156914
4.694140911102295,156914
4.694975852966309,156914
4.695808172225952,156914
4.69664192199707,156914
4.697416305541992,156914
4.698196172714233,156914
4.698973655700684,156914
4.699744462966919,156914
4.700524806976318,156914
4.701304912567139,156914
4.702091932296753,156914
4.702873706817627,156914
4.70366358757019,156914
4.704465866088867,156914
4.705266952514648,156914
4.706073999404907,156914
4.706883907318115,156914
4.707720994949341,156914
4.708565950393677,156914
4.709395408630371,156914
4.710207462310791,156914
4.7109763622283936,156914
4.71174693107605,156914
4.712531089782715,156914
4.713317155838013,156914
4.714100360870361,156914
4.714872121810913,156914
4.715659141540527,156914
4.7164459228515625,156914
4.717233896255493,156914
4.718034744262695,156914
4.718829393386841,156914
4.719639539718628,156914
4.720461368560791,156914
4.721298456192017,156914
4.722143173217773,156914
4.722978591918945,156914
4.723822355270386,156914
4.7246763706207275,156914
4.725448846817017,156914
4.726225852966309,156914
4.727008581161499,156914
4.7277820110321045,156914
4.728564977645874,156914
4.729343891143799,156914
4.730127334594727,156914
4.730916738510132,156914
4.731701135635376,156914
4.732494831085205,156914
4.7332985401153564,156914
4.7341272830963135,156914
4.734948396682739,156914
4.735772371292114,156914
4.736602067947388,156914
4.737374782562256,156914
4.7383363246917725,156914
4.739120721817017,156914
4.739889144897461,156914
4.740671157836914,156914
4.741457223892212,156914
4.742238998413086,156914
4.7430315017700195,156914
4.743814945220947,156914
4.744617938995361,156914
4.7454211711883545,156914
4.746232986450195,156914
4.747058153152466,156914
4.747889041900635,156914
4.748682260513306,156914
4.749454021453857,156914
4.750229835510254,156914
4.751013278961182,156914
4.751785039901733,156914
4.75255274772644,156914
4.753325939178467,156914
4.7541210651397705,156914
4.7549097537994385,156914
4.755692005157471,156914
4.756483316421509,156914
4.757284879684448,156914
4.7580952644348145,156914
4.758910894393921,156914
4.759745359420776,156914
4.760582685470581,156914
4.761423110961914,156914
4.762258291244507,156914
4.763113737106323,156914
4.763977527618408,156914
4.764739751815796,156914
4.7655181884765625,156914
4.766296863555908,156914
4.76707911491394,156914
4.767849922180176,156914
4.768617391586304,156914
4.769396781921387,156914
4.770188331604004,156914
4.770980358123779,156914
4.771762847900391,156914
4.772557735443115,156914
4.773360013961792,156914
4.774181842803955,156914
4.775012493133545,156914
4.775843143463135,156914
4.776607990264893,156914
4.7773847579956055,156914
4.778157949447632,156914
4.778937816619873,156914
4.779709577560425,156914
4.780490398406982,156914
4.781277894973755,156914
4.782074689865112,156914
4.782856225967407,156914
4.78364372253418,156914
4.784454822540283,156914
4.785259246826172,156914
4.786071300506592,156914
4.786890983581543,156914
4.787723064422607,156914
4.788487434387207,156914
4.789262056350708,156914
4.790040016174316,156914
4.790812969207764,156914
4.791589021682739,156914
4.7923619747161865,156914
4.793139696121216,156914
4.793936491012573,156914
4.794718265533447,156914
4.795508623123169,156914
4.796307325363159,156914
4.797110557556152,156914
4.797932863235474,156914
4.798760175704956,156914
4.79959774017334,156914
4.800441741943359,156914
4.801282167434692,156914
4.802089214324951,156914
4.802855014801025,156914
4.803633213043213,156914
4.804444074630737,156914
4.8052287101745605,156914
4.806009531021118,156914
4.806779623031616,156914
4.807572364807129,156914
4.808365821838379,156914
4.809149265289307,156914
4.809941530227661,156914
4.810734987258911,156914
4.81154465675354,156914
4.812359809875488,156914
4.813194036483765,156914
4.814051151275635,156914
4.81489634513855,156914
4.815728664398193,156914
4.816512823104858,156914
4.817284822463989,156914
4.818065881729126,156914
4.81883978843689,156914
4.81961727142334,156914
4.820402383804321,156914
4.8211829662323,156914
4.821962118148804,156914
4.822745323181152,156914
4.823540449142456,156914
4.824343204498291,156914
4.825148820877075,156914
4.825960159301758,156914
4.826776504516602,156914
4.827617645263672,156914
4.828455686569214,156914
4.829296588897705,156914
4.830147743225098,156914
4.830990314483643,156914
4.831836462020874,156914
4.832662582397461,156914
4.833434343338013,156914
4.834219217300415,156914
4.835000991821289,156914
4.835768699645996,156914
4.8365490436553955,156914
4.837324619293213,156914
4.838108777999878,156914
4.838893890380859,156914
4.839685678482056,156914
4.84047532081604,156914
4.8412768840789795,156914
4.8420891761779785,156914
4.842900514602661,156914
4.843735694885254,156914
4.844561576843262,156914
4.845335245132446,156914
4.846114635467529,156914
4.846887826919556,156914
4.847664833068848,156914
4.848444700241089,156914
4.8492395877838135,156914
4.850025415420532,156914
4.850810527801514,156914
4.851603746414185,156914
4.8523969650268555,156914
4.853204727172852,156914
4.854023694992065,156914
4.85483980178833,156914
4.855671167373657,156914
4.856527090072632,156914
4.857357025146484,156914
4.8581862449646,156914
4.858954429626465,156914
4.859721899032593,156914
4.860494613647461,156914
4.861279010772705,156914
4.862053155899048,156914
4.862815618515015,156914
4.863605737686157,156914
4.864399433135986,156914
4.865189790725708,156914
4.865985870361328,156914
4.866778612136841,156914
4.867582082748413,156914
4.868401050567627,156914
4.869227409362793,156914
4.870072841644287,156914
4.870902061462402,156914
4.8717381954193115,156914
4.872560977935791,156914
4.8734002113342285,156914
4.874267816543579,156914
4.875047206878662,156914
4.875810384750366,156914
4.876587390899658,156914
4.877368688583374,156914
4.878148555755615,156914
4.87893009185791,156914
4.879709005355835,156914
4.880497455596924,156914
4.8812830448150635,156914
4.882078647613525,156914
4.882871866226196,156914
4.88367223739624,156914
4.884493827819824,156914
4.8853185176849365,156914
4.88615608215332,156914
4.887008428573608,156914
4.887838363647461,156914
4.888695001602173,156914
4.889551162719727,156914
4.89036226272583,156914
4.891136169433594,156914
4.891913175582886,156914
4.892688274383545,156914
4.893471002578735,156914
4.894263505935669,156914
4.895044326782227,156914
4.895827531814575,156914
4.896618127822876,156914
4.897409439086914,156914
4.898203611373901,156914
4.899009466171265,156914
4.899813890457153,156914
4.900637865066528,156914
4.901471376419067,156914
4.9023215770721436,156914
4.903162002563477,156914
4.904022216796875,156914
4.904862880706787,156914
4.905714511871338,156914
4.906578063964844,156914
4.9073615074157715,156914
4.908134698867798,156914
4.908910751342773,156914
4.909686088562012,156914
4.9104602336883545,156914
4.911238670349121,156914
4.912025213241577,156914
4.912800312042236,156914
4.913585186004639,156914
4.914386987686157,156914
4.915180206298828,156914
4.915984392166138,156914
4.9167890548706055,156914
4.917612314224243,156914
4.918451309204102,156914
4.919294357299805,156914
4.920116662979126,156914
4.920955657958984,156914
4.921804428100586,156914
4.92262601852417,156914
4.923394680023193,156914
4.924178600311279,156914
4.924960374832153,156914
4.925728797912598,156914
4.926517486572266,156914
4.927296161651611,156914
4.92807936668396,156914
4.928863525390625,156914
4.929651498794556,156914
4.930443286895752,156914
4.931246995925903,156914
4.932058811187744,156914
4.932870149612427,156914
4.933705806732178,156914
4.934564590454102,156914
4.935397624969482,156914
4.936246395111084,156914
4.9370832443237305,156914
4.937840938568115,156914
4.938621520996094,156914
4.9394049644470215,156914
4.9401843547821045,156914
4.940965890884399,156914
4.941725730895996,156914
4.942509889602661,156914
4.943295001983643,156914
4.944091796875,156914
4.944876432418823,156914
4.945673942565918,156914
4.946478843688965,156914
4.947296619415283,156914
4.94813084602356,156914
4.948976755142212,156914
4.949799537658691,156914
4.950608491897583,156914
4.95138144493103,156914
4.952154159545898,156914
4.952930450439453,156914
4.953702688217163,156914
4.954488515853882,156914
4.955264329910278,156914
4.956051588058472,156914
4.956827640533447,156914
4.957618236541748,156914
4.958409070968628,156914
4.959212064743042,156914
4.960023403167725,156914
4.960833787918091,156914
4.9616663455963135,156914
4.962475538253784,156914
4.963245391845703,156914
4.964030504226685,156914
4.964797258377075,156914
4.965579509735107,156914
4.966352462768555,156914
4.967121124267578,156914
4.967899322509766,156914
4.96868371963501,156914
4.969472169876099,156914
4.970264196395874,156914
4.971068382263184,156914
4.971869707107544,156914
4.972690582275391,156914
4.9735260009765625,156914
4.9743382930755615,156914
4.975103855133057,156914
4.97587251663208,156914
4.976653814315796,156914
4.977432727813721,156914
4.978216886520386,156914
4.978999376296997,156914
4.979782581329346,156914
4.980571269989014,156914
4.981364011764526,156914
4.982155799865723,156914
4.9829535484313965,156914
4.983758449554443,156914
4.984585762023926,156914
4.985421180725098,156914
4.986271381378174,156914
4.987111806869507,156914
4.987948417663574,156914
4.988795042037964,156914
4.989629030227661,156914
4.990436553955078,156914
4.991204023361206,156914
4.9919843673706055,156914
4.992755889892578,156914
4.99353289604187,156914
4.994325399398804,156914
4.995103597640991,156914
4.99588418006897,156914
4.996676683425903,156914
4.9974682331085205,156914
4.99826192855835,156914
4.99906325340271,156914
4.999866962432861,156914
5.00068998336792,156914
5.001524448394775,156914
5.00236701965332,156914
5.003202199935913,156914
5.003998279571533,156914
5.00475549697876,156914
5.0055320262908936,156914
5.006310224533081,156914
5.007090330123901,156914
5.007861614227295,156914
5.0086352825164795,156914
5.009425163269043,156914
5.010218620300293,156914
5.011009216308594,156914
5.011789798736572,156914
5.012588262557983,156914
5.013397216796875,156914
5.014220952987671,156914
5.015062093734741,156914
5.015838623046875,156914
5.016603708267212,156914
5.017383098602295,156914
5.018161773681641,156914
5.018940448760986,156914
5.019710540771484,156914
5.02047872543335,156914
5.021266222000122,156914
5.0220561027526855,156914
5.0228307247161865,156914
5.023625373840332,156914
5.024435520172119,156914
5.025240182876587,156914
5.026064395904541,156914
5.0268871784210205,156914
5.027721405029297,156914
5.028558731079102,156914
5.029393434524536,156914
5.0302441120147705,156914
5.031106233596802,156914
5.031957387924194,156914
5.03279709815979,156914
5.033635854721069,156914
5.0344483852386475,156914
5.0352160930633545,156914
5.036002159118652,156914
5.036780834197998,156914
5.037558317184448,156914
5.0383336544036865,156914
5.039107799530029,156914
5.039887428283691,156914
5.040677547454834,156914
5.041469573974609,156914
5.042266130447388,156914
5.043067455291748,156914
5.043870210647583,156914
5.044700622558594,156914
5.045543193817139,156914
5.046338796615601,156914
5.047109603881836,156914
5.047880411148071,156914
5.048665523529053,156914
5.049445867538452,156914
5.050231456756592,156914
5.05102014541626,156914
5.051795244216919,156914
5.05258846282959,156914
5.053380966186523,156914
5.054181814193726,156914
5.054993391036987,156914
5.05579686164856,156914
5.056615591049194,156914
5.057453393936157,156914
5.058306932449341,156914
5.059148550033569,156914
5.059983491897583,156914
5.06075644493103,156914
5.061536073684692,156914
5.062314033508301,156914
5.063091516494751,156914
5.0638673305511475,156914
5.064650774002075,156914
5.0654356479644775,156914
5.066227912902832,156914
5.067015647888184,156914
5.067800283432007,156914
5.068596124649048,156914
5.06939959526062,156914
5.070207357406616,156914
5.0710365772247314,156914
5.0718674659729,156914
5.072637319564819,156914
5.073412656784058,156914
5.074202537536621,156914
5.074982166290283,156914
5.075756311416626,156914
5.076529026031494,156914
5.077311038970947,156914
5.078097820281982,156914
5.078879117965698,156914
5.079676151275635,156914
5.080470561981201,156914
5.081279993057251,156914
5.082093954086304,156914
5.082934856414795,156914
5.083760499954224,156914
5.0846192836761475,156914
5.085459470748901,156914
5.086309909820557,156914
5.087143898010254,156914
5.087902784347534,156914
5.088674306869507,156914
5.089453220367432,156914
5.0902259349823,156914
5.0910069942474365,156914
5.091780662536621,156914
5.092557191848755,156914
5.093350648880005,156914
5.094148635864258,156914
5.094933986663818,156914
5.095723628997803,156914
5.096525430679321,156914
5.09733772277832,156914
5.09816312789917,156914
5.099004745483398,156914
5.099856853485107,156914
5.100688695907593,156914
5.10145902633667,156914
5.102233409881592,156914
5.103012800216675,156914
5.103790521621704,156914
5.104578018188477,156914
5.105361700057983,156914
5.106143474578857,156914
5.106934070587158,156914
5.10771918296814,156914
5.108508825302124,156914
5.109306573867798,156914
5.110119104385376,156914
5.110935688018799,156914
5.11176061630249,156914
5.112598657608032,156914
5.11345100402832,156914
5.114299535751343,156914
5.11506724357605,156914
5.115832328796387,156914
5.116604804992676,156914
5.11738657951355,156914
5.118161916732788,156914
5.118943214416504,156914
5.119725465774536,156914
5.1202943325042725,156914
5.120768070220947,156914
5.121249675750732,156914
5.121721982955933,156914
5.122200965881348,156914
5.1226725578308105,156914
5.123153209686279,156914
5.12362265586853,156914
5.124119997024536,156914
5.12459397315979,156914
5.125069618225098,156914
5.1255409717559814,156914
5.126024007797241,156914
5.126497745513916,156914
5.126976251602173,156914
5.1274497509002686,156914
5.127934455871582,156914
5.128410816192627,156914
5.128881931304932,156914
5.129359006881714,156914
5.129827976226807,156914
5.130307912826538,156914
5.130777597427368,156914
5.131258249282837,156914
5.131728887557983,156914
5.132206916809082,156914
5.132675886154175,156914
5.133160591125488,156914
5.133630990982056,156914
5.1341211795806885,156914
5.134591817855835,156914
5.135068655014038,156914
5.13553524017334,156914
5.136014699935913,156914
5.136486768722534,156914
5.1369640827178955,156914
5.137437105178833,156914
5.137913227081299,156914
5.138383865356445,156914
5.138857126235962,156914
5.1393349170684814,156914
5.1398046016693115,156914
5.140286207199097,156914
5.140756845474243,156914
5.141236305236816,156914
5.141707420349121,156914
5.142187595367432,156914
5.142657041549683,156914
5.143136739730835,156914
5.143606662750244,156914
5.144091844558716,156914
5.144564390182495,156914
5.145042896270752,156914
5.145513534545898,156914
5.145997762680054,156914
5.146470546722412,156914
5.146947145462036,156914
5.147420406341553,156914
5.147892475128174,156914
5.148367881774902,156914
5.148839950561523,156914
5.149318695068359,156914
5.1497886180877686,156914
5.1502697467803955,156914
5.150740146636963,156914
5.151221513748169,156914
5.1516945362091064,156914
5.152176141738892,156914
5.152646780014038,156914
5.153128147125244,156914
5.153599977493286,156914
5.154085874557495,156914
5.154558181762695,156914
5.155036926269531,156914
5.155506372451782,156914
5.15598726272583,156914
5.156458616256714,156914
5.156936168670654,156914
5.157408952713013,156914
5.157882928848267,156914
5.15835976600647,156914
5.158830881118774,156914
5.1593194007873535,156914
5.159790515899658,156914
5.1602723598480225,156914
5.160743951797485,156914
5.161224603652954,156914
5.161698579788208,156914
5.162179231643677,156914
5.162649869918823,156914
5.16313099861145,156914
5.163600921630859,156914
5.164088010787964,156914
5.1645612716674805,156914
5.165038585662842,156914
5.165510416030884,156914
5.1659910678863525,156914
5.166464328765869,156914
5.1669392585754395,156914
5.167413711547852,156914
5.167884588241577,156914
5.168362379074097,156914
5.168835639953613,156914
5.169314861297607,156914
5.1697821617126465,156914
5.170264005661011,156914
5.170733690261841,156914
5.171212911605835,156914
5.171684265136719,156914
5.172163963317871,156914
5.17263388633728,156914
5.173115253448486,156914
5.173588275909424,156914
5.174074172973633,156914
5.174548149108887,156914
5.175025463104248,156914
5.175497531890869,156914
5.17597770690918,156914
5.176448583602905,156914
5.17692494392395,156914
5.177398681640625,156914
5.177867889404297,156914
5.178344964981079,156914
5.178816556930542,156914
5.1792943477630615,156914
5.179765462875366,156914
5.180245637893677,156914
5.1807169914245605,156914
5.181199073791504,156914
5.181670188903809,156914
5.182149171829224,156914
5.182621717453003,156914
5.183103084564209,156914
5.183574199676514,156914
5.184060573577881,156914
5.1845316886901855,156914
5.185009956359863,156914
5.185480833053589,156914
5.1859588623046875,156914
5.186430215835571,156914
5.186896562576294,156914
5.187376022338867,156914
5.187845706939697,156914
5.188324689865112,156914
5.188796281814575,156914
5.189277172088623,156914
5.189747095108032,156914
5.190228223800659,156914
5.190698146820068,156914
5.191177606582642,156914
5.191651105880737,156914
5.192131757736206,156914
5.192600965499878,156914
5.193083047866821,156914
5.193552255630493,156914
5.194036483764648,156914
5.194511890411377,156914
5.194991111755371,156914
5.195462465286255,156914
5.195943832397461,156914
5.196415185928345,156914
5.196882963180542,156914
5.197363615036011,156914
5.197833776473999,156914
5.1983091831207275,156914
5.198781490325928,156914
5.199258804321289,156914
5.1997270584106445,156914
5.200208425521851,156914
5.200679540634155,156914
5.201157808303833,156914
5.201627016067505,156914
5.202107906341553,156914
5.202578067779541,156914
5.203058242797852,156914
5.203529357910156,156914
5.204015254974365,156914
5.204490423202515,156914
5.204968214035034,156914
5.2054383754730225,156914
5.205915927886963,156914
5.206387519836426,156914
5.2068586349487305,156914
5.207340240478516,156914
5.207811594009399,156914
5.208290338516235,156914
5.2087626457214355,156914
5.20924186706543,156914
5.2097108364105225,156914
5.210193157196045,156914
5.210663080215454,156914
5.211141347885132,156914
5.211611270904541,156914
5.2120890617370605,156914
5.212561368942261,156914
5.21303915977478,156914
5.213508605957031,156914
5.213996648788452,156914
5.214470624923706,156914
5.214950323104858,156914
5.2154221534729,156914
5.215893983840942,156914
5.216372728347778,156914
5.216842174530029,156914
5.217321872711182,156914
5.217795133590698,156914
5.218274116516113,156914
5.218745231628418,156914
5.219226598739624,156914
5.219696998596191,156914
5.220180511474609,156914
5.220651626586914,156914
5.221131086349487,156914
5.221604108810425,156914
5.222081899642944,156914
5.222553253173828,156914
5.223031997680664,156914
5.22350287437439,156914
5.223994493484497,156914
5.224468231201172,156914
5.224947214126587,156914
5.22541880607605,156914
5.2258899211883545,156914
5.226368427276611,156914
5.226836681365967,156914
5.227316617965698,156914
5.227786540985107,156914
5.228265762329102,156914
5.228739023208618,156914
5.229220867156982,156914
5.229692220687866,156914
5.230175256729126,156914
5.230645179748535,156914
5.231126070022583,156914
5.231597185134888,156914
5.232074499130249,156914
5.232542991638184,156914
5.233022928237915,156914
5.2334935665130615,156914
5.233980655670166,156914
5.234454154968262,156914
5.234930515289307,156914
5.23540186882019,156914
5.235872983932495,156914
5.236351251602173,156914
5.236818075180054,156914
5.237297058105469,156914
5.237766265869141,156914
5.238242864608765,156914
5.238714218139648,156914
5.239192247390747,156914
5.239662408828735,156914
5.240143537521362,156914
5.240615367889404,156914
5.241093873977661,156914
5.241565704345703,156914
5.242043972015381,156914
5.242512941360474,156914
5.24299168586731,156914
5.243464231491089,156914
5.243951082229614,156914
5.244424343109131,156914
5.244894981384277,156914
5.2453718185424805,156914
5.24584436416626,156914
5.246321201324463,156914
5.246790647506714,156914
5.247273206710815,156914
5.247743606567383,156914
5.24822211265564,156914
5.248696804046631,156914
5.249176979064941,156914
5.249647617340088,156914
5.250128269195557,156914
5.25059962272644,156914
5.251077651977539,156914
5.251550674438477,156914
5.252028465270996,156914
5.252499103546143,156914
5.25297999382019,156914
5.2534520626068115,156914
5.253936767578125,156914
5.254412412643433,156914
5.254883050918579,156914
5.255361318588257,156914
5.2558348178863525,156914
5.256314516067505,156914
5.2567853927612305,156914
5.257266044616699,156914
5.257737398147583,156914
5.258218288421631,156914
5.2586915493011475,156914
5.259172677993774,156914
5.259642839431763,156914
5.260124683380127,156914
5.26059627532959,156914
5.261073350906372,156914
5.261545419692993,156914
5.262023687362671,156914
5.262493371963501,156914
5.262974739074707,156914
5.263444423675537,156914
5.263928174972534,156914
5.264402389526367,156914
5.264873266220093,156914
5.265350103378296,156914
5.26582145690918,156914
5.266300439834595,156914
5.2667717933654785,156914
5.267253160476685,156914
5.267725467681885,156914
5.268205881118774,156914
5.268678903579712,156914
5.269168853759766,156914
5.26963996887207,156914
5.270120143890381,156914
5.270588636398315,156914
5.271066188812256,156914
5.271538496017456,156914
5.272015810012817,156914
5.272486686706543,156914
5.272966146469116,156914
5.273437738418579,156914
5.273920059204102,156914
5.274397373199463,156914
5.274866819381714,156914
5.275341987609863,156914
5.27581262588501,156914
5.276291370391846,156914
5.276761054992676,156914
5.277240514755249,156914
5.277710199356079,156914
5.2781898975372314,156914
5.27866005897522,156914
5.2791361808776855,156914
5.2796056270599365,156914
5.280086040496826,156914
5.2805564403533936,156914
5.281033992767334,156914
5.281505346298218,156914
5.281985759735107,156914
5.282456398010254,156914
5.282932758331299,156914
5.283401966094971,156914
5.283872127532959,156914
5.284361362457275,156914
5.284830570220947,156914
5.28530740737915,156914
5.285779237747192,156914
5.286257982254028,156914
5.286728382110596,156914
5.287209987640381,156914
5.287680625915527,156914
5.288158893585205,156914
5.288630485534668,156914
5.2891082763671875,156914
5.289579153060913,156914
5.290057897567749,156914
5.2905285358428955,156914
5.291008710861206,156914
5.29148268699646,156914
5.291961669921875,156914
5.292432069778442,156914
5.292910099029541,156914
5.293382167816162,156914
5.293852090835571,156914
5.294341564178467,156914
5.294810771942139,156914
5.295289754867554,156914
5.295760631561279,156914
5.296241283416748,156914
5.296710968017578,156914
5.297194242477417,156914
5.297664165496826,156914
5.298142194747925,156914
5.29861307144165,156914
5.299091339111328,156914
5.2995617389678955,156914
5.300042390823364,156914
5.30051326751709,156914
5.300993919372559,156914
5.30146861076355,156914
5.3019468784332275,156914
5.302417516708374,156914
5.302890062332153,156914
5.3033671379089355,156914
5.3038365840911865,156914
5.30433201789856,156914
5.304802417755127,156914
5.305282354354858,156914
5.305755138397217,156914
5.306234121322632,156914
5.306706190109253,156914
5.307188510894775,156914
5.307660341262817,156914
5.308140516281128,156914
5.308613538742065,156914
5.309090614318848,156914
5.309560060501099,156914
5.310039758682251,156914
5.310509204864502,156914
5.310988903045654,156914
5.311462163925171,156914
5.311940908432007,156914
5.3124120235443115,156914
5.31288480758667,156914
5.313362121582031,156914
5.3138344287872314,156914
5.3143205642700195,156914
5.314790964126587,156914
5.3152711391448975,156914
5.315742254257202,156914
5.316222906112671,156914
5.316695690155029,156914
5.317177057266235,156914
5.317646503448486,156914
5.318125247955322,156914
5.318597316741943,156914
5.319072246551514,156914
5.319543361663818,156914
5.320023059844971,156914
5.320493221282959,156914
5.320971250534058,156914
5.321443796157837,156914
5.321920394897461,156914
5.322393417358398,156914
5.322866678237915,156914
5.3233442306518555,156914
5.323816776275635,156914
5.324307203292847,156914
5.324779510498047,156914
5.325259447097778,156914
5.325730800628662,156914
5.326210975646973,156914
5.326682090759277,156914
5.327164649963379,156914
5.327634811401367,156914
5.328115224838257,156914
5.328588008880615,156914
5.329066038131714,156914
5.329536437988281,156914
5.330015182495117,156914
5.330485582351685,156914
5.330963611602783,156914
5.331440210342407,156914
5.331914663314819,156914
5.332386016845703,156914
5.332855939865112,156914
5.333334445953369,156914
5.333804368972778,156914
5.334296464920044,156914
5.3347673416137695,156914
5.335248708724976,156914
5.335719585418701,156914
5.336198091506958,156914
5.336666584014893,156914
5.33714747428894,156914
5.33761739730835,156914
5.3380959033966064,156914
5.338567733764648,156914
5.339044570922852,156914
5.339513063430786,156914
5.339992523193359,156914
5.340462923049927,156914
5.340941429138184,156914
5.341417074203491,156914
5.3418869972229,156914
5.342364072799683,156914
5.342835426330566,156914
5.3433144092559814,156914
5.343783378601074,156914
5.34427547454834,156914
5.344744682312012,156914
5.345224857330322,156914
5.3456950187683105,156914
5.3461737632751465,156914
5.346644878387451,156914
5.347126245498657,156914
5.347595691680908,156914
5.348074674606323,156914
5.348545551300049,156914
5.349022388458252,156914
5.349492073059082,156914
5.349973440170288,156914
5.350445508956909,156914
5.350921630859375,156914
5.351394414901733,156914
5.351863861083984,156914
5.352340221405029,156914
5.352813243865967,156914
5.353289842605591,156914
5.353758096694946,156914
5.354253530502319,156914
5.354724407196045,156914
5.355204343795776,156914
5.355676174163818,156914
5.356154441833496,156914
5.3566272258758545,156914
5.357106447219849,156914
5.3575756549835205,156914
5.35805344581604,156914
5.358524322509766,156914
5.3590006828308105,156914
5.359471559524536,156914
5.359951496124268,156914
5.360422372817993,156914
5.360890865325928,156914
5.361373662948608,156914
5.361842632293701,156914
5.362322092056274,156914
5.3627941608428955,156914
5.363273859024048,156914
5.363743543624878,156914
5.364237070083618,156914
5.364707708358765,156914
5.365188121795654,156914
5.36565899848938,156914
5.366139888763428,156914
5.3666088581085205,156914
5.367092132568359,156914
5.367561101913452,156914
5.36803936958313,156914
5.368513107299805,156914
5.3689916133880615,156914
5.36946439743042,156914
5.369943857192993,156914
5.3704140186309814,156914
5.370883226394653,156914
5.3713624477386475,156914
5.371832609176636,156914
5.372310638427734,156914
5.372782468795776,156914
5.3732616901397705,156914
5.373732328414917,156914
5.374225378036499,156914
5.374693870544434,156914
5.375173330307007,156914
5.375645637512207,156914
5.376124382019043,156914
5.376594543457031,156914
5.377073526382446,156914
5.3775434494018555,156914
5.378020286560059,156914
5.378493070602417,156914
5.3789708614349365,156914
5.379441022872925,156914
5.379915475845337,156914
5.380386829376221,156914
5.380857467651367,156914
5.381336688995361,156914
5.381806135177612,156914
5.38228440284729,156914
5.382755994796753,156914
5.383237361907959,156914
5.383709907531738,156914
5.38420295715332,156914
5.3846752643585205,156914
5.385154962539673,156914
5.385627031326294,156914
5.386107683181763,156914
5.386577606201172,156914
5.387058258056641,156914
5.387528657913208,156914
5.3880040645599365,156914
5.388476848602295,156914
5.3889546394348145,156914
5.38942289352417,156914
5.389895439147949,156914
5.390370607376099,156914
5.390840768814087,156914
5.391319751739502,156914
5.391791343688965,156914
5.392268419265747,156914
5.392739772796631,156914
5.393219232559204,156914
5.393688440322876,156914
5.394181489944458,156914
5.394651889801025,156914
5.395128965377808,156914
5.395601511001587,156914
5.396079778671265,156914
5.396549701690674,156914
5.397026300430298,156914
5.3974974155426025,156914
5.397977352142334,156914
5.398451089859009,156914
5.398927688598633,156914
5.399398565292358,156914
5.3998703956604,156914
5.400346755981445,156914
5.400816917419434,156914
5.401297569274902,156914
5.401768922805786,156914
5.402249336242676,156914
5.402719497680664,156914
5.403198957443237,156914
5.403668403625488,156914
5.4041619300842285,156914
5.404634475708008,156914
5.405114412307739,156914
5.405585527420044,156914
5.406063079833984,156914
5.406534433364868,156914
5.407013416290283,156914
5.407484292984009,156914
5.407963275909424,156914
5.408437490463257,156914
5.408910751342773,156914
5.4093828201293945,156914
5.409855365753174,156914
5.4103312492370605,156914
5.410802602767944,156914
5.4112818241119385,156914
5.411752223968506,156914
5.412229776382446,156914
5.412699937820435,156914
5.413180351257324,156914
5.413650035858154,156914
5.414139270782471,156914
5.414609670639038,156914
5.415088891983032,156914
5.4155614376068115,156914
5.4160377979278564,156914
5.416508436203003,156914
5.4169886112213135,156914
5.417458534240723,156914
5.4179346561431885,156914
5.418407201766968,156914
5.4188761711120605,156914
5.419353485107422,156914
5.419823169708252,156914
5.420300006866455,156914
5.420771360397339,156914
5.421253442764282,156914
5.4217212200164795,156914
5.422201156616211,156914
5.422672748565674,156914
5.423152446746826,156914
5.423621892929077,156914
5.424114465713501,156914
5.42458438873291,156914
5.425060272216797,156914
5.425532579421997,156914
5.426010847091675,156914
5.4264817237854,156914
5.426961898803711,156914
5.427433252334595,156914
5.427909851074219,156914
5.428388595581055,156914
5.428857803344727,156914
5.42933464050293,156914
5.429807186126709,156914
5.430286407470703,156914
5.430757761001587,156914
5.431238889694214,156914
5.431710243225098,156914
5.4321911334991455,156914
5.432662725448608,156914
5.433141708374023,156914
5.433611631393433,156914
5.434103488922119,156914
5.434572696685791,156914
5.4350502490997314,156914
5.435524225234985,156914
5.436002254486084,156914
5.436473846435547,156914
5.436953783035278,156914
5.437424659729004,156914
5.43789529800415,156914
5.43837571144104,156914
5.438847541809082,156914
5.439327716827393,156914
5.439800500869751,156914
5.440280199050903,156914
5.4407501220703125,156914
5.441230535507202,156914
5.441700220108032,156914
5.442180395126343,156914
5.442652463912964,156914
5.443132638931274,156914
5.443601846694946,156914
5.4440906047821045,156914
5.444561004638672,156914
5.445038795471191,156914
5.445509672164917,156914
5.445985794067383,156914
5.446457624435425,156914
5.446932077407837,156914
5.447401285171509,156914
5.447873830795288,156914
5.448352575302124,156914
5.448822498321533,156914
5.449302434921265,156914
5.449774265289307,156914
5.450255632400513,156914
5.450726270675659,156914
5.451210260391235,156914
5.451683759689331,156914
5.452168226242065,156914
5.452641487121582,156914
5.45311975479126,156914
5.45359206199646,156914
5.454078912734985,156914
5.454550266265869,156914
5.455026626586914,156914
5.455498695373535,156914
5.455977439880371,156914
5.456448793411255,156914
5.456925392150879,156914
5.457397937774658,156914
5.457868337631226,156914
5.458347797393799,156914
5.458818197250366,156914
5.459296464920044,156914
5.459768533706665,156914
5.460247278213501,156914
5.460717678070068,156914
5.461198806762695,156914
5.461669683456421,156914
5.46215033531189,156914
5.4626219272613525,156914
5.46310019493103,156914
5.463569402694702,156914
5.4640562534332275,156914
5.464527606964111,156914
5.46500563621521,156914
5.465478420257568,156914
5.465956687927246,156914
5.466426610946655,156914
5.466899394989014,156914
5.467375755310059,156914
5.467845916748047,156914
5.468325614929199,156914
5.468795537948608,156914
5.4692747592926025,156914
5.469745635986328,156914
5.470224857330322,156914
5.470694303512573,156914
5.471174716949463,156914
5.471643924713135,156914
5.4721245765686035,156914
5.4725964069366455,156914
5.473074436187744,156914
5.473543167114258,156914
5.4740283489227295,156914
5.4745032787323,156914
5.474982976913452,156914
5.4754557609558105,156914
5.475931167602539,156914
5.476402282714844,156914
5.476873874664307,156914
5.477351903915405,156914
5.47782039642334,156914
5.4783008098602295,156914
5.478769063949585,156914
5.479248046875,156914
5.479721784591675,156914
5.480199813842773,156914
5.480669975280762,156914
5.48115086555481,156914
5.481621503829956,156914
5.482102394104004,156914
5.482573509216309,156914
5.48305082321167,156914
5.483520746231079,156914
5.484010219573975,156914
5.4844810962677,156914
5.4849607944488525,156914
5.485433340072632,156914
5.485901832580566,156914
5.48637843132019,156914
5.486850023269653,156914
5.48732852935791,156914
5.487797498703003,156914
5.488277196884155,156914
5.4887471199035645,156914
5.489229202270508,156914
5.489701271057129,156914
5.490181922912598,156914
5.490652799606323,156914
5.491133689880371,156914
5.49160361289978,156914
5.492082357406616,156914
5.492555856704712,156914
5.493030786514282,156914
5.493501663208008,156914
5.493992328643799,156914
5.494464874267578,156914
5.4949424266815186,156914
5.495416879653931,156914
5.495886564254761,156914
5.496363878250122,156914
5.4968342781066895,156914
5.497312068939209,156914
5.497782230377197,156914
5.49826455116272,156914
5.49873423576355,156914
5.499215364456177,156914
5.499686002731323,156914
5.500167608261108,156914
5.500636577606201,156914
5.501117944717407,156914
5.501586675643921,156914
5.50206446647644,156914
5.502536773681641,156914
5.503016233444214,156914
5.503488063812256,156914
5.503981828689575,156914
5.504451036453247,156914
5.50492787361145,156914
5.505398988723755,156914
5.505869388580322,156914
5.506346702575684,156914
5.506818771362305,156914
5.507294654846191,156914
5.507765531539917,156914
5.508248805999756,156914
5.508718729019165,156914
5.509199857711792,156914
5.509673357009888,156914
5.510154485702515,156914
5.510625839233398,156914
5.511106491088867,156914
5.5115745067596436,156914
5.512052536010742,156914
5.512523889541626,156914
5.513000249862671,156914
5.5134711265563965,156914
5.51396107673645,156914
5.514432430267334,156914
5.5149009227752686,156914
5.515379190444946,156914
5.51585054397583,156914
5.51632833480835,156914
5.516797304153442,156914
5.517276048660278,156914
5.517744302749634,156914
5.518226146697998,156914
5.518695831298828,156914
5.519175291061401,156914
5.519648551940918,156914
5.520127296447754,156914
5.520597219467163,156914
5.521075487136841,156914
5.521545886993408,156914
5.52202296257019,156914
5.522494792938232,156914
5.5229737758636475,156914
5.523444890975952,156914
5.523929595947266,156914
5.52440071105957,156914
5.524872303009033,156914
5.5253517627716064,156914
5.525821685791016,156914
5.5262980461120605,156914
5.526769399642944,156914
5.527250051498413,156914
5.527721166610718,156914
5.528203725814819,156914
5.528674364089966,156914
5.5291547775268555,156914
5.529627799987793,156914
5.530107021331787,156914
5.53057861328125,156914
5.531060218811035,156914
5.5315306186676025,156914
5.532009124755859,156914
5.5324835777282715,156914
5.532963514328003,156914
5.533434152603149,156914
5.533916234970093,156914
5.534389495849609,156914
5.534857511520386,156914
5.53533673286438,156914
5.53580379486084,156914
5.536284923553467,156914
5.536754608154297,156914
5.5372350215911865,156914
5.537704944610596,156914
5.5381855964660645,156914
5.538654565811157,156914
5.539134502410889,156914
5.539604663848877,156914
5.540080785751343,156914
5.540550470352173,156914
5.541028261184692,156914
5.541498422622681,156914
5.541975259780884,156914
5.542448043823242,156914
5.542922496795654,156914
5.543395280838013,156914
5.54386568069458,156914
5.544353246688843,156914
5.544823169708252,156914
5.545303821563721,156914
5.5457727909088135,156914
5.546256065368652,156914
5.546728849411011,156914
5.547207832336426,156914
5.547677040100098,156914
5.548159599304199,156914
5.548628330230713,156914
5.549108505249023,156914
5.549581527709961,156914
5.55005955696106,156914
5.550529479980469,156914
5.551009654998779,156914
5.551479816436768,156914
5.551956653594971,156914
5.552428960800171,156914
5.552898168563843,156914
5.553374290466309,156914
5.553844690322876,156914
5.554330825805664,156914
5.554800033569336,156914
5.55527925491333,156914
5.555749893188477,156914
5.556229114532471,156914
5.556701183319092,156914
5.557180166244507,156914
5.557649850845337,156914
5.558130502700806,156914
5.558599472045898,156914
5.559076547622681,156914
5.559547424316406,156914
5.560022354125977,156914
5.5604941844940186,156914
5.560974836349487,156914
5.561445951461792,156914
5.56192421913147,156914
5.562395811080933,156914
5.562866449356079,156914
5.563345909118652,156914
5.563817262649536,156914
5.564305067062378,156914
5.564774990081787,156914
5.565255880355835,156914
5.56572699546814,156914
5.566204309463501,156914
5.566676139831543,156914
5.567155361175537,156914
5.567625999450684,156914
5.568109512329102,156914
5.5685789585113525,156914
5.569056987762451,156914
5.569530010223389,156914
5.570007085800171,156914
5.570478916168213,156914
5.570960760116577,156914
5.571431636810303,156914
5.571902513504028,156914
5.572380065917969,156914
5.5728514194488525,156914
5.573327302932739,156914
5.573799133300781,156914
5.574288606643677,156914
5.574758052825928,156914
5.57524037361145,156914
5.575709342956543,156914
5.576191186904907,156914
5.576661825180054,156914
5.577142715454102,156914
5.577612400054932,156914
5.5780909061431885,156914
5.578559398651123,156914
5.579036474227905,156914
5.579507112503052,156914
5.579986810684204,156914
5.580456972122192,156914
5.580934524536133,156914
5.581406831741333,156914
5.581876993179321,156914
5.582356214523315,156914
5.582823991775513,156914
5.583302021026611,156914
5.5837721824646,156914
5.584262132644653,156914
5.584732294082642,156914
5.585211753845215,156914
5.585681915283203,156914
5.586161136627197,156914
5.5866312980651855,156914
5.587108373641968,156914
5.587578535079956,156914
5.58805775642395,156914
5.5885279178619385,156914
5.589005470275879,156914
5.589479207992554,156914
5.589958429336548,156914
5.590428352355957,156914
5.590902090072632,156914
5.591379404067993,156914
5.591848373413086,156914
5.592328786849976,156914
5.592798233032227,156914
5.593279123306274,156914
5.593749284744263,156914
5.594239234924316,156914
5.59470796585083,156914
5.595188856124878,156914
5.5956573486328125,156914
5.596137762069702,156914
5.59660792350769,156914
5.597084283828735,156914
5.597552537918091,156914
5.5980308055877686,156914
5.598498821258545,156914
5.5989768505096436,156914
5.599449634552002,156914
5.5999226570129395,156914
5.600393533706665,156914
5.60086464881897,156914
5.601341485977173,156914
5.601811647415161,156914
5.602290868759155,156914
5.602759599685669,156914
5.603237152099609,156914
5.603709697723389,156914
5.604201078414917,156914
5.604671478271484,156914
5.605153799057007,156914
5.605623483657837,156914
5.606101751327515,156914
5.606573581695557,156914
5.607088804244995,156914
5.607557058334351,156914
5.608033657073975,156914
5.608501434326172,156914
5.608979225158691,156914
5.60945200920105,156914
5.60992431640625,156914
5.610395431518555,156914
5.610864162445068,156914
5.61134147644043,156914
5.611812353134155,156914
5.612292766571045,156914
5.612762451171875,156914
5.613243103027344,156914
5.61371374130249,156914
5.614204406738281,156914
5.6146745681762695,156914
5.615155935287476,156914
5.61562705039978,156914
5.61610746383667,156914
5.616578578948975,156914
5.617056131362915,156914
5.617525577545166,156914
5.618005752563477,156914
5.6184751987457275,156914
5.618952751159668,156914
5.619425058364868,156914
5.619893550872803,156914
5.620370149612427,156914
5.6208412647247314,156914
5.6213178634643555,156914
5.621786832809448,156914
5.622267007827759,156914
5.622737169265747,156914
5.623215913772583,156914
5.62368631362915,156914
5.6241772174835205,156914
5.624645948410034,156914
5.6251256465911865,156914
5.625594854354858,156914
5.626073598861694,156914
5.626544237136841,156914
5.627020597457886,156914
5.627490520477295,156914
5.627969264984131,156914
5.6284403800964355,156914
5.62891411781311,156914
5.629384756088257,156914
5.629852056503296,156914
5.63032865524292,156914
5.630799293518066,156914
5.631278038024902,156914
5.631749391555786,156914
5.632230281829834,156914
5.632697820663452,156914
5.633176565170288,156914
5.633646011352539,156914
5.634136438369751,156914
5.634606599807739,156914
5.635085582733154,156914
5.635552644729614,156914
5.636030435562134,156914
5.636502265930176,156914
5.636978626251221,156914
5.637447834014893,156914
5.637924432754517,156914
5.638394355773926,156914
5.63886284828186,156914
5.639340877532959,156914
5.63981032371521,156914
5.640287160873413,156914
5.6407554149627686,156914
5.641235828399658,156914
5.641704559326172,156914
5.6421849727630615,156914
5.64265513420105,156914
5.643134593963623,156914
5.6436073780059814,156914
5.644095182418823,156914
5.64456582069397,156914
5.645042896270752,156914
5.645510911941528,156914
5.6459877490997314,156914
5.646458864212036,156914
5.64693546295166,156914
5.647406101226807,156914
5.647876262664795,156914
5.64835262298584,156914
5.648820877075195,156914
5.649301528930664,156914
5.649770498275757,156914
5.650250434875488,156914
5.650720834732056,156914
5.65120267868042,156914
5.651672601699829,156914
5.652153015136719,156914
5.652624130249023,156914
5.653104543685913,156914
5.653576374053955,156914
5.6540632247924805,156914
5.6545326709747314,156914
5.655012607574463,156914
5.655482530593872,156914
5.655960321426392,156914
5.656431674957275,156914
5.656901597976685,156914
5.65737771987915,156914
5.657849311828613,156914
5.658323764801025,156914
5.658794641494751,156914
5.659275531768799,156914
5.659744501113892,156914
5.660223960876465,156914
5.66069483757019,156914
5.661172866821289,156914
5.6616435050964355,156914
5.662124156951904,156914
5.662595272064209,156914
5.663072109222412,156914
5.663543462753296,156914
5.66402792930603,156914
5.664501428604126,156914
5.664978981018066,156914
5.665449380874634,156914
5.6659252643585205,156914
5.666396856307983,156914
5.666866064071655,156914
5.667343378067017,156914
5.6678149700164795,156914
5.668294668197632,156914
5.668763875961304,156914
5.669244289398193,156914
5.669713020324707,156914
5.670192718505859,156914
5.670663833618164,156914
5.671143531799316,156914
5.6716148853302,156914
5.672094821929932,156914
5.672565221786499,156914
5.6730451583862305,156914
5.673516511917114,156914
5.6740028858184814,156914
5.674474000930786,156914
5.674953460693359,156914
5.675423860549927,156914
5.675893545150757,156914
5.676372289657593,156914
5.676841974258423,156914
5.677318811416626,156914
5.677788019180298,156914
5.67826509475708,156914
5.678736448287964,156914
5.6792168617248535,156914
5.6796875,156914
5.680167198181152,156914
5.680645942687988,156914
5.6811254024505615,156914
5.6815972328186035,156914
5.682076692581177,156914
5.682546138763428,156914
5.683022737503052,156914
5.683497190475464,156914
5.6839892864227295,156914
5.684462785720825,156914
5.684943914413452,156914
5.6854143142700195,156914
5.685883522033691,156914
5.686360597610474,156914
5.686828851699829,156914
5.687306642532349,156914
5.687777042388916,156914
5.6882569789886475,156914
5.68873143196106,156914
5.689213991165161,156914
5.689682722091675,156914
5.690162181854248,156914
5.6906328201293945,156914
5.691110610961914,156914
5.691580533981323,156914
5.692059755325317,156914
5.692529201507568,156914
5.693008184432983,156914
5.693480491638184,156914
5.693968296051025,156914
5.694440603256226,156914
5.694941759109497,156914
5.69541335105896,156914
5.69588303565979,156914
5.696362257003784,156914
5.696831941604614,156914
5.697309255599976,156914
5.697781324386597,156914
5.698260307312012,156914
5.6987316608428955,156914
5.699214220046997,156914
5.699685096740723,156914
5.700165033340454,156914
5.700636625289917,156914
5.701115369796753,156914
5.701587438583374,156914
5.702065467834473,156914
5.702535390853882,156914
5.70301365852356,156914
5.70348596572876,156914
5.703977108001709,156914
5.70444917678833,156914
5.704923868179321,156914
5.705395221710205,156914
5.705865383148193,156914
5.706344842910767,156914
5.706811904907227,156914
5.7072930335998535,156914
5.707764625549316,156914
5.708245754241943,156914
5.70871639251709,156914
5.709198474884033,156914
5.709666967391968,156914
5.710146188735962,156914
5.71063756942749,156914
5.711118698120117,156914
5.711588144302368,156914
5.712067365646362,156914
5.712538480758667,156914
5.713016748428345,156914
5.713488340377808,156914
5.713975429534912,156914
5.714446783065796,156914
5.714922189712524,156914
5.715392827987671,156914
5.7158613204956055,156914
5.716341018676758,156914
5.716811418533325,156914
5.717290878295898,156914
5.717764616012573,156914
5.71825098991394,156914
5.718722343444824,156914
5.719204664230347,156914
5.7196760177612305,156914
5.720154285430908,156914
5.720625162124634,156914
5.721104145050049,156914
5.721574783325195,156914
5.722050428390503,156914
5.722520112991333,156914
5.722999572753906,156914
5.723472356796265,156914
5.723959445953369,156914
5.724433660507202,156914
5.724908828735352,156914
5.725381135940552,156914
5.725850582122803,156914
5.726330041885376,156914
5.726799488067627,156914
5.727277517318726,156914
5.727750301361084,156914
5.728228330612183,156914
5.728697299957275,156914
5.729177474975586,156914
5.729648113250732,156914
5.730128049850464,156914
5.730599641799927,156914
5.731075286865234,156914
5.731545925140381,156914
5.732022285461426,156914
5.732494354248047,156914
5.732973575592041,156914
5.7334465980529785,156914
5.733929634094238,156914
5.734402179718018,156914
5.7348737716674805,156914
5.735351800918579,156914
5.735823392868042,156914
5.736310243606567,156914
5.736782789230347,156914
5.737264156341553,156914
5.737735271453857,156914
5.738215208053589,156914
5.738686800003052,156914
5.739165544509888,156914
5.739635467529297,156914
5.740114688873291,156914
5.740586996078491,156914
5.74106240272522,156914
5.741532802581787,156914
5.742010831832886,156914
5.742482662200928,156914
5.742962598800659,156914
5.743436098098755,156914
5.743916749954224,156914
5.744390964508057,156914
5.744861125946045,156914
5.745340347290039,156914
5.745809316635132,156914
5.746288776397705,156914
5.746756553649902,156914
5.747234344482422,156914
5.747704029083252,156914
5.748183250427246,156914
5.74865198135376,156914
5.74913215637207,156914
5.749601602554321,156914
5.750081539154053,156914
5.7505528926849365,156914
5.751027584075928,156914
5.751497983932495,156914
5.751976251602173,156914
5.752447605133057,156914
5.7529213428497314,156914
5.753393173217773,156914
5.753862619400024,156914
5.754350900650024,156914
5.754821538925171,156914
5.755300045013428,156914
5.7557692527771,156914
5.7562501430511475,156914
5.756719589233398,156914
5.757200717926025,156914
5.7576704025268555,156914
5.758150339126587,156914
5.75862193107605,156914
5.759101390838623,156914
5.759572267532349,156914
5.760048866271973,156914
5.760519504547119,156914
5.760998725891113,156914
5.761470317840576,156914
5.761948347091675,156914
5.762420654296875,156914
5.762891530990601,156914
5.763367414474487,156914
5.763835906982422,156914
5.764321565628052,156914
5.76479434967041,156914
5.765272617340088,156914
5.765742301940918,156914
5.766224384307861,156914
5.766693353652954,156914
5.767171859741211,156914
5.767644166946411,156914
5.768125295639038,156914
5.768594980239868,156914
5.7690746784210205,156914
5.769546747207642,156914
5.770023584365845,156914
5.770496129989624,156914
5.770975589752197,156914
5.771444797515869,156914
5.771920680999756,156914
5.772391080856323,156914
5.772862195968628,156914
5.773341178894043,156914
5.773809194564819,156914
5.774296283721924,156914
5.7747673988342285,156914
5.775245904922485,156914
5.775714159011841,156914
5.776194334030151,156914
5.776663541793823,156914
5.7771453857421875,156914
5.777616262435913,156914
5.778095483779907,156914
5.778567790985107,156914
5.7790467739105225,156914
5.779515266418457,156914
5.779994487762451,156914
5.780467510223389,156914
5.780945062637329,156914
5.781418561935425,156914
5.781888246536255,156914
5.7823646068573,156914
5.782832622528076,156914
5.783310890197754,156914
5.783780336380005,156914
5.784273147583008,156914
5.784746408462524,156914
5.785226821899414,156914
5.7856972217559814,156914
5.786178827285767,156914
5.7866480350494385,156914
5.787127733230591,156914
5.787599325180054,156914
5.788076162338257,156914
5.788544654846191,156914
5.789023399353027,156914
5.789492607116699,156914
5.789969444274902,156914
5.7904417514801025,156914
5.790915250778198,156914
5.791386604309082,156914
5.791857719421387,156914
5.7923338413238525,156914
5.792803049087524,156914
5.793284177780151,156914
5.793757677078247,156914
5.794246673583984,156914
5.794719457626343,156914
5.795199871063232,156914
5.795670509338379,156914
5.79615044593811,156914
5.796620607376099,156914
5.797098875045776,156914
5.797571182250977,156914
5.79808783531189,156914
5.7985615730285645,156914
5.799040794372559,156914
5.799510955810547,156914
5.799988746643066,156914
5.800462007522583,156914
5.800938606262207,156914
5.8014092445373535,156914
5.801881790161133,156914
5.8023600578308105,156914
5.80282998085022,156914
5.8033082485198975,156914
5.803778409957886,156914
5.804270505905151,156914
5.804886817932129,156914
5.805720329284668,156914
5.80657696723938,156914
5.807431697845459,156914
5.808285713195801,156914
5.809140205383301,156914
5.810000419616699,156914
5.8108673095703125,156914
5.8117194175720215,156914
5.812594175338745,156914
5.813435077667236,156914
5.814292669296265,156914
5.815138101577759,156914
5.81598424911499,156914
5.816822052001953,156914
5.817672252655029,156914
5.8185203075408936,156914
5.819367408752441,156914
5.820214748382568,156914
5.821061611175537,156914
5.821901559829712,156914
5.822750568389893,156914
5.823596000671387,156914
5.824447393417358,156914
5.8252949714660645,156914
5.826137542724609,156914
5.826983690261841,156914
5.827822208404541,156914
5.8286638259887695,156914
5.829514503479004,156914
5.830358266830444,156914
5.83120322227478,156914
5.8320558071136475,156914
5.832892179489136,156914
5.83373498916626,156914
5.83459210395813,156914
5.83543848991394,156914
5.836294889450073,156914
5.83714747428894,156914
5.838003873825073,156914
5.838841676712036,156914
5.839701414108276,156914
5.84055757522583,156914
5.841412544250488,156914
5.842266321182251,156914
5.843124628067017,156914
5.843990802764893,156914
5.844835996627808,156914
5.845698118209839,156914
5.846552133560181,156914
5.847408294677734,156914
5.848262310028076,156914
5.84911322593689,156914
5.849967002868652,156914
5.850809574127197,156914
5.85166335105896,156914
5.852516174316406,156914
5.8533689975738525,156914
5.854233026504517,156914
5.855091571807861,156914
5.85594630241394,156914
5.856806993484497,156914
5.8576576709747314,156914
5.858506202697754,156914
5.859358072280884,156914
5.860210180282593,156914
5.861059188842773,156914
5.8619303703308105,156914
5.862808465957642,156914
5.863694906234741,156914
5.864587068557739,156914
5.8654725551605225,156914
5.866358041763306,156914
5.867239713668823,156914
5.868124961853027,156914
5.868984222412109,156914
5.869832992553711,156914
5.870687961578369,156914
5.871542692184448,156914
5.872399568557739,156914
5.873256683349609,156914
5.874125957489014,156914
5.874974966049194,156914
5.875820159912109,156914
5.8766703605651855,156914
5.877518653869629,156914
5.878373146057129,156914
5.87923002243042,156914
5.880085706710815,156914
5.8809404373168945,156914
5.8817877769470215,156914
5.882638216018677,156914
5.8834919929504395,156914
5.8843560218811035,156914
5.885210990905762,156914
5.886067152023315,156914
5.88692307472229,156914
5.887772083282471,156914
5.888628244400024,156914
5.8894877433776855,156914
5.890344858169556,156914
5.891195774078369,156914
5.892049312591553,156914
5.892890691757202,156914
5.893738508224487,156914
5.894601106643677,156914
5.895451307296753,156914
5.896299839019775,156914
5.897146224975586,156914
5.897995471954346,156914
5.89883279800415,156914
5.89968204498291,156914
5.900528192520142,156914
5.901376485824585,156914
5.902221202850342,156914
5.903064727783203,156914
5.903899908065796,156914
5.9047532081604,156914
5.905596494674683,156914
5.906442403793335,156914
5.907291889190674,156914
5.90813684463501,156914
5.908980131149292,156914
5.909811973571777,156914
5.910658121109009,156914
5.9115073680877686,156914
5.912351608276367,156914
5.913197994232178,156914
5.91405463218689,156914
5.9148924350738525,156914
5.915740728378296,156914
5.916592597961426,156914
5.917442083358765,156914
5.918298006057739,156914
5.919151067733765,156914
5.920006990432739,156914
5.920847177505493,156914
5.921705722808838,156914
5.922560691833496,156914
5.923417091369629,156914
5.924282073974609,156914
5.925142526626587,156914
5.926001310348511,156914
5.926840782165527,156914
5.92769455909729,156914
5.9285478591918945,156914
5.929402589797974,156914
5.9302589893341064,156914
5.931112766265869,156914
5.931967258453369,156914
5.932821750640869,156914
5.933673143386841,156914
5.934539794921875,156914
5.9354026317596436,156914
5.936251401901245,156914
5.937108993530273,156914
5.937950372695923,156914
5.938809156417847,156914
5.93966269493103,156914
5.940512418746948,156914
5.941365957260132,156914
5.942217111587524,156914
5.94306755065918,156914
5.9439427852630615,156914
5.944822549819946,156914
5.945709705352783,156914
5.946596145629883,156914
5.947483062744141,156914
5.9483726024627686,156914
5.949256420135498,156914
5.95013952255249,156914
5.950998783111572,156914
5.951846361160278,156914
5.952700853347778,156914
5.9535558223724365,156914
5.954418420791626,156914
5.955273628234863,156914
5.956132888793945,156914
5.956986427307129,156914
5.957833766937256,156914
5.9586896896362305,156914
5.959536790847778,156914
5.960387468338013,156914
5.961243152618408,156914
5.962099313735962,156914
5.962952613830566,156914
5.963798999786377,156914
5.964660406112671,156914
5.965516090393066,156914
5.966373443603516,156914
5.967227935791016,156914
5.968085527420044,156914
5.96894097328186,156914
5.969791889190674,156914
5.970648527145386,156914
5.971505880355835,156914
5.972361326217651,156914
5.973211765289307,156914
5.9740753173828125,156914
5.974929094314575,156914
5.9757750034332275,156914
5.976633071899414,156914
5.977489709854126,156914
5.9783406257629395,156914
5.97918701171875,156914
5.980033874511719,156914
5.980872392654419,156914
5.98171854019165,156914
5.982563257217407,156914
5.9834136962890625,156914
5.984267711639404,156914
5.985110759735107,156914
5.985957860946655,156914
5.986796855926514,156914
5.987645387649536,156914
5.988486051559448,156914
5.989335060119629,156914
5.990179777145386,156914
5.9910314083099365,156914
5.991866588592529,156914
5.9927098751068115,156914
5.9935595989227295,156914
5.9944140911102295,156914
5.9952616691589355,156914
5.9961097240448,156914
5.996960401535034,156914
5.997802734375,156914
5.998653411865234,156914
5.999507188796997,156914
6.000361919403076,156914
6.001215696334839,156914
6.002068519592285,156914
6.002922773361206,156914
6.003766775131226,156914
6.004637002944946,156914
6.005495071411133,156914
6.006352424621582,156914
6.007208347320557,156914
6.00806450843811,156914
6.008918523788452,156914
6.009769678115845,156914
6.010625600814819,156914
6.011477708816528,156914
6.012332916259766,156914
6.013185501098633,156914
6.014056444168091,156914
6.014910936355591,156914
6.015760898590088,156914
6.016618251800537,156914
6.017470121383667,156914
6.018329381942749,156914
6.019176006317139,156914
6.020030498504639,156914
6.020892381668091,156914
6.021744966506958,156914
6.022600889205933,156914
6.023452281951904,156914
6.02431845664978,156914
6.025171995162964,156914
6.026026487350464,156914
6.0268943309783936,156914
6.027783155441284,156914
6.028670310974121,156914
6.029556512832642,156914
6.030443429946899,156914
6.0313310623168945,156914
6.032214164733887,156914
6.033103942871094,156914
6.0339696407318115,156914
6.034818410873413,156914
6.035678386688232,156914
6.036535024642944,156914
6.03739333152771,156914
6.038247346878052,156914
6.0391106605529785,156914
6.039968729019165,156914
6.040813207626343,156914
6.0416669845581055,156914
6.0425214767456055,156914
6.043380498886108,156914
6.044245958328247,156914
6.045102834701538,156914
6.045963764190674,156914
6.046808481216431,156914
6.047669887542725,156914
6.048527002334595,156914
6.049384832382202,156914
6.050243377685547,156914
6.051101922988892,156914
6.0519585609436035,156914
6.052808523178101,156914
6.053666591644287,156914
6.054535388946533,156914
6.055393218994141,156914
6.056245803833008,156914
6.057097911834717,156914
6.057952880859375,156914
6.058798789978027,156914
6.0596513748168945,156914
6.060502529144287,156914
6.0613532066345215,156914
6.062201738357544,156914
6.063052654266357,156914
6.063891172409058,156914
6.064742088317871,156914
6.065591335296631,156914
6.066442966461182,156914
6.067285060882568,156914
6.068129539489746,156914
6.068979740142822,156914
6.069819211959839,156914
6.07066535949707,156914
6.071516752243042,156914
6.0723652839660645,156914
6.073209285736084,156914
6.074069976806641,156914
6.074912071228027,156914
6.075753211975098,156914
6.076601266860962,156914
6.077448844909668,156914
6.078298330307007,156914
6.079145431518555,156914
6.0799946784973145,156914
6.08083701133728,156914
6.081687688827515,156914
6.08254337310791,156914
6.083401679992676,156914
6.084265470504761,156914
6.085115909576416,156914
6.08597207069397,156914
6.086816310882568,156914
6.08767294883728,156914
6.088534593582153,156914
6.08939266204834,156914
6.090251207351685,156914
6.091107606887817,156914
6.091967821121216,156914
6.09281849861145,156914
6.093675136566162,156914
6.094539165496826,156914
6.095398664474487,156914
6.0962536334991455,156914
6.097111225128174,156914
6.097963809967041,156914
6.098813772201538,156914
6.0996668338775635,156914
6.100517749786377,156914
6.101376533508301,156914
6.1022303104400635,156914
6.1030871868133545,156914
6.1039464473724365,156914
6.104814767837524,156914
6.105664968490601,156914
6.106515169143677,156914
6.1073668003082275,156914
6.108221769332886,156914
6.109073638916016,156914
6.109949111938477,156914
6.110828876495361,156914
6.111717700958252,156914
6.112605571746826,156914
6.113494634628296,156914
6.114393472671509,156914
6.115280866622925,156914
6.11616849899292,156914
6.117027044296265,156914
6.117879152297974,156914
6.118734359741211,156914
6.11958909034729,156914
6.120447874069214,156914
6.1213037967681885,156914
6.122161865234375,156914
6.123015642166138,156914
6.123860597610474,156914
6.124723196029663,156914
6.125576972961426,156914
6.1264283657073975,156914
6.12728476524353,156914
6.1281397342681885,156914
6.1289966106414795,156914
6.129840850830078,156914
6.130694389343262,156914
6.131550312042236,156914
6.132408618927002,156914
6.133268594741821,156914
6.13413405418396,156914
6.134988784790039,156914
6.135840654373169,156914
6.13669753074646,156914
6.137557029724121,156914
6.138415098190308,156914
6.1392762660980225,156914
6.140132904052734,156914
6.140985488891602,156914
6.141832113265991,156914
6.142685413360596,156914
6.143540620803833,156914
6.144399881362915,156914
6.14525032043457,156914
6.146098375320435,156914
6.14694356918335,156914
6.147789001464844,156914
6.14863657951355,156914
6.149486541748047,156914
6.1503355503082275,156914
6.151176452636719,156914
6.152023077011108,156914
6.152857542037964,156914
6.153702735900879,156914
6.154551982879639,156914
6.155399560928345,156914
6.156245946884155,156914
6.157092809677124,156914
6.1579320430755615,156914
6.158771514892578,156914
6.1596221923828125,156914
6.160465955734253,156914
6.161315441131592,156914
6.162164688110352,156914
6.163017749786377,156914
6.163854598999023,156914
6.164710521697998,156914
6.165563106536865,156914
6.1664135456085205,156914
6.16726541519165,156914
6.168122053146362,156914
6.168976306915283,156914
6.169820785522461,156914
6.170682668685913,156914
6.171539783477783,156914
6.172399520874023,156914
6.1732587814331055,156914
6.17412805557251,156914
6.174986124038696,156914
6.175831317901611,156914
6.176692247390747,156914
6.177548408508301,156914
6.178405284881592,156914
6.179263114929199,156914
6.180120468139648,156914
6.180975437164307,156914
6.181819677352905,156914
6.182672023773193,156914
6.183531045913696,156914
6.1844000816345215,156914
6.185251235961914,156914
6.186105966567993,156914
6.186962366104126,156914
6.187824964523315,156914
6.188676834106445,156914
6.189532518386841,156914
6.190389394760132,156914
6.191242694854736,156914
6.1920998096466064,156914
6.192974090576172,156914
6.193853378295898,156914
6.19474983215332,156914
6.1956377029418945,156914
6.196528196334839,156914
6.197418451309204,156914
6.198310136795044,156914
6.199195384979248,156914
6.200085639953613,156914
6.200940370559692,156914
6.201786994934082,156914
6.202644109725952,156914
6.203497648239136,156914
6.204365253448486,156914
6.205222129821777,156914
6.206071376800537,156914
6.206923007965088,156914
6.207770586013794,156914
6.208625793457031,156914
6.209476709365845,156914
6.210330247879028,156914
6.211183547973633,156914
6.212043285369873,156914
6.212893486022949,156914
6.213747501373291,156914
6.214612007141113,156914
6.215469121932983,156914
6.216329097747803,156914
6.2171852588653564,156914
6.218050241470337,156914
6.2189013957977295,156914
6.219760179519653,156914
6.220618724822998,156914
6.2214741706848145,156914
6.222333669662476,156914
6.223189830780029,156914
6.224056959152222,156914
6.224899530410767,156914
6.225752115249634,156914
6.226603031158447,156914
6.227449655532837,156914
6.228301048278809,156914
6.229146480560303,156914
6.229997873306274,156914
6.230839490890503,156914
6.231686115264893,156914
6.23253321647644,156914
6.233386039733887,156914
6.234241485595703,156914
6.235088109970093,156914
6.235936403274536,156914
6.236774682998657,156914
6.237621068954468,156914
6.238464593887329,156914
6.2393105030059814,156914
6.240153551101685,156914
6.241004943847656,156914
6.241841793060303,156914
6.242686986923218,156914
6.243538856506348,156914
6.24439001083374,156914
6.245242118835449,156914
6.246088981628418,156914
6.246932029724121,156914
6.247776031494141,156914
6.248627424240112,156914
6.249481916427612,156914
6.2503392696380615,156914
6.251192331314087,156914
6.2520482540130615,156914
6.252895355224609,156914
6.253754377365112,156914
6.254622936248779,156914
6.255480766296387,156914
6.256335496902466,156914
6.257195949554443,156914
6.258052110671997,156914
6.258902549743652,156914
6.259758710861206,156914
6.260615110397339,156914
6.261469125747681,156914
6.262326717376709,156914
6.263183116912842,156914
6.264051198959351,156914
6.264892339706421,156914
6.265746831893921,156914
6.266597509384155,156914
6.267456531524658,156914
6.26830792427063,156914
6.269161701202393,156914
6.270019292831421,156914
6.270874738693237,156914
6.271727561950684,156914
6.272580146789551,156914
6.273433208465576,156914
6.274296760559082,156914
6.2751500606536865,156914
6.276006460189819,156914
6.2768778800964355,156914
6.277766466140747,156914
6.278652906417847,156914
6.279541492462158,156914
6.280426979064941,156914
6.281313180923462,156914
6.282202243804932,156914
6.283090353012085,156914
6.283954858779907,156914
6.284807443618774,156914
6.285664796829224,156914
6.2865235805511475,156914
6.2873852252960205,156914
6.288239240646362,156914
6.2890989780426025,156914
6.289948463439941,156914
6.2907938957214355,156914
6.291649103164673,156914
6.292505264282227,156914
6.293354511260986,156914
6.294215679168701,156914
6.295074701309204,156914
6.295928955078125,156914
6.296777248382568,156914
6.297632455825806,156914
6.298490524291992,156914
6.29935097694397,156914
6.300207853317261,156914
6.3010663986206055,156914
6.301924467086792,156914
6.30277681350708,156914
6.303630352020264,156914
6.304495096206665,156914
6.30535626411438,156914
6.30620551109314,156914
6.30706000328064,156914
6.307912111282349,156914
6.30876088142395,156914
6.309612512588501,156914
6.310470104217529,156914
6.311319589614868,156914
6.312168598175049,156914
6.313016891479492,156914
6.313857078552246,156914
6.314711570739746,156914
6.315559148788452,156914
6.316409587860107,156914
6.317256689071655,156914
6.318105220794678,156914
6.318952322006226,156914
6.319790840148926,156914
6.320635795593262,156914
6.3214805126190186,156914
6.322326898574829,156914
6.3231751918792725,156914
6.324032545089722,156914
6.324871063232422,156914
6.325717449188232,156914
6.32655930519104,156914
6.327407360076904,156914
6.328258991241455,156914
6.329105377197266,156914
6.329948425292969,156914
6.330788612365723,156914
6.331637620925903,156914
6.332499980926514,156914
6.333348751068115,156914
6.334210157394409,156914
6.335067987442017,156914
6.335920095443726,156914
6.336764097213745,156914
6.337625503540039,156914
6.338487148284912,156914
6.339342832565308,156914
6.34020209312439,156914
6.341062068939209,156914
6.3419153690338135,156914
6.342767953872681,156914
6.343622207641602,156914
6.344490051269531,156914
6.345346689224243,156914
6.346205949783325,156914
6.347059488296509,156914
6.347912311553955,156914
6.3487653732299805,156914
6.349618673324585,156914
6.350474834442139,156914
6.351330280303955,156914
6.352184534072876,156914
6.353046655654907,156914
6.3539183139801025,156914
6.354771137237549,156914
6.355622053146362,156914
6.356481075286865,156914
6.35733437538147,156914
6.358186721801758,156914
6.3590407371521,156914
6.359912872314453,156914
6.360793590545654,156914
6.361682653427124,156914
6.362568616867065,156914
6.363455295562744,156914
6.364352703094482,156914
6.365238428115845,156914
6.366122722625732,156914
6.3669822216033936,156914
6.3678319454193115,156914
6.368690490722656,156914
6.3695502281188965,156914
6.370406150817871,156914
6.371263742446899,156914
6.372124433517456,156914
6.372978210449219,156914
6.3738250732421875,156914
6.3746936321258545,156914
6.3755433559417725,156914
6.376396656036377,156914
6.377254247665405,156914
6.378105878829956,156914
6.37895941734314,156914
6.379808664321899,156914
6.38066554069519,156914
6.381521224975586,156914
6.382379531860352,156914
6.383235454559326,156914
6.3841023445129395,156914
6.384963035583496,156914
6.3858113288879395,156914
6.386672258377075,156914
6.387532472610474,156914
6.388389348983765,156914
6.389238595962524,156914
6.390093803405762,156914
6.390948534011841,156914
6.391798496246338,156914
6.392650127410889,156914
6.393503904342651,156914
6.394365310668945,156914
6.3952131271362305,156914
6.396061897277832,156914
6.396910190582275,156914
6.397752523422241,156914
6.398600816726685,156914
6.399450778961182,156914
6.400298833847046,156914
6.401139497756958,156914
6.401989936828613,156914
6.4028308391571045,156914
6.403672456741333,156914
6.404531240463257,156914
6.405376672744751,156914
6.406219244003296,156914
6.407065391540527,156914
6.407902479171753,156914
6.408745527267456,156914
6.409594774246216,156914
6.410444974899292,156914
6.411289930343628,156914
6.412134170532227,156914
6.412984132766724,156914
6.413824081420898,156914
6.4146857261657715,156914
6.415537595748901,156914
6.416387557983398,156914
6.417243003845215,156914
6.4180991649627686,156914
6.418946743011475,156914
6.419795513153076,156914
6.420653820037842,156914
6.421510934829712,156914
6.422369480133057,156914
6.423223257064819,156914
6.424092054367065,156914
6.424950122833252,156914
6.425800085067749,156914
6.426656484603882,156914
6.427510976791382,156914
6.42836856842041,156914
6.429222345352173,156914
6.430080890655518,156914
6.430935859680176,156914
6.4317872524261475,156914
6.4326441287994385,156914
6.433502674102783,156914
6.434366226196289,156914
6.435223579406738,156914
6.436087369918823,156914
6.436929941177368,156914
6.437792062759399,156914
6.438647985458374,156914
6.439500570297241,156914
6.440353870391846,156914
6.441210985183716,156914
6.44206976890564,156914
6.442944288253784,156914
6.443826198577881,156914
6.444721698760986,156914
6.445608139038086,156914
6.446499347686768,156914
6.4473865032196045,156914
6.448274374008179,156914
6.449165105819702,156914
6.450022459030151,156914
6.45086932182312,156914
6.4517223834991455,156914
6.452578544616699,156914
6.453432559967041,156914
6.4543046951293945,156914
6.455160856246948,156914
6.4560160636901855,156914
6.456869840621948,156914
6.457719326019287,156914
6.458576202392578,156914
6.459430456161499,156914
6.460284471511841,156914
6.461134910583496,156914
6.461992979049683,156914
6.462841510772705,156914
6.46369743347168,156914
6.464562177658081,156914
6.465417146682739,156914
6.466277837753296,156914
6.467135906219482,156914
6.467992782592773,156914
6.468843698501587,156914
6.469700574874878,156914
6.470556974411011,156914
6.47141432762146,156914
6.472272634506226,156914
6.473123550415039,156914
6.473987102508545,156914
6.474836349487305,156914
6.475688934326172,156914
6.476539850234985,156914
6.477389097213745,156914
6.478237867355347,156914
6.479084253311157,156914
6.479931354522705,156914
6.4807727336883545,156914
6.481618165969849,156914
6.482468605041504,156914
6.483314514160156,156914
6.484171390533447,156914
6.485019683837891,156914
6.485858201980591,156914
6.486703157424927,156914
6.4875524044036865,156914
6.488395690917969,156914
6.489243268966675,156914
6.490095138549805,156914
6.490936994552612,156914
6.491775989532471,156914
6.492624521255493,156914
6.493475914001465,156914
6.494328022003174,156914
6.495180606842041,156914
6.496026992797852,156914
6.496864318847656,156914
6.497714281082153,156914
6.498566150665283,156914
6.49941611289978,156914
6.500271320343018,156914
6.5011231899261475,156914
6.501979827880859,156914
6.502825498580933,156914
6.503684043884277,156914
6.504549264907837,156914
6.505411148071289,156914
6.506271123886108,156914
6.5071282386779785,156914
6.507985830307007,156914
6.5088348388671875,156914
6.509692907333374,156914
6.510548114776611,156914
6.511401653289795,156914
6.51226019859314,156914
6.513117551803589,156914
6.513984441757202,156914
6.514828443527222,156914
6.515680313110352,156914
6.516535758972168,156914
6.517395257949829,156914
6.518246412277222,156914
6.519101619720459,156914
6.5199525356292725,156914
6.520815134048462,156914
6.5216639041900635,156914
6.522515773773193,156914
6.523368835449219,156914
6.524228572845459,156914
6.525084972381592,156914
6.525963544845581,156914
6.526844024658203,156914
6.527731657028198,156914
6.52862024307251,156914
6.529504776000977,156914
6.530393123626709,156914
6.531283855438232,156914
6.532167673110962,156914
6.533024072647095,156914
6.533873796463013,156914
6.534733533859253,156914
6.535592555999756,156914
6.536453485488892,156914
6.537309885025024,156914
6.538164138793945,156914
6.539019346237183,156914
6.539863586425781,156914
6.540715456008911,156914
6.54156756401062,156914
6.542421817779541,156914
6.543281555175781,156914
6.5441508293151855,156914
6.545003652572632,156914
6.5458502769470215,156914
6.546701431274414,156914
6.547558307647705,156914
6.548413991928101,156914
6.549274444580078,156914
6.550131320953369,156914
6.5509912967681885,156914
6.551841974258423,156914
6.552701950073242,156914
6.553561210632324,156914
6.554428577423096,156914
6.555287599563599,156914
6.556142091751099,156914
6.556996822357178,156914
6.557839870452881,156914
6.558692932128906,156914
6.55954909324646,156914
6.560396432876587,156914
6.5612473487854,156914
6.562096357345581,156914
6.562944173812866,156914
6.5637829303741455,156914
6.5646398067474365,156914
6.5654895305633545,156914
6.5663347244262695,156914
6.567181587219238,156914
6.56802225112915,156914
6.568860292434692,156914
6.569705247879028,156914
6.570547580718994,156914
6.571394681930542,156914
6.572240114212036,156914
6.5730884075164795,156914
6.573941707611084,156914
6.574782133102417,156914
6.5756306648254395,156914
6.5764758586883545,156914
6.577323913574219,156914
6.5781731605529785,156914
6.579023838043213,156914
6.579861640930176,156914
6.5807106494903564,156914
6.581564903259277,156914
6.5824174880981445,156914
6.583266258239746,156914
6.584130048751831,156914
6.584985733032227,156914
6.5858354568481445,156914
6.586692571640015,156914
6.587549209594727,156914
6.5884106159210205,156914
6.5892698764801025,156914
6.590127229690552,156914
6.590986251831055,156914
6.5918354988098145,156914
6.592696189880371,156914
6.593549489974976,156914
6.594415664672852,156914
6.59527063369751,156914
6.596127033233643,156914
6.59698486328125,156914
6.597831964492798,156914
6.598682165145874,156914
6.599539756774902,156914
6.600394010543823,156914
6.601250886917114,156914
6.602102041244507,156914
6.602961301803589,156914
6.6038267612457275,156914
6.604686260223389,156914
6.605540990829468,156914
6.606394290924072,156914
6.607246398925781,156914
6.608100414276123,156914
6.608979225158691,156914
6.609858751296997,156914
6.610747337341309,156914
6.611633062362671,156914
6.612520933151245,156914
6.613408803939819,156914
6.614305257797241,156914
6.615189790725708,156914
6.616081476211548,156914
6.616938352584839,156914
6.617780923843384,156914
6.618636608123779,156914
6.619494438171387,156914
6.6203529834747314,156914
6.621214866638184,156914
6.622067451477051,156914
6.622917652130127,156914
6.623764991760254,156914
6.624623775482178,156914
6.6254799365997314,156914
6.626335382461548,156914
6.627187490463257,156914
6.6280457973480225,156914
6.628893852233887,156914
6.62974739074707,156914
6.630601644515991,156914
6.6314592361450195,156914
6.632317543029785,156914
6.633176803588867,156914
6.6340460777282715,156914
6.634897470474243,156914
6.635754346847534,156914
6.636611700057983,156914
6.6374733448028564,156914
6.638333559036255,156914
6.639185428619385,156914
6.640040397644043,156914
6.640882968902588,156914
6.641740560531616,156914
6.642592430114746,156914
6.643441677093506,156914
6.6442975997924805,156914
6.645143747329712,156914
6.64599347114563,156914
6.6468329429626465,156914
6.647679805755615,156914
6.648529529571533,156914
6.649376630783081,156914
6.650223016738892,156914
6.651069164276123,156914
6.651913404464722,156914
6.652751922607422,156914
6.6535964012146,156914
6.654454231262207,156914
6.655306100845337,156914
6.656148672103882,156914
6.656996488571167,156914
6.657833576202393,156914
6.658674716949463,156914
6.659526109695435,156914
6.660377740859985,156914
6.661223649978638,156914
6.662074327468872,156914
6.662916898727417,156914
6.663760662078857,156914
6.664621591567993,156914
6.665471315383911,156914
6.666323661804199,156914
6.6671717166900635,156914
6.668030023574829,156914
6.668875217437744,156914
6.669732093811035,156914
6.670588731765747,156914
6.671447992324829,156914
6.672307252883911,156914
6.673163890838623,156914
6.674029588699341,156914
6.674880743026733,156914
6.6757378578186035,156914
6.6765947341918945,156914
6.677449703216553,156914
6.678306579589844,156914
6.679159164428711,156914
6.680014610290527,156914
6.6808717250823975,156914
6.681715250015259,156914
6.682567834854126,156914
6.683426856994629,156914
6.68428897857666,156914
6.685145616531372,156914
6.685999393463135,156914
6.686861515045166,156914
6.687719345092773,156914
6.688575744628906,156914
6.689431428909302,156914
6.690284252166748,156914
6.691138029098511,156914
6.6919944286346436,156914
6.692861557006836,156914
6.693748474121094,156914
6.694647312164307,156914
6.69553804397583,156914
6.696422815322876,156914
6.6973066329956055,156914
6.69819712638855,156914
6.69908595085144,156914
6.699941635131836,156914
6.700793504714966,156914
6.701645135879517,156914
6.702503442764282,156914
6.7033610343933105,156914
6.7042248249053955,156914
6.705073833465576,156914
6.7059266567230225,156914
6.70677375793457,156914
6.707621812820435,156914
6.7084784507751465,156914
6.709326505661011,156914
6.71017861366272,156914
6.711036205291748,156914
6.711883544921875,156914
6.712738513946533,156914
6.713595628738403,156914
6.714457273483276,156914
6.715315818786621,156914
6.716174125671387,156914
6.717034101486206,156914
6.71788477897644,156914
6.718745470046997,156914
6.719602346420288,156914
6.7204601764678955,156914
6.72131872177124,156914
6.722172737121582,156914
6.72302770614624,156914
6.723875045776367,156914
6.724736213684082,156914
6.72559118270874,156914
6.726438045501709,156914
6.727285146713257,156914
6.728132486343384,156914
6.728980541229248,156914
6.729821681976318,156914
6.730669260025024,156914
6.731516599655151,156914
6.73236608505249,156914
6.733210563659668,156914
6.734070539474487,156914
6.734903573989868,156914
6.735747575759888,156914
6.736606597900391,156914
6.737442493438721,156914
6.738483667373657,156914
6.739345550537109,156914
6.740200042724609,156914
6.741058826446533,156914
6.741912841796875,156914
6.742762088775635,156914
6.74361777305603,156914
6.744485378265381,156914
6.745343208312988,156914
6.7461957931518555,156914
6.747050523757935,156914
6.74789571762085,156914
6.748750448226929,156914
6.749603986740112,156914
6.750463962554932,156914
6.751316547393799,156914
6.752172470092773,156914
6.753031015396118,156914
6.753883123397827,156914
6.754741430282593,156914
6.7555928230285645,156914
6.7564451694488525,156914
6.75730299949646,156914
6.758154392242432,156914
6.759013891220093,156914
6.759882926940918,156914
6.760770559310913,156914
6.761658191680908,156914
6.76254415512085,156914
6.763433218002319,156914
6.76432991027832,156914
6.765217542648315,156914
6.766105890274048,156914
6.7669665813446045,156914
6.767817258834839,156914
6.768673896789551,156914
6.769529104232788,156914
6.770386219024658,156914
6.771240472793579,156914
6.772099733352661,156914
6.772954940795898,156914
6.77380108833313,156914
6.7746617794036865,156914
6.7755115032196045,156914
6.7763659954071045,156914
6.777218580245972,156914
6.778083324432373,156914
6.778924226760864,156914
6.779770135879517,156914
6.780622959136963,156914
6.781472206115723,156914
6.782323598861694,156914
6.783179759979248,156914
6.784043312072754,156914
6.784892559051514,156914
6.785747766494751,156914
6.786602735519409,156914
6.787457466125488,156914
6.788314580917358,156914
6.789171457290649,156914
6.790030479431152,156914
6.790879249572754,156914
6.791738271713257,156914
6.79259467124939,156914
6.793455123901367,156914
6.79432225227356,156914
6.795173645019531,156914
6.796029090881348,156914
6.796876430511475,156914
6.797732353210449,156914
6.7985899448394775,156914
6.799439907073975,156914
6.8002893924713135,156914
6.801137447357178,156914
6.801984786987305,156914
6.802823543548584,156914
6.803671598434448,156914
6.804527759552002,156914
6.805378675460815,156914
6.806225061416626,156914
6.807074546813965,156914
6.807915925979614,156914
6.808757781982422,156914
6.809601068496704,156914
6.8104469776153564,156914
6.8112969398498535,156914
6.812138319015503,156914
6.8129801750183105,156914
6.813819408416748,156914
6.81467080116272,156914
6.815521955490112,156914
6.816364765167236,156914
6.8172125816345215,156914
6.818061590194702,156914
6.818900108337402,156914
6.819746017456055,156914
6.820598125457764,156914
6.8214521408081055,156914
6.822304964065552,156914
6.823157548904419,156914
6.824028968811035,156914
6.824867010116577,156914
6.82572340965271,156914
6.826577425003052,156914
6.827435731887817,156914
6.828292369842529,156914
6.82914924621582,156914
6.830011606216431,156914
6.830861806869507,156914
6.831720590591431,156914
6.832573175430298,156914
6.833431243896484,156914
6.834296703338623,156914
6.835150957107544,156914
6.836009979248047,156914
6.836856126785278,156914
6.837713003158569,156914
6.8385725021362305,156914
6.839429616928101,156914
6.840284824371338,156914
6.841140270233154,156914
6.8419952392578125,156914
6.8428590297698975,156914
6.843710660934448,156914
6.844573974609375,156914
6.8454225063323975,156914
6.846275568008423,156914
6.847129583358765,156914
6.848004579544067,156914
6.848883152008057,156914
6.849768161773682,156914
6.8506550788879395,156914
6.851542711257935,156914
6.852432489395142,156914
6.853320360183716,156914
6.8542163372039795,156914
6.8551061153411865,156914
6.855965614318848,156914
6.856815814971924,156914
6.857672214508057,156914
6.858530044555664,156914
6.859383821487427,156914
6.860239744186401,156914
6.86109471321106,156914
6.86194109916687,156914
6.862791299819946,156914
6.863645315170288,156914
6.864508390426636,156914
6.86536717414856,156914
6.866225719451904,156914
6.867080450057983,156914
6.8679351806640625,156914
6.868780612945557,156914
6.869636297225952,156914
6.870492696762085,156914
6.871347665786743,156914
6.87220573425293,156914
6.873068332672119,156914
6.873929262161255,156914
6.874780654907227,156914
6.875641345977783,156914
6.876501798629761,156914
6.8773603439331055,156914
6.878209829330444,156914
6.879062175750732,156914
6.879913330078125,156914
6.880760908126831,156914
6.881612539291382,156914
6.882468938827515,156914
6.883323431015015,156914
6.8841774463653564,156914
6.885025978088379,156914
6.8858678340911865,156914
6.886713743209839,156914
6.887563467025757,156914
6.888410329818726,156914
6.889255046844482,156914
6.890103340148926,156914
6.8909478187561035,156914
6.89178204536438,156914
6.8926286697387695,156914
6.893474817276001,156914
6.8943328857421875,156914
6.895177602767944,156914
6.896027326583862,156914
6.896864175796509,156914
6.897712230682373,156914
6.8985655307769775,156914
6.899411916732788,156914
6.9002602100372314,156914
6.901108741760254,156914
6.901953935623169,156914
6.902793884277344,156914
6.9036476612091064,156914
6.904511213302612,156914
6.905364751815796,156914
6.906217098236084,156914
6.907076120376587,156914
6.9079270362854,156914
6.908774137496948,156914
6.909631013870239,156914
6.910486698150635,156914
6.911344528198242,156914
6.912200212478638,156914
6.91305947303772,156914
6.913922309875488,156914
6.914772987365723,156914
6.915630340576172,156914
6.916487693786621,156914
6.9173431396484375,156914
6.91819953918457,156914
6.919056415557861,156914
6.9199018478393555,156914
6.920758485794067,156914
6.9216148853302,156914
6.922466039657593,156914
6.9233293533325195,156914
6.924189329147339,156914
6.925055503845215,156914
6.925915241241455,156914
6.926764726638794,156914
6.927615404129028,156914
6.928467750549316,156914
6.929324626922607,156914
6.930169105529785,156914
6.931020259857178,156914
6.931889295578003,156914
6.9327757358551025,156914
6.9336652755737305,156914
6.934565782546997,156914
6.935456037521362,156914
6.936342239379883,156914
6.937230348587036,156914
6.938117265701294,156914
6.938974857330322,156914
6.939826488494873,156914
6.940685749053955,156914
6.941544771194458,156914
6.94240403175354,156914
6.943256139755249,156914
6.944126129150391,156914
6.944983243942261,156914
6.9458301067352295,156914
6.946681022644043,156914
6.947537899017334,156914
6.948385953903198,156914
6.949241638183594,156914
6.9501001834869385,156914
6.950953722000122,156914
6.951800346374512,156914
6.952657699584961,156914
6.9535133838653564,156914
6.954379558563232,156914
6.955236911773682,156914
6.956096410751343,156914
6.956950902938843,156914
6.957801103591919,156914
6.958659410476685,156914
6.959521770477295,156914
6.960379123687744,156914
6.96122932434082,156914
6.962083578109741,156914
6.962941408157349,156914
6.963787794113159,156914
6.964650869369507,156914
6.965503454208374,156914
6.966352462768555,156914
6.967200756072998,156914
6.968049049377441,156914
6.968888282775879,156914
6.96973729133606,156914
6.970585823059082,156914
6.971433401107788,156914
6.97228217124939,156914
6.973127365112305,156914
6.973983287811279,156914
6.974822521209717,156914
6.975667715072632,156914
6.97651219367981,156914
6.977357864379883,156914
6.978208303451538,156914
6.979052543640137,156914
6.97988748550415,156914
6.980733156204224,156914
6.981581687927246,156914
6.982431411743164,156914
6.983279228210449,156914
6.984131813049316,156914
6.9849853515625,156914
6.985826730728149,156914
6.986679315567017,156914
6.987536430358887,156914
6.988386631011963,156914
6.989242076873779,156914
6.990095138549805,156914
6.990948915481567,156914
6.99179482460022,156914
6.992650747299194,156914
6.993509769439697,156914
6.994380235671997,156914
6.995237350463867,156914
6.9960973262786865,156914
6.9969563484191895,156914
6.9978063106536865,156914
6.998661279678345,156914
6.999520540237427,156914
7.000376462936401,156914
7.001232147216797,156914
7.002088308334351,156914
7.002941370010376,156914
7.003791570663452,156914
7.004658460617065,156914
7.0055091381073,156914
7.006370306015015,156914
7.007221937179565,156914
7.008075475692749,156914
7.008923768997192,156914
7.009785413742065,156914
7.01064133644104,156914
7.011497259140015,156914
7.012349367141724,156914
7.013199090957642,156914
7.014061689376831,156914
7.0149383544921875,156914
7.015818119049072,156914
7.016706466674805,156914
7.0175933837890625,156914
7.018481731414795,156914
7.019370794296265,156914
7.020259618759155,156914
7.02114725112915,156914
7.022003889083862,156914
7.022855043411255,156914
7.0237085819244385,156914
7.024575471878052,156914
7.025432109832764,156914
7.026289224624634,156914
7.027148246765137,156914
7.028008222579956,156914
7.028852939605713,156914
7.02970552444458,156914
7.0305564403533936,156914
7.031408071517944,156914
7.032268285751343,156914
7.03311824798584,156914
7.033982992172241,156914
7.034832715988159,156914
7.035688638687134,156914
7.036545753479004,156914
7.037400245666504,156914
7.038264274597168,156914
7.039144515991211,156914
7.0400402545928955,156914
7.0409252643585205,156914
7.041805028915405,156914
7.042695760726929,156914
7.043583631515503,156914
7.044473886489868,156914
7.045362710952759,156914
7.046247959136963,156914
7.047136068344116,156914
7.0480265617370605,156914
7.048914670944214,156914
7.049792051315308,156914
7.050683975219727,156914
7.051571369171143,156914
7.052456617355347,156914
7.053349256515503,156914
7.054244041442871,156914
7.055128812789917,156914
7.056018114089966,156914
7.05689811706543,156914
7.05778169631958,156914
7.058669090270996,156914
7.059557914733887,156914
7.06044602394104,156914
7.061334609985352,156914
7.062221527099609,156914
7.063109397888184,156914
7.064008951187134,156914
7.06488823890686,156914
7.0657758712768555,156914
7.066662549972534,156914
7.067551851272583,156914
7.068441152572632,156914
7.069329738616943,156914
7.070216417312622,156914
7.071108818054199,156914
7.0719993114471436,156914
7.072879314422607,156914
7.073765516281128,156914
7.07466197013855,156914
7.075546503067017,156914
7.076434850692749,156914
7.077324151992798,156914
7.078210830688477,156914
7.079099178314209,156914
7.0799901485443115,156914
7.0808703899383545,156914
7.081759691238403,156914
7.082650899887085,156914
7.083540916442871,156914
7.08443808555603,156914
7.085328578948975,156914
7.086215496063232,156914
7.0871055126190186,156914
7.087993383407593,156914
7.088873386383057,156914
7.089759111404419,156914
7.090650320053101,156914
7.091536283493042,156914
7.092421054840088,156914
7.093308448791504,156914
7.094205617904663,156914
7.095092296600342,156914
7.0959858894348145,156914
7.096866130828857,156914
7.097752332687378,156914
7.098639249801636,156914
7.099523305892944,156914
7.100409746170044,156914
7.1013023853302,156914
7.102188587188721,156914
7.103076457977295,156914
7.103972673416138,156914
7.104851722717285,156914
7.105738878250122,156914
7.10662579536438,156914
7.107513904571533,156914
7.108400821685791,156914
7.1092915534973145,156914
7.110174894332886,156914
7.111065149307251,156914
7.111952066421509,156914
7.112830877304077,156914
7.113720655441284,156914
7.114619970321655,156914
7.115505218505859,156914
7.116390705108643,156914
7.117280721664429,156914
7.118163824081421,156914
7.119049787521362,156914
7.119936943054199,156914
7.12081503868103,156914
7.121701955795288,156914
7.122588634490967,156914
7.123476505279541,156914
7.124374866485596,156914
7.125264644622803,156914
7.1261513233184814,156914
7.127039194107056,156914
7.127925872802734,156914
7.1288065910339355,156914
7.129695177078247,156914
7.130582332611084,156914
7.131466865539551,156914
7.132354497909546,156914
7.133243560791016,156914
7.134136438369751,156914
7.135026693344116,156914
7.135916233062744,156914
7.13679838180542,156914
7.137686252593994,156914
7.138575553894043,156914
7.139461517333984,156914
7.140351295471191,156914
7.141240835189819,156914
7.142128944396973,156914
7.143014907836914,156914
7.143894672393799,156914
7.144787788391113,156914
7.145677089691162,156914
7.1465675830841064,156914
7.147455930709839,156914
7.1483447551727295,156914
7.1492321491241455,156914
7.150118589401245,156914
7.151007413864136,156914
7.151888608932495,156914
7.152772665023804,156914
7.153658390045166,156914
7.1545569896698,156914
7.155443429946899,156914
7.156330108642578,156914
7.157216548919678,156914
7.158105134963989,156914
7.158992290496826,156914
7.159875392913818,156914
7.160761117935181,156914
7.161646366119385,156914
7.162534475326538,156914
7.163423299789429,156914
7.164317846298218,156914
7.165207624435425,156914
7.166093349456787,156914
7.166984558105469,156914
7.167868614196777,156914
7.168755531311035,156914
7.169644594192505,156914
7.170532464981079,156914
7.171418905258179,156914
7.172306537628174,156914
7.173198223114014,156914
7.174095630645752,156914
7.17498254776001,156914
7.175866365432739,156914
7.176750898361206,156914
7.177634954452515,156914
7.17852520942688,156914
7.179411888122559,156914
7.18030047416687,156914
7.181190013885498,156914
7.182074785232544,156914
7.182962417602539,156914
7.183842182159424,156914
7.184734344482422,156914
7.185622453689575,156914
7.18651270866394,156914
7.187400817871094,156914
7.188288688659668,156914
7.189174652099609,156914
7.190061330795288,156914
7.190947771072388,156914
7.191831588745117,156914
7.192716836929321,156914
7.193602800369263,156914
7.19450306892395,156914
7.195389986038208,156914
7.196277141571045,156914
7.197167634963989,156914
7.198087692260742,156914
7.198924779891968,156914
7.199772357940674,156914
7.200660467147827,156914
7.201547145843506,156914
7.202436208724976,156914
7.203323125839233,156914
7.204218864440918,156914
7.2051098346710205,156914
7.2059972286224365,156914
7.206874132156372,156914
7.207763671875,156914
7.208649158477783,156914
7.209535598754883,156914
7.210421323776245,156914
7.211307764053345,156914
7.212190866470337,156914
7.2130842208862305,156914
7.21398138999939,156914
7.214860439300537,156914
7.215752363204956,156914
7.216636896133423,156914
7.2175209522247314,156914
7.218412160873413,156914
7.21929669380188,156914
7.220182180404663,156914
7.221072435379028,156914
7.221955299377441,156914
7.222836256027222,156914
7.223726034164429,156914
7.224620819091797,156914
7.2255072593688965,156914
7.2263970375061035,156914
7.227282285690308,156914
7.228169679641724,156914
7.229060411453247,156914
7.229946613311768,156914
7.230820894241333,156914
7.23170804977417,156914
7.232592344284058,156914
7.233478784561157,156914
7.234379291534424,156914
7.235264301300049,156914
7.2361578941345215,156914
7.237046957015991,156914
7.2379326820373535,156914
7.238812446594238,156914
7.2397027015686035,156914
7.240588665008545,156914
7.241476535797119,156914
7.24236536026001,156914
7.243252277374268,156914
7.244146823883057,156914
7.245037794113159,156914
7.245920896530151,156914
7.246800899505615,156914
7.247689962387085,156914
7.248576402664185,156914
7.24946403503418,156914
7.250354290008545,156914
7.251239061355591,156914
7.252127170562744,156914
7.253018617630005,156914
7.2538979053497314,156914
7.254793405532837,156914
7.255681276321411,156914
7.256568431854248,156914
7.2574567794799805,156914
7.258344888687134,156914
7.259231090545654,156914
7.26011848449707,156914
7.261010408401489,156914
7.261889696121216,156914
7.262774705886841,156914
7.263662576675415,156914
7.2645604610443115,156914
7.26544713973999,156914
7.266339063644409,156914
7.267224073410034,156914
7.268112897872925,156914
7.269002437591553,156914
7.269880533218384,156914
7.270766019821167,156914
7.2716546058654785,156914
7.272542953491211,156914
7.273429870605469,156914
7.274332284927368,156914
7.275220155715942,156914
7.276105642318726,156914
7.276993751525879,156914
7.277872800827026,156914
7.278760194778442,156914
7.279645919799805,156914
7.280535459518433,156914
7.281424045562744,156914
7.282313346862793,156914
7.283198118209839,156914
7.284095048904419,156914
7.284987211227417,156914
7.285867691040039,156914
7.2867515087127686,156914
7.287641525268555,156914
7.288526773452759,156914
7.289411544799805,156914
7.290306568145752,156914
7.291195631027222,156914
7.292086124420166,156914
7.292976140975952,156914
7.293855428695679,156914
7.294749736785889,156914
7.2956390380859375,156914
7.296525716781616,156914
7.297412633895874,156914
7.298302888870239,156914
7.29918646812439,156914
7.300073146820068,156914
7.300962924957275,156914
7.301843881607056,156914
7.302729845046997,156914
7.3036205768585205,156914
7.3045148849487305,156914
7.305403709411621,156914
7.306296348571777,156914
7.3071794509887695,156914
7.308068513870239,156914
7.308955192565918,156914
7.309834718704224,156914
7.310720682144165,156914
7.31161093711853,156914
7.312498569488525,156914
7.313385963439941,156914
7.314284324645996,156914
7.315173387527466,156914
7.316061496734619,156914
7.31694769859314,156914
7.317826509475708,156914
7.318712472915649,156914
7.319602966308594,156914
7.320488929748535,156914
7.321377754211426,156914
7.322265386581421,156914
7.323151588439941,156914
7.324049472808838,156914
7.3249382972717285,156914
7.325816631317139,156914
7.326704025268555,156914
7.32759165763855,156914
7.3284759521484375,156914
7.3293633460998535,156914
7.330252408981323,156914
7.331138610839844,156914
7.332027912139893,156914
7.332918405532837,156914
7.3337953090667725,156914
7.334691524505615,156914
7.335583925247192,156914
7.336467504501343,156914
7.337356805801392,156914
7.338247299194336,156914
7.339132070541382,156914
7.340019702911377,156914
7.34089994430542,156914
7.341785907745361,156914
7.3426713943481445,156914
7.343560457229614,156914
7.344457387924194,156914
7.345345973968506,156914
7.346234321594238,156914
7.347121715545654,156914
7.348010778427124,156914
7.348892450332642,156914
7.349778175354004,156914
7.350663661956787,156914
7.351555109024048,156914
7.352443695068359,156914
7.353332281112671,156914
7.354228973388672,156914
7.355115175247192,156914
7.356003522872925,156914
7.356884956359863,156914
7.357770919799805,156914
7.358655691146851,156914
7.359544515609741,156914
7.360432386398315,156914
7.3613200187683105,156914
7.362208843231201,156914
7.363094329833984,156914
7.363991737365723,156914
7.364872694015503,156914
7.3657591342926025,156914
7.366646766662598,156914
7.367537021636963,156914
7.3684282302856445,156914
7.369316339492798,156914
7.370203971862793,156914
7.371088027954102,156914
7.3719751834869385,156914
7.3728601932525635,156914
7.373749017715454,156914
7.374644994735718,156914
7.375533580780029,156914
7.37641978263855,156914
7.377303123474121,156914
7.378194093704224,156914
7.379078149795532,156914
7.379961967468262,156914
7.380842685699463,156914
7.381726264953613,156914
7.38261342048645,156914
7.383503675460815,156914
7.384404420852661,156914
7.385289192199707,156914
7.38617730140686,156914
7.38706374168396,156914
7.387948274612427,156914
7.388833284378052,156914
7.389719009399414,156914
7.390604734420776,156914
7.391493797302246,156914
7.392381429672241,156914
7.393270015716553,156914
7.394168853759766,156914
7.3950581550598145,156914
7.395943880081177,156914
7.396829128265381,156914
7.397712230682373,156914
7.398596525192261,156914
7.399488210678101,156914
7.400375843048096,156914
7.401261329650879,156914
7.402151346206665,156914
7.403040409088135,156914
7.403934955596924,156914
7.404819011688232,156914
7.405703783035278,156914
7.4065940380096436,156914
7.40748405456543,156914
7.408372163772583,156914
7.409259796142578,156914
7.410146474838257,156914
7.411035060882568,156914
7.41191840171814,156914
7.412798166275024,156914
7.413684129714966,156914
7.414581298828125,156914
7.415470123291016,156914
7.416355848312378,156914
7.417245149612427,156914
7.418132305145264,156914
7.419019460678101,156914
7.419898986816406,156914
7.420786619186401,156914
7.421671390533447,156914
7.422557830810547,156914
7.423447847366333,156914
7.424342393875122,156914
7.425229787826538,156914
7.426121234893799,156914
7.427010774612427,156914
7.427888870239258,156914
7.42877459526062,156914
7.429659366607666,156914
7.430546045303345,156914
7.431438207626343,156914
7.432323217391968,156914
7.433213472366333,156914
7.434112787246704,156914
7.435004949569702,156914
7.435884714126587,156914
7.436773300170898,156914
7.437661647796631,156914
7.4385504722595215,156914
7.439441442489624,156914
7.440326929092407,156914
7.441213607788086,156914
7.442102909088135,156914
7.442990064620972,156914
7.4438698291778564,156914
7.444768190383911,156914
7.445653438568115,156914
7.446538925170898,156914
7.4474265575408936,156914
7.448312997817993,156914
7.449200868606567,156914
7.450089931488037,156914
7.450979232788086,156914
7.45185661315918,156914
7.452744007110596,156914
7.453629732131958,156914
7.454526901245117,156914
7.455416440963745,156914
7.456302642822266,156914
7.457189083099365,156914
7.458078861236572,156914
7.458966016769409,156914
7.459845304489136,156914
7.460735559463501,156914
7.461619853973389,156914
7.462505578994751,156914
7.463395118713379,156914
7.464292049407959,156914
7.465175151824951,156914
7.466065168380737,156914
7.4669508934021,156914
7.467830181121826,156914
7.468718767166138,156914
7.469605445861816,156914
7.470492601394653,156914
7.471383810043335,156914
7.47226881980896,156914
7.473157644271851,156914
7.474058628082275,156914
7.4749438762664795,156914
7.475824356079102,156914
7.476715564727783,156914
7.477605104446411,156914
7.478493690490723,156914
7.47938346862793,156914
7.480270624160767,156914
7.481158256530762,156914
7.482050895690918,156914
7.482938289642334,156914
7.483815670013428,156914
7.484717845916748,156914
7.485604524612427,156914
7.486494064331055,156914
7.487381219863892,156914
7.488269090652466,156914
7.489153861999512,156914
7.490046501159668,156914
7.490929841995239,156914
7.491810083389282,156914
7.492697238922119,156914
7.493585109710693,156914
7.494481086730957,156914
7.495370864868164,156914
7.496256589889526,156914
7.497143268585205,156914
7.498032331466675,156914
7.498915433883667,156914
7.499797105789185,156914
7.50068473815918,156914
7.501570224761963,156914
7.502456426620483,156914
7.503345966339111,156914
7.504241943359375,156914
7.505128860473633,156914
7.506019830703735,156914
7.506898641586304,156914
7.507783889770508,156914
7.508671998977661,156914
7.509559631347656,156914
7.51044774055481,156914
7.5113365650177,156914
7.512223958969116,156914
7.513111114501953,156914
7.514014482498169,156914
7.5148961544036865,156914
7.515784978866577,156914
7.516672134399414,156914
7.517561674118042,156914
7.518449306488037,156914
7.519339323043823,156914
7.520228385925293,156914
7.521113634109497,156914
7.522008180618286,156914
7.522888422012329,156914
7.5237743854522705,156914
7.524672269821167,156914
7.525557518005371,156914
7.526443958282471,156914
7.527335166931152,156914
7.5282206535339355,156914
7.529108285903931,156914
7.529999017715454,156914
7.530879020690918,156914
7.531765460968018,156914
7.532653570175171,156914
7.533542633056641,156914
7.534442663192749,156914
7.535337686538696,156914
7.536225080490112,156914
7.537113904953003,156914
7.538005113601685,156914
7.538882255554199,156914
7.539770126342773,156914
7.540658473968506,156914
7.541546821594238,156914
7.542433500289917,156914
7.543323516845703,156914
7.544217109680176,156914
7.545106410980225,156914
7.545997619628906,156914
7.546878099441528,156914
7.547764301300049,156914
7.548651695251465,156914
7.549535274505615,156914
7.55042028427124,156914
7.551312208175659,156914
7.552199602127075,156914
7.553090572357178,156914
7.553989887237549,156914
7.554869174957275,156914
7.5557541847229,156914
7.556641340255737,156914
7.557525634765625,156914
7.558413982391357,156914
7.559301137924194,156914
7.560189247131348,156914
7.561077117919922,156914
7.561964988708496,156914
7.562844753265381,156914
7.563729286193848,156914
7.56462836265564,156914
7.565515995025635,156914
7.566403865814209,156914
7.567293405532837,156914
7.568178176879883,156914
7.569066524505615,156914
7.569950580596924,156914
7.570830583572388,156914
7.57171893119812,156914
7.572606325149536,156914
7.57349157333374,156914
7.574388265609741,156914
7.575276851654053,156914
7.576162099838257,156914
7.577049016952515,156914
7.577936172485352,156914
7.578813076019287,156914
7.579700469970703,156914
7.5805885791778564,156914
7.5814738273620605,156914
7.582359552383423,156914
7.5832459926605225,156914
7.584140062332153,156914
7.585027456283569,156914
7.585917949676514,156914
7.586799383163452,156914
7.5876874923706055,156914
7.588576793670654,156914
7.58946418762207,156914
7.590348720550537,156914
7.591238737106323,156914
7.5921244621276855,156914
7.5930116176605225,156914
7.593894004821777,156914
7.594787359237671,156914
7.595673561096191,156914
7.596560955047607,156914
7.597447395324707,156914
7.5983335971832275,156914
7.599223375320435,156914
7.6001105308532715,156914
7.600995302200317,156914
7.601877212524414,156914
7.6027655601501465,156914
7.603654146194458,156914
7.604552268981934,156914
7.605438709259033,156914
7.606323003768921,156914
7.60721230506897,156914
7.608100175857544,156914
7.608989477157593,156914
7.609870910644531,156914
7.6107587814331055,156914
7.611644983291626,156914
7.61253547668457,156914
7.613422155380249,156914
7.61431622505188,156914
7.615208387374878,156914
7.616093873977661,156914
7.616981506347656,156914
7.61786413192749,156914
7.61875057220459,156914
7.619635105133057,156914
7.62052583694458,156914
7.621410369873047,156914
7.622299909591675,156914
7.623190402984619,156914
7.62408709526062,156914
7.624974012374878,156914
7.625854253768921,156914
7.626743793487549,156914
7.6276328563690186,156914
7.6285240650177,156914
7.629409313201904,156914
7.63029408454895,156914
7.631179571151733,156914
7.632068395614624,156914
7.632954359054565,156914
7.633833885192871,156914
7.634726524353027,156914
7.635612964630127,156914
7.6365015506744385,156914
7.63738751411438,156914
7.6382739543914795,156914
7.639163970947266,156914
7.640049457550049,156914
7.640931844711304,156914
7.641813516616821,156914
7.642701625823975,156914
7.64358925819397,156914
7.644488573074341,156914
7.645374059677124,156914
7.646260738372803,156914
7.647151947021484,156914
7.648041009902954,156914
7.648924827575684,156914
7.649809122085571,156914
7.6506969928741455,156914
7.651583909988403,156914
7.65247654914856,156914
7.653364419937134,156914
7.654259204864502,156914
7.655145645141602,156914
7.656033515930176,156914
7.6569225788116455,156914
7.657806158065796,156914
7.65869140625,156914
7.659578084945679,156914
7.660468101501465,156914
7.66135311126709,156914
7.662240028381348,156914
7.66312837600708,156914
7.66402530670166,156914
7.664903402328491,156914
7.6657938957214355,156914
7.666680335998535,156914
7.667566299438477,156914
7.668454170227051,156914
7.669339895248413,156914
7.67022705078125,156914
7.671116352081299,156914
7.67200231552124,156914
7.672878742218018,156914
7.67376971244812,156914
7.674665689468384,156914
7.675553321838379,156914
7.676443576812744,156914
7.677328109741211,156914
7.6782143115997314,156914
7.679101467132568,156914
7.679989814758301,156914
7.6808671951293945,156914
7.681756973266602,156914
7.682642936706543,156914
7.683528184890747,156914
7.684424877166748,156914
7.6853132247924805,156914
7.686199426651001,156914
7.6870903968811035,156914
7.687978744506836,156914
7.688858509063721,156914
7.689749717712402,156914
7.690638542175293,156914
7.691523790359497,156914
7.692414283752441,156914
7.693301439285278,156914
7.694198131561279,156914
7.695087909698486,156914
7.6959755420684814,156914
7.696853876113892,156914
7.697745084762573,156914
7.698632478713989,156914
7.699519395828247,156914
7.70041036605835,156914
7.7012951374053955,156914
7.702179193496704,156914
7.703066349029541,156914
7.70395827293396,156914
7.704838514328003,156914
7.705727815628052,156914
7.7066168785095215,156914
7.707504749298096,156914
7.7083940505981445,156914
7.709279775619507,156914
7.7101664543151855,156914
7.7110583782196045,156914
7.711945295333862,156914
7.7128236293792725,156914
7.713711977005005,156914
7.714607238769531,156914
7.715495586395264,156914
7.7163872718811035,156914
7.717273235321045,156914
7.718156814575195,156914
7.719048500061035,156914
7.7199342250823975,156914
7.720814228057861,156914
7.721704483032227,156914
7.722590684890747,156914
7.723479986190796,156914
7.724380016326904,156914
7.7252678871154785,156914
7.72615647315979,156914
7.727045059204102,156914
7.727930784225464,156914
7.728809118270874,156914
7.72969913482666,156914
7.730586767196655,156914
7.731474161148071,156914
7.732362508773804,156914
7.7332470417022705,156914
7.734142065048218,156914
7.735032320022583,156914
7.735916614532471,156914
7.736797571182251,156914
7.737687587738037,156914
7.738574743270874,156914
7.739460229873657,156914
7.74035120010376,156914
7.741239070892334,156914
7.742125988006592,156914
7.74301552772522,156914
7.743896007537842,156914
7.7447919845581055,156914
7.745681524276733,156914
7.7465660572052,156914
7.747455358505249,156914
7.74834132194519,156914
7.7492289543151855,156914
7.750113487243652,156914
7.751002550125122,156914
7.751880645751953,156914
7.752767562866211,156914
7.753655433654785,156914
7.7545530796051025,156914
7.755441427230835,156914
7.756329536437988,156914
7.757216215133667,156914
7.758103609085083,156914
7.758994817733765,156914
7.759874582290649,156914
7.7607574462890625,156914
7.761646747589111,156914
7.762531280517578,156914
7.76341986656189,156914
7.764317750930786,156914
7.765203952789307,156914
7.766090631484985,156914
7.766982078552246,156914
7.767863988876343,156914
7.768753290176392,156914
7.769640684127808,156914
7.770528316497803,156914
7.771416425704956,156914
7.7723069190979,156914
7.773194313049316,156914
7.774092435836792,156914
7.774979591369629,156914
7.775859117507935,156914
7.776747465133667,156914
7.777634620666504,156914
7.778522253036499,156914
7.779409646987915,156914
7.780298471450806,156914
7.7811853885650635,156914
7.782075881958008,156914
7.782963514328003,156914
7.783839702606201,156914
7.784736633300781,156914
7.785626173019409,156914
7.786514043807983,156914
7.7873992919921875,156914
7.788290500640869,156914
7.789181470870972,156914
7.790071964263916,156914
7.790959358215332,156914
7.791837930679321,156914
7.792727708816528,156914
7.793616056442261,156914
7.794512510299683,156914
7.795397043228149,156914
7.796288967132568,156914
7.797174692153931,156914
7.798062086105347,156914
7.798949480056763,156914
7.799836158752441,156914
7.800715684890747,156914
7.801602840423584,156914
7.802491664886475,156914
7.803377151489258,156914
7.804274797439575,156914
7.805162191390991,156914
7.806051015853882,156914
7.806938648223877,156914
7.807816505432129,156914
7.808707237243652,156914
7.809597730636597,156914
7.810482501983643,156914
7.811371326446533,156914
7.812262296676636,156914
7.8131468296051025,156914
7.814045190811157,156914
7.814936876296997,156914
7.8158183097839355,156914
7.816705942153931,156914
7.817596912384033,156914
7.818484783172607,156914
7.819374084472656,156914
7.820260047912598,156914
7.821147441864014,156914
7.822033643722534,156914
7.822920322418213,156914
7.82379937171936,156914
7.824695110321045,156914
7.82558536529541,156914
7.826473236083984,156914
7.827358245849609,156914
7.828246355056763,156914
7.829131603240967,156914
7.830019235610962,156914
7.8309009075164795,156914
7.831788063049316,156914
7.832672834396362,156914
7.83356237411499,156914
7.834460496902466,156914
7.835346937179565,156914
7.836236000061035,156914
7.8371217250823975,156914
7.838009357452393,156914
7.8388917446136475,156914
7.83977746963501,156914
7.840662717819214,156914
7.841550350189209,156914
7.842442989349365,156914
7.843328237533569,156914
7.844227313995361,156914
7.845113515853882,156914
7.846024513244629,156914
7.846880197525024,156914
7.847766637802124,156914
7.84865140914917,156914
7.849539518356323,156914
7.85042667388916,156914
7.851315021514893,156914
7.852201223373413,156914
7.853088617324829,156914
7.853986740112305,156914
7.854868650436401,156914
7.855756044387817,156914
7.856642007827759,156914
7.857553482055664,156914
7.858418226242065,156914
7.859265327453613,156914
7.860107183456421,156914
7.8609514236450195,156914
7.861793279647827,156914
7.862636566162109,156914
7.86348295211792,156914
7.8643412590026855,156914
7.865191459655762,156914
7.866040229797363,156914
7.86688232421875,156914
7.867725610733032,156914
7.868578195571899,156914
7.869433641433716,156914
7.870284080505371,156914
7.871156454086304,156914
7.871999263763428,156914
7.872843980789185,156914
7.873697519302368,156914
7.874567747116089,156914
7.875429153442383,156914
7.876284837722778,156914
7.877142906188965,156914
7.878004550933838,156914
7.878849267959595,156914
7.8797032833099365,156914
7.8805623054504395,156914
7.88141655921936,156914
7.8822715282440186,156914
7.88312554359436,156914
7.8839945793151855,156914
7.884838819503784,156914
7.885694980621338,156914
7.88654899597168,156914
7.8874077796936035,156914
7.888259410858154,156914
7.889112710952759,156914
7.88996958732605,156914
7.890829086303711,156914
7.891679763793945,156914
7.892533540725708,156914
7.89338755607605,156914
7.894246578216553,156914
7.895102262496948,156914
7.895981550216675,156914
7.896859645843506,156914
7.897747993469238,156914
7.89863657951355,156914
7.8995256423950195,156914
7.9004127979278564,156914
7.901299715042114,156914
7.902184963226318,156914
7.903073072433472,156914
7.903940916061401,156914
7.904789447784424,156914
7.90564751625061,156914
7.906509160995483,156914
7.90735387802124,156914
7.908208131790161,156914
7.909062147140503,156914
7.909914255142212,156914
7.91076397895813,156914
7.9116151332855225,156914
7.912468194961548,156914
7.913320302963257,156914
7.9141833782196045,156914
7.9150402545928955,156914
7.91588830947876,156914
7.916747808456421,156914
7.917600393295288,156914
7.918456315994263,156914
7.9193196296691895,156914
7.920176029205322,156914
7.921032428741455,156914
7.921885251998901,156914
7.922742128372192,156914
7.923601150512695,156914
7.92446756362915,156914
7.9253246784210205,156914
7.926177501678467,156914
7.927035093307495,156914
7.927881240844727,156914
7.928732633590698,156914
7.929587364196777,156914
7.930439472198486,156914
7.93128776550293,156914
7.932133197784424,156914
7.932981967926025,156914
7.933816432952881,156914
7.934675216674805,156914
7.93552303314209,156914
7.9363720417022705,156914
7.937217473983765,156914
7.938064813613892,156914
7.938908815383911,156914
7.939751386642456,156914
7.940593719482422,156914
7.941439390182495,156914
7.9422876834869385,156914
7.943131923675537,156914
7.943983554840088,156914
7.944823980331421,156914
7.945671558380127,156914
7.946521282196045,156914
7.947369575500488,156914
7.948211669921875,156914
7.949059247970581,156914
7.9498984813690186,156914
7.950748682022095,156914
7.951601028442383,156914
7.952454328536987,156914
7.953304290771484,156914
7.954166650772095,156914
7.955021619796753,156914
7.955871820449829,156914
7.956726312637329,156914
7.957583665847778,156914
7.958443880081177,156914
7.959305763244629,156914
7.96016001701355,156914
7.9610207080841064,156914
7.961871147155762,156914
7.962727069854736,156914
7.963580846786499,156914
7.964447259902954,156914
7.9653050899505615,156914
7.9661595821380615,156914
7.96701717376709,156914
7.967865467071533,156914
7.968722581863403,156914
7.969575881958008,156914
7.970434188842773,156914
7.971292495727539,156914
7.972150802612305,156914
7.973011016845703,156914
7.973872184753418,156914
7.974738836288452,156914
7.975589752197266,156914
7.9764509201049805,156914
7.977304458618164,156914
7.9781599044799805,156914
7.979012489318848,156914
7.979880332946777,156914
7.980769157409668,156914
7.981655597686768,156914
7.982543230056763,156914
7.983434438705444,156914
7.984330177307129,156914
7.9852142333984375,156914
7.986107110977173,156914
7.986968040466309,156914
7.987818241119385,156914
7.988675594329834,156914
7.9895360469818115,156914
7.990394115447998,156914
7.991247892379761,156914
7.992107391357422,156914
7.992966175079346,156914
7.993813514709473,156914
7.994672536849976,156914
7.995525598526001,156914
7.996379852294922,156914
7.99723482131958,156914
7.998090028762817,156914
7.998948574066162,156914
7.999795913696289,156914
8.00064992904663,156914
8.001503944396973,156914
8.00236463546753,156914
8.003219366073608,156914
8.004087686538696,156914
8.004940748214722,156914
8.00579023361206,156914
8.0066499710083,156914
8.007508993148804,156914
8.008369207382202,156914
8.00922155380249,156914
8.01007080078125,156914
8.010923147201538,156914
8.011772155761719,156914
8.012625217437744,156914
8.013478994369507,156914
8.014339447021484,156914
8.015188455581665,156914
8.0160391330719,156914
8.016880750656128,156914
8.01772689819336,156914
8.018575668334961,156914
8.0194251537323,156914
8.020272254943848,156914
8.021116971969604,156914
8.021962881088257,156914
8.022804498672485,156914
8.023646354675293,156914
8.024506568908691,156914
8.025353193283081,156914
8.02619481086731,156914
8.027042865753174,156914
8.027881145477295,156914
8.028725147247314,156914
8.029574155807495,156914
8.030421733856201,156914
8.031270027160645,156914
8.032119035720825,156914
8.032965660095215,156914
8.033803939819336,156914
8.034663915634155,156914
8.035517454147339,156914
8.036372661590576,156914
8.037226438522339,156914
8.038086175918579,156914
8.038932800292969,156914
8.039789199829102,156914
8.04064679145813,156914
8.04150676727295,156914
8.042365550994873,156914
8.04322075843811,156914
8.044091701507568,156914
8.04495358467102,156914
8.045798301696777,156914
8.04665756225586,156914
8.047518014907837,156914
8.048372983932495,156914
8.049231767654419,156914
8.050094842910767,156914
8.050939798355103,156914
8.051789999008179,156914
8.052644968032837,156914
8.053504943847656,156914
8.05437183380127,156914
8.055213451385498,156914
8.056075811386108,156914
8.05692434310913,156914
8.057785749435425,156914
8.058639764785767,156914
8.059495687484741,156914
8.060344934463501,156914
8.061193227767944,156914
8.062044143676758,156914
8.062918663024902,156914
8.063798666000366,156914
8.064693450927734,156914
8.065579891204834,156914
8.066465616226196,156914
8.067352056503296,156914
8.068238019943237,156914
8.069125175476074,156914
8.06998610496521,156914
8.070834875106812,156914
8.071691274642944,156914
8.072547912597656,156914
8.073407173156738,156914
8.07427167892456,156914
8.07513165473938,156914
8.075984954833984,156914
8.076829195022583,156914
8.077680587768555,156914
8.078534126281738,156914
8.079391241073608,156914
8.080249309539795,156914
8.081106185913086,156914
8.081961631774902,156914
8.082807302474976,156914
8.083664417266846,156914
8.084532260894775,156914
8.085386991500854,156914
8.08624815940857,156914
8.087104797363281,156914
8.087961912155151,156914
8.088810443878174,156914
8.08967113494873,156914
8.090529918670654,156914
8.091389417648315,156914
8.092236280441284,156914
8.0930917263031,156914
8.093959093093872,156914
8.094800233840942,156914
8.095653772354126,156914
8.096508979797363,156914
8.097358465194702,156914
8.098206996917725,156914
8.099056243896484,156914
8.099897146224976,156914
8.100740909576416,156914
8.101594686508179,156914
8.102445125579834,156914
8.103291273117065,156914
8.104147672653198,156914
8.104994297027588,156914
8.105831623077393,156914
8.106677532196045,156914
8.107521533966064,156914
8.108367681503296,156914
8.109211206436157,156914
8.110058546066284,156914
8.11089563369751,156914
8.111744165420532,156914
8.112592697143555,156914
8.113439083099365,156914
8.114295244216919,156914
8.115142107009888,156914
8.115989923477173,156914
8.116831302642822,156914
8.117679357528687,156914
8.118535280227661,156914
8.119392395019531,156914
8.120248794555664,156914
8.121100902557373,156914
8.121954679489136,156914
8.122800827026367,156914
8.123656511306763,156914
8.12452220916748,156914
8.125382900238037,156914
8.126238346099854,156914
8.12709927558899,156914
8.127955675125122,156914
8.128803014755249,156914
8.129662990570068,156914
8.130519151687622,156914
8.131377696990967,156914
8.132233619689941,156914
8.133092403411865,156914
8.133949995040894,156914
8.134800434112549,156914
8.13565444946289,156914
8.136510610580444,156914
8.137372016906738,156914
8.138224840164185,156914
8.1390860080719,156914
8.139935493469238,156914
8.140794038772583,156914
8.141647338867188,156914
8.142505168914795,156914
8.14336109161377,156914
8.1442232131958,156914
8.145078182220459,156914
8.145954847335815,156914
8.146831512451172,156914
8.147719860076904,156914
8.1486074924469,156914
8.149490118026733,156914
8.150377750396729,156914
8.151263952255249,156914
8.152149677276611,156914
8.153006315231323,156914
8.153856039047241,156914
8.154720783233643,156914
8.155584812164307,156914
8.156442403793335,156914
8.157297849655151,156914
8.158154249191284,156914
8.159003496170044,156914
8.159847736358643,156914
8.160703659057617,156914
8.161555767059326,156914
8.162404775619507,156914
8.16326093673706,156914
8.164124488830566,156914
8.164980173110962,156914
8.165830135345459,156914
8.166685342788696,156914
8.167537689208984,156914
8.168394565582275,156914
8.169252634048462,156914
8.170111417770386,156914
8.170969486236572,156914
8.171818017959595,156914
8.172674179077148,156914
8.17353367805481,156914
8.174402713775635,156914
8.175252676010132,156914
8.176103353500366,156914
8.17695665359497,156914
8.177803993225098,156914
8.17865538597107,156914
8.179510354995728,156914
8.180361032485962,156914
8.181209802627563,156914
8.182054042816162,156914
8.182893991470337,156914
8.183739423751831,156914
8.184597730636597,156914
8.18544626235962,156914
8.186294317245483,156914
8.187139511108398,156914
8.18798542022705,156914
8.188828468322754,156914
8.18967056274414,156914
8.190516710281372,156914
8.191366910934448,156914
8.192206621170044,156914
8.193053245544434,156914
8.193888425827026,156914
8.194742202758789,156914
8.195594310760498,156914
8.196439027786255,156914
8.19728684425354,156914
8.19813346862793,156914
8.198985576629639,156914
8.199822187423706,156914
8.200673341751099,156914
8.20152759552002,156914
8.20238184928894,156914
8.203234195709229,156914
8.204102516174316,156914
8.204957008361816,156914
8.205803394317627,156914
8.206662654876709,156914
8.20751667022705,156914
8.20837926864624,156914
8.209237813949585,156914
8.210102081298828,156914
8.210957527160645,156914
8.21181035041809,156914
8.212666034698486,156914
8.213523626327515,156914
8.214393615722656,156914
8.215248346328735,156914
8.216104507446289,156914
8.21696400642395,156914
8.21781325340271,156914
8.21866226196289,156914
8.219527244567871,156914
8.220374345779419,156914
8.221233129501343,156914
8.22208833694458,156914
8.222941875457764,156914
8.223805904388428,156914
8.224669218063354,156914
8.22551941871643,156914
8.226377487182617,156914
8.227232456207275,156914
8.22808575630188,156914
8.228957176208496,156914
8.229838848114014,156914
8.230724811553955,156914
8.2316153049469,156914
8.232502460479736,156914
8.233388662338257,156914
8.2342848777771,156914
8.23517370223999,156914
8.236032724380493,156914
8.2368803024292,156914
8.237734317779541,156914
8.238590478897095,156914
8.239448308944702,156914
8.240308046340942,156914
8.24116563796997,156914
8.242021560668945,156914
8.242870092391968,156914
8.243719816207886,156914
8.24458909034729,156914
8.245447158813477,156914
8.246300458908081,156914
8.247153997421265,156914
8.2480149269104,156914
8.248856782913208,156914
8.249713897705078,156914
8.250569581985474,156914
8.251425504684448,156914
8.252285242080688,156914
8.253140687942505,156914
8.254007816314697,156914
8.254857540130615,156914
8.255715608596802,156914
8.256574392318726,156914
8.257432460784912,156914
8.258291482925415,156914
8.259143829345703,156914
8.25999641418457,156914
8.260841846466064,156914
8.261696338653564,156914
8.262549877166748,156914
8.263402700424194,156914
8.264256715774536,156914
8.265105962753296,156914
8.265954494476318,156914
8.266793489456177,156914
8.267637968063354,156914
8.268486261367798,156914
8.269333839416504,156914
8.270184993743896,156914
8.271029949188232,156914
8.27186393737793,156914
8.27271032333374,156914
8.273555278778076,156914
8.274409770965576,156914
8.275254726409912,156914
8.276104927062988,156914
8.276948928833008,156914
8.277785778045654,156914
8.278637170791626,156914
8.279485940933228,156914
8.280336141586304,156914
8.28118109703064,156914
8.282028198242188,156914
8.282865047454834,156914
8.283714771270752,156914
8.284574747085571,156914
8.285425901412964,156914
8.286279439926147,156914
8.287131071090698,156914
8.287990808486938,156914
8.288838148117065,156914
8.289693593978882,156914
8.290551662445068,156914
8.29140830039978,156914
8.292266607284546,156914
8.29312252998352,156914
8.293990850448608,156914
8.294835567474365,156914
8.295689582824707,156914
8.29654836654663,156914
8.297400712966919,156914
8.298258066177368,156914
8.299111127853394,156914
8.299965858459473,156914
8.300811767578125,156914
8.301661252975464,156914
8.30251693725586,156914
8.303375005722046,156914
8.304239511489868,156914
8.305096864700317,156914
8.305956602096558,156914
8.306817531585693,156914
8.307669162750244,156914
8.308523416519165,156914
8.309376955032349,156914
8.310227155685425,156914
8.31107759475708,156914
8.311952114105225,156914
8.312832117080688,156914
8.313716173171997,156914
8.314616203308105,156914
8.315502405166626,156914
8.31639051437378,156914
8.31727910041809,156914
8.318164110183716,156914
8.319024801254272,156914
8.319874048233032,156914
8.320727109909058,156914
8.32158374786377,156914
8.322439670562744,156914
8.323297023773193,156914
8.324162244796753,156914
8.325017929077148,156914
8.325865030288696,156914
8.326715469360352,156914
8.32756781578064,156914
8.328420162200928,156914
8.329278469085693,156914
8.330134630203247,156914
8.330989599227905,156914
8.331836223602295,156914
8.33269476890564,156914
8.333552122116089,156914
8.33441948890686,156914
8.335278272628784,156914
8.336133480072021,156914
8.336992025375366,156914
8.337841272354126,156914
8.33869981765747,156914
8.339558601379395,156914
8.340416431427002,156914
8.341277122497559,156914
8.342128038406372,156914
8.342983961105347,156914
8.343831062316895,156914
8.344695329666138,156914
8.34555459022522,156914
8.346402406692505,156914
8.347252130508423,156914
8.348100662231445,156914
8.34894847869873,156914
8.349791288375854,156914
8.350635766983032,156914
8.351487874984741,156914
8.352331399917603,156914
8.353177547454834,156914
8.354030847549438,156914
8.354869842529297,156914
8.355716466903687,156914
8.356558084487915,156914
8.357409238815308,156914
8.358254194259644,156914
8.359097480773926,156914
8.359941244125366,156914
8.360779523849487,156914
8.36162781715393,156914
8.362478733062744,156914
8.363326072692871,156914
8.364181995391846,156914
8.365032196044922,156914
8.365871906280518,156914
8.36671757698059,156914
8.367570638656616,156914
8.36842656135559,156914
8.369274616241455,156914
8.370136260986328,156914
8.37098503112793,156914
8.371829986572266,156914
8.372685670852661,156914
8.373542785644531,156914
8.374410390853882,156914
8.375267744064331,156914
8.376124858856201,156914
8.376981973648071,156914
8.377826690673828,156914
8.378686428070068,156914
8.37953805923462,156914
8.380396842956543,156914
8.3812575340271,156914
8.382110357284546,156914
8.382968425750732,156914
8.383817672729492,156914
8.384674549102783,156914
8.385533332824707,156914
8.386387825012207,156914
8.387240648269653,156914
8.388096809387207,156914
8.388949871063232,156914
8.389812707901001,156914
8.390660762786865,156914
8.39151382446289,156914
8.39236569404602,156914
8.39321756362915,156914
8.394082307815552,156914
8.394961595535278,156914
8.395838499069214,156914
8.396725416183472,156914
8.39761471748352,156914
8.398503065109253,156914
8.399393320083618,156914
8.400279998779297,156914
8.401167869567871,156914
8.402026414871216,156914
8.402874946594238,156914
8.403730154037476,156914
8.404595136642456,156914
8.40545105934143,156914
8.4063081741333,156914
8.407162427902222,156914
8.408015727996826,156914
8.408859252929688,156914
8.409717798233032,156914
8.4105703830719,156914
8.411423206329346,156914
8.412280559539795,156914
8.413136959075928,156914
8.414002180099487,156914
8.414853572845459,156914
8.415709972381592,156914
8.416565179824829,156914
8.41742205619812,156914
8.418282985687256,156914
8.419138193130493,156914
8.419998407363892,156914
8.420849800109863,156914
8.421708583831787,156914
8.42256760597229,156914
8.423425197601318,156914
8.424290180206299,156914
8.425143241882324,156914
8.425997495651245,156914
8.42684292793274,156914
8.427697658538818,156914
8.42854905128479,156914
8.429396390914917,156914
8.430245637893677,156914
8.431090831756592,156914
8.431930780410767,156914
8.43277359008789,156914
8.433621644973755,156914
8.434482097625732,156914
8.435331106185913,156914
8.436177015304565,156914
8.437025308609009,156914
8.437861442565918,156914
8.438706636428833,156914
8.439549922943115,156914
8.440399885177612,156914
8.441245079040527,156914
8.442089796066284,156914
8.442932844161987,156914
8.443772077560425,156914
8.444628238677979,156914
8.445469617843628,156914
8.446319103240967,156914
8.447164058685303,156914
8.448015213012695,156914
8.448853731155396,156914
8.449703454971313,156914
8.450558185577393,156914
8.451406717300415,156914
8.452260732650757,156914
8.453109741210938,156914
8.453974962234497,156914
8.454825162887573,156914
8.455673456192017,156914
8.456529140472412,156914
8.457386255264282,156914
8.458245277404785,156914
8.459104299545288,156914
8.459961414337158,156914
8.460814237594604,156914
8.461667537689209,156914
8.462526798248291,156914
8.46338438987732,156914
8.464249610900879,156914
8.465108156204224,156914
8.465965747833252,156914
8.466813087463379,156914
8.467671155929565,156914
8.4685218334198,156914
8.469374895095825,156914
8.470223665237427,156914
8.471083641052246,156914
8.471930742263794,156914
8.472795963287354,156914
8.473646879196167,156914
8.474509954452515,156914
8.475361585617065,156914
8.476215362548828,156914
8.477067947387695,156914
8.477946758270264,156914
8.478830099105835,156914
8.47971510887146,156914
8.48060131072998,156914
8.481488466262817,156914
8.482375860214233,156914
8.483262777328491,156914
8.484160423278809,156914
8.485018253326416,156914
8.485865116119385,156914
8.486724615097046,156914
8.487581729888916,156914
8.48844051361084,156914
8.489296913146973,156914
8.490152359008789,156914
8.491005897521973,156914
8.49185037612915,156914
8.492698907852173,156914
8.493555068969727,156914
8.494418144226074,156914
8.495272636413574,156914
8.496131181716919,156914
8.496989488601685,156914
8.49783730506897,156914
8.498693943023682,156914
8.499549388885498,156914
8.50040340423584,156914
8.501260042190552,156914
8.502120971679688,156914
8.502977848052979,156914
8.503831624984741,156914
8.504699468612671,156914
8.505555152893066,156914
8.506410598754883,156914
8.507269859313965,156914
8.508123636245728,156914
8.508979082107544,156914
8.50982403755188,156914
8.510672807693481,156914
8.511526346206665,156914
8.512377500534058,156914
8.513225555419922,156914
8.514084100723267,156914
8.514931440353394,156914
8.515771865844727,156914
8.516620397567749,156914
8.517468690872192,156914
8.518315076828003,156914
8.519164323806763,156914
8.520009994506836,156914
8.520844459533691,156914
8.521690368652344,156914
8.522538423538208,156914
8.523388862609863,156914
8.524240016937256,156914
8.525086879730225,156914
8.525927305221558,156914
8.52676272392273,156914
8.527613401412964,156914
8.528461694717407,156914
8.529311180114746,156914
8.530161380767822,156914
8.531008958816528,156914
8.531844139099121,156914
8.532695531845093,156914
8.533548593521118,156914
8.534410953521729,156914
8.53526782989502,156914
8.536123752593994,156914
8.536977529525757,156914
8.537824153900146,156914
8.538681745529175,156914
8.53953766822815,156914
8.540397882461548,156914
8.541256666183472,156914
8.542116641998291,156914
8.542974948883057,156914
8.543822288513184,156914
8.544686794281006,156914
8.545539855957031,156914
8.546391487121582,156914
8.547250986099243,156914
8.548106908798218,156914
8.54896593093872,156914
8.549812078475952,156914
8.550668478012085,156914
8.551526308059692,156914
8.552383184432983,156914
8.553235530853271,156914
8.554105997085571,156914
8.554947137832642,156914
8.555810689926147,156914
8.556662797927856,156914
8.55751633644104,156914
8.558366775512695,156914
8.55921745300293,156914
8.560070276260376,156914
8.560944080352783,156914
8.561824083328247,156914
8.562713384628296,156914
8.563601732254028,156914
8.564497232437134,156914
8.565383434295654,156914
8.56627082824707,156914
8.567159175872803,156914
8.568016529083252,156914
8.568865299224854,156914
8.569720029830933,156914
8.570576429367065,156914
8.571430683135986,156914
8.572286128997803,156914
8.573142766952515,156914
8.574008226394653,156914
8.574849843978882,156914
8.5756995677948,156914
8.576554775238037,156914
8.577402830123901,156914
8.578261137008667,156914
8.579115390777588,156914
8.57996916770935,156914
8.580815315246582,156914
8.581670761108398,156914
8.582527160644531,156914
8.58338189125061,156914
8.584248542785645,156914
8.585106372833252,156914
8.585962772369385,156914
8.586812734603882,156914
8.587671041488647,156914
8.588530540466309,156914
8.589388370513916,156914
8.590237617492676,156914
8.591091632843018,156914
8.59194540977478,156914
8.592791318893433,156914
8.593645572662354,156914
8.594510316848755,156914
8.59536099433899,156914
8.596207618713379,156914
8.597055196762085,156914
8.59789514541626,156914
8.59874153137207,156914
8.599594354629517,156914
8.600439071655273,156914
8.60128664970398,156914
8.602144002914429,156914
8.60298466682434,156914
8.603834390640259,156914
8.604701042175293,156914
8.605552434921265,156914
8.60640263557434,156914
8.607250690460205,156914
8.608095645904541,156914
8.60894250869751,156914
8.60978388786316,156914
8.610631942749023,156914
8.6114821434021,156914
8.612324237823486,156914
8.613170385360718,156914
8.614028692245483,156914
8.614870071411133,156914
8.615718126296997,156914
8.616565465927124,156914
8.617416381835938,156914
8.618263959884644,156914
8.61911392211914,156914
8.619959592819214,156914
8.62079644203186,156914
8.621638536453247,156914
8.622485637664795,156914
8.6233389377594,156914
8.624192953109741,156914
8.625043630599976,156914
8.625888109207153,156914
8.626731395721436,156914
8.627583980560303,156914
8.628437042236328,156914
8.629285097122192,156914
8.630139112472534,156914
8.630996465682983,156914
8.631840944290161,156914
8.632697343826294,156914
8.633557796478271,156914
8.634423732757568,156914
8.635280847549438,156914
8.636138439178467,156914
8.63699460029602,156914
8.63784646987915,156914
8.63870096206665,156914
8.63955545425415,156914
8.64041805267334,156914
8.641267776489258,156914
8.642126321792603,156914
8.642984867095947,156914
8.643829822540283,156914
8.644693613052368,156914
8.645552158355713,156914
8.646401166915894,156914
8.64725661277771,156914
8.648112773895264,156914
8.648967981338501,156914
8.649829626083374,156914
8.650683403015137,156914
8.651538610458374,156914
8.652394771575928,156914
8.65324354171753,156914
8.654110670089722,156914
8.654985904693604,156914
8.655869722366333,156914
8.656755685806274,156914
8.657639980316162,156914
8.658527135848999,156914
8.659414529800415,156914
8.660297870635986,156914
8.661183595657349,156914
8.662071704864502,156914
8.662926197052002,156914
8.663777351379395,156914
8.66464376449585,156914
8.66550064086914,156914
8.66636323928833,156914
8.667218923568726,156914
8.668070077896118,156914
8.668922185897827,156914
8.669767618179321,156914
8.670614957809448,156914
8.671469926834106,156914
8.672323226928711,156914
8.673173904418945,156914
8.674040079116821,156914
8.674888372421265,156914
8.675743103027344,156914
8.676602125167847,156914
8.677459239959717,156914
8.678318500518799,156914
8.679177284240723,156914
8.68003511428833,156914
8.680891275405884,156914
8.681748867034912,156914
8.682605743408203,156914
8.683467149734497,156914
8.684333801269531,156914
8.685189008712769,156914
8.686039924621582,156914
8.68688702583313,156914
8.68773865699768,156914
8.68859052658081,156914
8.689441204071045,156914
8.690287351608276,156914
8.69113278388977,156914
8.691984415054321,156914
8.692825317382812,156914
8.693671464920044,156914
8.694530010223389,156914
8.695379257202148,156914
8.696222066879272,156914
8.697070121765137,156914
8.697913408279419,156914
8.698750495910645,156914
8.69959807395935,156914
8.700438499450684,156914
8.701284646987915,156914
8.70213007926941,156914
8.702974081039429,156914
8.70381212234497,156914
8.704665422439575,156914
8.705509901046753,156914
8.7063570022583,156914
8.707201957702637,156914
8.708053350448608,156914
8.708890438079834,156914
8.709737777709961,156914
8.710588932037354,156914
8.711434364318848,156914
8.712289810180664,156914
8.713140726089478,156914
8.7140052318573,156914
8.714852094650269,156914
8.71570634841919,156914
8.71656322479248,156914
8.717423915863037,156914
8.71828031539917,156914
8.719139337539673,156914
8.71999716758728,156914
8.720848798751831,156914
8.721704959869385,156914
8.722561836242676,156914
8.723419904708862,156914
8.724284648895264,156914
8.725141525268555,156914
8.7260000705719,156914
8.726847171783447,156914
8.727698564529419,156914
8.728551626205444,156914
8.729408502578735,156914
8.730257034301758,156914
8.7311110496521,156914
8.731967687606812,156914
8.732831716537476,156914
8.733678340911865,156914
8.734537124633789,156914
8.735389471054077,156914
8.736250638961792,156914
8.737105131149292,156914
8.738168239593506,156914
8.73900842666626,156914
8.739857912063599,156914
8.740712881088257,156914
8.741565704345703,156914
8.742421865463257,156914
8.743281841278076,156914
8.744146823883057,156914
8.745007753372192,156914
8.745856761932373,156914
8.746715068817139,156914
8.747573375701904,156914
8.748432874679565,156914
8.749291181564331,156914
8.750144720077515,156914
8.75100564956665,156914
8.751847982406616,156914
8.752697706222534,156914
8.75355315208435,156914
8.754407405853271,156914
8.755256175994873,156914
8.756103754043579,156914
8.756949424743652,156914
8.757791996002197,156914
8.758636236190796,156914
8.759484052658081,156914
8.76033067703247,156914
8.761177062988281,156914
8.762022733688354,156914
8.762858867645264,156914
8.76370358467102,156914
8.764558792114258,156914
8.76540207862854,156914
8.76624870300293,156914
8.767095565795898,156914
8.767936944961548,156914
8.76877498626709,156914
8.769623756408691,156914
8.770469427108765,156914
8.771315574645996,156914
8.77216386795044,156914
8.773009061813354,156914
8.773853063583374,156914
8.774720430374146,156914
8.775563955307007,156914
8.776418924331665,156914
8.777274131774902,156914
8.778124809265137,156914
8.778985738754272,156914
8.779834985733032,156914
8.780691623687744,156914
8.781550645828247,156914
8.782408237457275,156914
8.783268690109253,156914
8.78413724899292,156914
8.784995794296265,156914
8.78584599494934,156914
8.786702871322632,156914
8.787558317184448,156914
8.788414716720581,156914
8.789273977279663,156914
8.790130615234375,156914
8.79098916053772,156914
8.791831493377686,156914
8.792685985565186,156914
8.793535232543945,156914
8.794399976730347,156914
8.79525637626648,156914
8.79610562324524,156914
8.796961545944214,156914
8.797818183898926,156914
8.798670053482056,156914
8.799520492553711,156914
8.800371885299683,156914
8.801219701766968,156914
8.802075624465942,156914
8.802950382232666,156914
8.803832292556763,156914
8.804727792739868,156914
8.805614471435547,156914
8.806503057479858,156914
8.807392358779907,156914
8.808278322219849,156914
8.809163570404053,156914
8.810021877288818,156914
8.8108651638031,156914
8.811717748641968,156914
8.812576293945312,156914
8.813433647155762,156914
8.814301252365112,156914
8.815156698226929,156914
8.81601095199585,156914
8.816853761672974,156914
8.817710161209106,156914
8.81855821609497,156914
8.819413423538208,156914
8.820271730422974,156914
8.821124792098999,156914
8.82197880744934,156914
8.822829961776733,156914
8.823691129684448,156914
8.824554204940796,156914
8.825410842895508,156914
8.826272249221802,156914
8.827126264572144,156914
8.82798457145691,156914
8.828835010528564,156914
8.829692363739014,156914
8.830550909042358,156914
8.831409454345703,156914
8.83226728439331,156914
8.833117485046387,156914
8.833978176116943,156914
8.834823369979858,156914
8.835679531097412,156914
8.836531639099121,156914
8.83738398551941,156914
8.838229656219482,156914
8.839076519012451,156914
8.839921712875366,156914
8.840764284133911,156914
8.841611385345459,156914
8.842460870742798,156914
8.843308925628662,156914
8.8441641330719,156914
8.845008611679077,156914
8.845846891403198,156914
8.84669280052185,156914
8.84753942489624,156914
8.848384380340576,156914
8.84922480583191,156914
8.850074291229248,156914
8.850919961929321,156914
8.851758480072021,156914
8.852607488632202,156914
8.8534517288208,156914
8.854310989379883,156914
8.855156898498535,156914
8.856005191802979,156914
8.856842517852783,156914
8.857690811157227,156914
8.858542203903198,156914
8.859399557113647,156914
8.860253810882568,156914
8.86110544204712,156914
8.86196231842041,156914
8.862809419631958,156914
8.863671064376831,156914
8.864532470703125,156914
8.865392923355103,156914
8.866251230239868,156914
8.867109298706055,156914
8.867969989776611,156914
8.868817806243896,156914
8.869675159454346,156914
8.870528936386108,156914
8.87138557434082,156914
8.872239351272583,156914
8.873096942901611,156914
8.87395715713501,156914
8.87480640411377,156914
8.875660419464111,156914
8.87651777267456,156914
8.877372026443481,156914
8.878227949142456,156914
8.879083156585693,156914
8.879931688308716,156914
8.880786180496216,156914
8.881639242172241,156914
8.882489204406738,156914
8.883340835571289,156914
8.884203672409058,156914
8.885059118270874,156914
8.885933637619019,156914
8.886814594268799,156914
8.887699604034424,156914
8.888587951660156,156914
8.889476537704468,156914
8.890361309051514,156914
8.891249656677246,156914
8.892139196395874,156914
8.892995834350586,156914
8.893850326538086,156914
8.894717693328857,156914
8.895572423934937,156914
8.896430015563965,156914
8.897287368774414,156914
8.898145914077759,156914
8.899001359939575,156914
8.899845123291016,156914
8.900692701339722,156914
8.901545763015747,156914
8.902401208877563,156914
8.903255701065063,156914
8.904119968414307,156914
8.904977083206177,156914
8.905823469161987,156914
8.906676769256592,156914
8.907534837722778,156914
8.908387184143066,156914
8.909243106842041,156914
8.910102605819702,156914
8.91095757484436,156914
8.911809206008911,156914
8.912668228149414,156914
8.91352653503418,156914
8.914393901824951,156914
8.915249347686768,156914
8.916102647781372,156914
8.916953086853027,156914
8.917800426483154,156914
8.918653726577759,156914
8.919506311416626,156914
8.920358419418335,156914
8.921203136444092,156914
8.92205286026001,156914
8.922897338867188,156914
8.923742532730103,156914
8.924601554870605,156914
8.925451755523682,156914
8.926296472549438,156914
8.927140474319458,156914
8.927987575531006,156914
8.92882513999939,156914
8.929670333862305,156914
8.930513858795166,156914
8.931358575820923,156914
8.932201147079468,156914
8.933048963546753,156914
8.933884143829346,156914
8.934733629226685,156914
8.935580730438232,156914
8.936429500579834,156914
8.937276363372803,156914
8.938119411468506,156914
8.93897008895874,156914
8.939810991287231,156914
8.940657377243042,156914
8.941510438919067,156914
8.942359924316406,156914
8.943211555480957,156914
8.944076776504517,156914
8.944926738739014,156914
8.94577407836914,156914
8.946629762649536,156914
8.947484731674194,156914
8.948344469070435,156914
8.949198246002197,156914
8.950056552886963,156914
8.950912714004517,156914
8.951761960983276,156914
8.952617645263672,156914
8.953468561172485,156914
8.954333543777466,156914
8.95519208908081,156914
8.956050395965576,156914
8.95689344406128,156914
8.957747220993042,156914
8.958604097366333,156914
8.959460973739624,156914
8.960316181182861,156914
8.961175680160522,156914
8.962035655975342,156914
8.962892532348633,156914
8.963743686676025,156914
8.964600563049316,156914
8.965453624725342,156914
8.966310977935791,156914
8.96716022491455,156914
8.96800947189331,156914
8.968880891799927,156914
8.969765663146973,156914
8.97065258026123,156914
8.971543550491333,156914
8.972427368164062,156914
8.973312377929688,156914
8.974210977554321,156914
8.975099325180054,156914
8.975956439971924,156914
8.97680377960205,156914
8.977659702301025,156914
8.978515386581421,156914
8.979374647140503,156914
8.980229139328003,156914
8.981086015701294,156914
8.981938362121582,156914
8.98278546333313,156914
8.983636856079102,156914
8.98449993133545,156914
8.985355377197266,156914
8.986209154129028,156914
8.987066507339478,156914
8.987921476364136,156914
8.988768339157104,156914
8.989625215530396,156914
8.990480661392212,156914
8.991338014602661,156914
8.992195129394531,156914
8.993053674697876,156914
8.993918895721436,156914
8.994772911071777,156914
8.995629787445068,156914
8.99648666381836,156914
8.997345209121704,156914
8.99819540977478,156914
8.999050378799438,156914
8.999895811080933,156914
9.0007483959198,156914
9.001601934432983,156914
9.002456426620483,156914
9.003307819366455,156914
9.004164457321167,156914
9.005017280578613,156914
9.005855798721313,156914
9.006704568862915,156914
9.007553815841675,156914
9.008404016494751,156914
9.009248495101929,156914
9.010101556777954,156914
9.010937452316284,156914
9.011775016784668,156914
9.012626647949219,156914
9.013468742370605,156914
9.014325141906738,156914
9.015174865722656,156914
9.016019105911255,156914
9.016854763031006,156914
9.017699718475342,156914
9.018545866012573,156914
9.019392967224121,156914
9.020246028900146,156914
9.021090030670166,156914
9.021933794021606,156914
9.022776126861572,156914
9.023624420166016,156914
9.024483919143677,156914
9.025341749191284,156914
9.026190042495728,156914
9.027043342590332,156914
9.027883529663086,156914
9.028741121292114,156914
9.029601573944092,156914
9.030459642410278,156914
9.031316757202148,156914
9.03217363357544,156914
9.033032894134521,156914
9.033881425857544,156914
9.034750938415527,156914
9.035602807998657,156914
9.036456108093262,156914
9.037310361862183,156914
9.038165807723999,156914
9.039023637771606,156914
9.039869546890259,156914
9.040727853775024,156914
9.04158616065979,156914
9.042439460754395,156914
9.043293476104736,156914
9.044158458709717,156914
9.045019626617432,156914
9.045873880386353,156914
9.046720027923584,156914
9.047572612762451,156914
9.048433303833008,156914
9.04928708076477,156914
9.050142765045166,156914
9.05099868774414,156914
9.051864624023438,156914
9.052748918533325,156914
9.053639650344849,156914
9.054535388946533,156914
9.055426597595215,156914
9.056316137313843,156914
9.057202100753784,156914
9.058088302612305,156914
9.058943271636963,156914
9.059793472290039,156914
9.060650825500488,156914
9.061506271362305,156914
9.062360525131226,156914
9.063210248947144,156914
9.064072608947754,156914
9.064921617507935,156914
9.065766096115112,156914
9.066618919372559,156914
9.067472457885742,156914
9.068328380584717,156914
9.069180965423584,156914
9.070037841796875,156914
9.070883750915527,156914
9.071740627288818,156914
9.07259750366211,156914
9.073451042175293,156914
9.074322700500488,156914
9.075178384780884,156914
9.07603907585144,156914
9.076889038085938,156914
9.077741861343384,156914
9.078601598739624,156914
9.079461097717285,156914
9.080316305160522,156914
9.081166982650757,156914
9.08202314376831,156914
9.08286714553833,156914
9.083725214004517,156914
9.084588289260864,156914
9.085438251495361,156914
9.086286306381226,156914
9.087132215499878,156914
9.087983131408691,156914
9.08882474899292,156914
9.089667797088623,156914
9.090516090393066,156914
9.091365098953247,156914
9.092208623886108,156914
9.093053579330444,156914
9.09389591217041,156914
9.094751119613647,156914
9.095595598220825,156914
9.096442222595215,156914
9.09729266166687,156914
9.098134756088257,156914
9.098981380462646,156914
9.099821090698242,156914
9.100662231445312,156914
9.101502895355225,156914
9.1023530960083,156914
9.103199481964111,156914
9.104061603546143,156914
9.10490083694458,156914
9.105750322341919,156914
9.106600761413574,156914
9.1074538230896,156914
9.108307361602783,156914
9.109164476394653,156914
9.110020160675049,156914
9.110857725143433,156914
9.111713647842407,156914
9.112568855285645,156914
9.113426208496094,156914
9.114291429519653,156914
9.115148067474365,156914
9.116007804870605,156914
9.116856098175049,156914
9.11771297454834,156914
9.118565797805786,156914
9.11942172050476,156914
9.12014102935791,156914
9.12061595916748,156914
9.121095180511475,156914
9.121567249298096,156914
9.122043371200562,156914
9.122514247894287,156914
9.12299394607544,156914
9.123464822769165,156914
9.123960971832275,156914
9.124437093734741,156914
9.124912023544312,156914
9.125385284423828,156914
9.125855207443237,156914
9.126342058181763,156914
9.126814603805542,156914
9.12729549407959,156914
9.127767086029053,156914
9.128261089324951,156914
9.128734111785889,156914
9.129215002059937,156914
9.129684448242188,156914
9.130176544189453,156914
9.130646705627441,156914
9.131126165390015,156914
9.131598949432373,156914
9.13208794593811,156914
9.13256049156189,156914
9.133044958114624,156914
9.133514404296875,156914
9.134003639221191,156914
9.134477615356445,156914
9.134955167770386,156914
9.135427474975586,156914
9.135900497436523,156914
9.13637661933899,156914
9.136849164962769,156914
9.137328624725342,156914
9.137798547744751,156914
9.138280630111694,156914
9.138752222061157,156914
9.139229774475098,156914
9.139697551727295,156914
9.140178203582764,156914
9.140650510787964,156914
9.141130447387695,156914
9.141602516174316,156914
9.142080307006836,156914
9.142552375793457,156914
9.143031120300293,156914
9.143502473831177,156914
9.143991470336914,156914
9.144467115402222,156914
9.144944906234741,156914
9.145416259765625,156914
9.145888566970825,156914
9.14636778831482,156914
9.146838665008545,156914
9.147318840026855,156914
9.147788047790527,156914
9.148265838623047,156914
9.148736715316772,156914
9.149216890335083,156914
9.14968752861023,156914
9.150169849395752,156914
9.15064263343811,156914
9.151121139526367,156914
9.151593685150146,156914
9.15207028388977,156914
9.152542114257812,156914
9.153022289276123,156914
9.153493404388428,156914
9.153982400894165,156914
9.154456853866577,156914
9.154934406280518,156914
9.15540623664856,156914
9.155877113342285,156914
9.15635347366333,156914
9.156821966171265,156914
9.157304048538208,156914
9.157777309417725,156914
9.158263683319092,156914
9.158740520477295,156914
9.159234762191772,156914
9.159707069396973,156914
9.160188913345337,156914
9.160658121109009,156914
9.161139011383057,156914
9.161612749099731,156914
9.162091732025146,156914
9.162563800811768,156914
9.163054466247559,156914
9.16352891921997,156914
9.164018630981445,156914
9.164494276046753,156914
9.164970397949219,156914
9.165441513061523,156914
9.165918350219727,156914
9.166391372680664,156914
9.16685962677002,156914
9.16735029220581,156914
9.167820692062378,156914
9.168300151824951,156914
9.168771982192993,156914
9.169254779815674,156914
9.1697256565094,156914
9.170207262039185,156914
9.170676946640015,156914
9.171170473098755,156914
9.17164158821106,156914
9.172122240066528,156914
9.172590970993042,156914
9.173070907592773,156914
9.173543691635132,156914
9.174031496047974,156914
9.17450499534607,156914
9.174988031387329,156914
9.175457000732422,156914
9.1759352684021,156914
9.176403760910034,156914
9.176874160766602,156914
9.177354097366333,156914
9.177822351455688,156914
9.178298473358154,156914
9.178770303726196,156914
9.179250240325928,156914
9.1797194480896,156914
9.180200338363647,156914
9.180667877197266,156914
9.181147575378418,156914
9.18161940574646,156914
9.182096719741821,156914
9.182565689086914,156914
9.18304443359375,156914
9.183515310287476,156914
9.184004306793213,156914
9.184476375579834,156914
9.184956073760986,156914
9.185426473617554,156914
9.185898065567017,156914
9.186374425888062,156914
9.18684434890747,156914
9.18732500076294,156914
9.187795639038086,156914
9.18827486038208,156914
9.188747882843018,156914
9.189229249954224,156914
9.189699411392212,156914
9.190179586410522,156914
9.19064998626709,156914
9.191129446029663,156914
9.191601037979126,156914
9.192077159881592,156914
9.192547082901001,156914
9.193026781082153,156914
9.193495988845825,156914
9.193984746932983,156914
9.1944580078125,156914
9.194933414459229,156914
9.195405006408691,156914
9.19587755203247,156914
9.19635534286499,156914
9.19682502746582,156914
9.197305917739868,156914
9.197777271270752,156914
9.19825792312622,156914
9.198731184005737,156914
9.199212312698364,156914
9.19968318939209,156914
9.200165510177612,156914
9.2006356716156,156914
9.201115846633911,156914
9.201587915420532,156914
9.202065706253052,156914
9.20253610610962,156914
9.203017473220825,156914
9.203488826751709,156914
9.203978300094604,156914
9.204451322555542,156914
9.204926252365112,156914
9.205399751663208,156914
9.205870628356934,156914
9.206350088119507,156914
9.206819772720337,156914
9.20730185508728,156914
9.20777177810669,156914
9.208252191543579,156914
9.208720684051514,156914
9.209201097488403,156914
9.209670066833496,156914
9.210152387619019,156914
9.21062183380127,156914
9.211101293563843,156914
9.211572170257568,156914
9.212050914764404,156914
9.212519884109497,156914
9.212998628616333,156914
9.213469743728638,156914
9.2139573097229,156914
9.214428901672363,156914
9.21489930152893,156914
9.215377569198608,156914
9.215848207473755,156914
9.216323375701904,156914
9.216791868209839,156914
9.217272758483887,156914
9.217743873596191,156914
9.218224287033081,156914
9.218695878982544,156914
9.219175338745117,156914
9.219645500183105,156914
9.220126628875732,156914
9.220596551895142,156914
9.221073389053345,156914
9.221546173095703,156914
9.222021579742432,156914
9.222491264343262,156914
9.222971439361572,156914
9.223442316055298,156914
9.223926782608032,156914
9.224404096603394,156914
9.22487473487854,156914
9.22535252571106,156914
9.225823402404785,156914
9.226303339004517,156914
9.226773500442505,156914
9.22725534439087,156914
9.2277250289917,156914
9.228203535079956,156914
9.228676319122314,156914
9.229156970977783,156914
9.22962498664856,156914
9.230103969573975,156914
9.230573415756226,156914
9.231051683425903,156914
9.23152494430542,156914
9.232003450393677,156914
9.232473611831665,156914
9.232953548431396,156914
9.233422040939331,156914
9.233891487121582,156914
9.234381437301636,156914
9.23485279083252,156914
9.235331058502197,156914
9.235801458358765,156914
9.236279726028442,156914
9.236750841140747,156914
9.237231016159058,156914
9.237699508666992,156914
9.238179922103882,156914
9.238651037216187,156914
9.239129781723022,156914
9.239600419998169,156914
9.24007797241211,156914
9.240549087524414,156914
9.241026163101196,156914
9.241497993469238,156914
9.241976499557495,156914
9.24244737625122,156914
9.242924451828003,156914
9.24339771270752,156914
9.243867635726929,156914
9.24435806274414,156914
9.244825839996338,156914
9.24530291557312,156914
9.245773553848267,156914
9.24625301361084,156914
9.246723175048828,156914
9.24720287322998,156914
9.247672080993652,156914
9.248152732849121,156914
9.248623847961426,156914
9.24910306930542,156914
9.24957275390625,156914
9.25005054473877,156914
9.250520944595337,156914
9.250999212265015,156914
9.251469850540161,156914
9.251945972442627,156914
9.25241470336914,156914
9.252887725830078,156914
9.253363847732544,156914
9.253833293914795,156914
9.25432276725769,156914
9.254792213439941,156914
9.255269289016724,156914
9.25574016571045,156914
9.256219148635864,156914
9.256686449050903,156914
9.257168054580688,156914
9.257636785507202,156914
9.258116245269775,156914
9.258591175079346,156914
9.259068965911865,156914
9.25954008102417,156914
9.260016918182373,156914
9.260487794876099,156914
9.260964632034302,156914
9.261436939239502,156914
9.26191258430481,156914
9.262382984161377,156914
9.26285433769226,156914
9.263331651687622,156914
9.26380205154419,156914
9.264295101165771,156914
9.264765739440918,156914
9.265246391296387,156914
9.26571774482727,156914
9.26620101928711,156914
9.266671657562256,156914
9.267154216766357,156914
9.267623662948608,156914
9.268101930618286,156914
9.268572330474854,156914
9.269048690795898,156914
9.269516468048096,156914
9.269996881484985,156914
9.270467042922974,156914
9.270945310592651,156914
9.271414756774902,156914
9.271883249282837,156914
9.272359609603882,156914
9.27283239364624,156914
9.27330756187439,156914
9.273780107498169,156914
9.274273872375488,156914
9.274743795394897,156914
9.275223731994629,156914
9.27569580078125,156914
9.276175022125244,156914
9.276645421981812,156914
9.27712631225586,156914
9.277595281600952,156914
9.27807331085205,156914
9.278544187545776,156914
9.279020309448242,156914
9.27949070930481,156914
9.279969692230225,156914
9.280441999435425,156914
9.280917406082153,156914
9.281389951705933,156914
9.281858444213867,156914
9.282335996627808,156914
9.282808303833008,156914
9.28328800201416,156914
9.283756971359253,156914
9.284250497817993,156914
9.28472113609314,156914
9.285199880599976,156914
9.285669088363647,156914
9.286150217056274,156914
9.286619186401367,156914
9.287101745605469,156914
9.28757095336914,156914
9.288049936294556,156914
9.288522243499756,156914
9.289000272750854,156914
9.289470911026001,156914
9.289950132369995,156914
9.290420532226562,156914
9.290889263153076,156914
9.291365146636963,156914
9.291837930679321,156914
9.292313575744629,156914
9.29278564453125,156914
9.293263912200928,156914
9.293733835220337,156914
9.294226884841919,156914
9.294697523117065,156914
9.295178651809692,156914
9.295650959014893,156914
9.29612946510315,156914
9.296597003936768,156914
9.297074317932129,156914
9.297544002532959,156914
9.298020124435425,156914
9.298492431640625,156914
9.298970699310303,156914
9.299439907073975,156914
9.299915790557861,156914
9.300386428833008,156914
9.300856828689575,156914
9.301333665847778,156914
9.30180311203003,156914
9.302281856536865,156914
9.30275297164917,156914
9.303231716156006,156914
9.303700923919678,156914
9.30419659614563,156914
9.304664850234985,156914
9.305141925811768,156914
9.305613040924072,156914
9.3060884475708,156914
9.306558609008789,156914
9.30703592300415,156914
9.307506322860718,156914
9.307984828948975,156914
9.308457612991333,156914
9.308931350708008,156914
9.309401273727417,156914
9.3098726272583,156914
9.310348987579346,156914
9.310819149017334,156914
9.311296939849854,156914
9.311767101287842,156914
9.31224513053894,156914
9.312716722488403,156914
9.313198328018188,156914
9.313668489456177,156914
9.31416392326355,156914
9.314632177352905,156914
9.315112113952637,156914
9.315581798553467,156914
9.31605839729309,156914
9.3165283203125,156914
9.317006826400757,156914
9.317477941513062,156914
9.31795597076416,156914
9.318426609039307,156914
9.318896055221558,156914
9.31937313079834,156914
9.319843292236328,156914
9.320319890975952,156914
9.320788860321045,156914
9.321269512176514,156914
9.32173752784729,156914
9.322215795516968,156914
9.322686433792114,156914
9.323167085647583,156914
9.323637247085571,156914
9.324127674102783,156914
9.324597358703613,156914
9.325075149536133,156914
9.325547218322754,156914
9.326021909713745,156914
9.326490640640259,156914
9.326969861984253,156914
9.32744026184082,156914
9.327913999557495,156914
9.328387022018433,156914
9.328855991363525,156914
9.329334735870361,156914
9.329806089401245,156914
9.33028531074524,156914
9.330755472183228,156914
9.331236362457275,156914
9.331708669662476,156914
9.332188606262207,156914
9.332659721374512,156914
9.333140134811401,156914
9.333609104156494,156914
9.33409833908081,156914
9.334568738937378,156914
9.335044622421265,156914
9.335516452789307,156914
9.335994005203247,156914
9.336465120315552,156914
9.336943864822388,156914
9.337413549423218,156914
9.337882280349731,156914
9.33836317062378,156914
9.338834285736084,156914
9.339312076568604,156914
9.339783430099487,156914
9.340266942977905,156914
9.34073805809021,156914
9.341218948364258,156914
9.341688632965088,156914
9.342168092727661,156914
9.34264087677002,156914
9.34312129020691,156914
9.343590259552002,156914
9.344077587127686,156914
9.344548463821411,156914
9.34502649307251,156914
9.34549856185913,156914
9.345977783203125,156914
9.34644865989685,156914
9.346924304962158,156914
9.347393989562988,156914
9.34786581993103,156914
9.348344087600708,156914
9.348813533782959,156914
9.349291563034058,156914
9.349762439727783,156914
9.350239992141724,156914
9.35071063041687,156914
9.351193189620972,156914
9.351662397384644,156914
9.352139234542847,156914
9.352612257003784,156914
9.35309100151062,156914
9.353559970855713,156914
9.354047775268555,156914
9.354518413543701,156914
9.354996681213379,156914
9.355468988418579,156914
9.355946779251099,156914
9.35641598701477,156914
9.356884241104126,156914
9.357361078262329,156914
9.357830286026001,156914
9.358309745788574,156914
9.35878038406372,156914
9.359260082244873,156914
9.359731912612915,156914
9.360212326049805,156914
9.36068058013916,156914
9.361160516738892,156914
9.361630201339722,156914
9.362107276916504,156914
9.362576723098755,156914
9.363054990768433,156914
9.363525390625,156914
9.364014863967896,156914
9.364485263824463,156914
9.364963293075562,156914
9.36543583869934,156914
9.36590313911438,156914
9.366379022598267,156914
9.366849184036255,156914
9.367327451705933,156914
9.367796659469604,156914
9.368276119232178,156914
9.368747234344482,156914
9.369226455688477,156914
9.369696617126465,156914
9.370174407958984,156914
9.370644807815552,156914
9.371126413345337,156914
9.37159538269043,156914
9.372071027755737,156914
9.372543096542358,156914
9.373016834259033,156914
9.37348985671997,156914
9.373979091644287,156914
9.374451637268066,156914
9.374924421310425,156914
9.37539792060852,156914
9.375869512557983,156914
9.376345872879028,156914
9.376815795898438,156914
9.377293586730957,156914
9.377762079238892,156914
9.37824296951294,156914
9.378711462020874,156914
9.379190921783447,156914
9.379663944244385,156914
9.3801429271698,156914
9.380609512329102,156914
9.381089925765991,156914
9.381557941436768,156914
9.38203501701355,156914
9.38250732421875,156914
9.382986783981323,156914
9.383454084396362,156914
9.38393759727478,156914
9.384408712387085,156914
9.384877443313599,156914
9.385358095169067,156914
9.385826826095581,156914
9.386304140090942,156914
9.386776447296143,156914
9.387256145477295,156914
9.387726783752441,156914
9.38821005821228,156914
9.388680219650269,156914
9.389159917831421,156914
9.38963270187378,156914
9.390113353729248,156914
9.39058256149292,156914
9.391062498092651,156914
9.391533613204956,156914
9.392011880874634,156914
9.392486333847046,156914
9.392964601516724,156914
9.393434762954712,156914
9.393920660018921,156914
9.394394636154175,156914
9.394861459732056,156914
9.395340919494629,156914
9.395809412002563,156914
9.396288871765137,156914
9.396759986877441,156914
9.397241592407227,156914
9.397711515426636,156914
9.398195505142212,156914
9.398662567138672,156914
9.399141311645508,156914
9.399612665176392,156914
9.40009093284607,156914
9.40056037902832,156914
9.401039361953735,156914
9.401509523391724,156914
9.401987552642822,156914
9.402458906173706,156914
9.402934551239014,156914
9.40340518951416,156914
9.403877258300781,156914
9.40436601638794,156914
9.404836893081665,156914
9.405313968658447,156914
9.405783414840698,156914
9.40626049041748,156914
9.406731367111206,156914
9.407209873199463,156914
9.407680034637451,156914
9.408162355422974,156914
9.408629894256592,156914
9.409109115600586,156914
9.40958046913147,156914
9.41005802154541,156914
9.41052770614624,156914
9.41100788116455,156914
9.411478757858276,156914
9.411955833435059,156914
9.41242790222168,156914
9.412898540496826,156914
9.413376808166504,156914
9.413849830627441,156914
9.414340019226074,156914
9.414808988571167,156914
9.415290832519531,156914
9.415760278701782,156914
9.416240453720093,156914
9.416710138320923,156914
9.417189121246338,156914
9.417659044265747,156914
9.418140172958374,156914
9.418610572814941,156914
9.41909146308899,156914
9.419561624526978,156914
9.420039415359497,156914
9.420507907867432,156914
9.420986413955688,156914
9.421456813812256,156914
9.4219331741333,156914
9.422405242919922,156914
9.42287540435791,156914
9.423351049423218,156914
9.423823595046997,156914
9.42431354522705,156914
9.424784183502197,156914
9.425264358520508,156914
9.4257333278656,156914
9.426213502883911,156914
9.426684141159058,156914
9.42716360092163,156914
9.427632570266724,156914
9.428115606307983,156914
9.428585290908813,156914
9.429062843322754,156914
9.4295334815979,156914
9.430010557174683,156914
9.430481433868408,156914
9.430962085723877,156914
9.43143105506897,156914
9.431900024414062,156914
9.432377338409424,156914
9.432846307754517,156914
9.433326005935669,156914
9.433796405792236,156914
9.434287071228027,156914
9.43475866317749,156914
9.435240268707275,156914
9.435708045959473,156914
9.436186075210571,156914
9.436657905578613,156914
9.437137842178345,156914
9.437609910964966,156914
9.438089370727539,156914
9.438557863235474,156914
9.439033269882202,156914
9.43950605392456,156914
9.439985990524292,156914
9.440455675125122,156914
9.44093370437622,156914
9.44140338897705,156914
9.441869974136353,156914
9.442347764968872,156914
9.442816257476807,156914
9.443294525146484,156914
9.443764209747314,156914
9.444254398345947,156914
9.444723844528198,156914
9.445205688476562,156914
9.44567608833313,156914
9.44615650177002,156914
9.44662618637085,156914
9.447105169296265,156914
9.447575330734253,156914
9.448055028915405,156914
9.448525190353394,156914
9.44900369644165,156914
9.449474096298218,156914
9.449950456619263,156914
9.450420141220093,156914
9.450888395309448,156914
9.451364994049072,156914
9.451833009719849,156914
9.452310562133789,156914
9.452777862548828,156914
9.453256368637085,156914
9.453728914260864,156914
9.45422077178955,156914
9.454691410064697,156914
9.455171823501587,156914
9.455641269683838,156914
9.456120252609253,156914
9.456591844558716,156914
9.457069158554077,156914
9.457540512084961,156914
9.45802092552185,156914
9.458491086959839,156914
9.458967685699463,156914
9.459439039230347,156914
9.459918022155762,156914
9.4603910446167,156914
9.460862874984741,156914
9.46134090423584,156914
9.461812496185303,156914
9.462291955947876,156914
9.462763786315918,156914
9.463246822357178,156914
9.46371865272522,156914
9.464210033416748,156914
9.464681148529053,156914
9.465161800384521,156914
9.465631246566772,156914
9.466110706329346,156914
9.466582775115967,156914
9.467059850692749,156914
9.467530965805054,156914
9.468010902404785,156914
9.468481063842773,156914
9.468960762023926,156914
9.469431400299072,156914
9.469901323318481,156914
9.470378875732422,156914
9.470849752426147,156914
9.471327543258667,156914
9.471796035766602,156914
9.472275972366333,156914
9.472745418548584,156914
9.473224878311157,156914
9.47369647026062,156914
9.474187850952148,156914
9.474660158157349,156914
9.475141286849976,156914
9.475610256195068,156914
9.476086854934692,156914
9.476556301116943,156914
9.477033376693726,156914
9.477503538131714,156914
9.477982759475708,156914
9.478453159332275,156914
9.478926181793213,156914
9.479397535324097,156914
9.479868173599243,156914
9.48034381866455,156914
9.48081660270691,156914
9.481292486190796,156914
9.481762886047363,156914
9.482242822647095,156914
9.482712745666504,156914
9.483193159103394,156914
9.483662843704224,156914
9.484153747558594,156914
9.48462438583374,156914
9.48510456085205,156914
9.48557424545288,156914
9.486050367355347,156914
9.486521482467651,156914
9.486999750137329,156914
9.48746943473816,156914
9.487948179244995,156914
9.488418579101562,156914
9.488887548446655,156914
9.489365816116333,156914
9.489833354949951,156914
9.490314245223999,156914
9.4907865524292,156914
9.491266250610352,156914
9.491738319396973,156914
9.492220401763916,156914
9.492692232131958,156914
9.493173837661743,156914
9.493643760681152,156914
9.494134426116943,156914
9.494602918624878,156914
9.495080471038818,156914
9.49554967880249,156914
9.496025800704956,156914
9.496498107910156,156914
9.496976137161255,156914
9.497443914413452,156914
9.497920751571655,156914
9.498389959335327,156914
9.498860359191895,156914
9.499338150024414,156914
9.49980616569519,156914
9.500285148620605,156914
9.500755786895752,156914
9.501235008239746,156914
9.501705169677734,156914
9.502187013626099,156914
9.502657175064087,156914
9.503136157989502,156914
9.503608703613281,156914
9.504095077514648,156914
9.504563570022583,156914
9.50504183769226,156914
9.505510330200195,156914
9.50598955154419,156914
9.506462335586548,156914
9.506939172744751,156914
9.507410764694214,156914
9.507881164550781,156914
9.508357763290405,156914
9.508828401565552,156914
9.509308576583862,156914
9.50977897644043,156914
9.510257005691528,156914
9.510728597640991,156914
9.511208772659302,156914
9.511677503585815,156914
9.512160301208496,156914
9.512630701065063,156914
9.5131094455719,156914
9.5135817527771,156914
9.514070272445679,156914
9.514540195465088,156914
9.515019416809082,156914
9.515487909317017,156914
9.515966653823853,156914
9.51643991470337,156914
9.516913890838623,156914
9.517387628555298,156914
9.51785945892334,156914
9.51833724975586,156914
9.51880669593811,156914
9.519287586212158,156914
9.519757747650146,156914
9.520234107971191,156914
9.520703792572021,156914
9.52118444442749,156914
9.521656274795532,156914
9.52214002609253,156914
9.522610187530518,156914
9.523086547851562,156914
9.523558855056763,156914
9.524043083190918,156914
9.524513244628906,156914
9.524991750717163,156914
9.52546238899231,156914
9.525936365127563,156914
9.526408433914185,156914
9.526877403259277,156914
9.527355194091797,156914
9.527824401855469,156914
9.52830195426941,156914
9.52877163887024,156914
9.529254913330078,156914
9.529723644256592,156914
9.530203104019165,156914
9.530674695968628,156914
9.53115463256836,156914
9.531625509262085,156914
9.532105445861816,156914
9.532573461532593,156914
9.533050060272217,156914
9.533519744873047,156914
9.534010410308838,156914
9.534486055374146,156914
9.53496503829956,156914
9.535433292388916,156914
9.535902500152588,156914
9.53638243675232,156914
9.53685212135315,156914
9.537328004837036,156914
9.537798404693604,156914
9.53827691078186,156914
9.53874659538269,156914
9.539226770401001,156914
9.53969669342041,156914
9.540175437927246,156914
9.540645599365234,156914
9.541125059127808,156914
9.541595697402954,156914
9.542075157165527,156914
9.542545795440674,156914
9.54302167892456,156914
9.543495178222656,156914
9.543983221054077,156914
9.544456005096436,156914
9.544933557510376,156914
9.545406341552734,156914
9.545878171920776,156914
9.546359539031982,156914
9.546830654144287,156914
9.547308921813965,156914
9.547781705856323,156914
9.548261880874634,156914
9.548733949661255,156914
9.549216508865356,156914
9.549686193466187,156914
9.550169467926025,156914
9.550642251968384,156914
9.551121234893799,156914
9.551591873168945,156914
9.55207109451294,156914
9.552541255950928,156914
9.55301833152771,156914
9.553491592407227,156914
9.553977966308594,156914
9.55444884300232,156914
9.554926872253418,156914
9.555400371551514,156914
9.555871725082397,156914
9.556350469589233,156914
9.556821584701538,156914
9.557302951812744,156914
9.557775497436523,156914
9.558264017105103,156914
9.558735132217407,156914
9.559218168258667,156914
9.559687852859497,156914
9.56016993522644,156914
9.560643196105957,156914
9.561121463775635,156914
9.561592817306519,156914
9.562071084976196,156914
9.562540769577026,156914
9.563019275665283,156914
9.563491582870483,156914
9.563980102539062,156914
9.564452171325684,156914
9.564930200576782,156914
9.565401792526245,156914
9.565872430801392,156914
9.566351175308228,156914
9.566821336746216,156914
9.567299842834473,156914
9.56777048110962,156914
9.568251609802246,156914
9.568721532821655,156914
9.569204807281494,156914
9.569675207138062,156914
9.57015323638916,156914
9.570625066757202,156914
9.571101427078247,156914
9.571571111679077,156914
9.572051525115967,156914
9.572522401809692,156914
9.573000192642212,156914
9.5734703540802,156914
9.573959112167358,156914
9.574430465698242,156914
9.57490062713623,156914
9.575376510620117,156914
9.57584810256958,156914
9.576327323913574,156914
9.576794385910034,156914
9.577272653579712,156914
9.577743768692017,156914
9.578223943710327,156914
9.578693628311157,156914
9.579174518585205,156914
9.579644918441772,156914
9.580124139785767,156914
9.580594539642334,156914
9.581070184707642,156914
9.581538677215576,156914
9.582018375396729,156914
9.582489728927612,156914
9.582968473434448,156914
9.583439826965332,156914
9.583922147750854,156914
9.584394931793213,156914
9.584869146347046,156914
9.585346460342407,156914
9.585816144943237,156914
9.586296558380127,156914
9.58676552772522,156914
9.587244987487793,156914
9.587716579437256,156914
9.588197708129883,156914
9.588667392730713,156914
9.58914852142334,156914
9.589617013931274,156914
9.59009599685669,156914
9.590567111968994,156914
9.591042280197144,156914
9.591511487960815,156914
9.59199070930481,156914
9.592463254928589,156914
9.592941284179688,156914
9.593413829803467,156914
9.593883275985718,156914
9.594370603561401,156914
9.594843864440918,156914
9.595321893692017,156914
9.595793962478638,156914
9.596276044845581,156914
9.596744775772095,156914
9.597225427627563,156914
9.59769606590271,156914
9.598174333572388,156914
9.59864592552185,156914
9.599127769470215,156914
9.599598407745361,156914
9.600076913833618,156914
9.600547552108765,156914
9.601022720336914,156914
9.601491689682007,156914
9.60197138786316,156914
9.602440357208252,156914
9.602915525436401,156914
9.603386402130127,156914
9.603856563568115,156914
9.604343891143799,156914
9.604816436767578,156914
9.605295419692993,156914
9.605764150619507,156914
9.606245756149292,156914
9.606715679168701,156914
9.607195377349854,156914
9.607665777206421,156914
9.60814380645752,156914
9.608614444732666,156914
9.609094619750977,156914
9.609565734863281,156914
9.610044240951538,156914
9.610518217086792,156914
9.610997200012207,156914
9.611467123031616,156914
9.611947536468506,156914
9.612419605255127,156914
9.61288833618164,156914
9.613367795944214,156914
9.61383867263794,156914
9.614325284957886,156914
9.614798307418823,156914
9.615278482437134,156914
9.615748882293701,156914
9.616230964660645,156914
9.616701602935791,156914
9.617186069488525,156914
9.617695569992065,156914
9.61817479133606,156914
9.618644714355469,156914
9.61912488937378,156914
9.619595766067505,156914
9.620072603225708,156914
9.620544910430908,156914
9.621021747589111,156914
9.621493577957153,156914
9.621973752975464,156914
9.622443914413452,156914
9.622918367385864,156914
9.623391389846802,156914
9.623861074447632,156914
9.62434983253479,156914
9.624822854995728,156914
9.625299215316772,156914
9.625771522521973,156914
9.626253843307495,156914
9.626724004745483,156914
9.627204656600952,156914
9.627675533294678,156914
9.628156185150146,156914
9.62862777709961,156914
9.629109382629395,156914
9.629580736160278,156914
9.630059719085693,156914
9.63053035736084,156914
9.631008386611938,156914
9.63147783279419,156914
9.6319580078125,156914
9.632429361343384,156914
9.632902145385742,156914
9.633380651473999,156914
9.633850336074829,156914
9.634341955184937,156914
9.634814262390137,156914
9.63529348373413,156914
9.63576340675354,156914
9.636243343353271,156914
9.63671350479126,156914
9.637192964553833,156914
9.637664079666138,156914
9.638141870498657,156914
9.638611316680908,156914
9.63909125328064,156914
9.639561653137207,156914
9.640039682388306,156914
9.640511274337769,156914
9.640990018844604,156914
9.641462564468384,156914
9.64194107055664,156914
9.642411470413208,156914
9.642881155014038,156914
9.643360614776611,156914
9.643831491470337,156914
9.644319772720337,156914
9.644791841506958,156914
9.64527153968811,156914
9.64574122428894,156914
9.646222829818726,156914
9.646693706512451,156914
9.647174596786499,156914
9.647645711898804,156914
9.648126125335693,156914
9.648595333099365,156914
9.649075508117676,156914
9.649544477462769,156914
9.650024890899658,156914
9.650496244430542,156914
9.650975465774536,156914
9.651447534561157,156914
9.65192461013794,156914
9.652396440505981,156914
9.652868270874023,156914
9.653346538543701,156914
9.653818845748901,156914
9.654308557510376,156914
9.654780864715576,156914
9.655260562896729,156914
9.655731439590454,156914
9.656213521957397,156914
9.656682968139648,156914
9.657162189483643,156914
9.657634735107422,156914
9.6581130027771,156914
9.65858244895935,156914
9.659060001373291,156914
9.6595299243927,156914
9.66000747680664,156914
9.660482168197632,156914
9.66096043586731,156914
9.661431074142456,156914
9.661902666091919,156914
9.662381172180176,156914
9.662850379943848,156914
9.663329839706421,156914
9.663801670074463,156914
9.664291381835938,156914
9.664762735366821,156914
9.665241479873657,156914
9.665712356567383,156914
9.666194915771484,156914
9.666665077209473,156914
9.6671462059021,156914
9.667618751525879,156914
9.66809892654419,156914
9.668567657470703,156914
9.669047117233276,156914
9.66951847076416,156914
9.669997453689575,156914
9.670470952987671,156914
9.670948266983032,156914
9.671418905258179,156914
9.671892166137695,156914
9.672369718551636,156914
9.672839403152466,156914
9.673319339752197,156914
9.673790454864502,156914
9.674284219741821,156914
9.674760341644287,156914
9.675240516662598,156914
9.675709247589111,156914
9.676190376281738,156914
9.67665958404541,156914
9.677141666412354,156914
9.67761492729187,156914
9.678094148635864,156914
9.67856502532959,156914
9.679044485092163,156914
9.679516553878784,156914
9.679994344711304,156914
9.680464744567871,156914
9.680952072143555,156914
9.681422472000122,156914
9.681894063949585,156914
9.682373523712158,156914
9.682843685150146,156914
9.683324337005615,156914
9.683794021606445,156914
9.684285402297974,156914
9.684755086898804,156914
9.685235261917114,156914
9.68570590019226,156914
9.686187028884888,156914
9.686656951904297,156914
9.687138080596924,156914
9.687611818313599,156914
9.688089609146118,156914
9.688558578491211,156914
9.68903660774231,156914
9.689507246017456,156914
9.689985275268555,156914
9.690458536148071,156914
9.690935373306274,156914
9.691407442092896,156914
9.691880464553833,156914
9.692356586456299,156914
9.692826747894287,156914
9.693307638168335,156914
9.693779706954956,156914
9.694271087646484,156914
9.694743156433105,156914
9.695223808288574,156914
9.695693492889404,156914
9.696175336837769,156914
9.69664716720581,156914
9.697126388549805,156914
9.697598695755005,156914
9.698076963424683,156914
9.698546171188354,156914
9.699024200439453,156914
9.69949221611023,156914
9.69996976852417,156914
9.700442552566528,156914
9.700918436050415,156914
9.701390027999878,156914
9.70185899734497,156914
9.70233702659607,156914
9.702807188034058,156914
9.703288316726685,156914
9.703759670257568,156914
9.70425295829773,156914
9.704723834991455,156914
9.705206155776978,156914
9.705678701400757,156914
9.706159114837646,156914
9.706627368927002,156914
9.707106351852417,156914
9.7075777053833,156914
9.7080557346344,156914
9.70852518081665,156914
9.709006786346436,156914
9.709479570388794,156914
9.709957599639893,156914
9.710427045822144,156914
9.710896968841553,156914
9.71137523651123,156914
9.71185040473938,156914
9.712329626083374,156914
9.712801456451416,156914
9.713283061981201,156914
9.713751792907715,156914
9.71424388885498,156914
9.714715003967285,156914
9.7151939868927,156914
9.715662240982056,156914
9.716141939163208,156914
9.716612100601196,156914
9.717092275619507,156914
9.717564105987549,156914
9.718046426773071,156914
9.718517303466797,156914
9.718998670578003,156914
9.719470739364624,156914
9.719947814941406,156914
9.720419645309448,156914
9.720888137817383,156914
9.72136664390564,156914
9.72183895111084,156914
9.72231650352478,156914
9.72278642654419,156914
9.723267316818237,156914
9.723737478256226,156914
9.724230766296387,156914
9.724704504013062,156914
9.725183248519897,156914
9.725654125213623,156914
9.726135730743408,156914
9.72660779953003,156914
9.727087497711182,156914
9.727558851242065,156914
9.72803521156311,156914
9.728504657745361,156914
9.72898268699646,156914
9.729453563690186,156914
9.729928493499756,156914
9.730401992797852,156914
9.730872631072998,156914
9.731350183486938,156914
9.731821537017822,156914
9.732300996780396,156914
9.732770204544067,156914
9.73325252532959,156914
9.733721256256104,156914
9.734214067459106,156914
9.734686374664307,156914
9.735166311264038,156914
9.735637903213501,156914
9.736129522323608,156914
9.736599683761597,156914
9.737077951431274,156914
9.737550973892212,156914
9.738028764724731,156914
9.738497495651245,156914
9.738977909088135,156914
9.739450216293335,156914
9.739925384521484,156914
9.740399837493896,156914
9.740871667861938,156914
9.7413489818573,156914
9.741819143295288,156914
9.742296934127808,156914
9.742767333984375,156914
9.743251323699951,156914
9.743721723556519,156914
9.744213819503784,156914
9.744689464569092,156914
9.745168209075928,156914
9.74564003944397,156914
9.746121644973755,156914
9.746592044830322,156914
9.747071027755737,156914
9.747542381286621,156914
9.748019218444824,156914
9.748489379882812,156914
9.748969793319702,156914
9.749442100524902,156914
9.749919891357422,156914
9.750394821166992,156914
9.750864744186401,156914
9.751343011856079,156914
9.751816272735596,156914
9.752294301986694,156914
9.752763271331787,156914
9.753245830535889,156914
9.75371527671814,156914
9.754205465316772,156914
9.75467824935913,156914
9.755157709121704,156914
9.755629062652588,156914
9.75611162185669,156914
9.756584167480469,156914
9.757062196731567,156914
9.757533073425293,156914
9.758011102676392,156914
9.758481979370117,156914
9.758962392807007,156914
9.759433269500732,156914
9.759909391403198,156914
9.760381698608398,156914
9.760852098464966,156914
9.761329174041748,156914
9.761801958084106,156914
9.762280702590942,156914
9.762753009796143,156914
9.763235330581665,156914
9.763706684112549,156914
9.76419734954834,156914
9.764667749404907,156914
9.76514720916748,156914
9.765616416931152,156914
9.766099214553833,156914
9.766568422317505,156914
9.767045259475708,156914
9.767516851425171,156914
9.76799750328064,156914
9.768468379974365,156914
9.768948793411255,156914
9.769419431686401,156914
9.769888639450073,156914
9.77036738395691,156914
9.770836591720581,156914
9.771312236785889,156914
9.771782636642456,156914
9.772260665893555,156914
9.77273178100586,156914
9.773213863372803,156914
9.773685693740845,156914
9.77417778968811,156914
9.774650573730469,156914
9.775129079818726,156914
9.775599479675293,156914
9.776077508926392,156914
9.776548624038696,156914
9.777024745941162,156914
9.77749752998352,156914
9.777978658676147,156914
9.778449535369873,156914
9.778923988342285,156914
9.779395818710327,156914
9.77986741065979,156914
9.7803475856781,156914
9.780817031860352,156914
9.78129768371582,156914
9.78176736831665,156914
9.782247304916382,156914
9.782715559005737,156914
9.783196926116943,156914
9.783666372299194,156914
9.78416109085083,156914
9.784634351730347,156914
9.78511381149292,156914
9.785582780838013,156914
9.786061525344849,156914
9.786533117294312,156914
9.787012577056885,156914
9.787484169006348,156914
9.787965774536133,156914
9.788436889648438,156914
9.788912773132324,156914
9.789385318756104,156914
9.789854526519775,156914
9.790334463119507,156914
9.790805578231812,156914
9.791284799575806,156914
9.791757345199585,156914
9.792237043380737,156914
9.792707443237305,156914
9.793190002441406,156914
9.793660640716553,156914
9.794152736663818,156914
9.794623374938965,156914
9.795104026794434,156914
9.795573949813843,156914
9.796054124832153,156914
9.796522378921509,156914
9.797000885009766,156914
9.797473669052124,156914
9.797950983047485,156914
9.798423051834106,156914
9.798895120620728,156914
9.799371480941772,156914
9.799840927124023,156914
9.800321102142334,156914
9.800790548324585,156914
9.801270246505737,156914
9.801742553710938,156914
9.802222728729248,156914
9.802690505981445,156914
9.803173780441284,156914
9.803642272949219,156914
9.8041353225708,156914
9.804605722427368,156914
9.805081605911255,156914
9.805552005767822,156914
9.806029081344604,156914
9.806499004364014,156914
9.806976795196533,156914
9.807448625564575,156914
9.80792498588562,156914
9.808397054672241,156914
9.808869123458862,156914
9.809347152709961,156914
9.809817790985107,156914
9.81029725074768,156914
9.810768604278564,156914
9.811248540878296,156914
9.811719179153442,156914
9.812197923660278,156914
9.812667846679688,156914
9.813148975372314,156914
9.813619375228882,156914
9.814111471176147,156914
9.814584016799927,156914
9.815062999725342,156914
9.815534114837646,156914
9.816014528274536,156914
9.816482782363892,156914
9.816959142684937,156914
9.817432403564453,156914
9.817901372909546,156914
9.818377256393433,156914
9.818846940994263,156914
9.819325923919678,156914
9.819795608520508,156914
9.820275783538818,156914
9.820744752883911,156914
9.82122540473938,156914
9.821696043014526,156914
9.822173357009888,156914
9.822642803192139,156914
9.823126316070557,156914
9.82360029220581,156914
9.82408881187439,156914
9.824559926986694,156914
9.82503628730774,156914
9.825507402420044,156914
9.825986385345459,156914
9.82645559310913,156914
9.826934337615967,156914
9.827409029006958,156914
9.827879667282104,156914
9.828357458114624,156914
9.82883071899414,156914
9.82931137084961,156914
9.82978105545044,156914
9.830263376235962,156914
9.830732107162476,156914
9.83121371269226,156914
9.831686973571777,156914
9.83216643333435,156914
9.832638502120972,156914
9.833118915557861,156914
9.833587408065796,156914
9.83407211303711,156914
9.83454442024231,156914
9.835021257400513,156914
9.835492134094238,156914
9.835973024368286,156914
9.836442470550537,156914
9.836920022964478,156914
9.83739423751831,156914
9.837864637374878,156914
9.838343143463135,156914
9.838814735412598,156914
9.839293718338013,156914
9.839762687683105,156914
9.84024453163147,156914
9.840713262557983,156914
9.841193199157715,156914
9.841665267944336,156914
9.8421471118927,156914
9.842618227005005,156914
9.84309983253479,156914
9.843569993972778,156914
9.84405779838562,156914
9.844532012939453,156914
9.845008850097656,156914
9.845479488372803,156914
9.84596061706543,156914
9.846431970596313,156914
9.84690260887146,156914
9.847381114959717,156914
9.847851037979126,156914
9.848328590393066,156914
9.84879994392395,156914
9.849278450012207,156914
9.849749326705933,156914
9.85023283958435,156914
9.850703001022339,156914
9.851179838180542,156914
9.851650476455688,156914
9.852129459381104,156914
9.852600574493408,156914
9.85308027267456,156914
9.853551149368286,156914
9.854040622711182,156914
9.85451340675354,156914
9.854992151260376,156914
9.85546588897705,156914
9.855945110321045,156914
9.856415510177612,156914
9.856886386871338,156914
9.857364892959595,156914
9.857836246490479,156914
9.85831594467163,156914
9.858786821365356,156914
9.859264373779297,156914
9.859733819961548,156914
9.860217809677124,156914
9.86068844795227,156914
9.86116909980774,156914
9.86164140701294,156914
9.862123012542725,156914
9.862592220306396,156914
9.863071918487549,156914
9.863542556762695,156914
9.864031791687012,156914
9.864506244659424,156914
9.864985466003418,156914
9.86545705795288,156914
9.86593747138977,156914
9.866406202316284,156914
9.866878271102905,156914
9.867357969284058,156914
9.867826461791992,156914
9.868303537368774,156914
9.86877727508545,156914
9.869258165359497,156914
9.869728803634644,156914
9.87021017074585,156914
9.870681524276733,156914
9.871159553527832,156914
9.87163233757019,156914
9.872113943099976,156914
9.872583627700806,156914
9.873063802719116,156914
9.873534679412842,156914
9.874025583267212,156914
9.874500036239624,156914
9.874976396560669,156914
9.875447750091553,156914
9.875925064086914,156914
9.876395463943481,156914
9.87686538696289,156914
9.87734341621399,156914
9.877814769744873,156914
9.878292560577393,156914
9.878764152526855,156914
9.879244327545166,156914
9.879712581634521,156914
9.880192756652832,156914
9.880662679672241,156914
9.88114309310913,156914
9.88161301612854,156914
9.882091045379639,156914
9.882559299468994,156914
9.883036851882935,156914
9.88350510597229,156914
9.883992910385132,156914
9.884467124938965,156914
9.884949445724487,156914
9.885420083999634,156914
9.88589334487915,156914
9.886369228363037,156914
9.886838674545288,156914
9.887317180633545,156914
9.887787342071533,156914
9.888264894485474,156914
9.88873815536499,156914
9.889218091964722,156914
9.889687538146973,156914
9.890167951583862,156914
9.890639543533325,156914
9.891117811203003,156914
9.891590356826782,156914
9.892068147659302,156914
9.892539501190186,156914
9.893018245697021,156914
9.893490552902222,156914
9.893992900848389,156914
9.894495964050293,156914
9.894975423812866,156914
9.895444631576538,156914
9.89592170715332,156914
9.896392822265625,156914
9.896862745285034,156914
9.897343158721924,156914
9.897812843322754,156914
9.898292779922485,156914
9.898766279220581,156914
9.899245262145996,156914
9.899714469909668,156914
9.90019941329956,156914
9.90066933631897,156914
9.901222467422485,156914
9.901695728302002,156914
9.902177572250366,156914
9.902647972106934,156914
9.903128862380981,156914
9.903599739074707,156914
9.904089212417603,156914
9.904564142227173,156914
9.905041933059692,156914
9.905511856079102,156914
9.90599536895752,156914
9.906468152999878,156914
9.906945943832397,156914
9.907418012619019,156914
9.907887935638428,156914
9.908382415771484,156914
9.908855438232422,156914
9.909332275390625,156914
9.909801006317139,156914
9.91028094291687,156914
9.910750389099121,156914
9.911229848861694,156914
9.91170334815979,156914
9.912184000015259,156914
9.9126558303833,156914
9.913136005401611,156914
9.913604736328125,156914
9.914093017578125,156914
9.914565324783325,156914
9.915042638778687,156914
9.915513277053833,156914
9.915993452072144,156914
9.91646409034729,156914
9.916938781738281,156914
9.917412042617798,156914
9.91788101196289,156914
9.91835904121399,156914
9.91883134841919,156914
9.919309854507446,156914
9.919779539108276,156914
9.92026424407959,156914
9.920734167098999,156914
9.92121410369873,156914
9.921685457229614,156914
9.92216420173645,156914
9.922631740570068,156914
9.923112630844116,156914
9.92358136177063,156914
9.924070119857788,156914
9.924542665481567,156914
9.925021171569824,156914
9.925491571426392,156914
9.92596983909607,156914
9.926438808441162,156914
9.926912546157837,156914
9.92738676071167,156914
9.927856683731079,156914
9.928333759307861,156914
9.928806781768799,156914
9.92928671836853,156914
9.929756879806519,156914
9.930237293243408,156914
9.930708408355713,156914
9.931188106536865,156914
9.931659936904907,156914
9.93213963508606,156914
9.932609558105469,156914
9.933088541030884,156914
9.933558225631714,156914
9.934046030044556,156914
9.93451738357544,156914
9.93499493598938,156914
9.935465574264526,156914
9.9359450340271,156914
9.936415195465088,156914
9.936885833740234,156914
9.937365770339966,156914
9.937834739685059,156914
9.938311100006104,156914
9.938781261444092,156914
9.93925929069519,156914
9.939727783203125,156914
9.940209150314331,156914
9.940678834915161,156914
9.941160440444946,156914
9.941630840301514,156914
9.942111015319824,156914
9.942579746246338,156914
9.943058490753174,156914
9.943528175354004,156914
9.94401478767395,156914
9.944487810134888,156914
9.944965124130249,156914
9.94543743133545,156914
9.945912837982178,156914
9.946385383605957,156914
9.946857452392578,156914
9.947336673736572,156914
9.947806596755981,156914
9.948285102844238,156914
9.948757886886597,156914
9.949235439300537,156914
9.949704647064209,156914
9.95018482208252,156914
9.950654745101929,156914
9.951135396957397,156914
9.951608657836914,156914
9.952083587646484,156914
9.95255160331726,156914
9.953031539916992,156914
9.95350193977356,156914
9.953991174697876,156914
9.9544677734375,156914
9.954946994781494,156914
9.955419063568115,156914
9.955891847610474,156914
9.956366777420044,156914
9.956835985183716,156914
9.957313537597656,156914
9.957784652709961,156914
9.9582679271698,156914
9.958741188049316,156914
9.959222316741943,156914
9.95969271659851,156914
9.960174560546875,156914
9.960645198822021,156914
9.96112608909607,156914
9.961596488952637,156914
9.962074279785156,156914
9.962543249130249,156914
9.963021516799927,156914
9.963491201400757,156914
9.963980197906494,156914
9.964455366134644,156914
9.964933156967163,156914
9.965403079986572,156914
9.965874195098877,156914
9.966350078582764,156914
9.96682071685791,156914
9.967300653457642,156914
9.967771768569946,156914
9.968253135681152,156914
9.968725204467773,156914
9.96920394897461,156914
9.969675540924072,156914
9.970157623291016,156914
9.970628499984741,156914
9.971109628677368,156914
9.971581935882568,156914
9.972059726715088,156914
9.972531080245972,156914
9.973010540008545,156914
9.973482131958008,156914
9.973971605300903,156914
9.974445819854736,156914
9.974920511245728,156914
9.975393295288086,156914
9.975863695144653,156914
9.976341485977173,156914
9.976810693740845,156914
9.977291822433472,156914
9.977762937545776,156914
9.97824215888977,156914
9.97871470451355,156914
9.979191780090332,156914
9.979661464691162,156914
9.980142593383789,156914
9.98061490058899,156914
9.981094121932983,156914
9.981567144393921,156914
9.982044219970703,156914
9.982513904571533,156914
9.982994794845581,156914
9.983466148376465,156914
9.983953475952148,156914
9.984426498413086,156914
9.984896183013916,156914
9.985373497009277,156914
9.985843658447266,156914
9.986320495605469,156914
9.986791372299194,156914
9.987271070480347,156914
9.98774790763855,156914
9.988228559494019,156914
9.988700866699219,156914
9.989180326461792,156914
9.989648818969727,156914
9.990130186080933,156914
9.990600824356079,156914
9.991078615188599,156914
9.991551637649536,156914
9.992029428482056,156914
9.99250078201294,156914
9.992982387542725,156914
9.993454456329346,156914
9.993937969207764,156914
9.994413375854492,156914
9.994885444641113,156914
9.99536395072937,156914
9.995834827423096,156914
9.996312856674194,156914
9.996782302856445,156914
9.997263431549072,156914
9.997733116149902,156914
9.998214721679688,156914
9.998685836791992,156914
9.999167442321777,156914
9.999639749526978,156914
10.000121593475342,156914
10.00059175491333,156914
10.001070261001587,156914
10.001543760299683,156914
10.002021074295044,156914
10.002492189407349,156914
10.002971172332764,156914
10.003442287445068,156914
10.003928184509277,156914
10.00440263748169,156914
10.004871845245361,156914
10.005348682403564,156914
10.005821228027344,156914
10.006299257278442,156914
10.006770133972168,156914
10.007251262664795,156914
10.007722616195679,156914
10.008201837539673,156914
10.008673906326294,156914
10.009154558181763,156914
10.009624719619751,156914
10.010106086730957,156914
10.01057767868042,156914
10.011056661605835,156914
10.011528730392456,156914
10.01200556755066,156914
10.012476921081543,156914
10.012955904006958,156914
10.013425827026367,156914
10.013895034790039,156914
10.01438570022583,156914
10.01485538482666,156914
10.015334606170654,156914
10.015806436538696,156914
10.016287088394165,156914
10.01675820350647,156914
10.017242193222046,156914
10.01771330833435,156914
10.018192768096924,156914
10.01866340637207,156914
10.019145250320435,156914
10.019617557525635,156914
10.020099878311157,156914
10.020570755004883,156914
10.02104926109314,156914
10.02152132987976,156914
10.02199935913086,156914
10.02246904373169,156914
10.022951126098633,156914
10.023422241210938,156914
10.023891925811768,156914
10.02438235282898,156914
10.024850606918335,156914
10.025329828262329,156914
10.025801658630371,156914
10.026282787322998,156914
10.026755094528198,156914
10.0272376537323,156914
10.027708292007446,156914
10.028188467025757,156914
10.028659582138062,156914
10.029141426086426,156914
10.029611587524414,156914
10.0300931930542,156914
10.030564546585083,156914
10.031043529510498,156914
10.031514644622803,156914
10.031994104385376,156914
10.032466173171997,156914
10.032945156097412,156914
10.033415079116821,156914
10.033883810043335,156914
10.03437328338623,156914
10.034844875335693,156914
10.035322666168213,156914
10.035792589187622,156914
10.036270141601562,156914
10.036739826202393,156914
10.037220001220703,156914
10.037688255310059,156914
10.038167953491211,156914
10.038638830184937,156914
10.039117574691772,156914
10.039587497711182,156914
10.040067195892334,156914
10.040537357330322,156914
10.041013240814209,156914
10.041491746902466,156914
10.041974306106567,156914
10.042444229125977,156914
10.04300332069397,156914
10.043497323989868,156914
10.04401707649231,156914
10.044541835784912,156914
10.04502272605896,156914
10.045556783676147,156914
10.04603886604309,156914
10.046511888504028,156914
10.046996593475342,156914
10.047468423843384,156914
10.047952890396118,156914
10.048424243927002,156914
10.048896551132202,156914
10.049376726150513,156914
10.049846649169922,156914
10.050328731536865,156914
10.050800323486328,156914
10.051283359527588,156914
10.051755905151367,156914
10.052236318588257,156914
10.052708625793457,156914
10.053189277648926,156914
10.05366063117981,156914
10.054152488708496,156914
10.054624795913696,156914
10.055104494094849,156914
10.05557632446289,156914
10.056055545806885,156914
10.056527376174927,156914
10.057007312774658,156914
10.057481288909912,156914
10.057958364486694,156914
10.058430910110474,156914
10.058902502059937,156914
10.05937910079956,156914
10.059850215911865,156914
10.06032943725586,156914
10.060799360275269,156914
10.061280012130737,156914
10.061749696731567,156914
10.062228679656982,156914
10.062697410583496,156914
10.063180923461914,156914
10.063651323318481,156914
10.064142227172852,156914
10.064616203308105,156914
10.065096378326416,156914
10.065566778182983,156914
10.066045045852661,156914
10.06651496887207,156914
10.066994190216064,156914
10.06746506690979,156914
10.067941665649414,156914
10.06841230392456,156914
10.068883180618286,156914
10.06936264038086,156914
10.069830894470215,156914
10.07030963897705,156914
10.070780754089355,156914
10.071261405944824,156914
10.071735143661499,156914
10.072214126586914,156914
10.072686672210693,156914
10.073168754577637,156914
10.073641061782837,156914
10.07413387298584,156914
10.074606657028198,156914
10.075084447860718,156914
10.075552940368652,156914
10.076033592224121,156914
10.076502561569214,156914
10.076980352401733,156914
10.077452659606934,156914
10.077927112579346,156914
10.078397989273071,156914
10.07887077331543,156914
10.079349517822266,156914
10.0798180103302,156914
10.080298900604248,156914
10.08076810836792,156914
10.08124852180481,156914
10.081722736358643,156914
10.082202434539795,156914
10.082671642303467,156914
10.083154678344727,156914
10.083623886108398,156914
10.08412790298462,156914
10.084599733352661,156914
10.085088729858398,156914
10.085560083389282,156914
10.086036920547485,156914
10.086507081985474,156914
10.086983680725098,156914
10.087455987930298,156914
10.08793330192566,156914
10.088406085968018,156914
10.088876724243164,156914
10.089355230331421,156914
10.089826583862305,156914
10.090306520462036,156914
10.090779781341553,156914
10.091258764266968,156914
10.091731071472168,156914
10.092211246490479,156914
10.092682361602783,156914
10.093164205551147,156914
10.093637228012085,156914
10.094127893447876,156914
10.094600677490234,156914
10.095078706741333,156914
10.095550060272217,156914
10.096027612686157,156914
10.096498489379883,156914
10.096977710723877,156914
10.097448587417603,156914
10.097923278808594,156914
10.098395347595215,156914
10.09886646270752,156914
10.099345684051514,156914
10.099815130233765,156914
10.100295305252075,156914
10.10076355934143,156914
10.1012442111969,156914
10.101717233657837,156914
10.10219693183899,156914
10.102668762207031,156914
10.103148460388184,156914
10.103617429733276,156914
10.10410475730896,156914
10.10457468032837,156914
10.105052947998047,156914
10.105523109436035,156914
10.106002569198608,156914
10.106472492218018,156914
10.106952667236328,156914
10.107424259185791,156914
10.107893466949463,156914
10.108373165130615,156914
10.108847856521606,156914
10.109326124191284,156914
10.109795331954956,156914
10.11027479171753,156914
10.110744714736938,156914
10.111223459243774,156914
10.111695051193237,156914
10.112175226211548,156914
10.11264681816101,156914
10.113126277923584,156914
10.113596200942993,156914
10.11408281326294,156914
10.114556789398193,156914
10.115033626556396,156914
10.115504503250122,156914
10.11598253250122,156914
10.116451978683472,156914
10.116925716400146,156914
10.117399454116821,156914
10.117867708206177,156914
10.118345975875854,156914
10.118818044662476,156914
10.119297504425049,156914
10.119767427444458,156914
10.120249271392822,156914
10.120720386505127,156914
10.121201276779175,156914
10.121673583984375,156914
10.122153520584106,156914
10.122624397277832,156914
10.123106241226196,156914
10.123574495315552,156914
10.124057531356812,156914
10.124528884887695,156914
10.12500810623169,156914
10.125479459762573,156914
10.125957489013672,156914
10.126428604125977,156914
10.126898765563965,156914
10.127376556396484,156914
10.127846717834473,156914
10.128327131271362,156914
10.128799676895142,156914
10.129278182983398,156914
10.129749774932861,156914
10.130230903625488,156914
10.130699157714844,156914
10.131178855895996,156914
10.131650924682617,156914
10.132131338119507,156914
10.132598400115967,156914
10.133077144622803,156914
10.13354778289795,156914
10.134073257446289,156914
10.134580612182617,156914
10.135059118270874,156914
10.135531663894653,156914
10.136011838912964,156914
10.136482238769531,156914
10.136961698532104,156914
10.137434244155884,156914
10.137909889221191,156914
10.13838505744934,156914
10.138854265213013,156914
10.139331102371216,156914
10.139801025390625,156914
10.140281677246094,156914
10.140752077102661,156914
10.141231060028076,156914
10.141701698303223,156914
10.1421799659729,156914
10.142651557922363,156914
10.143133163452148,156914
10.1436026096344,156914
10.144089937210083,156914
10.14456295967102,156914
10.145040512084961,156914
10.145510911941528,156914
10.145990133285522,156914
10.146462202072144,156914
10.146943092346191,156914
10.147416830062866,156914
10.147887945175171,156914
10.148366212844849,156914
10.148837566375732,156914
10.14931583404541,156914
10.14978551864624,156914
10.150266408920288,156914
10.150737285614014,156914
10.151216745376587,156914
10.151691198348999,156914
10.152170896530151,156914
10.152642250061035,156914
10.15312385559082,156914
10.15359354019165,156914
10.154079675674438,156914
10.154553890228271,156914
10.155031204223633,156914
10.155503749847412,156914
10.155983209609985,156914
10.156455278396606,156914
10.156934261322021,156914
10.15740704536438,156914
10.157877445220947,156914
10.158355474472046,156914
10.15882921218872,156914
10.159308433532715,156914
10.159778118133545,156914
10.1602623462677,156914
10.160731792449951,156914
10.16121220588684,156914
10.161680936813354,156914
10.162163496017456,156914
10.162634134292603,156914
10.163112878799438,156914
10.163584232330322,156914
10.164070844650269,156914
10.16454529762268,156914
10.1650230884552,156914
10.165493249893188,156914
10.165974378585815,156914
10.166446447372437,156914
10.166922569274902,156914
10.167393445968628,156914
10.167864084243774,156914
10.168341875076294,156914
10.168814182281494,156914
10.169291734695435,156914
10.169764280319214,156914
10.170244455337524,156914
10.170715808868408,156914
10.171196699142456,156914
10.17166781425476,156914
10.172146558761597,156914
10.17261791229248,156914
10.173099040985107,156914
10.173566102981567,156914
10.174053430557251,156914
10.174525737762451,156914
10.175002098083496,156914
10.175474405288696,156914
10.17595386505127,156914
10.176425218582153,156914
10.176894426345825,156914
10.177374124526978,156914
10.177844047546387,156914
10.178320407867432,156914
10.178789138793945,156914
10.179267644882202,156914
10.179736375808716,156914
10.180217027664185,156914
10.180684566497803,156914
10.181164741516113,156914
10.181637525558472,156914
10.18211817741394,156914
10.182588577270508,156914
10.183064460754395,156914
10.183534383773804,156914
10.184019088745117,156914
10.184492349624634,156914
10.184970617294312,156914
10.185442209243774,156914
10.185920000076294,156914
10.186392307281494,156914
10.186864137649536,156914
10.187344074249268,156914
10.187814950942993,156914
10.188294410705566,156914
10.188767194747925,156914
10.189247846603394,156914
10.189718008041382,156914
10.190199851989746,156914
10.190670013427734,156914
10.191149711608887,156914
10.191620826721191,156914
10.192099332809448,156914
10.192570447921753,156914
10.19304895401001,156914
10.193519830703735,156914
10.194008588790894,156914
10.194481134414673,156914
10.194959878921509,156914
10.195430278778076,156914
10.195902109146118,156914
10.196379899978638,156914
10.196848630905151,156914
10.19732666015625,156914
10.19779634475708,156914
10.198275804519653,156914
10.19874882698059,156914
10.199229955673218,156914
10.199703693389893,156914
10.200185537338257,156914
10.200655698776245,156914
10.201136112213135,156914
10.201608896255493,156914
10.202087640762329,156914
10.20255994796753,156914
10.20304012298584,156914
10.203511238098145,156914
10.20400071144104,156914
10.204474687576294,156914
10.204954862594604,156914
10.205424785614014,156914
10.205897808074951,156914
10.206373929977417,156914
10.20684266090393,156914
10.207321405410767,156914
10.207789897918701,156914
10.208269357681274,156914
10.208739995956421,156914
10.209219455718994,156914
10.209689617156982,156914
10.21017050743103,156914
10.210640907287598,156914
10.211120128631592,156914
10.211590766906738,156914
10.212068319320679,156914
10.212538003921509,156914
10.213018894195557,156914
10.213489770889282,156914
10.213978290557861,156914
10.214453220367432,156914
10.214929342269897,156914
10.215399980545044,156914
10.21587061882019,156914
10.216346502304077,156914
10.216816186904907,156914
10.217296123504639,156914
10.217766523361206,156914
10.218246221542358,156914
10.218719959259033,156914
10.219199419021606,156914
10.219670295715332,156914
10.220152616500854,156914
10.220621347427368,156914
10.221100807189941,156914
10.221572399139404,156914
10.222051620483398,156914
10.22252345085144,156914
10.223003387451172,156914
10.223474025726318,156914
10.22396445274353,156914
10.224437236785889,156914
10.224911212921143,156914
10.225383281707764,156914
10.225854873657227,156914
10.226329803466797,156914
10.22679877281189,156914
10.227279663085938,156914
10.227750062942505,156914
10.22823166847229,156914
10.228701114654541,156914
10.229181051254272,156914
10.22965145111084,156914
10.230134963989258,156914
10.230604410171509,156914
10.231081485748291,156914
10.231554985046387,156914
10.232032537460327,156914
10.232505083084106,156914
10.232984781265259,156914
10.233455419540405,156914
10.23394227027893,156914
10.23441767692566,156914
10.234888553619385,156914
10.235369205474854,156914
10.235842227935791,156914
10.236319541931152,156914
10.236788511276245,156914
10.237269639968872,156914
10.237739086151123,156914
10.238221168518066,156914
10.238692045211792,156914
10.239168643951416,156914
10.239637613296509,156914
10.240119934082031,156914
10.240590810775757,156914
10.241066455841064,156914
10.24153733253479,156914
10.24201488494873,156914
10.242483377456665,156914
10.242963314056396,156914
10.243434429168701,156914
10.24392294883728,156914
10.244398355484009,156914
10.244870662689209,156914
10.245348453521729,156914
10.245822429656982,156914
10.246299982070923,156914
10.246769666671753,156914
10.2472505569458,156914
10.247721910476685,156914
10.24820065498352,156914
10.248672723770142,156914
10.249150514602661,156914
10.249619483947754,156914
10.250099182128906,156914
10.250569105148315,156914
10.25104570388794,156914
10.251516819000244,156914
10.25199580192566,156914
10.252464056015015,156914
10.25294303894043,156914
10.253413438796997,156914
10.25388216972351,156914
10.254369974136353,156914
10.254840850830078,156914
10.255318641662598,156914
10.255791425704956,156914
10.25627088546753,156914
10.25674033164978,156914
10.257223844528198,156914
10.257693767547607,156914
10.258172750473022,156914
10.258645057678223,156914
10.259125232696533,156914
10.259594917297363,156914
10.260074377059937,156914
10.26054310798645,156914
10.261020421981812,156914
10.261494398117065,156914
10.261971950531006,156914
10.262445211410522,156914
10.262923002243042,156914
10.26339316368103,156914
10.263860940933228,156914
10.264348030090332,156914
10.264816522598267,156914
10.265295028686523,156914
10.265767574310303,156914
10.266247987747192,156914
10.26671814918518,156914
10.267202854156494,156914
10.267672300338745,156914
10.268153667449951,156914
10.268627166748047,156914
10.269107341766357,156914
10.269578218460083,156914
10.27005672454834,156914
10.270530462265015,156914
10.27100944519043,156914
10.271481275558472,156914
10.271960020065308,156914
10.27243185043335,156914
10.272903203964233,156914
10.273378610610962,156914
10.273847341537476,156914
10.274338960647583,156914
10.27480936050415,156914
10.275289297103882,156914
10.275761365890503,156914
10.27623987197876,156914
10.27670931816101,156914
10.277191877365112,156914
10.27765965461731,156914
10.278139352798462,156914
10.27860951423645,156914
10.27908730506897,156914
10.279556512832642,156914
10.280035495758057,156914
10.280506610870361,156914
10.280987024307251,156914
10.281460285186768,156914
10.281936883926392,156914
10.282408475875854,156914
10.282880544662476,156914
10.283358335494995,156914
10.28382921218872,156914
10.284319400787354,156914
10.284787893295288,156914
10.285269498825073,156914
10.285740852355957,156914
10.286221742630005,156914
10.286691188812256,156914
10.287172555923462,156914
10.287643194198608,156914
10.288122653961182,156914
10.288593053817749,156914
10.289068698883057,156914
10.28954005241394,156914
10.290021419525146,156914
10.290498733520508,156914
10.290976524353027,156914
10.291448593139648,156914
10.29192590713501,156914
10.292399168014526,156914
10.292872905731201,156914
10.29334831237793,156914
10.293819665908813,156914
10.294309854507446,156914
10.294780015945435,156914
10.29526162147522,156914
10.295735836029053,156914
10.296215057373047,156914
10.296685218811035,156914
10.297168016433716,156914
10.297639608383179,156914
10.298120737075806,156914
10.29859185218811,156914
10.299068689346313,156914
10.299540281295776,156914
10.300019264221191,156914
10.300490856170654,156914
10.300970554351807,156914
10.301444053649902,156914
10.30191946029663,156914
10.302391290664673,156914
10.302866220474243,156914
10.303343296051025,156914
10.303813934326172,156914
10.30430555343628,156914
10.30477523803711,156914
10.305256843566895,156914
10.305728912353516,156914
10.306209802627563,156914
10.306681156158447,156914
10.307161569595337,156914
10.307632446289062,156914
10.30811071395874,156914
10.308584690093994,156914
10.309062719345093,156914
10.309532880783081,156914
10.310012578964233,156914
10.310483455657959,156914
10.31096339225769,156914
10.31143856048584,156914
10.311912775039673,156914
10.31238603591919,156914
10.312857866287231,156914
10.313334703445435,156914
10.313804626464844,156914
10.314297676086426,156914
10.314768075942993,156914
10.31524658203125,156914
10.315717935562134,156914
10.316198587417603,156914
10.316668272018433,156914
10.317150115966797,156914
10.317617893218994,156914
10.318105459213257,156914
10.318580389022827,156914
10.319057703018188,156914
10.31952691078186,156914
10.320006370544434,156914
10.320476293563843,156914
10.320956468582153,156914
10.32142686843872,156914
10.321895122528076,156914
10.32237434387207,156914
10.322847127914429,156914
10.32332468032837,156914
10.32379674911499,156914
10.324288368225098,156914
10.32476019859314,156914
10.325242757797241,156914
10.325714826583862,156914
10.326196432113647,156914
10.326667785644531,156914
10.327149391174316,156914
10.327619791030884,156914
10.328099966049194,156914
10.328572988510132,156914
10.329050302505493,156914
10.329522848129272,156914
10.330004215240479,156914
10.3304762840271,156914
10.330955982208252,156914
10.331429243087769,156914
10.331899881362915,156914
10.332379341125488,156914
10.33285140991211,156914
10.333329677581787,156914
10.333798885345459,156914
10.334289789199829,156914
10.334761142730713,156914
10.33524203300476,156914
10.335714101791382,156914
10.33619475364685,156914
10.336666107177734,156914
10.337148666381836,156914
10.337617874145508,156914
10.338096618652344,156914
10.338567018508911,156914
10.33904480934143,156914
10.339515447616577,156914
10.339996099472046,156914
10.34046745300293,156914
10.340944528579712,156914
10.341416835784912,156914
10.34188723564148,156914
10.342365503311157,156914
10.342837572097778,156914
10.34331464767456,156914
10.343786001205444,156914
10.34428071975708,156914
10.34475040435791,156914
10.345229864120483,156914
10.345700740814209,156914
10.346179962158203,156914
10.346651315689087,156914
10.347132205963135,156914
10.34760046005249,156914
10.348077058792114,156914
10.348549604415894,156914
10.34902572631836,156914
10.349497318267822,156914
10.34997844696045,156914
10.350449562072754,156914
10.350927114486694,156914
10.351400375366211,156914
10.351867914199829,156914
10.352346181869507,156914
10.352816581726074,156914
10.353295087814331,156914
10.353765964508057,156914
10.354262590408325,156914
10.35473346710205,156914
10.355214357376099,156914
10.355686664581299,156914
10.356165647506714,156914
10.356635570526123,156914
10.357116937637329,156914
10.357585668563843,156914
10.35806155204773,156914
10.358533382415771,156914
10.359011888504028,156914
10.359483003616333,156914
10.359963417053223,156914
10.360435009002686,156914
10.360909938812256,156914
10.361384391784668,156914
10.361855745315552,156914
10.362331867218018,156914
10.362803220748901,156914
10.363280534744263,156914
10.363753318786621,156914
10.364247798919678,156914
10.364718914031982,156914
10.365198612213135,156914
10.365670680999756,156914
10.366151094436646,156914
10.366621494293213,156914
10.367101192474365,156914
10.367570877075195,156914
10.368048429489136,156914
10.368520736694336,156914
10.368999481201172,156914
10.369468688964844,156914
10.369949102401733,156914
10.3704195022583,156914
10.370891571044922,156914
10.371371030807495,156914
10.371841192245483,156914
10.37231993675232,156914
10.37279200553894,156914
10.373271942138672,156914
10.373743057250977,156914
10.374236106872559,156914
10.374708890914917,156914
10.375191450119019,156914
10.375662565231323,156914
10.37614369392395,156914
10.376614093780518,156914
10.377094030380249,156914
10.37756609916687,156914
10.378042697906494,156914
10.37851357460022,156914
10.378992080688477,156914
10.379463195800781,156914
10.379943132400513,156914
10.380415201187134,156914
10.380886554718018,156914
10.381364583969116,156914
10.381835460662842,156914
10.382311820983887,156914
10.382784366607666,156914
10.383264064788818,156914
10.38373613357544,156914
10.38422966003418,156914
10.384699821472168,156914
10.385180711746216,156914
10.385652542114258,156914
10.386130332946777,156914
10.38660216331482,156914
10.38708209991455,156914
10.387552499771118,156914
10.3880295753479,156914
10.388503313064575,156914
10.388983249664307,156914
10.389453887939453,156914
10.389931678771973,156914
10.390403032302856,156914
10.390873193740845,156914
10.391355276107788,156914
10.391824960708618,156914
10.392303466796875,156914
10.392776727676392,156914
10.393257141113281,156914
10.393727779388428,156914
10.394222497940063,156914
10.394692420959473,156914
10.3951735496521,156914
10.395643472671509,156914
10.396122694015503,156914
10.396593570709229,156914
10.397074699401855,156914
10.397546768188477,156914
10.398022651672363,156914
10.398496150970459,156914
10.398972988128662,156914
10.399443864822388,156914
10.399919748306274,156914
10.40039348602295,156914
10.400862216949463,156914
10.401341199874878,156914
10.401811122894287,156914
10.402289390563965,156914
10.402761459350586,156914
10.40324091911316,156914
10.403712749481201,156914
10.404205322265625,156914
10.404673099517822,156914
10.405152082443237,156914
10.405622959136963,156914
10.406102418899536,156914
10.40657353401184,156914
10.407050371170044,156914
10.40752124786377,156914
10.407999277114868,156914
10.408470392227173,156914
10.408946990966797,156914
10.409420013427734,156914
10.409892797470093,156914
10.410369873046875,156914
10.410838603973389,156914
10.411319255828857,156914
10.411787748336792,156914
10.412267208099365,156914
10.412740468978882,156914
10.413220643997192,156914
10.413689613342285,156914
10.414183616638184,156914
10.414654731750488,156914
10.41513442993164,156914
10.41560697555542,156914
10.41608452796936,156914
10.416553974151611,156914
10.417030572891235,156914
10.417500734329224,156914
10.417982339859009,156914
10.418455839157104,156914
10.41893219947815,156914
10.419402360916138,156914
10.41987657546997,156914
10.420355081558228,156914
10.420825242996216,156914
10.42130446434021,156914
10.421773433685303,156914
10.42225456237793,156914
10.422724723815918,156914
10.423206329345703,156914
10.423678874969482,156914
10.424173355102539,156914
10.42464566230774,156914
10.425126314163208,156914
10.42559814453125,156914
10.426076173782349,156914
10.426547050476074,156914
10.42702603340149,156914
10.427496910095215,156914
10.427975177764893,156914
10.428450107574463,156914
10.42892575263977,156914
10.42939805984497,156914
10.429868698120117,156914
10.430346012115479,156914
10.430814743041992,156914
10.43129587173462,156914
10.431765794754028,156914
10.432246208190918,156914
10.432716369628906,156914
10.433197259902954,156914
10.433668375015259,156914
10.43416166305542,156914
10.434634447097778,156914
10.43511438369751,156914
10.43558669090271,156914
10.436064958572388,156914
10.436535835266113,156914
10.43701696395874,156914
10.437488317489624,156914
10.437966585159302,156914
10.438440084457397,156914
10.438915967941284,156914
10.439388275146484,156914
10.439861536026001,156914
10.440339088439941,156914
10.440810680389404,156914
10.441290855407715,156914
10.441761016845703,156914
10.442241668701172,156914
10.442713975906372,156914
10.44319224357605,156914
10.443663358688354,156914
10.444155931472778,156914
10.444628477096558,156914
10.445109605789185,156914
10.445582389831543,156914
10.446060419082642,156914
10.446529865264893,156914
10.447007417678833,156914
10.44748067855835,156914
10.447959423065186,156914
10.448431015014648,156914
10.4489004611969,156914
10.44937801361084,156914
10.449850797653198,156914
10.450329303741455,156914
10.450799226760864,156914
10.451279640197754,156914
10.451749086380005,156914
10.452229738235474,156914
10.452702283859253,156914
10.453180313110352,156914
10.45365047454834,156914
10.454144477844238,156914
10.454615831375122,156914
10.455094814300537,156914
10.455567598342896,156914
10.456045389175415,156914
10.456516742706299,156914
10.456997632980347,156914
10.45746636390686,156914
10.4579439163208,156914
10.45841646194458,156914
10.458884000778198,156914
10.459362983703613,156914
10.459833860397339,156914
10.46031141281128,156914
10.460781812667847,156914
10.461262702941895,156914
10.461735248565674,156914
10.462218999862671,156914
10.462692499160767,156914
10.463173389434814,156914
10.463642358779907,156914
10.464133501052856,156914
10.464604139328003,156914
10.465082168579102,156914
10.465553283691406,156914
10.466029644012451,156914
10.466500520706177,156914
10.46697998046875,156914
10.467450380325317,156914
10.467926025390625,156914
10.468398571014404,156914
10.468869686126709,156914
10.46934723854065,156914
10.469820976257324,156914
10.470300674438477,156914
10.470772981643677,156914
10.471255779266357,156914
10.47172498703003,156914
10.472206115722656,156914
10.472676515579224,156914
10.47315788269043,156914
10.473627805709839,156914
10.474121809005737,156914
10.474591970443726,156914
10.475070476531982,156914
10.475542545318604,156914
10.476017951965332,156914
10.476487874984741,156914
10.476967573165894,156914
10.477437496185303,156914
10.47791314125061,156914
10.478386402130127,156914
10.478857040405273,156914
10.479333639144897,156914
10.479804277420044,156914
10.480284214019775,156914
10.480754375457764,156914
10.48123574256897,156914
10.481706380844116,156914
10.48218560218811,156914
10.482658386230469,156914
10.483136892318726,156914
10.483608722686768,156914
10.48410153388977,156914
10.484572172164917,156914
10.485050439834595,156914
10.485522508621216,156914
10.48599886894226,156914
10.486469268798828,156914
10.486948728561401,156914
10.487420082092285,156914
10.48789095878601,156914
10.488369226455688,156914
10.488837003707886,156914
10.489313125610352,156914
10.489787101745605,156914
10.490265369415283,156914
10.490734100341797,156914
10.491215944290161,156914
10.491685152053833,156914
10.492164134979248,156914
10.492636680603027,156914
10.493118286132812,156914
10.493586540222168,156914
10.49407410621643,156914
10.494544506072998,156914
10.49502182006836,156914
10.495495319366455,156914
10.495973825454712,156914
10.496443510055542,156914
10.496921300888062,156914
10.497392892837524,156914
10.497862339019775,156914
10.498342514038086,156914
10.498811721801758,156914
10.49929141998291,156914
10.499762058258057,156914
10.500242710113525,156914
10.500712633132935,156914
10.501195430755615,156914
10.501665353775024,156914
10.502145767211914,156914
10.502615451812744,156914
10.503093242645264,156914
10.503565788269043,156914
10.504054546356201,156914
10.504523992538452,156914
10.505004167556763,156914
10.505475997924805,156914
10.505954027175903,156914
10.50642728805542,156914
10.507340908050537,156914
10.508260011672974,156914
10.509176015853882,156914
10.510092735290527,156914
10.511008024215698,156914
10.512360572814941,156914
10.513277053833008,156914
10.514205932617188,156914
10.51512336730957,156914
10.516033172607422,156914
10.517383337020874,156914
10.51830005645752,156914
10.519219875335693,156914
10.520136833190918,156914
10.521052837371826,156914
10.522409915924072,156914
10.523325443267822,156914
10.524256706237793,156914
10.52517580986023,156914
10.52609395980835,156914
10.527009963989258,156914
10.5283682346344,156914
10.529286861419678,156914
10.530206203460693,156914
10.531126260757446,156914
10.53204083442688,156914
10.533400058746338,156914
10.534327268600464,156914
10.535245418548584,156914
10.536165237426758,156914
10.53708028793335,156914
10.538435697555542,156914
10.539349555969238,156914
10.540267705917358,156914
10.54118275642395,156914
10.542097806930542,156914
10.543015241622925,156914
10.544374465942383,156914
10.545292854309082,156914
10.54621434211731,156914
10.547131538391113,156914
10.548045873641968,156914
10.549400806427002,156914
10.550317287445068,156914
10.5512375831604,156914
10.552157163619995,156914
10.553070545196533,156914
10.554437160491943,156914
10.555351734161377,156914
10.556270837783813,156914
10.5571870803833,156914
10.558104038238525,156914
10.559019565582275,156914
10.56037425994873,156914
10.56128978729248,156914
10.562209844589233,156914
10.563127756118774,156914
10.564051628112793,156914
10.56540822982788,156914
10.566324234008789,156914
10.567243576049805,156914
10.56816053390503,156914
10.569077730178833,156914
10.57043170928955,156914
10.5713472366333,156914
10.572262048721313,156914
10.573182821273804,156914
10.574109554290771,156914
10.57502794265747,156914
10.576383113861084,156914
10.577300071716309,156914
10.578222036361694,156914
10.57914113998413,156914
10.580060243606567,156914
10.581414937973022,156914
10.582333087921143,156914
10.58324933052063,156914
10.584182500839233,156914
10.585100173950195,156914
10.586013555526733,156914
10.587366580963135,156914
10.588282346725464,156914
10.589201211929321,156914
10.590115547180176,156914
10.591027736663818,156914
10.592382907867432,156914
10.593298196792603,156914
10.594226837158203,156914
10.595146656036377,156914
10.59606122970581,156914
10.597412347793579,156914
10.598327875137329,156914
10.599247694015503,156914
10.600167751312256,156914
10.601082801818848,156914
10.602436780929565,156914
10.603352069854736,156914
10.604278564453125,156914
10.605195045471191,156914
10.606114625930786,156914
10.607028722763062,156914
10.608383417129517,156914
10.609301328659058,156914
10.610220432281494,156914
10.611137866973877,156914
10.612052917480469,156914
10.613406896591187,156914
10.614332675933838,156914
10.615249633789062,156914
10.61616563796997,156914
10.617080688476562,156914
10.61843466758728,156914
10.619350671768188,156914
10.620266914367676,156914
10.62118649482727,156914
10.622103929519653,156914
10.623016119003296,156914
10.624377727508545,156914
10.625293493270874,156914
10.62621283531189,156914
10.627128601074219,156914
10.628043174743652,156914
10.629399061203003,156914
10.630315065383911,156914
10.631232738494873,156914
10.632153511047363,156914
10.633068799972534,156914
10.634432554244995,156914
10.63534688949585,156914
10.636265516281128,156914
10.637178897857666,156914
10.638096570968628,156914
10.639013528823853,156914
10.640367269515991,156914
10.641286134719849,156914
10.642202854156494,156914
10.643121480941772,156914
10.644046545028687,156914
10.645404577255249,156914
10.646321296691895,156914
10.647240161895752,156914
10.648156642913818,156914
10.64906907081604,156914
10.650425910949707,156914
10.651338577270508,156914
10.652257919311523,156914
10.653174638748169,156914
10.65410304069519,156914
10.65501880645752,156914
10.656368017196655,156914
10.657283067703247,156914
10.658202171325684,156914
10.65911865234375,156914
10.660030126571655,156914
10.661384582519531,156914
10.662303924560547,156914
10.663222312927246,156914
10.664152383804321,156914
10.665066957473755,156914
10.666422605514526,156914
10.66734004020691,156914
10.668258666992188,156914
10.669175624847412,156914
10.670090436935425,156914
10.671437740325928,156914
10.672351121902466,156914
10.673265218734741,156914
10.674197912216187,156914
10.675114631652832,156914
10.676032304763794,156914
10.677385330200195,156914
10.678301811218262,156914
10.679218769073486,156914
10.680139064788818,156914
10.681064128875732,156914
10.68241834640503,156914
10.683333158493042,156914
10.68426251411438,156914
10.685181856155396,156914
10.686097383499146,156914
10.687013626098633,156914
10.688363552093506,156914
10.689281940460205,156914
10.690199851989746,156914
10.691117525100708,156914
10.692034006118774,156914
10.69338870048523,156914
10.694314956665039,156914
10.695233821868896,156914
10.696153163909912,156914
10.697067499160767,156914
10.698420524597168,156914
10.699336528778076,156914
10.700252056121826,156914
10.701171398162842,156914
10.702088356018066,156914
10.703003883361816,156914
10.704362869262695,156914
10.705277681350708,156914
10.706199169158936,156914
10.707119464874268,156914
10.70803427696228,156914
10.709387063980103,156914
10.710302114486694,156914
10.711220502853394,156914
10.712138891220093,156914
10.713055610656738,156914
10.714417934417725,156914
10.715338468551636,156914
10.716257333755493,156914
10.717175245285034,156914
10.718092918395996,156914
10.719010829925537,156914
10.72036623954773,156914
10.72128415107727,156914
10.722203016281128,156914
10.723119497299194,156914
10.724043846130371,156914
10.725399255752563,156914
10.726317167282104,156914
10.727233171463013,156914
10.728151082992554,156914
10.729064226150513,156914
10.730419874191284,156914
10.731334686279297,156914
10.73225474357605,156914
10.733171701431274,156914
10.73409914970398,156914
10.735015869140625,156914
10.736376762390137,156914
10.737293243408203,156914
10.738396167755127,156914
10.739313125610352,156914
10.740230083465576,156914
10.741148233413696,156914
10.74206280708313,156914
10.74341607093811,156914
10.744343042373657,156914
10.745259761810303,156914
10.746175050735474,156914
10.747090101242065,156914
10.748006105422974,156914
10.74936318397522,156914
10.750279664993286,156914
10.75119662284851,156914
10.752111911773682,156914
10.753029108047485,156914
10.754395246505737,156914
10.75531530380249,156914
10.756235599517822,156914
10.757155179977417,156914
10.758072137832642,156914
10.759426593780518,156914
10.76034140586853,156914
10.76125979423523,156914
10.762178897857666,156914
10.76309847831726,156914
10.764023303985596,156914
10.765380382537842,156914
10.766295433044434,156914
10.767211437225342,156914
10.768133163452148,156914
10.769050359725952,156914
10.770405292510986,156914
10.771321058273315,156914
10.772239923477173,156914
10.773155450820923,156914
10.77407956123352,156914
10.775433540344238,156914
10.776346683502197,156914
10.777264833450317,156914
10.778178215026855,156914
10.779094219207764,156914
10.78000807762146,156914
10.781361818313599,156914
10.78227710723877,156914
10.78319525718689,156914
10.784122228622437,156914
10.785040140151978,156914
10.786394596099854,156914
10.787313461303711,156914
10.788232564926147,156914
10.78914999961853,156914
10.790065050125122,156914
10.791419506072998,156914
10.792336702346802,156914
10.793254613876343,156914
10.794183731079102,156914
10.795104742050171,156914
10.796019792556763,156914
10.797372817993164,156914
10.798289775848389,156914
10.799205303192139,156914
10.80012059211731,156914
10.80103325843811,156914
10.802393198013306,156914
10.803308486938477,156914
10.804237842559814,156914
10.80515456199646,156914
10.806069374084473,156914
10.807421684265137,156914
10.808336973190308,156914
10.809256553649902,156914
10.810176372528076,156914
10.811091184616089,156914
10.812011480331421,156914
10.813364267349243,156914
10.814295291900635,156914
10.81521201133728,156914
10.81613302230835,156914
10.817051649093628,156914
10.818410158157349,156914
10.819328546524048,156914
10.8202486038208,156914
10.8211669921875,156914
10.822083711624146,156914
10.82300615310669,156914
10.824378252029419,156914
10.825298309326172,156914
10.826218605041504,156914
10.827138185501099,156914
10.828057050704956,156914
10.829416275024414,156914
10.830330848693848,156914
10.831248998641968,156914
10.832167148590088,156914
10.833081483840942,156914
10.834010601043701,156914
10.835366010665894,156914
10.836281538009644,156914
10.837197542190552,156914
10.83811354637146,156914
10.839027881622314,156914
10.84037971496582,156914
10.841296195983887,156914
10.842214584350586,156914
10.843133926391602,156914
10.844060182571411,156914
10.84541630744934,156914
10.846335411071777,156914
10.847254991531372,156914
10.848174095153809,156914
10.849090814590454,156914
10.850008010864258,156914
10.851362228393555,156914
10.852279663085938,156914
10.85319972038269,156914
10.854130983352661,156914
10.8550443649292,156914
10.856405019760132,156914
10.857322692871094,156914
10.858241558074951,156914
10.85916018486023,156914
10.860075235366821,156914
10.861433029174805,156914
10.86234974861145,156914
10.863268613815308,156914
10.864199161529541,156914
10.865115642547607,156914
10.866031169891357,156914
10.867384910583496,156914
10.868300676345825,156914
10.869222640991211,156914
10.870137453079224,156914
10.87105655670166,156914
10.872408628463745,156914
10.873324394226074,156914
10.874253988265991,156914
10.875174045562744,156914
10.87609076499939,156914
10.87700629234314,156914
10.87836217880249,156914
10.879281997680664,156914
10.880202293395996,156914
10.881122350692749,156914
10.882038593292236,156914
10.883392572402954,156914
10.884317636489868,156914
10.88523530960083,156914
10.886155366897583,156914
10.887071132659912,156914
10.888427972793579,156914
10.889343500137329,156914
10.890262126922607,156914
10.891180992126465,156914
10.892097473144531,156914
10.893016576766968,156914
10.894375324249268,156914
10.895291805267334,156914
10.896212816238403,156914
10.897133350372314,156914
10.898048639297485,156914
10.899404764175415,156914
10.900318384170532,156914
10.901235342025757,156914
10.902156591415405,156914
10.903071880340576,156914
10.904439687728882,156914
10.905356407165527,156914
10.906275749206543,156914
10.907192468643188,156914
10.908111095428467,156914
10.909026384353638,156914
10.910380840301514,156914
10.911299467086792,156914
10.912221431732178,156914
10.913143634796143,156914
10.91407060623169,156914
10.91542911529541,156914
10.916343688964844,156914
10.91726016998291,156914
10.918178081512451,156914
10.919095516204834,156914
10.9200119972229,156914
10.921364545822144,156914
10.922281503677368,156914
10.923201322555542,156914
10.924129486083984,156914
10.925044775009155,156914
10.926399230957031,156914
10.927315711975098,156914
10.928235054016113,156914
10.92915153503418,156914
10.93007206916809,156914
10.931427001953125,156914
10.932344436645508,156914
10.933262348175049,156914
10.934195756912231,156914
10.935111999511719,156914
10.936026811599731,156914
10.93738341331482,156914
10.93829870223999,156914
10.93921709060669,156914
10.940133810043335,156914
10.941052675247192,156914
10.942404985427856,156914
10.943316459655762,156914
10.944243669509888,156914
10.945168018341064,156914
10.946134805679321,156914
10.947049379348755,156914
10.948407411575317,156914
10.949324607849121,156914
10.950243949890137,156914
10.951160907745361,156914
10.952078819274902,156914
10.953429460525513,156914
10.95435380935669,156914
10.95526909828186,156914
10.956188201904297,156914
10.957106828689575,156914
10.958020687103271,156914
10.959372520446777,156914
10.960287094116211,156914
10.961207866668701,156914
10.962125062942505,156914
10.963040113449097,156914
10.96443223953247,156914
10.965349674224854,156914
10.966265678405762,156914
10.967190027236938,156914
10.96811294555664,156914
10.969029426574707,156914
10.970388412475586,156914
10.971301794052124,156914
10.972221851348877,156914
10.973138570785522,156914
10.974064826965332,156914
10.975420236587524,156914
10.976335763931274,156914
10.977253198623657,156914
10.978170156478882,156914
10.979084730148315,156914
10.98043704032898,156914
10.98134708404541,156914
10.982264280319214,156914
10.983179330825806,156914
10.984106063842773,156914
10.985020875930786,156914
10.986374616622925,156914
10.9872887134552,156914
10.98820447921753,156914
10.989119291305542,156914
10.990035057067871,156914
10.991387605667114,156914
10.992303133010864,156914
10.993221044540405,156914
10.994150161743164,156914
10.995065450668335,156914
10.99642276763916,156914
10.99734091758728,156914
10.998258113861084,156914
10.999174356460571,156914
11.00009036064148,156914
11.001006841659546,156914
11.002357482910156,156914
11.003273248672485,156914
11.004204034805298,156914
11.005122423171997,156914
11.006038427352905,156914
11.00739049911499,156914
11.008305072784424,156914
11.009226322174072,156914
11.010143280029297,156914
11.011062383651733,156914
11.012419700622559,156914
11.013336896896362,156914
11.01426649093628,156914
11.015186309814453,156914
11.016103744506836,156914
11.01701545715332,156914
11.018368482589722,156914
11.019288301467896,156914
11.02020263671875,156914
11.021118402481079,156914
11.02203106880188,156914
11.023383855819702,156914
11.024309873580933,156914
11.025231122970581,156914
11.026147842407227,156914
11.02706241607666,156914
11.028418064117432,156914
11.02933382987976,156914
11.03025197982788,156914
11.031168222427368,156914
11.032082796096802,156914
11.033439874649048,156914
11.03436279296875,156914
11.035282135009766,156914
11.036197662353516,156914
11.037116289138794,156914
11.03803038597107,156914
11.039385557174683,156914
11.04030156135559,156914
11.041221857070923,156914
11.042139768600464,156914
11.043055534362793,156914
11.04442834854126,156914
11.045346975326538,156914
11.046272993087769,156914
11.047192335128784,156914
11.048116683959961,156914
11.04903507232666,156914
11.05039668083191,156914
11.051316976547241,156914
11.052240133285522,156914
11.053155183792114,156914
11.054076910018921,156914
11.055436134338379,156914
11.056353569030762,156914
11.05727243423462,156914
11.058197975158691,156914
11.059115409851074,156914
11.060028791427612,156914
11.061386346817017,156914
11.062301874160767,156914
11.063222169876099,156914
11.064150094985962,156914
11.065062046051025,156914
11.066415071487427,156914
11.06733226776123,156914
11.068248271942139,156914
11.06916332244873,156914
11.070080280303955,156914
11.07143497467041,156914
11.072352647781372,156914
11.073270320892334,156914
11.074198007583618,156914
11.07511830329895,156914
11.076035022735596,156914
11.077390909194946,156914
11.078315734863281,156914
11.07923412322998,156914
11.080148458480835,156914
11.08106279373169,156914
11.082419157028198,156914
11.08333444595337,156914
11.08426308631897,156914
11.085182428359985,156914
11.086094856262207,156914
11.087010860443115,156914
11.0883629322052,156914
11.089279413223267,156914
11.090197324752808,156914
11.091114521026611,156914
11.09203052520752,156914
11.093384742736816,156914
11.094311714172363,156914
11.095226764678955,156914
11.096145391464233,156914
11.097062349319458,156914
11.0984206199646,156914
11.09933590888977,156914
11.10025930404663,156914
11.101179361343384,156914
11.10209608078003,156914
11.103013753890991,156914
11.104382514953613,156914
11.10530424118042,156914
11.10622262954712,156914
11.107143878936768,156914
11.10806393623352,156914
11.109423637390137,156914
11.110337257385254,156914
11.11125636100769,156914
11.112174987792969,156914
11.113093614578247,156914
11.114020824432373,156914
11.115371227264404,156914
11.116289854049683,156914
11.117204189300537,156914
11.118119478225708,156914
11.11903715133667,156914
11.120393514633179,156914
11.12130880355835,156914
11.122230529785156,156914
11.123147249221802,156914
11.12406849861145,156914
11.125426769256592,156914
11.126340866088867,156914
11.127259254455566,156914
11.128173351287842,156914
11.129091024398804,156914
11.130007028579712,156914
11.131357431411743,156914
11.132274389266968,156914
11.133192777633667,156914
11.134121894836426,156914
11.135036706924438,156914
11.136389017105103,156914
11.137302160263062,156914
11.13822317123413,156914
11.139142036437988,156914
11.140058994293213,156914
11.141418695449829,156914
11.142338037490845,156914
11.14325475692749,156914
11.144186735153198,156914
11.145105123519897,156914
11.146023035049438,156914
11.147377729415894,156914
11.14829421043396,156914
11.149212121963501,156914
11.150127649307251,156914
11.151042222976685,156914
11.152395486831665,156914
11.153314352035522,156914
11.154240846633911,156914
11.155158758163452,156914
11.156074285507202,156914
11.157429218292236,156914
11.158343076705933,156914
11.159263372421265,156914
11.16018295288086,156914
11.161099672317505,156914
11.162018060684204,156914
11.163376092910767,156914
11.164300441741943,156914
11.1652193069458,156914
11.166138410568237,156914
11.167054414749146,156914
11.168408632278442,156914
11.169324159622192,156914
11.170241594314575,156914
11.171160221099854,156914
11.172077417373657,156914
11.17343521118164,156914
11.17436170578003,156914
11.175281286239624,156914
11.176198959350586,156914
11.177118062973022,156914
11.178030490875244,156914
11.179383754730225,156914
11.180297374725342,156914
11.181217432022095,156914
11.182135343551636,156914
11.18304991722107,156914
11.184415102005005,156914
11.185333251953125,156914
11.186254501342773,156914
11.187170028686523,156914
11.188085556030273,156914
11.189438343048096,156914
11.190354347229004,156914
11.191270351409912,156914
11.192191123962402,156914
11.19310998916626,156914
11.194033861160278,156914
11.195389747619629,156914
11.19630742073059,156914
11.197227001190186,156914
11.19814419746399,156914
11.199063062667847,156914
11.200418472290039,156914
11.201335668563843,156914
11.202255010604858,156914
11.203175067901611,156914
11.204107999801636,156914
11.205023288726807,156914
11.206378698348999,156914
11.207295656204224,156914
11.208214044570923,156914
11.20913052558899,156914
11.210047721862793,156914
11.211403131484985,156914
11.212318181991577,156914
11.213235139846802,156914
11.214164972305298,156914
11.215081214904785,156914
11.216434001922607,156914
11.217344999313354,156914
11.218260526657104,156914
11.219177961349487,156914
11.220094919204712,156914
11.221012592315674,156914
11.222366094589233,156914
11.22328233718872,156914
11.2242112159729,156914
11.225130796432495,156914
11.226045370101929,156914
11.227399826049805,156914
11.228315591812134,156914
11.22923493385315,156914
11.230152130126953,156914
11.231062173843384,156914
11.232418298721313,156914
11.233335018157959,156914
11.234266757965088,156914
11.235184669494629,156914
11.236098289489746,156914
11.2370126247406,156914
11.238365650177002,156914
11.239282846450806,156914
11.240202188491821,156914
11.241121053695679,156914
11.242037296295166,156914
11.243393182754517,156914
11.244318962097168,156914
11.245237827301025,156914
11.246154546737671,156914
11.247068881988525,156914
11.24842381477356,156914
11.249342203140259,156914
11.25025987625122,156914
11.251181364059448,156914
11.252098798751831,156914
11.253016233444214,156914
11.254377365112305,156914
11.25529432296753,156914
11.256215572357178,156914
11.257134437561035,156914
11.25805401802063,156914
11.259407043457031,156914
11.260327339172363,156914
11.261244773864746,156914
11.26216459274292,156914
11.263083457946777,156914
11.264013528823853,156914
11.265368223190308,156914
11.266285419464111,156914
11.267203092575073,156914
11.268118858337402,156914
11.269030809402466,156914
11.270386695861816,156914
11.27130389213562,156914
11.272223949432373,156914
11.273140668869019,156914
11.274064064025879,156914
11.275415658950806,156914
11.276327848434448,156914
11.277247190475464,156914
11.278164625167847,156914
11.279078722000122,156914
11.280433893203735,156914
11.281350374221802,156914
11.28226923942566,156914
11.28318476676941,156914
11.28411340713501,156914
11.285030603408813,156914
11.286383867263794,156914
11.287296533584595,156914
11.288214445114136,156914
11.289133548736572,156914
11.290049314498901,156914
11.291404008865356,156914
11.292320013046265,156914
11.293240547180176,156914
11.294169902801514,156914
11.295087099075317,156914
11.296438455581665,156914
11.297354698181152,156914
11.29827356338501,156914
11.299195051193237,156914
11.300112247467041,156914
11.30102801322937,156914
11.3023841381073,156914
11.303298711776733,156914
11.304230690002441,156914
11.305148124694824,156914
11.306063652038574,156914
11.307418823242188,156914
11.308335065841675,156914
11.309252977371216,156914
11.310173034667969,156914
11.31108832359314,156914
11.31200361251831,156914
11.31335735321045,156914
11.314289569854736,156914
11.31520676612854,156914
11.316122770309448,156914
11.317037105560303,156914
11.318392515182495,156914
11.319307804107666,156914
11.320225477218628,156914
11.321146011352539,156914
11.322062730789185,156914
11.323417663574219,156914
11.324341773986816,156914
11.325261116027832,156914
11.326177835464478,156914
11.32709527015686,156914
11.328010320663452,156914
11.329361200332642,156914
11.330275058746338,156914
11.331190347671509,156914
11.33210802078247,156914
11.333022117614746,156914
11.334386825561523,156914
11.335301876068115,156914
11.336223125457764,156914
11.337141275405884,156914
11.338057279586792,156914
11.339410066604614,156914
11.340325593948364,156914
11.341242551803589,156914
11.342159271240234,156914
11.343074321746826,156914
11.34443998336792,156914
11.345355749130249,156914
11.346275091171265,156914
11.347194194793701,156914
11.348109483718872,156914
11.349023818969727,156914
11.35037636756897,156914
11.35129189491272,156914
11.352213621139526,156914
11.353129625320435,156914
11.354056596755981,156914
11.355411052703857,156914
11.356326818466187,156914
11.357245445251465,156914
11.358163118362427,156914
11.359079837799072,156914
11.360435962677002,156914
11.361349821090698,156914
11.362264394760132,156914
11.363179206848145,156914
11.364105224609375,156914
11.365020990371704,156914
11.366374254226685,156914
11.367291450500488,156914
11.368206024169922,156914
11.36912488937378,156914
11.370039939880371,156914
11.371391773223877,156914
11.372304201126099,156914
11.373223304748535,156914
11.374152898788452,156914
11.375067949295044,156914
11.37642240524292,156914
11.377339124679565,156914
11.37825870513916,156914
11.379178524017334,156914
11.380094289779663,156914
11.38101315498352,156914
11.382366180419922,156914
11.383281469345093,156914
11.384210109710693,156914
11.385127305984497,156914
11.38603949546814,156914
11.387398481369019,156914
11.388315200805664,156914
11.389232158660889,156914
11.39014720916748,156914
11.39106297492981,156914
11.392417192459106,156914
11.393333911895752,156914
11.394261360168457,156914
11.395183563232422,156914
11.396097421646118,156914
11.397011518478394,156914
11.398366212844849,156914
11.399284362792969,156914
11.40020203590393,156914
11.401115894317627,156914
11.402029752731323,156914
11.403383255004883,156914
11.404307842254639,156914
11.405226230621338,156914
11.406141519546509,156914
11.407056093215942,156914
11.408409833908081,156914
11.409327745437622,156914
11.410247802734375,156914
11.411166429519653,156914
11.412081480026245,156914
11.413435459136963,156914
11.414361715316772,156914
11.415279388427734,156914
11.416195154190063,156914
11.417113542556763,156914
11.41802716255188,156914
11.419380187988281,156914
11.420292377471924,156914
11.421207666397095,156914
11.422126293182373,156914
11.423035144805908,156914
11.424399852752686,156914
11.425317287445068,156914
11.426236391067505,156914
11.427155256271362,156914
11.42807149887085,156914
11.42942476272583,156914
11.430341958999634,156914
11.431259632110596,156914
11.432177782058716,156914
11.433097124099731,156914
11.434019327163696,156914
11.43537449836731,156914
11.436292171478271,156914
11.437208652496338,156914
11.438122749328613,156914
11.43903660774231,156914
11.440396547317505,156914
11.441307544708252,156914
11.44222903251648,156914
11.443145990371704,156914
11.444070100784302,156914
11.44542646408081,156914
11.44633936882019,156914
11.447259426116943,156914
11.448175430297852,156914
11.44909405708313,156914
11.450011253356934,156914
11.451364517211914,156914
11.452282667160034,156914
11.453199625015259,156914
11.454127311706543,156914
11.45504355430603,156914
11.45640230178833,156914
11.45731496810913,156914
11.45823621749878,156914
11.459154844284058,156914
11.460069417953491,156914
11.461425065994263,156914
11.462340593338013,156914
11.463259935379028,156914
11.464193105697632,156914
11.465113639831543,156914
11.466027021408081,156914
11.467384099960327,156914
11.468300580978394,156914
11.469221115112305,156914
11.470141887664795,156914
11.471053123474121,156914
11.472404718399048,156914
11.47331953048706,156914
11.474247694015503,156914
11.475164413452148,156914
11.476080656051636,156914
11.477437734603882,156914
11.478357553482056,156914
11.479273080825806,156914
11.480194091796875,156914
11.481112957000732,156914
11.482027292251587,156914
11.483381032943726,156914
11.484307765960693,156914
11.485225677490234,156914
11.48614239692688,156914
11.48705768585205,156914
11.488409280776978,156914
11.489326238632202,156914
11.490243434906006,156914
11.49116063117981,156914
11.492073774337769,156914
11.493430137634277,156914
11.494353532791138,156914
11.495270013809204,156914
11.496189832687378,156914
11.497105121612549,156914
11.49802041053772,156914
11.499373435974121,156914
11.500289916992188,156914
11.501208066940308,156914
11.502127408981323,156914
11.503041744232178,156914
11.50441026687622,156914
11.505324840545654,156914
11.5062415599823,156914
11.507159233093262,156914
11.508070707321167,156914
11.509424924850464,156914
11.510341882705688,156914
11.511261463165283,156914
11.512181043624878,156914
11.513099431991577,156914
11.514025449752808,156914
11.515384912490845,156914
11.516296625137329,156914
11.517212867736816,156914
11.518131494522095,156914
11.519044160842896,156914
11.520400047302246,156914
11.521316766738892,156914
11.52223253250122,156914
11.523148775100708,156914
11.524073600769043,156914
11.52543330192566,156914
11.526345252990723,156914
11.527259588241577,156914
11.528177738189697,156914
11.529090166091919,156914
11.530003786087036,156914
11.531354665756226,156914
11.532272338867188,156914
11.533190965652466,156914
11.534116983413696,156914
11.535034418106079,156914
11.536386966705322,156914
11.537304878234863,156914
11.538220167160034,156914
11.539138793945312,156914
11.540055513381958,156914
11.541414737701416,156914
11.54232931137085,156914
11.543248414993286,156914
11.54417634010315,156914
11.545093536376953,156914
11.54600977897644,156914
11.54736590385437,156914
11.548283100128174,156914
11.549199104309082,156914
11.550122261047363,156914
11.551034688949585,156914
11.552386283874512,156914
11.553300619125366,156914
11.554229021072388,156914
11.555147171020508,156914
11.556062459945679,156914
11.557415246963501,156914
11.558327913284302,156914
11.559245109558105,156914
11.56016230583191,156914
11.561079263687134,156914
11.562434434890747,156914
11.56335163116455,156914
11.56427812576294,156914
11.56519627571106,156914
11.566112995147705,156914
11.567025184631348,156914
11.568379878997803,156914
11.569295406341553,156914
11.570216655731201,156914
11.571136474609375,156914
11.5720534324646,156914
11.57340383529663,156914
11.574330806732178,156914
11.575246572494507,156914
11.576165676116943,156914
11.577080011367798,156914
11.578433990478516,156914
11.579349279403687,156914
11.580268144607544,156914
11.581187009811401,156914
11.58210277557373,156914
11.583020687103271,156914
11.584387302398682,156914
11.585302829742432,156914
11.586217880249023,156914
11.587132930755615,156914
11.588048458099365,156914
11.589402914047241,156914
11.590317726135254,156914
11.591236114501953,156914
11.592154264450073,156914
11.593070030212402,156914
11.594436168670654,156914
11.595350742340088,156914
11.596267938613892,156914
11.59718632698059,156914
11.598100423812866,156914
11.599016427993774,156914
11.600371360778809,156914
11.601285696029663,156914
11.60220456123352,156914
11.603124380111694,156914
11.604048013687134,156914
11.605405569076538,156914
11.606322765350342,156914
11.60724401473999,156914
11.608163118362427,156914
11.609076023101807,156914
11.610432147979736,156914
11.61134648323059,156914
11.612261295318604,156914
11.613182067871094,156914
11.614107847213745,156914
11.615018367767334,156914
11.616371870040894,156914
11.617290496826172,156914
11.618207931518555,156914
11.61912727355957,156914
11.6200430393219,156914
11.621395826339722,156914
11.622313737869263,156914
11.62323522567749,156914
11.624170541763306,156914
11.625086069107056,156914
11.626441717147827,156914
11.627359867095947,156914
11.628277778625488,156914
11.6291983127594,156914
11.63011622428894,156914
11.631033658981323,156914
11.632386445999146,156914
11.633302927017212,156914
11.634228467941284,156914
11.63514757156372,156914
11.63606595993042,156914
11.637418746948242,156914
11.638333797454834,156914
11.639250040054321,156914
11.640165090560913,156914
11.641080379486084,156914
11.642436742782593,156914
11.643352746963501,156914
11.644285678863525,156914
11.645203590393066,156914
11.646124839782715,156914
11.647043466567993,156914
11.648398399353027,156914
11.649314165115356,156914
11.650236368179321,156914
11.65115475654602,156914
11.6520676612854,156914
11.65342378616333,156914
11.654350757598877,156914
11.655268669128418,156914
11.656189441680908,156914
11.657105684280396,156914
11.658020257949829,156914
11.6593759059906,156914
11.660290002822876,156914
11.661210536956787,156914
11.662129640579224,156914
11.663040399551392,156914
11.664407968521118,156914
11.665324449539185,156914
11.666243076324463,156914
11.66715955734253,156914
11.66807770729065,156914
11.669432878494263,156914
11.670351505279541,156914
11.67126750946045,156914
11.672184944152832,156914
11.673103332519531,156914
11.674028158187866,156914
11.675385236740112,156914
11.676302671432495,156914
11.67722463607788,156914
11.678146362304688,156914
11.679065704345703,156914
11.680423498153687,156914
11.681350946426392,156914
11.682267665863037,156914
11.683183908462524,156914
11.68411111831665,156914
11.685023307800293,156914
11.686376333236694,156914
11.68729305267334,156914
11.688212633132935,156914
11.689128398895264,156914
11.690044403076172,156914
11.691397190093994,156914
11.69231629371643,156914
11.693235397338867,156914
11.694162607192993,156914
11.695081949234009,156914
11.696439981460571,156914
11.697352647781372,156914
11.698275089263916,156914
11.699195146560669,156914
11.700109481811523,156914
11.701028823852539,156914
11.702379703521729,156914
11.703295946121216,156914
11.704223871231079,156914
11.705143451690674,156914
11.706057786941528,156914
11.707412481307983,156914
11.708325862884521,156914
11.7092444896698,156914
11.710162162780762,156914
11.711072444915771,156914
11.71242904663086,156914
11.713344812393188,156914
11.714277505874634,156914
11.715193510055542,156914
11.71611475944519,156914
11.71703290939331,156914
11.71839427947998,156914
11.719313144683838,156914
11.720233917236328,156914
11.721156358718872,156914
11.722074747085571,156914
11.723433494567871,156914
11.724360227584839,156914
11.725275754928589,156914
11.72619342803955,156914
11.72711181640625,156914
11.72802734375,156914
11.72937798500061,156914
11.730293989181519,156914
11.731213331222534,156914
11.73213243484497,156914
11.73305058479309,156914
11.734416007995605,156914
11.735334396362305,156914
11.736264944076538,156914
11.737184286117554,156914
11.738099575042725,156914
11.739016771316528,156914
11.740370750427246,156914
11.741285800933838,156914
11.742206335067749,156914
11.743125677108765,156914
11.744052648544312,156914
11.745410203933716,156914
11.746326446533203,156914
11.747246980667114,156914
11.74816370010376,156914
11.749080181121826,156914
11.75043773651123,156914
11.751354694366455,156914
11.75226902961731,156914
11.753187894821167,156914
11.754115581512451,156914
11.75502610206604,156914
11.756376266479492,156914
11.757296085357666,156914
11.758213520050049,156914
11.759130477905273,156914
11.760047674179077,156914
11.76140308380127,156914
11.762317895889282,156914
11.763235569000244,156914
11.764163494110107,156914
11.765081882476807,156914
11.766435861587524,156914
11.76734972000122,156914
11.768269777297974,156914
11.769187211990356,156914
11.770103454589844,156914
11.771019220352173,156914
11.772370100021362,156914
11.773287296295166,156914
11.774216175079346,156914
11.775134325027466,156914
11.776055335998535,156914
11.777407884597778,156914
11.778321027755737,156914
11.779240369796753,156914
11.780158281326294,156914
11.781075716018677,156914
11.782437324523926,156914
11.783354043960571,156914
11.784285306930542,156914
11.785200834274292,156914
11.786118268966675,156914
11.787033319473267,156914
11.788386106491089,156914
11.789299011230469,156914
11.790215492248535,156914
11.791131973266602,156914
11.792046070098877,156914
11.79340410232544,156914
11.794329166412354,156914
11.795247316360474,156914
11.796165704727173,156914
11.797083616256714,156914
11.798439502716064,156914
11.79935359954834,156914
11.800268411636353,156914
11.801183938980103,156914
11.802099704742432,156914
11.803015232086182,156914
11.804378271102905,156914
11.80529522895813,156914
11.806213855743408,156914
11.807133436203003,156914
11.808051824569702,156914
11.80940866470337,156914
11.810326337814331,156914
11.811246156692505,156914
11.81216812133789,156914
11.81308627128601,156914
11.81401252746582,156914
11.815368890762329,156914
11.816291093826294,156914
11.817209482192993,156914
11.818127870559692,156914
11.819044351577759,156914
11.820401906967163,156914
11.821319103240967,156914
11.822234869003296,156914
11.823154211044312,156914
11.824085474014282,156914
11.825440168380737,156914
11.826356887817383,156914
11.827275514602661,156914
11.828195333480835,156914
11.82911229133606,156914
11.830029249191284,156914
11.831384897232056,156914
11.832298040390015,156914
11.833215236663818,156914
11.834142923355103,156914
11.835057973861694,156914
11.836410284042358,156914
11.837325811386108,156914
11.838242769241333,156914
11.839162349700928,156914
11.840078115463257,156914
11.841435432434082,156914
11.842348337173462,156914
11.84326720237732,156914
11.844197273254395,156914
11.845115900039673,156914
11.846030473709106,156914
11.84738540649414,156914
11.848302841186523,156914
11.849224328994751,156914
11.85014295578003,156914
11.85105586051941,156914
11.852411270141602,156914
11.853326797485352,156914
11.854274034500122,156914
11.855193376541138,156914
11.856111526489258,156914
11.857030868530273,156914
11.858383178710938,156914
11.859297275543213,156914
11.860220909118652,156914
11.86113953590393,156914
11.862051010131836,156914
11.863403558731079,156914
11.864330291748047,156914
11.865248203277588,156914
11.866164445877075,156914
11.86710238456726,156914
11.868019342422485,156914
11.869376420974731,156914
11.87029504776001,156914
11.871211051940918,156914
11.872130155563354,156914
11.87304139137268,156914
11.874406814575195,156914
11.87532353401184,156914
11.876240253448486,156914
11.877156496047974,156914
11.878074169158936,156914
11.879427194595337,156914
11.880342960357666,156914
11.881261110305786,156914
11.882179975509644,156914
11.883096694946289,156914
11.88402247428894,156914
11.885377168655396,156914
11.88629412651062,156914
11.887212991714478,156914
11.888129472732544,156914
11.889047145843506,156914
11.890402555465698,156914
11.891319036483765,156914
11.892237424850464,156914
11.8931565284729,156914
11.894083738327026,156914
11.895440340042114,156914
11.896357536315918,156914
11.897276401519775,156914
11.898195266723633,156914
11.89911437034607,156914
11.90002965927124,156914
11.901387214660645,156914
11.90230679512024,156914
11.903233289718628,156914
11.904163837432861,156914
11.905081748962402,156914
11.906436204910278,156914
11.907349824905396,156914
11.908267498016357,156914
11.909181118011475,156914
11.91010046005249,156914
11.911016464233398,156914
11.912370681762695,156914
11.913288593292236,156914
11.914214611053467,156914
11.915134191513062,156914
11.916049003601074,156914
11.917405366897583,156914
11.91831922531128,156914
11.919238567352295,156914
11.92015814781189,156914
11.921072721481323,156914
11.922425031661987,156914
11.92333984375,156914
11.924269199371338,156914
11.92518663406372,156914
11.926103591918945,156914
11.927020788192749,156914
11.928372621536255,156914
11.929287672042847,156914
11.930203437805176,156914
11.931118965148926,156914
11.932031869888306,156914
11.933387041091919,156914
11.9343101978302,156914
11.935228109359741,156914
11.93614387512207,156914
11.937064170837402,156914
11.938417673110962,156914
11.939336776733398,156914
11.94025206565857,156914
11.94117259979248,156914
11.94213056564331,156914
11.943051815032959,156914
11.94442367553711,156914
11.945337772369385,156914
11.946255683898926,156914
11.947174072265625,156914
11.948090553283691,156914
11.94900918006897,156914
11.950433492660522,156914
11.95134949684143,156914
11.952265739440918,156914
11.953184127807617,156914
11.954114437103271,156914
11.955033540725708,156914
11.956390857696533,156914
11.957306385040283,156914
11.958224773406982,156914
11.95914340019226,156914
11.960057258605957,156914
11.961409568786621,156914
11.962324619293213,156914
11.963262796401978,156914
11.964193344116211,156914
11.96511173248291,156914
11.966028451919556,156914
11.96738314628601,156914
11.968299388885498,156914
11.969216585159302,156914
11.970136880874634,156914
11.971056461334229,156914
11.97240686416626,156914
11.973320007324219,156914
11.97424840927124,156914
11.975164651870728,156914
11.976077318191528,156914
11.97743535041809,156914
11.978352785110474,156914
11.979272842407227,156914
11.980190753936768,156914
11.981108903884888,156914
11.982021808624268,156914
11.983375787734985,156914
11.9843008518219,156914
11.985217809677124,156914
11.986133098602295,156914
11.987046718597412,156914
11.988401651382446,156914
11.989315271377563,156914
11.990232944488525,156914
11.991148948669434,156914
11.992064476013184,156914
11.993419170379639,156914
11.994342803955078,156914
11.995261192321777,156914
11.996177673339844,156914
11.997093677520752,156914
11.998003244400024,156914
11.999358415603638,156914
12.000275135040283,156914
12.001195907592773,156914
12.002111196517944,156914
12.003030061721802,156914
12.004392862319946,156914
12.005309343338013,156914
12.006227254867554,156914
12.007147550582886,156914
12.008061408996582,156914
12.009418249130249,156914
12.010334253311157,156914
12.011255502700806,156914
12.012174606323242,156914
12.013095378875732,156914
12.014021635055542,156914
12.015375852584839,156914
12.01629376411438,156914
12.017209768295288,156914
12.018127679824829,156914
12.019045114517212,156914
12.020401954650879,156914
12.021316528320312,156914
12.0222327709198,156914
12.023152112960815,156914
12.024075984954834,156914
12.025431156158447,156914
12.026343584060669,156914
12.027261972427368,156914
12.028175115585327,156914
12.029091119766235,156914
12.030008316040039,156914
12.031365156173706,156914
12.03228235244751,156914
12.033199548721313,156914
12.034127235412598,156914
12.03503942489624,156914
12.036393880844116,156914
12.037309885025024,156914
12.038225889205933,156914
12.03913927078247,156914
12.0400550365448,156914
12.041406869888306,156914
12.042325019836426,156914
12.043242931365967,156914
12.044174671173096,156914
12.045104265213013,156914
12.046018600463867,156914
12.047382354736328,156914
12.04830002784729,156914
12.04922366142273,156914
12.05013632774353,156914
12.051054000854492,156914
12.05241060256958,156914
12.053324699401855,156914
12.054251670837402,156914
12.055174112319946,156914
12.056094646453857,156914
12.057013034820557,156914
12.05836820602417,156914
12.059288024902344,156914
12.060210704803467,156914
12.061132431030273,156914
12.062047958374023,156914
12.063402891159058,156914
12.06432819366455,156914
12.065245628356934,156914
12.066164255142212,156914
12.06708288192749,156914
12.068434238433838,156914
12.06934928894043,156914
12.070269584655762,156914
12.071187496185303,156914
12.072104930877686,156914
12.073025465011597,156914
12.07438850402832,156914
12.075301170349121,156914
12.076220273971558,156914
12.077138185501099,156914
12.078052282333374,156914
12.079406976699829,156914
12.080323219299316,156914
12.081244707107544,156914
12.082165956497192,156914
12.08307933807373,156914
12.084008693695068,156914
12.085365295410156,156914
12.086283683776855,156914
12.087199211120605,156914
12.088118076324463,156914
12.089032649993896,156914
12.090385913848877,156914
12.09130048751831,156914
12.092219829559326,156914
12.093137979507446,156914
12.094061374664307,156914
12.09541916847229,156914
12.096333265304565,156914
12.097252607345581,156914
12.098171710968018,156914
12.0990891456604,156914
12.100008249282837,156914
12.101362705230713,156914
12.102278470993042,156914
12.1031973361969,156914
12.104127407073975,156914
12.105042695999146,156914
12.106405019760132,156914
12.10732388496399,156914
12.108239889144897,156914
12.109158515930176,156914
12.11007571220398,156914
12.111427545547485,156914
12.112346649169922,156914
12.113261938095093,156914
12.114189624786377,156914
12.115106582641602,156914
12.116020441055298,156914
12.117371559143066,156914
12.118288516998291,156914
12.11920690536499,156914
12.12012505531311,156914
12.121043682098389,156914
12.122400999069214,156914
12.123315572738647,156914
12.124244928359985,156914
12.125164985656738,156914
12.126081466674805,156914
12.127431154251099,156914
12.1283438205719,156914
12.12926435470581,156914
12.130185842514038,156914
12.131102085113525,156914
12.132019519805908,156914
12.133373975753784,156914
12.134302616119385,156914
12.135219097137451,156914
12.136138916015625,156914
12.13705587387085,156914
12.138414144515991,156914
12.139331102371216,156914
12.140249252319336,156914
12.141168117523193,156914
12.142083406448364,156914
12.143439054489136,156914
12.14436674118042,156914
12.145288228988647,156914
12.146204948425293,156914
12.147125959396362,156914
12.148045301437378,156914
12.149400472640991,156914
12.150315761566162,156914
12.15123701095581,156914
12.15215277671814,156914
12.153066635131836,156914
12.154431819915771,156914
12.155349016189575,156914
12.156271934509277,156914
12.157189130783081,156914
12.158105373382568,156914
12.15902066230774,156914
12.160372734069824,156914
12.161290407180786,156914
12.162209272384644,156914
12.163126945495605,156914
12.164052248001099,156914
12.165409564971924,156914
12.166326999664307,156914
12.16724419593811,156914
12.168159484863281,156914
12.16907262802124,156914
12.170425653457642,156914
12.171341896057129,156914
12.172258377075195,156914
12.173178434371948,156914
12.174103736877441,156914
12.175020694732666,156914
12.176372051239014,156914
12.177290678024292,156914
12.17820930480957,156914
12.179128646850586,156914
12.180044174194336,156914
12.181397199630737,156914
12.182313442230225,156914
12.183232545852661,156914
12.184163808822632,156914
12.185081958770752,156914
12.18643569946289,156914
12.18735122680664,156914
12.188269138336182,156914
12.189186096191406,156914
12.190101385116577,156914
12.191017389297485,156914
12.192372798919678,156914
12.193289995193481,156914
12.194215297698975,156914
12.195131301879883,156914
12.196045637130737,156914
12.197400569915771,156914
12.198317766189575,156914
12.199233770370483,156914
12.200153350830078,156914
12.20106816291809,156914
12.202423334121704,156914
12.203339338302612,156914
12.204267263412476,156914
12.20518445968628,156914
12.206100702285767,156914
12.20701789855957,156914
12.20836853981018,156914
12.209282875061035,156914
12.210202932357788,156914
12.211120367050171,156914
12.21203351020813,156914
12.213383436203003,156914
12.214312076568604,156914
12.21523141860962,156914
12.216148138046265,156914
12.217062711715698,156914
12.21841549873352,156914
12.219331979751587,156914
12.220249652862549,156914
12.221170663833618,156914
12.222086429595947,156914
12.223437547683716,156914
12.224361658096313,156914
12.225279808044434,156914
12.226198673248291,156914
12.227116107940674,156914
12.228032112121582,156914
12.229385137557983,156914
12.230300903320312,156914
12.231216192245483,156914
12.232133150100708,156914
12.233047008514404,156914
12.234415531158447,156914
12.235333681106567,156914
12.236252307891846,156914
12.237170934677124,156914
12.238086223602295,156914
12.239005088806152,156914
12.240354299545288,156914
12.241272449493408,156914
12.242187023162842,156914
12.243106365203857,156914
12.244028329849243,156914
12.245385646820068,156914
12.246299982070923,156914
12.247218608856201,156914
12.248137712478638,156914
12.249053955078125,156914
12.25040888786316,156914
12.251325130462646,156914
12.252242088317871,156914
12.253157615661621,156914
12.254078388214111,156914
12.255432844161987,156914
12.256352186203003,156914
12.257265329360962,156914
12.258183240890503,156914
12.259100675582886,156914
12.260014533996582,156914
12.261367321014404,156914
12.262284517288208,156914
12.263201236724854,156914
12.264126539230347,156914
12.265042066574097,156914
12.266397476196289,156914
12.267313718795776,156914
12.268230199813843,156914
12.269150733947754,156914
12.27006483078003,156914
12.271415710449219,156914
12.272331476211548,156914
12.273247957229614,156914
12.274177312850952,156914
12.27509331703186,156914
12.276010036468506,156914
12.277363061904907,156914
12.27828311920166,156914
12.279200792312622,156914
12.280123472213745,156914
12.281040906906128,156914
12.282393455505371,156914
12.283308506011963,156914
12.28424072265625,156914
12.285161256790161,156914
12.286076068878174,156914
12.287434577941895,156914
12.288352251052856,156914
12.289271354675293,156914
12.290189027786255,156914
12.291107892990112,156914
12.292025089263916,156914
12.293377161026001,156914
12.294305324554443,156914
12.29522180557251,156914
12.29613995552063,156914
12.297054290771484,156914
12.298408269882202,156914
12.299325704574585,156914
12.30024242401123,156914
12.301159143447876,156914
12.302075147628784,156914
12.30342960357666,156914
12.304354667663574,156914
12.305274963378906,156914
12.306194305419922,156914
12.30711054801941,156914
12.30802583694458,156914
12.309377431869507,156914
12.310297966003418,156914
12.311217308044434,156914
12.312134265899658,156914
12.313049554824829,156914
12.314412355422974,156914
12.315327882766724,156914
12.316245794296265,156914
12.317163228988647,156914
12.318080425262451,156914
12.319433450698853,156914
12.320369720458984,156914
12.321297407150269,156914
12.32221531867981,156914
12.323133945465088,156914
12.324059247970581,156914
12.32541537284851,156914
12.32633090019226,156914
12.327248811721802,156914
12.328165769577026,156914
12.329082727432251,156914
12.33043646812439,156914
12.331351041793823,156914
12.332269191741943,156914
12.333186864852905,156914
12.334115028381348,156914
12.335030794143677,156914
12.336386680603027,156914
12.337300777435303,156914
12.338221788406372,156914
12.339142799377441,156914
12.340060234069824,156914
12.34141230583191,156914
12.342327356338501,156914
12.34324836730957,156914
12.344178676605225,156914
12.345092535018921,156914
12.346008777618408,156914
12.34736156463623,156914
12.348278522491455,156914
12.349197387695312,156914
12.350118637084961,156914
12.351033926010132,156914
12.352386474609375,156914
12.353301525115967,156914
12.354238271713257,156914
12.355157375335693,156914
12.356070518493652,156914
12.357429027557373,156914
12.358346462249756,156914
12.359265327453613,156914
12.360182523727417,156914
12.3610999584198,156914
12.362013816833496,156914
12.363364219665527,156914
12.364291191101074,156914
12.365211248397827,156914
12.36612844467163,156914
12.367043018341064,156914
12.368402242660522,156914
12.369319200515747,156914
12.37023663520813,156914
12.371155500411987,156914
12.37207317352295,156914
12.373429536819458,156914
12.374353170394897,156914
12.375271081924438,156914
12.376192331314087,156914
12.377113342285156,156914
12.378026723861694,156914
12.37938117980957,156914
12.380298614501953,156914
12.381221055984497,156914
12.38213849067688,156914
12.383056402206421,156914
12.38442587852478,156914
12.385339975357056,156914
12.386260032653809,156914
12.387178421020508,156914
12.388096809387207,156914
12.38901138305664,156914
12.390365362167358,156914
12.391283988952637,156914
12.392204523086548,156914
12.393121004104614,156914
12.394043684005737,156914
12.395402193069458,156914
12.39631700515747,156914
12.397234201431274,156914
12.398154497146606,156914
12.399069547653198,156914
12.400429010391235,156914
12.401346445083618,156914
12.402267456054688,156914
12.403186082839966,156914
12.404113054275513,156914
12.405028104782104,156914
12.40638518333435,156914
12.4073007106781,156914
12.408220529556274,156914
12.409136295318604,156914
12.410056114196777,156914
12.411412239074707,156914
12.412330865859985,156914
12.413248777389526,156914
12.414178609848022,156914
12.415096521377563,156914
12.416015386581421,156914
12.417372465133667,156914
12.418288230895996,156914
12.419205665588379,156914
12.420123100280762,156914
12.42104172706604,156914
12.422397136688232,156914
12.423314571380615,156914
12.424241542816162,156914
12.425158262252808,156914
12.426072120666504,156914
12.427424192428589,156914
12.428341388702393,156914
12.429260969161987,156914
12.430176496505737,156914
12.431095361709595,156914
12.432013511657715,156914
12.433367490768433,156914
12.434294939041138,156914
12.43521499633789,156914
12.436133861541748,156914
12.437044858932495,156914
12.438395977020264,156914
12.439309120178223,156914
12.440226078033447,156914
12.441144943237305,156914
12.442062139511108,156914
12.44341516494751,156914
12.44434118270874,156914
12.445257425308228,156914
12.446177244186401,156914
12.447093725204468,156914
12.448009967803955,156914
12.449363946914673,156914
12.450281143188477,156914
12.451201677322388,156914
12.452116250991821,156914
12.453033685684204,156914
12.454400300979614,156914
12.455314636230469,156914
12.456232786178589,156914
12.457154273986816,156914
12.458067655563354,156914
12.459426641464233,156914
12.460339307785034,156914
12.461255311965942,156914
12.462175130844116,156914
12.463090896606445,156914
12.464018106460571,156914
12.465376615524292,156914
12.46630334854126,156914
12.4672212600708,156914
12.468140363693237,156914
12.469055652618408,156914
12.47040867805481,156914
12.471325635910034,156914
12.472245454788208,156914
12.473165035247803,156914
12.474091529846191,156914
12.475009441375732,156914
12.476365089416504,156914
12.477288246154785,156914
12.478206157684326,156914
12.479123830795288,156914
12.480040311813354,156914
12.481396436691284,156914
12.48231291770935,156914
12.483230352401733,156914
12.484157085418701,156914
12.485072612762451,156914
12.486429214477539,156914
12.487346649169922,156914
12.488265991210938,156914
12.489183187484741,156914
12.490099906921387,156914
12.491018295288086,156914
12.492369890213013,156914
12.493287086486816,156914
12.494217872619629,156914
12.495138168334961,156914
12.496054649353027,156914
12.497411012649536,156914
12.498328447341919,156914
12.499248027801514,156914
12.500163078308105,156914
12.501080513000488,156914
12.50243592262268,156914
12.503355979919434,156914
12.504282236099243,156914
12.5052011013031,156914
12.506118774414062,156914
12.507035493850708,156914
12.50839352607727,156914
12.509311437606812,156914
12.510228633880615,156914
12.511145830154419,156914
12.512062311172485,156914
12.513420343399048,156914
12.51435136795044,156914
12.515269994735718,156914
12.516186475753784,156914
12.517103910446167,156914
12.518017053604126,156914
12.519371032714844,156914
12.520286798477173,156914
12.521206378936768,156914
12.522124290466309,156914
12.523041009902954,156914
12.52440595626831,156914
12.525320768356323,156914
12.52623701095581,156914
12.527155637741089,156914
12.528072118759155,156914
12.529425382614136,156914
12.530340671539307,156914
12.531261682510376,156914
12.532181024551392,156914
12.533095598220825,156914
12.534021615982056,156914
12.535376071929932,156914
12.536293745040894,156914
12.53720998764038,156914
12.538129806518555,156914
12.53904128074646,156914
12.540395259857178,156914
12.541311740875244,156914
12.542232990264893,156914
12.543150663375854,156914
12.544073104858398,156914
12.545432329177856,156914
12.546349048614502,156914
12.547264814376831,156914
12.548181772232056,156914
12.549095630645752,156914
12.550013303756714,156914
12.551365852355957,156914
12.552284955978394,156914
12.553202390670776,156914
12.55413293838501,156914
12.555051803588867,156914
12.556407451629639,156914
12.557323932647705,156914
12.558241605758667,156914
12.559160232543945,156914
12.560079336166382,156914
12.561433792114258,156914
12.562349796295166,156914
12.563267230987549,156914
12.564197778701782,156914
12.565117120742798,156914
12.566032886505127,156914
12.56738829612732,156914
12.56830358505249,156914
12.569222688674927,156914
12.570139169692993,156914
12.57105565071106,156914
12.572407960891724,156914
12.573325395584106,156914
12.574252367019653,156914
12.575171947479248,156914
12.576090574264526,156914
12.577007293701172,156914
12.578359842300415,156914
12.579277276992798,156914
12.580194473266602,156914
12.581112623214722,156914
12.582030534744263,156914
12.583385229110718,156914
12.58431077003479,156914
12.585226774215698,156914
12.58614206314087,156914
12.58705735206604,156914
12.588414430618286,156914
12.589329481124878,156914
12.590248584747314,156914
12.59116816520691,156914
12.592083930969238,156914
12.59343433380127,156914
12.594367027282715,156914
12.595283508300781,156914
12.596198081970215,156914
12.597117185592651,156914
12.598031044006348,156914
12.599386215209961,156914
12.60030460357666,156914
12.601224660873413,156914
12.602146625518799,156914
12.60306191444397,156914
12.604430913925171,156914
12.60534954071045,156914
12.606266260147095,156914
12.607184410095215,156914
12.608099699020386,156914
12.609017848968506,156914
12.61037540435791,156914
12.611291885375977,156914
12.612210988998413,156914
12.613129377365112,156914
12.614051580429077,156914
12.615405321121216,156914
12.616321086883545,156914
12.617237329483032,156914
12.61815333366394,156914
12.61907410621643,156914
12.620433807373047,156914
12.621350049972534,156914
12.622267246246338,156914
12.62318468093872,156914
12.624114513397217,156914
12.625029563903809,156914
12.626384019851685,156914
12.627301931381226,156914
12.628222227096558,156914
12.629142999649048,156914
12.630058765411377,156914
12.631413698196411,156914
12.632330656051636,156914
12.633246660232544,156914
12.634176015853882,156914
12.635096311569214,156914
12.636009216308594,156914
12.637367248535156,156914
12.638283014297485,156914
12.639197587966919,156914
12.640114068984985,156914
12.641031503677368,156914
12.64238452911377,156914
12.643298625946045,156914
12.644226551055908,156914
12.645145893096924,156914
12.646062850952148,156914
12.647416830062866,156914
12.648330926895142,156914
12.649250030517578,156914
12.650167226791382,156914
12.65108346939087,156914
12.65243673324585,156914
12.653356313705444,156914
12.65428614616394,156914
12.655199766159058,156914
12.656116485595703,156914
12.657030582427979,156914
12.658385515213013,156914
12.659300565719604,156914
12.6602201461792,156914
12.661139965057373,156914
12.662055730819702,156914
12.663413047790527,156914
12.66434097290039,156914
12.665261268615723,156914
12.666176557540894,156914
12.667094230651855,156914
12.668009757995605,156914
12.669358253479004,156914
12.670272588729858,156914
12.6711905002594,156914
12.672107458114624,156914
12.673022031784058,156914
12.674386739730835,156914
12.675303936004639,156914
12.676223278045654,156914
12.677141904830933,156914
12.678057432174683,156914
12.679408073425293,156914
12.680323839187622,156914
12.68124771118164,156914
12.682168960571289,156914
12.683086633682251,156914
12.68401050567627,156914
12.685362815856934,156914
12.686280488967896,156914
12.687198877334595,156914
12.688114881515503,156914
12.6890287399292,156914
12.69037914276123,156914
12.691296339035034,156914
12.692211389541626,156914
12.693126678466797,156914
12.694051742553711,156914
12.695406675338745,156914
12.696322441101074,156914
12.697240352630615,156914
12.698158264160156,156914
12.699069499969482,156914
12.7004234790802,156914
12.701342344284058,156914
12.702260732650757,156914
12.703174352645874,156914
12.704103469848633,156914
12.705021142959595,156914
12.706371068954468,156914
12.707286834716797,156914
12.708205699920654,156914
12.709123134613037,156914
12.710035562515259,156914
12.711389541625977,156914
12.712303876876831,156914
12.713221549987793,156914
12.714148759841919,156914
12.715066909790039,156914
12.71642017364502,156914
12.71733570098877,156914
12.71825623512268,156914
12.719175338745117,156914
12.720090389251709,156914
12.721004724502563,156914
12.72235918045044,156914
12.723277568817139,156914
12.724205732345581,156914
12.725126028060913,156914
12.726039409637451,156914
12.727391719818115,156914
12.72831130027771,156914
12.729227304458618,156914
12.730145931243896,156914
12.731064319610596,156914
12.732418775558472,156914
12.733335971832275,156914
12.73426604270935,156914
12.735185623168945,156914
12.736110210418701,156914
12.73702597618103,156914
12.73812747001648,156914
12.73904538154602,156914
12.740400791168213,156914
12.741316556930542,156914
12.742233037948608,156914
12.743148803710938,156914
12.744075536727905,156914
12.745431184768677,156914
12.746348142623901,156914
12.747263431549072,156914
12.748182535171509,156914
12.74910020828247,156914
12.750015497207642,156914
12.751369953155518,156914
12.752287149429321,156914
12.753205299377441,156914
12.754130840301514,156914
12.755046129226685,156914
12.756402969360352,156914
12.757322311401367,156914
12.758237361907959,156914
12.75915813446045,156914
12.760074138641357,156914
12.761430501937866,156914
12.762343168258667,156914
12.763262510299683,156914
12.764190673828125,156914
12.76510500907898,156914
12.766021013259888,156914
12.76736831665039,156914
12.768285751342773,156914
12.76920199394226,156914
12.770117998123169,156914
12.771032810211182,156914
12.772387504577637,156914
12.773299932479858,156914
12.77422833442688,156914
12.775147199630737,156914
12.77606201171875,156914
12.777414560317993,156914
12.778328657150269,156914
12.779246807098389,156914
12.780163049697876,156914
12.781078577041626,156914
12.782431364059448,156914
12.783346891403198,156914
12.784276247024536,156914
12.785197019577026,156914
12.786117792129517,156914
12.787031412124634,156914
12.788381338119507,156914
12.789297580718994,156914
12.790215969085693,156914
12.791131496429443,156914
12.792047023773193,156914
12.793404817581177,156914
12.794328689575195,156914
12.795243978500366,156914
12.796161413192749,156914
12.797077417373657,156914
12.79843258857727,156914
12.799347400665283,156914
12.800265550613403,156914
12.801183700561523,156914
12.802101373672485,156914
12.803017139434814,156914
12.804381370544434,156914
12.80530047416687,156914
12.806215286254883,156914
12.80713152885437,156914
12.8080472946167,156914
12.809398651123047,156914
12.810313940048218,156914
12.811230421066284,156914
12.812146425247192,156914
12.813056230545044,156914
12.81442403793335,156914
12.815340518951416,156914
12.81626009941101,156914
12.81717562675476,156914
12.818091630935669,156914
12.819008827209473,156914
12.820361852645874,156914
12.821279525756836,156914
12.822196960449219,156914
12.82311749458313,156914
12.82404637336731,156914
12.825405597686768,156914
12.826320886611938,156914
12.827241659164429,156914
12.828159093856812,156914
12.829077243804932,156914
12.830432653427124,156914
12.831348419189453,156914
12.832266569137573,156914
12.83318543434143,156914
12.834115266799927,156914
12.835029363632202,156914
12.83638858795166,156914
12.837305545806885,156914
12.838226079940796,156914
12.839142799377441,156914
12.840060472488403,156914
12.841411113739014,156914
12.842329978942871,156914
12.843245029449463,156914
12.844175815582275,156914
12.845090866088867,156914
12.84600567817688,156914
12.847357988357544,156914
12.848277807235718,156914
12.849196910858154,156914
12.850119352340698,156914
12.851036071777344,156914
12.852390766143799,156914
12.853306531906128,156914
12.854261875152588,156914
12.855180978775024,156914
12.856099843978882,156914
12.857014656066895,156914
12.858366250991821,156914
12.85928463935852,156914
12.860201120376587,156914
12.861116170883179,156914
12.862030744552612,156914
12.863382339477539,156914
12.864308595657349,156914
12.86522626876831,156914
12.86614441871643,156914
12.86705732345581,156914
12.868411779403687,156914
12.86932635307312,156914
12.870243549346924,156914
12.871162414550781,156914
12.872073650360107,156914
12.873426914215088,156914
12.874349594116211,156914
12.875267505645752,156914
12.876183986663818,156914
12.877101182937622,156914
12.87801742553711,156914
12.879367113113403,156914
12.880282402038574,156914
12.881200551986694,156914
12.882115840911865,156914
12.883026123046875,156914
12.88438630104065,156914
12.885300636291504,156914
12.886220693588257,156914
12.887139558792114,156914
12.88805603981018,156914
12.889406681060791,156914
12.890324354171753,156914
12.891238689422607,156914
12.892155408859253,156914
12.893071174621582,156914
12.894436120986938,156914
12.895350217819214,156914
12.896270036697388,156914
12.897187948226929,156914
12.898102760314941,156914
12.899016857147217,156914
12.90036940574646,156914
12.901287078857422,156914
12.902204275131226,156914
12.90312123298645,156914
12.904042959213257,156914
12.905397891998291,156914
12.906312942504883,156914
12.907228946685791,156914
12.90814733505249,156914
12.909060716629028,156914
12.910413980484009,156914
12.911332130432129,156914
12.912246942520142,156914
12.913163185119629,156914
12.914090156555176,156914
12.915008068084717,156914
12.916356563568115,156914
12.91727328300476,156914
12.918189287185669,156914
12.919106721878052,156914
12.920023679733276,156914
12.921379566192627,156914
12.922297477722168,156914
12.923213720321655,156914
12.924142599105835,156914
12.925060033798218,156914
12.926414489746094,156914
12.927330017089844,156914
12.928244590759277,156914
12.929162502288818,156914
12.930078983306885,156914
12.931434869766235,156914
12.93235182762146,156914
12.933266639709473,156914
12.934198379516602,156914
12.935116529464722,156914
12.93602991104126,156914
12.937379837036133,156914
12.938294887542725,156914
12.939212083816528,156914
12.94012999534607,156914
12.941045999526978,156914
12.942399740219116,156914
12.943312644958496,156914
12.944241046905518,156914
12.94515585899353,156914
12.946070671081543,156914
12.947426557540894,156914
12.948343992233276,156914
12.949259996414185,156914
12.95017409324646,156914
12.951091051101685,156914
12.9520103931427,156914
12.953361511230469,156914
12.954288005828857,156914
12.95520830154419,156914
12.95612621307373,156914
12.957038640975952,156914
12.958395957946777,156914
12.959310531616211,156914
12.960232257843018,156914
12.961147546768188,156914
12.96206545829773,156914
12.963422775268555,156914
12.964350461959839,156914
12.965266942977905,156914
12.966186046600342,156914
12.967103958129883,156914
12.96802020072937,156914
12.969369649887085,156914
12.970283269882202,156914
12.97120475769043,156914
12.972120761871338,156914
12.973036527633667,156914
12.974401712417603,156914
12.975316524505615,156914
12.97623324394226,156914
12.977151155471802,156914
12.978065967559814,156914
12.979418277740479,156914
12.980334997177124,156914
12.98125433921814,156914
12.98216962814331,156914
12.98308277130127,156914
12.984011173248291,156914
12.985365867614746,156914
12.98628282546997,156914
12.98720097541809,156914
12.988118410110474,156914
12.989031314849854,156914
12.990380764007568,156914
12.99129581451416,156914
12.992215633392334,156914
12.993134021759033,156914
12.994059562683105,156914
12.995414018630981,156914
12.996329069137573,156914
12.997248411178589,156914
12.998164415359497,156914
12.999077320098877,156914
13.000429391860962,156914
13.001344919204712,156914
13.002263069152832,156914
13.00318193435669,156914
13.004110097885132,156914
13.00502324104309,156914
13.006372213363647,156914
13.007292747497559,156914
13.008211851119995,156914
13.00912618637085,156914
13.010040521621704,156914
13.011393070220947,156914
13.01230764389038,156914
13.013223886489868,156914
13.014153957366943,156914
13.015070676803589,156914
13.01642656326294,156914
13.017343044281006,156914
13.018264055252075,156914
13.019181728363037,156914
13.020097970962524,156914
13.021012783050537,156914
13.02236533164978,156914
13.023282766342163,156914
13.024208307266235,156914
13.025129318237305,156914
13.026042222976685,156914
13.027393817901611,156914
13.02830982208252,156914
13.02922797203064,156914
13.030146837234497,156914
13.031063079833984,156914
13.0324227809906,156914
13.03334093093872,156914
13.034268856048584,156914
13.035181760787964,156914
13.036096334457397,156914
13.037011861801147,156914
13.03836441040039,156914
13.039279699325562,156914
13.04019808769226,156914
13.041114091873169,156914
13.042030811309814,156914
13.043385744094849,156914
13.044312238693237,156914
13.045239686965942,156914
13.0461585521698,156914
13.047075510025024,156914
13.0480477809906,156914
13.049424648284912,156914
13.050338983535767,156914
13.051260232925415,156914
13.052177429199219,156914
13.053094863891602,156914
13.054027795791626,156914
13.055383443832397,156914
13.056298732757568,156914
13.057217597961426,156914
13.058141708374023,156914
13.05905795097351,156914
13.060410261154175,156914
13.061329126358032,156914
13.062248945236206,156914
13.06316590309143,156914
13.06409239768982,156914
13.06501030921936,156914
13.066362142562866,156914
13.067281007766724,156914
13.068193912506104,156914
13.069110631942749,156914
13.070026397705078,156914
13.071374416351318,156914
13.072288990020752,156914
13.073203563690186,156914
13.074132680892944,156914
13.075046062469482,156914
13.076398849487305,156914
13.077316045761108,156914
13.07823133468628,156914
13.079147338867188,156914
13.080063104629517,156914
13.081418514251709,156914
13.082334518432617,156914
13.083271741867065,156914
13.084203958511353,156914
13.085118055343628,156914
13.08603286743164,156914
13.087387800216675,156914
13.088306188583374,156914
13.089226722717285,156914
13.090143203735352,156914
13.091059446334839,156914
13.092411279678345,156914
13.093327760696411,156914
13.094254493713379,156914
13.095174551010132,156914
13.096101999282837,156914
13.097017526626587,156914
13.098368406295776,156914
13.099286556243896,156914
13.100207090377808,156914
13.10112476348877,156914
13.102041006088257,156914
13.10339641571045,156914
13.104321718215942,156914
13.105242252349854,156914
13.106164455413818,156914
13.107080936431885,156914
13.108071565628052,156914
13.109697103500366,156914
13.110532283782959,156914
13.111371040344238,156914
13.112095594406128,156914
13.113038063049316,156914
13.114407300949097,156914
13.115330457687378,156914
13.11625075340271,156914
13.117170572280884,156914
13.118089437484741,156914
13.11900544166565,156914
13.12037706375122,156914
13.121296405792236,156914
13.122212648391724,156914
13.12312912940979,156914
13.12405252456665,156914
13.12540602684021,156914
13.126316547393799,156914
13.127233505249023,156914
13.128149032592773,156914
13.1290602684021,156914
13.130410432815552,156914
13.131325960159302,156914
13.132245302200317,156914
13.133161783218384,156914
13.13408613204956,156914
13.135005712509155,156914
13.13636302947998,156914
13.137279510498047,156914
13.138199090957642,156914
13.139117002487183,156914
13.140031814575195,156914
13.1413893699646,156914
13.142306089401245,156914
13.14322805404663,156914
13.144157648086548,156914
13.145076513290405,156914
13.146438360214233,156914
13.147355318069458,156914
13.148273468017578,156914
13.149200916290283,156914
13.150121450424194,156914
13.151035070419312,156914
13.152389764785767,156914
13.153308153152466,156914
13.154239892959595,156914
13.155160188674927,156914
13.156079769134521,156914
13.157435655593872,156914
13.158354043960571,156914
13.159278154373169,156914
13.160199403762817,156914
13.161118030548096,156914
13.162033796310425,156914
13.163388729095459,156914
13.16431450843811,156914
13.165233612060547,156914
13.166152477264404,156914
13.167072296142578,156914
13.168433666229248,156914
13.169349431991577,156914
13.170265674591064,156914
13.171186447143555,156914
13.172107458114624,156914
13.173020124435425,156914
13.174384355545044,156914
13.175300359725952,156914
13.176220893859863,156914
13.177135467529297,156914
13.178051710128784,156914
13.179406642913818,156914
13.180320262908936,156914
13.181238174438477,156914
13.182161092758179,156914
13.183078050613403,156914
13.184441328048706,156914
13.185359001159668,156914
13.186282396316528,156914
13.187204122543335,156914
13.18812108039856,156914
13.189033508300781,156914
13.190391063690186,156914
13.191307067871094,156914
13.192225933074951,156914
13.193144083023071,156914
13.194069385528564,156914
13.195425033569336,156914
13.196341514587402,156914
13.197260618209839,156914
13.198181390762329,156914
13.199100732803345,156914
13.200014591217041,156914
13.201369762420654,156914
13.202291250228882,156914
13.203206539154053,156914
13.204139471054077,156914
13.205058097839355,156914
13.206414222717285,156914
13.207330226898193,156914
13.208252191543579,156914
13.20917296409607,156914
13.21008849143982,156914
13.211007118225098,156914
13.212363719940186,156914
13.213283061981201,156914
13.214213371276855,156914
13.215131759643555,156914
13.216046810150146,156914
13.217407464981079,156914
13.218323230743408,156914
13.219242095947266,156914
13.220160007476807,156914
13.22107458114624,156914
13.222432613372803,156914
13.223349809646606,156914
13.224280834197998,156914
13.225199699401855,156914
13.22611927986145,156914
13.227035284042358,156914
13.228389024734497,156914
13.229304313659668,156914
13.230224132537842,156914
13.231146097183228,156914
13.232063293457031,156914
13.233420610427856,156914
13.23434829711914,156914
13.235267639160156,156914
13.236188411712646,156914
13.237106323242188,156914
13.238022327423096,156914
13.23937726020813,156914
13.240295886993408,156914
13.241218090057373,156914
13.242138862609863,156914
13.243054389953613,156914
13.244422197341919,156914
13.245339632034302,156914
13.246257066726685,156914
13.247181177139282,156914
13.248099088668823,156914
13.249014854431152,156914
13.250370979309082,156914
13.251288175582886,156914
13.252207279205322,156914
13.253127098083496,156914
13.254052639007568,156914
13.255411148071289,156914
13.256328344345093,156914
13.257248640060425,156914
13.258166074752808,156914
13.259083271026611,156914
13.260441064834595,156914
13.261359214782715,156914
13.262277364730835,156914
13.263199806213379,156914
13.264128684997559,156914
13.265045404434204,156914
13.266404628753662,156914
13.267321109771729,156914
13.268238306045532,156914
13.269155263900757,156914
13.270074129104614,156914
13.271433353424072,156914
13.272348403930664,156914
13.273263692855835,156914
13.274194240570068,156914
13.275114297866821,156914
13.276028156280518,156914
13.27738332748413,156914
13.278301000595093,156914
13.279219150543213,156914
13.280140161514282,156914
13.281059503555298,156914
13.282415628433228,156914
13.28333067893982,156914
13.28425669670105,156914
13.285176753997803,156914
13.286091327667236,156914
13.287006855010986,156914
13.288362264633179,156914
13.289278745651245,156914
13.290198564529419,156914
13.291114807128906,156914
13.29203462600708,156914
13.293390274047852,156914
13.294318199157715,156914
13.29523754119873,156914
13.296157360076904,156914
13.297073364257812,156914
13.298429250717163,156914
13.299343824386597,156914
13.300263166427612,156914
13.301181316375732,156914
13.302098989486694,156914
13.303016185760498,156914
13.304379940032959,156914
13.305299997329712,156914
13.306217670440674,156914
13.307137489318848,156914
13.308056592941284,156914
13.309412002563477,156914
13.310328960418701,156914
13.311248540878296,156914
13.31217074394226,156914
13.313087224960327,156914
13.314014434814453,156914
13.315367937088013,156914
13.316283702850342,156914
13.317201852798462,156914
13.31811785697937,156914
13.319035530090332,156914
13.320387363433838,156914
13.321301698684692,156914
13.32222032546997,156914
13.32313871383667,156914
13.32405972480774,156914
13.32541561126709,156914
13.326333045959473,156914
13.327253103256226,156914
13.328171491622925,156914
13.329087734222412,156914
13.33000373840332,156914
13.33135437965393,156914
13.332272291183472,156914
13.333192110061646,156914
13.334121704101562,156914
13.335034370422363,156914
13.336385726928711,156914
13.337301969528198,156914
13.33822226524353,156914
13.339143753051758,156914
13.340060710906982,156914
13.341415405273438,156914
13.342329502105713,156914
13.343245267868042,156914
13.344173669815063,156914
13.345088005065918,156914
13.346440315246582,156914
13.347355365753174,156914
13.34827208518982,156914
13.349189519882202,156914
13.350107192993164,156914
13.351022481918335,156914
13.352379560470581,156914
13.353296041488647,156914
13.354222297668457,156914
13.355143070220947,156914
13.356058835983276,156914
13.357409715652466,156914
13.358325719833374,156914
13.359244108200073,156914
13.360162019729614,156914
13.36108112335205,156914
13.362004041671753,156914
13.363357543945312,156914
13.364285945892334,156914
13.365204334259033,156914
13.366124868392944,156914
13.367040157318115,156914
13.36839246749878,156914
13.369306564331055,156914
13.370230436325073,156914
13.371154069900513,156914
13.372072458267212,156914
13.37343144416809,156914
13.374361038208008,156914
13.375280141830444,156914
13.376198053359985,156914
13.377118587493896,156914
13.378036499023438,156914
13.379394054412842,156914
13.380308866500854,156914
13.381231307983398,156914
13.382150411605835,156914
13.383065223693848,156914
13.384435892105103,156914
13.385353803634644,156914
13.386269569396973,156914
13.387187957763672,156914
13.388109683990479,156914
13.389025926589966,156914
13.39037799835205,156914
13.391294479370117,156914
13.39221453666687,156914
13.393134117126465,156914
13.394059419631958,156914
13.39541482925415,156914
13.396332263946533,156914
13.397248268127441,156914
13.398168325424194,156914
13.399084091186523,156914
13.400438070297241,156914
13.401355504989624,156914
13.402271509170532,156914
13.403191328048706,156914
13.404119491577148,156914
13.405034303665161,156914
13.406392574310303,156914
13.407306909561157,156914
13.40822982788086,156914
13.409145832061768,156914
13.410063982009888,156914
13.411416053771973,156914
13.412331819534302,156914
13.413248062133789,156914
13.414175987243652,156914
13.415095090866089,156914
13.416009426116943,156914
13.417364597320557,156914
13.418280363082886,156914
13.419200420379639,156914
13.420116424560547,156914
13.421033382415771,156914
13.42238712310791,156914
13.423303127288818,156914
13.424232721328735,156914
13.425151824951172,156914
13.426066637039185,156914
13.427420616149902,156914
13.42833685874939,156914
13.42925477027893,156914
13.430176019668579,156914
13.431091070175171,156914
13.432009220123291,156914
13.433364391326904,156914
13.4342942237854,156914
13.43521499633789,156914
13.43613338470459,156914
13.437048435211182,156914
13.438402891159058,156914
13.439317226409912,156914
13.44023585319519,156914
13.441154718399048,156914
13.442071437835693,156914
13.443430185317993,156914
13.444357633590698,156914
13.445278882980347,156914
13.446193933486938,156914
13.447109937667847,156914
13.448026418685913,156914
13.449382066726685,156914
13.450299263000488,156914
13.451218128204346,156914
13.452136516571045,156914
13.453047752380371,156914
13.45441484451294,156914
13.455331563949585,156914
13.456254243850708,156914
13.457172155380249,156914
13.45808744430542,156914
13.459004163742065,156914
13.46035885810852,156914
13.461275815963745,156914
13.462197065353394,156914
13.463118314743042,156914
13.464040756225586,156914
13.465399503707886,156914
13.466316938400269,156914
13.4672372341156,156914
13.468154430389404,156914
13.469071626663208,156914
13.470430135726929,156914
13.471349239349365,156914
13.472266435623169,156914
13.473185539245605,156914
13.474113941192627,156914
13.475030183792114,156914
13.47639012336731,156914
13.477308750152588,156914
13.478229999542236,156914
13.479147672653198,156914
13.48006534576416,156914
13.481417894363403,156914
13.482339859008789,156914
13.483257293701172,156914
13.484188556671143,156914
13.485106468200684,156914
13.486021518707275,156914
13.487374305725098,156914
13.488290071487427,156914
13.489208698272705,156914
13.490130186080933,156914
13.491047620773315,156914
13.492402791976929,156914
13.49331784248352,156914
13.494245052337646,156914
13.495166063308716,156914
13.49608302116394,156914
13.497439622879028,156914
13.498358964920044,156914
13.499280452728271,156914
13.50020170211792,156914
13.501119375228882,156914
13.502036809921265,156914
13.503391742706299,156914
13.50431776046753,156914
13.505236148834229,156914
13.506156206130981,156914
13.507075071334839,156914
13.508433103561401,156914
13.509350299835205,156914
13.51026725769043,156914
13.511186838150024,156914
13.51210618019104,156914
13.513022899627686,156914
13.514386892318726,156914
13.515304327011108,156914
13.51622223854065,156914
13.51714563369751,156914
13.518061637878418,156914
13.519423484802246,156914
13.520340919494629,156914
13.521263360977173,156914
13.522183418273926,156914
13.523101568222046,156914
13.524028062820435,156914
13.525386810302734,156914
13.526304483413696,156914
13.527224779129028,156914
13.528144359588623,156914
13.529063701629639,156914
13.530420541763306,156914
13.531338214874268,156914
13.532260417938232,156914
13.533178567886353,156914
13.534106016159058,156914
13.535021305084229,156914
13.536378860473633,156914
13.537296533584595,156914
13.538214683532715,156914
13.53913426399231,156914
13.540049314498901,156914
13.541404485702515,156914
13.542319774627686,156914
13.543235540390015,156914
13.544168949127197,156914
13.545086145401001,156914
13.546003818511963,156914
13.547359466552734,156914
13.548277378082275,156914
13.549195528030396,156914
13.550113201141357,156914
13.551029443740845,156914
13.552380800247192,156914
13.553297996520996,156914
13.554231882095337,156914
13.555148839950562,156914
13.556065082550049,156914
13.557424545288086,156914
13.55834436416626,156914
13.559262752532959,156914
13.560179948806763,156914
13.5610990524292,156914
13.56201696395874,156914
13.563372135162354,156914
13.564304113388062,156914
13.565225601196289,156914
13.566141843795776,156914
13.567055463790894,156914
13.568411827087402,156914
13.569329261779785,156914
13.57025146484375,156914
13.57116985321045,156914
13.57208800315857,156914
13.573005437850952,156914
13.574368238449097,156914
13.57528567314148,156914
13.576205968856812,156914
13.57712721824646,156914
13.578044652938843,156914
13.579404592514038,156914
13.580325365066528,156914
13.581245183944702,156914
13.582162380218506,156914
13.583078861236572,156914
13.584006071090698,156914
13.585361003875732,156914
13.58627963066101,156914
13.587201356887817,156914
13.58811902999878,156914
13.58903455734253,156914
13.590392351150513,156914
13.591307401657104,156914
13.59222412109375,156914
13.59314250946045,156914
13.59406852722168,156914
13.595429182052612,156914
13.59634804725647,156914
13.597267150878906,156914
13.598187923431396,156914
13.59910273551941,156914
13.600018739700317,156914
13.601373195648193,156914
13.60229229927063,156914
13.60320782661438,156914
13.604136228561401,156914
13.605051517486572,156914
13.606407165527344,156914
13.607321977615356,156914
13.60823917388916,156914
13.609158277511597,156914
13.610073804855347,156914
13.611431360244751,156914
13.612346172332764,156914
13.613263845443726,156914
13.61419129371643,156914
13.61510705947876,156914
13.616023540496826,156914
13.617376327514648,156914
13.618297100067139,156914
13.619216918945312,156914
13.620140075683594,156914
13.621055126190186,156914
13.622407674789429,156914
13.623325109481812,156914
13.624256134033203,156914
13.625177383422852,156914
13.626095533370972,156914
13.627012729644775,156914
13.628368616104126,156914
13.62928819656372,156914
13.630207777023315,156914
13.631126403808594,156914
13.632043600082397,156914
13.633399724960327,156914
13.634325742721558,156914
13.635246515274048,156914
13.636166334152222,156914
13.637083292007446,156914
13.63800311088562,156914
13.63935923576355,156914
13.640279531478882,156914
13.641199588775635,156914
13.642117500305176,156914
13.64303207397461,156914
13.64440131187439,156914
13.645317316055298,156914
13.646239042282104,156914
13.64716386795044,156914
13.64807915687561,156914
13.649433374404907,156914
13.650350570678711,156914
13.651271343231201,156914
13.652190446853638,156914
13.653110027313232,156914
13.654032945632935,156914
13.655391931533813,156914
13.656307458877563,156914
13.657229900360107,156914
13.658151865005493,156914
13.659067153930664,156914
13.660426139831543,156914
13.661345720291138,156914
13.662268161773682,156914
13.663187503814697,156914
13.664117813110352,156914
13.665032625198364,156914
13.66638731956482,156914
13.667302131652832,156914
13.668220520019531,156914
13.669141054153442,156914
13.670055150985718,156914
13.671406984329224,156914
13.672325849533081,156914
13.673245906829834,156914
13.674173831939697,156914
13.675090789794922,156914
13.676004648208618,156914
13.677359342575073,156914
13.678277254104614,156914
13.679198265075684,156914
13.68011999130249,156914
13.681036233901978,156914
13.68239426612854,156914
13.683314085006714,156914
13.684244871139526,156914
13.685165643692017,156914
13.686084270477295,156914
13.687441110610962,156914
13.688358545303345,156914
13.689277410507202,156914
13.690198421478271,156914
13.691118478775024,156914
13.69203233718872,156914
13.69339108467102,156914
13.694318532943726,156914
13.695236682891846,156914
13.696154356002808,156914
13.697071313858032,156914
13.698424577713013,156914
13.6993408203125,156914
13.700258016586304,156914
13.701177597045898,156914
13.70209527015686,156914
13.703011274337769,156914
13.70437479019165,156914
13.705291271209717,156914
13.706209659576416,156914
13.707125663757324,156914
13.708041429519653,156914
13.709397554397583,156914
13.710315227508545,156914
13.711234092712402,156914
13.71215558052063,156914
13.713070631027222,156914
13.714437484741211,156914
13.715353012084961,156914
13.716273546218872,156914
13.717191934585571,156914
13.718111038208008,156914
13.719028234481812,156914
13.720386981964111,156914
13.721303939819336,156914
13.72222352027893,156914
13.723140716552734,156914
13.724068403244019,156914
13.72542667388916,156914
13.726342916488647,156914
13.727261066436768,156914
13.728182554244995,156914
13.729101419448853,156914
13.730016708374023,156914
13.7313711643219,156914
13.73229169845581,156914
13.733207941055298,156914
13.734139204025269,156914
13.735054016113281,156914
13.7364182472229,156914
13.737335205078125,156914
13.738255023956299,156914
13.739170789718628,156914
13.740084886550903,156914
13.741438150405884,156914
13.74235463142395,156914
13.743273735046387,156914
13.74420166015625,156914
13.74512267112732,156914
13.746041774749756,156914
13.74739408493042,156914
13.74830937385559,156914
13.74923300743103,156914
13.750153541564941,156914
13.751073598861694,156914
13.752432823181152,156914
13.753352165222168,156914
13.754283905029297,156914
13.755201578140259,156914
13.7561194896698,156914
13.75703501701355,156914
13.758392333984375,156914
13.759308099746704,156914
13.760231971740723,156914
13.76115083694458,156914
13.762066841125488,156914
13.763427734375,156914
13.76435399055481,156914
13.765272617340088,156914
13.766190767288208,156914
13.767111539840698,156914
13.768027544021606,156914
13.769384384155273,156914
13.770300149917603,156914
13.771219968795776,156914
13.772135496139526,156914
13.77304744720459,156914
13.774415493011475,156914
13.775334358215332,156914
13.776252031326294,156914
13.777169227600098,156914
13.77809190750122,156914
13.779008388519287,156914
13.780364274978638,156914
13.781285047531128,156914
13.78220534324646,156914
13.783125162124634,156914
13.784051656723022,156914
13.785409212112427,156914
13.786324501037598,156914
13.787240505218506,156914
13.788157939910889,156914
13.789075374603271,156914
13.790434837341309,156914
13.791353702545166,156914
13.792272567749023,156914
13.793192148208618,156914
13.794121742248535,156914
13.795034646987915,156914
13.796393156051636,156914
13.797310590744019,156914
13.798240900039673,156914
13.799160957336426,156914
13.800081014633179,156914
13.801437616348267,156914
13.802356243133545,156914
13.803271055221558,156914
13.804203748703003,156914
13.805120944976807,156914
13.806036949157715,156914
13.807389974594116,156914
13.808307409286499,156914
13.809224367141724,156914
13.810142755508423,156914
13.81105923652649,156914
13.812413692474365,156914
13.813326597213745,156914
13.814258098602295,156914
13.815180540084839,156914
13.81609845161438,156914
13.817017555236816,156914
13.818375587463379,156914
13.819295406341553,156914
13.820215702056885,156914
13.821134567260742,156914
13.822053670883179,156914
13.82340955734253,156914
13.82433557510376,156914
13.825255393981934,156914
13.826175212860107,156914
13.827092409133911,156914
13.828009843826294,156914
13.829366445541382,156914
13.83028507232666,156914
13.831205368041992,156914
13.832125186920166,156914
13.833042860031128,156914
13.834410429000854,156914
13.835327625274658,156914
13.836245059967041,156914
13.837163925170898,156914
13.838078737258911,156914
13.839432716369629,156914
13.84034776687622,156914
13.84126591682434,156914
13.842183113098145,156914
13.843101739883423,156914
13.844028949737549,156914
13.845388412475586,156914
13.846304178237915,156914
13.847223281860352,156914
13.848144292831421,156914
13.849061489105225,156914
13.850414276123047,156914
13.851329803466797,156914
13.852248907089233,156914
13.8531653881073,156914
13.854087114334106,156914
13.855441093444824,156914
13.856358289718628,156914
13.85727834701538,156914
13.858195066452026,156914
13.859115839004517,156914
13.860030889511108,156914
13.861384153366089,156914
13.862301588058472,156914
13.863222122192383,156914
13.864155530929565,156914
13.865068197250366,156914
13.866424798965454,156914
13.867343425750732,156914
13.868267059326172,156914
13.86918568611145,156914
13.870105981826782,156914
13.871023893356323,156914
13.87237811088562,156914
13.873294115066528,156914
13.874226570129395,156914
13.87514591217041,156914
13.876062154769897,156914
13.877415180206299,156914
13.878331899642944,156914
13.879249811172485,156914
13.880166053771973,156914
13.881083250045776,156914
13.88243842124939,156914
13.883353471755981,156914
13.884277105331421,156914
13.885195255279541,156914
13.886114120483398,156914
13.887027025222778,156914
13.888381004333496,156914
13.88929533958435,156914
13.890213966369629,156914
13.891129732131958,156914
13.892043828964233,156914
13.893401384353638,156914
13.894331216812134,156914
13.895249605178833,156914
13.896170377731323,156914
13.897087812423706,156914
13.898003578186035,156914
13.89935851097107,156914
13.900277376174927,156914
13.901196956634521,156914
13.902116775512695,156914
13.903030395507812,156914
13.904396295547485,156914
13.90531587600708,156914
13.906233787536621,156914
13.907155513763428,156914
13.90807557106018,156914
13.909435987472534,156914
13.910353660583496,156914
13.911273956298828,156914
13.912193059921265,156914
13.913112878799438,156914
13.914036989212036,156914
13.91539478302002,156914
13.916314363479614,156914
13.91723108291626,156914
13.918148040771484,156914
13.919068098068237,156914
13.920428276062012,156914
13.921345949172974,156914
13.922263860702515,156914
13.923187494277954,156914
13.924116373062134,156914
13.925037384033203,156914
13.926393747329712,156914
13.927310705184937,156914
13.92823052406311,156914
13.92915153503418,156914
13.930065870285034,156914
13.931424140930176,156914
13.9323410987854,156914
13.933260679244995,156914
13.934192419052124,156914
13.935112237930298,156914
13.936028718948364,156914
13.937387704849243,156914
13.938305139541626,156914
13.93922472000122,156914
13.940146446228027,156914
13.941064357757568,156914
13.942418813705444,156914
13.943333387374878,156914
13.944263696670532,156914
13.945181608200073,156914
13.946102142333984,156914
13.947017192840576,156914
13.948370695114136,156914
13.949289321899414,156914
13.950206518173218,156914
13.9511239528656,156914
13.952038526535034,156914
13.953390836715698,156914
13.954318761825562,156914
13.955236434936523,156914
13.956151008605957,156914
13.957064151763916,156914
13.95841908454895,156914
13.95933723449707,156914
13.960256576538086,156914
13.961175680160522,156914
13.962094783782959,156914
13.963013410568237,156914
13.96437382698059,156914
13.965294122695923,156914
13.966216087341309,156914
13.967134475708008,156914
13.968051671981812,156914
13.969410419464111,156914
13.970326900482178,156914
13.97124195098877,156914
13.972158432006836,156914
13.973071098327637,156914
13.974437713623047,156914
13.975350856781006,156914
13.976269006729126,156914
13.977186918258667,156914
13.978104591369629,156914
13.979026079177856,156914
13.980379819869995,156914
13.981300592422485,156914
13.982221364974976,156914
13.983137607574463,156914
13.984063148498535,156914
13.985419511795044,156914
13.986336946487427,156914
13.987255573272705,156914
13.98817491531372,156914
13.989097595214844,156914
13.990055799484253,156914
13.991417407989502,156914
13.992334365844727,156914
13.993252277374268,156914
13.994184255599976,156914
13.995100498199463,156914
13.996017694473267,156914
13.997445106506348,156914
13.998364210128784,156914
13.999284982681274,156914
14.000204801559448,156914
14.001119613647461,156914
14.00203537940979,156914
14.00338888168335,156914
14.004333019256592,156914
14.00525164604187,156914
14.006171703338623,156914
14.007086753845215,156914
14.00800347328186,156914
14.009358644485474,156914
14.010276794433594,156914
14.011194705963135,156914
14.01211166381836,156914
14.013028621673584,156914
14.014394044876099,156914
14.015312194824219,156914
14.016233205795288,156914
14.017153263092041,156914
14.018067836761475,156914
14.019009351730347,156914
14.020368814468384,156914
14.021291732788086,156914
14.02220869064331,156914
14.023128986358643,156914
14.024052381515503,156914
14.025405883789062,156914
14.026320457458496,156914
14.027236938476562,156914
14.028157711029053,156914
14.029073476791382,156914
14.03042483329773,156914
14.031342029571533,156914
14.032260656356812,156914
14.033181190490723,156914
14.03410816192627,156914
14.035023927688599,156914
14.036376714706421,156914
14.03729510307312,156914
14.038215160369873,156914
14.039135694503784,156914
14.04005479812622,156914
14.041410446166992,156914
14.042325973510742,156914
14.043246984481812,156914
14.044177532196045,156914
14.045095682144165,156914
14.04600977897644,156914
14.047362089157104,156914
14.048283576965332,156914
14.04920220375061,156914
14.050288438796997,156914
14.051110029220581,156914
14.052720785140991,156914
14.053563117980957,156914
14.054399967193604,156914
14.055232763290405,156914
14.05607008934021,156914
14.057677745819092,156914
14.05827784538269,156914
14.059203863143921,156914
14.060127019882202,156914
14.061047554016113,156914
14.062406778335571,156914
14.063325643539429,156914
14.064258098602295,156914
14.065176963806152,156914
14.066097974777222,156914
14.067015409469604,156914
14.068369150161743,156914
14.06928563117981,156914
14.07020378112793,156914
14.07112193107605,156914
14.072036743164062,156914
14.073393106460571,156914
14.074319124221802,156914
14.07523775100708,156914
14.07615852355957,156914
14.07707667350769,156914
14.078434944152832,156914
14.079352855682373,156914
14.080269813537598,156914
14.081189155578613,156914
14.082106828689575,156914
14.083022117614746,156914
14.084388971328735,156914
14.085306406021118,156914
14.0862295627594,156914
14.087149620056152,156914
14.088065385818481,156914
14.089422464370728,156914
14.090343952178955,156914
14.09126353263855,156914
14.092183351516724,156914
14.093101501464844,156914
14.094028234481812,156914
14.09539246559143,156914
14.096312761306763,156914
14.097235918045044,156914
14.098158597946167,156914
14.099076986312866,156914
14.100436210632324,156914
14.101356744766235,156914
14.102273225784302,156914
14.103194952011108,156914
14.104125738143921,156914
14.105043888092041,156914
14.106398582458496,156914
14.107317447662354,156914
14.10823678970337,156914
14.10915470123291,156914
14.110069990158081,156914
14.11142373085022,156914
14.112341165542603,156914
14.113259553909302,156914
14.11419129371643,156914
14.11510968208313,156914
14.116023302078247,156914
14.117382287979126,156914
14.118301391601562,156914
14.119224309921265,156914
14.120146989822388,156914
14.1210618019104,156914
14.122419357299805,156914
14.123338222503662,156914
14.124269723892212,156914
14.12519121170044,156914
14.126110315322876,156914
14.127023696899414,156914
14.12837815284729,156914
14.129296779632568,156914
14.130223035812378,156914
14.131142139434814,156914
14.13205862045288,156914
14.133412599563599,156914
14.134340524673462,156914
14.13526201248169,156914
14.13618278503418,156914
14.137102127075195,156914
14.138015985488892,156914
14.139370203018188,156914
14.140289783477783,156914
14.141209840774536,156914
14.14212679862976,156914
14.143043756484985,156914
14.144409418106079,156914
14.145330429077148,156914
14.146249771118164,156914
14.147167682647705,156914
14.148086547851562,156914
14.149006128311157,156914
14.150362253189087,156914
14.15128207206726,156914
14.152202129364014,156914
14.15311884880066,156914
14.15404486656189,156914
14.15540099143982,156914
14.156316041946411,156914
14.157235860824585,156914
14.158158302307129,156914
14.15907621383667,156914
14.160433769226074,156914
14.161351680755615,156914
14.162272453308105,156914
14.163194417953491,156914
14.16412353515625,156914
14.165042161941528,156914
14.166399955749512,156914
14.167317152023315,156914
14.168233871459961,156914
14.169154405593872,156914
14.170072317123413,156914
14.17142629623413,156914
14.172342777252197,156914
14.173264503479004,156914
14.174194097518921,156914
14.175111532211304,156914
14.176026344299316,156914
14.177383661270142,156914
14.178302764892578,156914
14.179219961166382,156914
14.180137872695923,156914
14.181053161621094,156914
14.182404518127441,156914
14.183319091796875,156914
14.184248447418213,156914
14.185169696807861,156914
14.186085939407349,156914
14.187003374099731,156914
14.188358783721924,156914
14.189275979995728,156914
14.190194845199585,156914
14.191112041473389,156914
14.192029237747192,156914
14.193379878997803,156914
14.19430685043335,156914
14.19522762298584,156914
14.196147680282593,156914
14.197062253952026,156914
14.198418378829956,156914
14.199334621429443,156914
14.200255632400513,156914
14.201175212860107,156914
14.202094316482544,156914
14.203011751174927,156914
14.204372644424438,156914
14.205289125442505,156914
14.20620584487915,156914
14.207122564315796,156914
14.20803451538086,156914
14.209389448165894,156914
14.21030569076538,156914
14.211222648620605,156914
14.212140083312988,156914
14.213058948516846,156914
14.214426755905151,156914
14.215342044830322,156914
14.216259956359863,156914
14.217180967330933,156914
14.218097686767578,156914
14.219014167785645,156914
14.220365524291992,156914
14.221282005310059,156914
14.222201585769653,156914
14.223119020462036,156914
14.224046230316162,156914
14.225405216217041,156914
14.226319789886475,156914
14.22723913192749,156914
14.228158473968506,156914
14.229074716567993,156914
14.230430364608765,156914
14.231348514556885,156914
14.232269525527954,156914
14.233192682266235,156914
14.23412036895752,156914
14.23503565788269,156914
14.236393213272095,156914
14.237310409545898,156914
14.238227367401123,156914
14.23914623260498,156914
14.240061521530151,156914
14.241417407989502,156914
14.242331266403198,156914
14.24325156211853,156914
14.244185209274292,156914
14.2451012134552,156914
14.24601674079895,156914
14.247367143630981,156914
14.248284578323364,156914
14.249201774597168,156914
14.250120639801025,156914
14.251036643981934,156914
14.252395391464233,156914
14.25331163406372,156914
14.254245042800903,156914
14.255165338516235,156914
14.256081104278564,156914
14.257438659667969,156914
14.258356809616089,156914
14.25927448272705,156914
14.2601900100708,156914
14.261107683181763,156914
14.26202392578125,156914
14.263380765914917,156914
14.264305591583252,156914
14.265228033065796,156914
14.266149044036865,156914
14.267066955566406,156914
14.268423080444336,156914
14.26934266090393,156914
14.270263433456421,156914
14.271183490753174,156914
14.272102355957031,156914
14.273019313812256,156914
14.274380683898926,156914
14.275296926498413,156914
14.276218175888062,156914
14.277135610580444,156914
14.278052568435669,156914
14.279408931732178,156914
14.280327558517456,156914
14.281249046325684,156914
14.282167196273804,156914
14.283085823059082,156914
14.284012079238892,156914
14.285370588302612,156914
14.28628921508789,156914
14.287204265594482,156914
14.288125038146973,156914
14.289040327072144,156914
14.290392875671387,156914
14.291308403015137,156914
14.292227745056152,156914
14.293146133422852,156914
14.294073343276978,156914
14.295428991317749,156914
14.29634404182434,156914
14.297264337539673,156914
14.298182249069214,156914
14.29909873008728,156914
14.300014019012451,156914
14.301371335983276,156914
14.30228877067566,156914
14.303209781646729,156914
14.304137706756592,156914
14.305054426193237,156914
14.306411743164062,156914
14.307330846786499,156914
14.308246374130249,156914
14.309165954589844,156914
14.310083627700806,156914
14.31143856048584,156914
14.312351942062378,156914
14.313270330429077,156914
14.314200639724731,156914
14.315116882324219,156914
14.316031455993652,156914
14.317386150360107,156914
14.318302392959595,156914
14.319222688674927,156914
14.320144653320312,156914
14.321063756942749,156914
14.322421073913574,156914
14.32333517074585,156914
14.324268579483032,156914
14.325186967849731,156914
14.326106309890747,156914
14.32702112197876,156914
14.328372240066528,156914
14.329292297363281,156914
14.330209493637085,156914
14.331129550933838,156914
14.332045555114746,156914
14.333400249481201,156914
14.334330081939697,156914
14.335253715515137,156914
14.336170673370361,156914
14.33708930015564,156914
14.338006496429443,156914
14.33936095237732,156914
14.340278387069702,156914
14.341196775436401,156914
14.34211540222168,156914
14.343026876449585,156914
14.344390630722046,156914
14.345306396484375,156914
14.34622597694397,156914
14.347143650054932,156914
14.348055601119995,156914
14.34941291809082,156914
14.35033130645752,156914
14.351251602172852,156914
14.352169752120972,156914
14.353087186813354,156914
14.35401725769043,156914
14.355370044708252,156914
14.356285095214844,156914
14.357208967208862,156914
14.358127117156982,156914
14.359040021896362,156914
14.360394954681396,156914
14.361310243606567,156914
14.362231016159058,156914
14.363152503967285,156914
14.364076614379883,156914
14.365431070327759,156914
14.36634874343872,156914
14.367267847061157,156914
14.368191242218018,156914
14.36911129951477,156914
14.370025157928467,156914
14.371379852294922,156914
14.372298002243042,156914
14.37321662902832,156914
14.374145030975342,156914
14.375062942504883,156914
14.376415729522705,156914
14.377333879470825,156914
14.378252029418945,156914
14.379170179367065,156914
14.380086660385132,156914
14.381441593170166,156914
14.382357120513916,156914
14.38327431678772,156914
14.384205102920532,156914
14.385121583938599,156914
14.386041164398193,156914
14.387398481369019,156914
14.388316631317139,156914
14.38923454284668,156914
14.390154600143433,156914
14.391074895858765,156914
14.392435312271118,156914
14.393348932266235,156914
14.394280433654785,156914
14.395201921463013,156914
14.39612102508545,156914
14.397037267684937,156914
14.39839482307434,156914
14.399314165115356,156914
14.40023422241211,156914
14.401154279708862,156914
14.402071475982666,156914
14.403428077697754,156914
14.40435266494751,156914
14.40526795387268,156914
14.406190156936646,156914
14.407107591629028,156914
14.408023357391357,156914
14.40937352180481,156914
14.410292148590088,156914
14.411211967468262,156914
14.412131786346436,156914
14.413049459457397,156914
14.414417028427124,156914
14.415332078933716,156914
14.416252136230469,156914
14.417173624038696,156914
14.418091535568237,156914
14.419008731842041,156914
14.420364618301392,156914
14.42128038406372,156914
14.422196865081787,156914
14.423118114471436,156914
14.42404294013977,156914
14.425399780273438,156914
14.426312685012817,156914
14.42723035812378,156914
14.428149938583374,156914
14.429065465927124,156914
14.430416822433472,156914
14.43133282661438,156914
14.432252407073975,156914
14.43316912651062,156914
14.43409538269043,156914
14.435014009475708,156914
14.43636417388916,156914
14.437281847000122,156914
14.438199281692505,156914
14.439119577407837,156914
14.440036535263062,156914
14.441390752792358,156914
14.442307233810425,156914
14.443224430084229,156914
14.444153547286987,156914
14.445070266723633,156914
14.446424722671509,156914
14.447342157363892,156914
14.448261499404907,156914
14.449182033538818,156914
14.450098991394043,156914
14.451013088226318,156914
14.45236611366272,156914
14.453283071517944,156914
14.454213857650757,156914
14.455131769180298,156914
14.456045866012573,156914
14.457398414611816,156914
14.458314895629883,156914
14.459232807159424,156914
14.460153341293335,156914
14.461068391799927,156914
14.462424516677856,156914
14.463338613510132,156914
14.464271783828735,156914
14.465191125869751,156914
14.46610426902771,156914
14.467020273208618,156914
14.46837329864502,156914
14.469294309616089,156914
14.470213890075684,156914
14.471134424209595,156914
14.472054243087769,156914
14.473403453826904,156914
14.474329471588135,156914
14.475248575210571,156914
14.476165056228638,156914
14.477080583572388,156914
14.47843885421753,156914
14.479708194732666,156914
14.480563402175903,156914
14.481420278549194,156914
14.482281923294067,156914
14.483139753341675,156914
14.484013080596924,156914
14.485662698745728,156914
14.486519813537598,156914
14.48737645149231,156914
14.488236904144287,156914
14.489097356796265,156914
14.490753650665283,156914
14.49161171913147,156914
14.492467641830444,156914
14.493325233459473,156914
14.49419379234314,156914
14.495049715042114,156914
14.496705293655396,156914
14.497562646865845,156914
14.498417854309082,156914
14.499279975891113,156914
14.50013518333435,156914
14.501786470413208,156914
14.502641439437866,156914
14.503499984741211,156914
14.504367589950562,156914
14.505225419998169,156914
14.506085634231567,156914
14.507736682891846,156914
14.508591651916504,156914
14.509449005126953,156914
14.510308980941772,156914
14.511168003082275,156914
14.5120267868042,156914
14.513676404953003,156914
14.514542579650879,156914
14.515399694442749,156914
14.516258716583252,156914
14.517120361328125,156914
14.518773555755615,156914
14.519632339477539,156914
14.520490884780884,156914
14.52134919166565,156914
14.522207021713257,156914
14.523066282272339,156914
14.524728059768677,156914
14.525583028793335,156914
14.526442289352417,156914
14.527304410934448,156914
14.528165340423584,156914
14.529024839401245,156914
14.53067684173584,156914
14.531531810760498,156914
14.532387256622314,156914
14.533243179321289,156914
14.534111738204956,156914
14.53576135635376,156914
14.536619663238525,156914
14.537476778030396,156914
14.538339138031006,156914
14.539196968078613,156914
14.540059089660645,156914
14.541710138320923,156914
14.542569875717163,156914
14.543426752090454,156914
14.544297695159912,156914
14.545153856277466,156914
14.546014070510864,156914
14.547664403915405,156914
14.548519134521484,156914
14.549375295639038,156914
14.550230741500854,156914
14.55109167098999,156914
14.552741289138794,156914
14.55359697341919,156914
14.554462432861328,156914
14.555323362350464,156914
14.556180000305176,156914
14.557038068771362,156914
14.558688640594482,156914
14.559544086456299,156914
14.560397863388062,156914
14.561254978179932,156914
14.562114715576172,156914
14.563766479492188,156914
14.564630508422852,156914
14.565488576889038,156914
14.56635046005249,156914
14.567207336425781,156914
14.568068504333496,156914
14.56972050666809,156914
14.57057809829712,156914
14.571434736251831,156914
14.572292804718018,156914
14.573148488998413,156914
14.57401704788208,156914
14.575670719146729,156914
14.576523303985596,156914
14.577379703521729,156914
14.578243494033813,156914
14.579101085662842,156914
14.580755710601807,156914
14.581613779067993,156914
14.582470178604126,156914
14.583329916000366,156914
14.584193229675293,156914
14.585050821304321,156914
14.586702585220337,156914
14.587560892105103,156914
14.58841586112976,156914
14.58927321434021,156914
14.590131759643555,156914
14.591787576675415,156914
14.592644691467285,156914
14.593499660491943,156914
14.594362020492554,156914
14.595218658447266,156914
14.596078872680664,156914
14.597730159759521,156914
14.59858775138855,156914
14.599445581436157,156914
14.600305557250977,156914
14.601162195205688,156914
14.602023363113403,156914
14.603676795959473,156914
14.6045401096344,156914
14.605398178100586,156914
14.606257438659668,156914
14.607117891311646,156914
14.608769416809082,156914
14.609623432159424,156914
14.61047911643982,156914
14.611339330673218,156914
14.612191438674927,156914
14.61304759979248,156914
14.61470890045166,156914
14.615562915802002,156914
14.616419553756714,156914
14.61728048324585,156914
14.618137836456299,156914
14.619787216186523,156914
14.620645523071289,156914
14.621502876281738,156914
14.622357368469238,156914
14.623215436935425,156914
14.624086141586304,156914
14.625741004943848,156914
14.626599550247192,156914
14.62745213508606,156914
14.62831425666809,156914
14.62917423248291,156914
14.630032539367676,156914
14.631685256958008,156914
14.632540941238403,156914
14.633394241333008,156914
14.634262561798096,156914
14.635119676589966,156914
14.636772871017456,156914
14.637629747390747,156914
14.638484716415405,156914
14.639344453811646,156914
14.640201330184937,156914
14.641061544418335,156914
14.642715215682983,156914
14.643571376800537,156914
14.644437074661255,156914
14.645293712615967,156914
14.64615249633789,156914
14.647011995315552,156914
14.648659706115723,156914
14.649519920349121,156914
14.65037989616394,156914
14.651241064071655,156914
14.652101039886475,156914
14.653753757476807,156914
14.654618501663208,156914
14.655474662780762,156914
14.656335592269897,156914
14.657195806503296,156914
14.658054828643799,156914
14.659709692001343,156914
14.660564422607422,156914
14.66141963005066,156914
14.662274599075317,156914
14.663131475448608,156914
14.664795160293579,156914
14.6656494140625,156914
14.666507720947266,156914
14.667364358901978,156914
14.668219804763794,156914
14.669080018997192,156914
14.670730829238892,156914
14.671587705612183,156914
14.672446012496948,156914
14.673303365707397,156914
14.67417025566101,156914
14.67502760887146,156914
14.67667841911316,156914
14.677533149719238,156914
14.678389549255371,156914
14.6792471408844,156914
14.680106401443481,156914
14.681766986846924,156914
14.682616710662842,156914
14.683475732803345,156914
14.684344291687012,156914
14.685204267501831,156914
14.686059951782227,156914
14.687711954116821,156914
14.688566446304321,156914
14.68942642211914,156914
14.690284729003906,156914
14.691142082214355,156914
14.692794561386108,156914
14.693652153015137,156914
14.694519996643066,156914
14.695377826690674,156914
14.69623589515686,156914
14.697094202041626,156914
14.69874906539917,156914
14.699608087539673,156914
14.700466871261597,156914
14.701323747634888,156914
14.702184200286865,156914
14.703044891357422,156914
14.704703569412231,156914
14.705560684204102,156914
14.706410646438599,156914
14.707271337509155,156914
14.708128690719604,156914
14.709780931472778,156914
14.710643529891968,156914
14.7114999294281,156914
14.712357521057129,156914
14.713217973709106,156914
14.714086771011353,156914
14.715735673904419,156914
14.716597557067871,156914
14.717456102371216,156914
14.718315839767456,156914
14.71917200088501,156914
14.720030784606934,156914
14.721683263778687,156914
14.722541809082031,156914
14.723398685455322,156914
14.724261999130249,156914
14.725122690200806,156914
14.726771354675293,156914
14.727626085281372,156914
14.728482246398926,156914
14.72934103012085,156914
14.730201482772827,156914
14.731059789657593,156914
14.73271107673645,156914
14.733571290969849,156914
14.734440088272095,156914
14.735303401947021,156914
14.736165046691895,156914
14.737020492553711,156914
14.738855361938477,156914
14.739696264266968,156914
14.74053955078125,156914
14.741382360458374,156914
14.742225408554077,156914
14.743070363998413,156914
14.744714260101318,156914
14.745559930801392,156914
14.74640941619873,156914
14.747254610061646,156914
14.748104333877563,156914
14.749730825424194,156914
14.750577449798584,156914
14.751418352127075,156914
14.75226378440857,156914
14.753113508224487,156914
14.7547447681427,156914
14.755590915679932,156914
14.756434679031372,156914
14.757282257080078,156914
14.758126020431519,156914
14.75975513458252,156914
14.76059365272522,156914
14.761441707611084,156914
14.762290477752686,156914
14.763134241104126,156914
14.764772176742554,156914
14.765620708465576,156914
14.766462326049805,156914
14.76731014251709,156914
14.768155097961426,156914
14.769005537033081,156914
14.770628929138184,156914
14.7714684009552,156914
14.772316932678223,156914
14.773160219192505,156914
14.77401876449585,156914
14.775646686553955,156914
14.776487588882446,156914
14.77733063697815,156914
14.778178453445435,156914
14.779031038284302,156914
14.780648946762085,156914
14.781494379043579,156914
14.782339334487915,156914
14.783186435699463,156914
14.784044981002808,156914
14.785671472549438,156914
14.78651475906372,156914
14.78736424446106,156914
14.7882080078125,156914
14.789055824279785,156914
14.790679216384888,156914
14.791521072387695,156914
14.792368173599243,156914
14.79321002960205,156914
14.794071674346924,156914
14.795691728591919,156914
14.796538829803467,156914
14.797389507293701,156914
14.79823350906372,156914
14.799082040786743,156914
14.80070686340332,156914
14.801554203033447,156914
14.802404165267944,156914
14.80325198173523,156914
14.804105997085571,156914
14.805729866027832,156914
14.806577920913696,156914
14.807418584823608,156914
14.808266401290894,156914
14.80911636352539,156914
14.81074047088623,156914
14.811583042144775,156914
14.812427282333374,156914
14.813271522521973,156914
14.814125299453735,156914
14.815753698348999,156914
14.816596508026123,156914
14.817443609237671,156914
14.818289518356323,156914
14.819135904312134,156914
14.820764064788818,156914
14.821605682373047,156914
14.822448968887329,156914
14.82329797744751,156914
14.824172735214233,156914
14.825015306472778,156914
14.826626539230347,156914
14.827460289001465,156914
14.828295230865479,156914
14.82912826538086,156914
14.830729961395264,156914
14.831560850143433,156914
14.832392692565918,156914
14.833223104476929,156914
14.834065914154053,156914
14.83567214012146,156914
14.836502313613892,156914
14.837335109710693,156914
14.83816933631897,156914
14.839774370193481,156914
14.840606927871704,156914
14.841440677642822,156914
14.842275142669678,156914
14.8431077003479,156914
14.844722747802734,156914
14.845553636550903,156914
14.846386671066284,156914
14.847214698791504,156914
14.848052024841309,156914
14.849655628204346,156914
14.850487232208252,156914
14.851319313049316,156914
14.852152109146118,156914
14.853757619857788,156914
14.8545982837677,156914
14.855430364608765,156914
14.856261014938354,156914
14.857093811035156,156914
14.858700275421143,156914
14.859533071517944,156914
14.86036491394043,156914
14.861194610595703,156914
14.862030506134033,156914
14.86363410949707,156914
14.86447787284851,156914
14.865311622619629,156914
14.866138219833374,156914
14.867745637893677,156914
14.868577718734741,156914
14.869412660598755,156914
14.870245933532715,156914
14.87108063697815,156914
14.872685670852661,156914
14.873520612716675,156914
14.874364852905273,156914
14.875192165374756,156914
14.876026630401611,156914
14.87762713432312,156914
14.878463506698608,156914
14.879293203353882,156914
14.880127191543579,156914
14.881730556488037,156914
14.882563591003418,156914
14.88339877128601,156914
14.88424015045166,156914
14.885073184967041,156914
14.886674165725708,156914
14.887506484985352,156914
14.888339519500732,156914
14.889170408248901,156914
14.890771865844727,156914
14.89160418510437,156914
14.892439365386963,156914
14.893273115158081,156914
14.894112825393677,156914
14.89572024345398,156914
14.896552085876465,156914
14.89738392829895,156914
14.898218631744385,156914
14.89905333518982,156914
14.900655031204224,156914
14.901487350463867,156914
14.902318954467773,156914
14.903151988983154,156914
14.904769659042358,156914
14.905602931976318,156914
14.906435489654541,156914
14.90726900100708,156914
14.90810227394104,156914
14.909708976745605,156914
14.910541296005249,156914
14.911373376846313,156914
14.912203788757324,156914
14.913039684295654,156914
14.914652585983276,156914
14.91548776626587,156914
14.916316032409668,156914
14.917145252227783,156914
14.91875171661377,156914
14.919584274291992,156914
14.920417308807373,156914
14.92125129699707,156914
14.922081470489502,156914
14.923688173294067,156914
14.924530029296875,156914
14.925362586975098,156914
14.926194429397583,156914
14.927026987075806,156914
14.928627967834473,156914
14.92946195602417,156914
14.930297136306763,156914
14.931126832962036,156914
14.932729482650757,156914
14.933558225631714,156914
14.934406042098999,156914
14.935234069824219,156914
14.936068058013916,156914
14.937674522399902,156914
14.93850564956665,156914
14.93933916091919,156914
14.940173625946045,156914
14.94100546836853,156914
14.942613124847412,156914
14.943446636199951,156914
14.944290161132812,156914
14.945121765136719,156914
14.946726322174072,156914
14.947559833526611,156914
14.948391675949097,156914
14.949223756790161,156914
14.95005989074707,156914
14.95166277885437,156914
14.952501773834229,156914
14.95333194732666,156914
14.95417070388794,156914
14.955008745193481,156914
14.956605911254883,156914
14.957440614700317,156914
14.958274841308594,156914
14.95910906791687,156914
14.960718631744385,156914
14.961547136306763,156914
14.962380170822144,156914
14.963215589523315,156914
14.964057922363281,156914
14.96566390991211,156914
14.966499090194702,156914
14.96733283996582,156914
14.96816635131836,156914
14.969767570495605,156914
14.970599174499512,156914
14.97143292427063,156914
14.97226357460022,156914
14.973098278045654,156914
14.974715948104858,156914
14.97554898262024,156914
14.976380586624146,156914
14.977211475372314,156914
14.978044271469116,156914
14.979645252227783,156914
14.980476379394531,156914
14.981307983398438,156914
14.982141733169556,156914
14.983744621276855,156914
14.984589099884033,156914
14.98542046546936,156914
14.986255168914795,156914
14.98708724975586,156914
14.98869013786316,156914
14.98952317237854,156914
14.990355014801025,156914
14.991188049316406,156914
14.992023468017578,156914
14.993629932403564,156914
14.994476318359375,156914
14.99530816078186,156914
14.99613904953003,156914
14.997744798660278,156914
14.998575210571289,156914
14.999409914016724,156914
15.000237226486206,156914
15.001070499420166,156914
15.002674579620361,156914
15.003509521484375,156914
15.004351615905762,156914
15.005183458328247,156914
15.006017446517944,156914
15.007620811462402,156914
15.008454322814941,156914
15.009289503097534,156914
15.01011872291565,156914
15.01172423362732,156914
15.012555122375488,156914
15.013387680053711,156914
15.014227628707886,156914
15.015061140060425,156914
15.016665935516357,156914
15.017497539520264,156914
15.0183265209198,156914
15.019160032272339,156914
15.020766496658325,156914
15.021600484848022,156914
15.022432565689087,156914
15.023263692855835,156914
15.024107694625854,156914
15.025711059570312,156914
15.026546716690063,156914
15.027375936508179,156914
15.028204441070557,156914
15.02903962135315,156914
15.030646562576294,156914
15.031480312347412,156914
15.032314538955688,156914
15.033142805099487,156914
15.034756898880005,156914
15.03558611869812,156914
15.03641939163208,156914
15.037254571914673,156914
15.038082361221313,156914
15.039690256118774,156914
15.040523290634155,156914
15.041356325149536,156914
15.042187690734863,156914
15.043019771575928,156914
15.044632196426392,156914
15.045480728149414,156914
15.046316146850586,156914
15.047147512435913,156914
15.0487539768219,156914
15.049585580825806,156914
15.05126166343689,156914
15.052104949951172,156914
15.0529465675354,156914
15.053795576095581,156914
15.054665088653564,156914
15.05552339553833,156914
15.056375980377197,156914
15.057237148284912,156914
15.058111429214478,156914
15.059733152389526,156914
15.060589075088501,156914
15.061444997787476,156914
15.062302350997925,156914
15.063157796859741,156914
15.064029693603516,156914
15.065675020217896,156914
15.066529512405396,156914
15.067387104034424,156914
15.068242311477661,156914
15.069104671478271,156914
15.070753574371338,156914
15.071611642837524,156914
15.072463274002075,156914
15.073321104049683,156914
15.0741868019104,156914
15.075046300888062,156914
15.07669472694397,156914
15.077547073364258,156914
15.078401327133179,156914
15.07925796508789,156914
15.08011269569397,156914
15.081767082214355,156914
15.08262300491333,156914
15.083480834960938,156914
15.084345579147339,156914
15.085201978683472,156914
15.0860595703125,156914
15.087715148925781,156914
15.088570356369019,156914
15.089425802230835,156914
15.090282201766968,156914
15.091136455535889,156914
15.092789888381958,156914
15.09364652633667,156914
15.094511985778809,156914
15.095367193222046,156914
15.096221446990967,156914
15.09707498550415,156914
15.098732709884644,156914
15.099586963653564,156914
15.100446224212646,156914
15.10130500793457,156914
15.102162837982178,156914
15.103021621704102,156914
15.104681730270386,156914
15.105533361434937,156914
15.106389999389648,156914
15.107246398925781,156914
15.108101844787598,156914
15.1097571849823,156914
15.11061429977417,156914
15.11146879196167,156914
15.112325191497803,156914
15.113180875778198,156914
15.114048719406128,156914
15.115696668624878,156914
15.116551160812378,156914
15.117407083511353,156914
15.118258953094482,156914
15.119117975234985,156914
15.120773077011108,156914
15.121626853942871,156914
15.12248420715332,156914
15.123340368270874,156914
15.124200582504272,156914
15.125062704086304,156914
15.126714706420898,156914
15.127567768096924,156914
15.128426790237427,156914
15.129279613494873,156914
15.13013482093811,156914
15.131792068481445,156914
15.132646322250366,156914
15.13350534439087,156914
15.13437533378601,156914
15.135230541229248,156914
15.13608694076538,156914
15.137739896774292,156914
15.13859486579895,156914
15.139451265335083,156914
15.140307664871216,156914
15.141164541244507,156914
15.142017602920532,156914
15.143670320510864,156914
15.144535064697266,156914
15.145386695861816,156914
15.14624810218811,156914
15.147104978561401,156914
15.148762941360474,156914
15.149616003036499,156914
15.150469541549683,156914
15.151327848434448,156914
15.152181148529053,156914
15.153042554855347,156914
15.154708623886108,156914
15.155564785003662,156914
15.156418561935425,156914
15.157273769378662,156914
15.158129453659058,156914
15.159780263900757,156914
15.160635948181152,156914
15.161488771438599,156914
15.162339448928833,156914
15.163197755813599,156914
15.16406536102295,156914
15.165718793869019,156914
15.166574239730835,156914
15.16743516921997,156914
15.16829228401184,156914
15.169144868850708,156914
15.170798540115356,156914
15.171655893325806,156914
15.172512531280518,156914
15.173370361328125,156914
15.174235820770264,156914
15.175087690353394,156914
15.176740884780884,156914
15.177597045898438,156914
15.17845869064331,156914
15.17931342124939,156914
15.180171012878418,156914
15.181031465530396,156914
15.182677268981934,156914
15.183532953262329,156914
15.184398412704468,156914
15.185254335403442,156914
15.18610954284668,156914
15.18776249885559,156914
15.188618898391724,156914
15.189475774765015,156914
15.190332174301147,156914
15.191184043884277,156914
15.192046403884888,156914
15.193696737289429,156914
15.194559097290039,156914
15.19541311264038,156914
15.196269750595093,156914
15.197125434875488,156914
15.198780059814453,156914
15.199634552001953,156914
15.20048713684082,156914
15.201345682144165,156914
15.202202081680298,156914
15.203063488006592,156914
15.20472502708435,156914
15.20557713508606,156914
15.206434965133667,156914
15.207288980484009,156914
15.208142280578613,156914
15.209794282913208,156914
15.210649013519287,156914
15.211507558822632,156914
15.212361335754395,156914
15.213213682174683,156914
15.214083909988403,156914
15.215735673904419,156914
15.216593265533447,156914
15.217449188232422,156914
15.218306064605713,156914
15.219162225723267,156914
15.220017910003662,156914
15.221669435501099,156914
15.222521781921387,156914
15.223378658294678,156914
15.224241971969604,156914
15.225098609924316,156914
15.226752519607544,156914
15.227608442306519,156914
15.228461027145386,156914
15.229321956634521,156914
15.230179071426392,156914
15.231035709381104,156914
15.232688426971436,156914
15.233540534973145,156914
15.234410524368286,156914
15.235267400741577,156914
15.236120223999023,156914
15.23777437210083,156914
15.238628387451172,156914
15.2394859790802,156914
15.240339756011963,156914
15.24119257926941,156914
15.242050170898438,156914
15.243698835372925,156914
15.244562864303589,156914
15.245422840118408,156914
15.246278524398804,156914
15.24713659286499,156914
15.248786687850952,156914
15.24964189529419,156914
15.250498056411743,156914
15.251354932785034,156914
15.252211093902588,156914
15.2530677318573,156914
15.254729747772217,156914
15.255581140518188,156914
15.25643515586853,156914
15.257292747497559,156914
15.258149147033691,156914
15.25900673866272,156914
15.260654926300049,156914
15.261512041091919,156914
15.262367725372314,156914
15.263225793838501,156914
15.264090538024902,156914
15.26574158668518,156914
15.266595840454102,156914
15.267452955245972,156914
15.268307209014893,156914
15.269163131713867,156914
15.270021438598633,156914
15.271673917770386,156914
15.272529125213623,156914
15.273385763168335,156914
15.274250984191895,156914
15.275105714797974,156914
15.276758432388306,156914
15.277615785598755,156914
15.278473138809204,156914
15.279331922531128,156914
15.28018832206726,156914
15.281049251556396,156914
15.282702207565308,156914
15.28355860710144,156914
15.284422874450684,156914
15.285282850265503,156914
15.286136627197266,156914
15.287784814834595,156914
15.288643836975098,156914
15.289497137069702,156914
15.290356159210205,156914
15.291213035583496,156914
15.292071342468262,156914
15.293720483779907,156914
15.294586181640625,156914
15.295445919036865,156914
15.296302318572998,156914
15.29715633392334,156914
15.298011541366577,156914
15.299665689468384,156914
15.300519227981567,156914
15.301377534866333,156914
15.302231550216675,156914
15.30308747291565,156914
15.304744958877563,156914
15.305602312088013,156914
15.306458950042725,156914
15.307321548461914,156914
15.308175086975098,156914
15.309034824371338,156914
15.310683727264404,156914
15.311537027359009,156914
15.312394380569458,156914
15.313252687454224,156914
15.31411862373352,156914
15.31576919555664,156914
15.316624879837036,156914
15.317479848861694,156914
15.318336009979248,156914
15.319189310073853,156914
15.320043802261353,156914
15.321696996688843,156914
15.322550773620605,156914
15.323411703109741,156914
15.3242769241333,156914
15.32513165473938,156914
15.32678484916687,156914
15.327639818191528,156914
15.328495740890503,156914
15.329351425170898,156914
15.330209970474243,156914
15.331068754196167,156914
15.33271837234497,156914
15.333576202392578,156914
15.334445714950562,156914
15.33530068397522,156914
15.33616018295288,156914
15.337014436721802,156914
15.338665246963501,156914
15.339520454406738,156914
15.340377569198608,156914
15.341230630874634,156914
15.342087984085083,156914
15.343738079071045,156914
15.344602823257446,156914
15.345459938049316,156914
15.34631633758545,156914
15.347172021865845,156914
15.348032236099243,156914
15.349684715270996,156914
15.35053563117981,156914
15.351391792297363,156914
15.352248191833496,156914
15.353104829788208,156914
15.354758262634277,156914
15.355607032775879,156914
15.356465339660645,156914
15.357321739196777,156914
15.358176469802856,156914
15.359031915664673,156914
15.360678672790527,156914
15.361534118652344,156914
15.36238718032837,156914
15.363243341445923,156914
15.364107847213745,156914
15.365759372711182,156914
15.366612195968628,156914
15.367470026016235,156914
15.368329286575317,156914
15.369181632995605,156914
15.370039463043213,156914
15.371691703796387,156914
15.372551441192627,156914
15.373409748077393,156914
15.37427544593811,156914
15.375128269195557,156914
15.376783609390259,156914
15.377638101577759,156914
15.378494024276733,156914
15.379351615905762,156914
15.38020396232605,156914
15.381067991256714,156914
15.382718801498413,156914
15.383574962615967,156914
15.384435415267944,156914
15.385294437408447,156914
15.38615107536316,156914
15.387801170349121,156914
15.38865613937378,156914
15.389511108398438,156914
15.390369653701782,156914
15.391222953796387,156914
15.39207673072815,156914
15.393728733062744,156914
15.394589900970459,156914
15.395447015762329,156914
15.396302461624146,156914
15.397157192230225,156914
15.3980131149292,156914
15.399668455123901,156914
15.400527477264404,156914
15.401383876800537,156914
15.40224027633667,156914
15.403095483779907,156914
15.404758214950562,156914
15.405612230300903,156914
15.406469583511353,156914
15.407322645187378,156914
15.408178806304932,156914
15.409034013748169,156914
15.410690546035767,156914
15.41154170036316,156914
15.412399053573608,156914
15.413257360458374,156914
15.414120435714722,156914
15.41576862335205,156914
15.416626453399658,156914
15.417483806610107,156914
15.41834306716919,156914
15.419197082519531,156914
15.420055627822876,156914
15.421705722808838,156914
15.422562837600708,156914
15.423419713973999,156914
15.424285888671875,156914
15.42514181137085,156914
15.426791429519653,156914
15.427648305892944,156914
15.428503274917603,156914
15.429360389709473,156914
15.430217504501343,156914
15.43107295036316,156914
15.432727336883545,156914
15.433579206466675,156914
15.434443235397339,156914
15.43530011177063,156914
15.43615460395813,156914
15.437008380889893,156914
15.438657999038696,156914
15.439515829086304,156914
15.440371751785278,156914
15.4412260055542,156914
15.44208312034607,156914
15.443735837936401,156914
15.44459867477417,156914
15.445456266403198,156914
15.446309804916382,156914
15.44716477394104,156914
15.448025226593018,156914
15.449674606323242,156914
15.450527906417847,156914
15.451387166976929,156914
15.45224142074585,156914
15.45309829711914,156914
15.4547598361969,156914
15.45561408996582,156914
15.456470727920532,156914
15.457327842712402,156914
15.458181858062744,156914
15.459038257598877,156914
15.460691452026367,156914
15.461545944213867,156914
15.462401866912842,156914
15.463256120681763,156914
15.464120626449585,156914
15.465776681900024,156914
15.46663212776184,156914
15.467490673065186,156914
15.468345403671265,156914
15.46920132637024,156914
15.4700608253479,156914
15.471709489822388,156914
15.4725661277771,156914
15.473422527313232,156914
15.47428584098816,156914
15.475139617919922,156914
15.476794242858887,156914
15.477649927139282,156914
15.478508472442627,156914
15.479365348815918,156914
15.480218410491943,156914
15.481075525283813,156914
15.482725381851196,156914
15.48358154296875,156914
15.484450101852417,156914
15.48530626296997,156914
15.486164808273315,156914
15.48702096939087,156914
15.488674879074097,156914
15.489528179168701,156914
15.490386724472046,156914
15.491245031356812,156914
15.492099285125732,156914
15.49375033378601,156914
15.494616031646729,156914
15.495472192764282,156914
15.496327877044678,156914
15.497182846069336,156914
15.498037576675415,156914
15.499697923660278,156914
15.500550508499146,156914
15.501406908035278,156914
15.502261400222778,156914
15.503114461898804,156914
15.504791736602783,156914
15.505616426467896,156914
15.50646448135376,156914
15.50731873512268,156914
15.508176326751709,156914
15.509029865264893,156914
15.510686159133911,156914
15.511537790298462,156914
15.51239275932312,156914
15.513251543045044,156914
15.514113664627075,156914
15.515766859054565,156914
15.516618728637695,156914
15.517476081848145,156914
15.518330097198486,156914
15.519187688827515,156914
15.520045042037964,156914
15.521693468093872,156914
15.522548198699951,156914
15.523406505584717,156914
15.52427625656128,156914
15.525131464004517,156914
15.526781797409058,156914
15.527636766433716,156914
15.528493642807007,156914
15.529351472854614,156914
15.530206680297852,156914
15.531063079833984,156914
15.532716274261475,156914
15.533570528030396,156914
15.534435987472534,156914
15.535289525985718,156914
15.5361487865448,156914
15.537798404693604,156914
15.538656234741211,156914
15.539510250091553,156914
15.540364265441895,156914
15.541221380233765,156914
15.542073965072632,156914
15.54372787475586,156914
15.544590473175049,156914
15.545442581176758,156914
15.546300411224365,156914
15.547152519226074,156914
15.548009634017944,156914
15.549655199050903,156914
15.550511360168457,156914
15.55136775970459,156914
15.552223205566406,156914
15.553080797195435,156914
15.554742336273193,156914
15.55559492111206,156914
15.55645203590393,156914
15.557307004928589,156914
15.5581636428833,156914
15.559022903442383,156914
15.560667514801025,156914
15.561520099639893,156914
15.562378406524658,156914
15.563230991363525,156914
15.564099788665771,156914
15.565753936767578,156914
15.566607236862183,156914
15.567464113235474,156914
15.568320751190186,156914
15.569172859191895,156914
15.570030450820923,156914
15.57168459892273,156914
15.572549104690552,156914
15.573407888412476,156914
15.574268102645874,156914
15.575122833251953,156914
15.576777696609497,156914
15.577628135681152,156914
15.57848834991455,156914
15.579342126846313,156914
15.580196142196655,156914
15.581054449081421,156914
15.5826997756958,156914
15.58355712890625,156914
15.584425449371338,156914
15.585280418395996,156914
15.58613657951355,156914
15.587784051895142,156914
15.588635683059692,156914
15.589489221572876,156914
15.59034776687622,156914
15.591201543807983,156914
15.592057466506958,156914
15.593709230422974,156914
15.594571828842163,156914
15.595427513122559,156914
15.596283197402954,156914
15.5971360206604,156914
15.598795175552368,156914
15.599647521972656,156914
15.600507259368896,156914
15.601363897323608,156914
15.602221727371216,156914
15.60307788848877,156914
15.604737043380737,156914
15.605594873428345,156914
15.606449842453003,156914
15.607310771942139,156914
15.608168125152588,156914
15.609029769897461,156914
15.610677003860474,156914
15.611537456512451,156914
15.612393856048584,156914
15.613251209259033,156914
15.614117860794067,156914
15.61577320098877,156914
15.616625547409058,156914
15.617485523223877,156914
15.618343114852905,156914
15.619192123413086,156914
15.6200532913208,156914
15.621706247329712,156914
15.622556924819946,156914
15.623415470123291,156914
15.624277114868164,156914
15.625131368637085,156914
15.626784801483154,156914
15.627636671066284,156914
15.628493785858154,156914
15.62935209274292,156914
15.630202770233154,156914
15.631062030792236,156914
15.632711172103882,156914
15.633563041687012,156914
15.634432315826416,156914
15.635287046432495,156914
15.636142253875732,156914
15.63779091835022,156914
15.63864803314209,156914
15.63950490951538,156914
15.640360593795776,156914
15.641216278076172,156914
15.642075538635254,156914
15.643725872039795,156914
15.644591093063354,156914
15.645448684692383,156914
15.646305084228516,156914
15.647165060043335,156914
15.648021459579468,156914
15.649674654006958,156914
15.650530099868774,156914
15.651384353637695,156914
15.652239799499512,156914
15.653096914291382,156914
15.65475606918335,156914
15.655613899230957,156914
15.656464576721191,156914
15.657315015792847,156914
15.658172130584717,156914
15.659030437469482,156914
15.660682201385498,156914
15.661538124084473,156914
15.662396430969238,156914
15.663246393203735,156914
15.664114713668823,156914
15.665768384933472,156914
15.666620969772339,156914
15.667479276657104,156914
15.668336868286133,156914
15.669189691543579,156914
15.67004919052124,156914
15.67170000076294,156914
15.672552585601807,156914
15.673412084579468,156914
15.67427396774292,156914
15.675130367279053,156914
15.676783561706543,156914
15.677639961242676,156914
15.678492784500122,156914
15.67934513092041,156914
15.680199384689331,156914
15.681059837341309,156914
15.682709217071533,156914
15.683566093444824,156914
15.68442678451538,156914
15.685287237167358,156914
15.686139345169067,156914
15.687790870666504,156914
15.6886465549469,156914
15.689504146575928,156914
15.690363883972168,156914
15.691220760345459,156914
15.692075490951538,156914
15.693721771240234,156914
15.694584608078003,156914
15.69543981552124,156914
15.696299076080322,156914
15.697157144546509,156914
15.698016166687012,156914
15.699667692184448,156914
15.700526475906372,156914
15.701380729675293,156914
15.702237367630005,156914
15.703096389770508,156914
15.704760074615479,156914
15.705617904663086,156914
15.706470012664795,156914
15.707329273223877,156914
15.708184957504272,156914
15.709045648574829,156914
15.710697412490845,156914
15.71155047416687,156914
15.712407350540161,156914
15.713263273239136,156914
15.714128971099854,156914
15.715784311294556,156914
15.716638803482056,156914
15.717496633529663,156914
15.718351364135742,156914
15.719204425811768,156914
15.720064878463745,156914
15.721713542938232,156914
15.722573518753052,156914
15.723430156707764,156914
15.724295854568481,156914
15.725149631500244,156914
15.726010084152222,156914
15.727662324905396,156914
15.728515148162842,156914
15.729371309280396,156914
15.730222463607788,156914
15.731085777282715,156914
15.732733249664307,156914
15.733588218688965,156914
15.734449625015259,156914
15.735306978225708,156914
15.736168622970581,156914
15.737021923065186,156914
15.738667964935303,156914
15.739525079727173,156914
15.74038028717041,156914
15.741229772567749,156914
15.742090940475464,156914
15.743740558624268,156914
15.744604349136353,156914
15.745458602905273,156914
15.746313333511353,156914
15.747172832489014,156914
15.74802827835083,156914
15.749678134918213,156914
15.75053358078003,156914
15.751386880874634,156914
15.75224494934082,156914
15.753101587295532,156914
15.754762887954712,156914
15.755616903305054,156914
15.756473541259766,156914
15.757328748703003,156914
15.758185625076294,156914
15.759043216705322,156914
15.760698080062866,156914
15.761556625366211,156914
15.762409687042236,156914
15.763267517089844,156914
15.764132976531982,156914
15.765787363052368,156914
15.76664137840271,156914
15.767498016357422,156914
15.768348693847656,156914
15.769206523895264,156914
15.770062446594238,156914
15.771715879440308,156914
15.77256989479065,156914
15.773427486419678,156914
15.774294376373291,156914
15.775149822235107,156914
15.776009798049927,156914
15.777655839920044,156914
15.778513431549072,156914
15.779369831085205,156914
15.780228853225708,156914
15.781084299087524,156914
15.782732963562012,156914
15.783589363098145,156914
15.78445839881897,156914
15.785313844680786,156914
15.786166906356812,156914
15.787023782730103,156914
15.788676977157593,156914
15.789530992507935,156914
15.790387868881226,156914
15.791243314743042,156914
15.792099237442017,156914
15.79375433921814,156914
15.794615268707275,156914
15.795473337173462,156914
15.796329498291016,156914
15.797184944152832,156914
15.798043251037598,156914
15.799693822860718,156914
15.80054521560669,156914
15.801401138305664,156914
15.802258491516113,156914
15.803112745285034,156914
15.804776191711426,156914
15.805631160736084,156914
15.806481838226318,156914
15.8073410987854,156914
15.808191537857056,156914
15.809050559997559,156914
15.810699224472046,156914
15.8115553855896,156914
15.812411546707153,156914
15.813265323638916,156914
15.814130544662476,156914
15.815782070159912,156914
15.816638469696045,156914
15.81749153137207,156914
15.818346738815308,156914
15.819202661514282,156914
15.820057153701782,156914
15.82170820236206,156914
15.822564363479614,156914
15.82341980934143,156914
15.824284791946411,156914
15.825139999389648,156914
15.826788663864136,156914
15.827642917633057,156914
15.828497886657715,156914
15.829355716705322,156914
15.830209732055664,156914
15.831064701080322,156914
15.832716703414917,156914
15.833571910858154,156914
15.834438562393188,156914
15.835292100906372,156914
15.836151123046875,156914
15.837007999420166,156914
15.838657855987549,156914
15.839516162872314,156914
15.840370655059814,156914
15.841228246688843,156914
15.842083215713501,156914
15.84373927116394,156914
15.844604015350342,156914
15.845461130142212,156914
15.846317291259766,156914
15.847173690795898,156914
15.848027467727661,156914
15.849680185317993,156914
15.850532293319702,156914
15.85139012336731,156914
15.852246761322021,156914
15.85310411453247,156914
15.854765892028809,156914
15.855621337890625,156914
15.8564772605896,156914
15.857330799102783,156914
15.858189582824707,156914
15.859050989151001,156914
15.860698699951172,156914
15.861555337905884,156914
15.862407922744751,156914
15.863265037536621,156914
15.864126682281494,156914
15.865779161453247,156914
15.866633653640747,156914
15.867487907409668,156914
15.86834454536438,156914
15.869202136993408,156914
15.870063066482544,156914
15.871712684631348,156914
15.872568368911743,156914
15.87342357635498,156914
15.874286651611328,156914
15.875143051147461,156914
15.876797199249268,156914
15.877655982971191,156914
15.878506183624268,156914
15.879365682601929,156914
15.8802170753479,156914
15.88108205795288,156914
15.882729291915894,156914
15.883584022521973,156914
15.884449243545532,156914
15.885309934616089,156914
15.886164903640747,156914
15.887022733688354,156914
15.888672828674316,156914
15.889524459838867,156914
15.89038372039795,156914
15.891238689422607,156914
15.892096281051636,156914
15.89374566078186,156914
15.894606351852417,156914
15.895464181900024,156914
15.896321296691895,156914
15.897180080413818,156914
15.898036241531372,156914
15.899689435958862,156914
15.900545597076416,156914
15.901401042938232,156914
15.902260780334473,156914
15.903118133544922,156914
15.904777765274048,156914
15.905632257461548,156914
15.906491041183472,156914
15.907350301742554,156914
15.908200740814209,156914
15.909058570861816,156914
15.910708665847778,156914
15.911563158035278,156914
15.912418603897095,156914
15.91327428817749,156914
15.914139032363892,156914
15.915793180465698,156914
15.916647911071777,156914
15.917503595352173,156914
15.91835904121399,156914
15.919213771820068,156914
15.92007303237915,156914
15.921722173690796,156914
15.922574520111084,156914
15.9234299659729,156914
15.924292802810669,156914
15.925148725509644,156914
15.92600965499878,156914
15.92766284942627,156914
15.928513765335083,156914
15.92937159538269,156914
15.930224180221558,156914
15.931081295013428,156914
15.932734489440918,156914
15.93358826637268,156914
15.93445348739624,156914
15.935308694839478,156914
15.936161756515503,156914
15.937018394470215,156914
15.938668727874756,156914
15.939527750015259,156914
15.940383672714233,156914
15.941237688064575,156914
15.942092657089233,156914
15.943742275238037,156914
15.944608211517334,156914
15.945463418960571,156914
15.946321725845337,156914
15.947177648544312,156914
15.94803261756897,156914
15.949681520462036,156914
15.950536727905273,156914
15.951388597488403,156914
15.952245235443115,156914
15.95310091972351,156914
15.954763650894165,156914
15.955616235733032,156914
15.956472635269165,156914
15.957328081130981,156914
15.958188533782959,156914
15.959046363830566,156914
15.960692644119263,156914
15.9615478515625,156914
15.962403535842896,156914
15.96325421333313,156914
15.964125156402588,156914
15.965776681900024,156914
15.966630458831787,156914
15.967484951019287,156914
15.968342781066895,156914
15.969202995300293,156914
15.970058679580688,156914
15.971707582473755,156914
15.972561836242676,156914
15.973415613174438,156914
15.974280595779419,156914
15.975135803222656,156914
15.976784706115723,156914
15.977640628814697,156914
15.978495121002197,156914
15.979347705841064,156914
15.980202913284302,156914
15.981057167053223,156914
15.982705116271973,156914
15.983561277389526,156914
15.984427690505981,156914
15.9852876663208,156914
15.986141204833984,156914
15.987788438796997,156914
15.988641738891602,156914
15.989495515823364,156914
15.990352869033813,156914
15.99120569229126,156914
15.992065906524658,156914
15.993718147277832,156914
15.99457859992981,156914
15.99543285369873,156914
15.996287107467651,156914
15.997143745422363,156914
15.998794317245483,156914
15.99965238571167,156914
16.000504970550537,156914
16.00136375427246,156914
16.00222134590149,156914
16.003077745437622,156914
16.004740476608276,156914
16.00559949874878,156914
16.006454944610596,156914
16.007314920425415,156914
16.00817108154297,156914
16.009027004241943,156914
16.01067352294922,156914
16.0115327835083,156914
16.01238775253296,156914
16.013242959976196,156914
16.014108180999756,156914
16.015763998031616,156914
16.01661491394043,156914
16.017472982406616,156914
16.018324613571167,156914
16.019182443618774,156914
16.020036220550537,156914
16.021687746047974,156914
16.02254366874695,156914
16.023396015167236,156914
16.024263381958008,156914
16.02511477470398,156914
16.026771783828735,156914
16.02762794494629,156914
16.028483390808105,156914
16.029341459274292,156914
16.030198335647583,156914
16.031052827835083,156914
16.03270149230957,156914
16.033552885055542,156914
16.034415006637573,156914
16.03527522087097,156914
16.03612971305847,156914
16.037779331207275,156914
16.038641452789307,156914
16.039499044418335,156914
16.040355920791626,156914
16.041213750839233,156914
16.042065620422363,156914
16.043715953826904,156914
16.044586181640625,156914
16.045466423034668,156914
16.046298027038574,156914
16.047119617462158,156914
16.0487699508667,156914
16.049627542495728,156914
16.05048179626465,156914
16.051347017288208,156914
16.052090406417847,156914
16.053014039993286,156914
16.054380178451538,156914
16.055301904678345,156914
16.056227445602417,156914
16.057150840759277,156914
16.05807065963745,156914
16.05900526046753,156914
16.060368299484253,156914
16.061288356781006,156914
16.06221294403076,156914
16.063133716583252,156914
16.064061403274536,156914
16.065420866012573,156914
16.066338539123535,156914
16.067261219024658,156914
16.06818127632141,156914
16.069100856781006,156914
16.070019483566284,156914
16.07137393951416,156914
16.07229447364807,156914
16.0732159614563,156914
16.07414746284485,156914
16.075066804885864,156914
16.076422691345215,156914
16.077340364456177,156914
16.07826018333435,156914
16.079179048538208,156914
16.080095052719116,156914
16.081014394760132,156914
16.082368850708008,156914
16.08328604698181,156914
16.08421516418457,156914
16.08513641357422,156914
16.086050748825073,156914
16.087410926818848,156914
16.08832859992981,156914
16.089250087738037,156914
16.090168476104736,156914
16.091084003448486,156914
16.092003345489502,156914
16.093358516693115,156914
16.09428596496582,156914
16.095204830169678,156914
16.096125841140747,156914
16.097044467926025,156914
16.098399877548218,156914
16.099315643310547,156914
16.10023522377014,156914
16.10115647315979,156914
16.102068185806274,156914
16.103424787521362,156914
16.104352474212646,156914
16.105275869369507,156914
16.106193780899048,156914
16.107113361358643,156914
16.108032703399658,156914
16.109387636184692,156914
16.1103036403656,156914
16.111223697662354,156914
16.112140655517578,156914
16.113056898117065,156914
16.11442470550537,156914
16.115342378616333,156914
16.116263389587402,156914
16.117183685302734,156914
16.118104457855225,156914
16.119020223617554,156914
16.12037444114685,156914
16.121289491653442,156914
16.12221050262451,156914
16.123127222061157,156914
16.12405037879944,156914
16.125404119491577,156914
16.126319885253906,156914
16.127238988876343,156914
16.12815761566162,156914
16.12907385826111,156914
16.130430221557617,156914
16.131348133087158,156914
16.13226294517517,156914
16.133180379867554,156914
16.134112119674683,156914
16.135024785995483,156914
16.136380672454834,156914
16.137295722961426,156914
16.138218879699707,156914
16.139137268066406,156914
16.140055418014526,156914
16.14141035079956,156914
16.14232873916626,156914
16.143247842788696,156914
16.144179582595825,156914
16.145099639892578,156914
16.146016120910645,156914
16.147368669509888,156914
16.148284912109375,156914
16.149202346801758,156914
16.15011978149414,156914
16.15103578567505,156914
16.15239191055298,156914
16.153309106826782,156914
16.154237985610962,156914
16.15515637397766,156914
16.15607452392578,156914
16.157429456710815,156914
16.15834355354309,156914
16.15926218032837,156914
16.160184383392334,156914
16.161102771759033,156914
16.162015914916992,156914
16.16336965560913,156914
16.16429853439331,156914
16.165218830108643,156914
16.166139364242554,156914
16.167057275772095,156914
16.168412685394287,156914
16.16932511329651,156914
16.170247793197632,156914
16.171167373657227,156914
16.172082901000977,156914
16.173436880111694,156914
16.17436695098877,156914
16.175285577774048,156914
16.176206588745117,156914
16.177126169204712,156914
16.17804479598999,156914
16.179402112960815,156914
16.180315017700195,156914
16.181236267089844,156914
16.18215584754944,156914
16.183071613311768,156914
16.184439659118652,156914
16.185356616973877,156914
16.186277389526367,156914
16.187195301055908,156914
16.188115119934082,156914
16.189029932022095,156914
16.19038414955139,156914
16.19130229949951,156914
16.19221782684326,156914
16.19317626953125,156914
16.194103956222534,156914
16.195040464401245,156914
16.19640350341797,156914
16.197319746017456,156914
16.198238134384155,156914
16.19915771484375,156914
16.200075149536133,156914
16.20143151283264,156914
16.20234751701355,156914
16.20326828956604,156914
16.204200506210327,156914
16.205116987228394,156914
16.20603322982788,156914
16.207390069961548,156914
16.208305597305298,156914
16.209224462509155,156914
16.21014666557312,156914
16.211066484451294,156914
16.21242666244507,156914
16.21334433555603,156914
16.21427345275879,156914
16.21519422531128,156914
16.216116189956665,156914
16.21703338623047,156914
16.21839427947998,156914
16.21931004524231,156914
16.220227241516113,156914
16.221154928207397,156914
16.222073554992676,156914
16.223429441452026,156914
16.2243549823761,156914
16.22527575492859,156914
16.226191997528076,156914
16.227110385894775,156914
16.228023052215576,156914
16.229382514953613,156914
16.23030114173889,156914
16.231221199035645,156914
16.23214101791382,156914
16.233056783676147,156914
16.234422206878662,156914
16.2353413105011,156914
16.23626136779785,156914
16.237181425094604,156914
16.238097190856934,156914
16.239014387130737,156914
16.240370512008667,156914
16.241288661956787,156914
16.24220609664917,156914
16.24312424659729,156914
16.244052171707153,156914
16.245412588119507,156914
16.246331453323364,156914
16.247251749038696,156914
16.248172760009766,156914
16.24908971786499,156914
16.2500102519989,156914
16.25136661529541,156914
16.25228714942932,156914
16.2532057762146,156914
16.25413489341736,156914
16.25504994392395,156914
16.256410121917725,156914
16.257330179214478,156914
16.258251428604126,156914
16.25917363166809,156914
16.260092973709106,156914
16.26101016998291,156914
16.262365341186523,156914
16.26328468322754,156914
16.264214038848877,156914
16.26513433456421,156914
16.266051054000854,156914
16.26740550994873,156914
16.268322467803955,156914
16.26924157142639,156914
16.270161390304565,156914
16.27108073234558,156914
16.272438764572144,156914
16.273359298706055,156914
16.274288415908813,156914
16.275203943252563,156914
16.276123762130737,156914
16.277039289474487,156914
16.278395652770996,156914
16.279311180114746,156914
16.280232191085815,156914
16.281153917312622,156914
16.282071828842163,156914
16.283422708511353,156914
16.2843496799469,156914
16.285271167755127,156914
16.286189079284668,156914
16.287108659744263,156914
16.288026571273804,156914
16.289379835128784,156914
16.290299654006958,156914
16.291220664978027,156914
16.29214572906494,156914
16.293062210083008,156914
16.2944278717041,156914
16.29534363746643,156914
16.296263456344604,156914
16.2971830368042,156914
16.298099994659424,156914
16.299014568328857,156914
16.30036759376526,156914
16.30128574371338,156914
16.302204847335815,156914
16.303125619888306,156914
16.304051160812378,156914
16.30540943145752,156914
16.30632495880127,156914
16.307246208190918,156914
16.308162927627563,156914
16.309081554412842,156914
16.31043815612793,156914
16.31135606765747,156914
16.31227469444275,156914
16.313193798065186,156914
16.31412363052368,156914
16.315040588378906,156914
16.31640362739563,156914
16.317322969436646,156914
16.31824254989624,156914
16.319161891937256,156914
16.320077896118164,156914
16.321434497833252,156914
16.32235312461853,156914
16.323272943496704,156914
16.324207305908203,156914
16.32512664794922,156914
16.326042890548706,156914
16.3273983001709,156914
16.328315019607544,156914
16.329232931137085,156914
16.33014965057373,156914
16.33106827735901,156914
16.332425594329834,156914
16.333343505859375,156914
16.334271669387817,156914
16.335196018218994,156914
16.336116552352905,156914
16.337034225463867,156914
16.3383948802948,156914
16.339311361312866,156914
16.3402316570282,156914
16.341150522232056,156914
16.342068433761597,156914
16.34342360496521,156914
16.344351053237915,156914
16.345268487930298,156914
16.346186876296997,156914
16.347102642059326,156914
16.348017692565918,156914
16.34937357902527,156914
16.350292205810547,156914
16.351213455200195,156914
16.352134943008423,156914
16.353052139282227,156914
16.35442280769348,156914
16.355342388153076,156914
16.356262683868408,156914
16.357182502746582,156914
16.358100175857544,156914
16.359013080596924,156914
16.360368490219116,156914
16.3612859249115,156914
16.362208127975464,156914
16.3631272315979,156914
16.364052772521973,156914
16.365410327911377,156914
16.366328477859497,156914
16.3672456741333,156914
16.36816644668579,156914
16.369081258773804,156914
16.370438814163208,156914
16.371355772018433,156914
16.372276306152344,156914
16.373196601867676,156914
16.37412738800049,156914
16.37504768371582,156914
16.3764066696167,156914
16.377323627471924,156914
16.37824296951294,156914
16.379164695739746,156914
16.38008403778076,156914
16.381437301635742,156914
16.38235330581665,156914
16.38327646255493,156914
16.38420557975769,156914
16.38512682914734,156914
16.386043071746826,156914
16.387400150299072,156914
16.38831639289856,156914
16.389232635498047,156914
16.39015030860901,156914
16.391066074371338,156914
16.392422437667847,156914
16.39334201812744,156914
16.394272804260254,156914
16.39519476890564,156914
16.3961124420166,156914
16.397029638290405,156914
16.398380994796753,156914
16.399301052093506,156914
16.40021848678589,156914
16.40113401412964,156914
16.402058362960815,156914
16.403413772583008,156914
16.404337644577026,156914
16.405260801315308,156914
16.406180143356323,156914
16.407098054885864,156914
16.408018589019775,156914
16.409377813339233,156914
16.410298824310303,156914
16.411218404769897,156914
16.412139892578125,156914
16.413055181503296,156914
16.41442370414734,156914
16.41534185409546,156914
16.4162654876709,156914
16.417187452316284,156914
16.418105840682983,156914
16.41902256011963,156914
16.42037606239319,156914
16.42129373550415,156914
16.422214031219482,156914
16.423134565353394,156914
16.424058437347412,156914
16.425416946411133,156914
16.426332712173462,156914
16.427253246307373,156914
16.42817449569702,156914
16.42909264564514,156914
16.43001389503479,156914
16.43137001991272,156914
16.432291746139526,156914
16.43320941925049,156914
16.434138298034668,156914
16.435056447982788,156914
16.43641471862793,156914
16.43733024597168,156914
16.43825078010559,156914
16.439170837402344,156914
16.44008731842041,156914
16.441006660461426,156914
16.4423611164093,156914
16.443279027938843,156914
16.44420862197876,156914
16.445133209228516,156914
16.44605016708374,156914
16.44740867614746,156914
16.448326587677002,156914
16.449249744415283,156914
16.450171947479248,156914
16.451090335845947,156914
16.45200800895691,156914
16.453360080718994,156914
16.45428991317749,156914
16.45520806312561,156914
16.456127405166626,156914
16.457045316696167,156914
16.45840358734131,156914
16.459325075149536,156914
16.46024203300476,156914
16.461161851882935,156914
16.462077856063843,156914
16.463433027267456,156914
16.464359283447266,156914
16.465280055999756,156914
16.466201543807983,156914
16.467121601104736,156914
16.46804141998291,156914
16.46939969062805,156914
16.470314025878906,156914
16.471234560012817,156914
16.472155332565308,156914
16.47306752204895,156914
16.474003791809082,156914
16.47535800933838,156914
16.476279735565186,156914
16.4771990776062,156914
16.478121042251587,156914
16.479039192199707,156914
16.480396509170532,156914
16.481313705444336,156914
16.48223614692688,156914
16.48315715789795,156914
16.484084129333496,156914
16.485439777374268,156914
16.48635697364807,156914
16.487277269363403,156914
16.488194227218628,156914
16.489113807678223,156914
16.490031242370605,156914
16.49138355255127,156914
16.492299795150757,156914
16.49321961402893,156914
16.494147539138794,156914
16.495063543319702,156914
16.496416807174683,156914
16.497332334518433,156914
16.498253107070923,156914
16.4991717338562,156914
16.50008797645569,156914
16.50100874900818,156914
16.502362728118896,156914
16.503282070159912,156914
16.504215478897095,156914
16.505147457122803,156914
16.506062746047974,156914
16.507416248321533,156914
16.50833249092102,156914
16.509247303009033,156914
16.510165452957153,156914
16.511085271835327,156914
16.51244044303894,156914
16.51335835456848,156914
16.514286756515503,156914
16.515207290649414,156914
16.516128540039062,156914
16.51704740524292,156914
16.518402576446533,156914
16.519323110580444,156914
16.52024221420288,156914
16.521158933639526,156914
16.522079467773438,156914
16.523439645767212,156914
16.5243661403656,156914
16.52528405189514,156914
16.526204824447632,156914
16.527124643325806,156914
16.52803897857666,156914
16.529393672943115,156914
16.530313968658447,156914
16.531233072280884,156914
16.53215217590332,156914
16.53307056427002,156914
16.534438848495483,156914
16.535353660583496,156914
16.536272525787354,156914
16.537193775177002,156914
16.538111448287964,156914
16.539024591445923,156914
16.540380239486694,156914
16.541301488876343,156914
16.54222083091736,156914
16.543138027191162,156914
16.544063091278076,156914
16.545417547225952,156914
16.546331644058228,156914
16.547248125076294,156914
16.54816961288452,156914
16.54908800125122,156914
16.55000376701355,156914
16.551359176635742,156914
16.552276134490967,156914
16.553194761276245,156914
16.554123401641846,156914
16.555041790008545,156914
16.556396961212158,156914
16.557313919067383,156914
16.55823302268982,156914
16.559155225753784,156914
16.56007194519043,156914
16.56143283843994,156914
16.562347173690796,156914
16.563265323638916,156914
16.56419587135315,156914
16.565113067626953,156914
16.566030025482178,156914
16.567384481430054,156914
16.568299293518066,156914
16.569217205047607,156914
16.570139408111572,156914
16.5710551738739,156914
16.572415590286255,156914
16.573333978652954,156914
16.574263334274292,156914
16.575184106826782,156914
16.576104640960693,156914
16.577022075653076,156914
16.57837700843811,156914
16.57929801940918,156914
16.580215454101562,156914
16.581136465072632,156914
16.582053422927856,156914
16.58341121673584,156914
16.584338903427124,156914
16.585259437561035,156914
16.58618187904358,156914
16.58710503578186,156914
16.588022470474243,156914
16.589378833770752,156914
16.590298414230347,156914
16.591217041015625,156914
16.5921368598938,156914
16.593056678771973,156914
16.594424962997437,156914
16.595342874526978,156914
16.596264362335205,156914
16.59718608856201,156914
16.598104238510132,156914
16.5990207195282,156914
16.60037136077881,156914
16.601289987564087,156914
16.60220718383789,156914
16.603126049041748,156914
16.604050874710083,156914
16.605407238006592,156914
16.606323719024658,156914
16.607243537902832,156914
16.608163356781006,156914
16.60907793045044,156914
16.610435485839844,156914
16.611353397369385,156914
16.61227321624756,156914
16.613190412521362,156914
16.614118099212646,156914
16.615033626556396,156914
16.616389274597168,156914
16.61730694770813,156914
16.618227005004883,156914
16.61914896965027,156914
16.620062112808228,156914
16.621419668197632,156914
16.622339010238647,156914
16.623258352279663,156914
16.62418556213379,156914
16.625104188919067,156914
16.62602210044861,156914
16.627378463745117,156914
16.628294706344604,156914
16.62921380996704,156914
16.630133390426636,156914
16.631048679351807,156914
16.632402181625366,156914
16.633318185806274,156914
16.634246826171875,156914
16.635165452957153,156914
16.636083602905273,156914
16.637003421783447,156914
16.638357639312744,156914
16.639277935028076,156914
16.64019751548767,156914
16.64111828804016,156914
16.642035007476807,156914
16.643391132354736,156914
16.644317626953125,156914
16.645237922668457,156914
16.646157026290894,156914
16.647071361541748,156914
16.648430585861206,156914
16.649343729019165,156914
16.650262594223022,156914
16.651180744171143,156914
16.652103185653687,156914
16.653021812438965,156914
16.65439200401306,156914
16.655311346054077,156914
16.6562340259552,156914
16.65715527534485,156914
16.658074617385864,156914
16.659432649612427,156914
16.6603524684906,156914
16.66127347946167,156914
16.662193775177002,156914
16.66311502456665,156914
16.664039611816406,156914
16.665398120880127,156914
16.66631770133972,156914
16.667236328125,156914
16.66815733909607,156914
16.669075965881348,156914
16.67043375968933,156914
16.671353101730347,156914
16.67227077484131,156914
16.673190116882324,156914
16.67411971092224,156914
16.67503261566162,156914
16.676392078399658,156914
16.6773099899292,156914
16.678229093551636,156914
16.67914843559265,156914
16.68006682395935,156914
16.681421279907227,156914
16.68234395980835,156914
16.68326473236084,156914
16.684195280075073,156914
16.68511652946472,156914
16.68603205680847,156914
16.687387943267822,156914
16.688303232192993,156914
16.689223051071167,156914
16.690141201019287,156914
16.691057920455933,156914
16.692416667938232,156914
16.693333387374878,156914
16.694263458251953,156914
16.695183515548706,156914
16.696102142333984,156914
16.697017669677734,156914
16.6983699798584,156914
16.69928812980652,156914
16.700209617614746,156914
16.701127529144287,156914
16.70204496383667,156914
16.703400135040283,156914
16.704322814941406,156914
16.705241203308105,156914
16.706160306930542,156914
16.707077264785767,156914
16.708431720733643,156914
16.709343671798706,156914
16.71026372909546,156914
16.711183547973633,156914
16.71210026741028,156914
16.71301770210266,156914
16.71438503265381,156914
16.715303897857666,156914
16.716222763061523,156914
16.7171413898468,156914
16.718058109283447,156914
16.71941637992859,156914
16.720332860946655,156914
16.72125220298767,156914
16.72217297554016,156914
16.723089694976807,156914
16.724018335342407,156914
16.72537589073181,156914
16.7262921333313,156914
16.72721004486084,156914
16.728132009506226,156914
16.72905158996582,156914
16.730411529541016,156914
16.731341123580933,156914
16.732261419296265,156914
16.733186960220337,156914
16.734113454818726,156914
16.735037088394165,156914
16.736402988433838,156914
16.737318992614746,156914
16.738426685333252,156914
16.73935556411743,156914
16.74027919769287,156914
16.741201162338257,156914
16.742122650146484,156914
16.74303960800171,156914
16.744407415390015,156914
16.745322704315186,156914
16.74624466896057,156914
16.747163772583008,156914
16.748084545135498,156914
16.749436855316162,156914
16.7503559589386,156914
16.751275777816772,156914
16.752195119857788,156914
16.75311040878296,156914
16.754038095474243,156914
16.7553973197937,156914
16.756314516067505,156914
16.75723671913147,156914
16.758159160614014,156914
16.75907802581787,156914
16.76043462753296,156914
16.761350393295288,156914
16.762269258499146,156914
16.763190269470215,156914
16.764119625091553,156914
16.765035390853882,156914
16.766392469406128,156914
16.76730751991272,156914
16.76822805404663,156914
16.76914954185486,156914
16.77006506919861,156914
16.771422863006592,156914
16.772340536117554,156914
16.773260831832886,156914
16.77419114112854,156914
16.77510952949524,156914
16.776025533676147,156914
16.77738332748413,156914
16.778297424316406,156914
16.779218912124634,156914
16.7801411151886,156914
16.781058311462402,156914
16.78241229057312,156914
16.783331632614136,156914
16.78426170349121,156914
16.78517985343933,156914
16.786096334457397,156914
16.78701400756836,156914
16.788370370864868,156914
16.78929042816162,156914
16.790212869644165,156914
16.791129112243652,156914
16.792043447494507,156914
16.793400764465332,156914
16.79432511329651,156914
16.795244216918945,156914
16.79616403579712,156914
16.797082901000977,156914
16.7984356880188,156914
16.799351692199707,156914
16.80027151107788,156914
16.801189661026,156914
16.80210781097412,156914
16.80302143096924,156914
16.804389238357544,156914
16.805306911468506,156914
16.806227207183838,156914
16.80714726448059,156914
16.808064699172974,156914
16.80942392349243,156914
16.810344696044922,156914
16.811265230178833,156914
16.81218695640564,156914
16.813109636306763,156914
16.81403422355652,156914
16.815395832061768,156914
16.816314220428467,156914
16.817233324050903,156914
16.818150520324707,156914
16.819067239761353,156914
16.820424556732178,156914
16.821340322494507,156914
16.822259426116943,156914
16.823181629180908,156914
16.824111223220825,156914
16.825026750564575,156914
16.826379776000977,156914
16.827297687530518,156914
16.828215837478638,156914
16.829133987426758,156914
16.83005118370056,156914
16.83140754699707,156914
16.83232355117798,156914
16.833242177963257,156914
16.83417248725891,156914
16.83509087562561,156914
16.83600950241089,156914
16.83736753463745,156914
16.838287353515625,156914
16.839205503463745,156914
16.84012222290039,156914
16.841037034988403,156914
16.842393398284912,156914
16.843311309814453,156914
16.844242811203003,156914
16.84516453742981,156914
16.846083402633667,156914
16.847440242767334,156914
16.848357439041138,156914
16.849274158477783,156914
16.850193977355957,156914
16.851112604141235,156914
16.852027893066406,156914
16.85339045524597,156914
16.854334354400635,156914
16.855255365371704,156914
16.856176614761353,156914
16.85709238052368,156914
16.858007192611694,156914
16.859366416931152,156914
16.86028480529785,156914
16.861204624176025,156914
16.862122535705566,156914
16.86304020881653,156914
16.864405632019043,156914
16.865326404571533,156914
16.866243362426758,156914
16.867164134979248,156914
16.868083000183105,156914
16.869442224502563,156914
16.87035870552063,156914
16.871277570724487,156914
16.872198343276978,156914
16.873116493225098,156914
16.87404751777649,156914
16.875403881072998,156914
16.87632179260254,156914
16.877238512039185,156914
16.878161430358887,156914
16.87907862663269,156914
16.88043212890625,156914
16.881349086761475,156914
16.88226890563965,156914
16.8831889629364,156914
16.884116411209106,156914
16.885033130645752,156914
16.886388540267944,156914
16.887304067611694,156914
16.88822317123413,156914
16.889143466949463,156914
16.890060901641846,156914
16.891416788101196,156914
16.89233374595642,156914
16.89325451850891,156914
16.894185543060303,156914
16.895103454589844,156914
16.89601755142212,156914
16.897374629974365,156914
16.898293256759644,156914
16.899210453033447,156914
16.900133848190308,156914
16.9010488986969,156914
16.902403831481934,156914
16.903318166732788,156914
16.904254913330078,156914
16.905176401138306,156914
16.906090021133423,156914
16.907008409500122,156914
16.908365964889526,156914
16.9092857837677,156914
16.9102041721344,156914
16.91112208366394,156914
16.912039041519165,156914
16.913398027420044,156914
16.91432547569275,156914
16.915247440338135,156914
16.916168689727783,156914
16.917086362838745,156914
16.918004274368286,156914
16.91935658454895,156914
16.92027521133423,156914
16.921194791793823,156914
16.922114372253418,156914
16.923028707504272,156914
16.924392700195312,156914
16.925309658050537,156914
16.92622995376587,156914
16.92714834213257,156914
16.928066968917847,156914
16.92942500114441,156914
16.930342435836792,156914
16.931262969970703,156914
16.932185411453247,156914
16.93310284614563,156914
16.934027433395386,156914
16.93538522720337,156914
16.93630290031433,156914
16.937225103378296,156914
16.93815302848816,156914
16.939071893692017,156914
16.94042992591858,156914
16.941347122192383,156914
16.942267417907715,156914
16.943185091018677,156914
16.94411325454712,156914
16.945031881332397,156914
16.946386575698853,156914
16.94730234146118,156914
16.94822120666504,156914
16.949143886566162,156914
16.950058221817017,156914
16.95141363143921,156914
16.952330827713013,156914
16.953253030776978,156914
16.954183101654053,156914
16.95510220527649,156914
16.95601797103882,156914
16.95737075805664,156914
16.95828914642334,156914
16.959206581115723,156914
16.96012592315674,156914
16.961040019989014,156914
16.962398767471313,156914
16.963316202163696,156914
16.9642493724823,156914
16.965168714523315,156914
16.966087579727173,156914
16.967007637023926,156914
16.968361854553223,156914
16.969279289245605,156914
16.970197439193726,156914
16.97111988067627,156914
16.972034454345703,156914
16.973392009735107,156914
16.9743173122406,156914
16.975237131118774,156914
16.976155042648315,156914
16.97707462310791,156914
16.97843360900879,156914
16.979350805282593,156914
16.980269193649292,156914
16.981189012527466,156914
16.982107639312744,156914
16.983023643493652,156914
16.984388828277588,156914
16.985307216644287,156914
16.98622488975525,156914
16.987144231796265,156914
16.988062620162964,156914
16.989418983459473,156914
16.990338563919067,156914
16.991260290145874,156914
16.99217939376831,156914
16.993099212646484,156914
16.994028329849243,156914
16.9953830242157,156914
16.996299505233765,156914
16.99721932411194,156914
16.99814009666443,156914
16.999057292938232,156914
17.000410318374634,156914
17.001328945159912,156914
17.002246856689453,156914
17.003167867660522,156914
17.00409507751465,156914
17.005012035369873,156914
17.006366968154907,156914
17.007288217544556,156914
17.008205890655518,156914
17.009121894836426,156914
17.01004123687744,156914
17.011397123336792,156914
17.01231336593628,156914
17.013229846954346,156914
17.01416015625,156914
17.01508331298828,156914
17.016003131866455,156914
17.017359733581543,156914
17.018279790878296,156914
17.01920223236084,156914
17.020118713378906,156914
17.021036863327026,156914
17.022396564483643,156914
17.023314237594604,156914
17.024245023727417,156914
17.025163412094116,156914
17.026079416275024,156914
17.027435064315796,156914
17.028350114822388,156914
17.029268264770508,156914
17.030190229415894,156914
17.031108379364014,156914
17.032024145126343,156914
17.03338050842285,156914
17.03430676460266,156914
17.035223960876465,156914
17.036144495010376,156914
17.037062883377075,156914
17.03841805458069,156914
17.039334058761597,156914
17.04025650024414,156914
17.04117465019226,156914
17.0420925617218,156914
17.043012142181396,156914
17.044371366500854,156914
17.045291423797607,156914
17.04620933532715,156914
17.04712700843811,156914
17.04804277420044,156914
17.049400568008423,156914
17.050315141677856,156914
17.05123472213745,156914
17.05215072631836,156914
17.053079843521118,156914
17.05401062965393,156914
17.05536723136902,156914
17.05628776550293,156914
17.057204961776733,156914
17.058122396469116,156914
17.059042930603027,156914
17.060402870178223,156914
17.061321258544922,156914
17.06224274635315,156914
17.063162803649902,156914
17.0640926361084,156914
17.06501030921936,156914
17.066368103027344,156914
17.067291975021362,156914
17.068206071853638,156914
17.06912136077881,156914
17.070039749145508,156914
17.07139277458191,156914
17.072309017181396,156914
17.073229789733887,156914
17.07416009902954,156914
17.07507634162903,156914
17.076430559158325,156914
17.07734751701355,156914
17.078266859054565,156914
17.079187870025635,156914
17.08010697364807,156914
17.081021070480347,156914
17.082377910614014,156914
17.083312273025513,156914
17.084242582321167,156914
17.085163593292236,156914
17.086078643798828,156914
17.087432146072388,156914
17.088349103927612,156914
17.08929991722107,156914
17.090217351913452,156914
17.09115505218506,156914
17.092074632644653,156914
17.093430995941162,156914
17.094353675842285,156914
17.0952730178833,156914
17.096206665039062,156914
17.097126245498657,156914
17.098041534423828,156914
17.099400758743286,156914
17.100316047668457,156914
17.101232767105103,156914
17.10215187072754,156914
17.10306692123413,156914
17.10443639755249,156914
17.105350255966187,156914
17.106268167495728,156914
17.107187747955322,156914
17.108250617980957,156914
17.10908842086792,156914
17.11067008972168,156914
17.11149549484253,156914
17.112325429916382,156914
17.11314868927002,156914
17.114743947982788,156914
17.115570068359375,156914
17.116397857666016,156914
17.117223024368286,156914
17.1180477142334,156914
17.11963152885437,156914
17.12047052383423,156914
17.121299266815186,156914
17.122127294540405,156914
17.12371063232422,156914
17.124552726745605,156914
17.12537932395935,156914
17.126206636428833,156914
17.127033233642578,156914
17.128615617752075,156914
17.12944459915161,156914
17.130272388458252,156914
17.131102085113525,156914
17.13268542289734,156914
17.13352060317993,156914
17.134363412857056,156914
17.135190963745117,156914
17.13601803779602,156914
17.13759732246399,156914
17.138425588607788,156914
17.139256477355957,156914
17.1400785446167,156914
17.1416654586792,156914
17.142489194869995,156914
17.143322706222534,156914
17.14415693283081,156914
17.14573907852173,156914
17.14656925201416,156914
17.14739727973938,156914
17.148226261138916,156914
17.149051427841187,156914
17.150633335113525,156914
17.151463985443115,156914
17.152291297912598,156914
17.15312123298645,156914
17.154717445373535,156914
17.15553593635559,156914
17.156368494033813,156914
17.15719962120056,156914
17.15802526473999,156914
17.15960693359375,156914
17.16044020652771,156914
17.161262035369873,156914
17.16209650039673,156914
17.163683891296387,156914
17.164522647857666,156914
17.165348291397095,156914
17.16617727279663,156914
17.16776156425476,156914
17.168582439422607,156914
17.169416904449463,156914
17.170246362686157,156914
17.17107105255127,156914
17.172656774520874,156914
17.173481464385986,156914
17.17431902885437,156914
17.175148725509644,156914
17.176734447479248,156914
17.177559852600098,156914
17.178390979766846,156914
17.17922019958496,156914
17.180043935775757,156914
17.18162989616394,156914
17.18245840072632,156914
17.183292150497437,156914
17.18412709236145,156914
17.185712099075317,156914
17.18653655052185,156914
17.18736958503723,156914
17.188197135925293,156914
17.189023733139038,156914
17.19060707092285,156914
17.191433906555176,156914
17.19226574897766,156914
17.193092346191406,156914
17.194683074951172,156914
17.195509672164917,156914
17.196332931518555,156914
17.197161436080933,156914
17.198745250701904,156914
17.199568510055542,156914
17.200402975082397,156914
17.20123052597046,156914
17.20205307006836,156914
17.203635931015015,156914
17.20447325706482,156914
17.20530343055725,156914
17.20612931251526,156914
17.20771598815918,156914
17.208539247512817,156914
17.209368467330933,156914
17.21019411087036,156914
17.211015224456787,156914
17.212595462799072,156914
17.213424682617188,156914
17.21425986289978,156914
17.21508240699768,156914
17.216665267944336,156914
17.217491149902344,156914
17.21832013130188,156914
17.21915078163147,156914
17.22073745727539,156914
17.221566915512085,156914
17.222391605377197,156914
17.223222255706787,156914
17.22405505180359,156914
17.22564125061035,156914
17.226468086242676,156914
17.227298974990845,156914
17.228124856948853,156914
17.229705095291138,156914
17.230541229248047,156914
17.23136830329895,156914
17.232197523117065,156914
17.233019590377808,156914
17.234615564346313,156914
17.235449075698853,156914
17.23627519607544,156914
17.23710536956787,156914
17.238688707351685,156914
17.23951482772827,156914
17.240347862243652,156914
17.241174936294556,156914
17.242757081985474,156914
17.243587017059326,156914
17.244429111480713,156914
17.245255708694458,156914
17.246079683303833,156914
17.24765634536743,156914
17.248485565185547,156914
17.249321222305298,156914
17.25014591217041,156914
17.251734256744385,156914
17.252562761306763,156914
17.253387212753296,156914
17.254226207733154,156914
17.255048274993896,156914
17.25663447380066,156914
17.257463932037354,156914
17.25829315185547,156914
17.25912356376648,156914
17.260712385177612,156914
17.261536836624146,156914
17.26236844062805,156914
17.26319980621338,156914
17.264036178588867,156914
17.265618801116943,156914
17.26644992828369,156914
17.26727533340454,156914
17.26810359954834,156914
17.269689321517944,156914
17.270512104034424,156914
17.27134943008423,156914
17.272175788879395,156914
17.27376127243042,156914
17.274595499038696,156914
17.2754225730896,156914
17.276251316070557,156914
17.277073621749878,156914
17.278653860092163,156914
17.279481649398804,156914
17.28031325340271,156914
17.281140089035034,156914
17.2827250957489,156914
17.28355360031128,156914
17.28439497947693,156914
17.28522515296936,156914
17.286048650741577,156914
17.28763699531555,156914
17.28846001625061,156914
17.289292812347412,156914
17.290119647979736,156914
17.291707277297974,156914
17.292531490325928,156914
17.2933566570282,156914
17.294194221496582,156914
17.295021533966064,156914
17.29660177230835,156914
17.297433614730835,156914
17.298263788223267,156914
17.299087285995483,156914
17.30067205429077,156914
17.301501989364624,156914
17.302330017089844,156914
17.3031587600708,156914
17.304755210876465,156914
17.305580615997314,156914
17.306405067443848,156914
17.307236909866333,156914
17.30806016921997,156914
17.309646368026733,156914
17.310473918914795,156914
17.31130075454712,156914
17.31213140487671,156914
17.313712120056152,156914
17.314550161361694,156914
17.315380096435547,156914
17.316210508346558,156914
17.317036867141724,156914
17.318618774414062,156914
17.319443225860596,156914
17.320279598236084,156914
17.321104526519775,156914
17.322691917419434,156914
17.323517560958862,156914
17.324359893798828,156914
17.32518458366394,156914
17.326008558273315,156914
17.32759380340576,156914
17.32842469215393,156914
17.32925319671631,156914
17.330075979232788,156914
17.331663846969604,156914
17.332487106323242,156914
17.333319902420044,156914
17.33415651321411,156914
17.335744619369507,156914
17.336568117141724,156914
17.337396383285522,156914
17.338224172592163,156914
17.339051723480225,156914
17.340630769729614,156914
17.34146237373352,156914
17.34229326248169,156914
17.34311819076538,156914
17.34471035003662,156914
17.345537662506104,156914
17.34636664390564,156914
17.347193717956543,156914
17.34801959991455,156914
17.349607229232788,156914
17.350431442260742,156914
17.351264238357544,156914
17.35208535194397,156914
17.353670120239258,156914
17.354508876800537,156914
17.355342388153076,156914
17.35616946220398,156914
17.357752799987793,156914
17.358580589294434,156914
17.35940194129944,156914
17.360235929489136,156914
17.361061573028564,156914
17.3626446723938,156914
17.363473415374756,156914
17.3643159866333,156914
17.365140914916992,156914
17.366721391677856,156914
17.367553234100342,156914
17.36838173866272,156914
17.36920690536499,156914
17.370033264160156,156914
17.371617317199707,156914
17.372448682785034,156914
17.373271465301514,156914
17.37410879135132,156914
17.37569308280945,156914
17.37651777267456,156914
17.377349376678467,156914
17.378180265426636,156914
17.379764795303345,156914
17.380589962005615,156914
17.381417751312256,156914
17.382244348526,156914
17.383068561553955,156914
17.384663581848145,156914
17.38548755645752,156914
17.38631248474121,156914
17.387146472930908,156914
17.388729095458984,156914
17.38955783843994,156914
17.390384674072266,156914
17.39121675491333,156914
17.39204478263855,156914
17.393627166748047,156914
17.394468784332275,156914
17.395291090011597,156914
17.39612364768982,156914
17.397707223892212,156914
17.39854121208191,156914
17.39936637878418,156914
17.400195598602295,156914
17.401018619537354,156914
17.40260148048401,156914
17.403432607650757,156914
17.404269695281982,156914
17.405094861984253,156914
17.406677961349487,156914
17.407503843307495,156914
17.408337116241455,156914
17.409162521362305,156914
17.410754919052124,156914
17.4115788936615,156914
17.41240906715393,156914
17.413238525390625,156914
17.41407060623169,156914
17.415655612945557,156914
17.416484117507935,156914
17.41731357574463,156914
17.41814136505127,156914
17.41972804069519,156914
17.42055368423462,156914
17.421382427215576,156914
17.4222092628479,156914
17.42303442955017,156914
17.424623250961304,156914
17.425452947616577,156914
17.426279544830322,156914
17.427109956741333,156914
17.428697109222412,156914
17.429523468017578,156914
17.430355072021484,156914
17.431180477142334,156914
17.432005882263184,156914
17.433593273162842,156914
17.43442726135254,156914
17.43525719642639,156914
17.436079502105713,156914
17.43766140937805,156914
17.43849515914917,156914
17.439322233200073,156914
17.440150022506714,156914
17.441731214523315,156914
17.442564487457275,156914
17.443394422531128,156914
17.44423198699951,156914
17.445055723190308,156914
17.446640014648438,156914
17.447463989257812,156914
17.448298692703247,156914
17.449127435684204,156914
17.450713872909546,156914
17.45154356956482,156914
17.45237135887146,156914
17.453201293945312,156914
17.45403742790222,156914
17.45562481880188,156914
17.456450939178467,156914
17.45728063583374,156914
17.458112239837646,156914
17.459696292877197,156914
17.4605233669281,156914
17.46135187149048,156914
17.462178707122803,156914
17.463762283325195,156914
17.464598655700684,156914
17.465426683425903,156914
17.466259956359863,156914
17.467081546783447,156914
17.46866512298584,156914
17.469491958618164,156914
17.47031855583191,156914
17.471149444580078,156914
17.472736358642578,156914
17.473569869995117,156914
17.474409341812134,156914
17.475236415863037,156914
17.476059913635254,156914
17.47763729095459,156914
17.478469848632812,156914
17.479301691055298,156914
17.480125665664673,156914
17.481709957122803,156914
17.48253893852234,156914
17.483371019363403,156914
17.484207153320312,156914
17.485031843185425,156914
17.486616611480713,156914
17.487440824508667,156914
17.48827314376831,156914
17.489107131958008,156914
17.490690231323242,156914
17.491523027420044,156914
17.492348194122314,156914
17.493179321289062,156914
17.494012355804443,156914
17.495593070983887,156914
17.496426820755005,156914
17.497251749038696,156914
17.49807596206665,156914
17.499653816223145,156914
17.50048589706421,156914
17.501315355300903,156914
17.502139806747437,156914
17.503729581832886,156914
17.504565477371216,156914
17.50538945198059,156914
17.50622248649597,156914
17.50704526901245,156914
17.508626461029053,156914
17.50945019721985,156914
17.510279655456543,156914
17.511111736297607,156914
17.512696266174316,156914
17.51352286338806,156914
17.514363288879395,156914
17.515193462371826,156914
17.51601767539978,156914
17.51759362220764,156914
17.518425226211548,156914
17.519256353378296,156914
17.520079612731934,156914
17.521660566329956,156914
17.522493600845337,156914
17.52332592010498,156914
17.524160623550415,156914
17.525750160217285,156914
17.526572704315186,156914
17.527403593063354,156914
17.528234004974365,156914
17.52905821800232,156914
17.530643939971924,156914
17.531469583511353,156914
17.532318592071533,156914
17.533149242401123,156914
17.5347683429718,156914
17.535602569580078,156914
17.536439418792725,156914
17.53727698326111,156914
17.538106679916382,156914
17.539717435836792,156914
17.540549993515015,156914
17.541386127471924,156914
17.542221784591675,156914
17.54305601119995,156914
17.54467749595642,156914
17.54551362991333,156914
17.546346426010132,156914
17.547181844711304,156914
17.548012018203735,156914
17.549619436264038,156914
17.550456523895264,156914
17.551292181015015,156914
17.552123308181763,156914
17.553730010986328,156914
17.55457592010498,156914
17.555410146713257,156914
17.556246280670166,156914
17.55708074569702,156914
17.558687448501587,156914
17.559523582458496,156914
17.560360193252563,156914
17.561195135116577,156914
17.562031030654907,156914
17.563636302947998,156914
17.564485549926758,156914
17.56532096862793,156914
17.56615686416626,156914
17.567766427993774,156914
17.568602085113525,156914
17.56944251060486,156914
17.570276975631714,156914
17.571110725402832,156914
17.572716236114502,156914
17.57355237007141,156914
17.574398517608643,156914
17.57523202896118,156914
17.57606291770935,156914
17.57767081260681,156914
17.578505992889404,156914
17.579344034194946,156914
17.580179929733276,156914
17.581010341644287,156914
17.58262062072754,156914
17.583455085754395,156914
17.58430051803589,156914
17.58513045310974,156914
17.58674669265747,156914
17.587581872940063,156914
17.588420152664185,156914
17.58925747871399,156914
17.59009051322937,156914
17.591703414916992,156914
17.592539310455322,156914
17.59337306022644,156914
17.594218492507935,156914
17.59505295753479,156914
17.59666085243225,156914
17.597492694854736,156914
17.598329544067383,156914
17.59916615486145,156914
17.60077214241028,156914
17.60161018371582,156914
17.602444648742676,156914
17.603280782699585,156914
17.60412073135376,156914
17.605724096298218,156914
17.60656237602234,156914
17.607394695281982,156914
17.608230352401733,156914
17.609065294265747,156914
17.61067485809326,156914
17.611512422561646,156914
17.6123468875885,156914
17.61318278312683,156914
17.61403250694275,156914
17.61563539505005,156914
17.616474866867065,156914
17.617310285568237,156914
17.618140697479248,156914
17.619749784469604,156914
17.620585680007935,156914
17.62142276763916,156914
17.62226104736328,156914
17.623093366622925,156914
17.624711990356445,156914
17.62554931640625,156914
17.626384258270264,156914
17.62721848487854,156914
17.628047227859497,156914
17.629658937454224,156914
17.63049340248108,156914
17.63133215904236,156914
17.632163286209106,156914
17.63377022743225,156914
17.634613275527954,156914
17.63545036315918,156914
17.6362886428833,156914
17.63711929321289,156914
17.638724327087402,156914
17.639559745788574,156914
17.64039421081543,156914
17.641228675842285,156914
17.64206314086914,156914
17.643675804138184,156914
17.644522428512573,156914
17.645357370376587,156914
17.64618992805481,156914
17.647026300430298,156914
17.648635625839233,156914
17.649468421936035,156914
17.650304079055786,156914
17.651134967803955,156914
17.65274953842163,156914
17.65358543395996,156914
17.654428958892822,156914
17.65526533126831,156914
17.65609645843506,156914
17.657708168029785,156914
17.658543348312378,156914
17.659379243850708,156914
17.660216808319092,156914
17.66105055809021,156914
17.662656784057617,156914
17.66349196434021,156914
17.66433882713318,156914
17.66517448425293,156914
17.66600728034973,156914
17.667614698410034,156914
17.668450832366943,156914
17.669286012649536,156914
17.670121431350708,156914
17.67173147201538,156914
17.672568321228027,156914
17.67340588569641,156914
17.674253940582275,156914
17.675085306167603,156914
17.67669439315796,156914
17.677530765533447,156914
17.678367614746094,156914
17.679200887680054,156914
17.680036067962646,156914
17.681653022766113,156914
17.68248224258423,156914
17.68332076072693,156914
17.68416428565979,156914
17.6857750415802,156914
17.686609268188477,156914
17.687443017959595,156914
17.68828010559082,156914
17.689110279083252,156914
17.690718173980713,156914
17.69155263900757,156914
17.692389488220215,156914
17.69322681427002,156914
17.694067239761353,156914
17.695675373077393,156914
17.6965115070343,156914
17.697349071502686,156914
17.69818615913391,156914
17.699021100997925,156914
17.700629711151123,156914
17.701462507247925,156914
17.70229983329773,156914
17.703132152557373,156914
17.704750776290894,156914
17.705589771270752,156914
17.706424951553345,156914
17.707260131835938,156914
17.708094120025635,156914
17.709704160690308,156914
17.710540294647217,156914
17.711376667022705,156914
17.712209939956665,156914
17.7130446434021,156914
17.714663982391357,156914
17.715501070022583,156914
17.71633505821228,156914
17.71717071533203,156914
17.71878170967102,156914
17.719616889953613,156914
17.720451593399048,156914
17.721286058425903,156914
17.722115993499756,156914
17.723724603652954,156914
17.724565744400024,156914
17.72540283203125,156914
17.72623872756958,156914
17.727070569992065,156914
17.728678941726685,156914
17.729515552520752,156914
17.7303524017334,156914
17.731189012527466,156914
17.732023000717163,156914
17.73362970352173,156914
17.73447346687317,156914
17.735312938690186,156914
17.73615074157715,156914
17.737759351730347,156914
17.738590955734253,156914
17.739428758621216,156914
17.740267038345337,156914
17.741097450256348,156914
17.74270725250244,156914
17.743540048599243,156914
17.744384288787842,156914
17.74522066116333,156914
17.74605131149292,156914
17.747660160064697,156914
17.74849510192871,156914
17.749332427978516,156914
17.750168323516846,156914
17.75177764892578,156914
17.752615213394165,156914
17.753448963165283,156914
17.754295349121094,156914
17.755128145217896,156914
17.756742477416992,156914
17.7575786113739,156914
17.75841188430786,156914
17.75924777984619,156914
17.76008415222168,156914
17.761687994003296,156914
17.762523651123047,156914
17.763357877731323,156914
17.764203786849976,156914
17.7650408744812,156914
17.766648292541504,156914
17.767483949661255,156914
17.768317937850952,156914
17.769148349761963,156914
17.770759344100952,156914
17.77159547805786,156914
17.77243423461914,156914
17.77327013015747,156914
17.774112224578857,156914
17.775726556777954,156914
17.776562213897705,156914
17.77739715576172,156914
17.778230905532837,156914
17.779062032699585,156914
17.780673503875732,156914
17.78150773048401,156914
17.78234624862671,156914
17.78318476676941,156914
17.784029245376587,156914
17.785635948181152,156914
17.78647232055664,156914
17.78731060028076,156914
17.788143157958984,156914
17.789751529693604,156914
17.79058599472046,156914
17.79141855239868,156914
17.79225730895996,156914
17.793089866638184,156914
17.794713258743286,156914
17.795546531677246,156914
17.796382665634155,156914
17.79721713066101,156914
17.79804825782776,156914
17.799654960632324,156914
17.8004891872406,156914
17.801323413848877,156914
17.802155256271362,156914
17.803760051727295,156914
17.804607152938843,156914
17.80544376373291,156914
17.806278944015503,156914
17.807109355926514,156914
17.808719873428345,156914
17.80955672264099,156914
17.810395002365112,156914
17.811229705810547,156914
17.812066078186035,156914
17.81367564201355,156914
17.814521074295044,156914
17.81535840034485,156914
17.816193342208862,156914
17.817030906677246,156914
17.81863498687744,156914
17.819471836090088,156914
17.820308923721313,156914
17.82113766670227,156914
17.82275152206421,156914
17.82358980178833,156914
17.82443618774414,156914
17.825272798538208,156914
17.82610273361206,156914
17.827712297439575,156914
17.828545808792114,156914
17.82938265800476,156914
17.830217838287354,156914
17.831050157546997,156914
17.83266305923462,156914
17.833499670028687,156914
17.834344387054443,156914
17.835180282592773,156914
17.836013078689575,156914
17.8376202583313,156914
17.838455200195312,156914
17.83929133415222,156914
17.840122938156128,156914
17.841737985610962,156914
17.842572450637817,156914
17.843408346176147,156914
17.84425115585327,156914
17.845082759857178,156914
17.846689462661743,156914
17.847524642944336,156914
17.848358631134033,156914
17.849194765090942,156914
17.85002827644348,156914
17.85163378715515,156914
17.852468490600586,156914
17.853307008743286,156914
17.85416555404663,156914
17.85577130317688,156914
17.856611251831055,156914
17.857444763183594,156914
17.85828161239624,156914
17.859121084213257,156914
17.860724687576294,156914
17.861562252044678,156914
17.862396955490112,156914
17.863231420516968,156914
17.86407446861267,156914
17.865691423416138,156914
17.86652112007141,156914
17.867355823516846,156914
17.868191242218018,156914
17.869027376174927,156914
17.870635747909546,156914
17.871471643447876,156914
17.872308254241943,156914
17.87314009666443,156914
17.87476396560669,156914
17.87560224533081,156914
17.876441717147827,156914
17.877277851104736,156914
17.878108024597168,156914
17.879719972610474,156914
17.880553007125854,156914
17.881389617919922,156914
17.88222360610962,156914
17.883057832717896,156914
17.884671449661255,156914
17.885507106781006,156914
17.886346101760864,156914
17.887181997299194,156914
17.888017416000366,156914
17.88962435722351,156914
17.89046812057495,156914
17.891308784484863,156914
17.892146825790405,156914
17.893752098083496,156914
17.894596338272095,156914
17.89543390274048,156914
17.896271228790283,156914
17.89710259437561,156914
17.89870834350586,156914
17.89954113960266,156914
17.900378227233887,156914
17.901219129562378,156914
17.902051210403442,156914
17.903663158416748,156914
17.9045090675354,156914
17.905344486236572,156914
17.906179666519165,156914
17.90701150894165,156914
17.90862274169922,156914
17.909456253051758,156914
17.91029119491577,156914
17.911123752593994,156914
17.91273546218872,156914
17.913573265075684,156914
17.914417266845703,156914
17.915253162384033,156914
17.916088342666626,156914
17.917696952819824,156914
17.91853380203247,156914
17.91937232017517,156914
17.920207262039185,156914
17.921042442321777,156914
17.9226496219635,156914
17.923486709594727,156914
17.924331188201904,156914
17.925166368484497,156914
17.926778316497803,156914
17.927613735198975,156914
17.92844843864441,156914
17.929284811019897,156914
17.930115461349487,156914
17.931725025177002,156914
17.932557582855225,156914
17.933394193649292,156914
17.934236526489258,156914
17.935071229934692,156914
17.936681747436523,156914
17.9375159740448,156914
17.938353538513184,156914
17.93918800354004,156914
17.94002103805542,156914
17.94162678718567,156914
17.94246482849121,156914
17.94330143928528,156914
17.944140911102295,156914
17.945754051208496,156914
17.9465913772583,156914
17.94742465019226,156914
17.94826054573059,156914
17.949092149734497,156914
17.950703144073486,156914
17.951538801193237,156914
17.952374935150146,156914
17.953210830688477,156914
17.95405387878418,156914
17.955662727355957,156914
17.956499099731445,156914
17.95733642578125,156914
17.958171367645264,156914
17.95900535583496,156914
17.96061396598816,156914
17.96144938468933,156914
17.96228313446045,156914
17.963115215301514,156914
17.96473479270935,156914
17.965571641921997,156914
17.96640658378601,156914
17.96724224090576,156914
17.968075037002563,156914
17.96968650817871,156914
17.970519542694092,156914
17.971357345581055,156914
17.972189903259277,156914
17.973026990890503,156914
17.974640130996704,156914
17.97547721862793,156914
17.976311683654785,156914
17.97714376449585,156914
17.978753328323364,156914
17.979588270187378,156914
17.980427026748657,156914
17.98125982284546,156914
17.982093334197998,156914
17.983705520629883,156914
17.98454737663269,156914
17.985384464263916,156914
17.986220359802246,156914
17.987054109573364,156914
17.98866891860962,156914
17.989506721496582,156914
17.990344762802124,156914
17.99117636680603,156914
17.992014408111572,156914
17.99362063407898,156914
17.99446439743042,156914
17.995304107666016,156914
17.996134519577026,156914
17.99774694442749,156914
17.998581409454346,156914
17.999417304992676,156914
18.000257968902588,156914
18.001088619232178,156914
18.002697706222534,156914
18.00353193283081,156914
18.004378080368042,156914
18.005213975906372,156914
18.00605010986328,156914
18.00765824317932,156914
18.008492469787598,156914
18.009328842163086,156914
18.010165691375732,156914
18.011775493621826,156914
18.012613773345947,156914
18.013448476791382,156914
18.0142924785614,156914
18.015122175216675,156914
18.01673197746277,156914
18.017568111419678,156914
18.018404006958008,156914
18.019240617752075,156914
18.020076036453247,156914
18.021682024002075,156914
18.022521018981934,156914
18.023356199264526,156914
18.02419948577881,156914
18.02503490447998,156914
18.026639461517334,156914
18.027475595474243,156914
18.028313398361206,156914
18.029143571853638,156914
18.03075623512268,156914
18.03159236907959,156914
18.032429933547974,156914
18.03326439857483,156914
18.03410530090332,156914
18.035714149475098,156914
18.036548852920532,156914
18.037383794784546,156914
18.038219213485718,156914
18.039052724838257,156914
18.040659189224243,156914
18.04149031639099,156914
18.0423264503479,156914
18.043164014816284,156914
18.044779300689697,156914
18.045617818832397,156914
18.04645013809204,156914
18.047287702560425,156914
18.04811978340149,156914
18.04973030090332,156914
18.05056381225586,156914
18.051401615142822,156914
18.052236080169678,156914
18.053067922592163,156914
18.054697036743164,156914
18.05553364753723,156914
18.056369066238403,156914
18.05720853805542,156914
18.05804133415222,156914
18.059657096862793,156914
18.06049394607544,156914
18.061333894729614,156914
18.062171697616577,156914
18.06377649307251,156914
18.06462526321411,156914
18.065459489822388,156914
18.066294193267822,156914
18.067126512527466,156914
18.068739891052246,156914
18.069576740264893,156914
18.07041096687317,156914
18.07124662399292,156914
18.072078227996826,156914
18.07369041442871,156914
18.074535846710205,156914
18.075374364852905,156914
18.07620620727539,156914
18.0770423412323,156914
18.07864737510681,156914
18.07948350906372,156914
18.08031988143921,156914
18.081151247024536,156914
18.082761764526367,156914
18.08359670639038,156914
18.08444356918335,156914
18.0852792263031,156914
18.086127281188965,156914
18.087722778320312,156914
18.08855962753296,156914
18.089394569396973,156914
18.09023141860962,156914
18.091063737869263,156914
18.092671632766724,156914
18.093514442443848,156914
18.09436559677124,156914
18.095204830169678,156914
18.09603714942932,156914
18.09764313697815,156914
18.098477840423584,156914
18.099313259124756,156914
18.1001455783844,156914
18.10175347328186,156914
18.102588415145874,156914
18.10342526435852,156914
18.10427165031433,156914
18.105104684829712,156914
18.106716871261597,156914
18.1075599193573,156914
18.10839605331421,156914
18.10923409461975,156914
18.11006760597229,156914
18.111676692962646,156914
18.11251401901245,156914
18.11334991455078,156914
18.11419677734375,156914
18.115027904510498,156914
18.11663556098938,156914
18.117473602294922,156914
18.11831045150757,156914
18.119143962860107,156914
18.120750904083252,156914
18.12158727645874,156914
18.12242078781128,156914
18.12325882911682,156914
18.12410020828247,156914
18.125710248947144,156914
18.126546382904053,156914
18.127383708953857,156914
18.12821865081787,156914
18.129052877426147,156914
18.130658864974976,156914
18.131499528884888,156914
18.132333993911743,156914
18.133172512054443,156914
18.13402032852173,156914
18.13562321662903,156914
18.136461973190308,156914
18.137298345565796,156914
18.13813018798828,156914
18.13974118232727,156914
18.14057683944702,156914
18.14141297340393,156914
18.14224624633789,156914
18.143078088760376,156914
18.144695043563843,156914
18.145531177520752,156914
18.146368741989136,156914
18.147202730178833,156914
18.14803910255432,156914
18.14964485168457,156914
18.1504807472229,156914
18.151318311691284,156914
18.15214991569519,156914
18.15376114845276,156914
18.154605388641357,156914
18.155441522598267,156914
18.156280279159546,156914
18.157110452651978,156914
18.158721208572388,156914
18.1595561504364,156914
18.16039252281189,156914
18.16122794151306,156914
18.162059545516968,156914
18.163674354553223,156914
18.16451668739319,156914
18.165350437164307,156914
18.16619110107422,156914
18.167027950286865,156914
18.168635368347168,156914
18.16946840286255,156914
18.170305252075195,156914
18.171141386032104,156914
18.17274832725525,156914
18.173586130142212,156914
18.174431800842285,156914
18.175267219543457,156914
18.17609977722168,156914
18.177709341049194,156914
18.178545713424683,156914
18.179381608963013,156914
18.180216312408447,156914
18.181049346923828,156914
18.18265652656555,156914
18.183493614196777,156914
18.184340000152588,156914
18.185176610946655,156914
18.18600869178772,156914
18.187620162963867,156914
18.188457250595093,156914
18.18929386138916,156914
18.19012689590454,156914
18.191739320755005,156914
18.192575454711914,156914
18.193413019180298,156914
18.194255828857422,156914
18.195087432861328,156914
18.196697473526,156914
18.197533130645752,156914
18.198371410369873,156914
18.19920539855957,156914
18.200040102005005,156914
18.20164656639099,156914
18.202481031417847,156914
18.203316926956177,156914
18.204156637191772,156914
18.20577335357666,156914
18.206611394882202,156914
18.20744752883911,156914
18.208285331726074,156914
18.209118127822876,156914
18.210729837417603,156914
18.21156597137451,156914
18.212403059005737,156914
18.213242292404175,156914
18.21408486366272,156914
18.215696334838867,156914
18.216532945632935,156914
18.217368125915527,156914
18.2182035446167,156914
18.21903681755066,156914
18.220648050308228,156914
18.221482515335083,156914
18.22231888771057,156914
18.223148822784424,156914
18.224772453308105,156914
18.22561025619507,156914
18.226444721221924,156914
18.227283477783203,156914
18.22811269760132,156914
18.229724884033203,156914
18.230563402175903,156914
18.231395483016968,156914
18.23223376274109,156914
18.23306441307068,156914
18.234683513641357,156914
18.235519647598267,156914
18.236355543136597,156914
18.237189531326294,156914
18.238028049468994,156914
18.239631414413452,156914
18.240467309951782,156914
18.24130368232727,156914
18.242135763168335,156914
18.243746042251587,156914
18.244588136672974,156914
18.245424032211304,156914
18.246262073516846,156914
18.247092723846436,156914
18.248700380325317,156914
18.249537706375122,156914
18.250374794006348,156914
18.25120782852173,156914
18.252042055130005,156914
18.253649473190308,156914
18.254494190216064,156914
18.255332469940186,156914
18.256168365478516,156914
18.25777578353882,156914
18.25861358642578,156914
18.259450912475586,156914
18.26029086112976,156914
18.261120557785034,156914
18.262733936309814,156914
18.26357102394104,156914
18.264418125152588,156914
18.265254259109497,156914
18.26608633995056,156914
18.267698049545288,156914
18.268532752990723,156914
18.269370079040527,156914
18.2702054977417,156914
18.271040201187134,156914
18.272644519805908,156914
18.273477792739868,156914
18.2743239402771,156914
18.27515959739685,156914
18.27677035331726,156914
18.277608394622803,156914
18.278444528579712,156914
18.279282331466675,156914
18.280113220214844,156914
18.281724452972412,156914
18.282562732696533,156914
18.283398866653442,156914
18.28424310684204,156914
18.285075664520264,156914
18.286686182022095,156914
18.287523984909058,156914
18.288360357284546,156914
18.289196014404297,156914
18.290032148361206,156914
18.291635990142822,156914
18.292471170425415,156914
18.293309211730957,156914
18.294148683547974,156914
18.295762538909912,156914
18.296597003936768,156914
18.29743456840515,156914
18.29827117919922,156914
18.299102544784546,156914
18.30071210861206,156914
18.301548957824707,156914
18.30238437652588,156914
18.303218126296997,156914
18.30406141281128,156914
18.305671453475952,156914
18.30650496482849,156914
18.307342767715454,156914
18.308178663253784,156914
18.30901002883911,156914
18.310622692108154,156914
18.311456203460693,156914
18.312292337417603,156914
18.31312394142151,156914
18.314743041992188,156914
18.31557583808899,156914
18.316410541534424,156914
18.31724786758423,156914
18.318079471588135,156914
18.31968903541565,156914
18.320524215698242,156914
18.321358919143677,156914
18.322194814682007,156914
18.3230299949646,156914
18.32464289665222,156914
18.32547688484192,156914
18.32631230354309,156914
18.327144384384155,156914
18.32875967025757,156914
18.32959818840027,156914
18.330435276031494,156914
18.331270217895508,156914
18.332102298736572,156914
18.33370876312256,156914
18.334554195404053,156914
18.335389852523804,156914
18.33622455596924,156914
18.33705973625183,156914
18.33866286277771,156914
18.33950161933899,156914
18.34033513069153,156914
18.34117317199707,156914
18.342008352279663,156914
18.343615293502808,156914
18.344461679458618,156914
18.34529709815979,156914
18.3461275100708,156914
18.347741842269897,156914
18.348577976226807,156914
18.349417209625244,156914
18.350252866744995,156914
18.351085424423218,156914
18.35269522666931,156914
18.35353183746338,156914
18.35438299179077,156914
18.355217218399048,156914
18.356048822402954,156914
18.357656478881836,156914
18.358493328094482,156914
18.35932970046997,156914
18.36016321182251,156914
18.361772537231445,156914
18.3626070022583,156914
18.363442182540894,156914
18.364285945892334,156914
18.365116834640503,156914
18.36672878265381,156914
18.367560386657715,156914
18.36839771270752,156914
18.369234561920166,156914
18.37006378173828,156914
18.37167716026306,156914
18.372509002685547,156914
18.373345136642456,156914
18.37419056892395,156914
18.37502384185791,156914
18.37662982940674,156914
18.377461910247803,156914
18.378299713134766,156914
18.3791344165802,156914
18.38073968887329,156914
18.381579160690308,156914
18.38241481781006,156914
18.38324999809265,156914
18.384093046188354,156914
18.38570523262024,156914
18.38654327392578,156914
18.38737964630127,156914
18.388216257095337,156914
18.38905143737793,156914
18.390655994415283,156914
18.391497373580933,156914
18.392333030700684,156914
18.393169403076172,156914
18.394014835357666,156914
18.39562201499939,156914
18.39646005630493,156914
18.39729642868042,156914
18.398125648498535,156914
18.399737119674683,156914
18.400573253631592,156914
18.40141272544861,156914
18.402247428894043,156914
18.403080701828003,156914
18.40469980239868,156914
18.40553641319275,156914
18.406373500823975,156914
18.40720820426941,156914
18.408044576644897,156914
18.409651517868042,156914
18.41048836708069,156914
18.411325216293335,156914
18.41215968132019,156914
18.41377282142639,156914
18.41461753845215,156914
18.41545343399048,156914
18.4162917137146,156914
18.417117595672607,156914
18.41873288154602,156914
18.41956615447998,156914
18.42040181159973,156914
18.421241521835327,156914
18.422070026397705,156914
18.423681497573853,156914
18.424525260925293,156914
18.425363063812256,156914
18.42620062828064,156914
18.42703342437744,156914
18.42864155769348,156914
18.429476261138916,156914
18.430312871932983,156914
18.431144952774048,156914
18.43275284767151,156914
18.433591842651367,156914
18.434434413909912,156914
18.435272216796875,156914
18.436103343963623,156914
18.437713861465454,156914
18.438549280166626,156914
18.439385414123535,156914
18.44022297859192,156914
18.441059350967407,156914
18.442668199539185,156914
18.4435031414032,156914
18.44434881210327,156914
18.445185661315918,156914
18.446019649505615,156914
18.447631359100342,156914
18.448467254638672,156914
18.449302673339844,156914
18.45013165473938,156914
18.451741695404053,156914
18.452577590942383,156914
18.453415632247925,156914
18.454261302947998,156914
18.455095529556274,156914
18.456703186035156,156914
18.45753574371338,156914
18.458376169204712,156914
18.459208488464355,156914
18.460044622421265,156914
18.46165108680725,156914
18.462485313415527,156914
18.46332550048828,156914
18.464170932769775,156914
18.46500587463379,156914
18.466612339019775,156914
18.467446088790894,156914
18.468283891677856,156914
18.46911597251892,156914
18.470728158950806,156914
18.47156286239624,156914
18.472402572631836,156914
18.473239183425903,156914
18.474082469940186,156914
18.475696086883545,156914
18.476529598236084,156914
18.477367162704468,156914
18.47820782661438,156914
18.479038953781128,156914
18.480648517608643,156914
18.48148250579834,156914
18.482319355010986,156914
18.483150005340576,156914
18.48477005958557,156914
18.4856059551239,156914
18.48644256591797,156914
18.487280130386353,156914
18.48811101913452,156914
18.489718437194824,156914
18.490554332733154,156914
18.49138879776001,156914
18.492225170135498,156914
18.493057250976562,156914
18.49467658996582,156914
18.49551272392273,156914
18.496349573135376,156914
18.497182607650757,156914
18.49802041053772,156914
18.499627828598022,156914
18.50046682357788,156914
18.501303672790527,156914
18.50213313102722,156914
18.503739595413208,156914
18.504587650299072,156914
18.505425214767456,156914
18.506261825561523,156914
18.507097721099854,156914
18.508704662322998,156914
18.509540557861328,156914
18.51037907600403,156914
18.511215209960938,156914
18.512049198150635,156914
18.513655185699463,156914
18.514503479003906,156914
18.51534080505371,156914
18.516175985336304,156914
18.517011880874634,156914
18.518619775772095,156914
18.519455909729004,156914
18.520294904708862,156914
18.521125555038452,156914
18.522737979888916,156914
18.52357316017151,156914
18.5244197845459,156914
18.525256633758545,156914
18.526087284088135,156914
18.527700424194336,156914
18.528533697128296,156914
18.52937412261963,156914
18.530208587646484,156914
18.53104591369629,156914
18.53265619277954,156914
18.533491611480713,156914
18.534340620040894,156914
18.535180807113647,156914
18.536014795303345,156914
18.537627696990967,156914
18.538461923599243,156914
18.539299964904785,156914
18.54013228416443,156914
18.541741132736206,156914
18.542577743530273,156914
18.543413639068604,156914
18.544261693954468,156914
18.545093059539795,156914
18.54670214653015,156914
18.547538995742798,156914
18.54837465286255,156914
18.549208402633667,156914
18.550045490264893,156914
18.551652908325195,156914
18.552488565444946,156914
18.553324699401855,156914
18.554168701171875,156914
18.555005311965942,156914
18.556612968444824,156914
18.557451248168945,156914
18.558287143707275,156914
18.559115171432495,156914
18.56072425842285,156914
18.561562299728394,156914
18.56239914894104,156914
18.563234329223633,156914
18.564077854156494,156914
18.565682411193848,156914
18.566518306732178,156914
18.56735610961914,156914
18.5681893825531,156914
18.56902241706848,156914
18.570627450942993,156914
18.57146430015564,156914
18.572303295135498,156914
18.573132753372192,156914
18.574753522872925,156914
18.575590133666992,156914
18.576423406600952,156914
18.57726240158081,156914
18.57809352874756,156914
18.57970404624939,156914
18.58053994178772,156914
18.581376552581787,156914
18.582212686538696,156914
18.583048582077026,156914
18.58466672897339,156914
18.585505485534668,156914
18.586342334747314,156914
18.587178468704224,156914
18.58801031112671,156914
18.58962106704712,156914
18.590455293655396,156914
18.591291427612305,156914
18.592122554779053,156914
18.593732118606567,156914
18.59457755088806,156914
18.59541368484497,156914
18.596251249313354,156914
18.59708595275879,156914
18.59869647026062,156914
18.59953022003174,156914
18.600367069244385,156914
18.601202249526978,156914
18.60203790664673,156914
18.603641986846924,156914
18.604488849639893,156914
18.605324029922485,156914
18.606158018112183,156914
18.607769012451172,156914
18.60860562324524,156914
18.60944437980652,156914
18.61028027534485,156914
18.611114740371704,156914
18.612721920013428,156914
18.61355710029602,156914
18.614402770996094,156914
18.615241527557373,156914
18.616074562072754,156914
18.6176860332489,156914
18.618523836135864,156914
18.6193630695343,156914
18.620198726654053,156914
18.62103271484375,156914
18.622641801834106,156914
18.623478412628174,156914
18.62432336807251,156914
18.62516212463379,156914
18.6267728805542,156914
18.627607822418213,156914
18.62844443321228,156914
18.629284143447876,156914
18.63011336326599,156914
18.631727695465088,156914
18.632561206817627,156914
18.633397579193115,156914
18.63424253463745,156914
18.635082721710205,156914
18.63668394088745,156914
18.637519598007202,156914
18.63835620880127,156914
18.639192819595337,156914
18.640028476715088,156914
18.641635179519653,156914
18.64246964454651,156914
18.64330816268921,156914
18.644148111343384,156914
18.645758867263794,156914
18.646596431732178,156914
18.647433757781982,156914
18.64826798439026,156914
18.64910054206848,156914
18.6507089138031,156914
18.65154719352722,156914
18.652384281158447,156914
18.65321707725525,156914
18.654061555862427,156914
18.655669450759888,156914
18.65650773048401,156914
18.65734314918518,156914
18.658180236816406,156914
18.659016847610474,156914
18.66062092781067,156914
18.661457538604736,156914
18.66229271888733,156914
18.663125038146973,156914
18.664742946624756,156914
18.665579080581665,156914
18.66641640663147,156914
18.667251110076904,156914
18.66808772087097,156914
18.66969394683838,156914
18.67052912712097,156914
18.671367406845093,156914
18.67219853401184,156914
18.67303442955017,156914
18.674649715423584,156914
18.675484657287598,156914
18.676321029663086,156914
18.67715883255005,156914
18.678767681121826,156914
18.679603099822998,156914
18.68043875694275,156914
18.681276321411133,156914
18.682109117507935,156914
18.683719873428345,156914
18.684562921524048,156914
18.685399293899536,156914
18.686237335205078,156914
18.687068700790405,156914
18.688679218292236,156914
18.6895112991333,156914
18.69034743309021,156914
18.691185474395752,156914
18.692020177841187,156914
18.69362998008728,156914
18.694474697113037,156914
18.69531226158142,156914
18.696145057678223,156914
18.697757244110107,156914
18.69859743118286,156914
18.699431657791138,156914
18.700266361236572,156914
18.70109748840332,156914
18.70270562171936,156914
18.703541040420532,156914
18.704386711120605,156914
18.7052218914032,156914
18.706054210662842,156914
18.707660675048828,156914
18.70849919319153,156914
18.709333896636963,156914
18.71017074584961,156914
18.711005926132202,156914
18.712613344192505,156914
18.71345067024231,156914
18.714293241500854,156914
18.715123653411865,156914
18.71673274040222,156914
18.71756887435913,156914
18.718409776687622,156914
18.71924662590027,156914
18.72007727622986,156914
18.721688747406006,156914
18.72252583503723,156914
18.723364114761353,156914
18.724207162857056,156914
18.725043058395386,156914
18.726648569107056,156914
18.727482557296753,156914
18.728320121765137,156914
18.72915005683899,156914
18.730759859085083,156914
18.731594562530518,156914
18.732431888580322,156914
18.733269691467285,156914
18.734108686447144,156914
18.73572087287903,156914
18.736558437347412,156914
18.737393856048584,156914
18.738414764404297,156914
18.739223957061768,156914
18.740037441253662,156914
18.741634130477905,156914
18.742457151412964,156914
18.74328064918518,156914
18.74411654472351,156914
18.7457115650177,156914
18.74653172492981,156914
18.74735403060913,156914
18.74817728996277,156914
18.749006509780884,156914
18.750608444213867,156914
18.75143051147461,156914
18.752249717712402,156914
18.753082513809204,156914
18.754688501358032,156914
18.755512237548828,156914
18.756335496902466,156914
18.75715732574463,156914
18.75875973701477,156914
18.75958228111267,156914
18.76040530204773,156914
18.761225938796997,156914
18.762053966522217,156914
18.763648986816406,156914
18.76448106765747,156914
18.76530647277832,156914
18.766133546829224,156914
18.76773166656494,156914
18.768553495407104,156914
18.769378662109375,156914
18.770199060440063,156914
18.77102828025818,156914
18.77262568473816,156914
18.77344846725464,156914
18.77427864074707,156914
18.77510905265808,156914
18.776704788208008,156914
18.777530431747437,156914
18.77835249900818,156914
18.779174327850342,156914
18.78000545501709,156914
18.781600952148438,156914
18.782426118850708,156914
18.783246278762817,156914
18.784085988998413,156914
18.785683631896973,156914
18.786506175994873,156914
18.787331581115723,156914
18.788151264190674,156914
18.789748430252075,156914
18.79056978225708,156914
18.79139256477356,156914
18.792213678359985,156914
18.793042421340942,156914
18.794647455215454,156914
18.79546880722046,156914
18.79628849029541,156914
18.797116994857788,156914
18.79871106147766,156914
18.799535512924194,156914
18.80035662651062,156914
18.801175594329834,156914
18.8020076751709,156914
18.803604125976562,156914
18.80444073677063,156914
18.80525851249695,156914
18.806089639663696,156914
18.807684898376465,156914
18.80850839614868,156914
18.8093318939209,156914
18.810150861740112,156914
18.81175136566162,156914
18.812572479248047,156914
18.813398599624634,156914
18.814228773117065,156914
18.815056324005127,156914
18.81665301322937,156914
18.817473649978638,156914
18.818294525146484,156914
18.819122552871704,156914
18.82071566581726,156914
18.821537256240845,156914
18.822359561920166,156914
18.82317852973938,156914
18.82401704788208,156914
18.82561421394348,156914
18.82643961906433,156914
18.827260971069336,156914
18.828091382980347,156914
18.82968497276306,156914
18.830507278442383,156914
18.8313307762146,156914
18.832151889801025,156914
18.833752632141113,156914
18.834582090377808,156914
18.83540391921997,156914
18.836228370666504,156914
18.837056159973145,156914
18.83865523338318,156914
18.839478015899658,156914
18.840296983718872,156914
18.841124296188354,156914
18.842719078063965,156914
18.843543767929077,156914
18.844375610351562,156914
18.845194816589355,156914
18.846027374267578,156914
18.84762167930603,156914
18.848448276519775,156914
18.84926700592041,156914
18.85009455680847,156914
18.851688385009766,156914
18.852511644363403,156914
18.85333752632141,156914
18.85416555404663,156914
18.85576605796814,156914
18.856589317321777,156914
18.85741424560547,156914
18.85823678970337,156914
18.859068155288696,156914
18.86066246032715,156914
18.861488103866577,156914
18.862308740615845,156914
18.8631374835968,156914
18.864741325378418,156914
18.865564823150635,156914
18.866387367248535,156914
18.867207527160645,156914
18.868039846420288,156914
18.869635820388794,156914
18.87045931816101,156914
18.87127947807312,156914
18.872106552124023,156914
18.873701333999634,156914
18.87453866004944,156914
18.875362634658813,156914
18.876179695129395,156914
18.877009868621826,156914
18.878605604171753,156914
18.879429817199707,156914
18.88025212287903,156914
18.881080389022827,156914
18.882676362991333,156914
18.883500576019287,156914
18.88433265686035,156914
18.88515543937683,156914
18.886751890182495,156914
18.887577533721924,156914
18.888399839401245,156914
18.889220476150513,156914
18.890053510665894,156914
18.891648054122925,156914
18.89247155189514,156914
18.893291473388672,156914
18.894127130508423,156914
18.895725965499878,156914
18.89654564857483,156914
18.89737033843994,156914
18.89818835258484,156914
18.899019718170166,156914
18.900617599487305,156914
18.901442050933838,156914
18.902262926101685,156914
18.90309166908264,156914
18.904695749282837,156914
18.905517578125,156914
18.906342029571533,156914
18.907164573669434,156914
18.90876078605652,156914
18.90958547592163,156914
18.910407543182373,156914
18.91122531890869,156914
18.91205620765686,156914
18.91365098953247,156914
18.914485454559326,156914
18.915306091308594,156914
18.916133165359497,156914
18.917728424072266,156914
18.918551683425903,156914
18.919377088546753,156914
18.920197010040283,156914
18.92102551460266,156914
18.922622442245483,156914
18.923446655273438,156914
18.924277544021606,156914
18.92510676383972,156914
18.92669916152954,156914
18.927521228790283,156914
18.92834448814392,156914
18.929167985916138,156914
18.93076205253601,156914
18.931586027145386,156914
18.93241024017334,156914
18.933228492736816,156914
18.93407106399536,156914
18.93566870689392,156914
18.93649435043335,156914
18.937314987182617,156914
18.938141107559204,156914
18.939740419387817,156914
18.940563678741455,156914
18.94138741493225,156914
18.942204475402832,156914
18.94303297996521,156914
18.944635152816772,156914
18.94545865058899,156914
18.946280241012573,156914
18.94710636138916,156914
18.948704957962036,156914
18.949525117874146,156914
18.950349807739258,156914
18.95116877555847,156914
18.952763557434082,156914
18.953588008880615,156914
18.954418897628784,156914
18.955239057540894,156914
18.956071853637695,156914
18.957667112350464,156914
18.9584903717041,156914
18.959309577941895,156914
18.960136890411377,156914
18.96173644065857,156914
18.962557077407837,156914
18.96338152885437,156914
18.96420931816101,156914
18.965038299560547,156914
18.966631174087524,156914
18.96745467185974,156914
18.96827530860901,156914
18.96910071372986,156914
18.970696449279785,156914
18.971522331237793,156914
18.972346305847168,156914
18.97316837310791,156914
18.974009037017822,156914
18.975609302520752,156914
18.976430654525757,156914
18.977250576019287,156914
18.978082418441772,156914
18.979676008224487,156914
18.980502605438232,156914
18.981323957443237,156914
18.982144832611084,156914
18.9837429523468,156914
18.98457431793213,156914
18.985398530960083,156914
18.986218690872192,156914
18.98704743385315,156914
18.988645553588867,156914
18.989468574523926,156914
18.990290880203247,156914
18.991119146347046,156914
18.992719173431396,156914
18.99354100227356,156914
18.994375228881836,156914
18.99519658088684,156914
18.996023416519165,156914
18.997620344161987,156914
18.998443603515625,156914
18.99926519393921,156914
19.000096082687378,156914
19.00169086456299,156914
19.002515077590942,156914
19.003337621688843,156914
19.004164457321167,156914
19.005764722824097,156914
19.00658631324768,156914
19.007413148880005,156914
19.008235931396484,156914
19.009066820144653,156914
19.010662317276,156914
19.011485815048218,156914
19.01230812072754,156914
19.01313543319702,156914
19.014743089675903,156914
19.01556158065796,156914
19.016384840011597,156914
19.017202138900757,156914
19.01802968978882,156914
19.01962637901306,156914
19.020450115203857,156914
19.021273612976074,156914
19.022103786468506,156914
19.023696899414062,156914
19.024531602859497,156914
19.02535367012024,156914
19.026172876358032,156914
19.027005434036255,156914
19.028597354888916,156914
19.029420614242554,156914
19.030240297317505,156914
19.03106999397278,156914
19.03266477584839,156914
19.033488750457764,156914
19.034324169158936,156914
19.035150289535522,156914
19.03674840927124,156914
19.037572622299194,156914
19.038398027420044,156914
19.03921914100647,156914
19.040046453475952,156914
19.041642665863037,156914
19.04246187210083,156914
19.043283224105835,156914
19.044119596481323,156914
19.04571557044983,156914
19.04654049873352,156914
19.047363996505737,156914
19.048182249069214,156914
19.04901123046875,156914
19.050607681274414,156914
19.051430225372314,156914
19.052249908447266,156914
19.053078174591064,156914
19.054690837860107,156914
19.055516958236694,156914
19.056342840194702,156914
19.057162523269653,156914
19.05876612663269,156914
19.059589385986328,156914
19.060413122177124,156914
19.06123685836792,156914
19.062066078186035,156914
19.063661336898804,156914
19.064494371414185,156914
19.065319538116455,156914
19.066139459609985,156914
19.067734956741333,156914
19.068560361862183,156914
19.06938362121582,156914
19.070201635360718,156914
19.071032524108887,156914
19.072627305984497,156914
19.073452711105347,156914
19.07428288459778,156914
19.075111865997314,156914
19.076704740524292,156914
19.077529668807983,156914
19.07835602760315,156914
19.07917547225952,156914
19.08000683784485,156914
19.081601858139038,156914
19.08242392539978,156914
19.083244800567627,156914
19.084086418151855,156914
19.085680723190308,156914
19.086503982543945,156914
19.08732581138611,156914
19.08814573287964,156914
19.089740753173828,156914
19.090563774108887,156914
19.09138560295105,156914
19.09220552444458,156914
19.093037366867065,156914
19.094640493392944,156914
19.09546446800232,156914
19.09628438949585,156914
19.09711265563965,156914
19.09871530532837,156914
19.099536895751953,156914
19.10036039352417,156914
19.10118079185486,156914
19.10201072692871,156914
19.103606939315796,156914
19.10444140434265,156914
19.10526466369629,156914
19.10609197616577,156914
19.107689380645752,156914
19.108511447906494,156914
19.10933518409729,156914
19.110156774520874,156914
19.111753940582275,156914
19.112576723098755,156914
19.11340355873108,156914
19.114233016967773,156914
19.115065574645996,156914
19.11665964126587,156914
19.117483377456665,156914
19.118303775787354,156914
19.119130611419678,156914
19.12072467803955,156914
19.121546268463135,156914
19.122371912002563,156914
19.123189449310303,156914
19.124030113220215,156914
19.125627040863037,156914
19.126450538635254,156914
19.12727379798889,156914
19.128101348876953,156914
19.12969732284546,156914
19.130519151687622,156914
19.1313419342041,156914
19.132163286209106,156914
19.133760452270508,156914
19.134592294692993,156914
19.135416984558105,156914
19.136237859725952,156914
19.137068510055542,156914
19.138665437698364,156914
19.139487743377686,156914
19.140307188034058,156914
19.141133308410645,156914
19.142731189727783,156914
19.143552541732788,156914
19.14438819885254,156914
19.145208597183228,156914
19.146039485931396,156914
19.14763832092285,156914
19.14846420288086,156914
19.149285078048706,156914
19.150115728378296,156914
19.151710271835327,156914
19.152536392211914,156914
19.153358459472656,156914
19.15419101715088,156914
19.15502095222473,156914
19.156622409820557,156914
19.157445430755615,156914
19.158266067504883,156914
19.15909504890442,156914
19.160691022872925,156914
19.161515474319458,156914
19.16233730316162,156914
19.16315793991089,156914
19.16476535797119,156914
19.165586233139038,156914
19.16640877723694,156914
19.167229890823364,156914
19.16805911064148,156914
19.169655561447144,156914
19.170480251312256,156914
19.171304941177368,156914
19.172131061553955,156914
19.17372727394104,156914
19.17455768585205,156914
19.175381183624268,156914
19.176202535629272,156914
19.177032947540283,156914
19.178630828857422,156914
19.179452896118164,156914
19.18027424812317,156914
19.18110203742981,156914
19.18269634246826,156914
19.183521509170532,156914
19.184354782104492,156914
19.185174465179443,156914
19.186769008636475,156914
19.18759250640869,156914
19.188416719436646,156914
19.18923854827881,156914
19.190068006515503,156914
19.19166374206543,156914
19.1924889087677,156914
19.19331121444702,156914
19.19415044784546,156914
19.195748805999756,156914
19.196571588516235,156914
19.197396993637085,156914
19.198220014572144,156914
19.199050426483154,156914
19.20064640045166,156914
19.20146942138672,156914
19.202290534973145,156914
19.20311999320984,156914
19.20471978187561,156914
19.20554542541504,156914
19.206365823745728,156914
19.20718264579773,156914
19.208013772964478,156914
19.209611177444458,156914
19.210438013076782,156914
19.211261987686157,156914
19.21209192276001,156914
19.213688611984253,156914
19.214519739151,156914
19.215346574783325,156914
19.216166973114014,156914
19.21776294708252,156914
19.218586444854736,156914
19.219409704208374,156914
19.220232486724854,156914
19.22106122970581,156914
19.222658157348633,156914
19.223480701446533,156914
19.22430968284607,156914
19.225140810012817,156914
19.226739406585693,156914
19.22756838798523,156914
19.228389263153076,156914
19.229208946228027,156914
19.230040788650513,156914
19.23163366317749,156914
19.232457876205444,156914
19.23327922821045,156914
19.234116554260254,156914
19.235713481903076,156914
19.23653531074524,156914
19.237359285354614,156914
19.238181829452515,156914
19.23901104927063,156914
19.240607261657715,156914
19.241430044174194,156914
19.242254972457886,156914
19.243083238601685,156914
19.244686603546143,156914
19.245509147644043,156914
19.24633264541626,156914
19.24715566635132,156914
19.24875283241272,156914
19.249576330184937,156914
19.250399351119995,156914
19.251220226287842,156914
19.25205135345459,156914
19.253644466400146,156914
19.25447916984558,156914
19.255301237106323,156914
19.256130933761597,156914
19.257730722427368,156914
19.258553504943848,156914
19.259379625320435,156914
19.260197162628174,156914
19.261027812957764,156914
19.262622594833374,156914
19.263447046279907,156914
19.264280796051025,156914
19.26511025428772,156914
19.266706466674805,156914
19.26753044128418,156914
19.268352031707764,156914
19.269172191619873,156914
19.2707679271698,156914
19.27159070968628,156914
19.27241349220276,156914
19.273240566253662,156914
19.27408480644226,156914
19.27568221092224,156914
19.27650547027588,156914
19.27733016014099,156914
19.27815294265747,156914
19.27975606918335,156914
19.280579328536987,156914
19.28140377998352,156914
19.282220602035522,156914
19.283047676086426,156914
19.28464961051941,156914
19.285474061965942,156914
19.286296844482422,156914
19.28712224960327,156914
19.288715600967407,156914
19.289535522460938,156914
19.290359020233154,156914
19.291179418563843,156914
19.29201078414917,156914
19.293609380722046,156914
19.294439554214478,156914
19.295260906219482,156914
19.296091079711914,156914
19.29768657684326,156914
19.298510551452637,156914
19.299334287643433,156914
19.300153255462646,156914
19.3017520904541,156914
19.302573442459106,156914
19.30339813232422,156914
19.304226875305176,156914
19.305054187774658,156914
19.3066508769989,156914
19.307472944259644,156914
19.308292865753174,156914
19.30911874771118,156914
19.310715913772583,156914
19.3115394115448,156914
19.31235980987549,156914
19.31318187713623,156914
19.314021825790405,156914
19.31561827659607,156914
19.316439867019653,156914
19.317261695861816,156914
19.318092346191406,156914
19.319682836532593,156914
19.32050657272339,156914
19.321329355239868,156914
19.32215189933777,156914
19.323750257492065,156914
19.32458209991455,156914
19.325408935546875,156914
19.326228618621826,156914
19.327059984207153,156914
19.32865810394287,156914
19.329480409622192,156914
19.33030343055725,156914
19.33112907409668,156914
19.332728147506714,156914
19.33354949951172,156914
19.33438491821289,156914
19.335205078125,156914
19.336034059524536,156914
19.337629079818726,156914
19.338454008102417,156914
19.33927607536316,156914
19.340107202529907,156914
19.34170365333557,156914
19.342527389526367,156914
19.34334897994995,156914
19.344181060791016,156914
19.345014333724976,156914
19.346606492996216,156914
19.347431898117065,156914
19.34825110435486,156914
19.349080562591553,156914
19.350675106048584,156914
19.351497650146484,156914
19.352322340011597,156914
19.353144645690918,156914
19.354756116867065,156914
19.355576753616333,156914
19.356399536132812,156914
19.357222318649292,156914
19.358054637908936,156914
19.35965085029602,156914
19.3604736328125,156914
19.361293077468872,156914
19.362121105194092,156914
19.36371350288391,156914
19.36454725265503,156914
19.36536931991577,156914
19.36618947982788,156914
19.367020845413208,156914
19.36861753463745,156914
19.369443893432617,156914
19.37026309967041,156914
19.371090173721313,156914
19.372684001922607,156914
19.373507261276245,156914
19.374340057373047,156914
19.375159740447998,156914
19.37675905227661,156914
19.37758183479309,156914
19.378406763076782,156914
19.379228353500366,156914
19.38005757331848,156914
19.38165545463562,156914
19.382478952407837,156914
19.383298635482788,156914
19.38413691520691,156914
19.385730981826782,156914
19.386555671691895,156914
19.387378454208374,156914
19.388198614120483,156914
19.389030933380127,156914
19.390625953674316,156914
19.39144778251648,156914
19.392266511917114,156914
19.39309573173523,156914
19.394702196121216,156914
19.395524978637695,156914
19.396350860595703,156914
19.397170543670654,156914
19.39877438545227,156914
19.399598360061646,156914
19.40042543411255,156914
19.40125012397766,156914
19.4020779132843,156914
19.403672695159912,156914
19.40450668334961,156914
19.40532922744751,156914
19.406150579452515,156914
19.4077467918396,156914
19.408570051193237,156914
19.409393548965454,156914
19.410212755203247,156914
19.41104555130005,156914
19.412641763687134,156914
19.41346526145935,156914
19.414298057556152,156914
19.41512632369995,156914
19.416722536087036,156914
19.4175443649292,156914
19.41836953163147,156914
19.419189929962158,156914
19.420021533966064,156914
19.421615600585938,156914
19.422436714172363,156914
19.423258543014526,156914
19.424098014831543,156914
19.425697088241577,156914
19.426519870758057,156914
19.427343130111694,156914
19.428166151046753,156914
19.42976665496826,156914
19.430590391159058,156914
19.431413650512695,156914
19.4322350025177,156914
19.433068990707397,156914
19.43467402458191,156914
19.435499668121338,156914
19.43632435798645,156914
19.437145233154297,156914
19.438746213912964,156914
19.439568758010864,156914
19.440393686294556,156914
19.441214084625244,156914
19.44204306602478,156914
19.44364023208618,156914
19.444472074508667,156914
19.44529438018799,156914
19.446120977401733,156914
19.44771933555603,156914
19.448541402816772,156914
19.44936442375183,156914
19.45018720626831,156914
19.451013565063477,156914
19.452611207962036,156914
19.45343279838562,156914
19.45426368713379,156914
19.455094814300537,156914
19.45668649673462,156914
19.457507371902466,156914
19.458332777023315,156914
19.459153413772583,156914
19.460750579833984,156914
19.461570978164673,156914
19.462398529052734,156914
19.463218212127686,156914
19.46405792236328,156914
19.46565270423889,156914
19.466477394104004,156914
19.467302083969116,156914
19.46812915802002,156914
19.46972680091858,156914
19.470547199249268,156914
19.471370935440063,156914
19.47218942642212,156914
19.473018169403076,156914
19.47462248802185,156914
19.475448846817017,156914
19.47626829147339,156914
19.477097749710083,156914
19.47869610786438,156914
19.479520082473755,156914
19.48034381866455,156914
19.481163263320923,156914
19.482759952545166,156914
19.483581066131592,156914
19.48441457748413,156914
19.485234022140503,156914
19.48605990409851,156914
19.48765802383423,156914
19.488481283187866,156914
19.489303827285767,156914
19.490129947662354,156914
19.491727590560913,156914
19.49255108833313,156914
19.49337410926819,156914
19.494205713272095,156914
19.495035409927368,156914
19.496628522872925,156914
19.497451066970825,156914
19.498271703720093,156914
19.49910259246826,156914
19.50069546699524,156914
19.5015230178833,156914
19.50234818458557,156914
19.503169775009155,156914
19.504013061523438,156914
19.505609035491943,156914
19.506432056427002,156914
19.507251739501953,156914
19.508084535598755,156914
19.509681940078735,156914
19.51050353050232,156914
19.511330366134644,156914
19.512150764465332,156914
19.513747215270996,156914
19.514580011367798,156914
19.515406370162964,156914
19.51622772216797,156914
19.517056941986084,156914
19.518657445907593,156914
19.51948070526123,156914
19.52030062675476,156914
19.521129608154297,156914
19.522724151611328,156914
19.523546934127808,156914
19.524380445480347,156914
19.52520203590393,156914
19.526034593582153,156914
19.527629613876343,156914
19.52845573425293,156914
19.529276371002197,156914
19.530105113983154,156914
19.53170156478882,156914
19.532524347305298,156914
19.533348560333252,156914
19.534177541732788,156914
19.535006761550903,156914
19.536603927612305,156914
19.537429094314575,156914
19.538249731063843,156914
19.539080142974854,156914
19.540680646896362,156914
19.541504383087158,156914
19.542329788208008,156914
19.543148279190063,156914
19.544755458831787,156914
19.545581102371216,156914
19.546405792236328,156914
19.547226905822754,156914
19.54805850982666,156914
19.549654722213745,156914
19.550480127334595,156914
19.55130124092102,156914
19.552128076553345,156914
19.553723096847534,156914
19.55455708503723,156914
19.55538296699524,156914
19.55620241165161,156914
19.557032108306885,156914
19.55863380432129,156914
19.55945587158203,156914
19.560279607772827,156914
19.561106204986572,156914
19.562698125839233,156914
19.563520908355713,156914
19.56435537338257,156914
19.5651752948761,156914
19.566773891448975,156914
19.567598581314087,156914
19.568422555923462,156914
19.569243669509888,156914
19.570074558258057,156914
19.571667432785034,156914
19.572491884231567,156914
19.573310136795044,156914
19.57414722442627,156914
19.575746774673462,156914
19.576569318771362,156914
19.577394723892212,156914
19.57821273803711,156914
19.57904314994812,156914
19.58064365386963,156914
19.58146595954895,156914
19.58228826522827,156914
19.583114624023438,156914
19.58472180366516,156914
19.58554434776306,156914
19.586365938186646,156914
19.58718752861023,156914
19.588016033172607,156914
19.58961534500122,156914
19.590439558029175,156914
19.591258764266968,156914
19.592087507247925,156914
19.59368586540222,156914
19.59451937675476,156914
19.595344305038452,156914
19.596163272857666,156914
19.597760438919067,156914
19.598581552505493,156914
19.599406242370605,156914
19.60022735595703,156914
19.601057291030884,156914
19.602654457092285,156914
19.60347819328308,156914
19.604310750961304,156914
19.60513710975647,156914
19.606735944747925,156914
19.60755681991577,156914
19.60837984085083,156914
19.609201192855835,156914
19.610031127929688,156914
19.61162757873535,156914
19.612452030181885,156914
19.613271713256836,156914
19.614112377166748,156914
19.615705966949463,156914
19.6165292263031,156914
19.617351055145264,156914
19.618170499801636,156914
19.61976957321167,156914
19.62059211730957,156914
19.62141752243042,156914
19.622238159179688,156914
19.623067617416382,156914
19.62467122077942,156914
19.625494480133057,156914
19.626317501068115,156914
19.627142190933228,156914
19.628741025924683,156914
19.62956428527832,156914
19.630388021469116,156914
19.631211280822754,156914
19.632040977478027,156914
19.63363552093506,156914
19.63446807861328,156914
19.635289669036865,156914
19.636117935180664,156914
19.637713193893433,156914
19.638537168502808,156914
19.639362812042236,156914
19.64018225669861,156914
19.641013622283936,156914
19.64260506629944,156914
19.643432140350342,156914
19.644262552261353,156914
19.645091772079468,156914
19.646687984466553,156914
19.647511959075928,156914
19.648337364196777,156914
19.649154663085938,156914
19.65075373649597,156914
19.65157413482666,156914
19.65239930152893,156914
19.65321969985962,156914
19.654059410095215,156914
19.655657291412354,156914
19.65648126602173,156914
19.657301902770996,156914
19.658133268356323,156914
19.659735202789307,156914
19.660561084747314,156914
19.661383867263794,156914
19.662205457687378,156914
19.663037300109863,156914
19.664642810821533,156914
19.665467500686646,156914
19.66628646850586,156914
19.667112827301025,156914
19.668712377548218,156914
19.669539213180542,156914
19.670365571975708,156914
19.671186208724976,156914
19.672014713287354,156914
19.673609972000122,156914
19.67444348335266,156914
19.67526650428772,156914
19.676092863082886,156914
19.6776864528656,156914
19.678510189056396,156914
19.67933440208435,156914
19.680155277252197,156914
19.681760549545288,156914
19.682578802108765,156914
19.68340253829956,156914
19.684233903884888,156914
19.685065746307373,156914
19.686657905578613,156914
19.687483549118042,156914
19.688302993774414,156914
19.68912982940674,156914
19.690726041793823,156914
19.691547870635986,156914
19.692372798919678,156914
19.693190336227417,156914
19.69403052330017,156914
19.69562840461731,156914
19.69645380973816,156914
19.69727611541748,156914
19.698103427886963,156914
19.699699640274048,156914
19.700522661209106,156914
19.701348304748535,156914
19.70216727256775,156914
19.70376491546631,156914
19.704596757888794,156914
19.705418348312378,156914
19.706238269805908,156914
19.707069635391235,156914
19.708662271499634,156914
19.70948600769043,156914
19.710307836532593,156914
19.711134672164917,156914
19.71273183822632,156914
19.71355414390564,156914
19.71438956260681,156914
19.715210437774658,156914
19.716039657592773,156914
19.717636823654175,156914
19.718461751937866,156914
19.719285488128662,156914
19.720112085342407,156914
19.721704959869385,156914
19.72252893447876,156914
19.723353385925293,156914
19.72418475151062,156914
19.72501254081726,156914
19.726610898971558,156914
19.727432250976562,156914
19.72825050354004,156914
19.729081869125366,156914
19.730677127838135,156914
19.731502771377563,156914
19.732327461242676,156914
19.73314619064331,156914
19.734776973724365,156914
19.735610961914062,156914
19.736448526382446,156914
19.7372829914093,156914
19.73811173439026,156914
19.739709615707397,156914
19.74054193496704,156914
19.741374254226685,156914
19.742207765579224,156914
19.743035078048706,156914
19.74464201927185,156914
19.745474338531494,156914
19.74630880355835,156914
19.747137546539307,156914
19.748735904693604,156914
19.74956703186035,156914
19.750404119491577,156914
19.7512366771698,156914
19.752070903778076,156914
19.753671169281006,156914
19.754515171051025,156914
19.755348443984985,156914
19.756176233291626,156914
19.757009267807007,156914
19.75860905647278,156914
19.75944209098816,156914
19.760273694992065,156914
19.761101961135864,156914
19.76270627975464,156914
19.763540267944336,156914
19.76438283920288,156914
19.76521348953247,156914
19.766048431396484,156914
19.767741203308105,156914
19.76865291595459,156914
19.769479990005493,156914
19.77030038833618,156914
19.771122694015503,156914
19.772713661193848,156914
19.773542165756226,156914
19.77437973022461,156914
19.775203943252563,156914
19.776031732559204,156914
19.77762198448181,156914
19.7784526348114,156914
19.779274225234985,156914
19.780097723007202,156914
19.78168773651123,156914
19.78251624107361,156914
19.783337593078613,156914
19.78416609764099,156914
19.785755395889282,156914
19.786584615707397,156914
19.78741192817688,156914
19.788233995437622,156914
19.789056539535522,156914
19.790646076202393,156914
19.79147505760193,156914
19.792296648025513,156914
19.793121099472046,156914
19.79472064971924,156914
19.795552730560303,156914
19.796379327774048,156914
19.797200441360474,156914
19.79802680015564,156914
19.799614906311035,156914
19.800448417663574,156914
19.80126643180847,156914
19.80208969116211,156914
19.803678274154663,156914
19.804515838623047,156914
19.805336236953735,156914
19.8061580657959,156914
19.807745218276978,156914
19.808571338653564,156914
19.809399366378784,156914
19.810221433639526,156914
19.81104350090027,156914
19.81263828277588,156914
19.813466548919678,156914
19.814298391342163,156914
19.815122604370117,156914
19.816710948944092,156914
19.817543029785156,156914
19.818371534347534,156914
19.819189071655273,156914
19.820013284683228,156914
19.82159996032715,156914
19.822429418563843,156914
19.823248624801636,156914
19.824082612991333,156914
19.825677394866943,156914
19.82650637626648,156914
19.82732844352722,156914
19.82815146446228,156914
19.829740524291992,156914
19.830567598342896,156914
19.83139705657959,156914
19.832216501235962,156914
19.83303952217102,156914
19.834637880325317,156914
19.835466146469116,156914
19.836286544799805,156914
19.837109327316284,156914
19.838696479797363,156914
19.839528560638428,156914
19.840349674224854,156914
19.841169357299805,156914
19.842758655548096,156914
19.84358787536621,156914
19.844427585601807,156914
19.845245122909546,156914
19.84606647491455,156914
19.847658157348633,156914
19.848487854003906,156914
19.849308967590332,156914
19.850134134292603,156914
19.851722240447998,156914
19.852550506591797,156914
19.853382349014282,156914
19.854212760925293,156914
19.855035066604614,156914
19.856624364852905,156914
19.85745096206665,156914
19.858272790908813,156914
19.85909867286682,156914
19.860687732696533,156914
19.861519813537598,156914
19.86233949661255,156914
19.86316180229187,156914
19.864758491516113,156914
19.865585565567017,156914
19.86641550064087,156914
19.86723518371582,156914
19.86805558204651,156914
19.869646310806274,156914
19.87047529220581,156914
19.87129807472229,156914
19.87212061882019,156914
19.873706817626953,156914
19.874547243118286,156914
19.875375747680664,156914
19.87619662284851,156914
19.87702202796936,156914
19.878612279891968,156914
19.87943983078003,156914
19.880261182785034,156914
19.88108539581299,156914
19.882673978805542,156914
19.883504390716553,156914
19.88433337211609,156914
19.885154247283936,156914
19.886744260787964,156914
19.887572050094604,156914
19.888401985168457,156914
19.889222383499146,156914
19.89004635810852,156914
19.891637325286865,156914
19.892466068267822,156914
19.893287897109985,156914
19.894117832183838,156914
19.895704984664917,156914
19.896534204483032,156914
19.897353410720825,156914
19.898175954818726,156914
19.899766206741333,156914
19.90059494972229,156914
19.90142035484314,156914
19.90223979949951,156914
19.903060913085938,156914
19.904657125473022,156914
19.905488967895508,156914
19.906312465667725,156914
19.90713119506836,156914
19.908720016479492,156914
19.90955090522766,156914
19.91038227081299,156914
19.911200284957886,156914
19.912023305892944,156914
19.91361427307129,156914
19.91445517539978,156914
19.915279626846313,156914
19.916102409362793,156914
19.917691469192505,156914
19.918518781661987,156914
19.919339895248413,156914
19.920161485671997,156914
19.92175054550171,156914
19.92258095741272,156914
19.92340922355652,156914
19.92423915863037,156914
19.925062656402588,156914
19.92664933204651,156914
19.92748212814331,156914
19.92830204963684,156914
19.92912268638611,156914
19.930712938308716,156914
19.93154215812683,156914
19.932374477386475,156914
19.933193683624268,156914
19.934023141860962,156914
19.935613870620728,156914
19.936442375183105,156914
19.937265396118164,156914
19.93808889389038,156914
19.939677953720093,156914
19.940505027770996,156914
19.941325426101685,156914
19.942147493362427,156914
19.943732976913452,156914
19.94457459449768,156914
19.94540238380432,156914
19.946224451065063,156914
19.947049140930176,156914
19.94863748550415,156914
19.949467658996582,156914
19.950287342071533,156914
19.95111107826233,156914
19.95270013809204,156914
19.953529596328735,156914
19.954360961914062,156914
19.955180168151855,156914
19.956773042678833,156914
19.957600593566895,156914
19.958430528640747,156914
19.959251403808594,156914
19.960073232650757,156914
19.96166443824768,156914
19.962491512298584,156914
19.96331238746643,156914
19.964141845703125,156914
19.965731859207153,156914
19.96656084060669,156914
19.967386484146118,156914
19.968206882476807,156914
19.969033241271973,156914
19.970619678497314,156914
19.971450328826904,156914
19.97226905822754,156914
19.973092555999756,156914
19.974689483642578,156914
19.975515365600586,156914
19.97633695602417,156914
19.977158546447754,156914
19.978750228881836,156914
19.97957730293274,156914
19.980403661727905,156914
19.981224298477173,156914
19.98204779624939,156914
19.983631372451782,156914
19.98447060585022,156914
19.985289573669434,156914
19.986112117767334,156914
19.98770022392273,156914
19.98853039741516,156914
19.98935103416443,156914
19.990176677703857,156914
19.99176597595215,156914
19.99259305000305,156914
19.993423223495483,156914
19.994250535964966,156914
19.995073080062866,156914
19.996666431427002,156914
19.99749493598938,156914
19.998312950134277,156914
19.999133825302124,156914
20.000725746154785,156914
20.001555681228638,156914
20.002387523651123,156914
20.003206729888916,156914
20.00404453277588,156914
20.00563645362854,156914
20.00646471977234,156914
20.00728487968445,156914
20.008108139038086,156914
20.00969362258911,156914
20.010525941848755,156914
20.011348009109497,156914
20.012165546417236,156914
20.013758182525635,156914
20.01459503173828,156914
20.01542353630066,156914
20.016241550445557,156914
20.017064094543457,156914
20.018651008605957,156914
20.019479990005493,156914
20.020302057266235,156914
20.021125555038452,156914
20.022711515426636,156914
20.023539066314697,156914
20.02436900138855,156914
20.025190353393555,156914
20.026012420654297,156914
20.027601718902588,156914
20.02842903137207,156914
20.029247999191284,156914
20.030069828033447,156914
20.031656980514526,156914
20.032488107681274,156914
20.0333092212677,156914
20.034137964248657,156914
20.03572988510132,156914
20.036558151245117,156914
20.037391185760498,156914
20.038210153579712,156914
20.039031505584717,156914
20.040621757507324,156914
20.04145073890686,156914
20.042274475097656,156914
20.043097257614136,156914
20.04469609260559,156914
20.045528650283813,156914
20.04634928703308,156914
20.04716992378235,156914
20.04875659942627,156914
20.049586057662964,156914
20.05041193962097,156914
20.05122995376587,156914
20.05205750465393,156914
20.05364727973938,156914
20.05448818206787,156914
20.05530858039856,156914
20.056138038635254,156914
20.05773377418518,156914
20.0585618019104,156914
20.059394121170044,156914
20.060214519500732,156914
20.061036825180054,156914
20.06263303756714,156914
20.063461303710938,156914
20.064292669296265,156914
20.06511616706848,156914
20.06670594215393,156914
20.067535161972046,156914
20.068355321884155,156914
20.069177389144897,156914
20.07076120376587,156914
20.071592569351196,156914
20.072420120239258,156914
20.073241233825684,156914
20.074076890945435,156914
20.07566738128662,156914
20.07649803161621,156914
20.077319145202637,156914
20.078139305114746,156914
20.079728603363037,156914
20.08055567741394,156914
20.081387758255005,156914
20.08220934867859,156914
20.083030462265015,156914
20.084625720977783,156914
20.085453033447266,156914
20.08628749847412,156914
20.087112188339233,156914
20.088702917099,156914
20.08952784538269,156914
20.090351819992065,156914
20.091176748275757,156914
20.09276509284973,156914
20.09359359741211,156914
20.09443163871765,156914
20.095252513885498,156914
20.096074104309082,156914
20.09766173362732,156914
20.09849214553833,156914
20.09931230545044,156914
20.10013484954834,156914
20.101723194122314,156914
20.102552890777588,156914
20.10338306427002,156914
20.10421133041382,156914
20.105031728744507,156914
20.106621503829956,156914
20.10745143890381,156914
20.108273029327393,156914
20.10909676551819,156914
20.110684156417847,156914
20.111510276794434,156914
20.11233377456665,156914
20.11315679550171,156914
20.1147563457489,156914
20.115586280822754,156914
20.116414070129395,156914
20.11723279953003,156914
20.118059396743774,156914
20.119646310806274,156914
20.12047839164734,156914
20.121299743652344,156914
20.122116327285767,156914
20.123706817626953,156914
20.12454581260681,156914
20.125376224517822,156914
20.126195192337036,156914
20.127015352249146,156914
20.128602266311646,156914
20.12943196296692,156914
20.130255222320557,156914
20.131077766418457,156914
20.132670640945435,156914
20.13349747657776,156914
20.13433313369751,156914
20.135154724121094,156914
20.136743545532227,156914
20.137574911117554,156914
20.138402462005615,156914
20.1392240524292,156914
20.14004874229431,156914
20.141661882400513,156914
20.142495155334473,156914
20.143316507339478,156914
20.144145965576172,156914
20.14573335647583,156914
20.14656090736389,156914
20.14738965034485,156914
20.148229598999023,156914
20.149046897888184,156914
20.150634765625,156914
20.15146231651306,156914
20.152281999588013,156914
20.15310502052307,156914
20.15470290184021,156914
20.155528783798218,156914
20.15635061264038,156914
20.157172441482544,156914
20.15877652168274,156914
20.15959620475769,156914
20.16042423248291,156914
20.16124677658081,156914
20.162070274353027,156914
20.163658618927002,156914
20.164499759674072,156914
20.165317058563232,156914
20.166135549545288,156914
20.167725324630737,156914
20.16855502128601,156914
20.16938328742981,156914
20.17020273208618,156914
20.17102861404419,156914
20.17262077331543,156914
20.173449277877808,156914
20.17427921295166,156914
20.175100088119507,156914
20.17668890953064,156914
20.177515983581543,156914
20.178337335586548,156914
20.179158449172974,156914
20.18074870109558,156914
20.181577920913696,156914
20.182404279708862,156914
20.183223247528076,156914
20.18405556678772,156914
20.185642957687378,156914
20.186473608016968,156914
20.187294960021973,156914
20.188118934631348,156914
20.189706802368164,156914
20.190534830093384,156914
20.191356420516968,156914
20.192177534103394,156914
20.193767547607422,156914
20.19460678100586,156914
20.195435285568237,156914
20.196258783340454,156914
20.197079181671143,156914
20.19867205619812,156914
20.19950008392334,156914
20.20032000541687,156914
20.201139211654663,156914
20.202728748321533,156914
20.203558683395386,156914
20.20439887046814,156914
20.205219984054565,156914
20.206044912338257,156914
20.207632541656494,156914
20.208463430404663,156914
20.20928430557251,156914
20.21010422706604,156914
20.21169114112854,156914
20.21252202987671,156914
20.213345050811768,156914
20.214173316955566,156914
20.215762615203857,156914
20.216590642929077,156914
20.217418432235718,156914
20.218242406845093,156914
20.219064474105835,156914
20.22065544128418,156914
20.221484422683716,156914
20.222305297851562,156914
20.223129510879517,156914
20.22472357749939,156914
20.225555658340454,156914
20.226383686065674,156914
20.227203369140625,156914
20.22802758216858,156914
20.229616403579712,156914
20.230445623397827,156914
20.23126482963562,156914
20.23208498954773,156914
20.23367428779602,156914
20.23451066017151,156914
20.235332489013672,156914
20.236156225204468,156914
20.237747192382812,156914
20.23857593536377,156914
20.23940372467041,156914
20.240228176116943,156914
20.241053342819214,156914
20.24264359474182,156914
20.243469953536987,156914
20.244301080703735,156914
20.24512553215027,156914
20.246711492538452,156914
20.247540712356567,156914
20.24836277961731,156914
20.249181985855103,156914
20.250007152557373,156914
20.25159525871277,156914
20.25242590904236,156914
20.253247499465942,156914
20.25408148765564,156914
20.255666971206665,156914
20.256495237350464,156914
20.257320642471313,156914
20.258141040802002,156914
20.259731769561768,156914
20.26055932044983,156914
20.261388301849365,156914
20.262210369110107,156914
20.263033628463745,156914
20.26463270187378,156914
20.265459537506104,156914
20.266278982162476,156914
20.267102241516113,156914
20.26868462562561,156914
20.2695152759552,156914
20.270336151123047,156914
20.27115774154663,156914
20.272749423980713,156914
20.273578882217407,156914
20.27442193031311,156914
20.275239944458008,156914
20.276063919067383,156914
20.27765464782715,156914
20.278483629226685,156914
20.279306411743164,156914
20.280125379562378,156914
20.28171443939209,156914
20.28254508972168,156914
20.283374786376953,156914
20.28420376777649,156914
20.285028219223022,156914
20.286617279052734,156914
20.287447690963745,156914
20.288267850875854,156914
20.289091110229492,156914
20.29067826271057,156914
20.29150891304016,156914
20.292328596115112,156914
20.2931489944458,156914
20.29474449157715,156914
20.295570850372314,156914
20.296401739120483,156914
20.297224044799805,156914
20.29804539680481,156914
20.299633979797363,156914
20.300463676452637,156914
20.301284551620483,156914
20.302109241485596,156914
20.303699731826782,156914
20.30453848838806,156914
20.30535626411438,156914
20.30617880821228,156914
20.307765245437622,156914
20.308593034744263,156914
20.30941867828369,156914
20.310238122940063,156914
20.31106448173523,156914
20.31265377998352,156914
20.313483953475952,156914
20.3143150806427,156914
20.315136432647705,156914
20.316726684570312,156914
20.317556381225586,156914
20.31838631629944,156914
20.319206953048706,156914
20.320029258728027,156914
20.321614503860474,156914
20.32244300842285,156914
20.323262691497803,156914
20.32409358024597,156914
20.32568860054016,156914
20.32651710510254,156914
20.32733917236328,156914
20.328161239624023,156914
20.329750776290894,156914
20.330583810806274,156914
20.33141255378723,156914
20.332234144210815,156914
20.333059072494507,156914
20.334653615951538,156914
20.335481882095337,156914
20.336302518844604,156914
20.33712601661682,156914
20.338717699050903,156914
20.339545488357544,156914
20.34037709236145,156914
20.34119486808777,156914
20.34201693534851,156914
20.34360694885254,156914
20.34444570541382,156914
20.345266580581665,156914
20.346087217330933,156914
20.347676038742065,156914
20.348506450653076,156914
20.349329233169556,156914
20.350152015686035,156914
20.351739406585693,156914
20.352569341659546,156914
20.353397369384766,156914
20.35422706604004,156914
20.355054140090942,156914
20.35664176940918,156914
20.357475757598877,156914
20.358296632766724,156914
20.35911750793457,156914
20.360703706741333,156914
20.361530780792236,156914
20.362354278564453,156914
20.363176345825195,156914
20.364009618759155,156914
20.365602254867554,156914
20.366433143615723,156914
20.367257356643677,156914
20.36807918548584,156914
20.36966872215271,156914
20.370497703552246,156914
20.371317386627197,156914
20.372138500213623,156914
20.373728036880493,156914
20.37456727027893,156914
20.375396490097046,156914
20.376217126846313,156914
20.37703824043274,156914
20.378621578216553,156914
20.37945032119751,156914
20.38027024269104,156914
20.381091356277466,156914
20.38268232345581,156914
20.38351058959961,156914
20.38434410095215,156914
20.3851637840271,156914
20.386754989624023,156914
20.3875834941864,156914
20.388413906097412,156914
20.38923454284668,156914
20.390056133270264,156914
20.3916494846344,156914
20.392478227615356,156914
20.393298864364624,156914
20.394131183624268,156914
20.39571785926819,156914
20.39654803276062,156914
20.397375345230103,156914
20.398194074630737,156914
20.39901566505432,156914
20.400600910186768,156914
20.401434183120728,156914
20.402255058288574,156914
20.403077125549316,156914
20.404675006866455,156914
20.40550398826599,156914
20.406325578689575,156914
20.40714740753174,156914
20.408739805221558,156914
20.409568071365356,156914
20.41039776802063,156914
20.411218881607056,156914
20.41204333305359,156914
20.41363215446472,156914
20.414469242095947,156914
20.415289640426636,156914
20.41611099243164,156914
20.417700052261353,156914
20.418530225753784,156914
20.419349908828735,156914
20.420169591903687,156914
20.42175817489624,156914
20.422587156295776,156914
20.423418521881104,156914
20.424246072769165,156914
20.425069093704224,156914
20.426657915115356,156914
20.427486658096313,156914
20.428306818008423,156914
20.429126739501953,156914
20.430715322494507,156914
20.431543111801147,156914
20.432368755340576,156914
20.433192491531372,156914
20.434024572372437,156914
20.43561577796936,156914
20.43644642829895,156914
20.43726658821106,156914
20.43808889389038,156914
20.43967342376709,156914
20.44050407409668,156914
20.441327333450317,156914
20.442150592803955,156914
20.44374179840088,156914
20.444578409194946,156914
20.445411920547485,156914
20.446230173110962,156914
20.44705319404602,156914
20.448644161224365,156914
20.44947385787964,156914
20.4502956867218,156914
20.451117992401123,156914
20.45270848274231,156914
20.453536987304688,156914
20.45436716079712,156914
20.455186367034912,156914
20.456008434295654,156914
20.457597970962524,156914
20.458428144454956,156914
20.459247827529907,156914
20.460071325302124,156914
20.461660146713257,156914
20.462489366531372,156914
20.46331024169922,156914
20.46414017677307,156914
20.46573042869568,156914
20.4665584564209,156914
20.467387914657593,156914
20.468205451965332,156914
20.46902847290039,156914
20.470620155334473,156914
20.471452236175537,156914
20.47227382659912,156914
20.47309446334839,156914
20.47469139099121,156914
20.475518703460693,156914
20.47634243965149,156914
20.47716474533081,156914
20.4787540435791,156914
20.479583740234375,156914
20.480411291122437,156914
20.481228351593018,156914
20.48205590248108,156914
20.48364281654358,156914
20.484482526779175,156914
20.48530602455139,156914
20.4861261844635,156914
20.487714052200317,156914
20.488542318344116,156914
20.48937463760376,156914
20.490195274353027,156914
20.49102020263672,156914
20.492608785629272,156914
20.493438005447388,156914
20.494269132614136,156914
20.49509358406067,156914
20.49667978286743,156914
20.497510194778442,156914
20.498330116271973,156914
20.499151945114136,156914
20.500741243362427,156914
20.50157117843628,156914
20.502399682998657,156914
20.503218173980713,156914
20.504050731658936,156914
20.505640745162964,156914
20.506470203399658,156914
20.507293224334717,156914
20.508117198944092,156914
20.509704113006592,156914
20.510529279708862,156914
20.511351346969604,156914
20.51217031478882,156914
20.513760805130005,156914
20.51459789276123,156914
20.51542568206787,156914
20.516252279281616,156914
20.517074584960938,156914
20.518662452697754,156914
20.51948857307434,156914
20.520310640335083,156914
20.521134614944458,156914
20.522722244262695,156914
20.52355670928955,156914
20.524394512176514,156914
20.525216579437256,156914
20.52604055404663,156914
20.527629852294922,156914
20.528461456298828,156914
20.529281616210938,156914
20.530104637145996,156914
20.53169274330139,156914
20.532523155212402,156914
20.533345937728882,156914
20.53417468070984,156914
20.535767555236816,156914
20.536593198776245,156914
20.537424087524414,156914
20.538247108459473,156914
20.539068698883057,156914
20.540660619735718,156914
20.54148817062378,156914
20.542309761047363,156914
20.543132066726685,156914
20.54472541809082,156914
20.545555591583252,156914
20.54638648033142,156914
20.547207355499268,156914
20.54803156852722,156914
20.549617290496826,156914
20.55044674873352,156914
20.551267385482788,156914
20.552087783813477,156914
20.553675174713135,156914
20.554514169692993,156914
20.555336475372314,156914
20.55615544319153,156914
20.557745933532715,156914
20.55857276916504,156914
20.559401273727417,156914
20.560221195220947,156914
20.5610408782959,156914
20.562631368637085,156914
20.563460111618042,156914
20.564292430877686,156914
20.565117835998535,156914
20.566704511642456,156914
20.567536115646362,156914
20.568355798721313,156914
20.569177389144897,156914
20.570770025253296,156914
20.571599006652832,156914
20.57243061065674,156914
20.57324981689453,156914
20.574084997177124,156914
20.575675010681152,156914
20.576502561569214,156914
20.577324151992798,156914
20.578144073486328,156914
20.57973575592041,156914
20.580562353134155,156914
20.581390380859375,156914
20.58221173286438,156914
20.583030462265015,156914
20.584625005722046,156914
20.58545160293579,156914
20.586270332336426,156914
20.587092399597168,156914
20.58868098258972,156914
20.5895094871521,156914
20.59033179283142,156914
20.591152906417847,156914
20.592740058898926,156914
20.593568801879883,156914
20.594407558441162,156914
20.595229387283325,156914
20.596051692962646,156914
20.59764313697815,156914
20.598472356796265,156914
20.59929370880127,156914
20.60011649131775,156914
20.601704835891724,156914
20.60253643989563,156914
20.603357315063477,156914
20.60418939590454,156914
20.605010747909546,156914
20.606603145599365,156914
20.607431411743164,156914
20.608250379562378,156914
20.60907530784607,156914
20.610661268234253,156914
20.611491441726685,156914
20.612310647964478,156914
20.613134622573853,156914
20.614729642868042,156914
20.615559577941895,156914
20.616389751434326,156914
20.617210149765015,156914
20.618030786514282,156914
20.619620323181152,156914
20.62044930458069,156914
20.621269702911377,156914
20.62209153175354,156914
20.623682737350464,156914
20.624521493911743,156914
20.62534499168396,156914
20.626167058944702,156914
20.62775206565857,156914
20.62857985496521,156914
20.629408359527588,156914
20.63023018836975,156914
20.631054401397705,156914
20.63264298439026,156914
20.633475065231323,156914
20.63430380821228,156914
20.63512635231018,156914
20.63671350479126,156914
20.637542724609375,156914
20.638376474380493,156914
20.639193773269653,156914
20.64001441001892,156914
20.641602039337158,156914
20.64243197441101,156914
20.64325261116028,156914
20.644083261489868,156914
20.645672082901,156914
20.64650058746338,156914
20.64732027053833,156914
20.648141860961914,156914
20.649730920791626,156914
20.6505606174469,156914
20.651387929916382,156914
20.65220880508423,156914
20.653034448623657,156914
20.654630184173584,156914
20.655461311340332,156914
20.656282424926758,156914
20.657105445861816,156914
20.65869402885437,156914
20.65952205657959,156914
20.660342931747437,156914
20.66116452217102,156914
20.66275691986084,156914
20.663585662841797,156914
20.664424896240234,156914
20.66524600982666,156914
20.66606903076172,156914
20.66765594482422,156914
20.668482542037964,156914
20.669302940368652,156914
20.67012619972229,156914
20.671716928482056,156914
20.672548294067383,156914
20.67337656021118,156914
20.674206018447876,156914
20.675029277801514,156914
20.67661690711975,156914
20.677448511123657,156914
20.678267002105713,156914
20.679092168807983,156914
20.680681228637695,156914
20.681509256362915,156914
20.682335376739502,156914
20.68315601348877,156914
20.6847562789917,156914
20.685582876205444,156914
20.686411380767822,156914
20.68723177909851,156914
20.688050985336304,156914
20.689638376235962,156914
20.69046425819397,156914
20.691283464431763,156914
20.692107439041138,156914
20.69369077682495,156914
20.694531440734863,156914
20.69535255432129,156914
20.69617199897766,156914
20.69775915145874,156914
20.698585510253906,156914
20.699413776397705,156914
20.700229167938232,156914
20.701051473617554,156914
20.7026424407959,156914
20.703471183776855,156914
20.704301834106445,156914
20.705121517181396,156914
20.706708669662476,156914
20.7075355052948,156914
20.70835590362549,156914
20.709176063537598,156914
20.71076512336731,156914
20.711590051651,156914
20.712416887283325,156914
20.713237524032593,156914
20.714072227478027,156914
20.715662240982056,156914
20.7164888381958,156914
20.71730947494507,156914
20.718132734298706,156914
20.71972680091858,156914
20.720555305480957,156914
20.721386909484863,156914
20.72220778465271,156914
20.723031520843506,156914
20.72463321685791,156914
20.725462913513184,156914
20.726285934448242,156914
20.727105140686035,156914
20.728697299957275,156914
20.72952628135681,156914
20.730345726013184,156914
20.731170177459717,156914
20.73275923728943,156914
20.733588695526123,156914
20.734426021575928,156914
20.73524808883667,156914
20.736075162887573,156914
20.737660884857178,156914
20.738681316375732,156914
20.739495277404785,156914
20.740330934524536,156914
20.741167306900024,156914
20.74277138710022,156914
20.743611574172974,156914
20.74445343017578,156914
20.745290279388428,156914
20.74612832069397,156914
20.74773097038269,156914
20.74856686592102,156914
20.74939775466919,156914
20.7502338886261,156914
20.751071214675903,156914
20.752676010131836,156914
20.753515005111694,156914
20.75436043739319,156914
20.755191326141357,156914
20.756031274795532,156914
20.757634162902832,156914
20.758475065231323,156914
20.75930666923523,156914
20.760141134262085,156914
20.761749267578125,156914
20.7625789642334,156914
20.76342010498047,156914
20.764262914657593,156914
20.76510000228882,156914
20.766706228256226,156914
20.767539262771606,156914
20.768378734588623,156914
20.769210815429688,156914
20.770046710968018,156914
20.771654844284058,156914
20.772488832473755,156914
20.773325443267822,156914
20.774168491363525,156914
20.775769472122192,156914
20.77660346031189,156914
20.777440071105957,156914
20.778276920318604,156914
20.779110431671143,156914
20.780714988708496,156914
20.7815523147583,156914
20.78238582611084,156914
20.783223152160645,156914
20.784071683883667,156914
20.78568148612976,156914
20.78651523590088,156914
20.78735375404358,156914
20.788191080093384,156914
20.789026737213135,156914
20.790632247924805,156914
20.791468143463135,156914
20.792301416397095,156914
20.793139457702637,156914
20.794753789901733,156914
20.795592069625854,156914
20.796429872512817,156914
20.797260522842407,156914
20.798100233078003,156914
20.799703121185303,156914
20.800536632537842,156914
20.80137038230896,156914
20.802202939987183,156914
20.803041696548462,156914
20.804657697677612,156914
20.805496215820312,156914
20.806330680847168,156914
20.807164907455444,156914
20.80877161026001,156914
20.809605836868286,156914
20.81044101715088,156914
20.81127905845642,156914
20.81211495399475,156914
20.813721656799316,156914
20.8145592212677,156914
20.815398454666138,156914
20.816234350204468,156914
20.81706929206848,156914
20.818676710128784,156914
20.81950807571411,156914
20.82034683227539,156914
20.8211829662323,156914
20.822025775909424,156914
20.823633193969727,156914
20.824485063552856,156914
20.82532024383545,156914
20.826154232025146,156914
20.827758312225342,156914
20.8285915851593,156914
20.82942795753479,156914
20.83026647567749,156914
20.831101894378662,156914
20.832710027694702,156914
20.833542346954346,156914
20.834385871887207,156914
20.83521866798401,156914
20.836053371429443,156914
20.83766746520996,156914
20.83850336074829,156914
20.83933734893799,156914
20.840169429779053,156914
20.841774463653564,156914
20.842609167099,156914
20.843443393707275,156914
20.844286918640137,156914
20.84512209892273,156914
20.84673047065735,156914
20.84756851196289,156914
20.848402500152588,156914
20.849237203598022,156914
20.85007643699646,156914
20.851677179336548,156914
20.852514266967773,156914
20.85334539413452,156914
20.854187965393066,156914
20.855026483535767,156914
20.856632471084595,156914
20.857470512390137,156914
20.858304500579834,156914
20.859136819839478,156914
20.86074161529541,156914
20.861573696136475,156914
20.862414360046387,156914
20.86324453353882,156914
20.864092111587524,156914
20.865700721740723,156914
20.866538047790527,156914
20.867372512817383,156914
20.868207931518555,156914
20.869044542312622,156914
20.8706533908844,156914
20.87148904800415,156914
20.87232542037964,156914
20.87315821647644,156914
20.874773025512695,156914
20.87560272216797,156914
20.876439094543457,156914
20.87727427482605,156914
20.87811017036438,156914
20.879716157913208,156914
20.88055419921875,156914
20.881387948989868,156914
20.882224321365356,156914
20.883056163787842,156914
20.884673357009888,156914
20.885507583618164,156914
20.886340618133545,156914
20.887173891067505,156914
20.88800549507141,156914
20.88961434364319,156914
20.890451908111572,156914
20.89128613471985,156914
20.892122507095337,156914
20.893722772598267,156914
20.894569158554077,156914
20.895404815673828,156914
20.896241903305054,156914
20.89707660675049,156914
20.898680448532104,156914
20.89952039718628,156914
20.900357246398926,156914
20.90118908882141,156914
20.902023792266846,156914
20.90363359451294,156914
20.90447998046875,156914
20.90531325340271,156914
20.906142950057983,156914
20.907747507095337,156914
20.908580541610718,156914
20.909416675567627,156914
20.910250663757324,156914
20.911086320877075,156914
20.91269302368164,156914
20.91352653503418,156914
20.914373874664307,156914
20.915204286575317,156914
20.916043996810913,156914
20.917651176452637,156914
20.91848587989807,156914
20.91932201385498,156914
20.920156240463257,156914
20.92176365852356,156914
20.9225971698761,156914
20.92343258857727,156914
20.92427968978882,156914
20.9251127243042,156914
20.926719665527344,156914
20.927556037902832,156914
20.928389310836792,156914
20.929225206375122,156914
20.93005871772766,156914
20.931668281555176,156914
20.932501792907715,156914
20.933336973190308,156914
20.934202432632446,156914
20.93502378463745,156914
20.936636686325073,156914
20.93747091293335,156914
20.938304662704468,156914
20.939148664474487,156914
20.940752744674683,156914
20.941587924957275,156914
20.942424058914185,156914
20.94325852394104,156914
20.94410729408264,156914
20.94570803642273,156914
20.94654130935669,156914
20.947375774383545,156914
20.948209285736084,156914
20.949046850204468,156914
20.95064949989319,156914
20.95148777961731,156914
20.952324390411377,156914
20.953157901763916,156914
20.954774379730225,156914
20.955609560012817,156914
20.95644760131836,156914
20.957284212112427,156914
20.95811891555786,156914
20.959728240966797,156914
20.96055841445923,156914
20.96139621734619,156914
20.962230443954468,156914
20.96306586265564,156914
20.96467876434326,156914
20.965514659881592,156914
20.96635365486145,156914
20.967186450958252,156914
20.9680233001709,156914
20.969634532928467,156914
20.970475912094116,156914
20.971314191818237,156914
20.972150564193726,156914
20.97375726699829,156914
20.974606037139893,156914
20.975438594818115,156914
20.97628116607666,156914
20.977113723754883,156914
20.97872042655945,156914
20.979553699493408,156914
20.980390787124634,156914
20.98122549057007,156914
20.982062339782715,156914
20.98367476463318,156914
20.98452115058899,156914
20.985356330871582,156914
20.986189603805542,156914
20.987027645111084,156914
20.98863911628723,156914
20.989472150802612,156914
20.99030590057373,156914
20.99113893508911,156914
20.99274444580078,156914
20.99357843399048,156914
20.99442744255066,156914
20.995256185531616,156914
20.996095895767212,156914
20.997703552246094,156914
20.99853825569153,156914
20.999374389648438,156914
21.00020933151245,156914
21.00104784965515,156914
21.00264859199524,156914
21.00348734855652,156914
21.004332304000854,156914
21.005163431167603,156914
21.00677227973938,156914
21.00760579109192,156914
21.008440256118774,156914
21.009280681610107,156914
21.010114669799805,156914
21.0117244720459,156914
21.012558460235596,156914
21.013396978378296,156914
21.014241695404053,156914
21.01507592201233,156914
21.016687154769897,156914
21.017526149749756,156914
21.018364667892456,156914
21.019196033477783,156914
21.02003264427185,156914
21.021639585494995,156914
21.02247166633606,156914
21.023308277130127,156914
21.024149656295776,156914
21.025754690170288,156914
21.02659249305725,156914
21.027427911758423,156914
21.02826237678528,156914
21.029099464416504,156914
21.030709505081177,156914
21.031538724899292,156914
21.032377004623413,156914
21.033214569091797,156914
21.03406071662903,156914
21.035672903060913,156914
21.03650999069214,156914
21.03734564781189,156914
21.03818130493164,156914
21.039014101028442,156914
21.040624141693115,156914
21.041457891464233,156914
21.042294025421143,156914
21.043129920959473,156914
21.04473876953125,156914
21.045578241348267,156914
21.04641318321228,156914
21.047244548797607,156914
21.04808473587036,156914
21.049684524536133,156914
21.05051875114441,156914
21.051353216171265,156914
21.05218815803528,156914
21.05302906036377,156914
21.05464243888855,156914
21.05548071861267,156914
21.056312084197998,156914
21.057156801223755,156914
21.05876588821411,156914
21.059598207473755,156914
21.060433626174927,156914
21.061267852783203,156914
21.062108039855957,156914
21.06371307373047,156914
21.064554929733276,156914
21.065394401550293,156914
21.066231727600098,156914
21.067070245742798,156914
21.068673849105835,156914
21.06951069831848,156914
21.070348978042603,156914
21.071181297302246,156914
21.072019338607788,156914
21.073628187179565,156914
21.07447338104248,156914
21.075308561325073,156914
21.076141357421875,156914
21.077749252319336,156914
21.078587532043457,156914
21.0794198513031,156914
21.08025050163269,156914
21.081087112426758,156914
21.082696199417114,156914
21.083295345306396,156914
21.08423137664795,156914
21.085151195526123,156914
21.086068868637085,156914
21.08743643760681,156914
21.088356733322144,156914
21.089275360107422,156914
21.09019422531128,156914
21.09112286567688,156914
21.092039585113525,156914
21.093398332595825,156914
21.09432601928711,156914
21.095259428024292,156914
21.09618067741394,156914
21.09710121154785,156914
21.098013877868652,156914
21.099365949630737,156914
21.100282192230225,156914
21.101200342178345,156914
21.102116584777832,156914
21.103030681610107,156914
21.104398727416992,156914
21.105316877365112,156914
21.106234788894653,156914
21.107150077819824,156914
21.10807776451111,156914
21.109434127807617,156914
21.1103515625,156914
21.111266613006592,156914
21.112184286117554,156914
21.11309790611267,156914
21.114027976989746,156914
21.115388870239258,156914
21.116308450698853,156914
21.117228507995605,156914
21.118146419525146,156914
21.11906599998474,156914
21.120444297790527,156914
21.12136197090149,156914
21.122278213500977,156914
21.123196601867676,156914
21.124125003814697,156914
21.12503957748413,156914
21.12639617919922,156914
21.1273136138916,156914
21.12823224067688,156914
21.129150390625,156914
21.13006615638733,156914
21.131421089172363,156914
21.132339000701904,156914
21.13353180885315,156914
21.134373903274536,156914
21.135206699371338,156914
21.136041164398193,156914
21.13735032081604,156914
21.13827633857727,156914
21.139199256896973,156914
21.1401207447052,156914
21.14103889465332,156914
21.142395973205566,156914
21.143314123153687,156914
21.14424729347229,156914
21.145169734954834,156914
21.146090745925903,156914
21.14700961112976,156914
21.148363828659058,156914
21.149282455444336,156914
21.150202989578247,156914
21.15112614631653,156914
21.1520414352417,156914
21.153400659561157,156914
21.15432596206665,156914
21.155248403549194,156914
21.156360149383545,156914
21.15719985961914,156914
21.15804934501648,156914
21.15967631340027,156914
21.16051745414734,156914
21.161370754241943,156914
21.16221570968628,156914
21.163060903549194,156914
21.164376974105835,156914
21.16529631614685,156914
21.166218280792236,156914
21.167139768600464,156914
21.16806149482727,156914
21.169419288635254,156914
21.17033886909485,156914
21.171260118484497,156914
21.172180891036987,156914
21.17310070991516,156914
21.17402982711792,156914
21.17538619041443,156914
21.176304817199707,156914
21.17722201347351,156914
21.17814326286316,156914
21.179063081741333,156914
21.180420637130737,156914
21.18133568763733,156914
21.1822566986084,156914
21.183175325393677,156914
21.18410611152649,156914
21.185022354125977,156914
21.186380863189697,156914
21.18729829788208,156914
21.188217878341675,156914
21.189136028289795,156914
21.19005298614502,156914
21.19140625,156914
21.19232153892517,156914
21.19324231147766,156914
21.194172382354736,156914
21.195093154907227,156914
21.196015119552612,156914
21.19736886024475,156914
21.198286056518555,156914
21.199204206466675,156914
21.20012593269348,156914
21.201043844223022,156914
21.202402114868164,156914
21.20331645011902,156914
21.204246997833252,156914
21.205167055130005,156914
21.20608425140381,156914
21.207438468933105,156914
21.208356857299805,156914
21.209276914596558,156914
21.21019172668457,156914
21.21111035346985,156914
21.212027311325073,156914
21.213383436203003,156914
21.214308500289917,156914
21.215224266052246,156914
21.21614360809326,156914
21.217058897018433,156914
21.218415021896362,156914
21.21933388710022,156914
21.220253944396973,156914
21.221171140670776,156914
21.222090244293213,156914
21.223008155822754,156914
21.22437071800232,156914
21.225287675857544,156914
21.226205825805664,156914
21.227121591567993,156914
21.228036165237427,156914
21.229398488998413,156914
21.23031520843506,156914
21.231233835220337,156914
21.23214888572693,156914
21.23306679725647,156914
21.23443078994751,156914
21.235352993011475,156914
21.236269235610962,156914
21.23719072341919,156914
21.238107681274414,156914
21.23902416229248,156914
21.2403781414032,156914
21.241296529769897,156914
21.242214679718018,156914
21.243131637573242,156914
21.244057416915894,156914
21.245415925979614,156914
21.246334075927734,156914
21.24725079536438,156914
21.24817204475403,156914
21.249089241027832,156914
21.250004291534424,156914
21.25135827064514,156914
21.252275466918945,156914
21.25319242477417,156914
21.25412154197693,156914
21.25503897666931,156914
21.256391525268555,156914
21.257307052612305,156914
21.258227109909058,156914
21.259146690368652,156914
21.26006317138672,156914
21.261422395706177,156914
21.2623393535614,156914
21.263259410858154,156914
21.26419186592102,156914
21.265109300613403,156914
21.26602292060852,156914
21.26737880706787,156914
21.268293380737305,156914
21.269206523895264,156914
21.270126581192017,156914
21.271039724349976,156914
21.272391319274902,156914
21.273303031921387,156914
21.27423357963562,156914
21.275150775909424,156914
21.276066541671753,156914
21.277422189712524,156914
21.27833867073059,156914
21.27925705909729,156914
21.280173301696777,156914
21.281092643737793,156914
21.282009840011597,156914
21.28336191177368,156914
21.28429102897644,156914
21.285204648971558,156914
21.286121606826782,156914
21.287040948867798,156914
21.288398265838623,156914
21.289315462112427,156914
21.29023504257202,156914
21.2911536693573,156914
21.29207134246826,156914
21.293432235717773,156914
21.294356107711792,156914
21.29527521133423,156914
21.29619598388672,156914
21.29711627960205,156914
21.29803156852722,156914
21.29938507080078,156914
21.300302028656006,156914
21.301223039627075,156914
21.302143096923828,156914
21.303062200546265,156914
21.30444312095642,156914
21.305360078811646,156914
21.30627703666687,156914
21.307196617126465,156914
21.30811381340027,156914
21.30902934074402,156914
21.310383081436157,156914
21.311304807662964,156914
21.312222957611084,156914
21.313143730163574,156914
21.314067125320435,156914
21.315420866012573,156914
21.316335439682007,156914
21.317251205444336,156914
21.318171501159668,156914
21.319085836410522,156914
21.320441246032715,156914
21.321356058120728,156914
21.32227396965027,156914
21.323193550109863,156914
21.32412028312683,156914
21.325037479400635,156914
21.326388359069824,156914
21.327306747436523,156914
21.328226566314697,156914
21.329144954681396,156914
21.330063819885254,156914
21.331420183181763,156914
21.33233904838562,156914
21.333256721496582,156914
21.334187746047974,156914
21.335103034973145,156914
21.33601975440979,156914
21.337369680404663,156914
21.33828639984131,156914
21.33920168876648,156914
21.34011697769165,156914
21.34103298187256,156914
21.342384338378906,156914
21.343302249908447,156914
21.34423041343689,156914
21.345149993896484,156914
21.346063375473022,156914
21.34741449356079,156914
21.34833335876465,156914
21.349249839782715,156914
21.350167512893677,156914
21.351082801818848,156914
21.352440357208252,156914
21.353354692459106,156914
21.354285717010498,156914
21.35520625114441,156914
21.356125593185425,156914
21.357041597366333,156914
21.358396530151367,156914
21.359310388565063,156914
21.360230207443237,156914
21.36115074157715,156914
21.362067222595215,156914
21.363422870635986,156914
21.364348649978638,156914
21.365267992019653,156914
21.3661892414093,156914
21.36710810661316,156914
21.368021726608276,156914
21.36937642097473,156914
21.370294094085693,156914
21.371212482452393,156914
21.372130155563354,156914
21.373045206069946,156914
21.3744113445282,156914
21.375330924987793,156914
21.3762469291687,156914
21.377164840698242,156914
21.378080129623413,156914
21.379434823989868,156914
21.380350828170776,156914
21.381270170211792,156914
21.382188320159912,156914
21.383106470108032,156914
21.384031295776367,156914
21.38538670539856,156914
21.386303663253784,156914
21.387224197387695,156914
21.38814091682434,156914
21.389055967330933,156914
21.39040780067444,156914
21.391322135925293,156914
21.39224100112915,156914
21.3931565284729,156914
21.39407730102539,156914
21.395434379577637,156914
21.396352767944336,156914
21.39726972579956,156914
21.398188591003418,156914
21.399106979370117,156914
21.40002465248108,156914
21.401377201080322,156914
21.402295112609863,156914
21.403213262557983,156914
21.40414023399353,156914
21.405056953430176,156914
21.40641474723816,156914
21.407333612442017,156914
21.408252239227295,156914
21.409169673919678,156914
21.410085916519165,156914
21.411438465118408,156914
21.41235375404358,156914
21.413268089294434,156914
21.414196968078613,156914
21.415117025375366,156914
21.41602849960327,156914
21.4173800945282,156914
21.418295860290527,156914
21.419211626052856,156914
21.420127630233765,156914
21.4210422039032,156914
21.422395944595337,156914
21.42331314086914,156914
21.424242973327637,156914
21.425161361694336,156914
21.426079034805298,156914
21.42743229866028,156914
21.428348779678345,156914
21.42926788330078,156914
21.430187702178955,156914
21.431103467941284,156914
21.43201971054077,156914
21.43337655067444,156914
21.43430495262146,156914
21.435219764709473,156914
21.43613600730896,156914
21.437050580978394,156914
21.438405752182007,156914
21.43932557106018,156914
21.44024419784546,156914
21.44115972518921,156914
21.442071437835693,156914
21.443427801132202,156914
21.444353818893433,156914
21.44526958465576,156914
21.446184396743774,156914
21.447102785110474,156914
21.44801926612854,156914
21.449374198913574,156914
21.4502911567688,156914
21.451209783554077,156914
21.4521267414093,156914
21.453040838241577,156914
21.454407453536987,156914
21.455324411392212,156914
21.456241130828857,156914
21.45716142654419,156914
21.458077430725098,156914
21.459430932998657,156914
21.46034836769104,156914
21.461262464523315,156914
21.462181568145752,156914
21.463098764419556,156914
21.46402406692505,156914
21.465381383895874,156914
21.46629810333252,156914
21.467215061187744,156914
21.46813130378723,156914
21.469049215316772,156914
21.47040605545044,156914
21.47132110595703,156914
21.472238302230835,156914
21.473156690597534,156914
21.474077939987183,156914
21.47543215751648,156914
21.47634744644165,156914
21.47726821899414,156914
21.478187561035156,156914
21.479105710983276,156914
21.480021953582764,156914
21.48137331008911,156914
21.4822895526886,156914
21.483205795288086,156914
21.484134912490845,156914
21.48505163192749,156914
21.486406087875366,156914
21.48732042312622,156914
21.48823595046997,156914
21.489154815673828,156914
21.490068674087524,156914
21.491421937942505,156914
21.492337465286255,156914
21.493256092071533,156914
21.494182586669922,156914
21.4951012134552,156914
21.49601936340332,156914
21.497371196746826,156914
21.498284816741943,156914
21.49920415878296,156914
21.50011897087097,156914
21.50103449821472,156914
21.502387523651123,156914
21.503304481506348,156914
21.504241704940796,156914
21.50515842437744,156914
21.506076097488403,156914
21.50743055343628,156914
21.50834631919861,156914
21.50926375389099,156914
21.510181427001953,156914
21.511094570159912,156914
21.512011766433716,156914
21.51336145401001,156914
21.514289379119873,156914
21.51520586013794,156914
21.516123294830322,156914
21.517037630081177,156914
21.51838779449463,156914
21.519306898117065,156914
21.520229816436768,156914
21.521149396896362,156914
21.522061347961426,156914
21.523414373397827,156914
21.5243399143219,156914
21.525258541107178,156914
21.52617597579956,156914
21.527093172073364,156914
21.528011083602905,156914
21.529359817504883,156914
21.53027892112732,156914
21.531193017959595,156914
21.532113313674927,156914
21.53303050994873,156914
21.534396648406982,156914
21.535311222076416,156914
21.536234378814697,156914
21.537151336669922,156914
21.53806757926941,156914
21.539425134658813,156914
21.54034686088562,156914
21.541268348693848,156914
21.54218816757202,156914
21.54310965538025,156914
21.544029474258423,156914
21.545382022857666,156914
21.546297788619995,156914
21.547217845916748,156914
21.548137664794922,156914
21.549054861068726,156914
21.550413131713867,156914
21.551332235336304,156914
21.552248239517212,156914
21.553171396255493,156914
21.55410361289978,156914
21.55502223968506,156914
21.556373357772827,156914
21.557288885116577,156914
21.558210372924805,156914
21.559128284454346,156914
21.560044765472412,156914
21.561399459838867,156914
21.562315940856934,156914
21.563234090805054,156914
21.564163208007812,156914
21.565078020095825,156914
21.566437244415283,156914
21.567354679107666,156914
21.568269729614258,156914
21.56918740272522,156914
21.570106029510498,156914
21.571022987365723,156914
21.572381734848022,156914
21.573299646377563,156914
21.574228286743164,156914
21.575146675109863,156914
21.576063632965088,156914
21.577414989471436,156914
21.578330755233765,156914
21.579249620437622,156914
21.58016538619995,156914
21.58108353614807,156914
21.58244252204895,156914
21.58335828781128,156914
21.58428406715393,156914
21.585199117660522,156914
21.586117029190063,156914
21.587034702301025,156914
21.588390588760376,156914
21.58930730819702,156914
21.590227603912354,156914
21.59114646911621,156914
21.5920627117157,156914
21.59341859817505,156914
21.594341039657593,156914
21.595263242721558,156914
21.596179008483887,156914
21.597091913223267,156914
21.598010301589966,156914
21.599361896514893,156914
21.60028100013733,156914
21.601196765899658,156914
21.602115631103516,156914
21.60302734375,156914
21.60439133644104,156914
21.605305194854736,156914
21.606226205825806,156914
21.60714292526245,156914
21.608057975769043,156914
21.609416246414185,156914
21.610334873199463,156914
21.611257553100586,156914
21.61217427253723,156914
21.61309051513672,156914
21.614014387130737,156914
21.615370988845825,156914
21.61628794670105,156914
21.617204189300537,156914
21.618120670318604,156914
21.619032859802246,156914
21.62038540840149,156914
21.621302604675293,156914
21.622222185134888,156914
21.62313675880432,156914
21.62406063079834,156914
21.625412464141846,156914
21.62632942199707,156914
21.62724804878235,156914
21.628167629241943,156914
21.629081964492798,156914
21.630438327789307,156914
21.631350994110107,156914
21.632266998291016,156914
21.633184909820557,156914
21.634111404418945,156914
21.63502788543701,156914
21.63638186454773,156914
21.637298583984375,156914
21.63821840286255,156914
21.63913607597351,156914
21.640053033828735,156914
21.641403913497925,156914
21.64232063293457,156914
21.64324116706848,156914
21.644172430038452,156914
21.645089387893677,156914
21.646005153656006,156914
21.64735698699951,156914
21.64827537536621,156914
21.649191856384277,156914
21.65010976791382,156914
21.65102195739746,156914
21.65237045288086,156914
21.653287410736084,156914
21.654215574264526,156914
21.655133485794067,156914
21.65604257583618,156914
21.65739917755127,156914
21.658316135406494,156914
21.659234046936035,156914
21.66014838218689,156914
21.661064386367798,156914
21.66241478919983,156914
21.66333031654358,156914
21.664258241653442,156914
21.665178298950195,156914
21.66609501838684,156914
21.66701054573059,156914
21.668362617492676,156914
21.669277906417847,156914
21.670196294784546,156914
21.67111372947693,156914
21.67202877998352,156914
21.673381328582764,156914
21.674310207366943,156914
21.675227403640747,156914
21.676146984100342,156914
21.67705988883972,156914
21.678417682647705,156914
21.679333686828613,156914
21.680250883102417,156914
21.681166648864746,156914
21.682082176208496,156914
21.68343734741211,156914
21.684362411499023,156914
21.68528127670288,156914
21.686197757720947,156914
21.68711543083191,156914
21.688032627105713,156914
21.68938446044922,156914
21.690297842025757,156914
21.691216230392456,156914
21.692131519317627,156914
21.693044662475586,156914
21.694409370422363,156914
21.69532537460327,156914
21.696244478225708,156914
21.697163343429565,156914
21.698081493377686,156914
21.699433088302612,156914
21.700350522994995,156914
21.701266288757324,156914
21.70218563079834,156914
21.703102827072144,156914
21.704033613204956,156914
21.705394983291626,156914
21.70631217956543,156914
21.707235097885132,156914
21.7081515789032,156914
21.709067821502686,156914
21.710420608520508,156914
21.71133589744568,156914
21.712252855300903,156914
21.71317195892334,156914
21.71409821510315,156914
21.71501350402832,156914
21.71636462211609,156914
21.71728539466858,156914
21.718202352523804,156914
21.719117164611816,156914
21.72003412246704,156914
21.721389532089233,156914
21.7223060131073,156914
21.723222017288208,156914
21.72415256500244,156914
21.725069522857666,156914
21.726425647735596,156914
21.727339267730713,156914
21.72825574874878,156914
21.729175567626953,156914
21.730090379714966,156914
21.731006145477295,156914
21.732359409332275,156914
21.733277320861816,156914
21.734206199645996,156914
21.735125303268433,156914
21.73604464530945,156914
21.73740315437317,156914
21.73831558227539,156914
21.739237785339355,156914
21.740154504776,156914
21.741069078445435,156914
21.742424249649048,156914
21.743340492248535,156914
21.74427032470703,156914
21.7451913356781,156914
21.74611210823059,156914
21.74702262878418,156914
21.748371601104736,156914
21.74928617477417,156914
21.75020456314087,156914
21.751119375228882,156914
21.752032995224,156914
21.753387451171875,156914
21.75431180000305,156914
21.755231857299805,156914
21.75614833831787,156914
21.757065773010254,156914
21.75841498374939,156914
21.759330987930298,156914
21.76024580001831,156914
21.761163473129272,156914
21.762078762054443,156914
21.76343297958374,156914
21.764357089996338,156914
21.765273809432983,156914
21.766193628311157,156914
21.767110347747803,156914
21.768027305603027,156914
21.769380807876587,156914
21.770299434661865,156914
21.771218299865723,156914
21.77213716506958,156914
21.77305316925049,156914
21.774420976638794,156914
21.775333881378174,156914
21.77625274658203,156914
21.77717161178589,156914
21.778088092803955,156914
21.77900743484497,156914
21.780361652374268,156914
21.781279802322388,156914
21.782196044921875,156914
21.7831130027771,156914
21.784036874771118,156914
21.785390853881836,156914
21.78630495071411,156914
21.787224531173706,156914
21.788143634796143,156914
21.789058208465576,156914
21.790417671203613,156914
21.791337728500366,156914
21.792255878448486,156914
21.793174743652344,156914
21.794102430343628,156914
21.795016050338745,156914
21.796370029449463,156914
21.797285795211792,156914
21.798203468322754,156914
21.799120664596558,156914
21.800034046173096,156914
21.801392555236816,156914
21.802307605743408,156914
21.803228616714478,156914
21.80415678024292,156914
21.805074453353882,156914
21.80643391609192,156914
21.807352781295776,156914
21.80827045440674,156914
21.80919051170349,156914
21.810107946395874,156914
21.81102156639099,156914
21.812374353408813,156914
21.813291311264038,156914
21.81421971321106,156914
21.81514072418213,156914
21.81605625152588,156914
21.81740713119507,156914
21.81832242012024,156914
21.819238662719727,156914
21.82015895843506,156914
21.8210768699646,156914
21.822430849075317,156914
21.823347091674805,156914
21.824279308319092,156914
21.825198650360107,156914
21.826114892959595,156914
21.82703161239624,156914
21.82838773727417,156914
21.82930612564087,156914
21.830225944519043,156914
21.831143379211426,156914
21.832062244415283,156914
21.833423376083374,156914
21.83434796333313,156914
21.835269451141357,156914
21.83618664741516,156914
21.837103605270386,156914
21.838017463684082,156914
21.839372158050537,156914
21.840290546417236,156914
21.841208696365356,156914
21.84212875366211,156914
21.843045949935913,156914
21.84441304206848,156914
21.845326900482178,156914
21.84624409675598,156914
21.847158670425415,156914
21.848073720932007,156914
21.849428176879883,156914
21.850345849990845,156914
21.851263523101807,156914
21.85218048095703,156914
21.85309672355652,156914
21.85402202606201,156914
21.855379581451416,156914
21.85629963874817,156914
21.857222318649292,156914
21.85813879966736,156914
21.85905432701111,156914
21.86040949821472,156914
21.861327648162842,156914
21.8622465133667,156914
21.863163948059082,156914
21.864088535308838,156914
21.865005254745483,156914
21.866357564926147,156914
21.867273330688477,156914
21.868193864822388,156914
21.869112014770508,156914
21.87002682685852,156914
21.871381521224976,156914
21.872297763824463,156914
21.87321662902832,156914
21.874146223068237,156914
21.875062942504883,156914
21.87641668319702,156914
21.8773353099823,156914
21.87825608253479,156914
21.879176139831543,156914
21.88009285926819,156914
21.881006956100464,156914
21.882362604141235,156914
21.883280754089355,156914
21.88421130180359,156914
21.885128498077393,156914
21.886043787002563,156914
21.887401580810547,156914
21.8883216381073,156914
21.889240741729736,156914
21.89015769958496,156914
21.89107322692871,156914
21.892433166503906,156914
21.893348217010498,156914
21.894277572631836,156914
21.895194053649902,156914
21.89611315727234,156914
21.89702868461609,156914
21.898380517959595,156914
21.899298429489136,156914
21.900217056274414,156914
21.90113615989685,156914
21.90204906463623,156914
21.90340256690979,156914
21.90433430671692,156914
21.90525484085083,156914
21.906172275543213,156914
21.907089710235596,156914
21.908007621765137,156914
21.909362316131592,156914
21.91028332710266,156914
21.91120147705078,156914
21.91211771965027,156914
21.913032293319702,156914
21.914401531219482,156914
21.915317058563232,156914
21.916234731674194,156914
21.91715145111084,156914
21.918066024780273,156914
21.919424057006836,156914
21.920341730117798,156914
21.921259880065918,156914
21.92217755317688,156914
21.92309260368347,156914
21.92401957511902,156914
21.92537236213684,156914
21.926288604736328,156914
21.92720937728882,156914
21.92812991142273,156914
21.929043531417847,156914
21.93039846420288,156914
21.931317567825317,156914
21.932239294052124,156914
21.933157920837402,156914
21.93408203125,156914
21.935436964035034,156914
21.936355590820312,156914
21.93727207183838,156914
21.938192129135132,156914
21.939109086990356,156914
21.94002342224121,156914
21.941375494003296,156914
21.942293882369995,156914
21.943212747573853,156914
21.944141626358032,156914
21.94505548477173,156914
21.946406602859497,156914
21.947325468063354,156914
21.948241710662842,156914
21.94916081428528,156914
21.95007610321045,156914
21.951429843902588,156914
21.95234489440918,156914
21.953261613845825,156914
21.954190969467163,156914
21.95510721206665,156914
21.956026077270508,156914
21.957377910614014,156914
21.95829749107361,156914
21.95921516418457,156914
21.960132360458374,156914
21.961048126220703,156914
21.962401390075684,156914
21.963318347930908,156914
21.964247941970825,156914
21.965163707733154,156914
21.966078281402588,156914
21.967434644699097,156914
21.968350410461426,156914
21.969269037246704,156914
21.97018527984619,156914
21.971105098724365,156914
21.972023248672485,156914
21.973376035690308,156914
21.974300861358643,156914
21.975218534469604,156914
21.97613549232483,156914
21.97705054283142,156914
21.97840642929077,156914
21.97932505607605,156914
21.980243921279907,156914
21.98116183280945,156914
21.982077598571777,156914
21.983434438705444,156914
21.98436164855957,156914
21.985279083251953,156914
21.98619842529297,156914
21.987117767333984,156914
21.988033294677734,156914
21.989386796951294,156914
21.99030303955078,156914
21.991219758987427,156914
21.992136478424072,156914
21.99304986000061,156914
21.994414567947388,156914
21.995330333709717,156914
21.9962477684021,156914
21.9971661567688,156914
21.998080253601074,156914
21.99943780899048,156914
22.00035333633423,156914
22.001272439956665,156914
22.002188205718994,156914
22.003103017807007,156914
22.004026651382446,156914
22.00538158416748,156914
22.006300687789917,156914
22.007217407226562,156914
22.008135557174683,156914
22.00905203819275,156914
22.01040267944336,156914
22.01131772994995,156914
22.012237071990967,156914
22.013158559799194,156914
22.014082193374634,156914
22.01543951034546,156914
22.016354084014893,156914
22.017272472381592,156914
22.018192291259766,156914
22.01911425590515,156914
22.020028114318848,156914
22.021383047103882,156914
22.022297382354736,156914
22.023213863372803,156914
22.02414321899414,156914
22.0250563621521,156914
22.026408910751343,156914
22.027324199676514,156914
22.02826237678528,156914
22.029178380966187,156914
22.03010392189026,156914
22.03102445602417,156914
22.032377243041992,156914
22.033299207687378,156914
22.034229516983032,156914
22.035147666931152,156914
22.03606343269348,156914
22.03741717338562,156914
22.038334369659424,156914
22.03925347328186,156914
22.04017210006714,156914
22.04109239578247,156914
22.042009115219116,156914
22.043362855911255,156914
22.04428744316101,156914
22.045206308364868,156914
22.046125888824463,156914
22.047040462493896,156914
22.04839062690735,156914
22.049306631088257,156914
22.050223350524902,156914
22.051138877868652,156914
22.052053689956665,156914
22.053407907485962,156914
22.054336547851562,156914
22.05525255203247,156914
22.056174516677856,156914
22.05709171295166,156914
22.05809783935547,156914
22.05977487564087,156914
22.060632705688477,156914
22.061513900756836,156914
22.062402725219727,156914
22.063287019729614,156914
22.06417727470398,156914
22.065070867538452,156914
22.06675434112549,156914
22.067609548568726,156914
22.068488121032715,156914
22.069185495376587,156914
22.070109367370605,156914
22.071030855178833,156914
22.072386503219604,156914
22.0733060836792,156914
22.074232816696167,156914
22.075152158737183,156914
22.0760657787323,156914
22.077419757843018,156914
22.078333377838135,156914
22.079252243041992,156914
22.08017134666443,156914
22.081082820892334,156914
22.082440853118896,156914
22.08335828781128,156914
22.084288358688354,156914
22.085204362869263,156914
22.08612561225891,156914
22.08703851699829,156914
22.08839249610901,156914
22.089305877685547,156914
22.09022355079651,156914
22.091141939163208,156914
22.092056274414062,156914
22.093414306640625,156914
22.094337463378906,156914
22.09525728225708,156914
22.09617567062378,156914
22.097095727920532,156914
22.098010540008545,156914
22.099363803863525,156914
22.100284099578857,156914
22.101201057434082,156914
22.102117776870728,156914
22.103032112121582,156914
22.104405164718628,156914
22.1053249835968,156914
22.106246948242188,156914
22.107163667678833,156914
22.108081102371216,156914
22.10943627357483,156914
22.110352277755737,156914
22.111270427703857,156914
22.112192630767822,156914
22.11311364173889,156914
22.114038705825806,156914
22.11539649963379,156914
22.116312980651855,156914
22.11722993850708,156914
22.118147373199463,156914
22.119067430496216,156914
22.120420932769775,156914
22.12134099006653,156914
22.12225890159607,156914
22.12317967414856,156914
22.124110221862793,156914
22.125025272369385,156914
22.12637996673584,156914
22.12729835510254,156914
22.128217458724976,156914
22.129136562347412,156914
22.13005304336548,156914
22.13140630722046,156914
22.13232135772705,156914
22.1332368850708,156914
22.134170055389404,156914
22.13508653640747,156914
22.13643789291382,156914
22.13735342025757,156914
22.138272285461426,156914
22.13919186592102,156914
22.14010763168335,156914
22.141022443771362,156914
22.14237332344055,156914
22.143294095993042,156914
22.14422369003296,156914
22.145142078399658,156914
22.14605689048767,156914
22.14740800857544,156914
22.148324012756348,156914
22.149245500564575,156914
22.15016198158264,156914
22.151076793670654,156914
22.15243172645569,156914
22.153347492218018,156914
22.15427589416504,156914
22.15519666671753,156914
22.156115531921387,156914
22.157030820846558,156914
22.158384084701538,156914
22.159300327301025,156914
22.160220861434937,156914
22.16114091873169,156914
22.16205644607544,156914
22.163413524627686,156914
22.164340257644653,156914
22.165260076522827,156914
22.166176557540894,156914
22.167096376419067,156914
22.168012857437134,156914
22.169365882873535,156914
22.170283317565918,156914
22.171202182769775,156914
22.172118663787842,156914
22.17303466796875,156914
22.174400568008423,156914
22.175318717956543,156914
22.176238775253296,156914
22.177156925201416,156914
22.17807364463806,156914
22.17942976951599,156914
22.180347204208374,156914
22.181264400482178,156914
22.18219828605652,156914
22.18311834335327,156914
22.18404459953308,156914
22.185402870178223,156914
22.18631935119629,156914
22.187242031097412,156914
22.1881582736969,156914
22.189086437225342,156914
22.190011978149414,156914
22.191370010375977,156914
22.1922869682312,156914
22.193235874176025,156914
22.194162845611572,156914
22.195080757141113,156914
22.196435689926147,156914
22.197351932525635,156914
22.19827127456665,156914
22.199193239212036,156914
22.20011281967163,156914
22.201029539108276,156914
22.20238208770752,156914
22.20329761505127,156914
22.204227209091187,156914
22.20514464378357,156914
22.206068754196167,156914
22.207432746887207,156914
22.208351373672485,156914
22.209270477294922,156914
22.210193634033203,156914
22.211113214492798,156914
22.212031364440918,156914
22.21338701248169,156914
22.214311838150024,156914
22.215232849121094,156914
22.21615171432495,156914
22.21706986427307,156914
22.218425512313843,156914
22.219346284866333,156914
22.22026515007019,156914
22.221182584762573,156914
22.22210431098938,156914
22.223020553588867,156914
22.224384546279907,156914
22.22530174255371,156914
22.226222276687622,156914
22.227142333984375,156914
22.22805690765381,156914
22.22941255569458,156914
22.23032855987549,156914
22.231250047683716,156914
22.23216676712036,156914
22.233085870742798,156914
22.234013557434082,156914
22.235368490219116,156914
22.236283779144287,156914
22.237204790115356,156914
22.238123655319214,156914
22.2390398979187,156914
22.24039912223816,156914
22.2413170337677,156914
22.242236614227295,156914
22.243157148361206,156914
22.244083881378174,156914
22.245533227920532,156914
22.246020793914795,156914
22.247378826141357,156914
22.248295545578003,156914
22.24921417236328,156914
22.250129461288452,156914
22.251044034957886,156914
22.252399682998657,156914
22.253318071365356,156914
22.25424814224243,156914
22.255168914794922,156914
22.256088733673096,156914
22.257010221481323,156914
22.25836443901062,156914
22.259281873703003,156914
22.260199785232544,156914
22.26112151145935,156914
22.262039184570312,156914
22.26339292526245,156914
22.26431655883789,156914
22.265233516693115,156914
22.26615262031555,156914
22.267067909240723,156914
22.268425941467285,156914
22.269341468811035,156914
22.270261526107788,156914
22.271181106567383,156914
22.272098302841187,156914
22.27301263809204,156914
22.274372577667236,156914
22.275291919708252,156914
22.276211261749268,156914
22.27713131904602,156914
22.278046369552612,156914
22.279402256011963,156914
22.28031897544861,156914
22.281236171722412,156914
22.28215456008911,156914
22.283066272735596,156914
22.28443169593811,156914
22.285350799560547,156914
22.286276817321777,156914
22.287196159362793,156914
22.288114309310913,156914
22.28902769088745,156914
22.290380477905273,156914
22.291296005249023,156914
22.292215585708618,156914
22.29313611984253,156914
22.294061422348022,156914
22.295419692993164,156914
22.29633641242981,156914
22.29725480079651,156914
22.29817008972168,156914
22.299087285995483,156914
22.300004243850708,156914
22.30135703086853,156914
22.302277326583862,156914
22.303198099136353,156914
22.304134130477905,156914
22.305053234100342,156914
22.306408405303955,156914
22.30732774734497,156914
22.30824565887451,156914
22.309163331985474,156914
22.310081005096436,156914
22.311434507369995,156914
22.31235146522522,156914
22.313268661499023,156914
22.314200401306152,156914
22.31511926651001,156914
22.316036462783813,156914
22.317391633987427,156914
22.318310022354126,156914
22.319227695465088,156914
22.320146083831787,156914
22.32106328010559,156914
22.322417974472046,156914
22.323336839675903,156914
22.324265718460083,156914
22.325186014175415,156914
22.32610511779785,156914
22.327021837234497,156914
22.328377723693848,156914
22.32929754257202,156914
22.330214262008667,156914
22.331132173538208,156914
22.332049131393433,156914
22.333402156829834,156914
22.334327459335327,156914
22.335249662399292,156914
22.336172580718994,156914
22.337090253829956,156914
22.338006496429443,156914
22.339362382888794,156914
22.34028124809265,156914
22.341201305389404,156914
22.342121124267578,156914
22.343040227890015,156914
22.344403743743896,156914
22.3453209400177,156914
22.34623908996582,156914
22.347163438796997,156914
22.348081350326538,156914
22.349436283111572,156914
22.350353002548218,156914
22.351273775100708,156914
22.3521945476532,156914
22.353112936019897,156914
22.354039430618286,156914
22.3553946018219,156914
22.35631012916565,156914
22.357232093811035,156914
22.35815191268921,156914
22.359066247940063,156914
22.360427141189575,156914
22.361342191696167,156914
22.3622624874115,156914
22.363184928894043,156914
22.364116668701172,156914
22.365034341812134,156914
22.36638855934143,156914
22.367305994033813,156914
22.368220329284668,156914
22.369139432907104,156914
22.37005877494812,156914
22.37141489982605,156914
22.37233018875122,156914
22.373247861862183,156914
22.374175786972046,156914
22.375094175338745,156914
22.37601113319397,156914
22.377362728118896,156914
22.378279209136963,156914
22.379199266433716,156914
22.380117893218994,156914
22.381036043167114,156914
22.382394790649414,156914
22.383309602737427,156914
22.38423776626587,156914
22.385160207748413,156914
22.38607382774353,156914
22.387428522109985,156914
22.38834834098816,156914
22.389269828796387,156914
22.39018750190735,156914
22.3911075592041,156914
22.39202356338501,156914
22.393378257751465,156914
22.394307851791382,156914
22.395231008529663,156914
22.396150588989258,156914
22.39706540107727,156914
22.39841651916504,156914
22.399334192276,156914
22.400253295898438,156914
22.401171445846558,156914
22.402091026306152,156914
22.403010368347168,156914
22.40437364578247,156914
22.405289888381958,156914
22.406208038330078,156914
22.40712833404541,156914
22.408042669296265,156914
22.40939736366272,156914
22.410313844680786,156914
22.411235094070435,156914
22.412155389785767,156914
22.413073301315308,156914
22.41443943977356,156914
22.41535711288452,156914
22.416277170181274,156914
22.4171941280365,156914
22.418113231658936,156914
22.419029474258423,156914
22.420386791229248,156914
22.421304941177368,156914
22.42222285270691,156914
22.423144340515137,156914
22.4240665435791,156914
22.42542314529419,156914
22.42634344100952,156914
22.427263498306274,156914
22.428182125091553,156914
22.429099082946777,156914
22.43001627922058,156914
22.431368827819824,156914
22.432286977767944,156914
22.43320608139038,156914
22.43413782119751,156914
22.435054302215576,156914
22.436412811279297,156914
22.437329530715942,156914
22.43824863433838,156914
22.439165353775024,156914
22.440083265304565,156914
22.44143843650818,156914
22.44235634803772,156914
22.44327712059021,156914
22.44420552253723,156914
22.445124626159668,156914
22.44604229927063,156914
22.447394371032715,156914
22.44831085205078,156914
22.449228525161743,156914
22.45014977455139,156914
22.45106554031372,156914
22.452423095703125,156914
22.453341007232666,156914
22.45427370071411,156914
22.455194234848022,156914
22.4561128616333,156914
22.45702838897705,156914
22.45838212966919,156914
22.45930242538452,156914
22.46022081375122,156914
22.461143493652344,156914
22.462061882019043,156914
22.463417291641235,156914
22.464343547821045,156914
22.465263843536377,156914
22.46618342399597,156914
22.467103242874146,156914
22.46802043914795,156914
22.469367742538452,156914
22.470287322998047,156914
22.47120428085327,156914
22.472124338150024,156914
22.473043203353882,156914
22.47441339492798,156914
22.475332260131836,156914
22.476255416870117,156914
22.477177381515503,156914
22.478094816207886,156914
22.479012489318848,156914
22.480368852615356,156914
22.481287956237793,156914
22.482208490371704,156914
22.483128309249878,156914
22.484052896499634,156914
22.485411405563354,156914
22.486327409744263,156914
22.48724937438965,156914
22.488168716430664,156914
22.489086151123047,156914
22.49000573158264,156914
22.49135994911194,156914
22.492278814315796,156914
22.493196964263916,156914
22.49412751197815,156914
22.495043516159058,156914
22.496395111083984,156914
22.4973087310791,156914
22.49822735786438,156914
22.499148845672607,156914
22.50006604194641,156914
22.501422882080078,156914
22.502339839935303,156914
22.503259420394897,156914
22.50419545173645,156914
22.50511384010315,156914
22.506031036376953,156914
22.507388591766357,156914
22.508304595947266,156914
22.509223699569702,156914
22.51013970375061,156914
22.511056900024414,156914
22.512409448623657,156914
22.513328075408936,156914
22.5142605304718,156914
22.515178442001343,156914
22.51609754562378,156914
22.517014026641846,156914
22.518368005752563,156914
22.519286155700684,156914
22.520206212997437,156914
22.52112650871277,156914
22.522042751312256,156914
22.523399829864502,156914
22.524327039718628,156914
22.525245666503906,156914
22.5261652469635,156914
22.527086973190308,156914
22.528005123138428,156914
22.529364109039307,156914
22.530282974243164,156914
22.531204223632812,156914
22.53212261199951,156914
22.53303623199463,156914
22.53440523147583,156914
22.535324573516846,156914
22.536245107650757,156914
22.53716254234314,156914
22.538078546524048,156914
22.539433479309082,156914
22.540351152420044,156914
22.541269540786743,156914
22.542191743850708,156914
22.543109893798828,156914
22.544031858444214,156914
22.545387506484985,156914
22.54630422592163,156914
22.54722571372986,156914
22.54814577102661,156914
22.549063205718994,156914
22.550418376922607,156914
22.551337480545044,156914
22.552260160446167,156914
22.553180932998657,156914
22.55411195755005,156914
22.555028915405273,156914
22.5563862323761,156914
22.557304859161377,156914
22.558226346969604,156914
22.559147119522095,156914
22.560065031051636,156914
22.5614230632782,156914
22.562344312667847,156914
22.56326413154602,156914
22.56419801712036,156914
22.565115928649902,156914
22.566033124923706,156914
22.567390203475952,156914
22.56830859184265,156914
22.569229125976562,156914
22.570147275924683,156914
22.571062564849854,156914
22.572417736053467,156914
22.573336839675903,156914
22.57426428794861,156914
22.57518243789673,156914
22.576104640960693,156914
22.577016592025757,156914
22.578370809555054,156914
22.57928776741028,156914
22.580207109451294,156914
22.58112668991089,156914
22.582046270370483,156914
22.583402633666992,156914
22.584327220916748,156914
22.585248470306396,156914
22.58617067337036,156914
22.58708882331848,156914
22.588006019592285,156914
22.589360237121582,156914
22.59027910232544,156914
22.591198205947876,156914
22.5921151638031,156914
22.593031406402588,156914
22.594393491744995,156914
22.595312118530273,156914
22.596230030059814,156914
22.597150087356567,156914
22.59806489944458,156914
22.599420070648193,156914
22.600338459014893,156914
22.60125732421875,156914
22.602174520492554,156914
22.60309600830078,156914
22.604026079177856,156914
22.605382680892944,156914
22.60630226135254,156914
22.60721755027771,156914
22.60813617706299,156914
22.60905146598816,156914
22.61040449142456,156914
22.611318826675415,156914
22.612236738204956,156914
22.61315417289734,156914
22.614078521728516,156914
22.615432739257812,156914
22.61635136604309,156914
22.617269277572632,156914
22.618186235427856,156914
22.619107723236084,156914
22.620025873184204,156914
22.621381282806396,156914
22.622293710708618,156914
22.62321400642395,156914
22.624141216278076,156914
22.62505531311035,156914
22.626410722732544,156914
22.62732696533203,156914
22.628265619277954,156914
22.6291823387146,156914
22.630100965499878,156914
22.631015062332153,156914
22.63237190246582,156914
22.633289337158203,156914
22.63422417640686,156914
22.635141372680664,156914
22.63605570793152,156914
22.637409687042236,156914
22.63832449913025,156914
22.63924217224121,156914
22.64016103744507,156914
22.64107394218445,156914
22.64242148399353,156914
22.64333963394165,156914
22.64426898956299,156914
22.64518976211548,156914
22.646106958389282,156914
22.647024154663086,156914
22.648375511169434,156914
22.649293422698975,156914
22.65021252632141,156914
22.651132106781006,156914
22.652050971984863,156914
22.65340495109558,156914
22.654330015182495,156914
22.655247688293457,156914
22.656169414520264,156914
22.65708589553833,156914
22.658440351486206,156914
22.659356355667114,156914
22.66027569770813,156914
22.661194562911987,156914
22.66210961341858,156914
22.66302514076233,156914
22.66439127922058,156914
22.66530680656433,156914
22.666225910186768,156914
22.66714882850647,156914
22.668066024780273,156914
22.66942071914673,156914
22.670334339141846,156914
22.67125630378723,156914
22.672176599502563,156914
22.673093795776367,156914
22.674022674560547,156914
22.67537808418274,156914
22.676297187805176,156914
22.67721390724182,156914
22.678133726119995,156914
22.67905044555664,156914
22.680407762527466,156914
22.681323766708374,156914
22.682244300842285,156914
22.683164358139038,156914
22.68409037590027,156914
22.68501043319702,156914
22.68636417388916,156914
22.68728518486023,156914
22.688202381134033,156914
22.68912124633789,156914
22.6900372505188,156914
22.69139528274536,156914
22.692310333251953,156914
22.69322943687439,156914
22.694159030914307,156914
22.69507598876953,156914
22.696436882019043,156914
22.697354555130005,156914
22.69827437400818,156914
22.699193000793457,156914
22.700113773345947,156914
22.70102858543396,156914
22.702383041381836,156914
22.703299522399902,156914
22.704237937927246,156914
22.705157041549683,156914
22.70607352256775,156914
22.7074294090271,156914
22.708346843719482,156914
22.70926260948181,156914
22.71017599105835,156914
22.711093425750732,156914
22.71200966835022,156914
22.713367462158203,156914
22.714294910430908,156914
22.715213775634766,156914
22.71613383293152,156914
22.71704936027527,156914
22.71840739250183,156914
22.719325065612793,156914
22.72024416923523,156914
22.72115993499756,156914
22.722073793411255,156914
22.723426818847656,156914
22.724350690841675,156914
22.725266695022583,156914
22.726183652877808,156914
22.727103233337402,156914
22.728021144866943,156914
22.729376077651978,156914
22.730294466018677,156914
22.731215953826904,156914
22.732133865356445,156914
22.733051776885986,156914
22.73442244529724,156914
22.73534107208252,156914
22.736270666122437,156914
22.73719310760498,156914
22.738300800323486,156914
22.739219427108765,156914
22.74013924598694,156914
22.741055488586426,156914
22.74241018295288,156914
22.743326902389526,156914
22.74425959587097,156914
22.74517798423767,156914
22.746095418930054,156914
22.74701428413391,156914
22.748367071151733,156914
22.74928617477417,156914
22.750205039978027,156914
22.751127243041992,156914
22.752044677734375,156914
22.753400802612305,156914
22.75432562828064,156914
22.755247831344604,156914
22.756165504455566,156914
22.75708031654358,156914
22.758436918258667,156914
22.75935459136963,156914
22.760274648666382,156914
22.76119327545166,156914
22.762113571166992,156914
22.763028383255005,156914
22.764393091201782,156914
22.765308141708374,156914
22.766231775283813,156914
22.767151832580566,156914
22.76807165145874,156914
22.769429445266724,156914
22.770346879959106,156914
22.771265029907227,156914
22.77218198776245,156914
22.773098707199097,156914
22.774023294448853,156914
22.77538275718689,156914
22.776299715042114,156914
22.7772216796875,156914
22.778143644332886,156914
22.779059648513794,156914
22.78041434288025,156914
22.78133273124695,156914
22.782252073287964,156914
22.78316831588745,156914
22.784093856811523,156914
22.785012245178223,156914
22.786367177963257,156914
22.787283897399902,156914
22.788203477859497,156914
22.789119720458984,156914
22.79003143310547,156914
22.79138708114624,156914
22.792306661605835,156914
22.793226718902588,156914
22.79415488243103,156914
22.795072078704834,156914
22.796425104141235,156914
22.797343969345093,156914
22.79826307296753,156914
22.799182891845703,156914
22.800100803375244,156914
22.80101442337036,156914
22.80237054824829,156914
22.803289651870728,156914
22.8042209148407,156914
22.805139303207397,156914
22.806058645248413,156914
22.807411432266235,156914
22.8083279132843,156914
22.809247255325317,156914
22.8101646900177,156914
22.81108331680298,156914
22.812439441680908,156914
22.813352584838867,156914
22.814285278320312,156914
22.815207719802856,156914
22.81612730026245,156914
22.817044258117676,156914
22.818406105041504,156914
22.819326400756836,156914
22.820244789123535,156914
22.821163415908813,156914
22.822078943252563,156914
22.823432683944702,156914
22.82435894012451,156914
22.82527732849121,156914
22.82619833946228,156914
22.82711625099182,156914
22.828032970428467,156914
22.82938861846924,156914
22.830304622650146,156914
22.831225156784058,156914
22.832147121429443,156914
22.833062887191772,156914
22.834425926208496,156914
22.835339069366455,156914
22.836259603500366,156914
22.83717679977417,156914
22.838092803955078,156914
22.83901023864746,156914
22.840362310409546,156914
22.84127950668335,156914
22.842196702957153,156914
22.843116998672485,156914
22.8440420627594,156914
22.84539794921875,156914
22.846312999725342,156914
22.847238063812256,156914
22.84815788269043,156914
22.84907341003418,156914
22.850431442260742,156914
22.851348876953125,156914
22.85226821899414,156914
22.85318875312805,156914
22.85412049293518,156914
22.855037212371826,156914
22.856392860412598,156914
22.857308387756348,156914
22.85822892189026,156914
22.859150648117065,156914
22.860065698623657,156914
22.861423015594482,156914
22.862343311309814,156914
22.86326503753662,156914
22.86419677734375,156914
22.865116357803345,156914
22.86603283882141,156914
22.86738896369934,156914
22.86830496788025,156914
22.86922550201416,156914
22.870147228240967,156914
22.871060848236084,156914
22.872418880462646,156914
22.873335123062134,156914
22.87426471710205,156914
22.875184774398804,156914
22.87610697746277,156914
22.87702488899231,156914
22.878384351730347,156914
22.879302263259888,156914
22.880223989486694,156914
22.881146669387817,156914
22.882065534591675,156914
22.883424282073975,156914
22.884349822998047,156914
22.8852698802948,156914
22.88619065284729,156914
22.887108087539673,156914
22.88802719116211,156914
22.889383554458618,156914
22.89030146598816,156914
22.891221284866333,156914
22.892144441604614,156914
22.893064260482788,156914
22.89443302154541,156914
22.895350694656372,156914
22.89626979827881,156914
22.897189378738403,156914
22.898113250732422,156914
22.899029970169067,156914
22.900389194488525,156914
22.901307344436646,156914
22.902226209640503,156914
22.903153657913208,156914
22.90409207344055,156914
22.905012845993042,156914
22.906367778778076,156914
22.907286643981934,156914
22.908204793930054,156914
22.909122943878174,156914
22.91003966331482,156914
22.91139793395996,156914
22.912312984466553,156914
22.91323685646057,156914
22.914168119430542,156914
22.91508436203003,156914
22.91644024848938,156914
22.917359828948975,156914
22.91828203201294,156914
22.91920042037964,156914
22.920117139816284,156914
22.92103409767151,156914
22.922390699386597,156914
22.923306941986084,156914
22.924240589141846,156914
22.92516016960144,156914
22.926079034805298,156914
22.9274423122406,156914
22.92835831642151,156914
22.929276704788208,156914
22.930196046829224,156914
22.931114196777344,156914
22.932034492492676,156914
22.933391094207764,156914
22.934316873550415,156914
22.935240745544434,156914
22.936160564422607,156914
22.937074899673462,156914
22.938432455062866,156914
22.939351320266724,156914
22.940269947052002,156914
22.941189289093018,156914
22.94210982322693,156914
22.943026065826416,156914
22.94439148902893,156914
22.94530487060547,156914
22.9462251663208,156914
22.947142362594604,156914
22.94805932044983,156914
22.949416875839233,156914
22.950335025787354,156914
22.951253175735474,156914
22.95216989517212,156914
22.953088998794556,156914
22.954014539718628,156914
22.955371141433716,156914
22.956289052963257,156914
22.957209587097168,156914
22.95812678337097,156914
22.959040641784668,156914
22.960394620895386,156914
22.961312532424927,156914
22.962233543395996,156914
22.963154792785645,156914
22.96407914161682,156914
22.96543788909912,156914
22.966358423233032,156914
22.967278480529785,156914
22.968199491500854,156914
22.969116926193237,156914
22.97003698348999,156914
22.971395015716553,156914
22.972315788269043,156914
22.97323751449585,156914
22.97416663169861,156914
22.97508716583252,156914
22.97600507736206,156914
22.977363348007202,156914
22.978283166885376,156914
22.979201793670654,156914
22.980122804641724,156914
22.98103952407837,156914
22.982397079467773,156914
22.983315229415894,156914
22.984245777130127,156914
22.985166788101196,156914
22.98608684539795,156914
22.987010955810547,156914
22.988369464874268,156914
22.98928713798523,156914
22.9902081489563,156914
22.99112868309021,156914
22.992045164108276,156914
22.99340057373047,156914
22.99432635307312,156914
22.995249032974243,156914
22.996167182922363,156914
22.997087717056274,156914
22.998005151748657,156914
22.999361038208008,156914
23.00027823448181,156914
23.001198291778564,156914
23.002115964889526,156914
23.00303316116333,156914
23.004401922225952,156914
23.005322694778442,156914
23.006239414215088,156914
23.007158279418945,156914
23.008074283599854,156914
23.009430408477783,156914
23.010348320007324,156914
23.011266708374023,156914
23.012186288833618,156914
23.013104915618896,156914
23.014028787612915,156914
23.015382289886475,156914
23.016300678253174,156914
23.017221927642822,156914
23.018144130706787,156914
23.01906728744507,156914
23.020427227020264,156914
23.0213463306427,156914
23.022264003753662,156914
23.023186206817627,156914
23.02411651611328,156914
23.025030851364136,156914
23.026386737823486,156914
23.027303457260132,156914
23.028224229812622,156914
23.02914524078369,156914
23.030067682266235,156914
23.031424522399902,156914
23.032342433929443,156914
23.033264636993408,156914
23.034199237823486,156914
23.03511929512024,156914
23.0360324382782,156914
23.03739047050476,156914
23.03831648826599,156914
23.03923773765564,156914
23.040157318115234,156914
23.041075944900513,156914
23.042433500289917,156914
23.043348789215088,156914
23.044278144836426,156914
23.045199394226074,156914
23.046117782592773,156914
23.047029972076416,156914
23.04838800430298,156914
23.049306392669678,156914
23.050222635269165,156914
23.051140785217285,156914
23.052058935165405,156914
23.053414821624756,156914
23.05434012413025,156914
23.05525851249695,156914
23.056177854537964,156914
23.0570969581604,156914
23.05801296234131,156914
23.059364080429077,156914
23.060287475585938,156914
23.061206817626953,156914
23.06212854385376,156914
23.06304407119751,156914
23.064409494400024,156914
23.065333127975464,156914
23.06625509262085,156914
23.067177772521973,156914
23.068098306655884,156914
23.069019556045532,156914
23.070382833480835,156914
23.071300983428955,156914
23.072224140167236,156914
23.07314658164978,156914
23.074073791503906,156914
23.075430631637573,156914
23.07634949684143,156914
23.077265739440918,156914
23.078185319900513,156914
23.07910132408142,156914
23.080013751983643,156914
23.081364393234253,156914
23.082284688949585,156914
23.08320379257202,156914
23.084133625030518,156914
23.08505153656006,156914
23.086405754089355,156914
23.087324619293213,156914
23.088241577148438,156914
23.08916163444519,156914
23.0900821685791,156914
23.091437339782715,156914
23.092353105545044,156914
23.093267679214478,156914
23.094196557998657,156914
23.0951144695282,156914
23.096027374267578,156914
23.097381591796875,156914
23.098300457000732,156914
23.09921956062317,156914
23.100141763687134,156914
23.101056814193726,156914
23.102412223815918,156914
23.103328227996826,156914
23.104262828826904,156914
23.105182886123657,156914
23.10609793663025,156914
23.10701608657837,156914
23.108367443084717,156914
23.10928511619568,156914
23.110203981399536,156914
23.111125469207764,156914
23.11204171180725,156914
23.113398551940918,156914
23.114322423934937,156914
23.115248918533325,156914
23.116168975830078,156914
23.117085695266724,156914
23.118003129959106,156914
23.119357109069824,156914
23.12027668952942,156914
23.121193647384644,156914
23.12211036682129,156914
23.12302803993225,156914
23.124390840530396,156914
23.125304698944092,156914
23.126226902008057,156914
23.12714648246765,156914
23.12806272506714,156914
23.129419803619385,156914
23.13033962249756,156914
23.13126301765442,156914
23.132185459136963,156914
23.13310694694519,156914
23.13403058052063,156914
23.135388612747192,156914
23.1363046169281,156914
23.137223482131958,156914
23.13814687728882,156914
23.139065265655518,156914
23.14042067527771,156914
23.141339778900146,156914
23.142258882522583,156914
23.143179893493652,156914
23.144110918045044,156914
23.145025491714478,156914
23.146378755569458,156914
23.147294998168945,156914
23.148216724395752,156914
23.14913296699524,156914
23.150046586990356,156914
23.151401042938232,156914
23.15231943130493,156914
23.15323758125305,156914
23.15416646003723,156914
23.15508723258972,156914
23.15600562095642,156914
23.15735936164856,156914
23.158275365829468,156914
23.159194469451904,156914
23.1601140499115,156914
23.161028385162354,156914
23.162383794784546,156914
23.16330313682556,156914
23.1642324924469,156914
23.16514778137207,156914
23.16608738899231,156914
23.167004108428955,156914
23.168364763259888,156914
23.16928744316101,156914
23.17021107673645,156914
23.171130657196045,156914
23.172043800354004,156914
23.17340064048767,156914
23.174325942993164,156914
23.175243139266968,156914
23.176162004470825,156914
23.177080392837524,156914
23.178438425064087,156914
23.17935824394226,156914
23.180275440216064,156914
23.181196212768555,156914
23.182116746902466,156914
23.183031797409058,156914
23.184404134750366,156914
23.18532109260559,156914
23.18623685836792,156914
23.18715476989746,156914
23.188069820404053,156914
23.18942093849182,156914
23.19033694267273,156914
23.19125485420227,156914
23.192174673080444,156914
23.193089962005615,156914
23.194013357162476,156914
23.19536805152893,156914
23.196290731430054,156914
23.197210550308228,156914
23.198126077651978,156914
23.19904351234436,156914
23.200401544570923,156914
23.201319694519043,156914
23.20223569869995,156914
23.203152656555176,156914
23.204075813293457,156914
23.205431699752808,156914
23.206347465515137,156914
23.207266330718994,156914
23.20818042755127,156914
23.209096431732178,156914
23.21001648902893,156914
23.211370944976807,156914
23.212291479110718,156914
23.213210344314575,156914
23.214141845703125,156914
23.215058088302612,156914
23.21641206741333,156914
23.217329263687134,156914
23.21825122833252,156914
23.219173192977905,156914
23.22009038925171,156914
23.221009016036987,156914
23.22236442565918,156914
23.22328519821167,156914
23.224213361740112,156914
23.22513508796692,156914
23.22605061531067,156914
23.227410078048706,156914
23.22832727432251,156914
23.229248046875,156914
23.230164766311646,156914
23.231082439422607,156914
23.232439517974854,156914
23.233354806900024,156914
23.234285593032837,156914
23.235207319259644,156914
23.2361261844635,156914
23.237044095993042,156914
23.23840355873108,156914
23.239317417144775,156914
23.24023699760437,156914
23.24116039276123,156914
23.242076635360718,156914
23.243436336517334,156914
23.244361877441406,156914
23.245281457901,156914
23.24620008468628,156914
23.247122049331665,156914
23.2480411529541,156914
23.24940013885498,156914
23.250316619873047,156914
23.25123906135559,156914
23.252159357070923,156914
23.25307607650757,156914
23.25400710105896,156914
23.255361080169678,156914
23.25628137588501,156914
23.257197618484497,156914
23.25811767578125,156914
23.259033918380737,156914
23.26039481163025,156914
23.261306524276733,156914
23.262226819992065,156914
23.263145685195923,156914
23.264069080352783,156914
23.265426874160767,156914
23.266342639923096,156914
23.26725935935974,156914
23.26817750930786,156914
23.26909565925598,156914
23.27001190185547,156914
23.271368265151978,156914
23.272286415100098,156914
23.273205518722534,156914
23.274133682250977,156914
23.27504801750183,156914
23.276406288146973,156914
23.277323484420776,156914
23.27824068069458,156914
23.279157638549805,156914
23.280073881149292,156914
23.2814302444458,156914
23.28234887123108,156914
23.283263206481934,156914
23.284193992614746,156914
23.285112619400024,156914
23.28602933883667,156914
23.28738021850586,156914
23.288297653198242,156914
23.28921675682068,156914
23.290135145187378,156914
23.291051387786865,156914
23.292410135269165,156914
23.29332685470581,156914
23.294256687164307,156914
23.29517388343811,156914
23.29608726501465,156914
23.297440767288208,156914
23.298359632492065,156914
23.29927659034729,156914
23.300193548202515,156914
23.301111459732056,156914
23.302030563354492,156914
23.303385257720947,156914
23.304315090179443,156914
23.305232763290405,156914
23.306151390075684,156914
23.30706524848938,156914
23.30842161178589,156914
23.309335947036743,156914
23.310256719589233,156914
23.311177015304565,156914
23.31209707260132,156914
23.31301474571228,156914
23.314374208450317,156914
23.315292596817017,156914
23.316209316253662,156914
23.31712770462036,156914
23.31804394721985,156914
23.319401025772095,156914
23.32031750679016,156914
23.321237325668335,156914
23.322158575057983,156914
23.323074102401733,156914
23.324442863464355,156914
23.325358152389526,156914
23.32627558708191,156914
23.3271963596344,156914
23.328119039535522,156914
23.32903552055359,156914
23.330389738082886,156914
23.331307649612427,156914
23.332225799560547,156914
23.33314561843872,156914
23.334069967269897,156914
23.33542490005493,156914
23.33634305000305,156914
23.337263107299805,156914
23.33818221092224,156914
23.339100122451782,156914
23.340018033981323,156914
23.3413724899292,156914
23.3422908782959,156914
23.343210697174072,156914
23.34413981437683,156914
23.345052480697632,156914
23.346407413482666,156914
23.34732484817505,156914
23.348244428634644,156914
23.349162101745605,156914
23.350080251693726,156914
23.35143756866455,156914
23.352355480194092,156914
23.353275060653687,156914
23.354204893112183,156914
23.35512137413025,156914
23.356036901474,156914
23.357393264770508,156914
23.358312368392944,156914
23.35923457145691,156914
23.360151052474976,156914
23.3610680103302,156914
23.362426280975342,156914
23.363346338272095,156914
23.36427617073059,156914
23.36520028114319,156914
23.366119384765625,156914
23.367035627365112,156914
23.368393898010254,156914
23.369311094284058,156914
23.37023091316223,156914
23.371154308319092,156914
23.3720760345459,156914
23.3734290599823,156914
23.37435245513916,156914
23.375272512435913,156914
23.3761944770813,156914
23.37711501121521,156914
23.378031492233276,156914
23.379387378692627,156914
23.38030481338501,156914
23.381226301193237,156914
23.382144927978516,156914
23.38306427001953,156914
23.384432077407837,156914
23.38534688949585,156914
23.386263847351074,156914
23.387185096740723,156914
23.38810443878174,156914
23.389018058776855,156914
23.39037275314331,156914
23.391292572021484,156914
23.392211198806763,156914
23.39313006401062,156914
23.394054889678955,156914
23.39541506767273,156914
23.39633297920227,156914
23.397252798080444,156914
23.398175477981567,156914
23.399094820022583,156914
23.400009155273438,156914
23.40136408805847,156914
23.402284145355225,156914
23.40320611000061,156914
23.404135942459106,156914
23.40505361557007,156914
23.40641188621521,156914
23.407331228256226,156914
23.408249855041504,156914
23.4091694355011,156914
23.410089254379272,156914
23.41100788116455,156914
23.41236686706543,156914
23.413286209106445,156914
23.41421866416931,156914
23.415137767791748,156914
23.41605544090271,156914
23.417417526245117,156914
23.418333053588867,156914
23.419254302978516,156914
23.42017412185669,156914
23.42109251022339,156914
23.422005891799927,156914
23.423364639282227,156914
23.424294471740723,156914
23.42521858215332,156914
23.4261314868927,156914
23.427048921585083,156914
23.428401947021484,156914
23.429319858551025,156914
23.430236339569092,156914
23.431156635284424,156914
23.43207359313965,156914
23.433428049087524,156914
23.434351205825806,156914
23.43527317047119,156914
23.436189889907837,156914
23.4371075630188,156914
23.43802785873413,156914
23.439388275146484,156914
23.440306663513184,156914
23.44122838973999,156914
23.442153930664062,156914
23.44307017326355,156914
23.444441080093384,156914
23.44535803794861,156914
23.446277618408203,156914
23.447197198867798,156914
23.44811511039734,156914
23.449032306671143,156914
23.450387477874756,156914
23.45130467414856,156914
23.4522225856781,156914
23.45314073562622,156914
23.454068422317505,156914
23.45542621612549,156914
23.456339359283447,156914
23.45725965499878,156914
23.4581778049469,156914
23.45909357070923,156914
23.460014820098877,156914
23.461368560791016,156914
23.4622859954834,156914
23.46320605278015,156914
23.464136838912964,156914
23.465052604675293,156914
23.4664089679718,156914
23.46732497215271,156914
23.46824598312378,156914
23.469165086746216,156914
23.470080614089966,156914
23.471436262130737,156914
23.47235345840454,156914
23.473269939422607,156914
23.474199056625366,156914
23.475117683410645,156914
23.476035118103027,156914
23.477392435073853,156914
23.478306770324707,156914
23.479225158691406,156914
23.480143547058105,156914
23.48106050491333,156914
23.482419967651367,156914
23.483341217041016,156914
23.484273195266724,156914
23.48518967628479,156914
23.48610758781433,156914
23.487022876739502,156914
23.488383531570435,156914
23.489299774169922,156914
23.490217447280884,156914
23.49113631248474,156914
23.49204969406128,156914
23.49340510368347,156914
23.494332313537598,156914
23.495249032974243,156914
23.496168613433838,156914
23.49708843231201,156914
23.498440742492676,156914
23.499361038208008,156914
23.50027823448181,156914
23.501201391220093,156914
23.502118825912476,156914
23.503028631210327,156914
23.50439953804016,156914
23.505316495895386,156914
23.50623393058777,156914
23.507152318954468,156914
23.508066415786743,156914
23.509425163269043,156914
23.510360956192017,156914
23.51128315925598,156914
23.512203216552734,156914
23.51312494277954,156914
23.51404643058777,156914
23.515414714813232,156914
23.516337156295776,156914
23.517253875732422,156914
23.518173217773438,156914
23.519100189208984,156914
23.52001714706421,156914
23.521368503570557,156914
23.522284984588623,156914
23.52342176437378,156914
23.52425217628479,156914
23.525081634521484,156914
23.526663303375244,156914
23.527507305145264,156914
23.52832841873169,156914
23.529147148132324,156914
23.530741214752197,156914
23.53156280517578,156914
23.53239130973816,156914
23.5332133769989,156914
23.534047603607178,156914
23.53563141822815,156914
23.53645610809326,156914
23.537281036376953,156914
23.53810214996338,156914
23.539690494537354,156914
23.54051113128662,156914
23.54133701324463,156914
23.542160034179688,156914
23.543750047683716,156914
23.544581174850464,156914
23.545405387878418,156914
23.546230792999268,156914
23.547056198120117,156914
23.548643350601196,156914
23.549469470977783,156914
23.55030059814453,156914
23.551119327545166,156914
23.552706956863403,156914
23.55352759361267,156914
23.554364919662476,156914
23.555181980133057,156914
23.55600881576538,156914
23.557591915130615,156914
23.558419704437256,156914
23.55924391746521,156914
23.56006693840027,156914
23.561657190322876,156914
23.562482595443726,156914
23.563305377960205,156914
23.564136505126953,156914
23.565723419189453,156914
23.566545724868774,156914
23.567372798919678,156914
23.568188667297363,156914
23.569016218185425,156914
23.570602416992188,156914
23.57142996788025,156914
23.57225275039673,156914
23.573076963424683,156914
23.574673414230347,156914
23.575501680374146,156914
23.576329231262207,156914
23.577146291732788,156914
23.578737258911133,156914
23.579559803009033,156914
23.58038592338562,156914
23.581209897994995,156914
23.582035064697266,156914
23.583621740341187,156914
23.58445429801941,156914
23.58528184890747,156914
23.586106777191162,156914
23.587691068649292,156914
23.58851432800293,156914
23.589338302612305,156914
23.590160608291626,156914
23.591745138168335,156914
23.59256863594055,156914
23.593398332595825,156914
23.594229698181152,156914
23.595054626464844,156914
23.5966374874115,156914
23.59746241569519,156914
23.598288774490356,156914
23.5991108417511,156914
23.600698232650757,156914
23.6015202999115,156914
23.602348566055298,156914
23.60316562652588,156914
23.60476541519165,156914
23.605590343475342,156914
23.606414079666138,156914
23.607240915298462,156914
23.608068466186523,156914
23.60965132713318,156914
23.61047863960266,156914
23.61130166053772,156914
23.612119436264038,156914
23.613701343536377,156914
23.614533185958862,156914
23.615357875823975,156914
23.616177797317505,156914
23.617006063461304,156914
23.618589401245117,156914
23.619418382644653,156914
23.620245933532715,156914
23.62106728553772,156914
23.622654914855957,156914
23.623476028442383,156914
23.624316215515137,156914
23.625135898590088,156914
23.626718997955322,156914
23.627543687820435,156914
23.62836742401123,156914
23.62919282913208,156914
23.630021333694458,156914
23.63160467147827,156914
23.632433652877808,156914
23.633259534835815,156914
23.63409399986267,156914
23.635681867599487,156914
23.636502981185913,156914
23.637331247329712,156914
23.63814949989319,156914
23.63973832130432,156914
23.64056134223938,156914
23.641388416290283,156914
23.642214059829712,156914
23.64303755760193,156914
23.644630908966064,156914
23.645455598831177,156914
23.646283626556396,156914
23.64710807800293,156914
23.64869236946106,156914
23.649513006210327,156914
23.650338888168335,156914
23.651156663894653,156914
23.652746438980103,156914
23.653568744659424,156914
23.654399633407593,156914
23.655227422714233,156914
23.65605139732361,156914
23.65763783454895,156914
23.65846347808838,156914
23.659289836883545,156914
23.66011357307434,156914
23.661700010299683,156914
23.66252326965332,156914
23.66335105895996,156914
23.66417646408081,156914
23.665761470794678,156914
23.66658329963684,156914
23.667412281036377,156914
23.66823673248291,156914
23.6690616607666,156914
23.670648336410522,156914
23.671475648880005,156914
23.672300338745117,156914
23.6731173992157,156914
23.674711227416992,156914
23.675530910491943,156914
23.676357746124268,156914
23.677177667617798,156914
23.67876434326172,156914
23.67958378791809,156914
23.68040919303894,156914
23.68123507499695,156914
23.68206000328064,156914
23.68364691734314,156914
23.684481382369995,156914
23.68530797958374,156914
23.686132431030273,156914
23.687718629837036,156914
23.688540935516357,156914
23.68936848640442,156914
23.690192937850952,156914
23.691019535064697,156914
23.69260263442993,156914
23.693429708480835,156914
23.694262742996216,156914
23.695085525512695,156914
23.696674823760986,156914
23.697500467300415,156914
23.698328495025635,156914
23.69915008544922,156914
23.70073962211609,156914
23.701561212539673,156914
23.702388048171997,156914
23.70321297645569,156914
23.704049825668335,156914
23.70563817024231,156914
23.706465005874634,156914
23.707290649414062,156914
23.70811700820923,156914
23.709704875946045,156914
23.71052885055542,156914
23.711353302001953,156914
23.712178230285645,156914
23.713009357452393,156914
23.71460485458374,156914
23.7154324054718,156914
23.71625518798828,156914
23.717079877853394,156914
23.718666553497314,156914
23.719493627548218,156914
23.720320463180542,156914
23.721145153045654,156914
23.7227303981781,156914
23.723552703857422,156914
23.724388360977173,156914
23.725210428237915,156914
23.726037979125977,156914
23.727623462677002,156914
23.728450536727905,156914
23.729273080825806,156914
23.73010277748108,156914
23.731685400009155,156914
23.73250699043274,156914
23.73333168029785,156914
23.734160661697388,156914
23.73575210571289,156914
23.73657774925232,156914
23.737410068511963,156914
23.738232612609863,156914
23.739056825637817,156914
23.740642070770264,156914
23.74146866798401,156914
23.742294311523438,156914
23.743109703063965,156914
23.744708776474,156914
23.74553084373474,156914
23.746357440948486,156914
23.747178316116333,156914
23.748767852783203,156914
23.749589920043945,156914
23.750423431396484,156914
23.751248121261597,156914
23.75207233428955,156914
23.753658294677734,156914
23.754496335983276,156914
23.75532364845276,156914
23.756141901016235,156914
23.757732391357422,156914
23.75855588912964,156914
23.759385585784912,156914
23.760207653045654,156914
23.761029481887817,156914
23.76261305809021,156914
23.763439655303955,156914
23.764277458190918,156914
23.765103340148926,156914
23.766685962677002,156914
23.76750922203064,156914
23.76833462715149,156914
23.769158124923706,156914
23.770748138427734,156914
23.771571159362793,156914
23.77239441871643,156914
23.773220777511597,156914
23.774056673049927,156914
23.77563500404358,156914
23.776463270187378,156914
23.77728796005249,156914
23.778111696243286,156914
23.779699325561523,156914
23.780523538589478,156914
23.78134822845459,156914
23.782166481018066,156914
23.783750534057617,156914
23.784579753875732,156914
23.78540563583374,156914
23.78623127937317,156914
23.787052869796753,156914
23.7886381149292,156914
23.78946328163147,156914
23.790286779403687,156914
23.791110038757324,156914
23.792694091796875,156914
23.79351568222046,156914
23.79435133934021,156914
23.795173406600952,156914
23.796757698059082,156914
23.7975811958313,156914
23.79840850830078,156914
23.79923152923584,156914
23.800056219100952,156914
23.801642417907715,156914
23.80246615409851,156914
23.803295135498047,156914
23.804120540618896,156914
23.805712461471558,156914
23.806533098220825,156914
23.807358503341675,156914
23.8081796169281,156914
23.809008359909058,156914
23.810595273971558,156914
23.811420679092407,156914
23.812246084213257,156914
23.813069820404053,156914
23.814664363861084,156914
23.815492153167725,156914
23.81631827354431,156914
23.81713628768921,156914
23.818726301193237,156914
23.819549083709717,156914
23.82037663459778,156914
23.82119846343994,156914
23.82202124595642,156914
23.823606491088867,156914
23.824439764022827,156914
23.82526969909668,156914
23.826092004776,156914
23.827678203582764,156914
23.82850432395935,156914
23.829330444335938,156914
23.830154180526733,156914
23.8317391872406,156914
23.832562685012817,156914
23.833388805389404,156914
23.834221124649048,156914
23.83504605293274,156914
23.836628198623657,156914
23.83745813369751,156914
23.838279485702515,156914
23.839103937149048,156914
23.84069037437439,156914
23.84151291847229,156914
23.842341899871826,156914
23.84316062927246,156914
23.844759464263916,156914
23.8455810546875,156914
23.846406936645508,156914
23.84723162651062,156914
23.84805655479431,156914
23.84963846206665,156914
23.850462913513184,156914
23.851288557052612,156914
23.85211181640625,156914
23.8537015914917,156914
23.85457706451416,156914
23.85543417930603,156914
23.856289863586426,156914
23.857144117355347,156914
23.858783960342407,156914
23.859638452529907,156914
23.860488176345825,156914
23.86134433746338,156914
23.862193822860718,156914
23.863052368164062,156914
23.864691972732544,156914
23.865543127059937,156914
23.866394996643066,156914
23.86725115776062,156914
23.868106603622437,156914
23.869746208190918,156914
23.870598554611206,156914
23.871450901031494,156914
23.872311115264893,156914
23.87316370010376,156914
23.874030113220215,156914
23.875670909881592,156914
23.876523971557617,156914
23.877374410629272,156914
23.87822675704956,156914
23.879080772399902,156914
23.880718231201172,156914
23.881572008132935,156914
23.882423877716064,156914
23.88327693939209,156914
23.884138345718384,156914
23.885780334472656,156914
23.886629104614258,156914
23.887484550476074,156914
23.88833260536194,156914
23.8891863822937,156914
23.890045404434204,156914
23.8916916847229,156914
23.892549514770508,156914
23.893398761749268,156914
23.8942654132843,156914
23.895121812820435,156914
23.89676833152771,156914
23.897621154785156,156914
23.898475170135498,156914
23.899327516555786,156914
23.900177717208862,156914
23.90103030204773,156914
23.902668237686157,156914
23.903517961502075,156914
23.904388904571533,156914
23.90524172782898,156914
23.906099319458008,156914
23.907734394073486,156914
23.908589363098145,156914
23.90944266319275,156914
23.910292863845825,156914
23.91114830970764,156914
23.912786960601807,156914
23.913639068603516,156914
23.91450023651123,156914
23.915353775024414,156914
23.916205167770386,156914
23.917059183120728,156914
23.918697118759155,156914
23.919543266296387,156914
23.920398950576782,156914
23.92125678062439,156914
23.922109603881836,156914
23.923748254776,156914
23.92461109161377,156914
23.9254629611969,156914
23.92631435394287,156914
23.92716908454895,156914
23.928024768829346,156914
23.929662466049194,156914
23.93051552772522,156914
23.931373119354248,156914
23.932223558425903,156914
23.93307876586914,156914
23.934727907180786,156914
23.935578107833862,156914
23.936437129974365,156914
23.93728995323181,156914
23.93813920021057,156914
23.93977999687195,156914
23.940630435943604,156914
23.941487073898315,156914
23.942342042922974,156914
23.94319248199463,156914
23.944055318832397,156914
23.945698499679565,156914
23.94654893875122,156914
23.947398900985718,156914
23.948257446289062,156914
23.94910955429077,156914
23.950752019882202,156914
23.951598405838013,156914
23.952457427978516,156914
23.95330834388733,156914
23.954169034957886,156914
23.955023050308228,156914
23.956663608551025,156914
23.957520246505737,156914
23.958373308181763,156914
23.959223747253418,156914
23.960078716278076,156914
23.96172022819519,156914
23.96256995201111,156914
23.963422536849976,156914
23.96428656578064,156914
23.965140104293823,156914
23.966784238815308,156914
23.9676353931427,156914
23.96848964691162,156914
23.969345808029175,156914
23.970196962356567,156914
23.971052408218384,156914
23.972686052322388,156914
23.973538875579834,156914
23.974403142929077,156914
23.975263357162476,156914
23.976117372512817,156914
23.977749586105347,156914
23.97860050201416,156914
23.97945261001587,156914
23.980308294296265,156914
23.98116374015808,156914
23.982019662857056,156914
23.983663320541382,156914
23.984522104263306,156914
23.985378742218018,156914
23.986227989196777,156914
23.987080335617065,156914
23.988721132278442,156914
23.989571809768677,156914
23.990427255630493,156914
23.991281509399414,156914
23.99212956428528,156914
23.99376893043518,156914
23.99462652206421,156914
23.995474815368652,156914
23.996328115463257,156914
23.99718165397644,156914
23.9980411529541,156914
23.99968671798706,156914
24.000542879104614,156914
24.00138783454895,156914
24.002246379852295,156914
24.003098487854004,156914
24.00475025177002,156914
24.005600452423096,156914
24.006455659866333,156914
24.007308959960938,156914
24.008164167404175,156914
24.00902247428894,156914
24.010667324066162,156914
24.011521339416504,156914
24.012375116348267,156914
24.013227462768555,156914
24.014089107513428,156914
24.0157310962677,156914
24.016586542129517,156914
24.017441272735596,156914
24.018296718597412,156914
24.019152402877808,156914
24.02079200744629,156914
24.021640062332153,156914
24.022495985031128,156914
24.023349285125732,156914
24.024206161499023,156914
24.025062561035156,156914
24.026704788208008,156914
24.027560234069824,156914
24.02841281890869,156914
24.029260396957397,156914
24.030117511749268,156914
24.031755685806274,156914
24.032607555389404,156914
24.033456563949585,156914
24.034321308135986,156914
24.035173416137695,156914
24.036027193069458,156914
24.037670850753784,156914
24.038520336151123,156914
24.0393705368042,156914
24.040224313735962,156914
24.041080713272095,156914
24.042720794677734,156914
24.043574571609497,156914
24.044435501098633,156914
24.045290231704712,156914
24.046149969100952,156914
24.047785997390747,156914
24.048633813858032,156914
24.049490451812744,156914
24.05034065246582,156914
24.05119276046753,156914
24.052050828933716,156914
24.05369257926941,156914
24.054561138153076,156914
24.05541443824768,156914
24.0562686920166,156914
24.057122945785522,156914
24.05876851081848,156914
24.059622049331665,156914
24.060476779937744,156914
24.061336278915405,156914
24.062192678451538,156914
24.063042163848877,156914
24.06469202041626,156914
24.065550327301025,156914
24.066406726837158,156914
24.067261695861816,156914
24.068113803863525,156914
24.06975483894348,156914
24.0706045627594,156914
24.071459770202637,156914
24.072309494018555,156914
24.07315945625305,156914
24.074026823043823,156914
24.07567000389099,156914
24.076521635055542,156914
24.07737636566162,156914
24.078230381011963,156914
24.07908535003662,156914
24.08072590827942,156914
24.0815749168396,156914
24.082429885864258,156914
24.08328366279602,156914
24.084145307540894,156914
24.08578848838806,156914
24.086637020111084,156914
24.087491273880005,156914
24.08834481239319,156914
24.089196920394897,156914
24.090054035186768,156914
24.09169292449951,156914
24.092552661895752,156914
24.093408584594727,156914
24.094265937805176,156914
24.095122575759888,156914
24.096765756607056,156914
24.097615242004395,156914
24.09846544265747,156914
24.099324226379395,156914
24.100177526474,156914
24.101033926010132,156914
24.102678060531616,156914
24.10353446006775,156914
24.10439944267273,156914
24.10525131225586,156914
24.106107711791992,156914
24.107746839523315,156914
24.10859751701355,156914
24.109453678131104,156914
24.11030626296997,156914
24.11116051673889,156914
24.112011909484863,156914
24.11365008354187,156914
24.1145179271698,156914
24.115373611450195,156914
24.116227626800537,156914
24.11707854270935,156914
24.1187162399292,156914
24.119565963745117,156914
24.120421886444092,156914
24.12127423286438,156914
24.122124910354614,156914
24.123767852783203,156914
24.12462615966797,156914
24.12548041343689,156914
24.12633466720581,156914
24.127190828323364,156914
24.128045558929443,156914
24.129688262939453,156914
24.13053798675537,156914
24.131392240524292,156914
24.132243394851685,156914
24.133102893829346,156914
24.134741067886353,156914
24.135589838027954,156914
24.136447191238403,156914
24.137300968170166,156914
24.13815426826477,156914
24.13901162147522,156914
24.140655279159546,156914
24.14150643348694,156914
24.142356872558594,156914
24.143211126327515,156914
24.144076108932495,156914
24.145716667175293,156914
24.146566152572632,156914
24.1474187374115,156914
24.148268699645996,156914
24.149117469787598,156914
24.150761365890503,156914
24.15161442756653,156914
24.152464389801025,156914
24.15332317352295,156914
24.15418243408203,156914
24.155040502548218,156914
24.156681537628174,156914
24.157533407211304,156914
24.158390760421753,156914
24.159245491027832,156914
24.16010022163391,156914
24.16174077987671,156914
24.162591457366943,156914
24.163442850112915,156914
24.164301872253418,156914
24.165154457092285,156914
24.16601252555847,156914
24.16765284538269,156914
24.16850256919861,156914
24.169359922409058,156914
24.170215606689453,156914
24.171066999435425,156914
24.17270541191101,156914
24.17355513572693,156914
24.174425840377808,156914
24.175275802612305,156914
24.176125049591064,156914
24.177767038345337,156914
24.17862105369568,156914
24.179471492767334,156914
24.180323123931885,156914
24.181176900863647,156914
24.18203616142273,156914
24.18368124961853,156914
24.18454360961914,156914
24.18540382385254,156914
24.186251640319824,156914
24.187108516693115,156914
24.188749074935913,156914
24.18959927558899,156914
24.19045066833496,156914
24.19130301475525,156914
24.192157745361328,156914
24.193013429641724,156914
24.194661617279053,156914
24.19551682472229,156914
24.19636869430542,156914
24.19721817970276,156914
24.198073387145996,156914
24.19970941543579,156914
24.200561046600342,156914
24.201415300369263,156914
24.202264547348022,156914
24.20312213897705,156914
24.204768180847168,156914
24.20562195777893,156914
24.206471920013428,156914
24.20732545852661,156914
24.208178758621216,156914
24.209030628204346,156914
24.210673093795776,156914
24.21152663230896,156914
24.2123806476593,156914
24.213231086730957,156914
24.21409559249878,156914
24.21572995185852,156914
24.216583490371704,156914
24.2174391746521,156914
24.218292236328125,156914
24.21914529800415,156914
24.220784664154053,156914
24.22163414955139,156914
24.222487926483154,156914
24.22334313392639,156914
24.224198818206787,156914
24.225059509277344,156914
24.226694583892822,156914
24.227545261383057,156914
24.228403091430664,156914
24.229259252548218,156914
24.230113983154297,156914
24.231752157211304,156914
24.23260807991028,156914
24.23346209526062,156914
24.234323978424072,156914
24.235181093215942,156914
24.23603320121765,156914
24.23767066001892,156914
24.238527059555054,156914
24.239378452301025,156914
24.24023413658142,156914
24.241087913513184,156914
24.24272871017456,156914
24.243582487106323,156914
24.24444270133972,156914
24.245299339294434,156914
24.246150255203247,156914
24.24700617790222,156914
24.24864673614502,156914
24.249500274658203,156914
24.250352144241333,156914
24.251204252243042,156914
24.25206160545349,156914
24.25369691848755,156914
24.254558086395264,156914
24.2554132938385,156914
24.25626492500305,156914
24.257116556167603,156914
24.258755445480347,156914
24.259607076644897,156914
24.260459661483765,156914
24.26131558418274,156914
24.26217007637024,156914
24.263023853302002,156914
24.264676809310913,156914
24.265533685684204,156914
24.26638960838318,156914
24.267244338989258,156914
24.268096685409546,156914
24.269733905792236,156914
24.270585536956787,156914
24.27143907546997,156914
24.272294759750366,156914
24.273146629333496,156914
24.27401113510132,156914
24.275652647018433,156914
24.276508569717407,156914
24.27736258506775,156914
24.278212308883667,156914
24.279067277908325,156914
24.280704259872437,156914
24.281551122665405,156914
24.282409191131592,156914
24.28326177597046,156914
24.284127235412598,156914
24.285766124725342,156914
24.28661584854126,156914
24.28747034072876,156914
24.288320302963257,156914
24.289177894592285,156914
24.29003405570984,156914
24.291669130325317,156914
24.292518615722656,156914
24.29337501525879,156914
24.294233798980713,156914
24.29508900642395,156914
24.2967267036438,156914
24.29757809638977,156914
24.298429489135742,156914
24.299287796020508,156914
24.300138235092163,156914
24.301779985427856,156914
24.302627563476562,156914
24.303476333618164,156914
24.304341554641724,156914
24.305190563201904,156914
24.306047677993774,156914
24.3076913356781,156914
24.308546781539917,156914
24.30940294265747,156914
24.31025505065918,156914
24.311107873916626,156914
24.312751054763794,156914
24.313602924346924,156914
24.314462900161743,156914
24.315322399139404,156914
24.316176891326904,156914
24.317028760910034,156914
24.318671941757202,156914
24.319522380828857,156914
24.320374011993408,156914
24.32122540473938,156914
24.322081804275513,156914
24.323720693588257,156914
24.32457947731018,156914
24.325432777404785,156914
24.326287746429443,156914
24.32714033126831,156914
24.32878303527832,156914
24.329634189605713,156914
24.33048415184021,156914
24.3313410282135,156914
24.332188844680786,156914
24.33304238319397,156914
24.334697723388672,156914
24.33555316925049,156914
24.336410999298096,156914
24.33726477622986,156914
24.338114976882935,156914
24.33975863456726,156914
24.34061050415039,156914
24.34146475791931,156914
24.342317581176758,156914
24.343167543411255,156914
24.34403347969055,156914
24.34567379951477,156914
24.346531629562378,156914
24.347384691238403,156914
24.34823489189148,156914
24.349090814590454,156914
24.350722789764404,156914
24.351576566696167,156914
24.352423667907715,156914
24.353278398513794,156914
24.35414218902588,156914
24.35578203201294,156914
24.35663366317749,156914
24.357489109039307,156914
24.35834050178528,156914
24.359190702438354,156914
24.36004900932312,156914
24.361690759658813,156914
24.36254382133484,156914
24.36339545249939,156914
24.36425805091858,156914
24.36511254310608,156914
24.36674666404724,156914
24.367600917816162,156914
24.368454456329346,156914
24.369302988052368,156914
24.37015700340271,156914
24.37101411819458,156914
24.372658252716064,156914
24.37351131439209,156914
24.37437391281128,156914
24.375229597091675,156914
24.37608575820923,156914
24.377723217010498,156914
24.378576517105103,156914
24.379430294036865,156914
24.38028359413147,156914
24.381135940551758,156914
24.382777452468872,156914
24.383633136749268,156914
24.384491682052612,156914
24.385344982147217,156914
24.38619899749756,156914
24.38705348968506,156914
24.38869547843933,156914
24.389543056488037,156914
24.39040207862854,156914
24.39125895500183,156914
24.392106533050537,156914
24.393749713897705,156914
24.39461064338684,156914
24.39546489715576,156914
24.396317720413208,156914
24.397175073623657,156914
24.39802598953247,156914
24.39966654777527,156914
24.40051817893982,156914
24.40137219429016,156914
24.40222692489624,156914
24.403079986572266,156914
24.404730558395386,156914
24.405583381652832,156914
24.40643572807312,156914
24.407288789749146,156914
24.408142566680908,156914
24.409780502319336,156914
24.410629272460938,156914
24.4114830493927,156914
24.412335634231567,156914
24.413192749023438,156914
24.41405749320984,156914
24.4156973361969,156914
24.416549682617188,156914
24.417402982711792,156914
24.418251752853394,156914
24.41911005973816,156914
24.4207444190979,156914
24.42159652709961,156914
24.422450065612793,156914
24.423304319381714,156914
24.424167156219482,156914
24.425024032592773,156914
24.42666792869568,156914
24.427518129348755,156914
24.428369522094727,156914
24.429221630096436,156914
24.43007731437683,156914
24.431715726852417,156914
24.432565212249756,156914
24.433422327041626,156914
24.434279918670654,156914
24.43513512611389,156914
24.436777591705322,156914
24.437625646591187,156914
24.438483953475952,156914
24.439335346221924,156914
24.44018840789795,156914
24.441044330596924,156914
24.44268226623535,156914
24.44353938102722,156914
24.444403886795044,156914
24.445257425308228,156914
24.446107387542725,156914
24.447746992111206,156914
24.448596954345703,156914
24.449448108673096,156914
24.450302600860596,156914
24.451156616210938,156914
24.452011585235596,156914
24.453648805618286,156914
24.454509496688843,156914
24.455358505249023,156914
24.456212997436523,156914
24.45706272125244,156914
24.458702325820923,156914
24.459556818008423,156914
24.460408687591553,156914
24.46126127243042,156914
24.46211552619934,156914
24.463754892349243,156914
24.464613676071167,156914
24.465465545654297,156914
24.46632170677185,156914
24.467176914215088,156914
24.468031406402588,156914
24.46967601776123,156914
24.470522165298462,156914
24.471380472183228,156914
24.4722318649292,156914
24.47308850288391,156914
24.474734783172607,156914
24.475584983825684,156914
24.47644019126892,156914
24.477291345596313,156914
24.478144645690918,156914
24.479005813598633,156914
24.480642557144165,156914
24.48149824142456,156914
24.482348203659058,156914
24.483198881149292,156914
24.484068393707275,156914
24.485706090927124,156914
24.486558198928833,156914
24.48741602897644,156914
24.488268613815308,156914
24.48912000656128,156914
24.490758895874023,156914
24.491608142852783,156914
24.492462396621704,156914
24.493316650390625,156914
24.49417781829834,156914
24.495035886764526,156914
24.496679067611694,156914
24.49753212928772,156914
24.498388290405273,156914
24.499240159988403,156914
24.50010085105896,156914
24.501738786697388,156914
24.502591371536255,156914
24.503447771072388,156914
24.50431251525879,156914
24.505168199539185,156914
24.50602698326111,156914
24.50766944885254,156914
24.508522272109985,156914
24.509379386901855,156914
24.510228872299194,156914
24.51108407974243,156914
24.512723207473755,156914
24.51357340812683,156914
24.514440059661865,156914
24.515291929244995,156914
24.516145706176758,156914
24.517783164978027,156914
24.518635034561157,156914
24.519490718841553,156914
24.52034282684326,156914
24.521198749542236,156914
24.522052526474,156914
24.523693084716797,156914
24.52455449104309,156914
24.52540898323059,156914
24.526262760162354,156914
24.52711844444275,156914
24.528759241104126,156914
24.529608726501465,156914
24.530465602874756,156914
24.531318426132202,156914
24.532171487808228,156914
24.533024549484253,156914
24.534680128097534,156914
24.535531282424927,156914
24.536383867263794,156914
24.537236213684082,156914
24.53809118270874,156914
24.53972578048706,156914
24.540579319000244,156914
24.541435956954956,156914
24.5422842502594,156914
24.54313898086548,156914
24.544007301330566,156914
24.545650720596313,156914
24.546507835388184,156914
24.547356843948364,156914
24.548210620880127,156914
24.549070119857788,156914
24.55070686340332,156914
24.551559686660767,156914
24.55241346359253,156914
24.553266048431396,156914
24.554129362106323,156914
24.555773735046387,156914
24.556626081466675,156914
24.557479858398438,156914
24.55833411216736,156914
24.55918574333191,156914
24.560043811798096,156914
24.56168246269226,156914
24.562535762786865,156914
24.563387632369995,156914
24.564250469207764,156914
24.565109252929688,156914
24.566749572753906,156914
24.567599773406982,156914
24.56845450401306,156914
24.56931185722351,156914
24.570157289505005,156914
24.57101535797119,156914
24.572657108306885,156914
24.573509454727173,156914
24.574371814727783,156914
24.575230598449707,156914
24.576080322265625,156914
24.577712774276733,156914
24.578564643859863,156914
24.57941746711731,156914
24.580269813537598,156914
24.581119537353516,156914
24.582756280899048,156914
24.583606958389282,156914
24.584467887878418,156914
24.58532428741455,156914
24.586175441741943,156914
24.58703327178955,156914
24.58867383003235,156914
24.589526891708374,156914
24.590378999710083,156914
24.591228723526,156914
24.592085123062134,156914
24.593719720840454,156914
24.59458327293396,156914
24.59543490409851,156914
24.596287488937378,156914
24.597144842147827,156914
24.598779439926147,156914
24.59962558746338,156914
24.600483894348145,156914
24.601335525512695,156914
24.60219168663025,156914
24.6030490398407,156914
24.60469937324524,156914
24.605546712875366,156914
24.60640788078308,156914
24.607261180877686,156914
24.608117818832397,156914
24.60975480079651,156914
24.610604763031006,156914
24.611456632614136,156914
24.61231541633606,156914
24.613165616989136,156914
24.614032745361328,156914
24.615670919418335,156914
24.616524696350098,156914
24.617372035980225,156914
24.61822533607483,156914
24.619083166122437,156914
24.620718955993652,156914
24.621572732925415,156914
24.622424840927124,156914
24.62328338623047,156914
24.624141931533813,156914
24.62578535079956,156914
24.626635551452637,156914
24.627488374710083,156914
24.62834143638611,156914
24.629194736480713,156914
24.630051136016846,156914
24.631693840026855,156914
24.63254714012146,156914
24.633403778076172,156914
24.634262800216675,156914
24.635116815567017,156914
24.636751651763916,156914
24.63759994506836,156914
24.638450622558594,156914
24.639306783676147,156914
24.640159845352173,156914
24.641015768051147,156914
24.642653226852417,156914
24.643511533737183,156914
24.64436960220337,156914
24.64522409439087,156914
24.64607858657837,156914
24.647716999053955,156914
24.648565769195557,156914
24.649426460266113,156914
24.650278329849243,156914
24.651132345199585,156914
24.652774810791016,156914
24.653627157211304,156914
24.654491424560547,156914
24.65534257888794,156914
24.656196117401123,156914
24.657048225402832,156914
24.658684968948364,156914
24.659541130065918,156914
24.660396575927734,156914
24.66125178337097,156914
24.662107706069946,156914
24.66374135017395,156914
24.66460347175598,156914
24.665458917617798,156914
24.666311025619507,156914
24.66716241836548,156914
24.668020725250244,156914
24.669663906097412,156914
24.670515060424805,156914
24.671369552612305,156914
24.672220945358276,156914
24.673073768615723,156914
24.674721240997314,156914
24.675572156906128,156914
24.676424741744995,156914
24.677279233932495,156914
24.678131103515625,156914
24.67977023124695,156914
24.680618286132812,156914
24.681476831436157,156914
24.682331323623657,156914
24.683184385299683,156914
24.68405032157898,156914
24.685693740844727,156914
24.6865496635437,156914
24.6874041557312,156914
24.68825888633728,156914
24.689115524291992,156914
24.69075036048889,156914
24.691603183746338,156914
24.692456483840942,156914
24.693313360214233,156914
24.69417691230774,156914
24.695029497146606,156914
24.69667410850525,156914
24.697525024414062,156914
24.698380947113037,156914
24.69923686981201,156914
24.70009183883667,156914
24.70172357559204,156914
24.702574729919434,156914
24.703425645828247,156914
24.70429253578186,156914
24.70514750480652,156914
24.706783294677734,156914
24.707633018493652,156914
24.708486795425415,156914
24.70934224128723,156914
24.710192441940308,156914
24.711049795150757,156914
24.71269726753235,156914
24.713554859161377,156914
24.714414834976196,156914
24.71526789665222,156914
24.716121912002563,156914
24.717760801315308,156914
24.71861505508423,156914
24.71946358680725,156914
24.720324516296387,156914
24.721176385879517,156914
24.722031593322754,156914
24.72367763519287,156914
24.724538803100586,156914
24.725391626358032,156914
24.72624945640564,156914
24.72710371017456,156914
24.72873878479004,156914
24.729589700698853,156914
24.730445861816406,156914
24.73130226135254,156914
24.732150316238403,156914
24.733789682388306,156914
24.73464584350586,156914
24.735500812530518,156914
24.736352682113647,156914
24.737205743789673,156914
24.7380633354187,156914
24.73971390724182,156914
24.740567922592163,156914
24.74141764640808,156914
24.742269039154053,156914
24.7431218624115,156914
24.74477744102478,156914
24.745625734329224,156914
24.74647879600525,156914
24.747335195541382,156914
24.748183965682983,156914
24.749038696289062,156914
24.750680685043335,156914
24.75153613090515,156914
24.75239133834839,156914
24.75324559211731,156914
24.754111528396606,156914
24.755751371383667,156914
24.756600618362427,156914
24.75745439529419,156914
24.758306741714478,156914
24.759156227111816,156914
24.76001477241516,156914
24.761656761169434,156914
24.76250648498535,156914
24.763359785079956,156914
24.764220476150513,156914
24.765077114105225,156914
24.766710996627808,156914
24.76755952835083,156914
24.76841640472412,156914
24.769270658493042,156914
24.77012300491333,156914
24.771767377853394,156914
24.772619485855103,156914
24.77346897125244,156914
24.774333477020264,156914
24.77518916130066,156914
24.77604341506958,156914
24.777681589126587,156914
24.77853798866272,156914
24.779393672943115,156914
24.78024411201477,156914
24.781100034713745,156914
24.782734394073486,156914
24.783584117889404,156914
24.78445076942444,156914
24.785298824310303,156914
24.786155700683594,156914
24.787009239196777,156914
24.788647413253784,156914
24.789498567581177,156914
24.79035234451294,156914
24.791207313537598,156914
24.79206395149231,156914
24.793699026107788,156914
24.794556617736816,156914
24.79541540145874,156914
24.796265363693237,156914
24.797121047973633,156914
24.798760414123535,156914
24.799608945846558,156914
24.800463914871216,156914
24.801316738128662,156914
24.80216956138611,156914
24.80302405357361,156914
24.80467653274536,156914
24.805532217025757,156914
24.806378602981567,156914
24.807230710983276,156914
24.80808401107788,156914
24.809725046157837,156914
24.810575485229492,156914
24.811428546905518,156914
24.812283277511597,156914
24.81313705444336,156914
24.814785957336426,156914
24.815638065338135,156914
24.81649422645569,156914
24.817349910736084,156914
24.8182053565979,156914
24.819060802459717,156914
24.8207004070282,156914
24.821549892425537,156914
24.822402954101562,156914
24.8232524394989,156914
24.8241183757782,156914
24.825757265090942,156914
24.826608896255493,156914
24.827465534210205,156914
24.828315019607544,156914
24.82916831970215,156914
24.83002519607544,156914
24.831660270690918,156914
24.8325138092041,156914
24.833367586135864,156914
24.83423137664795,156914
24.83508801460266,156914
24.83672857284546,156914
24.837576150894165,156914
24.83843207359314,156914
24.839282989501953,156914
24.840142250061035,156914
24.841777563095093,156914
24.84262752532959,156914
24.843481302261353,156914
24.844345331192017,156914
24.845195293426514,156914
24.846054077148438,156914
24.84769034385681,156914
24.848544359207153,156914
24.849400281906128,156914
24.85025644302368,156914
24.85110831260681,156914
24.852746725082397,156914
24.853599786758423,156914
24.854459762573242,156914
24.855315923690796,156914
24.856169939041138,156914
24.85702681541443,156914
24.858665466308594,156914
24.8595187664032,156914
24.860371351242065,156914
24.86122417449951,156914
24.862080574035645,156914
24.863718509674072,156914
24.864584922790527,156914
24.86543560028076,156914
24.86629581451416,156914
24.867143154144287,156914
24.86879014968872,156914
24.869638681411743,156914
24.87048888206482,156914
24.871346473693848,156914
24.872200965881348,156914
24.87305784225464,156914
24.87470507621765,156914
24.87555503845215,156914
24.87640905380249,156914
24.877259731292725,156914
24.87811779975891,156914
24.879750728607178,156914
24.880603075027466,156914
24.88145923614502,156914
24.882309913635254,156914
24.88316249847412,156914
24.88402557373047,156914
24.885667324066162,156914
24.886515617370605,156914
24.887373447418213,156914
24.888227701187134,156914
24.889084100723267,156914
24.89072036743164,156914
24.891573190689087,156914
24.892426252365112,156914
24.89328169822693,156914
24.894142150878906,156914
24.895785808563232,156914
24.89663815498352,156914
24.89749264717102,156914
24.898343563079834,156914
24.899195909500122,156914
24.90005612373352,156914
24.901695489883423,156914
24.902546405792236,156914
24.90339732170105,156914
24.904260396957397,156914
24.905113458633423,156914
24.90675401687622,156914
24.90760326385498,156914
24.908458471298218,156914
24.909310579299927,156914
24.91016459465027,156914
24.9110164642334,156914
24.91265892982483,156914
24.91350817680359,156914
24.914371252059937,156914
24.915221691131592,156914
24.916074752807617,156914
24.917712926864624,156914
24.918564558029175,156914
24.91941475868225,156914
24.920271396636963,156914
24.921124935150146,156914
24.922765254974365,156914
24.92361569404602,156914
24.92447519302368,156914
24.925330638885498,156914
24.92618489265442,156914
24.92703890800476,156914
24.928675889968872,156914
24.929529666900635,156914
24.930384635925293,156914
24.93123745918274,156914
24.932092428207397,156914
24.93372893333435,156914
24.934590339660645,156914
24.935445547103882,156914
24.93630075454712,156914
24.937153577804565,156914
24.93801259994507,156914
24.939647436141968,156914
24.940504789352417,156914
24.94135332107544,156914
24.94220781326294,156914
24.94306516647339,156914
24.94471025466919,156914
24.945565223693848,156914
24.946415901184082,156914
24.947267532348633,156914
24.948121309280396,156914
24.949756383895874,156914
24.95060706138611,156914
24.95146346092224,156914
24.95231342315674,156914
24.953165769577026,156914
24.95403242111206,156914
24.955671072006226,156914
24.95652675628662,156914
24.957376718521118,156914
24.95823359489441,156914
24.959085702896118,156914
24.960721254348755,156914
24.96157741546631,156914
24.9624285697937,156914
24.963282108306885,156914
24.964144706726074,156914
24.965785264968872,156914
24.966636180877686,156914
24.967490673065186,156914
24.968342781066895,156914
24.969196796417236,156914
24.970050811767578,156914
24.971688270568848,156914
24.972542762756348,156914
24.9733989238739,156914
24.974265098571777,156914
24.97511625289917,156914
24.976754426956177,156914
24.977607488632202,156914
24.978456735610962,156914
24.979316234588623,156914
24.980167627334595,156914
24.981025457382202,156914
24.982667684555054,156914
24.983519554138184,156914
24.984378814697266,156914
24.985231161117554,156914
24.986085653305054,156914
24.987723112106323,156914
24.988572359085083,156914
24.98942732810974,156914
24.99028491973877,156914
24.991137742996216,156914
24.992778539657593,156914
24.9936261177063,156914
24.994489908218384,156914
24.99534034729004,156914
24.9961941242218,156914
24.99705672264099,156914
24.998691082000732,156914
24.999541997909546,156914
25.000396490097046,156914
25.001250743865967,156914
25.002105712890625,156914
25.00374126434326,156914
25.004599809646606,156914
25.00545358657837,156914
25.006306409835815,156914
25.00715923309326,156914
25.008017539978027,156914
25.0096595287323,156914
25.010509252548218,156914
25.011367559432983,156914
25.012219190597534,156914
25.0130774974823,156914
25.014726877212524,156914
25.015583515167236,156914
25.016432762145996,156914
25.01728105545044,156914
25.01813507080078,156914
25.019775390625,156914
25.02062964439392,156914
25.021483182907104,156914
25.02233910560608,156914
25.02318835258484,156914
25.02405285835266,156914
25.025696754455566,156914
25.026548385620117,156914
25.027400493621826,156914
25.028255224227905,156914
25.029106855392456,156914
25.030745029449463,156914
25.031599521636963,156914
25.03245735168457,156914
25.033302307128906,156914
25.03415298461914,156914
25.035011768341064,156914
25.036648988723755,156914
25.037505865097046,156914
25.03836464881897,156914
25.039215087890625,156914
25.040067195892334,156914
25.04170298576355,156914
25.042554140090942,156914
25.043406009674072,156914
25.044265508651733,156914
25.045125246047974,156914
25.046764612197876,156914
25.047611713409424,156914
25.048467874526978,156914
25.049316883087158,156914
25.0501708984375,156914
25.05102562904358,156914
25.052663564682007,156914
25.05351233482361,156914
25.05437469482422,156914
25.05522656440735,156914
25.056084871292114,156914
25.057716369628906,156914
25.05856680870056,156914
25.059420347213745,156914
25.06027889251709,156914
25.061130046844482,156914
25.062772274017334,156914
25.06362247467041,156914
25.06448459625244,156914
25.06533932685852,156914
25.066197395324707,156914
25.06705355644226,156914
25.068689823150635,156914
25.06954550743103,156914
25.070401191711426,156914
25.07125949859619,156914
25.0721116065979,156914
25.073742151260376,156914
25.074604034423828,156914
25.075459003448486,156914
25.07631278038025,156914
25.07716655731201,156914
25.078022480010986,156914
25.07966637611389,156914
25.08052349090576,156914
25.081374406814575,156914
25.082223415374756,156914
25.083083629608154,156914
25.084728002548218,156914
25.085580348968506,156914
25.086433172225952,156914
25.087286949157715,156914
25.088143825531006,156914
25.089784860610962,156914
25.090636014938354,156914
25.091483116149902,156914
25.092339515686035,156914
25.09319257736206,156914
25.094061851501465,156914
25.09570026397705,156914
25.0962872505188,156914
25.097212076187134,156914
25.09813165664673,156914
25.099045753479004,156914
25.100402355194092,156914
25.101319789886475,156914
25.102236032485962,156914
25.103154182434082,156914
25.104082584381104,156914
25.105437517166138,156914
25.106353998184204,156914
25.10727095603943,156914
25.108193397521973,156914
25.109105348587036,156914
25.110021829605103,156914
25.111374378204346,156914
25.112290620803833,156914
25.113208770751953,156914
25.114134550094604,156914
25.11505103111267,156914
25.116401195526123,156914
25.11731719970703,156914
25.11823558807373,156914
25.119153261184692,156914
25.120068073272705,156914
25.121419668197632,156914
25.12233257293701,156914
25.123252391815186,156914
25.12417984008789,156914
25.12509775161743,156914
25.12601375579834,156914
25.127361059188843,156914
25.128278970718384,156914
25.129196405410767,156914
25.13011384010315,156914
25.131027936935425,156914
25.132380723953247,156914
25.133296251296997,156914
25.134228229522705,156914
25.135146617889404,156914
25.136061906814575,156914
25.137418508529663,156914
25.138333797454834,156914
25.13925004005432,156914
25.140167951583862,156914
25.141085386276245,156914
25.142436504364014,156914
25.14335322380066,156914
25.144277572631836,156914
25.145196199417114,156914
25.1461284160614,156914
25.14704656600952,156914
25.148401737213135,156914
25.149317264556885,156914
25.150235414505005,156914
25.15115261077881,156914
25.152069568634033,156914
25.15342402458191,156914
25.154348850250244,156914
25.155266761779785,156914
25.1561861038208,156914
25.15710425376892,156914
25.158018112182617,156914
25.159367561340332,156914
25.16028356552124,156914
25.16120147705078,156914
25.162116289138794,156914
25.16302990913391,156914
25.16439437866211,156914
25.16531276702881,156914
25.166231155395508,156914
25.167152166366577,156914
25.168068408966064,156914
25.169426441192627,156914
25.170339345932007,156914
25.171258687973022,156914
25.172174215316772,156914
25.17309021949768,156914
25.17401623725891,156914
25.175370454788208,156914
25.176290035247803,156914
25.17720627784729,156914
25.178123950958252,156914
25.179040670394897,156914
25.180391311645508,156914
25.18130588531494,156914
25.1822247505188,156914
25.18314480781555,156914
25.184069395065308,156914
25.185421466827393,156914
25.18633723258972,156914
25.18725562095642,156914
25.188173055648804,156914
25.189090728759766,156914
25.190006971359253,156914
25.191361665725708,156914
25.192277908325195,156914
25.19319725036621,156914
25.194125175476074,156914
25.19504165649414,156914
25.196393251419067,156914
25.19731044769287,156914
25.1982262134552,156914
25.199140310287476,156914
25.200053930282593,156914
25.201408624649048,156914
25.20232582092285,156914
25.203239917755127,156914
25.204167127609253,156914
25.20508337020874,156914
25.20643401145935,156914
25.20734691619873,156914
25.20826506614685,156914
25.209182500839233,156914
25.21009659767151,156914
25.211012840270996,156914
25.21236491203308,156914
25.213281393051147,156914
25.214210510253906,156914
25.215126752853394,156914
25.216045379638672,156914
25.217400550842285,156914
25.218312740325928,156914
25.219232082366943,156914
25.220147132873535,156914
25.22106170654297,156914
25.2224178314209,156914
25.22333550453186,156914
25.22426414489746,156914
25.225183963775635,156914
25.22610068321228,156914
25.227011919021606,156914
25.228365182876587,156914
25.229281425476074,156914
25.23020052909851,156914
25.231119632720947,156914
25.232031106948853,156914
25.233383417129517,156914
25.234309673309326,156914
25.235225915908813,156914
25.236146450042725,156914
25.237061023712158,156914
25.238412618637085,156914
25.23932719230652,156914
25.2402446269989,156914
25.24116039276123,156914
25.242080450057983,156914
25.243438482284546,156914
25.244364023208618,156914
25.245280504226685,156914
25.246195316314697,156914
25.24711322784424,156914
25.248024463653564,156914
25.24937629699707,156914
25.25029158592224,156914
25.251208782196045,156914
25.252126693725586,156914
25.25304126739502,156914
25.25440502166748,156914
25.255321979522705,156914
25.256242752075195,156914
25.257161140441895,156914
25.258074522018433,156914
25.259430170059204,156914
25.260343551635742,156914
25.261261224746704,156914
25.26218032836914,156914
25.26309633255005,156914
25.264020204544067,156914
25.2653706073761,156914
25.26628589630127,156914
25.267202854156494,156914
25.268121242523193,156914
25.269033908843994,156914
25.270386219024658,156914
25.27130126953125,156914
25.272217750549316,156914
25.27313208580017,156914
25.274056673049927,156914
25.275411128997803,156914
25.276326894760132,156914
25.277242183685303,156914
25.278157472610474,156914
25.2790744304657,156914
25.280429124832153,156914
25.28134512901306,156914
25.282264232635498,156914
25.283180475234985,156914
25.284106492996216,156914
25.28502368927002,156914
25.286373615264893,156914
25.287289142608643,156914
25.288204193115234,156914
25.289119482040405,156914
25.290032625198364,156914
25.291383981704712,156914
25.292299509048462,156914
25.29321837425232,156914
25.294142961502075,156914
25.2950599193573,156914
25.296414136886597,156914
25.297330141067505,156914
25.298247575759888,156914
25.29916548728943,156914
25.300081729888916,156914
25.30143666267395,156914
25.302353382110596,156914
25.303269624710083,156914
25.30419945716858,156914
25.305116653442383,156914
25.306028604507446,156914
25.307379961013794,156914
25.30829381942749,156914
25.30920958518982,156914
25.31012272834778,156914
25.31103801727295,156914
25.312389135360718,156914
25.313305139541626,156914
25.31423044204712,156914
25.31514573097229,156914
25.31605863571167,156914
25.317411184310913,156914
25.318325519561768,156914
25.319243907928467,156914
25.320164680480957,156914
25.321077585220337,156914
25.322429895401,156914
25.32334613800049,156914
25.324279069900513,156914
25.325195789337158,156914
25.32611584663391,156914
25.327030420303345,156914
25.328386545181274,156914
25.329303979873657,156914
25.33022427558899,156914
25.331141710281372,156914
25.332056760787964,156914
25.333410024642944,156914
25.33433723449707,156914
25.335254430770874,156914
25.33617067337036,156914
25.337090253829956,156914
25.33800721168518,156914
25.3393611907959,156914
25.340277671813965,156914
25.341195583343506,156914
25.342114686965942,156914
25.343029975891113,156914
25.344391345977783,156914
25.345307111740112,156914
25.346225261688232,156914
25.347143411636353,156914
25.348060846328735,156914
25.349418878555298,156914
25.35033655166626,156914
25.351253271102905,156914
25.35217547416687,156914
25.353092670440674,156914
25.354025840759277,156914
25.355382919311523,156914
25.3563015460968,156914
25.357219457626343,156914
25.358136653900146,156914
25.359050750732422,156914
25.36040449142456,156914
25.361322164535522,156914
25.362236738204956,156914
25.363154888153076,156914
25.364075183868408,156914
25.365429878234863,156914
25.366342306137085,156914
25.367260932922363,156914
25.36817693710327,156914
25.369091749191284,156914
25.370007276535034,156914
25.371357917785645,156914
25.372275352478027,156914
25.37319302558899,156914
25.374120712280273,156914
25.375038385391235,156914
25.376391887664795,156914
25.377310514450073,156914
25.378230333328247,156914
25.379151344299316,156914
25.380072116851807,156914
25.38142704963684,156914
25.382344961166382,156914
25.38326334953308,156914
25.38419198989868,156914
25.385114908218384,156914
25.386029958724976,156914
25.387385845184326,156914
25.388302087783813,156914
25.389222145080566,156914
25.39014482498169,156914
25.39106059074402,156914
25.392417907714844,156914
25.39333724975586,156914
25.394266366958618,156914
25.395184755325317,156914
25.39610457420349,156914
25.3970205783844,156914
25.3983736038208,156914
25.399291038513184,156914
25.400209426879883,156914
25.40112805366516,156914
25.402040243148804,156914
25.403395175933838,156914
25.404322385787964,156914
25.405240535736084,156914
25.406158208847046,156914
25.407081127166748,156914
25.40843677520752,156914
25.409353733062744,156914
25.410274505615234,156914
25.41119122505188,156914
25.412107467651367,156914
25.41302251815796,156914
25.414387226104736,156914
25.415307760238647,156914
25.416226863861084,156914
25.417145252227783,156914
25.41806435585022,156914
25.419427394866943,156914
25.420345067977905,156914
25.421262741088867,156914
25.4221830368042,156914
25.423104763031006,156914
25.424029111862183,156914
25.425385236740112,156914
25.42630410194397,156914
25.42722201347351,156914
25.428137063980103,156914
25.42905068397522,156914
25.430405378341675,156914
25.431323528289795,156914
25.432239294052124,156914
25.43315815925598,156914
25.434080123901367,156914
25.435437202453613,156914
25.43635129928589,156914
25.437270402908325,156914
25.43818974494934,156914
25.43910789489746,156914
25.44002604484558,156914
25.44137930870056,156914
25.442297220230103,156914
25.443214893341064,156914
25.44414448738098,156914
25.445062160491943,156914
25.446415424346924,156914
25.44732904434204,156914
25.44824528694153,156914
25.449161291122437,156914
25.45007610321045,156914
25.451432943344116,156914
25.45235013961792,156914
25.453266620635986,156914
25.45419716835022,156914
25.45511794090271,156914
25.456035137176514,156914
25.457390546798706,156914
25.458303213119507,156914
25.459219932556152,156914
25.460137844085693,156914
25.461052894592285,156914
25.462406635284424,156914
25.463324069976807,156914
25.464253664016724,156914
25.465171098709106,156914
25.46608877182007,156914
25.467005491256714,156914
25.468361854553223,156914
25.469276428222656,156914
25.47019648551941,156914
25.471112489700317,156914
25.472025394439697,156914
25.473376989364624,156914
25.47430443763733,156914
25.475221633911133,156914
25.476137161254883,156914
25.47705364227295,156914
25.47840452194214,156914
25.47932267189026,156914
25.480239391326904,156914
25.481159210205078,156914
25.482074737548828,156914
25.483433961868286,156914
25.484357833862305,156914
25.485276699066162,156914
25.486194610595703,156914
25.487112522125244,156914
25.488030195236206,156914
25.48937964439392,156914
25.490294933319092,156914
25.491209506988525,156914
25.492146730422974,156914
25.493062019348145,156914
25.49442982673645,156914
25.495344638824463,156914
25.496262550354004,156914
25.49717950820923,156914
25.49809432029724,156914
25.49901056289673,156914
25.500362157821655,156914
25.501280307769775,156914
25.50219988822937,156914
25.503116607666016,156914
25.504040479660034,156914
25.50539207458496,156914
25.50630807876587,156914
25.507222652435303,156914
25.50814151763916,156914
25.50905680656433,156914
25.510413646697998,156914
25.51132822036743,156914
25.512244939804077,156914
25.5131618976593,156914
25.51408886909485,156914
25.515007972717285,156914
25.51636052131653,156914
25.51728057861328,156914
25.51820468902588,156914
25.51912212371826,156914
25.520037412643433,156914
25.52139639854431,156914
25.522312879562378,156914
25.52323293685913,156914
25.524161100387573,156914
25.52507758140564,156914
25.526429653167725,156914
25.52734637260437,156914
25.52826452255249,156914
25.5291850566864,156914
25.530100107192993,156914
25.53101634979248,156914
25.532363176345825,156914
25.533281803131104,156914
25.5342116355896,156914
25.53512978553772,156914
25.536044359207153,156914
25.53739881515503,156914
25.538312911987305,156914
25.539228439331055,156914
25.540144205093384,156914
25.541059970855713,156914
25.54241418838501,156914
25.543328762054443,156914
25.544259309768677,156914
25.545178413391113,156914
25.546095371246338,156914
25.547012090682983,156914
25.548367261886597,156914
25.549283504486084,156914
25.55019998550415,156914
25.55112051963806,156914
25.55203676223755,156914
25.55338740348816,156914
25.554309129714966,156914
25.555229902267456,156914
25.556147575378418,156914
25.557061672210693,156914
25.558417320251465,156914
25.559333324432373,156914
25.56025218963623,156914
25.56117033958435,156914
25.562086820602417,156914
25.56343984603882,156914
25.564366817474365,156914
25.56528377532959,156914
25.566203355789185,156914
25.567121267318726,156914
25.56803584098816,156914
25.569390058517456,156914
25.57030487060547,156914
25.571221113204956,156914
25.5721378326416,156914
25.57305073738098,156914
25.57441282272339,156914
25.57532787322998,156914
25.576247453689575,156914
25.577166318893433,156914
25.578080654144287,156914
25.579434871673584,156914
25.580350399017334,156914
25.581268072128296,156914
25.582186937332153,156914
25.583103895187378,156914
25.584028959274292,156914
25.58538579940796,156914
25.58630394935608,156914
25.58722472190857,156914
25.58814573287964,156914
25.58906316757202,156914
25.59041738510132,156914
25.591333627700806,156914
25.592255353927612,156914
25.593175172805786,156914
25.594098329544067,156914
25.59501552581787,156914
25.59636688232422,156914
25.597283124923706,156914
25.598201990127563,156914
25.599120140075684,156914
25.600035905838013,156914
25.601391553878784,156914
25.602309226989746,156914
25.60322904586792,156914
25.604159593582153,156914
25.605077266693115,156914
25.606431007385254,156914
25.607348680496216,156914
25.608267784118652,156914
25.609187126159668,156914
25.610106229782104,156914
25.611022472381592,156914
25.6123788356781,156914
25.613292932510376,156914
25.614224195480347,156914
25.6151442527771,156914
25.616057872772217,156914
25.617411375045776,156914
25.618330478668213,156914
25.619248151779175,156914
25.620168685913086,156914
25.6210880279541,156914
25.62200403213501,156914
25.623356103897095,156914
25.624282598495483,156914
25.625203847885132,156914
25.62611699104309,156914
25.627030611038208,156914
25.628385305404663,156914
25.629298448562622,156914
25.630218029022217,156914
25.63113570213318,156914
25.63205337524414,156914
25.633403778076172,156914
25.63432741165161,156914
25.63524293899536,156914
25.636162519454956,156914
25.637081623077393,156914
25.638436317443848,156914
25.63935160636902,156914
25.640271425247192,156914
25.641190767288208,156914
25.642109632492065,156914
25.64302158355713,156914
25.644389152526855,156914
25.64530658721924,156914
25.646228551864624,156914
25.64714765548706,156914
25.64806032180786,156914
25.64941954612732,156914
25.650336027145386,156914
25.6512508392334,156914
25.652170658111572,156914
25.653093814849854,156914
25.65402317047119,156914
25.655377626419067,156914
25.6562979221344,156914
25.657216548919678,156914
25.658135414123535,156914
25.659050703048706,156914
25.660404682159424,156914
25.66132140159607,156914
25.662237882614136,156914
25.663151025772095,156914
25.664076328277588,156914
25.665428638458252,156914
25.666346788406372,156914
25.66726303100586,156914
25.668176651000977,156914
25.669090747833252,156914
25.67000699043274,156914
25.671360969543457,156914
25.672276973724365,156914
25.6731960773468,156914
25.67412519454956,156914
25.67504119873047,156914
25.676391124725342,156914
25.677306652069092,156914
25.678227186203003,156914
25.679145336151123,156914
25.680062770843506,156914
25.681430339813232,156914
25.682350397109985,156914
25.683271646499634,156914
25.684203386306763,156914
25.685120582580566,156914
25.68604063987732,156914
25.687395572662354,156914
25.68831467628479,156914
25.689231872558594,156914
25.69014811515808,156914
25.691062927246094,156914
25.692415952682495,156914
25.6933331489563,156914
25.694260358810425,156914
25.695179224014282,156914
25.69609546661377,156914
25.69700860977173,156914
25.698362350463867,156914
25.699280500411987,156914
25.700197458267212,156914
25.70111322402954,156914
25.702030658721924,156914
25.703383207321167,156914
25.704309225082397,156914
25.70522665977478,156914
25.706143617630005,156914
25.70705795288086,156914
25.708414793014526,156914
25.70932650566101,156914
25.710245370864868,156914
25.711166620254517,156914
25.71208143234253,156914
25.713435411453247,156914
25.714360237121582,156914
25.715276956558228,156914
25.716192483901978,156914
25.71711015701294,156914
25.71802544593811,156914
25.719379901885986,156914
25.720294713974,156914
25.7212131023407,156914
25.722127676010132,156914
25.723039388656616,156914
25.724406719207764,156914
25.725321292877197,156914
25.726238489151,156914
25.727155208587646,156914
25.728074312210083,156914
25.72943115234375,156914
25.730364322662354,156914
25.731281042099,156914
25.732199907302856,156914
25.73311495780945,156914
25.73403573036194,156914
25.73539447784424,156914
25.736311674118042,156914
25.73723578453064,156914
25.73815679550171,156914
25.739076375961304,156914
25.740431547164917,156914
25.741352081298828,156914
25.74226975440979,156914
25.743188858032227,156914
25.74411392211914,156914
25.745030164718628,156914
25.746388912200928,156914
25.747307777404785,156914
25.748231649398804,156914
25.749146938323975,156914
25.750063180923462,156914
25.751417875289917,156914
25.75233554840088,156914
25.753254890441895,156914
25.754188776016235,156914
25.75510573387146,156914
25.756019592285156,156914
25.757375955581665,156914
25.758294343948364,156914
25.759211540222168,156914
25.760128021240234,156914
25.76104497909546,156914
25.762393474578857,156914
25.763310194015503,156914
25.764239072799683,156914
25.76515817642212,156914
25.766070127487183,156914
25.767425537109375,156914
25.768339157104492,156914
25.76925778388977,156914
25.770174503326416,156914
25.771090984344482,156914
25.77200722694397,156914
25.773357391357422,156914
25.774290561676025,156914
25.775206089019775,156914
25.776125192642212,156914
25.77703857421875,156914
25.778392553329468,156914
25.77930521965027,156914
25.780221223831177,156914
25.781139612197876,156914
25.78205394744873,156914
25.783406496047974,156914
25.784331798553467,156914
25.785251140594482,156914
25.786166667938232,156914
25.787086248397827,156914
25.78800630569458,156914
25.789358615875244,156914
25.790274381637573,156914
25.79119086265564,156914
25.792108297348022,156914
25.79301881790161,156914
25.794381380081177,156914
25.795299530029297,156914
25.79621934890747,156914
25.797133684158325,156914
25.798051595687866,156914
25.79940414428711,156914
25.800318956375122,156914
25.801236391067505,156914
25.80215573310852,156914
25.803069353103638,156914
25.804436683654785,156914
25.805349111557007,156914
25.8062686920166,156914
25.80718731880188,156914
25.808106660842896,156914
25.80902338027954,156914
25.810376405715942,156914
25.81129240989685,156914
25.812206506729126,156914
25.81312322616577,156914
25.814045429229736,156914
25.8153977394104,156914
25.816312789916992,156914
25.817232131958008,156914
25.818151235580444,156914
25.81906509399414,156914
25.82041907310486,156914
25.821335554122925,156914
25.822256088256836,156914
25.823174476623535,156914
25.82410717010498,156914
25.8250253200531,156914
25.826382637023926,156914
25.827295541763306,156914
25.828217029571533,156914
25.829137802124023,156914
25.830052852630615,156914
25.831406354904175,156914
25.83232307434082,156914
25.83323884010315,156914
25.8341646194458,156914
25.835083484649658,156914
25.83643889427185,156914
25.837352991104126,156914
25.838268041610718,156914
25.839186906814575,156914
25.840105295181274,156914
25.84101939201355,156914
25.842369318008423,156914
25.843287706375122,156914
25.8442165851593,156914
25.845133304595947,156914
25.846050262451172,156914
25.8474063873291,156914
25.848317861557007,156914
25.849234580993652,156914
25.850151300430298,156914
25.851070404052734,156914
25.852424383163452,156914
25.85333752632141,156914
25.854284048080444,156914
25.855205297470093,156914
25.856125116348267,156914
25.857041835784912,156914
25.85839819908142,156914
25.859315156936646,156914
25.86023211479187,156914
25.86114764213562,156914
25.862062454223633,156914
25.863415718078613,156914
25.864341259002686,156914
25.86526322364807,156914
25.86617922782898,156914
25.867096424102783,156914
25.868014097213745,156914
25.86936640739441,156914
25.8702871799469,156914
25.871203184127808,156914
25.872121572494507,156914
25.87303614616394,156914
25.874402284622192,156914
25.875314950942993,156914
25.876231908798218,156914
25.877151012420654,156914
25.878065586090088,156914
25.879419803619385,156914
25.880336046218872,156914
25.88125514984131,156914
25.882174253463745,156914
25.883092164993286,156914
25.88401484489441,156914
25.88536548614502,156914
25.886280298233032,156914
25.887200117111206,156914
25.888117790222168,156914
25.88903284072876,156914
25.890389919281006,156914
25.89130473136902,156914
25.892221450805664,156914
25.893134832382202,156914
25.89406132698059,156914
25.89541482925415,156914
25.89633011817932,156914
25.897247314453125,156914
25.89816641807556,156914
25.89908194541931,156914
25.90043616294861,156914
25.901350021362305,156914
25.902270078659058,156914
25.903188705444336,156914
25.904112577438354,156914
25.905029296875,156914
25.906383275985718,156914
25.90730118751526,156914
25.90821933746338,156914
25.909139156341553,156914
25.9100558757782,156914
25.911410570144653,156914
25.91232657432556,156914
25.913246870040894,156914
25.914171934127808,156914
25.915090084075928,156914
25.916006088256836,156914
25.917356252670288,156914
25.918278694152832,156914
25.919198989868164,156914
25.92012071609497,156914
25.921032190322876,156914
25.922385215759277,156914
25.923298597335815,156914
25.924229383468628,156914
25.92514657974243,156914
25.926061868667603,156914
25.927420616149902,156914
25.928334951400757,156914
25.92924952507019,156914
25.930165767669678,156914
25.931082487106323,156914
25.932437896728516,156914
25.93335223197937,156914
25.934280395507812,156914
25.935197591781616,156914
25.93611431121826,156914
25.937026739120483,156914
25.938380241394043,156914
25.939295530319214,156914
25.94021248817444,156914
25.94112730026245,156914
25.94204020500183,156914
25.943392276763916,156914
25.94431495666504,156914
25.945231437683105,156914
25.94614839553833,156914
25.947062969207764,156914
25.948415994644165,156914
25.949329614639282,156914
25.950246334075928,156914
25.951164484024048,156914
25.952082872390747,156914
25.953438997268677,156914
25.954365491867065,156914
25.955280303955078,156914
25.956193447113037,156914
25.957111835479736,156914
25.958025217056274,156914
25.95937466621399,156914
25.960288524627686,156914
25.961203813552856,156914
25.96212124824524,156914
25.963032722473145,156914
25.964398622512817,156914
25.96531343460083,156914
25.96623182296753,156914
25.967145681381226,156914
25.96806049346924,156914
25.96941328048706,156914
25.970330953598022,156914
25.97124433517456,156914
25.972162008285522,156914
25.973079919815063,156914
25.974005460739136,156914
25.975363731384277,156914
25.976280689239502,156914
25.977198600769043,156914
25.978116035461426,156914
25.97903323173523,156914
25.980386972427368,156914
25.98130226135254,156914
25.98222041130066,156914
25.983140468597412,156914
25.98406195640564,156914
25.985416889190674,156914
25.986332654953003,156914
25.98725175857544,156914
25.988168954849243,156914
25.98908305168152,156914
25.99043560028076,156914
25.991353034973145,156914
25.992270708084106,156914
25.993185997009277,156914
25.994112730026245,156914
25.995025157928467,156914
25.996375560760498,156914
25.997291803359985,156914
25.998212575912476,156914
25.9991295337677,156914
26.000043630599976,156914
26.001395225524902,156914
26.002312421798706,156914
26.003231525421143,156914
26.0041561126709,156914
26.00507164001465,156914
26.00642681121826,156914
26.00734233856201,156914
26.008258819580078,156914
26.009175539016724,156914
26.010091543197632,156914
26.01100754737854,156914
26.012358903884888,156914
26.013274908065796,156914
26.01420307159424,156914
26.015119075775146,156914
26.01603627204895,156914
26.01738739013672,156914
26.018301963806152,156914
26.019218921661377,156914
26.0201358795166,156914
26.021052598953247,156914
26.02240538597107,156914
26.023319721221924,156914
26.02424907684326,156914
26.025166511535645,156914
26.026084423065186,156914
26.0270037651062,156914
26.02835440635681,156914
26.029271364212036,156914
26.030190467834473,156914
26.031110048294067,156914
26.032022953033447,156914
26.033377408981323,156914
26.034303188323975,156914
26.035222053527832,156914
26.036139249801636,156914
26.037050485610962,156914
26.03840160369873,156914
26.0393168926239,156914
26.040235996246338,156914
26.0411536693573,156914
26.042068481445312,156914
26.04342269897461,156914
26.044347524642944,156914
26.045264959335327,156914
26.04618239402771,156914
26.04710030555725,156914
26.048015356063843,156914
26.049366235733032,156914
26.050280809402466,156914
26.051199674606323,156914
26.052114486694336,156914
26.053030729293823,156914
26.054394245147705,156914
26.05531096458435,156914
26.056227922439575,156914
26.057149410247803,156914
26.058061361312866,156914
26.059417963027954,156914
26.060336351394653,156914
26.061253309249878,156914
26.06217050552368,156914
26.063090085983276,156914
26.064019918441772,156914
26.065373182296753,156914
26.066288709640503,156914
26.067203760147095,156914
26.0681209564209,156914
26.06903624534607,156914
26.07039213180542,156914
26.07130455970764,156914
26.072224378585815,156914
26.073139667510986,156914
26.07406234741211,156914
26.075414896011353,156914
26.076329946517944,156914
26.077243089675903,156914
26.078155279159546,156914
26.079068899154663,156914
26.0804226398468,156914
26.08133625984192,156914
26.08225131034851,156914
26.083168983459473,156914
26.08409333229065,156914
26.085008144378662,156914
26.08635973930359,156914
26.087276220321655,156914
26.08819079399109,156914
26.089104652404785,156914
26.090020895004272,156914
26.091371536254883,156914
26.092289209365845,156914
26.09320640563965,156914
26.09413719177246,156914
26.09504985809326,156914
26.0964035987854,156914
26.097318410873413,156914
26.098235368728638,156914
26.09915065765381,156914
26.100062608718872,156914
26.101419925689697,156914
26.102339029312134,156914
26.103256940841675,156914
26.104185819625854,156914
26.1051025390625,156914
26.10601830482483,156914
26.107368230819702,156914
26.10828471183777,156914
26.10920286178589,156914
26.110124588012695,156914
26.111039400100708,156914
26.11238956451416,156914
26.113307237625122,156914
26.114234447479248,156914
26.11514925956726,156914
26.11606240272522,156914
26.11741042137146,156914
26.118330001831055,156914
26.119245529174805,156914
26.120163202285767,156914
26.121076345443726,156914
26.122429370880127,156914
26.12334108352661,156914
26.124271631240845,156914
26.125191688537598,156914
26.126104831695557,156914
26.127018928527832,156914
26.12836980819702,156914
26.12928819656372,156914
26.130204439163208,156914
26.13112163543701,156914
26.13203716278076,156914
26.13339138031006,156914
26.13431429862976,156914
26.1352322101593,156914
26.136147499084473,156914
26.13706064224243,156914
26.13841438293457,156914
26.139329195022583,156914
26.140244245529175,156914
26.141159057617188,156914
26.142076015472412,156914
26.14342951774597,156914
26.14435601234436,156914
26.145267963409424,156914
26.146185159683228,156914
26.14710235595703,156914
26.148019313812256,156914
26.14936900138855,156914
26.150285959243774,156914
26.15120577812195,156914
26.152120113372803,156914
26.153037071228027,156914
26.15440320968628,156914
26.15531897544861,156914
26.156234979629517,156914
26.157154083251953,156914
26.158072233200073,156914
26.159424543380737,156914
26.160338878631592,156914
26.161258220672607,156914
26.162177801132202,156914
26.16309428215027,156914
26.164021492004395,156914
26.16537356376648,156914
26.166292428970337,156914
26.16720986366272,156914
26.168129920959473,156914
26.169045209884644,156914
26.17040252685547,156914
26.17131519317627,156914
26.1722309589386,156914
26.17314863204956,156914
26.174072265625,156914
26.175429105758667,156914
26.176345109939575,156914
26.177260875701904,156914
26.178176879882812,156914
26.179095029830933,156914
26.180011510849,156914
26.181362628936768,156914
26.182279109954834,156914
26.183196544647217,156914
26.184122800827026,156914
26.185038328170776,156914
26.1863911151886,156914
26.1873037815094,156914
26.18822193145752,156914
26.189141988754272,156914
26.190057516098022,156914
26.191413164138794,156914
26.19232988357544,156914
26.19324827194214,156914
26.194177865982056,156914
26.195095539093018,156914
26.196008443832397,156914
26.197359561920166,156914
26.198275804519653,156914
26.199195861816406,156914
26.200111389160156,156914
26.201025247573853,156914
26.202374696731567,156914
26.203294277191162,156914
26.20422053337097,156914
26.205139636993408,156914
26.206053495407104,156914
26.207407236099243,156914
26.208324432373047,156914
26.20924401283264,156914
26.210158824920654,156914
26.211073398590088,156914
26.212428092956543,156914
26.213345289230347,156914
26.214271545410156,156914
26.21518588066101,156914
26.216100215911865,156914
26.21701741218567,156914
26.218367099761963,156914
26.219284296035767,156914
26.220203638076782,156914
26.22111678123474,156914
26.222028970718384,156914
26.223381519317627,156914
26.22430944442749,156914
26.225229024887085,156914
26.226144313812256,156914
26.22706151008606,156914
26.228412628173828,156914
26.229328870773315,156914
26.230246782302856,156914
26.23116445541382,156914
26.2320818901062,156914
26.23343777656555,156914
26.234364986419678,156914
26.23528265953064,156914
26.23620057106018,156914
26.23711609840393,156914
26.23803210258484,156914
26.23938512802124,156914
26.240299463272095,156914
26.241217851638794,156914
26.242133140563965,156914
26.243048906326294,156914
26.244414567947388,156914
26.245328903198242,156914
26.246249437332153,156914
26.24716877937317,156914
26.248087167739868,156914
26.24900794029236,156914
26.250362873077393,156914
26.2512788772583,156914
26.252199172973633,156914
26.25311827659607,156914
26.254039764404297,156914
26.255393028259277,156914
26.256306886672974,156914
26.257226943969727,156914
26.258143663406372,156914
26.259058713912964,156914
26.260414838790894,156914
26.26133155822754,156914
26.262250661849976,156914
26.263166904449463,156914
26.264095544815063,156914
26.265010833740234,156914
26.266360759735107,156914
26.267277240753174,156914
26.2681941986084,156914
26.26910948753357,156914
26.270021677017212,156914
26.271373748779297,156914
26.272289276123047,156914
26.27320623397827,156914
26.27413511276245,156914
26.275052547454834,156914
26.276405811309814,156914
26.27732253074646,156914
26.278239011764526,156914
26.279157161712646,156914
26.280073642730713,156914
26.28142547607422,156914
26.282336950302124,156914
26.283254861831665,156914
26.284183025360107,156914
26.285099029541016,156914
26.286016702651978,156914
26.28737211227417,156914
26.28828740119934,156914
26.289203882217407,156914
26.290120363235474,156914
26.291034698486328,156914
26.292389154434204,156914
26.293304204940796,156914
26.294232606887817,156914
26.29514789581299,156914
26.296061038970947,156914
26.297419786453247,156914
26.298336505889893,156914
26.29925274848938,156914
26.30017066001892,156914
26.30109143257141,156914
26.302008628845215,156914
26.303361415863037,156914
26.30428719520569,156914
26.305205821990967,156914
26.306124925613403,156914
26.307038068771362,156914
26.308393716812134,156914
26.309311151504517,156914
26.31022810935974,156914
26.311145067214966,156914
26.31206202507019,156914
26.313414573669434,156914
26.314337730407715,156914
26.31525444984436,156914
26.316171884536743,156914
26.31708335876465,156914
26.31843662261963,156914
26.31934905052185,156914
26.32026433944702,156914
26.321181058883667,156914
26.322099685668945,156914
26.323015451431274,156914
26.32437562942505,156914
26.325292587280273,156914
26.32620930671692,156914
26.327126026153564,156914
26.328040838241577,156914
26.329394102096558,156914
26.3303120136261,156914
26.331233501434326,156914
26.332154750823975,156914
26.333069801330566,156914
26.334436655044556,156914
26.335355281829834,156914
26.336273670196533,156914
26.33718967437744,156914
26.338106632232666,156914
26.33902144432068,156914
26.340373516082764,156914
26.341288328170776,156914
26.34220814704895,156914
26.343125104904175,156914
26.34404945373535,156914
26.34540319442749,156914
26.346317291259766,156914
26.34723472595215,156914
26.348151445388794,156914
26.349066257476807,156914
26.350419759750366,156914
26.35133409500122,156914
26.352251768112183,156914
26.353169918060303,156914
26.354096174240112,156914
26.355011463165283,156914
26.356365442276,156914
26.357282876968384,156914
26.358200073242188,156914
26.35911464691162,156914
26.36003065109253,156914
26.36138415336609,156914
26.36229968070984,156914
26.363215684890747,156914
26.364142894744873,156914
26.365057229995728,156914
26.3664128780365,156914
26.36732792854309,156914
26.368247509002686,156914
26.36916184425354,156914
26.370076894760132,156914
26.371434450149536,156914
26.37235140800476,156914
26.37326693534851,156914
26.37419581413269,156914
26.375112771987915,156914
26.376025199890137,156914
26.377381086349487,156914
26.378294467926025,156914
26.379215002059937,156914
26.380130767822266,156914
26.38104486465454,156914
26.382400274276733,156914
26.383317947387695,156914
26.384249210357666,156914
26.38517141342163,156914
26.38608407974243,156914
26.387438774108887,156914
26.388354539871216,156914
26.389270067214966,156914
26.39019227027893,156914
26.39110565185547,156914
26.39201784133911,156914
26.393373250961304,156914
26.394299030303955,156914
26.395214319229126,156914
26.396126985549927,156914
26.397040843963623,156914
26.398396015167236,156914
26.399313926696777,156914
26.400232553482056,156914
26.401152849197388,156914
26.402066230773926,156914
26.40342402458191,156914
26.404345989227295,156914
26.405263662338257,156914
26.406182527542114,156914
26.407097816467285,156914
26.408013343811035,156914
26.409367084503174,156914
26.410284519195557,156914
26.411200523376465,156914
26.412118434906006,156914
26.413032293319702,156914
26.414408445358276,156914
26.415324687957764,156914
26.416242837905884,156914
26.41715693473816,156914
26.418068885803223,156914
26.41942310333252,156914
26.420339584350586,156914
26.421254634857178,156914
26.42217445373535,156914
26.423089742660522,156914
26.424018144607544,156914
26.425371170043945,156914
26.42628836631775,156914
26.427210092544556,156914
26.428125381469727,156914
26.42904043197632,156914
26.43039107322693,156914
26.43131160736084,156914
26.43223237991333,156914
26.43315052986145,156914
26.434077262878418,156914
26.435431480407715,156914
26.436346769332886,156914
26.437260389328003,156914
26.43817687034607,156914
26.4390926361084,156914
26.440007209777832,156914
26.44136142730713,156914
26.442279815673828,156914
26.443195819854736,156914
26.444119453430176,156914
26.445032835006714,156914
26.446383237838745,156914
26.44729733467102,156914
26.448214054107666,156914
26.449129343032837,156914
26.450045824050903,156914
26.451395750045776,156914
26.452309608459473,156914
26.453230619430542,156914
26.454159259796143,156914
26.455071926116943,156914
26.456424951553345,156914
26.45734214782715,156914
26.458257913589478,156914
26.45917534828186,156914
26.460091829299927,156914
26.46100425720215,156914
26.462357759475708,156914
26.463268995285034,156914
26.46419668197632,156914
26.465115785598755,156914
26.466030836105347,156914
26.467387676239014,156914
26.468302965164185,156914
26.469218730926514,156914
26.470134496688843,156914
26.47105050086975,156914
26.472405433654785,156914
26.473322868347168,156914
26.47424817085266,156914
26.47516679763794,156914
26.476084232330322,156914
26.47744131088257,156914
26.47835612297058,156914
26.479272842407227,156914
26.48018789291382,156914
26.481104135513306,156914
26.482019186019897,156914
26.483371257781982,156914
26.484299898147583,156914
26.485219717025757,156914
26.486138582229614,156914
26.487054586410522,156914
26.48840641975403,156914
26.489319562911987,156914
26.49024200439453,156914
26.49116039276123,156914
26.492072582244873,156914
26.49342942237854,156914
26.494369983673096,156914
26.495286226272583,156914
26.496203660964966,156914
26.497120141983032,156914
26.498032808303833,156914
26.49938678741455,156914
26.500303745269775,156914
26.50122094154358,156914
26.502135276794434,156914
26.503052234649658,156914
26.504417896270752,156914
26.505332946777344,156914
26.506251573562622,156914
26.507168769836426,156914
26.50808572769165,156914
26.509438514709473,156914
26.510358095169067,156914
26.51127290725708,156914
26.512190103530884,156914
26.51310920715332,156914
26.51402997970581,156914
26.51538920402527,156914
26.516305208206177,156914
26.517223834991455,156914
26.51813840866089,156914
26.51905632019043,156914
26.520414352416992,156914
26.521331310272217,156914
26.522247314453125,156914
26.52316689491272,156914
26.524092435836792,156914
26.52500581741333,156914
26.526360511779785,156914
26.52727723121643,156914
26.528194189071655,156914
26.5291109085083,156914
26.530025243759155,156914
26.53137993812561,156914
26.53229594230652,156914
26.53321075439453,156914
26.534138917922974,156914
26.535054922103882,156914
26.536407947540283,156914
26.53732395172119,156914
26.53823971748352,156914
26.5391583442688,156914
26.540068864822388,156914
26.541424036026,156914
26.54234266281128,156914
26.543259382247925,156914
26.544185876846313,156914
26.54510188102722,156914
26.546018362045288,156914
26.547369480133057,156914
26.548283338546753,156914
26.54920196533203,156914
26.550118923187256,156914
26.551032543182373,156914
26.552387714385986,156914
26.553303241729736,156914
26.554234266281128,156914
26.555153369903564,156914
26.556066274642944,156914
26.557420253753662,156914
26.55833649635315,156914
26.55925178527832,156914
26.56017541885376,156914
26.561091661453247,156914
26.56200623512268,156914
26.563360929489136,156914
26.56429100036621,156914
26.5652072429657,156914
26.566123008728027,156914
26.56704306602478,156914
26.568395376205444,156914
26.569316864013672,156914
26.570232629776,156914
26.571149587631226,156914
26.572066068649292,156914
26.573421239852905,156914
26.57434320449829,156914
26.575258255004883,156914
26.576175212860107,156914
26.577088594436646,156914
26.57800531387329,156914
26.57936143875122,156914
26.580280303955078,156914
26.581197023391724,156914
26.582118034362793,156914
26.583030939102173,156914
26.584396600723267,156914
26.585313081741333,156914
26.586235761642456,156914
26.58715534210205,156914
26.588066577911377,156914
26.589417934417725,156914
26.590335607528687,156914
26.59125518798828,156914
26.59217381477356,156914
26.593090534210205,156914
26.59401535987854,156914
26.595367193222046,156914
26.596282482147217,156914
26.597201108932495,156914
26.598116636276245,156914
26.5990309715271,156914
26.600380182266235,156914
26.601295471191406,156914
26.602213859558105,156914
26.60312843322754,156914
26.60405397415161,156914
26.605404376983643,156914
26.60632014274597,156914
26.607237339019775,156914
26.60815739631653,156914
26.609071493148804,156914
26.610427856445312,156914
26.6113440990448,156914
26.612264156341553,156914
26.61318039894104,156914
26.614102602005005,156914
26.615018129348755,156914
26.616368293762207,156914
26.61728596687317,156914
26.61820340156555,156914
26.619119882583618,156914
26.62003469467163,156914
26.62138867378235,156914
26.62230610847473,156914
26.623223543167114,156914
26.624149799346924,156914
26.625064849853516,156914
26.62641429901123,156914
26.627328872680664,156914
26.628246068954468,156914
26.6291606426239,156914
26.630077123641968,156914
26.631431579589844,156914
26.632347106933594,156914
26.63326406478882,156914
26.634192943572998,156914
26.635109901428223,156914
26.63602328300476,156914
26.63737440109253,156914
26.638291597366333,156914
26.639211416244507,156914
26.640130281448364,156914
26.641042709350586,156914
26.64239192008972,156914
26.643309354782104,156914
26.644240379333496,156914
26.645161151885986,156914
26.646073818206787,156914
26.647430658340454,156914
26.648343801498413,156914
26.649260997772217,156914
26.65017819404602,156914
26.651093006134033,156914
26.652007579803467,156914
26.65336012840271,156914
26.654288053512573,156914
26.65520143508911,156914
26.65611982345581,156914
26.657034635543823,156914
26.658386945724487,156914
26.659297704696655,156914
26.660213947296143,156914
26.661129236221313,156914
26.662043571472168,156914
26.66339945793152,156914
26.664327383041382,156914
26.665246963500977,156914
26.666162729263306,156914
26.66707730293274,156914
26.66842746734619,156914
26.66934609413147,156914
26.67026376724243,156914
26.671183347702026,156914
26.672101259231567,156914
26.673014640808105,156914
26.674375295639038,156914
26.675292491912842,156914
26.676207304000854,156914
26.677125930786133,156914
26.678041458129883,156914
26.679394245147705,156914
26.68030881881714,156914
26.6812264919281,156914
26.68214750289917,156914
26.683060884475708,156914
26.684430599212646,156914
26.685344457626343,156914
26.6862633228302,156914
26.68718194961548,156914
26.688100337982178,156914
26.689016103744507,156914
26.690367937088013,156914
26.691288709640503,156914
26.692203998565674,156914
26.693121671676636,156914
26.69404697418213,156914
26.695404291152954,156914
26.696318864822388,156914
26.69723677635193,156914
26.698153734207153,156914
26.69906973838806,156914
26.700425148010254,156914
26.701340913772583,156914
26.702260971069336,156914
26.70317506790161,156914
26.704105138778687,156914
26.70501971244812,156914
26.706374645233154,156914
26.707292318344116,156914
26.70820951461792,156914
26.709125995635986,156914
26.71004033088684,156914
26.711397171020508,156914
26.71231508255005,156914
26.713233947753906,156914
26.71416425704956,156914
26.715081691741943,156914
26.716432571411133,156914
26.717347860336304,156914
26.71828269958496,156914
26.719200372695923,156914
26.720117568969727,156914
26.721031427383423,156914
26.722382068634033,156914
26.72330117225647,156914
26.724230527877808,156914
26.72514319419861,156914
26.72605872154236,156914
26.727410078048706,156914
26.728331089019775,156914
26.729249238967896,156914
26.73017692565918,156914
26.73108983039856,156914
26.732003688812256,156914
26.7333562374115,156914
26.7342848777771,156914
26.7352032661438,156914
26.73612070083618,156914
26.737037420272827,156914
26.738389015197754,156914
26.739306688308716,156914
26.74022364616394,156914
26.74114155769348,156914
26.742058277130127,156914
26.743412971496582,156914
26.74433708190918,156914
26.74525785446167,156914
26.746174097061157,156914
26.747087955474854,156914
26.7480046749115,156914
26.749353170394897,156914
26.75027060508728,156914
26.75118398666382,156914
26.75210213661194,156914
26.75301456451416,156914
26.75437569618225,156914
26.755290508270264,156914
26.756207942962646,156914
26.75712537765503,156914
26.758038997650146,156914
26.759392738342285,156914
26.76030468940735,156914
26.76122283935547,156914
26.762139081954956,156914
26.76305603981018,156914
26.764416456222534,156914
26.765328884124756,156914
26.76624298095703,156914
26.76715850830078,156914
26.768071174621582,156914
26.76942467689514,156914
26.770337104797363,156914
26.771254539489746,156914
26.77217197418213,156914
26.773088216781616,156914
26.77401351928711,156914
26.77536678314209,156914
26.776283979415894,156914
26.77720046043396,156914
26.778116464614868,156914
26.7790310382843,156914
26.780386447906494,156914
26.78130078315735,156914
26.782219886779785,156914
26.783137559890747,156914
26.784058332443237,156914
26.785409927368164,156914
26.786325216293335,156914
26.787240505218506,156914
26.78815722465515,156914
26.789069890975952,156914
26.79041838645935,156914
26.791330814361572,156914
26.792245149612427,156914
26.793166399002075,156914
26.794090270996094,156914
26.795005321502686,156914
26.796359062194824,156914
26.797274589538574,156914
26.79819345474243,156914
26.79910683631897,156914
26.800021171569824,156914
26.80137014389038,156914
26.802289485931396,156914
26.80320644378662,156914
26.804133653640747,156914
26.805050134658813,156914
26.80640482902527,156914
26.807319402694702,156914
26.808236598968506,156914
26.809154272079468,156914
26.81006646156311,156914
26.811424493789673,156914
26.81234049797058,156914
26.813258171081543,156914
26.814186573028564,156914
26.815101385116577,156914
26.8160138130188,156914
26.817365884780884,156914
26.81828260421753,156914
26.819199800491333,156914
26.820112466812134,156914
26.821027278900146,156914
26.822380304336548,156914
26.82329797744751,156914
26.82422637939453,156914
26.82514238357544,156914
26.82605791091919,156914
26.82741117477417,156914
26.82832670211792,156914
26.8292453289032,156914
26.83016037940979,156914
26.83107304573059,156914
26.832428216934204,156914
26.833340167999268,156914
26.834269762039185,156914
26.835187911987305,156914
26.836103439331055,156914
26.837020874023438,156914
26.838369607925415,156914
26.83928608894348,156914
26.840200424194336,156914
26.841116666793823,156914
26.842031478881836,156914
26.843387842178345,156914
26.84431004524231,156914
26.84522819519043,156914
26.84614658355713,156914
26.84705662727356,156914
26.84841012954712,156914
26.849326610565186,156914
26.850244522094727,156914
26.851160764694214,156914
26.852076053619385,156914
26.85342526435852,156914
26.85435128211975,156914
26.855263471603394,156914
26.85617995262146,156914
26.857097148895264,156914
26.858012199401855,156914
26.859363794326782,156914
26.860280752182007,156914
26.86119818687439,156914
26.862112998962402,156914
26.86302900314331,156914
26.864392042160034,156914
26.86530590057373,156914
26.866220235824585,156914
26.86713743209839,156914
26.868048906326294,156914
26.869399309158325,156914
26.870315313339233,156914
26.871235370635986,156914
26.87215280532837,156914
26.87306785583496,156914
26.874433755874634,156914
26.875350952148438,156914
26.876267194747925,156914
26.87718391418457,156914
26.878100156784058,156914
26.879013061523438,156914
26.880367517471313,156914
26.88128161430359,156914
26.882198810577393,156914
26.883113622665405,156914
26.88403630256653,156914
26.885390996932983,156914
26.886304140090942,156914
26.887223958969116,156914
26.888139724731445,156914
26.889055252075195,156914
26.890410900115967,156914
26.891327381134033,156914
26.89224338531494,156914
26.89315938949585,156914
26.894081830978394,156914
26.89543628692627,156914
26.896349668502808,156914
26.897266149520874,156914
26.89818024635315,156914
26.899094581604004,156914
26.900006771087646,156914
26.901355028152466,156914
26.902272939682007,156914
26.90319323539734,156914
26.904122352600098,156914
26.905037879943848,156914
26.906392335891724,156914
26.907308340072632,156914
26.90822720527649,156914
26.909143924713135,156914
26.91005563735962,156914
26.911409854888916,156914
26.912328481674194,156914
26.91324543952942,156914
26.91417384147644,156914
26.91509175300598,156914
26.916006565093994,156914
26.917357206344604,156914
26.918272495269775,156914
26.919189453125,156914
26.920105457305908,156914
26.921018600463867,156914
26.922369480133057,156914
26.923285484313965,156914
26.92421317100525,156914
26.925129890441895,156914
26.92604637145996,156914
26.927396774291992,156914
26.928316116333008,156914
26.929232835769653,156914
26.930150032043457,156914
26.931066036224365,156914
26.932420015335083,156914
26.933337926864624,156914
26.93426775932312,156914
26.93518376350403,156914
26.936100006103516,156914
26.937015056610107,156914
26.938363313674927,156914
26.939279794692993,156914
26.940197706222534,156914
26.941117763519287,156914
26.942031383514404,156914
26.943392276763916,156914
26.94431972503662,156914
26.9452383518219,156914
26.946155309677124,156914
26.947068214416504,156914
26.948423624038696,156914
26.9493408203125,156914
26.950257539749146,156914
26.951175689697266,156914
26.95209264755249,156914
26.953007221221924,156914
26.9543673992157,156914
26.95528507232666,156914
26.956204652786255,156914
26.957122087478638,156914
26.958035707473755,156914
26.959391593933105,156914
26.96030569076538,156914
26.961222648620605,156914
26.96213674545288,156914
26.96305203437805,156914
26.96441888809204,156914
26.965332508087158,156914
26.966246604919434,156914
26.967164993286133,156914
26.9680814743042,156914
26.96943950653076,156914
26.97035574913025,156914
26.971271753311157,156914
26.972187757492065,156914
26.973102569580078,156914
26.974023818969727,156914
26.97537612915039,156914
26.976291179656982,156914
26.97721028327942,156914
26.978128671646118,156914
26.97904133796692,156914
26.980393886566162,156914
26.98130512237549,156914
26.982223987579346,156914
26.98314666748047,156914
26.984070777893066,156914
26.985424041748047,156914
26.986339330673218,156914
26.987258672714233,156914
26.988173484802246,156914
26.989092588424683,156914
26.990007877349854,156914
26.991364002227783,156914
26.99228048324585,156914
26.993196487426758,156914
26.994123458862305,156914
26.99503517150879,156914
26.99638867378235,156914
26.997302770614624,156914
26.99821901321411,156914
26.99913263320923,156914
27.000046730041504,156914
27.001399278640747,156914
27.002314567565918,156914
27.003230094909668,156914
27.004160165786743,156914
27.005075454711914,156914
27.00643038749695,156914
27.007346391677856,156914
27.008262872695923,156914
27.00917935371399,156914
27.010093212127686,156914
27.01101279258728,156914
27.012364625930786,156914
27.013283729553223,156914
27.01421070098877,156914
27.015127182006836,156914
27.01604175567627,156914
27.01739239692688,156914
27.01830220222473,156914
27.01922035217285,156914
27.020137548446655,156914
27.021052837371826,156914
27.02240538597107,156914
27.023325443267822,156914
27.024255990982056,156914
27.02517533302307,156914
27.026089906692505,156914
27.02700448036194,156914
27.028359413146973,156914
27.029274702072144,156914
27.030191659927368,156914
27.031105756759644,156914
27.032017469406128,156914
27.033369779586792,156914
27.034297466278076,156914
27.035219192504883,156914
27.036133527755737,156914
27.037049770355225,156914
27.038399696350098,156914
27.03931713104248,156914
27.040236473083496,156914
27.041155576705933,156914
27.04207134246826,156914
27.043428897857666,156914
27.044353246688843,156914
27.045274019241333,156914
27.046191692352295,156914
27.04710602760315,156914
27.048020839691162,156914
27.049370527267456,156914
27.0502872467041,156914
27.05120277404785,156914
27.052119493484497,156914
27.053034782409668,156914
27.054404497146606,156914
27.055315256118774,156914
27.056232929229736,156914
27.057151079177856,156914
27.05806279182434,156914
27.059413194656372,156914
27.060331344604492,156914
27.0612473487854,156914
27.0621657371521,156914
27.063082695007324,156914
27.064011335372925,156914
27.065368175506592,156914
27.066286325454712,156914
27.067203760147095,156914
27.06812620162964,156914
27.0690438747406,156914
27.070396423339844,156914
27.071314334869385,156914
27.07223105430603,156914
27.07314682006836,156914
27.074070930480957,156914
27.07542657852173,156914
27.076338052749634,156914
27.0772545337677,156914
27.07817244529724,156914
27.079089164733887,156914
27.080440759658813,156914
27.081353664398193,156914
27.082273483276367,156914
27.08319354057312,156914
27.084120750427246,156914
27.085039377212524,156914
27.086394548416138,156914
27.087312936782837,156914
27.088233470916748,156914
27.089151859283447,156914
27.090070247650146,156914
27.09143090248108,156914
27.09235167503357,156914
27.093273878097534,156914
27.094205379486084,156914
27.095120191574097,156914
27.0960373878479,156914
27.09739089012146,156914
27.098306894302368,156914
27.09922695159912,156914
27.10015082359314,156914
27.101064920425415,156914
27.102418184280396,156914
27.103331327438354,156914
27.104260206222534,156914
27.105181455612183,156914
27.106099367141724,156914
27.107016563415527,156914
27.108371019363403,156914
27.109285354614258,156914
27.11020302772522,156914
27.11112117767334,156914
27.11203408241272,156914
27.113386869430542,156914
27.114310264587402,156914
27.115227460861206,156914
27.11614441871643,156914
27.117058753967285,156914
27.118414640426636,156914
27.119331121444702,156914
27.120248556137085,156914
27.121163845062256,156914
27.1220805644989,156914
27.123432159423828,156914
27.124357223510742,156914
27.12527585029602,156914
27.126194715499878,156914
27.127113342285156,156914
27.12802743911743,156914
27.12937879562378,156914
27.13029670715332,156914
27.131215572357178,156914
27.13213324546814,156914
27.133047103881836,156914
27.134418487548828,156914
27.13533306121826,156914
27.136247158050537,156914
27.13716459274292,156914
27.138078212738037,156914
27.13943362236023,156914
27.140347242355347,156914
27.141268014907837,156914
27.14218544960022,156914
27.143099784851074,156914
27.144023418426514,156914
27.14538264274597,156914
27.146303415298462,156914
27.147221565246582,156914
27.14814281463623,156914
27.149060010910034,156914
27.150415420532227,156914
27.151328802108765,156914
27.152247667312622,156914
27.153165340423584,156914
27.154090404510498,156914
27.155010223388672,156914
27.156363248825073,156914
27.157284021377563,156914
27.158201932907104,156914
27.159119367599487,156914
27.160030364990234,156914
27.16138744354248,156914
27.162299633026123,156914
27.163220643997192,156914
27.16414451599121,156914
27.165059566497803,156914
27.166410446166992,156914
27.167325496673584,156914
27.168241024017334,156914
27.169158458709717,156914
27.170072078704834,156914
27.17142415046692,156914
27.17233920097351,156914
27.17325758934021,156914
27.174192905426025,156914
27.1751127243042,156914
27.17602777481079,156914
27.17738389968872,156914
27.17830228805542,156914
27.179222583770752,156914
27.180140495300293,156914
27.181055545806885,156914
27.182415008544922,156914
27.18333101272583,156914
27.184259176254272,156914
27.18517827987671,156914
27.186095476150513,156914
27.18701195716858,156914
27.188365936279297,156914
27.189285278320312,156914
27.19020366668701,156914
27.191118717193604,156914
27.192034244537354,156914
27.19338846206665,156914
27.194312572479248,156914
27.19523000717163,156914
27.19614863395691,156914
27.197063446044922,156914
27.19841766357422,156914
27.199331283569336,156914
27.20025062561035,156914
27.201170444488525,156914
27.202086210250854,156914
27.203433752059937,156914
27.204358100891113,156914
27.205275297164917,156914
27.206191062927246,156914
27.207106351852417,156914
27.208022832870483,156914
27.209378480911255,156914
27.210293531417847,156914
27.211212873458862,156914
27.21213126182556,156914
27.213046073913574,156914
27.214411735534668,156914
27.215330600738525,156914
27.21624755859375,156914
27.217164039611816,156914
27.218076467514038,156914
27.21942901611328,156914
27.2203471660614,156914
27.221264839172363,156914
27.2221839427948,156914
27.22309970855713,156914
27.224020957946777,156914
27.225378274917603,156914
27.22629427909851,156914
27.22721219062805,156914
27.228130102157593,156914
27.229048252105713,156914
27.230403661727905,156914
27.23131775856018,156914
27.232237339019775,156914
27.233157634735107,156914
27.23408269882202,156914
27.235438585281372,156914
27.236351490020752,156914
27.237270832061768,156914
27.23818874359131,156914
27.239107608795166,156914
27.24002432823181,156914
27.241376876831055,156914
27.242295026779175,156914
27.243212699890137,156914
27.244142770767212,156914
27.245060920715332,156914
27.24641466140747,156914
27.247329235076904,156914
27.248247861862183,156914
27.249165534973145,156914
27.250081300735474,156914
27.251433610916138,156914
27.252347946166992,156914
27.253262042999268,156914
27.254190921783447,156914
27.25510573387146,156914
27.256019115447998,156914
27.25736904144287,156914
27.25828456878662,156914
27.259199857711792,156914
27.260114908218384,156914
27.261029481887817,156914
27.26238489151001,156914
27.263301372528076,156914
27.264230251312256,156914
27.265146493911743,156914
27.266059637069702,156914
27.267412662506104,156914
27.26832866668701,156914
27.269245147705078,156914
27.270163774490356,156914
27.271082639694214,156914
27.2724347114563,156914
27.273350715637207,156914
27.27427840232849,156914
27.275195121765137,156914
27.276113510131836,156914
27.277029037475586,156914
27.278383255004883,156914
27.27929973602295,156914
27.28021478652954,156914
27.281132221221924,156914
27.282047510147095,156914
27.28340196609497,156914
27.28432297706604,156914
27.285243034362793,156914
27.286161184310913,156914
27.28707456588745,156914
27.28842854499817,156914
27.289342641830444,156914
27.29025959968567,156914
27.291175603866577,156914
27.292092084884644,156914
27.293009042739868,156914
27.29436755180359,156914
27.29528498649597,156914
27.29620385169983,156914
27.297119617462158,156914
27.29803490638733,156914
27.29938793182373,156914
27.300302743911743,156914
27.301220417022705,156914
27.30213952064514,156914
27.303054809570312,156914
27.304422855377197,156914
27.305339336395264,156914
27.306254386901855,156914
27.307173013687134,156914
27.308090686798096,156914
27.309003114700317,156914
27.310359001159668,156914
27.311280965805054,156914
27.312198638916016,156914
27.313116788864136,156914
27.31404137611389,156914
27.31539535522461,156914
27.316309928894043,156914
27.317227602005005,156914
27.31814455986023,156914
27.31906270980835,156914
27.320422172546387,156914
27.321338891983032,156914
27.322258234024048,156914
27.323172330856323,156914
27.32409954071045,156914
27.325013399124146,156914
27.326368808746338,156914
27.327285766601562,156914
27.32820415496826,156914
27.32912588119507,156914
27.330040454864502,156914
27.331393003463745,156914
27.332308530807495,156914
27.333226442337036,156914
27.334153652191162,156914
27.335066318511963,156914
27.3364200592041,156914
27.33733367919922,156914
27.33824849128723,156914
27.339162349700928,156914
27.34008002281189,156914
27.341431617736816,156914
27.342344522476196,156914
27.343260288238525,156914
27.344189882278442,156914
27.345110654830933,156914
27.346029043197632,156914
27.34738254547119,156914
27.34829831123352,156914
27.34921407699585,156914
27.3501296043396,156914
27.35104465484619,156914
27.352401971817017,156914
27.3533194065094,156914
27.354246616363525,156914
27.355164527893066,156914
27.35607933998108,156914
27.357431411743164,156914
27.35834527015686,156914
27.35926389694214,156914
27.360183715820312,156914
27.361099004745483,156914
27.36201286315918,156914
27.36336612701416,156914
27.364294052124023,156914
27.36521077156067,156914
27.366130828857422,156914
27.36704683303833,156914
27.36840009689331,156914
27.369312047958374,156914
27.370227575302124,156914
27.371146202087402,156914
27.37205982208252,156914
27.373410940170288,156914
27.374340057373047,156914
27.375255823135376,156914
27.376172065734863,156914
27.377089500427246,156914
27.378437995910645,156914
27.37935781478882,156914
27.380274295806885,156914
27.38119339942932,156914
27.382110357284546,156914
27.38302516937256,156914
27.384393215179443,156914
27.385311126708984,156914
27.386226654052734,156914
27.38714361190796,156914
27.388060331344604,156914
27.38941717147827,156914
27.390334129333496,156914
27.3912513256073,156914
27.39217233657837,156914
27.393090963363647,156914
27.39401388168335,156914
27.395367860794067,156914
27.39628529548645,156914
27.39720368385315,156914
27.398120403289795,156914
27.399039030075073,156914
27.40039324760437,156914
27.401309728622437,156914
27.402225971221924,156914
27.403146982192993,156914
27.404070138931274,156914
27.405420541763306,156914
27.406336545944214,156914
27.40725612640381,156914
27.40817427635193,156914
27.40908694267273,156914
27.410438537597656,156914
27.411353826522827,156914
27.412270307540894,156914
27.41318655014038,156914
27.414114236831665,156914
27.415030241012573,156914
27.416386127471924,156914
27.41730260848999,156914
27.418220281600952,156914
27.419139623641968,156914
27.42005681991577,156914
27.421412229537964,156914
27.422330141067505,156914
27.42324733734131,156914
27.424177646636963,156914
27.425093412399292,156914
27.426006317138672,156914
27.427358150482178,156914
27.42827343940735,156914
27.429189443588257,156914
27.43010687828064,156914
27.431020736694336,156914
27.432370901107788,156914
27.433286666870117,156914
27.434215307235718,156914
27.43513035774231,156914
27.436043977737427,156914
27.437394618988037,156914
27.438309907913208,156914
27.43923258781433,156914
27.440147876739502,156914
27.441064596176147,156914
27.442416429519653,156914
27.44333028793335,156914
27.444259643554688,156914
27.445175886154175,156914
27.446093559265137,156914
27.447014570236206,156914
27.448371648788452,156914
27.449288845062256,156914
27.450206756591797,156914
27.45112705230713,156914
27.45204186439514,156914
27.45339584350586,156914
27.454320907592773,156914
27.45524001121521,156914
27.456154584884644,156914
27.457069873809814,156914
27.458423376083374,156914
27.459338188171387,156914
27.4602530002594,156914
27.46116852760315,156914
27.46208429336548,156914
27.46343469619751,156914
27.464362144470215,156914
27.46527862548828,156914
27.4661967754364,156914
27.467110633850098,156914
27.4680233001709,156914
27.469374895095825,156914
27.470290422439575,156914
27.471205711364746,156914
27.472120761871338,156914
27.47303056716919,156914
27.474396228790283,156914
27.475313425064087,156914
27.476234436035156,156914
27.477155208587646,156914
27.47807002067566,156914
27.479425191879272,156914
27.480340003967285,156914
27.481260061264038,156914
27.482174396514893,156914
27.48308801651001,156914
27.48401141166687,156914
27.4853618144989,156914
27.48628067970276,156914
27.48719620704651,156914
27.488114833831787,156914
27.48903250694275,156914
27.490389108657837,156914
27.49130368232727,156914
27.492222547531128,156914
27.493140697479248,156914
27.49406123161316,156914
27.49541664123535,156914
27.49635648727417,156914
27.49727201461792,156914
27.49818754196167,156914
27.499104738235474,156914
27.500019073486328,156914
27.501376152038574,156914
27.502291917800903,156914
27.503209352493286,156914
27.504137754440308,156914
27.505053520202637,156914
27.506407022476196,156914
27.507324934005737,156914
27.50824236869812,156914
27.50915837287903,156914
27.510072231292725,156914
27.51142692565918,156914
27.512342929840088,156914
27.51326084136963,156914
27.51418972015381,156914
27.515106439590454,156914
27.516022205352783,156914
27.517375469207764,156914
27.518292665481567,156914
27.519211769104004,156914
27.52012825012207,156914
27.52104377746582,156914
27.522396087646484,156914
27.523311853408813,156914
27.52423906326294,156914
27.525156259536743,156914
27.526074171066284,156914
27.527430772781372,156914
27.528345823287964,156914
27.52926278114319,156914
27.530181646347046,156914
27.53109622001648,156914
27.532010793685913,156914
27.53336191177368,156914
27.53428888320923,156914
27.535204648971558,156914
27.536123514175415,156914
27.537038326263428,156914
27.53839612007141,156914
27.53930950164795,156914
27.540231227874756,156914
27.541150093078613,156914
27.542065143585205,156914
27.543420791625977,156914
27.544346809387207,156914
27.545265197753906,156914
27.546183586120605,156914
27.547101736068726,156914
27.548017978668213,156914
27.549367666244507,156914
27.550285816192627,156914
27.551203966140747,156914
27.552120685577393,156914
27.553033351898193,156914
27.55440092086792,156914
27.555318593978882,156914
27.556235790252686,156914
27.557152271270752,156914
27.558069944381714,156914
27.559422254562378,156914
27.560341358184814,156914
27.561258554458618,156914
27.562177658081055,156914
27.563095092773438,156914
27.564021110534668,156914
27.56537938117981,156914
27.566301584243774,156914
27.567221641540527,156914
27.56814193725586,156914
27.569058179855347,156914
27.570411443710327,156914
27.571327686309814,156914
27.572245359420776,156914
27.573164224624634,156914
27.574092626571655,156914
27.575008630752563,156914
27.576363563537598,156914
27.577282190322876,156914
27.578199863433838,156914
27.579116344451904,156914
27.58002996444702,156914
27.581381797790527,156914
27.582297801971436,156914
27.58321714401245,156914
27.584150075912476,156914
27.585068225860596,156914
27.586422204971313,156914
27.587335348129272,156914
27.588254928588867,156914
27.58917546272278,156914
27.59009623527527,156914
27.59101366996765,156914
27.592362880706787,156914
27.593284845352173,156914
27.59421133995056,156914
27.59512948989868,156914
27.596044778823853,156914
27.597394704818726,156914
27.598308563232422,156914
27.599231719970703,156914
27.600151538848877,156914
27.601065635681152,156914
27.6024227142334,156914
27.603338479995728,156914
27.60426926612854,156914
27.605188846588135,156914
27.60610795021057,156914
27.60702157020569,156914
27.608379364013672,156914
27.609296083450317,156914
27.610213041305542,156914
27.611132383346558,156914
27.612048387527466,156914
27.61340641975403,156914
27.61433219909668,156914
27.615253686904907,156914
27.616172790527344,156914
27.617093563079834,156914
27.618011713027954,156914
27.619362592697144,156914
27.620281219482422,156914
27.621201038360596,156914
27.622118949890137,156914
27.623034954071045,156914
27.624402046203613,156914
27.62531876564026,156914
27.626235961914062,156914
27.627151250839233,156914
27.628069639205933,156914
27.62942337989807,156914
27.630340337753296,156914
27.631256818771362,156914
27.63217830657959,156914
27.63309621810913,156914
27.634018898010254,156914
27.63537335395813,156914
27.636289358139038,156914
27.63720679283142,156914
27.638124227523804,156914
27.63904118537903,156914
27.640393018722534,156914
27.641308546066284,156914
27.642225980758667,156914
27.643142461776733,156914
27.644067764282227,156914
27.64542245864868,156914
27.646339893341064,156914
27.64725971221924,156914
27.64817452430725,156914
27.649089574813843,156914
27.650006532669067,156914
27.651357173919678,156914
27.65227246284485,156914
27.653188228607178,156914
27.654118299484253,156914
27.655035257339478,156914
27.65639066696167,156914
27.65730381011963,156914
27.658225774765015,156914
27.659145832061768,156914
27.66006112098694,156914
27.661416053771973,156914
27.662337064743042,156914
27.663254737854004,156914
27.664183378219604,156914
27.665101528167725,156914
27.666014909744263,156914
27.667362928390503,156914
27.66827893257141,156914
27.669198036193848,156914
27.67011308670044,156914
27.671024560928345,156914
27.672375440597534,156914
27.673291206359863,156914
27.67421841621399,156914
27.67513394355774,156914
27.67604637145996,156914
27.67739772796631,156914
27.67831516265869,156914
27.67923378944397,156914
27.680150985717773,156914
27.681066274642944,156914
27.682419776916504,156914
27.683335542678833,156914
27.6842679977417,156914
27.685187339782715,156914
27.68610382080078,156914
27.687020540237427,156914
27.688374757766724,156914
27.68929123878479,156914
27.690205335617065,156914
27.691123723983765,156914
27.69203782081604,156914
27.69339370727539,156914
27.694319486618042,156914
27.69524121284485,156914
27.696158409118652,156914
27.697070360183716,156914
27.698424339294434,156914
27.69933772087097,156914
27.700255393981934,156914
27.701173067092896,156914
27.702087879180908,156914
27.703440189361572,156914
27.704362154006958,156914
27.705278396606445,156914
27.706197261810303,156914
27.70711040496826,156914
27.70802640914917,156914
27.709376573562622,156914
27.71029281616211,156914
27.711206197738647,156914
27.712119102478027,156914
27.713032960891724,156914
27.714398622512817,156914
27.715317249298096,156914
27.71623420715332,156914
27.717154026031494,156914
27.718088150024414,156914
27.719006061553955,156914
27.72035789489746,156914
27.721275568008423,156914
27.72219157218933,156914
27.72310757637024,156914
27.7240309715271,156914
27.72538661956787,156914
27.72630286216736,156914
27.72722291946411,156914
27.7281436920166,156914
27.729055404663086,156914
27.730424880981445,156914
27.73133873939514,156914
27.732255220413208,156914
27.733170986175537,156914
27.73409390449524,156914
27.735011339187622,156914
27.736366271972656,156914
27.737284421920776,156914
27.738197565078735,156914
27.73911452293396,156914
27.740028619766235,156914
27.741382122039795,156914
27.74229407310486,156914
27.74320912361145,156914
27.74413561820984,156914
27.745050191879272,156914
27.746405839920044,156914
27.747318744659424,156914
27.748236417770386,156914
27.74915361404419,156914
27.750070571899414,156914
27.751424551010132,156914
27.75234293937683,156914
27.75326132774353,156914
27.754189014434814,156914
27.755105018615723,156914
27.756020307540894,156914
27.75737237930298,156914
27.758291721343994,156914
27.75920820236206,156914
27.7601261138916,156914
27.761042594909668,156914
27.762397289276123,156914
27.7633113861084,156914
27.764241456985474,156914
27.765158891677856,156914
27.766074895858765,156914
27.767425298690796,156914
27.768341779708862,156914
27.76926279067993,156914
27.770180463790894,156914
27.77109670639038,156914
27.772013425827026,156914
27.773365020751953,156914
27.77429485321045,156914
27.77521061897278,156914
27.77612829208374,156914
27.77704167366028,156914
27.778393745422363,156914
27.779308795928955,156914
27.780229568481445,156914
27.781148195266724,156914
27.78206467628479,156914
27.7834210395813,156914
27.784346103668213,156914
27.7852623462677,156914
27.78617525100708,156914
27.787092685699463,156914
27.788007736206055,156914
27.789358615875244,156914
27.79027557373047,156914
27.79119086265564,156914
27.792107582092285,156914
27.793020009994507,156914
27.794382095336914,156914
27.795300722122192,156914
27.796220779418945,156914
27.79713773727417,156914
27.79805588722229,156914
27.79941201210022,156914
27.800326824188232,156914
27.80124592781067,156914
27.802165269851685,156914
27.803081035614014,156914
27.804006338119507,156914
27.80536198616028,156914
27.80627751350403,156914
27.807193756103516,156914
27.808110237121582,156914
27.80902862548828,156914
27.81037950515747,156914
27.811294317245483,156914
27.812210083007812,156914
27.81312894821167,156914
27.8140606880188,156914
27.815417289733887,156914
27.81633234024048,156914
27.817251443862915,156914
27.818190336227417,156914
27.819106817245483,156914
27.8200261592865,156914
27.821396350860596,156914
27.82231855392456,156914
27.82323932647705,156914
27.824170351028442,156914
27.82508897781372,156914
27.826003789901733,156914
27.82735562324524,156914
27.82827115058899,156914
27.82918667793274,156914
27.83010482788086,156914
27.831019639968872,156914
27.832371711730957,156914
27.833288192749023,156914
27.83421492576599,156914
27.835129976272583,156914
27.836047172546387,156914
27.837401628494263,156914
27.838314294815063,156914
27.839233875274658,156914
27.840153217315674,156914
27.841068744659424,156914
27.84242296218872,156914
27.843339443206787,156914
27.844269275665283,156914
27.845186710357666,156914
27.846104860305786,156914
27.847017288208008,156914
27.84837007522583,156914
27.84928822517395,156914
27.850207090377808,156914
27.8511221408844,156914
27.85203504562378,156914
27.853384494781494,156914
27.85431218147278,156914
27.855231523513794,156914
27.85614514350891,156914
27.857060432434082,156914
27.858412504196167,156914
27.859328985214233,156914
27.860242128372192,156914
27.861158847808838,156914
27.862069129943848,156914
27.86342191696167,156914
27.864341974258423,156914
27.86526107788086,156914
27.86617875099182,156914
27.86709499359131,156914
27.868010759353638,156914
27.869364023208618,156914
27.870280742645264,156914
27.87119770050049,156914
27.872112035751343,156914
27.873023986816406,156914
27.87438654899597,156914
27.87530255317688,156914
27.876221895217896,156914
27.87713932991028,156914
27.8780620098114,156914
27.879419326782227,156914
27.88033652305603,156914
27.881255626678467,156914
27.882174015045166,156914
27.883091688156128,156914
27.88401508331299,156914
27.885365962982178,156914
27.886282920837402,156914
27.887202262878418,156914
27.888115882873535,156914
27.889031171798706,156914
27.890387058258057,156914
27.891304969787598,156914
27.89222240447998,156914
27.89313817024231,156914
27.894067525863647,156914
27.89542317390442,156914
27.89633584022522,156914
27.897252082824707,156914
27.898170948028564,156914
27.899085521697998,156914
27.900437831878662,156914
27.90134859085083,156914
27.902268171310425,156914
27.90318775177002,156914
27.904118061065674,156914
27.905033111572266,156914
27.9063880443573,156914
27.907304763793945,156914
27.908222198486328,156914
27.909141540527344,156914
27.910053968429565,156914
27.91140604019165,156914
27.912320375442505,156914
27.913238048553467,156914
27.91416621208191,156914
27.915080308914185,156914
27.916436433792114,156914
27.917351484298706,156914
27.918265342712402,156914
27.91918182373047,156914
27.920100212097168,156914
27.92101287841797,156914
27.922366857528687,156914
27.923280954360962,156914
27.92421054840088,156914
27.92512845993042,156914
27.92604112625122,156914
27.927392959594727,156914
27.928308963775635,156914
27.929227828979492,156914
27.93014407157898,156914
27.9310622215271,156914
27.93241858482361,156914
27.933332920074463,156914
27.934260606765747,156914
27.935175895690918,156914
27.936090230941772,156914
27.937004327774048,156914
27.938353776931763,156914
27.939271211624146,156914
27.940189361572266,156914
27.94110631942749,156914
27.942022562026978,156914
27.943373680114746,156914
27.94430136680603,156914
27.945216178894043,156914
27.946130514144897,156914
27.9470477104187,156914
27.94839882850647,156914
27.94931650161743,156914
27.950236320495605,156914
27.951152086257935,156914
27.952068567276,156914
27.953423500061035,156914
27.954350233078003,156914
27.955267429351807,156914
27.956183671951294,156914
27.957101821899414,156914
27.958016872406006,156914
27.95936942100525,156914
27.960286378860474,156914
27.961202383041382,156914
27.962115049362183,156914
27.9630286693573,156914
27.964390993118286,156914
27.965304613113403,156914
27.96622061729431,156914
27.967137813568115,156914
27.968055248260498,156914
27.969409704208374,156914
27.970326900482178,156914
27.971245288848877,156914
27.97216534614563,156914
27.97308111190796,156914
27.974006175994873,156914
27.97536301612854,156914
27.976280212402344,156914
27.977200269699097,156914
27.978116512298584,156914
27.979031562805176,156914
27.98038363456726,156914
27.981302738189697,156914
27.98222017288208,156914
27.983139038085938,156914
27.984060525894165,156914
27.98541760444641,156914
27.98633050918579,156914
27.987250566482544,156914
27.988168001174927,156914
27.98908305168152,156914
27.990440368652344,156914
27.99135422706604,156914
27.992273092269897,156914
27.993188858032227,156914
27.994114875793457,156914
27.99503183364868,156914
27.996381044387817,156914
27.99729633331299,156914
27.998214721679688,156914
27.99913215637207,156914
28.000046014785767,156914
28.001399755477905,156914
28.00231695175171,156914
28.003236293792725,156914
28.004164457321167,156914
28.00507879257202,156914
28.00643491744995,156914
28.00735092163086,156914
28.008264780044556,156914
28.009186267852783,156914
28.0101056098938,156914
28.011017322540283,156914
28.012370347976685,156914
28.013290882110596,156914
28.014219522476196,156914
28.01513648033142,156914
28.01605248451233,156914
28.017404794692993,156914
28.01831889152527,156914
28.019233465194702,156914
28.020154237747192,156914
28.021069765090942,156914
28.02242636680603,156914
28.02334189414978,156914
28.02427339553833,156914
28.025190353393555,156914
28.026108264923096,156914
28.02702307701111,156914
28.028379201889038,156914
28.029298067092896,156914
28.03021001815796,156914
28.031129121780396,156914
28.03204083442688,156914
28.033392429351807,156914
28.034314155578613,156914
28.03523278236389,156914
28.036149740219116,156914
28.037063121795654,156914
28.038416147232056,156914
28.03933334350586,156914
28.040249824523926,156914
28.041165828704834,156914
28.042083024978638,156914
28.04343819618225,156914
28.044365882873535,156914
28.045282125473022,156914
28.046199083328247,156914
28.047114372253418,156914
28.048030376434326,156914
28.049381017684937,156914
28.05029582977295,156914
28.05121397972107,156914
28.05213189125061,156914
28.053045988082886,156914
28.054410934448242,156914
28.055327892303467,156914
28.05624532699585,156914
28.057164669036865,156914
28.058079481124878,156914
28.05943775177002,156914
28.060353994369507,156914
28.06127119064331,156914
28.06218957901001,156914
28.063106536865234,156914
28.064029693603516,156914
28.065391302108765,156914
28.06630825996399,156914
28.067227602005005,156914
28.068146467208862,156914
28.069059133529663,156914
28.070411920547485,156914
28.071327209472656,156914
28.072248220443726,156914
28.073166847229004,156914
28.07408881187439,156914
28.075441122055054,156914
28.07635736465454,156914
28.077274560928345,156914
28.078191995620728,156914
28.07910943031311,156914
28.08002209663391,156914
28.08136820793152,156914
28.08228302001953,156914
28.083202123641968,156914
28.08413076400757,156914
28.08504343032837,156914
28.08639669418335,156914
28.087311267852783,156914
28.08823275566101,156914
28.089148998260498,156914
28.090062618255615,156914
28.091414213180542,156914
28.09233021736145,156914
28.093246459960938,156914
28.094178438186646,156914
28.095093965530396,156914
28.096007823944092,156914
28.09736180305481,156914
28.09828019142151,156914
28.09919786453247,156914
28.100114345550537,156914
28.101030588150024,156914
28.102384328842163,156914
28.103299140930176,156914
28.104230880737305,156914
28.10515308380127,156914
28.106067895889282,156914
28.107422590255737,156914
28.108336687088013,156914
28.10925316810608,156914
28.110167264938354,156914
28.111083269119263,156914
28.112435340881348,156914
28.113349437713623,156914
28.114274740219116,156914
28.115191221237183,156914
28.116108179092407,156914
28.117024421691895,156914
28.118379831314087,156914
28.119296312332153,156914
28.120214700698853,156914
28.121132612228394,156914
28.122048139572144,156914
28.12340235710144,156914
28.124327898025513,156914
28.125247478485107,156914
28.126164436340332,156914
28.12708044052124,156914
28.12843370437622,156914
28.129348754882812,156914
28.130263805389404,156914
28.131183624267578,156914
28.13209867477417,156914
28.133013486862183,156914
28.1343731880188,156914
28.135290145874023,156914
28.13620376586914,156914
28.13712191581726,156914
28.138034343719482,156914
28.139389991760254,156914
28.1403067111969,156914
28.141224145889282,156914
28.14214324951172,156914
28.14306139945984,156914
28.144428253173828,156914
28.145342588424683,156914
28.14625906944275,156914
28.147175073623657,156914
28.148091554641724,156914
28.149005651474,156914
28.150354385375977,156914
28.15127182006836,156914
28.15218734741211,156914
28.153101682662964,156914
28.15402579307556,156914
28.15538239479065,156914
28.156297206878662,156914
28.157214879989624,156914
28.158132791519165,156914
28.159042835235596,156914
28.160399436950684,156914
28.161313772201538,156914
28.162230253219604,156914
28.163145065307617,156914
28.164067268371582,156914
28.16542148590088,156914
28.166338443756104,156914
28.167253494262695,156914
28.168176651000977,156914
28.169098377227783,156914
28.17001247406006,156914
28.17137050628662,156914
28.172287940979004,156914
28.173208236694336,156914
28.17413878440857,156914
28.17505669593811,156914
28.17640781402588,156914
28.177327632904053,156914
28.17824387550354,156914
28.179158926010132,156914
28.180070638656616,156914
28.181423664093018,156914
28.182340621948242,156914
28.183260679244995,156914
28.18419051170349,156914
28.18510365486145,156914
28.186018466949463,156914
28.18737030029297,156914
28.18828773498535,156914
28.189204692840576,156914
28.19012212753296,156914
28.19103765487671,156914
28.1923930644989,156914
28.19330930709839,156914
28.194242477416992,156914
28.195162773132324,156914
28.196080207824707,156914
28.197431325912476,156914
28.198347330093384,156914
28.19926166534424,156914
28.20017695426941,156914
28.20109224319458,156914
28.20200753211975,156914
28.203361749649048,156914
28.2042875289917,156914
28.20520520210266,156914
28.20612597465515,156914
28.207038640975952,156914
28.20839548110962,156914
28.20931124687195,156914
28.210228443145752,156914
28.211145639419556,156914
28.21206283569336,156914
28.213413953781128,156914
28.214338064193726,156914
28.215253353118896,156914
28.216172456741333,156914
28.217085599899292,156914
28.21843719482422,156914
28.219349145889282,156914
28.220265865325928,156914
28.22118592262268,156914
28.22210383415222,156914
28.22301983833313,156914
28.22438144683838,156914
28.225298166275024,156914
28.226213932037354,156914
28.227131843566895,156914
28.22804856300354,156914
28.229407787322998,156914
28.230324745178223,156914
28.231243133544922,156914
28.232166051864624,156914
28.23307991027832,156914
28.234010934829712,156914
28.235366344451904,156914
28.236284017562866,156914
28.23720145225525,156914
28.238120317459106,156914
28.239036560058594,156914
28.240395307540894,156914
28.2413113117218,156914
28.24223256111145,156914
28.243150234222412,156914
28.24407434463501,156914
28.245429754257202,156914
28.246344327926636,156914
28.247263431549072,156914
28.24817967414856,156914
28.2490975856781,156914
28.250012636184692,156914
28.25136685371399,156914
28.252284288406372,156914
28.253204107284546,156914
28.254133462905884,156914
28.255048513412476,156914
28.256401300430298,156914
28.257314920425415,156914
28.25823450088501,156914
28.259153366088867,156914
28.260066986083984,156914
28.261422872543335,156914
28.262341499328613,156914
28.263258695602417,156914
28.264185190200806,156914
28.265105724334717,156914
28.26602077484131,156914
28.267370223999023,156914
28.268285751342773,156914
28.269206285476685,156914
28.270122051239014,156914
28.271036863327026,156914
28.272390842437744,156914
28.27330446243286,156914
28.274233102798462,156914
28.275152444839478,156914
28.276069402694702,156914
28.277424097061157,156914
28.278340101242065,156914
28.27925968170166,156914
28.28018045425415,156914
28.28109908103943,156914
28.282015085220337,156914
28.28336453437805,156914
28.2842915058136,156914
28.28520631790161,156914
28.286124229431152,156914
28.287039279937744,156914
28.288389921188354,156914
28.289305448532104,156914
28.290224075317383,156914
28.29114294052124,156914
28.29205894470215,156914
28.293410062789917,156914
28.294340133666992,156914
28.295255661010742,156914
28.29616904258728,156914
28.297081470489502,156914
28.298430919647217,156914
28.299346208572388,156914
28.300262689590454,156914
28.3011794090271,156914
28.302095651626587,156914
28.30300807952881,156914
28.304368019104004,156914
28.30528497695923,156914
28.306201457977295,156914
28.30711317062378,156914
28.30802893638611,156914
28.309385776519775,156914
28.310302734375,156914
28.31122136116028,156914
28.31214189529419,156914
28.313056468963623,156914
28.31442642211914,156914
28.315340995788574,156914
28.316261291503906,156914
28.317176818847656,156914
28.3180935382843,156914
28.31900978088379,156914
28.32036519050598,156914
28.321281671524048,156914
28.322197198867798,156914
28.323113918304443,156914
28.324039220809937,156914
28.325393438339233,156914
28.32630729675293,156914
28.327226400375366,156914
28.328145265579224,156914
28.32905626296997,156914
28.330404043197632,156914
28.331319332122803,156914
28.33223605155945,156914
28.33315682411194,156914
28.334087133407593,156914
28.335004806518555,156914
28.336357593536377,156914
28.337273597717285,156914
28.33819079399109,156914
28.33910632133484,156914
28.34001851081848,156914
28.341371297836304,156914
28.34228825569153,156914
28.343207120895386,156914
28.344133377075195,156914
28.34505033493042,156914
28.34640145301819,156914
28.347318172454834,156914
28.348230123519897,156914
28.34915041923523,156914
28.350064277648926,156914
28.3514187335968,156914
28.352333068847656,156914
28.353252410888672,156914
28.354181051254272,156914
28.35509705543518,156914
28.356011390686035,156914
28.35736346244812,156914
28.358279943466187,156914
28.359196424484253,156914
28.360110759735107,156914
28.361022233963013,156914
28.36237645149231,156914
28.363292455673218,156914
28.364220142364502,156914
28.36513900756836,156914
28.366053581237793,156914
28.36740779876709,156914
28.368319272994995,156914
28.369236946105957,156914
28.370152235031128,156914
28.371068239212036,156914
28.372423887252808,156914
28.37333917617798,156914
28.374266862869263,156914
28.375184059143066,156914
28.376102685928345,156914
28.377014636993408,156914
28.378365993499756,156914
28.379283905029297,156914
28.380199670791626,156914
28.381117343902588,156914
28.3820321559906,156914
28.383383750915527,156914
28.384310007095337,156914
28.385226726531982,156914
28.386144876480103,156914
28.387059688568115,156914
28.38841223716736,156914
28.38932704925537,156914
28.39024543762207,156914
28.391161680221558,156914
28.39207649230957,156914
28.393431186676025,156914
28.394354820251465,156914
28.395273685455322,156914
28.39619016647339,156914
28.397106885910034,156914
28.398021936416626,156914
28.399373292922974,156914
28.400287628173828,156914
28.40120553970337,156914
28.402124881744385,156914
28.403038263320923,156914
28.40440273284912,156914
28.40531611442566,156914
28.406233310699463,156914
28.40714931488037,156914
28.408067226409912,156914
28.40941834449768,156914
28.41033411026001,156914
28.411250114440918,156914
28.412168502807617,156914
28.4130859375,156914
28.41400980949402,156914
28.415366411209106,156914
28.41628384590149,156914
28.41719913482666,156914
28.41811728477478,156914
28.419025897979736,156914
28.42037534713745,156914
28.421289920806885,156914
28.422208309173584,156914
28.423126935958862,156914
28.424049854278564,156914
28.425402641296387,156914
28.426314115524292,156914
28.4272358417511,156914
28.428154945373535,156914
28.429068088531494,156914
28.43042302131653,156914
28.43134331703186,156914
28.43226170539856,156914
28.433175086975098,156914
28.434102535247803,156914
28.435015201568604,156914
28.436365604400635,156914
28.43728232383728,156914
28.438204050064087,156914
28.439122200012207,156914
28.440035343170166,156914
28.441388368606567,156914
28.44230556488037,156914
28.443219900131226,156914
28.444145441055298,156914
28.445064067840576,156914
28.446417808532715,156914
28.447333812713623,156914
28.448251724243164,156914
28.44917321205139,156914
28.45008659362793,156914
28.45100498199463,156914
28.452357053756714,156914
28.453273057937622,156914
28.45420217514038,156914
28.455119132995605,156914
28.456035137176514,156914
28.45738983154297,156914
28.45830750465393,156914
28.459226608276367,156914
28.460145711898804,156914
28.46106243133545,156914
28.462424993515015,156914
28.463338375091553,156914
28.46426820755005,156914
28.46518635749817,156914
28.46610403060913,156914
28.46701979637146,156914
28.46837067604065,156914
28.469287872314453,156914
28.470205545425415,156914
28.471126079559326,156914
28.472039937973022,156914
28.473395109176636,156914
28.474318265914917,156914
28.475236892700195,156914
28.47615122795105,156914
28.477064847946167,156914
28.47841787338257,156914
28.47934126853943,156914
28.480257511138916,156914
28.48117446899414,156914
28.482091188430786,156914
28.483006238937378,156914
28.484368085861206,156914
28.485280752182007,156914
28.486200094223022,156914
28.48711633682251,156914
28.488030433654785,156914
28.489381790161133,156914
28.490296363830566,156914
28.49121356010437,156914
28.492124795913696,156914
28.493038654327393,156914
28.4944064617157,156914
28.49532175064087,156914
28.496237993240356,156914
28.49715566635132,156914
28.49808955192566,156914
28.499008178710938,156914
28.500359535217285,156914
28.501278162002563,156914
28.502195835113525,156914
28.503113985061646,156914
28.5040385723114,156914
28.505396127700806,156914
28.506311416625977,156914
28.507228136062622,156914
28.508151292800903,156914
28.50907063484192,156914
28.510426998138428,156914
28.511340856552124,156914
28.51225996017456,156914
28.513176679611206,156914
28.514102935791016,156914
28.51501965522766,156914
28.516372203826904,156914
28.51728844642639,156914
28.518206357955933,156914
28.519124746322632,156914
28.520040273666382,156914
28.521396160125732,156914
28.52230930328369,156914
28.523228645324707,156914
28.52415633201599,156914
28.525071144104004,156914
28.52642846107483,156914
28.527344942092896,156914
28.528262853622437,156914
28.529181480407715,156914
28.53009557723999,156914
28.53101134300232,156914
28.53236436843872,156914
28.533283233642578,156914
28.534215450286865,156914
28.535133838653564,156914
28.536049842834473,156914
28.53740668296814,156914
28.538323879241943,156914
28.539238214492798,156914
28.54015350341797,156914
28.54106855392456,156914
28.54242205619812,156914
28.54334044456482,156914
28.544269323349,156914
28.54518985748291,156914
28.54610586166382,156914
28.547021865844727,156914
28.548373222351074,156914
28.549290895462036,156914
28.550209045410156,156914
28.551124334335327,156914
28.552040338516235,156914
28.553393363952637,156914
28.554317951202393,156914
28.5552339553833,156914
28.556151628494263,156914
28.5570650100708,156914
28.558414697647095,156914
28.559330463409424,156914
28.560246229171753,156914
28.561163425445557,156914
28.56207513809204,156914
28.563430309295654,156914
28.564355850219727,156914
28.565274477005005,156914
28.566192626953125,156914
28.5671124458313,156914
28.568027019500732,156914
28.569379568099976,156914
28.570299863815308,156914
28.57121515274048,156914
28.572129011154175,156914
28.57304096221924,156914
28.57440996170044,156914
28.575326442718506,156914
28.576247692108154,156914
28.577165365219116,156914
28.578081607818604,156914
28.579434633255005,156914
28.580352306365967,156914
28.581264972686768,156914
28.582180976867676,156914
28.583097457885742,156914
28.584022521972656,156914
28.58538007736206,156914
28.58629536628723,156914
28.58721375465393,156914
28.58813190460205,156914
28.589048862457275,156914
28.59040665626526,156914
28.591319799423218,156914
28.59223461151123,156914
28.593153953552246,156914
28.594077110290527,156914
28.59542989730835,156914
28.596344232559204,156914
28.597264528274536,156914
28.598185539245605,156914
28.599103212356567,156914
28.60002112388611,156914
28.60137367248535,156914
28.602290391921997,156914
28.60320782661438,156914
28.604135990142822,156914
28.605052947998047,156914
28.606410026550293,156914
28.6073260307312,156914
28.60824418067932,156914
28.609161138534546,156914
28.61008334159851,156914
28.6114399433136,156914
28.612356424331665,156914
28.61327624320984,156914
28.614206790924072,156914
28.615127325057983,156914
28.616040229797363,156914
28.61739468574524,156914
28.6183123588562,156914
28.619231700897217,156914
28.62014675140381,156914
28.621062994003296,156914
28.622422695159912,156914
28.623340368270874,156914
28.62427020072937,156914
28.625189065933228,156914
28.626107692718506,156914
28.627024173736572,156914
28.62837791442871,156914
28.629291534423828,156914
28.63020944595337,156914
28.631126403808594,156914
28.63204312324524,156914
28.633402347564697,156914
28.634328842163086,156914
28.635250568389893,156914
28.636168241500854,156914
28.637086629867554,156914
28.6380033493042,156914
28.639360666275024,156914
28.640275716781616,156914
28.641191720962524,156914
28.642112731933594,156914
28.643024921417236,156914
28.644389629364014,156914
28.645304679870605,156914
28.64622211456299,156914
28.647138595581055,156914
28.6480553150177,156914
28.64941120147705,156914
28.65032720565796,156914
28.651247262954712,156914
28.65216636657715,156914
28.653079748153687,156914
28.654006242752075,156914
28.655362606048584,156914
28.65628170967102,156914
28.657200813293457,156914
28.65811777114868,156914
28.659034729003906,156914
28.66038727760315,156914
28.661303520202637,156914
28.66221594810486,156914
28.663132667541504,156914
28.664056062698364,156914
28.665409326553345,156914
28.66632652282715,156914
28.667244911193848,156914
28.668161153793335,156914
28.66907787322998,156914
28.670438051223755,156914
28.671356439590454,156914
28.672275066375732,156914
28.67319679260254,156914
28.67412519454956,156914
28.67504072189331,156914
28.676395177841187,156914
28.67730951309204,156914
28.678231239318848,156914
28.679149627685547,156914
28.68006443977356,156914
28.681421041488647,156914
28.682337284088135,156914
28.68325424194336,156914
28.68418002128601,156914
28.685099840164185,156914
28.68601679801941,156914
28.687366247177124,156914
28.68828248977661,156914
28.689202070236206,156914
28.690120458602905,156914
28.69103503227234,156914
28.692389249801636,156914
28.69330382347107,156914
28.69423007965088,156914
28.695148229599,156914
28.696062326431274,156914
28.697414875030518,156914
28.698330640792847,156914
28.69925022125244,156914
28.700167894363403,156914
28.701082944869995,156914
28.702439546585083,156914
28.703354597091675,156914
28.70428466796875,156914
28.705203771591187,156914
28.70612072944641,156914
28.707035779953003,156914
28.708391666412354,156914
28.709308385849,156914
28.710225582122803,156914
28.71114420890808,156914
28.71206259727478,156914
28.713422060012817,156914
28.714348793029785,156914
28.715269088745117,156914
28.71618962287903,156914
28.717108249664307,156914
28.718043327331543,156914
28.71940326690674,156914
28.72031879425049,156914
28.72123408317566,156914
28.722153425216675,156914
28.72306776046753,156914
28.724434852600098,156914
28.725347995758057,156914
28.72626495361328,156914
28.727181673049927,156914
28.728099584579468,156914
28.729016542434692,156914
28.730376958847046,156914
28.731294631958008,156914
28.732211112976074,156914
28.733129501342773,156914
28.734053373336792,156914
28.73540425300598,156914
28.736321210861206,156914
28.737240314483643,156914
28.738157749176025,156914
28.7390718460083,156914
28.740428924560547,156914
28.74134349822998,156914
28.742258310317993,156914
28.74317502975464,156914
28.744107007980347,156914
28.745021104812622,156914
28.746374368667603,156914
28.747291803359985,156914
28.748213052749634,156914
28.74912714958191,156914
28.750041961669922,156914
28.751397371292114,156914
28.752315282821655,156914
28.753236293792725,156914
28.75416350364685,156914
28.755080461502075,156914
28.756434679031372,156914
28.75735116004944,156914
28.75826358795166,156914
28.75918436050415,156914
28.76010012626648,156914
28.76101326942444,156914
28.762364864349365,156914
28.763282537460327,156914
28.76421356201172,156914
28.765130281448364,156914
28.766042947769165,156914
28.76739501953125,156914
28.768309831619263,156914
28.769229650497437,156914
28.770150423049927,156914
28.77106738090515,156914
28.772422075271606,156914
28.773338794708252,156914
28.774269104003906,156914
28.775184869766235,156914
28.776100397109985,156914
28.77701687812805,156914
28.778367042541504,156914
28.77928614616394,156914
28.780201196670532,156914
28.781120538711548,156914
28.782034158706665,156914
28.783384561538696,156914
28.784311056137085,156914
28.7852303981781,156914
28.78614568710327,156914
28.787058115005493,156914
28.788413286209106,156914
28.78933048248291,156914
28.790250062942505,156914
28.791165828704834,156914
28.7920823097229,156914
28.79343581199646,156914
28.794359922409058,156914
28.795274019241333,156914
28.79619550704956,156914
28.7971134185791,156914
28.798027992248535,156914
28.799384593963623,156914
28.8003032207489,156914
28.801222324371338,156914
28.802141189575195,156914
28.803059577941895,156914
28.804426670074463,156914
28.805339574813843,156914
28.80625629425049,156914
28.807173490524292,156914
28.80808925628662,156914
28.8090078830719,156914
28.81036376953125,156914
28.811278820037842,156914
28.81219482421875,156914
28.813112020492554,156914
28.81403422355652,156914
28.81538701057434,156914
28.816300868988037,156914
28.817217350006104,156914
28.818134307861328,156914
28.819047927856445,156914
28.820400953292847,156914
28.821315050125122,156914
28.822230577468872,156914
28.823148727416992,156914
28.824070692062378,156914
28.825425386428833,156914
28.82634162902832,156914
28.82725715637207,156914
28.828171730041504,156914
28.8290855884552,156914
28.830440044403076,156914
28.831353902816772,156914
28.832273960113525,156914
28.833195209503174,156914
28.834123373031616,156914
28.835039138793945,156914
28.836392402648926,156914
28.837308883666992,156914
28.83822512626648,156914
28.83913826942444,156914
28.840054273605347,156914
28.841407299041748,156914
28.84231925010681,156914
28.843235731124878,156914
28.844164848327637,156914
28.845081090927124,156914
28.846436738967896,156914
28.847349643707275,156914
28.8482666015625,156914
28.849181175231934,156914
28.850099325180054,156914
28.851017713546753,156914
28.85236954689026,156914
28.853286027908325,156914
28.85421395301819,156914
28.85513472557068,156914
28.856050729751587,156914
28.857406616210938,156914
28.85832118988037,156914
28.85923957824707,156914
28.86015772819519,156914
28.861074209213257,156914
28.862427949905396,156914
28.863343238830566,156914
28.8642737865448,156914
28.865190505981445,156914
28.866108179092407,156914
28.867020845413208,156914
28.868374586105347,156914
28.869292974472046,156914
28.870213747024536,156914
28.87113356590271,156914
28.87204933166504,156914
28.873405933380127,156914
28.874332666397095,156914
28.87525224685669,156914
28.87616729736328,156914
28.877081871032715,156914
28.878435373306274,156914
28.87935209274292,156914
28.880269289016724,156914
28.88118815422058,156914
28.882108449935913,156914
28.883026838302612,156914
28.88439393043518,156914
28.885310173034668,156914
28.88622808456421,156914
28.887147665023804,156914
28.888065099716187,156914
28.889423847198486,156914
28.890342950820923,156914
28.89126443862915,156914
28.892183542251587,156914
28.893102645874023,156914
28.89402461051941,156914
28.89538311958313,156914
28.89630126953125,156914
28.897218227386475,156914
28.898134469985962,156914
28.89905071258545,156914
28.90040159225464,156914
28.90131664276123,156914
28.902236461639404,156914
28.903154373168945,156914
28.90407633781433,156914
28.90543508529663,156914
28.906351566314697,156914
28.907272577285767,156914
28.908188104629517,156914
28.909103870391846,156914
28.910019397735596,156914
28.91137409210205,156914
28.912293672561646,156914
28.913209199905396,156914
28.914137601852417,156914
28.915050268173218,156914
28.916404724121094,156914
28.917319536209106,156914
28.918238401412964,156914
28.919155836105347,156914
28.920071363449097,156914
28.921424865722656,156914
28.922338724136353,156914
28.92325735092163,156914
28.924185276031494,156914
28.92510175704956,156914
28.92601776123047,156914
28.927369356155396,156914
28.928287744522095,156914
28.929205656051636,156914
28.930121660232544,156914
28.93103337287903,156914
28.932388305664062,156914
28.933303833007812,156914
28.93423342704773,156914
28.935148239135742,156914
28.936064958572388,156914
28.93741726875305,156914
28.938331604003906,156914
28.939250230789185,156914
28.940168619155884,156914
28.94108557701111,156914
28.942439794540405,156914
28.94335150718689,156914
28.94428038597107,156914
28.94519591331482,156914
28.946112632751465,156914
28.947025775909424,156914
28.94837975502014,156914
28.94929552078247,156914
28.9502112865448,156914
28.951130628585815,156914
28.95204448699951,156914
28.953401565551758,156914
28.95432424545288,156914
28.955242395401,156914
28.956164836883545,156914
28.957078218460083,156914
28.958434104919434,156914
28.9593505859375,156914
28.960265159606934,156914
28.961183309555054,156914
28.96210241317749,156914
28.963019371032715,156914
28.96438193321228,156914
28.965295791625977,156914
28.966213941574097,156914
28.9671311378479,156914
28.968042612075806,156914
28.96939492225647,156914
28.970308780670166,156914
28.97122883796692,156914
28.97214674949646,156914
28.973066806793213,156914
28.97443699836731,156914
28.975354194641113,156914
28.976269006729126,156914
28.97719144821167,156914
28.978106021881104,156914
28.979021072387695,156914
28.980374574661255,156914
28.981293201446533,156914
28.982211112976074,156914
28.983129501342773,156914
28.98405623435974,156914
28.98541259765625,156914
28.986329078674316,156914
28.98724627494812,156914
28.988167762756348,156914
28.989081859588623,156914
28.99043560028076,156914
28.99135398864746,156914
28.99227213859558,156914
28.99318814277649,156914
28.99411654472351,156914
28.99503183364868,156914
28.996386766433716,156914
28.997299194335938,156914
28.998215436935425,156914
28.999133825302124,156914
29.00004768371582,156914
29.00140070915222,156914
29.002315759658813,156914
29.003236055374146,156914
29.00416350364685,156914
29.005077838897705,156914
29.006433486938477,156914
29.007349252700806,156914
29.00826644897461,156914
29.00917935371399,156914
29.01009774208069,156914
29.01101279258728,156914
29.012365341186523,156914
29.01328182220459,156914
29.01421022415161,156914
29.01512598991394,156914
29.01603865623474,156914
29.017394065856934,156914
29.018312454223633,156914
29.019227504730225,156914
29.020146369934082,156914
29.021061658859253,156914
29.022417306900024,156914
29.023335218429565,156914
29.0242600440979,156914
29.02517819404602,156914
29.026098489761353,156914
29.027015209197998,156914
29.028369665145874,156914
29.02928614616394,156914
29.03020215034485,156914
29.031116485595703,156914
29.03203010559082,156914
29.0333833694458,156914
29.0343120098114,156914
29.035227060317993,156914
29.036141872406006,156914
29.037055492401123,156914
29.03840970993042,156914
29.03932547569275,156914
29.040244340896606,156914
29.04116201400757,156914
29.042076110839844,156914
29.043434143066406,156914
29.044363498687744,156914
29.04527759552002,156914
29.046194791793823,156914
29.047117471694946,156914
29.048033237457275,156914
29.049393892288208,156914
29.05030918121338,156914
29.051226139068604,156914
29.052143812179565,156914
29.05306053161621,156914
29.054424285888672,156914
29.055339813232422,156914
29.056256532669067,156914
29.057174682617188,156914
29.058090448379517,156914
29.059004306793213,156914
29.06035566329956,156914
29.061270713806152,156914
29.062188148498535,156914
29.063103914260864,156914
29.064024686813354,156914
29.065380811691284,156914
29.066299438476562,156914
29.067218542099,156914
29.068135976791382,156914
29.06905436515808,156914
29.070409774780273,156914
29.071325063705444,156914
29.072242498397827,156914
29.073160886764526,156914
29.07408308982849,156914
29.075438022613525,156914
29.076354503631592,156914
29.07727313041687,156914
29.078187942504883,156914
29.079106092453003,156914
29.080025672912598,156914
29.081378698349,156914
29.082294464111328,156914
29.083207845687866,156914
29.084137678146362,156914
29.085049152374268,156914
29.086402416229248,156914
29.087316274642944,156914
29.088236093521118,156914
29.089151859283447,156914
29.09006428718567,156914
29.091416358947754,156914
29.092330932617188,156914
29.093243837356567,156914
29.094170570373535,156914
29.095086574554443,156914
29.09600806236267,156914
29.097363710403442,156914
29.098280906677246,156914
29.099196672439575,156914
29.100111484527588,156914
29.101022720336914,156914
29.10237169265747,156914
29.103288650512695,156914
29.104217767715454,156914
29.105135917663574,156914
29.106049299240112,156914
29.107401132583618,156914
29.108316659927368,156914
29.109232187271118,156914
29.11014986038208,156914
29.111063718795776,156914
29.112416982650757,156914
29.113332271575928,156914
29.114259719848633,156914
29.115178108215332,156914
29.116090297698975,156914
29.117005109786987,156914
29.11835813522339,156914
29.119277477264404,156914
29.1201913356781,156914
29.1211097240448,156914
29.122025966644287,156914
29.12337899208069,156914
29.124303579330444,156914
29.1252224445343,156914
29.126139163970947,156914
29.127054452896118,156914
29.128406286239624,156914
29.12932252883911,156914
29.130242824554443,156914
29.131161212921143,156914
29.132076740264893,156914
29.133430242538452,156914
29.13435459136963,156914
29.13526964187622,156914
29.13618779182434,156914
29.137104749679565,156914
29.13801908493042,156914
29.139370679855347,156914
29.14028787612915,156914
29.141207695007324,156914
29.14212465286255,156914
29.143040895462036,156914
29.144403219223022,156914
29.14531946182251,156914
29.146509885787964,156914
29.147371530532837,156914
29.148226976394653,156914
29.14908480644226,156914
29.150736331939697,156914
29.15159010887146,156914
29.15244698524475,156914
29.153299570083618,156914
29.154167413711548,156914
29.155023097991943,156914
29.156673431396484,156914
29.157525062561035,156914
29.158380031585693,156914
29.15923547744751,156914
29.160094499588013,156914
29.161747455596924,156914
29.16260290145874,156914
29.163456678390503,156914
29.164321184158325,156914
29.16517734527588,156914
29.166032075881958,156914
29.167686223983765,156914
29.168537855148315,156914
29.16939687728882,156914
29.170252561569214,156914
29.171109199523926,156914
29.172757148742676,156914
29.173614740371704,156914
29.174479722976685,156914
29.17533850669861,156914
29.176192045211792,156914
29.17705249786377,156914
29.178704261779785,156914
29.17955732345581,156914
29.18041229248047,156914
29.181267499923706,156914
29.18212866783142,156914
29.183781385421753,156914
29.18464422225952,156914
29.185499906539917,156914
29.186354875564575,156914
29.18721079826355,156914
29.188072443008423,156914
29.189722299575806,156914
29.190573930740356,156914
29.191428661346436,156914
29.192286491394043,156914
29.193142890930176,156914
29.194010496139526,156914
29.195662260055542,156914
29.196513175964355,156914
29.19736671447754,156914
29.198224544525146,156914
29.19908046722412,156914
29.200732469558716,156914
29.20158553123474,156914
29.202439069747925,156914
29.20329523086548,156914
29.204163789749146,156914
29.20502018928528,156914
29.206668615341187,156914
29.207520961761475,156914
29.20837926864624,156914
29.209231853485107,156914
29.210094213485718,156914
29.2117440700531,156914
29.212600708007812,156914
29.213460206985474,156914
29.21432638168335,156914
29.21518301963806,156914
29.21604013442993,156914
29.217689752578735,156914
29.218546152114868,156914
29.219401121139526,156914
29.220258712768555,156914
29.22111415863037,156914
29.222766876220703,156914
29.223626375198364,156914
29.22449040412903,156914
29.225346565246582,156914
29.226200103759766,156914
29.227057933807373,156914
29.228704929351807,156914
29.229559183120728,156914
29.23041558265686,156914
29.231269598007202,156914
29.232123136520386,156914
29.23377823829651,156914
29.234645128250122,156914
29.235502243041992,156914
29.236359119415283,156914
29.237213850021362,156914
29.238069534301758,156914
29.239723682403564,156914
29.2405743598938,156914
29.241430044174194,156914
29.242284774780273,156914
29.24314045906067,156914
29.244007110595703,156914
29.245652437210083,156914
29.2465078830719,156914
29.247364044189453,156914
29.248220682144165,156914
29.24907898902893,156914
29.25072979927063,156914
29.251586198806763,156914
29.252440690994263,156914
29.253299713134766,156914
29.254162549972534,156914
29.255018711090088,156914
29.256670475006104,156914
29.25752353668213,156914
29.258378744125366,156914
29.259235382080078,156914
29.26009249687195,156914
29.261747360229492,156914
29.262601375579834,156914
29.263458013534546,156914
29.264317989349365,156914
29.265175342559814,156914
29.266035795211792,156914
29.267683029174805,156914
29.268537521362305,156914
29.269394636154175,156914
29.270253896713257,156914
29.271106958389282,156914
29.27275562286377,156914
29.273610830307007,156914
29.274477243423462,156914
29.275331497192383,156914
29.276185989379883,156914
29.277047872543335,156914
29.27869462966919,156914
29.27954888343811,156914
29.2804057598114,156914
29.281257152557373,156914
29.28211498260498,156914
29.283763885498047,156914
29.284627437591553,156914
29.28547954559326,156914
29.286336660385132,156914
29.287190675735474,156914
29.288048267364502,156914
29.289702892303467,156914
29.29055690765381,156914
29.29141616821289,156914
29.292271852493286,156914
29.293128490447998,156914
29.294795036315918,156914
29.295650243759155,156914
29.29650330543518,156914
29.297362804412842,156914
29.29822015762329,156914
29.29907488822937,156914
29.300732851028442,156914
29.301584243774414,156914
29.302443504333496,156914
29.303301095962524,156914
29.30416512489319,156914
29.30502462387085,156914
29.306675910949707,156914
29.307536363601685,156914
29.308390855789185,156914
29.30924415588379,156914
29.310101747512817,156914
29.311749935150146,156914
29.312608003616333,156914
29.313461542129517,156914
29.31432795524597,156914
29.315183401107788,156914
29.3160400390625,156914
29.31769371032715,156914
29.318548917770386,156914
29.319402933120728,156914
29.32026195526123,156914
29.32111692428589,156914
29.322768688201904,156914
29.323627710342407,156914
29.324491262435913,156914
29.325350522994995,156914
29.326208114624023,156914
29.32706332206726,156914
29.328715085983276,156914
29.3295681476593,156914
29.33042025566101,156914
29.331276655197144,156914
29.332131385803223,156914
29.333781480789185,156914
29.334649085998535,156914
29.335506677627563,156914
29.336360692977905,156914
29.33721947669983,156914
29.338078498840332,156914
29.339730739593506,156914
29.340582132339478,156914
29.341439247131348,156914
29.342297792434692,156914
29.34315276145935,156914
29.3440260887146,156914
29.34567379951477,156914
29.346532344818115,156914
29.347389698028564,156914
29.348243951797485,156914
29.349097728729248,156914
29.35075044631958,156914
29.351609706878662,156914
29.35246706008911,156914
29.35332441329956,156914
29.354188203811646,156914
29.355043649673462,156914
29.356698513031006,156914
29.357550382614136,156914
29.358405828475952,156914
29.35925793647766,156914
29.360114336013794,156914
29.361769199371338,156914
29.362624645233154,156914
29.363476753234863,156914
29.36434268951416,156914
29.36520218849182,156914
29.36605930328369,156914
29.367706775665283,156914
29.36855959892273,156914
29.369415044784546,156914
29.37027382850647,156914
29.37112808227539,156914
29.37278151512146,156914
29.3736355304718,156914
29.374499082565308,156914
29.37535285949707,156914
29.376208543777466,156914
29.37706756591797,156914
29.378721952438354,156914
29.37957501411438,156914
29.38042950630188,156914
29.381288528442383,156914
29.38214373588562,156914
29.383796215057373,156914
29.38466167449951,156914
29.385519981384277,156914
29.38637685775757,156914
29.387230396270752,156914
29.388086080551147,156914
29.38973617553711,156914
29.39059329032898,156914
29.391449451446533,156914
29.3923020362854,156914
29.393155813217163,156914
29.394023180007935,156914
29.395673274993896,156914
29.39652919769287,156914
29.397383213043213,156914
29.39823818206787,156914
29.399093627929688,156914
29.40073823928833,156914
29.401592254638672,156914
29.40244722366333,156914
29.40330457687378,156914
29.40416932106018,156914
29.40502905845642,156914
29.40667200088501,156914
29.40752863883972,156914
29.408387184143066,156914
29.40924596786499,156914
29.41010332107544,156914
29.411750555038452,156914
29.412607431411743,156914
29.41346025466919,156914
29.414332151412964,156914
29.415186882019043,156914
29.416041135787964,156914
29.4176926612854,156914
29.418543577194214,156914
29.419398546218872,156914
29.42025852203369,156914
29.42111372947693,156914
29.422771453857422,156914
29.42362332344055,156914
29.424483060836792,156914
29.42534303665161,156914
29.426197290420532,156914
29.427057027816772,156914
29.42871069908142,156914
29.429562091827393,156914
29.430416345596313,156914
29.43127131462097,156914
29.432127237319946,156914
29.433775901794434,156914
29.43464231491089,156914
29.43549942970276,156914
29.436354160308838,156914
29.437210083007812,156914
29.43806791305542,156914
29.439722299575806,156914
29.440576314926147,156914
29.441433668136597,156914
29.44228982925415,156914
29.4431471824646,156914
29.444013833999634,156914
29.44565749168396,156914
29.446512937545776,156914
29.447368621826172,156914
29.44822120666504,156914
29.44907832145691,156914
29.45073390007019,156914
29.45158886909485,156914
29.452452421188354,156914
29.453310251235962,156914
29.45417094230652,156914
29.455029010772705,156914
29.45667815208435,156914
29.457534790039062,156914
29.458383560180664,156914
29.4592387676239,156914
29.46009588241577,156914
29.461748838424683,156914
29.462602853775024,156914
29.463459014892578,156914
29.46432375907898,156914
29.465182542800903,156914
29.466038703918457,156914
29.467691659927368,156914
29.468546867370605,156914
29.46940326690674,156914
29.470258712768555,156914
29.471118450164795,156914
29.47276997566223,156914
29.473625898361206,156914
29.474491596221924,156914
29.47534966468811,156914
29.476202726364136,156914
29.477057218551636,156914
29.478709936141968,156914
29.479563236236572,156914
29.48041605949402,156914
29.48127508163452,156914
29.482128381729126,156914
29.48378896713257,156914
29.48465061187744,156914
29.48551082611084,156914
29.486366987228394,156914
29.487224102020264,156914
29.488080263137817,156914
29.48973274230957,156914
29.490589380264282,156914
29.491445779800415,156914
29.492303609848022,156914
29.493160247802734,156914
29.494030952453613,156914
29.495678424835205,156914
29.496533632278442,156914
29.497390031814575,156914
29.498244285583496,156914
29.499095916748047,156914
29.50074529647827,156914
29.50160050392151,156914
29.50245451927185,156914
29.503313779830933,156914
29.50417733192444,156914
29.505040168762207,156914
29.50668954849243,156914
29.50754404067993,156914
29.5083966255188,156914
29.509249210357666,156914
29.51010537147522,156914
29.51175856590271,156914
29.51261568069458,156914
29.51347303390503,156914
29.514335870742798,156914
29.515192985534668,156914
29.51605248451233,156914
29.5177059173584,156914
29.518561840057373,156914
29.519418001174927,156914
29.520273447036743,156914
29.52113151550293,156914
29.52278447151184,156914
29.523641109466553,156914
29.524508237838745,156914
29.525359630584717,156914
29.526217699050903,156914
29.527072429656982,156914
29.52872633934021,156914
29.529579162597656,156914
29.530436277389526,156914
29.531293392181396,156914
29.53215003013611,156914
29.533798694610596,156914
29.53466796875,156914
29.535523176193237,156914
29.536379098892212,156914
29.537235736846924,156914
29.538090229034424,156914
29.53974437713623,156914
29.540598392486572,156914
29.541457176208496,156914
29.54231357574463,156914
29.54316806793213,156914
29.544038772583008,156914
29.545687675476074,156914
29.546544075012207,156914
29.54739737510681,156914
29.548256635665894,156914
29.549113035202026,156914
29.550766229629517,156914
29.551621198654175,156914
29.552476167678833,156914
29.553333282470703,156914
29.55419635772705,156914
29.555055856704712,156914
29.556705474853516,156914
29.55756664276123,156914
29.558422088623047,156914
29.559277057647705,156914
29.56013035774231,156914
29.561784029006958,156914
29.56264066696167,156914
29.563496112823486,156914
29.564363479614258,156914
29.56521773338318,156914
29.566070795059204,156914
29.56772756576538,156914
29.5685818195343,156914
29.569438934326172,156914
29.57029438018799,156914
29.57114815711975,156914
29.572006464004517,156914
29.573657751083374,156914
29.574524641036987,156914
29.575380325317383,156914
29.576237440109253,156914
29.577093362808228,156914
29.578742027282715,156914
29.57959747314453,156914
29.580451250076294,156914
29.581308841705322,156914
29.58216142654419,156914
29.583020210266113,156914
29.584680318832397,156914
29.585532665252686,156914
29.586387395858765,156914
29.58724546432495,156914
29.588100910186768,156914
29.5897479057312,156914
29.590601205825806,156914
29.591458082199097,156914
29.592317581176758,156914
29.593172073364258,156914
29.59403967857361,156914
29.59569239616394,156914
29.596545696258545,156914
29.59740424156189,156914
29.598259449005127,156914
29.599112272262573,156914
29.600767612457275,156914
29.601621627807617,156914
29.602475881576538,156914
29.603332042694092,156914
29.604195833206177,156914
29.60505771636963,156914
29.606707334518433,156914
29.607561588287354,156914
29.608421564102173,156914
29.609275817871094,156914
29.61013174057007,156914
29.611786603927612,156914
29.61264157295227,156914
29.61349582672119,156914
29.61436414718628,156914
29.615219354629517,156914
29.61607527732849,156914
29.617727994918823,156914
29.618582725524902,156914
29.619439840316772,156914
29.620299577713013,156914
29.621148824691772,156914
29.622008562088013,156914
29.623657703399658,156914
29.6245219707489,156914
29.62537932395935,156914
29.626232147216797,156914
29.627089738845825,156914
29.628740549087524,156914
29.629596948623657,156914
29.63045048713684,156914
29.631309509277344,156914
29.632168769836426,156914
29.633023500442505,156914
29.634689807891846,156914
29.63554358482361,156914
29.636400938034058,156914
29.637256145477295,156914
29.638110876083374,156914
29.639759063720703,156914
29.640613794326782,156914
29.641470670700073,156914
29.64232635498047,156914
29.643179655075073,156914
29.644047498703003,156914
29.645698308944702,156914
29.64655327796936,156914
29.64740490913391,156914
29.64826273918152,156914
29.649117946624756,156914
29.650773286819458,156914
29.651625394821167,156914
29.6524817943573,156914
29.65333580970764,156914
29.654199361801147,156914
29.655060529708862,156914
29.65670943260193,156914
29.657564878463745,156914
29.658420085906982,156914
29.659277200698853,156914
29.660131216049194,156914
29.66178798675537,156914
29.662641525268555,156914
29.66350293159485,156914
29.664368629455566,156914
29.665221691131592,156914
29.666079998016357,156914
29.667726516723633,156914
29.668582916259766,156914
29.66943669319153,156914
29.6702983379364,156914
29.671154737472534,156914
29.672013521194458,156914
29.67366361618042,156914
29.674529552459717,156914
29.675386428833008,156914
29.676240921020508,156914
29.677093505859375,156914
29.678744792938232,156914
29.679596424102783,156914
29.680452823638916,156914
29.681309700012207,156914
29.682164192199707,156914
29.68302083015442,156914
29.684680938720703,156914
29.685533046722412,156914
29.68639349937439,156914
29.687248945236206,156914
29.68810725212097,156914
29.689758777618408,156914
29.690613746643066,156914
29.691471338272095,156914
29.692328929901123,156914
29.693183422088623,156914
29.6940598487854,156914
29.69570541381836,156914
29.696563482284546,156914
29.69741940498352,156914
29.698276042938232,156914
29.699132680892944,156914
29.700783729553223,156914
29.701637029647827,156914
29.70249581336975,156914
29.70335102081299,156914
29.70421290397644,156914
29.705069541931152,156914
29.706721782684326,156914
29.707576990127563,156914
29.7084321975708,156914
29.709287643432617,156914
29.710144996643066,156914
29.711792707443237,156914
29.712650060653687,156914
29.713506937026978,156914
29.71437382698059,156914
29.715226411819458,156914
29.716083526611328,156914
29.71773624420166,156914
29.71859645843506,156914
29.71945309638977,156914
29.720306634902954,156914
29.72116231918335,156914
29.722018718719482,156914
29.723668336868286,156914
29.724531173706055,156914
29.725386381149292,156914
29.726243495941162,156914
29.727099895477295,156914
29.728750228881836,156914
29.729610443115234,156914
29.730468034744263,156914
29.731322288513184,156914
29.732181549072266,156914
29.733038902282715,156914
29.734700441360474,156914
29.735551595687866,156914
29.736408948898315,156914
29.737263679504395,156914
29.738121032714844,156914
29.73977518081665,156914
29.7406268119812,156914
29.74147939682007,156914
29.742337226867676,156914
29.74319100379944,156914
29.74406123161316,156914
29.745707511901855,156914
29.74656057357788,156914
29.747416257858276,156914
29.748271465301514,156914
29.749120712280273,156914
29.750773429870605,156914
29.751630783081055,156914
29.752490758895874,156914
29.75334405899048,156914
29.754206895828247,156914
29.75506615638733,156914
29.756717681884766,156914
29.757575273513794,156914
29.75843119621277,156914
29.75929021835327,156914
29.760145902633667,156914
29.761795043945312,156914
29.762650728225708,156914
29.763508558273315,156914
29.764371871948242,156914
29.765228509902954,156914
29.76608633995056,156914
29.76773953437805,156914
29.76859474182129,156914
29.76944851875305,156914
29.77030634880066,156914
29.771162748336792,156914
29.77201819419861,156914
29.773666381835938,156914
29.774531841278076,156914
29.775386333465576,156914
29.776244640350342,156914
29.777098655700684,156914
29.778748989105225,156914
29.779602766036987,156914
29.780460596084595,156914
29.78131890296936,156914
29.782169342041016,156914
29.783029556274414,156914
29.784688234329224,156914
29.785542964935303,156914
29.78639554977417,156914
29.787253618240356,156914
29.78811001777649,156914
29.78976821899414,156914
29.790626287460327,156914
29.791483163833618,156914
29.792341470718384,156914
29.793195962905884,156914
29.794065713882446,156914
29.795717000961304,156914
29.796571969985962,156914
29.797425985336304,156914
29.79827880859375,156914
29.799137592315674,156914
29.800788640975952,156914
29.801644563674927,156914
29.802504777908325,156914
29.803362369537354,156914
29.80422282218933,156914
29.805081129074097,156914
29.80673336982727,156914
29.807586669921875,156914
29.808443307876587,156914
29.80929946899414,156914
29.81015658378601,156914
29.81101632118225,156914
29.81265950202942,156914
29.813520193099976,156914
29.814384698867798,156914
29.81524157524109,156914
29.816096544265747,156914
29.81774640083313,156914
29.818602323532104,156914
29.819453954696655,156914
29.820311784744263,156914
29.821163654327393,156914
29.822019338607788,156914
29.82367205619812,156914
29.824531078338623,156914
29.825387477874756,156914
29.826245307922363,156914
29.82710027694702,156914
29.828749895095825,156914
29.82960271835327,156914
29.8304545879364,156914
29.8313148021698,156914
29.832169771194458,156914
29.833027362823486,156914
29.834690809249878,156914
29.83554434776306,156914
29.836400508880615,156914
29.837255716323853,156914
29.8381085395813,156914
29.839761972427368,156914
29.840617179870605,156914
29.841476917266846,156914
29.842332124710083,156914
29.843183517456055,156914
29.84405279159546,156914
29.845699071884155,156914
29.846553564071655,156914
29.847415685653687,156914
29.84827184677124,156914
29.849125623703003,156914
29.85077738761902,156914
29.851632356643677,156914
29.852487564086914,156914
29.85334300994873,156914
29.85420250892639,156914
29.855064868927002,156914
29.856714725494385,156914
29.85757088661194,156914
29.85842490196228,156914
29.85928177833557,156914
29.860137462615967,156914
29.861788749694824,156914
29.862642288208008,156914
29.863499402999878,156914
29.86436414718628,156914
29.865220546722412,156914
29.866076946258545,156914
29.86773657798767,156914
29.868592262268066,156914
29.869454622268677,156914
29.87031054496765,156914
29.871169805526733,156914
29.872031927108765,156914
29.873682022094727,156914
29.874550342559814,156914
29.875409841537476,156914
29.87626600265503,156914
29.877117395401,156914
29.87876534461975,156914
29.879622220993042,156914
29.88047981262207,156914
29.88133454322815,156914
29.882190704345703,156914
29.883049726486206,156914
29.88471221923828,156914
29.88556480407715,156914
29.88642168045044,156914
29.88727617263794,156914
29.88813328742981,156914
29.889782428741455,156914
29.89063835144043,156914
29.8914954662323,156914
29.892353534698486,156914
29.893205165863037,156914
29.894070148468018,156914
29.895718097686768,156914
29.896575450897217,156914
29.897436141967773,156914
29.898290395736694,156914
29.899147510528564,156914
29.900800704956055,156914
29.901660442352295,156914
29.902520179748535,156914
29.903377056121826,156914
29.90424346923828,156914
29.905102014541626,156914
29.906753540039062,156914
29.907607555389404,156914
29.90846610069275,156914
29.90932559967041,156914
29.910179376602173,156914
29.911039113998413,156914
29.912692546844482,156914
29.91354489326477,156914
29.91441011428833,156914
29.915267944335938,156914
29.916122674942017,156914
29.917778968811035,156914
29.918635845184326,156914
29.919490098953247,156914
29.920348167419434,156914
29.921201467514038,156914
29.92205834388733,156914
29.923707246780396,156914
29.924571752548218,156914
29.92542552947998,156914
29.926286220550537,156914
29.927138805389404,156914
29.92879056930542,156914
29.9296452999115,156914
29.93050503730774,156914
29.93135976791382,156914
29.93222141265869,156914
29.933079957962036,156914
29.934739589691162,156914
29.93559169769287,156914
29.936450719833374,156914
29.93730616569519,156914
29.93816041946411,156914
29.939021587371826,156914
29.940672159194946,156914
29.941526174545288,156914
29.942380666732788,156914
29.943235635757446,156914
29.94410467147827,156914
29.94575023651123,156914
29.94660449028015,156914
29.94745969772339,156914
29.948314905166626,156914
29.949170112609863,156914
29.95003056526184,156914
29.951685428619385,156914
29.952538013458252,156914
29.953393936157227,156914
29.954261302947998,156914
29.955114126205444,156914
29.95676612854004,156914
29.957619190216064,156914
29.958477020263672,156914
29.959333181381226,156914
29.960185527801514,156914
29.961042881011963,156914
29.962692499160767,156914
29.96354341506958,156914
29.96441125869751,156914
29.965270519256592,156914
29.96612548828125,156914
29.967777490615845,156914
29.968634843826294,156914
29.969494819641113,156914
29.97034978866577,156914
29.971209287643433,156914
29.97206735610962,156914
29.97372007369995,156914
29.974581241607666,156914
29.975438117980957,156914
29.976292371749878,156914
29.977147102355957,156914
29.97879695892334,156914
29.979655504226685,156914
29.980507850646973,156914
29.98136878013611,156914
29.982221841812134,156914
29.983081579208374,156914
29.984742164611816,156914
29.98560070991516,156914
29.98645806312561,156914
29.987314224243164,156914
29.98816704750061,156914
29.989025354385376,156914
29.990678548812866,156914
29.991535902023315,156914
29.992390871047974,156914
29.993250608444214,156914
29.994113206863403,156914
29.99576473236084,156914
29.996620416641235,156914
29.997474193572998,156914
29.998331308364868,156914
29.99918508529663,156914
30.000043153762817,156914
30.00169610977173,156914
30.002548694610596,156914
30.003405570983887,156914
30.004271268844604,156914
30.005127906799316,156914
30.00678515434265,156914
30.007639408111572,156914
30.00849676132202,156914
30.00935673713684,156914
30.010213136672974,156914
30.011065006256104,156914
30.012714862823486,156914
30.013572454452515,156914
30.014437675476074,156914
30.01529884338379,156914
30.016155004501343,156914
30.017014741897583,156914
30.01866126060486,156914
30.019516468048096,156914
30.020374298095703,156914
30.02123260498047,156914
30.022087574005127,156914
30.02373719215393,156914
30.02459979057312,156914
30.025459051132202,156914
30.02631115913391,156914
30.02716851234436,156914
30.02802348136902,156914
30.029675483703613,156914
30.03053092956543,156914
30.031385898590088,156914
30.032243490219116,156914
30.03309726715088,156914
30.03476095199585,156914
30.035619974136353,156914
30.036473751068115,156914
30.03732919692993,156914
30.038183450698853,156914
30.039039134979248,156914
30.04069471359253,156914
30.04154896736145,156914
30.042405128479004,156914
30.043262243270874,156914
30.04412269592285,156914
30.045778512954712,156914
30.046631813049316,156914
30.047493934631348,156914
30.048349618911743,156914
30.049206256866455,156914
30.050060510635376,156914
30.0517098903656,156914
30.05256938934326,156914
30.053422451019287,156914
30.054286003112793,156914
30.055142879486084,156914
30.0567946434021,156914
30.05764937400818,156914
30.058506727218628,156914
30.05936026573181,156914
30.06022071838379,156914
30.061076402664185,156914
30.062731504440308,156914
30.06358504295349,156914
30.064451217651367,156914
30.065306901931763,156914
30.066162109375,156914
30.067021131515503,156914
30.06867289543152,156914
30.069525718688965,156914
30.070382595062256,156914
30.07123565673828,156914
30.07209610939026,156914
30.07375717163086,156914
30.074610471725464,156914
30.075466632843018,156914
30.076321840286255,156914
30.077179193496704,156914
30.07803463935852,156914
30.079683780670166,156914
30.08053994178772,156914
30.081395864486694,156914
30.082253217697144,156914
30.083109855651855,156914
30.084771871566772,156914
30.085628747940063,156914
30.086484670639038,156914
30.08733820915222,156914
30.088194370269775,156914
30.089051008224487,156914
30.090704202651978,156914
30.091560125350952,156914
30.092415809631348,156914
30.09327721595764,156914
30.094141244888306,156914
30.095794200897217,156914
30.096646308898926,156914
30.097502946853638,156914
30.09835934638977,156914
30.099215030670166,156914
30.10007071495056,156914
30.101723194122314,156914
30.102579593658447,156914
30.10343313217163,156914
30.104299545288086,156914
30.105154037475586,156914
30.106013774871826,156914
30.107664823532104,156914
30.108522176742554,156914
30.10937786102295,156914
30.110238790512085,156914
30.11109232902527,156914
30.112746477127075,156914
30.1135995388031,156914
30.114465475082397,156914
30.115323066711426,156914
30.116177797317505,156914
30.117039680480957,156914
30.11868929862976,156914
30.11954402923584,156914
30.12040138244629,156914
30.121259689331055,156914
30.122114896774292,156914
30.123767375946045,156914
30.124633073806763,156914
30.12548542022705,156914
30.126343727111816,156914
30.127195119857788,156914
30.128053426742554,156914
30.129703044891357,156914
30.130558729171753,156914
30.131412506103516,156914
30.132270097732544,156914
30.133126735687256,156914
30.13478374481201,156914
30.135643005371094,156914
30.13650155067444,156914
30.137353658676147,156914
30.138210773468018,156914
30.13906764984131,156914
30.140717029571533,156914
30.14157199859619,156914
30.142426252365112,156914
30.14328145980835,156914
30.14414405822754,156914
30.145796537399292,156914
30.14665412902832,156914
30.147507429122925,156914
30.148367881774902,156914
30.14922332763672,156914
30.15007996559143,156914
30.151731491088867,156914
30.152587175369263,156914
30.153443813323975,156914
30.154308080673218,156914
30.15516686439514,156914
30.156023263931274,156914
30.157676696777344,156914
30.15852999687195,156914
30.159390687942505,156914
30.16024875640869,156914
30.161101818084717,156914
30.162752389907837,156914
30.163609981536865,156914
30.164477109909058,156914
30.16533088684082,156914
30.16618585586548,156914
30.16704511642456,156914
30.168696641921997,156914
30.169552326202393,156914
30.170408487319946,156914
30.171262741088867,156914
30.172119617462158,156914
30.1737642288208,156914
30.17462992668152,156914
30.175485610961914,156914
30.176343202590942,156914
30.17720103263855,156914
30.178057193756104,156914
30.179706573486328,156914
30.180562257766724,156914
30.18141794204712,156914
30.182276010513306,156914
30.1831316947937,156914
30.18479347229004,156914
30.18565082550049,156914
30.18650531768799,156914
30.187360286712646,156914
30.18821430206299,156914
30.18906831741333,156914
30.190716981887817,156914
30.191570043563843,156914
30.19242286682129,156914
30.193281173706055,156914
30.19414520263672,156914
30.195799589157104,156914
30.196650981903076,156914
30.19750952720642,156914
30.19836711883545,156914
30.199222803115845,156914
30.200080156326294,156914
30.201732873916626,156914
30.202592372894287,156914
30.203447818756104,156914
30.204314470291138,156914
30.205169677734375,156914
30.206031322479248,156914
30.20767593383789,156914
30.208535194396973,156914
30.209392070770264,156914
30.210249662399292,156914
30.2111074924469,156914
30.21276068687439,156914
30.2136127948761,156914
30.21448254585266,156914
30.215341567993164,156914
30.216192722320557,156914
30.2170512676239,156914
30.218697547912598,156914
30.219549894332886,156914
30.22040820121765,156914
30.221267461776733,156914
30.22212314605713,156914
30.22377896308899,156914
30.224644899368286,156914
30.225500345230103,156914
30.226356983184814,156914
30.22720980644226,156914
30.228066444396973,156914
30.229718685150146,156914
30.23057198524475,156914
30.231426239013672,156914
30.23228645324707,156914
30.233142375946045,156914
30.234009981155396,156914
30.235658884048462,156914
30.236514568328857,156914
30.237375497817993,156914
30.238230228424072,156914
30.239084243774414,156914
30.240737199783325,156914
30.241586208343506,156914
30.24244499206543,156914
30.24329972267151,156914
30.244162559509277,156914
30.245022773742676,156914
30.246670484542847,156914
30.24752712249756,156914
30.248385429382324,156914
30.249241828918457,156914
30.25009822845459,156914
30.25175189971924,156914
30.252605438232422,156914
30.253464221954346,156914
30.254331827163696,156914
30.25518560409546,156914
30.256043195724487,156914
30.2576961517334,156914
30.25855302810669,156914
30.259408712387085,156914
30.260265111923218,156914
30.261118173599243,156914
30.262771129608154,156914
30.26362657546997,156914
30.264488697052002,156914
30.265345096588135,156914
30.266194820404053,156914
30.267050981521606,156914
30.268704414367676,156914
30.269558668136597,156914
30.270413875579834,156914
30.271268844604492,156914
30.2721266746521,156914
30.273775100708008,156914
30.274635791778564,156914
30.275487422943115,156914
30.2763454914093,156914
30.277197122573853,156914
30.278059005737305,156914
30.279708862304688,156914
30.280564546585083,156914
30.28142285346985,156914
30.282281398773193,156914
30.283135890960693,156914
30.284007787704468,156914
30.285662174224854,156914
30.286516666412354,156914
30.28737211227417,156914
30.2882297039032,156914
30.289087057113647,156914
30.290740728378296,156914
30.291596174240112,156914
30.292452573776245,156914
30.29330611228943,156914
30.29417061805725,156914
30.295029878616333,156914
30.29668092727661,156914
30.297533750534058,156914
30.29839015007019,156914
30.299248695373535,156914
30.30010437965393,156914
30.301759004592896,156914
30.302612781524658,156914
30.303472757339478,156914
30.304340362548828,156914
30.305198192596436,156914
30.30605459213257,156914
30.30770468711853,156914
30.308557748794556,156914
30.309420824050903,156914
30.31027889251709,156914
30.31113576889038,156914
30.312785625457764,156914
30.313642263412476,156914
30.314510822296143,156914
30.315367460250854,156914
30.316222190856934,156914
30.317079782485962,156914
30.318732023239136,156914
30.31958556175232,156914
30.32044291496277,156914
30.3212947845459,156914
30.322153329849243,156914
30.323012351989746,156914
30.324673414230347,156914
30.325528144836426,156914
30.326385021209717,156914
30.32724356651306,156914
30.328097343444824,156914
30.329749822616577,156914
30.330602169036865,156914
30.331459045410156,156914
30.33231520652771,156914
30.333172082901,156914
30.334038496017456,156914
30.33569073677063,156914
30.336544513702393,156914
30.337400913238525,156914
30.338254928588867,156914
30.339110851287842,156914
30.340765953063965,156914
30.341622352600098,156914
30.342476844787598,156914
30.343332529067993,156914
30.344196319580078,156914
30.345056772232056,156914
30.34670853614807,156914
30.34756350517273,156914
30.34842014312744,156914
30.34927463531494,156914
30.350128173828125,156914
30.351776123046875,156914
30.35262942314148,156914
30.353484869003296,156914
30.354352951049805,156914
30.35520625114441,156914
30.356064796447754,156914
30.35771894454956,156914
30.358571767807007,156914
30.35942578315735,156914
30.36027956008911,156914
30.36113691329956,156914
30.362788677215576,156914
30.36364483833313,156914
30.36450982093811,156914
30.36536717414856,156914
30.366222620010376,156914
30.36708164215088,156914
30.36873483657837,156914
30.369587421417236,156914
30.370442628860474,156914
30.371297597885132,156914
30.372152090072632,156914
30.373010635375977,156914
30.374670028686523,156914
30.375524520874023,156914
30.376378536224365,156914
30.377230405807495,156914
30.37808656692505,156914
30.379736185073853,156914
30.38059091567993,156914
30.38144612312317,156914
30.382303476333618,156914
30.38316011428833,156914
30.38402795791626,156914
30.385677099227905,156914
30.386535167694092,156914
30.387391090393066,156914
30.38824772834778,156914
30.389106512069702,156914
30.390761613845825,156914
30.391608953475952,156914
30.392463207244873,156914
30.393316745758057,156914
30.39418363571167,156914
30.39504075050354,156914
30.39668846130371,156914
30.397544860839844,156914
30.398402452468872,156914
30.39925456047058,156914
30.400112867355347,156914
30.401760578155518,156914
30.402608394622803,156914
30.403464555740356,156914
30.404325246810913,156914
30.405182123184204,156914
30.406041622161865,156914
30.40769624710083,156914
30.408550262451172,156914
30.409412622451782,156914
30.410269498825073,156914
30.411123991012573,156914
30.41277241706848,156914
30.41363024711609,156914
30.41449546813965,156914
30.415353536605835,156914
30.416209936141968,156914
30.417064666748047,156914
30.418712854385376,156914
30.419565439224243,156914
30.42042326927185,156914
30.421277046203613,156914
30.422133207321167,156914
30.42378306388855,156914
30.424652338027954,156914
30.42551064491272,156914
30.426367044448853,156914
30.427223205566406,156914
30.428080797195435,156914
30.42973518371582,156914
30.43059229850769,156914
30.431450128555298,156914
30.432305574417114,156914
30.43316125869751,156914
30.43402886390686,156914
30.43567967414856,156914
30.43653416633606,156914
30.43739080429077,156914
30.438245058059692,156914
30.439104557037354,156914
30.440755605697632,156914
30.441614151000977,156914
30.44246530532837,156914
30.443321704864502,156914
30.444189310073853,156914
30.445049285888672,156914
30.44669818878174,156914
30.447553873062134,156914
30.448410749435425,156914
30.449264764785767,156914
30.45011854171753,156914
30.451773405075073,156914
30.4526264667511,156914
30.45348072052002,156914
30.454346179962158,156914
30.45520329475403,156914
30.456059217453003,156914
30.457711219787598,156914
30.458566665649414,156914
30.459425449371338,156914
30.4602792263031,156914
30.461132764816284,156914
30.4627845287323,156914
30.46363878250122,156914
30.464507341384888,156914
30.46536159515381,156914
30.46621823310852,156914
30.467077493667603,156914
30.46873450279236,156914
30.469590663909912,156914
30.470443964004517,156914
30.471301078796387,156914
30.47215700149536,156914
30.473018407821655,156914
30.47467565536499,156914
30.475533723831177,156914
30.476388931274414,156914
30.47724199295044,156914
30.478097915649414,156914
30.479747772216797,156914
30.480605602264404,156914
30.481460332870483,156914
30.48231863975525,156914
30.483173847198486,156914
30.484041452407837,156914
30.485690116882324,156914
30.486544370651245,156914
30.48740243911743,156914
30.48825764656067,156914
30.489110708236694,156914
30.490761518478394,156914
30.491615772247314,156914
30.492474794387817,156914
30.493332624435425,156914
30.494197368621826,156914
30.49505639076233,156914
30.496706247329712,156914
30.49756407737732,156914
30.498420000076294,156914
30.49927830696106,156914
30.50013518333435,156914
30.50178813934326,156914
30.502647399902344,156914
30.5035080909729,156914
30.504372358322144,156914
30.505224466323853,156914
30.50607943534851,156914
30.507735013961792,156914
30.50858783721924,156914
30.509445428848267,156914
30.510305166244507,156914
30.51116156578064,156914
30.51201844215393,156914
30.513668298721313,156914
30.514529943466187,156914
30.51538896560669,156914
30.516244649887085,156914
30.517099380493164,156914
30.518749952316284,156914
30.51960563659668,156914
30.520463228225708,156914
30.521318435668945,156914
30.522176027297974,156914
30.523029804229736,156914
30.52469229698181,156914
30.52554965019226,156914
30.526404857635498,156914
30.52726125717163,156914
30.528114080429077,156914
30.52976369857788,156914
30.530620574951172,156914
30.53147864341736,156914
30.532335996627808,156914
30.53319239616394,156914
30.534062147140503,156914
30.53570818901062,156914
30.536566019058228,156914
30.537417888641357,156914
30.538273811340332,156914
30.539127349853516,156914
30.54077911376953,156914
30.541635751724243,156914
30.54248857498169,156914
30.543346643447876,156914
30.544209480285645,156914
30.54506778717041,156914
30.546719551086426,156914
30.54757285118103,156914
30.548429012298584,156914
30.549286127090454,156914
30.55014419555664,156914
30.55179500579834,156914
30.552650213241577,156914
30.553504705429077,156914
30.55436944961548,156914
30.555227279663086,156914
30.556084871292114,156914
30.557738065719604,156914
30.55859637260437,156914
30.55945110321045,156914
30.560307502746582,156914
30.561163187026978,156914
30.562026262283325,156914
30.563673496246338,156914
30.56453776359558,156914
30.565394401550293,156914
30.56624698638916,156914
30.567106246948242,156914
30.568753719329834,156914
30.56961178779602,156914
30.570468425750732,156914
30.571325302124023,156914
30.572182178497314,156914
30.573036670684814,156914
30.574695587158203,156914
30.57555079460144,156914
30.576407194137573,156914
30.577261686325073,156914
30.57811713218689,156914
30.579770803451538,156914
30.580622673034668,156914
30.581480741500854,156914
30.58233880996704,156914
30.58319354057312,156914
30.58406138420105,156914
30.58570432662964,156914
30.58656072616577,156914
30.58741855621338,156914
30.588271379470825,156914
30.589128017425537,156914
30.590782165527344,156914
30.591638803482056,156914
30.592498064041138,156914
30.593353033065796,156914
30.59421467781067,156914
30.595075845718384,156914
30.596726655960083,156914
30.59758234024048,156914
30.598437309265137,156914
30.599291801452637,156914
30.60014796257019,156914
30.601800203323364,156914
30.60265827178955,156914
30.603517055511475,156914
30.604378938674927,156914
30.605233430862427,156914
30.606090784072876,156914
30.607744932174683,156914
30.608600854873657,156914
30.609458923339844,156914
30.61031746864319,156914
30.6111741065979,156914
30.612029552459717,156914
30.61368155479431,156914
30.614550352096558,156914
30.61540460586548,156914
30.61625862121582,156914
30.61711812019348,156914
30.618773698806763,156914
30.619627714157104,156914
30.620484352111816,156914
30.62133812904358,156914
30.622193098068237,156914
30.62304997444153,156914
30.62471032142639,156914
30.62556529045105,156914
30.62642216682434,156914
30.627278089523315,156914
30.628133058547974,156914
30.629785776138306,156914
30.630641222000122,156914
30.631497859954834,156914
30.63235855102539,156914
30.63321089744568,156914
30.634078979492188,156914
30.63572907447815,156914
30.636582374572754,156914
30.637436628341675,156914
30.638293266296387,156914
30.63914728164673,156914
30.640801191329956,156914
30.641655206680298,156914
30.64251160621643,156914
30.64336633682251,156914
30.6442289352417,156914
30.645085096359253,156914
30.646734952926636,156914
30.64759135246277,156914
30.64844512939453,156914
30.64930033683777,156914
30.650156259536743,156914
30.651015043258667,156914
30.652665853500366,156914
30.653517246246338,156914
30.65438222885132,156914
30.65523910522461,156914
30.656092882156372,156914
30.657745599746704,156914
30.658601760864258,156914
30.659456729888916,156914
30.660311698913574,156914
30.661168575286865,156914
30.662023067474365,156914
30.66367483139038,156914
30.664538621902466,156914
30.665394067764282,156914
30.666248321533203,156914
30.667104959487915,156914
30.66875648498535,156914
30.669618129730225,156914
30.670472383499146,156914
30.671324729919434,156914
30.67217779159546,156914
30.673038959503174,156914
30.674702405929565,156914
30.675554275512695,156914
30.676406145095825,156914
30.677263259887695,156914
30.678117036819458,156914
30.679767847061157,156914
30.68062400817871,156914
30.68147563934326,156914
30.682331562042236,156914
30.68318748474121,156914
30.684054136276245,156914
30.685703992843628,156914
30.68655776977539,156914
30.687413215637207,156914
30.688268184661865,156914
30.68912148475647,156914
30.69077706336975,156914
30.691633224487305,156914
30.692488193511963,156914
30.69334387779236,156914
30.69420862197876,156914
30.69506859779358,156914
30.69672155380249,156914
30.697574377059937,156914
30.698436498641968,156914
30.699295043945312,156914
30.700149536132812,156914
30.701009273529053,156914
30.702664852142334,156914
30.703519821166992,156914
30.704386472702026,156914
30.70524001121521,156914
30.706095695495605,156914
30.70774555206299,156914
30.708603382110596,156914
30.70945692062378,156914
30.710314512252808,156914
30.711172580718994,156914
30.712029218673706,156914
30.71368169784546,156914
30.714544773101807,156914
30.71540355682373,156914
30.716256141662598,156914
30.71710753440857,156914
30.7187762260437,156914
30.719623804092407,156914
30.72047734260559,156914
30.72133708000183,156914
30.72219204902649,156914
30.723052978515625,156914
30.7247097492218,156914
30.725560426712036,156914
30.726420640945435,156914
30.727278470993042,156914
30.728128910064697,156914
30.729778051376343,156914
30.73063588142395,156914
30.73149085044861,156914
30.73234486579895,156914
30.733198642730713,156914
30.73406434059143,156914
30.735714435577393,156914
30.736570358276367,156914
30.737427473068237,156914
30.738285303115845,156914
30.739140510559082,156914
30.740793228149414,156914
30.74164867401123,156914
30.74250292778015,156914
30.74336051940918,156914
30.744229316711426,156914
30.745086908340454,156914
30.74673867225647,156914
30.74759793281555,156914
30.74845838546753,156914
30.749313592910767,156914
30.750165224075317,156914
30.751025438308716,156914
30.752671718597412,156914
30.753526210784912,156914
30.754394054412842,156914
30.755248546600342,156914
30.756104469299316,156914
30.757758378982544,156914
30.758614778518677,156914
30.75947666168213,156914
30.760331392288208,156914
30.76118779182434,156914
30.76204800605774,156914
30.76369857788086,156914
30.76456117630005,156914
30.765419006347656,156914
30.766270637512207,156914
30.76712465286255,156914
30.768776893615723,156914
30.76963233947754,156914
30.77048683166504,156914
30.771344661712646,156914
30.77219867706299,156914
30.773056268692017,156914
30.774717569351196,156914
30.775570154190063,156914
30.77643084526062,156914
30.7772855758667,156914
30.77814221382141,156914
30.77979564666748,156914
30.780651330947876,156914
30.781509399414062,156914
30.782365322113037,156914
30.78322148323059,156914
30.78408646583557,156914
30.785736322402954,156914
30.78658962249756,156914
30.787450075149536,156914
30.788305044174194,156914
30.789161920547485,156914
30.790018320083618,156914
30.79167079925537,156914
30.792523622512817,156914
30.793376445770264,156914
30.794239282608032,156914
30.795100450515747,156914
30.79675006866455,156914
30.797607898712158,156914
30.79846429824829,156914
30.799320459365845,156914
30.80017352104187,156914
30.801028966903687,156914
30.80268120765686,156914
30.803536891937256,156914
30.80440092086792,156914
30.805256366729736,156914
30.806113719940186,156914
30.807765245437622,156914
30.808621168136597,156914
30.809478759765625,156914
30.8103346824646,156914
30.811187505722046,156914
30.81204843521118,156914
30.813698530197144,156914
30.814561128616333,156914
30.815417289733887,156914
30.81627583503723,156914
30.81712818145752,156914
30.818780660629272,156914
30.819639444351196,156914
30.820497035980225,156914
30.821351528167725,156914
30.822202920913696,156914
30.82306432723999,156914
30.824721097946167,156914
30.8255774974823,156914
30.82643175125122,156914
30.827287435531616,156914
30.8281409740448,156914
30.82979702949524,156914
30.83065128326416,156914
30.831505060195923,156914
30.832361459732056,156914
30.833216428756714,156914
30.834083318710327,156914
30.8357355594635,156914
30.83659267425537,156914
30.83744764328003,156914
30.838302850723267,156914
30.839160203933716,156914
30.840020656585693,156914
30.841665983200073,156914
30.84252095222473,156914
30.84337592124939,156914
30.844238996505737,156914
30.84509539604187,156914
30.846747636795044,156914
30.847598552703857,156914
30.848454475402832,156914
30.84930944442749,156914
30.850163459777832,156914
30.85102343559265,156914
30.852676391601562,156914
30.85352849960327,156914
30.854396104812622,156914
30.855250358581543,156914
30.856104850769043,156914
30.857755661010742,156914
30.858611822128296,156914
30.859468698501587,156914
30.860323905944824,156914
30.86117935180664,156914
30.86203694343567,156914
30.86368727684021,156914
30.86455225944519,156914
30.86541199684143,156914
30.866267442703247,156914
30.867124557495117,156914
30.868783473968506,156914
30.86963701248169,156914
30.87049412727356,156914
30.87135076522827,156914
30.872204780578613,156914
30.873059272766113,156914
30.874720335006714,156914
30.87557339668274,156914
30.876434326171875,156914
30.8772873878479,156914
30.87814450263977,156914
30.879008293151855,156914
30.88065505027771,156914
30.88151216506958,156914
30.882366180419922,156914
30.883219003677368,156914
30.884084701538086,156914
30.88573455810547,156914
30.886587381362915,156914
30.887449979782104,156914
30.888303756713867,156914
30.88915705680847,156914
30.890013217926025,156914
30.891659259796143,156914
30.892515897750854,156914
30.893370628356934,156914
30.894235134124756,156914
30.89509153366089,156914
30.89674401283264,156914
30.8975932598114,156914
30.89845085144043,156914
30.89930510520935,156914
30.900156021118164,156914
30.901013135910034,156914
30.902660369873047,156914
30.903515577316284,156914
30.904382705688477,156914
30.90523672103882,156914
30.90609645843506,156914
30.90774941444397,156914
30.908604383468628,156914
30.909456968307495,156914
30.910313844680786,156914
30.911170721054077,156914
30.912027597427368,156914
30.913676500320435,156914
30.91454291343689,156914
30.915397882461548,156914
30.91625142097473,156914
30.917110204696655,156914
30.91875982284546,156914
30.91961407661438,156914
30.920472383499146,156914
30.92133116722107,156914
30.922187328338623,156914
30.923046112060547,156914
30.924705505371094,156914
30.925559759140015,156914
30.926416635513306,156914
30.927272081375122,156914
30.928123712539673,156914
30.92977809906006,156914
30.930632829666138,156914
30.931488752365112,156914
30.93234419822693,156914
30.93319606781006,156914
30.93406391143799,156914
30.93571448326111,156914
30.936570644378662,156914
30.937427520751953,156914
30.938280820846558,156914
30.939139127731323,156914
30.94079089164734,156914
30.941651821136475,156914
30.942505598068237,156914
30.94336462020874,156914
30.944225072860718,156914
30.945083379745483,156914
30.946728229522705,156914
30.947582721710205,156914
30.948439359664917,156914
30.949289798736572,156914
30.95014476776123,156914
30.951799154281616,156914
30.95265817642212,156914
30.953513145446777,156914
30.954376459121704,156914
30.95523238182068,156914
30.956089973449707,156914
30.957741498947144,156914
30.958595752716064,156914
30.95945143699646,156914
30.960308074951172,156914
30.961162567138672,156914
30.962021589279175,156914
30.96367383003235,156914
30.964537858963013,156914
30.965391874313354,156914
30.966249465942383,156914
30.967105865478516,156914
30.968756675720215,156914
30.969613313674927,156914
30.970468521118164,156914
30.971323251724243,156914
30.972179412841797,156914
30.973037481307983,156914
30.97469925880432,156914
30.975552082061768,156914
30.976407527923584,156914
30.9772686958313,156914
30.978124618530273,156914
30.97977566719055,156914
30.980629444122314,156914
30.98148465156555,156914
30.982343435287476,156914
30.98319721221924,156914
30.984062910079956,156914
30.985708951950073,156914
30.986564874649048,156914
30.98742151260376,156914
30.988272428512573,156914
30.989128828048706,156914
30.99078130722046,156914
30.991636514663696,156914
30.992493867874146,156914
30.99335241317749,156914
30.994214296340942,156914
30.995074033737183,156914
30.996724843978882,156914
30.997579336166382,156914
30.998438119888306,156914
30.999290943145752,156914
31.000149965286255,156914
31.00100803375244,156914
31.002659797668457,156914
31.0035183429718,156914
31.004385948181152,156914
31.005239486694336,156914
31.006097555160522,156914
31.007752656936646,156914
31.00860571861267,156914
31.009462594985962,156914
31.0103178024292,156914
31.011173009872437,156914
31.012029886245728,156914
31.01368236541748,156914
31.01454448699951,156914
31.015400648117065,156914
31.016255140304565,156914
31.017110586166382,156914
31.018764972686768,156914
31.0196213722229,156914
31.020471811294556,156914
31.02132511138916,156914
31.022186994552612,156914
31.02303719520569,156914
31.02469515800476,156914
31.025548458099365,156914
31.02640414237976,156914
31.02725887298584,156914
31.028114795684814,156914
31.029762744903564,156914
31.03061532974243,156914
31.03146982192993,156914
31.032327890396118,156914
31.03318476676941,156914
31.034051179885864,156914
31.035703420639038,156914
31.036559104919434,156914
31.03741431236267,156914
31.03826904296875,156914
31.039128065109253,156914
31.040785551071167,156914
31.041640043258667,156914
31.042499780654907,156914
31.043354749679565,156914
31.044219255447388,156914
31.045080184936523,156914
31.046730756759644,156914
31.047584056854248,156914
31.048444747924805,156914
31.04930329322815,156914
31.0501549243927,156914
31.051013231277466,156914
31.052667140960693,156914
31.05352807044983,156914
31.05439329147339,156914
31.05524730682373,156914
31.056103467941284,156914
31.057756423950195,156914
31.05861210823059,156914
31.059465408325195,156914
31.060328006744385,156914
31.061180114746094,156914
31.06204080581665,156914
31.063690185546875,156914
31.064553022384644,156914
31.065411806106567,156914
31.066264629364014,156914
31.06711721420288,156914
31.06841254234314,156914
31.069333791732788,156914
31.07025384902954,156914
31.07117199897766,156914
31.07208824157715,156914
31.073440074920654,156914
31.07436466217041,156914
31.07528042793274,156914
31.076196670532227,156914
31.077112913131714,156914
31.07802391052246,156914
31.079376459121704,156914
31.08029079437256,156914
31.08120822906494,156914
31.08212399482727,156914
31.083037614822388,156914
31.08440136909485,156914
31.085318565368652,156914
31.08623218536377,156914
31.087152242660522,156914
31.08807134628296,156914
31.089428901672363,156914
31.09034490585327,156914
31.091264247894287,156914
31.092179775238037,156914
31.09309482574463,156914
31.094019651412964,156914
31.09537982940674,156914
31.096302032470703,156914
31.09721612930298,156914
31.098137140274048,156914
31.099053621292114,156914
31.100408792495728,156914
31.101325273513794,156914
31.102243185043335,156914
31.10316014289856,156914
31.104081869125366,156914
31.105437755584717,156914
31.1063551902771,156914
31.10727334022522,156914
31.10818862915039,156914
31.109105110168457,156914
31.110021352767944,156914
31.11137294769287,156914
31.11228895187378,156914
31.113207578659058,156914
31.114136219024658,156914
31.115049839019775,156914
31.1164071559906,156914
31.117323637008667,156914
31.11824083328247,156914
31.11915874481201,156914
31.120075464248657,156914
31.12143039703369,156914
31.122345209121704,156914
31.123259782791138,156914
31.124191522598267,156914
31.125110149383545,156914
31.126025676727295,156914
31.127376556396484,156914
31.128291130065918,156914
31.129204511642456,156914
31.130122184753418,156914
31.131036043167114,156914
31.132389068603516,156914
31.133305311203003,156914
31.134231090545654,156914
31.13514995574951,156914
31.136067867279053,156914
31.13742160797119,156914
31.13833498954773,156914
31.13925266265869,156914
31.140170097351074,156914
31.141085386276245,156914
31.14243984222412,156914
31.143357515335083,156914
31.144283771514893,156914
31.145201683044434,156914
31.146122217178345,156914
31.1470365524292,156914
31.148391723632812,156914
31.14930558204651,156914
31.150229930877686,156914
31.151146411895752,156914
31.15206480026245,156914
31.153422355651855,156914
31.154346466064453,156914
31.155264139175415,156914
31.156182527542114,156914
31.157097101211548,156914
31.15801477432251,156914
31.159366130828857,156914
31.160279512405396,156914
31.161198616027832,156914
31.1621150970459,156914
31.163027048110962,156914
31.164392471313477,156914
31.165311098098755,156914
31.166226625442505,156914
31.167144298553467,156914
31.168060064315796,156914
31.169414281845093,156914
31.170333862304688,156914
31.171250820159912,156914
31.17217230796814,156914
31.17308759689331,156914
31.174010753631592,156914
31.175366401672363,156914
31.17628288269043,156914
31.17720055580139,156914
31.178117752075195,156914
31.179033279418945,156914
31.180384635925293,156914
31.18130087852478,156914
31.182217597961426,156914
31.183138370513916,156914
31.184061765670776,156914
31.185415029525757,156914
31.18632936477661,156914
31.18724775314331,156914
31.188162803649902,156914
31.189079761505127,156914
31.190433263778687,156914
31.191349267959595,156914
31.192267894744873,156914
31.193182706832886,156914
31.194110870361328,156914
31.19502329826355,156914
31.196376085281372,156914
31.197290658950806,156914
31.198210954666138,156914
31.19912600517273,156914
31.200040578842163,156914
31.20139455795288,156914
31.20231008529663,156914
31.20322871208191,156914
31.20415425300598,156914
31.205070734024048,156914
31.20642375946045,156914
31.20733904838562,156914
31.208255290985107,156914
31.20917320251465,156914
31.210087060928345,156914
31.211003303527832,156914
31.21236300468445,156914
31.213284492492676,156914
31.214212894439697,156914
31.215129137039185,156914
31.21604633331299,156914
31.217400074005127,156914
31.218315601348877,156914
31.219231367111206,156914
31.220149755477905,156914
31.221065282821655,156914
31.22241735458374,156914
31.22333264350891,156914
31.224263906478882,156914
31.22518014907837,156914
31.226096391677856,156914
31.227013111114502,156914
31.228365182876587,156914
31.22928476333618,156914
31.230200052261353,156914
31.23111629486084,156914
31.232029676437378,156914
31.233388423919678,156914
31.23431396484375,156914
31.235233306884766,156914
31.23615264892578,156914
31.237066984176636,156914
31.23842215538025,156914
31.23933696746826,156914
31.240253686904907,156914
31.241170644760132,156914
31.24208927154541,156914
31.24300503730774,156914
31.2443687915802,156914
31.24528217315674,156914
31.24620008468628,156914
31.24711585044861,156914
31.24803137779236,156914
31.249384880065918,156914
31.250301361083984,156914
31.251221656799316,156914
31.25214195251465,156914
31.253058433532715,156914
31.254421949386597,156914
31.255337476730347,156914
31.25625252723694,156914
31.257172346115112,156914
31.25808882713318,156914
31.25900363922119,156914
31.260360956192017,156914
31.26127576828003,156914
31.26219081878662,156914
31.263107538223267,156914
31.26403522491455,156914
31.265390157699585,156914
31.26630401611328,156914
31.26722002029419,156914
31.26814031600952,156914
31.269056797027588,156914
31.270411491394043,156914
31.271326780319214,156914
31.272244930267334,156914
31.273162126541138,156914
31.274086475372314,156914
31.27500557899475,156914
31.27635622024536,156914
31.27727460861206,156914
31.278194189071655,156914
31.279112577438354,156914
31.28002905845642,156914
31.281379222869873,156914
31.28229594230652,156914
31.283214330673218,156914
31.284141063690186,156914
31.285054445266724,156914
31.286408185958862,156914
31.287322759628296,156914
31.288236141204834,156914
31.28915500640869,156914
31.290069818496704,156914
31.291423797607422,156914
31.29233717918396,156914
31.29325580596924,156914
31.29418683052063,156914
31.29510521888733,156914
31.296019077301025,156914
31.29737091064453,156914
31.29828929901123,156914
31.299202919006348,156914
31.300119400024414,156914
31.301036834716797,156914
31.30238699913025,156914
31.303305864334106,156914
31.304232358932495,156914
31.30515146255493,156914
31.30606508255005,156914
31.307416677474976,156914
31.308330535888672,156914
31.309252500534058,156914
31.310169219970703,156914
31.31108331680298,156914
31.312435150146484,156914
31.313350439071655,156914
31.31427788734436,156914
31.31519603729248,156914
31.31611442565918,156914
31.317028760910034,156914
31.3183856010437,156914
31.31930136680603,156914
31.320219039916992,156914
31.321134328842163,156914
31.322051763534546,156914
31.32340431213379,156914
31.324331760406494,156914
31.32524800300598,156914
31.326162576675415,156914
31.32708239555359,156914
31.32843542098999,156914
31.329352378845215,156914
31.33027148246765,156914
31.331188201904297,156914
31.332104206085205,156914
31.333017826080322,156914
31.334383726119995,156914
31.33530068397522,156914
31.336217641830444,156914
31.3371365070343,156914
31.33804965019226,156914
31.339405059814453,156914
31.34032416343689,156914
31.34124207496643,156914
31.34216070175171,156914
31.343075037002563,156914
31.34444236755371,156914
31.345355987548828,156914
31.346274852752686,156914
31.347190380096436,156914
31.348106861114502,156914
31.349021673202515,156914
31.35037088394165,156914
31.351287364959717,156914
31.352205753326416,156914
31.353126287460327,156914
31.354047775268555,156914
31.355403661727905,156914
31.356316804885864,156914
31.357234716415405,156914
31.358152866363525,156914
31.359066486358643,156914
31.360418796539307,156914
31.361336708068848,156914
31.36225414276123,156914
31.36317253112793,156914
31.36409831047058,156914
31.365017652511597,156914
31.36636972427368,156914
31.367283582687378,156914
31.36820340156555,156914
31.369120121002197,156914
31.370035409927368,156914
31.37139129638672,156914
31.372307062149048,156914
31.373222827911377,156914
31.37414836883545,156914
31.37506365776062,156914
31.376415491104126,156914
31.377331018447876,156914
31.378243446350098,156914
31.379163026809692,156914
31.380078315734863,156914
31.38142967224121,156914
31.38234233856201,156914
31.38326072692871,156914
31.384186506271362,156914
31.385103225708008,156914
31.386018753051758,156914
31.387375354766846,156914
31.388293504714966,156914
31.38921022415161,156914
31.390129566192627,156914
31.391045570373535,156914
31.39240050315857,156914
31.393310546875,156914
31.39423894882202,156914
31.395158767700195,156914
31.396074056625366,156914
31.397427558898926,156914
31.39834237098694,156914
31.399260997772217,156914
31.400174617767334,156914
31.401092052459717,156914
31.40200424194336,156914
31.403355598449707,156914
31.404282808303833,156914
31.405203104019165,156914
31.406121730804443,156914
31.40703535079956,156914
31.40839171409607,156914
31.40930485725403,156914
31.410221099853516,156914
31.41113567352295,156914
31.412050485610962,156914
31.41340470314026,156914
31.414329528808594,156914
31.415244579315186,156914
31.416162252426147,156914
31.417075157165527,156914
31.418429374694824,156914
31.419342517852783,156914
31.420262336730957,156914
31.421177864074707,156914
31.422094106674194,156914
31.423011541366577,156914
31.42437505722046,156914
31.42529559135437,156914
31.426213264465332,156914
31.427130937576294,156914
31.428043842315674,156914
31.42939829826355,156914
31.430311918258667,156914
31.43122959136963,156914
31.432150840759277,156914
31.433062314987183,156914
31.43442726135254,156914
31.43533992767334,156914
31.436259269714355,156914
31.43717622756958,156914
31.438098430633545,156914
31.439013481140137,156914
31.440364599227905,156914
31.441282033920288,156914
31.44219946861267,156914
31.44311547279358,156914
31.444037914276123,156914
31.44539475440979,156914
31.446311950683594,156914
31.44723153114319,156914
31.44814944267273,156914
31.4490704536438,156914
31.45042324066162,156914
31.45133948326111,156914
31.45225691795349,156914
31.45317506790161,156914
31.454099893569946,156914
31.455015659332275,156914
31.456368446350098,156914
31.457284212112427,156914
31.45820116996765,156914
31.45912003517151,156914
31.460034370422363,156914
31.46138310432434,156914
31.462299585342407,156914
31.463217973709106,156914
31.464146375656128,156914
31.465064764022827,156914
31.466418504714966,156914
31.467332363128662,156914
31.468252182006836,156914
31.469165563583374,156914
31.470078706741333,156914
31.471431016921997,156914
31.4723482131958,156914
31.473267316818237,156914
31.4741952419281,156914
31.47511076927185,156914
31.476027727127075,156914
31.477380514144897,156914
31.478294134140015,156914
31.47921395301819,156914
31.480130672454834,156914
31.481042861938477,156914
31.48239755630493,156914
31.483312845230103,156914
31.484241008758545,156914
31.485157251358032,156914
31.486075401306152,156914
31.487430095672607,156914
31.48834490776062,156914
31.48926043510437,156914
31.490179777145386,156914
31.491098880767822,156914
31.492013454437256,156914
31.493365049362183,156914
31.494292497634888,156914
31.49521255493164,156914
31.496129989624023,156914
31.49704933166504,156914
31.498403549194336,156914
31.499319553375244,156914
31.50023651123047,156914
31.5011568069458,156914
31.502071619033813,156914
31.503424406051636,156914
31.504369020462036,156914
31.505286931991577,156914
31.506206035614014,156914
31.507121086120605,156914
31.50803518295288,156914
31.509387493133545,156914
31.510303497314453,156914
31.511218309402466,156914
31.512134313583374,156914
31.513047695159912,156914
31.514415502548218,156914
31.515329837799072,156914
31.516247987747192,156914
31.51716446876526,156914
31.51807737350464,156914
31.519433736801147,156914
31.52035117149353,156914
31.52126669883728,156914
31.522180557250977,156914
31.52310061454773,156914
31.524024724960327,156914
31.525381326675415,156914
31.526296138763428,156914
31.527212858200073,156914
31.528130054473877,156914
31.529042720794678,156914
31.530399560928345,156914
31.531317234039307,156914
31.532232761383057,156914
31.53315019607544,156914
31.534074306488037,156914
31.535428524017334,156914
31.536343336105347,156914
31.53726029396057,156914
31.5381863117218,156914
31.539103269577026,156914
31.54001784324646,156914
31.541372537612915,156914
31.54228925704956,156914
31.5432071685791,156914
31.544133186340332,156914
31.54504919052124,156914
31.546403408050537,156914
31.54732060432434,156914
31.548234939575195,156914
31.549150466918945,156914
31.550065517425537,156914
31.55142068862915,156914
31.552332162857056,156914
31.55324959754944,156914
31.55417776107788,156914
31.555094718933105,156914
31.556010484695435,156914
31.557360649108887,156914
31.558279275894165,156914
31.559195041656494,156914
31.560111045837402,156914
31.561025142669678,156914
31.562377452850342,156914
31.5632905960083,156914
31.564221620559692,156914
31.56514024734497,156914
31.566051244735718,156914
31.5674090385437,156914
31.5683274269104,156914
31.56924557685852,156914
31.57016372680664,156914
31.571078777313232,156914
31.57243537902832,156914
31.57335352897644,156914
31.57428216934204,156914
31.57520055770874,156914
31.576120138168335,156914
31.577035188674927,156914
31.57839345932007,156914
31.57931089401245,156914
31.5802264213562,156914
31.581143856048584,156914
31.58206009864807,156914
31.583415031433105,156914
31.584341526031494,156914
31.585259437561035,156914
31.586178302764893,156914
31.587093830108643,156914
31.588010787963867,156914
31.58936381340027,156914
31.590283632278442,156914
31.59120202064514,156914
31.59212017059326,156914
31.5930335521698,156914
31.594398498535156,156914
31.595316171646118,156914
31.596234560012817,156914
31.597151279449463,156914
31.598066806793213,156914
31.599421977996826,156914
31.60033631324768,156914
31.60125470161438,156914
31.6021728515625,156914
31.60308814048767,156914
31.60401439666748,156914
31.605369806289673,156914
31.60628867149353,156914
31.60720467567444,156914
31.608123779296875,156914
31.609036684036255,156914
31.6103937625885,156914
31.61130404472351,156914
31.612223148345947,156914
31.61313796043396,156914
31.614059686660767,156914
31.615413665771484,156914
31.6163330078125,156914
31.61725163459778,156914
31.618170499801636,156914
31.619089365005493,156914
31.62043833732605,156914
31.621352434158325,156914
31.622269868850708,156914
31.623186588287354,156914
31.624111890792847,156914
31.625027656555176,156914
31.626378059387207,156914
31.627294063568115,156914
31.628211736679077,156914
31.62912893295288,156914
31.630045652389526,156914
31.63140058517456,156914
31.63231611251831,156914
31.63323450088501,156914
31.63416290283203,156914
31.635080814361572,156914
31.636435508728027,156914
31.637349605560303,156914
31.638267517089844,156914
31.639183044433594,156914
31.640100479125977,156914
31.641016006469727,156914
31.642363786697388,156914
31.643280744552612,156914
31.644211053848267,156914
31.64512872695923,156914
31.646040678024292,156914
31.647393226623535,156914
31.648303270339966,156914
31.649226427078247,156914
31.650147199630737,156914
31.65105938911438,156914
31.6524178981781,156914
31.65333604812622,156914
31.65426754951477,156914
31.65518355369568,156914
31.6561017036438,156914
31.657018423080444,156914
31.65837264060974,156914
31.659286975860596,156914
31.660206079483032,156914
31.661126136779785,156914
31.66204333305359,156914
31.663401126861572,156914
31.66432476043701,156914
31.66524076461792,156914
31.66615915298462,156914
31.66707754135132,156914
31.66843056678772,156914
31.669347047805786,156914
31.67026376724243,156914
31.671183347702026,156914
31.672101497650146,156914
31.673015117645264,156914
31.67437481880188,156914
31.675292015075684,156914
31.676212072372437,156914
31.677128553390503,156914
31.67804503440857,156914
31.679402112960815,156914
31.680319786071777,156914
31.681236743927002,156914
31.682156562805176,156914
31.683075189590454,156914
31.68443727493286,156914
31.685352087020874,156914
31.686270713806152,156914
31.687187671661377,156914
31.688101530075073,156914
31.689018726348877,156914
31.6903715133667,156914
31.69128966331482,156914
31.692206382751465,156914
31.693126440048218,156914
31.694051265716553,156914
31.69541049003601,156914
31.696329832077026,156914
31.69725275039673,156914
31.69816827774048,156914
31.69908571243286,156914
31.70000457763672,156914
31.70135807991028,156914
31.702274084091187,156914
31.70319175720215,156914
31.704121112823486,156914
31.705033540725708,156914
31.706385612487793,156914
31.707298040390015,156914
31.708214044570923,156914
31.70913052558899,156914
31.710044384002686,156914
31.711401224136353,156914
31.71231722831726,156914
31.713230848312378,156914
31.714155435562134,156914
31.715070247650146,156914
31.716424703598022,156914
31.717339277267456,156914
31.71828055381775,156914
31.719199657440186,156914
31.72011661529541,156914
31.721034049987793,156914
31.72238802909851,156914
31.723304986953735,156914
31.724233627319336,156914
31.725149154663086,156914
31.726061820983887,156914
31.727414846420288,156914
31.728331804275513,156914
31.72925043106079,156914
31.73018169403076,156914
31.731096744537354,156914
31.73201012611389,156914
31.73336625099182,156914
31.734296560287476,156914
31.735212087631226,156914
31.736127614974976,156914
31.737043619155884,156914
31.7383975982666,156914
31.739312410354614,156914
31.74022936820984,156914
31.741146087646484,156914
31.742060661315918,156914
31.743412494659424,156914
31.74433708190918,156914
31.74525499343872,156914
31.746171712875366,156914
31.747085571289062,156914
31.74800395965576,156914
31.749351739883423,156914
31.750272750854492,156914
31.751189947128296,156914
31.752108573913574,156914
31.75302028656006,156914
31.754382371902466,156914
31.75529646873474,156914
31.756216526031494,156914
31.75713539123535,156914
31.75804901123047,156914
31.75940179824829,156914
31.760316610336304,156914
31.761235237121582,156914
31.76215147972107,156914
31.763065576553345,156914
31.76443099975586,156914
31.7653489112854,156914
31.766268491744995,156914
31.767186164855957,156914
31.76810359954834,156914
31.7690167427063,156914
31.770367860794067,156914
31.771287202835083,156914
31.77220368385315,156914
31.77312207221985,156914
31.774043321609497,156914
31.77539896965027,156914
31.77631664276123,156914
31.77723264694214,156914
31.778154134750366,156914
31.779071807861328,156914
31.780423641204834,156914
31.781339406967163,156914
31.78225588798523,156914
31.783172369003296,156914
31.78409743309021,156914
31.785013914108276,156914
31.78636121749878,156914
31.78728151321411,156914
31.78819727897644,156914
31.789114236831665,156914
31.790031909942627,156914
31.79138731956482,156914
31.79230237007141,156914
31.79322052001953,156914
31.794150829315186,156914
31.795066595077515,156914
31.796420097351074,156914
31.797335147857666,156914
31.79825758934021,156914
31.799169778823853,156914
31.800090312957764,156914
31.801004648208618,156914
31.802359104156494,156914
31.803276538848877,156914
31.804203748703003,156914
31.805121183395386,156914
31.806036949157715,156914
31.80739140510559,156914
31.80831027030945,156914
31.809227466583252,156914
31.81014347076416,156914
31.811060428619385,156914
31.812418699264526,156914
31.813335180282593,156914
31.81426239013672,156914
31.815181970596313,156914
31.816095113754272,156914
31.81700897216797,156914
31.818361520767212,156914
31.819281101226807,156914
31.820199489593506,156914
31.821117162704468,156914
31.82203245162964,156914
31.82338809967041,156914
31.824315786361694,156914
31.825233459472656,156914
31.82615065574646,156914
31.827065229415894,156914
31.828415870666504,156914
31.829328298568726,156914
31.830243825912476,156914
31.831162691116333,156914
31.832080125808716,156914
31.833435535430908,156914
31.834361791610718,156914
31.835278034210205,156914
31.836194038391113,156914
31.837109565734863,156914
31.838024139404297,156914
31.83937668800354,156914
31.840291738510132,156914
31.84121012687683,156914
31.84212613105774,156914
31.843039512634277,156914
31.844402551651,156914
31.845320463180542,156914
31.84623885154724,156914
31.84715437889099,156914
31.848074674606323,156914
31.84943127632141,156914
31.850347757339478,156914
31.851260900497437,156914
31.852176904678345,156914
31.85309600830078,156914
31.85402202606201,156914
31.85537624359131,156914
31.856292724609375,156914
31.857207775115967,156914
31.8581223487854,156914
31.859037399291992,156914
31.860389232635498,156914
31.861305475234985,156914
31.862225770950317,156914
31.86314558982849,156914
31.86407232284546,156914
31.865426540374756,156914
31.86634135246277,156914
31.86726188659668,156914
31.868176698684692,156914
31.869094848632812,156914
31.870011568069458,156914
31.871363401412964,156914
31.8722825050354,156914
31.873200178146362,156914
31.874129056930542,156914
31.875043153762817,156914
31.876396656036377,156914
31.877312183380127,156914
31.878231048583984,156914
31.879148244857788,156914
31.880059242248535,156914
31.88141417503357,156914
31.882328748703003,156914
31.883249044418335,156914
31.884177923202515,156914
31.885098218917847,156914
31.886013746261597,156914
31.88736581802368,156914
31.88828468322754,156914
31.889200687408447,156914
31.89011812210083,156914
31.891032934188843,156914
31.89238166809082,156914
31.893298864364624,156914
31.894226551055908,156914
31.895142078399658,156914
31.896056652069092,156914
31.897414207458496,156914
31.898332118988037,156914
31.899250030517578,156914
31.900168657302856,156914
31.90108299255371,156914
31.902437686920166,156914
31.90335178375244,156914
31.904280424118042,156914
31.90519952774048,156914
31.90611505508423,156914
31.907031297683716,156914
31.90838861465454,156914
31.909305095672607,156914
31.910221576690674,156914
31.911141633987427,156914
31.91205859184265,156914
31.913415670394897,156914
31.91434073448181,156914
31.915258646011353,156914
31.916173934936523,156914
31.91709327697754,156914
31.918015003204346,156914
31.919365882873535,156914
31.92028307914734,156914
31.921199083328247,156914
31.922115564346313,156914
31.923030138015747,156914
31.924395322799683,156914
31.925310373306274,156914
31.926228046417236,156914
31.927146434783936,156914
31.92806100845337,156914
31.929415702819824,156914
31.930328369140625,156914
31.931247234344482,156914
31.93216848373413,156914
31.933091402053833,156914
31.934016227722168,156914
31.93537425994873,156914
31.936296463012695,156914
31.937216758728027,156914
31.938134908676147,156914
31.93905282020569,156914
31.940410137176514,156914
31.941328525543213,156914
31.94224762916565,156914
31.943164587020874,156914
31.944090127944946,156914
31.94500970840454,156914
31.94636344909668,156914
31.947278022766113,156914
31.948196411132812,156914
31.94911479949951,156914
31.950030088424683,156914
31.951388835906982,156914
31.95230793952942,156914
31.95322871208191,156914
31.954153776168823,156914
31.955071210861206,156914
31.956422090530396,156914
31.9573392868042,156914
31.95825743675232,156914
31.95917510986328,156914
31.96009373664856,156914
31.961008310317993,156914
31.9623601436615,156914
31.963279247283936,156914
31.96420931816101,156914
31.96512722969055,156914
31.966047763824463,156914
31.967401027679443,156914
31.96831750869751,156914
31.969232082366943,156914
31.970152854919434,156914
31.971068143844604,156914
31.972425937652588,156914
31.9733407497406,156914
31.974271774291992,156914
31.97519040107727,156914
31.976104974746704,156914
31.977024793624878,156914
31.978376388549805,156914
31.979292631149292,156914
31.98020911216736,156914
31.981131553649902,156914
31.98204755783081,156914
31.983404397964478,156914
31.984326124191284,156914
31.985246658325195,156914
31.98616600036621,156914
31.9870822429657,156914
31.98843741416931,156914
31.98935580253601,156914
31.990275621414185,156914
31.99119234085083,156914
31.992112398147583,156914
31.99302864074707,156914
31.994393587112427,156914
31.99530792236328,156914
31.996227741241455,156914
31.997146129608154,156914
31.99805974960327,156914
31.999415159225464,156914
32.00033497810364,156914
32.00125575065613,156914
32.00217366218567,156914
32.00309228897095,156914
32.00402045249939,156914
32.00537848472595,156914
32.00629472732544,156914
32.00721573829651,156914
32.008134841918945,156914
32.00905179977417,156914
32.010406255722046,156914
32.01132249832153,156914
32.012240409851074,156914
32.01315712928772,156914
32.014081954956055,156914
32.015435457229614,156914
32.01635503768921,156914
32.01727604866028,156914
32.01819729804993,156914
32.01911449432373,156914
32.02002263069153,156914
32.02137756347656,156914
32.02229380607605,156914
32.02321457862854,156914
32.0241436958313,156914
32.02505946159363,156914
32.02641248703003,156914
32.02732872962952,156914
32.02824592590332,156914
32.02916431427002,156914
32.030078649520874,156914
32.03143286705017,156914
32.03234887123108,156914
32.033268451690674,156914
32.034196615219116,156914
32.03511428833008,156914
32.03602933883667,156914
32.037384271621704,156914
32.03830313682556,156914
32.03922653198242,156914
32.04014444351196,156914
32.041062116622925,156914
32.042418241500854,156914
32.043333292007446,156914
32.04426336288452,156914
32.045182943344116,156914
32.04609942436218,156914
32.047016859054565,156914
32.048367977142334,156914
32.0492844581604,156914
32.05020356178284,156914
32.051121950149536,156914
32.05203890800476,156914
32.05339193344116,156914
32.05431604385376,156914
32.05523610115051,156914
32.05615305900574,156914
32.0570707321167,156914
32.058425426483154,156914
32.05934190750122,156914
32.06025815010071,156914
32.06117510795593,156914
32.06209063529968,156914
32.063013792037964,156914
32.064377546310425,156914
32.06529426574707,156914
32.06621503829956,156914
32.06713366508484,156914
32.06804823875427,156914
32.069403886795044,156914
32.070324182510376,156914
32.07124376296997,156914
32.072160959243774,156914
32.07307720184326,156914
32.07400417327881,156914
32.07535934448242,156914
32.076279401779175,156914
32.077197551727295,156914
32.078113317489624,156914
32.07902646064758,156914
32.080376863479614,156914
32.08129334449768,156914
32.08220982551575,156914
32.08312678337097,156914
32.084049701690674,156914
32.08540415763855,156914
32.086320877075195,156914
32.08723497390747,156914
32.0881507396698,156914
32.08906412124634,156914
32.090415239334106,156914
32.091328620910645,156914
32.09224724769592,156914
32.09316396713257,156914
32.09408378601074,156914
32.09543514251709,156914
32.096351861953735,156914
32.09726572036743,156914
32.09818458557129,156914
32.09910297393799,156914
32.100019693374634,156914
32.10137152671814,156914
32.10228705406189,156914
32.10320329666138,156914
32.104132890701294,156914
32.10504984855652,156914
32.106409788131714,156914
32.10732817649841,156914
32.10824465751648,156914
32.10916447639465,156914
32.1100800037384,156914
32.11143350601196,156914
32.112351417541504,156914
32.11327123641968,156914
32.11420249938965,156914
32.11512017250061,156914
32.11603498458862,156914
32.117390394210815,156914
32.11830687522888,156914
32.11922264099121,156914
32.12014079093933,156914
32.12105655670166,156914
32.12241077423096,156914
32.12332558631897,156914
32.12425374984741,156914
32.125173807144165,156914
32.12608861923218,156914
32.12744116783142,156914
32.12835431098938,156914
32.129273414611816,156914
32.13018774986267,156914
32.131107330322266,156914
32.13202118873596,156914
32.13337516784668,156914
32.134305238723755,156914
32.135223150253296,156914
32.13614320755005,156914
32.13706111907959,156914
32.13841676712036,156914
32.1393346786499,156914
32.1402542591095,156914
32.141172885894775,156914
32.14208912849426,156914
32.14300727844238,156914
32.14436984062195,156914
32.14528775215149,156914
32.146204710006714,156914
32.14712357521057,156914
32.14803671836853,156914
32.149391651153564,156914
32.15030598640442,156914
32.151227951049805,156914
32.15214824676514,156914
32.153064012527466,156914
32.15443229675293,156914
32.155349016189575,156914
32.15626573562622,156914
32.157182455062866,156914
32.15810036659241,156914
32.15901207923889,156914
32.1603639125824,156914
32.161277294158936,156914
32.16219663619995,156914
32.16311478614807,156914
32.16403532028198,156914
32.16539549827576,156914
32.16631245613098,156914
32.167229413986206,156914
32.16814565658569,156914
32.16906499862671,156914
32.170422077178955,156914
32.17133927345276,156914
32.17225766181946,156914
32.173182010650635,156914
32.17411136627197,156914
32.175020933151245,156914
32.17637300491333,156914
32.17729115486145,156914
32.17820715904236,156914
32.179123878479004,156914
32.18004083633423,156914
32.18139410018921,156914
32.18231248855591,156914
32.183228492736816,156914
32.184159994125366,156914
32.18507647514343,156914
32.18643307685852,156914
32.18734812736511,156914
32.18826770782471,156914
32.18918466567993,156914
32.19010019302368,156914
32.191017627716064,156914
32.19236874580383,156914
32.19328832626343,156914
32.19421458244324,156914
32.195133209228516,156914
32.196048974990845,156914
32.19740152359009,156914
32.198314905166626,156914
32.199233531951904,156914
32.2001519203186,156914
32.201069593429565,156914
32.20242476463318,156914
32.203341245651245,156914
32.2042715549469,156914
32.205188512802124,156914
32.20610690116882,156914
32.20702123641968,156914
32.20837664604187,156914
32.2092924118042,156914
32.21021103858948,156914
32.21113085746765,156914
32.21204686164856,156914
32.21340727806091,156914
32.214335680007935,156914
32.21525502204895,156914
32.216171979904175,156914
32.21708703041077,156914
32.21843862533569,156914
32.219356060028076,156914
32.22027230262756,156914
32.22118926048279,156914
32.22210693359375,156914
32.22302031517029,156914
32.22438359260559,156914
32.22529983520508,156914
32.22621965408325,156914
32.22713851928711,156914
32.22805643081665,156914
32.22940993309021,156914
32.23033022880554,156914
32.23124718666077,156914
32.23216724395752,156914
32.23308181762695,156914
32.23400616645813,156914
32.2353630065918,156914
32.23627948760986,156914
32.2371985912323,156914
32.23811674118042,156914
32.23903226852417,156914
32.24038314819336,156914
32.24130129814148,156914
32.242218255996704,156914
32.24313759803772,156914
32.24406147003174,156914
32.24541926383972,156914
32.24633502960205,156914
32.24725413322449,156914
32.248173236846924,156914
32.24908685684204,156914
32.250003814697266,156914
32.25135684013367,156914
32.252275705337524,156914
32.25319314002991,156914
32.25412583351135,156914
32.255043506622314,156914
32.256399631500244,156914
32.25731658935547,156914
32.25823640823364,156914
32.259156227111816,156914
32.260071754455566,156914
32.26142716407776,156914
32.26234292984009,156914
32.263259172439575,156914
32.26418709754944,156914
32.265103578567505,156914
32.266018867492676,156914
32.26736855506897,156914
32.26828145980835,156914
32.269203424453735,156914
32.270124673843384,156914
32.271039962768555,156914
32.27239465713501,156914
32.27331066131592,156914
32.274240255355835,156914
32.2751567363739,156914
32.27607607841492,156914
32.27742552757263,156914
32.27834129333496,156914
32.27925753593445,156914
32.28017497062683,156914
32.281089305877686,156914
32.282007455825806,156914
32.28336024284363,156914
32.284290075302124,156914
32.28520750999451,156914
32.2861225605011,156914
32.28703451156616,156914
32.288384437561035,156914
32.28930115699768,156914
32.290218353271484,156914
32.291139125823975,156914
32.292054891586304,156914
32.29341101646423,156914
32.29433536529541,156914
32.29525709152222,156914
32.296170473098755,156914
32.29708409309387,156914
32.29843330383301,156914
32.29934906959534,156914
32.30026602745056,156914
32.30118274688721,156914
32.30209970474243,156914
32.30301380157471,156914
32.30437207221985,156914
32.3052864074707,156914
32.30620503425598,156914
32.30712032318115,156914
32.30803298950195,156914
32.30938649177551,156914
32.31030321121216,156914
32.311222076416016,156914
32.31213641166687,156914
32.31305289268494,156914
32.314417123794556,156914
32.31533336639404,156914
32.31625270843506,156914
32.31717228889465,156914
32.31808662414551,156914
32.31944251060486,156914
32.32035779953003,156914
32.32127499580383,156914
32.32219648361206,156914
32.32311463356018,156914
32.32403826713562,156914
32.32539105415344,156914
32.326308488845825,156914
32.327226638793945,156914
32.328144788742065,156914
32.329060792922974,156914
32.3304181098938,156914
32.33133625984192,156914
32.332253217697144,156914
32.33317279815674,156914
32.3341019153595,156914
32.335015296936035,156914
32.33636808395386,156914
32.3372859954834,156914
32.33819937705994,156914
32.339115381240845,156914
32.340030670166016,156914
32.34138464927673,156914
32.34230089187622,156914
32.34322381019592,156914
32.344151973724365,156914
32.34506583213806,156914
32.34641790390015,156914
32.347336530685425,156914
32.348252058029175,156914
32.34916687011719,156914
32.35008358955383,156914
32.35143494606018,156914
32.35235142707825,156914
32.35326552391052,156914
32.354193687438965,156914
32.35510754585266,156914
32.3560209274292,156914
32.3573739528656,156914
32.35828948020935,156914
32.3592095375061,156914
32.360127449035645,156914
32.3610475063324,156914
32.36240100860596,156914
32.363317012786865,156914
32.3642475605011,156914
32.36516571044922,156914
32.36608123779297,156914
32.36743187904358,156914
32.36834788322449,156914
32.369264364242554,156914
32.37018179893494,156914
32.37109732627869,156914
32.372013568878174,156914
32.37336301803589,156914
32.374295234680176,156914
32.37521243095398,156914
32.37613272666931,156914
32.37704920768738,156914
32.37840151786804,156914
32.37931537628174,156914
32.38023591041565,156914
32.38115668296814,156914
32.382073640823364,156914
32.383426666259766,156914
32.384350538253784,156914
32.38526916503906,156914
32.386183738708496,156914
32.38709998130798,156914
32.38801407814026,156914
32.389363527297974,156914
32.390278577804565,156914
32.39119505882263,156914
32.39211416244507,156914
32.393027782440186,156914
32.39439129829407,156914
32.39530920982361,156914
32.39622640609741,156914
32.397144079208374,156914
32.3980553150177,156914
32.399412870407104,156914
32.400331258773804,156914
32.4012496471405,156914
32.40217065811157,156914
32.4030876159668,156914
32.40400815010071,156914
32.40536308288574,156914
32.40627956390381,156914
32.40719771385193,156914
32.40811467170715,156914
32.40903043746948,156914
32.41037964820862,156914
32.411295652389526,156914
32.41221475601196,156914
32.413132667541504,156914
32.41405701637268,156914
32.415411949157715,156914
32.41632580757141,156914
32.417243003845215,156914
32.41816020011902,156914
32.4190731048584,156914
32.42042946815491,156914
32.421345710754395,156914
32.422260761260986,156914
32.42317748069763,156914
32.42410469055176,156914
32.425020933151245,156914
32.426371574401855,156914
32.42728781700134,156914
32.428205490112305,156914
32.42912006378174,156914
32.43003821372986,156914
32.43139290809631,156914
32.43230700492859,156914
32.43322563171387,156914
32.43415451049805,156914
32.43507146835327,156914
32.43642854690552,156914
32.4373459815979,156914
32.438265800476074,156914
32.439186096191406,156914
32.44010257720947,156914
32.441014766693115,156914
32.4423668384552,156914
32.44328498840332,156914
32.4442138671875,156914
32.44513249397278,156914
32.44605112075806,156914
32.44740295410156,156914
32.44832229614258,156914
32.44924020767212,156914
32.450159311294556,156914
32.45107579231262,156914
32.45242953300476,156914
32.453346252441406,156914
32.454277992248535,156914
32.45519828796387,156914
32.456114053726196,156914
32.45703411102295,156914
32.45838665962219,156914
32.45930314064026,156914
32.460217237472534,156914
32.46113419532776,156914
32.46204710006714,156914
32.46340203285217,156914
32.46432709693909,156914
32.46525025367737,156914
32.46616792678833,156914
32.46708536148071,156914
32.46800351142883,156914
32.46935844421387,156914
32.470276832580566,156914
32.47119402885437,156914
32.472113847732544,156914
32.47302842140198,156914
32.47439742088318,156914
32.475311279296875,156914
32.47623062133789,156914
32.4771466255188,156914
32.47806096076965,156914
32.47941613197327,156914
32.480331897735596,156914
32.481250286102295,156914
32.48217058181763,156914
32.48308849334717,156914
32.48401379585266,156914
32.48536992073059,156914
32.486284494400024,156914
32.48720169067383,156914
32.48811745643616,156914
32.48903131484985,156914
32.490386962890625,156914
32.4913055896759,156914
32.49222493171692,156914
32.49314522743225,156914
32.49407362937927,156914
32.495423793792725,156914
32.49634027481079,156914
32.49725914001465,156914
32.498178243637085,156914
32.49909591674805,156914
32.5000114440918,156914
32.501365423202515,156914
32.50227904319763,156914
32.503201484680176,156914
32.50412893295288,156914
32.50504493713379,156914
32.506422996520996,156914
32.50734186172485,156914
32.50826072692871,156914
32.509180784225464,156914
32.51009559631348,156914
32.511009216308594,156914
32.512362003326416,156914
32.51327919960022,156914
32.514206886291504,156914
32.515125036239624,156914
32.51603984832764,156914
32.51739001274109,156914
32.51830458641052,156914
32.51922297477722,156914
32.52014231681824,156914
32.521061420440674,156914
32.52241849899292,156914
32.52333450317383,156914
32.52426290512085,156914
32.52518367767334,156914
32.52610373497009,156914
32.527021169662476,156914
32.528374910354614,156914
32.52929162979126,156914
32.530210971832275,156914
32.53113055229187,156914
32.53204393386841,156914
32.533395767211914,156914
32.53432106971741,156914
32.53524112701416,156914
32.53616118431091,156914
32.5370774269104,156914
32.5384361743927,156914
32.5393545627594,156914
32.54027462005615,156914
32.54119277000427,156914
32.54211187362671,156914
32.543028116226196,156914
32.5443959236145,156914
32.54531168937683,156914
32.54623079299927,156914
32.54715061187744,156914
32.54806470870972,156914
32.54942274093628,156914
32.550339698791504,156914
32.551257610321045,156914
32.55217695236206,156914
32.553096294403076,156914
32.5540246963501,156914
32.555381536483765,156914
32.55629539489746,156914
32.557212829589844,156914
32.55813431739807,156914
32.55905079841614,156914
32.560407876968384,156914
32.56132435798645,156914
32.56224226951599,156914
32.56316113471985,156914
32.56408667564392,156914
32.56500506401062,156914
32.56635761260986,156914
32.5672767162323,156914
32.568196296691895,156914
32.569117069244385,156914
32.57002925872803,156914
32.571383237838745,156914
32.57229948043823,156914
32.57321810722351,156914
32.57414650917053,156914
32.5750687122345,156914
32.57642459869385,156914
32.57734251022339,156914
32.578261375427246,156914
32.57918310165405,156914
32.58009910583496,156914
32.581015825271606,156914
32.58236742019653,156914
32.58328366279602,156914
32.58421468734741,156914
32.5851309299469,156914
32.58605098724365,156914
32.58740472793579,156914
32.588321924209595,156914
32.58924055099487,156914
32.5901620388031,156914
32.59107995033264,156914
32.59243988990784,156914
32.59335398674011,156914
32.594281911849976,156914
32.59520244598389,156914
32.59612202644348,156914
32.59703707695007,156914
32.59839367866516,156914
32.5993115901947,156914
32.60023021697998,156914
32.60115170478821,156914
32.60206699371338,156914
32.60342264175415,156914
32.60434675216675,156914
32.60526752471924,156914
32.60618472099304,156914
32.60710406303406,156914
32.6080207824707,156914
32.609373331069946,156914
32.61029243469238,156914
32.61121225357056,156914
32.612130880355835,156914
32.6130485534668,156914
32.614415407180786,156914
32.61533212661743,156914
32.61625051498413,156914
32.61717247962952,156914
32.61809158325195,156914
32.61901307106018,156914
32.620365381240845,156914
32.62128233909607,156914
32.62219977378845,156914
32.62311935424805,156914
32.62403917312622,156914
32.62539792060852,156914
32.62631392478943,156914
32.6272349357605,156914
32.62815499305725,156914
32.629069805145264,156914
32.63042712211609,156914
32.63134503364563,156914
32.632264852523804,156914
32.63318419456482,156914
32.634111404418945,156914
32.635030031204224,156914
32.63638615608215,156914
32.637300968170166,156914
32.63822031021118,156914
32.63914346694946,156914
32.640058517456055,156914
32.641417026519775,156914
32.64233374595642,156914
32.64325189590454,156914
32.64418125152588,156914
32.6450982093811,156914
32.646015644073486,156914
32.64736866950989,156914
32.64828586578369,156914
32.64920520782471,156914
32.65012192726135,156914
32.65103793144226,156914
32.6523916721344,156914
32.65330624580383,156914
32.65423560142517,156914
32.65515160560608,156914
32.65607166290283,156914
32.65742325782776,156914
32.658339977264404,156914
32.65926218032837,156914
32.66018223762512,156914
32.66110157966614,156914
32.662014961242676,156914
32.663371324539185,156914
32.66430044174194,156914
32.66522002220154,156914
32.66613698005676,156914
32.66705656051636,156914
32.66840934753418,156914
32.66933012008667,156914
32.67025065422058,156914
32.67117261886597,156914
32.672093629837036,156914
32.67301058769226,156914
32.67437410354614,156914
32.67529630661011,156914
32.67621636390686,156914
32.67713379859924,156914
32.678051471710205,156914
32.67940831184387,156914
32.68033051490784,156914
32.681252241134644,156914
32.68217182159424,156914
32.68308925628662,156914
32.68401312828064,156914
32.68536925315857,156914
32.68628692626953,156914
32.6872034072876,156914
32.68812012672424,156914
32.68903684616089,156914
32.690390825271606,156914
32.69130611419678,156914
32.69222402572632,156914
32.69314479827881,156914
32.69406867027283,156914
32.6954243183136,156914
32.696340799331665,156914
32.69725966453552,156914
32.69817638397217,156914
32.69909071922302,156914
32.70000743865967,156914
32.70136260986328,156914
32.7022807598114,156914
32.70319962501526,156914
32.70413041114807,156914
32.705047369003296,156914
32.70639991760254,156914
32.70731782913208,156914
32.70823645591736,156914
32.7091588973999,156914
32.71007299423218,156914
32.71142864227295,156914
32.712345361709595,156914
32.713266372680664,156914
32.71419668197632,156914
32.71511483192444,156914
32.71602940559387,156914
32.717384338378906,156914
32.718318462371826,156914
32.71924042701721,156914
32.72016000747681,156914
32.72107267379761,156914
32.72242593765259,156914
32.72334051132202,156914
32.72426700592041,156914
32.72518515586853,156914
32.72610640525818,156914
32.727023124694824,156914
32.72837972640991,156914
32.72929406166077,156914
32.73022770881653,156914
32.731146574020386,156914
32.73206043243408,156914
32.733412742614746,156914
32.73433971405029,156914
32.73526191711426,156914
32.736181020736694,156914
32.737101554870605,156914
32.738017320632935,156914
32.73937129974365,156914
32.74029064178467,156914
32.741209506988525,156914
32.742127418518066,156914
32.743040800094604,156914
32.74440670013428,156914
32.7453236579895,156914
32.746238708496094,156914
32.747156620025635,156914
32.748069524765015,156914
32.749425649642944,156914
32.75034189224243,156914
32.75125694274902,156914
32.75217628479004,156914
32.753095388412476,156914
32.75401997566223,156914
32.755377769470215,156914
32.756295680999756,156914
32.75721621513367,156914
32.7581353187561,156914
32.75905156135559,156914
32.760406732559204,156914
32.761324405670166,156914
32.762242794036865,156914
32.76316523551941,156914
32.76409196853638,156914
32.765007734298706,156914
32.7663676738739,156914
32.76729083061218,156914
32.76820969581604,156914
32.7691285610199,156914
32.77004551887512,156914
32.77140140533447,156914
32.772318840026855,156914
32.77323389053345,156914
32.774165630340576,156914
32.775081396102905,156914
32.77644157409668,156914
32.77735710144043,156914
32.77827858924866,156914
32.77919936180115,156914
32.780118227005005,156914
32.78103685379028,156914
32.782392501831055,156914
32.78330898284912,156914
32.784239053726196,156914
32.78515815734863,156914
32.786073446273804,156914
32.787428855895996,156914
32.7883460521698,156914
32.78926491737366,156914
32.79018187522888,156914
32.79109740257263,156914
32.79201555252075,156914
32.793365716934204,156914
32.794294595718384,156914
32.79521036148071,156914
32.7961311340332,156914
32.797046184539795,156914
32.798402309417725,156914
32.799317836761475,156914
32.80023813247681,156914
32.80115818977356,156914
32.802075147628784,156914
32.80342960357666,156914
32.804354190826416,156914
32.805277824401855,156914
32.8061957359314,156914
32.80711007118225,156914
32.80802583694458,156914
32.809377908706665,156914
32.810293436050415,156914
32.81121230125427,156914
32.81213402748108,156914
32.813050508499146,156914
32.81442070007324,156914
32.815337896347046,156914
32.81625580787659,156914
32.817174196243286,156914
32.81809377670288,156914
32.81900906562805,156914
32.82036113739014,156914
32.82128167152405,156914
32.822202920913696,156914
32.823124170303345,156914
32.824050426483154,156914
32.82540535926819,156914
32.82632350921631,156914
32.82724475860596,156914
32.828160762786865,156914
32.82907819747925,156914
32.83043313026428,156914
32.83135008811951,156914
32.832268714904785,156914
32.83318853378296,156914
32.834115982055664,156914
32.835031270980835,156914
32.83638882637024,156914
32.83730602264404,156914
32.83822417259216,156914
32.83914494514465,156914
32.84005880355835,156914
32.84141206741333,156914
32.842328786849976,156914
32.84324860572815,156914
32.84418034553528,156914
32.84509539604187,156914
32.84601283073425,156914
32.847368478775024,156914
32.84828543663025,156914
32.849204301834106,156914
32.850122690200806,156914
32.8510377407074,156914
32.85238695144653,156914
32.853304862976074,156914
32.854235887527466,156914
32.85515332221985,156914
32.85607099533081,156914
32.8574275970459,156914
32.858341455459595,156914
32.85926151275635,156914
32.86017847061157,156914
32.86109662055969,156914
32.86201500892639,156914
32.86336827278137,156914
32.864296197891235,156914
32.86521625518799,156914
32.86613655090332,156914
32.86705160140991,156914
32.86840629577637,156914
32.86932134628296,156914
32.87024116516113,156914
32.87116098403931,156914
32.87207388877869,156914
32.87342667579651,156914
32.874351501464844,156914
32.875269174575806,156914
32.876187801361084,156914
32.87710499763489,156914
32.87802052497864,156914
32.87937021255493,156914
32.880287647247314,156914
32.88120722770691,156914
32.88212609291077,156914
32.88304090499878,156914
32.884403705596924,156914
32.88531732559204,156914
32.886236906051636,156914
32.88715410232544,156914
32.88806772232056,156914
32.88942193984985,156914
32.890339612960815,156914
32.891258239746094,156914
32.89217734336853,156914
32.89309310913086,156914
32.894017696380615,156914
32.895371437072754,156914
32.89629316329956,156914
32.89720869064331,156914
32.898128032684326,156914
32.89904427528381,156914
32.90039777755737,156914
32.90131425857544,156914
32.90223217010498,156914
32.90315318107605,156914
32.90407466888428,156914
32.90543246269226,156914
32.90634560585022,156914
32.90726375579834,156914
32.908182859420776,156914
32.90910029411316,156914
32.910017013549805,156914
32.91137146949768,156914
32.91229009628296,156914
32.91320753097534,156914
32.914140701293945,156914
32.91505813598633,156914
32.91641354560852,156914
32.917327880859375,156914
32.918246269226074,156914
32.919166803359985,156914
32.920082330703735,156914
32.92143678665161,156914
32.92235469818115,156914
32.923274517059326,156914
32.92420268058777,156914
32.92511868476868,156914
32.92603778839111,156914
32.927393198013306,156914
32.928309202194214,156914
32.929232120513916,156914
32.930150508880615,156914
32.93106436729431,156914
32.93242049217224,156914
32.93333864212036,156914
32.934268951416016,156914
32.93518662452698,156914
32.93610644340515,156914
32.93702292442322,156914
32.93837642669678,156914
32.93929624557495,156914
32.94021725654602,156914
32.941139221191406,156914
32.94205617904663,156914
32.94340991973877,156914
32.94433951377869,156914
32.94525933265686,156914
32.94617581367493,156914
32.94709753990173,156914
32.94801640510559,156914
32.94937252998352,156914
32.95029044151306,156914
32.9512095451355,156914
32.95212984085083,156914
32.95304298400879,156914
32.95440936088562,156914
32.95532584190369,156914
32.956246852874756,156914
32.95716667175293,156914
32.958086013793945,156914
32.959004402160645,156914
32.960360050201416,156914
32.96127772331238,156914
32.96220135688782,156914
32.96312141418457,156914
32.96404457092285,156914
32.96540188789368,156914
32.96632146835327,156914
32.9672417640686,156914
32.968162298202515,156914
32.969080448150635,156914
32.97043442726135,156914
32.971354484558105,156914
32.972270488739014,156914
32.97319269180298,156914
32.97412300109863,156914
32.97503590583801,156914
32.97638940811157,156914
32.97730588912964,156914
32.97822570800781,156914
32.97914409637451,156914
32.980061054229736,156914
32.98141860961914,156914
32.98233604431152,156914
32.98325228691101,156914
32.984182596206665,156914
32.98510146141052,156914
32.98601508140564,156914
32.9873685836792,156914
32.9882869720459,156914
32.98920464515686,156914
32.99012231826782,156914
32.99103665351868,156914
32.99239635467529,156914
32.99331021308899,156914
32.994240045547485,156914
32.995158433914185,156914
32.996073961257935,156914
32.99742889404297,156914
32.99834394454956,156914
32.999263525009155,156914
33.000184774398804,156914
33.00110459327698,156914
33.00202751159668,156914
33.003382444381714,156914
33.00430774688721,156914
33.005228996276855,156914
33.00614666938782,156914
33.00706219673157,156914
33.008416175842285,156914
33.0093309879303,156914
33.010250091552734,156914
33.01116967201233,156914
33.012084007263184,156914
33.01300525665283,156914
33.014368772506714,156914
33.01529288291931,156914
33.016212940216064,156914
33.01713252067566,156914
33.018049001693726,156914
33.01940870285034,156914
33.020323514938354,156914
33.021241903305054,156914
33.022162199020386,156914
33.02307677268982,156914
33.024005651474,156914
33.02536106109619,156914
33.02627944946289,156914
33.02719521522522,156914
33.0281138420105,156914
33.029032707214355,156914
33.030394315719604,156914
33.03131079673767,156914
33.03223180770874,156914
33.03315186500549,156914
33.03407621383667,156914
33.03542876243591,156914
33.0363450050354,156914
33.03726387023926,156914
33.0381805896759,156914
33.039100646972656,156914
33.0400173664093,156914
33.04137587547302,156914
33.042293310165405,156914
33.04321265220642,156914
33.04414129257202,156914
33.045058250427246,156914
33.04641389846802,156914
33.047330379486084,156914
33.048251152038574,156914
33.04916954040527,156914
33.050086975097656,156914
33.05100464820862,156914
33.05235981941223,156914
33.05327868461609,156914
33.05420684814453,156914
33.055126905441284,156914
33.056044816970825,156914
33.05740165710449,156914
33.058318853378296,156914
33.05924129486084,156914
33.060160398483276,156914
33.061078786849976,156914
33.06243705749512,156914
33.06335258483887,156914
33.064279079437256,156914
33.06520128250122,156914
33.066120862960815,156914
33.06703543663025,156914
33.068389892578125,156914
33.06930708885193,156914
33.070231914520264,156914
33.07115364074707,156914
33.072070837020874,156914
33.07342720031738,156914
33.074355363845825,156914
33.07527160644531,156914
33.07619524002075,156914
33.07711744308472,156914
33.07803130149841,156914
33.079386472702026,156914
33.08030676841736,156914
33.081225633621216,156914
33.08214807510376,156914
33.083067893981934,156914
33.08443641662598,156914
33.08535170555115,156914
33.08626937866211,156914
33.08719277381897,156914
33.08811116218567,156914
33.08902335166931,156914
33.09037637710571,156914
33.091296911239624,156914
33.09221267700195,156914
33.09312582015991,156914
33.09404945373535,156914
33.09540390968323,156914
33.09632587432861,156914
33.097243547439575,156914
33.09816265106201,156914
33.09907937049866,156914
33.10043525695801,156914
33.10135197639465,156914
33.102272510528564,156914
33.103193044662476,156914
33.10412263870239,156914
33.105042695999146,156914
33.10640048980713,156914
33.107316732406616,156914
33.108476638793945,156914
33.10931587219238,156914
33.110140800476074,156914
33.11174273490906,156914
33.112573862075806,156914
33.11340403556824,156914
33.11424231529236,156914
33.11506962776184,156914
33.116666078567505,156914
33.11749458312988,156914
33.118324518203735,156914
33.119152545928955,156914
33.12076020240784,156914
33.12159299850464,156914
33.122424364089966,156914
33.12325644493103,156914
33.12409234046936,156914
33.12568283081055,156914
33.12651753425598,156914
33.12734937667847,156914
33.12817883491516,156914
33.12901067733765,156914
33.130600929260254,156914
33.13143181800842,156914
33.13225984573364,156914
33.13309073448181,156914
33.13469481468201,156914
33.13552689552307,156914
33.136356830596924,156914
33.137190103530884,156914
33.13801884651184,156914
33.139607429504395,156914
33.14044237136841,156914
33.14127063751221,156914
33.14209723472595,156914
33.14369583129883,156914
33.14453482627869,156914
33.14536714553833,156914
33.14619755744934,156914
33.14703178405762,156914
33.14862298965454,156914
33.1494562625885,156914
33.15028667449951,156914
33.15111017227173,156914
33.15270709991455,156914
33.153536796569824,156914
33.15437436103821,156914
33.15520095825195,156914
33.156036138534546,156914
33.15762805938721,156914
33.15845847129822,156914
33.15929055213928,156914
33.16011333465576,156914
33.161712408065796,156914
33.16254496574402,156914
33.1633837223053,156914
33.16421556472778,156914
33.165050983428955,156914
33.16664481163025,156914
33.167476654052734,156914
33.16830539703369,156914
33.16913414001465,156914
33.170729637145996,156914
33.17155909538269,156914
33.17239212989807,156914
33.173219442367554,156914
33.174062728881836,156914
33.17565417289734,156914
33.17648196220398,156914
33.17731070518494,156914
33.17814111709595,156914
33.179738998413086,156914
33.180569648742676,156914
33.18140172958374,156914
33.182230710983276,156914
33.18305683135986,156914
33.184664249420166,156914
33.18549299240112,156914
33.18632698059082,156914
33.18715763092041,156914
33.1887571811676,156914
33.189587116241455,156914
33.19041681289673,156914
33.191242933273315,156914
33.192076683044434,156914
33.19366955757141,156914
33.194509506225586,156914
33.19534254074097,156914
33.196166038513184,156914
33.197768449783325,156914
33.198599338531494,156914
33.19943118095398,156914
33.20026183128357,156914
33.201091289520264,156914
33.20268249511719,156914
33.20351552963257,156914
33.2043559551239,156914
33.20518374443054,156914
33.206010818481445,156914
33.207603931427,156914
33.20843553543091,156914
33.209264516830444,156914
33.21009850502014,156914
33.211692094802856,156914
33.21252393722534,156914
33.21336030960083,156914
33.214192628860474,156914
33.215025901794434,156914
33.21661901473999,156914
33.21744966506958,156914
33.21828365325928,156914
33.2191059589386,156914
33.22070264816284,156914
33.22153115272522,156914
33.222365379333496,156914
33.22319269180298,156914
33.22403621673584,156914
33.22563099861145,156914
33.22645807266235,156914
33.227288007736206,156914
33.228113651275635,156914
33.22970533370972,156914
33.23053240776062,156914
33.231364488601685,156914
33.2321937084198,156914
33.233030557632446,156914
33.23462724685669,156914
33.23545837402344,156914
33.23628830909729,156914
33.23711133003235,156914
33.23870587348938,156914
33.239532709121704,156914
33.240365982055664,156914
33.24119591712952,156914
33.242027759552,156914
33.24362373352051,156914
33.244467973709106,156914
33.24529218673706,156914
33.24612236022949,156914
33.24772548675537,156914
33.248554706573486,156914
33.24938130378723,156914
33.25021004676819,156914
33.25104594230652,156914
33.25263452529907,156914
33.25346755981445,156914
33.25430393218994,156914
33.25512623786926,156914
33.256726026535034,156914
33.257559299468994,156914
33.25838303565979,156914
33.259209632873535,156914
33.26004338264465,156914
33.261637926101685,156914
33.262468099594116,156914
33.263301372528076,156914
33.26414108276367,156914
33.26574444770813,156914
33.26657557487488,156914
33.267409324645996,156914
33.26824069023132,156914
33.26906418800354,156914
33.27065372467041,156914
33.27149033546448,156914
33.2723171710968,156914
33.273146867752075,156914
33.27475905418396,156914
33.275588274002075,156914
33.276418685913086,156914
33.277246952056885,156914
33.27808117866516,156914
33.27967309951782,156914
33.280503273010254,156914
33.281336069107056,156914
33.282158613204956,156914
33.283759117126465,156914
33.28459882736206,156914
33.28542494773865,156914
33.2862594127655,156914
33.2870831489563,156914
33.28868293762207,156914
33.28951144218445,156914
33.29034471511841,156914
33.291173458099365,156914
33.29277062416077,156914
33.29360270500183,156914
33.2944438457489,156914
33.295278549194336,156914
33.296104431152344,156914
33.29769778251648,156914
33.29852533340454,156914
33.299357175827026,156914
33.30018329620361,156914
33.30101680755615,156914
33.30260992050171,156914
33.303439140319824,156914
33.30427813529968,156914
33.30510687828064,156914
33.306705951690674,156914
33.30753755569458,156914
33.308369159698486,156914
33.3091938495636,156914
33.310030460357666,156914
33.31161975860596,156914
33.31244921684265,156914
33.313284158706665,156914
33.31411623954773,156914
33.31571125984192,156914
33.31654238700867,156914
33.317376375198364,156914
33.31820750236511,156914
33.3190336227417,156914
33.32063698768616,156914
33.32146644592285,156914
33.32229804992676,156914
33.32312631607056,156914
33.32473063468933,156914
33.32556200027466,156914
33.32639718055725,156914
33.32722353935242,156914
33.32805371284485,156914
33.32964468002319,156914
33.33047699928284,156914
33.33130860328674,156914
33.33214211463928,156914
33.333738565444946,156914
33.33457684516907,156914
33.33540940284729,156914
33.336236238479614,156914
33.33707046508789,156914
33.33866620063782,156914
33.33949661254883,156914
33.340330362319946,156914
33.34115481376648,156914
33.34275770187378,156914
33.34359002113342,156914
33.34443187713623,156914
33.345263719558716,156914
33.346091985702515,156914
33.34768557548523,156914
33.3485107421875,156914
33.34934711456299,156914
33.350175857543945,156914
33.351006507873535,156914
33.35259532928467,156914
33.35342764854431,156914
33.35426712036133,156914
33.355087757110596,156914
33.35668420791626,156914
33.357510805130005,156914
33.358343839645386,156914
33.35917115211487,156914
33.36077380180359,156914
33.36160469055176,156914
33.36243462562561,156914
33.36326766014099,156914
33.364102363586426,156914
33.36569833755493,156914
33.366527795791626,156914
33.36736059188843,156914
33.368184328079224,156914
33.36901783943176,156914
33.370609998703,156914
33.371442556381226,156914
33.372276306152344,156914
33.37309908866882,156914
33.37470507621765,156914
33.37553668022156,156914
33.37636590003967,156914
33.37719249725342,156914
33.378029108047485,156914
33.37961483001709,156914
33.38044500350952,156914
33.381277322769165,156914
33.38210201263428,156914
33.38369631767273,156914
33.38453531265259,156914
33.38536500930786,156914
33.386192321777344,156914
33.38702845573425,156914
33.38861560821533,156914
33.3894476890564,156914
33.39027762413025,156914
33.391106367111206,156914
33.392704486846924,156914
33.39353632926941,156914
33.394378423690796,156914
33.39520049095154,156914
33.39603400230408,156914
33.39762854576111,156914
33.398459672927856,156914
33.399290561676025,156914
33.40011954307556,156914
33.401713848114014,156914
33.40254783630371,156914
33.403377294540405,156914
33.404212951660156,156914
33.405046224594116,156914
33.40663957595825,156914
33.407472372055054,156914
33.40830373764038,156914
33.40912938117981,156914
33.4107301235199,156914
33.41155743598938,156914
33.412386894226074,156914
33.41321921348572,156914
33.41405773162842,156914
33.415648221969604,156914
33.41648268699646,156914
33.41731119155884,156914
33.41813778877258,156914
33.41974186897278,156914
33.420570850372314,156914
33.421403646469116,156914
33.422231912612915,156914
33.42306709289551,156914
33.42467212677002,156914
33.425504207611084,156914
33.426337242126465,156914
33.427162647247314,156914
33.428762435913086,156914
33.42958641052246,156914
33.430418252944946,156914
33.43124842643738,156914
33.432071685791016,156914
33.43366980552673,156914
33.43450975418091,156914
33.4353404045105,156914
33.43617248535156,156914
33.43777060508728,156914
33.438600063323975,156914
33.43942928314209,156914
33.440258264541626,156914
33.44109034538269,156914
33.442681312561035,156914
33.44350981712341,156914
33.44435238838196,156914
33.4451789855957,156914
33.446012020111084,156914
33.44760274887085,156914
33.44843316078186,156914
33.4492621421814,156914
33.4500937461853,156914
33.45168709754944,156914
33.45252227783203,156914
33.453351736068726,156914
33.454184770584106,156914
33.455018281936646,156914
33.45660972595215,156914
33.457439661026,156914
33.45827078819275,156914
33.45909357070923,156914
33.460689306259155,156914
33.46151781082153,156914
33.462350606918335,156914
33.463176012039185,156914
33.46401643753052,156914
33.465609550476074,156914
33.466437578201294,156914
33.46727108955383,156914
33.468098163604736,156914
33.46969246864319,156914
33.47052216529846,156914
33.47135400772095,156914
33.472179889678955,156914
33.47300982475281,156914
33.474615812301636,156914
33.475446462631226,156914
33.47627353668213,156914
33.47710657119751,156914
33.47869515419006,156914
33.47952747344971,156914
33.48035931587219,156914
33.48118734359741,156914
33.48202180862427,156914
33.483614921569824,156914
33.48445415496826,156914
33.48528552055359,156914
33.48610854148865,156914
33.4877073764801,156914
33.48853540420532,156914
33.48936986923218,156914
33.49019694328308,156914
33.49102425575256,156914
33.49261689186096,156914
33.49345016479492,156914
33.494292974472046,156914
33.495121479034424,156914
33.49671292304993,156914
33.497541427612305,156914
33.4983766078949,156914
33.499204874038696,156914
33.5000422000885,156914
33.50163221359253,156914
33.5024676322937,156914
33.50329923629761,156914
33.50413393974304,156914
33.50573682785034,156914
33.50656867027283,156914
33.50740027427673,156914
33.50822687149048,156914
33.50906157493591,156914
33.51065492630005,156914
33.51148557662964,156914
33.51232099533081,156914
33.51314616203308,156914
33.514756202697754,156914
33.515589237213135,156914
33.51641774177551,156914
33.51724815368652,156914
33.5180766582489,156914
33.51966571807861,156914
33.520490884780884,156914
33.52132058143616,156914
33.52214956283569,156914
33.52374720573425,156914
33.524588108062744,156914
33.52542042732239,156914
33.526254415512085,156914
33.52708292007446,156914
33.528674364089966,156914
33.5295045375824,156914
33.530338525772095,156914
33.531166315078735,156914
33.532764196395874,156914
33.53359532356262,156914
33.53443622589111,156914
33.53526568412781,156914
33.53609776496887,156914
33.537689447402954,156914
33.5385205745697,156914
33.53935146331787,156914
33.540175437927246,156914
33.54100942611694,156914
33.5426025390625,156914
33.54343295097351,156914
33.544270515441895,156914
33.54509902000427,156914
33.54669117927551,156914
33.547523498535156,156914
33.54835271835327,156914
33.549180030822754,156914
33.55001354217529,156914
33.55160641670227,156914
33.552438259124756,156914
33.553268909454346,156914
33.55410599708557,156914
33.5557017326355,156914
33.55653190612793,156914
33.55736255645752,156914
33.55819010734558,156914
33.55902886390686,156914
33.560616970062256,156914
33.56144857406616,156914
33.56227946281433,156914
33.56310510635376,156914
33.564712047576904,156914
33.565542459487915,156914
33.566375732421875,156914
33.56719994544983,156914
33.568034172058105,156914
33.56962585449219,156914
33.57045841217041,156914
33.571287870407104,156914
33.57211518287659,156914
33.57371115684509,156914
33.57454872131348,156914
33.57538294792175,156914
33.57620811462402,156914
33.577043533325195,156914
33.57863926887512,156914
33.579468727111816,156914
33.58030104637146,156914
33.581132650375366,156914
33.58273458480835,156914
33.58356261253357,156914
33.584405183792114,156914
33.58523917198181,156914
33.586066246032715,156914
33.58765745162964,156914
33.58849120140076,156914
33.58932638168335,156914
33.590155839920044,156914
33.59174847602844,156914
33.592578172683716,156914
33.59341239929199,156914
33.594250440597534,156914
33.59507703781128,156914
33.5966694355011,156914
33.59750318527222,156914
33.59833645820618,156914
33.59917211532593,156914
33.60076951980591,156914
33.60159659385681,156914
33.602426290512085,156914
33.603256702423096,156914
33.60409665107727,156914
33.60568690299988,156914
33.60651779174805,156914
33.60734963417053,156914
33.60817503929138,156914
33.609007596969604,156914
33.610594511032104,156914
33.6114239692688,156914
33.61225461959839,156914
33.613078594207764,156914
33.614686250686646,156914
33.615517377853394,156914
33.61634612083435,156914
33.61717629432678,156914
33.61877465248108,156914
33.61960506439209,156914
33.62043642997742,156914
33.621269941329956,156914
33.62209415435791,156914
33.62369179725647,156914
33.624531269073486,156914
33.62536334991455,156914
33.62619066238403,156914
33.627018213272095,156914
33.62861490249634,156914
33.62944412231445,156914
33.63027238845825,156914
33.63110280036926,156914
33.63270115852356,156914
33.63353252410889,156914
33.63437366485596,156914
33.63520383834839,156914
33.63603591918945,156914
33.63763093948364,156914
33.63846254348755,156914
33.63929533958435,156914
33.64012050628662,156914
33.64171266555786,156914
33.64254355430603,156914
33.64337778091431,156914
33.64421033859253,156914
33.6450457572937,156914
33.64663648605347,156914
33.64747095108032,156914
33.64830040931702,156914
33.649125814437866,156914
33.65072989463806,156914
33.65156078338623,156914
33.652395725250244,156914
33.653226375579834,156914
33.65406608581543,156914
33.65565490722656,156914
33.656489849090576,156914
33.65731859207153,156914
33.65814208984375,156914
33.65974426269531,156914
33.660576820373535,156914
33.6614089012146,156914
33.66223621368408,156914
33.66307282447815,156914
33.66467642784119,156914
33.665507555007935,156914
33.66633987426758,156914
33.66716933250427,156914
33.66876721382141,156914
33.669594287872314,156914
33.670424699783325,156914
33.67125654220581,156914
33.67208433151245,156914
33.67368030548096,156914
33.67452335357666,156914
33.675352573394775,156914
33.676180362701416,156914
33.677008390426636,156914
33.678601026535034,156914
33.67942976951599,156914
33.68026423454285,156914
33.68109107017517,156914
33.682684659957886,156914
33.68351697921753,156914
33.6843581199646,156914
33.685184478759766,156914
33.68601751327515,156914
33.6876118183136,156914
33.68843650817871,156914
33.68926429748535,156914
33.690091133117676,156914
33.69168281555176,156914
33.69251298904419,156914
33.69335150718689,156914
33.69418382644653,156914
33.69501709938049,156914
33.69660949707031,156914
33.697442054748535,156914
33.69827175140381,156914
33.6991012096405,156914
33.70069670677185,156914
33.701526165008545,156914
33.7023561000824,156914
33.7031831741333,156914
33.70402455329895,156914
33.70561408996582,156914
33.706449031829834,156914
33.70727825164795,156914
33.70810794830322,156914
33.70970964431763,156914
33.710538148880005,156914
33.711369037628174,156914
33.71219801902771,156914
33.713029623031616,156914
33.71462798118591,156914
33.7154586315155,156914
33.716289043426514,156914
33.717111349105835,156914
33.71871018409729,156914
33.71954369544983,156914
33.720372438430786,156914
33.7212028503418,156914
33.72203540802002,156914
33.7236270904541,156914
33.72446823120117,156914
33.725303411483765,156914
33.72612977027893,156914
33.72773194313049,156914
33.72856402397156,156914
33.72939443588257,156914
33.73022413253784,156914
33.7310516834259,156914
33.73263764381409,156914
33.733466386795044,156914
33.73430776596069,156914
33.735132455825806,156914
33.73672294616699,156914
33.737550258636475,156914
33.738380908966064,156914
33.73921036720276,156914
33.740041732788086,156914
33.74163460731506,156914
33.74246144294739,156914
33.743295192718506,156914
33.74412727355957,156914
33.74572563171387,156914
33.746553897857666,156914
33.74738430976868,156914
33.74821424484253,156914
33.7490451335907,156914
33.75063943862915,156914
33.751468658447266,156914
33.75230145454407,156914
33.75312781333923,156914
33.75473356246948,156914
33.75556492805481,156914
33.75639295578003,156914
33.757224321365356,156914
33.75805068016052,156914
33.75963997840881,156914
33.760469913482666,156914
33.76130437850952,156914
33.76214289665222,156914
33.76372313499451,156914
33.764562129974365,156914
33.76539635658264,156914
33.76622152328491,156914
33.76705574989319,156914
33.7686505317688,156914
33.76947855949402,156914
33.770310401916504,156914
33.771135091781616,156914
33.77273774147034,156914
33.77356767654419,156914
33.774410009384155,156914
33.775240421295166,156914
33.77607035636902,156914
33.77766799926758,156914
33.77849888801575,156914
33.77932786941528,156914
33.780152797698975,156914
33.78175377845764,156914
33.782583713531494,156914
33.78341221809387,156914
33.784255027770996,156914
33.78508257865906,156914
33.78667378425598,156914
33.78750467300415,156914
33.78833842277527,156914
33.78917121887207,156914
33.790773153305054,156914
33.791603326797485,156914
33.792431354522705,156914
33.793264627456665,156914
33.79409670829773,156914
33.79568791389465,156914
33.79651665687561,156914
33.79735040664673,156914
33.7981743812561,156914
33.79900765419006,156914
33.80060148239136,156914
33.801430225372314,156914
33.802260637283325,156914
33.80308699607849,156914
33.80468964576721,156914
33.80552101135254,156914
33.80635190010071,156914
33.80718278884888,156914
33.80801010131836,156914
33.80960202217102,156914
33.810433864593506,156914
33.81126570701599,156914
33.81209325790405,156914
33.8136842250824,156914
33.814523696899414,156914
33.81535482406616,156914
33.81617879867554,156914
33.81701326370239,156914
33.81860303878784,156914
33.81943225860596,156914
33.82025766372681,156914
33.82109189033508,156914
33.82268762588501,156914
33.823517084121704,156914
33.824360609054565,156914
33.82518815994263,156914
33.82602119445801,156914
33.827611446380615,156914
33.8284432888031,156914
33.829275369644165,156914
33.83010220527649,156914
33.831698179244995,156914
33.832523584365845,156914
33.833356618881226,156914
33.83419156074524,156914
33.83502388000488,156914
33.83661460876465,156914
33.83744740486145,156914
33.838281869888306,156914
33.839107513427734,156914
33.84070372581482,156914
33.841530323028564,156914
33.84236121177673,156914
33.8431932926178,156914
33.84403443336487,156914
33.84561896324158,156914
33.846449851989746,156914
33.84727668762207,156914
33.84810662269592,156914
33.84970426559448,156914
33.85053515434265,156914
33.851365089416504,156914
33.85219073295593,156914
33.85302376747131,156914
33.85462689399719,156914
33.855454206466675,156914
33.85628628730774,156914
33.85711312294006,156914
33.85870718955994,156914
33.85953760147095,156914
33.86036777496338,156914
33.86119270324707,156914
33.862022161483765,156914
33.86362051963806,156914
33.86445951461792,156914
33.86529016494751,156914
33.866119384765625,156914
33.86771583557129,156914
33.86854648590088,156914
33.869375467300415,156914
33.870201587677,156914
33.871033906936646,156914
33.87263321876526,156914
33.87346148490906,156914
33.87430143356323,156914
33.875128984451294,156914
33.876726150512695,156914
33.877553939819336,156914
33.87838840484619,156914
33.87921071052551,156914
33.88004732131958,156914
33.88163733482361,156914
33.882471799850464,156914
33.88330388069153,156914
33.88413214683533,156914
33.88573336601257,156914
33.88656282424927,156914
33.88739562034607,156914
33.88822388648987,156914
33.88904809951782,156914
33.89064383506775,156914
33.89147067070007,156914
33.89229941368103,156914
33.89313244819641,156914
33.894736766815186,156914
33.89556956291199,156914
33.89639973640442,156914
33.89722537994385,156914
33.89806008338928,156914
33.899656772613525,156914
33.900487184524536,156914
33.90132260322571,156914
33.90215063095093,156914
33.903748750686646,156914
33.904590368270874,156914
33.90542221069336,156914
33.90624976158142,156914
33.90708780288696,156914
33.90868067741394,156914
33.90951156616211,156914
33.91034698486328,156914
33.911173820495605,156914
33.91200590133667,156914
33.91359734535217,156914
33.91443991661072,156914
33.91526937484741,156914
33.91609501838684,156914
33.917696475982666,156914
33.91852378845215,156914
33.91935920715332,156914
33.92019033432007,156914
33.92101764678955,156914
33.922608613967896,156914
33.92343783378601,156914
33.92427396774292,156914
33.92510414123535,156914
33.92669725418091,156914
33.92752695083618,156914
33.92835998535156,156914
33.92918515205383,156914
33.93001747131348,156914
33.93161153793335,156914
33.93244385719299,156914
33.93327498435974,156914
33.93411469459534,156914
33.93570804595947,156914
33.93653607368469,156914
33.93737006187439,156914
33.9381947517395,156914
33.93902587890625,156914
33.9406213760376,156914
33.94145083427429,156914
33.94228482246399,156914
33.94310903549194,156914
33.94471502304077,156914
33.945544719696045,156914
33.94637703895569,156914
33.947205781936646,156914
33.948039531707764,156914
33.94963073730469,156914
33.95046353340149,156914
33.951292991638184,156914
33.95212435722351,156914
33.953721046447754,156914
33.9545578956604,156914
33.95538854598999,156914
33.95621466636658,156914
33.95704960823059,156914
33.9586398601532,156914
33.95946788787842,156914
33.9603009223938,156914
33.9611279964447,156914
33.96272683143616,156914
33.96355676651001,156914
33.96440029144287,156914
33.96522903442383,156914
33.96606135368347,156914
33.96764516830444,156914
33.96847486495972,156914
33.96930384635925,156914
33.970134019851685,156914
33.97173309326172,156914
33.97256255149841,156914
33.97339725494385,156914
33.974231243133545,156914
33.97506523132324,156914
33.976653814315796,156914
33.977484464645386,156914
33.97832107543945,156914
33.979143381118774,156914
33.980746030807495,156914
33.981576919555664,156914
33.98240661621094,156914
33.98323583602905,156914
33.98407602310181,156914
33.98566794395447,156914
33.98650097846985,156914
33.98733043670654,156914
33.98815846443176,156914
33.98975872993469,156914
33.99058675765991,156914
33.991419315338135,156914
33.99224495887756,156914
33.99307942390442,156914
33.99468421936035,156914
33.995513677597046,156914
33.99634599685669,156914
33.99717688560486,156914
33.99800658226013,156914
33.999595403671265,156914
34.00042724609375,156914
34.00125765800476,156914
34.0020854473114,156914
34.00367760658264,156914
34.004515647888184,156914
34.00534701347351,156914
34.00617289543152,156914
34.007771015167236,156914
34.00860047340393,156914
34.009432315826416,156914
34.01026248931885,156914
34.01109433174133,156914
34.01268672943115,156914
34.01351618766785,156914
34.01435303688049,156914
34.015180826187134,156914
34.01601481437683,156914
34.01761054992676,156914
34.018441677093506,156914
34.019274950027466,156914
34.020100116729736,156914
34.02169132232666,156914
34.02252173423767,156914
34.02335214614868,156914
34.02418613433838,156914
34.0250186920166,156914
34.02660942077637,156914
34.02744174003601,156914
34.0282723903656,156914
34.02909588813782,156914
34.030693769454956,156914
34.031524896621704,156914
34.03235912322998,156914
34.033191204071045,156914
34.0340256690979,156914
34.0356183052063,156914
34.03644633293152,156914
34.03727865219116,156914
34.03810501098633,156914
34.039703369140625,156914
34.04053330421448,156914
34.04136300086975,156914
34.04219341278076,156914
34.043025970458984,156914
34.04462790489197,156914
34.04546117782593,156914
34.046292304992676,156914
34.04711389541626,156914
34.048715591430664,156914
34.049540758132935,156914
34.050374269485474,156914
34.05120348930359,156914
34.05203342437744,156914
34.05362248420715,156914
34.05445981025696,156914
34.0552933216095,156914
34.05611252784729,156914
34.05771589279175,156914
34.05854868888855,156914
34.05937910079956,156914
34.06020474433899,156914
34.06103515625,156914
34.062631130218506,156914
34.06346344947815,156914
34.064297676086426,156914
34.065126180648804,156914
34.06673192977905,156914
34.06755971908569,156914
34.068389654159546,156914
34.06921982765198,156914
34.07005310058594,156914
34.07164454460144,156914
34.07247591018677,156914
34.07330679893494,156914
34.07414889335632,156914
34.075743436813354,156914
34.07657313346863,156914
34.07740879058838,156914
34.078240394592285,156914
34.079066038131714,156914
34.0806610584259,156914
34.08149290084839,156914
34.08232831954956,156914
34.083154916763306,156914
34.084766149520874,156914
34.08559536933899,156914
34.08642554283142,156914
34.08725881576538,156914
34.0880913734436,156914
34.089685916900635,156914
34.09051442146301,156914
34.09134602546692,156914
34.092175245285034,156914
34.09376907348633,156914
34.09460997581482,156914
34.0954430103302,156914
34.096272706985474,156914
34.0970995426178,156914
34.09868884086609,156914
34.09951615333557,156914
34.10034990310669,156914
34.10117506980896,156914
34.10277509689331,156914
34.10360503196716,156914
34.1044442653656,156914
34.105273723602295,156914
34.10610008239746,156914
34.10769534111023,156914
34.108527421951294,156914
34.1093590259552,156914
34.110187292099,156914
34.11102628707886,156914
34.11261820793152,156914
34.1134512424469,156914
34.11429023742676,156914
34.11511754989624,156914
34.11671161651611,156914
34.11753726005554,156914
34.11837196350098,156914
34.11920356750488,156914
34.120031118392944,156914
34.121620178222656,156914
34.12245059013367,156914
34.12328100204468,156914
34.12411904335022,156914
34.125712394714355,156914
34.12653994560242,156914
34.12737154960632,156914
34.12819719314575,156914
34.129032373428345,156914
34.130619287490845,156914
34.1314537525177,156914
34.13228511810303,156914
34.133108139038086,156914
34.13471221923828,156914
34.13553714752197,156914
34.136367082595825,156914
34.13719034194946,156914
34.13802528381348,156914
34.13961744308472,156914
34.14044785499573,156914
34.14128279685974,156914
34.14210367202759,156914
34.1436972618103,156914
34.144535064697266,156914
34.145366191864014,156914
34.146191358566284,156914
34.147024393081665,156914
34.14862322807312,156914
34.14945363998413,156914
34.15028405189514,156914
34.151113510131836,156914
34.15271067619324,156914
34.15354323387146,156914
34.15438389778137,156914
34.155213832855225,156914
34.156044483184814,156914
34.157639026641846,156914
34.15847134590149,156914
34.15929317474365,156914
34.16012525558472,156914
34.1617226600647,156914
34.16255736351013,156914
34.163387298583984,156914
34.164223194122314,156914
34.16505980491638,156914
34.1666533946991,156914
34.1674861907959,156914
34.168314933776855,156914
34.16913962364197,156914
34.17073655128479,156914
34.171568155288696,156914
34.17239761352539,156914
34.17322492599487,156914
34.1740665435791,156914
34.17566418647766,156914
34.17649292945862,156914
34.177321672439575,156914
34.178152322769165,156914
34.179752349853516,156914
34.18057990074158,156914
34.181413412094116,156914
34.18224215507507,156914
34.18307447433472,156914
34.18468356132507,156914
34.18551445007324,156914
34.18634366989136,156914
34.187175273895264,156914
34.18876910209656,156914
34.18959712982178,156914
34.19043016433716,156914
34.19125556945801,156914
34.19208836555481,156914
34.193681716918945,156914
34.194520235061646,156914
34.19535160064697,156914
34.19617772102356,156914
34.19700789451599,156914
34.19860291481018,156914
34.19943594932556,156914
34.200268030166626,156914
34.20109677314758,156914
34.20269227027893,156914
34.20351815223694,156914
34.2043616771698,156914
34.205190896987915,156914
34.20602035522461,156914
34.20760750770569,156914
34.20844054222107,156914
34.20927381515503,156914
34.210095167160034,156914
34.211692333221436,156914
34.21252226829529,156914
34.21335244178772,156914
34.21418833732605,156914
34.21502685546875,156914
34.216614723205566,156914
34.21744680404663,156914
34.21827983856201,156914
34.219107151031494,156914
34.22070026397705,156914
34.221532106399536,156914
34.222365379333496,156914
34.22319579124451,156914
34.224032402038574,156914
34.22563171386719,156914
34.22646450996399,156914
34.22729706764221,156914
34.228118658065796,156914
34.229714155197144,156914
34.23054552078247,156914
34.23137664794922,156914
34.23219966888428,156914
34.233033418655396,156914
34.23463439941406,156914
34.23546814918518,156914
34.23629903793335,156914
34.237123250961304,156914
34.238720178604126,156914
34.23954963684082,156914
34.240379333496094,156914
34.2412052154541,156914
34.24204158782959,156914
34.24362897872925,156914
34.244468450546265,156914
34.245301485061646,156914
34.24612498283386,156914
34.247729539871216,156914
34.24856090545654,156914
34.24939441680908,156914
34.25022101402283,156914
34.251054525375366,156914
34.25264000892639,156914
34.253474712371826,156914
34.254316329956055,156914
34.25514030456543,156914
34.25674843788147,156914
34.25757694244385,156914
34.25840902328491,156914
34.25924277305603,156914
34.26006531715393,156914
34.26166534423828,156914
34.262495040893555,156914
34.263325929641724,156914
34.26416063308716,156914
34.26576066017151,156914
34.26658654212952,156914
34.26741981506348,156914
34.26824951171875,156914
34.26907777786255,156914
34.27067160606384,156914
34.27150082588196,156914
34.27233624458313,156914
34.27316927909851,156914
34.274010181427,156914
34.27559852600098,156914
34.276429891586304,156914
34.27725696563721,156914
34.278088092803955,156914
34.27967953681946,156914
34.28051257133484,156914
34.281341552734375,156914
34.28216767311096,156914
34.283764362335205,156914
34.28460359573364,156914
34.28543567657471,156914
34.286267042160034,156914
34.28709006309509,156914
34.288687229156494,156914
34.289517641067505,156914
34.29034876823425,156914
34.29118061065674,156914
34.292009353637695,156914
34.293604612350464,156914
34.294442653656006,156914
34.29527521133423,156914
34.29610204696655,156914
34.29769563674927,156914
34.29852747917175,156914
34.2993597984314,156914
34.30018401145935,156914
34.301020860672,156914
34.30261421203613,156914
34.303444623947144,156914
34.30428671836853,156914
34.30510592460632,156914
34.30670118331909,156914
34.307530879974365,156914
34.3083655834198,156914
34.30918622016907,156914
34.31002330780029,156914
34.31161642074585,156914
34.3124520778656,156914
34.3132848739624,156914
34.31411123275757,156914
34.315707206726074,156914
34.31654191017151,156914
34.317373752593994,156914
34.31820106506348,156914
34.31903100013733,156914
34.320631980895996,156914
34.32146096229553,156914
34.3222930431366,156914
34.323118448257446,156914
34.324723958969116,156914
34.32555437088013,156914
34.326385259628296,156914
34.32721495628357,156914
34.328046560287476,156914
34.32964062690735,156914
34.33047008514404,156914
34.331302881240845,156914
34.33212685585022,156914
34.33372926712036,156914
34.33457016944885,156914
34.33540177345276,156914
34.33622646331787,156914
34.33706068992615,156914
34.33865284919739,156914
34.33948612213135,156914
34.34031844139099,156914
34.341145277023315,156914
34.34274101257324,156914
34.34357142448425,156914
34.34441041946411,156914
34.34524083137512,156914
34.34607172012329,156914
34.34766459465027,156914
34.34849500656128,156914
34.3493287563324,156914
34.35016489028931,156914
34.351757764816284,156914
34.352585792541504,156914
34.35341691970825,156914
34.354259729385376,156914
34.35508394241333,156914
34.35667657852173,156914
34.357506275177,156914
34.358339071273804,156914
34.35916829109192,156914
34.360767126083374,156914
34.36159563064575,156914
34.362428188323975,156914
34.36325979232788,156914
34.364098072052,156914
34.36568903923035,156914
34.36652088165283,156914
34.36735415458679,156914
34.36818027496338,156914
34.36900758743286,156914
34.370604276657104,156914
34.37143683433533,156914
34.37227010726929,156914
34.37309455871582,156914
34.37469720840454,156914
34.37552738189697,156914
34.37635922431946,156914
34.37718629837036,156914
34.37801909446716,156914
34.379611015319824,156914
34.38044500350952,156914
34.38127374649048,156914
34.38210129737854,156914
34.38369822502136,156914
34.38453722000122,156914
34.38536977767944,156914
34.38619613647461,156914
34.38703489303589,156914
34.388625383377075,156914
34.389458894729614,156914
34.390291929244995,156914
34.39111351966858,156914
34.39270830154419,156914
34.39353537559509,156914
34.39437651634216,156914
34.395203590393066,156914
34.396037101745605,156914
34.39763164520264,156914
34.398463010787964,156914
34.39928889274597,156914
34.40011644363403,156914
34.40171933174133,156914
34.4025514125824,156914
34.40338587760925,156914
34.40421724319458,156914
34.405051708221436,156914
34.40664577484131,156914
34.40747690200806,156914
34.408308029174805,156914
34.409133434295654,156914
34.41073703765869,156914
34.41156315803528,156914
34.41239643096924,156914
34.4132239818573,156914
34.414066314697266,156914
34.415661096572876,156914
34.41648507118225,156914
34.41732168197632,156914
34.41814851760864,156914
34.41975164413452,156914
34.42058491706848,156914
34.4214141368866,156914
34.4222457408905,156914
34.423076152801514,156914
34.42467999458313,156914
34.42551016807556,156914
34.42634415626526,156914
34.42717170715332,156914
34.42876744270325,156914
34.42959666252136,156914
34.43043255805969,156914
34.43126440048218,156914
34.43209195137024,156914
34.43369007110596,156914
34.4345269203186,156914
34.43535828590393,156914
34.43618607521057,156914
34.43702030181885,156914
34.438610553741455,156914
34.43944239616394,156914
34.44027495384216,156914
34.441099405288696,156914
34.44269108772278,156914
34.44352412223816,156914
34.44436311721802,156914
34.44518780708313,156914
34.446025371551514,156914
34.447608947753906,156914
34.448440074920654,156914
34.44926643371582,156914
34.45010018348694,156914
34.451693058013916,156914
34.452521085739136,156914
34.4533531665802,156914
34.45419216156006,156914
34.45502471923828,156914
34.456615924835205,156914
34.45744824409485,156914
34.45828318595886,156914
34.459107398986816,156914
34.46071004867554,156914
34.461535692214966,156914
34.46236801147461,156914
34.463194608688354,156914
34.46404051780701,156914
34.46563005447388,156914
34.46645760536194,156914
34.46729016304016,156914
34.468114614486694,156914
34.469709634780884,156914
34.47054386138916,156914
34.47137403488159,156914
34.472200870513916,156914
34.473036766052246,156914
34.47463941574097,156914
34.475470781326294,156914
34.476301431655884,156914
34.47712779045105,156914
34.47872757911682,156914
34.47955775260925,156914
34.480393409729004,156914
34.48121881484985,156914
34.482057332992554,156914
34.48364233970642,156914
34.48448204994202,156914
34.48531436920166,156914
34.48613882064819,156914
34.487741231918335,156914
34.48857522010803,156914
34.48940396308899,156914
34.49023103713989,156914
34.49106574058533,156914
34.49266052246094,156914
34.49348783493042,156914
34.49433398246765,156914
34.49516201019287,156914
34.49675917625427,156914
34.49758791923523,156914
34.498420000076294,156914
34.49925184249878,156914
34.50007724761963,156914
34.50166940689087,156914
34.50250220298767,156914
34.50332999229431,156914
34.50416135787964,156914
34.50576066970825,156914
34.506593227386475,156914
34.507426023483276,156914
34.50825119018555,156914
34.50908803939819,156914
34.51068305969238,156914
34.51151442527771,156914
34.5123496055603,156914
34.5131721496582,156914
34.51400828361511,156914
34.51560974121094,156914
34.51643991470337,156914
34.517271995544434,156914
34.51809740066528,156914
34.51969385147095,156914
34.52052283287048,156914
34.52135634422302,156914
34.522181034088135,156914
34.52301287651062,156914
34.52460837364197,156914
34.52544403076172,156914
34.52627110481262,156914
34.52710270881653,156914
34.52869629859924,156914
34.52953052520752,156914
34.53036046028137,156914
34.53118443489075,156914
34.53202176094055,156914
34.53361105918884,156914
34.53445219993591,156914
34.53528547286987,156914
34.53611445426941,156914
34.53770661354065,156914
34.538541316986084,156914
34.53937315940857,156914
34.54019737243652,156914
34.54103326797485,156914
34.54262399673462,156914
34.54344987869263,156914
34.54429316520691,156914
34.54511380195618,156914
34.5467164516449,156914
34.547547340393066,156914
34.54837656021118,156914
34.54920744895935,156914
34.55004167556763,156914
34.55163216590881,156914
34.55246353149414,156914
34.55329394340515,156914
34.554126024246216,156914
34.55572462081909,156914
34.556559562683105,156914
34.55738830566406,156914
34.558218240737915,156914
34.55905055999756,156914
34.56064057350159,156914
34.56147122383118,156914
34.562302589416504,156914
34.563127756118774,156914
34.56473636627197,156914
34.56556820869446,156914
34.566399812698364,156914
34.56723403930664,156914
34.56806015968323,156914
34.56965446472168,156914
34.57048583030701,156914
34.57131886482239,156914
34.572142601013184,156914
34.573750734329224,156914
34.57458734512329,156914
34.57542133331299,156914
34.5762505531311,156914
34.57708191871643,156914
34.57867383956909,156914
34.57950282096863,156914
34.5803337097168,156914
34.581164836883545,156914
34.58276152610779,156914
34.583592891693115,156914
34.58443307876587,156914
34.585264444351196,156914
34.58608841896057,156914
34.58768010139465,156914
34.58851218223572,156914
34.58934450149536,156914
34.59016990661621,156914
34.59176588058472,156914
34.59259796142578,156914
34.593427419662476,156914
34.594268560409546,156914
34.59509825706482,156914
34.596691608428955,156914
34.59752321243286,156914
34.598355770111084,156914
34.59918022155762,156914
34.600013971328735,156914
34.60160493850708,156914
34.602437257766724,156914
34.60326671600342,156914
34.60410451889038,156914
34.60569953918457,156914
34.60653209686279,156914
34.60736536979675,156914
34.60819125175476,156914
34.60902190208435,156914
34.610618114471436,156914
34.61144232749939,156914
34.61227750778198,156914
34.61310625076294,156914
34.614705324172974,156914
34.615538597106934,156914
34.616371631622314,156914
34.617199659347534,156914
34.618035078048706,156914
34.619627237319946,156914
34.62045669555664,156914
34.62129068374634,156914
34.622116804122925,156914
34.62371754646301,156914
34.62455916404724,156914
34.625391721725464,156914
34.626216650009155,156914
34.62704944610596,156914
34.62864065170288,156914
34.62946677207947,156914
34.630305767059326,156914
34.631128787994385,156914
34.63273358345032,156914
34.63355827331543,156914
34.634401082992554,156914
34.63522911071777,156914
34.63605737686157,156914
34.637646198272705,156914
34.638477087020874,156914
34.639310121536255,156914
34.64014434814453,156914
34.64174127578735,156914
34.64256954193115,156914
34.64340305328369,156914
34.64424443244934,156914
34.645071029663086,156914
34.64666128158569,156914
34.64749026298523,156914
34.64832425117493,156914
34.649155139923096,156914
34.65075063705444,156914
34.65158009529114,156914
34.65241193771362,156914
34.653234243392944,156914
34.65407729148865,156914
34.655670404434204,156914
34.65650224685669,156914
34.65733289718628,156914
34.658161640167236,156914
34.65975999832153,156914
34.660587310791016,156914
34.66142010688782,156914
34.66225051879883,156914
34.66308069229126,156914
34.664681911468506,156914
34.66551351547241,156914
34.66634178161621,156914
34.66717171669006,156914
34.66876792907715,156914
34.66960167884827,156914
34.670435190200806,156914
34.67126512527466,156914
34.67208909988403,156914
34.673678398132324,156914
34.67451763153076,156914
34.67535161972046,156914
34.67617988586426,156914
34.67700934410095,156914
34.67860531806946,156914
34.67943596839905,156914
34.68026065826416,156914
34.681092739105225,156914
34.682682275772095,156914
34.68351459503174,156914
34.68435573577881,156914
34.68517780303955,156914
34.68601202964783,156914
34.68760633468628,156914
34.688438177108765,156914
34.689271450042725,156914
34.69009470939636,156914
34.6916925907135,156914
34.69252133369446,156914
34.693352699279785,156914
34.69419002532959,156914
34.69502305984497,156914
34.696614503860474,156914
34.69744539260864,156914
34.69827580451965,156914
34.699100971221924,156914
34.700698137283325,156914
34.70153188705444,156914
34.702364683151245,156914
34.703187465667725,156914
34.70403265953064,156914
34.70562672615051,156914
34.70645809173584,156914
34.70728802680969,156914
34.7081184387207,156914
34.70971083641052,156914
34.7105438709259,156914
34.71137595176697,156914
34.71219992637634,156914
34.71303677558899,156914
34.7146372795105,156914
34.715468406677246,156914
34.716296911239624,156914
34.717120885849,156914
34.718729972839355,156914
34.71955943107605,156914
34.72039222717285,156914
34.72122025489807,156914
34.72205305099487,156914
34.723644971847534,156914
34.724485635757446,156914
34.72531795501709,156914
34.72615385055542,156914
34.72774839401245,156914
34.72857880592346,156914
34.729405641555786,156914
34.73023772239685,156914
34.73107123374939,156914
34.73266267776489,156914
34.73349475860596,156914
34.734333992004395,156914
34.73516058921814,156914
34.736761808395386,156914
34.737595081329346,156914
34.73842430114746,156914
34.739253282547,156914
34.74008131027222,156914
34.7416729927063,156914
34.74250555038452,156914
34.743335485458374,156914
34.744173526763916,156914
34.74577307701111,156914
34.746596813201904,156914
34.74742770195007,156914
34.748263120651245,156914
34.749086141586304,156914
34.750678300857544,156914
34.75150918960571,156914
34.75233840942383,156914
34.75317144393921,156914
34.75400972366333,156914
34.75560235977173,156914
34.75643038749695,156914
34.757261753082275,156914
34.75808525085449,156914
34.75967717170715,156914
34.76051139831543,156914
34.76133847236633,156914
34.7621636390686,156914
34.76376438140869,156914
34.76460647583008,156914
34.76543831825256,156914
34.76626682281494,156914
34.76709699630737,156914
34.768696784973145,156914
34.76952838897705,156914
34.77035737037659,156914
34.77118229866028,156914
34.772010803222656,156914
34.773608446121216,156914
34.77444934844971,156914
34.77528643608093,156914
34.77610778808594,156914
34.777700424194336,156914
34.77853059768677,156914
34.77936244010925,156914
34.780189037323,156914
34.78102421760559,156914
34.782612562179565,156914
34.78344392776489,156914
34.78428649902344,156914
34.78511047363281,156914
34.78670120239258,156914
34.78753089904785,156914
34.78836798667908,156914
34.789193868637085,156914
34.79002809524536,156914
34.791616678237915,156914
34.79244661331177,156914
34.793275117874146,156914
34.79411554336548,156914
34.79571175575256,156914
34.79654264450073,156914
34.797374963760376,156914
34.79820156097412,156914
34.79903817176819,156914
34.80063271522522,156914
34.80146265029907,156914
34.80229377746582,156914
34.803114891052246,156914
34.804725885391235,156914
34.80555772781372,156914
34.80639171600342,156914
34.80722188949585,156914
34.80805039405823,156914
34.80964255332947,156914
34.8104727268219,156914
34.81130599975586,156914
34.81213688850403,156914
34.813735485076904,156914
34.8145797252655,156914
34.815409421920776,156914
34.81623911857605,156914
34.81706929206848,156914
34.818662881851196,156914
34.819498777389526,156914
34.82032918930054,156914
34.82116103172302,156914
34.82275438308716,156914
34.823585748672485,156914
34.82443070411682,156914
34.825263261795044,156914
34.826091289520264,156914
34.827683210372925,156914
34.828513383865356,156914
34.82934784889221,156914
34.83017086982727,156914
34.83176827430725,156914
34.83260250091553,156914
34.833433866500854,156914
34.834277629852295,156914
34.835102796554565,156914
34.83669590950012,156914
34.83752942085266,156914
34.83836221694946,156914
34.83918809890747,156914
34.840017795562744,156914
34.84161734580994,156914
34.84245204925537,156914
34.84328365325928,156914
34.844117641448975,156914
34.84571194648743,156914
34.846540451049805,156914
34.847368001937866,156914
34.84819531440735,156914
34.84902858734131,156914
34.850614070892334,156914
34.85144400596619,156914
34.852275371551514,156914
34.853102922439575,156914
34.854708433151245,156914
34.855536460876465,156914
34.85636878013611,156914
34.85719585418701,156914
34.858028411865234,156914
34.85962653160095,156914
34.86046004295349,156914
34.861289739608765,156914
34.8621129989624,156914
34.86370873451233,156914
34.86454796791077,156914
34.86537766456604,156914
34.866201400756836,156914
34.86703038215637,156914
34.86862516403198,156914
34.86945629119873,156914
34.8702871799469,156914
34.87111449241638,156914
34.872708797454834,156914
34.87354063987732,156914
34.874383211135864,156914
34.875211238861084,156914
34.87604355812073,156914
34.87763810157776,156914
34.87846875190735,156914
34.87929964065552,156914
34.88013195991516,156914
34.88172888755798,156914
34.88255739212036,156914
34.88338923454285,156914
34.88422131538391,156914
34.88505172729492,156914
34.886643171310425,156914
34.887474060058594,156914
34.88830304145813,156914
34.889129638671875,156914
34.89073324203491,156914
34.89156365394592,156914
34.892393589019775,156914
34.89322257041931,156914
34.89407014846802,156914
34.89564919471741,156914
34.89647674560547,156914
34.89730668067932,156914
34.89813804626465,156914
34.8997278213501,156914
34.90056276321411,156914
34.90139174461365,156914
34.90221381187439,156914
34.90305018424988,156914
34.904648303985596,156914
34.905479431152344,156914
34.90631294250488,156914
34.90714383125305,156914
34.90874171257019,156914
34.9095733165741,156914
34.910404682159424,156914
34.911235332489014,156914
34.91206240653992,156914
34.91366004943848,156914
34.91449856758118,156914
34.91533350944519,156914
34.9161651134491,156914
34.91775989532471,156914
34.91858768463135,156914
34.919421434402466,156914
34.92025542259216,156914
34.92108082771301,156914
34.92267560958862,156914
34.923503160476685,156914
34.924344062805176,156914
34.92517375946045,156914
34.92677068710327,156914
34.9276008605957,156914
34.92843246459961,156914
34.929261684417725,156914
34.93008875846863,156914
34.93168640136719,156914
34.932515382766724,156914
34.933349609375,156914
34.93418049812317,156914
34.93501687049866,156914
34.93660855293274,156914
34.93743896484375,156914
34.938265800476074,156914
34.939095973968506,156914
34.940694093704224,156914
34.941521406173706,156914
34.94235920906067,156914
34.94318389892578,156914
34.94403052330017,156914
34.945621490478516,156914
34.94645142555237,156914
34.94728422164917,156914
34.94811201095581,156914
34.949705600738525,156914
34.95053553581238,156914
34.95136833190918,156914
34.95219826698303,156914
34.95302653312683,156914
34.95462608337402,156914
34.95545554161072,156914
34.95628619194031,156914
34.95710730552673,156914
34.958702087402344,156914
34.95952868461609,156914
34.960360050201416,156914
34.961188316345215,156914
34.96202373504639,156914
34.963613510131836,156914
34.964452505111694,156914
34.96528363227844,156914
34.96610879898071,156914
34.96770477294922,156914
34.968539237976074,156914
34.969369888305664,156914
34.97019386291504,156914
34.97102880477905,156914
34.97261905670166,156914
34.97344756126404,156914
34.97428631782532,156914
34.97511649131775,156914
34.97671985626221,156914
34.97754693031311,156914
34.9783775806427,156914
34.979209184646606,156914
34.98003625869751,156914
34.981629371643066,156914
34.982462644577026,156914
34.983293294906616,156914
34.984127044677734,156914
34.9857292175293,156914
34.986560106277466,156914
34.987393617630005,156914
34.988224506378174,156914
34.98905968666077,156914
34.9906530380249,156914
34.9914870262146,156914
34.9923198223114,156914
34.99314618110657,156914
34.99476099014282,156914
34.99559211730957,156914
34.99642324447632,156914
34.99725604057312,156914
34.99808621406555,156914
34.99968194961548,156914
35.000507831573486,156914
35.00134325027466,156914
35.00217294692993,156914
35.00377297401428,156914
35.00461149215698,156914
35.00544238090515,156914
35.00627398490906,156914
35.00709891319275,156914
35.00869107246399,156914
35.00952100753784,156914
35.010353326797485,156914
35.01117944717407,156914
35.01201510429382,156914
35.01360869407654,156914
35.014445543289185,156914
35.01527190208435,156914
35.01609396934509,156914
35.01769042015076,156914
35.01852035522461,156914
35.01935076713562,156914
35.02017617225647,156914
35.021008253097534,156914
35.02260637283325,156914
35.02343797683716,156914
35.024280071258545,156914
35.025105476379395,156914
35.026700496673584,156914
35.02753233909607,156914
35.02836465835571,156914
35.02919411659241,156914
35.03002667427063,156914
35.031609535217285,156914
35.032442569732666,156914
35.03327202796936,156914
35.034109592437744,156914
35.035709619522095,156914
35.036542654037476,156914
35.0373740196228,156914
35.038198709487915,156914
35.039034366607666,156914
35.04062461853027,156914
35.04145860671997,156914
35.04228925704956,156914
35.04311776161194,156914
35.044724464416504,156914
35.04555368423462,156914
35.04638457298279,156914
35.04721426963806,156914
35.048046827316284,156914
35.049636125564575,156914
35.05046820640564,156914
35.05129957199097,156914
35.05213284492493,156914
35.05372381210327,156914
35.05456304550171,156914
35.05539298057556,156914
35.056220293045044,156914
35.05705547332764,156914
35.05865120887756,156914
35.05948281288147,156914
35.06032037734985,156914
35.06114411354065,156914
35.06274485588074,156914
35.06357192993164,156914
35.06441807746887,156914
35.06525278091431,156914
35.06607627868652,156914
35.067670822143555,156914
35.068506956100464,156914
35.06933617591858,156914
35.07016849517822,156914
35.07176423072815,156914
35.07259464263916,156914
35.07342886924744,156914
35.074268102645874,156914
35.075098752975464,156914
35.076699018478394,156914
35.07752513885498,156914
35.078357219696045,156914
35.07918977737427,156914
35.08001923561096,156914
35.08161664009094,156914
35.08244729042053,156914
35.08327627182007,156914
35.08411169052124,156914
35.085715532302856,156914
35.08653974533081,156914
35.08737373352051,156914
35.0881986618042,156914
35.08903217315674,156914
35.09062647819519,156914
35.09145665168762,156914
35.09228491783142,156914
35.093109369277954,156914
35.094714879989624,156914
35.09554648399353,156914
35.09637689590454,156914
35.097203493118286,156914
35.09803867340088,156914
35.09963345527649,156914
35.100468158721924,156914
35.101298093795776,156914
35.10212159156799,156914
35.10372447967529,156914
35.10456442832947,156914
35.1053946018219,156914
35.1062216758728,156914
35.10705876350403,156914
35.108646631240845,156914
35.10947847366333,156914
35.11031198501587,156914
35.11114168167114,156914
35.11273717880249,156914
35.11357069015503,156914
35.11441445350647,156914
35.115238666534424,156914
35.11607050895691,156914
35.11766338348389,156914
35.11849808692932,156914
35.119330167770386,156914
35.1201593875885,156914
35.121758222579956,156914
35.122586250305176,156914
35.12341809272766,156914
35.12426280975342,156914
35.12509036064148,156914
35.126688718795776,156914
35.12751483917236,156914
35.128350257873535,156914
35.12917351722717,156914
35.13077664375305,156914
35.13160300254822,156914
35.132434368133545,156914
35.13326859474182,156914
35.134103536605835,156914
35.1356999874115,156914
35.13653254508972,156914
35.137362241744995,156914
35.13818979263306,156914
35.139026165008545,156914
35.140615463256836,156914
35.14144992828369,156914
35.14228129386902,156914
35.143105030059814,156914
35.14471411705017,156914
35.145543813705444,156914
35.14637875556946,156914
35.147204875946045,156914
35.14804124832153,156914
35.14963459968567,156914
35.150463819503784,156914
35.151294469833374,156914
35.15212154388428,156914
35.15371131896973,156914
35.15455102920532,156914
35.15537762641907,156914
35.15620732307434,156914
35.15704035758972,156914
35.15863656997681,156914
35.15946650505066,156914
35.160300493240356,156914
35.1611270904541,156914
35.16272592544556,156914
35.163557052612305,156914
35.16439890861511,156914
35.16522407531738,156914
35.166059494018555,156914
35.16765594482422,156914
35.16848707199097,156914
35.16931486129761,156914
35.170143365859985,156914
35.17173433303833,156914
35.17256760597229,156914
35.17340278625488,156914
35.17424488067627,156914
35.175074100494385,156914
35.176661252975464,156914
35.17749547958374,156914
35.17832541465759,156914
35.17915105819702,156914
35.18075346946716,156914
35.181583881378174,156914
35.182413816452026,156914
35.18324589729309,156914
35.18408441543579,156914
35.1856746673584,156914
35.18650412559509,156914
35.18733882904053,156914
35.18816781044006,156914
35.189767599105835,156914
35.19059634208679,156914
35.19142436981201,156914
35.19225811958313,156914
35.1930832862854,156914
35.19468307495117,156914
35.19551467895508,156914
35.19634485244751,156914
35.197171449661255,156914
35.198007583618164,156914
35.19959783554077,156914
35.20043230056763,156914
35.20125985145569,156914
35.20209574699402,156914
35.20369577407837,156914
35.20453119277954,156914
35.20536208152771,156914
35.206188440322876,156914
35.20702362060547,156914
35.20861554145813,156914
35.209444761276245,156914
35.21027159690857,156914
35.21110439300537,156914
35.21269774436951,156914
35.213526010513306,156914
35.2143669128418,156914
35.21519494056702,156914
35.21603035926819,156914
35.217620849609375,156914
35.21845245361328,156914
35.21928429603577,156914
35.22010850906372,156914
35.2217013835907,156914
35.22253131866455,156914
35.22336435317993,156914
35.22419548034668,156914
35.225032806396484,156914
35.22662401199341,156914
35.227455854415894,156914
35.22828221321106,156914
35.22911524772644,156914
35.230711460113525,156914
35.23154067993164,156914
35.232378244400024,156914
35.23319959640503,156914
35.23404097557068,156914
35.235634565353394,156914
35.23646116256714,156914
35.237295150756836,156914
35.23811745643616,156914
35.23972010612488,156914
35.24055194854736,156914
35.24138021469116,156914
35.24220538139343,156914
35.24303841590881,156914
35.244638204574585,156914
35.24546718597412,156914
35.246304512023926,156914
35.24713373184204,156914
35.248733043670654,156914
35.24956488609314,156914
35.2503924369812,156914
35.251224517822266,156914
35.25205397605896,156914
35.25364542007446,156914
35.25448966026306,156914
35.255319595336914,156914
35.25614786148071,156914
35.25774049758911,156914
35.258572816848755,156914
35.25940179824829,156914
35.260231494903564,156914
35.261056661605835,156914
35.262651681900024,156914
35.26348686218262,156914
35.264328956604004,156914
35.26515507698059,156914
35.266759634017944,156914
35.26758813858032,156914
35.2684166431427,156914
35.26924753189087,156914
35.27007818222046,156914
35.27167296409607,156914
35.27250409126282,156914
35.273340702056885,156914
35.27418041229248,156914
35.27500891685486,156914
35.2765998840332,156914
35.27743077278137,156914
35.27825736999512,156914
35.279091358184814,156914
35.28068423271179,156914
35.281514406204224,156914
35.28234624862671,156914
35.283169746398926,156914
35.28401470184326,156914
35.285606384277344,156914
35.28644061088562,156914
35.287270307540894,156914
35.28809833526611,156914
35.289692401885986,156914
35.29051899909973,156914
35.29135751724243,156914
35.29218292236328,156914
35.29301714897156,156914
35.29461622238159,156914
35.295448780059814,156914
35.29628038406372,156914
35.2971031665802,156914
35.29869842529297,156914
35.29953384399414,156914
35.30036163330078,156914
35.30118799209595,156914
35.30201983451843,156914
35.30361294746399,156914
35.30445313453674,156914
35.30528497695923,156914
35.30611324310303,156914
35.307703733444214,156914
35.308531761169434,156914
35.30936598777771,156914
35.310195446014404,156914
35.31102681159973,156914
35.31261396408081,156914
35.313445806503296,156914
35.31428074836731,156914
35.31511068344116,156914
35.31670594215393,156914
35.317535638809204,156914
35.318366289138794,156914
35.319194316864014,156914
35.32002592086792,156914
35.321619749069214,156914
35.3224515914917,156914
35.32328248023987,156914
35.32411456108093,156914
35.32570838928223,156914
35.32653760910034,156914
35.32737326622009,156914
35.328198194503784,156914
35.329030990600586,156914
35.330623388290405,156914
35.33145356178284,156914
35.33228635787964,156914
35.333115100860596,156914
35.334721326828,156914
35.33555340766907,156914
35.336384534835815,156914
35.3372118473053,156914
35.3380446434021,156914
35.3396360874176,156914
35.34046792984009,156914
35.341299057006836,156914
35.342121601104736,156914
35.34371495246887,156914
35.344550132751465,156914
35.34538292884827,156914
35.34621000289917,156914
35.347044944763184,156914
35.34863591194153,156914
35.349461793899536,156914
35.350290298461914,156914
35.351114988327026,156914
35.35271430015564,156914
35.35354685783386,156914
35.354389667510986,156914
35.355217933654785,156914
35.356050968170166,156914
35.3576385974884,156914
35.358474254608154,156914
35.3593065738678,156914
35.360135078430176,156914
35.361733198165894,156914
35.36256241798401,156914
35.36338949203491,156914
35.36422872543335,156914
35.36505699157715,156914
35.36665153503418,156914
35.36748456954956,156914
35.36831259727478,156914
35.369140625,156914
35.37074160575867,156914
35.37157130241394,156914
35.37240695953369,156914
35.373231410980225,156914
35.37407612800598,156914
35.37566328048706,156914
35.37649583816528,156914
35.37732553482056,156914
35.37814927101135,156914
35.37975287437439,156914
35.380582332611084,156914
35.38141441345215,156914
35.38224792480469,156914
35.38307452201843,156914
35.3846755027771,156914
35.385504484176636,156914
35.3863422870636,156914
35.38717317581177,156914
35.388768434524536,156914
35.389596462249756,156914
35.39042520523071,156914
35.39125847816467,156914
35.392086029052734,156914
35.393675088882446,156914
35.39451551437378,156914
35.395349979400635,156914
35.39617705345154,156914
35.39700889587402,156914
35.39859652519226,156914
35.39942812919617,156914
35.40026021003723,156914
35.40108799934387,156914
35.402679443359375,156914
35.40351390838623,156914
35.404356479644775,156914
35.405181646347046,156914
35.40600872039795,156914
35.40760517120361,156914
35.40843486785889,156914
35.40926551818848,156914
35.410093784332275,156914
35.41168427467346,156914
35.412517070770264,156914
35.41334891319275,156914
35.41418242454529,156914
35.41501450538635,156914
35.41660761833191,156914
35.4174382686615,156914
35.41826629638672,156914
35.4190993309021,156914
35.42069387435913,156914
35.421520948410034,156914
35.42235493659973,156914
35.423184871673584,156914
35.424023151397705,156914
35.42561388015747,156914
35.42644548416138,156914
35.4272837638855,156914
35.42810535430908,156914
35.42970037460327,156914
35.43053460121155,156914
35.43137049674988,156914
35.432191610336304,156914
35.43302798271179,156914
35.434624433517456,156914
35.43545484542847,156914
35.436285734176636,156914
35.43710660934448,156914
35.438708782196045,156914
35.43953800201416,156914
35.440369606018066,156914
35.44119572639465,156914
35.442028760910034,156914
35.443620681762695,156914
35.444461822509766,156914
35.445295333862305,156914
35.4461190700531,156914
35.447720766067505,156914
35.4485502243042,156914
35.44938087463379,156914
35.45020532608032,156914
35.45104217529297,156914
35.45263314247131,156914
35.453465938568115,156914
35.454304456710815,156914
35.45513033866882,156914
35.456732749938965,156914
35.45756149291992,156914
35.458393812179565,156914
35.45922088623047,156914
35.46005415916443,156914
35.4616425037384,156914
35.46247148513794,156914
35.463306188583374,156914
35.464149475097656,156914
35.46574664115906,156914
35.46657657623291,156914
35.467408895492554,156914
35.46824026107788,156914
35.46907353401184,156914
35.47066855430603,156914
35.47149920463562,156914
35.47233009338379,156914
35.47316312789917,156914
35.474764347076416,156914
35.47559905052185,156914
35.47643280029297,156914
35.47726511955261,156914
35.47809863090515,156914
35.4796929359436,156914
35.4805269241333,156914
35.481358766555786,156914
35.48219013214111,156914
35.483017444610596,156914
35.48462152481079,156914
35.4854531288147,156914
35.48628354072571,156914
35.48711347579956,156914
35.488709926605225,156914
35.48953628540039,156914
35.49036931991577,156914
35.491194009780884,156914
35.492032051086426,156914
35.49362063407898,156914
35.49446415901184,156914
35.495293855667114,156914
35.496116161346436,156914
35.49771332740784,156914
35.4985454082489,156914
35.49938106536865,156914
35.50021004676819,156914
35.50104117393494,156914
35.50263476371765,156914
35.5034658908844,156914
35.5043089389801,156914
35.50514054298401,156914
35.50673866271973,156914
35.50756883621216,156914
35.508403062820435,156914
35.509233713150024,156914
35.510066747665405,156914
35.51165699958801,156914
35.51249170303345,156914
35.51332449913025,156914
35.51415753364563,156914
35.51576375961304,156914
35.51659178733826,156914
35.51742124557495,156914
35.518245458602905,156914
35.51907801628113,156914
35.520673990249634,156914
35.52150273323059,156914
35.522337436676025,156914
35.523168325424194,156914
35.52401041984558,156914
35.525601863861084,156914
35.52643942832947,156914
35.52727246284485,156914
35.52809524536133,156914
35.52969145774841,156914
35.53051781654358,156914
35.5313503742218,156914
35.53217816352844,156914
35.5330126285553,156914
35.534611225128174,156914
35.53544235229492,156914
35.53627061843872,156914
35.537097692489624,156914
35.53869128227234,156914
35.53952121734619,156914
35.540353536605835,156914
35.54118227958679,156914
35.54201316833496,156914
35.54360604286194,156914
35.5444438457489,156914
35.545276165008545,156914
35.54610228538513,156914
35.547696352005005,156914
35.54853081703186,156914
35.54936122894287,156914
35.550185203552246,156914
35.551018953323364,156914
35.5526077747345,156914
35.5534405708313,156914
35.55428147315979,156914
35.55510854721069,156914
35.556710958480835,156914
35.5575385093689,156914
35.55836772918701,156914
35.5591995716095,156914
35.56003189086914,156914
35.561619997024536,156914
35.562451124191284,156914
35.563278675079346,156914
35.56411337852478,156914
35.56570744514465,156914
35.56653642654419,156914
35.5673725605011,156914
35.568198442459106,156914
35.56903529167175,156914
35.570629596710205,156914
35.57146143913269,156914
35.5722861289978,156914
35.5731143951416,156914
35.57472610473633,156914
35.57555603981018,156914
35.57638764381409,156914
35.57721447944641,156914
35.57804751396179,156914
35.57964205741882,156914
35.58047413825989,156914
35.58130431175232,156914
35.58213663101196,156914
35.583733797073364,156914
35.584572076797485,156914
35.58539915084839,156914
35.586230993270874,156914
35.58706045150757,156914
35.5886549949646,156914
35.58948278427124,156914
35.590317249298096,156914
35.59114122390747,156914
35.5927414894104,156914
35.59357452392578,156914
35.59441614151001,156914
35.595245122909546,156914
35.596073150634766,156914
35.59766340255737,156914
35.59849691390991,156914
35.599329233169556,156914
35.60015797615051,156914
35.60175800323486,156914
35.60258650779724,156914
35.60341739654541,156914
35.60425615310669,156914
35.60508155822754,156914
35.60667443275452,156914
35.60750603675842,156914
35.60833787918091,156914
35.609169483184814,156914
35.610764026641846,156914
35.61159563064575,156914
35.612430572509766,156914
35.613261222839355,156914
35.6140992641449,156914
35.615694999694824,156914
35.61652183532715,156914
35.61735558509827,156914
35.61818289756775,156914
35.61901617050171,156914
35.620604276657104,156914
35.62143588066101,156914
35.622262716293335,156914
35.62309646606445,156914
35.6247022151947,156914
35.62553381919861,156914
35.62636160850525,156914
35.627190828323364,156914
35.62802243232727,156914
35.6296112537384,156914
35.63044261932373,156914
35.63127136230469,156914
35.63210701942444,156914
35.63369798660278,156914
35.63453817367554,156914
35.63536858558655,156914
35.63619303703308,156914
35.637025594711304,156914
35.63861608505249,156914
35.63944959640503,156914
35.64028358459473,156914
35.64110231399536,156914
35.64269685745239,156914
35.64352607727051,156914
35.644370317459106,156914
35.645195722579956,156914
35.64602994918823,156914
35.64762330055237,156914
35.648457765579224,156914
35.64928698539734,156914
35.65011382102966,156914
35.65171575546265,156914
35.652543783187866,156914
35.653377294540405,156914
35.65421271324158,156914
35.65504693984985,156914
35.65663814544678,156914
35.657469749450684,156914
35.658303022384644,156914
35.65913224220276,156914
35.66072988510132,156914
35.66156029701233,156914
35.66239142417908,156914
35.66322040557861,156914
35.664063692092896,156914
35.66566276550293,156914
35.66649270057678,156914
35.66732215881348,156914
35.66814661026001,156914
35.66974687576294,156914
35.670578956604004,156914
35.67141151428223,156914
35.67224168777466,156914
35.67306613922119,156914
35.67466855049133,156914
35.67550086975098,156914
35.676331520080566,156914
35.677165031433105,156914
35.678762674331665,156914
35.67958974838257,156914
35.68042302131653,156914
35.68125510215759,156914
35.68208026885986,156914
35.68366861343384,156914
35.68450999259949,156914
35.685341119766235,156914
35.68617010116577,156914
35.68777084350586,156914
35.68860149383545,156914
35.689435720443726,156914
35.69026803970337,156914
35.69109559059143,156914
35.69268608093262,156914
35.69351243972778,156914
35.694355726242065,156914
35.69518065452576,156914
35.69601488113403,156914
35.6976044178009,156914
35.69843792915344,156914
35.69927406311035,156914
35.70009922981262,156914
35.7016921043396,156914
35.702521562576294,156914
35.70335340499878,156914
35.70418834686279,156914
35.705018281936646,156914
35.706613540649414,156914
35.70744228363037,156914
35.70827054977417,156914
35.709094285964966,156914
35.71068716049194,156914
35.71151685714722,156914
35.71234726905823,156914
35.713172912597656,156914
35.71401309967041,156914
35.71561050415039,156914
35.716444969177246,156914
35.71726942062378,156914
35.71810221672058,156914
35.719701051712036,156914
35.720537424087524,156914
35.721373081207275,156914
35.72220230102539,156914
35.72302865982056,156914
35.72463417053223,156914
35.72546625137329,156914
35.72630047798157,156914
35.727126598358154,156914
35.72872829437256,156914
35.72955870628357,156914
35.73039722442627,156914
35.73122692108154,156914
35.73205375671387,156914
35.73364567756653,156914
35.73448300361633,156914
35.73531889915466,156914
35.736151456832886,156914
35.737746477127075,156914
35.73857498168945,156914
35.739405393600464,156914
35.74023103713989,156914
35.741066694259644,156914
35.74265146255493,156914
35.743483543395996,156914
35.74432420730591,156914
35.74515104293823,156914
35.74674701690674,156914
35.747578859329224,156914
35.748412132263184,156914
35.74924349784851,156914
35.75006914138794,156914
35.751665353775024,156914
35.75249481201172,156914
35.75332260131836,156914
35.75415658950806,156914
35.75575661659241,156914
35.756587743759155,156914
35.75741744041443,156914
35.75824689865112,156914
35.75907778739929,156914
35.76066994667053,156914
35.7615020275116,156914
35.762330293655396,156914
35.76316714286804,156914
35.76476550102234,156914
35.76559615135193,156914
35.766425371170044,156914
35.76725625991821,156914
35.768086194992065,156914
35.76968240737915,156914
35.77051138877869,156914
35.771342277526855,156914
35.772167444229126,156914
35.77377104759216,156914
35.774609088897705,156914
35.77544164657593,156914
35.776265144348145,156914
35.77709627151489,156914
35.7786910533905,156914
35.77952194213867,156914
35.78035616874695,156914
35.78118133544922,156914
35.782012701034546,156914
35.783602476119995,156914
35.784443855285645,156914
35.785277128219604,156914
35.78610420227051,156914
35.7876992225647,156914
35.788530349731445,156914
35.7893648147583,156914
35.7901930809021,156914
35.79102635383606,156914
35.79261565208435,156914
35.7934455871582,156914
35.79428768157959,156914
35.79511070251465,156914
35.79670834541321,156914
35.79753613471985,156914
35.79837083816528,156914
35.799198627471924,156914
35.80003023147583,156914
35.80162072181702,156914
35.80245280265808,156914
35.80327892303467,156914
35.80411767959595,156914
35.805718183517456,156914
35.806549310684204,156914
35.807382345199585,156914
35.808210372924805,156914
35.809040784835815,156914
35.810631275177,156914
35.81146311759949,156914
35.81229066848755,156914
35.813116788864136,156914
35.814730405807495,156914
35.81556224822998,156914
35.816396713256836,156914
35.81722688674927,156914
35.818055868148804,156914
35.81964683532715,156914
35.82048010826111,156914
35.82131099700928,156914
35.82213807106018,156914
35.823740005493164,156914
35.824586153030396,156914
35.825411558151245,156914
35.826241970062256,156914
35.82707071304321,156914
35.82866048812866,156914
35.82949376106262,156914
35.830320835113525,156914
35.83115291595459,156914
35.83274793624878,156914
35.833580493927,156914
35.83442044258118,156914
35.835251569747925,156914
35.836079359054565,156914
35.83767032623291,156914
35.8385055065155,156914
35.839335680007935,156914
35.84016704559326,156914
35.84175944328308,156914
35.84259510040283,156914
35.84342694282532,156914
35.84426784515381,156914
35.84509325027466,156914
35.84668588638306,156914
35.847513914108276,156914
35.84834623336792,156914
35.8491735458374,156914
35.85077452659607,156914
35.85160446166992,156914
35.852434396743774,156914
35.853267192840576,156914
35.854103326797485,156914
35.85569453239441,156914
35.856523752212524,156914
35.85735821723938,156914
35.85817861557007,156914
35.859013080596924,156914
35.86060166358948,156914
35.86143136024475,156914
35.86225867271423,156914
35.8630907535553,156914
35.86469602584839,156914
35.86552309989929,156914
35.866358518600464,156914
35.8671875,156914
35.868019104003906,156914
35.8696072101593,156914
35.87043857574463,156914
35.87126851081848,156914
35.87209177017212,156914
35.87368130683899,156914
35.87452149391174,156914
35.87535095214844,156914
35.87617802619934,156914
35.87701177597046,156914
35.87860465049744,156914
35.879435300827026,156914
35.88026523590088,156914
35.88109540939331,156914
35.88268780708313,156914
35.8835186958313,156914
35.88436007499695,156914
35.8851854801178,156914
35.88602590560913,156914
35.88760447502136,156914
35.88843512535095,156914
35.889270305633545,156914
35.89009428024292,156914
35.891685485839844,156914
35.89251708984375,156914
35.893349170684814,156914
35.8941855430603,156914
35.89501690864563,156914
35.896607398986816,156914
35.89743971824646,156914
35.8982720375061,156914
35.89909386634827,156914
35.900689363479614,156914
35.901519775390625,156914
35.90234875679016,156914
35.903175592422485,156914
35.904017210006714,156914
35.90561032295227,156914
35.9064416885376,156914
35.90727353096008,156914
35.908098459243774,156914
35.90969181060791,156914
35.91052055358887,156914
35.91135358810425,156914
35.91218042373657,156914
35.91301465034485,156914
35.91461157798767,156914
35.915443658828735,156914
35.91627526283264,156914
35.91709852218628,156914
35.91868805885315,156914
35.91951847076416,156914
35.92035245895386,156914
35.921178340911865,156914
35.92201089859009,156914
35.923603534698486,156914
35.9244441986084,156914
35.925275564193726,156914
35.92610192298889,156914
35.92769503593445,156914
35.92852520942688,156914
35.92935824394226,156914
35.93018579483032,156914
35.931015491485596,156914
35.93260717391968,156914
35.93344163894653,156914
35.934282541275024,156914
35.93510866165161,156914
35.93669891357422,156914
35.937530517578125,156914
35.938358306884766,156914
35.939189195632935,156914
35.940022230148315,156914
35.94161009788513,156914
35.942442655563354,156914
35.94326996803284,156914
35.94410729408264,156914
35.94570589065552,156914
35.946534633636475,156914
35.94736695289612,156914
35.94819450378418,156914
35.949026584625244,156914
35.950621128082275,156914
35.951451539993286,156914
35.952285051345825,156914
35.953110218048096,156914
35.954718351364136,156914
35.95554709434509,156914
35.95638084411621,156914
35.957210302352905,156914
35.9580397605896,156914
35.959633588790894,156914
35.96046471595764,156914
35.9612991809845,156914
35.962130308151245,156914
35.96372747421265,156914
35.964563846588135,156914
35.965394735336304,156914
35.966222524642944,156914
35.96705341339111,156914
35.9686439037323,156914
35.96947479248047,156914
35.970304012298584,156914
35.97112989425659,156914
35.97273325920105,156914
35.97356200218201,156914
35.974406003952026,156914
35.97523760795593,156914
35.97606039047241,156914
35.977659940719604,156914
35.97849154472351,156914
35.97932267189026,156914
35.98015332221985,156914
35.981751680374146,156914
35.982582092285156,156914
35.983415603637695,156914
35.984259605407715,156914
35.98508358001709,156914
35.98667788505554,156914
35.98750710487366,156914
35.988340616226196,156914
35.989166498184204,156914
35.9907648563385,156914
35.991594314575195,156914
35.99242901802063,156914
35.993250608444214,156914
35.99409341812134,156914
35.99568819999695,156914
35.99652075767517,156914
35.99735450744629,156914
35.998181104660034,156914
35.99901509284973,156914
36.000608682632446,156914
36.0014386177063,156914
36.00226593017578,156914
36.00309371948242,156914
36.004703521728516,156914
36.00553488731384,156914
36.006367921829224,156914
36.00719404220581,156914
36.00802969932556,156914
36.009618282318115,156914
36.01045060157776,156914
36.01128315925598,156914
36.01210331916809,156914
36.01370429992676,156914
36.01454496383667,156914
36.01537585258484,156914
36.01620650291443,156914
36.01703977584839,156914
36.01862335205078,156914
36.019455909729004,156914
36.02028942108154,156914
36.0211181640625,156914
36.02271270751953,156914
36.023540019989014,156914
36.02438402175903,156914
36.02520823478699,156914
36.026044845581055,156914
36.02763533592224,156914
36.028467655181885,156914
36.029300689697266,156914
36.03012681007385,156914
36.03173017501831,156914
36.032562255859375,156914
36.03339457511902,156914
36.03422737121582,156914
36.035059213638306,156914
36.036653995513916,156914
36.037482023239136,156914
36.0383141040802,156914
36.03914165496826,156914
36.0407440662384,156914
36.04157257080078,156914
36.04240036010742,156914
36.04323077201843,156914
36.044074058532715,156914
36.04566812515259,156914
36.04650068283081,156914
36.04733347892761,156914
36.04816269874573,156914
36.049761056900024,156914
36.05059194564819,156914
36.05142331123352,156914
36.052255392074585,156914
36.05307602882385,156914
36.054680585861206,156914
36.05551028251648,156914
36.056344509124756,156914
36.05717396736145,156914
36.058769941329956,156914
36.059600591659546,156914
36.06043291091919,156914
36.06126618385315,156914
36.06209111213684,156914
36.06368613243103,156914
36.06452536582947,156914
36.06535625457764,156914
36.0661826133728,156914
36.0670166015625,156914
36.06860637664795,156914
36.06943607330322,156914
36.070271253585815,156914
36.071096897125244,156914
36.07268834114075,156914
36.073513984680176,156914
36.07436227798462,156914
36.07518911361694,156914
36.07602286338806,156914
36.07761240005493,156914
36.078444480895996,156914
36.079272747039795,156914
36.080103635787964,156914
36.081698179244995,156914
36.0825309753418,156914
36.0833637714386,156914
36.084197759628296,156914
36.08503270149231,156914
36.086626052856445,156914
36.08745861053467,156914
36.08829164505005,156914
36.089112520217896,156914
36.09071350097656,156914
36.09154391288757,156914
36.09237790107727,156914
36.09320092201233,156914
36.09404230117798,156914
36.09563326835632,156914
36.09646511077881,156914
36.0972945690155,156914
36.09811472892761,156914
36.09971594810486,156914
36.100547552108765,156914
36.10137677192688,156914
36.10220146179199,156914
36.10303330421448,156914
36.10463285446167,156914
36.105459690093994,156914
36.106290340423584,156914
36.107115268707275,156914
36.108710527420044,156914
36.10954308509827,156914
36.110373735427856,156914
36.11120295524597,156914
36.11203050613403,156914
36.113622426986694,156914
36.1144642829895,156914
36.115296363830566,156914
36.116127729415894,156914
36.1177237033844,156914
36.11855149269104,156914
36.11938142776489,156914
36.12020921707153,156914
36.12104415893555,156914
36.122636556625366,156914
36.12346839904785,156914
36.12431240081787,156914
36.12513566017151,156914
36.12674140930176,156914
36.12757062911987,156914
36.12840223312378,156914
36.129234790802,156914
36.130062103271484,156914
36.131657123565674,156914
36.132490158081055,156914
36.13331890106201,156914
36.13415217399597,156914
36.13575220108032,156914
36.13658666610718,156914
36.137415647506714,156914
36.13824486732483,156914
36.139075756073,156914
36.1406672000885,156914
36.14150047302246,156914
36.14233446121216,156914
36.14315843582153,156914
36.14476776123047,156914
36.145599365234375,156914
36.146432399749756,156914
36.147263050079346,156914
36.148088455200195,156914
36.149678230285645,156914
36.15050482749939,156914
36.15133619308472,156914
36.15216588973999,156914
36.153764724731445,156914
36.15460252761841,156914
36.15543293952942,156914
36.15626645088196,156914
36.157090187072754,156914
36.158684730529785,156914
36.15951156616211,156914
36.16034483909607,156914
36.16117596626282,156914
36.16200613975525,156914
36.163597106933594,156914
36.16443753242493,156914
36.16526675224304,156914
36.16609334945679,156914
36.16769051551819,156914
36.16852593421936,156914
36.16935420036316,156914
36.1701819896698,156914
36.17101860046387,156914
36.172607421875,156914
36.17343831062317,156914
36.17427706718445,156914
36.17510795593262,156914
36.17669725418091,156914
36.17752718925476,156914
36.17835998535156,156914
36.17918848991394,156914
36.18002462387085,156914
36.18161582946777,156914
36.18244910240173,156914
36.183281898498535,156914
36.18411898612976,156914
36.185720682144165,156914
36.186551570892334,156914
36.187382221221924,156914
36.188212156295776,156914
36.18904209136963,156914
36.19063925743103,156914
36.1914701461792,156914
36.19230246543884,156914
36.19313073158264,156914
36.194743156433105,156914
36.19557237625122,156914
36.19640040397644,156914
36.19723391532898,156914
36.198065996170044,156914
36.19965720176697,156914
36.20049071311951,156914
36.2013156414032,156914
36.202147483825684,156914
36.203747034072876,156914
36.20458769798279,156914
36.205419063568115,156914
36.20625424385071,156914
36.20707726478577,156914
36.20866918563843,156914
36.20950245857239,156914
36.21033477783203,156914
36.211164236068726,156914
36.21275782585144,156914
36.213589668273926,156914
36.21443295478821,156914
36.21526098251343,156914
36.216089963912964,156914
36.217681884765625,156914
36.21851205825806,156914
36.21934509277344,156914
36.22017312049866,156914
36.22177004814148,156914
36.22260236740112,156914
36.223434925079346,156914
36.22427797317505,156914
36.225102186203,156914
36.2266960144043,156914
36.227524757385254,156914
36.22835731506348,156914
36.22918248176575,156914
36.230016469955444,156914
36.231611013412476,156914
36.23244071006775,156914
36.23327136039734,156914
36.234108209609985,156914
36.235697984695435,156914
36.2365300655365,156914
36.237361431121826,156914
36.238192081451416,156914
36.23902082443237,156914
36.240609645843506,156914
36.24144148826599,156914
36.24226975440979,156914
36.24310111999512,156914
36.244707107543945,156914
36.24553656578064,156914
36.2463641166687,156914
36.24718880653381,156914
36.24802207946777,156914
36.249614000320435,156914
36.250447511672974,156914
36.25127816200256,156914
36.25210213661194,156914
36.2536985874176,156914
36.254536867141724,156914
36.25536823272705,156914
36.25619673728943,156914
36.25702977180481,156914
36.25862002372742,156914
36.25945568084717,156914
36.26028823852539,156914
36.261110067367554,156914
36.26270937919617,156914
36.26353430747986,156914
36.2643780708313,156914
36.26520848274231,156914
36.266037702560425,156914
36.2676305770874,156914
36.26846408843994,156914
36.26929831504822,156914
36.27012586593628,156914
36.271719455718994,156914
36.27254629135132,156914
36.27337646484375,156914
36.27421569824219,156914
36.275052070617676,156914
36.27664661407471,156914
36.277477502822876,156914
36.2783100605011,156914
36.27914023399353,156914
36.28073501586914,156914
36.28156876564026,156914
36.28239703178406,156914
36.28322172164917,156914
36.284069776535034,156914
36.28565216064453,156914
36.286484479904175,156914
36.28731918334961,156914
36.288145303726196,156914
36.28973722457886,156914
36.29057192802429,156914
36.29140567779541,156914
36.292237281799316,156914
36.29306507110596,156914
36.29466891288757,156914
36.295501947402954,156914
36.29633331298828,156914
36.297165870666504,156914
36.2987585067749,156914
36.29958701133728,156914
36.30042314529419,156914
36.30125308036804,156914
36.30207633972168,156914
36.303669452667236,156914
36.30451059341431,156914
36.305346727371216,156914
36.306174516677856,156914
36.307007789611816,156914
36.30860185623169,156914
36.30943298339844,156914
36.3102662563324,156914
36.31109166145325,156914
36.31268811225891,156914
36.31351828575134,156914
36.31435561180115,156914
36.315181493759155,156914
36.31601285934448,156914
36.317604064941406,156914
36.3184335231781,156914
36.319270610809326,156914
36.320093870162964,156914
36.32168436050415,156914
36.32251834869385,156914
36.32334661483765,156914
36.32418370246887,156914
36.32501721382141,156914
36.32661151885986,156914
36.32744836807251,156914
36.328280448913574,156914
36.329100608825684,156914
36.33069157600403,156914
36.33152627944946,156914
36.332355976104736,156914
36.333181381225586,156914
36.33402371406555,156914
36.3356146812439,156914
36.336450815200806,156914
36.3372848033905,156914
36.33810758590698,156914
36.33970093727112,156914
36.34053301811218,156914
36.34136247634888,156914
36.34219026565552,156914
36.34302544593811,156914
36.344627141952515,156914
36.34545850753784,156914
36.34628748893738,156914
36.347113847732544,156914
36.348708152770996,156914
36.34953951835632,156914
36.35037279129028,156914
36.351197242736816,156914
36.352030754089355,156914
36.35362100601196,156914
36.354464292526245,156914
36.355297803878784,156914
36.356119871139526,156914
36.35771584510803,156914
36.3585479259491,156914
36.359379053115845,156914
36.36020827293396,156914
36.361037731170654,156914
36.36263394355774,156914
36.36346673965454,156914
36.364311933517456,156914
36.365140438079834,156914
36.366740226745605,156914
36.367568492889404,156914
36.36840033531189,156914
36.36923003196716,156914
36.37005949020386,156914
36.37165355682373,156914
36.37248516082764,156914
36.37331795692444,156914
36.374151945114136,156914
36.37575387954712,156914
36.376583099365234,156914
36.377416372299194,156914
36.378244161605835,156914
36.37907576560974,156914
36.38067674636841,156914
36.38151025772095,156914
36.38234210014343,156914
36.3831684589386,156914
36.38400864601135,156914
36.385600566864014,156914
36.386430978775024,156914
36.38726234436035,156914
36.38808822631836,156914
36.38968086242676,156914
36.390509366989136,156914
36.391342878341675,156914
36.39216661453247,156914
36.393770933151245,156914
36.394606828689575,156914
36.3954381942749,156914
36.39626860618591,156914
36.39709806442261,156914
36.398693323135376,156914
36.39952325820923,156914
36.40035653114319,156914
36.401182889938354,156914
36.402015924453735,156914
36.40360903739929,156914
36.40444755554199,156914
36.40527081489563,156914
36.406102895736694,156914
36.40769910812378,156914
36.40852737426758,156914
36.409361600875854,156914
36.41018533706665,156914
36.411017417907715,156914
36.41261291503906,156914
36.41343975067139,156914
36.414281129837036,156914
36.41510725021362,156914
36.41670370101929,156914
36.41753339767456,156914
36.41836380958557,156914
36.41918897628784,156914
36.420021057128906,156914
36.42160964012146,156914
36.422441482543945,156914
36.42326807975769,156914
36.42410659790039,156914
36.42570185661316,156914
36.42653274536133,156914
36.427369117736816,156914
36.428197145462036,156914
36.42902970314026,156914
36.430619955062866,156914
36.43145155906677,156914
36.432281255722046,156914
36.43310594558716,156914
36.43471360206604,156914
36.43554401397705,156914
36.436375856399536,156914
36.43720364570618,156914
36.43803429603577,156914
36.43963074684143,156914
36.44046115875244,156914
36.44129395484924,156914
36.442121744155884,156914
36.443718671798706,156914
36.444557428359985,156914
36.445388317108154,156914
36.44621801376343,156914
36.44705080986023,156914
36.44863939285278,156914
36.44947075843811,156914
36.450305223464966,156914
36.45113277435303,156914
36.45273494720459,156914
36.45356273651123,156914
36.45440626144409,156914
36.455238580703735,156914
36.45606541633606,156914
36.457658767700195,156914
36.45849299430847,156914
36.45932364463806,156914
36.46014952659607,156914
36.461750984191895,156914
36.462579011917114,156914
36.463409185409546,156914
36.46424722671509,156914
36.46507692337036,156914
36.46666646003723,156914
36.4674973487854,156914
36.468329429626465,156914
36.46915578842163,156914
36.47075390815735,156914
36.47158432006836,156914
36.47241544723511,156914
36.473246574401855,156914
36.47408103942871,156914
36.47566795349121,156914
36.476500034332275,156914
36.47733020782471,156914
36.478166580200195,156914
36.47976088523865,156914
36.48059129714966,156914
36.48142409324646,156914
36.482250690460205,156914
36.48308062553406,156914
36.484678983688354,156914
36.485509634017944,156914
36.486342430114746,156914
36.48717164993286,156914
36.48876595497131,156914
36.48959541320801,156914
36.490423917770386,156914
36.49125576019287,156914
36.49208617210388,156914
36.493674993515015,156914
36.494515895843506,156914
36.49534726142883,156914
36.496174812316895,156914
36.49776792526245,156914
36.4985990524292,156914
36.499430418014526,156914
36.50026202201843,156914
36.50108337402344,156914
36.502673625946045,156914
36.503504037857056,156914
36.5043466091156,156914
36.505173206329346,156914
36.50600719451904,156914
36.50760221481323,156914
36.50843048095703,156914
36.50926184654236,156914
36.510087966918945,156914
36.511679887771606,156914
36.51251173019409,156914
36.51334500312805,156914
36.514182567596436,156914
36.51501798629761,156914
36.51661276817322,156914
36.517444133758545,156914
36.51827573776245,156914
36.519102334976196,156914
36.520702838897705,156914
36.52153277397156,156914
36.52236366271973,156914
36.52319264411926,156914
36.52403020858765,156914
36.52561950683594,156914
36.526451587677,156914
36.527284383773804,156914
36.52810883522034,156914
36.529701709747314,156914
36.530529260635376,156914
36.53136229515076,156914
36.5321900844574,156914
36.53302621841431,156914
36.534626483917236,156914
36.535457611083984,156914
36.53629112243652,156914
36.537115812301636,156914
36.53870964050293,156914
36.539541482925415,156914
36.54037523269653,156914
36.54120469093323,156914
36.54203748703003,156914
36.54362773895264,156914
36.54446840286255,156914
36.545297622680664,156914
36.54611778259277,156914
36.54772210121155,156914
36.548551082611084,156914
36.549381256103516,156914
36.55020594596863,156914
36.55104184150696,156914
36.55263423919678,156914
36.55346751213074,156914
36.55430769920349,156914
36.555132150650024,156914
36.556735038757324,156914
36.557570695877075,156914
36.55839967727661,156914
36.55923390388489,156914
36.560057640075684,156914
36.5616512298584,156914
36.56248164176941,156914
36.563313484191895,156914
36.56414604187012,156914
36.565752267837524,156914
36.56658172607422,156914
36.56741237640381,156914
36.56824207305908,156914
36.56907033920288,156914
36.57066488265991,156914
36.5714967250824,156914
36.572322368621826,156914
36.57315444946289,156914
36.57475996017456,156914
36.57558822631836,156914
36.57642102241516,156914
36.577250480651855,156914
36.57808208465576,156914
36.57966899871826,156914
36.58050227165222,156914
36.58133673667908,156914
36.58216619491577,156914
36.58375811576843,156914
36.584596395492554,156914
36.585429191589355,156914
36.58625888824463,156914
36.58708453178406,156914
36.58867287635803,156914
36.589505672454834,156914
36.59033751487732,156914
36.591166496276855,156914
36.59276080131531,156914
36.593589544296265,156914
36.59443140029907,156914
36.59526085853577,156914
36.59609246253967,156914
36.59768462181091,156914
36.59851384162903,156914
36.599347829818726,156914
36.600170373916626,156914
36.601771116256714,156914
36.602599143981934,156914
36.60342597961426,156914
36.60426592826843,156914
36.60509657859802,156914
36.60669207572937,156914
36.60752272605896,156914
36.60835242271423,156914
36.60917806625366,156914
36.610010862350464,156914
36.611602544784546,156914
36.6124370098114,156914
36.61326742172241,156914
36.61410641670227,156914
36.61569833755493,156914
36.61652326583862,156914
36.61735653877258,156914
36.6181800365448,156914
36.619014263153076,156914
36.62060785293579,156914
36.62144160270691,156914
36.622273206710815,156914
36.62309646606445,156914
36.62470364570618,156914
36.625534772872925,156914
36.626365661621094,156914
36.62718915939331,156914
36.62802577018738,156914
36.62961530685425,156914
36.630449056625366,156914
36.63127851486206,156914
36.63210701942444,156914
36.633708000183105,156914
36.63454246520996,156914
36.63537526130676,156914
36.63620686531067,156914
36.637035846710205,156914
36.6386239528656,156914
36.63945770263672,156914
36.640292167663574,156914
36.64111399650574,156914
36.64271020889282,156914
36.64354085922241,156914
36.6443817615509,156914
36.64521265029907,156914
36.64604449272156,156914
36.64763689041138,156914
36.6484637260437,156914
36.64929389953613,156914
36.650121450424194,156914
36.65171575546265,156914
36.65255069732666,156914
36.65337657928467,156914
36.65421485900879,156914
36.655051708221436,156914
36.6566436290741,156914
36.657472133636475,156914
36.65830087661743,156914
36.65913152694702,156914
36.66072654724121,156914
36.66155767440796,156914
36.66238808631897,156914
36.66321420669556,156914
36.66405653953552,156914
36.66564750671387,156914
36.666481733322144,156914
36.66731071472168,156914
36.66814041137695,156914
36.669743061065674,156914
36.67057251930237,156914
36.67140340805054,156914
36.67223262786865,156914
36.67306733131409,156914
36.67467141151428,156914
36.6754994392395,156914
36.67633128166199,156914
36.67716431617737,156914
36.6787543296814,156914
36.67958474159241,156914
36.680416107177734,156914
36.68124294281006,156914
36.68207669258118,156914
36.68367314338684,156914
36.68451261520386,156914
36.68534302711487,156914
36.686166286468506,156914
36.68776869773865,156914
36.688600301742554,156914
36.6894314289093,156914
36.69026327133179,156914
36.6910924911499,156914
36.69268798828125,156914
36.69352197647095,156914
36.69436764717102,156914
36.69519090652466,156914
36.69602394104004,156914
36.69761514663696,156914
36.69844436645508,156914
36.69927430152893,156914
36.70009636878967,156914
36.701693058013916,156914
36.702521562576294,156914
36.703351974487305,156914
36.70418906211853,156914
36.70502424240112,156914
36.70661401748657,156914
36.70744442939758,156914
36.70827078819275,156914
36.70910024642944,156914
36.710695028305054,156914
36.71152472496033,156914
36.71235489845276,156914
36.71318030357361,156914
36.71402382850647,156914
36.71561932563782,156914
36.71644973754883,156914
36.71728205680847,156914
36.71810507774353,156914
36.71970796585083,156914
36.72053837776184,156914
36.72137475013733,156914
36.722201108932495,156914
36.72303318977356,156914
36.72463512420654,156914
36.72546648979187,156914
36.7262978553772,156914
36.727126121520996,156914
36.728721380233765,156914
36.72954988479614,156914
36.73038578033447,156914
36.73120927810669,156914
36.732046127319336,156914
36.73363375663757,156914
36.734474897384644,156914
36.73530721664429,156914
36.73614001274109,156914
36.737733602523804,156914
36.738561153411865,156914
36.73939538002014,156914
36.74022626876831,156914
36.74105405807495,156914
36.74265265464783,156914
36.74348330497742,156914
36.744324922561646,156914
36.7451536655426,156914
36.74674868583679,156914
36.74758005142212,156914
36.74841022491455,156914
36.74924278259277,156914
36.750070571899414,156914
36.75166583061218,156914
36.75249981880188,156914
36.75333333015442,156914
36.754175901412964,156914
36.75577092170715,156914
36.7566032409668,156914
36.75743579864502,156914
36.75826692581177,156914
36.75909090042114,156914
36.760687828063965,156914
36.76151490211487,156914
36.76234745979309,156914
36.76317286491394,156914
36.76401400566101,156914
36.76560425758362,156914
36.766438722610474,156914
36.76726722717285,156914
36.768096923828125,156914
36.76969075202942,156914
36.770519495010376,156914
36.77135229110718,156914
36.772181272506714,156914
36.773008584976196,156914
36.77460813522339,156914
36.775437355041504,156914
36.77626872062683,156914
36.77709412574768,156914
36.77868461608887,156914
36.779515981674194,156914
36.78034710884094,156914
36.78117609024048,156914
36.78201389312744,156914
36.78359794616699,156914
36.784438610076904,156914
36.78526997566223,156914
36.78609800338745,156914
36.7876935005188,156914
36.788522481918335,156914
36.78935718536377,156914
36.79018473625183,156914
36.79102039337158,156914
36.792608976364136,156914
36.79343771934509,156914
36.79427719116211,156914
36.795103549957275,156914
36.796695947647095,156914
36.797526121139526,156914
36.798359632492065,156914
36.79918956756592,156914
36.8000226020813,156914
36.8016152381897,156914
36.802449226379395,156914
36.80327796936035,156914
36.80412149429321,156914
36.8057165145874,156914
36.80654716491699,156914
36.80738019943237,156914
36.80820369720459,156914
36.80903649330139,156914
36.81062650680542,156914
36.8114595413208,156914
36.81229329109192,156914
36.81312084197998,156914
36.814725399017334,156914
36.81555509567261,156914
36.816386222839355,156914
36.81721210479736,156914
36.81804537773132,156914
36.819642066955566,156914
36.820472717285156,156914
36.82130455970764,156914
36.82212853431702,156914
36.82372426986694,156914
36.82456874847412,156914
36.82539486885071,156914
36.82623076438904,156914
36.82705736160278,156914
36.82865023612976,156914
36.82948279380798,156914
36.830312967300415,156914
36.83114218711853,156914
36.83273410797119,156914
36.83356714248657,156914
36.83440899848938,156914
36.83523917198181,156914
36.83606791496277,156914
36.837660789489746,156914
36.838494062423706,156914
36.839327812194824,156914
36.840155601501465,156914
36.841755867004395,156914
36.84258437156677,156914
36.84341859817505,156914
36.844260931015015,156914
36.845086097717285,156914
36.84667468070984,156914
36.84750437736511,156914
36.848342418670654,156914
36.8491690158844,156914
36.85076928138733,156914
36.85159993171692,156914
36.85243010520935,156914
36.85326385498047,156914
36.85409712791443,156914
36.85569214820862,156914
36.85651922225952,156914
36.85734963417053,156914
36.85817313194275,156914
36.85900664329529,156914
36.860596895217896,156914
36.861427783966064,156914
36.8622624874115,156914
36.863089084625244,156914
36.86469316482544,156914
36.865522623062134,156914
36.866358041763306,156914
36.86718034744263,156914
36.868014097213745,156914
36.86960434913635,156914
36.870439291000366,156914
36.87127065658569,156914
36.872098207473755,156914
36.87369394302368,156914
36.87453103065491,156914
36.87536573410034,156914
36.87619376182556,156914
36.87702441215515,156914
36.87861895561218,156914
36.87945079803467,156914
36.88028383255005,156914
36.88110637664795,156914
36.88270378112793,156914
36.88353180885315,156914
36.884371519088745,156914
36.88519787788391,156914
36.88603210449219,156914
36.88762640953064,156914
36.888458013534546,156914
36.88928532600403,156914
36.89011573791504,156914
36.89171314239502,156914
36.89254283905029,156914
36.893378257751465,156914
36.89421105384827,156914
36.89504909515381,156914
36.896639823913574,156914
36.897470474243164,156914
36.89830493927002,156914
36.89913034439087,156914
36.900734186172485,156914
36.90156030654907,156914
36.902392625808716,156914
36.9032256603241,156914
36.904064655303955,156914
36.905656814575195,156914
36.90648698806763,156914
36.90731763839722,156914
36.90814256668091,156914
36.90974283218384,156914
36.91057825088501,156914
36.91140913963318,156914
36.912243127822876,156914
36.91306781768799,156914
36.914668798446655,156914
36.91550016403198,156914
36.91632914543152,156914
36.91715717315674,156914
36.918761253356934,156914
36.919593811035156,156914
36.920422077178955,156914
36.92125344276428,156914
36.92207956314087,156914
36.92367076873779,156914
36.924511671066284,156914
36.92534065246582,156914
36.92616653442383,156914
36.92776608467102,156914
36.92859697341919,156914
36.92942786216736,156914
36.9302613735199,156914
36.931087017059326,156914
36.93268013000488,156914
36.93351435661316,156914
36.934354305267334,156914
36.935184955596924,156914
36.936012744903564,156914
36.937604665756226,156914
36.93843412399292,156914
36.93926239013672,156914
36.94008946418762,156914
36.94168758392334,156914
36.94251561164856,156914
36.94335222244263,156914
36.944188356399536,156914
36.94502592086792,156914
36.94662022590637,156914
36.9474515914917,156914
36.94828462600708,156914
36.94910526275635,156914
36.950706243515015,156914
36.951536655426025,156914
36.95236945152283,156914
36.95319318771362,156914
36.95403337478638,156914
36.95562529563904,156914
36.95645880699158,156914
36.95729184150696,156914
36.95811653137207,156914
36.9597065448761,156914
36.96053767204285,156914
36.961369037628174,156914
36.96219825744629,156914
36.96302914619446,156914
36.96462845802307,156914
36.96545696258545,156914
36.966291666030884,156914
36.96711468696594,156914
36.968708515167236,156914
36.969537019729614,156914
36.97036838531494,156914
36.97119212150574,156914
36.972028732299805,156914
36.97362208366394,156914
36.974464893341064,156914
36.975297927856445,156914
36.976115226745605,156914
36.97772002220154,156914
36.97854995727539,156914
36.979379177093506,156914
36.98020815849304,156914
36.981038331985474,156914
36.982630014419556,156914
36.98346281051636,156914
36.98430299758911,156914
36.98513078689575,156914
36.98673057556152,156914
36.98756194114685,156914
36.9883930683136,156914
36.989216804504395,156914
36.99005341529846,156914
36.991649866104126,156914
36.99248003959656,156914
36.99330949783325,156914
36.99414587020874,156914
36.99575066566467,156914
36.996582984924316,156914
36.9974148273468,156914
36.99824285507202,156914
36.99907374382019,156914
37.00066304206848,156914
37.00149750709534,156914
37.002328872680664,156914
37.00315284729004,156914
37.004764795303345,156914
37.00559401512146,156914
37.006428480148315,156914
37.00725531578064,156914
37.00808930397034,156914
37.00967812538147,156914
37.01050543785095,156914
37.011343479156494,156914
37.0121693611145,156914
37.01377320289612,156914
37.01461124420166,156914
37.01544523239136,156914
37.01627826690674,156914
37.01710104942322,156914
37.01869535446167,156914
37.01952266693115,156914
37.02035641670227,156914
37.021186113357544,156914
37.022011518478394,156914
37.023603677749634,156914
37.024444341659546,156914
37.02527642250061,156914
37.02609968185425,156914
37.02769684791565,156914
37.028528690338135,156914
37.029362201690674,156914
37.0301878452301,156914
37.03102254867554,156914
37.03261184692383,156914
37.033445835113525,156914
37.03428864479065,156914
37.035109519958496,156914
37.03670644760132,156914
37.03753662109375,156914
37.03836703300476,156914
37.03919434547424,156914
37.04003143310547,156914
37.04162263870239,156914
37.04245114326477,156914
37.043277978897095,156914
37.04411482810974,156914
37.045714378356934,156914
37.04654335975647,156914
37.04737329483032,156914
37.04820728302002,156914
37.04903173446655,156914
37.05062794685364,156914
37.05145573616028,156914
37.052286863327026,156914
37.053115367889404,156914
37.054718017578125,156914
37.05554795265198,156914
37.056376218795776,156914
37.05720090866089,156914
37.05803179740906,156914
37.05962657928467,156914
37.060455322265625,156914
37.061288356781006,156914
37.062114238739014,156914
37.063711643218994,156914
37.06454682350159,156914
37.06537652015686,156914
37.06620454788208,156914
37.06703853607178,156914
37.06862926483154,156914
37.06946158409119,156914
37.07029414176941,156914
37.07110929489136,156914
37.07270908355713,156914
37.07354140281677,156914
37.07438516616821,156914
37.07521963119507,156914
37.076056241989136,156914
37.07764935493469,156914
37.0784809589386,156914
37.079312324523926,156914
37.08014106750488,156914
37.08174180984497,156914
37.08257055282593,156914
37.08340382575989,156914
37.08424401283264,156914
37.085073947906494,156914
37.086665630340576,156914
37.08749294281006,156914
37.08832502365112,156914
37.08915376663208,156914
37.09075164794922,156914
37.091583013534546,156914
37.092416286468506,156914
37.09324288368225,156914
37.09408760070801,156914
37.09567975997925,156914
37.09651827812195,156914
37.09735035896301,156914
37.09818124771118,156914
37.09901237487793,156914
37.100600242614746,156914
37.10143494606018,156914
37.10226821899414,156914
37.10309147834778,156914
37.10469579696655,156914
37.10552620887756,156914
37.1063597202301,156914
37.10718369483948,156914
37.1080162525177,156914
37.10960817337036,156914
37.11043572425842,156914
37.111268520355225,156914
37.112090826034546,156914
37.11368942260742,156914
37.11452889442444,156914
37.115363359451294,156914
37.11618614196777,156914
37.11702060699463,156914
37.11860799789429,156914
37.119441509246826,156914
37.12027430534363,156914
37.12110137939453,156914
37.12269854545593,156914
37.12352705001831,156914
37.12437343597412,156914
37.12519907951355,156914
37.12603211402893,156914
37.127625942230225,156914
37.12845706939697,156914
37.129289388656616,156914
37.130117654800415,156914
37.13171029090881,156914
37.132540702819824,156914
37.133371353149414,156914
37.13420486450195,156914
37.135040283203125,156914
37.13663458824158,156914
37.13746690750122,156914
37.13829588890076,156914
37.1391224861145,156914
37.14071774482727,156914
37.141549825668335,156914
37.14238262176514,156914
37.14321231842041,156914
37.144049406051636,156914
37.14564037322998,156914
37.146255016326904,156914
37.147175312042236,156914
37.14809274673462,156914
37.14901041984558,156914
37.1503632068634,156914
37.151280879974365,156914
37.1522011756897,156914
37.15312099456787,156914
37.15404415130615,156914
37.15540099143982,156914
37.15631985664368,156914
37.157238721847534,156914
37.15815496444702,156914
37.15907168388367,156914
37.1604278087616,156914
37.161346673965454,156914
37.16226577758789,156914
37.163185358047485,156914
37.16411471366882,156914
37.165029525756836,156914
37.16638803482056,156914
37.16730809211731,156914
37.168227195739746,156914
37.16914916038513,156914
37.17006802558899,156914
37.17142415046692,156914
37.17234253883362,156914
37.17326259613037,156914
37.17419624328613,156914
37.175113916397095,156914
37.17603087425232,156914
37.17738628387451,156914
37.178305864334106,156914
37.17922401428223,156914
37.18014168739319,156914
37.18105745315552,156914
37.18241333961487,156914
37.18333673477173,156914
37.184266567230225,156914
37.18518877029419,156914
37.18610453605652,156914
37.18701910972595,156914
37.188374042510986,156914
37.189292430877686,156914
37.190210580825806,156914
37.19112849235535,156914
37.1920440196991,156914
37.19339966773987,156914
37.19432806968689,156914
37.195244550704956,156914
37.19616460800171,156914
37.197083711624146,156914
37.1984429359436,156914
37.19935894012451,156914
37.20027756690979,156914
37.20119762420654,156914
37.202117681503296,156914
37.20303416252136,156914
37.20439910888672,156914
37.2053165435791,156914
37.2062349319458,156914
37.20715260505676,156914
37.20806670188904,156914
37.2094202041626,156914
37.210336446762085,156914
37.21125626564026,156914
37.21217608451843,156914
37.2130970954895,156914
37.21402430534363,156914
37.21538209915161,156914
37.21630072593689,156914
37.217217206954956,156914
37.218135595321655,156914
37.2190523147583,156914
37.22040557861328,156914
37.22131872177124,156914
37.22224044799805,156914
37.22316265106201,156914
37.224085330963135,156914
37.22500562667847,156914
37.22636103630066,156914
37.22728109359741,156914
37.22819781303406,156914
37.22911715507507,156914
37.23003578186035,156914
37.231390953063965,156914
37.23230504989624,156914
37.23322820663452,156914
37.23415803909302,156914
37.2350754737854,156914
37.236430644989014,156914
37.23734903335571,156914
37.23826742172241,156914
37.23918533325195,156914
37.24010372161865,156914
37.241018772125244,156914
37.242372035980225,156914
37.24328970909119,156914
37.24422073364258,156914
37.24514436721802,156914
37.24606132507324,156914
37.247413635253906,156914
37.248329639434814,156914
37.249248027801514,156914
37.25016474723816,156914
37.251078605651855,156914
37.25243330001831,156914
37.25334668159485,156914
37.25427460670471,156914
37.2551953792572,156914
37.256115436553955,156914
37.25702977180481,156914
37.25838804244995,156914
37.2593047618866,156914
37.260228395462036,156914
37.26114535331726,156914
37.2620644569397,156914
37.263423204422,156914
37.264350175857544,156914
37.265268325805664,156914
37.26618957519531,156914
37.26711082458496,156914
37.26802897453308,156914
37.26938462257385,156914
37.27030038833618,156914
37.2712242603302,156914
37.272144079208374,156914
37.2730598449707,156914
37.274428844451904,156914
37.275346994400024,156914
37.276264905929565,156914
37.27718472480774,156914
37.2781035900116,156914
37.27901887893677,156914
37.28037238121033,156914
37.28128790855408,156914
37.282207012176514,156914
37.28312349319458,156914
37.28404998779297,156914
37.28540921211243,156914
37.286327600479126,156914
37.28724718093872,156914
37.288167238235474,156914
37.28908562660217,156914
37.29043889045715,156914
37.29135274887085,156914
37.29227304458618,156914
37.29319477081299,156914
37.29412221908569,156914
37.2950394153595,156914
37.2963969707489,156914
37.29731369018555,156914
37.298235177993774,156914
37.29915904998779,156914
37.300074100494385,156914
37.30143427848816,156914
37.30235028266907,156914
37.30326986312866,156914
37.304200887680054,156914
37.30512046813965,156914
37.306034564971924,156914
37.307387351989746,156914
37.30830121040344,156914
37.30921697616577,156914
37.31013607978821,156914
37.311054706573486,156914
37.312411069869995,156914
37.313326597213745,156914
37.314255237579346,156914
37.31517434120178,156914
37.316089391708374,156914
37.3170051574707,156914
37.31835722923279,156914
37.319276571273804,156914
37.32019352912903,156914
37.321115016937256,156914
37.3220329284668,156914
37.323386430740356,156914
37.32430982589722,156914
37.325231075286865,156914
37.32614755630493,156914
37.32705998420715,156914
37.32841396331787,156914
37.329330921173096,156914
37.33024764060974,156914
37.33116555213928,156914
37.33208346366882,156914
37.33343720436096,156914
37.334360122680664,156914
37.33527636528015,156914
37.336193561553955,156914
37.337114572525024,156914
37.33802771568298,156914
37.33937931060791,156914
37.34029746055603,156914
37.34121489524841,156914
37.34213066101074,156914
37.343047857284546,156914
37.34441304206848,156914
37.345329999923706,156914
37.34625029563904,156914
37.347166538238525,156914
37.34808564186096,156914
37.3494393825531,156914
37.35035419464111,156914
37.35126781463623,156914
37.35218834877014,156914
37.35310435295105,156914
37.35403394699097,156914
37.35538983345032,156914
37.35630440711975,156914
37.35722517967224,156914
37.35814666748047,156914
37.35906386375427,156914
37.360419034957886,156914
37.36133575439453,156914
37.36225438117981,156914
37.36317420005798,156914
37.364100217819214,156914
37.365018367767334,156914
37.36637330055237,156914
37.36729025840759,156914
37.368207693099976,156914
37.36912703514099,156914
37.37004208564758,156914
37.37139534950256,156914
37.37231206893921,156914
37.37323307991028,156914
37.3741672039032,156914
37.3750855922699,156914
37.376442432403564,156914
37.37736105918884,156914
37.37828016281128,156914
37.37920069694519,156914
37.38011884689331,156914
37.38103628158569,156914
37.38239097595215,156914
37.383307456970215,156914
37.38424110412598,156914
37.38516092300415,156914
37.38607382774353,156914
37.387428522109985,156914
37.388346672058105,156914
37.38926386833191,156914
37.39018154144287,156914
37.391101360321045,156914
37.39201474189758,156914
37.39336681365967,156914
37.39429593086243,156914
37.39521789550781,156914
37.396138191223145,156914
37.397051095962524,156914
37.39840745925903,156914
37.39932703971863,156914
37.4002480506897,156914
37.40116548538208,156914
37.40208101272583,156914
37.40343403816223,156914
37.404361963272095,156914
37.40527868270874,156914
37.40619516372681,156914
37.40711450576782,156914
37.40802764892578,156914
37.40938687324524,156914
37.41030216217041,156914
37.41122341156006,156914
37.41214036941528,156914
37.41305613517761,156914
37.41441798210144,156914
37.41533422470093,156914
37.41625165939331,156914
37.417171001434326,156914
37.41808295249939,156914
37.41943550109863,156914
37.42034959793091,156914
37.42126679420471,156914
37.422187089920044,156914
37.42311120033264,156914
37.42403268814087,156914
37.42538928985596,156914
37.42630624771118,156914
37.427226066589355,156914
37.42815017700195,156914
37.4290657043457,156914
37.43042325973511,156914
37.43133783340454,156914
37.43225836753845,156914
37.433180809020996,156914
37.43410897254944,156914
37.43502593040466,156914
37.436378479003906,156914
37.43729639053345,156914
37.438215494155884,156914
37.43913221359253,156914
37.44005084037781,156914
37.44140601158142,156914
37.442323207855225,156914
37.44324064254761,156914
37.444172859191895,156914
37.44508910179138,156914
37.446003913879395,156914
37.44735670089722,156914
37.44827389717102,156914
37.44918990135193,156914
37.45010805130005,156914
37.45102667808533,156914
37.45237898826599,156914
37.453296184539795,156914
37.45422697067261,156914
37.4551465511322,156914
37.456063747406006,156914
37.457417249679565,156914
37.45833444595337,156914
37.45925426483154,156914
37.46017360687256,156914
37.461092472076416,156914
37.46201038360596,156914
37.46336221694946,156914
37.46428942680359,156914
37.465211629867554,156914
37.466131925582886,156914
37.467047929763794,156914
37.4684042930603,156914
37.46932125091553,156914
37.47023892402649,156914
37.471153259277344,156914
37.472068548202515,156914
37.473421573638916,156914
37.47434639930725,156914
37.475263595581055,156914
37.476181745529175,156914
37.47709846496582,156914
37.47801494598389,156914
37.479365825653076,156914
37.480286836624146,156914
37.481207847595215,156914
37.48212480545044,156914
37.48304319381714,156914
37.48441171646118,156914
37.48532772064209,156914
37.486244201660156,156914
37.487165689468384,156914
37.488085985183716,156914
37.489439964294434,156914
37.490355253219604,156914
37.49127769470215,156914
37.4921977519989,156914
37.4931161403656,156914
37.49404335021973,156914
37.495399951934814,156914
37.49631667137146,156914
37.49723482131958,156914
37.498154163360596,156914
37.49907469749451,156914
37.500428915023804,156914
37.50134491920471,156914
37.50226330757141,156914
37.50318264961243,156914
37.50410795211792,156914
37.50502371788025,156914
37.506380796432495,156914
37.50729823112488,156914
37.508214712142944,156914
37.50913381576538,156914
37.51005148887634,156914
37.51140546798706,156914
37.512319803237915,156914
37.51324105262756,156914
37.51416802406311,156914
37.515082359313965,156914
37.51602077484131,156914
37.517375230789185,156914
37.518293619155884,156914
37.51921200752258,156914
37.52013111114502,156914
37.521048069000244,156914
37.52240014076233,156914
37.52331328392029,156914
37.52424478530884,156914
37.52516269683838,156914
37.52607798576355,156914
37.52743339538574,156914
37.52834677696228,156914
37.529266357421875,156914
37.53018665313721,156914
37.53110456466675,156914
37.5320188999176,156914
37.53337502479553,156914
37.534303188323975,156914
37.535223960876465,156914
37.53614330291748,156914
37.53706097602844,156914
37.53841280937195,156914
37.53933000564575,156914
37.540247440338135,156914
37.54116415977478,156914
37.542080879211426,156914
37.54343795776367,156914
37.54436254501343,156914
37.54528093338013,156914
37.54620313644409,156914
37.547120809555054,156914
37.54803681373596,156914
37.54939031600952,156914
37.55030822753906,156914
37.55122900009155,156914
37.552146673202515,156914
37.553067207336426,156914
37.55443620681763,156914
37.55535340309143,156914
37.556270599365234,156914
37.55719518661499,156914
37.55811405181885,156914
37.559027910232544,156914
37.56038022041321,156914
37.561299324035645,156914
37.56222057342529,156914
37.563138008117676,156914
37.564064502716064,156914
37.56541895866394,156914
37.56633448600769,156914
37.567254304885864,156914
37.56817269325256,156914
37.569087982177734,156914
37.57000422477722,156914
37.57136416435242,156914
37.572285413742065,156914
37.573206186294556,156914
37.574132204055786,156914
37.575048208236694,156914
37.57640552520752,156914
37.57732343673706,156914
37.57824230194092,156914
37.57916188240051,156914
37.58008146286011,156914
37.581433057785034,156914
37.582348346710205,156914
37.58326721191406,156914
37.584200620651245,156914
37.58511686325073,156914
37.58603382110596,156914
37.58738946914673,156914
37.58830738067627,156914
37.58922529220581,156914
37.5901460647583,156914
37.59106087684631,156914
37.592414140701294,156914
37.59332990646362,156914
37.59426426887512,156914
37.59518623352051,156914
37.59610629081726,156914
37.59702134132385,156914
37.598376989364624,156914
37.59929537773132,156914
37.60021448135376,156914
37.6011323928833,156914
37.60205054283142,156914
37.603405475616455,156914
37.60433101654053,156914
37.60525369644165,156914
37.6061737537384,156914
37.60708999633789,156914
37.608009338378906,156914
37.6093647480011,156914
37.61028528213501,156914
37.61120533943176,156914
37.61212635040283,156914
37.61304235458374,156914
37.614410161972046,156914
37.61532640457153,156914
37.61624503135681,156914
37.61716604232788,156914
37.618085861206055,156914
37.61900568008423,156914
37.62036204338074,156914
37.621280908584595,156914
37.62220072746277,156914
37.623120069503784,156914
37.62404727935791,156914
37.62540030479431,156914
37.626315116882324,156914
37.62723445892334,156914
37.628151416778564,156914
37.629065990448,156914
37.63042140007019,156914
37.63134002685547,156914
37.632259130477905,156914
37.63317894935608,156914
37.63410687446594,156914
37.635026693344116,156914
37.63637733459473,156914
37.63729643821716,156914
37.63821506500244,156914
37.6391339302063,156914
37.640050411224365,156914
37.641406774520874,156914
37.642324686050415,156914
37.64324355125427,156914
37.644171953201294,156914
37.64509057998657,156914
37.64600658416748,156914
37.64736080169678,156914
37.64828300476074,156914
37.64920425415039,156914
37.650120973587036,156914
37.651036977767944,156914
37.65239143371582,156914
37.6533043384552,156914
37.654234170913696,156914
37.65515351295471,156914
37.656068325042725,156914
37.657421827316284,156914
37.658339977264404,156914
37.65925931930542,156914
37.660176515579224,156914
37.6610951423645,156914
37.66200876235962,156914
37.6633620262146,156914
37.664287090301514,156914
37.66520595550537,156914
37.66612219810486,156914
37.667036294937134,156914
37.668389320373535,156914
37.66930651664734,156914
37.670226097106934,156914
37.671146631240845,156914
37.67206311225891,156914
37.67341923713684,156914
37.674344062805176,156914
37.675262689590454,156914
37.67617917060852,156914
37.67709565162659,156914
37.67801594734192,156914
37.67936992645264,156914
37.68028688430786,156914
37.68120336532593,156914
37.68212008476257,156914
37.6830358505249,156914
37.684401988983154,156914
37.6853187084198,156914
37.6862359046936,156914
37.687156200408936,156914
37.68807077407837,156914
37.689428091049194,156914
37.69034457206726,156914
37.69126057624817,156914
37.692177295684814,156914
37.693095684051514,156914
37.69402098655701,156914
37.69538402557373,156914
37.696298599243164,156914
37.69721698760986,156914
37.698137521743774,156914
37.69905066490173,156914
37.70040941238403,156914
37.70132660865784,156914
37.70224094390869,156914
37.70316028594971,156914
37.70408606529236,156914
37.70500349998474,156914
37.7063570022583,156914
37.707277059555054,156914
37.70819354057312,156914
37.709112882614136,156914
37.71002554893494,156914
37.71137976646423,156914
37.71229815483093,156914
37.71321511268616,156914
37.71414041519165,156914
37.715054750442505,156914
37.716410398483276,156914
37.71732687950134,156914
37.71826887130737,156914
37.719189405441284,156914
37.7201087474823,156914
37.72102642059326,156914
37.72237801551819,156914
37.72329545021057,156914
37.72422528266907,156914
37.72513961791992,156914
37.72605872154236,156914
37.72741484642029,156914
37.72832942008972,156914
37.72924590110779,156914
37.73017644882202,156914
37.73109579086304,156914
37.732008934020996,156914
37.733362436294556,156914
37.73429012298584,156914
37.735209465026855,156914
37.73612880706787,156914
37.73704409599304,156914
37.738402128219604,156914
37.73931813240051,156914
37.74023365974426,156914
37.74115324020386,156914
37.74207043647766,156914
37.74342393875122,156914
37.74434733390808,156914
37.745264530181885,156914
37.74618363380432,156914
37.747101068496704,156914
37.74801588058472,156914
37.74936819076538,156914
37.75028347969055,156914
37.751201152801514,156914
37.752121925354004,156914
37.75303649902344,156914
37.75440073013306,156914
37.755313873291016,156914
37.756234645843506,156914
37.757153272628784,156914
37.75806736946106,156914
37.7594199180603,156914
37.760338306427,156914
37.7612566947937,156914
37.762173652648926,156914
37.76309394836426,156914
37.76402044296265,156914
37.76537466049194,156914
37.766289472579956,156914
37.7672073841095,156914
37.76812434196472,156914
37.769039154052734,156914
37.770394802093506,156914
37.771310806274414,156914
37.772231101989746,156914
37.77315044403076,156914
37.77407431602478,156914
37.77543091773987,156914
37.77634572982788,156914
37.77725958824158,156914
37.77818155288696,156914
37.779099464416504,156914
37.780014991760254,156914
37.78136873245239,156914
37.78228545188904,156914
37.783204078674316,156914
37.78413009643555,156914
37.78504514694214,156914
37.78639793395996,156914
37.78731369972229,156914
37.78822922706604,156914
37.789148569107056,156914
37.790064096450806,156914
37.79141807556152,156914
37.792335510253906,156914
37.793256759643555,156914
37.79418706893921,156914
37.795106172561646,156914
37.79602599143982,156914
37.797380208969116,156914
37.798299074172974,156914
37.79921889305115,156914
37.80014085769653,156914
37.80105757713318,156914
37.802412271499634,156914
37.803329944610596,156914
37.80426335334778,156914
37.805179834365845,156914
37.80610203742981,156914
37.80702066421509,156914
37.808375120162964,156914
37.80929470062256,156914
37.810216426849365,156914
37.81113338470459,156914
37.812045097351074,156914
37.81340050697327,156914
37.8143265247345,156914
37.815248250961304,156914
37.81616950035095,156914
37.81708645820618,156914
37.81800436973572,156914
37.81936168670654,156914
37.82028150558472,156914
37.821202754974365,156914
37.822123527526855,156914
37.8230402469635,156914
37.82440519332886,156914
37.82532334327698,156914
37.82624387741089,156914
37.82716393470764,156914
37.82807946205139,156914
37.82943797111511,156914
37.83035469055176,156914
37.831273317337036,156914
37.832191944122314,156914
37.83311057090759,156914
37.83403253555298,156914
37.83538889884949,156914
37.836304903030396,156914
37.837228298187256,156914
37.83814883232117,156914
37.83906435966492,156914
37.84042406082153,156914
37.84134125709534,156914
37.84226036071777,156914
37.843177318573,156914
37.844106674194336,156914
37.84502577781677,156914
37.846381425857544,156914
37.84729838371277,156914
37.84821963310242,156914
37.84913659095764,156914
37.85005021095276,156914
37.85140562057495,156914
37.852322578430176,156914
37.853243827819824,156914
37.854188442230225,156914
37.8551082611084,156914
37.85602402687073,156914
37.85737323760986,156914
37.85828900337219,156914
37.859206676483154,156914
37.860124588012695,156914
37.86103963851929,156914
37.86239814758301,156914
37.86331653594971,156914
37.86424684524536,156914
37.86516451835632,156914
37.86608552932739,156914
37.867005586624146,156914
37.86835861206055,156914
37.86927509307861,156914
37.87019491195679,156914
37.87111711502075,156914
37.87203288078308,156914
37.87338995933533,156914
37.87431621551514,156914
37.87523603439331,156914
37.876152753829956,156914
37.87706971168518,156914
37.87842559814453,156914
37.879340410232544,156914
37.88025903701782,156914
37.881179094314575,156914
37.882099628448486,156914
37.88301658630371,156914
37.88437628746033,156914
37.88529348373413,156914
37.886218786239624,156914
37.88713884353638,156914
37.88805866241455,156914
37.88941431045532,156914
37.89033246040344,156914
37.89124917984009,156914
37.892169713974,156914
37.89308738708496,156914
37.89401292800903,156914
37.89537000656128,156914
37.89628791809082,156914
37.89720702171326,156914
37.898123264312744,156914
37.89903903007507,156914
37.90039682388306,156914
37.901315450668335,156914
37.90223407745361,156914
37.90315270423889,156914
37.904078245162964,156914
37.90543484687805,156914
37.906349897384644,156914
37.907270669937134,156914
37.908190965652466,156914
37.909106492996216,156914
37.910024881362915,156914
37.911381006240845,156914
37.912298917770386,156914
37.91321778297424,156914
37.9141480922699,156914
37.91506385803223,156914
37.91641926765442,156914
37.917335510253906,156914
37.91825819015503,156914
37.91917657852173,156914
37.92009449005127,156914
37.92101454734802,156914
37.92236948013306,156914
37.92328763008118,156914
37.92421627044678,156914
37.925135374069214,156914
37.926050662994385,156914
37.92740607261658,156914
37.92832088470459,156914
37.929240465164185,156914
37.93015909194946,156914
37.931072473526,156914
37.93242788314819,156914
37.933345556259155,156914
37.934277057647705,156914
37.9351966381073,156914
37.93611669540405,156914
37.93703365325928,156914
37.938392639160156,156914
37.93931031227112,156914
37.94023013114929,156914
37.941149950027466,156914
37.9420645236969,156914
37.9434232711792,156914
37.94434976577759,156914
37.94526982307434,156914
37.94618797302246,156914
37.94710850715637,156914
37.9480242729187,156914
37.94937825202942,156914
37.950297355651855,156914
37.95121741294861,156914
37.95213723182678,156914
37.95305037498474,156914
37.95441555976868,156914
37.95533561706543,156914
37.956255197525024,156914
37.95717477798462,156914
37.95809841156006,156914
37.9590163230896,156914
37.96037006378174,156914
37.96128535270691,156914
37.96220421791077,156914
37.963127851486206,156914
37.964051961898804,156914
37.96540570259094,156914
37.966325998306274,156914
37.9672474861145,156914
37.96816539764404,156914
37.96908617019653,156914
37.97043967247009,156914
37.971357583999634,156914
37.972275495529175,156914
37.973196506500244,156914
37.97412347793579,156914
37.97503876686096,156914
37.97638726234436,156914
37.97730350494385,156914
37.97822690010071,156914
37.97914695739746,156914
37.980064153671265,156914
37.98141932487488,156914
37.98233604431152,156914
37.983256340026855,156914
37.984190225601196,156914
37.985107421875,156914
37.986021757125854,156914
37.98737406730652,156914
37.98829245567322,156914
37.98921227455139,156914
37.99012994766235,156914
37.991046667099,156914
37.992403745651245,156914
37.99331831932068,156914
37.9942467212677,156914
37.995168924331665,156914
37.99608659744263,156914
37.997440576553345,156914
37.99835515022278,156914
37.99927091598511,156914
38.00018906593323,156914
38.00110602378845,156914
38.00202393531799,156914
38.00337767601013,156914
38.00430512428284,156914
38.00522327423096,156914
38.006145000457764,156914
38.00706076622009,156914
38.00841808319092,156914
38.009337425231934,156914
38.01025748252869,156914
38.011176347732544,156914
38.01209568977356,156914
38.01301336288452,156914
38.01437950134277,156914
38.015297412872314,156914
38.01621651649475,156914
38.01713299751282,156914
38.01804828643799,156914
38.01940369606018,156914
38.020318031311035,156914
38.02123522758484,156914
38.02215528488159,156914
38.02306938171387,156914
38.02443218231201,156914
38.025349378585815,156914
38.026267290115356,156914
38.027183532714844,156914
38.02810001373291,156914
38.029014348983765,156914
38.03036689758301,156914
38.031283140182495,156914
38.03220272064209,156914
38.03312087059021,156914
38.03404498100281,156914
38.035400390625,156914
38.03631782531738,156914
38.03723621368408,156914
38.03815722465515,156914
38.03907513618469,156914
38.04043102264404,156914
38.04134774208069,156914
38.04226732254028,156914
38.04318642616272,156914
38.04411506652832,156914
38.04503417015076,156914
38.04639148712158,156914
38.04730725288391,156914
38.04822850227356,156914
38.04914665222168,156914
38.05006289482117,156914
38.05141854286194,156914
38.052335262298584,156914
38.05325198173523,156914
38.05418133735657,156914
38.05509877204895,156914
38.056012868881226,156914
38.05736470222473,156914
38.058290243148804,156914
38.059207916259766,156914
38.06012511253357,156914
38.06104326248169,156914
38.062403440475464,156914
38.0633225440979,156914
38.06425166130066,156914
38.065170764923096,156914
38.066086769104004,156914
38.067004680633545,156914
38.06836271286011,156914
38.06928110122681,156914
38.07020306587219,156914
38.07112383842468,156914
38.07204461097717,156914
38.073402643203735,156914
38.074328899383545,156914
38.0752477645874,156914
38.07616925239563,156914
38.07709217071533,156914
38.07801055908203,156914
38.07937002182007,156914
38.08028817176819,156914
38.081210136413574,156914
38.082128286361694,156914
38.08305072784424,156914
38.0844202041626,156914
38.085336685180664,156914
38.08625602722168,156914
38.08718466758728,156914
38.08810234069824,156914
38.089019536972046,156914
38.09037137031555,156914
38.091288328170776,156914
38.09220552444458,156914
38.093122243881226,156914
38.09404802322388,156914
38.09540390968323,156914
38.09632110595703,156914
38.097238063812256,156914
38.09815764427185,156914
38.09907269477844,156914
38.10042715072632,156914
38.10134267807007,156914
38.10226368904114,156914
38.1031813621521,156914
38.104105710983276,156914
38.10502338409424,156914
38.10637712478638,156914
38.10729670524597,156914
38.10821199417114,156914
38.109132051467896,156914
38.11004710197449,156914
38.11140751838684,156914
38.11232399940491,156914
38.11324119567871,156914
38.11417245864868,156914
38.11508798599243,156914
38.116007566452026,156914
38.117361545562744,156914
38.11828064918518,156914
38.119197845458984,156914
38.120115518569946,156914
38.12103080749512,156914
38.12238526344299,156914
38.12329983711243,156914
38.12423086166382,156914
38.125152826309204,156914
38.1260712146759,156914
38.127424240112305,156914
38.12833857536316,156914
38.12925839424133,156914
38.13017654418945,156914
38.13109350204468,156914
38.13200926780701,156914
38.133360862731934,156914
38.13428854942322,156914
38.13520693778992,156914
38.13612389564514,156914
38.13703680038452,156914
38.138392210006714,156914
38.13931059837341,156914
38.140228033065796,156914
38.1411452293396,156914
38.14206147193909,156914
38.14342021942139,156914
38.14434504508972,156914
38.14526009559631,156914
38.14618134498596,156914
38.147101163864136,156914
38.14801526069641,156914
38.14936709403992,156914
38.15028762817383,156914
38.15120601654053,156914
38.15212678909302,156914
38.15304350852966,156914
38.154409408569336,156914
38.15533232688904,156914
38.156251430511475,156914
38.15717029571533,156914
38.15808653831482,156914
38.15944194793701,156914
38.16035795211792,156914
38.16127634048462,156914
38.162198066711426,156914
38.16311287879944,156914
38.16403651237488,156914
38.165390729904175,156914
38.16630721092224,156914
38.167224645614624,156914
38.16814041137695,156914
38.1690571308136,156914
38.17041230201721,156914
38.1713285446167,156914
38.17224860191345,156914
38.17316794395447,156914
38.17409038543701,156914
38.17500638961792,156914
38.17636299133301,156914
38.17728567123413,156914
38.17820453643799,156914
38.17912530899048,156914
38.180039405822754,156914
38.18139457702637,156914
38.18230748176575,156914
38.183228492736816,156914
38.18416237831116,156914
38.18507933616638,156914
38.18643569946289,156914
38.18735074996948,156914
38.188273668289185,156914
38.18919062614441,156914
38.190112829208374,156914
38.1910297870636,156914
38.19238209724426,156914
38.193296670913696,156914
38.194225549697876,156914
38.19514441490173,156914
38.19606161117554,156914
38.19741487503052,156914
38.198331117630005,156914
38.19924759864807,156914
38.20016312599182,156914
38.20107841491699,156914
38.202436208724976,156914
38.20335364341736,156914
38.20427894592285,156914
38.20519971847534,156914
38.206122398376465,156914
38.20704412460327,156914
38.20840120315552,156914
38.209320068359375,156914
38.21023941040039,156914
38.21116042137146,156914
38.21207857131958,156914
38.21343469619751,156914
38.21436285972595,156914
38.215280532836914,156914
38.216201066970825,156914
38.21711874008179,156914
38.218034744262695,156914
38.21939301490784,156914
38.22031092643738,156914
38.221230268478394,156914
38.22215008735657,156914
38.223063945770264,156914
38.22442960739136,156914
38.2253475189209,156914
38.22626709938049,156914
38.22718644142151,156914
38.22810769081116,156914
38.22902297973633,156914
38.23037934303284,156914
38.23129892349243,156914
38.2322199344635,156914
38.233134746551514,156914
38.234060764312744,156914
38.23541712760925,156914
38.23633551597595,156914
38.23725128173828,156914
38.238173484802246,156914
38.23909258842468,156914
38.24001121520996,156914
38.241366147994995,156914
38.24228477478027,156914
38.24320602416992,156914
38.24413299560547,156914
38.24505114555359,156914
38.24640345573425,156914
38.2473201751709,156914
38.248236656188965,156914
38.2491557598114,156914
38.250075340270996,156914
38.25143313407898,156914
38.252347469329834,156914
38.25326466560364,156914
38.25419592857361,156914
38.25511384010315,156914
38.25602984428406,156914
38.25738573074341,156914
38.25830292701721,156914
38.25921845436096,156914
38.260138273239136,156914
38.26105308532715,156914
38.26240563392639,156914
38.26332139968872,156914
38.26425242424011,156914
38.265172481536865,156914
38.26608848571777,156914
38.26700687408447,156914
38.26835227012634,156914
38.26926898956299,156914
38.270187854766846,156914
38.2711067199707,156914
38.27202081680298,156914
38.27337574958801,156914
38.27430534362793,156914
38.27522420883179,156914
38.276140213012695,156914
38.277055501937866,156914
38.278411626815796,156914
38.27932810783386,156914
38.28024673461914,156914
38.2811644077301,156914
38.2820827960968,156914
38.2834370136261,156914
38.28436040878296,156914
38.28527808189392,156914
38.28619432449341,156914
38.287113428115845,156914
38.288025856018066,156914
38.28937816619873,156914
38.290297746658325,156914
38.29121947288513,156914
38.29213786125183,156914
38.29305601119995,156914
38.29442095756531,156914
38.295339822769165,156914
38.29625582695007,156914
38.29717445373535,156914
38.29809093475342,156914
38.299004793167114,156914
38.30035853385925,156914
38.30127573013306,156914
38.3021924495697,156914
38.30310893058777,156914
38.30403184890747,156914
38.3053879737854,156914
38.30630540847778,156914
38.30722522735596,156914
38.308146953582764,156914
38.30906414985657,156914
38.310423851013184,156914
38.311341524124146,156914
38.31226444244385,156914
38.31318378448486,156914
38.31411385536194,156914
38.31502962112427,156914
38.31637954711914,156914
38.31729769706726,156914
38.31821846961975,156914
38.31914043426514,156914
38.320058822631836,156914
38.32141590118408,156914
38.32233023643494,156914
38.32324957847595,156914
38.324177980422974,156914
38.3250937461853,156914
38.32600998878479,156914
38.32736611366272,156914
38.32828330993652,156914
38.329198122024536,156914
38.33011436462402,156914
38.33102822303772,156914
38.332382678985596,156914
38.333298683166504,156914
38.334227561950684,156914
38.335145473480225,156914
38.33606290817261,156914
38.33741545677185,156914
38.33833074569702,156914
38.33924746513367,156914
38.340167760849,156914
38.341084718704224,156914
38.3424391746521,156914
38.343355894088745,156914
38.34428334236145,156914
38.34520411491394,156914
38.34612417221069,156914
38.34704089164734,156914
38.348400592803955,156914
38.34931778907776,156914
38.350236892700195,156914
38.351155519485474,156914
38.352073192596436,156914
38.35342812538147,156914
38.35435390472412,156914
38.355268716812134,156914
38.356186866760254,156914
38.35710334777832,156914
38.35801982879639,156914
38.35937428474426,156914
38.360289573669434,156914
38.361207485198975,156914
38.36212491989136,156914
38.363041400909424,156914
38.364405155181885,156914
38.36532139778137,156914
38.36623692512512,156914
38.36715626716614,156914
38.368072509765625,156914
38.36943244934082,156914
38.37034726142883,156914
38.37126564979553,156914
38.37218713760376,156914
38.37310552597046,156914
38.374030113220215,156914
38.37538766860962,156914
38.376305103302,156914
38.3772246837616,156914
38.378145933151245,156914
38.379063844680786,156914
38.3804247379303,156914
38.381343603134155,156914
38.38226580619812,156914
38.38318467140198,156914
38.38411474227905,156914
38.385030031204224,156914
38.386385679244995,156914
38.38730335235596,156914
38.38821983337402,156914
38.38913941383362,156914
38.390058517456055,156914
38.39141130447388,156914
38.392327070236206,156914
38.393248319625854,156914
38.39417815208435,156914
38.395099401474,156914
38.396016120910645,156914
38.39736843109131,156914
38.39829421043396,156914
38.39921426773071,156914
38.4001305103302,156914
38.40104818344116,156914
38.402403354644775,156914
38.403319358825684,156914
38.40424871444702,156914
38.40516901016235,156914
38.406084060668945,156914
38.40743923187256,156914
38.408355712890625,156914
38.40927195549011,156914
38.41018867492676,156914
38.41110873222351,156914
38.41202449798584,156914
38.41338062286377,156914
38.41430592536926,156914
38.41522407531738,156914
38.41614317893982,156914
38.417060136795044,156914
38.41841387748718,156914
38.41932916641235,156914
38.420246601104736,156914
38.42116189002991,156914
38.422075510025024,156914
38.42342805862427,156914
38.424355268478394,156914
38.42527389526367,156914
38.426191329956055,156914
38.42711091041565,156914
38.42802548408508,156914
38.42937874794006,156914
38.43029808998108,156914
38.43121671676636,156914
38.43213391304016,156914
38.43304920196533,156914
38.43441557884216,156914
38.43533277511597,156914
38.43625068664551,156914
38.437167167663574,156914
38.4380829334259,156914
38.43943810462952,156914
38.44035315513611,156914
38.44127130508423,156914
38.44218945503235,156914
38.443111181259155,156914
38.44403862953186,156914
38.44539666175842,156914
38.44631814956665,156914
38.44723415374756,156914
38.44815444946289,156914
38.449071645736694,156914
38.45042896270752,156914
38.451343297958374,156914
38.45226240158081,156914
38.45318341255188,156914
38.45410895347595,156914
38.45502519607544,156914
38.456379413604736,156914
38.457298040390015,156914
38.458215951919556,156914
38.45913624763489,156914
38.46005654335022,156914
38.4614143371582,156914
38.462329387664795,156914
38.463247299194336,156914
38.46417760848999,156914
38.46509623527527,156914
38.466012954711914,156914
38.46736407279968,156914
38.46828532218933,156914
38.4692018032074,156914
38.47011876106262,156914
38.47103023529053,156914
38.47238731384277,156914
38.47330355644226,156914
38.47423505783081,156914
38.475154638290405,156914
38.476069927215576,156914
38.4774227142334,156914
38.47833871841431,156914
38.47925424575806,156914
38.48017382621765,156914
38.481093645095825,156914
38.482006549835205,156914
38.48336100578308,156914
38.48429012298584,156914
38.485209703445435,156914
38.486128091812134,156914
38.48704242706299,156914
38.48840069770813,156914
38.48931574821472,156914
38.49023365974426,156914
38.4911527633667,156914
38.4920699596405,156914
38.49343013763428,156914
38.49435782432556,156914
38.49527430534363,156914
38.49619483947754,156914
38.49711513519287,156914
38.49803113937378,156914
38.499387979507446,156914
38.50030183792114,156914
38.50122141838074,156914
38.50214147567749,156914
38.50306010246277,156914
38.50442814826965,156914
38.505345582962036,156914
38.506263256073,156914
38.50718402862549,156914
38.508102893829346,156914
38.509015798568726,156914
38.51036715507507,156914
38.51128387451172,156914
38.51220154762268,156914
38.513118505477905,156914
38.51404404640198,156914
38.51539993286133,156914
38.51631498336792,156914
38.51723551750183,156914
38.51817774772644,156914
38.51909422874451,156914
38.520007848739624,156914
38.5213623046875,156914
38.52227783203125,156914
38.523197889328,156914
38.52412796020508,156914
38.525044679641724,156914
38.52639937400818,156914
38.52731680870056,156914
38.52823495864868,156914
38.52915859222412,156914
38.53007674217224,156914
38.531431913375854,156914
38.53234362602234,156914
38.5332612991333,156914
38.53418779373169,156914
38.535104274749756,156914
38.53601884841919,156914
38.53736925125122,156914
38.538286447525024,156914
38.539204120635986,156914
38.540122747421265,156914
38.54103636741638,156914
38.54239058494568,156914
38.54330325126648,156914
38.54423403739929,156914
38.545151233673096,156914
38.54606580734253,156914
38.54741811752319,156914
38.54833483695984,156914
38.549256324768066,156914
38.550174951553345,156914
38.551095724105835,156914
38.55201268196106,156914
38.5533652305603,156914
38.554293632507324,156914
38.555213928222656,156914
38.556132316589355,156914
38.557047605514526,156914
38.55840063095093,156914
38.55931544303894,156914
38.56023359298706,156914
38.56115174293518,156914
38.562066316604614,156914
38.563422203063965,156914
38.56434655189514,156914
38.565263748168945,156914
38.566184997558594,156914
38.567105531692505,156914
38.56802034378052,156914
38.56937289237976,156914
38.57028651237488,156914
38.57120490074158,156914
38.57212018966675,156914
38.573036670684814,156914
38.57440185546875,156914
38.5753173828125,156914
38.576234102249146,156914
38.57715034484863,156914
38.578065395355225,156914
38.57942032814026,156914
38.580336809158325,156914
38.58125710487366,156914
38.582175970077515,156914
38.58308982849121,156914
38.58401608467102,156914
38.58537149429321,156914
38.58628797531128,156914
38.5872061252594,156914
38.58812165260315,156914
38.58903932571411,156914
38.59039521217346,156914
38.59131097793579,156914
38.59223198890686,156914
38.593148946762085,156914
38.5940728187561,156914
38.595428228378296,156914
38.596346855163574,156914
38.59726285934448,156914
38.59817934036255,156914
38.599096059799194,156914
38.600014209747314,156914
38.60136795043945,156914
38.60228443145752,156914
38.60320448875427,156914
38.60413408279419,156914
38.60505175590515,156914
38.606406927108765,156914
38.607324838638306,156914
38.60824370384216,156914
38.609161376953125,156914
38.61007809638977,156914
38.61143231391907,156914
38.612350940704346,156914
38.61326813697815,156914
38.61419892311096,156914
38.61512017250061,156914
38.61603569984436,156914
38.617390155792236,156914
38.61830735206604,156914
38.61922812461853,156914
38.62014889717102,156914
38.621068477630615,156914
38.62242412567139,156914
38.62334156036377,156914
38.62427043914795,156914
38.62519097328186,156914
38.62611126899719,156914
38.62702441215515,156914
38.628379106521606,156914
38.62929654121399,156914
38.63021445274353,156914
38.6311297416687,156914
38.632046699523926,156914
38.633403062820435,156914
38.634329080581665,156914
38.635247468948364,156914
38.63616490364075,156914
38.63708233833313,156914
38.63843607902527,156914
38.639350175857544,156914
38.64026665687561,156914
38.641183614730835,156914
38.642099142074585,156914
38.64301562309265,156914
38.64438343048096,156914
38.645299673080444,156914
38.64621591567993,156914
38.647138357162476,156914
38.64805459976196,156914
38.64940595626831,156914
38.65032362937927,156914
38.65124297142029,156914
38.65215802192688,156914
38.653072357177734,156914
38.654439210891724,156914
38.655359983444214,156914
38.65628218650818,156914
38.6571991443634,156914
38.65811777114868,156914
38.65903282165527,156914
38.66038918495178,156914
38.66130328178406,156914
38.66222405433655,156914
38.66314625740051,156914
38.66407299041748,156914
38.665430784225464,156914
38.666348934173584,156914
38.667266607284546,156914
38.668187379837036,156914
38.669108629226685,156914
38.670024156570435,156914
38.671377658843994,156914
38.67229413986206,156914
38.67321443557739,156914
38.67414474487305,156914
38.675060749053955,156914
38.67641520500183,156914
38.677334785461426,156914
38.678255796432495,156914
38.67917585372925,156914
38.68009805679321,156914
38.68101668357849,156914
38.682371616363525,156914
38.683290004730225,156914
38.68422317504883,156914
38.68514347076416,156914
38.68605899810791,156914
38.68741416931152,156914
38.68832993507385,156914
38.68925070762634,156914
38.69016647338867,156914
38.691084146499634,156914
38.69244027137756,156914
38.69335699081421,156914
38.69428634643555,156914
38.69520592689514,156914
38.69612503051758,156914
38.6970431804657,156914
38.69839835166931,156914
38.69931507110596,156914
38.70023512840271,156914
38.70115399360657,156914
38.70207333564758,156914
38.70343351364136,156914
38.70436429977417,156914
38.70528173446655,156914
38.706204652786255,156914
38.70712423324585,156914
38.70803689956665,156914
38.70939373970032,156914
38.71031165122986,156914
38.711230993270874,156914
38.712149143218994,156914
38.713064432144165,156914
38.71443033218384,156914
38.715346574783325,156914
38.71626400947571,156914
38.71718215942383,156914
38.71812057495117,156914
38.719040632247925,156914
38.72039723396301,156914
38.721314668655396,156914
38.722235679626465,156914
38.7231502532959,156914
38.72407674789429,156914
38.72543025016785,156914
38.72634410858154,156914
38.72726273536682,156914
38.728182554244995,156914
38.72910475730896,156914
38.73002791404724,156914
38.73138499259949,156914
38.73230171203613,156914
38.73322415351868,156914
38.73415207862854,156914
38.7350652217865,156914
38.73642134666443,156914
38.73733448982239,156914
38.73825192451477,156914
38.73917102813721,156914
38.74009037017822,156914
38.74100852012634,156914
38.7423632144928,156914
38.743279695510864,156914
38.74420976638794,156914
38.74512767791748,156914
38.746044874191284,156914
38.74740147590637,156914
38.7483172416687,156914
38.749231576919556,156914
38.750150203704834,156914
38.751065254211426,156914
38.75242471694946,156914
38.7533392906189,156914
38.754268407821655,156914
38.755188941955566,156914
38.756104707717896,156914
38.75702238082886,156914
38.75837802886963,156914
38.75929522514343,156914
38.76021218299866,156914
38.761130809783936,156914
38.76204514503479,156914
38.76339912414551,156914
38.76432228088379,156914
38.76523971557617,156914
38.76615905761719,156914
38.76707315444946,156914
38.76842665672302,156914
38.76934480667114,156914
38.770263671875,156914
38.77118110656738,156914
38.772098541259766,156914
38.77301621437073,156914
38.77437996864319,156914
38.77529835700989,156914
38.77621793746948,156914
38.77713584899902,156914
38.778048276901245,156914
38.7794029712677,156914
38.780320167541504,156914
38.781237840652466,156914
38.782153606414795,156914
38.78307104110718,156914
38.78443741798401,156914
38.785353660583496,156914
38.7862708568573,156914
38.787189960479736,156914
38.788108110427856,156914
38.789024114608765,156914
38.79038119316101,156914
38.791298151016235,156914
38.79221844673157,156914
38.79313659667969,156914
38.794060468673706,156914
38.795411825180054,156914
38.79632830619812,156914
38.797247886657715,156914
38.798168659210205,156914
38.799087047576904,156914
38.80043935775757,156914
38.80135464668274,156914
38.80227494239807,156914
38.80319404602051,156914
38.80412268638611,156914
38.805039167404175,156914
38.806392192840576,156914
38.80730724334717,156914
38.80822467803955,156914
38.80914664268494,156914
38.81006383895874,156914
38.811421394348145,156914
38.812339305877686,156914
38.81326079368591,156914
38.81419253349304,156914
38.81510901451111,156914
38.81602501869202,156914
38.81737923622131,156914
38.818297386169434,156914
38.81921720504761,156914
38.82013750076294,156914
38.8210563659668,156914
38.82240843772888,156914
38.82332229614258,156914
38.824254274368286,156914
38.8251736164093,156914
38.826090574264526,156914
38.82700824737549,156914
38.82836556434631,156914
38.82928466796875,156914
38.83020544052124,156914
38.831124782562256,156914
38.83203887939453,156914
38.83339262008667,156914
38.834317684173584,156914
38.83523774147034,156914
38.83616232872009,156914
38.837080001831055,156914
38.838436126708984,156914
38.83935546875,156914
38.8402738571167,156914
38.84119129180908,156914
38.84211206436157,156914
38.84302544593811,156914
38.844390630722046,156914
38.84530425071716,156914
38.84622359275818,156914
38.847142457962036,156914
38.84805679321289,156914
38.849411487579346,156914
38.85032939910889,156914
38.851248025894165,156914
38.85216307640076,156914
38.85307860374451,156914
38.854005575180054,156914
38.855358362197876,156914
38.85627794265747,156914
38.85719656944275,156914
38.85811376571655,156914
38.85902690887451,156914
38.86037993431091,156914
38.86129832267761,156914
38.86221718788147,156914
38.86313605308533,156914
38.86405944824219,156914
38.86541199684143,156914
38.866329193115234,156914
38.86724495887756,156914
38.868162631988525,156914
38.86907768249512,156914
38.87043309211731,156914
38.87135171890259,156914
38.8722710609436,156914
38.873188972473145,156914
38.87411642074585,156914
38.87503218650818,156914
38.87638568878174,156914
38.877301931381226,156914
38.87821817398071,156914
38.87913727760315,156914
38.880053997039795,156914
38.88140535354614,156914
38.88232064247131,156914
38.88324046134949,156914
38.884172439575195,156914
38.88508868217468,156914
38.886006593704224,156914
38.887367963790894,156914
38.888285636901855,156914
38.889204025268555,156914
38.89012122154236,156914
38.89103674888611,156914
38.89238929748535,156914
38.89330530166626,156914
38.89424109458923,156914
38.89516234397888,156914
38.89608144760132,156914
38.89744210243225,156914
38.89836120605469,156914
38.89928340911865,156914
38.900201082229614,156914
38.90111827850342,156914
38.90203499794006,156914
38.90339136123657,156914
38.90431594848633,156914
38.90523982048035,156914
38.90616059303284,156914
38.90707993507385,156914
38.9084370136261,156914
38.9093554019928,156914
38.91027784347534,156914
38.91119909286499,156914
38.912116289138794,156914
38.91303467750549,156914
38.9144024848938,156914
38.91531777381897,156914
38.916237354278564,156914
38.91715741157532,156914
38.918070554733276,156914
38.919424533843994,156914
38.9203417301178,156914
38.921263694763184,156914
38.92218375205994,156914
38.92310190200806,156914
38.924025774002075,156914
38.92538142204285,156914
38.92629933357239,156914
38.92722034454346,156914
38.928139448165894,156914
38.92905640602112,156914
38.930413246154785,156914
38.93132925033569,156914
38.93224859237671,156914
38.933167934417725,156914
38.9340922832489,156914
38.93501114845276,156914
38.93636870384216,156914
38.93728566169739,156914
38.938206911087036,156914
38.93912672996521,156914
38.94004225730896,156914
38.94139814376831,156914
38.942317724227905,156914
38.94323682785034,156914
38.94416666030884,156914
38.945088386535645,156914
38.94600439071655,156914
38.94735813140869,156914
38.948275327682495,156914
38.949196577072144,156914
38.95011830329895,156914
38.95103335380554,156914
38.95238947868347,156914
38.95330286026001,156914
38.95423197746277,156914
38.95515155792236,156914
38.956068992614746,156914
38.9574236869812,156914
38.95834302902222,156914
38.95926094055176,156914
38.960182905197144,156914
38.96110391616821,156914
38.962019205093384,156914
38.96337342262268,156914
38.9643030166626,156914
38.965221643447876,156914
38.96613907814026,156914
38.96705603599548,156914
38.96840810775757,156914
38.96932625770569,156914
38.970245361328125,156914
38.97116279602051,156914
38.9720823764801,156914
38.973434925079346,156914
38.97435927391052,156914
38.97527861595154,156914
38.97619843482971,156914
38.977115869522095,156914
38.978033781051636,156914
38.97939109802246,156914
38.980308294296265,156914
38.98122811317444,156914
38.98214626312256,156914
38.98306155204773,156914
38.98443126678467,156914
38.9853458404541,156914
38.98626661300659,156914
38.98718452453613,156914
38.98810410499573,156914
38.98902225494385,156914
38.990376710891724,156914
38.99129343032837,156914
38.99221086502075,156914
38.99312996864319,156914
38.9940550327301,156914
38.995410203933716,156914
38.99632525444031,156914
38.997246503829956,156914
38.99816393852234,156914
38.99908185005188,156914
39.00044059753418,156914
39.001357078552246,156914
39.00227355957031,156914
39.00318694114685,156914
39.00411319732666,156914
39.005030393600464,156914
39.00638437271118,156914
39.00729990005493,156914
39.008219957351685,156914
39.009135723114014,156914
39.010050773620605,156914
39.01140356063843,156914
39.01232028007507,156914
39.01323843002319,156914
39.0141658782959,156914
39.01508450508118,156914
39.016003131866455,156914
39.017356157302856,156914
39.01827120780945,156914
39.01918578147888,156914
39.020105838775635,156914
39.02102041244507,156914
39.02237367630005,156914
39.023293256759644,156914
39.024224519729614,156914
39.02514457702637,156914
39.026062965393066,156914
39.0274178981781,156914
39.02833318710327,156914
39.029250383377075,156914
39.03016781806946,156914
39.03108620643616,156914
39.032437801361084,156914
39.03335237503052,156914
39.034282207489014,156914
39.03519916534424,156914
39.036113023757935,156914
39.03703284263611,156914
39.038389444351196,156914
39.03930401802063,156914
39.04022145271301,156914
39.04114079475403,156914
39.042057514190674,156914
39.04341435432434,156914
39.04433822631836,156914
39.04525589942932,156914
39.04617524147034,156914
39.047091484069824,156914
39.04800772666931,156914
39.04936337471008,156914
39.05028319358826,156914
39.05120134353638,156914
39.052119731903076,156914
39.053035736083984,156914
39.05440545082092,156914
39.05532217025757,156914
39.056241273880005,156914
39.05716276168823,156914
39.05807948112488,156914
39.059438705444336,156914
39.06035828590393,156914
39.06127667427063,156914
39.06219291687012,156914
39.06311345100403,156914
39.06403636932373,156914
39.0653932094574,156914
39.06630992889404,156914
39.067232847213745,156914
39.06815481185913,156914
39.069071769714355,156914
39.070430755615234,156914
39.071348667144775,156914
39.07226538658142,156914
39.07318425178528,156914
39.0741126537323,156914
39.075029611587524,156914
39.07638692855835,156914
39.07730317115784,156914
39.07822322845459,156914
39.07914447784424,156914
39.08005928993225,156914
39.08141589164734,156914
39.08233857154846,156914
39.083261489868164,156914
39.08419179916382,156914
39.085108280181885,156914
39.08602690696716,156914
39.087384939193726,156914
39.0883002281189,156914
39.08921933174133,156914
39.09013891220093,156914
39.091052770614624,156914
39.09240937232971,156914
39.09332752227783,156914
39.09425902366638,156914
39.09517693519592,156914
39.09609508514404,156914
39.097012519836426,156914
39.09836506843567,156914
39.0992796421051,156914
39.10019779205322,156914
39.101114988327026,156914
39.10202741622925,156914
39.10338258743286,156914
39.104308128356934,156914
39.105229139328,156914
39.10614609718323,156914
39.10706281661987,156914
39.10841774940491,156914
39.10933542251587,156914
39.11025285720825,156914
39.11117172241211,156914
39.112093448638916,156914
39.11300754547119,156914
39.114367723464966,156914
39.11528754234314,156914
39.11620759963989,156914
39.11712455749512,156914
39.11803936958313,156914
39.11939859390259,156914
39.12031531333923,156914
39.12123441696167,156914
39.122153520584106,156914
39.123066663742065,156914
39.12443232536316,156914
39.12534499168396,156914
39.1262629032135,156914
39.12718391418457,156914
39.12810301780701,156914
39.1290180683136,156914
39.13036918640137,156914
39.13128638267517,156914
39.132203817367554,156914
39.13312101364136,156914
39.13404583930969,156914
39.1354022026062,156914
39.13631772994995,156914
39.1372332572937,156914
39.13815450668335,156914
39.13906669616699,156914
39.14041996002197,156914
39.14133644104004,156914
39.14225769042969,156914
39.14317607879639,156914
39.144105672836304,156914
39.14502143859863,156914
39.1463725566864,156914
39.147289514541626,156914
39.14821004867554,156914
39.14913034439087,156914
39.15004301071167,156914
39.15139985084534,156914
39.15231657028198,156914
39.153234243392944,156914
39.15416169166565,156914
39.15507960319519,156914
39.156436920166016,156914
39.157349824905396,156914
39.158265829086304,156914
39.15918445587158,156914
39.160106897354126,156914
39.16102170944214,156914
39.16237497329712,156914
39.163291692733765,156914
39.164223432540894,156914
39.16514277458191,156914
39.16606020927429,156914
39.16741728782654,156914
39.16833424568176,156914
39.16925120353699,156914
39.17016935348511,156914
39.1710889339447,156914
39.17243838310242,156914
39.173352003097534,156914
39.17428278923035,156914
39.17520451545715,156914
39.17612266540527,156914
39.17703604698181,156914
39.178391456604004,156914
39.17930817604065,156914
39.18022966384888,156914
39.18114900588989,156914
39.18206596374512,156914
39.183420181274414,156914
39.18434190750122,156914
39.18526101112366,156914
39.1861789226532,156914
39.18709373474121,156914
39.18801021575928,156914
39.18936514854431,156914
39.19028282165527,156914
39.191200733184814,156914
39.19212055206299,156914
39.193033933639526,156914
39.19440174102783,156914
39.19532227516174,156914
39.19624161720276,156914
39.19716215133667,156914
39.19807529449463,156914
39.19942784309387,156914
39.2003436088562,156914
39.20126509666443,156914
39.20218014717102,156914
39.20310091972351,156914
39.20402550697327,156914
39.205382108688354,156914
39.20629644393921,156914
39.20721220970154,156914
39.20813250541687,156914
39.20904898643494,156914
39.21040415763855,156914
39.21132040023804,156914
39.21224093437195,156914
39.21315908432007,156914
39.21408724784851,156914
39.21544122695923,156914
39.21635603904724,156914
39.21727228164673,156914
39.21819233894348,156914
39.21911072731018,156914
39.220025062561035,156914
39.22137713432312,156914
39.22229528427124,156914
39.22321438789368,156914
39.22414231300354,156914
39.22505784034729,156914
39.22641444206238,156914
39.22733187675476,156914
39.228245973587036,156914
39.22916793823242,156914
39.230085611343384,156914
39.23100686073303,156914
39.23236322402954,156914
39.23328447341919,156914
39.234211921691895,156914
39.235130310058594,156914
39.23604607582092,156914
39.23740291595459,156914
39.23831844329834,156914
39.23923683166504,156914
39.24015784263611,156914
39.2410728931427,156914
39.24242806434631,156914
39.243343353271484,156914
39.24427533149719,156914
39.24519610404968,156914
39.246113538742065,156914
39.24703049659729,156914
39.248387575149536,156914
39.24930691719055,156914
39.250226974487305,156914
39.251144886016846,156914
39.25206184387207,156914
39.25341534614563,156914
39.25433802604675,156914
39.2552547454834,156914
39.2561776638031,156914
39.25709652900696,156914
39.2580132484436,156914
39.25936985015869,156914
39.260284662246704,156914
39.26120400428772,156914
39.262122631073,156914
39.263038873672485,156914
39.264405250549316,156914
39.265320777893066,156914
39.266239166259766,156914
39.267160177230835,156914
39.26807641983032,156914
39.269429445266724,156914
39.27034664154053,156914
39.271262884140015,156914
39.272178411483765,156914
39.2730987071991,156914
39.274025678634644,156914
39.275378465652466,156914
39.27629542350769,156914
39.2772159576416,156914
39.27813243865967,156914
39.27904510498047,156914
39.28040432929993,156914
39.28131890296936,156914
39.28223514556885,156914
39.28315305709839,156914
39.28407883644104,156914
39.285433769226074,156914
39.286349058151245,156914
39.2872633934021,156914
39.28818392753601,156914
39.28910160064697,156914
39.290013551712036,156914
39.29136610031128,156914
39.29228210449219,156914
39.29319977760315,156914
39.29412865638733,156914
39.29504609107971,156914
39.29640245437622,156914
39.297319650650024,156914
39.29823565483093,156914
39.299155712127686,156914
39.3000705242157,156914
39.30142784118652,156914
39.30234122276306,156914
39.30325984954834,156914
39.304189920425415,156914
39.30510663986206,156914
39.30601978302002,156914
39.307374238967896,156914
39.30829381942749,156914
39.30921006202698,156914
39.31012678146362,156914
39.31104373931885,156914
39.31240391731262,156914
39.31331920623779,156914
39.31425213813782,156914
39.31517195701599,156914
39.316086292266846,156914
39.31700348854065,156914
39.318361043930054,156914
39.319281339645386,156914
39.32019829750061,156914
39.32111859321594,156914
39.32203269004822,156914
39.323389768600464,156914
39.32431364059448,156914
39.32523441314697,156914
39.326154470443726,156914
39.32707142829895,156914
39.328431844711304,156914
39.32934927940369,156914
39.3302698135376,156914
39.33118677139282,156914
39.332104206085205,156914
39.333027839660645,156914
39.334392070770264,156914
39.33530879020691,156914
39.33623123168945,156914
39.337151288986206,156914
39.33807039260864,156914
39.33943009376526,156914
39.340343952178955,156914
39.341262340545654,156914
39.342183351516724,156914
39.34310221672058,156914
39.34403038024902,156914
39.34539079666138,156914
39.346309185028076,156914
39.34723210334778,156914
39.34815192222595,156914
39.349069595336914,156914
39.350427865982056,156914
39.35134553909302,156914
39.35226511955261,156914
39.35318207740784,156914
39.354111433029175,156914
39.35502910614014,156914
39.35638165473938,156914
39.35729789733887,156914
39.35821580886841,156914
39.35913610458374,156914
39.3600537776947,156914
39.36140751838684,156914
39.362324953079224,156914
39.363242387771606,156914
39.36416935920715,156914
39.365089893341064,156914
39.366007804870605,156914
39.36736440658569,156914
39.36828017234802,156914
39.36919832229614,156914
39.37011480331421,156914
39.371028900146484,156914
39.37238359451294,156914
39.37329959869385,156914
39.374228954315186,156914
39.37514519691467,156914
39.37606120109558,156914
39.37741470336914,156914
39.37833213806152,156914
39.3792507648468,156914
39.380171060562134,156914
39.38109302520752,156914
39.38200831413269,156914
39.38336253166199,156914
39.38428854942322,156914
39.38520908355713,156914
39.38612627983093,156914
39.387042760849,156914
39.38839936256409,156914
39.38931655883789,156914
39.39023542404175,156914
39.39115905761719,156914
39.39207577705383,156914
39.39343285560608,156914
39.394357204437256,156914
39.39527702331543,156914
39.396193504333496,156914
39.39711380004883,156914
39.398032665252686,156914
39.3993878364563,156914
39.400304079055786,156914
39.4012246131897,156914
39.40214443206787,156914
39.40306305885315,156914
39.404428005218506,156914
39.40534162521362,156914
39.40625858306885,156914
39.407177448272705,156914
39.40809345245361,156914
39.40901160240173,156914
39.41036367416382,156914
39.41128134727478,156914
39.41219997406006,156914
39.4131178855896,156914
39.41404151916504,156914
39.41539978981018,156914
39.41631364822388,156914
39.41723608970642,156914
39.418155908584595,156914
39.41907358169556,156914
39.42042946815491,156914
39.421348094940186,156914
39.42227053642273,156914
39.423189878463745,156914
39.42412209510803,156914
39.42504119873047,156914
39.42639470100403,156914
39.42730784416199,156914
39.428229570388794,156914
39.42914891242981,156914
39.430062770843506,156914
39.4314181804657,156914
39.43233609199524,156914
39.43325448036194,156914
39.434183835983276,156914
39.4351007938385,156914
39.436017990112305,156914
39.43736934661865,156914
39.438289642333984,156914
39.43920850753784,156914
39.440131187438965,156914
39.441049337387085,156914
39.44240760803223,156914
39.443325996398926,156914
39.44425630569458,156914
39.44517779350281,156914
39.446096420288086,156914
39.44701385498047,156914
39.44837141036987,156914
39.449289321899414,156914
39.450209856033325,156914
39.451131105422974,156914
39.452048540115356,156914
39.45340394973755,156914
39.45432925224304,156914
39.45524787902832,156914
39.45616817474365,156914
39.45708918571472,156914
39.45800805091858,156914
39.459362745285034,156914
39.46028137207031,156914
39.46120023727417,156914
39.46211862564087,156914
39.463032960891724,156914
39.46440005302429,156914
39.46531939506531,156914
39.466238260269165,156914
39.4671573638916,156914
39.468080282211304,156914
39.46943426132202,156914
39.47035312652588,156914
39.47127056121826,156914
39.47218990325928,156914
39.47310996055603,156914
39.47403359413147,156914
39.475390672683716,156914
39.47630715370178,156914
39.47723078727722,156914
39.47814917564392,156914
39.47906708717346,156914
39.480424642562866,156914
39.48134207725525,156914
39.48226261138916,156914
39.483182191848755,156914
39.48411178588867,156914
39.485024213790894,156914
39.48637676239014,156914
39.487292528152466,156914
39.48821234703064,156914
39.4891300201416,156914
39.4900484085083,156914
39.49139904975891,156914
39.49231553077698,156914
39.49323058128357,156914
39.49415993690491,156914
39.49507713317871,156914
39.49643421173096,156914
39.49734807014465,156914
39.498265743255615,156914
39.49918484687805,156914
39.500099658966064,156914
39.501017570495605,156914
39.502368688583374,156914
39.50328850746155,156914
39.50421762466431,156914
39.5051383972168,156914
39.50605773925781,156914
39.50741219520569,156914
39.50832986831665,156914
39.509249687194824,156914
39.51017451286316,156914
39.51108956336975,156914
39.512009143829346,156914
39.513365507125854,156914
39.51429343223572,156914
39.51521134376526,156914
39.516130208969116,156914
39.51704549789429,156914
39.51840281486511,156914
39.5193190574646,156914
39.52026128768921,156914
39.52118158340454,156914
39.52209949493408,156914
39.52301740646362,156914
39.524378299713135,156914
39.525299072265625,156914
39.526216983795166,156914
39.52713370323181,156914
39.528050661087036,156914
39.52940654754639,156914
39.530322551727295,156914
39.531243324279785,156914
39.53215837478638,156914
39.53307318687439,156914
39.53444218635559,156914
39.5353569984436,156914
39.536277532577515,156914
39.537195682525635,156914
39.53811264038086,156914
39.53903102874756,156914
39.54038429260254,156914
39.5413019657135,156914
39.54222369194031,156914
39.54314422607422,156914
39.544066190719604,156914
39.545424699783325,156914
39.546342611312866,156914
39.547258138656616,156914
39.54817581176758,156914
39.549094438552856,156914
39.550010681152344,156914
39.55136513710022,156914
39.55228281021118,156914
39.55320501327515,156914
39.554136514663696,156914
39.555052280426025,156914
39.55640912055969,156914
39.557329177856445,156914
39.55824875831604,156914
39.559166431427,156914
39.560086488723755,156914
39.56100535392761,156914
39.5623574256897,156914
39.56327438354492,156914
39.564204931259155,156914
39.56512212753296,156914
39.566038608551025,156914
39.56739330291748,156914
39.56830978393555,156914
39.56922769546509,156914
39.570143699645996,156914
39.57106161117554,156914
39.57241940498352,156914
39.57333755493164,156914
39.57426691055298,156914
39.57518982887268,156914
39.57610821723938,156914
39.57702326774597,156914
39.578378438949585,156914
39.57929444313049,156914
39.58021306991577,156914
39.58113169670105,156914
39.582051038742065,156914
39.583407402038574,156914
39.58433437347412,156914
39.585251331329346,156914
39.58616900444031,156914
39.58708882331848,156914
39.5880081653595,156914
39.589362144470215,156914
39.59028172492981,156914
39.591201305389404,156914
39.592119216918945,156914
39.59303522109985,156914
39.59440040588379,156914
39.595317125320435,156914
39.59623599052429,156914
39.597156047821045,156914
39.5980761051178,156914
39.59943222999573,156914
39.60034656524658,156914
39.60126519203186,156914
39.602184772491455,156914
39.60310363769531,156914
39.60403037071228,156914
39.605390310287476,156914
39.6063072681427,156914
39.607226610183716,156914
39.60814833641052,156914
39.609065771102905,156914
39.610416889190674,156914
39.61133074760437,156914
39.61224889755249,156914
39.6131694316864,156914
39.614094495773315,156914
39.61501145362854,156914
39.61636137962341,156914
39.61728048324585,156914
39.61819767951965,156914
39.61912178993225,156914
39.62003707885742,156914
39.621392488479614,156914
39.62230634689331,156914
39.62322783470154,156914
39.62415862083435,156914
39.62507748603821,156914
39.62642955780029,156914
39.62734580039978,156914
39.628262758255005,156914
39.62918138504028,156914
39.63010311126709,156914
39.63101840019226,156914
39.63237237930298,156914
39.63328766822815,156914
39.63421821594238,156914
39.63513684272766,156914
39.63605260848999,156914
39.637407302856445,156914
39.63832426071167,156914
39.63924551010132,156914
39.6401641368866,156914
39.64108467102051,156914
39.64243793487549,156914
39.643354654312134,156914
39.644282817840576,156914
39.64520025253296,156914
39.64611792564392,156914
39.64703392982483,156914
39.64839053153992,156914
39.64930820465088,156914
39.650230407714844,156914
39.65114879608154,156914
39.652066707611084,156914
39.65342116355896,156914
39.654345989227295,156914
39.655264377593994,156914
39.65618443489075,156914
39.65710186958313,156914
39.65801548957825,156914
39.659372329711914,156914
39.66028881072998,156914
39.66120767593384,156914
39.66212558746338,156914
39.66304135322571,156914
39.66440987586975,156914
39.66532635688782,156914
39.66624045372009,156914
39.66715931892395,156914
39.66807532310486,156914
39.66943120956421,156914
39.67034602165222,156914
39.67126274108887,156914
39.67217969894409,156914
39.67309617996216,156914
39.67402362823486,156914
39.67538142204285,156914
39.67629814147949,156914
39.67722129821777,156914
39.67813849449158,156914
39.67905521392822,156914
39.680410623550415,156914
39.681326389312744,156914
39.682246923446655,156914
39.68316650390625,156914
39.68409037590027,156914
39.68500804901123,156914
39.686362504959106,156914
39.687281370162964,156914
39.68819832801819,156914
39.68912100791931,156914
39.690035581588745,156914
39.69138860702515,156914
39.69230318069458,156914
39.69322443008423,156914
39.694154262542725,156914
39.695069551467896,156914
39.69642877578735,156914
39.6973443031311,156914
39.698262214660645,156914
39.69918155670166,156914
39.70009779930115,156914
39.70101284980774,156914
39.702369689941406,156914
39.703285694122314,156914
39.704214334487915,156914
39.705132722854614,156914
39.70604610443115,156914
39.70740365982056,156914
39.708322048187256,156914
39.709240198135376,156914
39.71015429496765,156914
39.71106815338135,156914
39.71242713928223,156914
39.71334362030029,156914
39.714274168014526,156914
39.71519589424133,156914
39.71611833572388,156914
39.71703124046326,156914
39.71840500831604,156914
39.71932125091553,156914
39.720239877700806,156914
39.721158504486084,156914
39.72207593917847,156914
39.7234320640564,156914
39.72435760498047,156914
39.72527503967285,156914
39.7261962890625,156914
39.7271146774292,156914
39.72803211212158,156914
39.729387521743774,156914
39.73031163215637,156914
39.731231927871704,156914
39.732147216796875,156914
39.73306107521057,156914
39.73442506790161,156914
39.73534154891968,156914
39.73626208305359,156914
39.737180948257446,156914
39.73810124397278,156914
39.739014625549316,156914
39.74036741256714,156914
39.74128556251526,156914
39.74220609664917,156914
39.74312162399292,156914
39.74404788017273,156914
39.745402336120605,156914
39.746317863464355,156914
39.74723267555237,156914
39.74815130233765,156914
39.74906516075134,156914
39.750417947769165,156914
39.75133037567139,156914
39.752249240875244,156914
39.753167152404785,156914
39.754088401794434,156914
39.755003452301025,156914
39.756354570388794,156914
39.75727319717407,156914
39.75819253921509,156914
39.75911092758179,156914
39.7600257396698,156914
39.76137900352478,156914
39.76229238510132,156914
39.76321196556091,156914
39.76413869857788,156914
39.765050649642944,156914
39.76640462875366,156914
39.76731753349304,156914
39.76823544502258,156914
39.76914930343628,156914
39.77006459236145,156914
39.77141785621643,156914
39.77233529090881,156914
39.77325463294983,156914
39.77418398857117,156914
39.77510118484497,156914
39.776015758514404,156914
39.77736783027649,156914
39.77828526496887,156914
39.77920389175415,156914
39.78011679649353,156914
39.78103303909302,156914
39.78238773345947,156914
39.78330183029175,156914
39.78422832489014,156914
39.78514647483826,156914
39.786060094833374,156914
39.78741097450256,156914
39.78832530975342,156914
39.78924584388733,156914
39.79016447067261,156914
39.79107689857483,156914
39.792433738708496,156914
39.793349504470825,156914
39.79428052902222,156914
39.79519867897034,156914
39.796119928359985,156914
39.797038316726685,156914
39.798391580581665,156914
39.799304723739624,156914
39.80022573471069,156914
39.801146507263184,156914
39.802062034606934,156914
39.80341625213623,156914
39.80434012413025,156914
39.80526113510132,156914
39.80617904663086,156914
39.80709624290466,156914
39.808014154434204,156914
39.80936622619629,156914
39.810282707214355,156914
39.81120038032532,156914
39.81212115287781,156914
39.8130362033844,156914
39.814401388168335,156914
39.81531572341919,156914
39.81623601913452,156914
39.81715178489685,156914
39.8180673122406,156914
39.819422245025635,156914
39.82033848762512,156914
39.821256160736084,156914
39.82217621803284,156914
39.823092460632324,156914
39.8240168094635,156914
39.825369119644165,156914
39.82628655433655,156914
39.827205419540405,156914
39.82812690734863,156914
39.829041481018066,156914
39.83039665222168,156914
39.8313148021698,156914
39.832233905792236,156914
39.83315634727478,156914
39.83408069610596,156914
39.83543539047241,156914
39.836352825164795,156914
39.837271213531494,156914
39.838189363479614,156914
39.83910512924194,156914
39.84002208709717,156914
39.84137487411499,156914
39.84229516983032,156914
39.84321475028992,156914
39.84414505958557,156914
39.84506344795227,156914
39.84641718864441,156914
39.84733009338379,156914
39.848249197006226,156914
39.84916687011719,156914
39.85008430480957,156914
39.851441383361816,156914
39.852360010147095,156914
39.85327672958374,156914
39.85421109199524,156914
39.85513377189636,156914
39.85605216026306,156914
39.85740876197815,156914
39.8583242893219,156914
39.85924506187439,156914
39.8601655960083,156914
39.86108589172363,156914
39.86200571060181,156914
39.86336064338684,156914
39.86429286003113,156914
39.86521100997925,156914
39.86613321304321,156914
39.8670494556427,156914
39.868403673172,156914
39.869322299957275,156914
39.870240688323975,156914
39.871158838272095,156914
39.87207365036011,156914
39.87342619895935,156914
39.87435007095337,156914
39.87526750564575,156914
39.8761830329895,156914
39.8771014213562,156914
39.87801742553711,156914
39.879372358322144,156914
39.880286693573,156914
39.88120746612549,156914
39.8821280002594,156914
39.88304138183594,156914
39.884411573410034,156914
39.8853280544281,156914
39.88624858856201,156914
39.88716769218445,156914
39.88808488845825,156914
39.889440059661865,156914
39.89035749435425,156914
39.89127469062805,156914
39.8921914100647,156914
39.89310956001282,156914
39.89403319358826,156914
39.895387411117554,156914
39.8963041305542,156914
39.897223472595215,156914
39.89814305305481,156914
39.899062395095825,156914
39.90041732788086,156914
39.90133452415466,156914
39.90225100517273,156914
39.903170108795166,156914
39.90409874916077,156914
39.905017375946045,156914
39.90636897087097,156914
39.907288789749146,156914
39.908209562301636,156914
39.90912747383118,156914
39.91004180908203,156914
39.91139578819275,156914
39.91231060028076,156914
39.91322922706604,156914
39.91415762901306,156914
39.915074825286865,156914
39.916428089141846,156914
39.91734004020691,156914
39.91825890541077,156914
39.91917872428894,156914
39.920093059539795,156914
39.921008825302124,156914
39.922364950180054,156914
39.92328643798828,156914
39.924214124679565,156914
39.925135135650635,156914
39.926050424575806,156914
39.92740559577942,156914
39.928319692611694,156914
39.92923855781555,156914
39.93015909194946,156914
39.931074380874634,156914
39.932430028915405,156914
39.93334364891052,156914
39.93427395820618,156914
39.93519115447998,156914
39.93611240386963,156914
39.93703031539917,156914
39.93838357925415,156914
39.93929672241211,156914
39.940213441848755,156914
39.94113039970398,156914
39.94204139709473,156914
39.943397521972656,156914
39.944323778152466,156914
39.94524431228638,156914
39.94616174697876,156914
39.94708037376404,156914
39.94843602180481,156914
39.94935345649719,156914
39.95027422904968,156914
39.95119261741638,156914
39.952112913131714,156914
39.953027963638306,156914
39.95439028739929,156914
39.95530605316162,156914
39.956228256225586,156914
39.95714592933655,156914
39.958064794540405,156914
39.95942401885986,156914
39.96034502983093,156914
39.96126341819763,156914
39.96218657493591,156914
39.96310305595398,156914
39.96402645111084,156914
39.96538066864014,156914
39.96629595756531,156914
39.967217683792114,156914
39.9681339263916,156914
39.96904897689819,156914
39.97040605545044,156914
39.9713237285614,156914
39.972243785858154,156914
39.97316312789917,156914
39.97408843040466,156914
39.97500443458557,156914
39.97636103630066,156914
39.97727632522583,156914
39.97819685935974,156914
39.979114294052124,156914
39.98003005981445,156914
39.98138451576233,156914
39.98230528831482,156914
39.98322534561157,156914
39.984156131744385,156914
39.98507356643677,156914
39.986427783966064,156914
39.9873411655426,156914
39.98825716972351,156914
39.989177227020264,156914
39.99009418487549,156914
39.99101281166077,156914
39.992366313934326,156914
39.9932816028595,156914
39.99421048164368,156914
39.99513339996338,156914
39.996047019958496,156914
39.99739909172058,156914
39.998313665390015,156914
39.99923515319824,156914
40.000157833099365,156914
40.0010769367218,156914
40.00243330001831,156914
40.00335121154785,156914
40.00428056716919,156914
40.005197525024414,156914
40.006115198135376,156914
40.00703167915344,156914
40.00839042663574,156914
40.00930166244507,156914
40.010223627090454,156914
40.01114273071289,156914
40.01206040382385,156914
40.01341509819031,156914
40.01434302330017,156914
40.01526069641113,156914
40.016178369522095,156914
40.017093896865845,156914
40.01801133155823,156914
40.01936626434326,156914
40.02028250694275,156914
40.02120065689087,156914
40.02212071418762,156914
40.02303194999695,156914
40.02439570426941,156914
40.02531170845032,156914
40.0262336730957,156914
40.0271520614624,156914
40.02806544303894,156914
40.029417276382446,156914
40.030335903167725,156914
40.031254529953,156914
40.0321729183197,156914
40.033090353012085,156914
40.03401446342468,156914
40.03537154197693,156914
40.03628969192505,156914
40.03720998764038,156914
40.038129806518555,156914
40.039048194885254,156914
40.04040336608887,156914
40.041319608688354,156914
40.04223704338074,156914
40.04315185546875,156914
40.04407572746277,156914
40.045429944992065,156914
40.046345233917236,156914
40.04726433753967,156914
40.048182010650635,156914
40.049097776412964,156914
40.05001187324524,156914
40.051366567611694,156914
40.052287340164185,156914
40.053205490112305,156914
40.05413508415222,156914
40.05505061149597,156914
40.05640721321106,156914
40.057323932647705,156914
40.05824065208435,156914
40.059160232543945,156914
40.060075521469116,156914
40.06143069267273,156914
40.062347173690796,156914
40.063265800476074,156914
40.06419348716736,156914
40.06511044502258,156914
40.06602621078491,156914
40.06737661361694,156914
40.06829118728638,156914
40.06921052932739,156914
40.07012701034546,156914
40.07103991508484,156914
40.0723922252655,156914
40.07330870628357,156914
40.0742404460907,156914
40.07516074180603,156914
40.0760760307312,156914
40.07743191719055,156914
40.078349113464355,156914
40.07926845550537,156914
40.08018612861633,156914
40.08110427856445,156914
40.08202242851257,156914
40.08338141441345,156914
40.08431029319763,156914
40.08523488044739,156914
40.08615231513977,156914
40.087069511413574,156914
40.088423013687134,156914
40.08934497833252,156914
40.09026098251343,156914
40.09117817878723,156914
40.09209418296814,156914
40.093008041381836,156914
40.09436821937561,156914
40.09528684616089,156914
40.096205711364746,156914
40.09712767601013,156914
40.09804439544678,156914
40.09939956665039,156914
40.10031986236572,156914
40.101237773895264,156914
40.102155447006226,156914
40.10306906700134,156914
40.104437828063965,156914
40.10535216331482,156914
40.106269121170044,156914
40.10719060897827,156914
40.1081063747406,156914
40.10902380943298,156914
40.110384702682495,156914
40.11129927635193,156914
40.1122145652771,156914
40.113136768341064,156914
40.11405849456787,156914
40.11541533470154,156914
40.11632966995239,156914
40.11724615097046,156914
40.11816716194153,156914
40.11908149719238,156914
40.12043905258179,156914
40.121355056762695,156914
40.12227487564087,156914
40.12319278717041,156914
40.124123334884644,156914
40.12503695487976,156914
40.126391887664795,156914
40.12730932235718,156914
40.128233432769775,156914
40.12915372848511,156914
40.13007998466492,156914
40.13114881515503,156914
40.13206458091736,156914
40.1334228515625,156914
40.13434815406799,156914
40.13526916503906,156914
40.136186838150024,156914
40.137102365493774,156914
40.138017654418945,156914
40.13937044143677,156914
40.140289545059204,156914
40.141207456588745,156914
40.14212727546692,156914
40.14304065704346,156914
40.14440703392029,156914
40.14532160758972,156914
40.146241903305054,156914
40.147160053253174,156914
40.14807486534119,156914
40.14943337440491,156914
40.15035319328308,156914
40.15127158164978,156914
40.15218639373779,156914
40.1531035900116,156914
40.154027462005615,156914
40.155383586883545,156914
40.15629959106445,156914
40.15722036361694,156914
40.158138036727905,156914
40.15905737876892,156914
40.160415172576904,156914
40.16133403778076,156914
40.162253618240356,156914
40.16317582130432,156914
40.16410517692566,156914
40.16502094268799,156914
40.166375160217285,156914
40.167293071746826,156914
40.16821336746216,156914
40.16913676261902,156914
40.17005252838135,156914
40.17140531539917,156914
40.17232584953308,156914
40.17324376106262,156914
40.174172163009644,156914
40.17508840560913,156914
40.17644238471985,156914
40.17735838890076,156914
40.17827582359314,156914
40.17919850349426,156914
40.18011498451233,156914
40.18102979660034,156914
40.18239092826843,156914
40.18330764770508,156914
40.18423819541931,156914
40.185157775878906,156914
40.18607521057129,156914
40.187432050704956,156914
40.18834853172302,156914
40.189265727996826,156914
40.190187215805054,156914
40.191105127334595,156914
40.19201850891113,156914
40.193371295928955,156914
40.19429898262024,156914
40.195215463638306,156914
40.19613528251648,156914
40.19705247879028,156914
40.198405027389526,156914
40.199318647384644,156914
40.2002375125885,156914
40.201157569885254,156914
40.202070474624634,156914
40.20342803001404,156914
40.2043514251709,156914
40.205273389816284,156914
40.20619249343872,156914
40.20711326599121,156914
40.208024978637695,156914
40.20938324928284,156914
40.210301637649536,156914
40.211219787597656,156914
40.212141036987305,156914
40.21305584907532,156914
40.21441912651062,156914
40.215333700180054,156914
40.216257095336914,156914
40.2171745300293,156914
40.21808886528015,156914
40.21900749206543,156914
40.22036075592041,156914
40.22127866744995,156914
40.2221953868866,156914
40.22311234474182,156914
40.22403812408447,156914
40.22539258003235,156914
40.22630739212036,156914
40.22722816467285,156914
40.22814607620239,156914
40.22905921936035,156914
40.230416774749756,156914
40.231335163116455,156914
40.23225402832031,156914
40.233171701431274,156914
40.23409652709961,156914
40.23501420021057,156914
40.236363649368286,156914
40.23727869987488,156914
40.23819851875305,156914
40.239115715026855,156914
40.240031719207764,156914
40.241384744644165,156914
40.24230360984802,156914
40.24322175979614,156914
40.24414944648743,156914
40.245065689086914,156914
40.24642014503479,156914
40.247336626052856,156914
40.24825358390808,156914
40.24917387962341,156914
40.25008940696716,156914
40.251439809799194,156914
40.252355337142944,156914
40.253273725509644,156914
40.25420594215393,156914
40.255123138427734,156914
40.256041288375854,156914
40.25739359855652,156914
40.25831079483032,156914
40.259228467941284,156914
40.260146617889404,156914
40.26106262207031,156914
40.26241707801819,156914
40.263333797454834,156914
40.2642662525177,156914
40.26518201828003,156914
40.26610016822815,156914
40.26701903343201,156914
40.26836705207825,156914
40.269282817840576,156914
40.270198822021484,156914
40.271119356155396,156914
40.27203416824341,156914
40.273391008377075,156914
40.27431607246399,156914
40.27523612976074,156914
40.276151180267334,156914
40.27706527709961,156914
40.27841830253601,156914
40.27933430671692,156914
40.2802529335022,156914
40.2811713218689,156914
40.282090187072754,156914
40.28344011306763,156914
40.28436326980591,156914
40.28528022766113,156914
40.286200761795044,156914
40.287118911743164,156914
40.288031339645386,156914
40.28938698768616,156914
40.290302753448486,156914
40.291221141815186,156914
40.29213762283325,156914
40.29305648803711,156914
40.2944221496582,156914
40.29533934593201,156914
40.296258211135864,156914
40.297178983688354,156914
40.298091411590576,156914
40.29900503158569,156914
40.30036115646362,156914
40.3012797832489,156914
40.302199363708496,156914
40.30311608314514,156914
40.304044246673584,156914
40.3053982257843,156914
40.306315660476685,156914
40.307231426239014,156914
40.30815362930298,156914
40.30906629562378,156914
40.31042122840881,156914
40.31133556365967,156914
40.31225252151489,156914
40.31317162513733,156914
40.314098834991455,156914
40.3150155544281,156914
40.3163685798645,156914
40.31728506088257,156914
40.31820273399353,156914
40.31912136077881,156914
40.32003164291382,156914
40.32138657569885,156914
40.32230091094971,156914
40.323222398757935,156914
40.3241548538208,156914
40.3250687122345,156914
40.32642197608948,156914
40.32733988761902,156914
40.32826066017151,156914
40.329179525375366,156914
40.33010125160217,156914
40.33101558685303,156914
40.33237028121948,156914
40.333287477493286,156914
40.334219455718994,156914
40.33513808250427,156914
40.33605623245239,156914
40.33741283416748,156914
40.338332653045654,156914
40.339250326156616,156914
40.340166330337524,156914
40.341084480285645,156914
40.34244084358215,156914
40.343364000320435,156914
40.3442907333374,156914
40.34520959854126,156914
40.34613037109375,156914
40.34704399108887,156914
40.34840488433838,156914
40.34932780265808,156914
40.35024952888489,156914
40.35117554664612,156914
40.352094888687134,156914
40.353010177612305,156914
40.35437345504761,156914
40.35529041290283,156914
40.35620951652527,156914
40.357128381729126,156914
40.35804462432861,156914
40.359397888183594,156914
40.36031436920166,156914
40.3612322807312,156914
40.3621506690979,156914
40.363070249557495,156914
40.364437103271484,156914
40.36535453796387,156914
40.36627554893494,156914
40.36719512939453,156914
40.368112564086914,156914
40.36902594566345,156914
40.370381593704224,156914
40.37129998207092,156914
40.37221813201904,156914
40.37313508987427,156914
40.374062061309814,156914
40.37541604042053,156914
40.37633156776428,156914
40.3772497177124,156914
40.378169775009155,156914
40.37908959388733,156914
40.38000416755676,156914
40.38135743141174,156914
40.38227915763855,156914
40.383198499679565,156914
40.38412594795227,156914
40.385045289993286,156914
40.386398792266846,156914
40.38731789588928,156914
40.38823485374451,156914
40.38915967941284,156914
40.39007639884949,156914
40.39143109321594,156914
40.39234638214111,156914
40.39326453208923,156914
40.394193172454834,156914
40.39511179924011,156914
40.39602541923523,156914
40.397379875183105,156914
40.39829683303833,156914
40.39921045303345,156914
40.400129318237305,156914
40.401044845581055,156914
40.40239477157593,156914
40.40331172943115,156914
40.40424203872681,156914
40.40516138076782,156914
40.406076192855835,156914
40.40742897987366,156914
40.40834450721741,156914
40.40926194190979,156914
40.41017961502075,156914
40.411096811294556,156914
40.41201448440552,156914
40.41337299346924,156914
40.41430044174194,156914
40.415220737457275,156914
40.41613698005676,156914
40.41705060005188,156914
40.41840839385986,156914
40.4193274974823,156914
40.42024803161621,156914
40.42116665840149,156914
40.42208647727966,156914
40.423004150390625,156914
40.42436671257019,156914
40.42528748512268,156914
40.426204681396484,156914
40.427123069763184,156914
40.42803907394409,156914
40.42939567565918,156914
40.430309534072876,156914
40.43123126029968,156914
40.432148933410645,156914
40.43306493759155,156914
40.434430837631226,156914
40.435346841812134,156914
40.43626356124878,156914
40.43718218803406,156914
40.43809962272644,156914
40.43901610374451,156914
40.440372467041016,156914
40.44129204750061,156914
40.442214012145996,156914
40.44313406944275,156914
40.44406056404114,156914
40.44541692733765,156914
40.44634008407593,156914
40.44726085662842,156914
40.44817900657654,156914
40.449100494384766,156914
40.450013399124146,156914
40.45137047767639,156914
40.45229125022888,156914
40.4532105922699,156914
40.454140424728394,156914
40.45505690574646,156914
40.45641255378723,156914
40.45733189582825,156914
40.45825171470642,156914
40.459171295166016,156914
40.46008920669556,156914
40.46100449562073,156914
40.4623589515686,156914
40.46328020095825,156914
40.46420860290527,156914
40.46512722969055,156914
40.466044187545776,156914
40.4673969745636,156914
40.46831130981445,156914
40.4692280292511,156914
40.47014808654785,156914
40.471062421798706,156914
40.47241449356079,156914
40.47332835197449,156914
40.47425723075867,156914
40.47517657279968,156914
40.476091623306274,156914
40.4770073890686,156914
40.47835993766785,156914
40.47927784919739,156914
40.48019576072693,156914
40.481117248535156,156914
40.482035636901855,156914
40.483391761779785,156914
40.484315395355225,156914
40.485236406326294,156914
40.48615336418152,156914
40.48706912994385,156914
40.48842668533325,156914
40.48934292793274,156914
40.49026417732239,156914
40.49118375778198,156914
40.49210333824158,156914
40.49302124977112,156914
40.494386196136475,156914
40.49530076980591,156914
40.49622297286987,156914
40.49714207649231,156914
40.49805426597595,156914
40.49940896034241,156914
40.500327825546265,156914
40.50124645233154,156914
40.50216603279114,156914
40.503085136413574,156914
40.504013538360596,156914
40.50537037849426,156914
40.50628709793091,156914
40.50720739364624,156914
40.508124351501465,156914
40.50904059410095,156914
40.51039361953735,156914
40.51131224632263,156914
40.51222896575928,156914
40.51314401626587,156914
40.514068841934204,156914
40.51542353630066,156914
40.51634335517883,156914
40.517263889312744,156914
40.518181800842285,156914
40.51910042762756,156914
40.52001452445984,156914
40.52137088775635,156914
40.52231168746948,156914
40.523231744766235,156914
40.524160623550415,156914
40.52507567405701,156914
40.526429414749146,156914
40.52734851837158,156914
40.528263568878174,156914
40.5291805267334,156914
40.530096769332886,156914
40.53101420402527,156914
40.53236627578735,156914
40.53328561782837,156914
40.534215688705444,156914
40.53513050079346,156914
40.53604555130005,156914
40.53740048408508,156914
40.53831624984741,156914
40.53923511505127,156914
40.54015302658081,156914
40.54107356071472,156914
40.54243350028992,156914
40.54334807395935,156914
40.54428029060364,156914
40.545199155807495,156914
40.54611587524414,156914
40.547032833099365,156914
40.54839038848877,156914
40.54930877685547,156914
40.55022692680359,156914
40.5511474609375,156914
40.55206298828125,156914
40.55341696739197,156914
40.5543429851532,156914
40.555260181427,156914
40.55617642402649,156914
40.5570924282074,156914
40.55801010131836,156914
40.55936121940613,156914
40.56028151512146,156914
40.561198472976685,156914
40.56211471557617,156914
40.56303071975708,156914
40.56439566612244,156914
40.565311670303345,156914
40.56622910499573,156914
40.56714677810669,156914
40.568063497543335,156914
40.56942009925842,156914
40.57033944129944,156914
40.57126188278198,156914
40.57218146324158,156914
40.57310104370117,156914
40.574026107788086,156914
40.57538366317749,156914
40.57629680633545,156914
40.57721829414368,156914
40.57813811302185,156914
40.57905054092407,156914
40.580405473709106,156914
40.58132362365723,156914
40.58224081993103,156914
40.58315873146057,156914
40.58408832550049,156914
40.58500790596008,156914
40.58636164665222,156914
40.58727788925171,156914
40.588199853897095,156914
40.58911657333374,156914
40.59003305435181,156914
40.59138870239258,156914
40.59230160713196,156914
40.593220710754395,156914
40.594146728515625,156914
40.59506583213806,156914
40.596423864364624,156914
40.597341775894165,156914
40.598257303237915,156914
40.599175453186035,156914
40.60009050369263,156914
40.60100340843201,156914
40.60235857963562,156914
40.603275537490845,156914
40.604207277297974,156914
40.6051242351532,156914
40.60604190826416,156914
40.60739755630493,156914
40.60831546783447,156914
40.60923647880554,156914
40.61015605926514,156914
40.611071825027466,156914
40.612428426742554,156914
40.613343954086304,156914
40.61427330970764,156914
40.615193128585815,156914
40.616111278533936,156914
40.617029905319214,156914
40.61838173866272,156914
40.61929774284363,156914
40.620217084884644,156914
40.6211371421814,156914
40.62205958366394,156914
40.623417139053345,156914
40.62434411048889,156914
40.62526559829712,156914
40.62618565559387,156914
40.627105712890625,156914
40.62802529335022,156914
40.62938046455383,156914
40.6303014755249,156914
40.63122010231018,156914
40.63214159011841,156914
40.633058071136475,156914
40.63442659378052,156914
40.63533854484558,156914
40.636258602142334,156914
40.63717865943909,156914
40.63809609413147,156914
40.63901209831238,156914
40.64036750793457,156914
40.64128875732422,156914
40.64220595359802,156914
40.643123388290405,156914
40.64405083656311,156914
40.64540767669678,156914
40.646324157714844,156914
40.64724135398865,156914
40.64815974235535,156914
40.649073123931885,156914
40.65043044090271,156914
40.651347637176514,156914
40.65226364135742,156914
40.6531822681427,156914
40.65411138534546,156914
40.65502691268921,156914
40.65638327598572,156914
40.65730047225952,156914
40.658222913742065,156914
40.659140825271606,156914
40.660057067871094,156914
40.6614134311676,156914
40.662330865859985,156914
40.66324782371521,156914
40.66417741775513,156914
40.665099143981934,156914
40.666017055511475,156914
40.66737246513367,156914
40.66828989982605,156914
40.66920852661133,156914
40.67012572288513,156914
40.67103862762451,156914
40.67239785194397,156914
40.673317432403564,156914
40.67424702644348,156914
40.67516756057739,156914
40.676085233688354,156914
40.67744016647339,156914
40.678359508514404,156914
40.67927885055542,156914
40.68019700050354,156914
40.68111562728882,156914
40.68203282356262,156914
40.683393716812134,156914
40.68432092666626,156914
40.68524193763733,156914
40.68616056442261,156914
40.687077045440674,156914
40.68842840194702,156914
40.6893470287323,156914
40.690266847610474,156914
40.69118785858154,156914
40.69210648536682,156914
40.69301915168762,156914
40.694379568099976,156914
40.6952965259552,156914
40.69621133804321,156914
40.69712710380554,156914
40.698044300079346,156914
40.69939470291138,156914
40.70031404495239,156914
40.701231479644775,156914
40.70215129852295,156914
40.70306611061096,156914
40.704432010650635,156914
40.705345153808594,156914
40.70626425743103,156914
40.7071807384491,156914
40.70810079574585,156914
40.709019899368286,156914
40.71037435531616,156914
40.71129298210144,156914
40.71221423149109,156914
40.713134765625,156914
40.71405839920044,156914
40.71541404724121,156914
40.716328144073486,156914
40.71724796295166,156914
40.71818923950195,156914
40.71911025047302,156914
40.72002911567688,156914
40.721384048461914,156914
40.72229981422424,156914
40.723217487335205,156914
40.72414541244507,156914
40.72506093978882,156914
40.72641658782959,156914
40.72733473777771,156914
40.72825360298157,156914
40.729174852371216,156914
40.73009967803955,156914
40.73101472854614,156914
40.732367753982544,156914
40.733285427093506,156914
40.73421382904053,156914
40.735132455825806,156914
40.736047983169556,156914
40.73740839958191,156914
40.73832321166992,156914
40.739243268966675,156914
40.74016070365906,156914
40.74107336997986,156914
40.742011308670044,156914
40.74336838722229,156914
40.744296073913574,156914
40.74521589279175,156914
40.74613428115845,156914
40.74704599380493,156914
40.748401403427124,156914
40.749319076538086,156914
40.75024104118347,156914
40.751155376434326,156914
40.75207161903381,156914
40.75342845916748,156914
40.7543568611145,156914
40.7552752494812,156914
40.75619411468506,156914
40.75711107254028,156914
40.75802254676819,156914
40.759376764297485,156914
40.76029300689697,156914
40.76121163368225,156914
40.76212978363037,156914
40.763041734695435,156914
40.764408349990845,156914
40.76532530784607,156914
40.76624298095703,156914
40.7671594619751,156914
40.7680766582489,156914
40.76943612098694,156914
40.77035403251648,156914
40.77127242088318,156914
40.77218770980835,156914
40.77310514450073,156914
40.77402877807617,156914
40.775386095047,156914
40.776302099227905,156914
40.777220249176025,156914
40.77813720703125,156914
40.77905464172363,156914
40.78040814399719,156914
40.781325578689575,156914
40.78224468231201,156914
40.783164739608765,156914
40.78409147262573,156914
40.78500580787659,156914
40.78636288642883,156914
40.787280559539795,156914
40.78820085525513,156914
40.78911519050598,156914
40.79003286361694,156914
40.79138970375061,156914
40.79230713844299,156914
40.793227195739746,156914
40.79415845870972,156914
40.795074462890625,156914
40.796425342559814,156914
40.797338247299194,156914
40.79825687408447,156914
40.799174785614014,156914
40.80008816719055,156914
40.80100631713867,156914
40.80235815048218,156914
40.80327534675598,156914
40.8042049407959,156914
40.805124282836914,156914
40.80604004859924,156914
40.807395219802856,156914
40.80831027030945,156914
40.80923008918762,156914
40.810149908065796,156914
40.81106495857239,156914
40.81242036819458,156914
40.81333637237549,156914
40.8142671585083,156914
40.81518316268921,156914
40.81610083580017,156914
40.817015409469604,156914
40.81836748123169,156914
40.81928300857544,156914
40.82020449638367,156914
40.82112455368042,156914
40.82204055786133,156914
40.82339692115784,156914
40.82432198524475,156914
40.82524251937866,156914
40.82615947723389,156914
40.827078104019165,156914
40.82843589782715,156914
40.82935547828674,156914
40.83027243614197,156914
40.83119058609009,156914
40.832109212875366,156914
40.833019971847534,156914
40.83438420295715,156914
40.835301637649536,156914
40.836219787597656,156914
40.837138652801514,156914
40.83805584907532,156914
40.83941197395325,156914
40.84033155441284,156914
40.84124779701233,156914
40.84217023849487,156914
40.84308648109436,156914
40.844011306762695,156914
40.84536671638489,156914
40.84628415107727,156914
40.84720206260681,156914
40.84811878204346,156914
40.84903860092163,156914
40.85039401054382,156914
40.85131025314331,156914
40.85222911834717,156914
40.85315012931824,156914
40.85407328605652,156914
40.85542845726013,156914
40.8563437461853,156914
40.857266664505005,156914
40.85818696022034,156914
40.859102725982666,156914
40.860021114349365,156914
40.86137866973877,156914
40.86229610443115,156914
40.863211154937744,156914
40.86413860321045,156914
40.86505436897278,156914
40.866410970687866,156914
40.86732888221741,156914
40.86824631690979,156914
40.86916542053223,156914
40.87007999420166,156914
40.87143588066101,156914
40.87235498428345,156914
40.87327527999878,156914
40.87420153617859,156914
40.875123023986816,156914
40.87604093551636,156914
40.87739539146423,156914
40.878313064575195,156914
40.87923288345337,156914
40.88015270233154,156914
40.88106679916382,156914
40.8824245929718,156914
40.8833429813385,156914
40.884276151657104,156914
40.8851957321167,156914
40.886112213134766,156914
40.88702940940857,156914
40.88838267326355,156914
40.889301776885986,156914
40.890223026275635,156914
40.891144037246704,156914
40.89206314086914,156914
40.89342379570007,156914
40.89435005187988,156914
40.89526605606079,156914
40.89618420600891,156914
40.8971049785614,156914
40.898021936416626,156914
40.89937996864319,156914
40.90030097961426,156914
40.901217222213745,156914
40.90213632583618,156914
40.9030499458313,156914
40.90441656112671,156914
40.90533423423767,156914
40.90625309944153,156914
40.90717029571533,156914
40.90808987617493,156914
40.90900468826294,156914
40.91036033630371,156914
40.91127800941467,156914
40.91219782829285,156914
40.91311478614807,156914
40.91403937339783,156914
40.915395975112915,156914
40.91631460189819,156914
40.917234897613525,156914
40.918150424957275,156914
40.91906690597534,156914
40.92042088508606,156914
40.921337842941284,156914
40.92225790023804,156914
40.923178911209106,156914
40.92410945892334,156914
40.9250271320343,156914
40.92638421058655,156914
40.92730236053467,156914
40.92822456359863,156914
40.929144859313965,156914
40.93006253242493,156914
40.93142008781433,156914
40.93233847618103,156914
40.93326020240784,156914
40.93419098854065,156914
40.935110569000244,156914
40.93602776527405,156914
40.9373836517334,156914
40.93830108642578,156914
40.93922305107117,156914
40.94013786315918,156914
40.94105577468872,156914
40.94241118431091,156914
40.94332814216614,156914
40.94425868988037,156914
40.945178508758545,156914
40.94609308242798,156914
40.947007179260254,156914
40.94836211204529,156914
40.949281454086304,156914
40.950199604034424,156914
40.95111680030823,156914
40.95203471183777,156914
40.95339107513428,156914
40.954317808151245,156914
40.95523643493652,156914
40.95615887641907,156914
40.9570746421814,156914
40.95843529701233,156914
40.959351778030396,156914
40.96027207374573,156914
40.96118879318237,156914
40.96210813522339,156914
40.963027000427246,156914
40.96439051628113,156914
40.965309381484985,156914
40.96623134613037,156914
40.9671528339386,156914
40.96806979179382,156914
40.96942710876465,156914
40.97034430503845,156914
40.971261978149414,156914
40.972180128097534,156914
40.97309923171997,156914
40.9740252494812,156914
40.97538208961487,156914
40.976301431655884,156914
40.97721791267395,156914
40.978137493133545,156914
40.9790563583374,156914
40.9804151058197,156914
40.98133063316345,156914
40.982248306274414,156914
40.98316788673401,156914
40.98409414291382,156914
40.98501253128052,156914
40.98636555671692,156914
40.9872841835022,156914
40.98820114135742,156914
40.98911929130554,156914
40.99003624916077,156914
40.991393089294434,156914
40.99230647087097,156914
40.99322509765625,156914
40.994154930114746,156914
40.99507164955139,156914
40.99642491340637,156914
40.99734163284302,156914
40.99826002120972,156914
40.99917984008789,156914
41.0001003742218,156914
41.001014709472656,156914
41.002368450164795,156914
41.00328588485718,156914
41.004215240478516,156914
41.00513029098511,156914
41.00604867935181,156914
41.007402420043945,156914
41.00831985473633,156914
41.00923776626587,156914
41.010154008865356,156914
41.01106834411621,156914
41.01242136955261,156914
41.01333808898926,156914
41.014265060424805,156914
41.01518511772156,156914
41.01610589027405,156914
41.017021894454956,156914
41.01837635040283,156914
41.019291400909424,156914
41.02020883560181,156914
41.02112650871277,156914
41.02204179763794,156914
41.02339577674866,156914
41.024320125579834,156914
41.02523922920227,156914
41.026159048080444,156914
41.02707839012146,156914
41.028435945510864,156914
41.02935075759888,156914
41.03026819229126,156914
41.031184911727905,156914
41.03210234642029,156914
41.03301930427551,156914
41.03437900543213,156914
41.03529620170593,156914
41.03621244430542,156914
41.037131786346436,156914
41.03804683685303,156914
41.03940200805664,156914
41.040316104888916,156914
41.04123640060425,156914
41.042155265808105,156914
41.04306888580322,156914
41.04443550109863,156914
41.04535102844238,156914
41.04627203941345,156914
41.04719161987305,156914
41.048110008239746,156914
41.049026012420654,156914
41.05037760734558,156914
41.051297187805176,156914
41.05221748352051,156914
41.05313539505005,156914
41.05405902862549,156914
41.05541276931763,156914
41.05633091926575,156914
41.05724859237671,156914
41.05816459655762,156914
41.05908465385437,156914
41.06043720245361,156914
41.06135296821594,156914
41.06226992607117,156914
41.06318736076355,156914
41.06411576271057,156914
41.06503081321716,156914
41.066385984420776,156914
41.067301750183105,156914
41.06822156906128,156914
41.06914162635803,156914
41.070058822631836,156914
41.0714168548584,156914
41.07233500480652,156914
41.07325267791748,156914
41.07418179512024,156914
41.07509994506836,156914
41.0760133266449,156914
41.07736778259277,156914
41.078285694122314,156914
41.07920479774475,156914
41.08012294769287,156914
41.08103966712952,156914
41.08239412307739,156914
41.08331632614136,156914
41.084245681762695,156914
41.0851674079895,156914
41.086082458496094,156914
41.08743762969971,156914
41.08835434913635,156914
41.089275598526,156914
41.09019422531128,156914
41.0911123752594,156914
41.0920307636261,156914
41.093385457992554,156914
41.0943124294281,156914
41.09523129463196,156914
41.096158027648926,156914
41.0970733165741,156914
41.09843111038208,156914
41.09934949874878,156914
41.10026955604553,156914
41.10118532180786,156914
41.1021032333374,156914
41.10301995277405,156914
41.10438776016235,156914
41.105305194854736,156914
41.10622239112854,156914
41.107142210006714,156914
41.10805869102478,156914
41.10941457748413,156914
41.1103298664093,156914
41.11124849319458,156914
41.11216640472412,156914
41.1130805015564,156914
41.114009857177734,156914
41.115365505218506,156914
41.116283655166626,156914
41.11719989776611,156914
41.118119955062866,156914
41.11903429031372,156914
41.12070941925049,156914
41.12154841423035,156914
41.122374534606934,156914
41.123199701309204,156914
41.124032735824585,156914
41.12561368942261,156914
41.126439571380615,156914
41.12726545333862,156914
41.12808394432068,156914
41.12965965270996,156914
41.130486249923706,156914
41.13131332397461,156914
41.13213133811951,156914
41.13371539115906,156914
41.13455033302307,156914
41.13537287712097,156914
41.13620328903198,156914
41.13702845573425,156914
41.138604402542114,156914
41.13943338394165,156914
41.140257596969604,156914
41.14107608795166,156914
41.14265179634094,156914
41.143479108810425,156914
41.144315242767334,156914
41.14513397216797,156914
41.146711349487305,156914
41.147544384002686,156914
41.148369550704956,156914
41.14919829368591,156914
41.15001893043518,156914
41.15159845352173,156914
41.15242099761963,156914
41.15325427055359,156914
41.15408682823181,156914
41.15566873550415,156914
41.156492948532104,156914
41.15732550621033,156914
41.15814733505249,156914
41.159727573394775,156914
41.16055226325989,156914
41.16138434410095,156914
41.16221261024475,156914
41.16303038597107,156914
41.164618730545044,156914
41.16544437408447,156914
41.16627502441406,156914
41.16709780693054,156914
41.16867685317993,156914
41.16950464248657,156914
41.170329332351685,156914
41.17114877700806,156914
41.172725677490234,156914
41.173558950424194,156914
41.17439246177673,156914
41.17522048950195,156914
41.17604184150696,156914
41.1776168346405,156914
41.17844772338867,156914
41.179279088974,156914
41.18010210990906,156914
41.18168234825134,156914
41.18250632286072,156914
41.18333697319031,156914
41.18416666984558,156914
41.18574357032776,156914
41.18657374382019,156914
41.187400579452515,156914
41.18822526931763,156914
41.18904900550842,156914
41.1906304359436,156914
41.19145154953003,156914
41.19228148460388,156914
41.19310450553894,156914
41.1946976184845,156914
41.19552659988403,156914
41.1963529586792,156914
41.197179555892944,156914
41.19875764846802,156914
41.19958829879761,156914
41.2004132270813,156914
41.20124006271362,156914
41.2020628452301,156914
41.203638792037964,156914
41.20447635650635,156914
41.205302238464355,156914
41.20612192153931,156914
41.20770311355591,156914
41.2085235118866,156914
41.20935678482056,156914
41.210184812545776,156914
41.2110071182251,156914
41.212579011917114,156914
41.21341323852539,156914
41.21424603462219,156914
41.215067863464355,156914
41.21664881706238,156914
41.21747350692749,156914
41.21830677986145,156914
41.21912407875061,156914
41.22069978713989,156914
41.22152805328369,156914
41.22235560417175,156914
41.223182916641235,156914
41.22401165962219,156914
41.225592613220215,156914
41.22641706466675,156914
41.227245569229126,156914
41.22806739807129,156914
41.229639291763306,156914
41.23047423362732,156914
41.231303215026855,156914
41.232125759124756,156914
41.23370289802551,156914
41.23453950881958,156914
41.235371589660645,156914
41.23619985580444,156914
41.23701763153076,156914
41.23859167098999,156914
41.23941946029663,156914
41.24024963378906,156914
41.241069316864014,156914
41.24264907836914,156914
41.24347758293152,156914
41.24431371688843,156914
41.245134115219116,156914
41.246713638305664,156914
41.247544050216675,156914
41.248369216918945,156914
41.249200105667114,156914
41.250022888183594,156914
41.25159573554993,156914
41.25242614746094,156914
41.253254652023315,156914
41.25408363342285,156914
41.25565719604492,156914
41.25647974014282,156914
41.25731110572815,156914
41.258132219314575,156914
41.259714126586914,156914
41.260541915893555,156914
41.26136660575867,156914
41.26219391822815,156914
41.263012170791626,156914
41.264599084854126,156914
41.265424966812134,156914
41.26625347137451,156914
41.26707935333252,156914
41.268659591674805,156914
41.26948428153992,156914
41.27031087875366,156914
41.27112865447998,156914
41.272709608078,156914
41.27354073524475,156914
41.27438187599182,156914
41.27520728111267,156914
41.276031255722046,156914
41.27760195732117,156914
41.2784378528595,156914
41.27926468849182,156914
41.280083417892456,156914
41.28165864944458,156914
41.28248834609985,156914
41.283316135406494,156914
41.2841432094574,156914
41.28571915626526,156914
41.28654956817627,156914
41.28737831115723,156914
41.288208961486816,156914
41.28903412818909,156914
41.290608644485474,156914
41.291435956954956,156914
41.292261362075806,156914
41.293081760406494,156914
41.29466414451599,156914
41.29549479484558,156914
41.29632329940796,156914
41.29714345932007,156914
41.29872155189514,156914
41.29954695701599,156914
41.300373554229736,156914
41.30120587348938,156914
41.30202865600586,156914
41.30360698699951,156914
41.304447412490845,156914
41.30527591705322,156914
41.30609440803528,156914
41.307668685913086,156914
41.308494329452515,156914
41.309324741363525,156914
41.31014370918274,156914
41.311720848083496,156914
41.31254720687866,156914
41.31337022781372,156914
41.31420826911926,156914
41.31503105163574,156914
41.31661081314087,156914
41.31743383407593,156914
41.318259477615356,156914
41.31907820701599,156914
41.320656538009644,156914
41.32148456573486,156914
41.32231402397156,156914
41.32313299179077,156914
41.32472562789917,156914
41.32555532455444,156914
41.3263795375824,156914
41.32721138000488,156914
41.328036308288574,156914
41.329609394073486,156914
41.33043432235718,156914
41.331265926361084,156914
41.33208608627319,156914
41.33366250991821,156914
41.33449959754944,156914
41.33533215522766,156914
41.336151361465454,156914
41.33773159980774,156914
41.33855724334717,156914
41.33938193321228,156914
41.340216875076294,156914
41.341036319732666,156914
41.34261393547058,156914
41.34344148635864,156914
41.34428381919861,156914
41.34510612487793,156914
41.346683502197266,156914
41.34750533103943,156914
41.348336935043335,156914
41.34915828704834,156914
41.350733280181885,156914
41.35156273841858,156914
41.35239624977112,156914
41.35322618484497,156914
41.35405659675598,156914
41.35563373565674,156914
41.35646104812622,156914
41.35729479789734,156914
41.358113527297974,156914
41.35969138145447,156914
41.36051607131958,156914
41.36134481430054,156914
41.362167835235596,156914
41.363741874694824,156914
41.36458468437195,156914
41.3654088973999,156914
41.36623406410217,156914
41.367055892944336,156914
41.36863398551941,156914
41.36946225166321,156914
41.37028527259827,156914
41.3711040019989,156914
41.372687578201294,156914
41.37351965904236,156914
41.37435746192932,156914
41.37517547607422,156914
41.37675166130066,156914
41.37757921218872,156914
41.37840151786804,156914
41.379231214523315,156914
41.38005018234253,156914
41.381630659103394,156914
41.3824520111084,156914
41.38328003883362,156914
41.384108543395996,156914
41.38568997383118,156914
41.386507987976074,156914
41.387338638305664,156914
41.3881573677063,156914
41.389739751815796,156914
41.39055919647217,156914
41.39138889312744,156914
41.392213106155396,156914
41.39303636550903,156914
41.3946259021759,156914
41.3954496383667,156914
41.39628195762634,156914
41.39709973335266,156914
41.39867663383484,156914
41.39950346946716,156914
41.400333642959595,156914
41.4011504650116,156914
41.40273094177246,156914
41.403560638427734,156914
41.404396295547485,156914
41.40522241592407,156914
41.40604543685913,156914
41.40761923789978,156914
41.40845012664795,156914
41.40927600860596,156914
41.410096168518066,156914
41.41167736053467,156914
41.412503480911255,156914
41.413330078125,156914
41.414156436920166,156914
41.41573762893677,156914
41.41656231880188,156914
41.417388677597046,156914
41.41821599006653,156914
41.419039249420166,156914
41.42061972618103,156914
41.42144799232483,156914
41.42227602005005,156914
41.423097372055054,156914
41.42468762397766,156914
41.42551040649414,156914
41.42634129524231,156914
41.42716073989868,156914
41.428739070892334,156914
41.42956042289734,156914
41.430394649505615,156914
41.431219816207886,156914
41.43204069137573,156914
41.43361496925354,156914
41.43445014953613,156914
41.43528199195862,156914
41.436100006103516,156914
41.43767833709717,156914
41.43850111961365,156914
41.43932867050171,156914
41.4401490688324,156914
41.44172525405884,156914
41.44255328178406,156914
41.443379640579224,156914
41.44421577453613,156914
41.44503903388977,156914
41.446614265441895,156914
41.447444915771484,156914
41.44827604293823,156914
41.44909596443176,156914
41.450676679611206,156914
41.451505184173584,156914
41.45233488082886,156914
41.453155279159546,156914
41.45474600791931,156914
41.45557165145874,156914
41.456406593322754,156914
41.457234144210815,156914
41.45805501937866,156914
41.459633111953735,156914
41.46046185493469,156914
41.461289405822754,156914
41.4621102809906,156914
41.46368980407715,156914
41.4645209312439,156914
41.465346336364746,156914
41.46616744995117,156914
41.4677460193634,156914
41.468563079833984,156914
41.469396352767944,156914
41.4702262878418,156914
41.47104334831238,156914
41.472620725631714,156914
41.47344899177551,156914
41.474284410476685,156914
41.47510313987732,156914
41.47668814659119,156914
41.477510929107666,156914
41.478338956832886,156914
41.47916126251221,156914
41.48073649406433,156914
41.48156428337097,156914
41.48239874839783,156914
41.48322343826294,156914
41.484058141708374,156914
41.485631227493286,156914
41.486456632614136,156914
41.48729062080383,156914
41.48811173439026,156914
41.48968863487244,156914
41.49051856994629,156914
41.49135231971741,156914
41.49217224121094,156914
41.493748903274536,156914
41.49458074569702,156914
41.49540972709656,156914
41.496240854263306,156914
41.49706315994263,156914
41.49863839149475,156914
41.49946641921997,156914
41.50029468536377,156914
41.501115798950195,156914
41.502691984176636,156914
41.50352644920349,156914
41.50436329841614,156914
41.50518202781677,156914
41.50675630569458,156914
41.50758457183838,156914
41.50841760635376,156914
41.509243965148926,156914
41.510066509246826,156914
41.51164269447327,156914
41.512471199035645,156914
41.51329970359802,156914
41.51412582397461,156914
41.51570987701416,156914
41.51653289794922,156914
41.51735758781433,156914
41.5181884765625,156914
41.51900672912598,156914
41.52058410644531,156914
41.52140951156616,156914
41.52224087715149,156914
41.52306056022644,156914
41.5246467590332,156914
41.52547907829285,156914
41.526307821273804,156914
41.52712845802307,156914
41.528709411621094,156914
41.52953743934631,156914
41.53036189079285,156914
41.53119158744812,156914
41.53201341629028,156914
41.5335853099823,156914
41.53443264961243,156914
41.53525686264038,156914
41.536076068878174,156914
41.53765535354614,156914
41.538480043411255,156914
41.539310693740845,156914
41.54013109207153,156914
41.5417115688324,156914
41.54254078865051,156914
41.543367862701416,156914
41.54420804977417,156914
41.54502892494202,156914
41.54659676551819,156914
41.547433376312256,156914
41.54825735092163,156914
41.549078941345215,156914
41.550657987594604,156914
41.551478147506714,156914
41.55231308937073,156914
41.55313158035278,156914
41.554723262786865,156914
41.555548429489136,156914
41.55637454986572,156914
41.55720114707947,156914
41.558022260665894,156914
41.559601068496704,156914
41.56043267250061,156914
41.5612587928772,156914
41.56207799911499,156914
41.56365418434143,156914
41.564489126205444,156914
41.56532168388367,156914
41.56613850593567,156914
41.56771421432495,156914
41.568532943725586,156914
41.5693678855896,156914
41.570194721221924,156914
41.57101488113403,156914
41.572592973709106,156914
41.5734179019928,156914
41.57425808906555,156914
41.57507824897766,156914
41.57665419578552,156914
41.577478885650635,156914
41.57830882072449,156914
41.579129219055176,156914
41.580708503723145,156914
41.5815372467041,156914
41.58235549926758,156914
41.58318853378296,156914
41.58402371406555,156914
41.58559799194336,156914
41.586427211761475,156914
41.58725428581238,156914
41.58807563781738,156914
41.58965277671814,156914
41.59048128128052,156914
41.59130930900574,156914
41.592129945755005,156914
41.59371304512024,156914
41.594550132751465,156914
41.59537148475647,156914
41.59620189666748,156914
41.59702110290527,156914
41.59860324859619,156914
41.59942674636841,156914
41.60025691986084,156914
41.60107684135437,156914
41.60265374183655,156914
41.60348296165466,156914
41.60432028770447,156914
41.60513925552368,156914
41.60671663284302,156914
41.607547760009766,156914
41.608378410339355,156914
41.60920238494873,156914
41.61002254486084,156914
41.611600399017334,156914
41.61242341995239,156914
41.61325740814209,156914
41.61408710479736,156914
41.61565923690796,156914
41.61648654937744,156914
41.61731934547424,156914
41.61813712120056,156914
41.61971855163574,156914
41.62054920196533,156914
41.62137508392334,156914
41.622204065322876,156914
41.62302589416504,156914
41.62461018562317,156914
41.62543821334839,156914
41.626264810562134,156914
41.627084255218506,156914
41.62866449356079,156914
41.629491329193115,156914
41.630316495895386,156914
41.63113236427307,156914
41.63272261619568,156914
41.63354730606079,156914
41.63438558578491,156914
41.635212659835815,156914
41.63603401184082,156914
41.637611389160156,156914
41.63843774795532,156914
41.63926601409912,156914
41.64008903503418,156914
41.64166569709778,156914
41.64249658584595,156914
41.64332389831543,156914
41.64415168762207,156914
41.64573359489441,156914
41.646559953689575,156914
41.64738893508911,156914
41.64821910858154,156914
41.649041175842285,156914
41.650617837905884,156914
41.65144491195679,156914
41.65227460861206,156914
41.65309476852417,156914
41.65468668937683,156914
41.6555118560791,156914
41.65634346008301,156914
41.657163858413696,156914
41.65874123573303,156914
41.659568548202515,156914
41.66039729118347,156914
41.66122770309448,156914
41.662052392959595,156914
41.663631439208984,156914
41.66447186470032,156914
41.6653048992157,156914
41.666123151779175,156914
41.667704820632935,156914
41.668527364730835,156914
41.66936182975769,156914
41.67019033432007,156914
41.67100954055786,156914
41.672582149505615,156914
41.673407554626465,156914
41.674245834350586,156914
41.67506694793701,156914
41.676645278930664,156914
41.67747259140015,156914
41.678303718566895,156914
41.67912316322327,156914
41.68070578575134,156914
41.681527853012085,156914
41.68236064910889,156914
41.68318724632263,156914
41.684019565582275,156914
41.6855902671814,156914
41.68642282485962,156914
41.68725347518921,156914
41.688074827194214,156914
41.68964910507202,156914
41.69047999382019,156914
41.69131064414978,156914
41.69212532043457,156914
41.69371008872986,156914
41.69454073905945,156914
41.69537425041199,156914
41.696197271347046,156914
41.69701790809631,156914
41.69859313964844,156914
41.69941806793213,156914
41.70024824142456,156914
41.70106768608093,156914
41.70263957977295,156914
41.70347309112549,156914
41.704312324523926,156914
41.7051305770874,156914
41.70670938491821,156914
41.70753288269043,156914
41.70836925506592,156914
41.70919466018677,156914
41.71001672744751,156914
41.71158814430237,156914
41.712411642074585,156914
41.713244915008545,156914
41.71407699584961,156914
41.7156548500061,156914
41.716482162475586,156914
41.71731376647949,156914
41.71812891960144,156914
41.71971607208252,156914
41.72054839134216,156914
41.721375703811646,156914
41.72220492362976,156914
41.72303056716919,156914
41.72461533546448,156914
41.72544312477112,156914
41.72626972198486,156914
41.727084159851074,156914
41.728665351867676,156914
41.729488134384155,156914
41.73032259941101,156914
41.73114204406738,156914
41.73272132873535,156914
41.73355197906494,156914
41.73438310623169,156914
41.73521375656128,156914
41.736032247543335,156914
41.737608432769775,156914
41.73844027519226,156914
41.739269733428955,156914
41.74009132385254,156914
41.74167251586914,156914
41.74249625205994,156914
41.74332547187805,156914
41.744155168533325,156914
41.745737075805664,156914
41.746562242507935,156914
41.747395515441895,156914
41.748223543167114,156914
41.74904775619507,156914
41.750624656677246,156914
41.75145196914673,156914
41.75227761268616,156914
41.753098011016846,156914
41.754685163497925,156914
41.75551509857178,156914
41.756343603134155,156914
41.757163286209106,156914
41.75874137878418,156914
41.75956892967224,156914
41.76039719581604,156914
41.761229515075684,156914
41.762051582336426,156914
41.763625383377075,156914
41.764469385147095,156914
41.765302658081055,156914
41.766122817993164,156914
41.7677059173584,156914
41.76853036880493,156914
41.76935577392578,156914
41.770182609558105,156914
41.77176117897034,156914
41.77258253097534,156914
41.77341437339783,156914
41.774250507354736,156914
41.77506995201111,156914
41.776652574539185,156914
41.7774760723114,156914
41.778305768966675,156914
41.779122829437256,156914
41.78070116043091,156914
41.78153085708618,156914
41.78235983848572,156914
41.78318428993225,156914
41.784016609191895,156914
41.78559494018555,156914
41.786428451538086,156914
41.787256717681885,156914
41.788076877593994,156914
41.78965449333191,156914
41.79047918319702,156914
41.791308879852295,156914
41.7921257019043,156914
41.79370355606079,156914
41.79453778266907,156914
41.795369386672974,156914
41.79619789123535,156914
41.79701781272888,156914
41.79859185218811,156914
41.799421310424805,156914
41.800249338150024,156914
41.801069498062134,156914
41.80264401435852,156914
41.80347537994385,156914
41.80431532859802,156914
41.80513381958008,156914
41.80671238899231,156914
41.807533979415894,156914
41.80836725234985,156914
41.809194564819336,156914
41.81001329421997,156914
41.81158208847046,156914
41.81241512298584,156914
41.813244581222534,156914
41.81407451629639,156914
41.81564903259277,156914
41.81648087501526,156914
41.817307472229004,156914
41.818127155303955,156914
41.819701194763184,156914
41.820533752441406,156914
41.82136034965515,156914
41.82218599319458,156914
41.82300591468811,156914
41.82459115982056,156914
41.82542181015015,156914
41.826247692108154,156914
41.82706952095032,156914
41.828644037246704,156914
41.829471826553345,156914
41.83030033111572,156914
41.83111906051636,156914
41.83269453048706,156914
41.833526849746704,156914
41.83436369895935,156914
41.835182189941406,156914
41.83676290512085,156914
41.83758544921875,156914
41.83841276168823,156914
41.839245557785034,156914
41.840065479278564,156914
41.84164237976074,156914
41.842469453811646,156914
41.84329795837402,156914
41.8441264629364,156914
41.84571123123169,156914
41.84653639793396,156914
41.847362995147705,156914
41.84818983078003,156914
41.84901213645935,156914
41.85058784484863,156914
41.851414918899536,156914
41.85224723815918,156914
41.85306644439697,156914
41.854653120040894,156914
41.85547876358032,156914
41.85630440711975,156914
41.85712170600891,156914
41.858699321746826,156914
41.85952663421631,156914
41.8603515625,156914
41.861173152923584,156914
41.862754344940186,156914
41.8635778427124,156914
41.86441230773926,156914
41.86524152755737,156914
41.86606240272522,156914
41.867642402648926,156914
41.86847257614136,156914
41.869301319122314,156914
41.87011933326721,156914
41.8716995716095,156914
41.87252736091614,156914
41.87335705757141,156914
41.874191999435425,156914
41.87501096725464,156914
41.87658667564392,156914
41.877418756484985,156914
41.87824559211731,156914
41.87906885147095,156914
41.88064122200012,156914
41.88147211074829,156914
41.88230228424072,156914
41.88312315940857,156914
41.88470768928528,156914
41.88553977012634,156914
41.88637113571167,156914
41.88719463348389,156914
41.888015270233154,156914
41.889591455459595,156914
41.89041471481323,156914
41.89124655723572,156914
41.89206886291504,156914
41.893646001815796,156914
41.894484519958496,156914
41.89531183242798,156914
41.89612889289856,156914
41.89771008491516,156914
41.898531436920166,156914
41.89935874938965,156914
41.90018677711487,156914
41.90101099014282,156914
41.90258812904358,156914
41.90341401100159,156914
41.9042534828186,156914
41.905075788497925,156914
41.90665292739868,156914
41.90747952461243,156914
41.90830659866333,156914
41.90912628173828,156914
41.91070795059204,156914
41.91153144836426,156914
41.912357568740845,156914
41.91318607330322,156914
41.91401743888855,156914
41.91559720039368,156914
41.91642451286316,156914
41.91725254058838,156914
41.91807460784912,156914
41.919650077819824,156914
41.920475006103516,156914
41.92130756378174,156914
41.922126054763794,156914
41.92370653152466,156914
41.92454719543457,156914
41.92537236213684,156914
41.926202058792114,156914
41.92702555656433,156914
41.92859935760498,156914
41.92942762374878,156914
41.93026161193848,156914
41.93108296394348,156914
41.93265986442566,156914
41.93348503112793,156914
41.934322357177734,156914
41.935142278671265,156914
41.936720848083496,156914
41.93754696846008,156914
41.93837356567383,156914
41.939199924468994,156914
41.94002175331116,156914
41.94159936904907,156914
41.942423582077026,156914
41.94325637817383,156914
41.944087266922,156914
41.945664167404175,156914
41.946486473083496,156914
41.94731616973877,156914
41.94813323020935,156914
41.9497184753418,156914
41.9505455493927,156914
41.95137095451355,156914
41.95219659805298,156914
41.95301961898804,156914
41.954604148864746,156914
41.95543026924133,156914
41.956258058547974,156914
41.957077980041504,156914
41.95865345001221,156914
41.95947074890137,156914
41.96030306816101,156914
41.961121797561646,156914
41.96270442008972,156914
41.96353197097778,156914
41.96436882019043,156914
41.9651985168457,156914
41.96601963043213,156914
41.96759843826294,156914
41.968427896499634,156914
41.96925711631775,156914
41.970075845718384,156914
41.97165608406067,156914
41.9724805355072,156914
41.97331476211548,156914
41.97414302825928,156914
41.97572445869446,156914
41.97654962539673,156914
41.97737503051758,156914
41.97820281982422,156914
41.979023933410645,156914
41.98059582710266,156914
41.98142862319946,156914
41.98226451873779,156914
41.98307991027832,156914
41.984665393829346,156914
41.98549294471741,156914
41.986326932907104,156914
41.987144947052,156914
41.98872780799866,156914
41.98955059051514,156914
41.990373611450195,156914
41.991206645965576,156914
41.99202585220337,156914
41.99360203742981,156914
41.9944384098053,156914
41.99526596069336,156914
41.996087312698364,156914
41.9976646900177,156914
41.998493909835815,156914
41.999319314956665,156914
42.0001425743103,156914
42.00171971321106,156914
42.002551555633545,156914
42.003379344940186,156914
42.004212617874146,156914
42.00503587722778,156914
42.006614446640015,156914
42.0074405670166,156914
42.008272886276245,156914
42.00909447669983,156914
42.01067113876343,156914
42.0115020275116,156914
42.01233386993408,156914
42.01315498352051,156914
42.014745235443115,156914
42.01557660102844,156914
42.01640319824219,156914
42.01723527908325,156914
42.01805663108826,156914
42.01963806152344,156914
42.02046227455139,156914
42.02129149436951,156914
42.022111654281616,156914
42.0236930847168,156914
42.02452611923218,156914
42.02535319328308,156914
42.02618193626404,156914
42.02776622772217,156914
42.02858829498291,156914
42.02940821647644,156914
42.03024744987488,156914
42.031068086624146,156914
42.03264236450195,156914
42.03346610069275,156914
42.034303188323975,156914
42.03512382507324,156914
42.036700963974,156914
42.03752660751343,156914
42.038355112075806,156914
42.039185523986816,156914
42.040008783340454,156914
42.041582345962524,156914
42.04241394996643,156914
42.04324436187744,156914
42.04407262802124,156914
42.045647382736206,156914
42.04648017883301,156914
42.04730844497681,156914
42.048126220703125,156914
42.049705028533936,156914
42.0505256652832,156914
42.051358461380005,156914
42.052186250686646,156914
42.05376410484314,156914
42.054595708847046,156914
42.055426359176636,156914
42.05625653266907,156914
42.05707597732544,156914
42.058653354644775,156914
42.05947828292847,156914
42.060304164886475,156914
42.06112337112427,156914
42.062703132629395,156914
42.06352782249451,156914
42.06436777114868,156914
42.06519556045532,156914
42.06601548194885,156914
42.06759309768677,156914
42.06841969490051,156914
42.06924533843994,156914
42.07006359100342,156914
42.071637868881226,156914
42.07247066497803,156914
42.073302030563354,156914
42.07413101196289,156914
42.07571220397949,156914
42.07653784751892,156914
42.07736349105835,156914
42.07818961143494,156914
42.07901358604431,156914
42.080594062805176,156914
42.08142852783203,156914
42.082252502441406,156914
42.08307218551636,156914
42.08465814590454,156914
42.085487604141235,156914
42.08631443977356,156914
42.08713245391846,156914
42.088716983795166,156914
42.08953619003296,156914
42.090368032455444,156914
42.09119462966919,156914
42.09201121330261,156914
42.093587160110474,156914
42.09442853927612,156914
42.09525418281555,156914
42.09607672691345,156914
42.09764838218689,156914
42.098472356796265,156914
42.09930467605591,156914
42.10012340545654,156914
42.10170602798462,156914
42.10252857208252,156914
42.103357553482056,156914
42.10419535636902,156914
42.10501980781555,156914
42.106597900390625,156914
42.10742521286011,156914
42.10826301574707,156914
42.109084367752075,156914
42.11065745353699,156914
42.11148810386658,156914
42.11231708526611,156914
42.113139390945435,156914
42.11472511291504,156914
42.11555194854736,156914
42.11638283729553,156914
42.11721110343933,156914
42.11803412437439,156914
42.11960744857788,156914
42.1204400062561,156914
42.12126326560974,156914
42.122087478637695,156914
42.12365937232971,156914
42.12449884414673,156914
42.125327825546265,156914
42.12614703178406,156914
42.12772607803345,156914
42.12855339050293,156914
42.12938356399536,156914
42.13021373748779,156914
42.13103199005127,156914
42.13261151313782,156914
42.13343667984009,156914
42.13427758216858,156914
42.135098695755005,156914
42.13667368888855,156914
42.1375036239624,156914
42.13832712173462,156914
42.13914656639099,156914
42.14072370529175,156914
42.1415491104126,156914
42.14238142967224,156914
42.14320921897888,156914
42.14404058456421,156914
42.14562153816223,156914
42.14644384384155,156914
42.147276401519775,156914
42.148096323013306,156914
42.149678230285645,156914
42.1505012512207,156914
42.15132737159729,156914
42.15214920043945,156914
42.15372323989868,156914
42.154563665390015,156914
42.15539216995239,156914
42.15622067451477,156914
42.15704536437988,156914
42.1586275100708,156914
42.15945625305176,156914
42.1602828502655,156914
42.16110372543335,156914
42.16267967224121,156914
42.163504123687744,156914
42.16433811187744,156914
42.1651566028595,156914
42.166733503341675,156914
42.16755795478821,156914
42.16838502883911,156914
42.169209480285645,156914
42.170034885406494,156914
42.17161560058594,156914
42.17243838310242,156914
42.17327308654785,156914
42.174105405807495,156914
42.17568492889404,156914
42.17651104927063,156914
42.17733836174011,156914
42.17815852165222,156914
42.17973875999451,156914
42.18056130409241,156914
42.181394815444946,156914
42.18222403526306,156914
42.183048248291016,156914
42.184638261795044,156914
42.18546414375305,156914
42.18629741668701,156914
42.18711519241333,156914
42.188692808151245,156914
42.189518451690674,156914
42.190343379974365,156914
42.191162109375,156914
42.19274139404297,156914
42.193564891815186,156914
42.19439721107483,156914
42.19522476196289,156914
42.19604730606079,156914
42.1976203918457,156914
42.19845628738403,156914
42.199280977249146,156914
42.200100898742676,156914
42.201680421829224,156914
42.20250630378723,156914
42.2033326625824,156914
42.20415782928467,156914
42.20573973655701,156914
42.20656967163086,156914
42.20739436149597,156914
42.2082257270813,156914
42.20904803276062,156914
42.21062612533569,156914
42.211451053619385,156914
42.21228361129761,156914
42.21310353279114,156914
42.21468925476074,156914
42.21551251411438,156914
42.2163450717926,156914
42.217166900634766,156914
42.218743562698364,156914
42.219566345214844,156914
42.22039580345154,156914
42.22122097015381,156914
42.22204256057739,156914
42.223618268966675,156914
42.22445774078369,156914
42.2252881526947,156914
42.226104736328125,156914
42.2276828289032,156914
42.22851252555847,156914
42.22934079170227,156914
42.23015904426575,156914
42.23173689842224,156914
42.232563972473145,156914
42.2333881855011,156914
42.23422122001648,156914
42.235044717788696,156914
42.23662209510803,156914
42.237449407577515,156914
42.23827648162842,156914
42.239094495773315,156914
42.2406702041626,156914
42.24149680137634,156914
42.24233078956604,156914
42.243152141571045,156914
42.244741439819336,156914
42.245566606521606,156914
42.24639534950256,156914
42.247225761413574,156914
42.248048067092896,156914
42.24962759017944,156914
42.25045418739319,156914
42.25128674507141,156914
42.25210237503052,156914
42.25367736816406,156914
42.25451421737671,156914
42.2553436756134,156914
42.25616431236267,156914
42.25774168968201,156914
42.258567094802856,156914
42.25939655303955,156914
42.26022291183472,156914
42.26104688644409,156914
42.262624740600586,156914
42.263444662094116,156914
42.2642879486084,156914
42.26510739326477,156914
42.26668334007263,156914
42.26750826835632,156914
42.26833438873291,156914
42.269155740737915,156914
42.27073311805725,156914
42.27156329154968,156914
42.27238988876343,156914
42.2732150554657,156914
42.27404570579529,156914
42.275625467300415,156914
42.27645707130432,156914
42.27728462219238,156914
42.278104305267334,156914
42.279682636260986,156914
42.2805061340332,156914
42.28133583068848,156914
42.28215432167053,156914
42.28373312950134,156914
42.284566164016724,156914
42.285391330718994,156914
42.28622364997864,156914
42.287044048309326,156914
42.28861975669861,156914
42.28945183753967,156914
42.29027962684631,156914
42.291096687316895,156914
42.292675495147705,156914
42.29349946975708,156914
42.29433631896973,156914
42.295156478881836,156914
42.29673099517822,156914
42.29755783081055,156914
42.29838967323303,156914
42.29921770095825,156914
42.30003547668457,156914
42.30161094665527,156914
42.30243635177612,156914
42.30326747894287,156914
42.30409860610962,156914
42.30568027496338,156914
42.30650472640991,156914
42.30733036994934,156914
42.30815124511719,156914
42.30972456932068,156914
42.310556411743164,156914
42.31138348579407,156914
42.312209129333496,156914
42.31303119659424,156914
42.31461501121521,156914
42.315438747406006,156914
42.31626915931702,156914
42.31709003448486,156914
42.318665742874146,156914
42.31949496269226,156914
42.32032823562622,156914
42.3211452960968,156914
42.322725772857666,156914
42.323554039001465,156914
42.32438850402832,156914
42.325220823287964,156914
42.326042890548706,156914
42.32762098312378,156914
42.32844686508179,156914
42.32927751541138,156914
42.330097675323486,156914
42.33167505264282,156914
42.33250546455383,156914
42.333335399627686,156914
42.33416557312012,156914
42.33574366569519,156914
42.33657217025757,156914
42.33739948272705,156914
42.338226318359375,156914
42.33904790878296,156914
42.34062218666077,156914
42.3414523601532,156914
42.34227895736694,156914
42.343097448349,156914
42.344690561294556,156914
42.3455126285553,156914
42.34634184837341,156914
42.34716296195984,156914
42.348745346069336,156914
42.34956932067871,156914
42.35039567947388,156914
42.351221561431885,156914
42.35204362869263,156914
42.3536217212677,156914
42.35445523262024,156914
42.3552885055542,156914
42.3561110496521,156914
42.35768985748291,156914
42.358519554138184,156914
42.359349489212036,156914
42.36017155647278,156914
42.36174750328064,156914
42.36256694793701,156914
42.363399028778076,156914
42.364234924316406,156914
42.36505627632141,156914
42.3666307926178,156914
42.36745309829712,156914
42.36828398704529,156914
42.36910438537598,156914
42.37067890167236,156914
42.371511459350586,156914
42.37233781814575,156914
42.3731586933136,156914
42.37474846839905,156914
42.37557339668274,156914
42.37640452384949,156914
42.377235651016235,156914
42.37805485725403,156914
42.379629135131836,156914
42.38045573234558,156914
42.3812894821167,156914
42.382108211517334,156914
42.383689165115356,156914
42.38452625274658,156914
42.38535809516907,156914
42.38617944717407,156914
42.38775658607483,156914
42.38858079910278,156914
42.38940620422363,156914
42.390236139297485,156914
42.391056537628174,156914
42.39263439178467,156914
42.39345836639404,156914
42.39429569244385,156914
42.39511680603027,156914
42.39669847488403,156914
42.39753079414368,156914
42.398357629776,156914
42.39918303489685,156914
42.400007486343384,156914
42.401585817337036,156914
42.40241456031799,156914
42.40324282646179,156914
42.40407133102417,156914
42.40565061569214,156914
42.406473875045776,156914
42.4073052406311,156914
42.408124923706055,156914
42.40970301628113,156914
42.41053485870361,156914
42.41136050224304,156914
42.41218686103821,156914
42.4130072593689,156914
42.414591789245605,156914
42.415422439575195,156914
42.41624641418457,156914
42.417070627212524,156914
42.418644189834595,156914
42.419474363327026,156914
42.42030119895935,156914
42.42112350463867,156914
42.42270350456238,156914
42.423529624938965,156914
42.42436170578003,156914
42.425195932388306,156914
42.42601752281189,156914
42.42759871482849,156914
42.4284234046936,156914
42.42925453186035,156914
42.43007731437683,156914
42.431657791137695,156914
42.43248176574707,156914
42.433314085006714,156914
42.434142112731934,156914
42.43571996688843,156914
42.43654131889343,156914
42.43737530708313,156914
42.43820071220398,156914
42.43902230262756,156914
42.440601110458374,156914
42.441423654556274,156914
42.4422550201416,156914
42.44307470321655,156914
42.444664478302,156914
42.44548726081848,156914
42.44632005691528,156914
42.44714164733887,156914
42.44872164726257,156914
42.44955229759216,156914
42.45037770271301,156914
42.451204776763916,156914
42.45202565193176,156914
42.45359992980957,156914
42.45444202423096,156914
42.455275774002075,156914
42.456096172332764,156914
42.45767569541931,156914
42.458500146865845,156914
42.45933127403259,156914
42.46014738082886,156914
42.46172308921814,156914
42.462552309036255,156914
42.46337842941284,156914
42.464215993881226,156914
42.46503496170044,156914
42.466612339019775,156914
42.46744656562805,156914
42.46827292442322,156914
42.469093322753906,156914
42.4706654548645,156914
42.471500873565674,156914
42.47232627868652,156914
42.47314715385437,156914
42.47474193572998,156914
42.47556734085083,156914
42.47639536857605,156914
42.4772207736969,156914
42.47804307937622,156914
42.479618310928345,156914
42.48045349121094,156914
42.481282472610474,156914
42.482102394104004,156914
42.48368191719055,156914
42.484517335891724,156914
42.48534274101257,156914
42.48616147041321,156914
42.487735986709595,156914
42.488569259643555,156914
42.48939776420593,156914
42.49022054672241,156914
42.49104118347168,156914
42.4926176071167,156914
42.49344325065613,156914
42.494284868240356,156914
42.49510169029236,156914
42.496675968170166,156914
42.497509479522705,156914
42.498340129852295,156914
42.499159812927246,156914
42.500744581222534,156914
42.50156903266907,156914
42.50239300727844,156914
42.503225326538086,156914
42.50405812263489,156914
42.505637884140015,156914
42.50646162033081,156914
42.507293939590454,156914
42.50811457633972,156914
42.50968861579895,156914
42.51051902770996,156914
42.51134967803955,156914
42.5121705532074,156914
42.51374936103821,156914
42.51458811759949,156914
42.51541471481323,156914
42.516244888305664,156914
42.517062187194824,156914
42.518639087677,156914
42.51946520805359,156914
42.52029275894165,156914
42.521111726760864,156914
42.522690773010254,156914
42.52351903915405,156914
42.524359941482544,156914
42.5251841545105,156914
42.52600622177124,156914
42.52758502960205,156914
42.528411626815796,156914
42.52923822402954,156914
42.530059576034546,156914
42.53163766860962,156914
42.532466888427734,156914
42.53329420089722,156914
42.534119844436646,156914
42.53569984436035,156914
42.53652334213257,156914
42.53735327720642,156914
42.53817367553711,156914
42.53975057601929,156914
42.540579080581665,156914
42.54140496253967,156914
42.54223346710205,156914
42.54305458068848,156914
42.544641733169556,156914
42.54546570777893,156914
42.54629588127136,156914
42.54711723327637,156914
42.54869747161865,156914
42.54951596260071,156914
42.550349712371826,156914
42.55116891860962,156914
42.552746295928955,156914
42.553565979003906,156914
42.55440330505371,156914
42.555232524871826,156914
42.55605697631836,156914
42.557634353637695,156914
42.55846118927002,156914
42.55929112434387,156914
42.56010866165161,156914
42.561683654785156,156914
42.56251239776611,156914
42.5633442401886,156914
42.56417274475098,156914
42.56575417518616,156914
42.566580295562744,156914
42.56740403175354,156914
42.568233251571655,156914
42.56905508041382,156914
42.57063341140747,156914
42.57146215438843,156914
42.57228875160217,156914
42.57310700416565,156914
42.57469391822815,156914
42.575517416000366,156914
42.57634615898132,156914
42.57717847824097,156914
42.5787558555603,156914
42.57958436012268,156914
42.580405473709106,156914
42.58123826980591,156914
42.582054138183594,156914
42.58363223075867,156914
42.584471225738525,156914
42.5852997303009,156914
42.58612108230591,156914
42.58769917488098,156914
42.58852791786194,156914
42.58935546875,156914
42.59018278121948,156914
42.59100556373596,156914
42.592583656311035,156914
42.593406438827515,156914
42.59424662590027,156914
42.59506559371948,156914
42.59663963317871,156914
42.59746789932251,156914
42.59830021858215,156914
42.59911870956421,156914
42.600698947906494,156914
42.6015202999115,156914
42.60235095024109,156914
42.60317087173462,156914
42.60400605201721,156914
42.60558080673218,156914
42.60641074180603,156914
42.607240200042725,156914
42.60805821418762,156914
42.609636306762695,156914
42.610466718673706,156914
42.61129856109619,156914
42.6121187210083,156914
42.61369824409485,156914
42.61452841758728,156914
42.6153564453125,156914
42.61618995666504,156914
42.617010831832886,156914
42.61858916282654,156914
42.619417905807495,156914
42.6202507019043,156914
42.62107062339783,156914
42.62264823913574,156914
42.623475790023804,156914
42.6243155002594,156914
42.62513756752014,156914
42.626713037490845,156914
42.62753868103027,156914
42.62836790084839,156914
42.629194021224976,156914
42.63001537322998,156914
42.631592750549316,156914
42.63242435455322,156914
42.63324975967407,156914
42.634077310562134,156914
42.63565635681152,156914
42.63648319244385,156914
42.63731408119202,156914
42.63813090324402,156914
42.63970947265625,156914
42.640541076660156,156914
42.64136242866516,156914
42.642192125320435,156914
42.643012046813965,156914
42.64459729194641,156914
42.64543056488037,156914
42.64625573158264,156914
42.64707589149475,156914
42.648656129837036,156914
42.64947843551636,156914
42.6503119468689,156914
42.65113067626953,156914
42.652711629867554,156914
42.653533935546875,156914
42.65437650680542,156914
42.655203342437744,156914
42.656026124954224,156914
42.657599687576294,156914
42.65842843055725,156914
42.659257650375366,156914
42.66007900238037,156914
42.66164803504944,156914
42.662479877471924,156914
42.66331148147583,156914
42.66413974761963,156914
42.66571807861328,156914
42.66654586791992,156914
42.66737151145935,156914
42.668195724487305,156914
42.66901683807373,156914
42.670594930648804,156914
42.67142128944397,156914
42.67224979400635,156914
42.67307090759277,156914
42.67465591430664,156914
42.675488233566284,156914
42.676316022872925,156914
42.677136182785034,156914
42.67871356010437,156914
42.679535150527954,156914
42.680365324020386,156914
42.68119215965271,156914
42.68201279640198,156914
42.68359017372131,156914
42.684427976608276,156914
42.68526077270508,156914
42.68608331680298,156914
42.68765711784363,156914
42.688475608825684,156914
42.689308881759644,156914
42.69012641906738,156914
42.691707611083984,156914
42.69253349304199,156914
42.693358182907104,156914
42.69419527053833,156914
42.69501733779907,156914
42.69659090042114,156914
42.69741892814636,156914
42.6982524394989,156914
42.69907355308533,156914
42.70064878463745,156914
42.701472759246826,156914
42.70230484008789,156914
42.70312285423279,156914
42.704710483551025,156914
42.705535650253296,156914
42.706366777420044,156914
42.707194805145264,156914
42.70801663398743,156914
42.709593772888184,156914
42.71041703224182,156914
42.711249351501465,156914
42.71207118034363,156914
42.71365165710449,156914
42.71448493003845,156914
42.715317487716675,156914
42.716134548187256,156914
42.71771287918091,156914
42.718547344207764,156914
42.719366788864136,156914
42.72020196914673,156914
42.721022605895996,156914
42.72260069847107,156914
42.7234251499176,156914
42.7242636680603,156914
42.72508239746094,156914
42.72665572166443,156914
42.727484464645386,156914
42.72831153869629,156914
42.72912859916687,156914
42.730708837509155,156914
42.73153352737427,156914
42.73236680030823,156914
42.73319959640503,156914
42.734031677246094,156914
42.73560690879822,156914
42.73644185066223,156914
42.73727059364319,156914
42.73808789253235,156914
42.73966383934021,156914
42.74049425125122,156914
42.741323471069336,156914
42.742143869400024,156914
42.743722677230835,156914
42.74455785751343,156914
42.745383501052856,156914
42.74621319770813,156914
42.74703335762024,156914
42.74860620498657,156914
42.74943494796753,156914
42.75026535987854,156914
42.75108599662781,156914
42.7526581287384,156914
42.75348114967346,156914
42.75432753562927,156914
42.75515031814575,156914
42.75672960281372,156914
42.75755834579468,156914
42.758381605148315,156914
42.75921177864075,156914
42.7600359916687,156914
42.761611461639404,156914
42.762441873550415,156914
42.76327037811279,156914
42.76410245895386,156914
42.76568388938904,156914
42.76650953292847,156914
42.76733899116516,156914
42.768160820007324,156914
42.76974177360535,156914
42.77056694030762,156914
42.77139592170715,156914
42.772226095199585,156914
42.77304649353027,156914
42.77463459968567,156914
42.775458097457886,156914
42.77628684043884,156914
42.777108669281006,156914
42.778690814971924,156914
42.77952241897583,156914
42.780349254608154,156914
42.78117060661316,156914
42.78275394439697,156914
42.78357458114624,156914
42.784414768218994,156914
42.78524613380432,156914
42.78606557846069,156914
42.78764367103577,156914
42.7884681224823,156914
42.78929662704468,156914
42.79011559486389,156914
42.791691064834595,156914
42.79251432418823,156914
42.79334545135498,156914
42.79417419433594,156914
42.79574704170227,156914
42.79657292366028,156914
42.79740381240845,156914
42.79823350906372,156914
42.799052000045776,156914
42.800631284713745,156914
42.80146050453186,156914
42.80228662490845,156914
42.803109645843506,156914
42.80469727516174,156914
42.8055202960968,156914
42.80635356903076,156914
42.80717134475708,156914
42.808753490448,156914
42.80958008766174,156914
42.81040620803833,156914
42.811238288879395,156914
42.81205677986145,156914
42.81363296508789,156914
42.814470052719116,156914
42.815306425094604,156914
42.81612467765808,156914
42.81770181655884,156914
42.81852912902832,156914
42.81935667991638,156914
42.82018709182739,156914
42.821006536483765,156914
42.82258629798889,156914
42.823408365249634,156914
42.824246644973755,156914
42.82506561279297,156914
42.82663679122925,156914
42.827468395233154,156914
42.828296184539795,156914
42.829116106033325,156914
42.83069586753845,156914
42.83152103424072,156914
42.83234477043152,156914
42.83316445350647,156914
42.83475470542908,156914
42.8355758190155,156914
42.83640170097351,156914
42.837233543395996,156914
42.838054180145264,156914
42.83963084220886,156914
42.84046220779419,156914
42.84129023551941,156914
42.8421094417572,156914
42.84368681907654,156914
42.84452486038208,156914
42.845351219177246,156914
42.84616732597351,156914
42.84775161743164,156914
42.84857416152954,156914
42.849403619766235,156914
42.8502311706543,156914
42.85105085372925,156914
42.85262989997864,156914
42.85345721244812,156914
42.85429930686951,156914
42.855114698410034,156914
42.85669684410095,156914
42.85752725601196,156914
42.85835337638855,156914
42.859174728393555,156914
42.86075282096863,156914
42.86158084869385,156914
42.862404346466064,156914
42.86323285102844,156914
42.86406493186951,156914
42.86563682556152,156914
42.86646914482117,156914
42.86729836463928,156914
42.86811947822571,156914
42.86969590187073,156914
42.87052536010742,156914
42.87135410308838,156914
42.87217378616333,156914
42.8737518787384,156914
42.87458682060242,156914
42.8754141330719,156914
42.876240491867065,156914
42.87706160545349,156914
42.87864136695862,156914
42.87946343421936,156914
42.88029456138611,156914
42.8811137676239,156914
42.882692098617554,156914
42.88352084159851,156914
42.88436007499695,156914
42.88518023490906,156914
42.88675856590271,156914
42.887579679489136,156914
42.888410329818726,156914
42.889241218566895,156914
42.890064001083374,156914
42.89163899421692,156914
42.89246153831482,156914
42.89329671859741,156914
42.89413070678711,156914
42.89571022987366,156914
42.89653658866882,156914
42.897361278533936,156914
42.89819025993347,156914
42.89901113510132,156914
42.90058755874634,156914
42.90141534805298,156914
42.90224647521973,156914
42.9030659198761,156914
42.904650926589966,156914
42.90547728538513,156914
42.90630340576172,156914
42.90712261199951,156914
42.90870761871338,156914
42.909531354904175,156914
42.910364866256714,156914
42.91119384765625,156914
42.9120135307312,156914
42.913581132888794,156914
42.91442513465881,156914
42.915255546569824,156914
42.91607904434204,156914
42.917654037475586,156914
42.91848111152649,156914
42.91930842399597,156914
42.92012619972229,156914
42.921701192855835,156914
42.9225287437439,156914
42.92335486412048,156914
42.924192905426025,156914
42.92501759529114,156914
42.92659020423889,156914
42.92742323875427,156914
42.92825269699097,156914
42.92907500267029,156914
42.930651903152466,156914
42.931477308273315,156914
42.932307720184326,156914
42.93312644958496,156914
42.9347128868103,156914
42.935542345047,156914
42.93636441230774,156914
42.93719434738159,156914
42.93801283836365,156914
42.93959093093872,156914
42.940414905548096,156914
42.94124627113342,156914
42.94206619262695,156914
42.94363570213318,156914
42.944480895996094,156914
42.94530653953552,156914
42.94612789154053,156914
42.947702169418335,156914
42.94853329658508,156914
42.949360609054565,156914
42.95018482208252,156914
42.951007604599,156914
42.95258593559265,156914
42.95341110229492,156914
42.95425271987915,156914
42.95507526397705,156914
42.95664858818054,156914
42.957472801208496,156914
42.95830535888672,156914
42.959126234054565,156914
42.96070384979248,156914
42.96153116226196,156914
42.96235394477844,156914
42.96318459510803,156914
42.96401834487915,156914
42.965593338012695,156914
42.96642351150513,156914
42.96725296974182,156914
42.968071937561035,156914
42.96964883804321,156914
42.97047567367554,156914
42.97130513191223,156914
42.97212338447571,156914
42.97370648384094,156914
42.97454595565796,156914
42.97536873817444,156914
42.9762008190155,156914
42.9770233631134,156914
42.978599548339844,156914
42.97942805290222,156914
42.98025846481323,156914
42.98108196258545,156914
42.982664585113525,156914
42.98348689079285,156914
42.98432731628418,156914
42.98514771461487,156914
42.98673057556152,156914
42.987555265426636,156914
42.988380670547485,156914
42.989211559295654,156914
42.9900324344635,156914
42.99161124229431,156914
42.99244213104248,156914
42.99326848983765,156914
42.99409604072571,156914
42.99567222595215,156914
42.99649667739868,156914
42.99732828140259,156914
42.998146295547485,156914
42.99971842765808,156914
43.00054955482483,156914
43.00138306617737,156914
43.00221395492554,156914
43.003034353256226,156914
43.004613161087036,156914
43.00544881820679,156914
43.00627779960632,156914
43.00709366798401,156914
43.00867199897766,156914
43.0095009803772,156914
43.01032876968384,156914
43.01114773750305,156914
43.012725830078125,156914
43.01355051994324,156914
43.01438856124878,156914
43.015219926834106,156914
43.01603817939758,156914
43.01761484146118,156914
43.01843738555908,156914
43.019266843795776,156914
43.02008819580078,156914
43.02166557312012,156914
43.02249336242676,156914
43.02332043647766,156914
43.024149656295776,156914
43.02573251724243,156914
43.02655529975891,156914
43.02738547325134,156914
43.02821373939514,156914
43.02903652191162,156914
43.030611991882324,156914
43.031439781188965,156914
43.03227090835571,156914
43.03308892250061,156914
43.03467535972595,156914
43.035500049591064,156914
43.03632593154907,156914
43.03714370727539,156914
43.03872466087341,156914
43.039546251297,156914
43.040374994277954,156914
43.04120850563049,156914
43.04203009605408,156914
43.0436053276062,156914
43.04444193840027,156914
43.04526901245117,156914
43.04609155654907,156914
43.04767084121704,156914
43.048492193222046,156914
43.04932451248169,156914
43.05014395713806,156914
43.05172252655029,156914
43.05254817008972,156914
43.053378105163574,156914
43.05421566963196,156914
43.05503511428833,156914
43.05661082267761,156914
43.05744433403015,156914
43.05827069282532,156914
43.05908989906311,156914
43.060667514801025,156914
43.06149363517761,156914
43.06232023239136,156914
43.0631422996521,156914
43.06472873687744,156914
43.06555914878845,156914
43.066386461257935,156914
43.06721329689026,156914
43.068031787872314,156914
43.069608211517334,156914
43.07043433189392,156914
43.071263551712036,156914
43.072083473205566,156914
43.07365822792053,156914
43.07449913024902,156914
43.07533264160156,156914
43.07615280151367,156914
43.07772946357727,156914
43.07856202125549,156914
43.07939100265503,156914
43.080222845077515,156914
43.081045627593994,156914
43.082627296447754,156914
43.083454608917236,156914
43.08429217338562,156914
43.08511185646057,156914
43.08668828010559,156914
43.0875186920166,156914
43.08834624290466,156914
43.08916664123535,156914
43.09074282646179,156914
43.091567277908325,156914
43.092395544052124,156914
43.09322667121887,156914
43.09405827522278,156914
43.09563875198364,156914
43.09646439552307,156914
43.097291231155396,156914
43.09811186790466,156914
43.099692583084106,156914
43.10052132606506,156914
43.10134792327881,156914
43.1021683216095,156914
43.10374617576599,156914
43.10458254814148,156914
43.105406284332275,156914
43.10623383522034,156914
43.10705327987671,156914
43.10862898826599,156914
43.10944962501526,156914
43.11027979850769,156914
43.11109709739685,156914
43.1126766204834,156914
43.11350059509277,156914
43.114338636398315,156914
43.11515736579895,156914
43.11673974990845,156914
43.11756229400635,156914
43.11839771270752,156914
43.11922478675842,156914
43.12004637718201,156914
43.121625661849976,156914
43.12245774269104,156914
43.12328314781189,156914
43.12411308288574,156914
43.1256959438324,156914
43.12651467323303,156914
43.12734627723694,156914
43.128164529800415,156914
43.129746198654175,156914
43.13057351112366,156914
43.13140273094177,156914
43.13223123550415,156914
43.133049726486206,156914
43.13463306427002,156914
43.13546371459961,156914
43.13628935813904,156914
43.13710975646973,156914
43.13868522644043,156914
43.139509439468384,156914
43.14034581184387,156914
43.14116621017456,156914
43.14274072647095,156914
43.143577098846436,156914
43.14440894126892,156914
43.14523792266846,156914
43.14605903625488,156914
43.147637605667114,156914
43.14846444129944,156914
43.149293184280396,156914
43.15011239051819,156914
43.15169405937195,156914
43.15251851081848,156914
43.15334868431091,156914
43.15418004989624,156914
43.155763149261475,156914
43.15658521652222,156914
43.15741038322449,156914
43.1582396030426,156914
43.159058570861816,156914
43.16063094139099,156914
43.16145920753479,156914
43.162285804748535,156914
43.16310477256775,156914
43.164695024490356,156914
43.16551852226257,156914
43.16635012626648,156914
43.16716766357422,156914
43.168747663497925,156914
43.16957354545593,156914
43.1704044342041,156914
43.17123532295227,156914
43.17205500602722,156914
43.17363357543945,156914
43.174469232559204,156914
43.175296783447266,156914
43.17611575126648,156914
43.17769002914429,156914
43.17852210998535,156914
43.17934989929199,156914
43.18016958236694,156914
43.181750774383545,156914
43.18256902694702,156914
43.183403968811035,156914
43.18423867225647,156914
43.18505930900574,156914
43.18662977218628,156914
43.187458515167236,156914
43.188289165496826,156914
43.189106464385986,156914
43.19068908691406,156914
43.19150996208191,156914
43.19234371185303,156914
43.19316482543945,156914
43.19475293159485,156914
43.195579528808594,156914
43.19640564918518,156914
43.197234869003296,156914
43.19805693626404,156914
43.19963312149048,156914
43.20046377182007,156914
43.20128917694092,156914
43.20211172103882,156914
43.203689098358154,156914
43.2045214176178,156914
43.20535087585449,156914
43.20618200302124,156914
43.20776319503784,156914
43.20858669281006,156914
43.20941233634949,156914
43.21023869514465,156914
43.211060523986816,156914
43.21263575553894,156914
43.21345829963684,156914
43.21429967880249,156914
43.2151198387146,156914
43.2166965007782,156914
43.21751928329468,156914
43.218350410461426,156914
43.21917176246643,156914
43.22075319290161,156914
43.22157406806946,156914
43.22239971160889,156914
43.22323250770569,156914
43.22406363487244,156914
43.22563982009888,156914
43.22646617889404,156914
43.22729539871216,156914
43.228113651275635,156914
43.2296929359436,156914
43.23051905632019,156914
43.231346130371094,156914
43.23216676712036,156914
43.23374700546265,156914
43.234583377838135,156914
43.235411405563354,156914
43.23623776435852,156914
43.23705768585205,156914
43.23863697052002,156914
43.23946166038513,156914
43.24028825759888,156914
43.24110746383667,156914
43.24268913269043,156914
43.2435142993927,156914
43.24435901641846,156914
43.24517631530762,156914
43.24675703048706,156914
43.247581005096436,156914
43.248406171798706,156914
43.24923586845398,156914
43.250059843063354,156914
43.25163388252258,156914
43.252464294433594,156914
43.25328993797302,156914
43.25411510467529,156914
43.25569462776184,156914
43.25652098655701,156914
43.257352113723755,156914
43.258169651031494,156914
43.25975513458252,156914
43.260576248168945,156914
43.26140737533569,156914
43.26223683357239,156914
43.26305532455444,156914
43.26464056968689,156914
43.26546669006348,156914
43.26629662513733,156914
43.2671160697937,156914
43.268688678741455,156914
43.26952075958252,156914
43.2703492641449,156914
43.271169662475586,156914
43.272745847702026,156914
43.27357077598572,156914
43.274415731430054,156914
43.27524209022522,156914
43.27606415748596,156914
43.27763509750366,156914
43.27846550941467,156914
43.279295921325684,156914
43.280115604400635,156914
43.28169393539429,156914
43.282517433166504,156914
43.28335094451904,156914
43.284180879592896,156914
43.285759687423706,156914
43.28658151626587,156914
43.287410736083984,156914
43.28824257850647,156914
43.289061307907104,156914
43.290640354156494,156914
43.291462659835815,156914
43.29229378700256,156914
43.29311275482178,156914
43.2947051525116,156914
43.295528411865234,156914
43.29635763168335,156914
43.29718804359436,156914
43.298009395599365,156914
43.299583435058594,156914
43.300414085388184,156914
43.30124497413635,156914
43.30206489562988,156914
43.30363583564758,156914
43.30447697639465,156914
43.30531167984009,156914
43.306129455566406,156914
43.307708978652954,156914
43.30853319168091,156914
43.30936312675476,156914
43.3101909160614,156914
43.31101107597351,156914
43.31259036064148,156914
43.31341314315796,156914
43.31425333023071,156914
43.31507635116577,156914
43.31665635108948,156914
43.31748175621033,156914
43.31830883026123,156914
43.31912922859192,156914
43.32071495056152,156914
43.321537733078,156914
43.3223659992218,156914
43.32319355010986,156914
43.32402586936951,156914
43.3256094455719,156914
43.32642984390259,156914
43.32726550102234,156914
43.32808709144592,156914
43.32966589927673,156914
43.33049297332764,156914
43.33132076263428,156914
43.33214068412781,156914
43.333717584609985,156914
43.33455848693848,156914
43.33538556098938,156914
43.33621025085449,156914
43.33703351020813,156914
43.338611125946045,156914
43.33944010734558,156914
43.34026551246643,156914
43.341084480285645,156914
43.34266233444214,156914
43.34348464012146,156914
43.344324350357056,156914
43.34514403343201,156914
43.34672427177429,156914
43.347551107406616,156914
43.34837889671326,156914
43.34920644760132,156914
43.35002589225769,156914
43.35160517692566,156914
43.352431535720825,156914
43.35325837135315,156914
43.35408687591553,156914
43.35566568374634,156914
43.35649514198303,156914
43.35732102394104,156914
43.35813808441162,156914
43.35972023010254,156914
43.36054754257202,156914
43.36137843132019,156914
43.362202405929565,156914
43.36302614212036,156914
43.36461305618286,156914
43.365437030792236,156914
43.36626863479614,156914
43.36708855628967,156914
43.36866617202759,156914
43.36948871612549,156914
43.37031579017639,156914
43.37113976478577,156914
43.372718811035156,156914
43.373549938201904,156914
43.374380350112915,156914
43.37521409988403,156914
43.37603735923767,156914
43.37761306762695,156914
43.3784396648407,156914
43.37926983833313,156914
43.38008975982666,156914
43.38166260719299,156914
43.38249707221985,156914
43.38332486152649,156914
43.38415265083313,156914
43.385732889175415,156914
43.38655686378479,156914
43.38738417625427,156914
43.38821506500244,156914
43.38903832435608,156914
43.39061164855957,156914
43.391438722610474,156914
43.39226317405701,156914
43.39308428764343,156914
43.394668102264404,156914
43.39549446105957,156914
43.396326541900635,156914
43.39714598655701,156914
43.39872431755066,156914
43.39955019950867,156914
43.40037775039673,156914
43.401206731796265,156914
43.40202856063843,156914
43.40360689163208,156914
43.4044394493103,156914
43.40527129173279,156914
43.40608882904053,156914
43.40766930580139,156914
43.408491134643555,156914
43.409321784973145,156914
43.41014266014099,156914
43.411717891693115,156914
43.412540912628174,156914
43.41337275505066,156914
43.41420888900757,156914
43.41503119468689,156914
43.4166054725647,156914
43.41743803024292,156914
43.41826677322388,156914
43.419087171554565,156914
43.42066812515259,156914
43.421494245529175,156914
43.4223210811615,156914
43.423139572143555,156914
43.4247305393219,156914
43.4255576133728,156914
43.426382541656494,156914
43.427207231521606,156914
43.42802405357361,156914
43.42960262298584,156914
43.43042278289795,156914
43.431257486343384,156914
43.43207836151123,156914
43.4336519241333,156914
43.43449401855469,156914
43.43532419204712,156914
43.43614459037781,156914
43.43772888183594,156914
43.43855428695679,156914
43.439388036727905,156914
43.44021511077881,156914
43.44103717803955,156914
43.44261288642883,156914
43.44343543052673,156914
43.444278955459595,156914
43.44509744644165,156914
43.44667983055115,156914
43.447503089904785,156914
43.448328733444214,156914
43.44914627075195,156914
43.45072627067566,156914
43.45155119895935,156914
43.45238280296326,156914
43.4532151222229,156914
43.45404386520386,156914
43.45562028884888,156914
43.45645260810852,156914
43.457279920578,156914
43.45810055732727,156914
43.45967936515808,156914
43.460509061813354,156914
43.46134042739868,156914
43.46215558052063,156914
43.463733196258545,156914
43.464571714401245,156914
43.46540021896362,156914
43.46622443199158,156914
43.467042446136475,156914
43.46861553192139,156914
43.469441652297974,156914
43.47027564048767,156914
43.4710967540741,156914
43.47267270088196,156914
43.47350525856018,156914
43.47434186935425,156914
43.47516345977783,156914
43.47674369812012,156914
43.47757291793823,156914
43.478394746780396,156914
43.4792263507843,156914
43.48004746437073,156914
43.481621742248535,156914
43.48244667053223,156914
43.48327898979187,156914
43.48410701751709,156914
43.48569297790527,156914
43.48651838302612,156914
43.487351179122925,156914
43.488170862197876,156914
43.489742279052734,156914
43.4905731678009,156914
43.4913969039917,156914
43.49222993850708,156914
43.49305081367493,156914
43.494640588760376,156914
43.49546933174133,156914
43.496296644210815,156914
43.497116804122925,156914
43.498697996139526,156914
43.4995219707489,156914
43.50034952163696,156914
43.50117063522339,156914
43.50275230407715,156914
43.50357627868652,156914
43.50441884994507,156914
43.50524592399597,156914
43.5060658454895,156914
43.507641077041626,156914
43.50846838951111,156914
43.50929665565491,156914
43.510114431381226,156914
43.51169300079346,156914
43.512519121170044,156914
43.51334857940674,156914
43.514177083969116,156914
43.51575469970703,156914
43.51658034324646,156914
43.517411947250366,156914
43.51824116706848,156914
43.5190589427948,156914
43.52064108848572,156914
43.52146792411804,156914
43.5222954750061,156914
43.523114919662476,156914
43.524707078933716,156914
43.52552843093872,156914
43.52634835243225,156914
43.52718234062195,156914
43.528008460998535,156914
43.529579162597656,156914
43.5304114818573,156914
43.531235694885254,156914
43.53205490112305,156914
43.53363060951233,156914
43.53446555137634,156914
43.53529477119446,156914
43.536115884780884,156914
43.537692070007324,156914
43.538517475128174,156914
43.539350509643555,156914
43.54016876220703,156914
43.541746854782104,156914
43.54257345199585,156914
43.54340219497681,156914
43.544241189956665,156914
43.54506230354309,156914
43.54663896560669,156914
43.54746389389038,156914
43.548295974731445,156914
43.54911708831787,156914
43.55068778991699,156914
43.55151891708374,156914
43.552348136901855,156914
43.55317044258118,156914
43.554757595062256,156914
43.55558633804321,156914
43.5564124584198,156914
43.557239294052124,156914
43.55806040763855,156914
43.559632778167725,156914
43.560463666915894,156914
43.561294078826904,156914
43.562111616134644,156914
43.56369066238403,156914
43.564523696899414,156914
43.56534957885742,156914
43.5661723613739,156914
43.56775259971619,156914
43.56857705116272,156914
43.56940531730652,156914
43.57023000717163,156914
43.57105588912964,156914
43.57263231277466,156914
43.573461294174194,156914
43.57429790496826,156914
43.57511878013611,156914
43.57669687271118,156914
43.577521562576294,156914
43.578349351882935,156914
43.579169511795044,156914
43.580748558044434,156914
43.581576347351074,156914
43.582398891448975,156914
43.58323121070862,156914
43.58405900001526,156914
43.585639238357544,156914
43.586463928222656,156914
43.58729648590088,156914
43.58811593055725,156914
43.589696168899536,156914
43.590524435043335,156914
43.59135365486145,156914
43.59217405319214,156914
43.59375357627869,156914
43.594582080841064,156914
43.59541368484497,156914
43.59624695777893,156914
43.59707045555115,156914
43.598644733428955,156914
43.599465131759644,156914
43.6002995967865,156914
43.60111975669861,156914
43.602699279785156,156914
43.60352158546448,156914
43.60436129570007,156914
43.60518217086792,156914
43.60675573348999,156914
43.607587575912476,156914
43.60841369628906,156914
43.60923910140991,156914
43.61006045341492,156914
43.611632347106934,156914
43.612467765808105,156914
43.613296031951904,156914
43.61412596702576,156914
43.61570191383362,156914
43.6165246963501,156914
43.61735653877258,156914
43.61818599700928,156914
43.619009494781494,156914
43.62058711051941,156914
43.62141251564026,156914
43.62224102020264,156914
43.62306022644043,156914
43.624648571014404,156914
43.62547469139099,156914
43.62630534172058,156914
43.627121686935425,156914
43.6286985874176,156914
43.62953281402588,156914
43.63035535812378,156914
43.631189584732056,156914
43.632009744644165,156914
43.63358211517334,156914
43.634421825408936,156914
43.63525748252869,156914
43.636077642440796,156914
43.637657165527344,156914
43.63848423957825,156914
43.639312744140625,156914
43.64013171195984,156914
43.64171624183655,156914
43.642539978027344,156914
43.643369913101196,156914
43.64420676231384,156914
43.64502573013306,156914
43.646602630615234,156914
43.64743089675903,156914
43.6482617855072,156914
43.64908504486084,156914
43.650660276412964,156914
43.65149450302124,156914
43.65231966972351,156914
43.653138160705566,156914
43.65472936630249,156914
43.65555548667908,156914
43.656378746032715,156914
43.65720582008362,156914
43.65802764892578,156914
43.659605264663696,156914
43.660435914993286,156914
43.66126489639282,156914
43.66208457946777,156914
43.66367053985596,156914
43.664499282836914,156914
43.66533350944519,156914
43.66615176200867,156914
43.66773176193237,156914
43.66856050491333,156914
43.66938662528992,156914
43.67021894454956,156914
43.67103910446167,156914
43.67261338233948,156914
43.673444986343384,156914
43.674283504486084,156914
43.67510271072388,156914
43.676679849624634,156914
43.6775107383728,156914
43.67833614349365,156914
43.679155349731445,156914
43.680731773376465,156914
43.681565046310425,156914
43.682390451431274,156914
43.68321919441223,156914
43.684049129486084,156914
43.685627937316895,156914
43.68645167350769,156914
43.6872832775116,156914
43.688100814819336,156914
43.689680337905884,156914
43.69050168991089,156914
43.69133186340332,156914
43.69215226173401,156914
43.6937313079834,156914
43.69456148147583,156914
43.69538450241089,156914
43.69621658325195,156914
43.69703674316406,156914
43.69860768318176,156914
43.6994423866272,156914
43.70026993751526,156914
43.70109033584595,156914
43.70267033576965,156914
43.70349359512329,156914
43.7043297290802,156914
43.70514631271362,156914
43.70672655105591,156914
43.70755100250244,156914
43.70837450027466,156914
43.70920777320862,156914
43.71003174781799,156914
43.71160817146301,156914
43.71243405342102,156914
43.7132625579834,156914
43.71409320831299,156914
43.7156708240509,156914
43.71649360656738,156914
43.717326641082764,156914
43.718143701553345,156914
43.719735622406006,156914
43.72056579589844,156914
43.721391439437866,156914
43.72222542762756,156914
43.72304654121399,156914
43.72463822364807,156914
43.72546148300171,156914
43.72628927230835,156914
43.72710680961609,156914
43.72868323326111,156914
43.72951149940491,156914
43.73034334182739,156914
43.73116612434387,156914
43.732744455337524,156914
43.7335684299469,156914
43.73440361022949,156914
43.73523211479187,156914
43.73605251312256,156914
43.73763084411621,156914
43.73845601081848,156914
43.73928904533386,156914
43.740108013153076,156914
43.74168372154236,156914
43.742512702941895,156914
43.743343114852905,156914
43.74417018890381,156914
43.745750427246094,156914
43.74657583236694,156914
43.747406005859375,156914
43.74823307991028,156914
43.749053955078125,156914
43.75062966346741,156914
43.75145697593689,156914
43.75228691101074,156914
43.753108739852905,156914
43.754695653915405,156914
43.75552010536194,156914
43.75635290145874,156914
43.75717306137085,156914
43.75875282287598,156914
43.759575843811035,156914
43.760401010513306,156914
43.76123023033142,156914
43.7620484828949,156914
43.76362872123718,156914
43.76446533203125,156914
43.76529121398926,156914
43.766111612319946,156914
43.767690896987915,156914
43.768519163131714,156914
43.76934838294983,156914
43.77017092704773,156914
43.771751403808594,156914
43.77257990837097,156914
43.77340340614319,156914
43.77424144744873,156914
43.775062799453735,156914
43.776639223098755,156914
43.777464866638184,156914
43.77829551696777,156914
43.77911686897278,156914
43.78069710731506,156914
43.78151869773865,156914
43.78234910964966,156914
43.78317451477051,156914
43.78400635719299,156914
43.785584688186646,156914
43.7864134311676,156914
43.787240505218506,156914
43.78806209564209,156914
43.78963828086853,156914
43.79046821594238,156914
43.791295528411865,156914
43.79211497306824,156914
43.79369568824768,156914
43.794527530670166,156914
43.795363903045654,156914
43.796188831329346,156914
43.79701018333435,156914
43.798587799072266,156914
43.79941248893738,156914
43.800243854522705,156914
43.80106282234192,156914
43.80263948440552,156914
43.803465843200684,156914
43.804306507110596,156914
43.805126428604126,156914
43.80670237541199,156914
43.80753231048584,156914
43.808358907699585,156914
43.809186697006226,156914
43.81000876426697,156914
43.81158494949341,156914
43.81241011619568,156914
43.81323480606079,156914
43.81406569480896,156914
43.81564259529114,156914
43.816471099853516,156914
43.8173041343689,156914
43.81812357902527,156914
43.81970763206482,156914
43.820536851882935,156914
43.82136058807373,156914
43.8221971988678,156914
43.8230185508728,156914
43.824604988098145,156914
43.82542848587036,156914
43.82625937461853,156914
43.82708287239075,156914
43.828654766082764,156914
43.82948112487793,156914
43.83031249046326,156914
43.83112907409668,156914
43.832712173461914,156914
43.833534479141235,156914
43.83437204360962,156914
43.83520197868347,156914
43.83602452278137,156914
43.83760666847229,156914
43.83843231201172,156914
43.83926320075989,156914
43.840081453323364,156914
43.84165811538696,156914
43.84248399734497,156914
43.84331154823303,156914
43.844138383865356,156914
43.845714807510376,156914
43.8465461730957,156914
43.84737229347229,156914
43.84819936752319,156914
43.84902238845825,156914
43.850602865219116,156914
43.85143065452576,156914
43.8522572517395,156914
43.85307550430298,156914
43.85466289520264,156914
43.85548663139343,156914
43.856316804885864,156914
43.85713458061218,156914
43.85871410369873,156914
43.859538316726685,156914
43.86036920547485,156914
43.86120128631592,156914
43.86202311515808,156914
43.86360263824463,156914
43.86444139480591,156914
43.86527109146118,156914
43.86609411239624,156914
43.867674112319946,156914
43.86849856376648,156914
43.86932563781738,156914
43.87014031410217,156914
43.87172293663025,156914
43.87254238128662,156914
43.873374938964844,156914
43.87421202659607,156914
43.875032901763916,156914
43.876607179641724,156914
43.877432346343994,156914
43.87826323509216,156914
43.87908577919006,156914
43.88066577911377,156914
43.88149070739746,156914
43.88231682777405,156914
43.883131980895996,156914
43.88472080230713,156914
43.88554906845093,156914
43.88637900352478,156914
43.88720417022705,156914
43.88802623748779,156914
43.88960552215576,156914
43.89043378829956,156914
43.89125967025757,156914
43.89208197593689,156914
43.8936550617218,156914
43.89448809623718,156914
43.89531993865967,156914
43.89613699913025,156914
43.8977165222168,156914
43.89853644371033,156914
43.899367809295654,156914
43.90019941329956,156914
43.90102553367615,156914
43.902602434158325,156914
43.90343236923218,156914
43.904271364212036,156914
43.905094385147095,156914
43.906668186187744,156914
43.90750312805176,156914
43.90833067893982,156914
43.90914869308472,156914
43.910728454589844,156914
43.911553144454956,156914
43.912378787994385,156914
43.91320514678955,156914
43.914034605026245,156914
43.915613889694214,156914
43.91644048690796,156914
43.91727375984192,156914
43.91809344291687,156914
43.91966772079468,156914
43.92050051689148,156914
43.921329975128174,156914
43.922146797180176,156914
43.92372465133667,156914
43.92455577850342,156914
43.92538523674011,156914
43.926212549209595,156914
43.92703294754028,156914
43.92860460281372,156914
43.92943978309631,156914
43.930264472961426,156914
43.93108582496643,156914
43.93266224861145,156914
43.93348813056946,156914
43.93432974815369,156914
43.93514800071716,156914
43.93672513961792,156914
43.93755531311035,156914
43.93837642669678,156914
43.93920922279358,156914
43.940030097961426,156914
43.94160842895508,156914
43.9424352645874,156914
43.943262577056885,156914
43.94409227371216,156914
43.945666790008545,156914
43.94649624824524,156914
43.947327852249146,156914
43.94814705848694,156914
43.94972491264343,156914
43.95054864883423,156914
43.95138120651245,156914
43.95221447944641,156914
43.95303463935852,156914
43.954617977142334,156914
43.95544219017029,156914
43.956276178359985,156914
43.95709490776062,156914
43.95867371559143,156914
43.959503173828125,156914
43.960328817367554,156914
43.96114993095398,156914
43.96272826194763,156914
43.96355223655701,156914
43.96438479423523,156914
43.96521306037903,156914
43.96603465080261,156914
43.96760821342468,156914
43.968440532684326,156914
43.96926665306091,156914
43.97008562088013,156914
43.971662282943726,156914
43.97249174118042,156914
43.97332167625427,156914
43.974148988723755,156914
43.975733041763306,156914
43.976555824279785,156914
43.977383613586426,156914
43.978216886520386,156914
43.97903919219971,156914
43.98061442375183,156914
43.981441497802734,156914
43.98227000236511,156914
43.983091831207275,156914
43.98468065261841,156914
43.98550200462341,156914
43.98633646965027,156914
43.987154722213745,156914
43.988730669021606,156914
43.98955297470093,156914
43.99038529396057,156914
43.991211891174316,156914
43.99203538894653,156914
43.99361276626587,156914
43.9944486618042,156914
43.99527859687805,156914
43.99609899520874,156914
43.99767994880676,156914
43.99850153923035,156914
43.9993360042572,156914
44.00015592575073,156914
44.0017364025116,156914
44.00255513191223,156914
44.00338649749756,156914
44.00422382354736,156914
44.00504422187805,156914
44.006624937057495,156914
44.00744938850403,156914
44.00827646255493,156914
44.00909614562988,156914
44.01067399978638,156914
44.01149821281433,156914
44.012327671051025,156914
44.01314449310303,156914
44.0147340297699,156914
44.01556468009949,156914
44.01640033721924,156914
44.01722860336304,156914
44.018052101135254,156914
44.019631147384644,156914
44.020461320877075,156914
44.02129077911377,156914
44.022109031677246,156914
44.02369022369385,156914
44.024521589279175,156914
44.02535367012024,156914
44.026182413101196,156914
44.02700710296631,156914
44.02858591079712,156914
44.02941274642944,156914
44.03024125099182,156914
44.03105807304382,156914
44.03263068199158,156914
44.033456325531006,156914
44.034297704696655,156914
44.03511619567871,156914
44.03669023513794,156914
44.03752088546753,156914
44.038349628448486,156914
44.03917598724365,156914
44.04074716567993,156914
44.0415780544281,156914
44.042407274246216,156914
44.043235301971436,156914
44.04406762123108,156914
44.04564428329468,156914
44.04646587371826,156914
44.04729700088501,156914
44.048117876052856,156914
44.04969906806946,156914
44.0505211353302,156914
44.05135631561279,156914
44.052180767059326,156914
44.05375838279724,156914
44.05459547042847,156914
44.05542182922363,156914
44.05625343322754,156914
44.05707311630249,156914
44.05864906311035,156914
44.0594756603241,156914
44.06030631065369,156914
44.06112885475159,156914
44.062703132629395,156914
44.06353211402893,156914
44.06436586380005,156914
44.06519913673401,156914
44.066020250320435,156914
44.06759834289551,156914
44.06842255592346,156914
44.06925296783447,156914
44.07007122039795,156914
44.07164716720581,156914
44.07247233390808,156914
44.07330012321472,156914
44.074127435684204,156914
44.075706481933594,156914
44.076531648635864,156914
44.07736301422119,156914
44.078190088272095,156914
44.07901048660278,156914
44.0805881023407,156914
44.08141779899597,156914
44.08225178718567,156914
44.08307600021362,156914
44.08466625213623,156914
44.08549404144287,156914
44.0863242149353,156914
44.08714580535889,156914
44.08872056007385,156914
44.089558601379395,156914
44.09038329124451,156914
44.09121227264404,156914
44.092034339904785,156914
44.09361171722412,156914
44.09444451332092,156914
44.09527659416199,156914
44.09609603881836,156914
44.09767770767212,156914
44.09850740432739,156914
44.09933614730835,156914
44.100157260894775,156914
44.10173583030701,156914
44.102564334869385,156914
44.10339879989624,156914
44.104219913482666,156914
44.10504126548767,156914
44.10661959648132,156914
44.107446908950806,156914
44.108277320861816,156914
44.10909700393677,156914
44.11067008972168,156914
44.11149597167969,156914
44.11232781410217,156914
44.11314558982849,156914
44.11473560333252,156914
44.11556148529053,156914
44.11638808250427,156914
44.1172149181366,156914
44.11803841590881,156914
44.11961221694946,156914
44.12043857574463,156914
44.1212694644928,156914
44.12209105491638,156914
44.123668909072876,156914
44.12450408935547,156914
44.12533497810364,156914
44.12615156173706,156914
44.1277379989624,156914
44.12855625152588,156914
44.12939167022705,156914
44.13021540641785,156914
44.131038188934326,156914
44.132614612579346,156914
44.13343811035156,156914
44.134278297424316,156914
44.13509702682495,156914
44.1366765499115,156914
44.1375048160553,156914
44.1383376121521,156914
44.13915729522705,156914
44.140735149383545,156914
44.14156174659729,156914
44.142385482788086,156914
44.143211126327515,156914
44.14404225349426,156914
44.145617723464966,156914
44.14644455909729,156914
44.14727187156677,156914
44.14809203147888,156914
44.14966678619385,156914
44.15049338340759,156914
44.15132689476013,156914
44.15214252471924,156914
44.15371799468994,156914
44.15455484390259,156914
44.15537762641907,156914
44.156208753585815,156914
44.15703105926514,156914
44.15861105918884,156914
44.15943098068237,156914
44.160263538360596,156914
44.161083698272705,156914
44.16265535354614,156914
44.16348314285278,156914
44.1643226146698,156914
44.16514253616333,156914
44.16671967506409,156914
44.16755199432373,156914
44.168378829956055,156914
44.169209003448486,156914
44.170029163360596,156914
44.17160654067993,156914
44.17243409156799,156914
44.17326211929321,156914
44.17409062385559,156914
44.17567014694214,156914
44.176488637924194,156914
44.1773247718811,156914
44.17814755439758,156914
44.179723501205444,156914
44.180548906326294,156914
44.181373596191406,156914
44.182207107543945,156914
44.183029890060425,156914
44.18461227416992,156914
44.185445070266724,156914
44.186272382736206,156914
44.18709373474121,156914
44.18867063522339,156914
44.189493894577026,156914
44.19032549858093,156914
44.19114279747009,156914
44.19272780418396,156914
44.193546533584595,156914
44.194387435913086,156914
44.195215463638306,156914
44.19603872299194,156914
44.19761633872986,156914
44.19844889640808,156914
44.19927501678467,156914
44.200098276138306,156914
44.20167112350464,156914
44.20250344276428,156914
44.20332980155945,156914
44.20415925979614,156914
44.20574235916138,156914
44.206568002700806,156914
44.2073917388916,156914
44.20821976661682,156914
44.20904231071472,156914
44.21061658859253,156914
44.21143841743469,156914
44.212268590927124,156914
44.21308946609497,156914
44.21466541290283,156914
44.21549391746521,156914
44.21632361412048,156914
44.21714639663696,156914
44.218721866607666,156914
44.21955227851868,156914
44.22037982940674,156914
44.2212131023407,156914
44.222036361694336,156914
44.22360801696777,156914
44.224451780319214,156914
44.22527885437012,156914
44.22610068321228,156914
44.22768425941467,156914
44.22851037979126,156914
44.22934341430664,156914
44.23016619682312,156914
44.23174166679382,156914
44.23257756233215,156914
44.23340034484863,156914
44.23424005508423,156914
44.23506140708923,156914
44.23664140701294,156914
44.23746418952942,156914
44.23829388618469,156914
44.23911142349243,156914
44.2406907081604,156914
44.24151372909546,156914
44.24234414100647,156914
44.24316477775574,156914
44.244760274887085,156914
44.245577335357666,156914
44.24641013145447,156914
44.247236490249634,156914
44.2480583190918,156914
44.24963641166687,156914
44.2504620552063,156914
44.251291036605835,156914
44.25211453437805,156914
44.25369167327881,156914
44.25453233718872,156914
44.2553608417511,156914
44.25619149208069,156914
44.257014751434326,156914
44.25859475135803,156914
44.259421586990356,156914
44.26025080680847,156914
44.26106858253479,156914
44.26264262199402,156914
44.2634756565094,156914
44.26431322097778,156914
44.26513695716858,156914
44.266711473464966,156914
44.26754283905029,156914
44.26836800575256,156914
44.2692015171051,156914
44.27002263069153,156914
44.27160382270813,156914
44.272427797317505,156914
44.27325940132141,156914
44.27409029006958,156914
44.27566838264465,156914
44.27648949623108,156914
44.277321100234985,156914
44.278141498565674,156914
44.279722690582275,156914
44.28054904937744,156914
44.28137683868408,156914
44.28220248222351,156914
44.28302454948425,156914
44.28461265563965,156914
44.285438776016235,156914
44.28626585006714,156914
44.28708553314209,156914
44.28866171836853,156914
44.28948140144348,156914
44.29031467437744,156914
44.291133880615234,156914
44.29271340370178,156914
44.293534994125366,156914
44.29437494277954,156914
44.295207023620605,156914
44.29602885246277,156914
44.29760789871216,156914
44.29843735694885,156914
44.2992639541626,156914
44.300084352493286,156914
44.301660776138306,156914
44.302485942840576,156914
44.303311824798584,156914
44.304142475128174,156914
44.30572056770325,156914
44.306541442871094,156914
44.307371854782104,156914
44.308202266693115,156914
44.309022665023804,156914
44.310598373413086,156914
44.31142854690552,156914
44.312254428863525,156914
44.313074827194214,156914
44.314661741256714,156914
44.31548261642456,156914
44.31631517410278,156914
44.31713390350342,156914
44.31871581077576,156914
44.31954312324524,156914
44.320374727249146,156914
44.321200370788574,156914
44.322022438049316,156914
44.323598861694336,156914
44.32444167137146,156914
44.32527184486389,156914
44.32609224319458,156914
44.32767105102539,156914
44.328495025634766,156914
44.32932472229004,156914
44.330140829086304,156914
44.33172559738159,156914
44.332552671432495,156914
44.3333785533905,156914
44.3342182636261,156914
44.33504104614258,156914
44.336621046066284,156914
44.337446212768555,156914
44.338273763656616,156914
44.339094400405884,156914
44.34066963195801,156914
44.341498613357544,156914
44.342326402664185,156914
44.34314942359924,156914
44.34473514556885,156914
44.34556007385254,156914
44.34639000892639,156914
44.34721803665161,156914
44.34804177284241,156914
44.34961771965027,156914
44.35045027732849,156914
44.351285457611084,156914
44.35210609436035,156914
44.35368728637695,156914
44.35452151298523,156914
44.35535383224487,156914
44.356173515319824,156914
44.35775375366211,156914
44.35857915878296,156914
44.35940217971802,156914
44.360233545303345,156914
44.36105680465698,156914
44.362632751464844,156914
44.36346244812012,156914
44.36429834365845,156914
44.36511850357056,156914
44.36669874191284,156914
44.36752223968506,156914
44.36835312843323,156914
44.36917495727539,156914
44.37075114250183,156914
44.37157917022705,156914
44.372403383255005,156914
44.37323307991028,156914
44.374062061309814,156914
44.37564539909363,156914
44.37646460533142,156914
44.37729787826538,156914
44.378116607666016,156914
44.37969636917114,156914
44.380523443222046,156914
44.38135027885437,156914
44.382179260253906,156914
44.383761167526245,156914
44.38459658622742,156914
44.385422229766846,156914
44.38624715805054,156914
44.387070178985596,156914
44.38864731788635,156914
44.38947534561157,156914
44.390302658081055,156914
44.391122817993164,156914
44.3927059173584,156914
44.39353156089783,156914
44.39436721801758,156914
44.39519715309143,156914
44.39602208137512,156914
44.39759302139282,156914
44.39842438697815,156914
44.39925241470337,156914
44.4000723361969,156914
44.4016478061676,156914
44.402482986450195,156914
44.40330767631531,156914
44.40413761138916,156914
44.40571570396423,156914
44.40653944015503,156914
44.40736937522888,156914
44.408194065093994,156914
44.40901470184326,156914
44.41059398651123,156914
44.41142129898071,156914
44.412248849868774,156914
44.41306829452515,156914
44.41465640068054,156914
44.41548013687134,156914
44.416311264038086,156914
44.41712951660156,156914
44.41870737075806,156914
44.41953945159912,156914
44.420366048812866,156914
44.42119383811951,156914
44.42201375961304,156914
44.42358994483948,156914
44.42442870140076,156914
44.42526173591614,156914
44.426082611083984,156914
44.42765283584595,156914
44.42848515510559,156914
44.42931342124939,156914
44.43013119697571,156914
44.431713581085205,156914
44.432537317276,156914
44.4333655834198,156914
44.4341995716095,156914
44.43502187728882,156914
44.43659782409668,156914
44.43742561340332,156914
44.438252210617065,156914
44.4390709400177,156914
44.4406464099884,156914
44.441476583480835,156914
44.44230604171753,156914
44.443124771118164,156914
44.444716453552246,156914
44.445542097091675,156914
44.44636631011963,156914
44.447192430496216,156914
44.44801473617554,156914
44.449594020843506,156914
44.450419664382935,156914
44.45125460624695,156914
44.452075242996216,156914
44.453654527664185,156914
44.454490184783936,156914
44.45531630516052,156914
44.45613503456116,156914
44.457714557647705,156914
44.458542585372925,156914
44.45936870574951,156914
44.46019768714905,156914
44.46102237701416,156914
44.462597131729126,156914
44.46342444419861,156914
44.46426510810852,156914
44.46508598327637,156914
44.46666407585144,156914
44.46748661994934,156914
44.4683198928833,156914
44.469138622283936,156914
44.47071552276611,156914
44.47154474258423,156914
44.47236752510071,156914
44.473196506500244,156914
44.47402739524841,156914
44.475603342056274,156914
44.47643280029297,156914
44.47726130485535,156914
44.47808027267456,156914
44.479652881622314,156914
44.480485677719116,156914
44.48131346702576,156914
44.48213076591492,156914
44.4837110042572,156914
44.48453950881958,156914
44.485371112823486,156914
44.486199378967285,156914
44.48702073097229,156914
44.488600730895996,156914
44.48942279815674,156914
44.490253925323486,156914
44.491074085235596,156914
44.49264907836914,156914
44.49347424507141,156914
44.49431371688843,156914
44.49513101577759,156914
44.496707916259766,156914
44.497538566589355,156914
44.498361349105835,156914
44.49919033050537,156914
44.50000858306885,156914
44.501585483551025,156914
44.50241208076477,156914
44.50323963165283,156914
44.50406622886658,156914
44.50564193725586,156914
44.506468057632446,156914
44.50729823112488,156914
44.50811576843262,156914
44.509692907333374,156914
44.51051712036133,156914
44.51134514808655,156914
44.51216721534729,156914
44.513742446899414,156914
44.514580726623535,156914
44.51540446281433,156914
44.51623249053955,156914
44.51705288887024,156914
44.518627405166626,156914
44.51945781707764,156914
44.52028822898865,156914
44.5211067199707,156914
44.522682428359985,156914
44.523510217666626,156914
44.524348735809326,156914
44.52516722679138,156914
44.52673959732056,156914
44.52757287025452,156914
44.528400897979736,156914
44.52923393249512,156914
44.53005576133728,156914
44.531644344329834,156914
44.53246784210205,156914
44.53329515457153,156914
44.53412342071533,156914
44.535704135894775,156914
44.536532402038574,156914
44.537354707717896,156914
44.538182735443115,156914
44.53900980949402,156914
44.54058027267456,156914
44.54141283035278,156914
44.54224729537964,156914
44.54306244850159,156914
44.544647455215454,156914
44.54547071456909,156914
44.54629945755005,156914
44.547115325927734,156914
44.5486958026886,156914
44.54952120780945,156914
44.550347089767456,156914
44.55117058753967,156914
44.55274558067322,156914
44.55357241630554,156914
44.55440926551819,156914
44.555235624313354,156914
44.556058406829834,156914
44.55762982368469,156914
44.5584614276886,156914
44.55929112434387,156914
44.56011152267456,156914
44.56169104576111,156914
44.56251335144043,156914
44.56334400177002,156914
44.564170598983765,156914
44.56575274467468,156914
44.56657075881958,156914
44.56740355491638,156914
44.56822991371155,156914
44.56904935836792,156914
44.57062339782715,156914
44.571452379226685,156914
44.57228064537048,156914
44.57309937477112,156914
44.57468867301941,156914
44.57551336288452,156914
44.57634496688843,156914
44.577165842056274,156914
44.57874274253845,156914
44.57957077026367,156914
44.58039951324463,156914
44.581228733062744,156914
44.58204913139343,156914
44.58362603187561,156914
44.584460735321045,156914
44.58529353141785,156914
44.58611083030701,156914
44.587693214416504,156914
44.588515758514404,156914
44.589343309402466,156914
44.590166091918945,156914
44.59174561500549,156914
44.59256434440613,156914
44.593398571014404,156914
44.59423589706421,156914
44.59505605697632,156914
44.596627950668335,156914
44.597464084625244,156914
44.598291873931885,156914
44.59911227226257,156914
44.60068368911743,156914
44.601516246795654,156914
44.60234594345093,156914
44.603163719177246,156914
44.60475492477417,156914
44.60558247566223,156914
44.60640811920166,156914
44.60723876953125,156914
44.608057498931885,156914
44.609633445739746,156914
44.610461711883545,156914
44.61129593849182,156914
44.61211442947388,156914
44.61368751525879,156914
44.61452889442444,156914
44.61535835266113,156914
44.61618399620056,156914
44.617762088775635,156914
44.618579626083374,156914
44.61941146850586,156914
44.620240688323975,156914
44.62106227874756,156914
44.62264347076416,156914
44.62346887588501,156914
44.62431073188782,156914
44.62513017654419,156914
44.62670969963074,156914
44.62753486633301,156914
44.62836194038391,156914
44.62919497489929,156914
44.63001561164856,156914
44.631593465805054,156914
44.63241767883301,156914
44.63324856758118,156914
44.63407850265503,156914
44.635653495788574,156914
44.63648200035095,156914
44.63731265068054,156914
44.63812756538391,156914
44.639711141586304,156914
44.640533685684204,156914
44.64136338233948,156914
44.64219284057617,156914
44.6430127620697,156914
44.64459681510925,156914
44.64543032646179,156914
44.64625644683838,156914
44.647077798843384,156914
44.64865684509277,156914
44.649479150772095,156914
44.65030765533447,156914
44.65112543106079,156914
44.652708530426025,156914
44.65352821350098,156914
44.65436816215515,156914
44.655197858810425,156914
44.65601682662964,156914
44.65759539604187,156914
44.6584198474884,156914
44.6592493057251,156914
44.660069704055786,156914
44.66164827346802,156914
44.66247200965881,156914
44.663302183151245,156914
44.66412687301636,156914
44.665711641311646,156914
44.66653609275818,156914
44.66736555099487,156914
44.66818881034851,156914
44.669010162353516,156914
44.670589447021484,156914
44.67141532897949,156914
44.672242164611816,156914
44.67306590080261,156914
44.67464637756348,156914
44.6754789352417,156914
44.67630696296692,156914
44.6771240234375,156914
44.67870020866394,156914
44.67952799797058,156914
44.68035864830017,156914
44.68118476867676,156914
44.68201017379761,156914
44.683584451675415,156914
44.68441724777222,156914
44.68525266647339,156914
44.68607211112976,156914
44.68765163421631,156914
44.68847417831421,156914
44.68930530548096,156914
44.690123558044434,156914
44.69170379638672,156914
44.692527055740356,156914
44.69335317611694,156914
44.694193601608276,156914
44.695016384124756,156914
44.69658875465393,156914
44.69742131233215,156914
44.698251724243164,156914
44.6990704536438,156914
44.700650453567505,156914
44.70147728919983,156914
44.70230031013489,156914
44.703118562698364,156914
44.70470833778381,156914
44.70553135871887,156914
44.70635366439819,156914
44.70718479156494,156914
44.708006858825684,156914
44.709585189819336,156914
44.71041131019592,156914
44.71124053001404,156914
44.71206283569336,156914
44.71363949775696,156914
44.71448063850403,156914
44.71530508995056,156914
44.71612334251404,156914
44.71770477294922,156914
44.7185320854187,156914
44.71936321258545,156914
44.72019290924072,156914
44.72101092338562,156914
44.722588300704956,156914
44.723419189453125,156914
44.72425436973572,156914
44.725075244903564,156914
44.7266526222229,156914
44.727481842041016,156914
44.72830867767334,156914
44.72912883758545,156914
44.73070740699768,156914
44.73153758049011,156914
44.73235893249512,156914
44.73318314552307,156914
44.73401498794556,156914
44.73558807373047,156914
44.736414194107056,156914
44.73724317550659,156914
44.73806190490723,156914
44.73963761329651,156914
44.74046015739441,156914
44.74129247665405,156914
44.7421133518219,156914
44.74369239807129,156914
44.74452066421509,156914
44.745351791381836,156914
44.74618196487427,156914
44.747753620147705,156914
44.74858498573303,156914
44.74941301345825,156914
44.75023913383484,156914
44.75105881690979,156914
44.7526421546936,156914
44.753466844558716,156914
44.75430750846863,156914
44.75512623786926,156914
44.756701946258545,156914
44.75753211975098,156914
44.75835871696472,156914
44.75918245315552,156914
44.7607626914978,156914
44.7615864276886,156914
44.762415170669556,156914
44.76324415206909,156914
44.764071226119995,156914
44.76564860343933,156914
44.766475200653076,156914
44.767300844192505,156914
44.76812124252319,156914
44.76969647407532,156914
44.77052569389343,156914
44.771353244781494,156914
44.77217149734497,156914
44.7737398147583,156914
44.77458310127258,156914
44.7754065990448,156914
44.77623462677002,156914
44.77705526351929,156914
44.77862787246704,156914
44.77945828437805,156914
44.78028583526611,156914
44.78110361099243,156914
44.782686710357666,156914
44.783509492874146,156914
44.78434920310974,156914
44.78517198562622,156914
44.786744117736816,156914
44.78757429122925,156914
44.7884042263031,156914
44.7892324924469,156914
44.79005479812622,156914
44.791629791259766,156914
44.792458057403564,156914
44.79328274726868,156914
44.79411244392395,156914
44.79569888114929,156914
44.796520709991455,156914
44.79734706878662,156914
44.79816675186157,156914
44.79973912239075,156914
44.800570011138916,156914
44.80140042304993,156914
44.80222964286804,156914
44.80305337905884,156914
44.80463886260986,156914
44.80546426773071,156914
44.806291818618774,156914
44.807111740112305,156914
44.80868983268738,156914
44.80951404571533,156914
44.810346364974976,156914
44.811166763305664,156914
44.81274390220642,156914
44.813562631607056,156914
44.814409255981445,156914
44.815234422683716,156914
44.81605672836304,156914
44.81762909889221,156914
44.81846308708191,156914
44.819294929504395,156914
44.8201162815094,156914
44.82169699668884,156914
44.8225212097168,156914
44.8233482837677,156914
44.82417845726013,156914
44.825756549835205,156914
44.82658100128174,156914
44.827407121658325,156914
44.82823419570923,156914
44.82905697822571,156914
44.83063840866089,156914
44.831465005874634,156914
44.83229160308838,156914
44.833109617233276,156914
44.83469486236572,156914
44.835524797439575,156914
44.83635449409485,156914
44.8371844291687,156914
44.838764667510986,156914
44.83958578109741,156914
44.84041380882263,156914
44.841235876083374,156914
44.84205484390259,156914
44.843631744384766,156914
44.84447360038757,156914
44.84530305862427,156914
44.84612464904785,156914
44.84770131111145,156914
44.848533391952515,156914
44.84936046600342,156914
44.85018754005432,156914
44.85100865364075,156914
44.85258388519287,156914
44.853415727615356,156914
44.85425329208374,156914
44.855074405670166,156914
44.856648683547974,156914
44.857470989227295,156914
44.85830211639404,156914
44.85912013053894,156914
44.860697746276855,156914
44.861525535583496,156914
44.86235570907593,156914
44.86317801475525,156914
44.86401057243347,156914
44.86558771133423,156914
44.86641502380371,156914
44.86724638938904,156914
44.868067502975464,156914
44.86964678764343,156914
44.87047481536865,156914
44.87130165100098,156914
44.872119426727295,156914
44.873695611953735,156914
44.87453103065491,156914
44.8753604888916,156914
44.87618803977966,156914
44.87700915336609,156914
44.878586530685425,156914
44.879406213760376,156914
44.88023829460144,156914
44.88105750083923,156914
44.88263416290283,156914
44.88346290588379,156914
44.88429808616638,156914
44.88512063026428,156914
44.8866925239563,156914
44.887521266937256,156914
44.88835096359253,156914
44.8891716003418,156914
44.8907470703125,156914
44.891571283340454,156914
44.892396211624146,156914
44.8932249546051,156914
44.89405655860901,156914
44.89563202857971,156914
44.89645957946777,156914
44.89728593826294,156914
44.898104429244995,156914
44.89968514442444,156914
44.90051817893982,156914
44.901344537734985,156914
44.902164459228516,156914
44.90374517440796,156914
44.904585123062134,156914
44.905405044555664,156914
44.90623879432678,156914
44.90705943107605,156914
44.90863084793091,156914
44.9094660282135,156914
44.910295486450195,156914
44.911113023757935,156914
44.91268706321716,156914
44.9135160446167,156914
44.91435360908508,156914
44.91517210006714,156914
44.91675329208374,156914
44.917574405670166,156914
44.91839838027954,156914
44.91923427581787,156914
44.9200599193573,156914
44.921635150909424,156914
44.92245960235596,156914
44.923290491104126,156914
44.924118757247925,156914
44.92569422721863,156914
44.92652201652527,156914
44.927353858947754,156914
44.92818331718445,156914
44.92900633811951,156914
44.93058395385742,156914
44.93141031265259,156914
44.93223452568054,156914
44.93305587768555,156914
44.93464422225952,156914
44.93546509742737,156914
44.93629574775696,156914
44.93711757659912,156914
44.9386932849884,156914
44.93951630592346,156914
44.940345287323,156914
44.941166400909424,156914
44.94274377822876,156914
44.943570137023926,156914
44.94440460205078,156914
44.94523215293884,156914
44.94605302810669,156914
44.94762396812439,156914
44.94845724105835,156914
44.9492871761322,156914
44.95010805130005,156914
44.95168328285217,156914
44.95251178741455,156914
44.95334196090698,156914
44.95416831970215,156914
44.955748558044434,156914
44.95656776428223,156914
44.957396030426025,156914
44.95822262763977,156914
44.95904088020325,156914
44.96062088012695,156914
44.96144461631775,156914
44.96227812767029,156914
44.96309804916382,156914
44.964688539505005,156914
44.965516090393066,156914
44.96634078025818,156914
44.967161417007446,156914
44.968733072280884,156914
44.969563722610474,156914
44.970388412475586,156914
44.97121620178223,156914
44.972036361694336,156914
44.973610401153564,156914
44.97444415092468,156914
44.97528028488159,156914
44.97609782218933,156914
44.977680683135986,156914
44.978506565093994,156914
44.979334592819214,156914
44.98015093803406,156914
44.981730699539185,156914
44.98255681991577,156914
44.983381271362305,156914
44.984224796295166,156914
44.98504948616028,156914
44.9866201877594,156914
44.98745274543762,156914
44.98827767372131,156914
44.989099740982056,156914
44.990678787231445,156914
44.99150061607361,156914
44.99233078956604,156914
44.99314880371094,156914
44.99474000930786,156914
44.99556374549866,156914
44.99639272689819,156914
44.99722194671631,156914
44.99804401397705,156914
44.999621629714966,156914
45.00044894218445,156914
45.00127458572388,156914
45.00209355354309,156914
45.00366950035095,156914
45.00450682640076,156914
45.00533604621887,156914
45.006155490875244,156914
45.00773620605469,156914
45.008562326431274,156914
45.00939130783081,156914
45.0102174282074,156914
45.01103949546814,156914
45.01261281967163,156914
45.01343846321106,156914
45.01427435874939,156914
45.015095472335815,156914
45.016671657562256,156914
45.01750087738037,156914
45.01832938194275,156914
45.019148111343384,156914
45.02073287963867,156914
45.02155590057373,156914
45.02237796783447,156914
45.0232093334198,156914
45.024041414260864,156914
45.025614976882935,156914
45.02644348144531,156914
45.02727293968201,156914
45.02809381484985,156914
45.029664278030396,156914
45.030497312545776,156914
45.031325578689575,156914
45.03214359283447,156914
45.03372621536255,156914
45.03455924987793,156914
45.03538703918457,156914
45.036216020584106,156914
45.03703594207764,156914
45.03861355781555,156914
45.03944134712219,156914
45.04026794433594,156914
45.04108905792236,156914
45.04266405105591,156914
45.043489933013916,156914
45.04433035850525,156914
45.04514837265015,156914
45.046730756759644,156914
45.04755687713623,156914
45.04838490486145,156914
45.049211263656616,156914
45.05003261566162,156914
45.05160999298096,156914
45.0524377822876,156914
45.053269386291504,156914
45.0540976524353,156914
45.055678367614746,156914
45.056503772735596,156914
45.057334184646606,156914
45.05815386772156,156914
45.05972909927368,156914
45.06056356430054,156914
45.061389446258545,156914
45.06221675872803,156914
45.063037157058716,156914
45.064614057540894,156914
45.065447092056274,156914
45.066272020339966,156914
45.06709337234497,156914
45.06867527961731,156914
45.069493532180786,156914
45.070327281951904,156914
45.071144104003906,156914
45.0727276802063,156914
45.07355284690857,156914
45.07439351081848,156914
45.075220346450806,156914
45.076040744781494,156914
45.07761526107788,156914
45.07843732833862,156914
45.079265832901,156914
45.080087423324585,156914
45.081660747528076,156914
45.08248972892761,156914
45.08331799507141,156914
45.08415174484253,156914
45.08573031425476,156914
45.086559772491455,156914
45.08738923072815,156914
45.08821415901184,156914
45.08903360366821,156914
45.09061336517334,156914
45.09144043922424,156914
45.09226727485657,156914
45.0930860042572,156914
45.094669342041016,156914
45.095494985580444,156914
45.09633016586304,156914
45.09715127944946,156914
45.0987229347229,156914
45.099554777145386,156914
45.100382566452026,156914
45.10120701789856,156914
45.10202956199646,156914
45.1036057472229,156914
45.1044397354126,156914
45.105268239974976,156914
45.106091022491455,156914
45.107670068740845,156914
45.108498096466064,156914
45.109328508377075,156914
45.11014723777771,156914
45.11173152923584,156914
45.11255431175232,156914
45.11338210105896,156914
45.11422061920166,156914
45.11504364013672,156914
45.116623401641846,156914
45.11744737625122,156914
45.11828327178955,156914
45.119102239608765,156914
45.12068057060242,156914
45.12151050567627,156914
45.1223361492157,156914
45.12315607070923,156914
45.124746322631836,156914
45.125569581985474,156914
45.126399993896484,156914
45.12722635269165,156914
45.1280460357666,156914
45.12962341308594,156914
45.130451917648315,156914
45.131282806396484,156914
45.132100105285645,156914
45.133681535720825,156914
45.13451647758484,156914
45.13534688949585,156914
45.13616871833801,156914
45.13775157928467,156914
45.138574838638306,156914
45.13942885398865,156914
45.14027214050293,156914
45.14110445976257,156914
45.14271068572998,156914
45.14354658126831,156914
45.144389390945435,156914
45.145222902297974,156914
45.14601182937622,156914
45.14737820625305,156914
45.14829683303833,156914
45.14921712875366,156914
45.150134563446045,156914
45.15104842185974,156914
45.15240454673767,156914
45.153406620025635,156914
45.15408658981323,156914
45.15500736236572,156914
45.15636205673218,156914
45.15728044509888,156914
45.158198833465576,156914
45.15911602973938,156914
45.160033226013184,156914
45.161391258239746,156914
45.16230607032776,156914
45.16322422027588,156914
45.164156436920166,156914
45.16507411003113,156914
45.166428565979004,156914
45.16734313964844,156914
45.168264627456665,156914
45.169182777404785,156914
45.17010045051575,156914
45.17101454734802,156914
45.17236518859863,156914
45.17328429222107,156914
45.17421913146973,156914
45.17513728141785,156914
45.17605519294739,156914
45.17741250991821,156914
45.17833089828491,156914
45.17925000190735,156914
45.18016743659973,156914
45.18108677864075,156914
45.18243622779846,156914
45.183353900909424,156914
45.18428301811218,156914
45.18520379066467,156914
45.18612289428711,156914
45.18703842163086,156914
45.188396692276,156914
45.18931436538696,156914
45.190234661102295,156914
45.19115161895752,156914
45.192068338394165,156914
45.19342350959778,156914
45.19434905052185,156914
45.19526791572571,156914
45.196187257766724,156914
45.19710564613342,156914
45.19802165031433,156914
45.1993772983551,156914
45.20029640197754,156914
45.2012140750885,156914
45.20213031768799,156914
45.203047037124634,156914
45.20441389083862,156914
45.20533037185669,156914
45.206247329711914,156914
45.20716571807861,156914
45.20808529853821,156914
45.20944094657898,156914
45.21035575866699,156914
45.21127367019653,156914
45.21219325065613,156914
45.21311068534851,156914
45.2140371799469,156914
45.21539640426636,156914
45.216318130493164,156914
45.217238426208496,156914
45.218159675598145,156914
45.21907949447632,156914
45.2204384803772,156914
45.221351861953735,156914
45.22227191925049,156914
45.22319006919861,156914
45.22411918640137,156914
45.225034952163696,156914
45.22638988494873,156914
45.22730898857117,156914
45.2282292842865,156914
45.22915005683899,156914
45.23007392883301,156914
45.23143124580383,156914
45.23234724998474,156914
45.23326373100281,156914
45.23419260978699,156914
45.23511624336243,156914
45.23603415489197,156914
45.23739242553711,156914
45.238308906555176,156914
45.23922872543335,156914
45.24014973640442,156914
45.24106526374817,156914
45.24242353439331,156914
45.24334120750427,156914
45.24427127838135,156914
45.24519371986389,156914
45.24611210823059,156914
45.24703121185303,156914
45.2483868598938,156914
45.24930453300476,156914
45.250224113464355,156914
45.25114631652832,156914
45.25206708908081,156914
45.25342917442322,156914
45.25435471534729,156914
45.2552752494812,156914
45.256194829940796,156914
45.25711441040039,156914
45.25803065299988,156914
45.2593879699707,156914
45.26030898094177,156914
45.26123046875,156914
45.26215314865112,156914
45.26306915283203,156914
45.26443839073181,156914
45.265355587005615,156914
45.26627779006958,156914
45.267194509506226,156914
45.26811408996582,156914
45.26903176307678,156914
45.27039122581482,156914
45.27130913734436,156914
45.27223038673401,156914
45.27315330505371,156914
45.27408051490784,156914
45.275439977645874,156914
45.27636122703552,156914
45.277281761169434,156914
45.27820324897766,156914
45.27912139892578,156914
45.28004193305969,156914
45.28140068054199,156914
45.28232002258301,156914
45.283238649368286,156914
45.284173250198364,156914
45.28509068489075,156914
45.28600859642029,156914
45.28736591339111,156914
45.28828525543213,156914
45.28920531272888,156914
45.29012656211853,156914
45.291043758392334,156914
45.292397260665894,156914
45.293312788009644,156914
45.294243812561035,156914
45.29516267776489,156914
45.29607963562012,156914
45.29743838310242,156914
45.298351764678955,156914
45.29927110671997,156914
45.300193309783936,156914
45.30111384391785,156914
45.30203175544739,156914
45.30339050292969,156914
45.30431652069092,156914
45.305235624313354,156914
45.30615520477295,156914
45.30707335472107,156914
45.30842733383179,156914
45.30934405326843,156914
45.31026601791382,156914
45.31118392944336,156914
45.31210160255432,156914
45.313021421432495,156914
45.31438660621643,156914
45.315306663513184,156914
45.31622934341431,156914
45.31715202331543,156914
45.318068981170654,156914
45.319427728652954,156914
45.32034730911255,156914
45.32126522064209,156914
45.32218360900879,156914
45.323105335235596,156914
45.324031352996826,156914
45.32539081573486,156914
45.32630753517151,156914
45.32723021507263,156914
45.328153133392334,156914
45.329068183898926,156914
45.33042550086975,156914
45.3313410282135,156914
45.33226299285889,156914
45.333184480667114,156914
45.334113359451294,156914
45.335031509399414,156914
45.33639144897461,156914
45.33731198310852,156914
45.33823013305664,156914
45.339150190353394,156914
45.34006452560425,156914
45.34141969680786,156914
45.34233522415161,156914
45.343255281448364,156914
45.34418869018555,156914
45.34510660171509,156914
45.34602499008179,156914
45.34738254547119,156914
45.34830045700073,156914
45.34921884536743,156914
45.35014081001282,156914
45.35105872154236,156914
45.35241079330444,156914
45.353328466415405,156914
45.3542697429657,156914
45.35518956184387,156914
45.356109619140625,156914
45.35702705383301,156914
45.35838437080383,156914
45.359304428100586,156914
45.36022448539734,156914
45.36114740371704,156914
45.36206674575806,156914
45.363426208496094,156914
45.36435317993164,156914
45.36527466773987,156914
45.36619234085083,156914
45.36711144447327,156914
45.368027210235596,156914
45.369384765625,156914
45.37030649185181,156914
45.37122583389282,156914
45.37214970588684,156914
45.37306571006775,156914
45.374433279037476,156914
45.37535381317139,156914
45.3762731552124,156914
45.37719225883484,156914
45.37811231613159,156914
45.37903165817261,156914
45.38038659095764,156914
45.38130521774292,156914
45.38222646713257,156914
45.38314628601074,156914
45.38407015800476,156914
45.38542890548706,156914
45.386346101760864,156914
45.387264251708984,156914
45.388185262680054,156914
45.38910460472107,156914
45.390021085739136,156914
45.3913779258728,156914
45.39229488372803,156914
45.39321494102478,156914
45.394144773483276,156914
45.395060300827026,156914
45.396414279937744,156914
45.397329807281494,156914
45.398247718811035,156914
45.399165391922,156914
45.40008211135864,156914
45.40143823623657,156914
45.4023551940918,156914
45.403274059295654,156914
45.40420365333557,156914
45.40512657165527,156914
45.40604257583618,156914
45.407395362854004,156914
45.40831136703491,156914
45.40923285484314,156914
45.41015028953552,156914
45.411065101623535,156914
45.41242003440857,156914
45.41333532333374,156914
45.41426753997803,156914
45.415188789367676,156914
45.41610646247864,156914
45.41702151298523,156914
45.41837692260742,156914
45.419297218322754,156914
45.42021679878235,156914
45.42113757133484,156914
45.42205262184143,156914
45.423409938812256,156914
45.42433571815491,156914
45.425256967544556,156914
45.42617630958557,156914
45.427093267440796,156914
45.42801237106323,156914
45.429370164871216,156914
45.43028521537781,156914
45.43120455741882,156914
45.43212389945984,156914
45.43303632736206,156914
45.43440246582031,156914
45.43531918525696,156914
45.43623733520508,156914
45.43715524673462,156914
45.43807005882263,156914
45.439422845840454,156914
45.440340757369995,156914
45.44125819206238,156914
45.442177295684814,156914
45.443092584609985,156914
45.44401979446411,156914
45.44537544250488,156914
45.44629263877869,156914
45.44721221923828,156914
45.44812870025635,156914
45.44904351234436,156914
45.450392723083496,156914
45.45130753517151,156914
45.45222520828247,156914
45.453147411346436,156914
45.45407223701477,156914
45.45542931556702,156914
45.45634603500366,156914
45.45726561546326,156914
45.458181381225586,156914
45.45909881591797,156914
45.46001648902893,156914
45.46137571334839,156914
45.46229600906372,156914
45.46321368217468,156914
45.464146852493286,156914
45.465062618255615,156914
45.46641683578491,156914
45.46733045578003,156914
45.46824860572815,156914
45.469172954559326,156914
45.47008752822876,156914
45.471440076828,156914
45.47235655784607,156914
45.473275661468506,156914
45.47420811653137,156914
45.475128173828125,156914
45.47604417800903,156914
45.477396965026855,156914
45.47831344604492,156914
45.4792320728302,156914
45.48015308380127,156914
45.481066942214966,156914
45.48242259025574,156914
45.48334193229675,156914
45.48427128791809,156914
45.485188484191895,156914
45.486109256744385,156914
45.4870285987854,156914
45.488385915756226,156914
45.489299058914185,156914
45.49022054672241,156914
45.49114370346069,156914
45.49206304550171,156914
45.49342155456543,156914
45.49435091018677,156914
45.49527096748352,156914
45.4961941242218,156914
45.49711322784424,156914
45.4980309009552,156914
45.49938702583313,156914
45.50030446052551,156914
45.501227140426636,156914
45.50214958190918,156914
45.503066062927246,156914
45.50400376319885,156914
45.50535988807678,156914
45.50628089904785,156914
45.50720000267029,156914
45.50812244415283,156914
45.509039640426636,156914
45.51040005683899,156914
45.511313915252686,156914
45.51223587989807,156914
45.513158321380615,156914
45.51408362388611,156914
45.5150032043457,156914
45.51635789871216,156914
45.51727795600891,156914
45.518195390701294,156914
45.51911401748657,156914
45.52002692222595,156914
45.521379232406616,156914
45.52229428291321,156914
45.52321267127991,156914
45.52414131164551,156914
45.525057554244995,156914
45.52641272544861,156914
45.527326583862305,156914
45.528244733810425,156914
45.52916383743286,156914
45.53008270263672,156914
45.531436920166016,156914
45.532376766204834,156914
45.53329348564148,156914
45.53422546386719,156914
45.535144329071045,156914
45.536056995391846,156914
45.53741097450256,156914
45.538331031799316,156914
45.53924775123596,156914
45.54016733169556,156914
45.541086196899414,156914
45.54200506210327,156914
45.543360471725464,156914
45.5442955493927,156914
45.54521679878235,156914
45.54613661766052,156914
45.54705286026001,156914
45.54840898513794,156914
45.54932737350464,156914
45.55024600028992,156914
45.55116391181946,156914
45.552082538604736,156914
45.55343723297119,156914
45.55436396598816,156914
45.555280685424805,156914
45.55620241165161,156914
45.55711841583252,156914
45.558032751083374,156914
45.55939340591431,156914
45.560314893722534,156914
45.561232566833496,156914
45.56215262413025,156914
45.563069343566895,156914
45.564435958862305,156914
45.56535315513611,156914
45.56627058982849,156914
45.56719613075256,156914
45.56811714172363,156914
45.56903123855591,156914
45.57038760185242,156914
45.57130575180054,156914
45.572224617004395,156914
45.573145389556885,156914
45.57407236099243,156914
45.57542824745178,156914
45.57634520530701,156914
45.577261209487915,156914
45.578179121017456,156914
45.5790958404541,156914
45.58001089096069,156914
45.58136343955994,156914
45.58228349685669,156914
45.58320379257202,156914
45.58413290977478,156914
45.58505415916443,156914
45.586410999298096,156914
45.587329387664795,156914
45.58824682235718,156914
45.589168071746826,156914
45.59008526802063,156914
45.59144043922424,156914
45.59235739707947,156914
45.59327816963196,156914
45.594208002090454,156914
45.595128297805786,156914
45.596044063568115,156914
45.59739971160889,156914
45.59831738471985,156914
45.599234104156494,156914
45.600154638290405,156914
45.60107111930847,156914
45.602428674697876,156914
45.603344202041626,156914
45.60427689552307,156914
45.605199337005615,156914
45.60611629486084,156914
45.607032775878906,156914
45.60838985443115,156914
45.60930562019348,156914
45.61022233963013,156914
45.61114263534546,156914
45.61205792427063,156914
45.6134147644043,156914
45.61434268951416,156914
45.61526322364807,156914
45.6161847114563,156914
45.61710238456726,156914
45.61802101135254,156914
45.61937475204468,156914
45.6202929019928,156914
45.62121057510376,156914
45.62212944030762,156914
45.62304639816284,156914
45.624415159225464,156914
45.625330209732056,156914
45.62624907493591,156914
45.62716627120972,156914
45.6280837059021,156914
45.62900447845459,156914
45.63036012649536,156914
45.631277322769165,156914
45.63219499588013,156914
45.633113622665405,156914
45.63403844833374,156914
45.63539433479309,156914
45.63631057739258,156914
45.63723158836365,156914
45.63815140724182,156914
45.63906669616699,156914
45.64042329788208,156914
45.64134097099304,156914
45.642260789871216,156914
45.64318108558655,156914
45.64410734176636,156914
45.64502286911011,156914
45.646379470825195,156914
45.64729642868042,156914
45.64821529388428,156914
45.649136543273926,156914
45.6500518321991,156914
45.65140652656555,156914
45.65232515335083,156914
45.65324640274048,156914
45.654176235198975,156914
45.65509605407715,156914
45.65601420402527,156914
45.65737056732178,156914
45.65829420089722,156914
45.65921711921692,156914
45.66013503074646,156914
45.661052227020264,156914
45.662408113479614,156914
45.663328409194946,156914
45.66425848007202,156914
45.665178298950195,156914
45.666096448898315,156914
45.667014837265015,156914
45.66837286949158,156914
45.6692910194397,156914
45.67021322250366,156914
45.67113137245178,156914
45.67204785346985,156914
45.67340612411499,156914
45.67433166503906,156914
45.67525005340576,156914
45.67617106437683,156914
45.67708921432495,156914
45.678006410598755,156914
45.679359436035156,156914
45.68027710914612,156914
45.68120002746582,156914
45.68212127685547,156914
45.68303656578064,156914
45.684406757354736,156914
45.68532466888428,156914
45.686246156692505,156914
45.68716740608215,156914
45.688088178634644,156914
45.68900513648987,156914
45.69035983085632,156914
45.6912796497345,156914
45.69220185279846,156914
45.69312119483948,156914
45.694045066833496,156914
45.69540023803711,156914
45.69631505012512,156914
45.69723463058472,156914
45.698153257369995,156914
45.699068546295166,156914
45.700422048568726,156914
45.70133972167969,156914
45.70225524902344,156914
45.7031774520874,156914
45.70410466194153,156914
45.70502305030823,156914
45.70638108253479,156914
45.70729923248291,156914
45.70821785926819,156914
45.709136962890625,156914
45.710054874420166,156914
45.71141195297241,156914
45.7123327255249,156914
45.71325159072876,156914
45.71418213844299,156914
45.715099573135376,156914
45.71601462364197,156914
45.71736788749695,156914
45.718307971954346,156914
45.71922993659973,156914
45.720152378082275,156914
45.72106623649597,156914
45.72242021560669,156914
45.723339319229126,156914
45.72426700592041,156914
45.725186586380005,156914
45.726107120513916,156914
45.72702383995056,156914
45.72838020324707,156914
45.72929859161377,156914
45.73022937774658,156914
45.73114514350891,156914
45.73206162452698,156914
45.73341727256775,156914
45.73434352874756,156914
45.73526120185852,156914
45.73618245124817,156914
45.73709964752197,156914
45.738017082214355,156914
45.7393696308136,156914
45.74029016494751,156914
45.74121141433716,156914
45.742133378982544,156914
45.743048667907715,156914
45.74441695213318,156914
45.74533414840698,156914
45.74625205993652,156914
45.74717426300049,156914
45.74809265136719,156914
45.74900460243225,156914
45.75036311149597,156914
45.75128245353699,156914
45.75220322608948,156914
45.75311827659607,156914
45.754045248031616,156914
45.75540089607239,156914
45.75631785392761,156914
45.7572340965271,156914
45.758151054382324,156914
45.75906729698181,156914
45.760420083999634,156914
45.76133489608765,156914
45.76225280761719,156914
45.763168811798096,156914
45.76409411430359,156914
45.76501441001892,156914
45.76636457443237,156914
45.767282247543335,156914
45.76819825172424,156914
45.769116163253784,156914
45.770028829574585,156914
45.77138066291809,156914
45.77229714393616,156914
45.77321815490723,156914
45.7741494178772,156914
45.77506446838379,156914
45.77641773223877,156914
45.77733111381531,156914
45.77825140953064,156914
45.77917003631592,156914
45.780091285705566,156914
45.781009674072266,156914
45.78236484527588,156914
45.783281326293945,156914
45.7842116355896,156914
45.785130977630615,156914
45.78604459762573,156914
45.78739905357361,156914
45.78831505775452,156914
45.78923201560974,156914
45.79015064239502,156914
45.79107046127319,156914
45.79243063926697,156914
45.79334807395935,156914
45.794275522232056,156914
45.79519462585449,156914
45.79611611366272,156914
45.79702854156494,156914
45.798381090164185,156914
45.799299240112305,156914
45.80021858215332,156914
45.80113863945007,156914
45.80205583572388,156914
45.80340790748596,156914
45.80433201789856,156914
45.80524802207947,156914
45.80616879463196,156914
45.807085275650024,156914
45.808005571365356,156914
45.80935835838318,156914
45.81027698516846,156914
45.811192750930786,156914
45.812108516693115,156914
45.813027143478394,156914
45.81439542770386,156914
45.81531524658203,156914
45.81623315811157,156914
45.817147970199585,156914
45.81806254386902,156914
45.819419145584106,156914
45.82033348083496,156914
45.82125473022461,156914
45.82217288017273,156914
45.823087215423584,156914
45.824013233184814,156914
45.82536864280701,156914
45.826287031173706,156914
45.827205657958984,156914
45.82812571525574,156914
45.82904100418091,156914
45.830394983291626,156914
45.831310510635376,156914
45.83223056793213,156914
45.83314657211304,156914
45.83406949043274,156914
45.83542609214783,156914
45.83634352684021,156914
45.837263107299805,156914
45.83818078041077,156914
45.839102268218994,156914
45.84002065658569,156914
45.84137487411499,156914
45.842292070388794,156914
45.84321165084839,156914
45.84414076805115,156914
45.845057249069214,156914
45.84641718864441,156914
45.84733605384827,156914
45.84825372695923,156914
45.849170446395874,156914
45.85009026527405,156914
45.85100507736206,156914
45.85235834121704,156914
45.85327410697937,156914
45.85422158241272,156914
45.855140924453735,156914
45.85606098175049,156914
45.85741376876831,156914
45.85833120346069,156914
45.85925030708313,156914
45.860170125961304,156914
45.861088275909424,156914
45.86200523376465,156914
45.863356590270996,156914
45.86428499221802,156914
45.86520552635193,156914
45.86612296104431,156914
45.86703968048096,156914
45.86839580535889,156914
45.869314670562744,156914
45.87023687362671,156914
45.87115550041199,156914
45.87207317352295,156914
45.87342858314514,156914
45.87435507774353,156914
45.87527418136597,156914
45.87619423866272,156914
45.877113580703735,156914
45.878026723861694,156914
45.879388093948364,156914
45.88030743598938,156914
45.88122344017029,156914
45.88214373588562,156914
45.88305950164795,156914
45.88442254066467,156914
45.88533878326416,156914
45.886258125305176,156914
45.887176275253296,156914
45.88809514045715,156914
45.88901233673096,156914
45.890371561050415,156914
45.891289710998535,156914
45.89220881462097,156914
45.89312672615051,156914
45.894054889678955,156914
45.8954131603241,156914
45.89633107185364,156914
45.897249698638916,156914
45.89817023277283,156914
45.89908313751221,156914
45.90043902397156,156914
45.901352405548096,156914
45.90227270126343,156914
45.903191804885864,156914
45.904117822647095,156914
45.90503692626953,156914
45.906388998031616,156914
45.90730881690979,156914
45.9082293510437,156914
45.90914821624756,156914
45.91006350517273,156914
45.91141867637634,156914
45.91233420372009,156914
45.91325545310974,156914
45.914185523986816,156914
45.91510510444641,156914
45.91602301597595,156914
45.91738033294678,156914
45.918299436569214,156914
45.91921854019165,156914
45.92013931274414,156914
45.92105293273926,156914
45.92240834236145,156914
45.92332601547241,156914
45.924259185791016,156914
45.92517900466919,156914
45.92609763145447,156914
45.927016258239746,156914
45.928369998931885,156914
45.929285526275635,156914
45.93020248413086,156914
45.93112111091614,156914
45.93203544616699,156914
45.93339419364929,156914
45.934321641922,156914
45.935240507125854,156914
45.93615984916687,156914
45.937074422836304,156914
45.938435792922974,156914
45.93935441970825,156914
45.94027256965637,156914
45.94119215011597,156914
45.9421124458313,156914
45.943026065826416,156914
45.94439125061035,156914
45.945308446884155,156914
45.94623017311096,156914
45.94715404510498,156914
45.94807291030884,156914
45.94943022727966,156914
45.95034980773926,156914
45.951271057128906,156914
45.952192306518555,156914
45.953113079071045,156914
45.95403814315796,156914
45.95539379119873,156914
45.95631146430969,156914
45.957231760025024,156914
45.958152294158936,156914
45.959067821502686,156914
45.96042823791504,156914
45.96134662628174,156914
45.96226143836975,156914
45.96317958831787,156914
45.964106798172,156914
45.96502375602722,156914
45.966378688812256,156914
45.967294692993164,156914
45.968212366104126,156914
45.96913123130798,156914
45.97004461288452,156914
45.97140169143677,156914
45.97231864929199,156914
45.973241329193115,156914
45.97417187690735,156914
45.975093126297,156914
45.976009130477905,156914
45.97736477851868,156914
45.97828245162964,156914
45.97920489311218,156914
45.98012351989746,156914
45.98104548454285,156914
45.98240423202515,156914
45.983320236206055,156914
45.98424792289734,156914
45.98516583442688,156914
45.98608160018921,156914
45.98743653297424,156914
45.98835325241089,156914
45.9892692565918,156914
45.9901864528656,156914
45.991105794906616,156914
45.99202084541321,156914
45.99337553977966,156914
45.99430274963379,156914
45.99522066116333,156914
45.99613904953003,156914
45.997056007385254,156914
45.9984130859375,156914
45.99933338165283,156914
46.00025153160095,156914
46.001171588897705,156914
46.002089738845825,156914
46.00300455093384,156914
46.00436472892761,156914
46.00528359413147,156914
46.00620150566101,156914
46.00712203979492,156914
46.00803804397583,156914
46.0093891620636,156914
46.010305404663086,156914
46.01122188568115,156914
46.012142181396484,156914
46.01305651664734,156914
46.01442790031433,156914
46.01534295082092,156914
46.016263246536255,156914
46.01718211174011,156914
46.01810026168823,156914
46.01901626586914,156914
46.02036905288696,156914
46.02129006385803,156914
46.022207260131836,156914
46.023128271102905,156914
46.024054765701294,156914
46.02541494369507,156914
46.02633094787598,156914
46.02725124359131,156914
46.02817130088806,156914
46.029093742370605,156914
46.03001093864441,156914
46.031365394592285,156914
46.03228521347046,156914
46.03320026397705,156914
46.034132957458496,156914
46.0350501537323,156914
46.03640413284302,156914
46.037322759628296,156914
46.038243770599365,156914
46.03916382789612,156914
46.04007911682129,156914
46.041436433792114,156914
46.0423538684845,156914
46.043272972106934,156914
46.044203758239746,156914
46.04512619972229,156914
46.04604148864746,156914
46.0473997592926,156914
46.04832100868225,156914
46.04923987388611,156914
46.050159215927124,156914
46.05107402801514,156914
46.05243110656738,156914
46.05334711074829,156914
46.05427551269531,156914
46.055195331573486,156914
46.05611205101013,156914
46.05702996253967,156914
46.05838656425476,156914
46.05930161476135,156914
46.06022262573242,156914
46.06114435195923,156914
46.06205916404724,156914
46.063414573669434,156914
46.06433892250061,156914
46.065258502960205,156914
46.06617784500122,156914
46.06709885597229,156914
46.068016052246094,156914
46.06937050819397,156914
46.07028889656067,156914
46.07120656967163,156914
46.07212471961975,156914
46.073038816452026,156914
46.07440662384033,156914
46.07532286643982,156914
46.076242446899414,156914
46.07716202735901,156914
46.07807683944702,156914
46.079434394836426,156914
46.08035326004028,156914
46.081270694732666,156914
46.08219265937805,156914
46.08311223983765,156914
46.08403420448303,156914
46.085394859313965,156914
46.08631181716919,156914
46.08723044395447,156914
46.08815360069275,156914
46.089072465896606,156914
46.09042549133301,156914
46.09134221076965,156914
46.0922634601593,156914
46.09318447113037,156914
46.09411334991455,156914
46.09502863883972,156914
46.09638428688049,156914
46.09730267524719,156914
46.09822058677673,156914
46.099140882492065,156914
46.10006022453308,156914
46.10141682624817,156914
46.1023383140564,156914
46.1032555103302,156914
46.1041898727417,156914
46.10510802268982,156914
46.106019735336304,156914
46.10737323760986,156914
46.10829138755798,156914
46.10921049118042,156914
46.11012864112854,156914
46.11104655265808,156914
46.11240315437317,156914
46.11332178115845,156914
46.114248514175415,156914
46.11516880989075,156914
46.116087198257446,156914
46.11700487136841,156914
46.11836051940918,156914
46.119279623031616,156914
46.12019658088684,156914
46.121113300323486,156914
46.122031688690186,156914
46.123390197753906,156914
46.12431526184082,156914
46.12523531913757,156914
46.12615966796875,156914
46.12707495689392,156914
46.12843179702759,156914
46.12934899330139,156914
46.13026762008667,156914
46.131186723709106,156914
46.13210344314575,156914
46.13301968574524,156914
46.134382247924805,156914
46.135302782058716,156914
46.1362190246582,156914
46.13714027404785,156914
46.13806080818176,156914
46.139418601989746,156914
46.14033818244934,156914
46.14126110076904,156914
46.142181158065796,156914
46.14310073852539,156914
46.14402770996094,156914
46.14538216590881,156914
46.14630103111267,156914
46.14721965789795,156914
46.148138999938965,156914
46.1490523815155,156914
46.15040993690491,156914
46.15132546424866,156914
46.15224313735962,156914
46.15316128730774,156914
46.15408539772034,156914
46.155004262924194,156914
46.15635681152344,156914
46.1572744846344,156914
46.15819215774536,156914
46.15910744667053,156914
46.160022497177124,156914
46.161372423172,156914
46.162288427352905,156914
46.16320729255676,156914
46.16413593292236,156914
46.165050745010376,156914
46.1664035320282,156914
46.167317390441895,156914
46.16823220252991,156914
46.16914892196655,156914
46.17006778717041,156914
46.171419858932495,156914
46.17233848571777,156914
46.173259258270264,156914
46.174190044403076,156914
46.17510747909546,156914
46.176021099090576,156914
46.177372455596924,156914
46.1782910823822,156914
46.179210901260376,156914
46.18012738227844,156914
46.18104386329651,156914
46.18239641189575,156914
46.18331241607666,156914
46.18424606323242,156914
46.185168504714966,156914
46.18608593940735,156914
46.18700551986694,156914
46.188361167907715,156914
46.18928003311157,156914
46.19020056724548,156914
46.19111657142639,156914
46.192034006118774,156914
46.193389892578125,156914
46.19431686401367,156914
46.19523358345032,156914
46.196152210235596,156914
46.19707012176514,156914
46.198426961898804,156914
46.19934344291687,156914
46.200265645980835,156914
46.2011821269989,156914
46.202094316482544,156914
46.203012466430664,156914
46.20437741279602,156914
46.205296754837036,156914
46.206218004226685,156914
46.207136392593384,156914
46.208051443099976,156914
46.209409952163696,156914
46.210325956344604,156914
46.211246728897095,156914
46.21216630935669,156914
46.213085412979126,156914
46.21401405334473,156914
46.2153685092926,156914
46.21628785133362,156914
46.21720552444458,156914
46.218127727508545,156914
46.21904492378235,156914
46.22040009498596,156914
46.22131371498108,156914
46.22223353385925,156914
46.22315287590027,156914
46.22407603263855,156914
46.22543287277222,156914
46.22634768486023,156914
46.22726607322693,156914
46.22818660736084,156914
46.229103803634644,156914
46.23002219200134,156914
46.231377363204956,156914
46.2322940826416,156914
46.233214378356934,156914
46.234142780303955,156914
46.23505663871765,156914
46.23641657829285,156914
46.237332582473755,156914
46.23825025558472,156914
46.23917055130005,156914
46.24009037017822,156914
46.24100470542908,156914
46.24235796928406,156914
46.24327492713928,156914
46.24420523643494,156914
46.24512267112732,156914
46.246039628982544,156914
46.247398853302,156914
46.24831557273865,156914
46.24923396110535,156914
46.2501540184021,156914
46.25106906890869,156914
46.25242257118225,156914
46.25334072113037,156914
46.25427198410034,156914
46.255192279815674,156914
46.256109952926636,156914
46.257023096084595,156914
46.25837445259094,156914
46.25929117202759,156914
46.260210037231445,156914
46.2611289024353,156914
46.26204514503479,156914
46.26340341567993,156914
46.26432943344116,156914
46.26524543762207,156914
46.26616621017456,156914
46.26708364486694,156914
46.26844239234924,156914
46.26935863494873,156914
46.27027702331543,156914
46.27119302749634,156914
46.272111654281616,156914
46.273027181625366,156914
46.274391412734985,156914
46.275310039520264,156914
46.276230573654175,156914
46.27715229988098,156914
46.278069257736206,156914
46.27942419052124,156914
46.2803418636322,156914
46.28126645088196,156914
46.282188177108765,156914
46.28310942649841,156914
46.28403687477112,156914
46.28538751602173,156914
46.286306381225586,156914
46.28722906112671,156914
46.28815197944641,156914
46.289069175720215,156914
46.290427446365356,156914
46.291343212127686,156914
46.292261362075806,156914
46.29317593574524,156914
46.29410529136658,156914
46.295026540756226,156914
46.29638123512268,156914
46.297298192977905,156914
46.29821538925171,156914
46.29913091659546,156914
46.30004405975342,156914
46.30140018463135,156914
46.302316665649414,156914
46.303237199783325,156914
46.304171323776245,156914
46.305087089538574,156914
46.30644202232361,156914
46.30735802650452,156914
46.30827856063843,156914
46.3091995716095,156914
46.31012153625488,156914
46.31103730201721,156914
46.31239342689514,156914
46.31331014633179,156914
46.31424140930176,156914
46.3151581287384,156914
46.31607103347778,156914
46.3174250125885,156914
46.31834006309509,156914
46.319257974624634,156914
46.320178747177124,156914
46.321096658706665,156914
46.32201051712036,156914
46.32336497306824,156914
46.32429313659668,156914
46.32521152496338,156914
46.32612943649292,156914
46.32704281806946,156914
46.32839870452881,156914
46.32931590080261,156914
46.330233573913574,156914
46.33115100860596,156914
46.33206605911255,156914
46.33342361450195,156914
46.33435010910034,156914
46.335267543792725,156914
46.336188554763794,156914
46.33710432052612,156914
46.338019609451294,156914
46.33937358856201,156914
46.34029173851013,156914
46.34121060371399,156914
46.34212923049927,156914
46.343048334121704,156914
46.34441542625427,156914
46.34533381462097,156914
46.34625053405762,156914
46.34717035293579,156914
46.34808540344238,156914
46.349437952041626,156914
46.350356101989746,156914
46.35127282142639,156914
46.35219144821167,156914
46.353110551834106,156914
46.35403752326965,156914
46.35539245605469,156914
46.35630822181702,156914
46.35722470283508,156914
46.3581440448761,156914
46.35905909538269,156914
46.36041498184204,156914
46.361329555511475,156914
46.36225080490112,156914
46.36317205429077,156914
46.3640992641449,156914
46.365018367767334,156914
46.36637210845947,156914
46.36729192733765,156914
46.368210554122925,156914
46.369131326675415,156914
46.37004637718201,156914
46.3714017868042,156914
46.37231707572937,156914
46.373236894607544,156914
46.374167919158936,156914
46.37508678436279,156914
46.376439571380615,156914
46.37735724449158,156914
46.378275632858276,156914
46.37919211387634,156914
46.380107402801514,156914
46.38102126121521,156914
46.38237404823303,156914
46.38328981399536,156914
46.38422083854675,156914
46.385141134262085,156914
46.386056900024414,156914
46.38741326332092,156914
46.38833141326904,156914
46.38924837112427,156914
46.39016580581665,156914
46.39108395576477,156914
46.392435789108276,156914
46.39335227012634,156914
46.39427661895752,156914
46.395195960998535,156914
46.39611530303955,156914
46.39703011512756,156914
46.3983850479126,156914
46.39930319786072,156914
46.40022420883179,156914
46.401145219802856,156914
46.40206480026245,156914
46.40341758728027,156914
46.404343605041504,156914
46.405261278152466,156914
46.406179904937744,156914
46.4070999622345,156914
46.40801501274109,156914
46.40936803817749,156914
46.41028571128845,156914
46.411205768585205,156914
46.41212248802185,156914
46.41304063796997,156914
46.414405822753906,156914
46.41532301902771,156914
46.41624045372009,156914
46.41715884208679,156914
46.418073654174805,156914
46.41943120956421,156914
46.420344829559326,156914
46.42126727104187,156914
46.42218494415283,156914
46.423102378845215,156914
46.42402791976929,156914
46.425379276275635,156914
46.42629623413086,156914
46.42721652984619,156914
46.42813682556152,156914
46.42905235290527,156914
46.430410623550415,156914
46.43132495880127,156914
46.43224310874939,156914
46.43316316604614,156914
46.43408536911011,156914
46.43500351905823,156914
46.43635654449463,156914
46.437275648117065,156914
46.43819308280945,156914
46.43911290168762,156914
46.44002962112427,156914
46.44138193130493,156914
46.44230246543884,156914
46.44322156906128,156914
46.4441499710083,156914
46.44506525993347,156914
46.44642233848572,156914
46.44734001159668,156914
46.44826149940491,156914
46.449180126190186,156914
46.45009922981262,156914
46.451016426086426,156914
46.45237135887146,156914
46.45328736305237,156914
46.454219341278076,156914
46.45513725280762,156914
46.45605492591858,156914
46.45740795135498,156914
46.45832705497742,156914
46.45924997329712,156914
46.46016716957092,156914
46.461081981658936,156914
46.46243453025818,156914
46.46335053443909,156914
46.464277267456055,156914
46.46519637107849,156914
46.466113567352295,156914
46.467024087905884,156914
46.468379497528076,156914
46.46929907798767,156914
46.47021722793579,156914
46.47113513946533,156914
46.4720504283905,156914
46.47340416908264,156914
46.47433114051819,156914
46.47525095939636,156914
46.476168394088745,156914
46.47708702087402,156914
46.478440046310425,156914
46.47935485839844,156914
46.48027276992798,156914
46.481191635131836,156914
46.48210692405701,156914
46.48302412033081,156914
46.48438835144043,156914
46.485307931900024,156914
46.48623275756836,156914
46.48715543746948,156914
46.488075256347656,156914
46.48943305015564,156914
46.49034810066223,156914
46.49126577377319,156914
46.49218487739563,156914
46.49310898780823,156914
46.494035720825195,156914
46.495389223098755,156914
46.496307373046875,156914
46.49722456932068,156914
46.498146533966064,156914
46.499062061309814,156914
46.50042009353638,156914
46.50133299827576,156914
46.50225377082825,156914
46.50317358970642,156914
46.50410008430481,156914
46.50501799583435,156914
46.506370306015015,156914
46.50728726387024,156914
46.50820517539978,156914
46.50912141799927,156914
46.51003909111023,156914
46.51139521598816,156914
46.51231098175049,156914
46.51322841644287,156914
46.51416039466858,156914
46.515074253082275,156914
46.516430139541626,156914
46.51734447479248,156914
46.51826333999634,156914
46.519179821014404,156914
46.520095109939575,156914
46.52101135253906,156914
46.52236723899841,156914
46.5232834815979,156914
46.52421760559082,156914
46.52513384819031,156914
46.52605056762695,156914
46.52740168571472,156914
46.528316497802734,156914
46.52923655509949,156914
46.530150175094604,156914
46.531067848205566,156914
46.5324227809906,156914
46.53334045410156,156914
46.534286975860596,156914
46.535207748413086,156914
46.536120891571045,156914
46.53703284263611,156914
46.53839063644409,156914
46.539306640625,156914
46.540225982666016,156914
46.54114508628845,156914
46.54206204414368,156914
46.54341745376587,156914
46.54434680938721,156914
46.545263051986694,156914
46.546183347702026,156914
46.547096967697144,156914
46.548012495040894,156914
46.54936623573303,156914
46.550286531448364,156914
46.551204204559326,156914
46.552125453948975,156914
46.55304026603699,156914
46.554407596588135,156914
46.555325508117676,156914
46.556243896484375,156914
46.55716681480408,156914
46.558082818984985,156914
46.55943965911865,156914
46.56035327911377,156914
46.56127166748047,156914
46.562193632125854,156914
46.563111305236816,156914
46.56403303146362,156914
46.56538510322571,156914
46.566301584243774,156914
46.567222118377686,156914
46.5681414604187,156914
46.56905913352966,156914
46.57041645050049,156914
46.5713312625885,156914
46.57225203514099,156914
46.57316851615906,156914
46.5740921497345,156914
46.57500982284546,156914
46.57636380195618,156914
46.577280044555664,156914
46.57819628715515,156914
46.57911276817322,156914
46.58002972602844,156914
46.5813889503479,156914
46.582305669784546,156914
46.58322739601135,156914
46.58415722846985,156914
46.5850715637207,156914
46.58642578125,156914
46.587340354919434,156914
46.588261127471924,156914
46.589179039001465,156914
46.590100049972534,156914
46.59102725982666,156914
46.59238314628601,156914
46.593299865722656,156914
46.5942268371582,156914
46.59514570236206,156914
46.596060276031494,156914
46.59741950035095,156914
46.5983350276947,156914
46.5992534160614,156914
46.600173234939575,156914
46.60109257698059,156914
46.60201048851013,156914
46.6033616065979,156914
46.604286909103394,156914
46.60520672798157,156914
46.60612511634827,156914
46.607043504714966,156914
46.60840153694153,156914
46.60931992530823,156914
46.61023950576782,156914
46.61116027832031,156914
46.61207699775696,156914
46.61342906951904,156914
46.61435413360596,156914
46.61527180671692,156914
46.61619281768799,156914
46.61711096763611,156914
46.61802697181702,156914
46.619383811950684,156914
46.62030243873596,156914
46.621219873428345,156914
46.62213969230652,156914
46.62306022644043,156914
46.62442708015442,156914
46.625346422195435,156914
46.626264572143555,156914
46.627185583114624,156914
46.62810444831848,156914
46.62902092933655,156914
46.630375385284424,156914
46.63129425048828,156914
46.63221287727356,156914
46.63313031196594,156914
46.634058475494385,156914
46.635414123535156,156914
46.63633179664612,156914
46.637248277664185,156914
46.63817048072815,156914
46.63908839225769,156914
46.640440225601196,156914
46.64135384559631,156914
46.64227342605591,156914
46.64319086074829,156914
46.64411807060242,156914
46.645034313201904,156914
46.646387577056885,156914
46.64730620384216,156914
46.648223876953125,156914
46.64914536476135,156914
46.650062084198,156914
46.65142059326172,156914
46.65233540534973,156914
46.65325689315796,156914
46.65418720245361,156914
46.65510559082031,156914
46.6560218334198,156914
46.65737175941467,156914
46.658291816711426,156914
46.65921092033386,156914
46.66013145446777,156914
46.661044120788574,156914
46.66239523887634,156914
46.66331100463867,156914
46.664244413375854,156914
46.665162801742554,156914
46.66608238220215,156914
46.667436838150024,156914
46.66835069656372,156914
46.669270277023315,156914
46.67018795013428,156914
46.67110276222229,156914
46.6720175743103,156914
46.67337083816528,156914
46.67429709434509,156914
46.67521810531616,156914
46.67613434791565,156914
46.67705011367798,156914
46.67840218544006,156914
46.67932081222534,156914
46.68023991584778,156914
46.68115854263306,156914
46.682077169418335,156914
46.683430433273315,156914
46.68435597419739,156914
46.6852707862854,156914
46.68619227409363,156914
46.687111139297485,156914
46.688024282455444,156914
46.6893789768219,156914
46.690298318862915,156914
46.69121789932251,156914
46.692137479782104,156914
46.693055391311646,156914
46.69442319869995,156914
46.69534087181091,156914
46.69625902175903,156914
46.697182178497314,156914
46.69809913635254,156914
46.69901514053345,156914
46.7003653049469,156914
46.70128512382507,156914
46.702202796936035,156914
46.70312261581421,156914
46.704046964645386,156914
46.705400466918945,156914
46.70631456375122,156914
46.70723223686218,156914
46.70815110206604,156914
46.709065198898315,156914
46.71041679382324,156914
46.71133327484131,156914
46.71225309371948,156914
46.713173627853394,156914
46.71410012245178,156914
46.71501636505127,156914
46.71636605262756,156914
46.717283964157104,156914
46.7182240486145,156914
46.71914482116699,156914
46.72006130218506,156914
46.72141432762146,156914
46.722328424453735,156914
46.72325086593628,156914
46.72418284416199,156914
46.72510051727295,156914
46.726017236709595,156914
46.727370500564575,156914
46.72828912734985,156914
46.729204416275024,156914
46.7301344871521,156914
46.73105573654175,156914
46.73240804672241,156914
46.73332381248474,156914
46.73425364494324,156914
46.73517203330994,156914
46.73608589172363,156914
46.737438917160034,156914
46.73835802078247,156914
46.73927712440491,156914
46.74019193649292,156914
46.74111199378967,156914
46.74202561378479,156914
46.74337935447693,156914
46.744306325912476,156914
46.74522542953491,156914
46.74614453315735,156914
46.74706029891968,156914
46.748417139053345,156914
46.74933338165283,156914
46.75025010108948,156914
46.7511670589447,156914
46.75208616256714,156914
46.75343894958496,156914
46.75436615943909,156914
46.755284547805786,156914
46.75620484352112,156914
46.75712037086487,156914
46.75803756713867,156914
46.75939321517944,156914
46.760308504104614,156914
46.761225938797,156914
46.76214027404785,156914
46.763057708740234,156914
46.76442527770996,156914
46.76534414291382,156914
46.76626658439636,156914
46.767189502716064,156914
46.76810908317566,156914
46.76902389526367,156914
46.77037596702576,156914
46.77129411697388,156914
46.772215366363525,156914
46.773133277893066,156914
46.77406167984009,156914
46.775418758392334,156914
46.77633833885193,156914
46.77725887298584,156914
46.778177976608276,156914
46.7790949344635,156914
46.78001260757446,156914
46.78136849403381,156914
46.782286643981934,156914
46.783204317092896,156914
46.784130811691284,156914
46.78504467010498,156914
46.78640270233154,156914
46.787320375442505,156914
46.78823804855347,156914
46.7891583442688,156914
46.7900755405426,156914
46.79143285751343,156914
46.7923526763916,156914
46.79326939582825,156914
46.794198751449585,156914
46.795116901397705,156914
46.79603934288025,156914
46.79739308357239,156914
46.79831147193909,156914
46.799229860305786,156914
46.80015301704407,156914
46.801069498062134,156914
46.802427530288696,156914
46.803343057632446,156914
46.80427050590515,156914
46.80518960952759,156914
46.80610752105713,156914
46.807024002075195,156914
46.80837965011597,156914
46.8092999458313,156914
46.81021857261658,156914
46.811137676239014,156914
46.8120539188385,156914
46.81340837478638,156914
46.81433343887329,156914
46.81525373458862,156914
46.81617259979248,156914
46.817089319229126,156914
46.818007946014404,156914
46.81935930252075,156914
46.8202805519104,156914
46.82119822502136,156914
46.82211661338806,156914
46.82303214073181,156914
46.82439827919006,156914
46.82531476020813,156914
46.82623529434204,156914
46.827152490615845,156914
46.82806658744812,156914
46.829424142837524,156914
46.83034133911133,156914
46.831263303756714,156914
46.8321852684021,156914
46.83310270309448,156914
46.83402705192566,156914
46.835384130477905,156914
46.83630061149597,156914
46.837223052978516,156914
46.8381450176239,156914
46.839062452316284,156914
46.84042191505432,156914
46.84134221076965,156914
46.842262268066406,156914
46.843183517456055,156914
46.84411382675171,156914
46.845030069351196,156914
46.846386671066284,156914
46.84730577468872,156914
46.84822726249695,156914
46.84914779663086,156914
46.850064516067505,156914
46.8514244556427,156914
46.85234212875366,156914
46.853261947631836,156914
46.854191064834595,156914
46.855111837387085,156914
46.856024503707886,156914
46.85737943649292,156914
46.8582968711853,156914
46.85921883583069,156914
46.86013579368591,156914
46.86104893684387,156914
46.8624050617218,156914
46.86332321166992,156914
46.86425065994263,156914
46.86517071723938,156914
46.866087913513184,156914
46.86700654029846,156914
46.86836266517639,156914
46.86928033828735,156914
46.870198488235474,156914
46.87111854553223,156914
46.8720326423645,156914
46.87338972091675,156914
46.874316453933716,156914
46.87523555755615,156914
46.87615370750427,156914
46.87707185745239,156914
46.87842512130737,156914
46.87934136390686,156914
46.880263328552246,156914
46.881187200546265,156914
46.882105350494385,156914
46.88302159309387,156914
46.88438820838928,156914
46.88530611991882,156914
46.88622689247131,156914
46.887147665023804,156914
46.88806748390198,156914
46.889426708221436,156914
46.89034366607666,156914
46.8912627696991,156914
46.89218497276306,156914
46.8931028842926,156914
46.894028425216675,156914
46.895384311676025,156914
46.896302700042725,156914
46.897221326828,156914
46.89813995361328,156914
46.89905762672424,156914
46.90041422843933,156914
46.90133309364319,156914
46.90225076675415,156914
46.903170585632324,156914
46.90409755706787,156914
46.90501260757446,156914
46.90636849403381,156914
46.90728569030762,156914
46.90820288658142,156914
46.90911793708801,156914
46.910035133361816,156914
46.911391258239746,156914
46.91230797767639,156914
46.913224935531616,156914
46.91415596008301,156914
46.91507601737976,156914
46.91643214225769,156914
46.91734743118286,156914
46.91826796531677,156914
46.919188022613525,156914
46.920106649398804,156914
46.92102599143982,156914
46.92238211631775,156914
46.92329955101013,156914
46.92422866821289,156914
46.92514610290527,156914
46.92606210708618,156914
46.92741417884827,156914
46.928330421447754,156914
46.92924952507019,156914
46.930169105529785,156914
46.93108320236206,156914
46.932438135147095,156914
46.93335556983948,156914
46.934287548065186,156914
46.935205936431885,156914
46.93612813949585,156914
46.93704438209534,156914
46.93840050697327,156914
46.93931984901428,156914
46.94024133682251,156914
46.941160678863525,156914
46.94207715988159,156914
46.94343185424805,156914
46.9443621635437,156914
46.94528150558472,156914
46.94620203971863,156914
46.94712281227112,156914
46.948038816452026,156914
46.94939112663269,156914
46.950308322906494,156914
46.951231956481934,156914
46.95215177536011,156914
46.95306730270386,156914
46.95443820953369,156914
46.955355644226074,156914
46.95627498626709,156914
46.95719289779663,156914
46.95811462402344,156914
46.95902919769287,156914
46.960384368896484,156914
46.96130180358887,156914
46.96221995353699,156914
46.963141202926636,156914
46.96406531333923,156914
46.96542024612427,156914
46.96634030342102,156914
46.96726131439209,156914
46.96818804740906,156914
46.96910834312439,156914
46.97002387046814,156914
46.97137141227722,156914
46.97228741645813,156914
46.973206758499146,156914
46.97413778305054,156914
46.97505259513855,156914
46.976407051086426,156914
46.977325677871704,156914
46.97824501991272,156914
46.979161977767944,156914
46.980080127716064,156914
46.98143410682678,156914
46.982353925704956,156914
46.98327422142029,156914
46.9842050075531,156914
46.98512387275696,156914
46.98603820800781,156914
46.98739576339722,156914
46.98831224441528,156914
46.98923087120056,156914
46.99014854431152,156914
46.99106812477112,156914
46.992424964904785,156914
46.99334120750427,156914
46.994269609451294,156914
46.99519181251526,156914
46.99610948562622,156914
46.997024059295654,156914
46.9983811378479,156914
46.99930119514465,156914
47.000223875045776,156914
47.00114417076111,156914
47.0020637512207,156914
47.00341796875,156914
47.00434613227844,156914
47.00526690483093,156914
47.00618529319763,156914
47.00710344314575,156914
47.0080189704895,156914
47.0093731880188,156914
47.01029181480408,156914
47.01121282577515,156914
47.012131452560425,156914
47.01305055618286,156914
47.014418601989746,156914
47.01533794403076,156914
47.01625728607178,156914
47.01717758178711,156914
47.01809477806091,156914
47.019009828567505,156914
47.02036452293396,156914
47.021283864974976,156914
47.022204875946045,156914
47.02312088012695,156914
47.024046897888184,156914
47.025405168533325,156914
47.026323080062866,156914
47.02723979949951,156914
47.028159618377686,156914
47.02907609939575,156914
47.03043222427368,156914
47.03134536743164,156914
47.032267332077026,156914
47.03318548202515,156914
47.03411555290222,156914
47.035035610198975,156914
47.03639602661133,156914
47.03731179237366,156914
47.0382285118103,156914
47.03914785385132,156914
47.040061235427856,156914
47.04141640663147,156914
47.0423367023468,156914
47.043256998062134,156914
47.044185638427734,156914
47.04510474205017,156914
47.046021699905396,156914
47.04737329483032,156914
47.048290491104126,156914
47.04920983314514,156914
47.050132513046265,156914
47.05104923248291,156914
47.0524046421051,156914
47.05332088470459,156914
47.05424976348877,156914
47.05517077445984,156914
47.056090354919434,156914
47.05700635910034,156914
47.058361530303955,156914
47.05928063392639,156914
47.0602011680603,156914
47.06112051010132,156914
47.06203484535217,156914
47.06339144706726,156914
47.06431818008423,156914
47.065237283706665,156914
47.06615471839905,156914
47.06706881523132,156914
47.068424224853516,156914
47.0693416595459,156914
47.07026171684265,156914
47.071183919906616,156914
47.072102069854736,156914
47.07301998138428,156914
47.074382305145264,156914
47.07529878616333,156914
47.07621884346008,156914
47.07714104652405,156914
47.07805514335632,156914
47.0794141292572,156914
47.080334186553955,156914
47.081255197525024,156914
47.08217644691467,156914
47.0830979347229,156914
47.08402442932129,156914
47.08538031578064,156914
47.0862979888916,156914
47.08721923828125,156914
47.088139057159424,156914
47.089059591293335,156914
47.090415954589844,156914
47.091334104537964,156914
47.09225249290466,156914
47.09317135810852,156914
47.09409952163696,156914
47.0950186252594,156914
47.09637808799744,156914
47.097296714782715,156914
47.09822082519531,156914
47.099140644073486,156914
47.10005855560303,156914
47.101417779922485,156914
47.102333068847656,156914
47.10325479507446,156914
47.10418391227722,156914
47.10510444641113,156914
47.106019258499146,156914
47.10737347602844,156914
47.10828924179077,156914
47.10920572280884,156914
47.11012625694275,156914
47.1110417842865,156914
47.11239314079285,156914
47.11330723762512,156914
47.114238023757935,156914
47.115156173706055,156914
47.11607599258423,156914
47.11743211746216,156914
47.11835169792175,156914
47.11927127838135,156914
47.12019443511963,156914
47.121110677719116,156914
47.12202334403992,156914
47.12337803840637,156914
47.12430453300476,156914
47.125223875045776,156914
47.1261420249939,156914
47.12705612182617,156914
47.12841057777405,156914
47.12933015823364,156914
47.13024592399597,156914
47.1311674118042,156914
47.13208246231079,156914
47.13343858718872,156914
47.13436436653137,156914
47.135282039642334,156914
47.13620567321777,156914
47.13712525367737,156914
47.13804292678833,156914
47.13940072059631,156914
47.14031934738159,156914
47.141236782073975,156914
47.14215874671936,156914
47.1430778503418,156914
47.14400553703308,156914
47.145365953445435,156914
47.14628505706787,156914
47.14720559120178,156914
47.148125410079956,156914
47.149041175842285,156914
47.15039920806885,156914
47.15131640434265,156914
47.15223288536072,156914
47.15315365791321,156914
47.15407705307007,156914
47.155428409576416,156914
47.15634512901306,156914
47.157264709472656,156914
47.158180713653564,156914
47.159096479415894,156914
47.16001534461975,156914
47.16136622428894,156914
47.16228413581848,156914
47.163206338882446,156914
47.16413879394531,156914
47.165053844451904,156914
47.1664092540741,156914
47.16732692718506,156914
47.16824698448181,156914
47.169164180755615,156914
47.1700804233551,156914
47.17144012451172,156914
47.172356367111206,156914
47.17327404022217,156914
47.17420148849487,156914
47.17512392997742,156914
47.176039695739746,156914
47.17739510536194,156914
47.17830991744995,156914
47.17922925949097,156914
47.18014860153198,156914
47.1810622215271,156914
47.18241572380066,156914
47.18333196640015,156914
47.18426322937012,156914
47.18518304824829,156914
47.18610429763794,156914
47.1870219707489,156914
47.18837928771973,156914
47.18929719924927,156914
47.19021940231323,156914
47.19113826751709,156914
47.19205093383789,156914
47.19340538978577,156914
47.19433069229126,156914
47.195247411727905,156914
47.196165323257446,156914
47.19708228111267,156914
47.19843578338623,156914
47.19935131072998,156914
47.20026969909668,156914
47.20118975639343,156914
47.20210838317871,156914
47.203022956848145,156914
47.20438766479492,156914
47.20530700683594,156914
47.206225872039795,156914
47.207143783569336,156914
47.208059549331665,156914
47.209412813186646,156914
47.21032977104187,156914
47.2112500667572,156914
47.21216893196106,156914
47.21308612823486,156914
47.21401262283325,156914
47.21536946296692,156914
47.216288328170776,156914
47.21720576286316,156914
47.21812438964844,156914
47.219040870666504,156914
47.22039318084717,156914
47.22130990028381,156914
47.222227334976196,156914
47.22314524650574,156914
47.22406983375549,156914
47.22542929649353,156914
47.226346254348755,156914
47.22726559638977,156914
47.22818112373352,156914
47.22909951210022,156914
47.23001503944397,156914
47.23137021064758,156914
47.23228693008423,156914
47.23320746421814,156914
47.23413944244385,156914
47.23505783081055,156914
47.236412525177,156914
47.237330198287964,156914
47.23824882507324,156914
47.23916959762573,156914
47.24008822441101,156914
47.24143886566162,156914
47.24236035346985,156914
47.24328112602234,156914
47.24421191215515,156914
47.24513077735901,156914
47.246044874191284,156914
47.24739933013916,156914
47.248313903808594,156914
47.249231815338135,156914
47.25015068054199,156914
47.2510666847229,156914
47.2524209022522,156914
47.25333762168884,156914
47.25426721572876,156914
47.25518465042114,156914
47.256102561950684,156914
47.25701856613159,156914
47.25837159156799,156914
47.25928854942322,156914
47.26020812988281,156914
47.261128187179565,156914
47.26204061508179,156914
47.26339530944824,156914
47.264321088790894,156914
47.26524043083191,156914
47.26616048812866,156914
47.2670783996582,156914
47.26843595504761,156914
47.269352197647095,156914
47.270267724990845,156914
47.27118635177612,156914
47.27210307121277,156914
47.273019790649414,156914
47.27438569068909,156914
47.27530312538147,156914
47.27622437477112,156914
47.27714252471924,156914
47.27806234359741,156914
47.279417991638184,156914
47.28033494949341,156914
47.281254529953,156914
47.282172203063965,156914
47.283090353012085,156914
47.28401517868042,156914
47.28537321090698,156914
47.286293029785156,156914
47.287211894989014,156914
47.28813314437866,156914
47.28905248641968,156914
47.290409088134766,156914
47.29132699966431,156914
47.29224634170532,156914
47.29316282272339,156914
47.294087171554565,156914
47.29500484466553,156914
47.29635834693909,156914
47.29727649688721,156914
47.29819703102112,156914
47.29911470413208,156914
47.30003070831299,156914
47.30138182640076,156914
47.30230093002319,156914
47.30321669578552,156914
47.30414795875549,156914
47.30506634712219,156914
47.30642342567444,156914
47.30733847618103,156914
47.30825901031494,156914
47.30917716026306,156914
47.3100950717926,156914
47.311012744903564,156914
47.312365770339966,156914
47.31328511238098,156914
47.314213275909424,156914
47.31513166427612,156914
47.31604552268982,156914
47.31740212440491,156914
47.318315505981445,156914
47.31923532485962,156914
47.32015371322632,156914
47.321070194244385,156914
47.322426557540894,156914
47.32334566116333,156914
47.32427668571472,156914
47.325194358825684,156914
47.32611417770386,156914
47.32703137397766,156914
47.32838439941406,156914
47.32930064201355,156914
47.33021903038025,156914
47.331135511398315,156914
47.332054138183594,156914
47.33340811729431,156914
47.33433747291565,156914
47.33525729179382,156914
47.33617639541626,156914
47.33709692955017,156914
47.338014364242554,156914
47.33936929702759,156914
47.34028434753418,156914
47.34120583534241,156914
47.34212279319763,156914
47.34303641319275,156914
47.34440326690674,156914
47.34531831741333,156914
47.34623646736145,156914
47.34715294837952,156914
47.348066568374634,156914
47.349422454833984,156914
47.350342988967896,156914
47.351258993148804,156914
47.35218167304993,156914
47.35309982299805,156914
47.35402703285217,156914
47.35538578033447,156914
47.356302976608276,156914
47.357224464416504,156914
47.35814309120178,156914
47.3590612411499,156914
47.360419034957886,156914
47.361337661743164,156914
47.362258195877075,156914
47.363176107406616,156914
47.364104986190796,156914
47.365020990371704,156914
47.36637568473816,156914
47.36729621887207,156914
47.36821484565735,156914
47.36913251876831,156914
47.370051860809326,156914
47.37140679359436,156914
47.3723258972168,156914
47.37324500083923,156914
47.374178886413574,156914
47.375096797943115,156914
47.376012563705444,156914
47.377368211746216,156914
47.37828707695007,156914
47.379207134246826,156914
47.38012957572937,156914
47.381046533584595,156914
47.38240361213684,156914
47.383320331573486,156914
47.38424801826477,156914
47.38517236709595,156914
47.386088132858276,156914
47.38700461387634,156914
47.388362407684326,156914
47.38928413391113,156914
47.39020228385925,156914
47.39111924171448,156914
47.39204001426697,156914
47.39339637756348,156914
47.394325494766235,156914
47.39524435997009,156914
47.39616560935974,156914
47.39708113670349,156914
47.39843559265137,156914
47.39934945106506,156914
47.40026569366455,156914
47.40118336677551,156914
47.402101039886475,156914
47.40301775932312,156914
47.404380321502686,156914
47.405298709869385,156914
47.406221866607666,156914
47.407140254974365,156914
47.40806198120117,156914
47.40941786766052,156914
47.41033124923706,156914
47.41125226020813,156914
47.412171602249146,156914
47.41308951377869,156914
47.41401743888855,156914
47.41537356376648,156914
47.416292667388916,156914
47.41721296310425,156914
47.418131828308105,156914
47.419047594070435,156914
47.42040538787842,156914
47.421319246292114,156914
47.422239542007446,156914
47.42316031455994,156914
47.42408800125122,156914
47.425004959106445,156914
47.4263596534729,156914
47.427279472351074,156914
47.428200483322144,156914
47.4291205406189,156914
47.43003726005554,156914
47.43139147758484,156914
47.432307720184326,156914
47.4332275390625,156914
47.434157609939575,156914
47.43507719039917,156914
47.436434507369995,156914
47.437352895736694,156914
47.43826913833618,156914
47.439186573028564,156914
47.44010353088379,156914
47.44101881980896,156914
47.442373275756836,156914
47.443291902542114,156914
47.444225549697876,156914
47.445144176483154,156914
47.44606161117554,156914
47.4474151134491,156914
47.4483323097229,156914
47.44924855232239,156914
47.45016551017761,156914
47.45108342170715,156914
47.45243835449219,156914
47.45335602760315,156914
47.454282999038696,156914
47.455206871032715,156914
47.45612668991089,156914
47.457040786743164,156914
47.45839810371399,156914
47.45931553840637,156914
47.46023344993591,156914
47.46114706993103,156914
47.462064266204834,156914
47.463417053222656,156914
47.464343786239624,156914
47.46526074409485,156914
47.4661819934845,156914
47.46710014343262,156914
47.46801733970642,156914
47.46937298774719,156914
47.470290422439575,156914
47.471206188201904,156914
47.47212624549866,156914
47.47304391860962,156914
47.47440838813782,156914
47.47532677650452,156914
47.47624397277832,156914
47.477166414260864,156914
47.478081703186035,156914
47.47943687438965,156914
47.48035264015198,156914
47.48126721382141,156914
47.48218655586243,156914
47.483104944229126,156914
47.484031200408936,156914
47.485387086868286,156914
47.48630356788635,156914
47.487220764160156,156914
47.48813724517822,156914
47.48905086517334,156914
47.490405797958374,156914
47.49132418632507,156914
47.49224019050598,156914
47.493162393569946,156914
47.49408769607544,156914
47.49500632286072,156914
47.496363401412964,156914
47.49728512763977,156914
47.49820351600647,156914
47.49912118911743,156914
47.500035524368286,156914
47.50138854980469,156914
47.50230169296265,156914
47.503223180770874,156914
47.504151582717896,156914
47.50506663322449,156914
47.50642704963684,156914
47.50734615325928,156914
47.50826406478882,156914
47.50918245315552,156914
47.510103702545166,156914
47.51102304458618,156914
47.51237511634827,156914
47.51329255104065,156914
47.514225006103516,156914
47.51514649391174,156914
47.51606321334839,156914
47.51742506027222,156914
47.51834440231323,156914
47.51926374435425,156914
47.52018070220947,156914
47.521098136901855,156914
47.5220148563385,156914
47.52336812019348,156914
47.52429413795471,156914
47.52521228790283,156914
47.52613162994385,156914
47.52704739570618,156914
47.52840328216553,156914
47.52932095527649,156914
47.53023672103882,156914
47.53115653991699,156914
47.53207445144653,156914
47.533430099487305,156914
47.53435564041138,156914
47.5352725982666,156914
47.53621506690979,156914
47.537134647369385,156914
47.538050413131714,156914
47.53941035270691,156914
47.5403265953064,156914
47.54124355316162,156914
47.54216170310974,156914
47.543079137802124,156914
47.544007539749146,156914
47.54536819458008,156914
47.54628610610962,156914
47.54720449447632,156914
47.54812550544739,156914
47.54904294013977,156914
47.55040001869202,156914
47.55131530761719,156914
47.55223751068115,156914
47.55315685272217,156914
47.55408549308777,156914
47.55500626564026,156914
47.556360721588135,156914
47.557279109954834,156914
47.55820059776306,156914
47.559120416641235,156914
47.560039043426514,156914
47.561397552490234,156914
47.56231427192688,156914
47.563234090805054,156914
47.564165353775024,156914
47.56508231163025,156914
47.56643629074097,156914
47.567354917526245,156914
47.568273305892944,156914
47.569193601608276,156914
47.57011532783508,156914
47.57103133201599,156914
47.57238721847534,156914
47.57330322265625,156914
47.57423400878906,156914
47.57515358924866,156914
47.576071977615356,156914
47.57742667198181,156914
47.57834005355835,156914
47.57926034927368,156914
47.58018112182617,156914
47.58109903335571,156914
47.58201742172241,156914
47.58337187767029,156914
47.58430194854736,156914
47.585222005844116,156914
47.586140871047974,156914
47.58706021308899,156914
47.58841371536255,156914
47.58932971954346,156914
47.59024977684021,156914
47.59116864204407,156914
47.59208607673645,156914
47.59344124794006,156914
47.59436845779419,156914
47.59528851509094,156914
47.59620547294617,156914
47.59712481498718,156914
47.598042488098145,156914
47.59939765930176,156914
47.60031819343567,156914
47.60123801231384,156914
47.602158546447754,156914
47.603076457977295,156914
47.604005098342896,156914
47.6053626537323,156914
47.606282472610474,156914
47.60720252990723,156914
47.60812020301819,156914
47.60903596878052,156914
47.610393047332764,156914
47.61131143569946,156914
47.612226724624634,156914
47.61314845085144,156914
47.61407542228699,156914
47.6154408454895,156914
47.616355895996094,156914
47.617274045944214,156914
47.61819410324097,156914
47.6191132068634,156914
47.62002992630005,156914
47.62138772010803,156914
47.62230634689331,156914
47.62322640419006,156914
47.62415432929993,156914
47.62507176399231,156914
47.6264283657074,156914
47.62734413146973,156914
47.628262519836426,156914
47.62918043136597,156914
47.63009762763977,156914
47.63101410865784,156914
47.6323676109314,156914
47.63328695297241,156914
47.63421583175659,156914
47.635133266448975,156914
47.63604998588562,156914
47.63740587234497,156914
47.638320207595825,156914
47.63923740386963,156914
47.64015531539917,156914
47.64107346534729,156914
47.64242959022522,156914
47.643343925476074,156914
47.644272804260254,156914
47.64518928527832,156914
47.64611101150513,156914
47.647024154663086,156914
47.648386001586914,156914
47.64930248260498,156914
47.65022277832031,156914
47.65114068984985,156914
47.65205669403076,156914
47.65341281890869,156914
47.654338121414185,156914
47.65525984764099,156914
47.656182289123535,156914
47.65710139274597,156914
47.65801787376404,156914
47.659369468688965,156914
47.66028380393982,156914
47.66120219230652,156914
47.66212224960327,156914
47.66303849220276,156914
47.66440749168396,156914
47.665324687957764,156914
47.66624355316162,156914
47.667163133621216,156914
47.66808104515076,156914
47.66943907737732,156914
47.67035531997681,156914
47.671273708343506,156914
47.67219638824463,156914
47.67311930656433,156914
47.67404341697693,156914
47.6753990650177,156914
47.6763174533844,156914
47.677233934402466,156914
47.67815041542053,156914
47.679068088531494,156914
47.680421590805054,156914
47.68133807182312,156914
47.682257652282715,156914
47.683175563812256,156914
47.68410396575928,156914
47.68501925468445,156914
47.68637180328369,156914
47.68729019165039,156914
47.688206911087036,156914
47.68912196159363,156914
47.6900417804718,156914
47.69139909744263,156914
47.69231724739075,156914
47.69323468208313,156914
47.69416618347168,156914
47.69508337974548,156914
47.696441411972046,156914
47.69735884666443,156914
47.69827723503113,156914
47.6991970539093,156914
47.70012187957764,156914
47.70103907585144,156914
47.70239448547363,156914
47.703314542770386,156914
47.704245805740356,156914
47.70516657829285,156914
47.706079721450806,156914
47.70743703842163,156914
47.70835328102112,156914
47.70927667617798,156914
47.71019697189331,156914
47.71111345291138,156914
47.71202731132507,156914
47.71337842941284,156914
47.71430969238281,156914
47.71523189544678,156914
47.716153144836426,156914
47.71706986427307,156914
47.71800661087036,156914
47.71936798095703,156914
47.7202832698822,156914
47.7212028503418,156914
47.72212338447571,156914
47.72303748130798,156914
47.7244029045105,156914
47.725321531295776,156914
47.72623872756958,156914
47.72715997695923,156914
47.72808051109314,156914
47.72943592071533,156914
47.73036289215088,156914
47.731282234191895,156914
47.73220491409302,156914
47.73312473297119,156914
47.73404836654663,156914
47.735403537750244,156914
47.73631811141968,156914
47.73723769187927,156914
47.73815989494324,156914
47.739073276519775,156914
47.740429639816284,156914
47.74134635925293,156914
47.74226760864258,156914
47.74318766593933,156914
47.74411582946777,156914
47.74503302574158,156914
47.74639320373535,156914
47.74731206893921,156914
47.74822735786438,156914
47.749152183532715,156914
47.75007200241089,156914
47.75142955780029,156914
47.752344846725464,156914
47.75326418876648,156914
47.75419282913208,156914
47.75511360168457,156914
47.75603008270264,156914
47.757383823394775,156914
47.75830125808716,156914
47.75921988487244,156914
47.760138273239136,156914
47.76105284690857,156914
47.76240944862366,156914
47.76332378387451,156914
47.764254093170166,156914
47.765175104141235,156914
47.7660927772522,156914
47.767009973526,156914
47.76836395263672,156914
47.76928448677063,156914
47.77020001411438,156914
47.77111840248108,156914
47.77203369140625,156914
47.77338933944702,156914
47.77431559562683,156914
47.77523612976074,156914
47.77615404129028,156914
47.77706813812256,156914
47.77842593193054,156914
47.779340505599976,156914
47.78026247024536,156914
47.781182527542114,156914
47.78210115432739,156914
47.78301787376404,156914
47.78438353538513,156914
47.78529739379883,156914
47.7862184047699,156914
47.78713893890381,156914
47.78805685043335,156914
47.78941559791565,156914
47.79033708572388,156914
47.791258335113525,156914
47.79217505455017,156914
47.79309368133545,156914
47.79401898384094,156914
47.795374631881714,156914
47.79628944396973,156914
47.79720711708069,156914
47.798126220703125,156914
47.799039363861084,156914
47.800395011901855,156914
47.80131459236145,156914
47.80223512649536,156914
47.80315542221069,156914
47.80408525466919,156914
47.80500507354736,156914
47.8063600063324,156914
47.8072783946991,156914
47.80819869041443,156914
47.80911660194397,156914
47.8100311756134,156914
47.8113899230957,156914
47.812309980392456,156914
47.81322908401489,156914
47.814160108566284,156914
47.81507754325867,156914
47.81643319129944,156914
47.81735396385193,156914
47.81827640533447,156914
47.819196701049805,156914
47.82011699676514,156914
47.82103085517883,156914
47.82238984107971,156914
47.82330942153931,156914
47.8242404460907,156914
47.82516169548035,156914
47.8260817527771,156914
47.82743763923645,156914
47.82835578918457,156914
47.82927083969116,156914
47.83018922805786,156914
47.8311083316803,156914
47.832024812698364,156914
47.83338499069214,156914
47.83431386947632,156914
47.83523488044739,156914
47.8361542224884,156914
47.83707356452942,156914
47.83843207359314,156914
47.839349031448364,156914
47.840264558792114,156914
47.84118294715881,156914
47.84209728240967,156914
47.843013763427734,156914
47.84437441825867,156914
47.845293283462524,156914
47.84621334075928,156914
47.84713172912598,156914
47.8480486869812,156914
47.849403619766235,156914
47.850321769714355,156914
47.85123658180237,156914
47.85215926170349,156914
47.85307502746582,156914
47.85400414466858,156914
47.85535907745361,156914
47.85627746582031,156914
47.857197523117065,156914
47.85811400413513,156914
47.859031438827515,156914
47.86038041114807,156914
47.86129927635193,156914
47.86221694946289,156914
47.863139390945435,156914
47.86406373977661,156914
47.86542081832886,156914
47.86633610725403,156914
47.86725449562073,156914
47.86817002296448,156914
47.8690824508667,156914
47.87043786048889,156914
47.87135601043701,156914
47.872273683547974,156914
47.87319469451904,156914
47.87412095069885,156914
47.87503433227539,156914
47.87638974189758,156914
47.87730693817139,156914
47.87822866439819,156914
47.87914752960205,156914
47.880064249038696,156914
47.881422996520996,156914
47.88234090805054,156914
47.883259296417236,156914
47.88418793678284,156914
47.885109663009644,156914
47.886024713516235,156914
47.88738036155701,156914
47.88829779624939,156914
47.88921880722046,156914
47.89013671875,156914
47.891053199768066,156914
47.892411947250366,156914
47.89332914352417,156914
47.89425778388977,156914
47.895177125930786,156914
47.89609885215759,156914
47.89701533317566,156914
47.898369789123535,156914
47.89928674697876,156914
47.90020728111267,156914
47.90112900733948,156914
47.90204691886902,156914
47.90340328216553,156914
47.904330253601074,156914
47.90525245666504,156914
47.906170129776,156914
47.907089710235596,156914
47.90800642967224,156914
47.909361839294434,156914
47.91027879714966,156914
47.91119861602783,156914
47.91211700439453,156914
47.91303086280823,156914
47.914395809173584,156914
47.91531443595886,156914
47.9162335395813,156914
47.917152404785156,156914
47.918071031570435,156914
47.91942811012268,156914
47.920348167419434,156914
47.921266078948975,156914
47.92218637466431,156914
47.92310547828674,156914
47.92402911186218,156914
47.92538857460022,156914
47.92631006240845,156914
47.9272301197052,156914
47.92814660072327,156914
47.929065227508545,156914
47.930423736572266,156914
47.93134021759033,156914
47.93225884437561,156914
47.93318057060242,156914
47.93410849571228,156914
47.93502354621887,156914
47.93637681007385,156914
47.93729543685913,156914
47.938215017318726,156914
47.939133644104004,156914
47.94005250930786,156914
47.941404581069946,156914
47.94232153892517,156914
47.94324040412903,156914
47.944173097610474,156914
47.94509291648865,156914
47.94601082801819,156914
47.9473671913147,156914
47.94828796386719,156914
47.94920873641968,156914
47.95012664794922,156914
47.95104670524597,156914
47.95240306854248,156914
47.953319787979126,156914
47.954251289367676,156914
47.95517182350159,156914
47.95608997344971,156914
47.957005977630615,156914
47.95836019515991,156914
47.95927953720093,156914
47.9601993560791,156914
47.96111822128296,156914
47.9620361328125,156914
47.96339011192322,156914
47.964319705963135,156914
47.96523833274841,156914
47.96616268157959,156914
47.96708035469055,156914
47.96843934059143,156914
47.969356536865234,156914
47.97027564048767,156914
47.97119379043579,156914
47.97211217880249,156914
47.97302770614624,156914
47.974393367767334,156914
47.975313663482666,156914
47.9762327671051,156914
47.97715401649475,156914
47.97807168960571,156914
47.97942543029785,156914
47.980342864990234,156914
47.981266021728516,156914
47.98218321800232,156914
47.983102798461914,156914
47.984028339385986,156914
47.98538565635681,156914
47.98630499839783,156914
47.987226247787476,156914
47.988149642944336,156914
47.98906898498535,156914
47.99043083190918,156914
47.99134826660156,156914
47.992268562316895,156914
47.993186950683594,156914
47.99411654472351,156914
47.99503755569458,156914
47.996389627456665,156914
47.997310400009155,156914
47.99823307991028,156914
47.99915385246277,156914
48.00007367134094,156914
48.0014328956604,156914
48.00234842300415,156914
48.00326657295227,156914
48.00419735908508,156914
48.0051155090332,156914
48.006030797958374,156914
48.00738763809204,156914
48.00830435752869,156914
48.009225606918335,156914
48.010146617889404,156914
48.011061906814575,156914
48.01241874694824,156914
48.01333522796631,156914
48.014265060424805,156914
48.01518249511719,156914
48.016098499298096,156914
48.01701617240906,156914
48.01836848258972,156914
48.019286155700684,156914
48.02020192146301,156914
48.021124601364136,156914
48.0220410823822,156914
48.023399114608765,156914
48.02432584762573,156914
48.025245666503906,156914
48.02616214752197,156914
48.02707624435425,156914
48.02842998504639,156914
48.029351234436035,156914
48.030269384384155,156914
48.03119111061096,156914
48.032111167907715,156914
48.03302788734436,156914
48.0343918800354,156914
48.03530764579773,156914
48.03622913360596,156914
48.03715229034424,156914
48.03807091712952,156914
48.03942823410034,156914
48.04034495353699,156914
48.04126453399658,156914
48.04218292236328,156914
48.0431010723114,156914
48.04402685165405,156914
48.04538154602051,156914
48.04629874229431,156914
48.04721760749817,156914
48.04813504219055,156914
48.04905080795288,156914
48.05040788650513,156914
48.05132794380188,156914
48.05224847793579,156914
48.0531702041626,156914
48.0540988445282,156914
48.055017709732056,156914
48.05637240409851,156914
48.05729103088379,156914
48.05820846557617,156914
48.05912899971008,156914
48.060044050216675,156914
48.061400175094604,156914
48.062317848205566,156914
48.06323862075806,156914
48.06416988372803,156914
48.06508827209473,156914
48.066004276275635,156914
48.067362785339355,156914
48.06827998161316,156914
48.0691978931427,156914
48.07011556625366,156914
48.07102990150452,156914
48.07238745689392,156914
48.07330322265625,156914
48.07423162460327,156914
48.07515048980713,156914
48.07606863975525,156914
48.0774245262146,156914
48.078343868255615,156914
48.079264640808105,156914
48.080183267593384,156914
48.081101179122925,156914
48.08201599121094,156914
48.083369731903076,156914
48.08429932594299,156914
48.08521914482117,156914
48.08613610267639,156914
48.08705258369446,156914
48.088409662246704,156914
48.08932447433472,156914
48.09024453163147,156914
48.091166734695435,156914
48.092082023620605,156914
48.09343695640564,156914
48.09436225891113,156914
48.09528160095215,156914
48.096200942993164,156914
48.09711575508118,156914
48.09803104400635,156914
48.09938335418701,156914
48.10029983520508,156914
48.10121560096741,156914
48.102135181427,156914
48.10305142402649,156914
48.104416847229004,156914
48.10533094406128,156914
48.10625076293945,156914
48.10716986656189,156914
48.10808801651001,156914
48.10900664329529,156914
48.11036133766174,156914
48.11128115653992,156914
48.1121985912323,156914
48.113118171691895,156914
48.11404299736023,156914
48.11539888381958,156914
48.11631512641907,156914
48.11723470687866,156914
48.11815547943115,156914
48.119067430496216,156914
48.120426177978516,156914
48.12134575843811,156914
48.12226605415344,156914
48.12318468093872,156914
48.12411403656006,156914
48.125033378601074,156914
48.12638759613037,156914
48.12730431556702,156914
48.128225803375244,156914
48.129148721694946,156914
48.130064487457275,156914
48.131423473358154,156914
48.13234186172485,156914
48.13325881958008,156914
48.13419246673584,156914
48.13511276245117,156914
48.1360285282135,156914
48.137383222579956,156914
48.1383011341095,156914
48.13922357559204,156914
48.14014410972595,156914
48.14105987548828,156914
48.142415285110474,156914
48.143330812454224,156914
48.144261837005615,156914
48.14518141746521,156914
48.14609932899475,156914
48.14701581001282,156914
48.148375511169434,156914
48.14929461479187,156914
48.15021276473999,156914
48.15113139152527,156914
48.1520459651947,156914
48.15340542793274,156914
48.15433382987976,156914
48.155253410339355,156914
48.15617394447327,156914
48.157095193862915,156914
48.15801286697388,156914
48.1593701839447,156914
48.16028618812561,156914
48.16120529174805,156914
48.16212224960327,156914
48.16303586959839,156914
48.164403200149536,156914
48.16531944274902,156914
48.166240215301514,156914
48.167157888412476,156914
48.16807413101196,156914
48.16943120956421,156914
48.170350313186646,156914
48.17126727104187,156914
48.172189474105835,156914
48.17310690879822,156914
48.174031496047974,156914
48.17538785934448,156914
48.17630743980408,156914
48.17722702026367,156914
48.17814517021179,156914
48.17906403541565,156914
48.180420875549316,156914
48.1813383102417,156914
48.182257413864136,156914
48.183178186416626,156914
48.18410587310791,156914
48.185022592544556,156914
48.1863751411438,156914
48.18729281425476,156914
48.18821454048157,156914
48.18913531303406,156914
48.19005465507507,156914
48.191405296325684,156914
48.19232416152954,156914
48.19324469566345,156914
48.19417715072632,156914
48.19509673118591,156914
48.196014642715454,156914
48.19736886024475,156914
48.198291301727295,156914
48.19920992851257,156914
48.20012927055359,156914
48.20104742050171,156914
48.20240020751953,156914
48.20331811904907,156914
48.204246520996094,156914
48.20517015457153,156914
48.206087589263916,156914
48.207006216049194,156914
48.20836353302002,156914
48.2092821598053,156914
48.21020030975342,156914
48.211116790771484,156914
48.21203088760376,156914
48.21338701248169,156914
48.21431231498718,156914
48.215227365493774,156914
48.21614861488342,156914
48.21706581115723,156914
48.21842122077942,156914
48.21933674812317,156914
48.220256328582764,156914
48.22117352485657,156914
48.222089529037476,156914
48.22300863265991,156914
48.224369287490845,156914
48.22529101371765,156914
48.226210832595825,156914
48.227131366729736,156914
48.228049516677856,156914
48.22940444946289,156914
48.23031973838806,156914
48.231242656707764,156914
48.232162952423096,156914
48.233078718185425,156914
48.23400402069092,156914
48.235361099243164,156914
48.2362802028656,156914
48.23719573020935,156914
48.23811626434326,156914
48.23903203010559,156914
48.240389823913574,156914
48.2413055896759,156914
48.242225885391235,156914
48.24314641952515,156914
48.24407124519348,156914
48.24542737007141,156914
48.24634385108948,156914
48.2472620010376,156914
48.24817991256714,156914
48.24910068511963,156914
48.25001859664917,156914
48.25137162208557,156914
48.252285957336426,156914
48.25320506095886,156914
48.25413656234741,156914
48.255056619644165,156914
48.256415128707886,156914
48.25733494758606,156914
48.25825643539429,156914
48.25917363166809,156914
48.26009440422058,156914
48.26100993156433,156914
48.262367248535156,156914
48.26328086853027,156914
48.26421356201172,156914
48.26513338088989,156914
48.2660493850708,156914
48.2674081325531,156914
48.26832556724548,156914
48.269245624542236,156914
48.27016472816467,156914
48.271082162857056,156914
48.27243661880493,156914
48.27335500717163,156914
48.274282932281494,156914
48.275203466415405,156914
48.27612042427063,156914
48.27703547477722,156914
48.27839207649231,156914
48.27930784225464,156914
48.28022766113281,156914
48.28114438056946,156914
48.28206157684326,156914
48.283413887023926,156914
48.28434157371521,156914
48.28526067733765,156914
48.28617739677429,156914
48.28709363937378,156914
48.28800821304321,156914
48.28936314582825,156914
48.29028010368347,156914
48.291199684143066,156914
48.29211688041687,156914
48.29302978515625,156914
48.294400691986084,156914
48.29531669616699,156914
48.29623246192932,156914
48.29715013504028,156914
48.29806852340698,156914
48.29942560195923,156914
48.30034327507019,156914
48.301262855529785,156914
48.30217981338501,156914
48.303098917007446,156914
48.30402398109436,156914
48.305379152297974,156914
48.30629849433899,156914
48.30721664428711,156914
48.308135747909546,156914
48.30905032157898,156914
48.31040644645691,156914
48.311320543289185,156914
48.31224060058594,156914
48.31315994262695,156914
48.314085483551025,156914
48.315438747406006,156914
48.31635499000549,156914
48.31727123260498,156914
48.31819152832031,156914
48.31911015510559,156914
48.320024490356445,156914
48.32137703895569,156914
48.32229399681091,156914
48.32321047782898,156914
48.32413625717163,156914
48.32505512237549,156914
48.326409339904785,156914
48.32732677459717,156914
48.32824730873108,156914
48.329164028167725,156914
48.330079793930054,156914
48.331435441970825,156914
48.33235239982605,156914
48.33326840400696,156914
48.33419632911682,156914
48.33511424064636,156914
48.336026430130005,156914
48.337379693984985,156914
48.33829593658447,156914
48.33921003341675,156914
48.34012770652771,156914
48.34104633331299,156914
48.342400550842285,156914
48.34331488609314,156914
48.34424304962158,156914
48.34516215324402,156914
48.34607815742493,156914
48.347434759140015,156914
48.34835147857666,156914
48.34926915168762,156914
48.35018706321716,156914
48.35110354423523,156914
48.3520188331604,156914
48.35337281227112,156914
48.354300022125244,156914
48.355217695236206,156914
48.356133222579956,156914
48.35704779624939,156914
48.358402729034424,156914
48.35931849479675,156914
48.36023950576782,156914
48.36115908622742,156914
48.362077713012695,156914
48.36343598365784,156914
48.36436057090759,156914
48.365281105041504,156914
48.366198778152466,156914
48.36711764335632,156914
48.36803483963013,156914
48.36939024925232,156914
48.370304584503174,156914
48.3712272644043,156914
48.37214946746826,156914
48.37306571006775,156914
48.37443494796753,156914
48.37535238265991,156914
48.376270055770874,156914
48.37718653678894,156914
48.37810230255127,156914
48.379016160964966,156914
48.38036870956421,156914
48.38128471374512,156914
48.38220500946045,156914
48.38312387466431,156914
48.384047746658325,156914
48.385401010513306,156914
48.386316776275635,156914
48.38723349571228,156914
48.38814926147461,156914
48.389063596725464,156914
48.3904173374176,156914
48.39133071899414,156914
48.39224672317505,156914
48.39316511154175,156914
48.39409041404724,156914
48.395007848739624,156914
48.396363735198975,156914
48.397279262542725,156914
48.398197889328,156914
48.39911437034607,156914
48.40003418922424,156914
48.401384115219116,156914
48.40230059623718,156914
48.403218507766724,156914
48.404149770736694,156914
48.405067920684814,156914
48.40642428398132,156914
48.40734100341797,156914
48.40826177597046,156914
48.409178018569946,156914
48.41009783744812,156914
48.411014795303345,156914
48.41236877441406,156914
48.41328525543213,156914
48.4142119884491,156914
48.41513013839722,156914
48.41604399681091,156914
48.41740155220032,156914
48.41831874847412,156914
48.419238328933716,156914
48.42015767097473,156914
48.42107319831848,156914
48.422428607940674,156914
48.42334532737732,156914
48.4242730140686,156914
48.42519211769104,156914
48.42611026763916,156914
48.42702770233154,156914
48.42838406562805,156914
48.42930221557617,156914
48.43022394180298,156914
48.43114447593689,156914
48.432069063186646,156914
48.43342852592468,156914
48.43435549736023,156914
48.43527555465698,156914
48.43619418144226,156914
48.437113523483276,156914
48.43802738189697,156914
48.4393835067749,156914
48.44029879570007,156914
48.441219091415405,156914
48.442137002944946,156914
48.443053007125854,156914
48.444422483444214,156914
48.445340633392334,156914
48.44625759124756,156914
48.447176933288574,156914
48.448097467422485,156914
48.449015617370605,156914
48.45036864280701,156914
48.45128512382507,156914
48.45220375061035,156914
48.453120946884155,156914
48.45404362678528,156914
48.455400466918945,156914
48.45631670951843,156914
48.45723509788513,156914
48.458155155181885,156914
48.45907139778137,156914
48.4604229927063,156914
48.46133899688721,156914
48.46225452423096,156914
48.46317458152771,156914
48.46409797668457,156914
48.465015172958374,156914
48.46636652946472,156914
48.46728253364563,156914
48.46820044517517,156914
48.469120502471924,156914
48.470036029815674,156914
48.471389055252075,156914
48.47230577468872,156914
48.47322750091553,156914
48.474157094955444,156914
48.47507309913635,156914
48.47642803192139,156914
48.47734069824219,156914
48.47826075553894,156914
48.479177951812744,156914
48.48009204864502,156914
48.481011629104614,156914
48.482367277145386,156914
48.48328685760498,156914
48.484214544296265,156914
48.48513317108154,156914
48.48604702949524,156914
48.48740029335022,156914
48.48831582069397,156914
48.48923468589783,156914
48.490153551101685,156914
48.49106812477112,156914
48.492424726486206,156914
48.49333906173706,156914
48.494271755218506,156914
48.4951868057251,156914
48.49610495567322,156914
48.497020959854126,156914
48.49837875366211,156914
48.49929141998291,156914
48.50021171569824,156914
48.501131534576416,156914
48.50205063819885,156914
48.5034065246582,156914
48.50433659553528,156914
48.505258560180664,156914
48.5061776638031,156914
48.50709557533264,156914
48.508013010025024,156914
48.50936675071716,156914
48.51028251647949,156914
48.51120328903198,156914
48.51212120056152,156914
48.51303482055664,156914
48.514399766922,156914
48.51531624794006,156914
48.516233682632446,156914
48.51714873313904,156914
48.518064975738525,156914
48.51941800117493,156914
48.520333766937256,156914
48.52125000953674,156914
48.52216649055481,156914
48.523083448410034,156914
48.524010181427,156914
48.52536702156067,156914
48.526286363601685,156914
48.527206897735596,156914
48.528125286102295,156914
48.5290424823761,156914
48.53039598464966,156914
48.53131556510925,156914
48.53223443031311,156914
48.53315329551697,156914
48.534080028533936,156914
48.53543734550476,156914
48.53635549545288,156914
48.53727722167969,156914
48.5382194519043,156914
48.53914213180542,156914
48.5400595664978,156914
48.54142427444458,156914
48.54234027862549,156914
48.543259620666504,156914
48.544190645217896,156914
48.54510855674744,156914
48.54602670669556,156914
48.54738235473633,156914
48.548303842544556,156914
48.54922270774841,156914
48.550140142440796,156914
48.551058769226074,156914
48.55241870880127,156914
48.553335189819336,156914
48.55426526069641,156914
48.55518674850464,156914
48.55610370635986,156914
48.55702209472656,156914
48.55838060379028,156914
48.5592999458313,156914
48.56021499633789,156914
48.561134576797485,156914
48.56204843521118,156914
48.56340193748474,156914
48.56433129310608,156914
48.565250635147095,156914
48.56617069244385,156914
48.56708574295044,156914
48.56800389289856,156914
48.56936049461365,156914
48.570279598236084,156914
48.57119655609131,156914
48.57211494445801,156914
48.573031425476074,156914
48.57440209388733,156914
48.57532095909119,156914
48.57623887062073,156914
48.57716178894043,156914
48.57807946205139,156914
48.57944059371948,156914
48.58035492897034,156914
48.58127474784851,156914
48.58219313621521,156914
48.58311080932617,156914
48.58403778076172,156914
48.585394859313965,156914
48.58631372451782,156914
48.58723282814026,156914
48.58815360069275,156914
48.589070320129395,156914
48.59042930603027,156914
48.59134578704834,156914
48.592265129089355,156914
48.59318494796753,156914
48.59411144256592,156914
48.595024824142456,156914
48.59637689590454,156914
48.5972957611084,156914
48.598212480545044,156914
48.599132776260376,156914
48.600048303604126,156914
48.601402759552,156914
48.602317810058594,156914
48.6032395362854,156914
48.60417103767395,156914
48.60508751869202,156914
48.60600423812866,156914
48.60735559463501,156914
48.60827660560608,156914
48.609195709228516,156914
48.61011576652527,156914
48.61103320121765,156914
48.612388372421265,156914
48.613301277160645,156914
48.61423659324646,156914
48.61515974998474,156914
48.61607384681702,156914
48.61743092536926,156914
48.61834955215454,156914
48.61927103996277,156914
48.62018847465515,156914
48.62110757827759,156914
48.62202477455139,156914
48.62337565422058,156914
48.6243040561676,156914
48.62522578239441,156914
48.626144886016846,156914
48.62706160545349,156914
48.62841606140137,156914
48.62933683395386,156914
48.63025784492493,156914
48.63117814064026,156914
48.63209843635559,156914
48.63301730155945,156914
48.634382247924805,156914
48.63530111312866,156914
48.63622164726257,156914
48.63714241981506,156914
48.63806366920471,156914
48.63942337036133,156914
48.64034080505371,156914
48.6412615776062,156914
48.64217805862427,156914
48.64309549331665,156914
48.64401984214783,156914
48.645378828048706,156914
48.646294832229614,156914
48.64721488952637,156914
48.64813256263733,156914
48.64905095100403,156914
48.650405168533325,156914
48.651323080062866,156914
48.65224075317383,156914
48.65315794944763,156914
48.65408396720886,156914
48.65544104576111,156914
48.656357288360596,156914
48.657278537750244,156914
48.658196687698364,156914
48.6591157913208,156914
48.66003155708313,156914
48.66138982772827,156914
48.66230845451355,156914
48.663230180740356,156914
48.66416120529175,156914
48.665077686309814,156914
48.66643786430359,156914
48.66735601425171,156914
48.66827344894409,156914
48.66919565200806,156914
48.670114517211914,156914
48.67103123664856,156914
48.67238759994507,156914
48.67330598831177,156914
48.674236536026,156914
48.675156116485596,156914
48.676074743270874,156914
48.67743253707886,156914
48.6783504486084,156914
48.67927169799805,156914
48.68019509315491,156914
48.68111228942871,156914
48.682026624679565,156914
48.68338060379028,156914
48.68430948257446,156914
48.68523049354553,156914
48.68614983558655,156914
48.687065839767456,156914
48.68842005729675,156914
48.68933653831482,156914
48.6902539730072,156914
48.691171407699585,156914
48.69208908081055,156914
48.69300818443298,156914
48.694377183914185,156914
48.69529366493225,156914
48.69621300697327,156914
48.69713044166565,156914
48.698044300079346,156914
48.69940114021301,156914
48.700318574905396,156914
48.70124077796936,156914
48.70216202735901,156914
48.70307755470276,156914
48.70400786399841,156914
48.705363273620605,156914
48.70628046989441,156914
48.70719909667969,156914
48.70811986923218,156914
48.70903658866882,156914
48.71038770675659,156914
48.71130561828613,156914
48.712223052978516,156914
48.71314215660095,156914
48.71406602859497,156914
48.71542048454285,156914
48.71633768081665,156914
48.71725797653198,156914
48.71819615364075,156914
48.719117641448975,156914
48.72003507614136,156914
48.7213921546936,156914
48.722310066223145,156914
48.723230838775635,156914
48.72416114807129,156914
48.72508192062378,156914
48.7264358997345,156914
48.72735238075256,156914
48.72827124595642,156914
48.72918939590454,156914
48.73011755943298,156914
48.73103737831116,156914
48.73239088058472,156914
48.73330807685852,156914
48.734240770339966,156914
48.7351655960083,156914
48.73608469963074,156914
48.73744010925293,156914
48.73835754394531,156914
48.73927712440491,156914
48.74019980430603,156914
48.74112033843994,156914
48.7420392036438,156914
48.74339294433594,156914
48.74431777000427,156914
48.74523687362671,156914
48.746153593063354,156914
48.747071981430054,156914
48.74842953681946,156914
48.749345541000366,156914
48.750264167785645,156914
48.751182317733765,156914
48.75209999084473,156914
48.75301647186279,156914
48.754379987716675,156914
48.75529885292053,156914
48.75621819496155,156914
48.757137298583984,156914
48.75805306434631,156914
48.75941038131714,156914
48.76032638549805,156914
48.76124691963196,156914
48.76216673851013,156914
48.76308298110962,156914
48.76401162147522,156914
48.76536679267883,156914
48.76628828048706,156914
48.76720690727234,156914
48.76812410354614,156914
48.769041538238525,156914
48.770397901535034,156914
48.771310329437256,156914
48.772231340408325,156914
48.77315044403076,156914
48.774073123931885,156914
48.775434255599976,156914
48.77635145187378,156914
48.77726769447327,156914
48.77818775177002,156914
48.77910852432251,156914
48.78002333641052,156914
48.781378984451294,156914
48.78229522705078,156914
48.7832145690918,156914
48.78414463996887,156914
48.78506112098694,156914
48.786412715911865,156914
48.78732991218567,156914
48.78824806213379,156914
48.789167165756226,156914
48.790082931518555,156914
48.791003465652466,156914
48.792356729507446,156914
48.79327321052551,156914
48.79420065879822,156914
48.795119524002075,156914
48.796035051345825,156914
48.79739260673523,156914
48.79830574989319,156914
48.79922699928284,156914
48.80014491081238,156914
48.80106234550476,156914
48.80241870880127,156914
48.8033344745636,156914
48.804264068603516,156914
48.80518579483032,156914
48.80610251426697,156914
48.80701732635498,156914
48.808369636535645,156914
48.809290647506714,156914
48.81021189689636,156914
48.811129570007324,156914
48.81204915046692,156914
48.81340289115906,156914
48.814332723617554,156914
48.8152494430542,156914
48.81617045402527,156914
48.81709027290344,156914
48.818010091781616,156914
48.81936502456665,156914
48.820284366607666,156914
48.82120394706726,156914
48.82212281227112,156914
48.823039531707764,156914
48.82440543174744,156914
48.82532238960266,156914
48.82624268531799,156914
48.827165365219116,156914
48.828081130981445,156914
48.82943391799927,156914
48.830347537994385,156914
48.83126878738403,156914
48.83218812942505,156914
48.833104610443115,156914
48.83403253555298,156914
48.83538746833801,156914
48.836308002471924,156914
48.83722925186157,156914
48.838149309158325,156914
48.83906865119934,156914
48.84042501449585,156914
48.84134030342102,156914
48.84226131439209,156914
48.84318256378174,156914
48.84411311149597,156914
48.84503173828125,156914
48.84638452529907,156914
48.84730291366577,156914
48.84822201728821,156914
48.84913945198059,156914
48.85005569458008,156914
48.85141324996948,156914
48.85232901573181,156914
48.85324692726135,156914
48.85417866706848,156914
48.85509729385376,156914
48.85601496696472,156914
48.857365131378174,156914
48.85828351974487,156914
48.85920190811157,156914
48.86012053489685,156914
48.8610360622406,156914
48.86239457130432,156914
48.86330962181091,156914
48.86423850059509,156914
48.865159034729004,156914
48.86607384681702,156914
48.86742901802063,156914
48.868348360061646,156914
48.869266748428345,156914
48.87018346786499,156914
48.87110137939453,156914
48.87201762199402,156914
48.87337112426758,156914
48.87429976463318,156914
48.875218629837036,156914
48.87613582611084,156914
48.87704825401306,156914
48.87840294837952,156914
48.879321336746216,156914
48.88024044036865,156914
48.881162881851196,156914
48.88208198547363,156914
48.883440017700195,156914
48.884363889694214,156914
48.8852813243866,156914
48.886194467544556,156914
48.88711333274841,156914
48.88802981376648,156914
48.88938546180725,156914
48.890302658081055,156914
48.89121985435486,156914
48.892136573791504,156914
48.89305138587952,156914
48.89441633224487,156914
48.895334005355835,156914
48.8962516784668,156914
48.89717507362366,156914
48.89809513092041,156914
48.89901328086853,156914
48.900368452072144,156914
48.90128540992737,156914
48.90220403671265,156914
48.903122663497925,156914
48.90404963493347,156914
48.90540313720703,156914
48.906320571899414,156914
48.90723967552185,156914
48.90816044807434,156914
48.909074544906616,156914
48.91042900085449,156914
48.91134333610535,156914
48.91226267814636,156914
48.913179874420166,156914
48.91410732269287,156914
48.91502261161804,156914
48.916375160217285,156914
48.917296409606934,156914
48.91821479797363,156914
48.91913461685181,156914
48.920050859451294,156914
48.92140531539917,156914
48.92232060432434,156914
48.923240423202515,156914
48.924168825149536,156914
48.92508411407471,156914
48.92643857002258,156914
48.92735457420349,156914
48.92827296257019,156914
48.92918944358826,156914
48.93010997772217,156914
48.93102407455444,156914
48.93237638473511,156914
48.93329191207886,156914
48.93422269821167,156914
48.935139179229736,156914
48.93605327606201,156914
48.93740749359131,156914
48.93832778930664,156914
48.93924880027771,156914
48.94016647338867,156914
48.941086530685425,156914
48.94200658798218,156914
48.94335961341858,156914
48.94428777694702,156914
48.94520378112793,156914
48.94612264633179,156914
48.94703459739685,156914
48.94838547706604,156914
48.94930148124695,156914
48.95021843910217,156914
48.9511353969574,156914
48.95205092430115,156914
48.953404903411865,156914
48.95433259010315,156914
48.95525002479553,156914
48.956175088882446,156914
48.95709276199341,156914
48.95800995826721,156914
48.95936584472656,156914
48.960286140441895,156914
48.961204290390015,156914
48.96212434768677,156914
48.963040590286255,156914
48.96440601348877,156914
48.96532368659973,156914
48.96624040603638,156914
48.96716022491455,156914
48.968077182769775,156914
48.969433546066284,156914
48.970346450805664,156914
48.97126483917236,156914
48.97218155860901,156914
48.97309970855713,156914
48.97402477264404,156914
48.97537612915039,156914
48.97629427909851,156914
48.977210998535156,156914
48.97812843322754,156914
48.97904968261719,156914
48.98040223121643,156914
48.98131704330444,156914
48.9822359085083,156914
48.98315358161926,156914
48.984076261520386,156914
48.985427379608154,156914
48.986342906951904,156914
48.98725891113281,156914
48.9881751537323,156914
48.989097356796265,156914
48.990013122558594,156914
48.991366147994995,156914
48.9922821521759,156914
48.993202447891235,156914
48.99412989616394,156914
48.995046615600586,156914
48.99639892578125,156914
48.99731659889221,156914
48.99823498725891,156914
48.99915027618408,156914
49.00007104873657,156914
49.001426696777344,156914
49.00234317779541,156914
49.00326061248779,156914
49.00419282913208,156914
49.00511431694031,156914
49.00603008270264,156914
49.007384300231934,156914
49.00830078125,156914
49.00921845436096,156914
49.010132789611816,156914
49.01104760169983,156914
49.012402057647705,156914
49.01331877708435,156914
49.01424717903137,156914
49.01516675949097,156914
49.01608324050903,156914
49.017441511154175,156914
49.018359661102295,156914
49.01927852630615,156914
49.020196199417114,156914
49.02111530303955,156914
49.02203130722046,156914
49.0233838558197,156914
49.02431297302246,156914
49.02522897720337,156914
49.02614951133728,156914
49.02706813812256,156914
49.028419733047485,156914
49.02933597564697,156914
49.03025269508362,156914
49.03117394447327,156914
49.03209471702576,156914
49.03301453590393,156914
49.03437566757202,156914
49.03529739379883,156914
49.03621578216553,156914
49.03713774681091,156914
49.03805208206177,156914
49.03940558433533,156914
49.04032015800476,156914
49.04123902320862,156914
49.04215860366821,156914
49.04307579994202,156914
49.04444193840027,156914
49.04535984992981,156914
49.04627966880798,156914
49.047197341918945,156914
49.0481162071228,156914
49.04902911186218,156914
49.05037999153137,156914
49.05129551887512,156914
49.05221438407898,156914
49.053141355514526,156914
49.054067611694336,156914
49.05542469024658,156914
49.05634140968323,156914
49.05725979804993,156914
49.058175563812256,156914
49.05909276008606,156914
49.06000804901123,156914
49.06136345863342,156914
49.06227922439575,156914
49.06319999694824,156914
49.0641303062439,156914
49.06504464149475,156914
49.06639885902405,156914
49.06731295585632,156914
49.0682315826416,156914
49.06915211677551,156914
49.07007336616516,156914
49.071428537368774,156914
49.07234811782837,156914
49.073264598846436,156914
49.0741970539093,156914
49.07511806488037,156914
49.07603478431702,156914
49.077390909194946,156914
49.07830548286438,156914
49.07922840118408,156914
49.080145835876465,156914
49.08106207847595,156914
49.08241820335388,156914
49.083335399627686,156914
49.08426237106323,156914
49.08517932891846,156914
49.086097955703735,156914
49.08701300621033,156914
49.08837056159973,156914
49.08929252624512,156914
49.09021067619324,156914
49.091132164001465,156914
49.092050075531006,156914
49.09340691566467,156914
49.09433364868164,156914
49.095250606536865,156914
49.096181869506836,156914
49.097100496292114,156914
49.09801650047302,156914
49.09937286376953,156914
49.100295305252075,156914
49.10121512413025,156914
49.102134466171265,156914
49.10304808616638,156914
49.10441732406616,156914
49.10533690452576,156914
49.106255531311035,156914
49.10717535018921,156914
49.108094692230225,156914
49.10901141166687,156914
49.1103675365448,156914
49.11128830909729,156914
49.11220932006836,156914
49.11312508583069,156914
49.114051818847656,156914
49.11540699005127,156914
49.11632585525513,156914
49.11724305152893,156914
49.11816453933716,156914
49.11908221244812,156914
49.12006759643555,156914
49.12166929244995,156914
49.12249803543091,156914
49.12332797050476,156914
49.124165058135986,156914
49.125768423080444,156914
49.12659525871277,156914
49.1274254322052,156914
49.12826061248779,156914
49.12909007072449,156914
49.13069009780884,156914
49.13151693344116,156914
49.13234877586365,156914
49.13317799568176,156914
49.13401508331299,156914
49.13561415672302,156914
49.13644552230835,156914
49.13727617263794,156914
49.13810658454895,156914
49.13970327377319,156914
49.14053392410278,156914
49.14136505126953,156914
49.142194747924805,156914
49.14302468299866,156914
49.144636154174805,156914
49.14546775817871,156914
49.14629912376404,156914
49.14712834358215,156914
49.1487295627594,156914
49.149559020996094,156914
49.15038990974426,156914
49.151219844818115,156914
49.15204954147339,156914
49.1536500453949,156914
49.154486894607544,156914
49.15532112121582,156914
49.156150579452515,156914
49.15775179862976,156914
49.15858173370361,156914
49.15940880775452,156914
49.16023826599121,156914
49.161067962646484,156914
49.162670850753784,156914
49.16349983215332,156914
49.1643431186676,156914
49.16517496109009,156914
49.16677403450012,156914
49.1676082611084,156914
49.16843223571777,156914
49.16926288604736,156914
49.170095920562744,156914
49.171690940856934,156914
49.17252230644226,156914
49.17335319519043,156914
49.17419242858887,156914
49.17502164840698,156914
49.17661762237549,156914
49.177448749542236,156914
49.17827892303467,156914
49.17910575866699,156914
49.18070650100708,156914
49.18153524398804,156914
49.18236446380615,156914
49.183194160461426,156914
49.1840341091156,156914
49.18563461303711,156914
49.186463594436646,156914
49.1872992515564,156914
49.188127279281616,156914
49.18972587585449,156914
49.19055485725403,156914
49.19138479232788,156914
49.19221544265747,156914
49.19304180145264,156914
49.194655656814575,156914
49.19548153877258,156914
49.19630980491638,156914
49.19714069366455,156914
49.19873809814453,156914
49.199572801589966,156914
49.20040154457092,156914
49.201231241226196,156914
49.20206022262573,156914
49.20365786552429,156914
49.20449686050415,156914
49.20532584190369,156914
49.206153869628906,156914
49.20775127410889,156914
49.208584785461426,156914
49.2094144821167,156914
49.21024513244629,156914
49.21107292175293,156914
49.21267580986023,156914
49.213505268096924,156914
49.21434664726257,156914
49.21517729759216,156914
49.21677207946777,156914
49.21760272979736,156914
49.21843147277832,156914
49.21926140785217,156914
49.220091104507446,156914
49.221688985824585,156914
49.22251772880554,156914
49.223350048065186,156914
49.22418665885925,156914
49.225016832351685,156914
49.22661900520325,156914
49.22744870185852,156914
49.22827863693237,156914
49.22911024093628,156914
49.23070454597473,156914
49.231537103652954,156914
49.232367515563965,156914
49.23319673538208,156914
49.23403739929199,156914
49.23563551902771,156914
49.23646664619446,156914
49.23729610443115,156914
49.238123655319214,156914
49.239726543426514,156914
49.24055814743042,156914
49.241389989852905,156914
49.24221849441528,156914
49.24304914474487,156914
49.24465346336365,156914
49.24548530578613,156914
49.24631476402283,156914
49.2471444606781,156914
49.24874663352966,156914
49.24957609176636,156914
49.250405073165894,156914
49.25123620033264,156914
49.25206542015076,156914
49.25366425514221,156914
49.25450277328491,156914
49.25533437728882,156914
49.256166219711304,156914
49.25776243209839,156914
49.25859236717224,156914
49.25942015647888,156914
49.26024889945984,156914
49.26107859611511,156914
49.26267457008362,156914
49.263503551483154,156914
49.264342069625854,156914
49.26517152786255,156914
49.26677370071411,156914
49.26760172843933,156914
49.2684326171875,156914
49.269262075424194,156914
49.27009034156799,156914
49.27169227600098,156914
49.27252173423767,156914
49.273354291915894,156914
49.27419304847717,156914
49.2750244140625,156914
49.276623487472534,156914
49.27745342254639,156914
49.2782826423645,156914
49.27911043167114,156914
49.28071141242981,156914
49.28154110908508,156914
49.28237175941467,156914
49.28319811820984,156914
49.28403687477112,156914
49.28563857078552,156914
49.28646993637085,156914
49.28730344772339,156914
49.2881338596344,156914
49.289734840393066,156914
49.29056787490845,156914
49.291396141052246,156914
49.29222631454468,156914
49.29305648803711,156914
49.29467058181763,156914
49.29550266265869,156914
49.29633355140686,156914
49.29716205596924,156914
49.298762798309326,156914
49.29959321022034,156914
49.30042266845703,156914
49.30125093460083,156914
49.30208349227905,156914
49.30368375778198,156914
49.30452275276184,156914
49.305355072021484,156914
49.306185722351074,156914
49.30701661109924,156914
49.30861973762512,156914
49.30944800376892,156914
49.31027913093567,156914
49.311108350753784,156914
49.31271314620972,156914
49.31354117393494,156914
49.314377784729004,156914
49.31520867347717,156914
49.316040992736816,156914
49.31764245033264,156914
49.31847333908081,156914
49.31930208206177,156914
49.32013273239136,156914
49.3217294216156,156914
49.32256197929382,156914
49.323392152786255,156914
49.32423138618469,156914
49.3250617980957,156914
49.326664209365845,156914
49.32749557495117,156914
49.328325271606445,156914
49.32915639877319,156914
49.33075547218323,156914
49.331583976745605,156914
49.332417488098145,156914
49.333247900009155,156914
49.33408451080322,156914
49.335684061050415,156914
49.33651256561279,156914
49.33734488487244,156914
49.33817744255066,156914
49.339775800704956,156914
49.34060764312744,156914
49.34143590927124,156914
49.34226584434509,156914
49.343097448349,156914
49.344706773757935,156914
49.345536947250366,156914
49.34636569023132,156914
49.347198724746704,156914
49.34802579879761,156914
49.34962701797485,156914
49.35045528411865,156914
49.351284980773926,156914
49.35211753845215,156914
49.353718280792236,156914
49.35455799102783,156914
49.35538601875305,156914
49.35621523857117,156914
49.357046127319336,156914
49.35864758491516,156914
49.359477043151855,156914
49.360307455062866,156914
49.36113739013672,156914
49.36273789405823,156914
49.3635675907135,156914
49.36440896987915,156914
49.365238189697266,156914
49.36606955528259,156914
49.367671489715576,156914
49.36849880218506,156914
49.36932706832886,156914
49.370156049728394,156914
49.37175512313843,156914
49.37258434295654,156914
49.37341332435608,156914
49.37425398826599,156914
49.37508487701416,156914
49.376686334609985,156914
49.377514600753784,156914
49.3783438205719,156914
49.37917518615723,156914
49.380006074905396,156914
49.38160991668701,156914
49.38244009017944,156914
49.38326811790466,156914
49.38410663604736,156914
49.38570547103882,156914
49.386536598205566,156914
49.387366771698,156914
49.38819622993469,156914
49.38902711868286,156914
49.39062547683716,156914
49.39145612716675,156914
49.39228320121765,156914
49.3931097984314,156914
49.39471673965454,156914
49.395543575286865,156914
49.3963737487793,156914
49.39720010757446,156914
49.398030519485474,156914
49.39963388442993,156914
49.40046405792236,156914
49.401294469833374,156914
49.40212345123291,156914
49.40372323989868,156914
49.40456438064575,156914
49.40539312362671,156914
49.40622544288635,156914
49.407058000564575,156914
49.4086594581604,156914
49.409489154815674,156914
49.41031885147095,156914
49.411150217056274,156914
49.412747621536255,156914
49.41358399391174,156914
49.414421796798706,156914
49.41524863243103,156914
49.41608214378357,156914
49.41768002510071,156914
49.41851091384888,156914
49.4193389415741,156914
49.420167446136475,156914
49.42176818847656,156914
49.422598361968994,156914
49.42343091964722,156914
49.424269676208496,156914
49.42509913444519,156914
49.42669749259949,156914
49.42753028869629,156914
49.428361654281616,156914
49.429187297821045,156914
49.43001413345337,156914
49.43161392211914,156914
49.43244171142578,156914
49.43327474594116,156914
49.43411207199097,156914
49.435710430145264,156914
49.436540365219116,156914
49.43737053871155,156914
49.43820071220398,156914
49.43903207778931,156914
49.440635204315186,156914
49.44146537780762,156914
49.44229531288147,156914
49.44312262535095,156914
49.44473099708557,156914
49.44556379318237,156914
49.44639348983765,156914
49.44722270965576,156914
49.44805335998535,156914
49.44965386390686,156914
49.45048499107361,156914
49.4513144493103,156914
49.452144145965576,156914
49.4537456035614,156914
49.454585790634155,156914
49.45541763305664,156914
49.45624852180481,156914
49.457077980041504,156914
49.45867609977722,156914
49.45950508117676,156914
49.46033477783203,156914
49.461164236068726,156914
49.46276783943176,156914
49.46359825134277,156914
49.46443486213684,156914
49.465266704559326,156914
49.46609807014465,156914
49.467700719833374,156914
49.468528270721436,156914
49.469359159469604,156914
49.47018885612488,156914
49.4710168838501,156914
49.4726197719574,156914
49.473448514938354,156914
49.474283933639526,156914
49.47511410713196,156914
49.476712703704834,156914
49.477540731430054,156914
49.47837162017822,156914
49.479201793670654,156914
49.480034828186035,156914
49.48163080215454,156914
49.48246169090271,156914
49.48329520225525,156914
49.48413038253784,156914
49.48573040962219,156914
49.48655819892883,156914
49.48738956451416,156914
49.488218784332275,156914
49.489049673080444,156914
49.49065351486206,156914
49.49148225784302,156914
49.49231505393982,156914
49.4931435585022,156914
49.49475622177124,156914
49.495588064193726,156914
49.496418714523315,156914
49.49725151062012,156914
49.49808311462402,156914
49.49968481063843,156914
49.50051426887512,156914
49.50134587287903,156914
49.50217652320862,156914
49.50300598144531,156914
49.504613399505615,156914
49.50544309616089,156914
49.506274461746216,156914
49.50710654258728,156914
49.508702993392944,156914
49.50953388214111,156914
49.51036310195923,156914
49.51119089126587,156914
49.512024879455566,156914
49.51362180709839,156914
49.51446032524109,156914
49.51529049873352,156914
49.51611948013306,156914
49.51771640777588,156914
49.518545627593994,156914
49.519378423690796,156914
49.52020573616028,156914
49.52103614807129,156914
49.52263879776001,156914
49.52346706390381,156914
49.52430701255798,156914
49.52513670921326,156914
49.52673649787903,156914
49.52756881713867,156914
49.52839779853821,156914
49.52922558784485,156914
49.530057430267334,156914
49.531655073165894,156914
49.53248906135559,156914
49.53331732749939,156914
49.534157514572144,156914
49.535752296447754,156914
49.53658652305603,156914
49.537415981292725,156914
49.53824305534363,156914
49.53907489776611,156914
49.54067826271057,156914
49.54151678085327,156914
49.54234313964844,156914
49.543174505233765,156914
49.544012784957886,156914
49.545613288879395,156914
49.54644417762756,156914
49.547274112701416,156914
49.54810690879822,156914
49.54970574378967,156914
49.55053472518921,156914
49.55136728286743,156914
49.552196741104126,156914
49.55302953720093,156914
49.554646015167236,156914
49.55547261238098,156914
49.55630397796631,156914
49.55713438987732,156914
49.558732986450195,156914
49.559561252593994,156914
49.560394287109375,156914
49.56122303009033,156914
49.562052488327026,156914
49.56365609169006,156914
49.564494609832764,156914
49.56532835960388,156914
49.56616020202637,156914
49.567760705947876,156914
49.568591356277466,156914
49.56942009925842,156914
49.57024836540222,156914
49.57108020782471,156914
49.57267451286316,156914
49.57350468635559,156914
49.574344873428345,156914
49.57517600059509,156914
49.57601046562195,156914
49.57761001586914,156914
49.57843995094299,156914
49.57926630973816,156914
49.58009600639343,156914
49.58169937133789,156914
49.582529067993164,156914
49.58336091041565,156914
49.58419847488403,156914
49.585026264190674,156914
49.58662986755371,156914
49.58745765686035,156914
49.5882887840271,156914
49.58911657333374,156914
49.59072160720825,156914
49.59154772758484,156914
49.5923752784729,156914
49.59320569038391,156914
49.59404683113098,156914
49.595648527145386,156914
49.59647870063782,156914
49.59730768203735,156914
49.59813928604126,156914
49.59973621368408,156914
49.60057258605957,156914
49.60140085220337,156914
49.60222792625427,156914
49.603058099746704,156914
49.604668378829956,156914
49.60549998283386,156914
49.60633063316345,156914
49.60715866088867,156914
49.60876393318176,156914
49.60959243774414,156914
49.61042404174805,156914
49.611255168914795,156914
49.612083435058594,156914
49.613683223724365,156914
49.614522218704224,156914
49.61535429954529,156914
49.61618137359619,156914
49.61701035499573,156914
49.618611097335815,156914
49.619436740875244,156914
49.62026643753052,156914
49.621098279953,156914
49.62269973754883,156914
49.62353038787842,156914
49.62436842918396,156914
49.625197649002075,156914
49.62602686882019,156914
49.62762713432312,156914
49.628456354141235,156914
49.62928748130798,156914
49.630122423172,156914
49.631717681884766,156914
49.632548570632935,156914
49.63337802886963,156914
49.63421416282654,156914
49.635048151016235,156914
49.63664770126343,156914
49.63748025894165,156914
49.63831162452698,156914
49.639140129089355,156914
49.64074087142944,156914
49.64157223701477,156914
49.642401933670044,156914
49.64323282241821,156914
49.644073724746704,156914
49.64567422866821,156914
49.646504640579224,156914
49.64733529090881,156914
49.64816951751709,156914
49.64977216720581,156914
49.65060091018677,156914
49.65143156051636,156914
49.652260541915894,156914
49.65309262275696,156914
49.654701471328735,156914
49.65552997589111,156914
49.656360149383545,156914
49.65718984603882,156914
49.658020973205566,156914
49.659621715545654,156914
49.660451889038086,156914
49.66128206253052,156914
49.66211247444153,156914
49.66371273994446,156914
49.66456055641174,156914
49.665388107299805,156914
49.666215896606445,156914
49.66704821586609,156914
49.66864895820618,156914
49.669479846954346,156914
49.67030739784241,156914
49.671135902404785,156914
49.67273163795471,156914
49.67356491088867,156914
49.674405336380005,156914
49.67523431777954,156914
49.676064252853394,156914
49.67766714096069,156914
49.67849564552307,156914
49.679327726364136,156914
49.6801552772522,156914
49.681753158569336,156914
49.682584047317505,156914
49.68341279029846,156914
49.6842565536499,156914
49.6850860118866,156914
49.686686277389526,156914
49.68751835823059,156914
49.68834567070007,156914
49.68917798995972,156914
49.69000577926636,156914
49.69160723686218,156914
49.69243288040161,156914
49.69326162338257,156914
49.694098472595215,156914
49.69569516181946,156914
49.69652557373047,156914
49.69735360145569,156914
49.698179721832275,156914
49.699010610580444,156914
49.70061182975769,156914
49.7014422416687,156914
49.702271699905396,156914
49.703102111816406,156914
49.70471000671387,156914
49.70554041862488,156914
49.70636773109436,156914
49.70719790458679,156914
49.70802688598633,156914
49.70962905883789,156914
49.71046209335327,156914
49.71129369735718,156914
49.712122678756714,156914
49.71372056007385,156914
49.714560747146606,156914
49.71539354324341,156914
49.71622276306152,156914
49.71705341339111,156914
49.71865940093994,156914
49.71948981285095,156914
49.720319986343384,156914
49.72115159034729,156914
49.72274661064148,156914
49.72357749938965,156914
49.72441649436951,156914
49.725244998931885,156914
49.72607707977295,156914
49.72767162322998,156914
49.72850203514099,156914
49.729332447052,156914
49.73017191886902,156914
49.731769323349,156914
49.73259687423706,156914
49.73342704772949,156914
49.73426675796509,156914
49.73509740829468,156914
49.73669695854187,156914
49.737526178359985,156914
49.73835635185242,156914
49.73918581008911,156914
49.74001455307007,156914
49.74161624908447,156914
49.74244499206543,156914
49.743276596069336,156914
49.74411344528198,156914
49.74571442604065,156914
49.74654412269592,156914
49.747374296188354,156914
49.74820613861084,156914
49.7490348815918,156914
49.75063467025757,156914
49.75146508216858,156914
49.752293825149536,156914
49.75312304496765,156914
49.75472974777222,156914
49.75556254386902,156914
49.75639533996582,156914
49.757221698760986,156914
49.758055448532104,156914
49.75965619087219,156914
49.76048731803894,156914
49.761319398880005,156914
49.76214814186096,156914
49.76374864578247,156914
49.764586448669434,156914
49.765419483184814,156914
49.766249656677246,156914
49.76707696914673,156914
49.76867723464966,156914
49.769503593444824,156914
49.77033519744873,156914
49.77116250991821,156914
49.77276659011841,156914
49.77359747886658,156914
49.774433851242065,156914
49.775264263153076,156914
49.77609300613403,156914
49.777700424194336,156914
49.77852702140808,156914
49.779356241226196,156914
49.78018808364868,156914
49.78101658821106,156914
49.7826189994812,156914
49.78344774246216,156914
49.78428530693054,156914
49.78511667251587,156914
49.78671598434448,156914
49.7875440120697,156914
49.78837609291077,156914
49.78920102119446,156914
49.79003620147705,156914
49.791632413864136,156914
49.79246282577515,156914
49.79329204559326,156914
49.79412889480591,156914
49.79573035240173,156914
49.796558141708374,156914
49.79739236831665,156914
49.798219203948975,156914
49.79905152320862,156914
49.80064940452576,156914
49.8014771938324,156914
49.80230784416199,156914
49.80313754081726,156914
49.804741859436035,156914
49.805572509765625,156914
49.80640172958374,156914
49.807231426239014,156914
49.80805945396423,156914
49.8096604347229,156914
49.810489892959595,156914
49.81131935119629,156914
49.8121497631073,156914
49.81374645233154,156914
49.81458497047424,156914
49.81541609764099,156914
49.81624484062195,156914
49.817073583602905,156914
49.818673610687256,156914
49.81950283050537,156914
49.820332765579224,156914
49.82116198539734,156914
49.82276248931885,156914
49.82359170913696,156914
49.82443070411682,156914
49.825260162353516,156914
49.82608938217163,156914
49.82768964767456,156914
49.828519344329834,156914
49.829347372055054,156914
49.83017587661743,156914
49.831005811691284,156914
49.83260798454285,156914
49.83343744277954,156914
49.83427929878235,156914
49.835108280181885,156914
49.83670663833618,156914
49.837536573410034,156914
49.838366985321045,156914
49.839194536209106,156914
49.840022563934326,156914
49.84162092208862,156914
49.84245014190674,156914
49.84328269958496,156914
49.84411692619324,156914
49.84571361541748,156914
49.84654355049133,156914
49.84737277030945,156914
49.848201274871826,156914
49.849032402038574,156914
49.850632429122925,156914
49.851468563079834,156914
49.852293252944946,156914
49.85312294960022,156914
49.85472893714905,156914
49.855557441711426,156914
49.8563916683197,156914
49.85721826553345,156914
49.85804605484009,156914
49.85964918136597,156914
49.86047720909119,156914
49.861307859420776,156914
49.86213970184326,156914
49.86373734474182,156914
49.864572286605835,156914
49.86540174484253,156914
49.86623001098633,156914
49.867064237594604,156914
49.86866331100464,156914
49.86949563026428,156914
49.87032413482666,156914
49.87115812301636,156914
49.87275743484497,156914
49.87359261512756,156914
49.874430418014526,156914
49.875261068344116,156914
49.87609362602234,156914
49.87768888473511,156914
49.878525733947754,156914
49.87935423851013,156914
49.88018560409546,156914
49.88101649284363,156914
49.88261651992798,156914
49.88344931602478,156914
49.884283781051636,156914
49.88511085510254,156914
49.886709451675415,156914
49.88753962516785,156914
49.88836932182312,156914
49.88920044898987,156914
49.890029191970825,156914
49.8916277885437,156914
49.89245843887329,156914
49.893287897109985,156914
49.89412450790405,156914
49.89572238922119,156914
49.89655542373657,156914
49.89738440513611,156914
49.89821815490723,156914
49.89904713630676,156914
49.900652170181274,156914
49.901477575302124,156914
49.902308225631714,156914
49.90313935279846,156914
49.90474987030029,156914
49.90558123588562,156914
49.90641117095947,156914
49.90723943710327,156914
49.90807008743286,156914
49.90966725349426,156914
49.91049647331238,156914
49.911328077316284,156914
49.91215682029724,156914
49.913756132125854,156914
49.914597272872925,156914
49.91542887687683,156914
49.91625618934631,156914
49.91708445549011,156914
49.91868543624878,156914
49.91951370239258,156914
49.92034578323364,156914
49.92117190361023,156914
49.92277503013611,156914
49.923603773117065,156914
49.924442291259766,156914
49.92527508735657,156914
49.9261040687561,156914
49.92770433425903,156914
49.928532123565674,156914
49.929362297058105,156914
49.93019151687622,156914
49.9310200214386,156914
49.93261981010437,156914
49.93344736099243,156914
49.934284687042236,156914
49.935115814208984,156914
49.936710357666016,156914
49.93753957748413,156914
49.93836712837219,156914
49.93919610977173,156914
49.94002866744995,156914
49.941624879837036,156914
49.94245481491089,156914
49.94328498840332,156914
49.94412183761597,156914
49.945720911026,156914
49.946550607681274,156914
49.94737911224365,156914
49.94820833206177,156914
49.949036598205566,156914
49.95063829421997,156914
49.951467752456665,156914
49.95229721069336,156914
49.953125,156914
49.95473670959473,156914
49.95556688308716,156914
49.956395387649536,156914
49.95722436904907,156914
49.95805382728577,156914
49.95965623855591,156914
49.96048593521118,156914
49.961315631866455,156914
49.96214580535889,156914
49.963744163513184,156914
49.96458554267883,156914
49.96541476249695,156914
49.966246366500854,156914
49.96707582473755,156914
49.96867346763611,156914
49.96950840950012,156914
49.97033715248108,156914
49.9711651802063,156914
49.97276759147644,156914
49.97359490394592,156914
49.974438190460205,156914
49.97526407241821,156914
49.97609329223633,156914
49.97769522666931,156914
49.97852444648743,156914
49.97935771942139,156914
49.9801869392395,156914
49.98101830482483,156914
49.982619524002075,156914
49.98344922065735,156914
49.98428964614868,156914
49.98511791229248,156914
49.986717224121094,156914
49.98754692077637,156914
49.988377809524536,156914
49.98920822143555,156914
49.990039587020874,156914
49.99164152145386,156914
49.992470502853394,156914
49.99329972267151,156914
49.99414110183716,156914
49.99574017524719,156914
49.99657392501831,156914
49.997403144836426,156914
49.99823236465454,156914
49.99906301498413,156914
50.00066089630127,156914
50.00149321556091,156914
50.0023238658905,156914
50.00315284729004,156914
50.00476360321045,156914
50.005592584609985,156914
50.00642418861389,156914
50.00725221633911,156914
50.00808143615723,156914
50.009682416915894,156914
50.01050901412964,156914
50.01133918762207,156914
50.01216912269592,156914
50.01377081871033,156914
50.01460909843445,156914
50.01543712615967,156914
50.01627039909363,156914
50.017099380493164,156914
50.018699169158936,156914
50.019527435302734,156914
50.02035737037659,156914
50.02118754386902,156914
50.022016763687134,156914
50.02361559867859,156914
50.02445650100708,156914
50.025288581848145,156914
50.02611780166626,156914
50.027713775634766,156914
50.02854514122009,156914
50.02937388420105,156914
50.03020095825195,156914
50.03103518486023,156914
50.032633543014526,156914
50.03346538543701,156914
50.034305572509766,156914
50.0351357460022,156914
50.03673601150513,156914
50.03756403923035,156914
50.038395404815674,156914
50.03922462463379,156914
50.04005479812622,156914
50.041653871536255,156914
50.04248785972595,156914
50.04332208633423,156914
50.04416084289551,156914
50.04575967788696,156914
50.046589851379395,156914
50.04742240905762,156914
50.04825496673584,156914
50.04908466339111,156914
50.05068492889404,156914
50.051512479782104,156914
50.05234360694885,156914
50.053173303604126,156914
50.05401349067688,156914
50.05561971664429,156914
50.05644965171814,156914
50.05727434158325,156914
50.058101654052734,156914
50.059701442718506,156914
50.06053280830383,156914
50.061363697052,156914
50.062193155288696,156914
50.063024282455444,156914
50.06463050842285,156914
50.065462589263916,156914
50.066293239593506,156914
50.06712079048157,156914
50.068718910217285,156914
50.06954574584961,156914
50.07037806510925,156914
50.071208000183105,156914
50.07203960418701,156914
50.07363796234131,156914
50.07447671890259,156914
50.07530879974365,156914
50.07613801956177,156914
50.07774066925049,156914
50.07857036590576,156914
50.07940149307251,156914
50.08023262023926,156914
50.08106231689453,156914
50.0826621055603,156914
50.08349299430847,156914
50.08433413505554,156914
50.08516502380371,156914
50.086764097213745,156914
50.08759546279907,156914
50.08842420578003,156914
50.089256048202515,156914
50.090092420578,156914
50.09169840812683,156914
50.09253239631653,156914
50.093360900878906,156914
50.09420347213745,156914
50.09503388404846,156914
50.09663462638855,156914
50.09746718406677,156914
50.098297357559204,156914
50.09912848472595,156914
50.1007285118103,156914
50.1015567779541,156914
50.10239052772522,156914
50.103216886520386,156914
50.1040575504303,156914
50.10565686225891,156914
50.106486558914185,156914
50.10731601715088,156914
50.10814356803894,156914
50.10974645614624,156914
50.11057448387146,156914
50.111406087875366,156914
50.11223530769348,156914
50.11306381225586,156914
50.11467409133911,156914
50.11550521850586,156914
50.11633253097534,156914
50.11716413497925,156914
50.118762254714966,156914
50.11959671974182,156914
50.12042188644409,156914
50.12125086784363,156914
50.12207889556885,156914
50.12367606163025,156914
50.12451648712158,156914
50.12534832954407,156914
50.12617564201355,156914
50.12700867652893,156914
50.12861371040344,156914
50.12944483757019,156914
50.13027095794678,156914
50.131099700927734,156914
50.13269758224487,156914
50.13352990150452,156914
50.13437032699585,156914
50.135199546813965,156914
50.1360297203064,156914
50.13762712478638,156914
50.138453245162964,156914
50.139283895492554,156914
50.14011287689209,156914
50.141711473464966,156914
50.142544746398926,156914
50.14337372779846,156914
50.14421272277832,156914
50.14504289627075,156914
50.146644592285156,156914
50.147475242614746,156914
50.14830756187439,156914
50.14913845062256,156914
50.150734186172485,156914
50.151567220687866,156914
50.152395725250244,156914
50.153223276138306,156914
50.15406584739685,156914
50.155662059783936,156914
50.15649056434631,156914
50.157320976257324,156914
50.15815186500549,156914
50.159751415252686,156914
50.160584688186646,156914
50.16141867637634,156914
50.16224813461304,156914
50.16307830810547,156914
50.164685010910034,156914
50.165513038635254,156914
50.16634130477905,156914
50.167174100875854,156914
50.16877222061157,156914
50.169599771499634,156914
50.170427083969116,156914
50.17125844955444,156914
50.172091245651245,156914
50.17369222640991,156914
50.174535036087036,156914
50.17536282539368,156914
50.17619514465332,156914
50.17702603340149,156914
50.17862820625305,156914
50.17945647239685,156914
50.18028402328491,156914
50.18111777305603,156914
50.18271565437317,156914
50.18354678153992,156914
50.184386253356934,156914
50.18521547317505,156914
50.18604588508606,156914
50.187644720077515,156914
50.188475370407104,156914
50.18930435180664,156914
50.19013166427612,156914
50.19173192977905,156914
50.192564249038696,156914
50.19339370727539,156914
50.19422912597656,156914
50.195058822631836,156914
50.19666123390198,156914
50.197492599487305,156914
50.19832229614258,156914
50.19914937019348,156914
50.20075249671936,156914
50.20158362388611,156914
50.20241069793701,156914
50.2032413482666,156914
50.20408082008362,156914
50.205679178237915,156914
50.20650815963745,156914
50.20733880996704,156914
50.20817279815674,156914
50.20977020263672,156914
50.210601806640625,156914
50.211430072784424,156914
50.212258100509644,156914
50.213088512420654,156914
50.21469497680664,156914
50.21552515029907,156914
50.21635603904724,156914
50.21718454360962,156914
50.21801471710205,156914
50.21961569786072,156914
50.22044634819031,156914
50.221274852752686,156914
50.22210717201233,156914
50.223703145980835,156914
50.22454261779785,156914
50.225374937057495,156914
50.22620415687561,156914
50.22703528404236,156914
50.228633642196655,156914
50.229461431503296,156914
50.23029279708862,156914
50.231121301651,156914
50.232720375061035,156914
50.23354768753052,156914
50.23438572883606,156914
50.2352180480957,156914
50.23604989051819,156914
50.237648010253906,156914
50.238476514816284,156914
50.23930644989014,156914
50.24013590812683,156914
50.241727352142334,156914
50.24255871772766,156914
50.243387937545776,156914
50.24422550201416,156914
50.245059967041016,156914
50.24665975570679,156914
50.24749302864075,156914
50.24832248687744,156914
50.249152183532715,156914
50.2507529258728,156914
50.251582622528076,156914
50.2524139881134,156914
50.25324368476868,156914
50.254080295562744,156914
50.25568199157715,156914
50.25650882720947,156914
50.25734233856201,156914
50.25816750526428,156914
50.259770154953,156914
50.260600328445435,156914
50.26142859458923,156914
50.26225686073303,156914
50.26308798789978,156914
50.26469659805298,156914
50.26552772521973,156914
50.266359090805054,156914
50.26718807220459,156914
50.26802062988281,156914
50.26961946487427,156914
50.27044892311096,156914
50.27127981185913,156914
50.272111892700195,156914
50.2737090587616,156914
50.27454972267151,156914
50.27538013458252,156914
50.2762086391449,156914
50.277037382125854,156914
50.27863693237305,156914
50.27947235107422,156914
50.28030204772949,156914
50.28113055229187,156914
50.28273272514343,156914
50.28356170654297,156914
50.284401655197144,156914
50.28523302078247,156914
50.28606367111206,156914
50.28766751289368,156914
50.288498401641846,156914
50.289329290390015,156914
50.29015922546387,156914
50.291757583618164,156914
50.29258918762207,156914
50.29342031478882,156914
50.29425930976868,156914
50.295087814331055,156914
50.29669404029846,156914
50.29752039909363,156914
50.29835104942322,156914
50.299182415008545,156914
50.300010681152344,156914
50.30160641670227,156914
50.30243682861328,156914
50.30326437950134,156914
50.304102659225464,156914
50.30569911003113,156914
50.30652952194214,156914
50.30736207962036,156914
50.308189868927,156914
50.309020042419434,156914
50.31061792373657,156914
50.31144952774048,156914
50.312278270721436,156914
50.31310796737671,156914
50.31471848487854,156914
50.31554675102234,156914
50.316378355026245,156914
50.31720781326294,156914
50.31803846359253,156914
50.31963634490967,156914
50.32046699523926,156914
50.32129979133606,156914
50.32212734222412,156914
50.323729515075684,156914
50.32456660270691,156914
50.325395822525024,156914
50.326229095458984,156914
50.32705998420715,156914
50.32866072654724,156914
50.32948875427246,156914
50.33031749725342,156914
50.331148862838745,156914
50.332743644714355,156914
50.3335747718811,156914
50.334412574768066,156914
50.335238218307495,156914
50.33607006072998,156914
50.337671756744385,156914
50.338502168655396,156914
50.33933186531067,156914
50.34016156196594,156914
50.34176421165466,156914
50.34259390830994,156914
50.343427896499634,156914
50.34426283836365,156914
50.34509301185608,156914
50.34669351577759,156914
50.347522020339966,156914
50.34835386276245,156914
50.34918189048767,156914
50.35001349449158,156914
50.35161352157593,156914
50.35244107246399,156914
50.35327124595642,156914
50.35410761833191,156914
50.35571026802063,156914
50.356539726257324,156914
50.35736894607544,156914
50.358200788497925,156914
50.35902738571167,156914
50.3606321811676,156914
50.3614604473114,156914
50.362290143966675,156914
50.36311888694763,156914
50.36472725868225,156914
50.36556053161621,156914
50.366390228271484,156914
50.36721897125244,156914
50.36805176734924,156914
50.369648456573486,156914
50.37048029899597,156914
50.37130856513977,156914
50.372135400772095,156914
50.373738527297974,156914
50.374576807022095,156914
50.375408411026,156914
50.37623643875122,156914
50.37706398963928,156914
50.378663301467896,156914
50.37949299812317,156914
50.380324840545654,156914
50.38115358352661,156914
50.38275647163391,156914
50.38358926773071,156914
50.38442850112915,156914
50.3852641582489,156914
50.38609600067139,156914
50.38769578933716,156914
50.38852548599243,156914
50.38935446739197,156914
50.39018392562866,156914
50.39101433753967,156914
50.39262080192566,156914
50.39345049858093,156914
50.39428925514221,156914
50.39512395858765,156914
50.39672565460205,156914
50.3975567817688,156914
50.39838457107544,156914
50.39920997619629,156914
50.400041341781616,156914
50.40164518356323,156914
50.402477741241455,156914
50.40330481529236,156914
50.40414047241211,156914
50.40574288368225,156914
50.40657424926758,156914
50.407408237457275,156914
50.4082350730896,156914
50.409064531326294,156914
50.410661697387695,156914
50.41149282455444,156914
50.41232252120972,156914
50.413150787353516,156914
50.4147584438324,156914
50.41559386253357,156914
50.41642236709595,156914
50.4172523021698,156914
50.418081760406494,156914
50.41968321800232,156914
50.42051601409912,156914
50.421342611312866,156914
50.42217016220093,156914
50.42377018928528,156914
50.42460799217224,156914
50.42543649673462,156914
50.426265478134155,156914
50.42709279060364,156914
50.42868995666504,156914
50.42952275276184,156914
50.43035364151001,156914
50.43118238449097,156914
50.43201231956482,156914
50.433613777160645,156914
50.43445301055908,156914
50.43528127670288,156914
50.43611001968384,156914
50.43771314620972,156914
50.43854355812073,156914
50.43937706947327,156914
50.440205097198486,156914
50.441035985946655,156914
50.44263505935669,156914
50.443464040756226,156914
50.444302797317505,156914
50.44513535499573,156914
50.44673132896423,156914
50.447561502456665,156914
50.448391914367676,156914
50.449222564697266,156914
50.45005226135254,156914
50.451653480529785,156914
50.452484369277954,156914
50.45331263542175,156914
50.45415186882019,156914
50.45575213432312,156914
50.45658469200134,156914
50.457414627075195,156914
50.45823955535889,156914
50.45907211303711,156914
50.46066999435425,156914
50.461501598358154,156914
50.46233105659485,156914
50.46316146850586,156914
50.464768171310425,156914
50.46560263633728,156914
50.46643090248108,156914
50.4672589302063,156914
50.46808958053589,156914
50.46968722343445,156914
50.470515727996826,156914
50.47134566307068,156914
50.4721736907959,156914
50.47377324104309,156914
50.474616289138794,156914
50.47544240951538,156914
50.47627329826355,156914
50.47710418701172,156914
50.4787061214447,156914
50.479533672332764,156914
50.48036503791809,156914
50.48119640350342,156914
50.48202419281006,156914
50.483628273010254,156914
50.48446464538574,156914
50.485294342041016,156914
50.486125230789185,156914
50.48772215843201,156914
50.48855423927307,156914
50.48938465118408,156914
50.4902138710022,156914
50.49104571342468,156914
50.49264454841614,156914
50.49347496032715,156914
50.4943151473999,156914
50.4951446056366,156914
50.49674129486084,156914
50.49757432937622,156914
50.498404026031494,156914
50.49923133850098,156914
50.500059604644775,156914
50.50166034698486,156914
50.5024893283844,156914
50.50331974029541,156914
50.50415849685669,156914
50.50575923919678,156914
50.50658917427063,156914
50.50741910934448,156914
50.508249282836914,156914
50.50908017158508,156914
50.510679721832275,156914
50.51150918006897,156914
50.5123405456543,156914
50.51317095756531,156914
50.51400923728943,156914
50.5156090259552,156914
50.516438484191895,156914
50.51726746559143,156914
50.51810002326965,156914
50.51969909667969,156914
50.52053451538086,156914
50.52136254310608,156914
50.52219009399414,156914
50.52302026748657,156914
50.52462840080261,156914
50.525460720062256,156914
50.52628993988037,156914
50.52711844444275,156914
50.52872085571289,156914
50.52955198287964,156914
50.530381202697754,156914
50.53120970726013,156914
50.532039642333984,156914
50.53364038467407,156914
50.53447961807251,156914
50.535311698913574,156914
50.53613996505737,156914
50.53774428367615,156914
50.53857445716858,156914
50.539403438568115,156914
50.54023790359497,156914
50.54106378555298,156914
50.54266905784607,156914
50.54349732398987,156914
50.544336795806885,156914
50.545164823532104,156914
50.546762466430664,156914
50.547593116760254,156914
50.54842162132263,156914
50.549248933792114,156914
50.55008125305176,156914
50.551677227020264,156914
50.552510261535645,156914
50.55333662033081,156914
50.55417323112488,156914
50.555007219314575,156914
50.556601762771606,156914
50.557435035705566,156914
50.558263063430786,156914
50.5590934753418,156914
50.56068968772888,156914
50.56151819229126,156914
50.56234908103943,156914
50.56317949295044,156914
50.564019203186035,156914
50.565619707107544,156914
50.56644868850708,156914
50.56727719306946,156914
50.56810450553894,156914
50.56970548629761,156914
50.57053470611572,156914
50.57136678695679,156914
50.57219314575195,156914
50.57302403450012,156914
50.57463502883911,156914
50.57546305656433,156914
50.576292991638184,156914
50.5771222114563,156914
50.578721046447754,156914
50.57955479621887,156914
50.58038544654846,156914
50.58121347427368,156914
50.58205008506775,156914
50.58364939689636,156914
50.58448767662048,156914
50.58531904220581,156914
50.58614897727966,156914
50.58775186538696,156914
50.588581562042236,156914
50.58941102027893,156914
50.5902419090271,156914
50.59107208251953,156914
50.592668533325195,156914
50.59349584579468,156914
50.5943341255188,156914
50.59516429901123,156914
50.596765756607056,156914
50.597596883773804,156914
50.59842848777771,156914
50.59925866127014,156914
50.6000862121582,156914
50.601685762405396,156914
50.602516412734985,156914
50.603344440460205,156914
50.60418438911438,156914
50.60501313209534,156914
50.606616258621216,156914
50.60744547843933,156914
50.60827445983887,156914
50.609102725982666,156914
50.61070227622986,156914
50.61153316497803,156914
50.61236357688904,156914
50.6131911277771,156914
50.614033460617065,156914
50.615630865097046,156914
50.61646032333374,156914
50.61729121208191,156914
50.6181218624115,156914
50.61972212791443,156914
50.62055063247681,156914
50.621384382247925,156914
50.62221431732178,156914
50.62304377555847,156914
50.62465453147888,156914
50.625486850738525,156914
50.62631559371948,156914
50.627145528793335,156914
50.6287477016449,156914
50.62957549095154,156914
50.63040781021118,156914
50.63124346733093,156914
50.63207173347473,156914
50.63367414474487,156914
50.63451147079468,156914
50.63534188270569,156914
50.63617134094238,156914
50.637768268585205,156914
50.638599157333374,156914
50.63942813873291,156914
50.640260219573975,156914
50.6410915851593,156914
50.642688274383545,156914
50.64352536201477,156914
50.64436101913452,156914
50.64519238471985,156914
50.64602184295654,156914
50.647621631622314,156914
50.64845299720764,156914
50.649280309677124,156914
50.650107622146606,156914
50.651708126068115,156914
50.65253710746765,156914
50.65336751937866,156914
50.65420460700989,156914
50.655033826828,156914
50.65663290023804,156914
50.65746307373047,156914
50.65829372406006,156914
50.65912413597107,156914
50.660725355148315,156914
50.66155457496643,156914
50.66238594055176,156914
50.663217306137085,156914
50.664056062698364,156914
50.66565823554993,156914
50.666486501693726,156914
50.667314767837524,156914
50.6681444644928,156914
50.66974186897278,156914
50.67057132720947,156914
50.67140007019043,156914
50.67222857475281,156914
50.673062801361084,156914
50.67467164993286,156914
50.675504207611084,156914
50.67633509635925,156914
50.677165269851685,156914
50.678762912750244,156914
50.67959403991699,156914
50.68042755126953,156914
50.681254148483276,156914
50.68208456039429,156914
50.683682441711426,156914
50.68452048301697,156914
50.685354709625244,156914
50.686184883117676,156914
50.68701243400574,156914
50.688618898391724,156914
50.68944811820984,156914
50.690277099609375,156914
50.69110703468323,156914
50.69271469116211,156914
50.69354176521301,156914
50.694379806518555,156914
50.69520950317383,156914
50.69603967666626,156914
50.697638511657715,156914
50.698466539382935,156914
50.69929647445679,156914
50.700125217437744,156914
50.70172643661499,156914
50.702558517456055,156914
50.70338487625122,156914
50.70422005653381,156914
50.70505237579346,156914
50.70665526390076,156914
50.70748519897461,156914
50.708314180374146,156914
50.70914340019226,156914
50.71074604988098,156914
50.711575508117676,156914
50.71240782737732,156914
50.71323919296265,156914
50.71407604217529,156914
50.71567749977112,156914
50.71650815010071,156914
50.71733784675598,156914
50.718167781829834,156914
50.71977472305298,156914
50.72060513496399,156914
50.72143316268921,156914
50.72226691246033,156914
50.72309637069702,156914
50.72470951080322,156914
50.72554016113281,156914
50.726369857788086,156914
50.72720146179199,156914
50.72802805900574,156914
50.729629039764404,156914
50.730469703674316,156914
50.731292963027954,156914
50.732120513916016,156914
50.73371934890747,156914
50.734564542770386,156914
50.73539400100708,156914
50.736220598220825,156914
50.73705005645752,156914
50.73865056037903,156914
50.73948526382446,156914
50.74031329154968,156914
50.741143226623535,156914
50.74273991584778,156914
50.74357032775879,156914
50.74441075325012,156914
50.74523973464966,156914
50.74607253074646,156914
50.74767184257507,156914
50.74850106239319,156914
50.74933195114136,156914
50.75015926361084,156914
50.75175762176514,156914
50.752588748931885,156914
50.75342082977295,156914
50.75425982475281,156914
50.755093812942505,156914
50.75668907165527,156914
50.75751709938049,156914
50.75835061073303,156914
50.759183406829834,156914
50.760009765625,156914
50.76160740852356,156914
50.762436389923096,156914
50.76326584815979,156914
50.76410984992981,156914
50.76570463180542,156914
50.76653337478638,156914
50.76736235618591,156914
50.76819205284119,156914
50.76903057098389,156914
50.77063035964966,156914
50.77146124839783,156914
50.77229118347168,156914
50.77312159538269,156914
50.77473068237305,156914
50.77555799484253,156914
50.77639079093933,156914
50.77721881866455,156914
50.778048515319824,156914
50.779653787612915,156914
50.780478715896606,156914
50.78130865097046,156914
50.7821364402771,156914
50.78373861312866,156914
50.784576654434204,156914
50.78540897369385,156914
50.78623628616333,156914
50.78706479072571,156914
50.78866744041443,156914
50.789496421813965,156914
50.79034233093262,156914
50.791168212890625,156914
50.79275679588318,156914
50.79357933998108,156914
50.79441285133362,156914
50.795238971710205,156914
50.79606533050537,156914
50.797646284103394,156914
50.7984733581543,156914
50.79929757118225,156914
50.80012011528015,156914
50.80171060562134,156914
50.802533864974976,156914
50.80336046218872,156914
50.80419039726257,156914
50.805023431777954,156914
50.806607484817505,156914
50.80743479728699,156914
50.80825710296631,156914
50.80908274650574,156914
50.81066632270813,156914
50.811490297317505,156914
50.812315464019775,156914
50.81313610076904,156914
50.81473112106323,156914
50.81555438041687,156914
50.81637907028198,156914
50.81720018386841,156914
50.81803011894226,156914
50.819613218307495,156914
50.820443868637085,156914
50.821266412734985,156914
50.82208728790283,156914
50.82367253303528,156914
50.82450771331787,156914
50.82533550262451,156914
50.826154470443726,156914
50.82774329185486,156914
50.82856607437134,156914
50.8293936252594,156914
50.830214977264404,156914
50.831042766571045,156914
50.832624673843384,156914
50.83345293998718,156914
50.83428621292114,156914
50.83511281013489,156914
50.83669376373291,156914
50.83751678466797,156914
50.83834433555603,156914
50.83916640281677,156914
50.840752840042114,156914
50.8415732383728,156914
50.84239864349365,156914
50.84322500228882,156914
50.84405326843262,156914
50.84563994407654,156914
50.84646677970886,156914
50.84729719161987,156914
50.84811568260193,156914
50.849698543548584,156914
50.85051918029785,156914
50.85134315490723,156914
50.85216736793518,156914
50.85375165939331,156914
50.85458564758301,156914
50.855409383773804,156914
50.85623121261597,156914
50.85705780982971,156914
50.85864210128784,156914
50.85947251319885,156914
50.8602991104126,156914
50.86111760139465,156914
50.86270332336426,156914
50.86352276802063,156914
50.86435914039612,156914
50.865177631378174,156914
50.866764307022095,156914
50.867587089538574,156914
50.868409872055054,156914
50.86923909187317,156914
50.870062828063965,156914
50.871652364730835,156914
50.872480154037476,156914
50.873302698135376,156914
50.87413811683655,156914
50.87572360038757,156914
50.87654662132263,156914
50.87737226486206,156914
50.87819695472717,156914
50.87902545928955,156914
50.880610942840576,156914
50.881436586380005,156914
50.88225984573364,156914
50.88308334350586,156914
50.884679555892944,156914
50.88550353050232,156914
50.8863320350647,156914
50.88715100288391,156914
50.8887414932251,156914
50.88956260681152,156914
50.89038944244385,156914
50.89121437072754,156914
50.89204144477844,156914
50.89362454414368,156914
50.89445972442627,156914
50.895291805267334,156914
50.89611220359802,156914
50.897698640823364,156914
50.89852023124695,156914
50.899346590042114,156914
50.90016508102417,156914
50.90175271034241,156914
50.90257477760315,156914
50.903403520584106,156914
50.90423798561096,156914
50.90505933761597,156914
50.906646490097046,156914
50.907472133636475,156914
50.9082989692688,156914
50.90911936759949,156914
50.91070580482483,156914
50.91152882575989,156914
50.91235709190369,156914
50.91318154335022,156914
50.914018630981445,156914
50.91560196876526,156914
50.91642928123474,156914
50.917250871658325,156914
50.91807699203491,156914
50.91965866088867,156914
50.920485734939575,156914
50.92131066322327,156914
50.922126054763794,156914
50.92371201515198,156914
50.92454195022583,156914
50.92537236213684,156914
50.92619585990906,156914
50.92702054977417,156914
50.92860722541809,156914
50.92943048477173,156914
50.930256843566895,156914
50.93107986450195,156914
50.93266797065735,156914
50.93349647521973,156914
50.934332609176636,156914
50.93515610694885,156914
50.93674373626709,156914
50.937567949295044,156914
50.93839359283447,156914
50.9392192363739,156914
50.940046548843384,156914
50.94162940979004,156914
50.94245767593384,156914
50.94328284263611,156914
50.94411015510559,156914
50.94570016860962,156914
50.946521043777466,156914
50.947351932525635,156914
50.94817328453064,156914
50.949758768081665,156914
50.95057916641235,156914
50.95140552520752,156914
50.952229261398315,156914
50.95304894447327,156914
50.95464515686035,156914
50.95547533035278,156914
50.956298828125,156914
50.95711851119995,156914
50.958701610565186,156914
50.95952558517456,156914
50.96035027503967,156914
50.96116828918457,156914
50.96275615692139,156914
50.96357607841492,156914
50.96441102027893,156914
50.96523714065552,156914
50.96605920791626,156914
50.967647314071655,156914
50.96847152709961,156914
50.969297647476196,156914
50.970117807388306,156914
50.97170305252075,156914
50.97252297401428,156914
50.97334909439087,156914
50.97417664527893,156914
50.97575807571411,156914
50.976582050323486,156914
50.977405309677124,156914
50.97822952270508,156914
50.97905683517456,156914
50.980642795562744,156914
50.98147010803223,156914
50.98229622840881,156914
50.98311376571655,156914
50.9847137928009,156914
50.98553776741028,156914
50.98636531829834,156914
50.98718786239624,156914
50.988016843795776,156914
50.98960089683533,156914
50.990426540374756,156914
50.991251945495605,156914
50.992077589035034,156914
50.99366021156311,156914
50.994494676589966,156914
50.99532151222229,156914
50.996143102645874,156914
50.99772787094116,156914
50.998552083969116,156914
50.99937963485718,156914
51.0002007484436,156914
51.00102686882019,156914
51.00260829925537,156914
51.0034384727478,156914
51.00427055358887,156914
51.00509428977966,156914
51.006683349609375,156914
51.00750494003296,156914
51.00833511352539,156914
51.00915026664734,156914
51.010735511779785,156914
51.01155924797058,156914
51.012383222579956,156914
51.0132098197937,156914
51.014047145843506,156914
51.015629053115845,156914
51.016456842422485,156914
51.017282247543335,156914
51.01810312271118,156914
51.01968789100647,156914
51.02051115036011,156914
51.02133870124817,156914
51.02215528488159,156914
51.023749589920044,156914
51.02457880973816,156914
51.02540612220764,156914
51.02622747421265,156914
51.02705359458923,156914
51.028640270233154,156914
51.029462814331055,156914
51.03028893470764,156914
51.03110718727112,156914
51.03269171714783,156914
51.033512353897095,156914
51.03434944152832,156914
51.035173177719116,156914
51.03675603866577,156914
51.03757929801941,156914
51.038405418395996,156914
51.03923058509827,156914
51.04006004333496,156914
51.04164242744446,156914
51.04246950149536,156914
51.0432984828949,156914
51.04412508010864,156914
51.04571461677551,156914
51.0465350151062,156914
51.04736375808716,156914
51.0481812953949,156914
51.04900646209717,156914
51.050599336624146,156914
51.05142402648926,156914
51.05224967002869,156914
51.0530731678009,156914
51.054670333862305,156914
51.05549454689026,156914
51.05631899833679,156914
51.057141065597534,156914
51.05872702598572,156914
51.0595498085022,156914
51.060375690460205,156914
51.06119894981384,156914
51.0620276927948,156914
51.0636100769043,156914
51.06444716453552,156914
51.06527042388916,156914
51.066097259521484,156914
51.067683696746826,156914
51.06850457191467,156914
51.069331645965576,156914
51.07014775276184,156914
51.07173705101013,156914
51.072561264038086,156914
51.073387145996094,156914
51.074220418930054,156914
51.07504391670227,156914
51.07662916183472,156914
51.07745671272278,156914
51.078277587890625,156914
51.07910180091858,156914
51.080687522888184,156914
51.0815110206604,156914
51.08233904838562,156914
51.08315443992615,156914
51.08475470542908,156914
51.085577726364136,156914
51.08640480041504,156914
51.08723187446594,156914
51.088054895401,156914
51.08964419364929,156914
51.09046506881714,156914
51.09129214286804,156914
51.09211087226868,156914
51.093703269958496,156914
51.09453630447388,156914
51.09536051750183,156914
51.09618544578552,156914
51.097007274627686,156914
51.09859037399292,156914
51.099414348602295,156914
51.10023808479309,156914
51.10107111930847,156914
51.10265803337097,156914
51.10348391532898,156914
51.104323387145996,156914
51.10514307022095,156914
51.10673427581787,156914
51.1075541973114,156914
51.10838341712952,156914
51.109203815460205,156914
51.110032081604004,156914
51.11162042617798,156914
51.11244583129883,156914
51.113271951675415,156914
51.11410403251648,156914
51.11569142341614,156914
51.11651301383972,156914
51.11733865737915,156914
51.11816740036011,156914
51.119751930236816,156914
51.12057423591614,156914
51.121399879455566,156914
51.12222337722778,156914
51.12305045127869,156914
51.12463998794556,156914
51.12546920776367,156914
51.126293659210205,156914
51.12711310386658,156914
51.12870001792908,156914
51.12952256202698,156914
51.130348920822144,156914
51.13116717338562,156914
51.132758378982544,156914
51.133578300476074,156914
51.134411573410034,156914
51.13524103164673,156914
51.13606071472168,156914
51.1376473903656,156914
51.13847327232361,156914
51.13929843902588,156914
51.1401207447052,156914
51.14170575141907,156914
51.142526388168335,156914
51.143354177474976,156914
51.14418029785156,156914
51.14500951766968,156914
51.1465950012207,156914
51.14742398262024,156914
51.14824461936951,156914
51.149072885513306,156914
51.15065884590149,156914
51.151484966278076,156914
51.15231275558472,156914
51.153130531311035,156914
51.15472340583801,156914
51.155545234680176,156914
51.15637159347534,156914
51.15719819068909,156914
51.15802335739136,156914
51.15960931777954,156914
51.16043567657471,156914
51.16125822067261,156914
51.162086963653564,156914
51.163668155670166,156914
51.164506673812866,156914
51.16533064842224,156914
51.16615128517151,156914
51.167738914489746,156914
51.16856122016907,156914
51.169392108917236,156914
51.17021727561951,156914
51.17104148864746,156914
51.17262649536133,156914
51.17345333099365,156914
51.17428755760193,156914
51.175108909606934,156914
51.1766996383667,156914
51.17752122879028,156914
51.178345918655396,156914
51.17917275428772,156914
51.180755376815796,156914
51.18157768249512,156914
51.18240308761597,156914
51.183225870132446,156914
51.184061765670776,156914
51.185648679733276,156914
51.186474323272705,156914
51.18729853630066,156914
51.188117265701294,156914
51.189709424972534,156914
51.19053030014038,156914
51.19135642051697,156914
51.192179679870605,156914
51.19376587867737,156914
51.194594383239746,156914
51.19542121887207,156914
51.19624400138855,156914
51.19706845283508,156914
51.19865036010742,156914
51.19947791099548,156914
51.200299978256226,156914
51.20111918449402,156914
51.20270609855652,156914
51.203528881073,156914
51.2043616771698,156914
51.20517706871033,156914
51.206764221191406,156914
51.20758390426636,156914
51.2084105014801,156914
51.20923137664795,156914
51.210055351257324,156914
51.21163725852966,156914
51.212464332580566,156914
51.21329045295715,156914
51.214118003845215,156914
51.2157039642334,156914
51.21652555465698,156914
51.2173490524292,156914
51.21817421913147,156914
51.219759941101074,156914
51.22057867050171,156914
51.22140407562256,156914
51.22222971916199,156914
51.22305488586426,156914
51.22464632987976,156914
51.2254741191864,156914
51.22630023956299,156914
51.22711896896362,156914
51.22870445251465,156914
51.22952437400818,156914
51.230353116989136,156914
51.23117709159851,156914
51.2327618598938,156914
51.233580350875854,156914
51.23441457748413,156914
51.23524022102356,156914
51.2360634803772,156914
51.237648010253906,156914
51.238473653793335,156914
51.23930025100708,156914
51.24012327194214,156914
51.241708755493164,156914
51.24253225326538,156914
51.24335956573486,156914
51.24419021606445,156914
51.2450156211853,156914
51.2466025352478,156914
51.247429847717285,156914
51.24825382232666,156914
51.249077796936035,156914
51.25066161155701,156914
51.25148606300354,156914
51.252312421798706,156914
51.25313329696655,156914
51.25472831726074,156914
51.25555229187012,156914
51.256378173828125,156914
51.257203340530396,156914
51.25802659988403,156914
51.2596116065979,156914
51.26043725013733,156914
51.2612624168396,156914
51.26209020614624,156914
51.26367449760437,156914
51.26451086997986,156914
51.26533341407776,156914
51.26615262031555,156914
51.267739057540894,156914
51.26855993270874,156914
51.269386768341064,156914
51.270209074020386,156914
51.27103638648987,156914
51.2726194858551,156914
51.27344870567322,156914
51.27428650856018,156914
51.27510714530945,156914
51.27669310569763,156914
51.27751350402832,156914
51.278337478637695,156914
51.2791645526886,156914
51.28075289726257,156914
51.28157591819763,156914
51.28240346908569,156914
51.283228158950806,156914
51.28406596183777,156914
51.28565049171448,156914
51.28647804260254,156914
51.28730320930481,156914
51.28812217712402,156914
51.289711475372314,156914
51.2905330657959,156914
51.29136109352112,156914
51.292179346084595,156914
51.29376673698425,156914
51.294596433639526,156914
51.295422315597534,156914
51.29625058174133,156914
51.29707646369934,156914
51.2986626625061,156914
51.29949140548706,156914
51.30031418800354,156914
51.301132678985596,156914
51.30272150039673,156914
51.3035454750061,156914
51.3043794631958,156914
51.30520153045654,156914
51.30602955818176,156914
51.30760645866394,156914
51.308433532714844,156914
51.30925750732422,156914
51.31008172035217,156914
51.31167507171631,156914
51.31250071525574,156914
51.31332564353943,156914
51.31415343284607,156914
51.31574559211731,156914
51.316566944122314,156914
51.31739377975464,156914
51.31821823120117,156914
51.319042444229126,156914
51.32062649726868,156914
51.32145118713379,156914
51.322280406951904,156914
51.32310605049133,156914
51.324700355529785,156914
51.32552409172058,156914
51.326353311538696,156914
51.3271758556366,156914
51.328763246536255,156914
51.329583406448364,156914
51.33040928840637,156914
51.33123302459717,156914
51.33205842971802,156914
51.33364415168762,156914
51.334479093551636,156914
51.335307121276855,156914
51.33612632751465,156914
51.33771467208862,156914
51.33853626251221,156914
51.33936309814453,156914
51.34018540382385,156914
51.34101438522339,156914
51.34259796142578,156914
51.3434202671051,156914
51.34425663948059,156914
51.345081090927124,156914
51.34666419029236,156914
51.34749221801758,156914
51.34831714630127,156914
51.34913778305054,156914
51.35072565078735,156914
51.351545333862305,156914
51.35237002372742,156914
51.35319113731384,156914
51.35402011871338,156914
51.35560965538025,156914
51.356436252593994,156914
51.35726237297058,156914
51.35808610916138,156914
51.35967469215393,156914
51.36050271987915,156914
51.36132311820984,156914
51.36214828491211,156914
51.363733530044556,156914
51.36456751823425,156914
51.365395307540894,156914
51.36621570587158,156914
51.3670437335968,156914
51.36862635612488,156914
51.36945128440857,156914
51.37027859687805,156914
51.371103048324585,156914
51.37268853187561,156914
51.37350845336914,156914
51.374348163604736,156914
51.375168323516846,156914
51.37675404548645,156914
51.377578020095825,156914
51.378401041030884,156914
51.379225730895996,156914
51.380053997039795,156914
51.38163661956787,156914
51.38246536254883,156914
51.383288860321045,156914
51.38412356376648,156914
51.38571047782898,156914
51.386534214019775,156914
51.38735842704773,156914
51.38818001747131,156914
51.38900542259216,156914
51.390589237213135,156914
51.39141535758972,156914
51.39224076271057,156914
51.393059968948364,156914
51.3946578502655,156914
51.3954815864563,156914
51.396310329437256,156914
51.39712643623352,156914
51.39871001243591,156914
51.39953398704529,156914
51.400360107421875,156914
51.40118432044983,156914
51.40200853347778,156914
51.403594970703125,156914
51.404428243637085,156914
51.405253171920776,156914
51.40607929229736,156914
51.40766215324402,156914
51.40848636627197,156914
51.40931415557861,156914
51.410130739212036,156914
51.41172170639038,156914
51.41254162788391,156914
51.413371562957764,156914
51.41420602798462,156914
51.41502928733826,156914
51.416619300842285,156914
51.41744112968445,156914
51.41826796531677,156914
51.41909122467041,156914
51.420676469802856,156914
51.42150068283081,156914
51.422325134277344,156914
51.42314386367798,156914
51.424744606018066,156914
51.42556619644165,156914
51.42639517784119,156914
51.42722129821777,156914
51.428051233291626,156914
51.42963624000549,156914
51.43046259880066,156914
51.431286334991455,156914
51.432103633880615,156914
51.433692932128906,156914
51.43452334403992,156914
51.43535566329956,156914
51.436179399490356,156914
51.43776535987854,156914
51.43858504295349,156914
51.43940877914429,156914
51.440234899520874,156914
51.441059827804565,156914
51.44264054298401,156914
51.44346785545349,156914
51.44430613517761,156914
51.445122480392456,156914
51.44670486450195,156914
51.44752645492554,156914
51.448349475860596,156914
51.449167251586914,156914
51.45076012611389,156914
51.451581954956055,156914
51.45240807533264,156914
51.453232526779175,156914
51.45406484603882,156914
51.45565056800842,156914
51.456477880477905,156914
51.45730471611023,156914
51.45812225341797,156914
51.45970797538757,156914
51.460530042648315,156914
51.46135473251343,156914
51.46217751502991,156914
51.463764905929565,156914
51.4645938873291,156914
51.4654221534729,156914
51.46624398231506,156914
51.46707010269165,156914
51.4686496257782,156914
51.469478368759155,156914
51.47030234336853,156914
51.47112488746643,156914
51.472710847854614,156914
51.473530769348145,156914
51.474366188049316,156914
51.47519135475159,156914
51.47601771354675,156914
51.47760033607483,156914
51.47842335700989,156914
51.479246854782104,156914
51.48006820678711,156914
51.48165225982666,156914
51.48247933387756,156914
51.48330307006836,156914
51.48413920402527,156914
51.48571705818176,156914
51.48653960227966,156914
51.487364530563354,156914
51.488189458847046,156914
51.48901605606079,156914
51.490598917007446,156914
51.49142837524414,156914
51.49225115776062,156914
51.4930739402771,156914
51.49466943740845,156914
51.49549627304077,156914
51.496320486068726,156914
51.49713897705078,156914
51.49872946739197,156914
51.49954891204834,156914
51.500375270843506,156914
51.501200437545776,156914
51.5020272731781,156914
51.50360941886902,156914
51.50444436073303,156914
51.505269050598145,156914
51.50609302520752,156914
51.507675647735596,156914
51.50850248336792,156914
51.509324073791504,156914
51.510140895843506,156914
51.511730432510376,156914
51.5125515460968,156914
51.51337742805481,156914
51.51420974731445,156914
51.51503372192383,156914
51.516616106033325,156914
51.51743960380554,156914
51.51826596260071,156914
51.51909279823303,156914
51.520673751831055,156914
51.52149772644043,156914
51.52231979370117,156914
51.52314305305481,156914
51.52473974227905,156914
51.52556228637695,156914
51.526390075683594,156914
51.52721333503723,156914
51.52804112434387,156914
51.52962374687195,156914
51.53045058250427,156914
51.53127598762512,156914
51.53209900856018,156914
51.53368377685547,156914
51.53451585769653,156914
51.53534460067749,156914
51.53617024421692,156914
51.53775596618652,156914
51.53857660293579,156914
51.53940033912659,156914
51.540223598480225,156914
51.54104924201965,156914
51.54263520240784,156914
51.54346585273743,156914
51.54430270195007,156914
51.545122385025024,156914
51.54670786857605,156914
51.54753041267395,156914
51.54835605621338,156914
51.549174308776855,156914
51.55000591278076,156914
51.55158543586731,156914
51.552414417266846,156914
51.553239583969116,156914
51.5540714263916,156914
51.55565857887268,156914
51.5564820766449,156914
51.55730938911438,156914
51.55812358856201,156914
51.55970764160156,156914
51.560532093048096,156914
51.561359167099,156914
51.56218385696411,156914
51.56300735473633,156914
51.564600229263306,156914
51.565425634384155,156914
51.56624913215637,156914
51.56707811355591,156914
51.56866240501404,156914
51.56948900222778,156914
51.57031798362732,156914
51.571139097213745,156914
51.57272410392761,156914
51.573545932769775,156914
51.57438254356384,156914
51.57520627975464,156914
51.57603120803833,156914
51.577616930007935,156914
51.578444480895996,156914
51.579270124435425,156914
51.580095529556274,156914
51.58167910575867,156914
51.582507371902466,156914
51.583332777023315,156914
51.58415961265564,156914
51.585747957229614,156914
51.586570024490356,156914
51.58739638328552,156914
51.58822011947632,156914
51.5890474319458,156914
51.59063172340393,156914
51.591463804244995,156914
51.59228849411011,156914
51.59311008453369,156914
51.594706535339355,156914
51.595529317855835,156914
51.596357107162476,156914
51.59717416763306,156914
51.59876036643982,156914
51.59958243370056,156914
51.60040736198425,156914
51.60123300552368,156914
51.60205554962158,156914
51.60364365577698,156914
51.604480504989624,156914
51.6053032875061,156914
51.60612440109253,156914
51.60770916938782,156914
51.6085307598114,156914
51.609355211257935,156914
51.61017847061157,156914
51.61100673675537,156914
51.61259317398071,156914
51.61342263221741,156914
51.61425709724426,156914
51.61507964134216,156914
51.616663217544556,156914
51.61748790740967,156914
51.61831760406494,156914
51.619136333465576,156914
51.620720624923706,156914
51.62154221534729,156914
51.62237095832825,156914
51.62319374084473,156914
51.62402844429016,156914
51.62561511993408,156914
51.62644124031067,156914
51.62726330757141,156914
51.628089904785156,156914
51.62967276573181,156914
51.63050293922424,156914
51.63132858276367,156914
51.632144927978516,156914
51.63373422622681,156914
51.63456463813782,156914
51.6353919506073,156914
51.636213541030884,156914
51.63703775405884,156914
51.638622999191284,156914
51.63944721221924,156914
51.64027380943298,156914
51.641098499298096,156914
51.64268183708191,156914
51.64350342750549,156914
51.64433717727661,156914
51.64516091346741,156914
51.646748304367065,156914
51.64756989479065,156914
51.648393630981445,156914
51.64921545982361,156914
51.65003991127014,156914
51.65162539482117,156914
51.652454137802124,156914
51.653276443481445,156914
51.65411329269409,156914
51.65570068359375,156914
51.656522035598755,156914
51.65735077857971,156914
51.65816950798035,156914
51.65975642204285,156914
51.66057777404785,156914
51.66140294075012,156914
51.66223096847534,156914
51.663057804107666,156914
51.664652824401855,156914
51.66547727584839,156914
51.66630244255066,156914
51.66712689399719,156914
51.66871237754822,156914
51.66953253746033,156914
51.67035746574402,156914
51.671181440353394,156914
51.672008752822876,156914
51.673590660095215,156914
51.67442536354065,156914
51.67525124549866,156914
51.67607569694519,156914
51.67765784263611,156914
51.678481101989746,156914
51.67930603027344,156914
51.680126667022705,156914
51.681716442108154,156914
51.6825385093689,156914
51.68336510658264,156914
51.68419814109802,156914
51.685025215148926,156914
51.686607122421265,156914
51.68743133544922,156914
51.68825554847717,156914
51.68907713890076,156914
51.690661668777466,156914
51.69148778915405,156914
51.69231462478638,156914
51.69313073158264,156914
51.694732904434204,156914
51.69555640220642,156914
51.69638442993164,156914
51.697206020355225,156914
51.698031187057495,156914
51.699618101119995,156914
51.70044255256653,156914
51.701266288757324,156914
51.7020902633667,156914
51.70367670059204,156914
51.7045111656189,156914
51.705334424972534,156914
51.706154108047485,156914
51.707741260528564,156914
51.70856308937073,156914
51.709391355514526,156914
51.71021604537964,156914
51.711042642593384,156914
51.71262812614441,156914
51.71345639228821,156914
51.71428942680359,156914
51.71510982513428,156914
51.7166965007782,156914
51.71751642227173,156914
51.718347787857056,156914
51.71917152404785,156914
51.720757484436035,156914
51.721579790115356,156914
51.72240591049194,156914
51.723230600357056,156914
51.724066734313965,156914
51.725648403167725,156914
51.726475954055786,156914
51.72729969024658,156914
51.72812032699585,156914
51.729713916778564,156914
51.73054003715515,156914
51.731364250183105,156914
51.73219060897827,156914
51.73301863670349,156914
51.734612226486206,156914
51.73544120788574,156914
51.73626446723938,156914
51.737088441848755,156914
51.73867440223694,156914
51.73949646949768,156914
51.74032545089722,156914
51.74114632606506,156914
51.74273490905762,156914
51.743555545806885,156914
51.744391202926636,156914
51.74521470069885,156914
51.746039152145386,156914
51.74762415885925,156914
51.748451232910156,156914
51.749274253845215,156914
51.750099182128906,156914
51.751683473587036,156914
51.75250506401062,156914
51.7533323764801,156914
51.754159688949585,156914
51.755748987197876,156914
51.756569147109985,156914
51.757394313812256,156914
51.758220195770264,156914
51.75904440879822,156914
51.760634899139404,156914
51.76145958900452,156914
51.762284994125366,156914
51.76310729980469,156914
51.76470422744751,156914
51.76552629470825,156914
51.76635026931763,156914
51.76717710494995,156914
51.76875948905945,156914
51.76958131790161,156914
51.77040672302246,156914
51.77122759819031,156914
51.77205562591553,156914
51.77363395690918,156914
51.77446722984314,156914
51.775290727615356,156914
51.77611422538757,156914
51.77769947052002,156914
51.778523683547974,156914
51.77934956550598,156914
51.78016638755798,156914
51.78175210952759,156914
51.782572984695435,156914
51.783398389816284,156914
51.78423261642456,156914
51.78505539894104,156914
51.7866415977478,156914
51.78746843338013,156914
51.78829503059387,156914
51.789119720458984,156914
51.790703773498535,156914
51.79152774810791,156914
51.79235649108887,156914
51.793179512023926,156914
51.79401707649231,156914
51.795599699020386,156914
51.79642653465271,156914
51.7972514629364,156914
51.79807496070862,156914
51.799659729003906,156914
51.800482988357544,156914
51.801313638687134,156914
51.80213117599487,156914
51.80372214317322,156914
51.80455183982849,156914
51.80537986755371,156914
51.80620360374451,156914
51.8070285320282,156914
51.8086154460907,156914
51.80944228172302,156914
51.81026744842529,156914
51.81109356880188,156914
51.81267857551575,156914
51.813504219055176,156914
51.81433939933777,156914
51.815160036087036,156914
51.81674909591675,156914
51.81756901741028,156914
51.81839561462402,156914
51.81922149658203,156914
51.82004690170288,156914
51.82163095474243,156914
51.822455406188965,156914
51.8232855796814,156914
51.824119091033936,156914
51.825703620910645,156914
51.826525926589966,156914
51.827351093292236,156914
51.82817482948303,156914
51.82976484298706,156914
51.83058428764343,156914
51.83140969276428,156914
51.832231283187866,156914
51.83305907249451,156914
51.83465242385864,156914
51.83548164367676,156914
51.83630585670471,156914
51.83712029457092,156914
51.838706493377686,156914
51.839529514312744,156914
51.84036040306091,156914
51.841182470321655,156914
51.84201145172119,156914
51.843597173690796,156914
51.84443259239197,156914
51.84525966644287,156914
51.84608554840088,156914
51.84767174720764,156914
51.848499059677124,156914
51.84932327270508,156914
51.850141763687134,156914
51.85172939300537,156914
51.852551221847534,156914
51.85337853431702,156914
51.854209899902344,156914
51.85503840446472,156914
51.85662007331848,156914
51.85744643211365,156914
51.85827350616455,156914
51.85910201072693,156914
51.860687494277954,156914
51.86150860786438,156914
51.86233568191528,156914
51.86315321922302,156914
51.864752769470215,156914
51.86557388305664,156914
51.86639738082886,156914
51.86721992492676,156914
51.86804676055908,156914
51.86963248252869,156914
51.87045121192932,156914
51.871278047561646,156914
51.87210655212402,156914
51.87369084358215,156914
51.87452268600464,156914
51.87534785270691,156914
51.87616801261902,156914
51.87775707244873,156914
51.87857675552368,156914
51.879404067993164,156914
51.8802273273468,156914
51.88105273246765,156914
51.88264346122742,156914
51.883469581604004,156914
51.88430881500244,156914
51.88512849807739,156914
51.88671612739563,156914
51.887537479400635,156914
51.888365745544434,156914
51.88919186592102,156914
51.8900203704834,156914
51.89160633087158,156914
51.89243292808533,156914
51.89325761795044,156914
51.894092082977295,156914
51.895673990249634,156914
51.89650321006775,156914
51.89732766151428,156914
51.89814782142639,156914
51.899739503860474,156914
51.90055990219116,156914
51.901386737823486,156914
51.90221166610718,156914
51.9030385017395,156914
51.90463328361511,156914
51.90545916557312,156914
51.906288146972656,156914
51.90711450576782,156914
51.90869760513306,156914
51.909520387649536,156914
51.91034770011902,156914
51.91117286682129,156914
51.91275644302368,156914
51.913578510284424,156914
51.914411544799805,156914
51.91523718833923,156914
51.91606259346008,156914
51.91764712333679,156914
51.91847562789917,156914
51.91930174827576,156914
51.920116901397705,156914
51.92170548439026,156914
51.92252802848816,156914
51.923354387283325,156914
51.92418360710144,156914
51.92501139640808,156914
51.926600217819214,156914
51.927425384521484,156914
51.92825102806091,156914
51.92907524108887,156914
51.93065857887268,156914
51.9314866065979,156914
51.93231534957886,156914
51.933143615722656,156914
51.93473696708679,156914
51.93555784225464,156914
51.93638324737549,156914
51.937204122543335,156914
51.938029527664185,156914
51.93961191177368,156914
51.94043564796448,156914
51.941258907318115,156914
51.94208383560181,156914
51.943671226501465,156914
51.94450354576111,156914
51.945329427719116,156914
51.94614601135254,156914
51.947739362716675,156914
51.94856333732605,156914
51.949387311935425,156914
51.95021200180054,156914
51.95103335380554,156914
51.952619791030884,156914
51.95344662666321,156914
51.95427846908569,156914
51.955103397369385,156914
51.956687688827515,156914
51.9575138092041,156914
51.95833969116211,156914
51.959158420562744,156914
51.96074676513672,156914
51.961567640304565,156914
51.962395668029785,156914
51.96321940422058,156914
51.964056730270386,156914
51.965646505355835,156914
51.966469526290894,156914
51.967297077178955,156914
51.96811819076538,156914
51.9697048664093,156914
51.97052764892578,156914
51.97135305404663,156914
51.972177267074585,156914
51.973761320114136,156914
51.97459316253662,156914
51.975417375564575,156914
51.97624111175537,156914
51.97706937789917,156914
51.978652238845825,156914
51.97947716712952,156914
51.980303049087524,156914
51.98112106323242,156914
51.982709884643555,156914
51.98352932929993,156914
51.984365940093994,156914
51.985188722610474,156914
51.986011028289795,156914
51.98759603500366,156914
51.98841953277588,156914
51.989243507385254,156914
51.990068674087524,156914
51.99165225028992,156914
51.99248027801514,156914
51.99330806732178,156914
51.994136810302734,156914
51.99572443962097,156914
51.996548652648926,156914
51.99737596511841,156914
51.99819874763489,156914
51.99902606010437,156914
52.000609159469604,156914
52.00143551826477,156914
52.00226163864136,156914
52.003087759017944,156914
52.00468420982361,156914
52.00550627708435,156914
52.00633478164673,156914
52.007155656814575,156914
52.00874614715576,156914
52.00956583023071,156914
52.01039004325867,156914
52.01121520996094,156914
52.01203989982605,156914
52.01362419128418,156914
52.01446080207825,156914
52.015286445617676,156914
52.01611542701721,156914
52.01769948005676,156914
52.018524169921875,156914
52.01935601234436,156914
52.020169258117676,156914
52.02175450325012,156914
52.022576570510864,156914
52.023404359817505,156914
52.02423858642578,156914
52.025062084198,156914
52.02664875984192,156914
52.027474880218506,156914
52.028305768966675,156914
52.02912497520447,156914
52.0307080745697,156914
52.03152894973755,156914
52.0323543548584,156914
52.03317737579346,156914
52.0340142250061,156914
52.03560400009155,156914
52.03642797470093,156914
52.03725481033325,156914
52.038079023361206,156914
52.03966236114502,156914
52.04049301147461,156914
52.04132127761841,156914
52.04214429855347,156914
52.04373335838318,156914
52.04456281661987,156914
52.04539132118225,156914
52.046218156814575,156914
52.04704213142395,156914
52.04862713813782,156914
52.049452781677246,156914
52.050278425216675,156914
52.05110549926758,156914
52.05269122123718,156914
52.0535147190094,156914
52.054348945617676,156914
52.055171728134155,156914
52.05676007270813,156914
52.057579040527344,156914
52.05840587615967,156914
52.05923247337341,156914
52.060057640075684,156914
52.061644315719604,156914
52.062471866607666,156914
52.06329798698425,156914
52.06412482261658,156914
52.065709590911865,156914
52.066532135009766,156914
52.067357301712036,156914
52.06817579269409,156914
52.069761991500854,156914
52.0705840587616,156914
52.071410179138184,156914
52.07223916053772,156914
52.073063373565674,156914
52.0746591091156,156914
52.075485706329346,156914
52.076313495635986,156914
52.07713866233826,156914
52.07872200012207,156914
52.07954740524292,156914
52.080376863479614,156914
52.08120012283325,156914
52.082024335861206,156914
52.083606243133545,156914
52.08444094657898,156914
52.08526539802551,156914
52.08608865737915,156914
52.08767604827881,156914
52.08850049972534,156914
52.089327573776245,156914
52.09014821052551,156914
52.09173798561096,156914
52.09256100654602,156914
52.09339165687561,156914
52.094228744506836,156914
52.095054388046265,156914
52.09664177894592,156914
52.097469091415405,156914
52.098291873931885,156914
52.09911870956421,156914
52.10069799423218,156914
52.10152316093445,156914
52.102349281311035,156914
52.103168964385986,156914
52.10400581359863,156914
52.105589151382446,156914
52.106417655944824,156914
52.10723948478699,156914
52.10806465148926,156914
52.109649896621704,156914
52.11047291755676,156914
52.111300230026245,156914
52.11211633682251,156914
52.11369824409485,156914
52.11452770233154,156914
52.11535453796387,156914
52.11618089675903,156914
52.117005348205566,156914
52.118590354919434,156914
52.11941981315613,156914
52.12025332450867,156914
52.121076583862305,156914
52.12265753746033,156914
52.12348556518555,156914
52.12431883811951,156914
52.125142097473145,156914
52.12673497200012,156914
52.127559185028076,156914
52.12838697433472,156914
52.129210472106934,156914
52.1300323009491,156914
52.13162136077881,156914
52.13244652748108,156914
52.13327407836914,156914
52.134105920791626,156914
52.13569641113281,156914
52.13652014732361,156914
52.13734197616577,156914
52.138166427612305,156914
52.13975501060486,156914
52.140578508377075,156914
52.14140486717224,156914
52.142231464385986,156914
52.143054485321045,156914
52.1446475982666,156914
52.14547681808472,156914
52.146302223205566,156914
52.147119998931885,156914
52.14871025085449,156914
52.14952993392944,156914
52.15035581588745,156914
52.151179790496826,156914
52.15276837348938,156914
52.1535918712616,156914
52.154428005218506,156914
52.15525555610657,156914
52.15608024597168,156914
52.157662868499756,156914
52.15848970413208,156914
52.159313440322876,156914
52.160130977630615,156914
52.16171717643738,156914
52.16254186630249,156914
52.163365840911865,156914
52.16419315338135,156914
52.165021657943726,156914
52.16660714149475,156914
52.16743588447571,156914
52.16825842857361,156914
52.16908144950867,156914
52.170668840408325,156914
52.17149233818054,156914
52.17232084274292,156914
52.1731390953064,156914
52.17473649978638,156914
52.17555785179138,156914
52.176385164260864,156914
52.177210092544556,156914
52.17802977561951,156914
52.17961621284485,156914
52.180442094802856,156914
52.18126463890076,156914
52.182090759277344,156914
52.183674812316895,156914
52.184510946273804,156914
52.18533730506897,156914
52.1861572265625,156914
52.187747955322266,156914
52.18856620788574,156914
52.18939518928528,156914
52.1902174949646,156914
52.191041469573975,156914
52.192628383636475,156914
52.193453311920166,156914
52.19428777694702,156914
52.195112466812134,156914
52.196698904037476,156914
52.19752311706543,156914
52.19834899902344,156914
52.19917559623718,156914
52.20076251029968,156914
52.20158672332764,156914
52.202412605285645,156914
52.203237533569336,156914
52.20407247543335,156914
52.205655574798584,156914
52.20648717880249,156914
52.20731282234192,156914
52.208130836486816,156914
52.209720849990845,156914
52.2105438709259,156914
52.21137356758118,156914
52.212197065353394,156914
52.21302032470703,156914
52.214614152908325,156914
52.215439558029175,156914
52.21626687049866,156914
52.2170889377594,156914
52.21867895126343,156914
52.219505310058594,156914
52.22032713890076,156914
52.22115230560303,156914
52.222739696502686,156914
52.223565101623535,156914
52.22440266609192,156914
52.225229263305664,156914
52.226051807403564,156914
52.22763228416443,156914
52.22846007347107,156914
52.22928237915039,156914
52.230109214782715,156914
52.23169279098511,156914
52.23251390457153,156914
52.23334097862244,156914
52.234169244766235,156914
52.23575782775879,156914
52.23658347129822,156914
52.237409591674805,156914
52.23823308944702,156914
52.239057302474976,156914
52.240641593933105,156914
52.24146914482117,156914
52.24229288101196,156914
52.24311304092407,156914
52.24470591545105,156914
52.24552774429321,156914
52.2463436126709,156914
52.247170209884644,156914
52.248757123947144,156914
52.249576807022095,156914
52.250407457351685,156914
52.25122904777527,156914
52.25205373764038,156914
52.25364327430725,156914
52.25447726249695,156914
52.255309104919434,156914
52.256131649017334,156914
52.257715463638306,156914
52.258538007736206,156914
52.25936150550842,156914
52.26018452644348,156914
52.26101279258728,156914
52.26259446144104,156914
52.263421297073364,156914
52.264254093170166,156914
52.26508116722107,156914
52.26666331291199,156914
52.26749062538147,156914
52.26831412315369,156914
52.26913356781006,156914
52.270724058151245,156914
52.27154326438904,156914
52.27237057685852,156914
52.273191690444946,156914
52.27402663230896,156914
52.275612115859985,156914
52.276437759399414,156914
52.277265310287476,156914
52.278090476989746,156914
52.27967405319214,156914
52.280500173568726,156914
52.2813241481781,156914
52.282148361206055,156914
52.28373575210571,156914
52.284568071365356,156914
52.28539061546326,156914
52.286213874816895,156914
52.28704333305359,156914
52.28862476348877,156914
52.28945589065552,156914
52.29028129577637,156914
52.29110312461853,156914
52.29269504547119,156914
52.29351615905762,156914
52.29435181617737,156914
52.295170545578,156914
52.29675483703613,156914
52.29757809638977,156914
52.29840397834778,156914
52.29923152923584,156914
52.30005955696106,156914
52.30164384841919,156914
52.30246829986572,156914
52.3032922744751,156914
52.30411672592163,156914
52.30570363998413,156914
52.30652689933777,156914
52.30735182762146,156914
52.30816960334778,156914
52.30976152420044,156914
52.310585498809814,156914
52.31141424179077,156914
52.31223964691162,156914
52.313055992126465,156914
52.31465768814087,156914
52.31548190116882,156914
52.316307067871094,156914
52.31713056564331,156914
52.31871461868286,156914
52.31953692436218,156914
52.32036542892456,156914
52.321192264556885,156914
52.32201600074768,156914
52.323598861694336,156914
52.32443404197693,156914
52.32525610923767,156914
52.32608151435852,156914
52.32766795158386,156914
52.32849454879761,156914
52.32931566238403,156914
52.33013391494751,156914
52.33172059059143,156914
52.332542181015015,156914
52.33337140083313,156914
52.33419609069824,156914
52.33502221107483,156914
52.33661103248596,156914
52.33743476867676,156914
52.33826041221619,156914
52.33908247947693,156914
52.34066700935364,156914
52.34149169921875,156914
52.34231686592102,156914
52.343143701553345,156914
52.34473705291748,156914
52.34556293487549,156914
52.34638833999634,156914
52.34721112251282,156914
52.34803652763367,156914
52.3496208190918,156914
52.35044884681702,156914
52.351274490356445,156914
52.352097272872925,156914
52.35368490219116,156914
52.35451817512512,156914
52.35534119606018,156914
52.356165647506714,156914
52.357755184173584,156914
52.35857629776001,156914
52.35940217971802,156914
52.360225200653076,156914
52.36104941368103,156914
52.362632513046265,156914
52.363460063934326,156914
52.36429142951965,156914
52.36511301994324,156914
52.36669564247131,156914
52.36751747131348,156914
52.36833882331848,156914
52.36915731430054,156914
52.370750427246094,156914
52.371572732925415,156914
52.372403144836426,156914
52.373228549957275,156914
52.37406039237976,156914
52.375648021698,156914
52.3764750957489,156914
52.37730312347412,156914
52.378119707107544,156914
52.37970948219299,156914
52.38053107261658,156914
52.3813591003418,156914
52.382184982299805,156914
52.38300824165344,156914
52.38460350036621,156914
52.38543081283569,156914
52.38625526428223,156914
52.38708186149597,156914
52.388662338256836,156914
52.38949370384216,156914
52.390318155288696,156914
52.3911349773407,156914
52.392725706100464,156914
52.39354634284973,156914
52.39438223838806,156914
52.39520764350891,156914
52.39603304862976,156914
52.39761710166931,156914
52.39844584465027,156914
52.399269819259644,156914
52.400094509124756,156914
52.40168213844299,156914
52.40250539779663,156914
52.40332913398743,156914
52.404157638549805,156914
52.40574336051941,156914
52.40656757354736,156914
52.407392740249634,156914
52.40821361541748,156914
52.40903878211975,156914
52.41061854362488,156914
52.41144776344299,156914
52.41227078437805,156914
52.41309595108032,156914
52.41468858718872,156914
52.41551208496094,156914
52.41633892059326,156914
52.417160749435425,156914
52.41874599456787,156914
52.419567823410034,156914
52.42039442062378,156914
52.421221017837524,156914
52.42204666137695,156914
52.423630714416504,156914
52.424466609954834,156914
52.42529010772705,156914
52.42611289024353,156914
52.42769908905029,156914
52.42852330207825,156914
52.42934799194336,156914
52.43016266822815,156914
52.431750535964966,156914
52.43257141113281,156914
52.433398485183716,156914
52.434234857559204,156914
52.43506050109863,156914
52.43664813041687,156914
52.43747425079346,156914
52.43830108642578,156914
52.439117431640625,156914
52.44070291519165,156914
52.44152617454529,156914
52.442352056503296,156914
52.44318175315857,156914
52.44401550292969,156914
52.44559907913208,156914
52.44642472267151,156914
52.44725060462952,156914
52.448076009750366,156914
52.44966268539429,156914
52.45049238204956,156914
52.45131874084473,156914
52.45213556289673,156914
52.453721046447754,156914
52.4545521736145,156914
52.45537829399109,156914
52.45620155334473,156914
52.45702600479126,156914
52.45860838890076,156914
52.45943593978882,156914
52.46026563644409,156914
52.46109223365784,156914
52.46267652511597,156914
52.46350169181824,156914
52.46433424949646,156914
52.46515512466431,156914
52.46674203872681,156914
52.46756649017334,156914
52.46839165687561,156914
52.46921181678772,156914
52.47003889083862,156914
52.4716215133667,156914
52.47245216369629,156914
52.47327256202698,156914
52.474106788635254,156914
52.475693702697754,156914
52.47651791572571,156914
52.47734546661377,156914
52.478169202804565,156914
52.479753255844116,156914
52.48057508468628,156914
52.481398582458496,156914
52.48222827911377,156914
52.48305320739746,156914
52.484649896621704,156914
52.48547434806824,156914
52.486300230026245,156914
52.487125635147095,156914
52.48870825767517,156914
52.48953056335449,156914
52.490357875823975,156914
52.491175413131714,156914
52.492767095565796,156914
52.493584632873535,156914
52.494423151016235,156914
52.495245695114136,156914
52.496071577072144,156914
52.49765610694885,156914
52.49847984313965,156914
52.49930548667908,156914
52.50012493133545,156914
52.50171518325806,156914
52.50253939628601,156914
52.50336694717407,156914
52.504196643829346,156914
52.505025148391724,156914
52.50660562515259,156914
52.5074303150177,156914
52.508257150650024,156914
52.50908446311951,156914
52.51066970825195,156914
52.51149821281433,156914
52.512324810028076,156914
52.51314449310303,156914
52.514744997024536,156914
52.51556372642517,156914
52.516387701034546,156914
52.51721501350403,156914
52.5180401802063,156914
52.519625186920166,156914
52.52045154571533,156914
52.521279096603394,156914
52.52210474014282,156914
52.52368950843811,156914
52.524523973464966,156914
52.52534890174866,156914
52.52617287635803,156914
52.52775716781616,156914
52.528581380844116,156914
52.52941012382507,156914
52.53023314476013,156914
52.53105902671814,156914
52.532641649246216,156914
52.53347086906433,156914
52.5343074798584,156914
52.53512740135193,156914
52.53671741485596,156914
52.537540674209595,156914
52.538368701934814,156914
52.539188861846924,156914
52.54001259803772,156914
52.54160141944885,156914
52.54242444038391,156914
52.54325222969055,156914
52.54408383369446,156914
52.54567193984985,156914
52.54650330543518,156914
52.54732608795166,156914
52.54814696311951,156914
52.549736976623535,156914
52.550559520721436,156914
52.55138659477234,156914
52.55221152305603,156914
52.5530424118042,156914
52.55463194847107,156914
52.555460691452026,156914
52.55628514289856,156914
52.5571072101593,156914
52.55869126319885,156914
52.559513568878174,156914
52.5603392124176,156914
52.56116247177124,156914
52.562753438949585,156914
52.563576221466064,156914
52.56440997123718,156914
52.56523823738098,156914
52.56606340408325,156914
52.567649602890015,156914
52.568475008010864,156914
52.569305419921875,156914
52.570125579833984,156914
52.5717089176178,156914
52.57253408432007,156914
52.573360443115234,156914
52.574188470840454,156914
52.57501554489136,156914
52.576600074768066,156914
52.57743167877197,156914
52.57825589179993,156914
52.57907819747925,156914
52.58066272735596,156914
52.5814893245697,156914
52.582316160202026,156914
52.58313179016113,156914
52.58472537994385,156914
52.58554768562317,156914
52.586374044418335,156914
52.58719611167908,156914
52.58802056312561,156914
52.58960771560669,156914
52.59043478965759,156914
52.59125995635986,156914
52.59208583831787,156914
52.593666791915894,156914
52.594507455825806,156914
52.595332860946655,156914
52.59614849090576,156914
52.59774041175842,156914
52.59855818748474,156914
52.59939098358154,156914
52.600212812423706,156914
52.60103940963745,156914
52.60262656211853,156914
52.60345268249512,156914
52.60428524017334,156914
52.605106592178345,156914
52.60668992996216,156914
52.60751271247864,156914
52.60833978652954,156914
52.609161138534546,156914
52.61074781417847,156914
52.61157178878784,156914
52.612399101257324,156914
52.613224267959595,156914
52.61405873298645,156914
52.61564517021179,156914
52.61647152900696,156914
52.61729645729065,156914
52.61811566352844,156914
52.61970806121826,156914
52.62052774429321,156914
52.62135577201843,156914
52.62217688560486,156914
52.6237633228302,156914
52.62459444999695,156914
52.62542223930359,156914
52.62624788284302,156914
52.62706923484802,156914
52.628658294677734,156914
52.6294846534729,156914
52.63030934333801,156914
52.631125688552856,156914
52.63270926475525,156914
52.63353157043457,156914
52.634366273880005,156914
52.63519096374512,156914
52.63601803779602,156914
52.63760733604431,156914
52.63843560218811,156914
52.639257192611694,156914
52.64008378982544,156914
52.64167547225952,156914
52.642497539520264,156914
52.64332699775696,156914
52.644155502319336,156914
52.6457462310791,156914
52.64656734466553,156914
52.64739489555359,156914
52.648218393325806,156914
52.64903926849365,156914
52.6506245136261,156914
52.65144991874695,156914
52.65227460861206,156914
52.653099060058594,156914
52.65469002723694,156914
52.65551447868347,156914
52.65633797645569,156914
52.657158851623535,156914
52.65874433517456,156914
52.659563302993774,156914
52.66039252281189,156914
52.66121554374695,156914
52.66203808784485,156914
52.6636266708374,156914
52.66446113586426,156914
52.66529083251953,156914
52.666112661361694,156914
52.66769886016846,156914
52.66852140426636,156914
52.669344663619995,156914
52.67017078399658,156914
52.6717586517334,156914
52.67257881164551,156914
52.67340421676636,156914
52.67423939704895,156914
52.67506289482117,156914
52.6766459941864,156914
52.67747163772583,156914
52.67829751968384,156914
52.67911505699158,156914
52.680705070495605,156914
52.6815288066864,156914
52.68235921859741,156914
52.683185338974,156914
52.68402123451233,156914
52.68561100959778,156914
52.68643856048584,156914
52.68726634979248,156914
52.68809247016907,156914
52.689680337905884,156914
52.690507650375366,156914
52.69133257865906,156914
52.692153453826904,156914
52.693742513656616,156914
52.69457459449768,156914
52.69540071487427,156914
52.696226835250854,156914
52.69705080986023,156914
52.69863176345825,156914
52.69946098327637,156914
52.700284481048584,156914
52.7011022567749,156914
52.70268940925598,156914
52.70351028442383,156914
52.70435094833374,156914
52.70517539978027,156914
52.70676302909851,156914
52.70758557319641,156914
52.708409547805786,156914
52.70923399925232,156914
52.710057973861694,156914
52.71164512634277,156914
52.712469816207886,156914
52.71329593658447,156914
52.71412444114685,156914
52.715709924697876,156914
52.71653652191162,156914
52.71736264228821,156914
52.71818733215332,156914
52.719013929367065,156914
52.720600843429565,156914
52.7214298248291,156914
52.722251892089844,156914
52.72307348251343,156914
52.72467041015625,156914
52.72549891471863,156914
52.726322889328,156914
52.727139949798584,156914
52.728726863861084,156914
52.729548931121826,156914
52.73037552833557,156914
52.73119831085205,156914
52.73202085494995,156914
52.73360347747803,156914
52.73444128036499,156914
52.73526668548584,156914
52.73609209060669,156914
52.73767352104187,156914
52.73850059509277,156914
52.73932695388794,156914
52.74014496803284,156914
52.74173593521118,156914
52.74255704879761,156914
52.743388175964355,156914
52.744221448898315,156914
52.745047092437744,156914
52.746633768081665,156914
52.74745559692383,156914
52.748281478881836,156914
52.74910020828247,156914
52.75068926811218,156914
52.751511335372925,156914
52.752339601516724,156914
52.75316500663757,156914
52.75475764274597,156914
52.75557994842529,156914
52.756407022476196,156914
52.757232427597046,156914
52.758058309555054,156914
52.759642601013184,156914
52.76046800613403,156914
52.761292695999146,156914
52.762110233306885,156914
52.763702154159546,156914
52.76453375816345,156914
52.7653603553772,156914
52.76617670059204,156914
52.767762660980225,156914
52.76858639717102,156914
52.769407987594604,156914
52.77023410797119,156914
52.77105760574341,156914
52.77264165878296,156914
52.773470640182495,156914
52.774306535720825,156914
52.77512335777283,156914
52.776708126068115,156914
52.77753210067749,156914
52.77835464477539,156914
52.77918076515198,156914
52.78000831604004,156914
52.78159141540527,156914
52.78241991996765,156914
52.783243894577026,156914
52.78408169746399,156914
52.78566837310791,156914
52.786495208740234,156914
52.78731608390808,156914
52.788137674331665,156914
52.789724349975586,156914
52.79054617881775,156914
52.79137182235718,156914
52.79219889640808,156914
52.793025732040405,156914
52.79461646080017,156914
52.79544138908386,156914
52.79626393318176,156914
52.79709029197693,156914
52.79866909980774,156914
52.79949712753296,156914
52.800318002700806,156914
52.80113768577576,156914
52.80272722244263,156914
52.80354905128479,156914
52.80438590049744,156914
52.8052134513855,156914
52.806034326553345,156914
52.80762314796448,156914
52.808451652526855,156914
52.809277057647705,156914
52.81010150909424,156914
52.81168484687805,156914
52.81250715255737,156914
52.8133327960968,156914
52.81416153907776,156914
52.81575036048889,156914
52.81657266616821,156914
52.81739950180054,156914
52.81822085380554,156914
52.81904864311218,156914
52.82063102722168,156914
52.82146167755127,156914
52.82228636741638,156914
52.82310676574707,156914
52.82470345497131,156914
52.82552695274353,156914
52.82635521888733,156914
52.827179193496704,156914
52.82876396179199,156914
52.82958698272705,156914
52.83041334152222,156914
52.83124256134033,156914
52.83206558227539,156914
52.83365225791931,156914
52.834487438201904,156914
52.8353111743927,156914
52.83613586425781,156914
52.83771467208862,156914
52.838536739349365,156914
52.83936071395874,156914
52.84018039703369,156914
52.84101104736328,156914
52.84259104728699,156914
52.84341883659363,156914
52.84425640106201,156914
52.84507870674133,156914
52.84666609764099,156914
52.84749126434326,156914
52.848320722579956,156914
52.84913730621338,156914
52.85072374343872,156914
52.85154604911804,156914
52.85237789154053,156914
52.85319924354553,156914
52.854037284851074,156914
52.85562205314636,156914
52.85645532608032,156914
52.85728335380554,156914
52.85811114311218,156914
52.859694719314575,156914
52.860517501831055,156914
52.861342906951904,156914
52.862163066864014,156914
52.863757848739624,156914
52.86458873748779,156914
52.86541700363159,156914
52.866241693496704,156914
52.86706519126892,156914
52.868651390075684,156914
52.86947536468506,156914
52.870299339294434,156914
52.871113777160645,156914
52.872697591781616,156914
52.87351965904236,156914
52.874356746673584,156914
52.87518048286438,156914
52.87676548957825,156914
52.87758827209473,156914
52.87841248512268,156914
52.87923812866211,156914
52.8800630569458,156914
52.88164830207825,156914
52.88247466087341,156914
52.883301734924316,156914
52.88412690162659,156914
52.88571286201477,156914
52.88653302192688,156914
52.88735866546631,156914
52.888174533843994,156914
52.88976216316223,156914
52.890586614608765,156914
52.89141082763672,156914
52.89223670959473,156914
52.893059968948364,156914
52.89465093612671,156914
52.89547824859619,156914
52.89630341529846,156914
52.89712691307068,156914
52.89871168136597,156914
52.899532079696655,156914
52.90035843849182,156914
52.90118074417114,156914
52.90200686454773,156914
52.90359044075012,156914
52.90442728996277,156914
52.90525150299072,156914
52.906070709228516,156914
52.907660484313965,156914
52.90848350524902,156914
52.90931844711304,156914
52.9101402759552,156914
52.9117329120636,156914
52.91255593299866,156914
52.91337990760803,156914
52.91421294212341,156914
52.91503953933716,156914
52.91662120819092,156914
52.91744899749756,156914
52.91827082633972,156914
52.919097900390625,156914
52.92068147659302,156914
52.9215042591095,156914
52.92232871055603,156914
52.9231481552124,156914
52.9247522354126,156914
52.92557334899902,156914
52.926398277282715,156914
52.92722225189209,156914
52.928046464920044,156914
52.92963624000549,156914
52.93046021461487,156914
52.931286334991455,156914
52.9321084022522,156914
52.93369746208191,156914
52.934529542922974,156914
52.93535327911377,156914
52.93617486953735,156914
52.937758684158325,156914
52.93857932090759,156914
52.93940496444702,156914
52.94023394584656,156914
52.941059589385986,156914
52.9426474571228,156914
52.9434769153595,156914
52.94431734085083,156914
52.94513273239136,156914
52.94671630859375,156914
52.947535276412964,156914
52.94836091995239,156914
52.949188470840454,156914
52.950013399124146,156914
52.951597690582275,156914
52.952423095703125,156914
52.95324683189392,156914
52.954081773757935,156914
52.955665826797485,156914
52.95649337768555,156914
52.95731449127197,156914
52.95813536643982,156914
52.959726095199585,156914
52.9605507850647,156914
52.961376905441284,156914
52.96220111846924,156914
52.963029861450195,156914
52.96462607383728,156914
52.96545386314392,156914
52.96628212928772,156914
52.967100858688354,156914
52.968690633773804,156914
52.96951103210449,156914
52.9703414440155,156914
52.97116422653198,156914
52.972750186920166,156914
52.97357416152954,156914
52.97440958023071,156914
52.97523379325867,156914
52.97605848312378,156914
52.97764444351196,156914
52.97847247123718,156914
52.97929644584656,156914
52.9801185131073,156914
52.98170328140259,156914
52.98252582550049,156914
52.98335313796997,156914
52.98418092727661,156914
52.98500728607178,156914
52.986592292785645,156914
52.987422704696655,156914
52.98825192451477,156914
52.98907542228699,156914
52.99066209793091,156914
52.99148774147034,156914
52.99232029914856,156914
52.99313950538635,156914
52.99473524093628,156914
52.99555730819702,156914
52.99638533592224,156914
52.99721074104309,156914
52.99803590774536,156914
52.999621868133545,156914
53.00044393539429,156914
53.001267194747925,156914
53.002095222473145,156914
53.003681898117065,156914
53.004512310028076,156914
53.00533890724182,156914
53.0061559677124,156914
53.00774526596069,156914
53.00856566429138,156914
53.00939321517944,156914
53.01021456718445,156914
53.011038064956665,156914
53.01262593269348,156914
53.01345086097717,156914
53.014286279678345,156914
53.01510977745056,156914
53.016693115234375,156914
53.017515897750854,156914
53.01834273338318,156914
53.01916480064392,156914
53.020753383636475,156914
53.02157402038574,156914
53.02240014076233,156914
53.02322292327881,156914
53.024062395095825,156914
53.02564525604248,156914
53.02647280693054,156914
53.027299880981445,156914
53.02811884880066,156914
53.02970600128174,156914
53.030527114868164,156914
53.03135347366333,156914
53.03217530250549,156914
53.03376388549805,156914
53.03459358215332,156914
53.03541898727417,156914
53.036245584487915,156914
53.03707194328308,156914
53.03865885734558,156914
53.039483070373535,156914
53.04031038284302,156914
53.041136503219604,156914
53.042722940444946,156914
53.04354691505432,156914
53.04438519477844,156914
53.045209646224976,156914
53.04603362083435,156914
53.04761743545532,156914
53.048444986343384,156914
53.049269914627075,156914
53.05009055137634,156914
53.051679611206055,156914
53.052502155303955,156914
53.05332970619202,156914
53.054158449172974,156914
53.05574321746826,156914
53.05656385421753,156914
53.0573890209198,156914
53.05820965766907,156914
53.059035301208496,156914
53.06062054634094,156914
53.06144428253174,156914
53.06226325035095,156914
53.06309270858765,156914
53.06468749046326,156914
53.065509557724,156914
53.066336154937744,156914
53.06715226173401,156914
53.06873869895935,156914
53.0695583820343,156914
53.07038688659668,156914
53.07121181488037,156914
53.07203483581543,156914
53.07361888885498,156914
53.07445240020752,156914
53.07527995109558,156914
53.07610011100769,156914
53.077683210372925,156914
53.07850766181946,156914
53.079333543777466,156914
53.080158710479736,156914
53.081746339797974,156914
53.08257055282593,156914
53.083396673202515,156914
53.08423185348511,156914
53.085055351257324,156914
53.08663630485535,156914
53.087464809417725,156914
53.08829307556152,156914
53.08910918235779,156914
53.09069466590881,156914
53.09151482582092,156914
53.09234118461609,156914
53.09316372871399,156914
53.09475493431091,156914
53.09557914733887,156914
53.096407413482666,156914
53.097233295440674,156914
53.098055362701416,156914
53.099642753601074,156914
53.100470781326294,156914
53.101298332214355,156914
53.102118253707886,156914
53.10370683670044,156914
53.104538440704346,156914
53.10536289215088,156914
53.10618352890015,156914
53.107011795043945,156914
53.10859560966492,156914
53.10942316055298,156914
53.11024570465088,156914
53.111069440841675,156914
53.11265730857849,156914
53.11348342895508,156914
53.11432480812073,156914
53.11514329910278,156914
53.1167356967926,156914
53.11755895614624,156914
53.11838436126709,156914
53.1192102432251,156914
53.12003254890442,156914
53.121618032455444,156914
53.12244534492493,156914
53.12326526641846,156914
53.12410235404968,156914
53.1256890296936,156914
53.12651467323303,156914
53.127342224121094,156914
53.12816596031189,156914
53.129754066467285,156914
53.1305730342865,156914
53.131399154663086,156914
53.13222002983093,156914
53.13304686546326,156914
53.1346390247345,156914
53.13546538352966,156914
53.136293172836304,156914
53.13710975646973,156914
53.138696908950806,156914
53.13952040672302,156914
53.14034676551819,156914
53.14117240905762,156914
53.1427538394928,156914
53.14357566833496,156914
53.144410848617554,156914
53.14523482322693,156914
53.14601540565491,156914
53.14738130569458,156914
53.148298263549805,156914
53.149226903915405,156914
53.15014624595642,156914
53.151060342788696,156914
53.15241551399231,156914
53.153337240219116,156914
53.15427017211914,156914
53.1551878452301,156914
53.15611004829407,156914
53.157026290893555,156914
53.15838146209717,156914
53.15929675102234,156914
53.16021943092346,156914
53.161137342453,156914
53.16205453872681,156914
53.163411140441895,156914
53.16433906555176,156914
53.165257930755615,156914
53.16617965698242,156914
53.167102098464966,156914
53.16801881790161,156914
53.169368743896484,156914
53.17028737068176,156914
53.17120575904846,156914
53.17212414741516,156914
53.17303800582886,156914
53.1744065284729,156914
53.1753249168396,156914
53.176241397857666,156914
53.177159547805786,156914
53.17807674407959,156914
53.17943024635315,156914
53.1803514957428,156914
53.18126964569092,156914
53.18218922615051,156914
53.18310618400574,156914
53.18402862548828,156914
53.18538737297058,156914
53.18630385398865,156914
53.18722200393677,156914
53.1881422996521,156914
53.18906307220459,156914
53.190420150756836,156914
53.191338300704956,156914
53.19225764274597,156914
53.19317865371704,156914
53.194108724594116,156914
53.1950249671936,156914
53.196383237838745,156914
53.197301626205444,156914
53.198222160339355,156914
53.19913864135742,156914
53.20005440711975,156914
53.2014045715332,156914
53.20231747627258,156914
53.2032310962677,156914
53.20416045188904,156914
53.20507526397705,156914
53.20643424987793,156914
53.20735239982605,156914
53.2082736492157,156914
53.209190368652344,156914
53.21010708808899,156914
53.2110230922699,156914
53.21237826347351,156914
53.213297843933105,156914
53.214223861694336,156914
53.21514320373535,156914
53.21605968475342,156914
53.21741509437561,156914
53.21833157539368,156914
53.21925187110901,156914
53.2201669216156,156914
53.22108316421509,156914
53.22200322151184,156914
53.22335863113403,156914
53.22428917884827,156914
53.22520709037781,156914
53.22612380981445,156914
53.22703838348389,156914
53.22839403152466,156914
53.22931218147278,156914
53.23023438453674,156914
53.23115396499634,156914
53.232069969177246,156914
53.233423948287964,156914
53.23434901237488,156914
53.23526906967163,156914
53.23618531227112,156914
53.23710250854492,156914
53.23801851272583,156914
53.23937463760376,156914
53.240291357040405,156914
53.24121117591858,156914
53.24213147163391,156914
53.243048906326294,156914
53.24441599845886,156914
53.24533176422119,156914
53.246251344680786,156914
53.247174978256226,156914
53.248093128204346,156914
53.24901294708252,156914
53.250367879867554,156914
53.25128650665283,156914
53.252203941345215,156914
53.253119707107544,156914
53.254040479660034,156914
53.25539588928223,156914
53.25631380081177,156914
53.25723218917847,156914
53.25814986228943,156914
53.25906419754028,156914
53.2604193687439,156914
53.2613365650177,156914
53.26225543022156,156914
53.26317739486694,156914
53.264108419418335,156914
53.26502227783203,156914
53.26637291908264,156914
53.267290115356445,156914
53.268208026885986,156914
53.269124269485474,156914
53.27004098892212,156914
53.271395206451416,156914
53.27231526374817,156914
53.27323532104492,156914
53.274168729782104,156914
53.27508783340454,156914
53.276004791259766,156914
53.27736210823059,156914
53.278281450271606,156914
53.27919888496399,156914
53.280117988586426,156914
53.28103590011597,156914
53.28239178657532,156914
53.28330969810486,156914
53.284239053726196,156914
53.28516101837158,156914
53.28607749938965,156914
53.28743124008179,156914
53.288349628448486,156914
53.2892689704895,156914
53.29018807411194,156914
53.29110336303711,156914
53.29202365875244,156914
53.29338097572327,156914
53.294312953948975,156914
53.29523181915283,156914
53.29615306854248,156914
53.29706859588623,156914
53.29842519760132,156914
53.299341440200806,156914
53.3002610206604,156914
53.30118227005005,156914
53.302098989486694,156914
53.303016901016235,156914
53.30437660217285,156914
53.30529427528381,156914
53.30621600151062,156914
53.307132959365845,156914
53.308050870895386,156914
53.309406995773315,156914
53.31032395362854,156914
53.31124544143677,156914
53.312164306640625,156914
53.31308102607727,156914
53.314008712768555,156914
53.315362215042114,156914
53.31628608703613,156914
53.31720542907715,156914
53.318126916885376,156914
53.31904220581055,156914
53.32040071487427,156914
53.32131552696228,156914
53.32223653793335,156914
53.3231520652771,156914
53.324073791503906,156914
53.32543158531189,156914
53.3263463973999,156914
53.32726573944092,156914
53.32818651199341,156914
53.32910871505737,156914
53.33002233505249,156914
53.331372022628784,156914
53.3322868347168,156914
53.333207845687866,156914
53.334136962890625,156914
53.33505344390869,156914
53.33641457557678,156914
53.337334394454956,156914
53.338252544403076,156914
53.339173793792725,156914
53.34009385108948,156914
53.34101057052612,156914
53.34236717224121,156914
53.343287229537964,156914
53.34421753883362,156914
53.345139026641846,156914
53.346054792404175,156914
53.34740996360779,156914
53.348326206207275,156914
53.349244594573975,156914
53.35016465187073,156914
53.35108423233032,156914
53.35244131088257,156914
53.353360652923584,156914
53.354299545288086,156914
53.35522103309631,156914
53.35614061355591,156914
53.35706114768982,156914
53.358420610427856,156914
53.359341859817505,156914
53.36026358604431,156914
53.36118006706238,156914
53.36210250854492,156914
53.363016843795776,156914
53.3643844127655,156914
53.365302324295044,156914
53.36622428894043,156914
53.36714196205139,156914
53.36805725097656,156914
53.369415283203125,156914
53.37033176422119,156914
53.371251821517944,156914
53.37217116355896,156914
53.373093128204346,156914
53.37402105331421,156914
53.37537908554077,156914
53.37629580497742,156914
53.37721586227417,156914
53.378135204315186,156914
53.37905144691467,156914
53.38040828704834,156914
53.3813271522522,156914
53.38224697113037,156914
53.38316559791565,156914
53.38409423828125,156914
53.38501238822937,156914
53.38636565208435,156914
53.38728404045105,156914
53.388203859329224,156914
53.38911962509155,156914
53.39003396034241,156914
53.39138865470886,156914
53.39230513572693,156914
53.393224477767944,156914
53.39415431022644,156914
53.39506959915161,156914
53.39642119407654,156914
53.397337913513184,156914
53.39825487136841,156914
53.39917492866516,156914
53.40008735656738,156914
53.40100359916687,156914
53.40235900878906,156914
53.40327715873718,156914
53.40420579910278,156914
53.4051251411438,156914
53.40604281425476,156914
53.40739679336548,156914
53.408313035964966,156914
53.409231185913086,156914
53.41015076637268,156914
53.41106629371643,156914
53.412423849105835,156914
53.41333889961243,156914
53.41426968574524,156914
53.41519021987915,156914
53.41610789299011,156914
53.41702151298523,156914
53.41837739944458,156914
53.41929841041565,156914
53.420217514038086,156914
53.421138286590576,156914
53.422054290771484,156914
53.42341446876526,156914
53.42434239387512,156914
53.4252610206604,156914
53.4261794090271,156914
53.42710018157959,156914
53.42801594734192,156914
53.429367542266846,156914
53.43028712272644,156914
53.43120551109314,156914
53.432125091552734,156914
53.43304109573364,156914
53.43440771102905,156914
53.43532466888428,156914
53.43624424934387,156914
53.43716049194336,156914
53.438072204589844,156914
53.43942832946777,156914
53.44034957885742,156914
53.44126582145691,156914
53.44218444824219,156914
53.44310140609741,156914
53.444026947021484,156914
53.44537973403931,156914
53.44629788398743,156914
53.447219371795654,156914
53.4481360912323,156914
53.44905233383179,156914
53.450409173965454,156914
53.45132780075073,156914
53.452245235443115,156914
53.453163385391235,156914
53.45409154891968,156914
53.455010175704956,156914
53.45636248588562,156914
53.457282304763794,156914
53.45820474624634,156914
53.45912289619446,156914
53.46003556251526,156914
53.461392402648926,156914
53.462305307388306,156914
53.46322464942932,156914
53.46415328979492,156914
53.46506977081299,156914
53.466423749923706,156914
53.46734023094177,156914
53.468260765075684,156914
53.46917676925659,156914
53.470093727111816,156914
53.471007108688354,156914
53.472363233566284,156914
53.4732825756073,156914
53.47421312332153,156914
53.47512984275818,156914
53.47604179382324,156914
53.477396726608276,156914
53.47831439971924,156914
53.4792320728302,156914
53.48015308380127,156914
53.48106646537781,156914
53.482425928115845,156914
53.48334002494812,156914
53.484270334243774,156914
53.485191106796265,156914
53.48611116409302,156914
53.487030029296875,156914
53.488383054733276,156914
53.48930048942566,156914
53.49022126197815,156914
53.4911425113678,156914
53.49205756187439,156914
53.49341344833374,156914
53.49433946609497,156914
53.49525713920593,156914
53.496177434921265,156914
53.4970977306366,156914
53.4980149269104,156914
53.499369621276855,156914
53.500288248062134,156914
53.50120759010315,156914
53.50212478637695,156914
53.50303888320923,156914
53.504409313201904,156914
53.50532627105713,156914
53.50624704360962,156914
53.50716495513916,156914
53.50808072090149,156914
53.509437561035156,156914
53.5103554725647,156914
53.51127481460571,156914
53.51219367980957,156914
53.51311492919922,156914
53.51404309272766,156914
53.515401124954224,156914
53.516316652297974,156914
53.51723599433899,156914
53.51815629005432,156914
53.51907563209534,156914
53.52043056488037,156914
53.521347522735596,156914
53.522263526916504,156914
53.52318263053894,156914
53.524110555648804,156914
53.52502465248108,156914
53.5263786315918,156914
53.52729511260986,156914
53.528215169906616,156914
53.529136657714844,156914
53.53005528450012,156914
53.53141236305237,156914
53.53233098983765,156914
53.53325080871582,156914
53.53417921066284,156914
53.53510117530823,156914
53.536017179489136,156914
53.53737235069275,156914
53.53828978538513,156914
53.539209842681885,156914
53.540133237838745,156914
53.54105043411255,156914
53.54240369796753,156914
53.54332137107849,156914
53.54424977302551,156914
53.545165061950684,156914
53.54608345031738,156914
53.547438859939575,156914
53.54837465286255,156914
53.549294233322144,156914
53.5502188205719,156914
53.551138162612915,156914
53.552056550979614,156914
53.55340838432312,156914
53.5543372631073,156914
53.55525732040405,156914
53.556177377700806,156914
53.55709791183472,156914
53.55801463127136,156914
53.5593683719635,156914
53.56028652191162,156914
53.56120491027832,156914
53.56212615966797,156914
53.563042879104614,156914
53.56441259384155,156914
53.56533432006836,156914
53.5662522315979,156914
53.567171573638916,156914
53.568095684051514,156914
53.56901454925537,156914
53.57037019729614,156914
53.57128667831421,156914
53.57220530509949,156914
53.57312202453613,156914
53.574049949645996,156914
53.57540559768677,156914
53.57632255554199,156914
53.57724165916443,156914
53.57816243171692,156914
53.579081773757935,156914
53.58043813705444,156914
53.58135628700256,156914
53.582273960113525,156914
53.58319592475891,156914
53.584126234054565,156914
53.585049867630005,156914
53.586408376693726,156914
53.587326765060425,156914
53.58824586868286,156914
53.589168310165405,156914
53.59008765220642,156914
53.59100389480591,156914
53.5923593044281,156914
53.59327673912048,156914
53.59420824050903,156914
53.59512734413147,156914
53.59604239463806,156914
53.59740209579468,156914
53.59832429885864,156914
53.59924030303955,156914
53.60015892982483,156914
53.601075410842896,156914
53.60242986679077,156914
53.60334777832031,156914
53.604278326034546,156914
53.60519623756409,156914
53.60611391067505,156914
53.60702633857727,156914
53.608383655548096,156914
53.609302282333374,156914
53.61022186279297,156914
53.61114263534546,156914
53.612059116363525,156914
53.61341166496277,156914
53.61433744430542,156914
53.61525535583496,156914
53.61617350578308,156914
53.617090702056885,156914
53.618006229400635,156914
53.619362592697144,156914
53.62027907371521,156914
53.62119936943054,156914
53.622116804122925,156914
53.62303352355957,156914
53.62439966201782,156914
53.62532019615173,156914
53.62623834609985,156914
53.62715744972229,156914
53.62807512283325,156914
53.62942981719971,156914
53.63034629821777,156914
53.631264448165894,156914
53.63218402862549,156914
53.63310408592224,156914
53.63402795791626,156914
53.635382652282715,156914
53.636300563812256,156914
53.63721776008606,156914
53.63813495635986,156914
53.63905048370361,156914
53.64040780067444,156914
53.641324043273926,156914
53.642245292663574,156914
53.643166065216064,156914
53.644091844558716,156914
53.64501094818115,156914
53.646366357803345,156914
53.647284507751465,156914
53.64820146560669,156914
53.649120807647705,156914
53.65003967285156,156914
53.65139555931091,156914
53.65231251716614,156914
53.653231620788574,156914
53.65416145324707,156914
53.655075550079346,156914
53.656434297561646,156914
53.6573531627655,156914
53.658273220062256,156914
53.659191846847534,156914
53.660109996795654,156914
53.66102981567383,156914
53.662386417388916,156914
53.6633038520813,156914
53.664236307144165,156914
53.66515564918518,156914
53.66607093811035,156914
53.667428970336914,156914
53.668344259262085,156914
53.66926097869873,156914
53.67018151283264,156914
53.67110276222229,156914
53.67202019691467,156914
53.673375368118286,156914
53.67430138587952,156914
53.67522144317627,156914
53.67613983154297,156914
53.67705750465393,156914
53.67841720581055,156914
53.67933416366577,156914
53.680253982543945,156914
53.68117141723633,156914
53.68208718299866,156914
53.6830050945282,156914
53.68437123298645,156914
53.685290813446045,156914
53.68621349334717,156914
53.68713140487671,156914
53.688048124313354,156914
53.68940448760986,156914
53.69032096862793,156914
53.69123888015747,156914
53.69215941429138,156914
53.69307899475098,156914
53.6940062046051,156914
53.69536352157593,156914
53.696284532547,156914
53.69720506668091,156914
53.69812250137329,156914
53.699036836624146,156914
53.70039772987366,156914
53.70131325721741,156914
53.702229738235474,156914
53.703150272369385,156914
53.70407581329346,156914
53.70543026924133,156914
53.70635104179382,156914
53.707268476486206,156914
53.708189725875854,156914
53.709110498428345,156914
53.710026025772095,156914
53.71138072013855,156914
53.71229958534241,156914
53.71321988105774,156914
53.714147090911865,156914
53.71506643295288,156914
53.71642255783081,156914
53.717339277267456,156914
53.7182834148407,156914
53.71920561790466,156914
53.720123291015625,156914
53.72103977203369,156914
53.722392559051514,156914
53.72331261634827,156914
53.72424364089966,156914
53.7251615524292,156914
53.726078033447266,156914
53.72743034362793,156914
53.7283456325531,156914
53.729262351989746,156914
53.73019218444824,156914
53.73111438751221,156914
53.73202586174011,156914
53.733381032943726,156914
53.734309911727905,156914
53.735228061676025,156914
53.73614692687988,156914
53.737064599990845,156914
53.73841953277588,156914
53.73933553695679,156914
53.740256786346436,156914
53.74117851257324,156914
53.74209785461426,156914
53.743013858795166,156914
53.74437880516052,156914
53.74529790878296,156914
53.74621772766113,156914
53.74713468551636,156914
53.74805164337158,156914
53.7494113445282,156914
53.75033187866211,156914
53.751251459121704,156914
53.752169370651245,156914
53.753087282180786,156914
53.75401425361633,156914
53.75536870956421,156914
53.75629115104675,156914
53.75721216201782,156914
53.75813102722168,156914
53.759053230285645,156914
53.760409116744995,156914
53.76132655143738,156914
53.76224708557129,156914
53.76316833496094,156914
53.764092206954956,156914
53.765010833740234,156914
53.7663676738739,156914
53.76728916168213,156914
53.768205642700195,156914
53.769122838974,156914
53.770039081573486,156914
53.77139186859131,156914
53.77230954170227,156914
53.77323007583618,156914
53.77416181564331,156914
53.77507948875427,156914
53.77643609046936,156914
53.77735233306885,156914
53.77827739715576,156914
53.77919626235962,156914
53.780115365982056,156914
53.781033754348755,156914
53.782390832901,156914
53.783310413360596,156914
53.78424000740051,156914
53.78516125679016,156914
53.78607988357544,156914
53.78743648529053,156914
53.78835320472717,156914
53.78927397727966,156914
53.790194034576416,156914
53.791110038757324,156914
53.79202628135681,156914
53.79337954521179,156914
53.79430913925171,156914
53.795222997665405,156914
53.796142578125,156914
53.79705858230591,156914
53.79841351509094,156914
53.799328565597534,156914
53.80024766921997,156914
53.80116629600525,156914
53.80208611488342,156914
53.803006410598755,156914
53.804370164871216,156914
53.805291175842285,156914
53.806211709976196,156914
53.807135343551636,156914
53.8080518245697,156914
53.80940771102905,156914
53.81032156944275,156914
53.81124210357666,156914
53.812161684036255,156914
53.81307911872864,156914
53.81400799751282,156914
53.81536245346069,156914
53.816282749176025,156914
53.81720161437988,156914
53.81812334060669,156914
53.819040298461914,156914
53.82040071487427,156914
53.82131862640381,156914
53.82223725318909,156914
53.82315635681152,156914
53.82407808303833,156914
53.82543158531189,156914
53.826348066329956,156914
53.82726573944092,156914
53.828181982040405,156914
53.82909846305847,156914
53.830015420913696,156914
53.831371784210205,156914
53.83228659629822,156914
53.833203077316284,156914
53.83413124084473,156914
53.83504843711853,156914
53.83640813827515,156914
53.83732581138611,156914
53.83824181556702,156914
53.839160203933716,156914
53.840078592300415,156914
53.84143400192261,156914
53.8423535823822,156914
53.843271017074585,156914
53.84420132637024,156914
53.845118284225464,156914
53.84603214263916,156914
53.847386598587036,156914
53.84830284118652,156914
53.84922242164612,156914
53.85014605522156,156914
53.85106706619263,156914
53.85242462158203,156914
53.853344440460205,156914
53.854286670684814,156914
53.855207681655884,156914
53.85612916946411,156914
53.85704708099365,156914
53.85840392112732,156914
53.85932278633118,156914
53.86024069786072,156914
53.861159324645996,156914
53.86207842826843,156914
53.863436222076416,156914
53.864362955093384,156914
53.8652822971344,156914
53.86620330810547,156914
53.86712050437927,156914
53.86803913116455,156914
53.86939096450806,156914
53.870311975479126,156914
53.87123441696167,156914
53.87215185165405,156914
53.87306880950928,156914
53.87443470954895,156914
53.8753502368927,156914
53.87626791000366,156914
53.87719225883484,156914
53.87810969352722,156914
53.87902522087097,156914
53.880375623703,156914
53.88129281997681,156914
53.882208824157715,156914
53.88312911987305,156914
53.88405442237854,156914
53.88540959358215,156914
53.886330366134644,156914
53.88724732398987,156914
53.88816571235657,156914
53.889079332351685,156914
53.89043378829956,156914
53.891348361968994,156914
53.89226794242859,156914
53.893187284469604,156914
53.894116163253784,156914
53.89503192901611,156914
53.896387338638306,156914
53.89730381965637,156914
53.89822316169739,156914
53.89914536476135,156914
53.90006113052368,156914
53.901416063308716,156914
53.90233564376831,156914
53.90325713157654,156914
53.90418863296509,156914
53.90510582923889,156914
53.90602374076843,156914
53.907376527786255,156914
53.90829634666443,156914
53.90921425819397,156914
53.91013264656067,156914
53.91104507446289,156914
53.91240167617798,156914
53.91331481933594,156914
53.91424489021301,156914
53.91516423225403,156914
53.916077613830566,156914
53.91743183135986,156914
53.91834831237793,156914
53.919267892837524,156914
53.920186281204224,156914
53.921107053756714,156914
53.92202425003052,156914
53.92338180541992,156914
53.92430591583252,156914
53.925225496292114,156914
53.926145792007446,156914
53.92706084251404,156914
53.92842125892639,156914
53.92933654785156,156914
53.930254220962524,156914
53.931172132492065,156914
53.932093381881714,156914
53.933011054992676,156914
53.93437933921814,156914
53.93529486656189,156914
53.93621349334717,156914
53.93713355064392,156914
53.938050270080566,156914
53.9394052028656,156914
53.94032096862793,156914
53.94124174118042,156914
53.942161560058594,156914
53.94308257102966,156914
53.944010496139526,156914
53.945369482040405,156914
53.946285247802734,156914
53.947205781936646,156914
53.94812774658203,156914
53.94904375076294,156914
53.95039510726929,156914
53.95131254196167,156914
53.952229738235474,156914
53.95314931869507,156914
53.9540753364563,156914
53.95543193817139,156914
53.9563512802124,156914
53.95726919174194,156914
53.958189249038696,156914
53.959108114242554,156914
53.960022926330566,156914
53.96137857437134,156914
53.962297677993774,156914
53.96321892738342,156914
53.96414589881897,156914
53.965062618255615,156914
53.96641755104065,156914
53.96733641624451,156914
53.96825289726257,156914
53.96917414665222,156914
53.97009325027466,156914
53.97101140022278,156914
53.97236657142639,156914
53.97328448295593,156914
53.9742157459259,156914
53.975136518478394,156914
53.97605323791504,156914
53.977407693862915,156914
53.97832632064819,156914
53.979244232177734,156914
53.98016381263733,156914
53.98107886314392,156914
53.98243570327759,156914
53.98335003852844,156914
53.98428130149841,156914
53.98520255088806,156914
53.986122131347656,156914
53.98704147338867,156914
53.98839592933655,156914
53.98931288719177,156914
53.99023175239563,156914
53.99115180969238,156914
53.99206852912903,156914
53.99342226982117,156914
53.99434447288513,156914
53.995264530181885,156914
53.996182918548584,156914
53.997101068496704,156914
53.99801707267761,156914
53.99937176704407,156914
54.00029444694519,156914
54.001216650009155,156914
54.002137660980225,156914
54.003056049346924,156914
54.0044219493866,156914
54.00533986091614,156914
54.0062620639801,156914
54.00718092918396,156914
54.0081000328064,156914
54.009018659591675,156914
54.010374307632446,156914
54.01129746437073,156914
54.01221537590027,156914
54.01313400268555,156914
54.01405882835388,156914
54.015413999557495,156914
54.016329765319824,156914
54.017250776290894,156914
54.01817059516907,156914
54.019087076187134,156914
54.02043700218201,156914
54.021353244781494,156914
54.02227163314819,156914
54.02319025993347,156914
54.02411890029907,156914
54.02503681182861,156914
54.02639031410217,156914
54.02730631828308,156914
54.02822709083557,156914
54.02914571762085,156914
54.03005862236023,156914
54.031413316726685,156914
54.03233027458191,156914
54.03325009346008,156914
54.034180641174316,156914
54.03510117530823,156914
54.036014795303345,156914
54.037367820739746,156914
54.03828549385071,156914
54.0392062664032,156914
54.04012703895569,156914
54.04104208946228,156914
54.042399883270264,156914
54.04332137107849,156914
54.04425358772278,156914
54.045170307159424,156914
54.04609036445618,156914
54.047006130218506,156914
54.048359870910645,156914
54.049278259277344,156914
54.0501983165741,156914
54.05111885070801,156914
54.05203318595886,156914
54.05339169502258,156914
54.054320096969604,156914
54.05523896217346,156914
54.05616021156311,156914
54.0570809841156,156914
54.05843639373779,156914
54.05935311317444,156914
54.0602707862854,156914
54.06119132041931,156914
54.062111139297485,156914
54.063027143478394,156914
54.064390897750854,156914
54.065308809280396,156914
54.06623125076294,156914
54.06715178489685,156914
54.06806802749634,156914
54.06942343711853,156914
54.07034182548523,156914
54.07126259803772,156914
54.072181940078735,156914
54.07310247421265,156914
54.07402586936951,156914
54.075385093688965,156914
54.076305627822876,156914
54.077226400375366,156914
54.078147411346436,156914
54.07906365394592,156914
54.08042049407959,156914
54.08133792877197,156914
54.082258462905884,156914
54.08317732810974,156914
54.08410716056824,156914
54.08502388000488,156914
54.08637881278992,156914
54.08729863166809,156914
54.08821725845337,156914
54.089139461517334,156914
54.09005618095398,156914
54.0914101600647,156914
54.092329263687134,156914
54.093250036239624,156914
54.0941846370697,156914
54.0951042175293,156914
54.096022605895996,156914
54.09737849235535,156914
54.09829592704773,156914
54.09921383857727,156914
54.10013222694397,156914
54.1010468006134,156914
54.10240125656128,156914
54.10332155227661,156914
54.10425519943237,156914
54.10517621040344,156914
54.10609745979309,156914
54.1070122718811,156914
54.10836839675903,156914
54.10928702354431,156914
54.11020636558533,156914
54.11112689971924,156914
54.11204481124878,156914
54.11340141296387,156914
54.11432766914368,156914
54.115249156951904,156914
54.11616826057434,156914
54.11708688735962,156914
54.118003129959106,156914
54.1193585395813,156914
54.12027430534363,156914
54.121190309524536,156914
54.122109174728394,156914
54.12302541732788,156914
54.124388456344604,156914
54.12530279159546,156914
54.12622356414795,156914
54.12714385986328,156914
54.1280632019043,156914
54.12942147254944,156914
54.130337953567505,156914
54.131258487701416,156914
54.13217854499817,156914
54.13309979438782,156914
54.13402795791626,156914
54.135380268096924,156914
54.13629651069641,156914
54.137213706970215,156914
54.138134717941284,156914
54.13905096054077,156914
54.14040780067444,156914
54.14132523536682,156914
54.142247438430786,156914
54.143168449401855,156914
54.14409279823303,156914
54.14501118659973,156914
54.146366119384766,156914
54.14728283882141,156914
54.14820122718811,156914
54.14911961555481,156914
54.150033950805664,156914
54.151392698287964,156914
54.15230751037598,156914
54.153226375579834,156914
54.15415692329407,156914
54.15507245063782,156914
54.156428813934326,156914
54.15734386444092,156914
54.15826177597046,156914
54.15917897224426,156914
54.16009736061096,156914
54.16101384162903,156914
54.16236853599548,156914
54.163283586502075,156914
54.16421341896057,156914
54.16513204574585,156914
54.16604495048523,156914
54.16739249229431,156914
54.16830658912659,156914
54.1692271232605,156914
54.170146465301514,156914
54.171061992645264,156914
54.17241954803467,156914
54.173343896865845,156914
54.17427349090576,156914
54.175193309783936,156914
54.17611241340637,156914
54.17702651023865,156914
54.17837643623352,156914
54.1792938709259,156914
54.1802134513855,156914
54.1811306476593,156914
54.182048082351685,156914
54.18340611457825,156914
54.18433165550232,156914
54.185253620147705,156914
54.1861777305603,156914
54.18709707260132,156914
54.1880156993866,156914
54.18936800956726,156914
54.19028878211975,156914
54.19120669364929,156914
54.19212341308594,156914
54.19303917884827,156914
54.1944055557251,156914
54.19532299041748,156914
54.19623899459839,156914
54.19715690612793,156914
54.19807410240173,156914
54.19942855834961,156914
54.20034599304199,156914
54.20126485824585,156914
54.2021861076355,156914
54.2031033039093,156914
54.204028367996216,156914
54.20538258552551,156914
54.20630192756653,156914
54.20721769332886,156914
54.20813846588135,156914
54.20905518531799,156914
54.210415840148926,156914
54.21133351325989,156914
54.212255001068115,156914
54.21317481994629,156914
54.21410131454468,156914
54.21502137184143,156914
54.2163770198822,156914
54.21729254722595,156914
54.2182092666626,156914
54.219128370285034,156914
54.22004413604736,156914
54.221400022506714,156914
54.2223174571991,156914
54.22323799133301,156914
54.224167346954346,156914
54.225085973739624,156914
54.22600436210632,156914
54.22735643386841,156914
54.22827625274658,156914
54.22919416427612,156914
54.2301139831543,156914
54.231030225753784,156914
54.232380867004395,156914
54.23329997062683,156914
54.23422956466675,156914
54.235148429870605,156914
54.23606467247009,156914
54.23741817474365,156914
54.238335609436035,156914
54.23925423622131,156914
54.240174770355225,156914
54.24109387397766,156914
54.24200940132141,156914
54.24336791038513,156914
54.24429702758789,156914
54.24521780014038,156914
54.24613547325134,156914
54.24705481529236,156914
54.24841356277466,156914
54.249335289001465,156914
54.25025486946106,156914
54.251174449920654,156914
54.25209164619446,156914
54.25301003456116,156914
54.25437331199646,156914
54.25529146194458,156914
54.2562096118927,156914
54.25712776184082,156914
54.25804376602173,156914
54.25939989089966,156914
54.260316610336304,156914
54.26123666763306,156914
54.26215410232544,156914
54.263073682785034,156914
54.26400589942932,156914
54.265363454818726,156914
54.26628017425537,156914
54.267197132110596,156914
54.268113136291504,156914
54.26902627944946,156914
54.27037739753723,156914
54.27130079269409,156914
54.27222228050232,156914
54.273139238357544,156914
54.2740638256073,156914
54.275421380996704,156914
54.27633786201477,156914
54.277254581451416,156914
54.2781765460968,156914
54.27909016609192,156914
54.28000736236572,156914
54.28136658668518,156914
54.282288551330566,156914
54.28320837020874,156914
54.284136056900024,156914
54.285054445266724,156914
54.28640961647034,156914
54.28732872009277,156914
54.28824973106384,156914
54.289169788360596,156914
54.290091037750244,156914
54.29100823402405,156914
54.29236340522766,156914
54.29328203201294,156914
54.294209718704224,156914
54.295125007629395,156914
54.296040296554565,156914
54.29739189147949,156914
54.29830837249756,156914
54.299224615097046,156914
54.3001434803009,156914
54.30105948448181,156914
54.30242204666138,156914
54.30333876609802,156914
54.30427265167236,156914
54.305190563201904,156914
54.30610752105713,156914
54.30702185630798,156914
54.3083758354187,156914
54.309290647506714,156914
54.310208797454834,156914
54.31112813949585,156914
54.312042474746704,156914
54.31339645385742,156914
54.31432056427002,156914
54.3152391910553,156914
54.316157817840576,156914
54.317076683044434,156914
54.31843447685242,156914
54.31935262680054,156914
54.320273876190186,156914
54.32119178771973,156914
54.32211136817932,156914
54.323025941848755,156914
54.324390172958374,156914
54.32530617713928,156914
54.32622742652893,156914
54.32714557647705,156914
54.32806396484375,156914
54.32941651344299,156914
54.33033347129822,156914
54.33125424385071,156914
54.33217525482178,156914
54.33309507369995,156914
54.334022521972656,156914
54.33538460731506,156914
54.33630132675171,156914
54.33722162246704,156914
54.338139057159424,156914
54.33905577659607,156914
54.340413093566895,156914
54.34132933616638,156914
54.34224581718445,156914
54.343164920806885,156914
54.34409022331238,156914
54.34501028060913,156914
54.346368074417114,156914
54.34728455543518,156914
54.348204612731934,156914
54.34912323951721,156914
54.35004115104675,156914
54.351396322250366,156914
54.35231375694275,156914
54.353232622146606,156914
54.35415959358215,156914
54.3550763130188,156914
54.35643482208252,156914
54.357354164123535,156914
54.3582706451416,156914
54.35919237136841,156914
54.36011099815369,156914
54.36102771759033,156914
54.36238622665405,156914
54.363303899765015,156914
54.364232778549194,156914
54.36514973640442,156914
54.366068840026855,156914
54.36742305755615,156914
54.368340730667114,156914
54.36925745010376,156914
54.37017631530762,156914
54.37109065055847,156914
54.37200427055359,156914
54.37335777282715,156914
54.37428545951843,156914
54.375205278396606,156914
54.3761203289032,156914
54.37703466415405,156914
54.378390312194824,156914
54.37930774688721,156914
54.38023138046265,156914
54.38115119934082,156914
54.38206458091736,156914
54.383421659469604,156914
54.38434553146362,156914
54.38526439666748,156914
54.38617920875549,156914
54.387096881866455,156914
54.38801455497742,156914
54.38936424255371,156914
54.390283823013306,156914
54.39120149612427,156914
54.392120599746704,156914
54.39303421974182,156914
54.39440155029297,156914
54.395317792892456,156914
54.39623665809631,156914
54.39715027809143,156914
54.39806628227234,156914
54.399423599243164,156914
54.40034055709839,156914
54.40126156806946,156914
54.40217924118042,156914
54.403095722198486,156914
54.40402054786682,156914
54.405378580093384,156914
54.40629434585571,156914
54.407212018966675,156914
54.40813183784485,156914
54.409045696258545,156914
54.41040062904358,156914
54.4113187789917,156914
54.41223883628845,156914
54.41315841674805,156914
54.41408729553223,156914
54.415005922317505,156914
54.416359424591064,156914
54.41727876663208,156914
54.41819977760315,156914
54.41911864280701,156914
54.42003321647644,156914
54.421388149261475,156914
54.4223051071167,156914
54.423222064971924,156914
54.424152135849,156914
54.42506694793701,156914
54.42642068862915,156914
54.42733716964722,156914
54.4282546043396,156914
54.429174184799194,156914
54.43009305000305,156914
54.431010484695435,156914
54.43236446380615,156914
54.43328332901001,156914
54.43421387672424,156914
54.43513035774231,156914
54.43604588508606,156914
54.437400817871094,156914
54.43831491470337,156914
54.43923473358154,156914
54.44015407562256,156914
54.441070556640625,156914
54.44242572784424,156914
54.443339109420776,156914
54.444268465042114,156914
54.445188760757446,156914
54.44610786437988,156914
54.44702434539795,156914
54.44838094711304,156914
54.449299573898315,156914
54.4502170085907,156914
54.451138973236084,156914
54.45205593109131,156914
54.45341348648071,156914
54.45434045791626,156914
54.45526123046875,156914
54.456183195114136,156914
54.45710110664368,156914
54.45802164077759,156914
54.45937514305115,156914
54.46029591560364,156914
54.46121621131897,156914
54.46213722229004,156914
54.46304988861084,156914
54.46442008018494,156914
54.465336084365845,156914
54.46625328063965,156914
54.467169761657715,156914
54.46808743476868,156914
54.46900510787964,156914
54.47036147117615,156914
54.471277713775635,156914
54.472193002700806,156914
54.47310948371887,156914
54.47403168678284,156914
54.47538900375366,156914
54.476304054260254,156914
54.47722291946411,156914
54.47814321517944,156914
54.479060888290405,156914
54.48042106628418,156914
54.48134231567383,156914
54.482261419296265,156914
54.48318552970886,156914
54.4841148853302,156914
54.48503351211548,156914
54.48638987541199,156914
54.48730778694153,156914
54.4882287979126,156914
54.48914885520935,156914
54.49006485939026,156914
54.49142241477966,156914
54.49234104156494,156914
54.49325895309448,156914
54.49418616294861,156914
54.49510717391968,156914
54.49602174758911,156914
54.49737596511841,156914
54.498294830322266,156914
54.49921464920044,156914
54.50013446807861,156914
54.50104904174805,156914
54.50240635871887,156914
54.50332474708557,156914
54.50425601005554,156914
54.50517511367798,156914
54.50609731674194,156914
54.507012605667114,156914
54.50836896896362,156914
54.50928616523743,156914
54.510207653045654,156914
54.51112651824951,156914
54.512043476104736,156914
54.51340126991272,156914
54.51432991027832,156914
54.51524996757507,156914
54.51616668701172,156914
54.517085552215576,156914
54.518439531326294,156914
54.51935529708862,156914
54.52027344703674,156914
54.52119183540344,156914
54.52211356163025,156914
54.52302956581116,156914
54.524393796920776,156914
54.5253119468689,156914
54.52622723579407,156914
54.52714490890503,156914
54.52805829048157,156914
54.529415130615234,156914
54.530332803726196,156914
54.53125286102295,156914
54.53217267990112,156914
54.533090353012085,156914
54.53401517868042,156914
54.53536915779114,156914
54.53628921508789,156914
54.53720736503601,156914
54.53812766075134,156914
54.53904438018799,156914
54.54040169715881,156914
54.54131579399109,156914
54.542232275009155,156914
54.54315161705017,156914
54.54407477378845,156914
54.545433044433594,156914
54.54635143280029,156914
54.5472731590271,156914
54.548192501068115,156914
54.54911231994629,156914
54.550047874450684,156914
54.55141091346741,156914
54.55232906341553,156914
54.553247690200806,156914
54.55417585372925,156914
54.555094718933105,156914
54.556012868881226,156914
54.557368516922,156914
54.55828619003296,156914
54.55920481681824,156914
54.56012320518494,156914
54.5610408782959,156914
54.56239414215088,156914
54.56331253051758,156914
54.56424164772034,156914
54.56516432762146,156914
54.566078901290894,156914
54.56743502616882,156914
54.56835126876831,156914
54.56926989555359,156914
54.57018971443176,156914
54.57110643386841,156914
54.572023153305054,156914
54.57337927818298,156914
54.57430911064148,156914
54.57522463798523,156914
54.576143980026245,156914
54.577059745788574,156914
54.57841372489929,156914
54.57932901382446,156914
54.58024787902832,156914
54.58116817474365,156914
54.5820837020874,156914
54.58343768119812,156914
54.58436417579651,156914
54.5852837562561,156914
54.58620071411133,156914
54.587119579315186,156914
54.58803367614746,156914
54.589385986328125,156914
54.59030032157898,156914
54.59121918678284,156914
54.59213709831238,156914
54.59305143356323,156914
54.594419956207275,156914
54.59533452987671,156914
54.596253395080566,156914
54.59717130661011,156914
54.59808850288391,156914
54.59900426864624,156914
54.600359201431274,156914
54.601276874542236,156914
54.60219764709473,156914
54.603116273880005,156914
54.60403776168823,156914
54.605396032333374,156914
54.60631465911865,156914
54.60723352432251,156914
54.60815095901489,156914
54.60907006263733,156914
54.61042666435242,156914
54.611345529556274,156914
54.61226534843445,156914
54.61318349838257,156914
54.61411261558533,156914
54.61503052711487,156914
54.6163854598999,156914
54.617302894592285,156914
54.618226289749146,156914
54.61914587020874,156914
54.620065689086914,156914
54.62142276763916,156914
54.6223418712616,156914
54.62326145172119,156914
54.624189615249634,156914
54.62510919570923,156914
54.62602686882019,156914
54.627384424209595,156914
54.62830138206482,156914
54.629220485687256,156914
54.630139112472534,156914
54.631059408187866,156914
54.632418632507324,156914
54.63333749771118,156914
54.63426613807678,156914
54.63518714904785,156914
54.63610315322876,156914
54.637017488479614,156914
54.63837003707886,156914
54.639289140701294,156914
54.640207052230835,156914
54.64112401008606,156914
54.64203906059265,156914
54.64339280128479,156914
54.644317388534546,156914
54.64523386955261,156914
54.646153926849365,156914
54.647069692611694,156914
54.648422718048096,156914
54.64933967590332,156914
54.65026021003723,156914
54.65118074417114,156914
54.652100563049316,156914
54.65301752090454,156914
54.654377698898315,156914
54.655298471450806,156914
54.65621781349182,156914
54.65713715553284,156914
54.65805196762085,156914
54.659411668777466,156914
54.660327434539795,156914
54.66124606132507,156914
54.66216444969177,156914
54.6630802154541,156914
54.66400361061096,156914
54.665359020233154,156914
54.66627860069275,156914
54.66719627380371,156914
54.668116331100464,156914
54.66903281211853,156914
54.67038893699646,156914
54.67130374908447,156914
54.67222499847412,156914
54.673147201538086,156914
54.674067974090576,156914
54.67542362213135,156914
54.67633843421936,156914
54.67725586891174,156914
54.67817401885986,156914
54.67909121513367,156914
54.68000793457031,156914
54.68136143684387,156914
54.682278633117676,156914
54.6831955909729,156914
54.68412256240845,156914
54.68503999710083,156914
54.686399698257446,156914
54.68731713294983,156914
54.68823528289795,156914
54.68915367126465,156914
54.69007158279419,156914
54.69142556190491,156914
54.692341804504395,156914
54.69325804710388,156914
54.694188356399536,156914
54.695106506347656,156914
54.69602155685425,156914
54.69737505912781,156914
54.698293924331665,156914
54.69921064376831,156914
54.70012879371643,156914
54.70104503631592,156914
54.70239806175232,156914
54.703315019607544,156914
54.70424556732178,156914
54.705161809921265,156914
54.706076860427856,156914
54.7074294090271,156914
54.7083420753479,156914
54.709261894226074,156914
54.71018195152283,156914
54.711100339889526,156914
54.712015867233276,156914
54.713367223739624,156914
54.714296102523804,156914
54.715214252471924,156914
54.71613264083862,156914
54.71704816818237,156914
54.71842885017395,156914
54.71934628486633,156914
54.72026467323303,156914
54.72118592262268,156914
54.72210454940796,156914
54.723023414611816,156914
54.72439193725586,156914
54.72531318664551,156914
54.72623538970947,156914
54.72715663909912,156914
54.72807455062866,156914
54.729429960250854,156914
54.730356216430664,156914
54.73127627372742,156914
54.73219418525696,156914
54.733115911483765,156914
54.73404049873352,156914
54.735398292541504,156914
54.736315965652466,156914
54.73723363876343,156914
54.7381534576416,156914
54.7390718460083,156914
54.74042510986328,156914
54.74134159088135,156914
54.742263317108154,156914
54.74318289756775,156914
54.7441132068634,156914
54.7450315952301,156914
54.74638557434082,156914
54.74730348587036,156914
54.748220682144165,156914
54.74914360046387,156914
54.750056743621826,156914
54.751412868499756,156914
54.75233006477356,156914
54.75324463844299,156914
54.75417876243591,156914
54.75509786605835,156914
54.75601601600647,156914
54.7573664188385,156914
54.758285999298096,156914
54.75920343399048,156914
54.760122299194336,156914
54.76103615760803,156914
54.76239204406738,156914
54.763306617736816,156914
54.764235496520996,156914
54.765156269073486,156914
54.76607060432434,156914
54.767430543899536,156914
54.7683527469635,156914
54.76926612854004,156914
54.770179748535156,156914
54.77109909057617,156914
54.77201318740845,156914
54.77336859703064,156914
54.77429747581482,156914
54.775219202041626,156914
54.77613663673401,156914
54.777050256729126,156914
54.778404712677,156914
54.779322147369385,156914
54.780242681503296,156914
54.78116416931152,156914
54.78208351135254,156914
54.78300666809082,156914
54.78437042236328,156914
54.78528308868408,156914
54.78620004653931,156914
54.787121295928955,156914
54.78803515434265,156914
54.789387702941895,156914
54.79030156135559,156914
54.791218757629395,156914
54.79213881492615,156914
54.79305601119995,156914
54.79442358016968,156914
54.79534387588501,156914
54.796257972717285,156914
54.797178983688354,156914
54.798094034194946,156914
54.79900646209717,156914
54.80036449432373,156914
54.801284074783325,156914
54.802202224731445,156914
54.80311918258667,156914
54.80404305458069,156914
54.80539655685425,156914
54.80631136894226,156914
54.807228088378906,156914
54.80814480781555,156914
54.80906057357788,156914
54.81041359901428,156914
54.81133008003235,156914
54.81224846839905,156914
54.81317090988159,156914
54.81409978866577,156914
54.81501865386963,156914
54.81637215614319,156914
54.81729030609131,156914
54.81820821762085,156914
54.819130182266235,156914
54.82004761695862,156914
54.821404218673706,156914
54.82231950759888,156914
54.823238134384155,156914
54.82416915893555,156914
54.82508420944214,156914
54.82644009590149,156914
54.827357053756714,156914
54.828274726867676,156914
54.82919192314148,156914
54.83011174201965,156914
54.831029176712036,156914
54.83238339424133,156914
54.83329916000366,156914
54.834232568740845,156914
54.83515286445618,156914
54.83606576919556,156914
54.83742308616638,156914
54.838343143463135,156914
54.839261054992676,156914
54.840179443359375,156914
54.84109616279602,156914
54.84201192855835,156914
54.84336185455322,156914
54.844290256500244,156914
54.84521126747131,156914
54.84612727165222,156914
54.84704041481018,156914
54.84839463233948,156914
54.84931135177612,156914
54.85023069381714,156914
54.85115075111389,156914
54.85206866264343,156914
54.85342478752136,156914
54.854350090026855,156914
54.85526919364929,156914
54.85618782043457,156914
54.8571081161499,156914
54.85802364349365,156914
54.859381437301636,156914
54.86029887199402,156914
54.861220598220825,156914
54.86213994026184,156914
54.8630576133728,156914
54.864422082901,156914
54.86533784866333,156914
54.86625528335571,156914
54.867175340652466,156914
54.86809253692627,156914
54.86901092529297,156914
54.87036371231079,156914
54.87128162384033,156914
54.8721981048584,156914
54.87311673164368,156914
54.87404417991638,156914
54.87539863586426,156914
54.87631297111511,156914
54.877230644226074,156914
54.87814974784851,156914
54.8790647983551,156914
54.88042187690735,156914
54.88133645057678,156914
54.882256507873535,156914
54.883174419403076,156914
54.884098529815674,156914
54.88501572608948,156914
54.88636827468872,156914
54.887288093566895,156914
54.8882052898407,156914
54.88912582397461,156914
54.89004182815552,156914
54.891396045684814,156914
54.892311334609985,156914
54.893232107162476,156914
54.89416193962097,156914
54.89507579803467,156914
54.89642858505249,156914
54.89734172821045,156914
54.89825940132141,156914
54.899179458618164,156914
54.900097131729126,156914
54.901015281677246,156914
54.902371883392334,156914
54.90328907966614,156914
54.90421986579895,156914
54.905139207839966,156914
54.906054735183716,156914
54.9074068069458,156914
54.908324241638184,156914
54.90924024581909,156914
54.91016173362732,156914
54.9110791683197,156914
54.912431478500366,156914
54.913349628448486,156914
54.91427755355835,156914
54.91519546508789,156914
54.91611433029175,156914
54.91703200340271,156914
54.918391704559326,156914
54.9193115234375,156914
54.92023229598999,156914
54.921149492263794,156914
54.92206382751465,156914
54.9234139919281,156914
54.92434024810791,156914
54.92525792121887,156914
54.9261794090271,156914
54.92709517478943,156914
54.92801022529602,156914
54.92936444282532,156914
54.93028235435486,156914
54.931203842163086,156914
54.93212008476257,156914
54.933035373687744,156914
54.93440318107605,156914
54.93532133102417,156914
54.936237812042236,156914
54.93715953826904,156914
54.93807077407837,156914
54.93942594528198,156914
54.94033861160278,156914
54.94126057624817,156914
54.94217777252197,156914
54.943092584609985,156914
54.9440176486969,156914
54.94536876678467,156914
54.946287870407104,156914
54.94720482826233,156914
54.94812369346619,156914
54.94903802871704,156914
54.95039248466492,156914
54.951308250427246,156914
54.95223140716553,156914
54.95314931869507,156914
54.95407557487488,156914
54.95543551445007,156914
54.95635390281677,156914
54.95727205276489,156914
54.95819354057312,156914
54.959113359451294,156914
54.96002960205078,156914
54.96138882637024,156914
54.96230483055115,156914
54.963226079940796,156914
54.96415638923645,156914
54.965073347091675,156914
54.966428995132446,156914
54.96734356880188,156914
54.96826148033142,156914
54.96917748451233,156914
54.97009491920471,156914
54.971009969711304,156914
54.972365617752075,156914
54.97328329086304,156914
54.97421383857727,156914
54.97513222694397,156914
54.97604727745056,156914
54.977400064468384,156914
54.978315114974976,156914
54.979236364364624,156914
54.98015308380127,156914
54.98107123374939,156914
54.982428789138794,156914
54.98334813117981,156914
54.98427486419678,156914
54.98519682884216,156914
54.986114740371704,156914
54.98702812194824,156914
54.98838448524475,156914
54.98930215835571,156914
54.99022364616394,156914
54.991142988204956,156914
54.99206352233887,156914
54.993417739868164,156914
54.99434447288513,156914
54.99526309967041,156914
54.99618482589722,156914
54.99710202217102,156914
54.99801468849182,156914
54.99936890602112,156914
55.00028896331787,156914
55.00120711326599,156914
55.00212550163269,156914
55.00304055213928,156914
55.00440454483032,156914
55.0053231716156,156914
55.00624132156372,156914
55.00716018676758,156914
55.00807547569275,156914
55.009432315826416,156914
55.01034879684448,156914
55.011263847351074,156914
55.0121853351593,156914
55.01310205459595,156914
55.01402831077576,156914
55.01538920402527,156914
55.01630640029907,156914
55.0172278881073,156914
55.018146991729736,156914
55.01906394958496,156914
55.020418882369995,156914
55.02133345603943,156914
55.02225208282471,156914
55.02317214012146,156914
55.02409553527832,156914
55.02501177787781,156914
55.02636933326721,156914
55.02728509902954,156914
55.028202295303345,156914
55.0291223526001,156914
55.0300395488739,156914
55.03139519691467,156914
55.03230953216553,156914
55.03322958946228,156914
55.03416180610657,156914
55.03507685661316,156914
55.03643560409546,156914
55.03735423088074,156914
55.038275718688965,156914
55.03919553756714,156914
55.040114402770996,156914
55.041030406951904,156914
55.04238533973694,156914
55.043301582336426,156914
55.044230937957764,156914
55.04515027999878,156914
55.04606628417969,156914
55.04742455482483,156914
55.04834055900574,156914
55.04926633834839,156914
55.050185680389404,156914
55.051106691360474,156914
55.052024841308594,156914
55.053378105163574,156914
55.05430293083191,156914
55.05522346496582,156914
55.056140422821045,156914
55.057056188583374,156914
55.05841517448425,156914
55.05933356285095,156914
55.06025457382202,156914
55.061171770095825,156914
55.06209087371826,156914
55.06300687789917,156914
55.06437397003174,156914
55.06528925895691,156914
55.06620669364929,156914
55.06712603569031,156914
55.06804132461548,156914
55.06939721107483,156914
55.070314168930054,156914
55.07123351097107,156914
55.07214975357056,156914
55.0730676651001,156914
55.07443404197693,156914
55.07535004615784,156914
55.07627010345459,156914
55.07719278335571,156914
55.07811379432678,156914
55.07902503013611,156914
55.080382347106934,156914
55.08130145072937,156914
55.082221031188965,156914
55.08314275741577,156914
55.084068775177,156914
55.08542490005493,156914
55.08634638786316,156914
55.087268352508545,156914
55.0881872177124,156914
55.089106798172,156914
55.09002184867859,156914
55.09137439727783,156914
55.09229636192322,156914
55.09321665763855,156914
55.09414577484131,156914
55.09506320953369,156914
55.09641766548157,156914
55.09733843803406,156914
55.098260164260864,156914
55.099180459976196,156914
55.10009741783142,156914
55.101014137268066,156914
55.10236859321594,156914
55.10328793525696,156914
55.104217767715454,156914
55.10513687133789,156914
55.106054067611694,156914
55.10740852355957,156914
55.10832738876343,156914
55.10924696922302,156914
55.110166788101196,156914
55.11108160018921,156914
55.11243557929993,156914
55.11335015296936,156914
55.114278078079224,156914
55.115198612213135,156914
55.11611771583557,156914
55.1170334815979,156914
55.11838936805725,156914
55.11930727958679,156914
55.120227575302124,156914
55.12114977836609,156914
55.12206840515137,156914
55.1234245300293,156914
55.124348163604736,156914
55.12527060508728,156914
55.12618970870972,156914
55.12710952758789,156914
55.12802696228027,156914
55.1293830871582,156914
55.130303621292114,156914
55.13122296333313,156914
55.132142066955566,156914
55.133058071136475,156914
55.13442611694336,156914
55.13534092903137,156914
55.13625741004944,156914
55.137176752090454,156914
55.13809323310852,156914
55.13901233673096,156914
55.14036726951599,156914
55.141284227371216,156914
55.14220309257507,156914
55.14311981201172,156914
55.14404535293579,156914
55.14540147781372,156914
55.14631986618042,156914
55.147238969802856,156914
55.14815807342529,156914
55.14907455444336,156914
55.150429487228394,156914
55.15134787559509,156914
55.15226459503174,156914
55.1531822681427,156914
55.154112815856934,156914
55.15502619743347,156914
55.15638041496277,156914
55.15729832649231,156914
55.158217668533325,156914
55.15913772583008,156914
55.1600501537323,156914
55.16140961647034,156914
55.16232752799988,156914
55.163246870040894,156914
55.164175033569336,156914
55.16509461402893,156914
55.1660099029541,156914
55.16736388206482,156914
55.1682825088501,156914
55.16920351982117,156914
55.17012047767639,156914
55.17103672027588,156914
55.172394037246704,156914
55.173311948776245,156914
55.174243688583374,156914
55.17516326904297,156914
55.17608118057251,156914
55.17743730545044,156914
55.1783561706543,156914
55.1792733669281,156914
55.18019509315491,156914
55.18111538887024,156914
55.18203139305115,156914
55.18338751792908,156914
55.18431615829468,156914
55.18523359298706,156914
55.18614959716797,156914
55.18706655502319,156914
55.188421964645386,156914
55.18933939933777,156914
55.19025993347168,156914
55.19118118286133,156914
55.19210076332092,156914
55.19301795959473,156914
55.1943838596344,156914
55.195300817489624,156914
55.19621658325195,156914
55.19714021682739,156914
55.19805717468262,156914
55.19941258430481,156914
55.20033097267151,156914
55.20124936103821,156914
55.202171325683594,156914
55.203089475631714,156914
55.20401453971863,156914
55.205368757247925,156914
55.20628499984741,156914
55.20720362663269,156914
55.20812368392944,156914
55.209038734436035,156914
55.21039581298828,156914
55.2113151550293,156914
55.21223306655884,156914
55.213154792785645,156914
55.21407866477966,156914
55.21543264389038,156914
55.216349840164185,156914
55.217268228530884,156914
55.2181875705719,156914
55.21910786628723,156914
55.22002816200256,156914
55.22138071060181,156914
55.22229886054993,156914
55.22321701049805,156914
55.224148750305176,156914
55.22506356239319,156914
55.22641658782959,156914
55.227333068847656,156914
55.22825074195862,156914
55.2291693687439,156914
55.23008632659912,156914
55.23100543022156,156914
55.23236107826233,156914
55.23327970504761,156914
55.23421049118042,156914
55.2351279258728,156914
55.23604226112366,156914
55.23739957809448,156914
55.23831629753113,156914
55.23923349380493,156914
55.240150690078735,156914
55.2410683631897,156914
55.24242663383484,156914
55.24334502220154,156914
55.244274616241455,156914
55.245192527770996,156914
55.246111154556274,156914
55.24702739715576,156914
55.24837803840637,156914
55.24929690361023,156914
55.25021553039551,156914
55.251131534576416,156914
55.25204682350159,156914
55.253403186798096,156914
55.25432848930359,156914
55.25524830818176,156914
55.25616765022278,156914
55.25708293914795,156914
55.25843667984009,156914
55.25935459136963,156914
55.26027035713196,156914
55.26119112968445,156914
55.26210808753967,156914
55.263023376464844,156914
55.264389753341675,156914
55.265308141708374,156914
55.266228675842285,156914
55.26714563369751,156914
55.268059730529785,156914
55.269416093826294,156914
55.2703320980072,156914
55.27125120162964,156914
55.2721688747406,156914
55.27308440208435,156914
55.27401161193848,156914
55.275367975234985,156914
55.276283979415894,156914
55.277201890945435,156914
55.278120040893555,156914
55.27903485298157,156914
55.280388593673706,156914
55.28130626678467,156914
55.282225131988525,156914
55.28314399719238,156914
55.284067153930664,156914
55.285419940948486,156914
55.286335945129395,156914
55.28725552558899,156914
55.28817629814148,156914
55.28909397125244,156914
55.29001069068909,156914
55.29136276245117,156914
55.2922797203064,156914
55.293195724487305,156914
55.29412651062012,156914
55.295047998428345,156914
55.296401262283325,156914
55.2973198890686,156914
55.29823684692383,156914
55.299153566360474,156914
55.30006647109985,156914
55.3014235496521,156914
55.302342891693115,156914
55.30326199531555,156914
55.30419039726257,156914
55.305110931396484,156914
55.3060245513916,156914
55.307377099990845,156914
55.308295488357544,156914
55.30921697616577,156914
55.31013202667236,156914
55.31104898452759,156914
55.31240487098694,156914
55.31332445144653,156914
55.314252853393555,156914
55.31517291069031,156914
55.31609129905701,156914
55.317009925842285,156914
55.31836199760437,156914
55.31927752494812,156914
55.320194721221924,156914
55.321112632751465,156914
55.32202696800232,156914
55.323381423950195,156914
55.32430911064148,156914
55.32522964477539,156914
55.3261501789093,156914
55.327067375183105,156914
55.32842230796814,156914
55.329341173172,156914
55.330260276794434,156914
55.331180810928345,156914
55.33210039138794,156914
55.33301830291748,156914
55.33438324928284,156914
55.33530259132385,156914
55.33622097969055,156914
55.33714008331299,156914
55.33806014060974,156914
55.33941388130188,156914
55.34033155441284,156914
55.34124946594238,156914
55.34217572212219,156914
55.343093395233154,156914
55.344021797180176,156914
55.34537935256958,156914
55.34629440307617,156914
55.34721612930298,156914
55.34813570976257,156914
55.349053621292114,156914
55.35040760040283,156914
55.35132384300232,156914
55.35224008560181,156914
55.35316038131714,156914
55.35408639907837,156914
55.355003118515015,156914
55.35635948181152,156914
55.357279539108276,156914
55.35820007324219,156914
55.359116315841675,156914
55.36003041267395,156914
55.361387491226196,156914
55.36230444908142,156914
55.3632276058197,156914
55.36415672302246,156914
55.3650758266449,156914
55.366434812545776,156914
55.36735463142395,156914
55.3682758808136,156914
55.369194984436035,156914
55.37011218070984,156914
55.371031284332275,156914
55.37238049507141,156914
55.373300552368164,156914
55.37422752380371,156914
55.37514805793762,156914
55.37606239318848,156914
55.377418518066406,156914
55.378334760665894,156914
55.37925314903259,156914
55.38017296791077,156914
55.3810920715332,156914
55.38200926780701,156914
55.38336539268494,156914
55.38429546356201,156914
55.385212898254395,156914
55.38612985610962,156914
55.38704442977905,156914
55.38840341567993,156914
55.38931608200073,156914
55.3902382850647,156914
55.3911566734314,156914
55.39206862449646,156914
55.39342403411865,156914
55.394349336624146,156914
55.39527153968811,156914
55.39619159698486,156914
55.39711403846741,156914
55.39803147315979,156914
55.39938497543335,156914
55.40030360221863,156914
55.401225090026855,156914
55.402145862579346,156914
55.40306234359741,156914
55.40443015098572,156914
55.40534687042236,156914
55.40626549720764,156914
55.407185554504395,156914
55.40810561180115,156914
55.40902018547058,156914
55.4103741645813,156914
55.41128849983215,156914
55.41220736503601,156914
55.413127183914185,156914
55.41405010223389,156914
55.41540312767029,156914
55.416322231292725,156914
55.417240142822266,156914
55.41815805435181,156914
55.41907453536987,156914
55.42042803764343,156914
55.421342611312866,156914
55.42226219177246,156914
55.42317867279053,156914
55.42410731315613,156914
55.425023794174194,156914
55.426379442214966,156914
55.427297830581665,156914
55.42821741104126,156914
55.42913579940796,156914
55.43005681037903,156914
55.43141007423401,156914
55.4323251247406,156914
55.43324327468872,156914
55.43417477607727,156914
55.435091733932495,156914
55.43600606918335,156914
55.43736553192139,156914
55.43828320503235,156914
55.43920135498047,156914
55.44011831283569,156914
55.44103717803955,156914
55.44238996505737,156914
55.443305253982544,156914
55.444234132766724,156914
55.44515323638916,156914
55.446070194244385,156914
55.447426080703735,156914
55.44834041595459,156914
55.449259996414185,156914
55.45017862319946,156914
55.45109581947327,156914
55.452011823654175,156914
55.45336627960205,156914
55.45429468154907,156914
55.45521593093872,156914
55.45613503456116,156914
55.45705056190491,156914
55.458407163619995,156914
55.45932459831238,156914
55.46024179458618,156914
55.461159229278564,156914
55.462074995040894,156914
55.46343517303467,156914
55.46436285972595,156914
55.465282678604126,156914
55.466201305389404,156914
55.46712136268616,156914
55.46803689002991,156914
55.46939206123352,156914
55.470311403274536,156914
55.471232891082764,156914
55.472153663635254,156914
55.47306799888611,156914
55.474435329437256,156914
55.47535300254822,156914
55.47626876831055,156914
55.47718620300293,156914
55.47810769081116,156914
55.47902226448059,156914
55.480377197265625,156914
55.48129343986511,156914
55.48221278190613,156914
55.48312830924988,156914
55.48405146598816,156914
55.48540949821472,156914
55.486326932907104,156914
55.48724699020386,156914
55.48816466331482,156914
55.489081621170044,156914
55.49043846130371,156914
55.49135780334473,156914
55.49227237701416,156914
55.493192195892334,156914
55.49411988258362,156914
55.49503827095032,156914
55.49639630317688,156914
55.49731755256653,156914
55.49823451042175,156914
55.49915409088135,156914
55.500067710876465,156914
55.501421213150024,156914
55.502339601516724,156914
55.50325608253479,156914
55.504188537597656,156914
55.505106925964355,156914
55.50602054595947,156914
55.507378339767456,156914
55.50829529762268,156914
55.50921082496643,156914
55.510130167007446,156914
55.511045932769775,156914
55.5123987197876,156914
55.513317346572876,156914
55.51424527168274,156914
55.515164375305176,156914
55.51608228683472,156914
55.51743936538696,156914
55.51835823059082,156914
55.51927733421326,156914
55.52019453048706,156914
55.521111726760864,156914
55.52202796936035,156914
55.52338123321533,156914
55.52431130409241,156914
55.52522873878479,156914
55.52615237236023,156914
55.5270676612854,156914
55.528424978256226,156914
55.5293402671814,156914
55.53026103973389,156914
55.53117895126343,156914
55.53209590911865,156914
55.533015727996826,156914
55.53437948226929,156914
55.53529930114746,156914
55.536217212677,156914
55.53713846206665,156914
55.53805470466614,156914
55.53941035270691,156914
55.54032611846924,156914
55.54124307632446,156914
55.542166233062744,156914
55.54308319091797,156914
55.5440149307251,156914
55.54537582397461,156914
55.54629445075989,156914
55.54721236228943,156914
55.54813027381897,156914
55.54904270172119,156914
55.55039644241333,156914
55.55131268501282,156914
55.5522575378418,156914
55.55317497253418,156914
55.55410146713257,156914
55.555018186569214,156914
55.556374311447144,156914
55.55729293823242,156914
55.5582115650177,156914
55.55912923812866,156914
55.56004500389099,156914
55.561402559280396,156914
55.56231880187988,156914
55.563236236572266,156914
55.564168214797974,156914
55.56508421897888,156914
55.566439390182495,156914
55.56735944747925,156914
55.568278551101685,156914
55.569196701049805,156914
55.5701162815094,156914
55.57103133201599,156914
55.57239007949829,156914
55.573304891586304,156914
55.57423663139343,156914
55.57515740394592,156914
55.576072216033936,156914
55.57743167877197,156914
55.57835054397583,156914
55.57926821708679,156914
55.58018469810486,156914
55.58110284805298,156914
55.582019567489624,156914
55.583377838134766,156914
55.584306716918945,156914
55.5852255821228,156914
55.58614158630371,156914
55.587055921554565,156914
55.588412046432495,156914
55.58932828903198,156914
55.590248346328735,156914
55.591166257858276,156914
55.59208679199219,156914
55.593440771102905,156914
55.59436583518982,156914
55.59528183937073,156914
55.59620499610901,156914
55.597121477127075,156914
55.59804010391235,156914
55.59939694404602,156914
55.60031342506409,156914
55.60123300552368,156914
55.60215139389038,156914
55.60306525230408,156914
55.604432344436646,156914
55.60535025596619,156914
55.60626673698425,156914
55.60718750953674,156914
55.60810589790344,156914
55.60902166366577,156914
55.61036920547485,156914
55.61128878593445,156914
55.612208127975464,156914
55.613128900527954,156914
55.614052295684814,156914
55.61541152000427,156914
55.61633062362671,156914
55.617249488830566,156914
55.618170738220215,156914
55.619089126586914,156914
55.6200053691864,156914
55.62135672569275,156914
55.622276067733765,156914
55.623196601867676,156914
55.62412619590759,156914
55.62504267692566,156914
55.62639379501343,156914
55.62730956077576,156914
55.62822389602661,156914
55.62914228439331,156914
55.630056381225586,156914
55.631409883499146,156914
55.63232707977295,156914
55.63324594497681,156914
55.63417458534241,156914
55.63509130477905,156914
55.63601040840149,156914
55.63736438751221,156914
55.63828468322754,156914
55.6392023563385,156914
55.640121936798096,156914
55.64103579521179,156914
55.64239263534546,156914
55.643309354782104,156914
55.64424133300781,156914
55.64515972137451,156914
55.646075963974,156914
55.64742994308472,156914
55.648343086242676,156914
55.649261713027954,156914
55.65017509460449,156914
55.65109181404114,156914
55.65200972557068,156914
55.65336465835571,156914
55.65429425239563,156914
55.65521454811096,156914
55.656134366989136,156914
55.65704822540283,156914
55.65840435028076,156914
55.65932321548462,156914
55.66024208068848,156914
55.66116237640381,156914
55.66207838058472,156914
55.663432121276855,156914
55.664358377456665,156914
55.66527485847473,156914
55.66619372367859,156914
55.66711115837097,156914
55.66802501678467,156914
55.669379234313965,156914
55.67029643058777,156914
55.671215534210205,156914
55.67213535308838,156914
55.673051595687866,156914
55.67441773414612,156914
55.675334453582764,156914
55.67625117301941,156914
55.6771719455719,156914
55.67809057235718,156914
55.679441928863525,156914
55.68035554885864,156914
55.68127393722534,156914
55.68218922615051,156914
55.68310618400574,156914
55.68403148651123,156914
55.68538475036621,156914
55.68630075454712,156914
55.687219858169556,156914
55.688140869140625,156914
55.68905520439148,156914
55.690406799316406,156914
55.69132208824158,156914
55.692240953445435,156914
55.69315767288208,156914
55.694085121154785,156914
55.695438861846924,156914
55.6963586807251,156914
55.6972770690918,156914
55.69819688796997,156914
55.699116468429565,156914
55.70003008842468,156914
55.70138645172119,156914
55.70230269432068,156914
55.703227281570435,156914
55.704158544540405,156914
55.70507335662842,156914
55.7064266204834,156914
55.70734429359436,156914
55.708261251449585,156914
55.70918655395508,156914
55.71010494232178,156914
55.71101999282837,156914
55.71237254142761,156914
55.713289976119995,156914
55.71421980857849,156914
55.71513748168945,156914
55.71605610847473,156914
55.71741461753845,156914
55.718350887298584,156914
55.719271183013916,156914
55.72019147872925,156914
55.721112966537476,156914
55.722028493881226,156914
55.72338247299194,156914
55.72431039810181,156914
55.725229024887085,156914
55.726150035858154,156914
55.72706484794617,156914
55.72842192649841,156914
55.72934007644653,156914
55.73027038574219,156914
55.73118829727173,156914
55.73210549354553,156914
55.733022689819336,156914
55.73438596725464,156914
55.73530340194702,156914
55.73622393608093,156914
55.73713994026184,156914
55.73805499076843,156914
55.73941206932068,156914
55.74032974243164,156914
55.74124836921692,156914
55.74216675758362,156914
55.743086099624634,156914
55.7440140247345,156914
55.74536871910095,156914
55.74628448486328,156914
55.74720573425293,156914
55.74812364578247,156914
55.74903726577759,156914
55.75039720535278,156914
55.751312494277954,156914
55.75223112106323,156914
55.75314712524414,156914
55.75407147407532,156914
55.75542616844177,156914
55.75634217262268,156914
55.757261753082275,156914
55.75818133354187,156914
55.75909686088562,156914
55.76001167297363,156914
55.76136589050293,156914
55.76228332519531,156914
55.76320171356201,156914
55.76413106918335,156914
55.765050411224365,156914
55.76640582084656,156914
55.767324686050415,156914
55.76824164390564,156914
55.7691605091095,156914
55.770079135894775,156914
55.77144145965576,156914
55.77235531806946,156914
55.77327251434326,156914
55.77420139312744,156914
55.77511978149414,156914
55.77603578567505,156914
55.77739191055298,156914
55.77830624580383,156914
55.77922534942627,156914
55.78014397621155,156914
55.78106379508972,156914
55.78242063522339,156914
55.78333759307861,156914
55.7842698097229,156914
55.78518891334534,156914
55.78610444068909,156914
55.78702116012573,156914
55.78837466239929,156914
55.789292097091675,156914
55.790210485458374,156914
55.79113030433655,156914
55.792049407958984,156914
55.79340672492981,156914
55.794331073760986,156914
55.795250415802,156914
55.796170711517334,156914
55.797088623046875,156914
55.798009395599365,156914
55.79936480522156,156914
55.80028462409973,156914
55.80120348930359,156914
55.80212426185608,156914
55.80304145812988,156914
55.804404735565186,156914
55.80532121658325,156914
55.80624532699585,156914
55.80716872215271,156914
55.80808711051941,156914
55.80900979042053,156914
55.810364723205566,156914
55.811283826828,156914
55.81220507621765,156914
55.81312608718872,156914
55.814051151275635,156914
55.815407514572144,156914
55.81632208824158,156914
55.81724214553833,156914
55.81816267967224,156914
55.81907844543457,156914
55.82043242454529,156914
55.82135009765625,156914
55.822272300720215,156914
55.82318997383118,156914
55.8241183757782,156914
55.82503652572632,156914
55.826387882232666,156914
55.827303409576416,156914
55.828221559524536,156914
55.829143047332764,156914
55.83005976676941,156914
55.83141374588013,156914
55.832334756851196,156914
55.83325505256653,156914
55.834184408187866,156914
55.83510208129883,156914
55.83601498603821,156914
55.837364196777344,156914
55.83828139305115,156914
55.83920097351074,156914
55.84012055397034,156914
55.84103536605835,156914
55.84238862991333,156914
55.84330177307129,156914
55.844231605529785,156914
55.84515357017517,156914
55.846070766448975,156914
55.847429037094116,156914
55.84834599494934,156914
55.84926414489746,156914
55.85018444061279,156914
55.85110378265381,156914
55.85202074050903,156914
55.85337209701538,156914
55.85430335998535,156914
55.85522222518921,156914
55.856138706207275,156914
55.85705637931824,156914
55.85841202735901,156914
55.85932970046997,156914
55.86024522781372,156914
55.86116409301758,156914
55.86207866668701,156914
55.863433837890625,156914
55.86435866355896,156914
55.865278244018555,156914
55.86619710922241,156914
55.867114543914795,156914
55.868030071258545,156914
55.869383573532104,156914
55.870304107666016,156914
55.87122297286987,156914
55.87214469909668,156914
55.873061656951904,156914
55.87442755699158,156914
55.87534213066101,156914
55.87626123428345,156914
55.87718176841736,156914
55.87809681892395,156914
55.879014015197754,156914
55.880372047424316,156914
55.881290435791016,156914
55.88220500946045,156914
55.88312768936157,156914
55.88404941558838,156914
55.88540267944336,156914
55.88631772994995,156914
55.88723826408386,156914
55.88815402984619,156914
55.889068603515625,156914
55.89042091369629,156914
55.891337156295776,156914
55.89225435256958,156914
55.89316987991333,156914
55.89409589767456,156914
55.89500951766968,156914
55.89636301994324,156914
55.89727854728699,156914
55.898197889328,156914
55.899115324020386,156914
55.90003156661987,156914
55.901386976242065,156914
55.902302265167236,156914
55.903221130371094,156914
55.90415096282959,156914
55.90506553649902,156914
55.906416177749634,156914
55.90733480453491,156914
55.90825414657593,156914
55.90917372703552,156914
55.91008925437927,156914
55.91100573539734,156914
55.91235685348511,156914
55.913275957107544,156914
55.91420364379883,156914
55.91512060165405,156914
55.91603970527649,156914
55.91739320755005,156914
55.91831159591675,156914
55.91922974586487,156914
55.92014813423157,156914
55.92106628417969,156914
55.92242431640625,156914
55.923341274261475,156914
55.924272537231445,156914
55.92519235610962,156914
55.9261109828949,156914
55.92702865600586,156914
55.928386926651,156914
55.92930483818054,156914
55.93022298812866,156914
55.93114256858826,156914
55.93206071853638,156914
55.93341875076294,156914
55.93434381484985,156914
55.93526482582092,156914
55.93618321418762,156914
55.937100648880005,156914
55.93801832199097,156914
55.939372539520264,156914
55.94029211997986,156914
55.94121479988098,156914
55.942134380340576,156914
55.9430513381958,156914
55.944419145584106,156914
55.94533681869507,156914
55.94625949859619,156914
55.94717764854431,156914
55.94809699058533,156914
55.949016094207764,156914
55.95036768913269,156914
55.95128846168518,156914
55.95220375061035,156914
55.95312261581421,156914
55.954047441482544,156914
55.955403327941895,156914
55.95631980895996,156914
55.95724081993103,156914
55.95816349983215,156914
55.95908164978027,156914
55.96044039726257,156914
55.9613561630249,156914
55.96227502822876,156914
55.963191747665405,156914
55.964120626449585,156914
55.96503496170044,156914
55.96639060974121,156914
55.967308044433594,156914
55.96822667121887,156914
55.96914792060852,156914
55.97006320953369,156914
55.971418619155884,156914
55.97233510017395,156914
55.97325277328491,156914
55.974181175231934,156914
55.97510004043579,156914
55.97601532936096,156914
55.977370738983154,156914
55.97828650474548,156914
55.979207038879395,156914
55.980125188827515,156914
55.98104166984558,156914
55.98240113258362,156914
55.98331570625305,156914
55.98424696922302,156914
55.98516631126404,156914
55.986085414886475,156914
55.98744034767151,156914
55.98835754394531,156914
55.98927545547485,156914
55.99019479751587,156914
55.99111366271973,156914
55.99202609062195,156914
55.99337983131409,156914
55.99430799484253,156914
55.99522638320923,156914
55.99614334106445,156914
55.99706292152405,156914
55.99841809272766,156914
55.999337911605835,156914
56.00025725364685,156914
56.00117540359497,156914
56.002097845077515,156914
56.003018379211426,156914
56.004380226135254,156914
56.005298137664795,156914
56.0062153339386,156914
56.00713229179382,156914
56.00804877281189,156914
56.00940489768982,156914
56.01032066345215,156914
56.011237382888794,156914
56.0121591091156,156914
56.01307463645935,156914
56.01444101333618,156914
56.015355587005615,156914
56.01627492904663,156914
56.01719093322754,156914
56.01810812950134,156914
56.01902532577515,156914
56.02038073539734,156914
56.02129817008972,156914
56.022215843200684,156914
56.02313542366028,156914
56.02405858039856,156914
56.02541399002075,156914
56.02632737159729,156914
56.02724814414978,156914
56.028164863586426,156914
56.029078245162964,156914
56.03043222427368,156914
56.03134799003601,156914
56.032265424728394,156914
56.03318190574646,156914
56.03411316871643,156914
56.03503060340881,156914
56.03639221191406,156914
56.037309885025024,156914
56.03823161125183,156914
56.03914928436279,156914
56.04006791114807,156914
56.041428089141846,156914
56.042344093322754,156914
56.04326057434082,156914
56.04418969154358,156914
56.04510760307312,156914
56.04602575302124,156914
56.047380685806274,156914
56.04829692840576,156914
56.049217224121094,156914
56.050134897232056,156914
56.05104684829712,156914
56.05240511894226,156914
56.05332136154175,156914
56.0542516708374,156914
56.05517101287842,156914
56.05609083175659,156914
56.057005643844604,156914
56.058358907699585,156914
56.059277057647705,156914
56.06019449234009,156914
56.0611138343811,156914
56.06202840805054,156914
56.0633819103241,156914
56.06430745124817,156914
56.06522750854492,156914
56.06614637374878,156914
56.06706213951111,156914
56.06841731071472,156914
56.06933355331421,156914
56.07025337219238,156914
56.07117223739624,156914
56.072091579437256,156914
56.07300853729248,156914
56.07436919212341,156914
56.07528877258301,156914
56.07620644569397,156914
56.077125787734985,156914
56.07804226875305,156914
56.07939672470093,156914
56.08030939102173,156914
56.0812292098999,156914
56.08215022087097,156914
56.08306884765625,156914
56.084436893463135,156914
56.085352420806885,156914
56.08627223968506,156914
56.08718991279602,156914
56.08810544013977,156914
56.089019775390625,156914
56.09037399291992,156914
56.09129571914673,156914
56.09221577644348,156914
56.09313488006592,156914
56.094058990478516,156914
56.09541630744934,156914
56.096330642700195,156914
56.097248792648315,156914
56.098169565200806,156914
56.099087953567505,156914
56.10000991821289,156914
56.101362228393555,156914
56.10228228569031,156914
56.103203773498535,156914
56.104137659072876,156914
56.105056047439575,156914
56.10641121864319,156914
56.107327461242676,156914
56.10824632644653,156914
56.10916543006897,156914
56.11008358001709,156914
56.111438274383545,156914
56.11235451698303,156914
56.113274574279785,156914
56.114203214645386,156914
56.11512351036072,156914
56.11603665351868,156914
56.11739444732666,156914
56.118308782577515,156914
56.119229555130005,156914
56.12014675140381,156914
56.12106490135193,156914
56.12242102622986,156914
56.123342752456665,156914
56.12427282333374,156914
56.12519073486328,156914
56.12610936164856,156914
56.12702560424805,156914
56.12838292121887,156914
56.1292986869812,156914
56.13021802902222,156914
56.131136894226074,156914
56.132052421569824,156914
56.133408546447754,156914
56.134336709976196,156914
56.13525581359863,156914
56.136173486709595,156914
56.13709592819214,156914
56.13801145553589,156914
56.1393678188324,156914
56.14028716087341,156914
56.141209840774536,156914
56.14212894439697,156914
56.1430447101593,156914
56.14441251754761,156914
56.145328760147095,156914
56.146249771118164,156914
56.1471688747406,156914
56.14808750152588,156914
56.14900517463684,156914
56.15036058425903,156914
56.151278495788574,156914
56.15219688415527,156914
56.153117656707764,156914
56.15404033660889,156914
56.1554000377655,156914
56.15631937980652,156914
56.15723896026611,156914
56.15815496444702,156914
56.159069299697876,156914
56.1604220867157,156914
56.161340951919556,156914
56.16225790977478,156914
56.16317677497864,156914
56.16410565376282,156914
56.165019512176514,156914
56.166374921798706,156914
56.16729402542114,156914
56.168211460113525,156914
56.169127464294434,156914
56.170045375823975,156914
56.171401023864746,156914
56.17231869697571,156914
56.17323589324951,156914
56.174166202545166,156914
56.17507982254028,156914
56.17643189430237,156914
56.177348613739014,156914
56.178266286849976,156914
56.17918562889099,156914
56.18010354042053,156914
56.18101978302002,156914
56.18237257003784,156914
56.18329215049744,156914
56.184218645095825,156914
56.18513894081116,156914
56.18605327606201,156914
56.187408447265625,156914
56.18832492828369,156914
56.18924307823181,156914
56.190160274505615,156914
56.19107675552368,156914
56.19243311882019,156914
56.19335055351257,156914
56.19427728652954,156914
56.19519543647766,156914
56.19611406326294,156914
56.197028160095215,156914
56.198378801345825,156914
56.199294090270996,156914
56.20021319389343,156914
56.20113277435303,156914
56.202051401138306,156914
56.20340585708618,156914
56.20433259010315,156914
56.20525240898132,156914
56.20617437362671,156914
56.20709419250488,156914
56.20801067352295,156914
56.20936608314514,156914
56.210280418395996,156914
56.21120357513428,156914
56.21212100982666,156914
56.213034868240356,156914
56.21440529823303,156914
56.215322732925415,156914
56.216243267059326,156914
56.21716070175171,156914
56.218077659606934,156914
56.21943140029907,156914
56.22034788131714,156914
56.221266984939575,156914
56.22218561172485,156914
56.2231011390686,156914
56.22402477264404,156914
56.22538208961487,156914
56.22629976272583,156914
56.22722053527832,156914
56.228134870529175,156914
56.229047536849976,156914
56.23039984703064,156914
56.23131823539734,156914
56.23223543167114,156914
56.23315715789795,156914
56.23407769203186,156914
56.23543047904968,156914
56.23634624481201,156914
56.23726511001587,156914
56.23818349838257,156914
56.23910069465637,156914
56.2400176525116,156914
56.241371393203735,156914
56.2422890663147,156914
56.24320960044861,156914
56.24414300918579,156914
56.245057582855225,156914
56.24641251564026,156914
56.24732828140259,156914
56.24824905395508,156914
56.24916744232178,156914
56.250083923339844,156914
56.25143790245056,156914
56.25235629081726,156914
56.25327467918396,156914
56.25420165061951,156914
56.25511693954468,156914
56.25603175163269,156914
56.25738835334778,156914
56.25830268859863,156914
56.259222984313965,156914
56.26014256477356,156914
56.261059522628784,156914
56.26241636276245,156914
56.26333403587341,156914
56.264264822006226,156914
56.26518368721008,156914
56.2661018371582,156914
56.26701617240906,156914
56.268370389938354,156914
56.26928949356079,156914
56.27020883560181,156914
56.27112650871277,156914
56.27203869819641,156914
56.273391008377075,156914
56.27431559562683,156914
56.27523136138916,156914
56.27615022659302,156914
56.27706503868103,156914
56.278422832489014,156914
56.27933979034424,156914
56.280259132385254,156914
56.28118014335632,156914
56.282097816467285,156914
56.283013105392456,156914
56.284374952316284,156914
56.28529691696167,156914
56.286213636398315,156914
56.287129402160645,156914
56.28805112838745,156914
56.289405822753906,156914
56.290322065353394,156914
56.29123878479004,156914
56.29216027259827,156914
56.29307723045349,156914
56.29400634765625,156914
56.295366287231445,156914
56.29628539085388,156914
56.29720425605774,156914
56.29812216758728,156914
56.29904103279114,156914
56.30039644241333,156914
56.301316022872925,156914
56.30223488807678,156914
56.30315589904785,156914
56.3040828704834,156914
56.30543756484985,156914
56.30635213851929,156914
56.30727243423462,156914
56.30819010734558,156914
56.309107303619385,156914
56.31002378463745,156914
56.311376333236694,156914
56.31229519844055,156914
56.31321406364441,156914
56.31414556503296,156914
56.315062284469604,156914
56.316417932510376,156914
56.31733465194702,156914
56.31825304031372,156914
56.319178342819214,156914
56.320096254348755,156914
56.32101225852966,156914
56.32236838340759,156914
56.32328939437866,156914
56.32421851158142,156914
56.32513642311096,156914
56.32605195045471,156914
56.32740592956543,156914
56.328322887420654,156914
56.329240798950195,156914
56.33015990257263,156914
56.331077098846436,156914
56.332430601119995,156914
56.33334922790527,156914
56.33428120613098,156914
56.335200548172,156914
56.33612132072449,156914
56.337034463882446,156914
56.338388204574585,156914
56.3393030166626,156914
56.34022355079651,156914
56.34114050865173,156914
56.342055559158325,156914
56.34341287612915,156914
56.34433937072754,156914
56.34525513648987,156914
56.34617471694946,156914
56.34709095954895,156914
56.34800744056702,156914
56.34936213493347,156914
56.35027813911438,156914
56.351195335388184,156914
56.35211420059204,156914
56.35303068161011,156914
56.354398250579834,156914
56.35531711578369,156914
56.35623788833618,156914
56.35715651512146,156914
56.35807466506958,156914
56.359432220458984,156914
56.36035180091858,156914
56.36126756668091,156914
56.36218881607056,156914
56.36310911178589,156914
56.36403226852417,156914
56.36539101600647,156914
56.36630988121033,156914
56.36722707748413,156914
56.36814475059509,156914
56.36905860900879,156914
56.37041449546814,156914
56.3713321685791,156914
56.372246742248535,156914
56.373164653778076,156914
56.374085664749146,156914
56.375004053115845,156914
56.376359701156616,156914
56.37727975845337,156914
56.37819981575012,156914
56.37911605834961,156914
56.38003182411194,156914
56.38138961791992,156914
56.38230609893799,156914
56.383228063583374,156914
56.38415575027466,156914
56.38507127761841,156914
56.38642239570618,156914
56.38733792304993,156914
56.38825798034668,156914
56.38917326927185,156914
56.39008951187134,156914
56.39100766181946,156914
56.39236235618591,156914
56.39328217506409,156914
56.39421057701111,156914
56.395129680633545,156914
56.39604616165161,156914
56.397403717041016,156914
56.39831900596619,156914
56.39923667907715,156914
56.40015411376953,156914
56.401068449020386,156914
56.40242099761963,156914
56.40333700180054,156914
56.40426540374756,156914
56.40518140792847,156914
56.406100273132324,156914
56.40701603889465,156914
56.40836977958679,156914
56.40928292274475,156914
56.41020345687866,156914
56.41112422943115,156914
56.412038803100586,156914
56.41339087486267,156914
56.41431736946106,156914
56.41523766517639,156914
56.416154861450195,156914
56.417072772979736,156914
56.41843128204346,156914
56.41934847831726,156914
56.420265913009644,156914
56.421184062957764,156914
56.42210245132446,156914
56.42301964759827,156914
56.424378871917725,156914
56.42529606819153,156914
56.42621374130249,156914
56.42713284492493,156914
56.428048610687256,156914
56.429407358169556,156914
56.4303252696991,156914
56.43124294281006,156914
56.43216156959534,156914
56.43307709693909,156914
56.43400311470032,156914
56.435359716415405,156914
56.43628215789795,156914
56.43720078468323,156914
56.4381148815155,156914
56.43903183937073,156914
56.44038724899292,156914
56.44130206108093,156914
56.44221758842468,156914
56.443134784698486,156914
56.44405674934387,156914
56.44541072845459,156914
56.44632649421692,156914
56.44724798202515,156914
56.44816780090332,156914
56.449084997177124,156914
56.450435638427734,156914
56.45134902000427,156914
56.45226430892944,156914
56.45317888259888,156914
56.454108476638794,156914
56.45502424240112,156914
56.4563775062561,156914
56.457295417785645,156914
56.45821285247803,156914
56.45912981033325,156914
56.46004390716553,156914
56.46139860153198,156914
56.462316036224365,156914
56.463236570358276,156914
56.464165925979614,156914
56.465083360672,156914
56.466434955596924,156914
56.467350006103516,156914
56.46826648712158,156914
56.469184160232544,156914
56.470099449157715,156914
56.471014738082886,156914
56.4723687171936,156914
56.47328567504883,156914
56.474215507507324,156914
56.47513389587402,156914
56.47605085372925,156914
56.477402448654175,156914
56.47831702232361,156914
56.479233264923096,156914
56.4801549911499,156914
56.48107123374939,156914
56.48242688179016,156914
56.48334050178528,156914
56.48427057266235,156914
56.48518657684326,156914
56.48610329627991,156914
56.48702073097229,156914
56.48837661743164,156914
56.489293813705444,156914
56.49021053314209,156914
56.49113082885742,156914
56.4920449256897,156914
56.49340105056763,156914
56.4943265914917,156914
56.495245933532715,156914
56.49616599082947,156914
56.4970817565918,156914
56.49843764305115,156914
56.49935483932495,156914
56.50027322769165,156914
56.5011944770813,156914
56.50211501121521,156914
56.50302791595459,156914
56.50439524650574,156914
56.505311727523804,156914
56.5062358379364,156914
56.507158517837524,156914
56.50807785987854,156914
56.50943160057068,156914
56.51034951210022,156914
56.51127362251282,156914
56.51219129562378,156914
56.51311492919922,156914
56.51403832435608,156914
56.51539492607117,156914
56.51631045341492,156914
56.517228841781616,156914
56.51815056800842,156914
56.519068479537964,156914
56.52043008804321,156914
56.5213508605957,156914
56.52226805686951,156914
56.52318501472473,156914
56.52411437034607,156914
56.52503204345703,156914
56.52638530731201,156914
56.5273015499115,156914
56.52822184562683,156914
56.52913761138916,156914
56.530051469802856,156914
56.53140568733215,156914
56.532323122024536,156914
56.53324007987976,156914
56.53416919708252,156914
56.535090923309326,156914
56.5360062122345,156914
56.53736186027527,156914
56.53827667236328,156914
56.53919744491577,156914
56.54011392593384,156914
56.54102849960327,156914
56.542386293411255,156914
56.54330134391785,156914
56.544230461120605,156914
56.54514956474304,156914
56.54606509208679,156914
56.547420263290405,156914
56.54833459854126,156914
56.5492525100708,156914
56.550172567367554,156914
56.5510892868042,156914
56.552006006240845,156914
56.55336403846741,156914
56.55431127548218,156914
56.55523324012756,156914
56.556151151657104,156914
56.557069540023804,156914
56.55842399597168,156914
56.55933928489685,156914
56.56025791168213,156914
56.561182498931885,156914
56.56210207939148,156914
56.56301927566528,156914
56.564385175704956,156914
56.56530284881592,156914
56.566222190856934,156914
56.56714367866516,156914
56.568060874938965,156914
56.5694146156311,156914
56.57033109664917,156914
56.571248292922974,156914
56.5721697807312,156914
56.57308292388916,156914
56.57401084899902,156914
56.575366735458374,156914
56.57628417015076,156914
56.577202558517456,156914
56.57812023162842,156914
56.57904005050659,156914
56.580389738082886,156914
56.58130598068237,156914
56.58222484588623,156914
56.58314824104309,156914
56.58407402038574,156914
56.58543276786804,156914
56.58634901046753,156914
56.58726787567139,156914
56.58818554878235,156914
56.58910036087036,156914
56.59001588821411,156914
56.59136939048767,156914
56.592288970947266,156914
56.593204736709595,156914
56.594135999679565,156914
56.59505367279053,156914
56.59640955924988,156914
56.597326040267944,156914
56.59824800491333,156914
56.59916710853577,156914
56.60008645057678,156914
56.6010057926178,156914
56.60236215591431,156914
56.6032829284668,156914
56.60421109199524,156914
56.60512948036194,156914
56.60604381561279,156914
56.60739850997925,156914
56.60831618309021,156914
56.60923480987549,156914
56.61015582084656,156914
56.61107325553894,156914
56.61243271827698,156914
56.61335039138794,156914
56.61427664756775,156914
56.615193128585815,156914
56.616111278533936,156914
56.61702632904053,156914
56.61837863922119,156914
56.61929416656494,156914
56.62021279335022,156914
56.621127128601074,156914
56.62204456329346,156914
56.623401403427124,156914
56.6243257522583,156914
56.62524437904358,156914
56.62616539001465,156914
56.62708306312561,156914
56.6284396648407,156914
56.62935543060303,156914
56.63026833534241,156914
56.63118577003479,156914
56.63210606575012,156914
56.63302254676819,156914
56.634387493133545,156914
56.63530516624451,156914
56.63622522354126,156914
56.63714623451233,156914
56.638068437576294,156914
56.639421224594116,156914
56.64033818244934,156914
56.64125919342041,156914
56.64217662811279,156914
56.64308977127075,156914
56.64401388168335,156914
56.645370960235596,156914
56.64629125595093,156914
56.647212266922,156914
56.64813184738159,156914
56.64904975891113,156914
56.65040445327759,156914
56.65132164955139,156914
56.652241230010986,156914
56.65316152572632,156914
56.65409207344055,156914
56.65501046180725,156914
56.65636420249939,156914
56.65728449821472,156914
56.65820288658142,156914
56.6591215133667,156914
56.66003608703613,156914
56.66139245033264,156914
56.662307024002075,156914
56.66322612762451,156914
56.66415739059448,156914
56.66507029533386,156914
56.66642737388611,156914
56.66734075546265,156914
56.66826248168945,156914
56.66918349266052,156914
56.670100927352905,156914
56.67101836204529,156914
56.672372817993164,156914
56.67329287528992,156914
56.67422151565552,156914
56.67514181137085,156914
56.67605710029602,156914
56.67741370201111,156914
56.6783287525177,156914
56.6792516708374,156914
56.68017244338989,156914
56.68109178543091,156914
56.682011127471924,156914
56.68336510658264,156914
56.68429636955261,156914
56.68521499633789,156914
56.68613529205322,156914
56.68705439567566,156914
56.6884081363678,156914
56.68932247161865,156914
56.69024133682251,156914
56.691160678863525,156914
56.69207239151001,156914
56.69342613220215,156914
56.69435262680054,156914
56.69527244567871,156914
56.69619059562683,156914
56.69710898399353,156914
56.69802379608154,156914
56.69937825202942,156914
56.700294733047485,156914
56.70121645927429,156914
56.70213532447815,156914
56.70305156707764,156914
56.70441961288452,156914
56.705336570739746,156914
56.70625305175781,156914
56.70716953277588,156914
56.708085775375366,156914
56.7094407081604,156914
56.71035599708557,156914
56.71127247810364,156914
56.71219038963318,156914
56.71310782432556,156914
56.71403169631958,156914
56.7153856754303,156914
56.716304540634155,156914
56.71722459793091,156914
56.71816682815552,156914
56.71908712387085,156914
56.72043800354004,156914
56.72135543823242,156914
56.72227430343628,156914
56.72319531440735,156914
56.724124908447266,156914
56.72504115104675,156914
56.72639989852905,156914
56.7273166179657,156914
56.72823429107666,156914
56.729151248931885,156914
56.730077266693115,156914
56.731435775756836,156914
56.73235535621643,156914
56.73327326774597,156914
56.73420453071594,156914
56.73512244224548,156914
56.73603582382202,156914
56.737393617630005,156914
56.7383074760437,156914
56.73922634124756,156914
56.740143060684204,156914
56.741060733795166,156914
56.74241614341736,156914
56.74333572387695,156914
56.744264364242554,156914
56.74518346786499,156914
56.746103048324585,156914
56.747015714645386,156914
56.74836754798889,156914
56.749287128448486,156914
56.75020670890808,156914
56.751123905181885,156914
56.7520432472229,156914
56.75340008735657,156914
56.75432896614075,156914
56.75524640083313,156914
56.75616908073425,156914
56.75708770751953,156914
56.75800442695618,156914
56.7593629360199,156914
56.76028227806091,156914
56.76120376586914,156914
56.76212477684021,156914
56.763039112091064,156914
56.76440668106079,156914
56.76532220840454,156914
56.76623868942261,156914
56.767157316207886,156914
56.76807260513306,156914
56.769426345825195,156914
56.77033996582031,156914
56.77126216888428,156914
56.77217888832092,156914
56.77309823036194,156914
56.77402591705322,156914
56.77537941932678,156914
56.776299238204956,156914
56.7772171497345,156914
56.77813744544983,156914
56.77905631065369,156914
56.780415296554565,156914
56.78133010864258,156914
56.782248735427856,156914
56.78316640853882,156914
56.784093141555786,156914
56.785011768341064,156914
56.78636837005615,156914
56.78728747367859,156914
56.78820586204529,156914
56.78912329673767,156914
56.79004192352295,156914
56.79139804840088,156914
56.79231238365173,156914
56.79322934150696,156914
56.79415845870972,156914
56.79507660865784,156914
56.79643368721008,156914
56.79734563827515,156914
56.798264026641846,156914
56.799182653427124,156914
56.80010390281677,156914
56.80101990699768,156914
56.80237078666687,156914
56.803287506103516,156914
56.80421781539917,156914
56.8051381111145,156914
56.8060576915741,156914
56.80741310119629,156914
56.80833101272583,156914
56.80925130844116,156914
56.8101704120636,156914
56.811086893081665,156914
56.81243586540222,156914
56.81335210800171,156914
56.8142786026001,156914
56.81519889831543,156914
56.81611943244934,156914
56.817036151885986,156914
56.818395137786865,156914
56.81931185722351,156914
56.820229053497314,156914
56.82114768028259,156914
56.822065591812134,156914
56.823421478271484,156914
56.82434892654419,156914
56.825268268585205,156914
56.826186180114746,156914
56.827107191085815,156914
56.82802200317383,156914
56.82937502861023,156914
56.83029389381409,156914
56.83121466636658,156914
56.83213424682617,156914
56.833051443099976,156914
56.83442282676697,156914
56.835341453552246,156914
56.836259841918945,156914
56.837180852890015,156914
56.838099002838135,156914
56.83901596069336,156914
56.84036946296692,156914
56.841283559799194,156914
56.84220337867737,156914
56.84312057495117,156914
56.84404492378235,156914
56.84539985656738,156914
56.846317529678345,156914
56.8472375869751,156914
56.84815979003906,156914
56.84907603263855,156914
56.85043144226074,156914
56.85134482383728,156914
56.852262020111084,156914
56.85318183898926,156914
56.854108572006226,156914
56.85502624511719,156914
56.856380224227905,156914
56.85729956626892,156914
56.8582181930542,156914
56.859137773513794,156914
56.86005187034607,156914
56.86141037940979,156914
56.862327337265015,156914
56.86324882507324,156914
56.864176511764526,156914
56.865097761154175,156914
56.8660147190094,156914
56.86736822128296,156914
56.86828565597534,156914
56.86920428276062,156914
56.87012457847595,156914
56.871039152145386,156914
56.87239360809326,156914
56.873311042785645,156914
56.87424325942993,156914
56.87516498565674,156914
56.87608361244202,156914
56.87700366973877,156914
56.87836241722107,156914
56.87928009033203,156914
56.880197286605835,156914
56.88111615180969,156914
56.88203144073486,156914
56.883387327194214,156914
56.88431191444397,156914
56.88522982597351,156914
56.886149406433105,156914
56.88706636428833,156914
56.888421297073364,156914
56.889336585998535,156914
56.89025163650513,156914
56.89116978645325,156914
56.89208722114563,156914
56.893439054489136,156914
56.894366979599,156914
56.89528298377991,156914
56.89620327949524,156914
56.89712047576904,156914
56.8980348110199,156914
56.899391412734985,156914
56.900307416915894,156914
56.90122961997986,156914
56.90214800834656,156914
56.90306520462036,156914
56.904431104660034,156914
56.90535020828247,156914
56.906270027160645,156914
56.90719032287598,156914
56.908108711242676,156914
56.90902233123779,156914
56.91037845611572,156914
56.91129684448242,156914
56.91221833229065,156914
56.91313672065735,156914
56.914060831069946,156914
56.91541910171509,156914
56.91633915901184,156914
56.91725564002991,156914
56.91817808151245,156914
56.91909217834473,156914
56.920011043548584,156914
56.921364307403564,156914
56.92228174209595,156914
56.92320203781128,156914
56.92412781715393,156914
56.92504692077637,156914
56.92640256881714,156914
56.92731857299805,156914
56.92823624610901,156914
56.92915964126587,156914
56.93007707595825,156914
56.93143391609192,156914
56.93234968185425,156914
56.93326926231384,156914
56.93419671058655,156914
56.9351167678833,156914
56.93603467941284,156914
56.93739080429077,156914
56.93830752372742,156914
56.93922567367554,156914
56.94014620780945,156914
56.9410617351532,156914
56.94241762161255,156914
56.94333481788635,156914
56.944268465042114,156914
56.94518733024597,156914
56.94610619544983,156914
56.947021484375,156914
56.94837427139282,156914
56.949294090270996,156914
56.95021343231201,156914
56.95113468170166,156914
56.952051877975464,156914
56.9534056186676,156914
56.95433163642883,156914
56.955251693725586,156914
56.95617437362671,156914
56.95708894729614,156914
56.95800518989563,156914
56.95935797691345,156914
56.960278034210205,156914
56.96119713783264,156914
56.96211647987366,156914
56.9630331993103,156914
56.96440029144287,156914
56.96531629562378,156914
56.96623492240906,156914
56.967150926589966,156914
56.96806859970093,156914
56.96942329406738,156914
56.97033929824829,156914
56.971258878707886,156914
56.97217655181885,156914
56.97309589385986,156914
56.9740207195282,156914
56.975375175476074,156914
56.9762909412384,156914
56.97721338272095,156914
56.97813034057617,156914
56.979048013687134,156914
56.98040413856506,156914
56.98132252693176,156914
56.98224067687988,156914
56.98316025733948,156914
56.98408389091492,156914
56.985435247421265,156914
56.98634910583496,156914
56.987266302108765,156914
56.98818612098694,156914
56.98910713195801,156914
56.99002122879028,156914
56.9913763999939,156914
56.99229598045349,156914
56.993213176727295,156914
56.99414253234863,156914
56.99505949020386,156914
56.99641752243042,156914
56.9973349571228,156914
56.99825429916382,156914
56.99917483329773,156914
57.00009226799011,156914
57.00100660324097,156914
57.00236201286316,156914
57.003278970718384,156914
57.004210233688354,156914
57.005131006240845,156914
57.00605082511902,156914
57.007408618927,156914
57.008325815200806,156914
57.00924468040466,156914
57.0101637840271,156914
57.0110809803009,156914
57.01243615150452,156914
57.013349771499634,156914
57.01427936553955,156914
57.015204429626465,156914
57.016122579574585,156914
57.017040967941284,156914
57.01839542388916,156914
57.01931428909302,156914
57.02023530006409,156914
57.021157026290894,156914
57.022069215774536,156914
57.02342414855957,156914
57.0243501663208,156914
57.02527117729187,156914
57.02619242668152,156914
57.02710962295532,156914
57.028027057647705,156914
57.02938151359558,156914
57.03030180931091,156914
57.03122067451477,156914
57.032140016555786,156914
57.03305768966675,156914
57.03442358970642,156914
57.03534150123596,156914
57.03626108169556,156914
57.03718042373657,156914
57.03809833526611,156914
57.03901791572571,156914
57.040372133255005,156914
57.04129338264465,156914
57.042210817337036,156914
57.04313015937805,156914
57.044052839279175,156914
57.045405864715576,156914
57.04632306098938,156914
57.04724311828613,156914
57.048163652420044,156914
57.0490779876709,156914
57.050435066223145,156914
57.051353216171265,156914
57.05227088928223,156914
57.053184270858765,156914
57.05411195755005,156914
57.05502796173096,156914
57.056384325027466,156914
57.05730199813843,156914
57.05822443962097,156914
57.05914306640625,156914
57.06005835533142,156914
57.06141400337219,156914
57.062334060668945,156914
57.06325578689575,156914
57.064186334609985,156914
57.06510353088379,156914
57.066020488739014,156914
57.06737208366394,156914
57.068288803100586,156914
57.069209814071655,156914
57.07012891769409,156914
57.07104682922363,156914
57.07240438461304,156914
57.073322057724,156914
57.074249505996704,156914
57.0751690864563,156914
57.07608699798584,156914
57.0774405002594,156914
57.078356981277466,156914
57.0792760848999,156914
57.08019733428955,156914
57.08111763000488,156914
57.08203339576721,156914
57.08339238166809,156914
57.08432054519653,156914
57.08523917198181,156914
57.08615851402283,156914
57.087077140808105,156914
57.08842897415161,156914
57.08934545516968,156914
57.09026384353638,156914
57.09118413925171,156914
57.09210276603699,156914
57.093021392822266,156914
57.09438753128052,156914
57.09530830383301,156914
57.09623908996582,156914
57.09715962409973,156914
57.098076820373535,156914
57.0994336605072,156914
57.100353956222534,156914
57.10127353668213,156914
57.102195024490356,156914
57.10311436653137,156914
57.104039907455444,156914
57.105398654937744,156914
57.106316566467285,156914
57.107237100601196,156914
57.10815668106079,156914
57.109071493148804,156914
57.11042523384094,156914
57.11134099960327,156914
57.1122612953186,156914
57.11317825317383,156914
57.11410713195801,156914
57.11502146720886,156914
57.116375207901,156914
57.11729454994202,156914
57.11821365356445,156914
57.119131088256836,156914
57.12014198303223,156914
57.12173533439636,156914
57.12256360054016,156914
57.123382329940796,156914
57.12421441078186,156914
57.12503743171692,156914
57.12663245201111,156914
57.127453088760376,156914
57.12827515602112,156914
57.12910056114197,156914
57.130687952041626,156914
57.13151788711548,156914
57.132338762283325,156914
57.13315939903259,156914
57.13475942611694,156914
57.13558578491211,156914
57.13640856742859,156914
57.1372287273407,156914
57.13805031776428,156914
57.139642000198364,156914
57.14047074317932,156914
57.1412935256958,156914
57.14211654663086,156914
57.14370155334473,156914
57.144538164138794,156914
57.145357847213745,156914
57.14618253707886,156914
57.14700961112976,156914
57.14864134788513,156914
57.14947438240051,156914
57.150307178497314,156914
57.151142597198486,156914
57.15274500846863,156914
57.1535804271698,156914
57.15442419052124,156914
57.15525817871094,156914
57.156089067459106,156914
57.15769386291504,156914
57.15853023529053,156914
57.15936636924744,156914
57.16019296646118,156914
57.16103196144104,156914
57.16264057159424,156914
57.16347599029541,156914
57.16432023048401,156914
57.16515231132507,156914
57.16675806045532,156914
57.1675910949707,156914
57.16842842102051,156914
57.16926193237305,156914
57.170093297958374,156914
57.17170572280884,156914
57.17253804206848,156914
57.17337441444397,156914
57.17421340942383,156914
57.17505145072937,156914
57.1766574382782,156914
57.177490234375,156914
57.17832684516907,156914
57.1791558265686,156914
57.18076181411743,156914
57.18159580230713,156914
57.18242812156677,156914
57.18326449394226,156914
57.1841037273407,156914
57.18571352958679,156914
57.18654799461365,156914
57.187384366989136,156914
57.18821310997009,156914
57.189048767089844,156914
57.190656661987305,156914
57.19148921966553,156914
57.19232439994812,156914
57.19315576553345,156914
57.194775342941284,156914
57.19560933113098,156914
57.19644474983215,156914
57.19727969169617,156914
57.19811034202576,156914
57.19971513748169,156914
57.20055174827576,156914
57.201382875442505,156914
57.20221447944641,156914
57.203049421310425,156914
57.20466899871826,156914
57.20550203323364,156914
57.2063353061676,156914
57.20716691017151,156914
57.20877146720886,156914
57.209609031677246,156914
57.21044611930847,156914
57.21127963066101,156914
57.21211099624634,156914
57.21371626853943,156914
57.2145574092865,156914
57.215394020080566,156914
57.216224193573,156914
57.2170615196228,156914
57.2186644077301,156914
57.21949791908264,156914
57.22033333778381,156914
57.221163749694824,156914
57.22277069091797,156914
57.22360372543335,156914
57.22444772720337,156914
57.225284814834595,156914
57.226115703582764,156914
57.22772216796875,156914
57.22855591773987,156914
57.22939348220825,156914
57.23022174835205,156914
57.23105788230896,156914
57.232661485672,156914
57.23349642753601,156914
57.234339475631714,156914
57.23517107963562,156914
57.236008167266846,156914
57.23760938644409,156914
57.23844122886658,156914
57.23927569389343,156914
57.24010753631592,156914
57.24171853065491,156914
57.24255418777466,156914
57.24338746070862,156914
57.24422550201416,156914
57.24506711959839,156914
57.24667286872864,156914
57.24750876426697,156914
57.24834394454956,156914
57.24917483329773,156914
57.25000596046448,156914
57.25161600112915,156914
57.252450466156006,156914
57.25328969955444,156914
57.254130125045776,156914
57.25573754310608,156914
57.25657391548157,156914
57.25740957260132,156914
57.258240938186646,156914
57.25907301902771,156914
57.26067781448364,156914
57.261510133743286,156914
57.262346506118774,156914
57.26317524909973,156914
57.26401996612549,156914
57.265626430511475,156914
57.26646041870117,156914
57.26729679107666,156914
57.26813054084778,156914
57.269737243652344,156914
57.270569801330566,156914
57.27140426635742,156914
57.27223777770996,156914
57.273069858551025,156914
57.274686336517334,156914
57.27552151679993,156914
57.27635383605957,156914
57.27718138694763,156914
57.27801847457886,156914
57.279624223709106,156914
57.280457973480225,156914
57.2812933921814,156914
57.28212523460388,156914
57.2837347984314,156914
57.284576177597046,156914
57.28541088104248,156914
57.2862434387207,156914
57.28707551956177,156914
57.28868317604065,156914
57.28951549530029,156914
57.29035210609436,156914
57.291181564331055,156914
57.29201865196228,156914
57.29362463951111,156914
57.29447054862976,156914
57.29530382156372,156914
57.29613256454468,156914
57.297738552093506,156914
57.298572301864624,156914
57.29940962791443,156914
57.30024337768555,156914
57.301077127456665,156914
57.30268311500549,156914
57.30351686477661,156914
57.304364919662476,156914
57.30519437789917,156914
57.306029319763184,156914
57.307634115219116,156914
57.308470249176025,156914
57.309306621551514,156914
57.31013560295105,156914
57.311745166778564,156914
57.31257939338684,156914
57.31341099739075,156914
57.31425428390503,156914
57.315083742141724,156914
57.316691398620605,156914
57.3175265789032,156914
57.31836295127869,156914
57.319194078445435,156914
57.320029735565186,156914
57.32163119316101,156914
57.3224675655365,156914
57.32330083847046,156914
57.3241400718689,156914
57.32575035095215,156914
57.32658553123474,156914
57.327420473098755,156914
57.32826042175293,156914
57.3290901184082,156914
57.33069324493408,156914
57.33152914047241,156914
57.33236479759216,156914
57.33319282531738,156914
57.33404350280762,156914
57.33564209938049,156914
57.33647418022156,156914
57.33730959892273,156914
57.3381404876709,156914
57.33974814414978,156914
57.34058117866516,156914
57.341416120529175,156914
57.34225296974182,156914
57.34308648109436,156914
57.34470176696777,156914
57.34553503990173,156914
57.346370458602905,156914
57.3471999168396,156914
57.34803557395935,156914
57.349645376205444,156914
57.350478410720825,156914
57.35131573677063,156914
57.3521466255188,156914
57.35375475883484,156914
57.3545982837677,156914
57.35543489456177,156914
57.35627007484436,156914
57.35710310935974,156914
57.35870552062988,156914
57.359538555145264,156914
57.36037278175354,156914
57.36120367050171,156914
57.36203956604004,156914
57.363646507263184,156914
57.36448574066162,156914
57.36532211303711,156914
57.36615300178528,156914
57.36776161193848,156914
57.36859607696533,156914
57.36943244934082,156914
57.37026810646057,156914
57.37109851837158,156914
57.37270402908325,156914
57.37353825569153,156914
57.37438631057739,156914
57.375216245651245,156914
57.37605118751526,156914
57.37765836715698,156914
57.37849426269531,156914
57.37932825088501,156914
57.3801589012146,156914
57.38176655769348,156914
57.38260197639465,156914
57.38343930244446,156914
57.384286403656006,156914
57.385114431381226,156914
57.38672184944153,156914
57.387558698654175,156914
57.38839626312256,156914
57.38922309875488,156914
57.39006328582764,156914
57.391664028167725,156914
57.39249634742737,156914
57.39333415031433,156914
57.39417290687561,156914
57.39500689506531,156914
57.39661264419556,156914
57.397446155548096,156914
57.3982834815979,156914
57.399110078811646,156914
57.40071892738342,156914
57.40155100822449,156914
57.4023871421814,156914
57.403218507766724,156914
57.40406322479248,156914
57.405667781829834,156914
57.40650296211243,156914
57.40733885765076,156914
57.408172607421875,156914
57.409011125564575,156914
57.41061592102051,156914
57.41144919395447,156914
57.412283420562744,156914
57.413114070892334,156914
57.41473126411438,156914
57.415568113327026,156914
57.416404485702515,156914
57.41723608970642,156914
57.41806602478027,156914
57.41967248916626,156914
57.420507192611694,156914
57.42134165763855,156914
57.42217230796814,156914
57.42377948760986,156914
57.424622774124146,156914
57.42545819282532,156914
57.42629408836365,156914
57.42712068557739,156914
57.42872858047485,156914
57.42956519126892,156914
57.43040227890015,156914
57.431232929229736,156914
57.43206739425659,156914
57.43367290496826,156914
57.43451714515686,156914
57.43535304069519,156914
57.4361846446991,156914
57.43702006340027,156914
57.43862295150757,156914
57.43945646286011,156914
57.44029378890991,156914
57.44112515449524,156914
57.442734241485596,156914
57.44356608390808,156914
57.44441103935242,156914
57.44524121284485,156914
57.446075201034546,156914
57.447686433792114,156914
57.44852256774902,156914
57.44935631752014,156914
57.45018553733826,156914
57.45102047920227,156914
57.452624559402466,156914
57.453460454940796,156914
57.454304456710815,156914
57.45513415336609,156914
57.45674180984497,156914
57.45758008956909,156914
57.458414793014526,156914
57.459248304367065,156914
57.46007752418518,156914
57.461687326431274,156914
57.46252250671387,156914
57.463356494903564,156914
57.464194536209106,156914
57.46503448486328,156914
57.46663522720337,156914
57.46746850013733,156914
57.46830415725708,156914
57.46913528442383,156914
57.470749378204346,156914
57.471582651138306,156914
57.47241997718811,156914
57.47325539588928,156914
57.47409701347351,156914
57.475698947906494,156914
57.47653341293335,156914
57.477370738983154,156914
57.47819995880127,156914
57.47903347015381,156914
57.48063898086548,156914
57.481470346450806,156914
57.482308864593506,156914
57.48314046859741,156914
57.484755992889404,156914
57.48559284210205,156914
57.48642659187317,156914
57.487263679504395,156914
57.48809456825256,156914
57.48970293998718,156914
57.49053764343262,156914
57.491371631622314,156914
57.49220275878906,156914
57.493037700653076,156914
57.49465274810791,156914
57.49548411369324,156914
57.49631857872009,156914
57.49714970588684,156914
57.498759269714355,156914
57.49959635734558,156914
57.500431537628174,156914
57.501266956329346,156914
57.502097368240356,156914
57.503708600997925,156914
57.50455331802368,156914
57.50538873672485,156914
57.50621843338013,156914
57.50705337524414,156914
57.50865960121155,156914
57.509491205215454,156914
57.51032757759094,156914
57.51115560531616,156914
57.51276612281799,156914
57.51359939575195,156914
57.5144464969635,156914
57.51528358459473,156914
57.516117095947266,156914
57.517727851867676,156914
57.51856255531311,156914
57.51940178871155,156914
57.520235538482666,156914
57.5210645198822,156914
57.52267241477966,156914
57.52350735664368,156914
57.52435040473938,156914
57.52518057823181,156914
57.52601647377014,156914
57.527623653411865,156914
57.528459787368774,156914
57.52929663658142,156914
57.53012752532959,156914
57.531736850738525,156914
57.53256916999817,156914
57.53340029716492,156914
57.534239053726196,156914
57.535076379776,156914
57.53668165206909,156914
57.53751730918884,156914
57.53835105895996,156914
57.539180755615234,156914
57.540016412734985,156914
57.54162406921387,156914
57.542455434799194,156914
57.54329061508179,156914
57.54413032531738,156914
57.545738697052,156914
57.5465726852417,156914
57.54740762710571,156914
57.54823637008667,156914
57.549072265625,156914
57.55067586898804,156914
57.55151176452637,156914
57.552345275878906,156914
57.55317544937134,156914
57.55401539802551,156914
57.55562210083008,156914
57.55646276473999,156914
57.557300329208374,156914
57.55812931060791,156914
57.55973792076111,156914
57.56057357788086,156914
57.561407804489136,156914
57.5622398853302,156914
57.563076972961426,156914
57.56468963623047,156914
57.56552219390869,156914
57.56635856628418,156914
57.56718945503235,156914
57.56802320480347,156914
57.569634675979614,156914
57.570467710494995,156914
57.571300983428955,156914
57.572131633758545,156914
57.57373809814453,156914
57.574581146240234,156914
57.57541537284851,156914
57.576249837875366,156914
57.57708024978638,156914
57.578688621520996,156914
57.579522371292114,156914
57.58035969734192,156914
57.581188678741455,156914
57.582027435302734,156914
57.58363127708435,156914
57.58447265625,156914
57.585304260253906,156914
57.58613419532776,156914
57.58773970603943,156914
57.58857750892639,156914
57.58941149711609,156914
57.59024238586426,156914
57.59107708930969,156914
57.59268069267273,156914
57.59351468086243,156914
57.5943603515625,156914
57.59519076347351,156914
57.59602761268616,156914
57.597628355026245,156914
57.598464012145996,156914
57.59930157661438,156914
57.600131034851074,156914
57.60174608230591,156914
57.60257697105408,156914
57.603416204452515,156914
57.60425782203674,156914
57.605087995529175,156914
57.60669684410095,156914
57.60752892494202,156914
57.608365297317505,156914
57.60919237136841,156914
57.610029458999634,156914
57.61163592338562,156914
57.61246943473816,156914
57.61330962181091,156914
57.61414694786072,156914
57.61575746536255,156914
57.616591930389404,156914
57.61742663383484,156914
57.61826157569885,156914
57.61909317970276,156914
57.62069797515869,156914
57.62153339385986,156914
57.62237024307251,156914
57.62319993972778,156914
57.62404799461365,156914
57.62565302848816,156914
57.626487016677856,156914
57.62732005119324,156914
57.628151178359985,156914
57.62976145744324,156914
57.63059759140015,156914
57.63143229484558,156914
57.632269620895386,156914
57.63310241699219,156914
57.63471531867981,156914
57.63554811477661,156914
57.636383056640625,156914
57.63721561431885,156914
57.638052463531494,156914
57.63965463638306,156914
57.640488386154175,156914
57.64132213592529,156914
57.64215064048767,156914
57.64375972747803,156914
57.644601583480835,156914
57.64544057846069,156914
57.646278619766235,156914
57.647109031677246,156914
57.6487135887146,156914
57.64954876899719,156914
57.65038347244263,156914
57.65121555328369,156914
57.65204620361328,156914
57.65364861488342,156914
57.65448832511902,156914
57.655325412750244,156914
57.65615248680115,156914
57.65776467323303,156914
57.6586012840271,156914
57.659435749053955,156914
57.66026997566223,156914
57.66110134124756,156914
57.66270995140076,156914
57.66354513168335,156914
57.66438841819763,156914
57.66522192955017,156914
57.66605806350708,156914
57.66766619682312,156914
57.668500661849976,156914
57.66933822631836,156914
57.670170068740845,156914
57.671777963638306,156914
57.672616720199585,156914
57.67345190048218,156914
57.67429804801941,156914
57.675129890441895,156914
57.67674112319946,156914
57.67757701873779,156914
57.678412437438965,156914
57.67924451828003,156914
57.6800799369812,156914
57.681689739227295,156914
57.68252515792847,156914
57.68336033821106,156914
57.68419647216797,156914
57.685035705566406,156914
57.68664216995239,156914
57.68747615814209,156914
57.68831181526184,156914
57.68914222717285,156914
57.69075131416321,156914
57.691585063934326,156914
57.69241809844971,156914
57.69325399398804,156914
57.69409680366516,156914
57.69570183753967,156914
57.69653940200806,156914
57.69737529754639,156914
57.698206186294556,156914
57.699037075042725,156914
57.700645446777344,156914
57.701478481292725,156914
57.702314138412476,156914
57.7031455039978,156914
57.704763412475586,156914
57.70559763908386,156914
57.706430435180664,156914
57.707266330718994,156914
57.70809626579285,156914
57.709707736968994,156914
57.71053981781006,156914
57.711376428604126,156914
57.712209701538086,156914
57.71304631233215,156914
57.71466016769409,156914
57.715495109558105,156914
57.71633052825928,156914
57.717159271240234,156914
57.718778133392334,156914
57.71961569786072,156914
57.72045016288757,156914
57.72128653526306,156914
57.722116470336914,156914
57.72372555732727,156914
57.72456932067871,156914
57.725404262542725,156914
57.72623372077942,156914
57.72706437110901,156914
57.728668451309204,156914
57.729501247406006,156914
57.730342388153076,156914
57.731173515319824,156914
57.73200845718384,156914
57.733609437942505,156914
57.73445224761963,156914
57.73528861999512,156914
57.736119508743286,156914
57.73772621154785,156914
57.73855924606323,156914
57.73939251899719,156914
57.74022197723389,156914
57.74105501174927,156914
57.74266028404236,156914
57.743494272232056,156914
57.74433970451355,156914
57.74516987800598,156914
57.74677300453186,156914
57.74760890007019,156914
57.74844288825989,156914
57.74927544593811,156914
57.75010824203491,156914
57.75171494483948,156914
57.75254774093628,156914
57.753384828567505,156914
57.754223108291626,156914
57.75506091117859,156914
57.756664991378784,156914
57.75750160217285,156914
57.758336544036865,156914
57.759167432785034,156914
57.760777950286865,156914
57.76161336898804,156914
57.76244831085205,156914
57.763283252716064,156914
57.76412057876587,156914
57.765729904174805,156914
57.76656484603882,156914
57.767401933670044,156914
57.76823401451111,156914
57.76906609535217,156914
57.770678758621216,156914
57.77151417732239,156914
57.77235174179077,156914
57.77317976951599,156914
57.77402901649475,156914
57.77563166618347,156914
57.77646517753601,156914
57.77730107307434,156914
57.77813172340393,156914
57.77974343299866,156914
57.78057837486267,156914
57.781415939331055,156914
57.782252073287964,156914
57.78308296203613,156914
57.78470516204834,156914
57.78553533554077,156914
57.786372661590576,156914
57.787201166152954,156914
57.78803563117981,156914
57.78964114189148,156914
57.7904736995697,156914
57.79131078720093,156914
57.79214000701904,156914
57.79374837875366,156914
57.794591426849365,156914
57.79542660713196,156914
57.796263456344604,156914
57.79709506034851,156914
57.798704385757446,156914
57.7995388507843,156914
57.80037188529968,156914
57.80120134353638,156914
57.80203366279602,156914
57.80363869667053,156914
57.804484605789185,156914
57.80531930923462,156914
57.80615043640137,156914
57.807758808135986,156914
57.80859732627869,156914
57.809430837631226,156914
57.810266733169556,156914
57.81109929084778,156914
57.81270432472229,156914
57.81354308128357,156914
57.814388036727905,156914
57.81521821022034,156914
57.816052198410034,156914
57.817659854888916,156914
57.8184928894043,156914
57.81932997703552,156914
57.82015943527222,156914
57.82176899909973,156914
57.822603940963745,156914
57.823436975479126,156914
57.82428312301636,156914
57.825111627578735,156914
57.826722621917725,156914
57.82755422592163,156914
57.828388690948486,156914
57.829219818115234,156914
57.83005237579346,156914
57.8316593170166,156914
57.83249044418335,156914
57.83332705497742,156914
57.834166526794434,156914
57.83577752113342,156914
57.83661222457886,156914
57.83744549751282,156914
57.83828282356262,156914
57.83911204338074,156914
57.840723276138306,156914
57.841556787490845,156914
57.842387199401855,156914
57.84321594238281,156914
57.84406137466431,156914
57.845664501190186,156914
57.84650278091431,156914
57.84733772277832,156914
57.84817123413086,156914
57.84900665283203,156914
57.85060977935791,156914
57.851444721221924,156914
57.85228157043457,156914
57.853111028671265,156914
57.8547306060791,156914
57.85556697845459,156914
57.8564019203186,156914
57.85723257064819,156914
57.85806608200073,156914
57.85967016220093,156914
57.860506534576416,156914
57.86134219169617,156914
57.86217164993286,156914
57.86300587654114,156914
57.86462044715881,156914
57.865458965301514,156914
57.86629295349121,156914
57.86712169647217,156914
57.868730545043945,156914
57.869563579559326,156914
57.8703989982605,156914
57.87123155593872,156914
57.87206411361694,156914
57.87367033958435,156914
57.87451386451721,156914
57.875351428985596,156914
57.87618064880371,156914
57.87701964378357,156914
57.87862682342529,156914
57.87945914268494,156914
57.880295753479004,156914
57.88112735748291,156914
57.88273501396179,156914
57.88357210159302,156914
57.88441467285156,156914
57.88525414466858,156914
57.88608384132385,156914
57.88769054412842,156914
57.888527631759644,156914
57.88936114311218,156914
57.89019250869751,156914
57.89102649688721,156914
57.89263105392456,156914
57.89346480369568,156914
57.89430904388428,156914
57.89514398574829,156914
57.89674711227417,156914
57.89757990837097,156914
57.89841651916504,156914
57.899250507354736,156914
57.900083780288696,156914
57.901691198349,156914
57.902525901794434,156914
57.903361558914185,156914
57.90419793128967,156914
57.90503811836243,156914
57.90664005279541,156914
57.90747594833374,156914
57.90831255912781,156914
57.9091420173645,156914
57.910749435424805,156914
57.91158699989319,156914
57.912421226501465,156914
57.913257360458374,156914
57.914098024368286,156914
57.915706634521484,156914
57.91654062271118,156914
57.917378425598145,156914
57.91821026802063,156914
57.91904401779175,156914
57.92065119743347,156914
57.921483755111694,156914
57.92232060432434,156914
57.92315149307251,156914
57.92476963996887,156914
57.92560386657715,156914
57.92644023895264,156914
57.92727470397949,156914
57.928109645843506,156914
57.92971634864807,156914
57.93055009841919,156914
57.93138647079468,156914
57.93221592903137,156914
57.93305206298828,156914
57.93466591835022,156914
57.93550109863281,156914
57.93633437156677,156914
57.93716883659363,156914
57.938775300979614,156914
57.93961048126221,156914
57.94044852256775,156914
57.94128441810608,156914
57.94211554527283,156914
57.94372034072876,156914
57.94456624984741,156914
57.94540071487427,156914
57.94623303413391,156914
57.94706916809082,156914
57.94867730140686,156914
57.949512004852295,156914
57.950347900390625,156914
57.95117950439453,156914
57.9520103931427,156914
57.953619718551636,156914
57.95446252822876,156914
57.95529913902283,156914
57.95612621307373,156914
57.957738637924194,156914
57.95857119560242,156914
57.95940709114075,156914
57.96023750305176,156914
57.961066246032715,156914
57.962671518325806,156914
57.96350407600403,156914
57.96434950828552,156914
57.96518039703369,156914
57.96601843833923,156914
57.96762299537659,156914
57.9684579372406,156914
57.969297647476196,156914
57.97012400627136,156914
57.97173500061035,156914
57.97256922721863,156914
57.97340536117554,156914
57.97424530982971,156914
57.97507929801941,156914
57.97668981552124,156914
57.9775230884552,156914
57.97835898399353,156914
57.97918915748596,156914
57.98002505302429,156914
57.98163366317749,156914
57.98246717453003,156914
57.983301401138306,156914
57.98413968086243,156914
57.98574733734131,156914
57.98658514022827,156914
57.98741936683655,156914
57.98825478553772,156914
57.98908829689026,156914
57.990692377090454,156914
57.99152946472168,156914
57.99236583709717,156914
57.993194341659546,156914
57.994040966033936,156914
57.99564337730408,156914
57.99647831916809,156914
57.99731397628784,156914
57.998141288757324,156914
57.99975061416626,156914
58.0005829334259,156914
58.00141739845276,156914
58.002254247665405,156914
58.00308585166931,156914
58.00470161437988,156914
58.00553488731384,156914
58.006370067596436,156914
58.00720262527466,156914
58.008037090301514,156914
58.00964713096619,156914
58.01047897338867,156914
58.011316537857056,156914
58.01214623451233,156914
58.01375985145569,156914
58.014604806900024,156914
58.015440464019775,156914
58.016278982162476,156914
58.017107248306274,156914
58.01871466636658,156914
58.019545555114746,156914
58.020381450653076,156914
58.021212100982666,156914
58.02204942703247,156914
58.02365493774414,156914
58.024494886398315,156914
58.02532935142517,156914
58.0261595249176,156914
58.02777051925659,156914
58.0286078453064,156914
58.02944588661194,156914
58.03028082847595,156914
58.03111124038696,156914
58.03272080421448,156914
58.03355288505554,156914
58.0343976020813,156914
58.03522729873657,156914
58.03606104850769,156914
58.03766393661499,156914
58.03850054740906,156914
58.03933310508728,156914
58.04016184806824,156914
58.041773080825806,156914
58.042609453201294,156914
58.04344725608826,156914
58.04429268836975,156914
58.04512405395508,156914
58.04673409461975,156914
58.047569036483765,156914
58.048404693603516,156914
58.049237966537476,156914
58.050071239471436,156914
58.051679611206055,156914
58.05251169204712,156914
58.05335187911987,156914
58.0541877746582,156914
58.05502772331238,156914
58.056631326675415,156914
58.05746650695801,156914
58.05830478668213,156914
58.05913329124451,156914
58.06073880195618,156914
58.06157612800598,156914
58.06241178512573,156914
58.06324744224548,156914
58.06409001350403,156914
58.065694093704224,156914
58.06652569770813,156914
58.067363023757935,156914
58.068190574645996,156914
58.06902575492859,156914
58.07063174247742,156914
58.07146859169006,156914
58.07230591773987,156914
58.07313680648804,156914
58.07475280761719,156914
58.07558751106262,156914
58.076419830322266,156914
58.07725524902344,156914
58.07808804512024,156914
58.07969331741333,156914
58.08053159713745,156914
58.08136558532715,156914
58.08219623565674,156914
58.08303356170654,156914
58.08464741706848,156914
58.08548450469971,156914
58.08631992340088,156914
58.08714938163757,156914
58.08875751495361,156914
58.08959174156189,156914
58.09042692184448,156914
58.09126329421997,156914
58.0920946598053,156914
58.093706369400024,156914
58.09455108642578,156914
58.09538650512695,156914
58.096219062805176,156914
58.09705114364624,156914
58.098660945892334,156914
58.09949088096619,156914
58.10033106803894,156914
58.10116744041443,156914
58.10276913642883,156914
58.10360312461853,156914
58.104448080062866,156914
58.10528540611267,156914
58.10611581802368,156914
58.107728242874146,156914
58.10856318473816,156914
58.10939979553223,156914
58.110233306884766,156914
58.11106300354004,156914
58.112677335739136,156914
58.113508462905884,156914
58.114351749420166,156914
58.11518406867981,156914
58.11601996421814,156914
58.11762547492981,156914
58.11846089363098,156914
58.11929750442505,156914
58.1201286315918,156914
58.12173390388489,156914
58.122567653656006,156914
58.123403549194336,156914
58.124242067337036,156914
58.125075817108154,156914
58.12667489051819,156914
58.1275110244751,156914
58.12834858894348,156914
58.12917923927307,156914
58.13001036643982,156914
58.131617307662964,156914
58.13244938850403,156914
58.133283376693726,156914
58.134124755859375,156914
58.13572812080383,156914
58.13656044006348,156914
58.137394189834595,156914
58.138227224349976,156914
58.139058113098145,156914
58.14065933227539,156914
58.14149451255798,156914
58.14233136177063,156914
58.143163442611694,156914
58.14400815963745,156914
58.14561176300049,156914
58.146445512771606,156914
58.14728236198425,156914
58.14811038970947,156914
58.149720907211304,156914
58.15055584907532,156914
58.15139031410217,156914
58.15222191810608,156914
58.15305519104004,156914
58.15467357635498,156914
58.155505895614624,156914
58.156341791152954,156914
58.15717315673828,156914
58.15801119804382,156914
58.15961742401123,156914
58.16044998168945,156914
58.16128349304199,156914
58.162113904953,156914
58.16372585296631,156914
58.164571046829224,156914
58.165406227111816,156914
58.166237354278564,156914
58.16707134246826,156914
58.16868019104004,156914
58.16951251029968,156914
58.17034959793091,156914
58.17117786407471,156914
58.17201590538025,156914
58.1736204624176,156914
58.17446446418762,156914
58.17530059814453,156914
58.17613101005554,156914
58.17774057388306,156914
58.17857360839844,156914
58.179410219192505,156914
58.1802453994751,156914
58.18107509613037,156914
58.18268442153931,156914
58.183515548706055,156914
58.184365034103394,156914
58.18519616127014,156914
58.1860294342041,156914
58.187631368637085,156914
58.18846416473389,156914
58.18930220603943,156914
58.19012999534607,156914
58.19173979759216,156914
58.192575216293335,156914
58.19340968132019,156914
58.19425344467163,156914
58.19508647918701,156914
58.19669246673584,156914
58.1975257396698,156914
58.19836068153381,156914
58.19919157028198,156914
58.200026750564575,156914
58.20162868499756,156914
58.20246243476868,156914
58.20329666137695,156914
58.20413255691528,156914
58.20574069023132,156914
58.20657300949097,156914
58.20741033554077,156914
58.208239793777466,156914
58.209070920944214,156914
58.21067690849304,156914
58.21151089668274,156914
58.21234941482544,156914
58.21318197250366,156914
58.21402835845947,156914
58.21562886238098,156914
58.21646690368652,156914
58.217302083969116,156914
58.2181339263916,156914
58.2197425365448,156914
58.22057628631592,156914
58.221413135528564,156914
58.22224473953247,156914
58.22307753562927,156914
58.22469639778137,156914
58.225531816482544,156914
58.22636866569519,156914
58.22719693183899,156914
58.2280330657959,156914
58.22963833808899,156914
58.230472564697266,156914
58.23130917549133,156914
58.23213982582092,156914
58.233744621276855,156914
58.23459005355835,156914
58.235424518585205,156914
58.236260414123535,156914
58.237091064453125,156914
58.238699197769165,156914
58.23953413963318,156914
58.24037003517151,156914
58.24120259284973,156914
58.24203443527222,156914
58.24363875389099,156914
58.24448227882385,156914
58.245317459106445,156914
58.246148109436035,156914
58.247753381729126,156914
58.24858832359314,156914
58.24942326545715,156914
58.25025820732117,156914
58.25109314918518,156914
58.25270104408264,156914
58.253538608551025,156914
58.254382610321045,156914
58.25521492958069,156914
58.2560498714447,156914
58.2576539516449,156914
58.25848579406738,156914
58.259318828582764,156914
58.26014733314514,156914
58.26175618171692,156914
58.262590169906616,156914
58.26342701911926,156914
58.26426887512207,156914
58.2651002407074,156914
58.26671028137207,156914
58.26754188537598,156914
58.26837754249573,156914
58.26920485496521,156914
58.270041704177856,156914
58.27164626121521,156914
58.272483587265015,156914
58.273316860198975,156914
58.27415680885315,156914
58.275768518447876,156914
58.27660059928894,156914
58.27743601799011,156914
58.278268814086914,156914
58.27909994125366,156914
58.28070688247681,156914
58.281540870666504,156914
58.28237509727478,156914
58.28320670127869,156914
58.28405022621155,156914
58.28565216064453,156914
58.28648495674133,156914
58.28732204437256,156914
58.28815245628357,156914
58.28976130485535,156914
58.29059839248657,156914
58.291428565979004,156914
58.29226279258728,156914
58.293097257614136,156914
58.29471564292908,156914
58.29555082321167,156914
58.296385288238525,156914
58.29721522331238,156914
58.29805111885071,156914
58.29965138435364,156914
58.30048370361328,156914
58.30131912231445,156914
58.3021502494812,156914
58.30376386642456,156914
58.30460858345032,156914
58.305445194244385,156914
58.30627989768982,156914
58.30710768699646,156914
58.30872082710266,156914
58.30955386161804,156914
58.31038808822632,156914
58.311217069625854,156914
58.312052726745605,156914
58.31365752220154,156914
58.31450057029724,156914
58.31533694267273,156914
58.31616759300232,156914
58.31777310371399,156914
58.31860852241516,156914
58.31944680213928,156914
58.32028126716614,156914
58.32110643386841,156914
58.322718143463135,156914
58.32355237007141,156914
58.32439589500427,156914
58.32522630691528,156914
58.32605862617493,156914
58.32766556739807,156914
58.32849860191345,156914
58.32933259010315,156914
58.33016800880432,156914
58.33177733421326,156914
58.332611322402954,156914
58.3334481716156,156914
58.33429169654846,156914
58.33512353897095,156914
58.336732149124146,156914
58.33756422996521,156914
58.33840012550354,156914
58.33922815322876,156914
58.34006452560425,156914
58.341667890548706,156914
58.34250020980835,156914
58.34333682060242,156914
58.344178438186646,156914
58.34501242637634,156914
58.34661817550659,156914
58.347452878952026,156914
58.34828972816467,156914
58.34912180900574,156914
58.35072898864746,156914
58.35156226158142,156914
58.35240364074707,156914
58.353232860565186,156914
58.354074001312256,156914
58.35568356513977,156914
58.35651683807373,156914
58.357353925704956,156914
58.358182191848755,156914
58.35901880264282,156914
58.3606219291687,156914
58.36145997047424,156914
58.36229634284973,156914
58.36312675476074,156914
58.36474800109863,156914
58.36558389663696,156914
58.36641836166382,156914
58.367255449295044,156914
58.36808729171753,156914
58.36969208717346,156914
58.3705267906189,156914
58.37136244773865,156914
58.37219309806824,156914
58.37303018569946,156914
58.37464261054993,156914
58.375476360321045,156914
58.376312017440796,156914
58.377140522003174,156914
58.37874674797058,156914
58.379579305648804,156914
58.38041591644287,156914
58.3812530040741,156914
58.38208603858948,156914
58.383692264556885,156914
58.38453650474548,156914
58.38537240028381,156914
58.386202335357666,156914
58.38703632354736,156914
58.38863825798035,156914
58.389471769332886,156914
58.390308141708374,156914
58.39113688468933,156914
58.392749309539795,156914
58.39358353614807,156914
58.39442491531372,156914
58.39526033401489,156914
58.39609217643738,156914
58.39769649505615,156914
58.39853000640869,156914
58.39936542510986,156914
58.400198459625244,156914
58.40103101730347,156914
58.40263342857361,156914
58.403470277786255,156914
58.40431451797485,156914
58.405147314071655,156914
58.40675735473633,156914
58.4075927734375,156914
58.40842938423157,156914
58.40926742553711,156914
58.41009712219238,156914
58.41170787811279,156914
58.41254186630249,156914
58.413376808166504,156914
58.414215087890625,156914
58.41505265235901,156914
58.41665983200073,156914
58.417495250701904,156914
58.4183304309845,156914
58.41916489601135,156914
58.420772314071655,156914
58.4216091632843,156914
58.422441244125366,156914
58.4232759475708,156914
58.424115896224976,156914
58.42572236061096,156914
58.42655563354492,156914
58.42738890647888,156914
58.42821979522705,156914
58.429051637649536,156914
58.43065881729126,156914
58.43149471282959,156914
58.4323296546936,156914
58.433160066604614,156914
58.43400573730469,156914
58.43561387062073,156914
58.43644690513611,156914
58.43728232383728,156914
58.438111305236816,156914
58.4397177696228,156914
58.44055104255676,156914
58.44138717651367,156914
58.44221353530884,156914
58.443050146102905,156914
58.44466471672058,156914
58.445496797561646,156914
58.446330070495605,156914
58.4471595287323,156914
58.4487681388855,156914
58.44960165023804,156914
58.45043754577637,156914
58.451271295547485,156914
58.452099561691284,156914
58.45370817184448,156914
58.45455193519592,156914
58.4553861618042,156914
58.456217527389526,156914
58.457051515579224,156914
58.45865797996521,156914
58.45949125289917,156914
58.46032691001892,156914
58.46115779876709,156914
58.462764263153076,156914
58.463600635528564,156914
58.464441776275635,156914
58.46527647972107,156914
58.46610450744629,156914
58.46771025657654,156914
58.46854496002197,156914
58.46937870979309,156914
58.47020673751831,156914
58.471041202545166,156914
58.47264385223389,156914
58.47347569465637,156914
58.47431826591492,156914
58.475147008895874,156914
58.47675895690918,156914
58.47759222984314,156914
58.478426694869995,156914
58.47926473617554,156914
58.48009657859802,156914
58.48170566558838,156914
58.48253846168518,156914
58.4833710193634,156914
58.48421025276184,156914
58.48504686355591,156914
58.486652851104736,156914
58.48748254776001,156914
58.488316774368286,156914
58.48914957046509,156914
58.490758180618286,156914
58.49159264564514,156914
58.49242973327637,156914
58.49326705932617,156914
58.49410676956177,156914
58.49571251869202,156914
58.49654746055603,156914
58.49738359451294,156914
58.49821472167969,156914
58.499046325683594,156914
58.500662326812744,156914
58.50149440765381,156914
58.5023295879364,156914
58.50316262245178,156914
58.50477933883667,156914
58.50561738014221,156914
58.5064537525177,156914
58.5072877407074,156914
58.50811767578125,156914
58.509724617004395,156914
58.51055860519409,156914
58.51139187812805,156914
58.512221336364746,156914
58.51305556297302,156914
58.51467204093933,156914
58.51550769805908,156914
58.5163414478302,156914
58.51717138290405,156914
58.518006801605225,156914
58.51960897445679,156914
58.52044320106506,156914
58.52127981185913,156914
58.522106647491455,156914
58.52371573448181,156914
58.524558305740356,156914
58.525394916534424,156914
58.52622675895691,156914
58.52705931663513,156914
58.5286660194397,156914
58.52950119972229,156914
58.53033781051636,156914
58.53116774559021,156914
58.53277277946472,156914
58.53360962867737,156914
58.5344512462616,156914
58.53528451919556,156914
58.53611421585083,156914
58.53772473335266,156914
58.53855609893799,156914
58.539387464523315,156914
58.54021763801575,156914
58.54104995727539,156914
58.54265785217285,156914
58.543489933013916,156914
58.5443332195282,156914
58.545164346694946,156914
58.54676866531372,156914
58.54760408401489,156914
58.54843854904175,156914
58.54927349090576,156914
58.55010509490967,156914
58.551716804504395,156914
58.552550077438354,156914
58.553383111953735,156914
58.5542197227478,156914
58.555055379867554,156914
58.556660890579224,156914
58.55749750137329,156914
58.558334827423096,156914
58.55916619300842,156914
58.56077194213867,156914
58.561606645584106,156914
58.56244134902954,156914
58.56327724456787,156914
58.56411552429199,156914
58.56572461128235,156914
58.566555976867676,156914
58.56739020347595,156914
58.56822347640991,156914
58.569053649902344,156914
58.570658445358276,156914
58.57149314880371,156914
58.57233285903931,156914
58.57315969467163,156914
58.57477927207947,156914
58.57561373710632,156914
58.57644844055176,156914
58.57728457450867,156914
58.57811427116394,156914
58.5797221660614,156914
58.58055877685547,156914
58.58139371871948,156914
58.582223653793335,156914
58.58305764198303,156914
58.584675550460815,156914
58.58551239967346,156914
58.58634805679321,156914
58.587180852890015,156914
58.58801293373108,156914
58.589624881744385,156914
58.59045910835266,156914
58.5912926197052,156914
58.592124700546265,156914
58.59372878074646,156914
58.59457278251648,156914
58.595409631729126,156914
58.59624218940735,156914
58.59707760810852,156914
58.59868288040161,156914
58.599517822265625,156914
58.60035252571106,156914
58.601181983947754,156914
58.602017641067505,156914
58.603620529174805,156914
58.60446619987488,156914
58.605303049087524,156914
58.60613489151001,156914
58.60774302482605,156914
58.608577489852905,156914
58.60941553115845,156914
58.610249280929565,156914
58.61107873916626,156914
58.61268734931946,156914
58.61351990699768,156914
58.61436581611633,156914
58.615193128585815,156914
58.61603045463562,156914
58.61763405799866,156914
58.61846661567688,156914
58.61930179595947,156914
58.62013077735901,156914
58.62173938751221,156914
58.622573137283325,156914
58.62340688705444,156914
58.62425088882446,156914
58.625083684921265,156914
58.626691579818726,156914
58.627527475357056,156914
58.62836027145386,156914
58.62919211387634,156914
58.630027532577515,156914
58.63163113594055,156914
58.63246202468872,156914
58.63329768180847,156914
58.6341392993927,156914
58.63574481010437,156914
58.63657832145691,156914
58.63741445541382,156914
58.63825082778931,156914
58.63908672332764,156914
58.64069223403931,156914
58.64152503013611,156914
58.64236044883728,156914
58.643190145492554,156914
58.644038438797,156914
58.64564228057861,156914
58.64647698402405,156914
58.64731240272522,156914
58.64814352989197,156914
58.64975023269653,156914
58.650585889816284,156914
58.6514253616333,156914
58.65225911140442,156914
58.653090476989746,156914
58.654703855514526,156914
58.655537366867065,156914
58.656370878219604,156914
58.65720224380493,156914
58.65803623199463,156914
58.65964150428772,156914
58.66047120094299,156914
58.661309480667114,156914
58.66213798522949,156914
58.663748264312744,156914
58.66459369659424,156914
58.66542911529541,156914
58.66626524925232,156914
58.66709804534912,156914
58.668707847595215,156914
58.66954207420349,156914
58.6703782081604,156914
58.6712110042572,156914
58.672045946121216,156914
58.67365121841431,156914
58.67449116706848,156914
58.67532467842102,156914
58.67615532875061,156914
58.67776131629944,156914
58.678595542907715,156914
58.67943215370178,156914
58.68026638031006,156914
58.681095361709595,156914
58.68270516395569,156914
58.6835412979126,156914
58.684385776519775,156914
58.68521451950073,156914
58.686049938201904,156914
58.68765330314636,156914
58.68848705291748,156914
58.68932032585144,156914
58.69015192985535,156914
58.69175958633423,156914
58.69259428977966,156914
58.69343543052673,156914
58.694279193878174,156914
58.6951117515564,156914
58.69671368598938,156914
58.69754910469055,156914
58.698386430740356,156914
58.699217557907104,156914
58.70004749298096,156914
58.701656341552734,156914
58.702489376068115,156914
58.7033269405365,156914
58.70416712760925,156914
58.70577931404114,156914
58.70661401748657,156914
58.70744800567627,156914
58.70828461647034,156914
58.70912051200867,156914
58.71072578430176,156914
58.71155834197998,156914
58.71239161491394,156914
58.71322226524353,156914
58.71406650543213,156914
58.71567153930664,156914
58.71650409698486,156914
58.717342138290405,156914
58.71817469596863,156914
58.719014406204224,156914
58.72061252593994,156914
58.72144818305969,156914
58.72228407859802,156914
58.723116874694824,156914
58.72472882270813,156914
58.72556495666504,156914
58.72639751434326,156914
58.727227449417114,156914
58.72806000709534,156914
58.729668855667114,156914
58.730501890182495,156914
58.73133611679077,156914
58.73216772079468,156914
58.73377561569214,156914
58.73462128639221,156914
58.73545503616333,156914
58.73629140853882,156914
58.737120389938354,156914
58.738728523254395,156914
58.73955988883972,156914
58.740395307540894,156914
58.74122333526611,156914
58.74205780029297,156914
58.74366354942322,156914
58.7445068359375,156914
58.74534320831299,156914
58.74617552757263,156914
58.74700975418091,156914
58.748618364334106,156914
58.74945139884949,156914
58.75028920173645,156914
58.75112009048462,156914
58.752726316452026,156914
58.75355768203735,156914
58.75439977645874,156914
58.75523090362549,156914
58.75606608390808,156914
58.7576744556427,156914
58.75850868225098,156914
58.759342670440674,156914
58.760173320770264,156914
58.76101040840149,156914
58.762615442276,156914
58.763450384140015,156914
58.76429200172424,156914
58.765124559402466,156914
58.766735553741455,156914
58.767569065093994,156914
58.76840376853943,156914
58.76923727989197,156914
58.77006936073303,156914
58.77167296409607,156914
58.77250957489014,156914
58.77334523200989,156914
58.7741801738739,156914
58.77501940727234,156914
58.7766215801239,156914
58.77745985984802,156914
58.77829360961914,156914
58.77912473678589,156914
58.78073740005493,156914
58.78157186508179,156914
58.78240609169006,156914
58.783239126205444,156914
58.78408145904541,156914
58.78568434715271,156914
58.78651762008667,156914
58.78735303878784,156914
58.78818154335022,156914
58.789016008377075,156914
58.79061770439148,156914
58.79145264625549,156914
58.79228949546814,156914
58.793115854263306,156914
58.79473614692688,156914
58.79556965827942,156914
58.79640293121338,156914
58.797231912612915,156914
58.79806590080261,156914
58.799670934677124,156914
58.80050444602966,156914
58.80134177207947,156914
58.802172899246216,156914
58.80300760269165,156914
58.80462336540222,156914
58.80545783042908,156914
58.806296825408936,156914
58.807124853134155,156914
58.808735847473145,156914
58.80957078933716,156914
58.810407638549805,156914
58.8112370967865,156914
58.81207203865051,156914
58.81367349624634,156914
58.8145170211792,156914
58.815349817276,156914
58.81618094444275,156914
58.81701898574829,156914
58.81862735748291,156914
58.8194637298584,156914
58.82029676437378,156914
58.82112646102905,156914
58.822736501693726,156914
58.82356929779053,156914
58.82441520690918,156914
58.82525038719177,156914
58.826082706451416,156914
58.82768964767456,156914
58.828521728515625,156914
58.82935976982117,156914
58.83018612861633,156914
58.831021785736084,156914
58.83262801170349,156914
58.83346152305603,156914
58.83430862426758,156914
58.83514165878296,156914
58.83674931526184,156914
58.83758616447449,156914
58.838417291641235,156914
58.8392539024353,156914
58.84008526802063,156914
58.84169602394104,156914
58.842530488967896,156914
58.843364000320435,156914
58.844202280044556,156914
58.845035791397095,156914
58.84664869308472,156914
58.847482681274414,156914
58.84831929206848,156914
58.849153995513916,156914
58.85075783729553,156914
58.85159730911255,156914
58.85243248939514,156914
58.85326647758484,156914
58.85410714149475,156914
58.855714559555054,156914
58.856547594070435,156914
58.85738182067871,156914
58.858211517333984,156914
58.8590452671051,156914
58.86065077781677,156914
58.8614821434021,156914
58.86231803894043,156914
58.86314630508423,156914
58.86476683616638,156914
58.86560082435608,156914
58.86643743515015,156914
58.867271900177,156914
58.86810350418091,156914
58.869709491729736,156914
58.87054252624512,156914
58.871376276016235,156914
58.87220883369446,156914
58.873040199279785,156914
58.874656677246094,156914
58.87548804283142,156914
58.87632369995117,156914
58.87715697288513,156914
58.87876629829407,156914
58.87960410118103,156914
58.880436182022095,156914
58.88127565383911,156914
58.882102966308594,156914
58.88370418548584,156914
58.884549379348755,156914
58.88538360595703,156914
58.886213064193726,156914
58.887046813964844,156914
58.88865041732788,156914
58.88948082923889,156914
58.89031362533569,156914
58.891146659851074,156914
58.8927538394928,156914
58.89358830451965,156914
58.89443492889404,156914
58.8952693939209,156914
58.89610004425049,156914
58.89771103858948,156914
58.89854574203491,156914
58.89938044548035,156914
58.90020823478699,156914
58.90104413032532,156914
58.902650594711304,156914
58.90348410606384,156914
58.90432953834534,156914
58.905160665512085,156914
58.9067702293396,156914
58.9076030254364,156914
58.90843987464905,156914
58.90927600860596,156914
58.91010308265686,156914
58.911712408065796,156914
58.91254663467407,156914
58.913382053375244,156914
58.91421985626221,156914
58.91505742073059,156914
58.916667461395264,156914
58.9175021648407,156914
58.91833734512329,156914
58.919167041778564,156914
58.920774936676025,156914
58.92160987854004,156914
58.92244529724121,156914
58.923280000686646,156914
58.924121141433716,156914
58.92572999000549,156914
58.926565170288086,156914
58.92739963531494,156914
58.928232192993164,156914
58.929065227508545,156914
58.93067264556885,156914
58.93150544166565,156914
58.93234372138977,156914
58.93317198753357,156914
58.93401741981506,156914
58.93562078475952,156914
58.93645715713501,156914
58.93729257583618,156914
58.9381206035614,156914
58.93972969055176,156914
58.940566539764404,156914
58.941401958465576,156914
58.94222855567932,156914
58.94306421279907,156914
58.94467759132385,156914
58.94551229476929,156914
58.94634675979614,156914
58.947176694869995,156914
58.948009967803955,156914
58.94961595535278,156914
58.950451135635376,156914
58.95128774642944,156914
58.9521164894104,156914
58.95372796058655,156914
58.95457220077515,156914
58.955406188964844,156914
58.95624041557312,156914
58.957072019577026,156914
58.95867443084717,156914
58.95950889587402,156914
58.96034836769104,156914
58.96117925643921,156914
58.96201682090759,156914
58.96362495422363,156914
58.96446657180786,156914
58.96530103683472,156914
58.966129541397095,156914
58.967737913131714,156914
58.96857261657715,156914
58.96940803527832,156914
58.970239877700806,156914
58.97107458114624,156914
58.97268342971802,156914
58.97351574897766,156914
58.97436213493347,156914
58.97519254684448,156914
58.97603154182434,156914
58.97763514518738,156914
58.97846841812134,156914
58.979302406311035,156914
58.98013257980347,156914
58.98174071311951,156914
58.98257637023926,156914
58.98341107368469,156914
58.9842529296875,156914
58.98508906364441,156914
58.98669362068176,156914
58.98753023147583,156914
58.988364458084106,156914
58.989192724227905,156914
58.990029096603394,156914
58.99163460731506,156914
58.99246692657471,156914
58.99330115318298,156914
58.99414253234863,156914
58.99575185775757,156914
58.996588468551636,156914
58.99742317199707,156914
58.99825882911682,156914
58.999088764190674,156914
59.000693798065186,156914
59.00152587890625,156914
59.002360343933105,156914
59.003190994262695,156914
59.004034757614136,156914
59.0056369304657,156914
59.006470680236816,156914
59.00730776786804,156914
59.00813865661621,156914
59.00975012779236,156914
59.01058268547058,156914
59.01141834259033,156914
59.01225304603577,156914
59.01308512687683,156914
59.01470351219177,156914
59.01553678512573,156914
59.01636815071106,156914
59.01719903945923,156914
59.018036127090454,156914
59.01964235305786,156914
59.02047872543335,156914
59.02131390571594,156914
59.02214431762695,156914
59.023751735687256,156914
59.024598121643066,156914
59.025431871414185,156914
59.02626943588257,156914
59.02710032463074,156914
59.02871131896973,156914
59.02954411506653,156914
59.03038024902344,156914
59.031208515167236,156914
59.03204703330994,156914
59.03364968299866,156914
59.034491539001465,156914
59.03532671928406,156914
59.03615665435791,156914
59.037760734558105,156914
59.03859615325928,156914
59.03943061828613,156914
59.04026389122009,156914
59.041096687316895,156914
59.04270339012146,156914
59.04353618621826,156914
59.04438138008118,156914
59.04521322250366,156914
59.046046018600464,156914
59.04765248298645,156914
59.04848575592041,156914
59.04932141304016,156914
59.05015301704407,156914
59.05175971984863,156914
59.05259323120117,156914
59.05342650413513,156914
59.054275035858154,156914
59.05510687828064,156914
59.056710720062256,156914
59.0575475692749,156914
59.05838203430176,156914
59.059210777282715,156914
59.06004762649536,156914
59.06165266036987,156914
59.062488079071045,156914
59.06332302093506,156914
59.06416296958923,156914
59.06577277183533,156914
59.06660795211792,156914
59.06744194030762,156914
59.0682737827301,156914
59.0691020488739,156914
59.07071018218994,156914
59.07154560089111,156914
59.07237935066223,156914
59.073206424713135,156914
59.074054479599,156914
59.07565927505493,156914
59.07649374008179,156914
59.077327251434326,156914
59.078155279159546,156914
59.07975912094116,156914
59.08059573173523,156914
59.081433057785034,156914
59.08227014541626,156914
59.083101987838745,156914
59.08471632003784,156914
59.08554673194885,156914
59.086385011672974,156914
59.08721327781677,156914
59.088050842285156,156914
59.08965492248535,156914
59.09048795700073,156914
59.091325759887695,156914
59.09215235710144,156914
59.09376358985901,156914
59.09460663795471,156914
59.09543991088867,156914
59.09627437591553,156914
59.097105741500854,156914
59.098713397979736,156914
59.09954786300659,156914
59.10037899017334,156914
59.10121297836304,156914
59.10205340385437,156914
59.10365414619446,156914
59.10449576377869,156914
59.1053307056427,156914
59.10616326332092,156914
59.107770919799805,156914
59.10860753059387,156914
59.109442710876465,156914
59.110273361206055,156914
59.111106157302856,156914
59.11271643638611,156914
59.113548278808594,156914
59.114392042160034,156914
59.11522436141968,156914
59.116053104400635,156914
59.11766338348389,156914
59.11849546432495,156914
59.11933088302612,156914
59.1201651096344,156914
59.12176966667175,156914
59.12260460853577,156914
59.12344145774841,156914
59.12428617477417,156914
59.125118255615234,156914
59.12672472000122,156914
59.12755727767944,156914
59.12839317321777,156914
59.12922406196594,156914
59.130056619644165,156914
59.131662368774414,156914
59.13249731063843,156914
59.1333327293396,156914
59.13417291641235,156914
59.135772705078125,156914
59.13660955429077,156914
59.137444496154785,156914
59.138280153274536,156914
59.13911008834839,156914
59.14071559906006,156914
59.14154601097107,156914
59.14237856864929,156914
59.14320993423462,156914
59.14405560493469,156914
59.14566111564636,156914
59.14649271965027,156914
59.14732813835144,156914
59.148159980773926,156914
59.14976716041565,156914
59.15060377120972,156914
59.15143966674805,156914
59.1522741317749,156914
59.15311121940613,156914
59.15472412109375,156914
59.15556073188782,156914
59.156397104263306,156914
59.157225370407104,156914
59.15805959701538,156914
59.15966582298279,156914
59.16050124168396,156914
59.16133499145508,156914
59.16216588020325,156914
59.163774728775024,156914
59.1646192073822,156914
59.16545367240906,156914
59.16629147529602,156914
59.16712045669556,156914
59.16873002052307,156914
59.16956377029419,156914
59.17039942741394,156914
59.17122721672058,156914
59.172059774398804,156914
59.17366886138916,156914
59.17450952529907,156914
59.17534351348877,156914
59.17617344856262,156914
59.17778205871582,156914
59.178616523742676,156914
59.1794490814209,156914
59.18028497695923,156914
59.18111562728882,156914
59.18272376060486,156914
59.18355846405029,156914
59.18440103530884,156914
59.18523359298706,156914
59.186065912246704,156914
59.18767476081848,156914
59.18850636482239,156914
59.18933987617493,156914
59.19017195701599,156914
59.1917724609375,156914
59.19260883331299,156914
59.193442821502686,156914
59.19428896903992,156914
59.195119857788086,156914
59.19672775268555,156914
59.19756627082825,156914
59.198401927948,156914
59.19923281669617,156914
59.20006585121155,156914
59.201672077178955,156914
59.20250630378723,156914
59.20334315299988,156914
59.204181432724,156914
59.20501685142517,156914
59.20662045478821,156914
59.20746064186096,156914
59.20829463005066,156914
59.20912528038025,156914
59.21073246002197,156914
59.21156716346741,156914
59.21240592002869,156914
59.21323823928833,156914
59.21408176422119,156914
59.21569013595581,156914
59.216522455215454,156914
59.21735978126526,156914
59.21818947792053,156914
59.21902632713318,156914
59.2206289768219,156914
59.22146248817444,156914
59.22229814529419,156914
59.223127365112305,156914
59.22474408149719,156914
59.225579023361206,156914
59.2264142036438,156914
59.22724676132202,156914
59.22807765007019,156914
59.2296838760376,156914
59.23051953315735,156914
59.23135495185852,156914
59.23218536376953,156914
59.2330207824707,156914
59.23464012145996,156914
59.23547410964966,156914
59.23631024360657,156914
59.23714470863342,156914
59.238746643066406,156914
59.239583253860474,156914
59.24041748046875,156914
59.24125361442566,156914
59.2420871257782,156914
59.24369239807129,156914
59.24453663825989,156914
59.24537205696106,156914
59.24620056152344,156914
59.247032165527344,156914
59.248639822006226,156914
59.2494752407074,156914
59.250312089920044,156914
59.25114345550537,156914
59.25274682044983,156914
59.25358200073242,156914
59.25442838668823,156914
59.25526261329651,156914
59.25609540939331,156914
59.25769853591919,156914
59.258533000946045,156914
59.25936818122864,156914
59.26019811630249,156914
59.26103472709656,156914
59.26263952255249,156914
59.26347279548645,156914
59.264317750930786,156914
59.26514768600464,156914
59.26675486564636,156914
59.267587661743164,156914
59.26842164993286,156914
59.26925754547119,156914
59.2700891494751,156914
59.27169322967529,156914
59.27252507209778,156914
59.27335977554321,156914
59.27419900894165,156914
59.27503514289856,156914
59.27664494514465,156914
59.277480125427246,156914
59.27831506729126,156914
59.27914476394653,156914
59.28075385093689,156914
59.281588077545166,156914
59.282421350479126,156914
59.283257722854614,156914
59.2841010093689,156914
59.285706996917725,156914
59.286542892456055,156914
59.287376165390015,156914
59.28820466995239,156914
59.2890465259552,156914
59.29065179824829,156914
59.29148554801941,156914
59.292320728302,156914
59.29315400123596,156914
59.29476833343506,156914
59.29560351371765,156914
59.29644417762756,156914
59.297276973724365,156914
59.298104763031006,156914
59.29971361160278,156914
59.300546169281006,156914
59.30138158798218,156914
59.3022084236145,156914
59.30304431915283,156914
59.304659366607666,156914
59.3054895401001,156914
59.306326150894165,156914
59.30715751647949,156914
59.308762073516846,156914
59.30959415435791,156914
59.31042742729187,156914
59.311264991760254,156914
59.31209468841553,156914
59.31370449066162,156914
59.314544439315796,156914
59.31537842750549,156914
59.316210985183716,156914
59.31704521179199,156914
59.318650245666504,156914
59.31948661804199,156914
59.32031965255737,156914
59.32114624977112,156914
59.322755575180054,156914
59.323591470718384,156914
59.324434995651245,156914
59.32527017593384,156914
59.326101779937744,156914
59.32770848274231,156914
59.32854199409485,156914
59.329373598098755,156914
59.33020353317261,156914
59.33103585243225,156914
59.3326370716095,156914
59.33347296714783,156914
59.334320068359375,156914
59.3351469039917,156914
59.33675694465637,156914
59.33759045600891,156914
59.338428020477295,156914
59.33926343917847,156914
59.34009051322937,156914
59.341702461242676,156914
59.34253430366516,156914
59.343372106552124,156914
59.34421229362488,156914
59.34504818916321,156914
59.34665012359619,156914
59.3474862575531,156914
59.34832406044006,156914
59.349156618118286,156914
59.35076141357422,156914
59.35159397125244,156914
59.35243105888367,156914
59.353266954422,156914
59.35410785675049,156914
59.35571813583374,156914
59.356550455093384,156914
59.35738706588745,156914
59.358216762542725,156914
59.359052419662476,156914
59.36065697669983,156914
59.361491680145264,156914
59.362324476242065,156914
59.36315679550171,156914
59.36400628089905,156914
59.365607023239136,156914
59.366440773010254,156914
59.36727285385132,156914
59.36810541152954,156914
59.36971569061279,156914
59.37055015563965,156914
59.37138628959656,156914
59.37221693992615,156914
59.373053550720215,156914
59.37466883659363,156914
59.37550163269043,156914
59.376341104507446,156914
59.37717032432556,156914
59.37800860404968,156914
59.37961220741272,156914
59.380446672439575,156914
59.381282806396484,156914
59.38211488723755,156914
59.38372015953064,156914
59.384560346603394,156914
59.38539719581604,156914
59.38622784614563,156914
59.38705825805664,156914
59.388665199279785,156914
59.38949990272522,156914
59.390334367752075,156914
59.39116954803467,156914
59.39277720451355,156914
59.393614292144775,156914
59.39445686340332,156914
59.39529371261597,156914
59.3961226940155,156914
59.39773154258728,156914
59.39856553077698,156914
59.399399757385254,156914
59.4002320766449,156914
59.40106725692749,156914
59.402671098709106,156914
59.403504848480225,156914
59.404346227645874,156914
59.4051775932312,156914
59.40601420402527,156914
59.407620668411255,156914
59.40845227241516,156914
59.40928411483765,156914
59.41011595726013,156914
59.41172122955322,156914
59.41255593299866,156914
59.41339063644409,156914
59.41422986984253,156914
59.415064334869385,156914
59.416669845581055,156914
59.41750359535217,156914
59.41833972930908,156914
59.41917085647583,156914
59.42078113555908,156914
59.421613931655884,156914
59.42245030403137,156914
59.423287868499756,156914
59.42412972450256,156914
59.425737380981445,156914
59.42657256126404,156914
59.42740750312805,156914
59.4282386302948,156914
59.429070711135864,156914
59.43067669868469,156914
59.43150997161865,156914
59.4323468208313,156914
59.433175563812256,156914
59.43402075767517,156914
59.43562698364258,156914
59.4364595413208,156914
59.43729853630066,156914
59.43813109397888,156914
59.439736127853394,156914
59.44056940078735,156914
59.44140625,156914
59.44223642349243,156914
59.44306969642639,156914
59.444687843322754,156914
59.44552254676819,156914
59.446357011795044,156914
59.44718599319458,156914
59.44802260398865,156914
59.449623346328735,156914
59.450459003448486,156914
59.45129466056824,156914
59.45212531089783,156914
59.453731536865234,156914
59.45457601547241,156914
59.45541167259216,156914
59.4562406539917,156914
59.457077741622925,156914
59.45867991447449,156914
59.45951700210571,156914
59.46035313606262,156914
59.461180686950684,156914
59.46201229095459,156914
59.463618993759155,156914
59.46446466445923,156914
59.465301513671875,156914
59.46612858772278,156914
59.467740535736084,156914
59.468576192855835,156914
59.46941137313843,156914
59.47024130821228,156914
59.47107553482056,156914
59.4726824760437,156914
59.47351264953613,156914
59.47435903549194,156914
59.47519016265869,156914
59.47602725028992,156914
59.47763276100159,156914
59.47846436500549,156914
59.479299545288086,156914
59.4801299571991,156914
59.481738805770874,156914
59.48257541656494,156914
59.483407497406006,156914
59.48424673080444,156914
59.4850800037384,156914
59.486690282821655,156914
59.4875283241272,156914
59.48836398124695,156914
59.489192962646484,156914
59.49003028869629,156914
59.49163818359375,156914
59.49247360229492,156914
59.493306398391724,156914
59.49414420127869,156914
59.49575448036194,156914
59.49659490585327,156914
59.49743103981018,156914
59.49826526641846,156914
59.49910068511963,156914
59.5007050037384,156914
59.50153923034668,156914
59.50237488746643,156914
59.50320267677307,156914
59.50404500961304,156914
59.50565814971924,156914
59.50649452209473,156914
59.507328271865845,156914
59.50815749168396,156914
59.50977063179016,156914
59.510605573654175,156914
59.51144003868103,156914
59.512274742126465,156914
59.513103008270264,156914
59.514716386795044,156914
59.515549421310425,156914
59.51638388633728,156914
59.51721405982971,156914
59.51804780960083,156914
59.51965355873108,156914
59.52048349380493,156914
59.52131962776184,156914
59.522148847579956,156914
59.52376079559326,156914
59.52460503578186,156914
59.52543807029724,156914
59.52627420425415,156914
59.52710580825806,156914
59.52871036529541,156914
59.52954387664795,156914
59.53038048744202,156914
59.531211137771606,156914
59.53204679489136,156914
59.5336549282074,156914
59.53449487686157,156914
59.535330295562744,156914
59.53616428375244,156914
59.537774324417114,156914
59.53860926628113,156914
59.53944396972656,156914
59.54028272628784,156914
59.54111671447754,156914
59.542723178863525,156914
59.54355716705322,156914
59.54439878463745,156914
59.545228719711304,156914
59.54606485366821,156914
59.54767370223999,156914
59.54850673675537,156914
59.54934334754944,156914
59.550172567367554,156914
59.55100750923157,156914
59.55261301994324,156914
59.5534508228302,156914
59.55429458618164,156914
59.5551278591156,156914
59.55673336982727,156914
59.55756735801697,156914
59.55840611457825,156914
59.559237003326416,156914
59.56007361412048,156914
59.56168842315674,156914
59.562520027160645,156914
59.56335711479187,156914
59.56419539451599,156914
59.5650315284729,156914
59.56663417816162,156914
59.56746697425842,156914
59.56830334663391,156914
59.569132804870605,156914
59.570741176605225,156914
59.57157588005066,156914
59.57241153717041,156914
59.57324576377869,156914
59.57408809661865,156914
59.57570004463196,156914
59.57653260231018,156914
59.57736682891846,156914
59.57819390296936,156914
59.579031467437744,156914
59.58063745498657,156914
59.58147048950195,156914
59.58230638504028,156914
59.58313775062561,156914
59.584754943847656,156914
59.585590839385986,156914
59.586424112319946,156914
59.5872597694397,156914
59.58809304237366,156914
59.58970046043396,156914
59.59053707122803,156914
59.59137272834778,156914
59.59220218658447,156914
59.5930380821228,156914
59.59464645385742,156914
59.595481872558594,156914
59.59631562232971,156914
59.5971462726593,156914
59.59875679016113,156914
59.59959101676941,156914
59.60042452812195,156914
59.601258754730225,156914
59.602091789245605,156914
59.60369658470154,156914
59.60453677177429,156914
59.60537314414978,156914
59.60620141029358,156914
59.607033491134644,156914
59.60863900184631,156914
59.609469413757324,156914
59.61030578613281,156914
59.61113429069519,156914
59.61274337768555,156914
59.613577365875244,156914
59.614421367645264,156914
59.61525774002075,156914
59.61608839035034,156914
59.61769676208496,156914
59.618531942367554,156914
59.619364500045776,156914
59.62019753456116,156914
59.62103343009949,156914
59.622636556625366,156914
59.623467683792114,156914
59.624314069747925,156914
59.62514615058899,156914
59.62675380706787,156914
59.62759256362915,156914
59.62842631340027,156914
59.62926244735718,156914
59.63009476661682,156914
59.63169765472412,156914
59.63253474235535,156914
59.63336896896362,156914
59.63420820236206,156914
59.63504433631897,156914
59.63664507865906,156914
59.63748121261597,156914
59.638314723968506,156914
59.639145612716675,156914
59.64075827598572,156914
59.641592025756836,156914
59.642428398132324,156914
59.64326453208923,156914
59.644108057022095,156914
59.64571714401245,156914
59.646552085876465,156914
59.64738726615906,156914
59.64821767807007,156914
59.6490535736084,156914
59.65065860748291,156914
59.651493549346924,156914
59.65232729911804,156914
59.65315842628479,156914
59.654006481170654,156914
59.655614376068115,156914
59.656450033187866,156914
59.65728759765625,156914
59.65812039375305,156914
59.65972638130188,156914
59.66056156158447,156914
59.66139841079712,156914
59.662230253219604,156914
59.663060426712036,156914
59.66467833518982,156914
59.66551184654236,156914
59.666348695755005,156914
59.667179346084595,156914
59.66801714897156,156914
59.66962194442749,156914
59.67045593261719,156914
59.67129111289978,156914
59.67212200164795,156914
59.673728942871094,156914
59.67457175254822,156914
59.675405740737915,156914
59.67623782157898,156914
59.67706775665283,156914
59.67867684364319,156914
59.679511070251465,156914
59.68034768104553,156914
59.68117809295654,156914
59.68201494216919,156914
59.68362092971802,156914
59.684462785720825,156914
59.68529510498047,156914
59.68612551689148,156914
59.687735080718994,156914
59.688568115234375,156914
59.68940329551697,156914
59.69023370742798,156914
59.691062688827515,156914
59.69267201423645,156914
59.6935031414032,156914
59.69434928894043,156914
59.69518303871155,156914
59.69601511955261,156914
59.6976215839386,156914
59.69845628738403,156914
59.69929313659668,156914
59.70012593269348,156914
59.70173263549805,156914
59.70256543159485,156914
59.703402042388916,156914
59.7042441368103,156914
59.705079078674316,156914
59.706681966781616,156914
59.707517862319946,156914
59.70835304260254,156914
59.709184885025024,156914
59.71002125740051,156914
59.71162700653076,156914
59.71246075630188,156914
59.71329474449158,156914
59.714133977890015,156914
59.715739250183105,156914
59.71657681465149,156914
59.71741271018982,156914
59.71824765205383,156914
59.71907901763916,156914
59.720691204071045,156914
59.72152376174927,156914
59.72235894203186,156914
59.7231867313385,156914
59.72403526306152,156914
59.72563624382019,156914
59.72647190093994,156914
59.72730612754822,156914
59.72813367843628,156914
59.72974681854248,156914
59.73058462142944,156914
59.731419801712036,156914
59.732255697250366,156914
59.733086824417114,156914
59.73470139503479,156914
59.73553252220154,156914
59.73636722564697,156914
59.73719620704651,156914
59.738030672073364,156914
59.73963665962219,156914
59.740469217300415,156914
59.74130654335022,156914
59.7421395778656,156914
59.74374842643738,156914
59.74459099769592,156914
59.74542307853699,156914
59.74625754356384,156914
59.74708557128906,156914
59.74869346618652,156914
59.749528884887695,156914
59.750362396240234,156914
59.751192569732666,156914
59.75202941894531,156914
59.7536346912384,156914
59.754477739334106,156914
59.755311250686646,156914
59.75614261627197,156914
59.75774931907654,156914
59.75858235359192,156914
59.759416341781616,156914
59.76025128364563,156914
59.76108384132385,156914
59.76269292831421,156914
59.763527393341064,156914
59.76437258720398,156914
59.76520347595215,156914
59.76603841781616,156914
59.76763892173767,156914
59.76847457885742,156914
59.7693133354187,156914
59.77014398574829,156914
59.77175569534302,156914
59.77259087562561,156914
59.77342486381531,156914
59.77426862716675,156914
59.7750985622406,156914
59.776710510253906,156914
59.77754259109497,156914
59.77837586402893,156914
59.77921223640442,156914
59.78003978729248,156914
59.78164529800415,156914
59.78247833251953,156914
59.78331422805786,156914
59.78415393829346,156914
59.785762786865234,156914
59.7866005897522,156914
59.78743577003479,156914
59.788270711898804,156914
59.78910279273987,156914
59.79070568084717,156914
59.79153490066528,156914
59.79237222671509,156914
59.79320430755615,156914
59.79404973983765,156914
59.795652627944946,156914
59.79648518562317,156914
59.79731726646423,156914
59.79815053939819,156914
59.799755573272705,156914
59.80059266090393,156914
59.80143141746521,156914
59.80226469039917,156914
59.803099155426025,156914
59.80471730232239,156914
59.80555510520935,156914
59.80639100074768,156914
59.80721974372864,156914
59.80805158615112,156914
59.809653997421265,156914
59.81048774719238,156914
59.81132364273071,156914
59.812153339385986,156914
59.81375861167908,156914
59.81460452079773,156914
59.815438747406006,156914
59.816272020339966,156914
59.8171010017395,156914
59.81871008872986,156914
59.81954503059387,156914
59.82038116455078,156914
59.821208238601685,156914
59.82204627990723,156914
59.823649644851685,156914
59.82449150085449,156914
59.8253276348114,156914
59.826157569885254,156914
59.827768087387085,156914
59.828604221343994,156914
59.82944107055664,156914
59.83027744293213,156914
59.83110594749451,156914
59.832719564437866,156914
59.83355474472046,156914
59.83440089225769,156914
59.83522939682007,156914
59.836063385009766,156914
59.83766794204712,156914
59.83850336074829,156914
59.83933663368225,156914
59.84016942977905,156914
59.841777324676514,156914
59.84261202812195,156914
59.843448638916016,156914
59.84429216384888,156914
59.84512782096863,156914
59.84673023223877,156914
59.847562313079834,156914
59.84839653968811,156914
59.84922790527344,156914
59.85006070137024,156914
59.851661682128906,156914
59.85249710083008,156914
59.85333251953125,156914
59.85417032241821,156914
59.85500717163086,156914
59.85661268234253,156914
59.85744762420654,156914
59.858283281326294,156914
59.85911464691162,156914
59.86072564125061,156914
59.86155891418457,156914
59.862393379211426,156914
59.86322641372681,156914
59.86406469345093,156914
59.86567139625549,156914
59.866504430770874,156914
59.867340326309204,156914
59.868168592453,156914
59.86977577209473,156914
59.87061095237732,156914
59.87144494056702,156914
59.87228202819824,156914
59.873112201690674,156914
59.87472915649414,156914
59.87556505203247,156914
59.87640309333801,156914
59.877235412597656,156914
59.87807106971741,156914
59.87967324256897,156914
59.88050866127014,156914
59.88134241104126,156914
59.882174491882324,156914
59.88301062583923,156914
59.884626150131226,156914
59.88546013832092,156914
59.886295557022095,156914
59.88712549209595,156914
59.888734102249146,156914
59.88957071304321,156914
59.89040565490723,156914
59.89123582839966,156914
59.89206838607788,156914
59.89367413520813,156914
59.894516468048096,156914
59.89535331726074,156914
59.896183252334595,156914
59.897019386291504,156914
59.898622274398804,156914
59.8994574546814,156914
59.90029335021973,156914
59.901123046875,156914
59.90273141860962,156914
59.90356779098511,156914
59.9044132232666,156914
59.90524435043335,156914
59.90607523918152,156914
59.907679080963135,156914
59.90850782394409,156914
59.90934467315674,156914
59.9101722240448,156914
59.91178297996521,156914
59.912617683410645,156914
59.91345000267029,156914
59.91429829597473,156914
59.915128231048584,156914
59.91673684120178,156914
59.91757345199585,156914
59.91840744018555,156914
59.91923809051514,156914
59.920066595077515,156914
59.92167568206787,156914
59.922510862350464,156914
59.92334604263306,156914
59.924185276031494,156914
59.925023555755615,156914
59.926626682281494,156914
59.92745923995972,156914
59.92829704284668,156914
59.92912554740906,156914
59.93073296546936,156914
59.9315664768219,156914
59.932400703430176,156914
59.933228731155396,156914
59.934075117111206,156914
59.93567657470703,156914
59.93651509284973,156914
59.93735122680664,156914
59.9381799697876,156914
59.93901252746582,156914
59.94061899185181,156914
59.941455125808716,156914
59.942288637161255,156914
59.943119525909424,156914
59.944735050201416,156914
59.94556903839111,156914
59.94640254974365,156914
59.94723391532898,156914
59.94806385040283,156914
59.949668407440186,156914
59.950501918792725,156914
59.95133852958679,156914
59.95216989517212,156914
59.95377779006958,156914
59.954623222351074,156914
59.955456256866455,156914
59.956292390823364,156914
59.957123041152954,156914
59.95873999595642,156914
59.95957660675049,156914
59.9604127407074,156914
59.96124291419983,156914
59.962077617645264,156914
59.96368360519409,156914
59.96452212333679,156914
59.965359687805176,156914
59.96618890762329,156914
59.967023611068726,156914
59.96862602233887,156914
59.96946120262146,156914
59.97029685974121,156914
59.971128940582275,156914
59.97273921966553,156914
59.9735746383667,156914
59.974417209625244,156914
59.97525072097778,156914
59.976083278656006,156914
59.97768950462341,156914
59.978522300720215,156914
59.97936201095581,156914
59.980191707611084,156914
59.98102903366089,156914
59.982632637023926,156914
59.98346948623657,156914
59.984314918518066,156914
59.985143184661865,156914
59.9867525100708,156914
59.98758625984192,156914
59.98842191696167,156914
59.989253997802734,156914
59.99008369445801,156914
59.99169063568115,156914
59.99252271652222,156914
59.99335861206055,156914
59.994197368621826,156914
59.99503564834595,156914
59.99664115905762,156914
59.997474193573,156914
59.998310565948486,156914
59.99914360046387,156914
60.00075078010559,156914
60.00158619880676,156914
60.002418756484985,156914
60.00325322151184,156914
60.0040979385376,156914
60.005704402923584,156914
60.00653886795044,156914
60.00737547874451,156914
60.00820541381836,156914
60.00904440879822,156914
60.01064920425415,156914
60.01148200035095,156914
60.0123176574707,156914
60.01314973831177,156914
60.014766454696655,156914
60.01560187339783,156914
60.01643633842468,156914
60.017268657684326,156914
60.01810002326965,156914
60.01970863342285,156914
60.02054572105408,156914
60.0213782787323,156914
60.02220678329468,156914
60.023045778274536,156914
60.02466011047363,156914
60.02549481391907,156914
60.02633023262024,156914
60.027161598205566,156914
60.0287652015686,156914
60.029603242874146,156914
60.03043866157532,156914
60.031272649765015,156914
60.032102823257446,156914
60.03371071815491,156914
60.034552812576294,156914
60.035386085510254,156914
60.036213636398315,156914
60.03705143928528,156914
60.03865385055542,156914
60.039485931396484,156914
60.040321826934814,156914
60.04115438461304,156914
60.042765378952026,156914
60.043598890304565,156914
60.044442892074585,156914
60.0452766418457,156914
60.0461106300354,156914
60.04771113395691,156914
60.04854655265808,156914
60.04937982559204,156914
60.050211906433105,156914
60.05104732513428,156914
60.052653312683105,156914
60.053488969802856,156914
60.05433654785156,156914
60.05517053604126,156914
60.05677652359009,156914
60.057610750198364,156914
60.058440923690796,156914
60.059277296066284,156914
60.06010842323303,156914
60.06171536445618,156914
60.062551498413086,156914
60.063385248184204,156914
60.06422257423401,156914
60.06506037712097,156914
60.06666445732117,156914
60.06750011444092,156914
60.06833505630493,156914
60.06916522979736,156914
60.07077479362488,156914
60.071606397628784,156914
60.072444677352905,156914
60.073281049728394,156914
60.074118852615356,156914
60.07572269439697,156914
60.07655453681946,156914
60.077391386032104,156914
60.07822322845459,156914
60.07905411720276,156914
60.08066368103027,156914
60.08149862289429,156914
60.08233594894409,156914
60.08316898345947,156914
60.08401536941528,156914
60.08561944961548,156914
60.08645677566528,156914
60.08729386329651,156914
60.088125705718994,156914
60.08973693847656,156914
60.09057068824768,156914
60.09140348434448,156914
60.09223675727844,156914
60.09307026863098,156914
60.09468698501587,156914
60.09552025794983,156914
60.09635591506958,156914
60.09718680381775,156914
60.098021268844604,156914
60.099623680114746,156914
60.10045623779297,156914
60.10129261016846,156914
60.1021249294281,156914
60.10372853279114,156914
60.104573249816895,156914
60.10540843009949,156914
60.106236934661865,156914
60.10707211494446,156914
60.108681201934814,156914
60.109514236450195,156914
60.11034917831421,156914
60.11117959022522,156914
60.11201620101929,156914
60.11362314224243,156914
60.11446738243103,156914
60.11530518531799,156914
60.116135358810425,156914
60.117745876312256,156914
60.11858129501343,156914
60.11941933631897,156914
60.120251178741455,156914
60.121082067489624,156914
60.122692346572876,156914
60.12352538108826,156914
60.1243736743927,156914
60.12520384788513,156914
60.126041650772095,156914
60.12764644622803,156914
60.12847900390625,156914
60.129316091537476,156914
60.13014817237854,156914
60.131757497787476,156914
60.13259172439575,156914
60.133426666259766,156914
60.134273529052734,156914
60.13510274887085,156914
60.13671088218689,156914
60.13754653930664,156914
60.1383843421936,156914
60.13921523094177,156914
60.14005184173584,156914
60.14165759086609,156914
60.14249229431152,156914
60.14332628250122,156914
60.14416790008545,156914
60.145771980285645,156914
60.146610498428345,156914
60.14744520187378,156914
60.14827919006348,156914
60.14910912513733,156914
60.150720834732056,156914
60.151554107666016,156914
60.15238952636719,156914
60.15322303771973,156914
60.1540629863739,156914
60.155667781829834,156914
60.15650391578674,156914
60.1573429107666,156914
60.158170223236084,156914
60.15901160240173,156914
60.160614252090454,156914
60.161450147628784,156914
60.16228365898132,156914
60.16311287879944,156914
60.16472935676575,156914
60.165563106536865,156914
60.1663978099823,156914
60.16722893714905,156914
60.16806077957153,156914
60.1696674823761,156914
60.17049956321716,156914
60.17133831977844,156914
60.17216491699219,156914
60.17300987243652,156914
60.174617767333984,156914
60.175450801849365,156914
60.176281452178955,156914
60.17711305618286,156914
60.17871975898743,156914
60.17955660820007,156914
60.18038868904114,156914
60.18122148513794,156914
60.18205213546753,156914
60.183655977249146,156914
60.184499979019165,156914
60.18533658981323,156914
60.18617248535156,156914
60.187779903411865,156914
60.18861770629883,156914
60.189452171325684,156914
60.19028568267822,156914
60.191118478775024,156914
60.19272565841675,156914
60.193562269210815,156914
60.19440746307373,156914
60.1952383518219,156914
60.19606947898865,156914
60.197675943374634,156914
60.19850993156433,156914
60.19935083389282,156914
60.20017862319946,156914
60.201016426086426,156914
60.202622413635254,156914
60.203455686569214,156914
60.20430278778076,156914
60.20513367652893,156914
60.206743478775024,156914
60.20757985115051,156914
60.208418130874634,156914
60.2092502117157,156914
60.21008515357971,156914
60.21169424057007,156914
60.2125289440155,156914
60.213364362716675,156914
60.21420192718506,156914
60.21503973007202,156914
60.216646671295166,156914
60.21748113632202,156914
60.21831512451172,156914
60.21914839744568,156914
60.2207555770874,156914
60.22158980369568,156914
60.22242212295532,156914
60.223259687423706,156914
60.22410178184509,156914
60.2257080078125,156914
60.22654056549072,156914
60.22737503051758,156914
60.22820687294006,156914
60.229045152664185,156914
60.230650186538696,156914
60.23148155212402,156914
60.23231554031372,156914
60.23314881324768,156914
60.23476505279541,156914
60.23560333251953,156914
60.23643970489502,156914
60.237273931503296,156914
60.2381055355072,156914
60.239712715148926,156914
60.24054956436157,156914
60.24138522148132,156914
60.242218017578125,156914
60.24304747581482,156914
60.244662284851074,156914
60.245495557785034,156914
60.246331453323364,156914
60.24716281890869,156914
60.24876832962036,156914
60.249605894088745,156914
60.250441789627075,156914
60.25127553939819,156914
60.25210618972778,156914
60.253713607788086,156914
60.254554986953735,156914
60.255393743515015,156914
60.256221771240234,156914
60.257055044174194,156914
60.25866222381592,156914
60.25949501991272,156914
60.26033091545105,156914
60.261159896850586,156914
60.26277160644531,156914
60.26360630989075,156914
60.26445031166077,156914
60.26528716087341,156914
60.26612305641174,156914
60.26772904396057,156914
60.268561601638794,156914
60.269397497177124,156914
60.270230531692505,156914
60.27106046676636,156914
60.272666931152344,156914
60.27350211143494,156914
60.2743456363678,156914
60.275177001953125,156914
60.276015520095825,156914
60.27762174606323,156914
60.2784583568573,156914
60.279293060302734,156914
60.28012442588806,156914
60.28173017501831,156914
60.2825665473938,156914
60.283401012420654,156914
60.284241914749146,156914
60.28507423400879,156914
60.28667879104614,156914
60.28751564025879,156914
60.28835129737854,156914
60.289180755615234,156914
60.290016412734985,156914
60.291619062423706,156914
60.29245352745056,156914
60.29328918457031,156914
60.2941255569458,156914
60.29573678970337,156914
60.29656910896301,156914
60.297404527664185,156914
60.29823589324951,156914
60.29906749725342,156914
60.30067539215088,156914
60.30150651931763,156914
60.302345275878906,156914
60.30317544937134,156914
60.304020404815674,156914
60.30562448501587,156914
60.30645823478699,156914
60.30729269981384,156914
60.308125495910645,156914
60.309736013412476,156914
60.310569763183594,156914
60.31140637397766,156914
60.31223964691162,156914
60.31307315826416,156914
60.31469011306763,156914
60.31552243232727,156914
60.31636071205139,156914
60.31719207763672,156914
60.31802749633789,156914
60.31963276863098,156914
60.320467472076416,156914
60.32130289077759,156914
60.32213377952576,156914
60.323739528656006,156914
60.32458305358887,156914
60.32541823387146,156914
60.326252698898315,156914
60.327085733413696,156914
60.32869863510132,156914
60.32953405380249,156914
60.330368757247925,156914
60.3311972618103,156914
60.332035303115845,156914
60.333638429641724,156914
60.33448147773743,156914
60.33531880378723,156914
60.33614683151245,156914
60.33775758743286,156914
60.33859300613403,156914
60.33942985534668,156914
60.340264081954956,156914
60.341092348098755,156914
60.34270000457764,156914
60.34353423118591,156914
60.34438133239746,156914
60.34520959854126,156914
60.34604573249817,156914
60.34765338897705,156914
60.348485231399536,156914
60.34932255744934,156914
60.35015296936035,156914
60.35175848007202,156914
60.35259437561035,156914
60.35342788696289,156914
60.35427403450012,156914
60.35510563850403,156914
60.35671281814575,156914
60.35754728317261,156914
60.358381032943726,156914
60.359211683273315,156914
60.36004614830017,156914
60.36165142059326,156914
60.36248707771301,156914
60.3633246421814,156914
60.36416697502136,156914
60.36577558517456,156914
60.36660981178284,156914
60.367446184158325,156914
60.36827778816223,156914
60.36910915374756,156914
60.37071466445923,156914
60.37154936790466,156914
60.3723840713501,156914
60.37321209907532,156914
60.37405800819397,156914
60.375659704208374,156914
60.376492977142334,156914
60.37732815742493,156914
60.37815856933594,156914
60.379770040512085,156914
60.380605936050415,156914
60.38144135475159,156914
60.38227558135986,156914
60.38310670852661,156914
60.38472080230713,156914
60.38555455207825,156914
60.38638877868652,156914
60.3872184753418,156914
60.38805532455444,156914
60.389660120010376,156914
60.39049196243286,156914
60.39132881164551,156914
60.392157554626465,156914
60.39376664161682,156914
60.39461135864258,156914
60.39544606208801,156914
60.396281242370605,156914
60.397111654281616,156914
60.39872169494629,156914
60.3995566368103,156914
60.40039372444153,156914
60.40122747421265,156914
60.402064085006714,156914
60.40366744995117,156914
60.404507875442505,156914
60.40534472465515,156914
60.406174182891846,156914
60.40700888633728,156914
60.408613443374634,156914
60.409446716308594,156914
60.41028571128845,156914
60.41111755371094,156914
60.41272282600403,156914
60.413557052612305,156914
60.41439938545227,156914
60.41523456573486,156914
60.41606783866882,156914
60.41767597198486,156914
60.418511390686035,156914
60.419349193573,156914
60.42017936706543,156914
60.42101430892944,156914
60.42261481285095,156914
60.42345190048218,156914
60.42429304122925,156914
60.425124645233154,156914
60.426729917526245,156914
60.42756485939026,156914
60.428401708602905,156914
60.42923021316528,156914
60.43006467819214,156914
60.431673765182495,156914
60.432509422302246,156914
60.43334484100342,156914
60.43418645858765,156914
60.435020446777344,156914
60.43662619590759,156914
60.43745803833008,156914
60.438294410705566,156914
60.43912672996521,156914
60.440733671188354,156914
60.44157099723816,156914
60.442403078079224,156914
60.443236351013184,156914
60.444074392318726,156914
60.445685148239136,156914
60.4465217590332,156914
60.44735550880432,156914
60.44818663597107,156914
60.44902467727661,156914
60.45062494277954,156914
60.45146036148071,156914
60.45229506492615,156914
60.45312762260437,156914
60.454742670059204,156914
60.45557951927185,156914
60.45641374588013,156914
60.457250356674194,156914
60.458080768585205,156914
60.45968842506409,156914
60.460521936416626,156914
60.46135759353638,156914
60.462188959121704,156914
60.46302390098572,156914
60.464637994766235,156914
60.46547293663025,156914
60.46630668640137,156914
60.467134952545166,156914
60.468745708465576,156914
60.46958041191101,156914
60.47041583061218,156914
60.471251487731934,156914
60.47208261489868,156914
60.47369146347046,156914
60.47453570365906,156914
60.47537279129028,156914
60.47620224952698,156914
60.47704029083252,156914
60.478641510009766,156914
60.47947549819946,156914
60.48031258583069,156914
60.481141567230225,156914
60.482749938964844,156914
60.48358941078186,156914
60.48443007469177,156914
60.48526430130005,156914
60.48609685897827,156914
60.48770356178284,156914
60.488539695739746,156914
60.48937201499939,156914
60.490206480026245,156914
60.49104022979736,156914
60.49264907836914,156914
60.493478536605835,156914
60.49432730674744,156914
60.495155334472656,156914
60.49676299095154,156914
60.49759888648987,156914
60.498435735702515,156914
60.49927020072937,156914
60.500102043151855,156914
60.50170850753784,156914
60.502543210983276,156914
60.50337767601013,156914
60.50421619415283,156914
60.50505566596985,156914
60.50666117668152,156914
60.50749444961548,156914
60.508331060409546,156914
60.50916004180908,156914
60.510770320892334,156914
60.51160526275635,156914
60.51244306564331,156914
60.5132794380188,156914
60.51411557197571,156914
60.51572513580322,156914
60.5165593624115,156914
60.517394065856934,156914
60.51822257041931,156914
60.51905822753906,156914
60.520668029785156,156914
60.52150249481201,156914
60.52233862876892,156914
60.52316880226135,156914
60.524014472961426,156914
60.52561712265015,156914
60.52644944190979,156914
60.52728462219238,156914
60.52811312675476,156914
60.529725074768066,156914
60.53055763244629,156914
60.531394243240356,156914
60.532225131988525,156914
60.533061265945435,156914
60.53467917442322,156914
60.535515546798706,156914
60.53635120391846,156914
60.53717851638794,156914
60.538013219833374,156914
60.53961896896362,156914
60.540454149246216,156914
60.54129147529602,156914
60.54212236404419,156914
60.543729305267334,156914
60.54457187652588,156914
60.5454044342041,156914
60.54623985290527,156914
60.54707169532776,156914
60.548681020736694,156914
60.54951500892639,156914
60.550349712371826,156914
60.55117607116699,156914
60.55201768875122,156914
60.55362272262573,156914
60.554466009140015,156914
60.55530142784119,156914
60.55613303184509,156914
60.55774283409119,156914
60.5585777759552,156914
60.55941605567932,156914
60.56025242805481,156914
60.56108593940735,156914
60.5626916885376,156914
60.563525915145874,156914
60.56437039375305,156914
60.565199851989746,156914
60.56603288650513,156914
60.56763672828674,156914
60.56846833229065,156914
60.56930685043335,156914
60.57013559341431,156914
60.57174754142761,156914
60.57258367538452,156914
60.573418378829956,156914
60.57426452636719,156914
60.57509207725525,156914
60.576706886291504,156914
60.577539920806885,156914
60.57837247848511,156914
60.57920241355896,156914
60.58003354072571,156914
60.58164095878601,156914
60.58247470855713,156914
60.58330845832825,156914
60.58414697647095,156914
60.58575892448425,156914
60.58659601211548,156914
60.5874297618866,156914
60.5882625579834,156914
60.589091300964355,156914
60.59070324897766,156914
60.5915367603302,156914
60.59237194061279,156914
60.59320425987244,156914
60.59404897689819,156914
60.595651388168335,156914
60.59648370742798,156914
60.59732007980347,156914
60.59815168380737,156914
60.599761962890625,156914
60.60059642791748,156914
60.60143208503723,156914
60.60227108001709,156914
60.60310220718384,156914
60.604714155197144,156914
60.605548620224,156914
60.60638403892517,156914
60.60721445083618,156914
60.60804319381714,156914
60.60964775085449,156914
60.61048412322998,156914
60.61131739616394,156914
60.61214852333069,156914
60.61375880241394,156914
60.61459922790527,156914
60.615432262420654,156914
60.616267919540405,156914
60.61709976196289,156914
60.618703842163086,156914
60.61953854560852,156914
60.6203727722168,156914
60.62120223045349,156914
60.622040033340454,156914
60.623639822006226,156914
60.62448024749756,156914
60.62531352043152,156914
60.626144886016846,156914
60.62775492668152,156914
60.62859082221985,156914
60.62942361831665,156914
60.63025760650635,156914
60.631088972091675,156914
60.63269877433777,156914
60.63353085517883,156914
60.63437581062317,156914
60.63520407676697,156914
60.63604283332825,156914
60.637643575668335,156914
60.63848042488098,156914
60.63931703567505,156914
60.640143394470215,156914
60.641754150390625,156914
60.642587423324585,156914
60.64342141151428,156914
60.64426565170288,156914
60.64509892463684,156914
60.64670515060425,156914
60.64753985404968,156914
60.64837455749512,156914
60.64920520782471,156914
60.65004062652588,156914
60.65164804458618,156914
60.65248227119446,156914
60.653321504592896,156914
60.65416169166565,156914
60.65576648712158,156914
60.656601667404175,156914
60.65743613243103,156914
60.658270835876465,156914
60.65910339355469,156914
60.660709857940674,156914
60.66154360771179,156914
60.662379026412964,156914
60.66320991516113,156914
60.66405415534973,156914
60.66565752029419,156914
60.66649341583252,156914
60.66732931137085,156914
60.66816067695618,156914
60.66976976394653,156914
60.67060613632202,156914
60.67144298553467,156914
60.67227792739868,156914
60.67311072349548,156914
60.67472839355469,156914
60.675562620162964,156914
60.67639946937561,156914
60.67722773551941,156914
60.67806100845337,156914
60.6796658039093,156914
60.68050193786621,156914
60.681336879730225,156914
60.68216562271118,156914
60.68377113342285,156914
60.68461489677429,156914
60.68545126914978,156914
60.68628692626953,156914
60.68711757659912,156914
60.68872308731079,156914
60.68955421447754,156914
60.69038939476013,156914
60.69121837615967,156914
60.69205284118652,156914
60.69365572929382,156914
60.69449424743652,156914
60.695329904556274,156914
60.69615864753723,156914
60.697768211364746,156914
60.698604106903076,156914
60.69943571090698,156914
60.70027184486389,156914
60.70110082626343,156914
60.70271015167236,156914
60.70354223251343,156914
60.704386949539185,156914
60.70521783828735,156914
60.70604920387268,156914
60.70765447616577,156914
60.70848774909973,156914
60.70932340621948,156914
60.710153341293335,156914
60.71176242828369,156914
60.71259880065918,156914
60.713433265686035,156914
60.71427631378174,156914
60.71510910987854,156914
60.716713666915894,156914
60.71755003929138,156914
60.71838855743408,156914
60.71921634674072,156914
60.720052003860474,156914
60.72165894508362,156914
60.72249245643616,156914
60.72332954406738,156914
60.72416424751282,156914
60.72577404975891,156914
60.72660946846008,156914
60.7274444103241,156914
60.72827959060669,156914
60.72911047935486,156914
60.73072385787964,156914
60.73155641555786,156914
60.73239302635193,156914
60.73322367668152,156914
60.73406672477722,156914
60.73567461967468,156914
60.736507177352905,156914
60.737340688705444,156914
60.73817181587219,156914
60.73977589607239,156914
60.74061560630798,156914
60.741451263427734,156914
60.74228644371033,156914
60.743117570877075,156914
60.74473190307617,156914
60.745566606521606,156914
60.74640250205994,156914
60.747234582901,156914
60.748069286346436,156914
60.74967384338379,156914
60.7505087852478,156914
60.75134468078613,156914
60.752177476882935,156914
60.75300931930542,156914
60.75462532043457,156914
60.75545883178711,156914
60.756295919418335,156914
60.7571280002594,156914
60.75873827934265,156914
60.75957274436951,156914
60.76040840148926,156914
60.761239767074585,156914
60.76207256317139,156914
60.763680934906006,156914
60.76452708244324,156914
60.76535964012146,156914
60.76618766784668,156914
60.76702380180359,156914
60.76862716674805,156914
60.76945972442627,156914
60.770294427871704,156914
60.771122217178345,156914
60.772730112075806,156914
60.773563385009766,156914
60.7744083404541,156914
60.775240421295166,156914
60.776071310043335,156914
60.77767992019653,156914
60.77851390838623,156914
60.77935171127319,156914
60.78018116950989,156914
60.78101825714111,156914
60.7826201915741,156914
60.78345537185669,156914
60.78430461883545,156914
60.78513312339783,156914
60.78674340248108,156914
60.78757929801941,156914
60.78841257095337,156914
60.78925156593323,156914
60.7900824546814,156914
60.79169201850891,156914
60.792526960372925,156914
60.793362617492676,156914
60.794201135635376,156914
60.795039892196655,156914
60.796645164489746,156914
60.797478437423706,156914
60.79831266403198,156914
60.79914617538452,156914
60.80075764656067,156914
60.801593542099,156914
60.80242896080017,156914
60.80326461791992,156914
60.80410552024841,156914
60.80571103096008,156914
60.80654454231262,156914
60.80738067626953,156914
60.808210134506226,156914
60.80904746055603,156914
60.81064987182617,156914
60.81148338317871,156914
60.8123197555542,156914
60.81315302848816,156914
60.81476664543152,156914
60.8156054019928,156914
60.81644105911255,156914
60.817275285720825,156914
60.818103313446045,156914
60.819716453552246,156914
60.82054877281189,156914
60.82138705253601,156914
60.82221698760986,156914
60.82305073738098,156914
60.82466745376587,156914
60.82550072669983,156914
60.8263373374939,156914
60.82716917991638,156914
60.82877564430237,156914
60.82961082458496,156914
60.83044505119324,156914
60.831278562545776,156914
60.83210754394531,156914
60.8337128162384,156914
60.834556102752686,156914
60.835392236709595,156914
60.83622407913208,156914
60.837058782577515,156914
60.838667154312134,156914
60.8394992351532,156914
60.84033560752869,156914
60.84116840362549,156914
60.84277081489563,156914
60.843605279922485,156914
60.84444975852966,156914
60.845282316207886,156914
60.8461127281189,156914
60.84772562980652,156914
60.84855794906616,156914
60.849395751953125,156914
60.85022497177124,156914
60.851059436798096,156914
60.85266971588135,156914
60.85350799560547,156914
60.85435223579407,156914
60.855180978775024,156914
60.856019496917725,156914
60.85762405395508,156914
60.85845947265625,156914
60.85929751396179,156914
60.860124349594116,156914
60.861738204956055,156914
60.86257266998291,156914
60.86340880393982,156914
60.864251375198364,156914
60.86508369445801,156914
60.86669158935547,156914
60.86752486228943,156914
60.868361711502075,156914
60.86918783187866,156914
60.87002468109131,156914
60.87162756919861,156914
60.87246131896973,156914
60.87329649925232,156914
60.87413263320923,156914
60.875744581222534,156914
60.87657952308655,156914
60.87741136550903,156914
60.87824296951294,156914
60.87907290458679,156914
60.88067889213562,156914
60.88151001930237,156914
60.88234353065491,156914
60.883174657821655,156914
60.88402032852173,156914
60.88562750816345,156914
60.88646078109741,156914
60.88729667663574,156914
60.88812780380249,156914
60.889737606048584,156914
60.890573263168335,156914
60.89140820503235,156914
60.89223790168762,156914
60.89307641983032,156914
60.89469361305237,156914
60.895527839660645,156914
60.896363735198975,156914
60.89719295501709,156914
60.89802885055542,156914
60.8996365070343,156914
60.900471210479736,156914
60.901307106018066,156914
60.9021372795105,156914
60.903746128082275,156914
60.904590368270874,156914
60.905428886413574,156914
60.90626358985901,156914
60.90709352493286,156914
60.90870380401611,156914
60.90953731536865,156914
60.9103729724884,156914
60.91120433807373,156914
60.91203808784485,156914
60.913649559020996,156914
60.914491176605225,156914
60.91532921791077,156914
60.916160106658936,156914
60.917768239974976,156914
60.918601751327515,156914
60.91943645477295,156914
60.92026925086975,156914
60.921101570129395,156914
60.922709465026855,156914
60.923542976379395,156914
60.92438769340515,156914
60.92521858215332,156914
60.92605233192444,156914
60.92765951156616,156914
60.92849397659302,156914
60.92933201789856,156914
60.93016290664673,156914
60.931769609451294,156914
60.93260431289673,156914
60.93343949317932,156914
60.934284925460815,156914
60.935115337371826,156914
60.936718225479126,156914
60.93755102157593,156914
60.93838715553284,156914
60.93921732902527,156914
60.940051317214966,156914
60.94165325164795,156914
60.942485094070435,156914
60.94331979751587,156914
60.944156646728516,156914
60.94576644897461,156914
60.94660043716431,156914
60.94743633270264,156914
60.9482741355896,156914
60.949103116989136,156914
60.950714111328125,156914
60.95154786109924,156914
60.95238447189331,156914
60.953213930130005,156914
60.9540581703186,156914
60.95566272735596,156914
60.95649743080139,156914
60.957334995269775,156914
60.95816707611084,156914
60.959773778915405,156914
60.96060800552368,156914
60.961442947387695,156914
60.96227955818176,156914
60.96310997009277,156914
60.96472454071045,156914
60.9655544757843,156914
60.966388463974,156914
60.96721529960632,156914
60.968050718307495,156914
60.96965432167053,156914
60.97048997879028,156914
60.9713249206543,156914
60.97215914726257,156914
60.973758935928345,156914
60.974602937698364,156914
60.97543668746948,156914
60.976274490356445,156914
60.97710609436035,156914
60.978713512420654,156914
60.9795503616333,156914
60.980382680892944,156914
60.981215476989746,156914
60.982051849365234,156914
60.98365378379822,156914
60.984495878219604,156914
60.985329151153564,156914
60.98616170883179,156914
60.98776578903198,156914
60.98859906196594,156914
60.98943376541138,156914
60.990270376205444,156914
60.99110126495361,156914
60.99270796775818,156914
60.99354076385498,156914
60.994383096694946,156914
60.99521231651306,156914
60.99604511260986,156914
60.99764895439148,156914
60.99848198890686,156914
60.99931788444519,156914
61.00014853477478,156914
61.00175929069519,156914
61.00259280204773,156914
61.00342631340027,156914
61.00427007675171,156914
61.0051007270813,156914
61.0067138671875,156914
61.007548570632935,156914
61.008382081985474,156914
61.0092134475708,156914
61.01004600524902,156914
61.01165294647217,156914
61.012484073638916,156914
61.0133171081543,156914
61.01415944099426,156914
61.015769481658936,156914
61.016606092453,156914
61.01744055747986,156914
61.01827621459961,156914
61.01910948753357,156914
61.02071666717529,156914
61.02155089378357,156914
61.02238392829895,156914
61.0232138633728,156914
61.02406096458435,156914
61.025665044784546,156914
61.02649784088135,156914
61.027334690093994,156914
61.02816295623779,156914
61.02977180480957,156914
61.03060603141785,156914
61.03144121170044,156914
61.03227424621582,156914
61.0331027507782,156914
61.034719705581665,156914
61.03555631637573,156914
61.03639268875122,156914
61.037224531173706,156914
61.038057804107666,156914
61.03966021537781,156914
61.04049372673035,156914
61.04132676124573,156914
61.04215693473816,156914
61.04376173019409,156914
61.04460549354553,156914
61.04543876647949,156914
61.04627585411072,156914
61.04710674285889,156914
61.04871368408203,156914
61.049545764923096,156914
61.05037832260132,156914
61.05120921134949,156914
61.052045583724976,156914
61.05365014076233,156914
61.05449390411377,156914
61.05533027648926,156914
61.05616068840027,156914
61.057769536972046,156914
61.05860638618469,156914
61.059441804885864,156914
61.060275077819824,156914
61.061107873916626,156914
61.06271767616272,156914
61.06355166435242,156914
61.0643949508667,156914
61.06522488594055,156914
61.06605911254883,156914
61.067665100097656,156914
61.06849718093872,156914
61.06933236122131,156914
61.07016086578369,156914
61.07177233695984,156914
61.072606325149536,156914
61.07344150543213,156914
61.074286222457886,156914
61.07511782646179,156914
61.07672333717346,156914
61.077553272247314,156914
61.078389406204224,156914
61.07921767234802,156914
61.080052614212036,156914
61.08165884017944,156914
61.08248972892761,156914
61.083327770233154,156914
61.08416795730591,156914
61.08500576019287,156914
61.08660888671875,156914
61.08744239807129,156914
61.08828067779541,156914
61.089115619659424,156914
61.09072232246399,156914
61.09155511856079,156914
61.09238958358765,156914
61.09321999549866,156914
61.09406518936157,156914
61.09567213058472,156914
61.09650993347168,156914
61.097344636917114,156914
61.09817671775818,156914
61.09901452064514,156914
61.10061430931091,156914
61.101447343826294,156914
61.10228228569031,156914
61.10311198234558,156914
61.104737281799316,156914
61.10557246208191,156914
61.1064076423645,156914
61.107240438461304,156914
61.108071088790894,156914
61.10967993736267,156914
61.110520124435425,156914
61.111353158950806,156914
61.11218523979187,156914
61.11302161216736,156914
61.1146354675293,156914
61.1154727935791,156914
61.11630964279175,156914
61.11713933944702,156914
61.11875104904175,156914
61.11958432197571,156914
61.12041759490967,156914
61.12125539779663,156914
61.12208533287048,156914
61.123693227767944,156914
61.12453651428223,156914
61.12537240982056,156914
61.12620544433594,156914
61.127036809921265,156914
61.12864398956299,156914
61.12947940826416,156914
61.13031482696533,156914
61.13114261627197,156914
61.132752895355225,156914
61.13358688354492,156914
61.134429693222046,156914
61.13526916503906,156914
61.136096239089966,156914
61.13770532608032,156914
61.13853859901428,156914
61.13937592506409,156914
61.140206813812256,156914
61.141040325164795,156914
61.142643451690674,156914
61.14347290992737,156914
61.144317388534546,156914
61.14514636993408,156914
61.146419525146484,156914
61.14734125137329,156914
61.1482629776001,156914
61.1491858959198,156914
61.15010643005371,156914
61.15102434158325,156914
61.15237855911255,156914
61.15329670906067,156914
61.15422773361206,156914
61.1551456451416,156914
61.156062841415405,156914
61.157416105270386,156914
61.158336877822876,156914
61.159258127212524,156914
61.16017532348633,156914
61.161094427108765,156914
61.16201329231262,156914
61.1633677482605,156914
61.16429567337036,156914
61.16521763801575,156914
61.16613793373108,156914
61.16705632209778,156914
61.16841769218445,156914
61.16933727264404,156914
61.170260190963745,156914
61.17117929458618,156914
61.1720986366272,156914
61.173014640808105,156914
61.174379110336304,156914
61.175296783447266,156914
61.17621731758118,156914
61.17714023590088,156914
61.178054332733154,156914
61.17941212654114,156914
61.18032932281494,156914
61.18125081062317,156914
61.18216872215271,156914
61.18308901786804,156914
61.18401837348938,156914
61.18537402153015,156914
61.18629240989685,156914
61.18721413612366,156914
61.188133239746094,156914
61.189045667648315,156914
61.190398931503296,156914
61.19131660461426,156914
61.19224286079407,156914
61.19316339492798,156914
61.194090604782104,156914
61.19501256942749,156914
61.1963677406311,156914
61.197288513183594,156914
61.198208808898926,156914
61.19912767410278,156914
61.20004367828369,156914
61.201403856277466,156914
61.20232105255127,156914
61.20324110984802,156914
61.204174518585205,156914
61.205092668533325,156914
61.206005811691284,156914
61.20735955238342,156914
61.2082781791687,156914
61.20919609069824,156914
61.210116147994995,156914
61.21103072166443,156914
61.21238684654236,156914
61.21330523490906,156914
61.21423649787903,156914
61.215152978897095,156914
61.21606922149658,156914
61.217424154281616,156914
61.21833920478821,156914
61.219258546829224,156914
61.220181941986084,156914
61.22110366821289,156914
61.22201871871948,156914
61.223369121551514,156914
61.2242968082428,156914
61.22521734237671,156914
61.22613596916199,156914
61.22705316543579,156914
61.22841119766235,156914
61.22933006286621,156914
61.23025155067444,156914
61.23117637634277,156914
61.232094287872314,156914
61.233009815216064,156914
61.23437285423279,156914
61.23529124259949,156914
61.236209869384766,156914
61.237128019332886,156914
61.23804521560669,156914
61.23940587043762,156914
61.24032235145569,156914
61.24124002456665,156914
61.24216055870056,156914
61.24307680130005,156914
61.24400329589844,156914
61.24535632133484,156914
61.24627447128296,156914
61.2471923828125,156914
61.2481107711792,156914
61.24902939796448,156914
61.25038504600525,156914
61.251304149627686,156914
61.25222444534302,156914
61.2531464099884,156914
61.25407028198242,156914
61.255427837371826,156914
61.25634002685547,156914
61.257259130477905,156914
61.258179664611816,156914
61.259098291397095,156914
61.260016679763794,156914
61.261372566223145,156914
61.262293100357056,156914
61.26321005821228,156914
61.264140605926514,156914
61.26505494117737,156914
61.266411781311035,156914
61.267327547073364,156914
61.268248319625854,156914
61.26916980743408,156914
61.270084857940674,156914
61.271440505981445,156914
61.272358655929565,156914
61.27327799797058,156914
61.274203062057495,156914
61.27512264251709,156914
61.27603769302368,156914
61.277390241622925,156914
61.27830529212952,156914
61.27922463417053,156914
61.280144453048706,156914
61.281062602996826,156914
61.282419204711914,156914
61.283339738845825,156914
61.28427028656006,156914
61.28519010543823,156914
61.286107540130615,156914
61.287023067474365,156914
61.288376331329346,156914
61.28929281234741,156914
61.290212631225586,156914
61.29113268852234,156914
61.29204797744751,156914
61.29340386390686,156914
61.294331312179565,156914
61.29525017738342,156914
61.29616689682007,156914
61.2970814704895,156914
61.29843711853027,156914
61.299355030059814,156914
61.30027508735657,156914
61.30119490623474,156914
61.30211615562439,156914
61.30303168296814,156914
61.304399728775024,156914
61.30531549453735,156914
61.30623483657837,156914
61.307151079177856,156914
61.3080677986145,156914
61.309426069259644,156914
61.3103404045105,156914
61.31125807762146,156914
61.312177896499634,156914
61.3130943775177,156914
61.31401872634888,156914
61.31537222862244,156914
61.31629157066345,156914
61.31721258163452,156914
61.31813168525696,156914
61.319048166275024,156914
61.320401668548584,156914
61.32131886482239,156914
61.32223725318909,156914
61.323158502578735,156914
61.324082136154175,156914
61.325440406799316,156914
61.326353788375854,156914
61.327272176742554,156914
61.32819437980652,156914
61.32911038398743,156914
61.3300256729126,156914
61.331380128860474,156914
61.33229923248291,156914
61.33321976661682,156914
61.33415079116821,156914
61.335068702697754,156914
61.33642649650574,156914
61.33733940124512,156914
61.33826184272766,156914
61.33918213844299,156914
61.34009838104248,156914
61.341023683547974,156914
61.342379331588745,156914
61.3432981967926,156914
61.3442268371582,156914
61.34514665603638,156914
61.3460636138916,156914
61.347418785095215,156914
61.348334550857544,156914
61.349254846572876,156914
61.350173234939575,156914
61.35108757019043,156914
61.35200381278992,156914
61.35335731506348,156914
61.35429644584656,156914
61.35521674156189,156914
61.356141090393066,156914
61.357059478759766,156914
61.35842251777649,156914
61.3593373298645,156914
61.36025834083557,156914
61.361177921295166,156914
61.36209511756897,156914
61.36301374435425,156914
61.364378213882446,156914
61.365299701690674,156914
61.36621642112732,156914
61.36713457107544,156914
61.36805081367493,156914
61.36940598487854,156914
61.37032079696655,156914
61.37124061584473,156914
61.37215971946716,156914
61.37307643890381,156914
61.37444067001343,156914
61.37535500526428,156914
61.376272201538086,156914
61.377190828323364,156914
61.37810778617859,156914
61.37902235984802,156914
61.380377769470215,156914
61.38129472732544,156914
61.38221192359924,156914
61.38313150405884,156914
61.384053230285645,156914
61.38540744781494,156914
61.38632369041443,156914
61.387242555618286,156914
61.3881573677063,156914
61.38907551765442,156914
61.39042663574219,156914
61.39134240150452,156914
61.392260789871216,156914
61.393176317214966,156914
61.39410710334778,156914
61.395020723342896,156914
61.396373987197876,156914
61.397289514541626,156914
61.398210287094116,156914
61.399128437042236,156914
61.4000449180603,156914
61.40140223503113,156914
61.402318477630615,156914
61.403236389160156,156914
61.40416646003723,156914
61.40508460998535,156914
61.406440019607544,156914
61.40735340118408,156914
61.4082715511322,156914
61.40919470787048,156914
61.41011357307434,156914
61.41102910041809,156914
61.41238021850586,156914
61.413296937942505,156914
61.41422438621521,156914
61.41514325141907,156914
61.416059255599976,156914
61.41741371154785,156914
61.4183304309845,156914
61.419251918792725,156914
61.420169830322266,156914
61.4210844039917,156914
61.42243933677673,156914
61.42335557937622,156914
61.42428183555603,156914
61.42520236968994,156914
61.42611885070801,156914
61.42703628540039,156914
61.42839217185974,156914
61.4293053150177,156914
61.43022394180298,156914
61.43114376068115,156914
61.43206071853638,156914
61.43342137336731,156914
61.43434739112854,156914
61.43526554107666,156914
61.43618655204773,156914
61.43710446357727,156914
61.43802237510681,156914
61.43938207626343,156914
61.44030022621155,156914
61.44122266769409,156914
61.442142963409424,156914
61.44305610656738,156914
61.44441843032837,156914
61.44533681869507,156914
61.446255922317505,156914
61.447174310684204,156914
61.4480926990509,156914
61.44900965690613,156914
61.45036268234253,156914
61.4512825012207,156914
61.452203035354614,156914
61.45312023162842,156914
61.45404624938965,156914
61.455400705337524,156914
61.45631766319275,156914
61.457236766815186,156914
61.458152294158936,156914
61.459068298339844,156914
61.46042227745056,156914
61.461337089538574,156914
61.46225547790527,156914
61.46317458152771,156914
61.46410322189331,156914
61.46502161026001,156914
61.46637964248657,156914
61.467302560806274,156914
61.46822381019592,156914
61.46914219856262,156914
61.47005772590637,156914
61.47141194343567,156914
61.47232913970947,156914
61.47324872016907,156914
61.474181175231934,156914
61.47509837150574,156914
61.47601318359375,156914
61.47736883163452,156914
61.47828507423401,156914
61.47920536994934,156914
61.48012375831604,156914
61.481041431427,156914
61.48239731788635,156914
61.48331165313721,156914
61.48423933982849,156914
61.4851598739624,156914
61.486077547073364,156914
61.48743677139282,156914
61.488351821899414,156914
61.489269971847534,156914
61.49019169807434,156914
61.491108655929565,156914
61.49202561378479,156914
61.49338340759277,156914
61.49430799484253,156914
61.4952278137207,156914
61.49614715576172,156914
61.49706482887268,156914
61.4984176158905,156914
61.49933338165283,156914
61.50024938583374,156914
61.50116777420044,156914
61.5020866394043,156914
61.50300574302673,156914
61.50437140464783,156914
61.50529170036316,156914
61.50620985031128,156914
61.50713038444519,156914
61.508049726486206,156914
61.50940704345703,156914
61.51032066345215,156914
61.51124024391174,156914
61.5121591091156,156914
61.51307392120361,156914
61.51444125175476,156914
61.5153591632843,156914
61.51627731323242,156914
61.5171959400177,156914
61.51811504364014,156914
61.519031286239624,156914
61.520384073257446,156914
61.52130174636841,156914
61.52222275733948,156914
61.523144245147705,156914
61.52406978607178,156914
61.52542591094971,156914
61.52634382247925,156914
61.52726173400879,156914
61.52817964553833,156914
61.52909874916077,156914
61.530014991760254,156914
61.53136730194092,156914
61.53228402137756,156914
61.53320622444153,156914
61.534135580062866,156914
61.53505182266235,156914
61.53641128540039,156914
61.53732872009277,156914
61.53824710845947,156914
61.539167642593384,156914
61.540085315704346,156914
61.541441679000854,156914
61.542359590530396,156914
61.543275117874146,156914
61.54420208930969,156914
61.54511904716492,156914
61.54603409767151,156914
61.547391414642334,156914
61.54831075668335,156914
61.549229860305786,156914
61.55014944076538,156914
61.551063537597656,156914
61.552419662475586,156914
61.553340435028076,156914
61.55427002906799,156914
61.555192708969116,156914
61.55611062049866,156914
61.5570273399353,156914
61.55838632583618,156914
61.5593044757843,156914
61.56022572517395,156914
61.56114745140076,156914
61.56206464767456,156914
61.563422203063965,156914
61.56436610221863,156914
61.565282106399536,156914
61.566200971603394,156914
61.567118883132935,156914
61.56803369522095,156914
61.56938934326172,156914
61.57030773162842,156914
61.57122564315796,156914
61.57214331626892,156914
61.57306170463562,156914
61.57442593574524,156914
61.57534050941467,156914
61.57625770568848,156914
61.57718062400818,156914
61.57809901237488,156914
61.57901310920715,156914
61.58036684989929,156914
61.58128476142883,156914
61.58220386505127,156914
61.58312463760376,156914
61.5840528011322,156914
61.585408449172974,156914
61.58632564544678,156914
61.587241411209106,156914
61.58816194534302,156914
61.58907628059387,156914
61.59043335914612,156914
61.59134817123413,156914
61.59226632118225,156914
61.59318161010742,156914
61.59410524368286,156914
61.59502100944519,156914
61.596373319625854,156914
61.597291231155396,156914
61.598209857940674,156914
61.59912919998169,156914
61.60004448890686,156914
61.601399660110474,156914
61.60231328010559,156914
61.603233098983765,156914
61.604161500930786,156914
61.605082273483276,156914
61.60644030570984,156914
61.60735821723938,156914
61.608277320861816,156914
61.609195947647095,156914
61.61011719703674,156914
61.61103367805481,156914
61.612393856048584,156914
61.61331033706665,156914
61.61424398422241,156914
61.615166664123535,156914
61.6160843372345,156914
61.61700391769409,156914
61.618359088897705,156914
61.61927819252014,156914
61.62019681930542,156914
61.62111520767212,156914
61.6220326423645,156914
61.62338829040527,156914
61.62431240081787,156914
61.62523341178894,156914
61.626152992248535,156914
61.62706637382507,156914
61.628421783447266,156914
61.62934064865112,156914
61.6302592754364,156914
61.631181478500366,156914
61.63210082054138,156914
61.633017778396606,156914
61.6343777179718,156914
61.63529300689697,156914
61.636213541030884,156914
61.637134075164795,156914
61.6380512714386,156914
61.639408111572266,156914
61.64032816886902,156914
61.64124774932861,156914
61.642168045043945,156914
61.643083333969116,156914
61.6440110206604,156914
61.645368814468384,156914
61.646284341812134,156914
61.64720344543457,156914
61.648123025894165,156914
61.64904069900513,156914
61.65039920806885,156914
61.651318073272705,156914
61.652235984802246,156914
61.65315580368042,156914
61.65408110618591,156914
61.65543723106384,156914
61.656352519989014,156914
61.65727114677429,156914
61.65819072723389,156914
61.65910792350769,156914
61.6600227355957,156914
61.66137623786926,156914
61.662293434143066,156914
61.6632125377655,156914
61.66414213180542,156914
61.66505980491638,156914
61.666423320770264,156914
61.667341470718384,156914
61.668259382247925,156914
61.669177770614624,156914
61.67009401321411,156914
61.671011209487915,156914
61.67237210273743,156914
61.6732919216156,156914
61.6742217540741,156914
61.675143241882324,156914
61.676060914993286,156914
61.67741847038269,156914
61.67833733558655,156914
61.67925715446472,156914
61.68017816543579,156914
61.68109464645386,156914
61.6820113658905,156914
61.683364152908325,156914
61.6842942237854,156914
61.685213804244995,156914
61.68613123893738,156914
61.687047719955444,156914
61.68840193748474,156914
61.68931770324707,156914
61.690234422683716,156914
61.69115424156189,156914
61.6920690536499,156914
61.693424463272095,156914
61.69434976577759,156914
61.695268869400024,156914
61.69619011878967,156914
61.6971070766449,156914
61.69802212715149,156914
61.69937777519226,156914
61.7002956867218,156914
61.70121479034424,156914
61.70213556289673,156914
61.703052282333374,156914
61.704418897628784,156914
61.70533204078674,156914
61.70625281333923,156914
61.70717239379883,156914
61.708088874816895,156914
61.709006547927856,156914
61.710357904434204,156914
61.71127772331238,156914
61.71219563484192,156914
61.71311593055725,156914
61.71403932571411,156914
61.71539831161499,156914
61.71631145477295,156914
61.717230796813965,156914
61.71817183494568,156914
61.71908760070801,156914
61.72000694274902,156914
61.72136163711548,156914
61.72228193283081,156914
61.72319936752319,156914
61.724130153656006,156914
61.725048542022705,156914
61.72640609741211,156914
61.727323055267334,156914
61.72823905944824,156914
61.7291579246521,156914
61.73008346557617,156914
61.731003284454346,156914
61.73235630989075,156914
61.73327398300171,156914
61.73420238494873,156914
61.73512005805969,156914
61.73603701591492,156914
61.73739314079285,156914
61.73830723762512,156914
61.73922848701477,156914
61.74015188217163,156914
61.741066694259644,156914
61.742424964904785,156914
61.7433443069458,156914
61.74427366256714,156914
61.74519181251526,156914
61.74610900878906,156914
61.74702548980713,156914
61.74837565422058,156914
61.74929165840149,156914
61.75020909309387,156914
61.7511305809021,156914
61.75204539299011,156914
61.75340247154236,156914
61.75433015823364,156914
61.75524854660034,156914
61.75616717338562,156914
61.75708484649658,156914
61.75843834877014,156914
61.75935745239258,156914
61.76027202606201,156914
61.76119136810303,156914
61.76210570335388,156914
61.763020753860474,156914
61.76438808441162,156914
61.76530408859253,156914
61.76622438430786,156914
61.767138957977295,156914
61.76805567741394,156914
61.76941108703613,156914
61.77032804489136,156914
61.77124500274658,156914
61.772165298461914,156914
61.7730827331543,156914
61.774010181427,156914
61.77536416053772,156914
61.776278257369995,156914
61.777196645736694,156914
61.77811145782471,156914
61.779027223587036,156914
61.78038144111633,156914
61.7812979221344,156914
61.78221344947815,156914
61.78313088417053,156914
61.784055948257446,156914
61.78541016578674,156914
61.78632831573486,156914
61.7872474193573,156914
61.7881715297699,156914
61.78908395767212,156914
61.79000401496887,156914
61.791356325149536,156914
61.792277574539185,156914
61.79319763183594,156914
61.7941255569458,156914
61.79504203796387,156914
61.79639530181885,156914
61.79730844497681,156914
61.79822850227356,156914
61.7991464138031,156914
61.80005860328674,156914
61.801413774490356,156914
61.802330493927,156914
61.80325126647949,156914
61.80418348312378,156914
61.80510234832764,156914
61.806020736694336,156914
61.80738091468811,156914
61.808297872543335,156914
61.80921769142151,156914
61.81013464927673,156914
61.811052083969116,156914
61.81240463256836,156914
61.813323974609375,156914
61.814253091812134,156914
61.81517171859741,156914
61.81609058380127,156914
61.81700849533081,156914
61.81836485862732,156914
61.819283962249756,156914
61.82020306587219,156914
61.82112145423889,156914
61.82203388214111,156914
61.82338809967041,156914
61.824315547943115,156914
61.82523488998413,156914
61.82615327835083,156914
61.827067852020264,156914
61.828426361083984,156914
61.82934284210205,156914
61.83026099205017,156914
61.83117747306824,156914
61.832096338272095,156914
61.83301043510437,156914
61.834372997283936,156914
61.83529233932495,156914
61.836214542388916,156914
61.83713364601135,156914
61.838051557540894,156914
61.8394079208374,156914
61.84032583236694,156914
61.84124231338501,156914
61.84216260910034,156914
61.84308099746704,156914
61.844008445739746,156914
61.84536576271057,156914
61.84628367424011,156914
61.847206115722656,156914
61.84812569618225,156914
61.849042654037476,156914
61.85039758682251,156914
61.85131120681763,156914
61.85223364830017,156914
61.85316252708435,156914
61.854098081588745,156914
61.855016469955444,156914
61.8563666343689,156914
61.8572838306427,156914
61.858203411102295,156914
61.859121561050415,156914
61.860037088394165,156914
61.86139369010925,156914
61.86231017112732,156914
61.8632287979126,156914
61.86415696144104,156914
61.865071535110474,156914
61.86642408370972,156914
61.86733627319336,156914
61.86825704574585,156914
61.86917567253113,156914
61.870091676712036,156914
61.87100839614868,156914
61.87236404418945,156914
61.87328100204468,156914
61.87421011924744,156914
61.87513208389282,156914
61.87604856491089,156914
61.87740182876587,156914
61.878315687179565,156914
61.87923574447632,156914
61.880154848098755,156914
61.88107228279114,156914
61.88242769241333,156914
61.88334369659424,156914
61.88427686691284,156914
61.88519477844238,156914
61.8861129283905,156914
61.887027978897095,156914
61.88838315010071,156914
61.88929986953735,156914
61.890217542648315,156914
61.89113783836365,156914
61.892053842544556,156914
61.89340901374817,156914
61.89433431625366,156914
61.89525270462036,156914
61.89616942405701,156914
61.89708662033081,156914
61.89800572395325,156914
61.89935898780823,156914
61.900275230407715,156914
61.90119552612305,156914
61.90211582183838,156914
61.90302896499634,156914
61.90439438819885,156914
61.90531086921692,156914
61.90623068809509,156914
61.907150983810425,156914
61.90806984901428,156914
61.909422636032104,156914
61.91033864021301,156914
61.91125726699829,156914
61.9121789932251,156914
61.91309642791748,156914
61.914021015167236,156914
61.91537880897522,156914
61.916295289993286,156914
61.917213916778564,156914
61.91813039779663,156914
61.919047594070435,156914
61.92040157318115,156914
61.92131757736206,156914
61.92223381996155,156914
61.92315411567688,156914
61.92408275604248,156914
61.92543435096741,156914
61.926347970962524,156914
61.9272665977478,156914
61.92818832397461,156914
61.92910552024841,156914
61.93002152442932,156914
61.931371450424194,156914
61.93229150772095,156914
61.93320846557617,156914
61.93413853645325,156914
61.935054063797,156914
61.93641138076782,156914
61.937328815460205,156914
61.93824887275696,156914
61.93916702270508,156914
61.94008159637451,156914
61.94143629074097,156914
61.9423553943634,156914
61.94327354431152,156914
61.944202184677124,156914
61.94511914253235,156914
61.946033000946045,156914
61.947388648986816,156914
61.94830513000488,156914
61.94922423362732,156914
61.95014214515686,156914
61.9510612487793,156914
61.95241713523865,156914
61.953336000442505,156914
61.95426797866821,156914
61.955188274383545,156914
61.956106662750244,156914
61.95702290534973,156914
61.958375453948975,156914
61.959293365478516,156914
61.9602108001709,156914
61.96112823486328,156914
61.96203970909119,156914
61.96339464187622,156914
61.96432113647461,156914
61.96523833274841,156914
61.966156005859375,156914
61.96707057952881,156914
61.968422651290894,156914
61.96933913230896,156914
61.97025752067566,156914
61.971177101135254,156914
61.97209692001343,156914
61.97301626205444,156914
61.97437787055969,156914
61.975297927856445,156914
61.976216554641724,156914
61.97713613510132,156914
61.97805047035217,156914
61.979403495788574,156914
61.980321645736694,156914
61.981240034103394,156914
61.982155323028564,156914
61.98307466506958,156914
61.98444128036499,156914
61.985358476638794,156914
61.98627781867981,156914
61.98719787597656,156914
61.988117933273315,156914
61.98903441429138,156914
61.99038863182068,156914
61.99130368232727,156914
61.99221992492676,156914
61.99314045906067,156914
61.99406552314758,156914
61.99542164802551,156914
61.996339321136475,156914
61.99725914001465,156914
61.99818158149719,156914
61.99910068511963,156914
62.000014781951904,156914
62.001370906829834,156914
62.00229239463806,156914
62.0032103061676,156914
62.00413990020752,156914
62.00505805015564,156914
62.006412506103516,156914
62.00733017921448,156914
62.00825309753418,156914
62.00917029380798,156914
62.01008677482605,156914
62.01100444793701,156914
62.01236176490784,156914
62.013283491134644,156914
62.01421332359314,156914
62.01513147354126,156914
62.01604866981506,156914
62.017404079437256,156914
62.018317222595215,156914
62.01923751831055,156914
62.020159006118774,156914
62.021076917648315,156914
62.02243185043335,156914
62.02334904670715,156914
62.02427840232849,156914
62.02519488334656,156914
62.02610921859741,156914
62.027024030685425,156914
62.028377294540405,156914
62.029292821884155,156914
62.03021430969238,156914
62.03113317489624,156914
62.03204655647278,156914
62.03339648246765,156914
62.03432273864746,156914
62.035242795944214,156914
62.03615999221802,156914
62.03707671165466,156914
62.03843283653259,156914
62.03935098648071,156914
62.04026746749878,156914
62.041186809539795,156914
62.04210329055786,156914
62.043018102645874,156914
62.044384241104126,156914
62.04530048370361,156914
62.04621744155884,156914
62.04713773727417,156914
62.04805588722229,156914
62.04941272735596,156914
62.05033206939697,156914
62.051249980926514,156914
62.05217242240906,156914
62.05309271812439,156914
62.05402064323425,156914
62.055378675460815,156914
62.0562961101532,156914
62.057212591171265,156914
62.05812978744507,156914
62.05904817581177,156914
62.0604043006897,156914
62.06131935119629,156914
62.06223654747009,156914
62.063159465789795,156914
62.064085721969604,156914
62.06543946266174,156914
62.06635355949402,156914
62.067272424697876,156914
62.06819009780884,156914
62.06910705566406,156914
62.07002139091492,156914
62.07137131690979,156914
62.072291135787964,156914
62.07320785522461,156914
62.074135303497314,156914
62.0750515460968,156914
62.07640719413757,156914
62.07732367515564,156914
62.07824230194092,156914
62.079161643981934,156914
62.080076456069946,156914
62.08143424987793,156914
62.082348108291626,156914
62.083269119262695,156914
62.08420014381409,156914
62.085121154785156,156914
62.08603620529175,156914
62.087387800216675,156914
62.08830547332764,156914
62.08922362327576,156914
62.09014296531677,156914
62.0910587310791,156914
62.0924117565155,156914
62.093329191207886,156914
62.09425902366638,156914
62.09517550468445,156914
62.0960910320282,156914
62.097004652023315,156914
62.09835505485535,156914
62.09927248954773,156914
62.10019111633301,156914
62.10110783576965,156914
62.102020263671875,156914
62.10336995124817,156914
62.10429787635803,156914
62.105217695236206,156914
62.106136322021484,156914
62.1070511341095,156914
62.10840725898743,156914
62.10932517051697,156914
62.11024451255798,156914
62.111162185668945,156914
62.11207938194275,156914
62.11343836784363,156914
62.11436200141907,156914
62.11528158187866,156914
62.116198778152466,156914
62.1171133518219,156914
62.11803340911865,156914
62.119391202926636,156914
62.120306968688965,156914
62.12122416496277,156914
62.12214493751526,156914
62.12306213378906,156914
62.12443137168884,156914
62.12534976005554,156914
62.126272201538086,156914
62.127193450927734,156914
62.12811088562012,156914
62.12902879714966,156914
62.13038516044617,156914
62.131301403045654,156914
62.132219552993774,156914
62.133139848709106,156914
62.13406682014465,156914
62.13542461395264,156914
62.13633990287781,156914
62.13725924491882,156914
62.138176918029785,156914
62.13909125328064,156914
62.14000964164734,156914
62.14136338233948,156914
62.14228320121765,156914
62.14319825172424,156914
62.144126176834106,156914
62.14504361152649,156914
62.1463987827301,156914
62.14731764793396,156914
62.148237466812134,156914
62.14915752410889,156914
62.15007448196411,156914
62.15143179893494,156914
62.15235090255737,156914
62.153271436691284,156914
62.15420055389404,156914
62.155118227005005,156914
62.15603232383728,156914
62.15738487243652,156914
62.1583034992218,156914
62.15922737121582,156914
62.16014862060547,156914
62.16106462478638,156914
62.16242718696594,156914
62.163344383239746,156914
62.16427516937256,156914
62.16519618034363,156914
62.16611409187317,156914
62.16703248023987,156914
62.16838765144348,156914
62.169301986694336,156914
62.17022156715393,156914
62.171141147613525,156914
62.17205595970154,156914
62.17341232299805,156914
62.17434024810791,156914
62.17526149749756,156914
62.17601180076599,156914
62.177377223968506,156914
62.17829704284668,156914
62.17921590805054,156914
62.180134773254395,156914
62.18105173110962,156914
62.18240809440613,156914
62.1833279132843,156914
62.18425512313843,156914
62.18517470359802,156914
62.18609118461609,156914
62.18700933456421,156914
62.18836259841919,156914
62.18928074836731,156914
62.19019794464111,156914
62.19111657142639,156914
62.192034006118774,156914
62.19338941574097,156914
62.1943142414093,156914
62.195234060287476,156914
62.196155309677124,156914
62.197070360183716,156914
62.198426485061646,156914
62.19934344291687,156914
62.20026445388794,156914
62.2011821269989,156914
62.202099323272705,156914
62.20301795005798,156914
62.20438265800476,156914
62.20530033111572,156914
62.20621991157532,156914
62.20713996887207,156914
62.20805740356445,156914
62.20941519737244,156914
62.21033215522766,156914
62.211252212524414,156914
62.2121684551239,156914
62.213085889816284,156914
62.21401381492615,156914
62.215370893478394,156914
62.21628785133362,156914
62.21720743179321,156914
62.218130350112915,156914
62.21904516220093,156914
62.2204008102417,156914
62.221320390701294,156914
62.22223997116089,156914
62.22315740585327,156914
62.224082946777344,156914
62.22544002532959,156914
62.2263548374176,156914
62.2272744178772,156914
62.22819781303406,156914
62.229116916656494,156914
62.23003077507019,156914
62.23138785362244,156914
62.23230457305908,156914
62.23322629928589,156914
62.234155893325806,156914
62.23507237434387,156914
62.236430644989014,156914
62.23734641075134,156914
62.23826360702515,156914
62.239179849624634,156914
62.240097999572754,156914
62.2410147190094,156914
62.24236798286438,156914
62.24328684806824,156914
62.244216442108154,156914
62.245134353637695,156914
62.2460503578186,156914
62.24740481376648,156914
62.24832630157471,156914
62.24924087524414,156914
62.25015735626221,156914
62.25107169151306,156914
62.2524254322052,156914
62.25334286689758,156914
62.254276514053345,156914
62.25519680976868,156914
62.25611352920532,156914
62.25703167915344,156914
62.258389472961426,156914
62.25930714607239,156914
62.26022553443909,156914
62.26114344596863,156914
62.262062311172485,156914
62.26341915130615,156914
62.264344692230225,156914
62.26526594161987,156914
62.26618242263794,156914
62.26709771156311,156914
62.26801538467407,156914
62.269371032714844,156914
62.270286560058594,156914
62.27120399475098,156914
62.27212333679199,156914
62.273040533065796,156914
62.274404764175415,156914
62.27532076835632,156914
62.27624011039734,156914
62.277159690856934,156914
62.27807545661926,156914
62.279430627822876,156914
62.28034520149231,156914
62.28126311302185,156914
62.28218126296997,156914
62.283100605010986,156914
62.28402495384216,156914
62.285386085510254,156914
62.286303758621216,156914
62.28722357749939,156914
62.28814363479614,156914
62.289061307907104,156914
62.29041790962219,156914
62.291337966918945,156914
62.292258739471436,156914
62.293177366256714,156914
62.294111251831055,156914
62.2950279712677,156914
62.29638600349426,156914
62.297303438186646,156914
62.29822659492493,156914
62.29914736747742,156914
62.30006504058838,156914
62.30142569541931,156914
62.302342891693115,156914
62.3032660484314,156914
62.30419707298279,156914
62.30511736869812,156914
62.30603051185608,156914
62.30738592147827,156914
62.30830121040344,156914
62.309221029281616,156914
62.31014132499695,156914
62.311057329177856,156914
62.31241488456726,156914
62.313331604003906,156914
62.314263343811035,156914
62.31518220901489,156914
62.31610155105591,156914
62.31702017784119,156914
62.31837725639343,156914
62.31929588317871,156914
62.320215940475464,156914
62.32113575935364,156914
62.32205057144165,156914
62.323407888412476,156914
62.324337005615234,156914
62.32525992393494,156914
62.32617497444153,156914
62.3270959854126,156914
62.328014850616455,156914
62.329368591308594,156914
62.33028602600098,156914
62.33120536804199,156914
62.33212375640869,156914
62.333038330078125,156914
62.33440399169922,156914
62.33532166481018,156914
62.33624029159546,156914
62.337159156799316,156914
62.3380765914917,156914
62.33943700790405,156914
62.34035396575928,156914
62.34127187728882,156914
62.34219264984131,156914
62.343116998672485,156914
62.34404993057251,156914
62.34541034698486,156914
62.34632706642151,156914
62.34724760055542,156914
62.348164081573486,156914
62.34908080101013,156914
62.350438833236694,156914
62.351356983184814,156914
62.352275133132935,156914
62.35319447517395,156914
62.35412287712097,156914
62.355040550231934,156914
62.35639834403992,156914
62.35731387138367,156914
62.35823130607605,156914
62.3591468334198,156914
62.36006140708923,156914
62.36141490936279,156914
62.36232900619507,156914
62.36324596405029,156914
62.36417627334595,156914
62.36510181427002,156914
62.36602020263672,156914
62.36737632751465,156914
62.368295192718506,156914
62.36921548843384,156914
62.37013387680054,156914
62.3710503578186,156914
62.37240648269653,156914
62.37332367897034,156914
62.37425398826599,156914
62.3751745223999,156914
62.376092195510864,156914
62.37700915336609,156914
62.37836575508118,156914
62.37928342819214,156914
62.38020348548889,156914
62.38112115859985,156914
62.38204312324524,156914
62.38340163230896,156914
62.38432812690735,156914
62.38524508476257,156914
62.38616442680359,156914
62.387086391448975,156914
62.38800311088562,156914
62.38936424255371,156914
62.39028334617615,156914
62.39120411872864,156914
62.39212417602539,156914
62.39304232597351,156914
62.39440894126892,156914
62.39532661437988,156914
62.39624500274658,156914
62.39716863632202,156914
62.39808630943298,156914
62.3990044593811,156914
62.400360107421875,156914
62.40127992630005,156914
62.40220093727112,156914
62.40311813354492,156914
62.404043197631836,156914
62.40540599822998,156914
62.40632343292236,156914
62.40724277496338,156914
62.408162355422974,156914
62.40907955169678,156914
62.41043782234192,156914
62.411356925964355,156914
62.41227960586548,156914
62.413198709487915,156914
62.414130210876465,156914
62.415050745010376,156914
62.4164092540741,156914
62.41732406616211,156914
62.41824197769165,156914
62.419163942337036,156914
62.42008352279663,156914
62.42144179344177,156914
62.422359228134155,156914
62.42327880859375,156914
62.42421007156372,156914
62.42513155937195,156914
62.42604994773865,156914
62.427412271499634,156914
62.42833113670349,156914
62.42925047874451,156914
62.43016982078552,156914
62.4310884475708,156914
62.43200421333313,156914
62.4333598613739,156914
62.43429780006409,156914
62.43522047996521,156914
62.436140298843384,156914
62.43706178665161,156914
62.4384183883667,156914
62.43933725357056,156914
62.440258264541626,156914
62.441176652908325,156914
62.4420952796936,156914
62.443010330200195,156914
62.4443736076355,156914
62.445295333862305,156914
62.446216106414795,156914
62.44713497161865,156914
62.44805383682251,156914
62.4494104385376,156914
62.45032572746277,156914
62.45124793052673,156914
62.452168226242065,156914
62.45308542251587,156914
62.45401215553284,156914
62.45537066459656,156914
62.45628905296326,156914
62.45720839500427,156914
62.4581253528595,156914
62.459043741226196,156914
62.460405349731445,156914
62.46132731437683,156914
62.46224617958069,156914
62.463170766830444,156914
62.46410131454468,156914
62.46501970291138,156914
62.46637582778931,156914
62.46729636192322,156914
62.468215227127075,156914
62.46913456916809,156914
62.47005319595337,156914
62.47141170501709,156914
62.47232961654663,156914
62.47325110435486,156914
62.47418451309204,156914
62.47510743141174,156914
62.47602391242981,156914
62.4773805141449,156914
62.47830033302307,156914
62.47921943664551,156914
62.480140209198,156914
62.4810574054718,156914
62.48241829872131,156914
62.48333740234375,156914
62.48426818847656,156914
62.485190868377686,156914
62.4861102104187,156914
62.487024784088135,156914
62.48838257789612,156914
62.489301919937134,156914
62.49022388458252,156914
62.49114370346069,156914
62.49206185340881,156914
62.49341607093811,156914
62.49433994293213,156914
62.495259284973145,156914
62.496180295944214,156914
62.49710035324097,156914
62.49801731109619,156914
62.49937462806702,156914
62.500293254852295,156914
62.50121283531189,156914
62.502129316329956,156914
62.5030460357666,156914
62.50441384315491,156914
62.50533080101013,156914
62.50624704360962,156914
62.50716853141785,156914
62.508084535598755,156914
62.5094428062439,156914
62.51036095619202,156914
62.51128435134888,156914
62.512211561203,156914
62.51313090324402,156914
62.51405715942383,156914
62.51541209220886,156914
62.51632881164551,156914
62.517250061035156,156914
62.51817274093628,156914
62.51909422874451,156914
62.52001333236694,156914
62.52137279510498,156914
62.52229166030884,156914
62.52321100234985,156914
62.5241379737854,156914
62.52505588531494,156914
62.52641797065735,156914
62.527334451675415,156914
62.52825570106506,156914
62.52917766571045,156914
62.53009653091431,156914
62.53101134300232,156914
62.532368659973145,156914
62.53328800201416,156914
62.53421902656555,156914
62.53514122962952,156914
62.536057233810425,156914
62.53741383552551,156914
62.53832769393921,156914
62.53924751281738,156914
62.54016876220703,156914
62.54108762741089,156914
62.54200339317322,156914
62.543360233306885,156914
62.54428815841675,156914
62.545206785202026,156914
62.54612183570862,156914
62.547038316726685,156914
62.54839086532593,156914
62.54930925369263,156914
62.55023002624512,156914
62.55115365982056,156914
62.55207419395447,156914
62.55343294143677,156914
62.55435824394226,156914
62.55528020858765,156914
62.55619955062866,156914
62.55711841583252,156914
62.55803608894348,156914
62.5593957901001,156914
62.560314655303955,156914
62.561235189437866,156914
62.56215476989746,156914
62.563071727752686,156914
62.564438581466675,156914
62.56535577774048,156914
62.566298961639404,156914
62.567219734191895,156914
62.56813931465149,156914
62.56905698776245,156914
62.57041692733765,156914
62.57133412361145,156914
62.57225561141968,156914
62.57317781448364,156914
62.5741069316864,156914
62.57502245903015,156914
62.57637929916382,156914
62.57729887962341,156914
62.57822132110596,156914
62.579137563705444,156914
62.58005714416504,156914
62.581414461135864,156914
62.582332134246826,156914
62.58325219154358,156914
62.584181785583496,156914
62.58510184288025,156914
62.58601903915405,156914
62.58737874031067,156914
62.58829855918884,156914
62.589219093322754,156914
62.59013795852661,156914
62.591054916381836,156914
62.59240913391113,156914
62.59332799911499,156914
62.59425497055054,156914
62.595175981521606,156914
62.5960910320282,156914
62.59701061248779,156914
62.59836673736572,156914
62.59928750991821,156914
62.60020709037781,156914
62.601125955581665,156914
62.60204195976257,156914
62.603400468826294,156914
62.60432481765747,156914
62.60524249076843,156914
62.606162548065186,156914
62.60708022117615,156914
62.608437299728394,156914
62.6093544960022,156914
62.61027526855469,156914
62.61119627952576,156914
62.61211705207825,156914
62.61303424835205,156914
62.61440110206604,156914
62.61531972885132,156914
62.61623930931091,156914
62.61716032028198,156914
62.61807584762573,156914
62.61943554878235,156914
62.62035036087036,156914
62.62127232551575,156914
62.622196197509766,156914
62.62311506271362,156914
62.62403917312622,156914
62.625393867492676,156914
62.62631344795227,156914
62.627230644226074,156914
62.62814903259277,156914
62.629063844680786,156914
62.630422592163086,156914
62.63134026527405,156914
62.63226270675659,156914
62.633179903030396,156914
62.6341073513031,156914
62.63502383232117,156914
62.636374950408936,156914
62.63729476928711,156914
62.63821530342102,156914
62.639137506484985,156914
62.64005470275879,156914
62.641414403915405,156914
62.642332315444946,156914
62.64325189590454,156914
62.644185066223145,156914
62.645103216171265,156914
62.64601969718933,156914
62.64737510681152,156914
62.64829349517822,156914
62.64921259880066,156914
62.65013265609741,156914
62.651047229766846,156914
62.652400493621826,156914
62.65331673622131,156914
62.654247999191284,156914
62.655165672302246,156914
62.656085729599,156914
62.65700364112854,156914
62.65836048126221,156914
62.65927839279175,156914
62.66019868850708,156914
62.66111969947815,156914
62.66203570365906,156914
62.66339087486267,156914
62.66431665420532,156914
62.665236473083496,156914
62.66615700721741,156914
62.667072772979736,156914
62.6684308052063,156914
62.669347524642944,156914
62.67026400566101,156914
62.67118048667908,156914
62.67210102081299,156914
62.673020124435425,156914
62.67438983917236,156914
62.67530632019043,156914
62.67622423171997,156914
62.677146673202515,156914
62.67806339263916,156914
62.679418087005615,156914
62.680341720581055,156914
62.68125939369202,156914
62.682178020477295,156914
62.683100938797,156914
62.68402719497681,156914
62.68538475036621,156914
62.68629765510559,156914
62.68721890449524,156914
62.68813729286194,156914
62.68905162811279,156914
62.6904137134552,156914
62.69133257865906,156914
62.69224977493286,156914
62.693166971206665,156914
62.69409656524658,156914
62.69501519203186,156914
62.696367025375366,156914
62.69728422164917,156914
62.69820261001587,156914
62.69912385940552,156914
62.70004177093506,156914
62.70140099525452,156914
62.70232009887695,156914
62.70324110984802,156914
62.704174518585205,156914
62.70509481430054,156914
62.706013917922974,156914
62.70736837387085,156914
62.708287954330444,156914
62.709206342697144,156914
62.71012568473816,156914
62.71104145050049,156914
62.712400674819946,156914
62.713316679000854,156914
62.714250564575195,156914
62.71516942977905,156914
62.71608853340149,156914
62.717005252838135,156914
62.718374729156494,156914
62.719295024871826,156914
62.72021508216858,156914
62.72113656997681,156914
62.72205400466919,156914
62.72341227531433,156914
62.72434139251709,156914
62.725263833999634,156914
62.726181507110596,156914
62.72709941864014,156914
62.7280158996582,156914
62.729368448257446,156914
62.7302942276001,156914
62.73121476173401,156914
62.732133865356445,156914
62.73304796218872,156914
62.73441243171692,156914
62.735329389572144,156914
62.73625063896179,156914
62.7371711730957,156914
62.73808813095093,156914
62.73900651931763,156914
62.74035859107971,156914
62.74127721786499,156914
62.742199182510376,156914
62.74312090873718,156914
62.74404525756836,156914
62.745405197143555,156914
62.746323585510254,156914
62.7472448348999,156914
62.748162508010864,156914
62.74907946586609,156914
62.75043869018555,156914
62.75135517120361,156914
62.752278089523315,156914
62.75320029258728,156914
62.7541298866272,156914
62.755047082901,156914
62.75639843940735,156914
62.757317781448364,156914
62.75823664665222,156914
62.759156703948975,156914
62.76007294654846,156914
62.761428356170654,156914
62.76234483718872,156914
62.76326251029968,156914
62.76419401168823,156914
62.76511335372925,156914
62.76603126525879,156914
62.76738715171814,156914
62.7683048248291,156914
62.769227504730225,156914
62.770148038864136,156914
62.77106332778931,156914
62.77241897583008,156914
62.77333664894104,156914
62.77426481246948,156914
62.775187253952026,156914
62.77610731124878,156914
62.77702498435974,156914
62.7783842086792,156914
62.779303312301636,156914
62.78022480010986,156914
62.781142234802246,156914
62.782060861587524,156914
62.78341603279114,156914
62.78434181213379,156914
62.78526043891907,156914
62.78618144989014,156914
62.78709959983826,156914
62.78801393508911,156914
62.789368629455566,156914
62.790287017822266,156914
62.791210651397705,156914
62.79213094711304,156914
62.793049573898315,156914
62.79441738128662,156914
62.79533362388611,156914
62.79625153541565,156914
62.79717206954956,156914
62.798091173172,156914
62.79900932312012,156914
62.800363302230835,156914
62.80128479003906,156914
62.80220437049866,156914
62.803120374679565,156914
62.804044246673584,156914
62.805399656295776,156914
62.806316614151,156914
62.807233572006226,156914
62.808151960372925,156914
62.809067487716675,156914
62.8104190826416,156914
62.811333894729614,156914
62.812251567840576,156914
62.81317329406738,156914
62.81410527229309,156914
62.81502103805542,156914
62.81637907028198,156914
62.81729769706726,156914
62.81821584701538,156914
62.81913781166077,156914
62.82005047798157,156914
62.82140588760376,156914
62.822325229644775,156914
62.823246002197266,156914
62.8241753578186,156914
62.82509636878967,156914
62.82601475715637,156914
62.82736682891846,156914
62.82828903198242,156914
62.82920503616333,156914
62.830124616622925,156914
62.83103966712952,156914
62.83239769935608,156914
62.83331227302551,156914
62.83424401283264,156914
62.83516311645508,156914
62.836082220077515,156914
62.83743619918823,156914
62.83835291862488,156914
62.83927369117737,156914
62.84019351005554,156914
62.84111452102661,156914
62.842034101486206,156914
62.84339165687561,156914
62.844316482543945,156914
62.84523916244507,156914
62.846160650253296,156914
62.84707498550415,156914
62.84844160079956,156914
62.8493595123291,156914
62.850276470184326,156914
62.85119605064392,156914
62.852115631103516,156914
62.85303092002869,156914
62.85439896583557,156914
62.85531663894653,156914
62.8562388420105,156914
62.85716009140015,156914
62.85807824134827,156914
62.85943627357483,156914
62.86035418510437,156914
62.86127328872681,156914
62.86219239234924,156914
62.86311388015747,156914
62.86403560638428,156914
62.865392208099365,156914
62.866307973861694,156914
62.86722731590271,156914
62.86814761161804,156914
62.869064807891846,156914
62.870424032211304,156914
62.87134146690369,156914
62.87226104736328,156914
62.87318158149719,156914
62.87411189079285,156914
62.875028133392334,156914
62.87638211250305,156914
62.87730169296265,156914
62.87822198867798,156914
62.879140853881836,156914
62.88006043434143,156914
62.88141655921936,156914
62.88233256340027,156914
62.88324952125549,156914
62.88417887687683,156914
62.885098457336426,156914
62.88601541519165,156914
62.887364625930786,156914
62.888280630111694,156914
62.889200925827026,156914
62.89011883735657,156914
62.891033411026,156914
62.89239192008972,156914
62.89330863952637,156914
62.89424133300781,156914
62.89515972137451,156914
62.89607763290405,156914
62.89743447303772,156914
62.89835286140442,156914
62.899271965026855,156914
62.900192737579346,156914
62.90111184120178,156914
62.902024269104004,156914
62.90338063240051,156914
62.90430951118469,156914
62.90522885322571,156914
62.90614628791809,156914
62.90706419944763,156914
62.9084210395813,156914
62.90933656692505,156914
62.91025471687317,156914
62.911176681518555,156914
62.91209602355957,156914
62.91300988197327,156914
62.91436791419983,156914
62.915287494659424,156914
62.91620707511902,156914
62.917126178741455,156914
62.918041467666626,156914
62.91940140724182,156914
62.92031955718994,156914
62.921236991882324,156914
62.922155141830444,156914
62.92307138442993,156914
62.924437284469604,156914
62.92535328865051,156914
62.92627191543579,156914
62.927191972732544,156914
62.928109884262085,156914
62.92902493476868,156914
62.93038010597229,156914
62.931296825408936,156914
62.93221378326416,156914
62.93313264846802,156914
62.93405556678772,156914
62.93541407585144,156914
62.93632984161377,156914
62.93725061416626,156914
62.93816924095154,156914
62.939085245132446,156914
62.940003395080566,156914
62.94135904312134,156914
62.942278146743774,156914
62.943196058273315,156914
62.94412684440613,156914
62.94504427909851,156914
62.94640326499939,156914
62.94731831550598,156914
62.948235273361206,156914
62.94915533065796,156914
62.950072050094604,156914
62.95142674446106,156914
62.95234704017639,156914
62.95326495170593,156914
62.95419263839722,156914
62.955114126205444,156914
62.956032037734985,156914
62.95738506317139,156914
62.95829963684082,156914
62.95921754837036,156914
62.96013617515564,156914
62.96105241775513,156914
62.96240496635437,156914
62.96332406997681,156914
62.96425414085388,156914
62.96517634391785,156914
62.96609854698181,156914
62.967018604278564,156914
62.96837639808655,156914
62.969292402267456,156914
62.97021508216858,156914
62.97113656997681,156914
62.97205138206482,156914
62.97340798377991,156914
62.97433400154114,156914
62.97525954246521,156914
62.97617721557617,156914
62.97709798812866,156914
62.97801399230957,156914
62.97937202453613,156914
62.98028802871704,156914
62.981207847595215,156914
62.982128381729126,156914
62.983041524887085,156914
62.98440957069397,156914
62.98532676696777,156914
62.98624610900879,156914
62.98716402053833,156914
62.98808240890503,156914
62.98943877220154,156914
62.99035406112671,156914
62.99127006530762,156914
62.992189168930054,156914
62.993109941482544,156914
62.994035720825195,156914
62.99539661407471,156914
62.99631476402283,156914
62.99723410606384,156914
62.99815011024475,156914
62.99906897544861,156914
63.00042390823364,156914
63.00134301185608,156914
63.00226283073425,156914
63.00318360328674,156914
63.004108905792236,156914
63.00502371788025,156914
63.00637888908386,156914
63.007296562194824,156914
63.00821495056152,156914
63.009132623672485,156914
63.01004934310913,156914
63.011406660079956,156914
63.01232385635376,156914
63.01324248313904,156914
63.01417303085327,156914
63.01509356498718,156914
63.01601600646973,156914
63.017369508743286,156914
63.018290758132935,156914
63.01921057701111,156914
63.02012848854065,156914
63.02104377746582,156914
63.022406339645386,156914
63.02332353591919,156914
63.02425575256348,156914
63.025177240371704,156914
63.02609586715698,156914
63.02701473236084,156914
63.02837371826172,156914
63.02929329872131,156914
63.03021216392517,156914
63.03113150596619,156914
63.032050132751465,156914
63.03340411186218,156914
63.03433084487915,156914
63.03524875640869,156914
63.0361704826355,156914
63.0370876789093,156914
63.03800392150879,156914
63.039358377456665,156914
63.040278911590576,156914
63.041200399398804,156914
63.04212045669556,156914
63.04303765296936,156914
63.04440379142761,156914
63.04532289505005,156914
63.046239376068115,156914
63.04715847969055,156914
63.048075437545776,156914
63.04943609237671,156914
63.050352334976196,156914
63.05127263069153,156914
63.052191972732544,156914
63.05311107635498,156914
63.054035902023315,156914
63.05539321899414,156914
63.05631184577942,156914
63.05723333358765,156914
63.05814981460571,156914
63.05906653404236,156914
63.060420989990234,156914
63.0613374710083,156914
63.06225919723511,156914
63.06317901611328,156914
63.06410527229309,156914
63.065022230148315,156914
63.06637716293335,156914
63.067296743392944,156914
63.068217277526855,156914
63.06913876533508,156914
63.07005310058594,156914
63.0714111328125,156914
63.07232856750488,156914
63.07324719429016,156914
63.07417869567871,156914
63.0750994682312,156914
63.076016664505005,156914
63.07736897468567,156914
63.078287839889526,156914
63.07920718193054,156914
63.08012890815735,156914
63.081045389175415,156914
63.0824019908905,156914
63.08331894874573,156914
63.08424782752991,156914
63.08516764640808,156914
63.086085081100464,156914
63.08744144439697,156914
63.08835768699646,156914
63.08927822113037,156914
63.0901985168457,156914
63.0911180973053,156914
63.09203624725342,156914
63.09339261054993,156914
63.09431862831116,156914
63.09523582458496,156914
63.0961549282074,156914
63.09707307815552,156914
63.098429679870605,156914
63.09934401512146,156914
63.10026407241821,156914
63.10118365287781,156914
63.10210585594177,156914
63.10302233695984,156914
63.1043906211853,156914
63.10530710220337,156914
63.10622763633728,156914
63.10714507102966,156914
63.10806322097778,156914
63.1094183921814,156914
63.11034178733826,156914
63.111258029937744,156914
63.11217546463013,156914
63.1130952835083,156914
63.11402440071106,156914
63.11538124084473,156914
63.11629772186279,156914
63.11722111701965,156914
63.118139028549194,156914
63.119054079055786,156914
63.12040972709656,156914
63.12132740020752,156914
63.12224626541138,156914
63.123162269592285,156914
63.124088287353516,156914
63.12500619888306,156914
63.126363039016724,156914
63.127281665802,156914
63.128201484680176,156914
63.12912082672119,156914
63.130043029785156,156914
63.13140511512756,156914
63.13232374191284,156914
63.13324475288391,156914
63.13417387008667,156914
63.13509559631348,156914
63.136014223098755,156914
63.137370347976685,156914
63.13829016685486,156914
63.13921284675598,156914
63.14013361930847,156914
63.141050815582275,156914
63.14240479469299,156914
63.143325090408325,156914
63.14425730705261,156914
63.14517545700073,156914
63.146095991134644,156914
63.147014141082764,156914
63.148369789123535,156914
63.149287700653076,156914
63.15020990371704,156914
63.15113091468811,156914
63.15204858779907,156914
63.15340542793274,156914
63.15433406829834,156914
63.15525555610657,156914
63.1561758518219,156914
63.15709686279297,156914
63.15801382064819,156914
63.1593701839447,156914
63.16028952598572,156914
63.16120934486389,156914
63.1621298789978,156914
63.163045167922974,156914
63.164411783218384,156914
63.165332555770874,156914
63.166253328323364,156914
63.16717457771301,156914
63.16809439659119,156914
63.16901111602783,156914
63.17036700248718,156914
63.17128562927246,156914
63.17220759391785,156914
63.17312741279602,156914
63.17405104637146,156914
63.17540621757507,156914
63.17632532119751,156914
63.17724561691284,156914
63.17816519737244,156914
63.17908191680908,156914
63.180440187454224,156914
63.18135857582092,156914
63.1822772026062,156914
63.18319797515869,156914
63.18413519859314,156914
63.18505024909973,156914
63.186405181884766,156914
63.187318325042725,156914
63.188239336013794,156914
63.18915891647339,156914
63.19007635116577,156914
63.191431760787964,156914
63.19234752655029,156914
63.19326305389404,156914
63.19419050216675,156914
63.195109367370605,156914
63.1960232257843,156914
63.19737505912781,156914
63.19829607009888,156914
63.19921517372131,156914
63.20013165473938,156914
63.201048851013184,156914
63.20240354537964,156914
63.20331859588623,156914
63.204246282577515,156914
63.205167055130005,156914
63.20608353614807,156914
63.20743751525879,156914
63.208354234695435,156914
63.20927286148071,156914
63.210188150405884,156914
63.211106061935425,156914
63.21202230453491,156914
63.21337938308716,156914
63.2143075466156,156914
63.215227365493774,156914
63.21614718437195,156914
63.217066287994385,156914
63.21842050552368,156914
63.21933555603027,156914
63.22025275230408,156914
63.22117304801941,156914
63.22209310531616,156914
63.223010301589966,156914
63.224374294281006,156914
63.22529482841492,156914
63.22621178627014,156914
63.227132081985474,156914
63.22805142402649,156914
63.22940969467163,156914
63.230326414108276,156914
63.231247901916504,156914
63.23216676712036,156914
63.2330846786499,156914
63.23401093482971,156914
63.2353630065918,156914
63.23628234863281,156914
63.23720026016235,156914
63.238120317459106,156914
63.23903799057007,156914
63.240395307540894,156914
63.24131155014038,156914
63.2422297000885,156914
63.24314999580383,156914
63.244073152542114,156914
63.24542570114136,156914
63.24634027481079,156914
63.247259855270386,156914
63.248175621032715,156914
63.24909329414368,156914
63.25001072883606,156914
63.25136661529541,156914
63.25228500366211,156914
63.25320339202881,156914
63.254130840301514,156914
63.25504446029663,156914
63.25640320777893,156914
63.25732445716858,156914
63.25824475288391,156914
63.2591667175293,156914
63.26008629798889,156914
63.26144075393677,156914
63.26235556602478,156914
63.26327204704285,156914
63.2642023563385,156914
63.2651207447052,156914
63.266035079956055,156914
63.26738929748535,156914
63.268303871154785,156914
63.26922392845154,156914
63.270140171051025,156914
63.271055698394775,156914
63.27241325378418,156914
63.27333331108093,156914
63.27426242828369,156914
63.27518391609192,156914
63.27610445022583,156914
63.27701926231384,156914
63.2783739566803,156914
63.27929449081421,156914
63.280214071273804,156914
63.28112983703613,156914
63.28204345703125,156914
63.283401012420654,156914
63.28432846069336,156914
63.28524923324585,156914
63.286168336868286,156914
63.287086963653564,156914
63.28800320625305,156914
63.28936052322388,156914
63.29027986526489,156914
63.29119944572449,156914
63.29211616516113,156914
63.293031215667725,156914
63.29439663887024,156914
63.29531455039978,156914
63.29623103141785,156914
63.29715180397034,156914
63.2980694770813,156914
63.299423694610596,156914
63.30034065246582,156914
63.30126142501831,156914
63.30217885971069,156914
63.30309700965881,156914
63.304022789001465,156914
63.30537939071655,156914
63.30629587173462,156914
63.30721163749695,156914
63.3081316947937,156914
63.309046268463135,156914
63.31040406227112,156914
63.31132245063782,156914
63.31224250793457,156914
63.313161849975586,156914
63.314088106155396,156914
63.31500720977783,156914
63.31636118888855,156914
63.317281007766724,156914
63.31820011138916,156914
63.31912136077881,156914
63.32003569602966,156914
63.321391344070435,156914
63.32230591773987,156914
63.323222160339355,156914
63.324150800704956,156914
63.325064182281494,156914
63.32641792297363,156914
63.327335357666016,156914
63.3282573223114,156914
63.32917523384094,156914
63.33009672164917,156914
63.3310124874115,156914
63.33236742019653,156914
63.333285093307495,156914
63.33421611785889,156914
63.33513569831848,156914
63.33604955673218,156914
63.337406873703,156914
63.33832263946533,156914
63.339242458343506,156914
63.34015893936157,156914
63.34107780456543,156914
63.342430114746094,156914
63.34334969520569,156914
63.344277143478394,156914
63.345195055007935,156914
63.34611701965332,156914
63.347031354904175,156914
63.34838604927063,156914
63.349303245544434,156914
63.35022306442261,156914
63.35114002227783,156914
63.35206484794617,156914
63.353413820266724,156914
63.35434126853943,156914
63.35525918006897,156914
63.35617804527283,156914
63.35709738731384,156914
63.35801386833191,156914
63.35936617851257,156914
63.360286235809326,156914
63.361204385757446,156914
63.36212110519409,156914
63.36303949356079,156914
63.36440467834473,156914
63.365317821502686,156914
63.36623549461365,156914
63.36715316772461,156914
63.36807131767273,156914
63.36942934989929,156914
63.37034630775452,156914
63.37126564979553,156914
63.37218880653381,156914
63.37310767173767,156914
63.37403225898743,156914
63.37538933753967,156914
63.37630748748779,156914
63.377222776412964,156914
63.37814283370972,156914
63.379058837890625,156914
63.3804144859314,156914
63.381332874298096,156914
63.38225221633911,156914
63.383172273635864,156914
63.384101152420044,156914
63.38501834869385,156914
63.38637137413025,156914
63.38728976249695,156914
63.38820767402649,156914
63.38913178443909,156914
63.39004921913147,156914
63.391404151916504,156914
63.39232015609741,156914
63.39323902130127,156914
63.394169092178345,156914
63.395087003707886,156914
63.3960063457489,156914
63.397361040115356,156914
63.39828276634216,156914
63.399197816848755,156914
63.400115966796875,156914
63.401033878326416,156914
63.40239119529724,156914
63.40330696105957,156914
63.404237508773804,156914
63.40516114234924,156914
63.40607786178589,156914
63.40743350982666,156914
63.408348083496094,156914
63.40926694869995,156914
63.41018509864807,156914
63.41110372543335,156914
63.41202163696289,156914
63.413373947143555,156914
63.41430044174194,156914
63.41522192955017,156914
63.41614365577698,156914
63.41705584526062,156914
63.41841125488281,156914
63.419328927993774,156914
63.42024850845337,156914
63.42116451263428,156914
63.422080516815186,156914
63.42343735694885,156914
63.42436408996582,156914
63.42527651786804,156914
63.426196336746216,156914
63.427114963531494,156914
63.42803072929382,156914
63.42938804626465,156914
63.43030405044556,156914
63.43122172355652,156914
63.43213963508606,156914
63.43305802345276,156914
63.434425830841064,156914
63.435346841812134,156914
63.43626379966736,156914
63.43718504905701,156914
63.4381046295166,156914
63.43901872634888,156914
63.440370321273804,156914
63.44128894805908,156914
63.44220995903015,156914
63.443126916885376,156914
63.44405269622803,156914
63.4454071521759,156914
63.44632434844971,156914
63.4472393989563,156914
63.448158264160156,156914
63.44907307624817,156914
63.45042610168457,156914
63.451340198516846,156914
63.452258348464966,156914
63.453179359436035,156914
63.45410418510437,156914
63.45502495765686,156914
63.45637917518616,156914
63.4572958946228,156914
63.45821213722229,156914
63.45913028717041,156914
63.460044145584106,156914
63.461403608322144,156914
63.46231722831726,156914
63.4632351398468,156914
63.46416473388672,156914
63.46508240699768,156914
63.46643662452698,156914
63.4673535823822,156914
63.46827459335327,156914
63.46919322013855,156914
63.470117807388306,156914
63.47103238105774,156914
63.47238802909851,156914
63.47330451011658,156914
63.47423505783081,156914
63.47515392303467,156914
63.47606587409973,156914
63.47742033004761,156914
63.47833585739136,156914
63.479254961013794,156914
63.48017239570618,156914
63.481093406677246,156914
63.4820122718811,156914
63.48336338996887,156914
63.48429012298584,156914
63.485207080841064,156914
63.486125230789185,156914
63.48704552650452,156914
63.48839831352234,156914
63.489315032958984,156914
63.49023389816284,156914
63.49114680290222,156914
63.49206209182739,156914
63.49341821670532,156914
63.49434781074524,156914
63.49526405334473,156914
63.49618220329285,156914
63.497100830078125,156914
63.4980149269104,156914
63.499367237091064,156914
63.500285625457764,156914
63.501203536987305,156914
63.50212049484253,156914
63.50303840637207,156914
63.504406213760376,156914
63.50532150268555,156914
63.506240367889404,156914
63.50715970993042,156914
63.50807595252991,156914
63.50943183898926,156914
63.51034665107727,156914
63.51126432418823,156914
63.512184858322144,156914
63.513099908828735,156914
63.5140266418457,156914
63.51538324356079,156914
63.51629972457886,156914
63.517216205596924,156914
63.51813459396362,156914
63.51904797554016,156914
63.520408391952515,156914
63.52132177352905,156914
63.52224326133728,156914
63.52316498756409,156914
63.52409076690674,156914
63.525012254714966,156914
63.52636480331421,156914
63.52728199958801,156914
63.52820038795471,156914
63.5291166305542,156914
63.53003263473511,156914
63.53138542175293,156914
63.53230094909668,156914
63.53321933746338,156914
63.53414845466614,156914
63.53506398200989,156914
63.53641653060913,156914
63.5373330116272,156914
63.53824806213379,156914
63.53916907310486,156914
63.54008722305298,156914
63.5414400100708,156914
63.542354345321655,156914
63.54327321052551,156914
63.54420208930969,156914
63.545116662979126,156914
63.546032190322876,156914
63.54738807678223,156914
63.54830503463745,156914
63.549222469329834,156914
63.55014252662659,156914
63.55105972290039,156914
63.55241656303406,156914
63.55333185195923,156914
63.55425953865051,156914
63.5551815032959,156914
63.55610156059265,156914
63.55701541900635,156914
63.55836606025696,156914
63.559282541275024,156914
63.56020188331604,156914
63.561119079589844,156914
63.56203246116638,156914
63.563390493392944,156914
63.56431484222412,156914
63.56523370742798,156914
63.5661518573761,156914
63.56706762313843,156914
63.56800627708435,156914
63.56936502456665,156914
63.57028388977051,156914
63.57120656967163,156914
63.57212591171265,156914
63.57304358482361,156914
63.5744092464447,156914
63.5753276348114,156914
63.57624554634094,156914
63.57716631889343,156914
63.578081130981445,156914
63.579437494277954,156914
63.5803542137146,156914
63.58127498626709,156914
63.582194089889526,156914
63.583112478256226,156914
63.584038972854614,156914
63.585397243499756,156914
63.58631181716919,156914
63.587231159210205,156914
63.588155031204224,156914
63.5890736579895,156914
63.59043335914612,156914
63.59134888648987,156914
63.59226894378662,156914
63.59319281578064,156914
63.59412407875061,156914
63.5950403213501,156914
63.59639620780945,156914
63.59731364250183,156914
63.59823179244995,156914
63.599151372909546,156914
63.60006833076477,156914
63.60142278671265,156914
63.60234045982361,156914
63.60326337814331,156914
63.60419225692749,156914
63.60511016845703,156914
63.60602378845215,156914
63.6073842048645,156914
63.6083025932312,156914
63.60922145843506,156914
63.61014223098755,156914
63.61105990409851,156914
63.61241364479065,156914
63.61332702636719,156914
63.61425733566284,156914
63.61517643928528,156914
63.61609077453613,156914
63.61700630187988,156914
63.618356466293335,156914
63.619274377822876,156914
63.62018966674805,156914
63.621105909347534,156914
63.622021436691284,156914
63.62337040901184,156914
63.624295473098755,156914
63.62521457672119,156914
63.62613105773926,156914
63.627047300338745,156914
63.62840485572815,156914
63.629321575164795,156914
63.63024139404297,156914
63.63116121292114,156914
63.63207960128784,156914
63.6334342956543,156914
63.63435935974121,156914
63.63527512550354,156914
63.63619327545166,156914
63.637112855911255,156914
63.63802647590637,156914
63.63938093185425,156914
63.64030122756958,156914
63.64122438430786,156914
63.64214301109314,156914
63.643061876297,156914
63.64443063735962,156914
63.64535140991211,156914
63.6462676525116,156914
63.647189140319824,156914
63.64810585975647,156914
63.64902114868164,156914
63.650368213653564,156914
63.65128827095032,156914
63.65220832824707,156914
63.65312600135803,156914
63.654048681259155,156914
63.65540289878845,156914
63.65631985664368,156914
63.657235622406006,156914
63.65815544128418,156914
63.65907168388367,156914
63.660428047180176,156914
63.66134285926819,156914
63.662264347076416,156914
63.66318154335022,156914
63.66410970687866,156914
63.66502404212952,156914
63.66637921333313,156914
63.667293548583984,156914
63.66821002960205,156914
63.669129848480225,156914
63.67004632949829,156914
63.67140316963196,156914
63.67232012748718,156914
63.67324137687683,156914
63.67417001724243,156914
63.67508602142334,156914
63.6760036945343,156914
63.677356481552124,156914
63.678272008895874,156914
63.679190158843994,156914
63.68011021614075,156914
63.68102431297302,156914
63.682377338409424,156914
63.68329358100891,156914
63.68422031402588,156914
63.685142993927,156914
63.68605637550354,156914
63.687411069869995,156914
63.6883339881897,156914
63.6892511844635,156914
63.69016742706299,156914
63.69108581542969,156914
63.692442655563354,156914
63.69335889816284,156914
63.694283962249756,156914
63.695204734802246,156914
63.69612646102905,156914
63.697043657302856,156914
63.698397159576416,156914
63.6993145942688,156914
63.70023465156555,156914
63.70115256309509,156914
63.70206880569458,156914
63.703423738479614,156914
63.70434880256653,156914
63.70526480674744,156914
63.70618534088135,156914
63.70710492134094,156914
63.70802021026611,156914
63.70937657356262,156914
63.710294246673584,156914
63.711212158203125,156914
63.71213102340698,156914
63.71304941177368,156914
63.714415550231934,156914
63.71533226966858,156914
63.71625113487244,156914
63.71717143058777,156914
63.71810817718506,156914
63.719027519226074,156914
63.72038197517395,156914
63.721298694610596,156914
63.72221827507019,156914
63.723137617111206,156914
63.724063873291016,156914
63.72542142868042,156914
63.72633600234985,156914
63.72725510597229,156914
63.728177309036255,156914
63.72909092903137,156914
63.73001503944397,156914
63.73136830329895,156914
63.73228716850281,156914
63.73320555686951,156914
63.73413372039795,156914
63.73505139350891,156914
63.73640513420105,156914
63.7373251914978,156914
63.73824167251587,156914
63.73916292190552,156914
63.7400803565979,156914
63.74143433570862,156914
63.74235129356384,156914
63.74327278137207,156914
63.74420237541199,156914
63.745118379592896,156914
63.74603319168091,156914
63.74739408493042,156914
63.748311281204224,156914
63.749229431152344,156914
63.75014853477478,156914
63.75106239318848,156914
63.75241541862488,156914
63.75333333015442,156914
63.75426268577576,156914
63.75518178939819,156914
63.75609827041626,156914
63.757014989852905,156914
63.758368492126465,156914
63.75928807258606,156914
63.76020264625549,156914
63.76112174987793,156914
63.76203799247742,156914
63.763391733169556,156914
63.76431894302368,156914
63.765238761901855,156914
63.766159772872925,156914
63.76707410812378,156914
63.76842784881592,156914
63.76934552192688,156914
63.770265340805054,156914
63.77117896080017,156914
63.772098541259766,156914
63.77301287651062,156914
63.774375200271606,156914
63.77529335021973,156914
63.776211977005005,156914
63.77712893486023,156914
63.77803993225098,156914
63.77939414978027,156914
63.78031134605408,156914
63.78122806549072,156914
63.782148361206055,156914
63.78306436538696,156914
63.78443241119385,156914
63.785348415374756,156914
63.786267042160034,156914
63.78718376159668,156914
63.788106203079224,156914
63.7890202999115,156914
63.790374517440796,156914
63.7912917137146,156914
63.79221224784851,156914
63.793132305145264,156914
63.79405999183655,156914
63.795416593551636,156914
63.79633378982544,156914
63.79724979400635,156914
63.79817032814026,156914
63.799086570739746,156914
63.800437927246094,156914
63.80135369300842,156914
63.802273750305176,156914
63.803192138671875,156914
63.804121017456055,156914
63.805039167404175,156914
63.80639386177063,156914
63.80730891227722,156914
63.80822682380676,156914
63.80914831161499,156914
63.8100643157959,156914
63.811418771743774,156914
63.812336444854736,156914
63.81326174736023,156914
63.81419229507446,156914
63.81511044502258,156914
63.81602954864502,156914
63.817387342453,156914
63.818302154541016,156914
63.819220304489136,156914
63.82013964653015,156914
63.821059703826904,156914
63.822415828704834,156914
63.82333159446716,156914
63.824259519577026,156914
63.825181007385254,156914
63.82610106468201,156914
63.82701897621155,156914
63.828375577926636,156914
63.82929539680481,156914
63.83021283149719,156914
63.83113193511963,156914
63.83204936981201,156914
63.83340549468994,156914
63.83433175086975,156914
63.83525228500366,156914
63.83617353439331,156914
63.837093353271484,156914
63.838011264801025,156914
63.839364767074585,156914
63.840280532836914,156914
63.84120059013367,156914
63.842121839523315,156914
63.84303665161133,156914
63.84440231323242,156914
63.84531807899475,156914
63.84623622894287,156914
63.84715485572815,156914
63.84807252883911,156914
63.84942674636841,156914
63.85034394264221,156914
63.85126495361328,156914
63.852182149887085,156914
63.85309958457947,156914
63.85402989387512,156914
63.8553900718689,156914
63.85631442070007,156914
63.85723304748535,156914
63.858149766922,156914
63.8590669631958,156914
63.86042499542236,156914
63.861347913742065,156914
63.862268686294556,156914
63.86318588256836,156914
63.864118814468384,156914
63.86503505706787,156914
63.86639142036438,156914
63.86730670928955,156914
63.86823129653931,156914
63.86915111541748,156914
63.87006688117981,156914
63.871424198150635,156914
63.872342348098755,156914
63.87326264381409,156914
63.874192237854004,156914
63.87511157989502,156914
63.87602663040161,156914
63.87738347053528,156914
63.87830114364624,156914
63.87922263145447,156914
63.880141735076904,156914
63.88105797767639,156914
63.88241505622864,156914
63.88333249092102,156914
63.88426113128662,156914
63.885180950164795,156914
63.88610100746155,156914
63.88701939582825,156914
63.88837218284607,156914
63.889288902282715,156914
63.89021158218384,156914
63.89113259315491,156914
63.89205050468445,156914
63.89340853691101,156914
63.89433979988098,156914
63.895259141922,156914
63.896178245544434,156914
63.897098541259766,156914
63.89801621437073,156914
63.89937162399292,156914
63.900291204452515,156914
63.901209354400635,156914
63.902127265930176,156914
63.90304207801819,156914
63.90441274642944,156914
63.90532922744751,156914
63.90625023841858,156914
63.907167196273804,156914
63.90808153152466,156914
63.90943741798401,156914
63.910353660583496,156914
63.91127300262451,156914
63.912193059921265,156914
63.91311287879944,156914
63.91403317451477,156914
63.915390968322754,156914
63.91630816459656,156914
63.91722583770752,156914
63.91814589500427,156914
63.919063091278076,156914
63.92041778564453,156914
63.921334743499756,156914
63.92225480079651,156914
63.92317509651184,156914
63.92410230636597,156914
63.925015449523926,156914
63.92637085914612,156914
63.9272882938385,156914
63.92820501327515,156914
63.92912435531616,156914
63.93004083633423,156914
63.93139839172363,156914
63.93231654167175,156914
63.93323493003845,156914
63.93416500091553,156914
63.93508315086365,156914
63.936442136764526,156914
63.93736004829407,156914
63.938279151916504,156914
63.939199924468994,156914
63.940118074417114,156914
63.941033601760864,156914
63.94238519668579,156914
63.943302154541016,156914
63.94423270225525,156914
63.94515609741211,156914
63.94607353210449,156914
63.94743013381958,156914
63.948346853256226,156914
63.949265480041504,156914
63.950186014175415,156914
63.95110535621643,156914
63.952017307281494,156914
63.953370332717896,156914
63.954299211502075,156914
63.95522141456604,156914
63.9561448097229,156914
63.95706343650818,156914
63.958417654037476,156914
63.95933246612549,156914
63.960257053375244,156914
63.96117687225342,156914
63.96209478378296,156914
63.963016510009766,156914
63.96437907218933,156914
63.965296506881714,156914
63.96621608734131,156914
63.96713662147522,156914
63.96805453300476,156914
63.969412088394165,156914
63.97032952308655,156914
63.97124886512756,156914
63.972166299819946,156914
63.973082542419434,156914
63.97401309013367,156914
63.97536849975586,156914
63.97628831863403,156914
63.97720646858215,156914
63.97812819480896,156914
63.97904706001282,156914
63.98040556907654,156914
63.98132300376892,156914
63.982242584228516,156914
63.983163595199585,156914
63.98408818244934,156914
63.98500633239746,156914
63.98636341094971,156914
63.9872829914093,156914
63.98820447921753,156914
63.98912525177002,156914
63.99004101753235,156914
63.99139761924744,156914
63.992313623428345,156914
63.99323749542236,156914
63.994168519973755,156914
63.995084047317505,156914
63.99600386619568,156914
63.99736261367798,156914
63.998284339904785,156914
63.99920415878296,156914
64.00012540817261,156914
64.00104331970215,156914
64.00239992141724,156914
64.00331568717957,156914
64.00424718856812,156914
64.00516605377197,156914
64.00608253479004,156914
64.00743865966797,156914
64.00835394859314,156914
64.00927257537842,156914
64.01019215583801,156914
64.01111268997192,156914
64.01202988624573,156914
64.01338195800781,156914
64.01430749893188,156914
64.01522827148438,156914
64.01614785194397,156914
64.01706600189209,156914
64.01842403411865,156914
64.01934051513672,156914
64.020259141922,156914
64.02117443084717,156914
64.02209377288818,156914
64.02301120758057,156914
64.0243821144104,156914
64.0253005027771,156914
64.02622413635254,156914
64.02714490890503,156914
64.02806305885315,156914
64.02941846847534,156914
64.03033804893494,156914
64.03125810623169,156914
64.03217649459839,156914
64.03309750556946,156914
64.03402304649353,156914
64.03538203239441,156914
64.0362982749939,156914
64.03722023963928,156914
64.03813934326172,156914
64.03905534744263,156914
64.04041743278503,156914
64.0413384437561,156914
64.04225945472717,156914
64.0431797504425,156914
64.04410982131958,156914
64.04502534866333,156914
64.04638433456421,156914
64.04730105400085,156914
64.04822611808777,156914
64.04914975166321,156914
64.05006384849548,156914
64.05142259597778,156914
64.05234384536743,156914
64.05326271057129,156914
64.05419254302979,156914
64.05511116981506,156914
64.05602931976318,156914
64.05738353729248,156914
64.05829930305481,156914
64.05922102928162,156914
64.06014251708984,156914
64.06105756759644,156914
64.06241655349731,156914
64.06333589553833,156914
64.06426763534546,156914
64.06518983840942,156914
64.06610774993896,156914
64.06702542304993,156914
64.06838011741638,156914
64.06929683685303,156914
64.07021903991699,156914
64.07113933563232,156914
64.07205486297607,156914
64.07341432571411,156914
64.07434105873108,156914
64.07526063919067,156914
64.07617807388306,156914
64.07709860801697,156914
64.07801723480225,156914
64.07937002182007,156914
64.08028507232666,156914
64.08120441436768,156914
64.08212447166443,156914
64.08304286003113,156914
64.08441066741943,156914
64.08532786369324,156914
64.08624625205994,156914
64.08716320991516,156914
64.0880777835846,156914
64.08943319320679,156914
64.09034657478333,156914
64.09126424789429,156914
64.09218549728394,156914
64.09310507774353,156914
64.09402894973755,156914
64.09538912773132,156914
64.09630751609802,156914
64.09722805023193,156914
64.09814643859863,156914
64.09906530380249,156914
64.10042214393616,156914
64.1013400554657,156914
64.10226106643677,156914
64.10317969322205,156914
64.10410857200623,156914
64.10502123832703,156914
64.10637617111206,156914
64.1072986125946,156914
64.1082193851471,156914
64.10914087295532,156914
64.11005997657776,156914
64.11142063140869,156914
64.11234164237976,156914
64.11326098442078,156914
64.11419010162354,156914
64.11511087417603,156914
64.11602687835693,156914
64.11738324165344,156914
64.11830472946167,156914
64.11922526359558,156914
64.12014269828796,156914
64.1210618019104,156914
64.12241911888123,156914
64.1233389377594,156914
64.12426924705505,156914
64.12518906593323,156914
64.1261076927185,156914
64.12702441215515,156914
64.12837886810303,156914
64.12929916381836,156914
64.13021802902222,156914
64.13113355636597,156914
64.13205099105835,156914
64.13340640068054,156914
64.13433504104614,156914
64.13525056838989,156914
64.13616824150085,156914
64.1370837688446,156914
64.13843655586243,156914
64.13935542106628,156914
64.14027309417725,156914
64.14119482040405,156914
64.1421127319336,156914
64.1430299282074,156914
64.14439463615417,156914
64.14531326293945,156914
64.14623355865479,156914
64.14715576171875,156914
64.14807152748108,156914
64.1494312286377,156914
64.15034890174866,156914
64.15126538276672,156914
64.15218615531921,156914
64.15310335159302,156914
64.15402722358704,156914
64.1553852558136,156914
64.15630340576172,156914
64.157222032547,156914
64.1581404209137,156914
64.15905618667603,156914
64.16040921211243,156914
64.16132235527039,156914
64.1622428894043,156914
64.16315984725952,156914
64.16408562660217,156914
64.1650037765503,156914
64.16635918617249,156914
64.16727614402771,156914
64.16819524765015,156914
64.16911602020264,156914
64.17003321647644,156914
64.17139172554016,156914
64.1723039150238,156914
64.17322301864624,156914
64.174156665802,156914
64.17507195472717,156914
64.17642879486084,156914
64.17734122276306,156914
64.17825818061829,156914
64.17917609214783,156914
64.18009662628174,156914
64.18101072311401,156914
64.18236303329468,156914
64.18327832221985,156914
64.18420791625977,156914
64.18512678146362,156914
64.18604183197021,156914
64.18740034103394,156914
64.18831825256348,156914
64.18923687934875,156914
64.19015312194824,156914
64.19106817245483,156914
64.19243288040161,156914
64.19334983825684,156914
64.19427800178528,156914
64.1951973438263,156914
64.19611692428589,156914
64.19703507423401,156914
64.19839239120483,156914
64.19930672645569,156914
64.20022583007812,156914
64.20114374160767,156914
64.20206046104431,156914
64.20341658592224,156914
64.20434308052063,156914
64.20525979995728,156914
64.20617866516113,156914
64.20709705352783,156914
64.20801210403442,156914
64.2093653678894,156914
64.21028327941895,156914
64.21120142936707,156914
64.2121171951294,156914
64.21303462982178,156914
64.21439981460571,156914
64.21531581878662,156914
64.21623158454895,156914
64.21715044975281,156914
64.21806454658508,156914
64.21942138671875,156914
64.22034025192261,156914
64.22125887870789,156914
64.22217845916748,156914
64.22309637069702,156914
64.22402286529541,156914
64.22538185119629,156914
64.22630190849304,156914
64.22722268104553,156914
64.22813940048218,156914
64.2290563583374,156914
64.23041415214539,156914
64.23132872581482,156914
64.23224782943726,156914
64.23316740989685,156914
64.23409247398376,156914
64.23501110076904,156914
64.23636436462402,156914
64.23728585243225,156914
64.23820495605469,156914
64.23912692070007,156914
64.24004197120667,156914
64.24139499664307,156914
64.24231243133545,156914
64.24323344230652,156914
64.2441668510437,156914
64.24508285522461,156914
64.24643540382385,156914
64.24735379219055,156914
64.24827480316162,156914
64.24919295310974,156914
64.25011277198792,156914
64.2510302066803,156914
64.25238966941833,156914
64.25330805778503,156914
64.25424337387085,156914
64.25516319274902,156914
64.25607991218567,156914
64.25743627548218,156914
64.25835394859314,156914
64.25927400588989,156914
64.26019239425659,156914
64.26111221313477,156914
64.26202845573425,156914
64.26338076591492,156914
64.26430916786194,156914
64.26522827148438,156914
64.26614809036255,156914
64.26706218719482,156914
64.26841855049133,156914
64.26933813095093,156914
64.27025938034058,156914
64.27117919921875,156914
64.2720992565155,156914
64.27301502227783,156914
64.27437472343445,156914
64.27529311180115,156914
64.27621173858643,156914
64.2771315574646,156914
64.2780454158783,156914
64.2794029712677,156914
64.28032922744751,156914
64.28124737739563,156914
64.28216862678528,156914
64.28308725357056,156914
64.28401446342468,156914
64.28537011146545,156914
64.286288022995,156914
64.28720712661743,156914
64.28812766075134,156914
64.28904294967651,156914
64.29039883613586,156914
64.29131650924683,156914
64.29223799705505,156914
64.29315662384033,156914
64.29408192634583,156914
64.29543662071228,156914
64.29635500907898,156914
64.29727172851562,156914
64.29819107055664,156914
64.29911375045776,156914
64.30003428459167,156914
64.30139231681824,156914
64.30231094360352,156914
64.30322980880737,156914
64.30415916442871,156914
64.30507802963257,156914
64.30643367767334,156914
64.30735325813293,156914
64.30827140808105,156914
64.30919194221497,156914
64.31011176109314,156914
64.31102585792542,156914
64.31238627433777,156914
64.31353616714478,156914
64.31404089927673,156914
64.3154022693634,156914
64.3163206577301,156914
64.31723976135254,156914
64.31815814971924,156914
64.31907653808594,156914
64.32043504714966,156914
64.32135605812073,156914
64.32227110862732,156914
64.32319235801697,156914
64.32412075996399,156914
64.3250367641449,156914
64.32639145851135,156914
64.32731008529663,156914
64.32822847366333,156914
64.32914566993713,156914
64.33006381988525,156914
64.33142256736755,156914
64.33233976364136,156914
64.33325934410095,156914
64.33419275283813,156914
64.33511328697205,156914
64.33602786064148,156914
64.33738565444946,156914
64.338303565979,156914
64.3392219543457,156914
64.3401415348053,156914
64.3410587310791,156914
64.34241223335266,156914
64.34333205223083,156914
64.34426045417786,156914
64.3451783657074,156914
64.3460943698883,156914
64.3470094203949,156914
64.34836196899414,156914
64.34928107261658,156914
64.35019969940186,156914
64.35111570358276,156914
64.35202956199646,156914
64.3533787727356,156914
64.35430788993835,156914
64.35522508621216,156914
64.35614562034607,156914
64.35706233978271,156914
64.35841917991638,156914
64.3593339920044,156914
64.36025857925415,156914
64.36117839813232,156914
64.36209917068481,156914
64.36301326751709,156914
64.36437463760376,156914
64.36529541015625,156914
64.36621308326721,156914
64.3671350479126,156914
64.36804962158203,156914
64.3694076538086,156914
64.3703260421753,156914
64.37124490737915,156914
64.37216138839722,156914
64.37307286262512,156914
64.37443661689758,156914
64.3753547668457,156914
64.37627410888672,156914
64.37719178199768,156914
64.37811017036438,156914
64.37902355194092,156914
64.38037705421448,156914
64.3812928199768,156914
64.38221073150635,156914
64.38312935829163,156914
64.38405084609985,156914
64.38540720939636,156914
64.38632249832153,156914
64.38723850250244,156914
64.38815474510193,156914
64.38906693458557,156914
64.39042401313782,156914
64.39134216308594,156914
64.3922598361969,156914
64.39317798614502,156914
64.39410781860352,156914
64.39502096176147,156914
64.39637660980225,156914
64.39729523658752,156914
64.39821600914001,156914
64.3991289138794,156914
64.40004920959473,156914
64.40140318870544,156914
64.40232014656067,156914
64.4032347202301,156914
64.40416312217712,156914
64.4050805568695,156914
64.40643620491028,156914
64.40735054016113,156914
64.40826630592346,156914
64.409184217453,156914
64.41010093688965,156914
64.41101741790771,156914
64.41236734390259,156914
64.41328954696655,156914
64.41421890258789,156914
64.41513895988464,156914
64.4160566329956,156914
64.41741561889648,156914
64.41833066940308,156914
64.41925168037415,156914
64.42017102241516,156914
64.42108607292175,156914
64.42200565338135,156914
64.42335939407349,156914
64.4242889881134,156914
64.42520689964294,156914
64.42612743377686,156914
64.42704606056213,156914
64.42840123176575,156914
64.42931604385376,156914
64.43023991584778,156914
64.43115997314453,156914
64.43207693099976,156914
64.43343329429626,156914
64.43436098098755,156914
64.4352798461914,156914
64.43619775772095,156914
64.43711757659912,156914
64.43803310394287,156914
64.43938302993774,156914
64.4402985572815,156914
64.44121503829956,156914
64.44213199615479,156914
64.44304513931274,156914
64.44441103935242,156914
64.44532942771912,156914
64.44624757766724,156914
64.44716191291809,156914
64.44808006286621,156914
64.44943404197693,156914
64.45035028457642,156914
64.45126605033875,156914
64.45218634605408,156914
64.45310616493225,156914
64.45403051376343,156914
64.45539021492004,156914
64.45630764961243,156914
64.45722651481628,156914
64.45814609527588,156914
64.459064245224,156914
64.46042132377625,156914
64.4613389968872,156914
64.4622573852539,156914
64.46318006515503,156914
64.46410822868347,156914
64.46502351760864,156914
64.4663758277893,156914
64.46729373931885,156914
64.46821188926697,156914
64.46912884712219,156914
64.47004580497742,156914
64.4714002609253,156914
64.47231769561768,156914
64.47323656082153,156914
64.47416520118713,156914
64.47508382797241,156914
64.47643542289734,156914
64.47735047340393,156914
64.47826886177063,156914
64.47918820381165,156914
64.4801070690155,156914
64.48102331161499,156914
64.48237442970276,156914
64.4832923412323,156914
64.48421955108643,156914
64.48513865470886,156914
64.4860520362854,156914
64.48740458488464,156914
64.48831963539124,156914
64.48924016952515,156914
64.49015641212463,156914
64.49107360839844,156914
64.49243259429932,156914
64.49335217475891,156914
64.49428009986877,156914
64.495201587677,156914
64.49612188339233,156914
64.49703669548035,156914
64.4983925819397,156914
64.4993085861206,156914
64.50023078918457,156914
64.50115156173706,156914
64.50206661224365,156914
64.5034191608429,156914
64.50434565544128,156914
64.50526237487793,156914
64.50618100166321,156914
64.50710105895996,156914
64.50801825523376,156914
64.50937461853027,156914
64.51029634475708,156914
64.51122331619263,156914
64.51213955879211,156914
64.51305413246155,156914
64.51441931724548,156914
64.51533842086792,156914
64.51625490188599,156914
64.51717233657837,156914
64.5180892944336,156914
64.5190064907074,156914
64.5203583240509,156914
64.52127504348755,156914
64.52219343185425,156914
64.52311182022095,156914
64.52403473854065,156914
64.52539372444153,156914
64.52630949020386,156914
64.52722787857056,156914
64.52815437316895,156914
64.52907252311707,156914
64.53042769432068,156914
64.53134679794312,156914
64.5322630405426,156914
64.5331826210022,156914
64.53411221504211,156914
64.53502583503723,156914
64.53638648986816,156914
64.53730511665344,156914
64.53822326660156,156914
64.539142370224,156914
64.54006052017212,156914
64.54141545295715,156914
64.54233479499817,156914
64.54325342178345,156914
64.54418516159058,156914
64.54510283470154,156914
64.54601716995239,156914
64.54736995697021,156914
64.54828763008118,156914
64.54920601844788,156914
64.55012607574463,156914
64.55104351043701,156914
64.55239748954773,156914
64.55331540107727,156914
64.55424308776855,156914
64.55516338348389,156914
64.55607962608337,156914
64.55743217468262,156914
64.558349609375,156914
64.55926656723022,156914
64.56018733978271,156914
64.561105966568,156914
64.56202363967896,156914
64.56337451934814,156914
64.56430006027222,156914
64.56521582603455,156914
64.56613445281982,156914
64.56705045700073,156914
64.56840467453003,156914
64.56931781768799,156914
64.5702612400055,156914
64.57118129730225,156914
64.57209730148315,156914
64.57301449775696,156914
64.57438158988953,156914
64.57530093193054,156914
64.57621884346008,156914
64.57713842391968,156914
64.57805562019348,156914
64.57940649986267,156914
64.58032441139221,156914
64.58124494552612,156914
64.58216285705566,156914
64.58307933807373,156914
64.58400821685791,156914
64.58535981178284,156914
64.5862808227539,156914
64.58719754219055,156914
64.58811807632446,156914
64.58903527259827,156914
64.59039258956909,156914
64.59130954742432,156914
64.59223318099976,156914
64.59315228462219,156914
64.59408068656921,156914
64.59543681144714,156914
64.59635663032532,156914
64.59727478027344,156914
64.5981924533844,156914
64.59911298751831,156914
64.6000325679779,156914
64.6013855934143,156914
64.60230016708374,156914
64.60322046279907,156914
64.6041510105133,156914
64.60506749153137,156914
64.60642123222351,156914
64.60733795166016,156914
64.60825800895691,156914
64.60917544364929,156914
64.61009573936462,156914
64.61101388931274,156914
64.61237263679504,156914
64.61328935623169,156914
64.61422181129456,156914
64.61513924598694,156914
64.61605262756348,156914
64.61740803718567,156914
64.61832761764526,156914
64.6192455291748,156914
64.62016201019287,156914
64.6210789680481,156914
64.62243509292603,156914
64.62335300445557,156914
64.62428212165833,156914
64.62520360946655,156914
64.6261236667633,156914
64.62704014778137,156914
64.6283974647522,156914
64.62931251525879,156914
64.63023281097412,156914
64.6311514377594,156914
64.63207221031189,156914
64.6334228515625,156914
64.63434839248657,156914
64.63526678085327,156914
64.63618803024292,156914
64.63710355758667,156914
64.6380181312561,156914
64.6393711566925,156914
64.64029240608215,156914
64.64121055603027,156914
64.64213013648987,156914
64.64304947853088,156914
64.64441108703613,156914
64.6453275680542,156914
64.646244764328,156914
64.64716458320618,156914
64.6480803489685,156914
64.64943861961365,156914
64.65035676956177,156914
64.65127730369568,156914
64.65219640731812,156914
64.65311408042908,156914
64.65404033660889,156914
64.65540075302124,156914
64.65631818771362,156914
64.65723466873169,156914
64.6581518650055,156914
64.6590666770935,156914
64.66042494773865,156914
64.66133952140808,156914
64.6622622013092,156914
64.6631805896759,156914
64.6641092300415,156914
64.66502904891968,156914
64.66638255119324,156914
64.66729998588562,156914
64.66821765899658,156914
64.66914224624634,156914
64.67005801200867,156914
64.67141270637512,156914
64.6723313331604,156914
64.67325115203857,156914
64.67417979240417,156914
64.67509841918945,156914
64.6760184764862,156914
64.67737126350403,156914
64.67829084396362,156914
64.67920994758606,156914
64.68012881278992,156914
64.68104386329651,156914
64.68240118026733,156914
64.68331837654114,156914
64.68425035476685,156914
64.68517303466797,156914
64.68609309196472,156914
64.68701171875,156914
64.68836450576782,156914
64.68928694725037,156914
64.69020557403564,156914
64.69112491607666,156914
64.69203782081604,156914
64.69339227676392,156914
64.69431781768799,156914
64.69523739814758,156914
64.69616723060608,156914
64.69708156585693,156914
64.69843482971191,156914
64.69935131072998,156914
64.70026707649231,156914
64.70118451118469,156914
64.70210242271423,156914
64.70301818847656,156914
64.70438814163208,156914
64.70530319213867,156914
64.7062201499939,156914
64.70713877677917,156914
64.70805740356445,156914
64.70941352844238,156914
64.71033096313477,156914
64.71125149726868,156914
64.71217203140259,156914
64.71309185028076,156914
64.7140166759491,156914
64.7153708934784,156914
64.71628665924072,156914
64.71720433235168,156914
64.71814465522766,156914
64.71906232833862,156914
64.72041964530945,156914
64.72133946418762,156914
64.7222592830658,156914
64.72317624092102,156914
64.72410488128662,156914
64.72502017021179,156914
64.72637176513672,156914
64.72729063034058,156914
64.72821140289307,156914
64.72913074493408,156914
64.73005771636963,156914
64.73141598701477,156914
64.73233199119568,156914
64.73324990272522,156914
64.73417854309082,156914
64.73509573936462,156914
64.73601031303406,156914
64.73736572265625,156914
64.73828220367432,156914
64.7392041683197,156914
64.74011945724487,156914
64.74103546142578,156914
64.74238801002502,156914
64.74330544471741,156914
64.74423670768738,156914
64.74515843391418,156914
64.74607396125793,156914
64.74743056297302,156914
64.74834561347961,156914
64.74926257133484,156914
64.75018286705017,156914
64.75110125541687,156914
64.75201606750488,156914
64.75337290763855,156914
64.75430011749268,156914
64.75522065162659,156914
64.75614047050476,156914
64.75706124305725,156914
64.7584137916565,156914
64.7593297958374,156914
64.76024532318115,156914
64.76116490364075,156914
64.76208066940308,156914
64.7634334564209,156914
64.76435875892639,156914
64.76527523994446,156914
64.76619243621826,156914
64.76710748672485,156914
64.7680253982544,156914
64.76937699317932,156914
64.77029585838318,156914
64.77121162414551,156914
64.7721335887909,156914
64.77304530143738,156914
64.77441501617432,156914
64.77533197402954,156914
64.77625131607056,156914
64.7771692276001,156914
64.77808594703674,156914
64.77943968772888,156914
64.7803566455841,156914
64.78127098083496,156914
64.78218793869019,156914
64.78310465812683,156914
64.78402948379517,156914
64.78538298606873,156914
64.78629612922668,156914
64.7872154712677,156914
64.7881350517273,156914
64.78904843330383,156914
64.79040336608887,156914
64.79131889343262,156914
64.79223465919495,156914
64.79315233230591,156914
64.79407954216003,156914
64.79542851448059,156914
64.79634523391724,156914
64.79726314544678,156914
64.79818749427795,156914
64.79910278320312,156914
64.80001759529114,156914
64.8013744354248,156914
64.80229187011719,156914
64.80320763587952,156914
64.80413508415222,156914
64.80505108833313,156914
64.80640292167664,156914
64.8073194026947,156914
64.8082365989685,156914
64.80915832519531,156914
64.81007099151611,156914
64.81142449378967,156914
64.81234097480774,156914
64.81326031684875,156914
64.81419038772583,156914
64.81510877609253,156914
64.81602501869202,156914
64.81737923622131,156914
64.81829857826233,156914
64.81921792030334,156914
64.82013750076294,156914
64.8210563659668,156914
64.82241320610046,156914
64.82332801818848,156914
64.82425880432129,156914
64.82517790794373,156914
64.82609128952026,156914
64.82700657844543,156914
64.82835912704468,156914
64.82927942276001,156914
64.83019876480103,156914
64.83111500740051,156914
64.83203291893005,156914
64.83338665962219,156914
64.83431196212769,156914
64.83523058891296,156914
64.83615303039551,156914
64.83706855773926,156914
64.83842277526855,156914
64.83934307098389,156914
64.84025883674622,156914
64.8411762714386,156914
64.84209609031677,156914
64.84301161766052,156914
64.84437656402588,156914
64.84529376029968,156914
64.84621620178223,156914
64.84713435173035,156914
64.84805011749268,156914
64.84941029548645,156914
64.85032725334167,156914
64.85124564170837,156914
64.8521614074707,156914
64.85307550430298,156914
64.85444140434265,156914
64.85536122322083,156914
64.85627937316895,156914
64.85719752311707,156914
64.85811614990234,156914
64.85903096199036,156914
64.86038827896118,156914
64.86130738258362,156914
64.86222648620605,156914
64.86314392089844,156914
64.86407709121704,156914
64.86543393135071,156914
64.86634969711304,156914
64.86726713180542,156914
64.8681869506836,156914
64.86910629272461,156914
64.87002229690552,156914
64.8713800907135,156914
64.87229800224304,156914
64.87321662902832,156914
64.87414312362671,156914
64.87505650520325,156914
64.87641143798828,156914
64.87733054161072,156914
64.87824940681458,156914
64.87917137145996,156914
64.88009214401245,156914
64.88100910186768,156914
64.88236689567566,156914
64.88328814506531,156914
64.8842203617096,156914
64.88514161109924,156914
64.88605880737305,156914
64.8874158859253,156914
64.88833379745483,156914
64.8892502784729,156914
64.89017033576965,156914
64.89108729362488,156914
64.8920042514801,156914
64.89335775375366,156914
64.89429020881653,156914
64.89521026611328,156914
64.89612817764282,156914
64.8970468044281,156914
64.8984055519104,156914
64.89932227134705,156914
64.90024042129517,156914
64.90116024017334,156914
64.90207743644714,156914
64.90343570709229,156914
64.90436100959778,156914
64.90528011322021,156914
64.90619850158691,156914
64.90711760520935,156914
64.90803384780884,156914
64.90939021110535,156914
64.9103090763092,156914
64.91122460365295,156914
64.91214442253113,156914
64.91305828094482,156914
64.91442394256592,156914
64.91534042358398,156914
64.91625952720642,156914
64.91717863082886,156914
64.91809368133545,156914
64.91901302337646,156914
64.92036628723145,156914
64.92128610610962,156914
64.92220187187195,156914
64.92312407493591,156914
64.92404556274414,156914
64.92540836334229,156914
64.92631936073303,156914
64.92724013328552,156914
64.9281599521637,156914
64.92907691001892,156914
64.93043422698975,156914
64.93135285377502,156914
64.93227100372314,156914
64.93319272994995,156914
64.93412661552429,156914
64.93504428863525,156914
64.93639922142029,156914
64.93731355667114,156914
64.93823146820068,156914
64.9391520023346,156914
64.94006657600403,156914
64.9414176940918,156914
64.94233822822571,156914
64.94325542449951,156914
64.94418525695801,156914
64.94510293006897,156914
64.94601631164551,156914
64.94736909866333,156914
64.94828677177429,156914
64.94921040534973,156914
64.95013046264648,156914
64.95104646682739,156914
64.9524028301239,156914
64.95332288742065,156914
64.95425152778625,156914
64.95516991615295,156914
64.95608830451965,156914
64.9570062160492,156914
64.9583625793457,156914
64.95927953720093,156914
64.9601993560791,156914
64.96111941337585,156914
64.96203255653381,156914
64.96338987350464,156914
64.96431684494019,156914
64.96523714065552,156914
64.96615743637085,156914
64.9670741558075,156914
64.96842741966248,156914
64.96934509277344,156914
64.97026348114014,156914
64.97118377685547,156914
64.97210192680359,156914
64.9730167388916,156914
64.97438073158264,156914
64.9752995967865,156914
64.97622108459473,156914
64.97713971138,156914
64.97805643081665,156914
64.97941470146179,156914
64.9803318977356,156914
64.98125076293945,156914
64.98217058181763,156914
64.98308753967285,156914
64.98401236534119,156914
64.98536467552185,156914
64.98628211021423,156914
64.98720002174377,156914
64.98811745643616,156914
64.98903346061707,156914
64.99038767814636,156914
64.99130845069885,156914
64.99222564697266,156914
64.99314570426941,156914
64.9940710067749,156914
64.99542617797852,156914
64.99634027481079,156914
64.99726152420044,156914
64.99817872047424,156914
64.99909448623657,156914
65.00001192092896,156914
65.00136518478394,156914
65.00228381156921,156914
65.00320029258728,156914
65.00412917137146,156914
65.00504565238953,156914
65.00640439987183,156914
65.00732183456421,156914
65.00824069976807,156914
65.00915813446045,156914
65.01007461547852,156914
65.01143002510071,156914
65.0123462677002,156914
65.01326441764832,156914
65.01419281959534,156914
65.01511311531067,156914
65.01602745056152,156914
65.0173819065094,156914
65.01829791069031,156914
65.01921653747559,156914
65.0201325416565,156914
65.02104878425598,156914
65.02240538597107,156914
65.02332854270935,156914
65.02425789833069,156914
65.02517700195312,156914
65.02609658241272,156914
65.02701258659363,156914
65.02836799621582,156914
65.02928471565247,156914
65.03020572662354,156914
65.03112554550171,156914
65.0320451259613,156914
65.03340363502502,156914
65.03433132171631,156914
65.03524827957153,156914
65.03617000579834,156914
65.03709053993225,156914
65.03800868988037,156914
65.03936433792114,156914
65.0402843952179,156914
65.04120445251465,156914
65.04212689399719,156914
65.04304099082947,156914
65.04440546035767,156914
65.04532408714294,156914
65.04624056816101,156914
65.04715871810913,156914
65.04807639122009,156914
65.04942846298218,156914
65.05034613609314,156914
65.05126476287842,156914
65.05218505859375,156914
65.05310535430908,156914
65.05402827262878,156914
65.05538511276245,156914
65.05630135536194,156914
65.05722117424011,156914
65.05814480781555,156914
65.0590648651123,156914
65.06042265892029,156914
65.06134343147278,156914
65.06226348876953,156914
65.06318354606628,156914
65.0641119480133,156914
65.06502771377563,156914
65.06638503074646,156914
65.06730127334595,156914
65.06822347640991,156914
65.06914019584656,156914
65.07006096839905,156914
65.07141828536987,156914
65.07234025001526,156914
65.0732581615448,156914
65.07419109344482,156914
65.07510876655579,156914
65.07602572441101,156914
65.07737708091736,156914
65.07829785346985,156914
65.07921743392944,156914
65.08013892173767,156914
65.08105826377869,156914
65.08241629600525,156914
65.08333683013916,156914
65.08426642417908,156914
65.08518981933594,156914
65.08610725402832,156914
65.0870246887207,156914
65.08837819099426,156914
65.08929753303528,156914
65.09021759033203,156914
65.09113478660583,156914
65.09205079078674,156914
65.09340739250183,156914
65.09433507919312,156914
65.09525418281555,156914
65.09618282318115,156914
65.09709978103638,156914
65.09801626205444,156914
65.09936881065369,156914
65.10028743743896,156914
65.10120582580566,156914
65.10212230682373,156914
65.10304021835327,156914
65.10440230369568,156914
65.10532116889954,156914
65.10623955726624,156914
65.10715985298157,156914
65.108078956604,156914
65.10943531990051,156914
65.11035132408142,156914
65.11127066612244,156914
65.1121916770935,156914
65.1131112575531,156914
65.11403799057007,156914
65.11539220809937,156914
65.11630940437317,156914
65.11723208427429,156914
65.11814951896667,156914
65.11906337738037,156914
65.12002897262573,156914
65.12164211273193,156914
65.12247490882874,156914
65.12331008911133,156914
65.12415099143982,156914
65.12575674057007,156914
65.1265926361084,156914
65.1274266242981,156914
65.12826132774353,156914
65.1290967464447,156914
65.13070392608643,156914
65.13153791427612,156914
65.13236880302429,156914
65.1332015991211,156914
65.13404369354248,156914
65.13564372062683,156914
65.13648295402527,156914
65.1373143196106,156914
65.13815021514893,156914
65.13975405693054,156914
65.14059114456177,156914
65.14142966270447,156914
65.14226388931274,156914
65.14309668540955,156914
65.14470958709717,156914
65.14554500579834,156914
65.14637994766235,156914
65.14721298217773,156914
65.14805221557617,156914
65.14965677261353,156914
65.15049624443054,156914
65.1513295173645,156914
65.15216326713562,156914
65.15376687049866,156914
65.15461039543152,156914
65.155446767807,156914
65.15628242492676,156914
65.15711545944214,156914
65.15872049331665,156914
65.15955448150635,156914
65.16039204597473,156914
65.16122508049011,156914
65.16205906867981,156914
65.1636643409729,156914
65.16451001167297,156914
65.16534447669983,156914
65.16617965698242,156914
65.16701674461365,156914
65.16862726211548,156914
65.16945910453796,156914
65.17029595375061,156914
65.1711254119873,156914
65.17273306846619,156914
65.17356824874878,156914
65.17441296577454,156914
65.17524695396423,156914
65.17608118057251,156914
65.17768812179565,156914
65.1785261631012,156914
65.17935824394226,156914
65.18019104003906,156914
65.18102669715881,156914
65.18262982368469,156914
65.1834659576416,156914
65.18430685997009,156914
65.18513989448547,156914
65.18674063682556,156914
65.18757939338684,156914
65.18841218948364,156914
65.18924379348755,156914
65.19007968902588,156914
65.1916913986206,156914
65.1925265789032,156914
65.19336104393005,156914
65.19419765472412,156914
65.1950330734253,156914
65.19663405418396,156914
65.19747138023376,156914
65.19830298423767,156914
65.19913220405579,156914
65.20074081420898,156914
65.20157599449158,156914
65.20241355895996,156914
65.2032458782196,156914
65.20408821105957,156914
65.20569324493408,156914
65.2065281867981,156914
65.2073621749878,156914
65.20819020271301,156914
65.2090265750885,156914
65.21063208580017,156914
65.2114691734314,156914
65.21230673789978,156914
65.21313619613647,156914
65.21475100517273,156914
65.21558547019958,156914
65.21642088890076,156914
65.21725392341614,156914
65.21808314323425,156914
65.21968603134155,156914
65.2205228805542,156914
65.22135353088379,156914
65.22219038009644,156914
65.22302341461182,156914
65.22464323043823,156914
65.22547769546509,156914
65.22631168365479,156914
65.22714424133301,156914
65.22874426841736,156914
65.22958135604858,156914
65.23041534423828,156914
65.2312490940094,156914
65.23208475112915,156914
65.23368859291077,156914
65.2345359325409,156914
65.23536705970764,156914
65.23619484901428,156914
65.23703169822693,156914
65.23863434791565,156914
65.23947095870972,156914
65.24030613899231,156914
65.24114155769348,156914
65.242746591568,156914
65.24357986450195,156914
65.2444224357605,156914
65.24525451660156,156914
65.24609041213989,156914
65.24769902229309,156914
65.24853467941284,156914
65.24936962127686,156914
65.25020289421082,156914
65.25103735923767,156914
65.25264000892639,156914
65.2534749507904,156914
65.25431656837463,156914
65.25515103340149,156914
65.25675773620605,156914
65.25758957862854,156914
65.25842428207397,156914
65.25925755500793,156914
65.26009154319763,156914
65.26170015335083,156914
65.26253366470337,156914
65.26337003707886,156914
65.26420998573303,156914
65.26504468917847,156914
65.2666482925415,156914
65.26748204231262,156914
65.26831388473511,156914
65.26914811134338,156914
65.27075123786926,156914
65.27158498764038,156914
65.27242159843445,156914
65.27325439453125,156914
65.2741014957428,156914
65.27570247650146,156914
65.27654194831848,156914
65.27737545967102,156914
65.2782051563263,156914
65.27904105186462,156914
65.28064227104187,156914
65.28148221969604,156914
65.28231811523438,156914
65.28314852714539,156914
65.28476405143738,156914
65.28559923171997,156914
65.28643226623535,156914
65.28726482391357,156914
65.28809905052185,156914
65.2897036075592,156914
65.29053354263306,156914
65.29136872291565,156914
65.29219818115234,156914
65.29303479194641,156914
65.29464530944824,156914
65.29547929763794,156914
65.29631757736206,156914
65.29715204238892,156914
65.29875493049622,156914
65.29958748817444,156914
65.30042004585266,156914
65.30125498771667,156914
65.30208730697632,156914
65.30368661880493,156914
65.304532289505,156914
65.3053662776947,156914
65.30619931221008,156914
65.30703234672546,156914
65.30863976478577,156914
65.30947494506836,156914
65.31031036376953,156914
65.31114268302917,156914
65.31274676322937,156914
65.31358337402344,156914
65.3144280910492,156914
65.31526041030884,156914
65.31609678268433,156914
65.31769895553589,156914
65.31853723526001,156914
65.31937050819397,156914
65.32020473480225,156914
65.32104110717773,156914
65.32264518737793,156914
65.32348084449768,156914
65.3243236541748,156914
65.32515692710876,156914
65.32676148414612,156914
65.32759380340576,156914
65.3284318447113,156914
65.32926797866821,156914
65.3301043510437,156914
65.331711769104,156914
65.33254837989807,156914
65.33338642120361,156914
65.33422327041626,156914
65.33505725860596,156914
65.33666253089905,156914
65.33749866485596,156914
65.33833265304565,156914
65.33916664123535,156914
65.34076881408691,156914
65.34160327911377,156914
65.34243774414062,156914
65.3432731628418,156914
65.34411644935608,156914
65.34572005271912,156914
65.34655666351318,156914
65.34739017486572,156914
65.34822750091553,156914
65.34906196594238,156914
65.35066652297974,156914
65.3514986038208,156914
65.35233092308044,156914
65.35316371917725,156914
65.35400581359863,156914
65.35561728477478,156914
65.35645341873169,156914
65.35728669166565,156914
65.35812282562256,156914
65.3597240447998,156914
65.36056184768677,156914
65.3613965511322,156914
65.36222624778748,156914
65.36306166648865,156914
65.36467576026917,156914
65.36551237106323,156914
65.36634564399719,156914
65.36718034744263,156914
65.36802077293396,156914
65.36962699890137,156914
65.37046241760254,156914
65.37129521369934,156914
65.37212920188904,156914
65.37373375892639,156914
65.37457966804504,156914
65.37541460990906,156914
65.37624859809875,156914
65.37708139419556,156914
65.37868213653564,156914
65.37951898574829,156914
65.38035368919373,156914
65.38118600845337,156914
65.3820207118988,156914
65.38362884521484,156914
65.3844690322876,156914
65.3853018283844,156914
65.38613390922546,156914
65.38774013519287,156914
65.38857531547546,156914
65.38941073417664,156914
65.39024519920349,156914
65.39107942581177,156914
65.39268350601196,156914
65.39352011680603,156914
65.39436316490173,156914
65.39519739151001,156914
65.39603042602539,156914
65.397634267807,156914
65.39846777915955,156914
65.39930248260498,156914
65.40013480186462,156914
65.40173625946045,156914
65.40257120132446,156914
65.40340542793274,156914
65.40425086021423,156914
65.4050862789154,156914
65.40668511390686,156914
65.40752410888672,156914
65.40835952758789,156914
65.40919137001038,156914
65.41003036499023,156914
65.41163277626038,156914
65.41247057914734,156914
65.4132993221283,156914
65.41414070129395,156914
65.41574478149414,156914
65.41657829284668,156914
65.41741299629211,156914
65.41824579238892,156914
65.41908049583435,156914
65.42068529129028,156914
65.42152214050293,156914
65.42235732078552,156914
65.42318725585938,156914
65.42403244972229,156914
65.42563533782959,156914
65.42646837234497,156914
65.42730283737183,156914
65.42813634872437,156914
65.42973709106445,156914
65.43057465553284,156914
65.43140959739685,156914
65.43224596977234,156914
65.43307828903198,156914
65.43468761444092,156914
65.43552446365356,156914
65.43635630607605,156914
65.43718957901001,156914
65.43802499771118,156914
65.43962669372559,156914
65.4404661655426,156914
65.44129872322083,156914
65.44213342666626,156914
65.4437358379364,156914
65.44458174705505,156914
65.44541692733765,156914
65.44624781608582,156914
65.44708633422852,156914
65.44868302345276,156914
65.44952154159546,156914
65.45035338401794,156914
65.45118594169617,156914
65.45202088356018,156914
65.45361995697021,156914
65.45446968078613,156914
65.45530533790588,156914
65.45613169670105,156914
65.45774102210999,156914
65.45857453346252,156914
65.45940804481506,156914
65.46024346351624,156914
65.46107649803162,156914
65.46268320083618,156914
65.46351742744446,156914
65.46436095237732,156914
65.46519184112549,156914
65.46602845191956,156914
65.46763181686401,156914
65.4684669971466,156914
65.4693009853363,156914
65.4701337814331,156914
65.47173976898193,156914
65.47257399559021,156914
65.47340559959412,156914
65.47425031661987,156914
65.47508382797241,156914
65.47668695449829,156914
65.47752523422241,156914
65.47835755348206,156914
65.4791910648346,156914
65.48002600669861,156914
65.4816324710846,156914
65.48246836662292,156914
65.48330307006836,156914
65.48414731025696,156914
65.48574709892273,156914
65.48658633232117,156914
65.48741626739502,156914
65.48825407028198,156914
65.48909020423889,156914
65.49069309234619,156914
65.49153089523315,156914
65.49236607551575,156914
65.49320077896118,156914
65.49404191970825,156914
65.49564290046692,156914
65.49647974967957,156914
65.49731087684631,156914
65.4981439113617,156914
65.49974727630615,156914
65.50058126449585,156914
65.50141477584839,156914
65.50224232673645,156914
65.50307941436768,156914
65.50468730926514,156914
65.50552463531494,156914
65.50635743141174,156914
65.50719165802002,156914
65.50802230834961,156914
65.50962662696838,156914
65.51046013832092,156914
65.51129388809204,156914
65.51212453842163,156914
65.51372933387756,156914
65.51457667350769,156914
65.51540923118591,156914
65.51624727249146,156914
65.51708102226257,156914
65.51868176460266,156914
65.5195164680481,156914
65.5203492641449,156914
65.52118492126465,156914
65.52201461791992,156914
65.52362656593323,156914
65.52447128295898,156914
65.52530455589294,156914
65.52613759040833,156914
65.52773785591125,156914
65.52857422828674,156914
65.52941250801086,156914
65.53024244308472,156914
65.53107905387878,156914
65.53268241882324,156914
65.53351998329163,156914
65.53436470031738,156914
65.5351984500885,156914
65.53603839874268,156914
65.53764629364014,156914
65.53848361968994,156914
65.53931713104248,156914
65.54015111923218,156914
65.54175329208374,156914
65.54259014129639,156914
65.54342484474182,156914
65.54426670074463,156914
65.54509997367859,156914
65.54670000076294,156914
65.54753375053406,156914
65.54836750030518,156914
65.54919767379761,156914
65.55003070831299,156914
65.55163431167603,156914
65.55247282981873,156914
65.55330872535706,156914
65.5541479587555,156914
65.55575847625732,156914
65.55659198760986,156914
65.55742692947388,156914
65.55826115608215,156914
65.55909419059753,156914
65.56069493293762,156914
65.56153392791748,156914
65.56236839294434,156914
65.56320428848267,156914
65.564044713974,156914
65.56564998626709,156914
65.56648540496826,156914
65.56732058525085,156914
65.56815457344055,156914
65.56975507736206,156914
65.57059097290039,156914
65.57142663002014,156914
65.5722644329071,156914
65.57310104370117,156914
65.57471084594727,156914
65.57554912567139,156914
65.57638311386108,156914
65.57721424102783,156914
65.57805132865906,156914
65.5796525478363,156914
65.58048868179321,156914
65.5813217163086,156914
65.58215546607971,156914
65.58375716209412,156914
65.5846016407013,156914
65.58543491363525,156914
65.58626985549927,156914
65.5871045589447,156914
65.58870387077332,156914
65.5895369052887,156914
65.59037375450134,156914
65.5912070274353,156914
65.59204006195068,156914
65.5936427116394,156914
65.59448719024658,156914
65.5953197479248,156914
65.5961525440216,156914
65.5977578163147,156914
65.59859037399292,156914
65.59942626953125,156914
65.60026216506958,156914
65.60109424591064,156914
65.60270357131958,156914
65.60353517532349,156914
65.60438108444214,156914
65.60521650314331,156914
65.60605144500732,156914
65.60765528678894,156914
65.6084897518158,156914
65.60932159423828,156914
65.61015439033508,156914
65.61175584793091,156914
65.61259126663208,156914
65.61342740058899,156914
65.61426711082458,156914
65.61510396003723,156914
65.61670565605164,156914
65.61753964424133,156914
65.6183762550354,156914
65.61920666694641,156914
65.62004327774048,156914
65.6216459274292,156914
65.622483253479,156914
65.6233184337616,156914
65.62416100502014,156914
65.62576580047607,156914
65.62659668922424,156914
65.62743282318115,156914
65.62826681137085,156914
65.62909936904907,156914
65.63070058822632,156914
65.63153743743896,156914
65.6323721408844,156914
65.6332037448883,156914
65.63405084609985,156914
65.63565802574158,156914
65.63648891448975,156914
65.63732194900513,156914
65.63815546035767,156914
65.63975644111633,156914
65.64059066772461,156914
65.64142537117004,156914
65.64225912094116,156914
65.64309501647949,156914
65.64470911026001,156914
65.64554476737976,156914
65.64637565612793,156914
65.64720487594604,156914
65.64804196357727,156914
65.64964747428894,156914
65.65048217773438,156914
65.6513147354126,156914
65.65215039253235,156914
65.6537549495697,156914
65.65460228919983,156914
65.65543603897095,156914
65.65626978874207,156914
65.6571033000946,156914
65.65870475769043,156914
65.65954208374023,156914
65.6603741645813,156914
65.6612069606781,156914
65.66204404830933,156914
65.663649559021,156914
65.66449546813965,156914
65.66532683372498,156914
65.66616153717041,156914
65.6677713394165,156914
65.66860580444336,156914
65.66944193840027,156914
65.67027401924133,156914
65.67110967636108,156914
65.67271590232849,156914
65.67355132102966,156914
65.67439699172974,156914
65.67522764205933,156914
65.67606401443481,156914
65.67767000198364,156914
65.67850494384766,156914
65.67933797836304,156914
65.68017268180847,156914
65.68100690841675,156914
65.68261575698853,156914
65.68344926834106,156914
65.6842930316925,156914
65.68512225151062,156914
65.68672275543213,156914
65.68756031990051,156914
65.68839645385742,156914
65.68923211097717,156914
65.69006848335266,156914
65.69166779518127,156914
65.69250321388245,156914
65.69333529472351,156914
65.6941773891449,156914
65.69501328468323,156914
65.6966233253479,156914
65.69745564460754,156914
65.69829177856445,156914
65.69912433624268,156914
65.70072960853577,156914
65.70156574249268,156914
65.70240259170532,156914
65.70323872566223,156914
65.70408797264099,156914
65.70569086074829,156914
65.7065281867981,156914
65.70736145973206,156914
65.70819473266602,156914
65.70902967453003,156914
65.71063041687012,156914
65.7114679813385,156914
65.71230030059814,156914
65.71313405036926,156914
65.71475124359131,156914
65.71558570861816,156914
65.7164204120636,156914
65.71725678443909,156914
65.71809124946594,156914
65.71969604492188,156914
65.7205319404602,156914
65.72136497497559,156914
65.72219204902649,156914
65.72302961349487,156914
65.7246401309967,156914
65.7254753112793,156914
65.7263114452362,156914
65.72714591026306,156914
65.72874569892883,156914
65.72958159446716,156914
65.73042297363281,156914
65.73125791549683,156914
65.73209357261658,156914
65.73369407653809,156914
65.73453855514526,156914
65.7353732585907,156914
65.73620223999023,156914
65.73703575134277,156914
65.73864221572876,156914
65.73947644233704,156914
65.74030685424805,156914
65.74114203453064,156914
65.7427442073822,156914
65.74358105659485,156914
65.7444269657135,156914
65.74525618553162,156914
65.74609327316284,156914
65.74769616127014,156914
65.74852967262268,156914
65.74936437606812,156914
65.75019311904907,156914
65.75102949142456,156914
65.75262975692749,156914
65.75346612930298,156914
65.754310131073,156914
65.75514268875122,156914
65.75675249099731,156914
65.75758862495422,156914
65.7584228515625,156914
65.75925517082214,156914
65.7600908279419,156914
65.76169872283936,156914
65.76253128051758,156914
65.76336669921875,156914
65.76420474052429,156914
65.76504015922546,156914
65.76664686203003,156914
65.76747584342957,156914
65.76831030845642,156914
65.76913619041443,156914
65.77074360847473,156914
65.77157759666443,156914
65.7724118232727,156914
65.77324724197388,156914
65.77409219741821,156914
65.77569246292114,156914
65.77653193473816,156914
65.77736496925354,156914
65.7781982421875,156914
65.77903056144714,156914
65.78063106536865,156914
65.78146767616272,156914
65.78230214118958,156914
65.78313541412354,156914
65.78474807739258,156914
65.78558421134949,156914
65.78641772270203,156914
65.78724837303162,156914
65.78808569908142,156914
65.78968715667725,156914
65.79052495956421,156914
65.79136109352112,156914
65.7921895980835,156914
65.79302501678467,156914
65.79463481903076,156914
65.79547142982483,156914
65.796306848526,156914
65.79714035987854,156914
65.798743724823,156914
65.79958009719849,156914
65.80041551589966,156914
65.80125021934509,156914
65.80208325386047,156914
65.8036859035492,156914
65.80453157424927,156914
65.80536603927612,156914
65.80619716644287,156914
65.80703520774841,156914
65.80863928794861,156914
65.80947184562683,156914
65.81030344963074,156914
65.81113171577454,156914
65.81273889541626,156914
65.81357598304749,156914
65.81442022323608,156914
65.81525707244873,156914
65.8160924911499,156914
65.8176953792572,156914
65.81853199005127,156914
65.81936550140381,156914
65.8202006816864,156914
65.82103323936462,156914
65.82264351844788,156914
65.82347702980042,156914
65.82431554794312,156914
65.82514977455139,156914
65.82675290107727,156914
65.82758975028992,156914
65.82842421531677,156914
65.82925415039062,156914
65.83009195327759,156914
65.83169317245483,156914
65.83252882957458,156914
65.8333625793457,156914
65.8342022895813,156914
65.83504056930542,156914
65.83663892745972,156914
65.83747601509094,156914
65.83831286430359,156914
65.83914756774902,156914
65.84075045585632,156914
65.84157967567444,156914
65.84241509437561,156914
65.84324431419373,156914
65.84408926963806,156914
65.84569501876831,156914
65.84652519226074,156914
65.84736251831055,156914
65.84818863868713,156914
65.84902429580688,156914
65.85063028335571,156914
65.85146498680115,156914
65.85230016708374,156914
65.85312819480896,156914
65.8547465801239,156914
65.8555805683136,156914
65.85641312599182,156914
65.8572473526001,156914
65.85808157920837,156914
65.85968589782715,156914
65.86052227020264,156914
65.86135864257812,156914
65.8621916770935,156914
65.8630268573761,156914
65.86463761329651,156914
65.86547636985779,156914
65.86630988121033,156914
65.86714363098145,156914
65.86874270439148,156914
65.86958241462708,156914
65.8704183101654,156914
65.87124967575073,156914
65.87208914756775,156914
65.87369132041931,156914
65.87453579902649,156914
65.87537240982056,156914
65.87620067596436,156914
65.87704110145569,156914
65.87864828109741,156914
65.87948703765869,156914
65.88032078742981,156914
65.88114762306213,156914
65.88275384902954,156914
65.88359069824219,156914
65.88443326950073,156914
65.88526391983032,156914
65.88609623908997,156914
65.88769841194153,156914
65.88853621482849,156914
65.8893723487854,156914
65.89020776748657,156914
65.89104080200195,156914
65.89264607429504,156914
65.89348125457764,156914
65.8943247795105,156914
65.89515900611877,156914
65.8967649936676,156914
65.89759492874146,156914
65.89843010902405,156914
65.8992612361908,156914
65.90009903907776,156914
65.9017071723938,156914
65.90254235267639,156914
65.90337681770325,156914
65.90421390533447,156914
65.9050498008728,156914
65.90665650367737,156914
65.90748596191406,156914
65.90832161903381,156914
65.90915489196777,156914
65.9107575416565,156914
65.91159343719482,156914
65.91242742538452,156914
65.91326332092285,156914
65.91410660743713,156914
65.91571307182312,156914
65.91655135154724,156914
65.91738486289978,156914
65.918217420578,156914
65.91904997825623,156914
65.92066049575806,156914
65.92149448394775,156914
65.92232418060303,156914
65.92315793037415,156914
65.92477536201477,156914
65.92560601234436,156914
65.92644500732422,156914
65.92727828025818,156914
65.92811226844788,156914
65.9297149181366,156914
65.93055081367493,156914
65.9313862323761,156914
65.93221831321716,156914
65.93305373191833,156914
65.93466687202454,156914
65.93550133705139,156914
65.93633723258972,156914
65.9371690750122,156914
65.93877458572388,156914
65.93961238861084,156914
65.94044613838196,156914
65.9412796497345,156914
65.94211196899414,156914
65.94371938705444,156914
65.9445652961731,156914
65.94539833068848,156914
65.94623041152954,156914
65.94706606864929,156914
65.94866943359375,156914
65.94951152801514,156914
65.95034718513489,156914
65.951180934906,156914
65.95201230049133,156914
65.95361804962158,156914
65.95446133613586,156914
65.95529675483704,156914
65.95613265037537,156914
65.95773983001709,156914
65.95857739448547,156914
65.95941305160522,156914
65.96024346351624,156914
65.96107840538025,156914
65.96268391609192,156914
65.96351933479309,156914
65.96436333656311,156914
65.96519374847412,156914
65.96602892875671,156914
65.96762871742249,156914
65.96846628189087,156914
65.96930146217346,156914
65.97013330459595,156914
65.97173285484314,156914
65.97256851196289,156914
65.97340130805969,156914
65.97423768043518,156914
65.97507500648499,156914
65.97667789459229,156914
65.97750926017761,156914
65.97834777832031,156914
65.9791784286499,156914
65.98001217842102,156914
65.98161911964417,156914
65.98245143890381,156914
65.98328852653503,156914
65.98413419723511,156914
65.98573541641235,156914
65.98657274246216,156914
65.98740530014038,156914
65.98824119567871,156914
65.98907232284546,156914
65.99067735671997,156914
65.99151229858398,156914
65.99234437942505,156914
65.99317908287048,156914
65.99402403831482,156914
65.9956328868866,156914
65.99646782875061,156914
65.99730110168457,156914
65.99813675880432,156914
65.99973750114441,156914
66.00057315826416,156914
66.00140833854675,156914
66.00224089622498,156914
66.00307631492615,156914
66.00468707084656,156914
66.00552654266357,156914
66.00636291503906,156914
66.00719618797302,156914
66.00803089141846,156914
66.0096344947815,156914
66.01047134399414,156914
66.01130604743958,156914
66.0121340751648,156914
66.01374292373657,156914
66.01458644866943,156914
66.01542162895203,156914
66.01625490188599,156914
66.01709175109863,156914
66.01869535446167,156914
66.01952695846558,156914
66.02036333084106,156914
66.02119517326355,156914
66.0220296382904,156914
66.02363634109497,156914
66.02447938919067,156914
66.02531027793884,156914
66.02614569664001,156914
66.02774953842163,156914
66.02858686447144,156914
66.02942061424255,156914
66.03025579452515,156914
66.03109073638916,156914
66.0326931476593,156914
66.03352928161621,156914
66.03437089920044,156914
66.03520679473877,156914
66.03603911399841,156914
66.03764510154724,156914
66.03847980499268,156914
66.03931450843811,156914
66.04015493392944,156914
66.04175662994385,156914
66.0425922870636,156914
66.04342579841614,156914
66.0442636013031,156914
66.04510164260864,156914
66.04670596122742,156914
66.0475423336029,156914
66.04837918281555,156914
66.04921078681946,156914
66.05004715919495,156914
66.05164408683777,156914
66.05248045921326,156914
66.05331587791443,156914
66.05415916442871,156914
66.05576181411743,156914
66.05659103393555,156914
66.05743145942688,156914
66.05826163291931,156914
66.05909466743469,156914
66.060702085495,156914
66.06154084205627,156914
66.06237483024597,156914
66.06320428848267,156914
66.06405067443848,156914
66.06565284729004,156914
66.06648540496826,156914
66.0673189163208,156914
66.06815099716187,156914
66.0697546005249,156914
66.07058548927307,156914
66.07141828536987,156914
66.0722508430481,156914
66.07308435440063,156914
66.074697971344,156914
66.07553291320801,156914
66.07636332511902,156914
66.07719588279724,156914
66.07802963256836,156914
66.07963633537292,156914
66.08047151565552,156914
66.08130669593811,156914
66.08213806152344,156914
66.083740234375,156914
66.08458733558655,156914
66.0854218006134,156914
66.08625316619873,156914
66.08708834648132,156914
66.08868956565857,156914
66.08952856063843,156914
66.09036207199097,156914
66.09119391441345,156914
66.09202766418457,156914
66.09362864494324,156914
66.09447598457336,156914
66.09530711174011,156914
66.09614300727844,156914
66.09774494171143,156914
66.09858083724976,156914
66.09941792488098,156914
66.10024666786194,156914
66.10108304023743,156914
66.10268688201904,156914
66.10352182388306,156914
66.10436677932739,156914
66.10520029067993,156914
66.10603427886963,156914
66.1076328754425,156914
66.10846662521362,156914
66.10930824279785,156914
66.11014080047607,156914
66.11174535751343,156914
66.1125841140747,156914
66.11341691017151,156914
66.11426305770874,156914
66.11509776115417,156914
66.11669945716858,156914
66.1175377368927,156914
66.11837315559387,156914
66.11920428276062,156914
66.12004160881042,156914
66.12165021896362,156914
66.12248492240906,156914
66.1233184337616,156914
66.12416219711304,156914
66.12576127052307,156914
66.1265971660614,156914
66.12742948532104,156914
66.12826180458069,156914
66.12909650802612,156914
66.13070154190063,156914
66.13153719902039,156914
66.13237285614014,156914
66.13320469856262,156914
66.13405275344849,156914
66.135657787323,156914
66.13649344444275,156914
66.13732838630676,156914
66.1381630897522,156914
66.13976860046387,156914
66.14059948921204,156914
66.14143586158752,156914
66.14226770401001,156914
66.14310240745544,156914
66.14471960067749,156914
66.1455500125885,156914
66.14638781547546,156914
66.14721584320068,156914
66.14805150032043,156914
66.14965486526489,156914
66.15048861503601,156914
66.15132069587708,156914
66.15215563774109,156914
66.15375971794128,156914
66.15460133552551,156914
66.15543508529663,156914
66.1562716960907,156914
66.15710258483887,156914
66.15870976448059,156914
66.15954303741455,156914
66.16037631034851,156914
66.16120553016663,156914
66.1620442867279,156914
66.16365051269531,156914
66.16449356079102,156914
66.16532588005066,156914
66.16616129875183,156914
66.1677622795105,156914
66.16859722137451,156914
66.16943335533142,156914
66.1702663898468,156914
66.1711003780365,156914
66.17270302772522,156914
66.17353534698486,156914
66.17438244819641,156914
66.17520999908447,156914
66.17604660987854,156914
66.17765140533447,156914
66.17848634719849,156914
66.17932081222534,156914
66.18015503883362,156914
66.18175721168518,156914
66.18259167671204,156914
66.18342781066895,156914
66.18426990509033,156914
66.1851053237915,156914
66.1867082118988,156914
66.18754291534424,156914
66.18837857246399,156914
66.18920731544495,156914
66.1900405883789,156914
66.19164800643921,156914
66.19248414039612,156914
66.19332027435303,156914
66.19416332244873,156914
66.19576978683472,156914
66.19660449028015,156914
66.19743943214417,156914
66.19827508926392,156914
66.1991057395935,156914
66.20071196556091,156914
66.2015471458435,156914
66.20237874984741,156914
66.20321106910706,156914
66.20405387878418,156914
66.20566129684448,156914
66.20649695396423,156914
66.20733213424683,156914
66.20816922187805,156914
66.20900535583496,156914
66.21061158180237,156914
66.21144652366638,156914
66.21228003501892,156914
66.21311450004578,156914
66.21472811698914,156914
66.21556615829468,156914
66.21639943122864,156914
66.21723365783691,156914
66.21807098388672,156914
66.21966791152954,156914
66.22050714492798,156914
66.22134065628052,156914
66.22217178344727,156914
66.2230064868927,156914
66.22462272644043,156914
66.22545909881592,156914
66.22629475593567,156914
66.22713136672974,156914
66.22873592376709,156914
66.22956967353821,156914
66.23040652275085,156914
66.23123931884766,156914
66.23207449913025,156914
66.23367619514465,156914
66.23452258110046,156914
66.23535776138306,156914
66.23618984222412,156914
66.23702454566956,156914
66.2386302947998,156914
66.23946571350098,156914
66.24030065536499,156914
66.24113321304321,156914
66.24274063110352,156914
66.24357843399048,156914
66.2444212436676,156914
66.24525785446167,156914
66.24609446525574,156914
66.24769616127014,156914
66.24852919578552,156914
66.24936199188232,156914
66.25019311904907,156914
66.25102758407593,156914
66.2526330947876,156914
66.25346493721008,156914
66.25431299209595,156914
66.25514698028564,156914
66.25674962997437,156914
66.25758528709412,156914
66.25842070579529,156914
66.2592544555664,156914
66.26009011268616,156914
66.26169180870056,156914
66.26252889633179,156914
66.26336193084717,156914
66.26419997215271,156914
66.26503992080688,156914
66.26664400100708,156914
66.26747822761536,156914
66.26830744743347,156914
66.26914358139038,156914
66.27074933052063,156914
66.2715835571289,156914
66.27242255210876,156914
66.27325534820557,156914
66.27409982681274,156914
66.27570462226868,156914
66.2765417098999,156914
66.27737784385681,156914
66.27821230888367,156914
66.27904272079468,156914
66.28064846992493,156914
66.28148484230042,156914
66.28231883049011,156914
66.28315544128418,156914
66.28476667404175,156914
66.28560209274292,156914
66.28643369674683,156914
66.28726887702942,156914
66.28810334205627,156914
66.2897093296051,156914
66.29054546356201,156914
66.29137921333313,156914
66.29221296310425,156914
66.29304718971252,156914
66.29466319084167,156914
66.29549717903137,156914
66.29633116722107,156914
66.29716491699219,156914
66.29876923561096,156914
66.29960489273071,156914
66.30043697357178,156914
66.30127382278442,156914
66.30210947990417,156914
66.30371141433716,156914
66.30455780029297,156914
66.30538964271545,156914
66.30622100830078,156914
66.30705952644348,156914
66.308664560318,156914
66.30950236320496,156914
66.31033778190613,156914
66.3111686706543,156914
66.31200671195984,156914
66.3136157989502,156914
66.31446290016174,156914
66.3152961730957,156914
66.31612944602966,156914
66.31773805618286,156914
66.31857347488403,156914
66.31940793991089,156914
66.32024455070496,156914
66.32107853889465,156914
66.32268571853638,156914
66.32352018356323,156914
66.32436442375183,156914
66.32519435882568,156914
66.32602977752686,156914
66.32763385772705,156914
66.32846903800964,156914
66.32930588722229,156914
66.33014059066772,156914
66.33175015449524,156914
66.33258199691772,156914
66.33341574668884,156914
66.33425974845886,156914
66.33509039878845,156914
66.33669471740723,156914
66.33752799034119,156914
66.33836531639099,156914
66.33920168876648,156914
66.34003710746765,156914
66.3416473865509,156914
66.34248232841492,156914
66.34331512451172,156914
66.34415602684021,156914
66.34576106071472,156914
66.34659671783447,156914
66.34742879867554,156914
66.34826254844666,156914
66.34910082817078,156914
66.35069799423218,156914
66.35153579711914,156914
66.35236978530884,156914
66.35320281982422,156914
66.35404920578003,156914
66.35565114021301,156914
66.35648798942566,156914
66.35732221603394,156914
66.35815453529358,156914
66.3597583770752,156914
66.36059284210205,156914
66.36142992973328,156914
66.36226272583008,156914
66.36309957504272,156914
66.36470746994019,156914
66.36554265022278,156914
66.3663740158081,156914
66.36720561981201,156914
66.3680431842804,156914
66.36964678764343,156914
66.37047839164734,156914
66.37130928039551,156914
66.37214541435242,156914
66.37375211715698,156914
66.37459754943848,156914
66.37543082237244,156914
66.3762686252594,156914
66.37710356712341,156914
66.37870287895203,156914
66.37954115867615,156914
66.38037443161011,156914
66.38120794296265,156914
66.38204574584961,156914
66.38364624977112,156914
66.38449287414551,156914
66.38532972335815,156914
66.38616275787354,156914
66.38776516914368,156914
66.38859748840332,156914
66.38943123817444,156914
66.39026427268982,156914
66.3911018371582,156914
66.39270210266113,156914
66.39354038238525,156914
66.39438247680664,156914
66.3952124118805,156914
66.39605021476746,156914
66.39765048027039,156914
66.39848709106445,156914
66.39932036399841,156914
66.40015268325806,156914
66.40175914764404,156914
66.40259170532227,156914
66.40342736244202,156914
66.40426874160767,156914
66.40510201454163,156914
66.40670895576477,156914
66.407541513443,156914
66.40837550163269,156914
66.40920758247375,156914
66.41004729270935,156914
66.41165614128113,156914
66.4124903678894,156914
66.41332483291626,156914
66.41416597366333,156914
66.41576910018921,156914
66.41660356521606,156914
66.41743683815002,156914
66.41827368736267,156914
66.41910719871521,156914
66.42071032524109,156914
66.42154049873352,156914
66.4223735332489,156914
66.42320346832275,156914
66.42404913902283,156914
66.42565488815308,156914
66.42649126052856,156914
66.42732644081116,156914
66.42816209793091,156914
66.429762840271,156914
66.43060255050659,156914
66.43143701553345,156914
66.4322714805603,156914
66.43310737609863,156914
66.43472027778625,156914
66.43555355072021,156914
66.43638610839844,156914
66.4372193813324,156914
66.4380567073822,156914
66.43965864181519,156914
66.4404935836792,156914
66.44132876396179,156914
66.4421615600586,156914
66.44376516342163,156914
66.44460868835449,156914
66.44544434547424,156914
66.4462788105011,156914
66.44711446762085,156914
66.44871783256531,156914
66.4495530128479,156914
66.45038986206055,156914
66.45122241973877,156914
66.45205760002136,156914
66.45366430282593,156914
66.45450758934021,156914
66.4553427696228,156914
66.4561767578125,156914
66.4570095539093,156914
66.45862007141113,156914
66.45945620536804,156914
66.46029257774353,156914
66.46112942695618,156914
66.46273279190063,156914
66.46356868743896,156914
66.46440982818604,156914
66.46524453163147,156914
66.46607851982117,156914
66.46767926216125,156914
66.46851420402527,156914
66.46934843063354,156914
66.47018456459045,156914
66.4710202217102,156914
66.47262763977051,156914
66.47346258163452,156914
66.47430181503296,156914
66.47513461112976,156914
66.47674036026001,156914
66.47757411003113,156914
66.47841215133667,156914
66.47924470901489,156914
66.48007988929749,156914
66.48168063163757,156914
66.48252034187317,156914
66.48335433006287,156914
66.4841935634613,156914
66.48502945899963,156914
66.48663020133972,156914
66.48746538162231,156914
66.48829817771912,156914
66.4891312122345,156914
66.4907374382019,156914
66.4915702342987,156914
66.4924054145813,156914
66.49324154853821,156914
66.49408268928528,156914
66.4956865310669,156914
66.49652075767517,156914
66.49735498428345,156914
66.49818682670593,156914
66.49902081489563,156914
66.50062966346741,156914
66.50146317481995,156914
66.50229787826538,156914
66.5031304359436,156914
66.5047459602356,156914
66.50558090209961,156914
66.50641202926636,156914
66.50724458694458,156914
66.50807476043701,156914
66.50968337059021,156914
66.51052045822144,156914
66.51135492324829,156914
66.51218461990356,156914
66.51301956176758,156914
66.51464033126831,156914
66.51547408103943,156914
66.51630973815918,156914
66.51714277267456,156914
66.5187463760376,156914
66.51958155632019,156914
66.52041435241699,156914
66.52124881744385,156914
66.52208590507507,156914
66.52368712425232,156914
66.52453327178955,156914
66.52536845207214,156914
66.5261971950531,156914
66.52703261375427,156914
66.52863430976868,156914
66.5294725894928,156914
66.53030395507812,156914
66.5311369895935,156914
66.53274416923523,156914
66.53357887268066,156914
66.53442192077637,156914
66.53525805473328,156914
66.53609085083008,156914
66.53769278526306,156914
66.53852796554565,156914
66.53936195373535,156914
66.5401930809021,156914
66.54102659225464,156914
66.54262852668762,156914
66.54346251487732,156914
66.54430913925171,156914
66.54514503479004,156914
66.54674863815308,156914
66.54758381843567,156914
66.5484185218811,156914
66.54925179481506,156914
66.55008435249329,156914
66.55168867111206,156914
66.55252742767334,156914
66.55336141586304,156914
66.55419993400574,156914
66.55503439903259,156914
66.55664372444153,156914
66.55748176574707,156914
66.5583188533783,156914
66.55915641784668,156914
66.56076335906982,156914
66.5615963935852,156914
66.56243300437927,156914
66.5632655620575,156914
66.56411004066467,156914
66.56571102142334,156914
66.56654453277588,156914
66.56737804412842,156914
66.56820702552795,156914
66.56904458999634,156914
66.57064747810364,156914
66.57148385047913,156914
66.5723192691803,156914
66.57315254211426,156914
66.57476449012756,156914
66.57559728622437,156914
66.57643175125122,156914
66.57726168632507,156914
66.57809734344482,156914
66.57970523834229,156914
66.58053755760193,156914
66.58137130737305,156914
66.58220505714417,156914
66.58303833007812,156914
66.58465600013733,156914
66.58549451828003,156914
66.58632683753967,156914
66.58716225624084,156914
66.58876538276672,156914
66.58959984779358,156914
66.59043264389038,156914
66.59126710891724,156914
66.59210062026978,156914
66.59370231628418,156914
66.59454727172852,156914
66.59538650512695,156914
66.5962176322937,156914
66.59705185890198,156914
66.59865546226501,156914
66.59949159622192,156914
66.60032248497009,156914
66.60115647315979,156914
66.60275650024414,156914
66.60359025001526,156914
66.60443449020386,156914
66.6052622795105,156914
66.6061007976532,156914
66.60770058631897,156914
66.60853862762451,156914
66.609370470047,156914
66.61020398139954,156914
66.6110405921936,156914
66.61264276504517,156914
66.61348152160645,156914
66.61432409286499,156914
66.61515736579895,156914
66.61676335334778,156914
66.61759757995605,156914
66.61843228340149,156914
66.61926674842834,156914
66.62009954452515,156914
66.62170839309692,156914
66.62254285812378,156914
66.62337613105774,156914
66.62421607971191,156914
66.62504863739014,156914
66.62665367126465,156914
66.6274881362915,156914
66.62832355499268,156914
66.62915754318237,156914
66.63076257705688,156914
66.63159728050232,156914
66.63243055343628,156914
66.63326382637024,156914
66.634108543396,156914
66.63571524620056,156914
66.636549949646,156914
66.63738226890564,156914
66.63821625709534,156914
66.63905072212219,156914
66.64065098762512,156914
66.6414885520935,156914
66.64232063293457,156914
66.64315748214722,156914
66.64476299285889,156914
66.64560079574585,156914
66.64643454551697,156914
66.64726853370667,156914
66.64810419082642,156914
66.6497049331665,156914
66.6505401134491,156914
66.65137481689453,156914
66.65220880508423,156914
66.65304279327393,156914
66.65465307235718,156914
66.65549373626709,156914
66.65632581710815,156914
66.65715980529785,156914
66.65876603126526,156914
66.65960049629211,156914
66.66043543815613,156914
66.66126942634583,156914
66.66210317611694,156914
66.66370558738708,156914
66.66454601287842,156914
66.66538572311401,156914
66.66621494293213,156914
66.66705107688904,156914
66.66865849494934,156914
66.66949248313904,156914
66.67032766342163,156914
66.67116260528564,156914
66.67276573181152,156914
66.67359662055969,156914
66.67444086074829,156914
66.6752781867981,156914
66.67611050605774,156914
66.67771410942078,156914
66.67855048179626,156914
66.67938494682312,156914
66.68021941184998,156914
66.68105387687683,156914
66.68266367912292,156914
66.68349838256836,156914
66.68433547019958,156914
66.6851716041565,156914
66.68600630760193,156914
66.68761658668518,156914
66.68845129013062,156914
66.68928146362305,156914
66.69011735916138,156914
66.691721200943,156914
66.69256019592285,156914
66.69339370727539,156914
66.69423508644104,156914
66.69507098197937,156914
66.69667434692383,156914
66.69751262664795,156914
66.69834661483765,156914
66.69917869567871,156914
66.70001316070557,156914
66.70162105560303,156914
66.70245552062988,156914
66.70328664779663,156914
66.7041289806366,156914
66.70573282241821,156914
66.70656728744507,156914
66.70740342140198,156914
66.70823788642883,156914
66.70907163619995,156914
66.71067571640015,156914
66.711510181427,156914
66.71235060691833,156914
66.71318316459656,156914
66.71402144432068,156914
66.7156310081482,156914
66.71646428108215,156914
66.71729922294617,156914
66.7181351184845,156914
66.71974325180054,156914
66.72057700157166,156914
66.72141242027283,156914
66.72224640846252,156914
66.72307968139648,156914
66.72468400001526,156914
66.72552227973938,156914
66.72635579109192,156914
66.72718715667725,156914
66.72802376747131,156914
66.72963428497314,156914
66.73047089576721,156914
66.73130512237549,156914
66.73213839530945,156914
66.73373937606812,156914
66.73458814620972,156914
66.7354211807251,156914
66.73626136779785,156914
66.7370970249176,156914
66.738698720932,156914
66.73953557014465,156914
66.74037075042725,156914
66.74120259284973,156914
66.74203896522522,156914
66.74364256858826,156914
66.74448871612549,156914
66.7453248500824,156914
66.74616003036499,156914
66.74776601791382,156914
66.74859714508057,156914
66.74943494796753,156914
66.75026845932007,156914
66.75110173225403,156914
66.75270771980286,156914
66.75354170799255,156914
66.75438833236694,156914
66.75522136688232,156914
66.75605654716492,156914
66.75766086578369,156914
66.75849723815918,156914
66.7593297958374,156914
66.76016426086426,156914
66.76176691055298,156914
66.76260256767273,156914
66.76343846321106,156914
66.76427817344666,156914
66.76511454582214,156914
66.76671695709229,156914
66.7675552368164,156914
66.76838707923889,156914
66.7692232131958,156914
66.77006030082703,156914
66.7716634273529,156914
66.77249836921692,156914
66.77332925796509,156914
66.77417206764221,156914
66.77500653266907,156914
66.77661275863647,156914
66.77744579315186,156914
66.77828025817871,156914
66.7791121006012,156914
66.78071713447571,156914
66.78155398368835,156914
66.78238701820374,156914
66.78322243690491,156914
66.7840666770935,156914
66.78566837310791,156914
66.78650736808777,156914
66.78733706474304,156914
66.78817367553711,156914
66.78900671005249,156914
66.79062247276306,156914
66.79145765304565,156914
66.79229044914246,156914
66.79312682151794,156914
66.79473733901978,156914
66.795569896698,156914
66.79640746116638,156914
66.79724097251892,156914
66.79807162284851,156914
66.79968070983887,156914
66.80051517486572,156914
66.80135011672974,156914
66.80218076705933,156914
66.8030149936676,156914
66.80463171005249,156914
66.80546522140503,156914
66.8062973022461,156914
66.80712962150574,156914
66.80877566337585,156914
66.80959439277649,156914
66.81042647361755,156914
66.81125378608704,156914
66.81207418441772,156914
66.81365156173706,156914
66.81448745727539,156914
66.81531548500061,156914
66.81613326072693,156914
66.81771063804626,156914
66.81853818893433,156914
66.81936168670654,156914
66.82018780708313,156914
66.82100892066956,156914
66.82258248329163,156914
66.82341313362122,156914
66.82424783706665,156914
66.82506608963013,156914
66.8266441822052,156914
66.82746911048889,156914
66.82829666137695,156914
66.82911586761475,156914
66.83069515228271,156914
66.8315200805664,156914
66.83235001564026,156914
66.83317112922668,156914
66.8347601890564,156914
66.83558344841003,156914
66.83640670776367,156914
66.83724021911621,156914
66.83806562423706,156914
66.8396463394165,156914
66.84047102928162,156914
66.84130072593689,156914
66.84211802482605,156914
66.8436975479126,156914
66.84453415870667,156914
66.84535956382751,156914
66.84618854522705,156914
66.84701108932495,156914
66.84858655929565,156914
66.84941291809082,156914
66.85024452209473,156914
66.851065158844,156914
66.85264110565186,156914
66.85347008705139,156914
66.85430693626404,156914
66.85512685775757,156914
66.85670375823975,156914
66.8575370311737,156914
66.85836577415466,156914
66.85919070243835,156914
66.8600127696991,156914
66.86158752441406,156914
66.86241269111633,156914
66.86324095726013,156914
66.86406755447388,156914
66.86564350128174,156914
66.86647009849548,156914
66.86730289459229,156914
66.8681252002716,156914
66.86970400810242,156914
66.87053155899048,156914
66.87135553359985,156914
66.87218713760376,156914
66.87300658226013,156914
66.87459254264832,156914
66.87541770935059,156914
66.87624549865723,156914
66.87706661224365,156914
66.87864637374878,156914
66.8794732093811,156914
66.88030576705933,156914
66.88112330436707,156914
66.88270711898804,156914
66.88352918624878,156914
66.88437223434448,156914
66.88519930839539,156914
66.88601803779602,156914
66.88759589195251,156914
66.88842749595642,156914
66.88925838470459,156914
66.89007472991943,156914
66.89165115356445,156914
66.89247465133667,156914
66.89330530166626,156914
66.89413332939148,156914
66.8957154750824,156914
66.89654684066772,156914
66.89737057685852,156914
66.89819979667664,156914
66.89902520179749,156914
66.9006016254425,156914
66.90142679214478,156914
66.90225625038147,156914
66.90307712554932,156914
66.90466451644897,156914
66.90548968315125,156914
66.90631747245789,156914
66.90713691711426,156914
66.90871572494507,156914
66.9095413684845,156914
66.91037011146545,156914
66.91119694709778,156914
66.9120192527771,156914
66.91360092163086,156914
66.91443610191345,156914
66.91526579856873,156914
66.91608595848083,156914
66.91766023635864,156914
66.91848731040955,156914
66.9193115234375,156914
66.92013120651245,156914
66.92170667648315,156914
66.92253875732422,156914
66.92336344718933,156914
66.9241988658905,156914
66.9250214099884,156914
66.92659258842468,156914
66.92742276191711,156914
66.92825198173523,156914
66.92907071113586,156914
66.93064332008362,156914
66.93146920204163,156914
66.93230366706848,156914
66.93312215805054,156914
66.93470811843872,156914
66.93553590774536,156914
66.93636298179626,156914
66.93719434738159,156914
66.93801689147949,156914
66.93960332870483,156914
66.94043159484863,156914
66.94125604629517,156914
66.94207620620728,156914
66.94365501403809,156914
66.9444899559021,156914
66.94531679153442,156914
66.94613528251648,156914
66.94771242141724,156914
66.94854068756104,156914
66.94936561584473,156914
66.95019459724426,156914
66.95101571083069,156914
66.95258903503418,156914
66.9534158706665,156914
66.95425081253052,156914
66.95507383346558,156914
66.95664739608765,156914
66.95747017860413,156914
66.95830464363098,156914
66.95912432670593,156914
66.9607002735138,156914
66.9615330696106,156914
66.96236181259155,156914
66.9631884098053,156914
66.9640200138092,156914
66.96560287475586,156914
66.96642923355103,156914
66.96725678443909,156914
66.96807813644409,156914
66.969655752182,156914
66.97048139572144,156914
66.9713089466095,156914
66.97213125228882,156914
66.97370910644531,156914
66.9745442867279,156914
66.97537016868591,156914
66.97620129585266,156914
66.97702860832214,156914
66.97860431671143,156914
66.97942900657654,156914
66.98025560379028,156914
66.98107576370239,156914
66.98265624046326,156914
66.9834794998169,156914
66.9843201637268,156914
66.98513913154602,156914
66.98671579360962,156914
66.98754239082336,156914
66.98836731910706,156914
66.98919820785522,156914
66.99001908302307,156914
66.99159646034241,156914
66.99242067337036,156914
66.99324917793274,156914
66.99407768249512,156914
66.9956521987915,156914
66.99647736549377,156914
66.99730587005615,156914
66.99812293052673,156914
66.99969744682312,156914
67.00053095817566,156914
67.0013587474823,156914
67.00218534469604,156914
67.00376415252686,156914
67.0045952796936,156914
67.0054190158844,156914
67.00624680519104,156914
67.00706887245178,156914
67.00864267349243,156914
67.00947093963623,156914
67.01030015945435,156914
67.01112008094788,156914
67.012699842453,156914
67.0135223865509,156914
67.01435685157776,156914
67.01519060134888,156914
67.01601386070251,156914
67.01759147644043,156914
67.0184211730957,156914
67.01924443244934,156914
67.02006363868713,156914
67.02163791656494,156914
67.02246880531311,156914
67.02329564094543,156914
67.02412128448486,156914
67.02570128440857,156914
67.02652263641357,156914
67.02735257148743,156914
67.02818036079407,156914
67.02975344657898,156914
67.03057932853699,156914
67.03140234947205,156914
67.03222990036011,156914
67.03305220603943,156914
67.03462624549866,156914
67.03545999526978,156914
67.03629446029663,156914
67.03711271286011,156914
67.03869247436523,156914
67.03952240943909,156914
67.04035210609436,156914
67.041170835495,156914
67.04274559020996,156914
67.04357481002808,156914
67.04441213607788,156914
67.04524278640747,156914
67.04606318473816,156914
67.04764080047607,156914
67.04846334457397,156914
67.0492959022522,156914
67.05011558532715,156914
67.05168843269348,156914
67.05252051353455,156914
67.05334687232971,156914
67.05417394638062,156914
67.05575180053711,156914
67.05658316612244,156914
67.0574107170105,156914
67.05824017524719,156914
67.0590603351593,156914
67.06064105033875,156914
67.06146454811096,156914
67.06229090690613,156914
67.06310892105103,156914
67.06469345092773,156914
67.0655164718628,156914
67.0663468837738,156914
67.06716895103455,156914
67.06874775886536,156914
67.06956720352173,156914
67.07040929794312,156914
67.07122254371643,156914
67.07204174995422,156914
67.07362222671509,156914
67.07445454597473,156914
67.07528162002563,156914
67.0761022567749,156914
67.07767677307129,156914
67.07851076126099,156914
67.07933902740479,156914
67.08015894889832,156914
67.08173894882202,156914
67.08256340026855,156914
67.08338499069214,156914
67.08422374725342,156914
67.08504557609558,156914
67.0866219997406,156914
67.08744478225708,156914
67.0882797241211,156914
67.089102268219,156914
67.09067916870117,156914
67.09150552749634,156914
67.09233260154724,156914
67.09315204620361,156914
67.09474635124207,156914
67.09557032585144,156914
67.09639930725098,156914
67.09722423553467,156914
67.09804463386536,156914
67.09961581230164,156914
67.10044312477112,156914
67.10127115249634,156914
67.10208821296692,156914
67.10367178916931,156914
67.10450744628906,156914
67.10533499717712,156914
67.1061520576477,156914
67.10773277282715,156914
67.10855984687805,156914
67.10937809944153,156914
67.11021184921265,156914
67.11103796958923,156914
67.11261129379272,156914
67.11344337463379,156914
67.11428570747375,156914
67.11510348320007,156914
67.11668133735657,156914
67.117516040802,156914
67.11834335327148,156914
67.1191635131836,156914
67.12074303627014,156914
67.1215591430664,156914
67.1223931312561,156914
67.12321829795837,156914
67.12404990196228,156914
67.12563061714172,156914
67.12644863128662,156914
67.12728142738342,156914
67.12809991836548,156914
67.12967729568481,156914
67.13050413131714,156914
67.13133335113525,156914
67.13215065002441,156914
67.13373160362244,156914
67.13456606864929,156914
67.13539171218872,156914
67.13621807098389,156914
67.13703966140747,156914
67.1386170387268,156914
67.1394407749176,156914
67.14026713371277,156914
67.14108753204346,156914
67.14266610145569,156914
67.14348769187927,156914
67.14432740211487,156914
67.14515399932861,156914
67.14673042297363,156914
67.14755749702454,156914
67.1483793258667,156914
67.14921116828918,156914
67.15003061294556,156914
67.15160703659058,156914
67.15243005752563,156914
67.15326023101807,156914
67.15408945083618,156914
67.15566325187683,156914
67.15649914741516,156914
67.1573257446289,156914
67.15814471244812,156914
67.15972328186035,156914
67.16054892539978,156914
67.16137528419495,156914
67.16220045089722,156914
67.16301965713501,156914
67.16460728645325,156914
67.16543245315552,156914
67.16626238822937,156914
67.16708660125732,156914
67.16866564750671,156914
67.16949248313904,156914
67.17031788825989,156914
67.17113733291626,156914
67.17271828651428,156914
67.17353892326355,156914
67.17438387870789,156914
67.17520880699158,156914
67.17602872848511,156914
67.17760491371155,156914
67.1784291267395,156914
67.17926001548767,156914
67.18007850646973,156914
67.18165683746338,156914
67.18247961997986,156914
67.18331027030945,156914
67.18414258956909,156914
67.18571972846985,156914
67.18654561042786,156914
67.18737363815308,156914
67.18819999694824,156914
67.18902134895325,156914
67.19060015678406,156914
67.19142699241638,156914
67.19225525856018,156914
67.19307446479797,156914
67.1946611404419,156914
67.19549083709717,156914
67.1963164806366,156914
67.1971344947815,156914
67.19871807098389,156914
67.19954299926758,156914
67.20036816596985,156914
67.20119285583496,156914
67.2020173072815,156914
67.20359373092651,156914
67.20442390441895,156914
67.2052550315857,156914
67.20607686042786,156914
67.20765209197998,156914
67.20847725868225,156914
67.2093071937561,156914
67.210125207901,156914
67.21169972419739,156914
67.21253085136414,156914
67.21335697174072,156914
67.21419048309326,156914
67.21501016616821,156914
67.21658730506897,156914
67.21741390228271,156914
67.21824741363525,156914
67.21906900405884,156914
67.22063708305359,156914
67.22147035598755,156914
67.22230291366577,156914
67.22312498092651,156914
67.22471451759338,156914
67.22554349899292,156914
67.22636866569519,156914
67.22719311714172,156914
67.22801685333252,156914
67.22959041595459,156914
67.2304174900055,156914
67.23124670982361,156914
67.2320671081543,156914
67.2336437702179,156914
67.23447823524475,156914
67.23530507087708,156914
67.23612523078918,156914
67.23770833015442,156914
67.23852944374084,156914
67.2393593788147,156914
67.24018716812134,156914
67.24100995063782,156914
67.24258780479431,156914
67.24340415000916,156914
67.24424910545349,156914
67.2450704574585,156914
67.2466413974762,156914
67.24746775627136,156914
67.24829649925232,156914
67.2491180896759,156914
67.25069761276245,156914
67.2515218257904,156914
67.25235033035278,156914
67.25316858291626,156914
67.25475573539734,156914
67.25557351112366,156914
67.25640630722046,156914
67.2572374343872,156914
67.25805878639221,156914
67.25963139533997,156914
67.26046657562256,156914
67.26129364967346,156914
67.26211547851562,156914
67.26369094848633,156914
67.26452684402466,156914
67.26535367965698,156914
67.2661817073822,156914
67.26776218414307,156914
67.26858758926392,156914
67.26941776275635,156914
67.27024579048157,156914
67.27106738090515,156914
67.27263569831848,156914
67.27346968650818,156914
67.2743091583252,156914
67.27512907981873,156914
67.27670741081238,156914
67.27753448486328,156914
67.27836275100708,156914
67.2791907787323,156914
67.28001070022583,156914
67.28158903121948,156914
67.28240919113159,156914
67.28324127197266,156914
67.28407263755798,156914
67.2856514453888,156914
67.28647541999817,156914
67.28730392456055,156914
67.28812551498413,156914
67.28970694541931,156914
67.29052925109863,156914
67.29135775566101,156914
67.29218173027039,156914
67.2937581539154,156914
67.29458498954773,156914
67.29542088508606,156914
67.2962498664856,156914
67.29707193374634,156914
67.29864549636841,156914
67.29947185516357,156914
67.30030560493469,156914
67.30112385749817,156914
67.30270147323608,156914
67.30352830886841,156914
67.30436706542969,156914
67.30519032478333,156914
67.30601215362549,156914
67.30758357048035,156914
67.30841708183289,156914
67.30924677848816,156914
67.31006741523743,156914
67.31164479255676,156914
67.31247448921204,156914
67.31330561637878,156914
67.31413531303406,156914
67.31571578979492,156914
67.31654191017151,156914
67.31736540794373,156914
67.31819581985474,156914
67.31901741027832,156914
67.32058930397034,156914
67.32141351699829,156914
67.3222427368164,156914
67.3230619430542,156914
67.32464456558228,156914
67.3254725933075,156914
67.32630276679993,156914
67.32712125778198,156914
67.32870221138,156914
67.32952356338501,156914
67.33035659790039,156914
67.33118391036987,156914
67.33275556564331,156914
67.33358430862427,156914
67.33442687988281,156914
67.3352541923523,156914
67.33607602119446,156914
67.33765029907227,156914
67.33848237991333,156914
67.33931303024292,156914
67.34013247489929,156914
67.34170413017273,156914
67.34253311157227,156914
67.34335589408875,156914
67.34419703483582,156914
67.34502172470093,156914
67.34659504890442,156914
67.34742188453674,156914
67.34825277328491,156914
67.34907603263855,156914
67.35064792633057,156914
67.35147857666016,156914
67.352303981781,156914
67.35312581062317,156914
67.35471796989441,156914
67.35554075241089,156914
67.35636758804321,156914
67.35719633102417,156914
67.35801386833191,156914
67.35959672927856,156914
67.36041927337646,156914
67.36125016212463,156914
67.36207127571106,156914
67.3636462688446,156914
67.36448621749878,156914
67.365314245224,156914
67.36613249778748,156914
67.36770462989807,156914
67.3685393333435,156914
67.36936259269714,156914
67.37019157409668,156914
67.37101197242737,156914
67.37258839607239,156914
67.37340903282166,156914
67.37425327301025,156914
67.37507581710815,156914
67.37664580345154,156914
67.3774745464325,156914
67.37830185890198,156914
67.37911796569824,156914
67.38069748878479,156914
67.38152360916138,156914
67.38234901428223,156914
67.38316440582275,156914
67.38475823402405,156914
67.38558554649353,156914
67.38641285896301,156914
67.38724255561829,156914
67.3880627155304,156914
67.38963913917542,156914
67.39046740531921,156914
67.39130067825317,156914
67.39211821556091,156914
67.39369487762451,156914
67.39453029632568,156914
67.39534950256348,156914
67.39618253707886,156914
67.3970057964325,156914
67.39858174324036,156914
67.39940571784973,156914
67.4002377986908,156914
67.40106010437012,156914
67.4026391506195,156914
67.40346169471741,156914
67.40430450439453,156914
67.4051251411438,156914
67.40669822692871,156914
67.40752696990967,156914
67.40836071968079,156914
67.40918564796448,156914
67.41000580787659,156914
67.41158938407898,156914
67.41241073608398,156914
67.41324400901794,156914
67.41407370567322,156914
67.41565299034119,156914
67.41647553443909,156914
67.41730260848999,156914
67.41812014579773,156914
67.41969704627991,156914
67.42052507400513,156914
67.42135548591614,156914
67.4221842288971,156914
67.42300772666931,156914
67.42458772659302,156914
67.42542099952698,156914
67.42625188827515,156914
67.42706990242004,156914
67.42864847183228,156914
67.42947173118591,156914
67.43030214309692,156914
67.43111991882324,156914
67.43269443511963,156914
67.43352770805359,156914
67.43436193466187,156914
67.43518161773682,156914
67.43676114082336,156914
67.43758177757263,156914
67.43840599060059,156914
67.43923377990723,156914
67.44005250930786,156914
67.44162917137146,156914
67.44245314598083,156914
67.44328117370605,156914
67.4441089630127,156914
67.44568586349487,156914
67.44651317596436,156914
67.44734025001526,156914
67.44816040992737,156914
67.44974112510681,156914
67.45056915283203,156914
67.45139622688293,156914
67.4522225856781,156914
67.45303964614868,156914
67.45462799072266,156914
67.4554512500763,156914
67.45628309249878,156914
67.45710277557373,156914
67.4586808681488,156914
67.4595115184784,156914
67.46034216880798,156914
67.46116065979004,156914
67.462735414505,156914
67.46355938911438,156914
67.46439862251282,156914
67.46522903442383,156914
67.46604800224304,156914
67.46762442588806,156914
67.46844959259033,156914
67.46928381919861,156914
67.47010469436646,156914
67.47168350219727,156914
67.47251272201538,156914
67.47334027290344,156914
67.47416853904724,156914
67.47575116157532,156914
67.47657418251038,156914
67.47739744186401,156914
67.47822690010071,156914
67.47904825210571,156914
67.48063063621521,156914
67.48145341873169,156914
67.4822883605957,156914
67.48310470581055,156914
67.48469591140747,156914
67.48552179336548,156914
67.48635411262512,156914
67.48718070983887,156914
67.48876237869263,156914
67.48959183692932,156914
67.49041509628296,156914
67.49124431610107,156914
67.49206447601318,156914
67.49364256858826,156914
67.49447584152222,156914
67.49530482292175,156914
67.49612498283386,156914
67.49770379066467,156914
67.49853348731995,156914
67.49935483932495,156914
67.50018286705017,156914
67.50175499916077,156914
67.50258612632751,156914
67.50341725349426,156914
67.50425434112549,156914
67.5050733089447,156914
67.5066466331482,156914
67.50747513771057,156914
67.50830483436584,156914
67.50912308692932,156914
67.51069664955139,156914
67.5115327835083,156914
67.5123565196991,156914
67.51318645477295,156914
67.51401829719543,156914
67.5155897140503,156914
67.51642036437988,156914
67.51725101470947,156914
67.51806950569153,156914
67.51964807510376,156914
67.52047204971313,156914
67.52130270004272,156914
67.5221221446991,156914
67.52370119094849,156914
67.52453279495239,156914
67.52536296844482,156914
67.52618598937988,156914
67.52700996398926,156914
67.52858853340149,156914
67.52941179275513,156914
67.5302414894104,156914
67.53106141090393,156914
67.53263926506042,156914
67.53346490859985,156914
67.53430390357971,156914
67.53512501716614,156914
67.53670501708984,156914
67.53753018379211,156914
67.53835892677307,156914
67.53918671607971,156914
67.54001259803772,156914
67.54158616065979,156914
67.54240942001343,156914
67.5432403087616,156914
67.54406833648682,156914
67.5456485748291,156914
67.5464723110199,156914
67.54730176925659,156914
67.5481207370758,156914
67.54969716072083,156914
67.55052304267883,156914
67.55135345458984,156914
67.55217480659485,156914
67.55374836921692,156914
67.55457496643066,156914
67.55540561676025,156914
67.55623650550842,156914
67.55705618858337,156914
67.55863332748413,156914
67.55946159362793,156914
67.56029176712036,156914
67.56110954284668,156914
67.56268763542175,156914
67.5635097026825,156914
67.56435203552246,156914
67.56517219543457,156914
67.56674766540527,156914
67.56757164001465,156914
67.5684072971344,156914
67.56923413276672,156914
67.57005453109741,156914
67.57163047790527,156914
67.57245779037476,156914
67.5732843875885,156914
67.57411122322083,156914
67.57568955421448,156914
67.57652187347412,156914
67.57734775543213,156914
67.57817006111145,156914
67.57974910736084,156914
67.58057641983032,156914
67.58140110969543,156914
67.58223724365234,156914
67.58305215835571,156914
67.584636926651,156914
67.58545899391174,156914
67.58629131317139,156914
67.58710837364197,156914
67.58868598937988,156914
67.589510679245,156914
67.59033799171448,156914
67.59115695953369,156914
67.5927357673645,156914
67.5935571193695,156914
67.59439468383789,156914
67.59521889686584,156914
67.59604120254517,156914
67.59761571884155,156914
67.5984435081482,156914
67.59927344322205,156914
67.60009336471558,156914
67.60167217254639,156914
67.60250091552734,156914
67.60333108901978,156914
67.60415959358215,156914
67.6057333946228,156914
67.60655570030212,156914
67.6073865890503,156914
67.60821676254272,156914
67.60903596878052,156914
67.6106162071228,156914
67.61144018173218,156914
67.6122715473175,156914
67.61309289932251,156914
67.6146810054779,156914
67.61550569534302,156914
67.61633610725403,156914
67.61715316772461,156914
67.61873388290405,156914
67.61955738067627,156914
67.6203863620758,156914
67.62121295928955,156914
67.62203097343445,156914
67.6236047744751,156914
67.62444519996643,156914
67.6252748966217,156914
67.62609815597534,156914
67.62767219543457,156914
67.6285035610199,156914
67.62933492660522,156914
67.63015675544739,156914
67.6317389011383,156914
67.63256311416626,156914
67.63338947296143,156914
67.63422441482544,156914
67.63504528999329,156914
67.63661980628967,156914
67.637446641922,156914
67.6382737159729,156914
67.6390917301178,156914
67.64067006111145,156914
67.6414966583252,156914
67.64232659339905,156914
67.64314603805542,156914
67.64472770690918,156914
67.64556050300598,156914
67.64638304710388,156914
67.64721298217773,156914
67.64803576469421,156914
67.64961409568787,156914
67.65044093132019,156914
67.65126967430115,156914
67.65208983421326,156914
67.6536705493927,156914
67.65450549125671,156914
67.6553373336792,156914
67.65615916252136,156914
67.65773510932922,156914
67.65856742858887,156914
67.65939664840698,156914
67.66022253036499,156914
67.66104125976562,156914
67.66261553764343,156914
67.66344881057739,156914
67.66428208351135,156914
67.66510462760925,156914
67.66668224334717,156914
67.66750717163086,156914
67.66833829879761,156914
67.66916036605835,156914
67.67074060440063,156914
67.67156219482422,156914
67.67239046096802,156914
67.67322254180908,156914
67.67405343055725,156914
67.67563128471375,156914
67.67646384239197,156914
67.67728972434998,156914
67.67810678482056,156914
67.67969059944153,156914
67.68051338195801,156914
67.68134593963623,156914
67.6821665763855,156914
67.68374371528625,156914
67.68457579612732,156914
67.68540215492249,156914
67.68623495101929,156914
67.6870551109314,156914
67.68862795829773,156914
67.68946075439453,156914
67.69028806686401,156914
67.69110465049744,156914
67.69268798828125,156914
67.69351625442505,156914
67.69435286521912,156914
67.69517111778259,156914
67.6967499256134,156914
67.69757866859436,156914
67.69840121269226,156914
67.69923663139343,156914
67.7000572681427,156914
67.70163226127625,156914
67.70246505737305,156914
67.70329356193542,156914
67.7041220664978,156914
67.70569729804993,156914
67.70651888847351,156914
67.70735049247742,156914
67.70818209648132,156914
67.70976042747498,156914
67.71058225631714,156914
67.71141314506531,156914
67.71223902702332,156914
67.71306467056274,156914
67.71464920043945,156914
67.71547150611877,156914
67.71630334854126,156914
67.71712040901184,156914
67.71870875358582,156914
67.71954321861267,156914
67.72036910057068,156914
67.72119450569153,156914
67.72201442718506,156914
67.72359132766724,156914
67.72443056106567,156914
67.72526049613953,156914
67.72608208656311,156914
67.72765135765076,156914
67.72848129272461,156914
67.72930836677551,156914
67.7301344871521,156914
67.73170900344849,156914
67.73253774642944,156914
67.7333652973175,156914
67.73420023918152,156914
67.73502326011658,156914
67.73660159111023,156914
67.73743009567261,156914
67.73825740814209,156914
67.7390730381012,156914
67.74065327644348,156914
67.74147844314575,156914
67.74230599403381,156914
67.74312400817871,156914
67.74471378326416,156914
67.74553775787354,156914
67.74636602401733,156914
67.7471911907196,156914
67.74801015853882,156914
67.7495858669281,156914
67.75041270256042,156914
67.75124430656433,156914
67.75206351280212,156914
67.75364065170288,156914
67.75447583198547,156914
67.75530219078064,156914
67.75612044334412,156914
67.75769829750061,156914
67.75852704048157,156914
67.75935316085815,156914
67.760174036026,156914
67.76175260543823,156914
67.76257228851318,156914
67.76340007781982,156914
67.76424145698547,156914
67.7650625705719,156914
67.76663732528687,156914
67.7674663066864,156914
67.76829361915588,156914
67.76911091804504,156914
67.77068948745728,156914
67.77151489257812,156914
67.7723457813263,156914
67.77316761016846,156914
67.77475094795227,156914
67.77558207511902,156914
67.77641248703003,156914
67.77724027633667,156914
67.77805852890015,156914
67.77963781356812,156914
67.78046321868896,156914
67.7812888622284,156914
67.78210544586182,156914
67.78368067741394,156914
67.7845184803009,156914
67.78534936904907,156914
67.78616762161255,156914
67.78774094581604,156914
67.78857183456421,156914
67.78939867019653,156914
67.7902295589447,156914
67.79105043411255,156914
67.79262208938599,156914
67.79345607757568,156914
67.79429697990417,156914
67.79511570930481,156914
67.79669904708862,156914
67.79752326011658,156914
67.79835486412048,156914
67.7991714477539,156914
67.80075097084045,156914
67.80157661437988,156914
67.8024034500122,156914
67.80323100090027,156914
67.80406165122986,156914
67.80563712120056,156914
67.80646085739136,156914
67.80729222297668,156914
67.80811285972595,156914
67.8096911907196,156914
67.81051874160767,156914
67.81134581565857,156914
67.81216359138489,156914
67.81374144554138,156914
67.81457448005676,156914
67.81540369987488,156914
67.8162305355072,156914
67.81705331802368,156914
67.81862688064575,156914
67.81945943832397,156914
67.82028841972351,156914
67.82110643386841,156914
67.82268524169922,156914
67.82350897789001,156914
67.82434749603271,156914
67.8251690864563,156914
67.8267502784729,156914
67.82757306098938,156914
67.82840394973755,156914
67.82923150062561,156914
67.8300518989563,156914
67.83162999153137,156914
67.83246159553528,156914
67.83328580856323,156914
67.83411407470703,156914
67.8356921672821,156914
67.83651638031006,156914
67.83735060691833,156914
67.83817505836487,156914
67.83975124359131,156914
67.84057521820068,156914
67.84139227867126,156914
67.84222841262817,156914
67.84305262565613,156914
67.84464025497437,156914
67.84546661376953,156914
67.84629321098328,156914
67.84711241722107,156914
67.84869074821472,156914
67.84951686859131,156914
67.85034513473511,156914
67.85116505622864,156914
67.8527467250824,156914
67.8535726070404,156914
67.85440969467163,156914
67.85524129867554,156914
67.85606217384338,156914
67.85763907432556,156914
67.85846328735352,156914
67.8592939376831,156914
67.86011409759521,156914
67.86169147491455,156914
67.86252212524414,156914
67.86335110664368,156914
67.8641791343689,156914
67.86575627326965,156914
67.86658024787903,156914
67.8674042224884,156914
67.8682312965393,156914
67.86905169487,156914
67.87062740325928,156914
67.87145471572876,156914
67.87228178977966,156914
67.87310147285461,156914
67.87468433380127,156914
67.87551689147949,156914
67.87634325027466,156914
67.87716031074524,156914
67.8787362575531,156914
67.87955927848816,156914
67.88039231300354,156914
67.88122010231018,156914
67.88204073905945,156914
67.88361406326294,156914
67.8844473361969,156914
67.88528275489807,156914
67.88610315322876,156914
67.88767910003662,156914
67.88850784301758,156914
67.88933420181274,156914
67.8901515007019,156914
67.89172911643982,156914
67.89256024360657,156914
67.89338827133179,156914
67.89422678947449,156914
67.89504718780518,156914
67.89662456512451,156914
67.89745306968689,156914
67.89828205108643,156914
67.8991003036499,156914
67.90067791938782,156914
67.90150213241577,156914
67.90233492851257,156914
67.90315270423889,156914
67.90474271774292,156914
67.90556931495667,156914
67.90639114379883,156914
67.90722036361694,156914
67.90804123878479,156914
67.90961480140686,156914
67.91044020652771,156914
67.91126704216003,156914
67.91208839416504,156914
67.91366267204285,156914
67.91449999809265,156914
67.9153323173523,156914
67.91615056991577,156914
67.9177258014679,156914
67.91854786872864,156914
67.91937637329102,156914
67.92020416259766,156914
67.92102336883545,156914
67.92260146141052,156914
67.92342734336853,156914
67.92426657676697,156914
67.92508721351624,156914
67.92667031288147,156914
67.92749333381653,156914
67.92832589149475,156914
67.92914152145386,156914
67.93072056770325,156914
67.93154644966125,156914
67.93236756324768,156914
67.93320155143738,156914
67.93403601646423,156914
67.93561577796936,156914
67.93643856048584,156914
67.93727159500122,156914
67.93809390068054,156914
67.93966579437256,156914
67.9404878616333,156914
67.94132447242737,156914
67.94214463233948,156914
67.94371628761292,156914
67.9445571899414,156914
67.94538855552673,156914
67.94621205329895,156914
67.94703221321106,156914
67.94860744476318,156914
67.94943404197693,156914
67.9502625465393,156914
67.95108389854431,156914
67.9526584148407,156914
67.95348620414734,156914
67.95432615280151,156914
67.9551420211792,156914
67.95672154426575,156914
67.95754981040955,156914
67.95837259292603,156914
67.95919990539551,156914
67.96002054214478,156914
67.96159887313843,156914
67.96242547035217,156914
67.9632580280304,156914
67.96409034729004,156914
67.96566677093506,156914
67.96648716926575,156914
67.96731972694397,156914
67.96813893318176,156914
67.969717502594,156914
67.97053813934326,156914
67.97136998176575,156914
67.97219634056091,156914
67.97301459312439,156914
67.97460556030273,156914
67.97543501853943,156914
67.97626376152039,156914
67.97708439826965,156914
67.97865700721741,156914
67.97947955131531,156914
67.98031044006348,156914
67.9811270236969,156914
67.98270320892334,156914
67.98352789878845,156914
67.98437070846558,156914
67.98519921302795,156914
67.98601984977722,156914
67.98759603500366,156914
67.98842406272888,156914
67.98925638198853,156914
67.9900758266449,156914
67.99165391921997,156914
67.99247670173645,156914
67.99330186843872,156914
67.99412798881531,156914
67.99570536613464,156914
67.99653124809265,156914
67.99736022949219,156914
67.9981906414032,156914
67.99901342391968,156914
68.0005841255188,156914
68.00141596794128,156914
68.00224900245667,156914
68.00306940078735,156914
68.00464987754822,156914
68.00547623634338,156914
68.00630187988281,156914
68.00712037086487,156914
68.00869989395142,156914
68.00952196121216,156914
68.01035475730896,156914
68.01117181777954,156914
68.01274752616882,156914
68.01357650756836,156914
68.0144100189209,156914
68.01524519920349,156914
68.0160665512085,156914
68.01764678955078,156914
68.01846861839294,156914
68.01930141448975,156914
68.02011919021606,156914
68.02169847488403,156914
68.02252125740051,156914
68.02334952354431,156914
68.02417945861816,156914
68.02575850486755,156914
68.02658534049988,156914
68.02740931510925,156914
68.02823877334595,156914
68.02905678749084,156914
68.03063082695007,156914
68.03146314620972,156914
68.0322916507721,156914
68.03311228752136,156914
68.03469848632812,156914
68.03552174568176,156914
68.0363552570343,156914
68.03717708587646,156914
68.03875160217285,156914
68.0395839214325,156914
68.04040837287903,156914
68.04123878479004,156914
68.04206132888794,156914
68.0436384677887,156914
68.04447221755981,156914
68.04530262947083,156914
68.04611992835999,156914
68.0476987361908,156914
68.04852175712585,156914
68.04935383796692,156914
68.05017495155334,156914
68.05174922943115,156914
68.05257296562195,156914
68.05339980125427,156914
68.0542380809784,156914
68.05505871772766,156914
68.05664491653442,156914
68.05746388435364,156914
68.05829453468323,156914
68.05911445617676,156914
68.06069207191467,156914
68.06152510643005,156914
68.06235027313232,156914
68.06317353248596,156914
68.06475949287415,156914
68.06558775901794,156914
68.06641507148743,156914
68.06724047660828,156914
68.06806111335754,156914
68.06963539123535,156914
68.07046842575073,156914
68.07129979133606,156914
68.07211828231812,156914
68.0736973285675,156914
68.07454109191895,156914
68.07536888122559,156914
68.07619571685791,156914
68.07701587677002,156914
68.07859110832214,156914
68.07942080497742,156914
68.08025002479553,156914
68.08107662200928,156914
68.08265233039856,156914
68.08347344398499,156914
68.08431506156921,156914
68.08513307571411,156914
68.08670830726624,156914
68.08754229545593,156914
68.0883674621582,156914
68.08919763565063,156914
68.09001851081848,156914
68.09159684181213,156914
68.09242153167725,156914
68.09324908256531,156914
68.09408211708069,156914
68.09565615653992,156914
68.09648394584656,156914
68.09730935096741,156914
68.09812831878662,156914
68.09970903396606,156914
68.1005392074585,156914
68.10136437416077,156914
68.10219287872314,156914
68.10301804542542,156914
68.10460376739502,156914
68.10542798042297,156914
68.10625338554382,156914
68.10707473754883,156914
68.10865068435669,156914
68.1094741821289,156914
68.11030673980713,156914
68.11112809181213,156914
68.11271071434021,156914
68.11353516578674,156914
68.11437773704529,156914
68.11520314216614,156914
68.1160261631012,156914
68.11760354042053,156914
68.11843299865723,156914
68.11926317214966,156914
68.12007999420166,156914
68.12165975570679,156914
68.12247800827026,156914
68.12331295013428,156914
68.12414693832397,156914
68.12571930885315,156914
68.12655210494995,156914
68.12737345695496,156914
68.12820816040039,156914
68.12902879714966,156914
68.13060522079468,156914
68.13143539428711,156914
68.1322615146637,156914
68.13307976722717,156914
68.1346652507782,156914
68.13548922538757,156914
68.13631844520569,156914
68.13713693618774,156914
68.1387107372284,156914
68.1395435333252,156914
68.14036655426025,156914
68.14119601249695,156914
68.14202189445496,156914
68.14359831809998,156914
68.14443182945251,156914
68.14526224136353,156914
68.14608192443848,156914
68.14765691757202,156914
68.14848446846008,156914
68.14931678771973,156914
68.15013217926025,156914
68.15170812606812,156914
68.15253472328186,156914
68.15336871147156,156914
68.15420126914978,156914
68.15502214431763,156914
68.15660333633423,156914
68.15742635726929,156914
68.15825843811035,156914
68.15907859802246,156914
68.16065192222595,156914
68.16148018836975,156914
68.16231036186218,156914
68.16312599182129,156914
68.16471338272095,156914
68.16554307937622,156914
68.16636824607849,156914
68.16719460487366,156914
68.16801428794861,156914
68.16958928108215,156914
68.17041873931885,156914
68.1712429523468,156914
68.17206454277039,156914
68.17364311218262,156914
68.17447900772095,156914
68.17530941963196,156914
68.17612767219543,156914
68.1777024269104,156914
68.17853021621704,156914
68.17935991287231,156914
68.18018817901611,156914
68.18101096153259,156914
68.1825864315033,156914
68.18341445922852,156914
68.18425226211548,156914
68.18507146835327,156914
68.18664860725403,156914
68.1874749660492,156914
68.18830490112305,156914
68.18912696838379,156914
68.19070720672607,156914
68.19153118133545,156914
68.1923577785492,156914
68.19318890571594,156914
68.19401860237122,156914
68.19559597969055,156914
68.19642210006714,156914
68.19725131988525,156914
68.19807505607605,156914
68.19964861869812,156914
68.2004747390747,156914
68.20130157470703,156914
68.20211935043335,156914
68.20369839668274,156914
68.20453405380249,156914
68.20536041259766,156914
68.20618605613708,156914
68.20700573921204,156914
68.20858407020569,156914
68.20941162109375,156914
68.21023678779602,156914
68.2110583782196,156914
68.21263647079468,156914
68.21345949172974,156914
68.21429777145386,156914
68.21511745452881,156914
68.21669006347656,156914
68.21751976013184,156914
68.21834826469421,156914
68.21917152404785,156914
68.22075152397156,156914
68.22156977653503,156914
68.22240471839905,156914
68.22323346138,156914
68.2240641117096,156914
68.22564196586609,156914
68.22646975517273,156914
68.22729444503784,156914
68.22811436653137,156914
68.22969770431519,156914
68.23051762580872,156914
68.23135161399841,156914
68.23217248916626,156914
68.23374938964844,156914
68.23458886146545,156914
68.23540878295898,156914
68.236243724823,156914
68.23706269264221,156914
68.23864102363586,156914
68.23946571350098,156914
68.24029588699341,156914
68.24111723899841,156914
68.24269723892212,156914
68.24352693557739,156914
68.24436736106873,156914
68.24520063400269,156914
68.24602127075195,156914
68.24759769439697,156914
68.24841928482056,156914
68.24925255775452,156914
68.25007367134094,156914
68.25164818763733,156914
68.25247406959534,156914
68.25330781936646,156914
68.25413727760315,156914
68.25571775436401,156914
68.25654816627502,156914
68.25737428665161,156914
68.25820231437683,156914
68.2590217590332,156914
68.26059699058533,156914
68.26142859458923,156914
68.2622594833374,156914
68.26307606697083,156914
68.26465630531311,156914
68.26549005508423,156914
68.26631951332092,156914
68.26713943481445,156914
68.26871657371521,156914
68.2695460319519,156914
68.27037763595581,156914
68.27120208740234,156914
68.27202033996582,156914
68.27359652519226,156914
68.27443194389343,156914
68.27526021003723,156914
68.27608108520508,156914
68.27765679359436,156914
68.27848291397095,156914
68.27930736541748,156914
68.2801239490509,156914
68.28170537948608,156914
68.28252935409546,156914
68.28335738182068,156914
68.28418946266174,156914
68.28501033782959,156914
68.28659296035767,156914
68.28741908073425,156914
68.28824758529663,156914
68.28906893730164,156914
68.29064702987671,156914
68.29146790504456,156914
68.29230403900146,156914
68.29312324523926,156914
68.2947096824646,156914
68.29553771018982,156914
68.2963616847992,156914
68.29719018936157,156914
68.29801321029663,156914
68.29959082603455,156914
68.3004219532013,156914
68.30124711990356,156914
68.30206823348999,156914
68.30364108085632,156914
68.30447149276733,156914
68.30530738830566,156914
68.30612516403198,156914
68.30770421028137,156914
68.30853199958801,156914
68.30935621261597,156914
68.31018495559692,156914
68.31100583076477,156914
68.312584400177,156914
68.3134069442749,156914
68.31424689292908,156914
68.31506609916687,156914
68.3166434764862,156914
68.31746530532837,156914
68.31829619407654,156914
68.31911659240723,156914
68.32069969177246,156914
68.3215274810791,156914
68.32235336303711,156914
68.32318258285522,156914
68.32401466369629,156914
68.32559132575989,156914
68.32642078399658,156914
68.32725167274475,156914
68.32807517051697,156914
68.3296525478363,156914
68.33047103881836,156914
68.33130502700806,156914
68.33212566375732,156914
68.33369874954224,156914
68.33453440666199,156914
68.33536267280579,156914
68.33619141578674,156914
68.33701610565186,156914
68.33858823776245,156914
68.33941745758057,156914
68.3402452468872,156914
68.34106421470642,156914
68.34264135360718,156914
68.34347414970398,156914
68.34431099891663,156914
68.345130443573,156914
68.34670782089233,156914
68.34753179550171,156914
68.34835839271545,156914
68.34919142723083,156914
68.35001182556152,156914
68.35159087181091,156914
68.35241770744324,156914
68.35324573516846,156914
68.35407710075378,156914
68.3556489944458,156914
68.35648250579834,156914
68.3573100566864,156914
68.35812878608704,156914
68.35971021652222,156914
68.36053609848022,156914
68.3613657951355,156914
68.36219096183777,156914
68.36301016807556,156914
68.36459136009216,156914
68.36542344093323,156914
68.36625456809998,156914
68.3670744895935,156914
68.36864995956421,156914
68.3694703578949,156914
68.37030410766602,156914
68.3711245059967,156914
68.37270188331604,156914
68.37353253364563,156914
68.37437343597412,156914
68.37520003318787,156914
68.37602400779724,156914
68.37760353088379,156914
68.37842726707458,156914
68.37925815582275,156914
68.3800790309906,156914
68.38165473937988,156914
68.38247680664062,156914
68.38331079483032,156914
68.38413715362549,156914
68.38571047782898,156914
68.38654208183289,156914
68.38737440109253,156914
68.38820338249207,156914
68.38902378082275,156914
68.3905999660492,156914
68.39142847061157,156914
68.39225816726685,156914
68.39307856559753,156914
68.39465713500977,156914
68.39548587799072,156914
68.39631772041321,156914
68.39713525772095,156914
68.39871311187744,156914
68.39953589439392,156914
68.40036630630493,156914
68.40119457244873,156914
68.40201473236084,156914
68.4035894870758,156914
68.40442395210266,156914
68.40525221824646,156914
68.40607070922852,156914
68.40765023231506,156914
68.40847563743591,156914
68.40930128097534,156914
68.41012120246887,156914
68.4117043018341,156914
68.4125280380249,156914
68.4133608341217,156914
68.4141914844513,156914
68.41502404212952,156914
68.4166009426117,156914
68.41742873191833,156914
68.41825199127197,156914
68.41907262802124,156914
68.42064833641052,156914
68.4214735031128,156914
68.42230296134949,156914
68.42312502861023,156914
68.42471814155579,156914
68.42554187774658,156914
68.4263687133789,156914
68.42719531059265,156914
68.42801809310913,156914
68.4295961856842,156914
68.4304268360138,156914
68.43125224113464,156914
68.43207144737244,156914
68.4336485862732,156914
68.43448853492737,156914
68.4353175163269,156914
68.4361355304718,156914
68.43771696090698,156914
68.43853998184204,156914
68.43936538696289,156914
68.44019532203674,156914
68.44101572036743,156914
68.44259095191956,156914
68.44342279434204,156914
68.44425940513611,156914
68.44508147239685,156914
68.4466609954834,156914
68.44748187065125,156914
68.44831418991089,156914
68.44913506507874,156914
68.45071315765381,156914
68.4515368938446,156914
68.45235991477966,156914
68.45318746566772,156914
68.45401883125305,156914
68.45559477806091,156914
68.45642161369324,156914
68.45725178718567,156914
68.45806837081909,156914
68.45964741706848,156914
68.46047306060791,156914
68.46130132675171,156914
68.46211910247803,156914
68.46369695663452,156914
68.46453332901001,156914
68.46535730361938,156914
68.46619296073914,156914
68.46701455116272,156914
68.46859002113342,156914
68.46941590309143,156914
68.4702467918396,156914
68.4710693359375,156914
68.47264289855957,156914
68.47347164154053,156914
68.47431063652039,156914
68.4751341342926,156914
68.47671341896057,156914
68.47754311561584,156914
68.47836637496948,156914
68.4791944026947,156914
68.48001718521118,156914
68.4815948009491,156914
68.48241353034973,156914
68.4832489490509,156914
68.48408222198486,156914
68.48566150665283,156914
68.48648262023926,156914
68.48731637001038,156914
68.48813390731812,156914
68.48971772193909,156914
68.49054145812988,156914
68.49136567115784,156914
68.49219584465027,156914
68.49301767349243,156914
68.4946014881134,156914
68.4954309463501,156914
68.49625492095947,156914
68.49707365036011,156914
68.49865102767944,156914
68.49947762489319,156914
68.50030541419983,156914
68.50112295150757,156914
68.50270390510559,156914
68.50352072715759,156914
68.5043637752533,156914
68.5051941871643,156914
68.50601363182068,156914
68.5075855255127,156914
68.50841641426086,156914
68.50924944877625,156914
68.51007270812988,156914
68.51165080070496,156914
68.51247811317444,156914
68.51330971717834,156914
68.51413774490356,156914
68.51571488380432,156914
68.51654243469238,156914
68.5173716545105,156914
68.5181999206543,156914
68.51902556419373,156914
68.52059745788574,156914
68.52143168449402,156914
68.5222601890564,156914
68.52308297157288,156914
68.5246684551239,156914
68.52549004554749,156914
68.52632188796997,156914
68.52714371681213,156914
68.5287230014801,156914
68.52955055236816,156914
68.53037476539612,156914
68.53120446205139,156914
68.53202867507935,156914
68.53360557556152,156914
68.5344467163086,156914
68.5352714061737,156914
68.5360894203186,156914
68.53766942024231,156914
68.5384931564331,156914
68.53932094573975,156914
68.54014253616333,156914
68.54171967506409,156914
68.54254126548767,156914
68.54337239265442,156914
68.54421019554138,156914
68.54503226280212,156914
68.54661250114441,156914
68.5474362373352,156914
68.54826140403748,156914
68.54908275604248,156914
68.55065846443176,156914
68.55148458480835,156914
68.55231165885925,156914
68.55312895774841,156914
68.55472016334534,156914
68.5555510520935,156914
68.55637335777283,156914
68.55720353126526,156914
68.55802512168884,156914
68.55960512161255,156914
68.56043314933777,156914
68.56126308441162,156914
68.56207942962646,156914
68.56365895271301,156914
68.56448769569397,156914
68.5653247833252,156914
68.56614470481873,156914
68.56772518157959,156914
68.56855154037476,156914
68.56938004493713,156914
68.57020950317383,156914
68.57103037834167,156914
68.57259702682495,156914
68.57343363761902,156914
68.57426977157593,156914
68.57509183883667,156914
68.57666897773743,156914
68.5774929523468,156914
68.57832670211792,156914
68.57914566993713,156914
68.58072519302368,156914
68.58155179023743,156914
68.58237481117249,156914
68.5832028388977,156914
68.58403301239014,156914
68.58561062812805,156914
68.58643817901611,156914
68.58726811408997,156914
68.58808827400208,156914
68.58965730667114,156914
68.59048199653625,156914
68.59131288528442,156914
68.59213185310364,156914
68.5937147140503,156914
68.59454822540283,156914
68.59537768363953,156914
68.59620404243469,156914
68.59702515602112,156914
68.59860348701477,156914
68.59942746162415,156914
68.60025715827942,156914
68.60107755661011,156914
68.60264849662781,156914
68.60348320007324,156914
68.6043176651001,156914
68.60513854026794,156914
68.60671949386597,156914
68.60754323005676,156914
68.60836815834045,156914
68.60920143127441,156914
68.6100218296051,156914
68.6115984916687,156914
68.61242437362671,156914
68.61325073242188,156914
68.61408233642578,156914
68.615651845932,156914
68.61648464202881,156914
68.6173141002655,156914
68.61813139915466,156914
68.61971068382263,156914
68.62053489685059,156914
68.62136030197144,156914
68.62219190597534,156914
68.62301135063171,156914
68.62459707260132,156914
68.62542057037354,156914
68.62625408172607,156914
68.62707757949829,156914
68.62865662574768,156914
68.62948656082153,156914
68.63031244277954,156914
68.63112950325012,156914
68.63270711898804,156914
68.6335277557373,156914
68.63436841964722,156914
68.63519835472107,156914
68.63601922988892,156914
68.63759899139404,156914
68.63842511177063,156914
68.63925457000732,156914
68.64007830619812,156914
68.6416552066803,156914
68.6424777507782,156914
68.64331245422363,156914
68.6441400051117,156914
68.64572310447693,156914
68.64655065536499,156914
68.64737486839294,156914
68.64820599555969,156914
68.64903092384338,156914
68.65060782432556,156914
68.65143203735352,156914
68.65226173400879,156914
68.65307998657227,156914
68.65466952323914,156914
68.65549516677856,156914
68.65632271766663,156914
68.65714573860168,156914
68.6587266921997,156914
68.65954542160034,156914
68.66037774085999,156914
68.66120648384094,156914
68.66202759742737,156914
68.66360020637512,156914
68.66443753242493,156914
68.66527152061462,156914
68.66609168052673,156914
68.66767144203186,156914
68.66849899291992,156914
68.66932725906372,156914
68.67014527320862,156914
68.67171907424927,156914
68.67255234718323,156914
68.6733751296997,156914
68.67421340942383,156914
68.67503476142883,156914
68.67661261558533,156914
68.67743396759033,156914
68.67826843261719,156914
68.6790874004364,156914
68.68066215515137,156914
68.6814911365509,156914
68.68231391906738,156914
68.68313360214233,156914
68.6847243309021,156914
68.68554854393005,156914
68.68637156486511,156914
68.68720769882202,156914
68.68802762031555,156914
68.68959951400757,156914
68.69042730331421,156914
68.69125247001648,156914
68.69206976890564,156914
68.69364333152771,156914
68.69448375701904,156914
68.69531035423279,156914
68.6961305141449,156914
68.69770979881287,156914
68.6985330581665,156914
68.69936203956604,156914
68.70019102096558,156914
68.70100903511047,156914
68.70258402824402,156914
68.70340609550476,156914
68.70425081253052,156914
68.70507287979126,156914
68.7066433429718,156914
68.70747876167297,156914
68.70830464363098,156914
68.70912146568298,156914
68.71070075035095,156914
68.71152353286743,156914
68.71235275268555,156914
68.71317434310913,156914
68.71476221084595,156914
68.7155876159668,156914
68.7164192199707,156914
68.71724915504456,156914
68.71806955337524,156914
68.7196569442749,156914
68.72048377990723,156914
68.72131013870239,156914
68.72213006019592,156914
68.723703622818,156914
68.72454643249512,156914
68.72537159919739,156914
68.7262008190155,156914
68.72702193260193,156914
68.72859621047974,156914
68.72942543029785,156914
68.73026013374329,156914
68.73107957839966,156914
68.7326557636261,156914
68.73348355293274,156914
68.7343201637268,156914
68.73513746261597,156914
68.73671770095825,156914
68.73754382133484,156914
68.73837232589722,156914
68.73920559883118,156914
68.74002575874329,156914
68.74160122871399,156914
68.74243116378784,156914
68.74325752258301,156914
68.7440869808197,156914
68.74566292762756,156914
68.74647974967957,156914
68.74731230735779,156914
68.74813103675842,156914
68.74971604347229,156914
68.75054168701172,156914
68.75136804580688,156914
68.7521984577179,156914
68.75301551818848,156914
68.7545976638794,156914
68.75543451309204,156914
68.75626134872437,156914
68.75708317756653,156914
68.75865960121155,156914
68.75948786735535,156914
68.76031875610352,156914
68.76113605499268,156914
68.76271176338196,156914
68.76353478431702,156914
68.76437139511108,156914
68.76520562171936,156914
68.7660300731659,156914
68.76760649681091,156914
68.76843214035034,156914
68.76926136016846,156914
68.7700822353363,156914
68.7716588973999,156914
68.7724838256836,156914
68.77331614494324,156914
68.7741448879242,156914
68.77572417259216,156914
68.77654266357422,156914
68.77737283706665,156914
68.77820491790771,156914
68.77902317047119,156914
68.78059959411621,156914
68.78141951560974,156914
68.78225255012512,156914
68.78307557106018,156914
68.78466200828552,156914
68.78548860549927,156914
68.78631782531738,156914
68.78713536262512,156914
68.78871154785156,156914
68.78953695297241,156914
68.79036736488342,156914
68.79119181632996,156914
68.79201197624207,156914
68.79359030723572,156914
68.79443001747131,156914
68.79525685310364,156914
68.79607582092285,156914
68.79765486717224,156914
68.79848146438599,156914
68.79931282997131,156914
68.80013155937195,156914
68.8017156124115,156914
68.80253982543945,156914
68.80336332321167,156914
68.80419754981995,156914
68.80502247810364,156914
68.80659937858582,156914
68.80743026733398,156914
68.80825924873352,156914
68.80907869338989,156914
68.81065130233765,156914
68.81147646903992,156914
68.81231093406677,156914
68.81313133239746,156914
68.81471943855286,156914
68.81554388999939,156914
68.81637215614319,156914
68.81719946861267,156914
68.81802129745483,156914
68.81959819793701,156914
68.82042574882507,156914
68.82125782966614,156914
68.82208156585693,156914
68.82365870475769,156914
68.82449913024902,156914
68.8253276348114,156914
68.82614707946777,156914
68.82772016525269,156914
68.82855033874512,156914
68.82937955856323,156914
68.83020496368408,156914
68.8310239315033,156914
68.83260464668274,156914
68.83342814445496,156914
68.83426976203918,156914
68.83509135246277,156914
68.83666896820068,156914
68.83748698234558,156914
68.83832025527954,156914
68.8391375541687,156914
68.84070873260498,156914
68.84154486656189,156914
68.84236192703247,156914
68.84319686889648,156914
68.84402585029602,156914
68.84559941291809,156914
68.84643077850342,156914
68.84725642204285,156914
68.84807705879211,156914
68.84965491294861,156914
68.85048151016235,156914
68.85131120681763,156914
68.85212802886963,156914
68.8537049293518,156914
68.85453581809998,156914
68.85536479949951,156914
68.85619521141052,156914
68.85701704025269,156914
68.85859274864197,156914
68.85942125320435,156914
68.86025023460388,156914
68.86107325553894,156914
68.86264896392822,156914
68.86347723007202,156914
68.86431789398193,156914
68.86513614654541,156914
68.86671376228333,156914
68.8675377368927,156914
68.86836123466492,156914
68.8691897392273,156914
68.87000751495361,156914
68.87158608436584,156914
68.87241315841675,156914
68.87324213981628,156914
68.87407279014587,156914
68.87565183639526,156914
68.876473903656,156914
68.87730765342712,156914
68.87812685966492,156914
68.8797070980072,156914
68.88053274154663,156914
68.88135933876038,156914
68.88219261169434,156914
68.88301253318787,156914
68.8845944404602,156914
68.88542437553406,156914
68.88625311851501,156914
68.88707494735718,156914
68.88864850997925,156914
68.88948249816895,156914
68.8903112411499,156914
68.89112520217896,156914
68.89270496368408,156914
68.8935284614563,156914
68.89436340332031,156914
68.89518237113953,156914
68.8967559337616,156914
68.8975899219513,156914
68.8984112739563,156914
68.89924168586731,156914
68.9000608921051,156914
68.90163969993591,156914
68.90246176719666,156914
68.90329313278198,156914
68.90412068367004,156914
68.90569758415222,156914
68.90652894973755,156914
68.90735220909119,156914
68.90818285942078,156914
68.90976023674011,156914
68.91058039665222,156914
68.91141033172607,156914
68.91224265098572,156914
68.91306257247925,156914
68.91464447975159,156914
68.91546726226807,156914
68.91630172729492,156914
68.91712141036987,156914
68.91869878768921,156914
68.9195282459259,156914
68.9203519821167,156914
68.92117023468018,156914
68.92274570465088,156914
68.9235692024231,156914
68.92441153526306,156914
68.92524266242981,156914
68.9260630607605,156914
68.92763233184814,156914
68.92846655845642,156914
68.92929291725159,156914
68.93011021614075,156914
68.9316873550415,156914
68.93251633644104,156914
68.93334484100342,156914
68.93417096138,156914
68.93574666976929,156914
68.93657541275024,156914
68.93740200996399,156914
68.93823027610779,156914
68.93905353546143,156914
68.9406304359436,156914
68.94145321846008,156914
68.9422836303711,156914
68.94310355186462,156914
68.94469022750854,156914
68.94551849365234,156914
68.94634699821472,156914
68.94716191291809,156914
68.94874334335327,156914
68.94956564903259,156914
68.95038747787476,156914
68.95121788978577,156914
68.95203685760498,156914
68.95360684394836,156914
68.95445013046265,156914
68.95527744293213,156914
68.95609664916992,156914
68.95767211914062,156914
68.95850157737732,156914
68.95933222770691,156914
68.96015167236328,156914
68.96173667907715,156914
68.96255922317505,156914
68.96338510513306,156914
68.96422457695007,156914
68.9650456905365,156914
68.96662259101868,156914
68.96744990348816,156914
68.96828174591064,156914
68.96910262107849,156914
68.97067642211914,156914
68.971510887146,156914
68.97234177589417,156914
68.97316336631775,156914
68.9747519493103,156914
68.97557950019836,156914
68.97640538215637,156914
68.97723317146301,156914
68.97805571556091,156914
68.97963070869446,156914
68.98046112060547,156914
68.98129081726074,156914
68.98211026191711,156914
68.98368191719055,156914
68.98452067375183,156914
68.98534917831421,156914
68.98617267608643,156914
68.98775815963745,156914
68.98857975006104,156914
68.98940944671631,156914
68.99023938179016,156914
68.99105715751648,156914
68.99263882637024,156914
68.99346327781677,156914
68.99430394172668,156914
68.99512267112732,156914
68.99669933319092,156914
68.99752855300903,156914
68.99834847450256,156914
68.99917912483215,156914
69.00076127052307,156914
69.00158715248108,156914
69.00241374969482,156914
69.0032434463501,156914
69.004070520401,156914
69.00564646720886,156914
69.00646758079529,156914
69.0073025226593,156914
69.0081217288971,156914
69.00969862937927,156914
69.01052665710449,156914
69.01135301589966,156914
69.01218342781067,156914
69.01300525665283,156914
69.01458835601807,156914
69.01541209220886,156914
69.01624083518982,156914
69.01706075668335,156914
69.01863026618958,156914
69.01946306228638,156914
69.02029371261597,156914
69.02111077308655,156914
69.02269196510315,156914
69.02351546287537,156914
69.02435803413391,156914
69.02517890930176,156914
69.02675604820251,156914
69.02758264541626,156914
69.02840638160706,156914
69.02923774719238,156914
69.0300567150116,156914
69.03163552284241,156914
69.03246212005615,156914
69.03329610824585,156914
69.03412365913391,156914
69.03570222854614,156914
69.0365219116211,156914
69.03735184669495,156914
69.03817939758301,156914
69.03976058959961,156914
69.04058456420898,156914
69.04140996932983,156914
69.04223370552063,156914
69.04305171966553,156914
69.04464054107666,156914
69.04545974731445,156914
69.0462908744812,156914
69.04711031913757,156914
69.04868817329407,156914
69.04951930046082,156914
69.0503442287445,156914
69.05116605758667,156914
69.05273866653442,156914
69.0535659790039,156914
69.05440187454224,156914
69.0552306175232,156914
69.05605006217957,156914
69.05762100219727,156914
69.05845236778259,156914
69.05927872657776,156914
69.06009721755981,156914
69.06167387962341,156914
69.06249761581421,156914
69.06333088874817,156914
69.06415915489197,156914
69.06573605537415,156914
69.06655669212341,156914
69.06738829612732,156914
69.06821584701538,156914
69.06903743743896,156914
69.07061195373535,156914
69.07144284248352,156914
69.07227206230164,156914
69.07309150695801,156914
69.07467985153198,156914
69.0755066871643,156914
69.07633471488953,156914
69.07715368270874,156914
69.07872939109802,156914
69.07955694198608,156914
69.08038544654846,156914
69.08121347427368,156914
69.08203363418579,156914
69.08361339569092,156914
69.08444738388062,156914
69.08527851104736,156914
69.08609819412231,156914
69.08767795562744,156914
69.08850574493408,156914
69.08933544158936,156914
69.09015607833862,156914
69.09173202514648,156914
69.09255933761597,156914
69.09337997436523,156914
69.09421849250793,156914
69.09503817558289,156914
69.09661078453064,156914
69.09743857383728,156914
69.0982677936554,156914
69.09908890724182,156914
69.10066556930542,156914
69.10148811340332,156914
69.10231685638428,156914
69.10313773155212,156914
69.10472655296326,156914
69.10555338859558,156914
69.10637521743774,156914
69.10720205307007,156914
69.1080231666565,156914
69.10959482192993,156914
69.11042284965515,156914
69.11125588417053,156914
69.1120753288269,156914
69.1136519908905,156914
69.1144847869873,156914
69.11531829833984,156914
69.11613416671753,156914
69.11770915985107,156914
69.11854362487793,156914
69.11937189102173,156914
69.1202027797699,156914
69.12102317810059,156914
69.12260103225708,156914
69.1234278678894,156914
69.124267578125,156914
69.1250867843628,156914
69.12666010856628,156914
69.12748694419861,156914
69.12831783294678,156914
69.1291356086731,156914
69.13071203231812,156914
69.13154411315918,156914
69.13236093521118,156914
69.13319230079651,156914
69.13402152061462,156914
69.13559365272522,156914
69.13642859458923,156914
69.13725709915161,156914
69.13807559013367,156914
69.13965201377869,156914
69.14047050476074,156914
69.14130592346191,156914
69.14212369918823,156914
69.14370369911194,156914
69.14453363418579,156914
69.14536643028259,156914
69.14623188972473,156914
69.14710521697998,156914
69.1487512588501,156914
69.14960479736328,156914
69.15045762062073,156914
69.15131735801697,156914
69.15217065811157,156914
69.15302920341492,156914
69.15468382835388,156914
69.15553569793701,156914
69.15639472007751,156914
69.15725088119507,156914
69.15811276435852,156914
69.15976428985596,156914
69.16062235832214,156914
69.16147685050964,156914
69.16233348846436,156914
69.16318702697754,156914
69.16406106948853,156914
69.16570687294006,156914
69.16655850410461,156914
69.16741633415222,156914
69.16827201843262,156914
69.16912746429443,156914
69.17077898979187,156914
69.17163443565369,156914
69.17249083518982,156914
69.17334747314453,156914
69.17421054840088,156914
69.17506575584412,156914
69.17671871185303,156914
69.17757511138916,156914
69.17842602729797,156914
69.17928051948547,156914
69.18013644218445,156914
69.18178629875183,156914
69.18263840675354,156914
69.18349719047546,156914
69.18436217308044,156914
69.18521785736084,156914
69.18607378005981,156914
69.1877236366272,156914
69.18857717514038,156914
69.18943166732788,156914
69.1902916431427,156914
69.19114255905151,156914
69.19279623031616,156914
69.19365358352661,156914
69.19452095031738,156914
69.1953821182251,156914
69.19623517990112,156914
69.19709205627441,156914
69.19874405860901,156914
69.19959616661072,156914
69.20045042037964,156914
69.20130944252014,156914
69.2021632194519,156914
69.20302414894104,156914
69.20468878746033,156914
69.20554447174072,156914
69.20640134811401,156914
69.20725464820862,156914
69.2081093788147,156914
69.20975971221924,156914
69.21061396598816,156914
69.21146965026855,156914
69.21232748031616,156914
69.2131814956665,156914
69.21405005455017,156914
69.2157027721405,156914
69.21655988693237,156914
69.21741199493408,156914
69.21827220916748,156914
69.2191276550293,156914
69.22078108787537,156914
69.2216408252716,156914
69.22249627113342,156914
69.22335720062256,156914
69.22421908378601,156914
69.22507858276367,156914
69.22673082351685,156914
69.22758340835571,156914
69.22843980789185,156914
69.22929334640503,156914
69.23015069961548,156914
69.23100900650024,156914
69.23265361785889,156914
69.23350882530212,156914
69.23437976837158,156914
69.23523473739624,156914
69.23609161376953,156914
69.23774361610413,156914
69.23859763145447,156914
69.2394552230835,156914
69.24031114578247,156914
69.24116373062134,156914
69.242023229599,156914
69.24367237091064,156914
69.24453711509705,156914
69.24539494514465,156914
69.24625277519226,156914
69.24710416793823,156914
69.24875378608704,156914
69.2496087551117,156914
69.2504608631134,156914
69.2513198852539,156914
69.25217580795288,156914
69.25303244590759,156914
69.25469493865967,156914
69.2555501461029,156914
69.25640606880188,156914
69.25725817680359,156914
69.25811505317688,156914
69.259765625,156914
69.26062083244324,156914
69.26147437095642,156914
69.2623336315155,156914
69.26319217681885,156914
69.26406192779541,156914
69.26571202278137,156914
69.26656770706177,156914
69.26742362976074,156914
69.26827788352966,156914
69.26913166046143,156914
69.27078652381897,156914
69.27164316177368,156914
69.2724986076355,156914
69.27335357666016,156914
69.27421855926514,156914
69.27507424354553,156914
69.27672672271729,156914
69.27757930755615,156914
69.27843761444092,156914
69.2792911529541,156914
69.28014850616455,156914
69.28179693222046,156914
69.28265237808228,156914
69.28350830078125,156914
69.28437304496765,156914
69.28522753715515,156914
69.2861111164093,156914
69.28775334358215,156914
69.28860807418823,156914
69.289466381073,156914
69.29032325744629,156914
69.29117584228516,156914
69.29203534126282,156914
69.29369163513184,156914
69.29455494880676,156914
69.29540777206421,156914
69.2962634563446,156914
69.29715061187744,156914
69.29880118370056,156914
69.29965853691101,156914
69.30051565170288,156914
69.30137062072754,156914
69.30222582817078,156914
69.30308222770691,156914
69.3047444820404,156914
69.30560064315796,156914
69.30645728111267,156914
69.30731749534607,156914
69.30817222595215,156914
69.30903029441833,156914
69.3106849193573,156914
69.31153464317322,156914
69.31239557266235,156914
69.31324696540833,156914
69.3141131401062,156914
69.31576609611511,156914
69.3166229724884,156914
69.3174786567688,156914
69.31832909584045,156914
69.31918382644653,156914
69.32004356384277,156914
69.32169318199158,156914
69.32254576683044,156914
69.32340264320374,156914
69.32427072525024,156914
69.32512760162354,156914
69.32678198814392,156914
69.32763957977295,156914
69.32849216461182,156914
69.32934784889221,156914
69.33020687103271,156914
69.33106350898743,156914
69.33272075653076,156914
69.33357286453247,156914
69.33443546295166,156914
69.3352906703949,156914
69.33614659309387,156914
69.33779668807983,156914
69.3386561870575,156914
69.33951163291931,156914
69.3403651714325,156914
69.34122133255005,156914
69.3420798778534,156914
69.34372973442078,156914
69.34459185600281,156914
69.3454475402832,156914
69.34630751609802,156914
69.34716081619263,156914
69.34802055358887,156914
69.34967255592346,156914
69.35052633285522,156914
69.35138273239136,156914
69.35223913192749,156914
69.35309553146362,156914
69.35475730895996,156914
69.35561466217041,156914
69.35647225379944,156914
69.35732579231262,156914
69.35817956924438,156914
69.3590350151062,156914
69.36068916320801,156914
69.36154103279114,156914
69.36239671707153,156914
69.36325025558472,156914
69.36411738395691,156914
69.36576676368713,156914
69.36662316322327,156914
69.36747360229492,156914
69.36833214759827,156914
69.3691873550415,156914
69.37004709243774,156914
69.37169480323792,156914
69.37255024909973,156914
69.3734061717987,156914
69.37426948547363,156914
69.37512540817261,156914
69.37678050994873,156914
69.37763500213623,156914
69.37849354743958,156914
69.37935280799866,156914
69.38020348548889,156914
69.38106107711792,156914
69.38271117210388,156914
69.38356423377991,156914
69.38443088531494,156914
69.38528442382812,156914
69.38613653182983,156914
69.38779163360596,156914
69.3886456489563,156914
69.38949751853943,156914
69.39035511016846,156914
69.3912103176117,156914
69.39206719398499,156914
69.39371848106384,156914
69.39458179473877,156914
69.39544129371643,156914
69.39629554748535,156914
69.39714932441711,156914
69.39800691604614,156914
69.39965963363647,156914
69.40052032470703,156914
69.40137529373169,156914
69.40223169326782,156914
69.40309047698975,156914
69.40475583076477,156914
69.40561103820801,156914
69.40646553039551,156914
69.40732431411743,156914
69.40817952156067,156914
69.40903878211975,156914
69.4106879234314,156914
69.41154265403748,156914
69.41239786148071,156914
69.41325378417969,156914
69.41411638259888,156914
69.41576766967773,156914
69.4166202545166,156914
69.41747808456421,156914
69.41833257675171,156914
69.41918706893921,156914
69.42004418373108,156914
69.42169165611267,156914
69.42255067825317,156914
69.42340517044067,156914
69.4242684841156,156914
69.42512345314026,156914
69.42677569389343,156914
69.4276270866394,156914
69.42848706245422,156914
69.42934012413025,156914
69.4301917552948,156914
69.43105053901672,156914
69.43270182609558,156914
69.43355464935303,156914
69.43442130088806,156914
69.43528079986572,156914
69.43613409996033,156914
69.4377875328064,156914
69.43864274024963,156914
69.43950033187866,156914
69.44035816192627,156914
69.44121217727661,156914
69.44206643104553,156914
69.44371962547302,156914
69.44458746910095,156914
69.44544219970703,156914
69.44629788398743,156914
69.4471538066864,156914
69.44801235198975,156914
69.44966077804565,156914
69.45051646232605,156914
69.45137429237366,156914
69.45222926139832,156914
69.45308351516724,156914
69.45474171638489,156914
69.45559883117676,156914
69.45645642280579,156914
69.45731043815613,156914
69.45816540718079,156914
69.4590232372284,156914
69.46067714691162,156914
69.46153163909912,156914
69.46238803863525,156914
69.46324324607849,156914
69.46411228179932,156914
69.46576166152954,156914
69.46661758422852,156914
69.46747183799744,156914
69.46832513809204,156914
69.46918249130249,156914
69.47003746032715,156914
69.47168684005737,156914
69.47254037857056,156914
69.4733989238739,156914
69.4742636680603,156914
69.47512197494507,156914
69.4767746925354,156914
69.47762823104858,156914
69.47848725318909,156914
69.4793438911438,156914
69.4801971912384,156914
69.48105382919312,156914
69.48270273208618,156914
69.48356008529663,156914
69.48442459106445,156914
69.48528409004211,156914
69.48614120483398,156914
69.48778748512268,156914
69.48864483833313,156914
69.48950028419495,156914
69.4903576374054,156914
69.49120998382568,156914
69.49206876754761,156914
69.49372363090515,156914
69.49458622932434,156914
69.49544382095337,156914
69.49629878997803,156914
69.49715662002563,156914
69.49801254272461,156914
69.49966382980347,156914
69.50051736831665,156914
69.50137329101562,156914
69.5022280216217,156914
69.50308680534363,156914
69.50474452972412,156914
69.5055992603302,156914
69.50645542144775,156914
69.50730919837952,156914
69.50816535949707,156914
69.50902342796326,156914
69.51067328453064,156914
69.51153087615967,156914
69.51238083839417,156914
69.51323533058167,156914
69.5141031742096,156914
69.5157539844513,156914
69.51661467552185,156914
69.5174732208252,156914
69.51832818984985,156914
69.51918292045593,156914
69.52004098892212,156914
69.52168464660645,156914
69.52254390716553,156914
69.52339816093445,156914
69.52426266670227,156914
69.52511501312256,156914
69.52676677703857,156914
69.52762937545776,156914
69.52848744392395,156914
69.5293436050415,156914
69.53020071983337,156914
69.53105759620667,156914
69.53270840644836,156914
69.53356838226318,156914
69.53443479537964,156914
69.5352885723114,156914
69.53615021705627,156914
69.53700661659241,156914
69.53865575790405,156914
69.5395119190216,156914
69.54036951065063,156914
69.54122543334961,156914
69.54207944869995,156914
69.54373097419739,156914
69.5445921421051,156914
69.54545092582703,156914
69.54630637168884,156914
69.54716229438782,156914
69.54802131652832,156914
69.54967474937439,156914
69.55052781105042,156914
69.55138421058655,156914
69.55223822593689,156914
69.55309271812439,156914
69.55475544929504,156914
69.55561113357544,156914
69.55646848678589,156914
69.55732727050781,156914
69.55818057060242,156914
69.55904245376587,156914
69.5606918334961,156914
69.5615508556366,156914
69.56240487098694,156914
69.56326270103455,156914
69.56412768363953,156914
69.56577849388123,156914
69.56663298606873,156914
69.56748795509338,156914
69.56834769248962,156914
69.5692048072815,156914
69.57006359100342,156914
69.57171177864075,156914
69.57257056236267,156914
69.57342648506165,156914
69.57429242134094,156914
69.5751461982727,156914
69.57679390907288,156914
69.57764792442322,156914
69.57850885391235,156914
69.57936072349548,156914
69.58021116256714,156914
69.58106994628906,156914
69.58272576332092,156914
69.58358192443848,156914
69.58444285392761,156914
69.58529758453369,156914
69.5861566066742,156914
69.58701157569885,156914
69.58866214752197,156914
69.58951759338379,156914
69.59037280082703,156914
69.5912275314331,156914
69.59208369255066,156914
69.59373879432678,156914
69.59460377693176,156914
69.59546303749084,156914
69.5963180065155,156914
69.59717512130737,156914
69.59803366661072,156914
69.59968304634094,156914
69.60053610801697,156914
69.601393699646,156914
69.60225105285645,156914
69.60310554504395,156914
69.6047670841217,156914
69.60562443733215,156914
69.60647964477539,156914
69.60733842849731,156914
69.60819244384766,156914
69.60905075073242,156914
69.61070251464844,156914
69.61155581474304,156914
69.61240839958191,156914
69.6132640838623,156914
69.61412954330444,156914
69.6157763004303,156914
69.61663246154785,156914
69.61748814582825,156914
69.61834359169006,156914
69.61919736862183,156914
69.62005352973938,156914
69.62170696258545,156914
69.62256073951721,156914
69.62341547012329,156914
69.62428140640259,156914
69.62513637542725,156914
69.62679505348206,156914
69.6276502609253,156914
69.62850689888,156914
69.62936520576477,156914
69.63022470474243,156914
69.63108015060425,156914
69.63273024559021,156914
69.63358497619629,156914
69.63445091247559,156914
69.63530707359314,156914
69.63616108894348,156914
69.63701868057251,156914
69.63866543769836,156914
69.6395194530487,156914
69.64037609100342,156914
69.64123249053955,156914
69.64209294319153,156914
69.64374160766602,156914
69.64460301399231,156914
69.64546203613281,156914
69.64631533622742,156914
69.6471688747406,156914
69.648029088974,156914
69.64967918395996,156914
69.65053224563599,156914
69.65138649940491,156914
69.65224552154541,156914
69.65310001373291,156914
69.6547601222992,156914
69.65561699867249,156914
69.6564712524414,156914
69.65732789039612,156914
69.65818548202515,156914
69.65904211997986,156914
69.66068911552429,156914
69.66154766082764,156914
69.66240167617798,156914
69.66326355934143,156914
69.66412281990051,156914
69.66577386856079,156914
69.66663122177124,156914
69.66748595237732,156914
69.66834497451782,156914
69.66919755935669,156914
69.6700599193573,156914
69.67170929908752,156914
69.6725664138794,156914
69.67342209815979,156914
69.67428731918335,156914
69.67514157295227,156914
69.67679286003113,156914
69.67764902114868,156914
69.67850399017334,156914
69.67936396598816,156914
69.68022203445435,156914
69.68107461929321,156914
69.68272686004639,156914
69.68358397483826,156914
69.6844470500946,156914
69.68530464172363,156914
69.68616151809692,156914
69.68701767921448,156914
69.68866658210754,156914
69.6895203590393,156914
69.69037938117981,156914
69.6912293434143,156914
69.69209146499634,156914
69.6937472820282,156914
69.6946120262146,156914
69.69546794891357,156914
69.69632291793823,156914
69.6971800327301,156914
69.69803667068481,156914
69.69968962669373,156914
69.70054292678833,156914
69.70139861106873,156914
69.70225477218628,156914
69.7031044960022,156914
69.70476698875427,156914
69.70562434196472,156914
69.70648074150085,156914
69.7073335647583,156914
69.70818781852722,156914
69.7090470790863,156914
69.71070122718811,156914
69.7115547657013,156914
69.71241164207458,156914
69.71326684951782,156914
69.71413111686707,156914
69.71578526496887,156914
69.71664118766785,156914
69.71749925613403,156914
69.71835255622864,156914
69.71920871734619,156914
69.72006559371948,156914
69.72171902656555,156914
69.72257399559021,156914
69.72343277931213,156914
69.72429656982422,156914
69.72515559196472,156914
69.72601556777954,156914
69.72766494750977,156914
69.72852039337158,156914
69.7293770313263,156914
69.7302303314209,156914
69.73108792304993,156914
69.73273801803589,156914
69.7335913181305,156914
69.73445558547974,156914
69.73531794548035,156914
69.73617506027222,156914
69.73703360557556,156914
69.73868560791016,156914
69.7395384311676,156914
69.74039673805237,156914
69.7412497997284,156914
69.742103099823,156914
69.74375820159912,156914
69.74462246894836,156914
69.7454776763916,156914
69.74633526802063,156914
69.74718713760376,156914
69.74804854393005,156914
69.74969792366028,156914
69.75055480003357,156914
69.75140953063965,156914
69.75226783752441,156914
69.75311946868896,156914
69.75478458404541,156914
69.75563788414001,156914
69.75649333000183,156914
69.75734806060791,156914
69.7581992149353,156914
69.75906252861023,156914
69.76071214675903,156914
69.76156687736511,156914
69.76242232322693,156914
69.76327657699585,156914
69.76414203643799,156914
69.76579570770264,156914
69.76665210723877,156914
69.76750922203064,156914
69.76835989952087,156914
69.769216299057,156914
69.77007341384888,156914
69.77172183990479,156914
69.77257585525513,156914
69.77343344688416,156914
69.77429819107056,156914
69.77515482902527,156914
69.77600979804993,156914
69.7776608467102,156914
69.77851462364197,156914
69.77937150001526,156914
69.78022241592407,156914
69.78108072280884,156914
69.78272557258606,156914
69.78358244895935,156914
69.78444743156433,156914
69.78530693054199,156914
69.78616690635681,156914
69.78702306747437,156914
69.78867816925049,156914
69.7895336151123,156914
69.79038906097412,156914
69.79124593734741,156914
69.79210257530212,156914
69.7937548160553,156914
69.79462242126465,156914
69.79547929763794,156914
69.79633331298828,156914
69.79719138145447,156914
69.7980444431305,156914
69.7996916770935,156914
69.80054974555969,156914
69.80140519142151,156914
69.80226254463196,156914
69.80311965942383,156914
69.80478000640869,156914
69.80563831329346,156914
69.80649209022522,156914
69.8073513507843,156914
69.80820560455322,156914
69.80906295776367,156914
69.81071162223816,156914
69.81156420707703,156914
69.81242394447327,156914
69.81328010559082,156914
69.8141417503357,156914
69.81579065322876,156914
69.81664681434631,156914
69.81750535964966,156914
69.81835699081421,156914
69.81921339035034,156914
69.82007098197937,156914
69.82172060012817,156914
69.8225748538971,156914
69.82343029975891,156914
69.82429671287537,156914
69.82515478134155,156914
69.8260145187378,156914
69.82766485214233,156914
69.82852673530579,156914
69.82938361167908,156914
69.83023762702942,156914
69.83109474182129,156914
69.83274817466736,156914
69.83360028266907,156914
69.83446669578552,156914
69.8353214263916,156914
69.83617734909058,156914
69.83703470230103,156914
69.83867740631104,156914
69.83953619003296,156914
69.84039187431335,156914
69.84124636650085,156914
69.8421049118042,156914
69.84375786781311,156914
69.84461545944214,156914
69.84547543525696,156914
69.84632706642151,156914
69.84717988967896,156914
69.84804224967957,156914
69.84969234466553,156914
69.85055160522461,156914
69.85141086578369,156914
69.8522641658783,156914
69.85311818122864,156914
69.85477495193481,156914
69.85563158988953,156914
69.85648512840271,156914
69.85734128952026,156914
69.8581953048706,156914
69.85905337333679,156914
69.86070466041565,156914
69.86155700683594,156914
69.86241507530212,156914
69.86327004432678,156914
69.86413645744324,156914
69.8657922744751,156914
69.8666479587555,156914
69.86750364303589,156914
69.86836075782776,156914
69.86921453475952,156914
69.87007260322571,156914
69.87173128128052,156914
69.87258625030518,156914
69.87344217300415,156914
69.8743064403534,156914
69.87516283988953,156914
69.87602734565735,156914
69.87767601013184,156914
69.87853360176086,156914
69.87939143180847,156914
69.88024568557739,156914
69.88110327720642,156914
69.88275456428528,156914
69.88361167907715,156914
69.88447761535645,156914
69.88533759117126,156914
69.88619184494019,156914
69.8870484828949,156914
69.88869714736938,156914
69.88955521583557,156914
69.89041090011597,156914
69.89126467704773,156914
69.89211750030518,156914
69.89377522468567,156914
69.89463925361633,156914
69.89549684524536,156914
69.8963553905487,156914
69.89721179008484,156914
69.89806723594666,156914
69.89971399307251,156914
69.9005708694458,156914
69.90142679214478,156914
69.90227842330933,156914
69.90313363075256,156914
69.90479898452759,156914
69.90565276145935,156914
69.90651178359985,156914
69.90736651420593,156914
69.90822100639343,156914
69.90907549858093,156914
69.91072750091553,156914
69.91158175468445,156914
69.91243863105774,156914
69.91329717636108,156914
69.91416454315186,156914
69.91502618789673,156914
69.91667532920837,156914
69.91752910614014,156914
69.91838145256042,156914
69.91923904418945,156914
69.92009592056274,156914
69.92174935340881,156914
69.92260456085205,156914
69.92346119880676,156914
69.92432761192322,156914
69.92518186569214,156914
69.92603874206543,156914
69.92769265174866,156914
69.92854499816895,156914
69.92940402030945,156914
69.9302589893341,156914
69.9311134815216,156914
69.93276238441467,156914
69.93361449241638,156914
69.93448066711426,156914
69.93533205986023,156914
69.93618822097778,156914
69.93704843521118,156914
69.93869709968567,156914
69.93955636024475,156914
69.9404137134552,156914
69.94126796722412,156914
69.9421215057373,156914
69.94377589225769,156914
69.94463849067688,156914
69.94548964500427,156914
69.94634747505188,156914
69.9472005367279,156914
69.94805788993835,156914
69.94971013069153,156914
69.95056533813477,156914
69.95142126083374,156914
69.9522807598114,156914
69.95313453674316,156914
69.95479321479797,156914
69.955646276474,156914
69.95650315284729,156914
69.95735907554626,156914
69.95821475982666,156914
69.959068775177,156914
69.96072173118591,156914
69.96157908439636,156914
69.96243524551392,156914
69.9632887840271,156914
69.96415567398071,156914
69.96501135826111,156914
69.96665835380554,156914
69.96751379966736,156914
69.96837258338928,156914
69.96922636032104,156914
69.97008323669434,156914
69.97173357009888,156914
69.97258687019348,156914
69.9734480381012,156914
69.97431111335754,156914
69.97516703605652,156914
69.97602224349976,156914
69.97767233848572,156914
69.97852396965027,156914
69.97938275337219,156914
69.98023748397827,156914
69.98109221458435,156914
69.98274230957031,156914
69.98359990119934,156914
69.98446416854858,156914
69.98532009124756,156914
69.98617458343506,156914
69.98702931404114,156914
69.98867988586426,156914
69.98953986167908,156914
69.990394115448,156914
69.99124789237976,156914
69.99210548400879,156914
69.99375510215759,156914
69.99461841583252,156914
69.99547147750854,156914
69.99632978439331,156914
69.99718523025513,156914
69.99804449081421,156914
69.99969482421875,156914
70.00055027008057,156914
70.00140142440796,156914
70.00226044654846,156914
70.00311708450317,156914
70.00477695465088,156914
70.0056357383728,156914
70.0064902305603,156914
70.0073447227478,156914
70.00819802284241,156914
70.00905442237854,156914
70.0107057094574,156914
70.01155948638916,156914
70.01241278648376,156914
70.01327323913574,156914
70.01413989067078,156914
70.0157949924469,156914
70.0166506767273,156914
70.01750540733337,156914
70.0183653831482,156914
70.0192220211029,156914
70.02007627487183,156914
70.02173042297363,156914
70.02258706092834,156914
70.02344346046448,156914
70.02430653572083,156914
70.02516508102417,156914
70.02602291107178,156914
70.02766990661621,156914
70.02852201461792,156914
70.02937746047974,156914
70.03023195266724,156914
70.031085729599,156914
70.03273892402649,156914
70.03359389305115,156914
70.03445887565613,156914
70.03531432151794,156914
70.03617072105408,156914
70.03703022003174,156914
70.03868794441223,156914
70.03954315185547,156914
70.04040265083313,156914
70.04125571250916,156914
70.04211258888245,156914
70.04376363754272,156914
70.04462456703186,156914
70.04547762870789,156914
70.04633593559265,156914
70.04719066619873,156914
70.04804491996765,156914
70.04969501495361,156914
70.05054712295532,156914
70.05140686035156,156914
70.05226373672485,156914
70.05312013626099,156914
70.05477905273438,156914
70.0556321144104,156914
70.05648827552795,156914
70.05734324455261,156914
70.05819725990295,156914
70.05905675888062,156914
70.06071066856384,156914
70.06156420707703,156914
70.06242060661316,156914
70.06327486038208,156914
70.06413888931274,156914
70.06578779220581,156914
70.06664419174194,156914
70.06749773025513,156914
70.06835222244263,156914
70.06920504570007,156914
70.07006669044495,156914
70.07171869277954,156914
70.07257604598999,156914
70.07343196868896,156914
70.07429599761963,156914
70.07515096664429,156914
70.07601118087769,156914
70.0776584148407,156914
70.07851696014404,156914
70.07937240600586,156914
70.08022904396057,156914
70.08108687400818,156914
70.0827407836914,156914
70.08359384536743,156914
70.08446049690247,156914
70.0853180885315,156914
70.08617186546326,156914
70.0870304107666,156914
70.08868217468262,156914
70.0895357131958,156914
70.09039115905762,156914
70.09124684333801,156914
70.09210133552551,156914
70.09375357627869,156914
70.09461712837219,156914
70.09547114372253,156914
70.09632587432861,156914
70.09718084335327,156914
70.0980372428894,156914
70.09968781471252,156914
70.10054183006287,156914
70.10139751434326,156914
70.10225224494934,156914
70.10310649871826,156914
70.1047728061676,156914
70.10562872886658,156914
70.10648703575134,156914
70.10734510421753,156914
70.1082010269165,156914
70.1090567111969,156914
70.11071014404297,156914
70.11156606674194,156914
70.11242198944092,156914
70.1132800579071,156914
70.1141426563263,156914
70.11579704284668,156914
70.11665678024292,156914
70.11751461029053,156914
70.1183717250824,156914
70.11923384666443,156914
70.12009239196777,156914
70.12174439430237,156914
70.12260460853577,156914
70.12346363067627,156914
70.1243302822113,156914
70.12518644332886,156914
70.12604761123657,156914
70.12769889831543,156914
70.12855577468872,156914
70.12941002845764,156914
70.13027000427246,156914
70.13112425804138,156914
70.13277316093445,156914
70.133629322052,156914
70.13449597358704,156914
70.13535499572754,156914
70.1362099647522,156914
70.13706564903259,156914
70.13871693611145,156914
70.13957047462463,156914
70.1404275894165,156914
70.14128088951111,156914
70.14214396476746,156914
70.1437919139862,156914
70.14465689659119,156914
70.14551544189453,156914
70.14636874198914,156914
70.14722776412964,156914
70.14808344841003,156914
70.14973306655884,156914
70.15058994293213,156914
70.15144634246826,156914
70.15230298042297,156914
70.15315532684326,156914
70.15402173995972,156914
70.15567231178284,156914
70.15653109550476,156914
70.15738558769226,156914
70.15824317932129,156914
70.15909886360168,156914
70.16075277328491,156914
70.16160774230957,156914
70.1624653339386,156914
70.16332006454468,156914
70.16418480873108,156914
70.16504049301147,156914
70.1666898727417,156914
70.16754460334778,156914
70.16840147972107,156914
70.16925382614136,156914
70.17011332511902,156914
70.17175459861755,156914
70.17260456085205,156914
70.17346262931824,156914
70.17432832717896,156914
70.17518639564514,156914
70.17604732513428,156914
70.17769742012024,156914
70.17854952812195,156914
70.1794023513794,156914
70.1802589893341,156914
70.18111824989319,156914
70.18276929855347,156914
70.18362712860107,156914
70.18448901176453,156914
70.18534731864929,156914
70.1862006187439,156914
70.18705916404724,156914
70.18870949745178,156914
70.18956089019775,156914
70.19041275978088,156914
70.19127225875854,156914
70.19212532043457,156914
70.19377875328064,156914
70.19464707374573,156914
70.19549822807312,156914
70.19635391235352,156914
70.19721055030823,156914
70.19807028770447,156914
70.19972157478333,156914
70.20057845115662,156914
70.20143795013428,156914
70.20229625701904,156914
70.2031512260437,156914
70.2040183544159,156914
70.20567560195923,156914
70.20652985572815,156914
70.20738196372986,156914
70.20824265480042,156914
70.20909714698792,156914
70.21074867248535,156914
70.21160387992859,156914
70.21246075630188,156914
70.21331834793091,156914
70.2141797542572,156914
70.21503925323486,156914
70.21668839454651,156914
70.21754550933838,156914
70.21840596199036,156914
70.2192611694336,156914
70.22011303901672,156914
70.22176742553711,156914
70.22262263298035,156914
70.22347688674927,156914
70.2243435382843,156914
70.22519540786743,156914
70.22605609893799,156914
70.22770643234253,156914
70.22855591773987,156914
70.22941637039185,156914
70.23027014732361,156914
70.2311224937439,156914
70.23277616500854,156914
70.23363041877747,156914
70.2344982624054,156914
70.2353584766388,156914
70.23621344566345,156914
70.23707056045532,156914
70.23872303962708,156914
70.2395761013031,156914
70.24043798446655,156914
70.24129104614258,156914
70.24214506149292,156914
70.24379849433899,156914
70.24466323852539,156914
70.24551701545715,156914
70.24637198448181,156914
70.24723529815674,156914
70.24808812141418,156914
70.24973940849304,156914
70.25059533119202,156914
70.25145244598389,156914
70.25230598449707,156914
70.25316119194031,156914
70.25403070449829,156914
70.25567889213562,156914
70.25653409957886,156914
70.25739097595215,156914
70.25824809074402,156914
70.25910258293152,156914
70.2607524394989,156914
70.26160764694214,156914
70.26246047019958,156914
70.26331663131714,156914
70.26418495178223,156914
70.26504492759705,156914
70.26669406890869,156914
70.26754856109619,156914
70.26840090751648,156914
70.26925897598267,156914
70.2701165676117,156914
70.27176856994629,156914
70.27262377738953,156914
70.27348184585571,156914
70.27434253692627,156914
70.27519750595093,156914
70.27605485916138,156914
70.27770662307739,156914
70.27856206893921,156914
70.27941632270813,156914
70.28027319908142,156914
70.28113055229187,156914
70.282785654068,156914
70.28364181518555,156914
70.28450870513916,156914
70.2853684425354,156914
70.28622508049011,156914
70.28708171844482,156914
70.28872990608215,156914
70.28958535194397,156914
70.2904417514801,156914
70.29129910469055,156914
70.29215383529663,156914
70.29301071166992,156914
70.2946674823761,156914
70.29552578926086,156914
70.29638266563416,156914
70.29723644256592,156914
70.29809331893921,156914
70.2997407913208,156914
70.30060243606567,156914
70.30145597457886,156914
70.30231189727783,156914
70.3031678199768,156914
70.3040361404419,156914
70.30568480491638,156914
70.30653715133667,156914
70.30739378929138,156914
70.3082492351532,156914
70.3091070652008,156914
70.31076145172119,156914
70.3116180896759,156914
70.31247520446777,156914
70.3133316040039,156914
70.31419825553894,156914
70.31505751609802,156914
70.31670093536377,156914
70.31755709648132,156914
70.31841444969177,156914
70.31926774978638,156914
70.32012510299683,156914
70.32178163528442,156914
70.32263779640198,156914
70.32349061965942,156914
70.32435727119446,156914
70.32521176338196,156914
70.32607054710388,156914
70.32772564888,156914
70.32858085632324,156914
70.32943224906921,156914
70.33029079437256,156914
70.33114910125732,156914
70.33200764656067,156914
70.33365225791931,156914
70.33451771736145,156914
70.33537530899048,156914
70.33623027801514,156914
70.33708882331848,156914
70.33874273300171,156914
70.33959865570068,156914
70.34045362472534,156914
70.34131002426147,156914
70.3421642780304,156914
70.34301948547363,156914
70.34468293190002,156914
70.34554052352905,156914
70.34639763832092,156914
70.34725093841553,156914
70.34810781478882,156914
70.3497588634491,156914
70.35061836242676,156914
70.35147595405579,156914
70.35233092308044,156914
70.35318446159363,156914
70.35405850410461,156914
70.35570669174194,156914
70.35656237602234,156914
70.35741686820984,156914
70.35827302932739,156914
70.35912656784058,156914
70.36077880859375,156914
70.36163282394409,156914
70.36248874664307,156914
70.3633451461792,156914
70.36420559883118,156914
70.36506724357605,156914
70.36672067642212,156914
70.36757278442383,156914
70.36843132972717,156914
70.36928343772888,156914
70.37013912200928,156914
70.37178921699524,156914
70.37264847755432,156914
70.37350416183472,156914
70.37437081336975,156914
70.37522721290588,156914
70.3760838508606,156914
70.37773251533508,156914
70.37858963012695,156914
70.37944388389587,156914
70.38029670715332,156914
70.38115453720093,156914
70.38201093673706,156914
70.38365840911865,156914
70.38452672958374,156914
70.38538455963135,156914
70.38623356819153,156914
70.38709092140198,156914
70.38874578475952,156914
70.38959789276123,156914
70.39045405387878,156914
70.39131259918213,156914
70.39216947555542,156914
70.39302611351013,156914
70.39468789100647,156914
70.39554405212402,156914
70.39640140533447,156914
70.39725923538208,156914
70.39811110496521,156914
70.39976215362549,156914
70.40061068534851,156914
70.4014687538147,156914
70.40232229232788,156914
70.40318131446838,156914
70.40405297279358,156914
70.40570068359375,156914
70.40655207633972,156914
70.40740609169006,156914
70.4082670211792,156914
70.4091227054596,156914
70.41077280044556,156914
70.41162753105164,156914
70.41248917579651,156914
70.4133460521698,156914
70.41420531272888,156914
70.41506457328796,156914
70.4167103767395,156914
70.4175660610199,156914
70.41842126846313,156914
70.41927981376648,156914
70.4201328754425,156914
70.42178511619568,156914
70.4226438999176,156914
70.42349529266357,156914
70.42436170578003,156914
70.42521929740906,156914
70.42608165740967,156914
70.427729845047,156914
70.42858219146729,156914
70.42944097518921,156914
70.43029737472534,156914
70.43114900588989,156914
70.43200659751892,156914
70.43365454673767,156914
70.43451762199402,156914
70.43537497520447,156914
70.43623065948486,156914
70.43709230422974,156914
70.43874430656433,156914
70.43959712982178,156914
70.44045305252075,156914
70.44130897521973,156914
70.4421637058258,156914
70.4430239200592,156914
70.44468402862549,156914
70.44553923606873,156914
70.44639539718628,156914
70.44724917411804,156914
70.44810485839844,156914
70.44975757598877,156914
70.450612783432,156914
70.4514684677124,156914
70.4523241519928,156914
70.45318078994751,156914
70.45404577255249,156914
70.45569825172424,156914
70.45655608177185,156914
70.45741152763367,156914
70.45827198028564,156914
70.45912528038025,156914
70.46077728271484,156914
70.46163249015808,156914
70.46248960494995,156914
70.46334719657898,156914
70.46420907974243,156914
70.46507406234741,156914
70.46672511100769,156914
70.46757674217224,156914
70.46843791007996,156914
70.46929359436035,156914
70.47014832496643,156914
70.4710066318512,156914
70.47265481948853,156914
70.47351217269897,156914
70.47437810897827,156914
70.47523760795593,156914
70.47609663009644,156914
70.47774505615234,156914
70.47860455513,156914
70.47945833206177,156914
70.48031425476074,156914
70.48118138313293,156914
70.48202514648438,156914
70.48368000984192,156914
70.48454189300537,156914
70.4854028224945,156914
70.48625445365906,156914
70.4871096611023,156914
70.48876333236694,156914
70.48961639404297,156914
70.49047207832336,156914
70.49132823944092,156914
70.49218487739563,156914
70.49304556846619,156914
70.4947075843811,156914
70.49555969238281,156914
70.49641513824463,156914
70.49727272987366,156914
70.49812483787537,156914
70.49977707862854,156914
70.50063252449036,156914
70.50148725509644,156914
70.50234246253967,156914
70.50319695472717,156914
70.50406575202942,156914
70.50571703910828,156914
70.50656914710999,156914
70.50742506980896,156914
70.50828123092651,156914
70.50913906097412,156914
70.51078939437866,156914
70.51164531707764,156914
70.51250386238098,156914
70.51336097717285,156914
70.51422429084778,156914
70.51508092880249,156914
70.51673531532288,156914
70.51759028434753,156914
70.51844692230225,156914
70.51930356025696,156914
70.52015829086304,156914
70.52101683616638,156914
70.52266097068787,156914
70.52351808547974,156914
70.52438068389893,156914
70.52523946762085,156914
70.52609729766846,156914
70.52774858474731,156914
70.52860260009766,156914
70.5294578075409,156914
70.53031730651855,156914
70.5311713218689,156914
70.53202867507935,156914
70.53368186950684,156914
70.5345458984375,156914
70.53539991378784,156914
70.53625321388245,156914
70.53710699081421,156914
70.53875708580017,156914
70.53961086273193,156914
70.54046988487244,156914
70.54132890701294,156914
70.54218292236328,156914
70.54304385185242,156914
70.5447051525116,156914
70.54555678367615,156914
70.54641604423523,156914
70.54727005958557,156914
70.54812359809875,156914
70.54977583885193,156914
70.55062961578369,156914
70.55148410797119,156914
70.55234241485596,156914
70.55319738388062,156914
70.55406641960144,156914
70.55571794509888,156914
70.55657052993774,156914
70.5574300289154,156914
70.55828547477722,156914
70.5591413974762,156914
70.56079864501953,156914
70.56165313720703,156914
70.56251192092896,156914
70.56337022781372,156914
70.5642340183258,156914
70.56509041786194,156914
70.56674480438232,156914
70.56760025024414,156914
70.56845498085022,156914
70.56930756568909,156914
70.57016324996948,156914
70.57101893424988,156914
70.57267022132874,156914
70.57352614402771,156914
70.57438969612122,156914
70.57524561882019,156914
70.57610321044922,156914
70.57775449752808,156914
70.57861018180847,156914
70.57946586608887,156914
70.58032274246216,156914
70.58117699623108,156914
70.58203959465027,156914
70.58369374275208,156914
70.58455562591553,156914
70.58541131019592,156914
70.58626627922058,156914
70.58712244033813,156914
70.58877778053284,156914
70.58963370323181,156914
70.59049367904663,156914
70.59134244918823,156914
70.59219908714294,156914
70.59305453300476,156914
70.59471535682678,156914
70.59557127952576,156914
70.59642481803894,156914
70.59727954864502,156914
70.59813404083252,156914
70.59978890419006,156914
70.60064792633057,156914
70.60150289535522,156914
70.60235667228699,156914
70.6032133102417,156914
70.60407972335815,156914
70.60573101043701,156914
70.60658597946167,156914
70.60744452476501,156914
70.60830163955688,156914
70.60915970802307,156914
70.61001706123352,156914
70.61166667938232,156914
70.61252522468567,156914
70.61337947845459,156914
70.61424207687378,156914
70.61509776115417,156914
70.61674952507019,156914
70.61760020256042,156914
70.61845541000366,156914
70.61931848526001,156914
70.62017273902893,156914
70.6210343837738,156914
70.62268328666687,156914
70.62353849411011,156914
70.62440514564514,156914
70.62526321411133,156914
70.62611627578735,156914
70.62776827812195,156914
70.62862277030945,156914
70.62948083877563,156914
70.63033628463745,156914
70.63119125366211,156914
70.63204956054688,156914
70.63369965553284,156914
70.63456845283508,156914
70.63542628288269,156914
70.63628125190735,156914
70.63713669776917,156914
70.63879251480103,156914
70.63964557647705,156914
70.64050579071045,156914
70.64135909080505,156914
70.64221358299255,156914
70.6430733203888,156914
70.64473605155945,156914
70.64559435844421,156914
70.64644861221313,156914
70.64730668067932,156914
70.64816164970398,156914
70.64902138710022,156914
70.6506712436676,156914
70.65152764320374,156914
70.65238571166992,156914
70.65323877334595,156914
70.65410709381104,156914
70.65575861930847,156914
70.65661835670471,156914
70.65747427940369,156914
70.6583297252655,156914
70.65918302536011,156914
70.66004133224487,156914
70.66169667243958,156914
70.66255187988281,156914
70.663405418396,156914
70.66427159309387,156914
70.66512417793274,156914
70.66678261756897,156914
70.66763687133789,156914
70.6684935092926,156914
70.66935515403748,156914
70.67020225524902,156914
70.67105960845947,156914
70.67270970344543,156914
70.67356252670288,156914
70.67443084716797,156914
70.6752815246582,156914
70.67613220214844,156914
70.67778539657593,156914
70.67864155769348,156914
70.67950129508972,156914
70.68035888671875,156914
70.68121576309204,156914
70.68207144737244,156914
70.68372106552124,156914
70.68458247184753,156914
70.68543910980225,156914
70.68630146980286,156914
70.68715643882751,156914
70.68801236152649,156914
70.68966364860535,156914
70.69051575660706,156914
70.69136953353882,156914
70.6922242641449,156914
70.69308280944824,156914
70.6947386264801,156914
70.69559502601624,156914
70.69644975662231,156914
70.69730806350708,156914
70.69816470146179,156914
70.69902205467224,156914
70.70067310333252,156914
70.70152640342712,156914
70.70238280296326,156914
70.70323777198792,156914
70.70410346984863,156914
70.7057557106018,156914
70.70660972595215,156914
70.70746517181396,156914
70.70832252502441,156914
70.7091772556305,156914
70.7100350856781,156914
70.71168756484985,156914
70.71254205703735,156914
70.71339869499207,156914
70.71426200866699,156914
70.71511769294739,156914
70.71676731109619,156914
70.71762013435364,156914
70.71847724914551,156914
70.71933460235596,156914
70.72019243240356,156914
70.72105145454407,156914
70.72270321846008,156914
70.72355556488037,156914
70.7244222164154,156914
70.72527694702148,156914
70.72613024711609,156914
70.72778749465942,156914
70.72864413261414,156914
70.7295036315918,156914
70.73037481307983,156914
70.73120260238647,156914
70.73203229904175,156914
70.73362874984741,156914
70.73446917533875,156914
70.73530268669128,156914
70.73612880706787,156914
70.73772835731506,156914
70.73855638504028,156914
70.73938584327698,156914
70.74021935462952,156914
70.74105095863342,156914
70.74264478683472,156914
70.7434732913971,156914
70.74432063102722,156914
70.74514937400818,156914
70.74673867225647,156914
70.74756646156311,156914
70.7483971118927,156914
70.74922490119934,156914
70.75005769729614,156914
70.75165748596191,156914
70.75249028205872,156914
70.75331711769104,156914
70.75415468215942,156914
70.75574922561646,156914
70.75657439231873,156914
70.75741052627563,156914
70.7582380771637,156914
70.75906753540039,156914
70.7606680393219,156914
70.76149392127991,156914
70.7623279094696,156914
70.76315331459045,156914
70.76475954055786,156914
70.76558542251587,156914
70.7664167881012,156914
70.76724886894226,156914
70.76807951927185,156914
70.76967978477478,156914
70.77051162719727,156914
70.77133965492249,156914
70.77217435836792,156914
70.77300500869751,156914
70.77461123466492,156914
70.77543830871582,156914
70.77626848220825,156914
70.777104139328,156914
70.77869868278503,156914
70.77953171730042,156914
70.78036069869995,156914
70.78118872642517,156914
70.78202271461487,156914
70.78361654281616,156914
70.78446078300476,156914
70.78528952598572,156914
70.78611826896667,156914
70.78771090507507,156914
70.78853607177734,156914
70.78937220573425,156914
70.79020524024963,156914
70.79103255271912,156914
70.79263305664062,156914
70.79346299171448,156914
70.79430437088013,156914
70.79513120651245,156914
70.79672765731812,156914
70.79755783081055,156914
70.79838919639587,156914
70.79922103881836,156914
70.80005097389221,156914
70.80164861679077,156914
70.80247402191162,156914
70.80330777168274,156914
70.8041512966156,156914
70.80574250221252,156914
70.80657529830933,156914
70.80740547180176,156914
70.8082365989685,156914
70.80906796455383,156914
70.81066012382507,156914
70.81149363517761,156914
70.81232643127441,156914
70.81315207481384,156914
70.81475591659546,156914
70.81558060646057,156914
70.81641292572021,156914
70.81724238395691,156914
70.81807255744934,156914
70.81966924667358,156914
70.82049894332886,156914
70.82132935523987,156914
70.82215809822083,156914
70.82375574111938,156914
70.82459378242493,156914
70.82542705535889,156914
70.82625794410706,156914
70.8270845413208,156914
70.82868456840515,156914
70.82951402664185,156914
70.83034181594849,156914
70.83117604255676,156914
70.83276772499084,156914
70.83359956741333,156914
70.83443450927734,156914
70.83526110649109,156914
70.83609294891357,156914
70.83768320083618,156914
70.8385169506073,156914
70.83935046195984,156914
70.8401792049408,156914
70.84101033210754,156914
70.8426034450531,156914
70.84343695640564,156914
70.8442735671997,156914
70.84509992599487,156914
70.84669899940491,156914
70.84752798080444,156914
70.8483624458313,156914
70.84918689727783,156914
70.85001921653748,156914
70.85161447525024,156914
70.85244417190552,156914
70.85327863693237,156914
70.85411524772644,156914
70.85570955276489,156914
70.85653972625732,156914
70.85737371444702,156914
70.85820460319519,156914
70.85903334617615,156914
70.86063146591187,156914
70.86146140098572,156914
70.86229395866394,156914
70.86312699317932,156914
70.86472797393799,156914
70.86556029319763,156914
70.8663911819458,156914
70.86721968650818,156914
70.86805438995361,156914
70.8696494102478,156914
70.87048029899597,156914
70.87130951881409,156914
70.87213611602783,156914
70.87372899055481,156914
70.87457132339478,156914
70.87540531158447,156914
70.87623357772827,156914
70.87706470489502,156914
70.87866449356079,156914
70.87949728965759,156914
70.88032937049866,156914
70.88115572929382,156914
70.88275265693665,156914
70.88357782363892,156914
70.8844153881073,156914
70.88524532318115,156914
70.88607811927795,156914
70.88767695426941,156914
70.88850474357605,156914
70.889333486557,156914
70.89016819000244,156914
70.89175796508789,156914
70.89258790016174,156914
70.89341425895691,156914
70.89425158500671,156914
70.89508414268494,156914
70.89667963981628,156914
70.89751410484314,156914
70.89834237098694,156914
70.89917302131653,156914
70.90000534057617,156914
70.901602268219,156914
70.90243482589722,156914
70.90326261520386,156914
70.90410089492798,156914
70.9056921005249,156914
70.90652060508728,156914
70.90735483169556,156914
70.90818405151367,156914
70.90901565551758,156914
70.91061019897461,156914
70.91143870353699,156914
70.91227531433105,156914
70.91310667991638,156914
70.914710521698,156914
70.91554117202759,156914
70.91637229919434,156914
70.91720151901245,156914
70.9180338382721,156914
70.91962552070618,156914
70.92045402526855,156914
70.92128610610962,156914
70.92212009429932,156914
70.9237105846405,156914
70.92455315589905,156914
70.92538595199585,156914
70.92620873451233,156914
70.9270453453064,156914
70.92863893508911,156914
70.92947316169739,156914
70.93030166625977,156914
70.9311261177063,156914
70.93272495269775,156914
70.93355417251587,156914
70.93439793586731,156914
70.9352216720581,156914
70.93605184555054,156914
70.93764567375183,156914
70.93847799301147,156914
70.93930840492249,156914
70.94013333320618,156914
70.94172930717468,156914
70.94255900382996,156914
70.94339036941528,156914
70.94423222541809,156914
70.945063829422,156914
70.94665908813477,156914
70.94749140739441,156914
70.948322057724,156914
70.94915103912354,156914
70.95073986053467,156914
70.95157241821289,156914
70.95240259170532,156914
70.95322775840759,156914
70.95407271385193,156914
70.95566654205322,156914
70.95649766921997,156914
70.95732712745667,156914
70.9581549167633,156914
70.95975041389465,156914
70.96057415008545,156914
70.96140694618225,156914
70.96223449707031,156914
70.96305918693542,156914
70.96466541290283,156914
70.96549534797668,156914
70.96632051467896,156914
70.96715044975281,156914
70.96874618530273,156914
70.96957206726074,156914
70.97040271759033,156914
70.97123384475708,156914
70.97206211090088,156914
70.97365474700928,156914
70.97449517250061,156914
70.9753246307373,156914
70.97615647315979,156914
70.97774839401245,156914
70.9785783290863,156914
70.97941064834595,156914
70.98023676872253,156914
70.98107051849365,156914
70.98266077041626,156914
70.98349571228027,156914
70.98433637619019,156914
70.98516082763672,156914
70.9867594242096,156914
70.98758625984192,156914
70.98841977119446,156914
70.98924660682678,156914
70.99007773399353,156914
70.99167513847351,156914
70.99250674247742,156914
70.99334001541138,156914
70.99417662620544,156914
70.99500799179077,156914
70.99660730361938,156914
70.99743366241455,156914
70.9982659816742,156914
70.99909448623657,156914
71.00069212913513,156914
71.00152039527893,156914
71.00235056877136,156914
71.00317978858948,156914
71.00401711463928,156914
71.00561547279358,156914
71.00644087791443,156914
71.00726628303528,156914
71.00810170173645,156914
71.00969576835632,156914
71.01052665710449,156914
71.01136183738708,156914
71.01219248771667,156914
71.01302123069763,156914
71.01462149620056,156914
71.01545357704163,156914
71.01628422737122,156914
71.01711201667786,156914
71.01870918273926,156914
71.01953744888306,156914
71.0203697681427,156914
71.02119708061218,156914
71.02202415466309,156914
71.02362060546875,156914
71.02446055412292,156914
71.02529120445251,156914
71.0261173248291,156914
71.02771139144897,156914
71.02854466438293,156914
71.02937364578247,156914
71.03020548820496,156914
71.03103947639465,156914
71.0326361656189,156914
71.0334644317627,156914
71.03430509567261,156914
71.03513836860657,156914
71.03673005104065,156914
71.03756356239319,156914
71.03839039802551,156914
71.03922009468079,156914
71.04005241394043,156914
71.04164814949036,156914
71.04248309135437,156914
71.0433087348938,156914
71.04414296150208,156914
71.0457398891449,156914
71.0465657711029,156914
71.04740071296692,156914
71.04822754859924,156914
71.04905939102173,156914
71.0506546497345,156914
71.05148315429688,156914
71.05231714248657,156914
71.05314612388611,156914
71.05474948883057,156914
71.05557441711426,156914
71.05640435218811,156914
71.05723428726196,156914
71.05806136131287,156914
71.05965161323547,156914
71.06048345565796,156914
71.06131386756897,156914
71.06214356422424,156914
71.06373190879822,156914
71.0645706653595,156914
71.06540155410767,156914
71.06623077392578,156914
71.06706190109253,156914
71.06865382194519,156914
71.06949043273926,156914
71.07031965255737,156914
71.0711452960968,156914
71.07274127006531,156914
71.07356595993042,156914
71.07440710067749,156914
71.07523560523987,156914
71.07606363296509,156914
71.07766222953796,156914
71.07849168777466,156914
71.0793228149414,156914
71.08015179634094,156914
71.08175206184387,156914
71.08257842063904,156914
71.08340764045715,156914
71.08424782752991,156914
71.08507943153381,156914
71.08667469024658,156914
71.08750295639038,156914
71.08833265304565,156914
71.08916115760803,156914
71.09075117111206,156914
71.09158086776733,156914
71.09241271018982,156914
71.09323906898499,156914
71.09408330917358,156914
71.09567165374756,156914
71.09650325775146,156914
71.09733176231384,156914
71.09815955162048,156914
71.09975290298462,156914
71.10057616233826,156914
71.10141062736511,156914
71.10223865509033,156914
71.10306906700134,156914
71.10467195510864,156914
71.10550308227539,156914
71.10633397102356,156914
71.10715889930725,156914
71.10875296592712,156914
71.1095814704895,156914
71.11040806770325,156914
71.11123967170715,156914
71.1120707988739,156914
71.11366605758667,156914
71.11450719833374,156914
71.11533951759338,156914
71.11617350578308,156914
71.11776900291443,156914
71.11859631538391,156914
71.11942934989929,156914
71.12025594711304,156914
71.12108993530273,156914
71.12268233299255,156914
71.12351298332214,156914
71.12435483932495,156914
71.12518382072449,156914
71.12602138519287,156914
71.12761545181274,156914
71.12845087051392,156914
71.1292793750763,156914
71.13011026382446,156914
71.13170576095581,156914
71.13253712654114,156914
71.13336563110352,156914
71.13420152664185,156914
71.13503289222717,156914
71.13663077354431,156914
71.13745927810669,156914
71.13829302787781,156914
71.13912034034729,156914
71.1407163143158,156914
71.14154553413391,156914
71.14237451553345,156914
71.14320373535156,156914
71.14404702186584,156914
71.14564824104309,156914
71.14647793769836,156914
71.14730548858643,156914
71.14813303947449,156914
71.14973211288452,156914
71.15056562423706,156914
71.15139150619507,156914
71.15222239494324,156914
71.1530556678772,156914
71.15465927124023,156914
71.15549087524414,156914
71.1563229560852,156914
71.15714836120605,156914
71.15874481201172,156914
71.15956926345825,156914
71.16040253639221,156914
71.16123175621033,156914
71.16206288337708,156914
71.16365098953247,156914
71.16449022293091,156914
71.16532278060913,156914
71.16615319252014,156914
71.16775274276733,156914
71.1685779094696,156914
71.16940641403198,156914
71.17023634910583,156914
71.17106366157532,156914
71.17265892028809,156914
71.1734893321991,156914
71.17432641983032,156914
71.17515850067139,156914
71.17675185203552,156914
71.17757558822632,156914
71.17840766906738,156914
71.17923498153687,156914
71.18007063865662,156914
71.1816611289978,156914
71.18249344825745,156914
71.1833245754242,156914
71.18415451049805,156914
71.18574810028076,156914
71.18657660484314,156914
71.18741083145142,156914
71.1882381439209,156914
71.18906831741333,156914
71.190664768219,156914
71.19149827957153,156914
71.19233107566833,156914
71.1931574344635,156914
71.19476461410522,156914
71.19559001922607,156914
71.19642162322998,156914
71.19724941253662,156914
71.1980767250061,156914
71.19967770576477,156914
71.20050644874573,156914
71.20134162902832,156914
71.20216965675354,156914
71.20376300811768,156914
71.20460247993469,156914
71.20543336868286,156914
71.2062578201294,156914
71.20709252357483,156914
71.2086877822876,156914
71.20952033996582,156914
71.21035146713257,156914
71.21117687225342,156914
71.21201133728027,156914
71.21359896659851,156914
71.21443915367126,156914
71.21526575088501,156914
71.21609282493591,156914
71.21769261360168,156914
71.21852278709412,156914
71.21935558319092,156914
71.22018361091614,156914
71.2210144996643,156914
71.22261238098145,156914
71.22344207763672,156914
71.22428369522095,156914
71.22511339187622,156914
71.22670888900757,156914
71.22753882408142,156914
71.22837042808533,156914
71.22920060157776,156914
71.2300329208374,156914
71.23163390159607,156914
71.23246383666992,156914
71.2332935333252,156914
71.23413038253784,156914
71.23572635650635,156914
71.23655772209167,156914
71.23738932609558,156914
71.2382185459137,156914
71.23905301094055,156914
71.24064207077026,156914
71.24147319793701,156914
71.24230885505676,156914
71.2431321144104,156914
71.24473834037781,156914
71.24556541442871,156914
71.24639773368835,156914
71.24722576141357,156914
71.2480583190918,156914
71.24965763092041,156914
71.25048613548279,156914
71.25131797790527,156914
71.25214648246765,156914
71.2537431716919,156914
71.2545793056488,156914
71.25540685653687,156914
71.25623822212219,156914
71.25706839561462,156914
71.25866293907166,156914
71.25949263572693,156914
71.26031756401062,156914
71.26114749908447,156914
71.26273679733276,156914
71.26356840133667,156914
71.26440811157227,156914
71.2652359008789,156914
71.26606631278992,156914
71.26766180992126,156914
71.26849222183228,156914
71.26932382583618,156914
71.27015161514282,156914
71.27174687385559,156914
71.27257180213928,156914
71.27340531349182,156914
71.27424144744873,156914
71.27506995201111,156914
71.27666926383972,156914
71.27749967575073,156914
71.2783317565918,156914
71.27915859222412,156914
71.28075098991394,156914
71.28157806396484,156914
71.28240919113159,156914
71.28323817253113,156914
71.28407788276672,156914
71.28567171096802,156914
71.28650045394897,156914
71.28732824325562,156914
71.28815627098083,156914
71.28974533081055,156914
71.29057574272156,156914
71.29140567779541,156914
71.29223346710205,156914
71.2930679321289,156914
71.2946720123291,156914
71.29550504684448,156914
71.29633522033691,156914
71.2971625328064,156914
71.29876136779785,156914
71.29958438873291,156914
71.30041861534119,156914
71.30124568939209,156914
71.3020830154419,156914
71.3036801815033,156914
71.30452227592468,156914
71.30535340309143,156914
71.30618357658386,156914
71.3070158958435,156914
71.30861163139343,156914
71.30944228172302,156914
71.31027173995972,156914
71.31110405921936,156914
71.31270265579224,156914
71.31352996826172,156914
71.31436944007874,156914
71.31519961357117,156914
71.31602787971497,156914
71.31762862205505,156914
71.31845879554749,156914
71.31928896903992,156914
71.32011604309082,156914
71.32170963287354,156914
71.32254338264465,156914
71.32337188720703,156914
71.32420659065247,156914
71.32504224777222,156914
71.32663464546204,156914
71.3274655342102,156914
71.32829165458679,156914
71.32911968231201,156914
71.33071708679199,156914
71.33154463768005,156914
71.33237767219543,156914
71.33320450782776,156914
71.33404517173767,156914
71.33564019203186,156914
71.33646988868713,156914
71.33730173110962,156914
71.33812832832336,156914
71.3397274017334,156914
71.34055185317993,156914
71.34138441085815,156914
71.34221386909485,156914
71.34304523468018,156914
71.34465312957764,156914
71.3454806804657,156914
71.34631085395813,156914
71.3471405506134,156914
71.34873604774475,156914
71.34956979751587,156914
71.35039710998535,156914
71.35122680664062,156914
71.35206174850464,156914
71.35365748405457,156914
71.35449576377869,156914
71.35532546043396,156914
71.35615277290344,156914
71.3577492237091,156914
71.35857677459717,156914
71.35940957069397,156914
71.36023879051208,156914
71.36107420921326,156914
71.36266779899597,156914
71.36350059509277,156914
71.36434125900269,156914
71.36516952514648,156914
71.3667631149292,156914
71.36758995056152,156914
71.36841750144958,156914
71.3692467212677,156914
71.3700795173645,156914
71.37167930603027,156914
71.37250757217407,156914
71.37333750724792,156914
71.37417602539062,156914
71.37500715255737,156914
71.37660264968872,156914
71.37743091583252,156914
71.37825798988342,156914
71.37909030914307,156914
71.38068747520447,156914
71.38152003288269,156914
71.38235187530518,156914
71.38318014144897,156914
71.3840262889862,156914
71.38561582565308,156914
71.38644218444824,156914
71.3872697353363,156914
71.38810205459595,156914
71.38969254493713,156914
71.39052176475525,156914
71.39135336875916,156914
71.39217901229858,156914
71.3930115699768,156914
71.39461851119995,156914
71.3954451084137,156914
71.39628338813782,156914
71.39711117744446,156914
71.39870691299438,156914
71.39953804016113,156914
71.4003677368164,156914
71.401198387146,156914
71.40203070640564,156914
71.40362620353699,156914
71.40446472167969,156914
71.40529561042786,156914
71.40612483024597,156914
71.40771555900574,156914
71.40854406356812,156914
71.40937423706055,156914
71.41020059585571,156914
71.41103553771973,156914
71.41262745857239,156914
71.4134578704834,156914
71.41430020332336,156914
71.41512751579285,156914
71.41672873497009,156914
71.41755819320679,156914
71.41838788986206,156914
71.41921162605286,156914
71.42003917694092,156914
71.421639919281,156914
71.42247080802917,156914
71.42330288887024,156914
71.4241361618042,156914
71.42573094367981,156914
71.42656016349792,156914
71.42739176750183,156914
71.42822217941284,156914
71.4290542602539,156914
71.43064785003662,156914
71.43147659301758,156914
71.43230485916138,156914
71.43313717842102,156914
71.43474197387695,156914
71.43557119369507,156914
71.43639874458313,156914
71.43723034858704,156914
71.43806076049805,156914
71.4396550655365,156914
71.44048881530762,156914
71.4413194656372,156914
71.44214487075806,156914
71.44373798370361,156914
71.44457364082336,156914
71.44541096687317,156914
71.44623637199402,156914
71.44706726074219,156914
71.44866013526917,156914
71.44949221611023,156914
71.45032596588135,156914
71.45115184783936,156914
71.45274758338928,156914
71.45357275009155,156914
71.45441174507141,156914
71.45524764060974,156914
71.45607495307922,156914
71.45767068862915,156914
71.45849680900574,156914
71.45932626724243,156914
71.46015930175781,156914
71.46175169944763,156914
71.46258234977722,156914
71.46341562271118,156914
71.46425080299377,156914
71.46508455276489,156914
71.46667575836182,156914
71.46751022338867,156914
71.46833848953247,156914
71.46916556358337,156914
71.4707624912262,156914
71.47159051895142,156914
71.47242259979248,156914
71.47324633598328,156914
71.47408652305603,156914
71.4756829738617,156914
71.47651529312134,156914
71.4773485660553,156914
71.4781768321991,156914
71.47976922988892,156914
71.48059725761414,156914
71.48142457008362,156914
71.4822564125061,156914
71.48308634757996,156914
71.48469138145447,156914
71.48551654815674,156914
71.48634719848633,156914
71.48717737197876,156914
71.4880120754242,156914
71.48960971832275,156914
71.49043846130371,156914
71.49126601219177,156914
71.49209833145142,156914
71.49369239807129,156914
71.49452900886536,156914
71.4953556060791,156914
71.49618196487427,156914
71.49701380729675,156914
71.498605966568,156914
71.4994375705719,156914
71.5002589225769,156914
71.50108814239502,156914
71.50268149375916,156914
71.50351142883301,156914
71.5043568611145,156914
71.5051839351654,156914
71.506014585495,156914
71.50760459899902,156914
71.5084319114685,156914
71.50926351547241,156914
71.51008892059326,156914
71.51168513298035,156914
71.51251411437988,156914
71.51334643363953,156914
71.51418089866638,156914
71.51500964164734,156914
71.51660490036011,156914
71.51743125915527,156914
71.51825976371765,156914
71.51909327507019,156914
71.52068734169006,156914
71.52151942253113,156914
71.5223491191864,156914
71.52317452430725,156914
71.52401733398438,156914
71.52561235427856,156914
71.52644348144531,156914
71.52727222442627,156914
71.52810406684875,156914
71.52969861030579,156914
71.53052759170532,156914
71.53136205673218,156914
71.53218483924866,156914
71.53301548957825,156914
71.53462553024292,156914
71.53545427322388,156914
71.53628325462341,156914
71.53711605072021,156914
71.53871464729309,156914
71.53954076766968,156914
71.54037404060364,156914
71.54120182991028,156914
71.54203295707703,156914
71.54363107681274,156914
71.5444667339325,156914
71.5452950000763,156914
71.5461277961731,156914
71.54772186279297,156914
71.54855465888977,156914
71.54938125610352,156914
71.55021286010742,156914
71.55104732513428,156914
71.55264019966125,156914
71.55347108840942,156914
71.55431342124939,156914
71.55513978004456,156914
71.55673742294312,156914
71.55756640434265,156914
71.5584032535553,156914
71.55922794342041,156914
71.56005668640137,156914
71.56165266036987,156914
71.56248331069946,156914
71.56331610679626,156914
71.56415057182312,156914
71.56574511528015,156914
71.56657528877258,156914
71.56740593910217,156914
71.56823706626892,156914
71.56906485557556,156914
71.57065987586975,156914
71.57149004936218,156914
71.57231640815735,156914
71.57314848899841,156914
71.5747480392456,156914
71.57557797431946,156914
71.57640767097473,156914
71.57723474502563,156914
71.57806968688965,156914
71.57965970039368,156914
71.5804934501648,156914
71.58132529258728,156914
71.5821521282196,156914
71.58374762535095,156914
71.58458828926086,156914
71.58542037010193,156914
71.5862488746643,156914
71.58707475662231,156914
71.58866930007935,156914
71.58950185775757,156914
71.59033370018005,156914
71.5911591053009,156914
71.59275650978088,156914
71.59357929229736,156914
71.5944173336029,156914
71.5952479839325,156914
71.59607601165771,156914
71.59767293930054,156914
71.5985016822815,156914
71.59932851791382,156914
71.60016298294067,156914
71.60175013542175,156914
71.60258388519287,156914
71.6034095287323,156914
71.60424876213074,156914
71.60508155822754,156914
71.60667157173157,156914
71.60750484466553,156914
71.60833477973938,156914
71.60916328430176,156914
71.61075806617737,156914
71.61158347129822,156914
71.61241626739502,156914
71.61324691772461,156914
71.61408686637878,156914
71.61568069458008,156914
71.61651086807251,156914
71.61734557151794,156914
71.618173122406,156914
71.6197669506073,156914
71.62059211730957,156914
71.62142062187195,156914
71.62225294113159,156914
71.6230788230896,156914
71.62468457221985,156914
71.62551856040955,156914
71.62635231018066,156914
71.6271800994873,156914
71.62801170349121,156914
71.6296055316925,156914
71.63043737411499,156914
71.631267786026,156914
71.63209795951843,156914
71.63368654251099,156914
71.63452649116516,156914
71.63535714149475,156914
71.63618564605713,156914
71.63701963424683,156914
71.63861322402954,156914
71.63944458961487,156914
71.64027261734009,156914
71.64109873771667,156914
71.64269018173218,156914
71.64351749420166,156914
71.64435958862305,156914
71.64518713951111,156914
71.64601612091064,156914
71.64761161804199,156914
71.64843940734863,156914
71.64927363395691,156914
71.65010094642639,156914
71.65169048309326,156914
71.65251970291138,156914
71.65335488319397,156914
71.65418767929077,156914
71.65502095222473,156914
71.65661549568176,156914
71.65744423866272,156914
71.65827345848083,156914
71.65910458564758,156914
71.66069793701172,156914
71.66152906417847,156914
71.6623604297638,156914
71.66318321228027,156914
71.66402673721313,156914
71.66561841964722,156914
71.66645240783691,156914
71.66728067398071,156914
71.66810870170593,156914
71.66970467567444,156914
71.67053484916687,156914
71.67136740684509,156914
71.67219877243042,156914
71.67302751541138,156914
71.6746335029602,156914
71.67545866966248,156914
71.67629051208496,156914
71.67711901664734,156914
71.67872047424316,156914
71.67955017089844,156914
71.68038058280945,156914
71.68121433258057,156914
71.68204379081726,156914
71.68363904953003,156914
71.68447875976562,156914
71.68530607223511,156914
71.68613576889038,156914
71.68772792816162,156914
71.68856525421143,156914
71.68939471244812,156914
71.69021987915039,156914
71.69105267524719,156914
71.69264364242554,156914
71.69347786903381,156914
71.69431781768799,156914
71.69514513015747,156914
71.69674324989319,156914
71.69756722450256,156914
71.69840097427368,156914
71.69922637939453,156914
71.70005631446838,156914
71.7016544342041,156914
71.70248079299927,156914
71.70331501960754,156914
71.70415115356445,156914
71.70574617385864,156914
71.70657134056091,156914
71.7074031829834,156914
71.70823502540588,156914
71.70906567573547,156914
71.71065950393677,156914
71.71149158477783,156914
71.71231865882874,156914
71.71315002441406,156914
71.71475267410278,156914
71.71558260917664,156914
71.71641230583191,156914
71.71724104881287,156914
71.71807408332825,156914
71.71966409683228,156914
71.7204978466034,156914
71.72132515907288,156914
71.7221531867981,156914
71.72375869750977,156914
71.72459435462952,156914
71.72542786598206,156914
71.7262532711029,156914
71.72707939147949,156914
71.7286729812622,156914
71.72950506210327,156914
71.7303557395935,156914
71.73117351531982,156914
71.73276901245117,156914
71.73359298706055,156914
71.7344331741333,156914
71.7352647781372,156914
71.736093044281,156914
71.73768854141235,156914
71.73852014541626,156914
71.73935198783875,156914
71.74018216133118,156914
71.7410101890564,156914
71.74260449409485,156914
71.74343252182007,156914
71.74426937103271,156914
71.7451012134552,156914
71.74669647216797,156914
71.74752974510193,156914
71.74836134910583,156914
71.74918961524963,156914
71.75002002716064,156914
71.75161552429199,156914
71.75245332717896,156914
71.75328063964844,156914
71.75412225723267,156914
71.75572109222412,156914
71.75655150413513,156914
71.75738286972046,156914
71.75820922851562,156914
71.75903797149658,156914
71.76063179969788,156914
71.76146340370178,156914
71.76229286193848,156914
71.76312398910522,156914
71.764728307724,156914
71.7655577659607,156914
71.7663848400116,156914
71.76721358299255,156914
71.76804423332214,156914
71.76964473724365,156914
71.77047348022461,156914
71.77130007743835,156914
71.77213335037231,156914
71.77372336387634,156914
71.77456855773926,156914
71.77539610862732,156914
71.77622580528259,156914
71.77705693244934,156914
71.7786512374878,156914
71.77948522567749,156914
71.7803156375885,156914
71.78114581108093,156914
71.78273606300354,156914
71.78356337547302,156914
71.78440570831299,156914
71.78523707389832,156914
71.78606963157654,156914
71.78766679763794,156914
71.78849649429321,156914
71.7893271446228,156914
71.7901554107666,156914
71.79175186157227,156914
71.79257464408875,156914
71.79340386390686,156914
71.7942464351654,156914
71.79507279396057,156914
71.79666996002197,156914
71.79749822616577,156914
71.79832601547241,156914
71.79915571212769,156914
71.80074882507324,156914
71.80157828330994,156914
71.80240988731384,156914
71.80323481559753,156914
71.80408143997192,156914
71.80566692352295,156914
71.80649971961975,156914
71.80733036994934,156914
71.80815649032593,156914
71.80975270271301,156914
71.81057834625244,156914
71.81140875816345,156914
71.81224155426025,156914
71.81307101249695,156914
71.81467771530151,156914
71.8155107498169,156914
71.81634283065796,156914
71.8171694278717,156914
71.8187644481659,156914
71.81959128379822,156914
71.82041835784912,156914
71.8212502002716,156914
71.82207870483398,156914
71.82367324829102,156914
71.82451176643372,156914
71.82534170150757,156914
71.82617425918579,156914
71.82776737213135,156914
71.82859897613525,156914
71.8294289112091,156914
71.8302538394928,156914
71.83108472824097,156914
71.83267712593079,156914
71.83351135253906,156914
71.83435344696045,156914
71.83518075942993,156914
71.83601522445679,156914
71.83760809898376,156914
71.83844041824341,156914
71.83926677703857,156914
71.84009647369385,156914
71.84168195724487,156914
71.84251236915588,156914
71.84334468841553,156914
71.84418201446533,156914
71.84501361846924,156914
71.84661197662354,156914
71.84743905067444,156914
71.84827589988708,156914
71.84910702705383,156914
71.85070157051086,156914
71.85153293609619,156914
71.85236096382141,156914
71.85319256782532,156914
71.85403275489807,156914
71.85562825202942,156914
71.85645842552185,156914
71.8572907447815,156914
71.85811877250671,156914
71.85970687866211,156914
71.86053609848022,156914
71.86136865615845,156914
71.8621973991394,156914
71.86302995681763,156914
71.8646297454834,156914
71.86546349525452,156914
71.86629343032837,156914
71.86712217330933,156914
71.86871600151062,156914
71.86954975128174,156914
71.87038278579712,156914
71.87120819091797,156914
71.87204074859619,156914
71.87363529205322,156914
71.87447047233582,156914
71.87530493736267,156914
71.87613677978516,156914
71.87773299217224,156914
71.87855911254883,156914
71.87938690185547,156914
71.88021755218506,156914
71.88104844093323,156914
71.88264203071594,156914
71.88347268104553,156914
71.88431024551392,156914
71.88514041900635,156914
71.88673162460327,156914
71.88756823539734,156914
71.88839745521545,156914
71.88922119140625,156914
71.89005613327026,156914
71.89165043830872,156914
71.8924834728241,156914
71.89331459999084,156914
71.89414811134338,156914
71.89574980735779,156914
71.89657211303711,156914
71.89740467071533,156914
71.89823198318481,156914
71.89906144142151,156914
71.90066146850586,156914
71.90148901939392,156914
71.90232229232788,156914
71.90314984321594,156914
71.90475463867188,156914
71.9055826663971,156914
71.90641355514526,156914
71.90724325180054,156914
71.90807175636292,156914
71.90966963768005,156914
71.91049909591675,156914
71.91132855415344,156914
71.91215825080872,156914
71.91374444961548,156914
71.91458439826965,156914
71.91541457176208,156914
71.91624307632446,156914
71.91707301139832,156914
71.91866660118103,156914
71.91950058937073,156914
71.92033267021179,156914
71.92115950584412,156914
71.92275476455688,156914
71.92357993125916,156914
71.92442226409912,156914
71.92524981498718,156914
71.9260802268982,156914
71.92767286300659,156914
71.92850494384766,156914
71.92933821678162,156914
71.93016481399536,156914
71.93175792694092,156914
71.9325852394104,156914
71.93341541290283,156914
71.93425822257996,156914
71.93508839607239,156914
71.93668365478516,156914
71.93751454353333,156914
71.9383442401886,156914
71.93917322158813,156914
71.94076657295227,156914
71.94159317016602,156914
71.9424250125885,156914
71.94324922561646,156914
71.944091796875,156914
71.94568085670471,156914
71.94651341438293,156914
71.94734215736389,156914
71.94817113876343,156914
71.94976234436035,156914
71.95058536529541,156914
71.95141696929932,156914
71.95224356651306,156914
71.95307302474976,156914
71.95467352867126,156914
71.95550322532654,156914
71.95633697509766,156914
71.95716118812561,156914
71.95875716209412,156914
71.95958590507507,156914
71.9604139328003,156914
71.96124815940857,156914
71.96207690238953,156914
71.96367311477661,156914
71.964510679245,156914
71.96534371376038,156914
71.9661762714386,156914
71.9677677154541,156914
71.96859669685364,156914
71.96942901611328,156914
71.97025418281555,156914
71.97108626365662,156914
71.9726779460907,156914
71.97350692749023,156914
71.97434854507446,156914
71.97517824172974,156914
71.97600984573364,156914
71.97760057449341,156914
71.97843408584595,156914
71.97926044464111,156914
71.9800910949707,156914
71.98168730735779,156914
71.98251748085022,156914
71.98335146903992,156914
71.98418617248535,156914
71.98501253128052,156914
71.98660135269165,156914
71.9874336719513,156914
71.98826265335083,156914
71.98909020423889,156914
71.99068570137024,156914
71.99151563644409,156914
71.99234557151794,156914
71.99317383766174,156914
71.99400997161865,156914
71.99561023712158,156914
71.99644088745117,156914
71.99726867675781,156914
71.9981005191803,156914
71.99969100952148,156914
72.00052547454834,156914
72.00135564804077,156914
72.00218224525452,156914
72.00301432609558,156914
72.00461173057556,156914
72.00544476509094,156914
72.00627326965332,156914
72.00710201263428,156914
72.00869607925415,156914
72.00952506065369,156914
72.01036262512207,156914
72.01118850708008,156914
72.01202368736267,156914
72.01362156867981,156914
72.01445722579956,156914
72.01529026031494,156914
72.01611590385437,156914
72.01771545410156,156914
72.01854252815247,156914
72.01937413215637,156914
72.02020478248596,156914
72.02103066444397,156914
72.02262687683105,156914
72.0234546661377,156914
72.02429556846619,156914
72.02513003349304,156914
72.02672243118286,156914
72.02755570411682,156914
72.0283899307251,156914
72.02921533584595,156914
72.03004598617554,156914
72.03164076805115,156914
72.03247356414795,156914
72.03330779075623,156914
72.03414368629456,156914
72.03574109077454,156914
72.03657078742981,156914
72.03740525245667,156914
72.03823375701904,156914
72.03906679153442,156914
72.04066181182861,156914
72.0414924621582,156914
72.04232215881348,156914
72.04314851760864,156914
72.04475235939026,156914
72.04557609558105,156914
72.04640603065491,156914
72.04724025726318,156914
72.04807138442993,156914
72.0496666431427,156914
72.05049562454224,156914
72.05132508277893,156914
72.05215549468994,156914
72.05374813079834,156914
72.05458855628967,156914
72.05541849136353,156914
72.05624580383301,156914
72.0570797920227,156914
72.05867099761963,156914
72.05950450897217,156914
72.0603334903717,156914
72.06115770339966,156914
72.06275463104248,156914
72.06358075141907,156914
72.06442093849182,156914
72.0652506351471,156914
72.066077709198,156914
72.0676782131195,156914
72.06850695610046,156914
72.06934237480164,156914
72.07017135620117,156914
72.07176637649536,156914
72.07259559631348,156914
72.07342648506165,156914
72.0742666721344,156914
72.0750937461853,156914
72.07669854164124,156914
72.07752466201782,156914
72.07835650444031,156914
72.07918930053711,156914
72.08001708984375,156914
72.0816125869751,156914
72.08244490623474,156914
72.08327102661133,156914
72.08411574363708,156914
72.0857081413269,156914
72.08653926849365,156914
72.08737277984619,156914
72.08820176124573,156914
72.08903574943542,156914
72.09062480926514,156914
72.09146165847778,156914
72.092289686203,156914
72.09311485290527,156914
72.09471988677979,156914
72.09555220603943,156914
72.09637928009033,156914
72.09720587730408,156914
72.09803628921509,156914
72.09963250160217,156914
72.10046100616455,156914
72.10129523277283,156914
72.10212397575378,156914
72.10371923446655,156914
72.1045594215393,156914
72.10538840293884,156914
72.10621762275696,156914
72.10704922676086,156914
72.10864400863647,156914
72.10947227478027,156914
72.11030149459839,156914
72.11112928390503,156914
72.112722158432,156914
72.11355471611023,156914
72.11439490318298,156914
72.115225315094,156914
72.11606407165527,156914
72.11765241622925,156914
72.11848783493042,156914
72.11931800842285,156914
72.12014865875244,156914
72.12174272537231,156914
72.12257027626038,156914
72.1234016418457,156914
72.12423610687256,156914
72.12507033348083,156914
72.12667036056519,156914
72.12750196456909,156914
72.12833333015442,156914
72.12915802001953,156914
72.1307544708252,156914
72.13158202171326,156914
72.13241219520569,156914
72.13324475288391,156914
72.13408160209656,156914
72.13568019866943,156914
72.1365065574646,156914
72.1373393535614,156914
72.13817286491394,156914
72.13976263999939,156914
72.14059209823608,156914
72.14141869544983,156914
72.14224743843079,156914
72.1430835723877,156914
72.14468598365784,156914
72.14551711082458,156914
72.14635181427002,156914
72.14717555046082,156914
72.14800715446472,156914
72.14960217475891,156914
72.15043187141418,156914
72.1512610912323,156914
72.15209078788757,156914
72.15368366241455,156914
72.1545205116272,156914
72.15535354614258,156914
72.15617990493774,156914
72.15700912475586,156914
72.158607006073,156914
72.15943670272827,156914
72.16026616096497,156914
72.16109728813171,156914
72.16268968582153,156914
72.16351795196533,156914
72.16436076164246,156914
72.16518902778625,156914
72.16601991653442,156914
72.16761755943298,156914
72.168447971344,156914
72.16927790641785,156914
72.17010760307312,156914
72.17169690132141,156914
72.17253088951111,156914
72.17336010932922,156914
72.17419338226318,156914
72.17502474784851,156914
72.17661595344543,156914
72.17744588851929,156914
72.17827486991882,156914
72.17910432815552,156914
72.18070220947266,156914
72.18153190612793,156914
72.18236541748047,156914
72.183189868927,156914
72.18402862548828,156914
72.18562507629395,156914
72.18645191192627,156914
72.18728137016296,156914
72.18810868263245,156914
72.18970561027527,156914
72.19053530693054,156914
72.19136166572571,156914
72.1921935081482,156914
72.19302248954773,156914
72.19462370872498,156914
72.19545197486877,156914
72.196280002594,156914
72.19711327552795,156914
72.19870162010193,156914
72.19953274726868,156914
72.200364112854,156914
72.2011890411377,156914
72.20202159881592,156914
72.20361614227295,156914
72.20446014404297,156914
72.20528864860535,156914
72.20611691474915,156914
72.20771288871765,156914
72.20854473114014,156914
72.20938062667847,156914
72.21020269393921,156914
72.21103167533875,156914
72.21262621879578,156914
72.21345615386963,156914
72.21430277824402,156914
72.21512603759766,156914
72.21671915054321,156914
72.21754884719849,156914
72.21837520599365,156914
72.21920466423035,156914
72.2200357913971,156914
72.22163367271423,156914
72.22246170043945,156914
72.22329044342041,156914
72.22413063049316,156914
72.22572422027588,156914
72.22655487060547,156914
72.2273817062378,156914
72.22820544242859,156914
72.2290358543396,156914
72.230628490448,156914
72.23146462440491,156914
72.23229432106018,156914
72.23311877250671,156914
72.23472571372986,156914
72.23555636405945,156914
72.23639130592346,156914
72.23722100257874,156914
72.23805093765259,156914
72.23964667320251,156914
72.24047470092773,156914
72.2413055896759,156914
72.24213242530823,156914
72.24373006820679,156914
72.2445638179779,156914
72.24539756774902,156914
72.24622654914856,156914
72.24705719947815,156914
72.24865436553955,156914
72.24948120117188,156914
72.25031113624573,156914
72.2511465549469,156914
72.25274085998535,156914
72.25357341766357,156914
72.25441265106201,156914
72.25524067878723,156914
72.2560784816742,156914
72.25767493247986,156914
72.25850629806519,156914
72.2593343257904,156914
72.26015782356262,156914
72.26175618171692,156914
72.26257610321045,156914
72.26340889930725,156914
72.2642457485199,156914
72.26507019996643,156914
72.26667261123657,156914
72.26750302314758,156914
72.26833271980286,156914
72.26915764808655,156914
72.27075099945068,156914
72.27157306671143,156914
72.2724015712738,156914
72.27323174476624,156914
72.27407097816467,156914
72.27566432952881,156914
72.27649402618408,156914
72.27732396125793,156914
72.27815580368042,156914
72.27975082397461,156914
72.28058218955994,156914
72.28140878677368,156914
72.28223991394043,156914
72.28307127952576,156914
72.28466701507568,156914
72.28550219535828,156914
72.28632879257202,156914
72.28716135025024,156914
72.28875851631165,156914
72.28958511352539,156914
72.29041719436646,156914
72.2912425994873,156914
72.29207229614258,156914
72.29366374015808,156914
72.29450464248657,156914
72.29533743858337,156914
72.29616355895996,156914
72.29776406288147,156914
72.29859113693237,156914
72.29941964149475,156914
72.3002462387085,156914
72.30107736587524,156914
72.3026750087738,156914
72.30350756645203,156914
72.30434823036194,156914
72.30517792701721,156914
72.30600786209106,156914
72.3076057434082,156914
72.30843567848206,156914
72.30926537513733,156914
72.3100950717926,156914
72.31169152259827,156914
72.31252098083496,156914
72.31335020065308,156914
72.31418418884277,156914
72.31501889228821,156914
72.31661367416382,156914
72.31744241714478,156914
72.31827211380005,156914
72.31910037994385,156914
72.32068753242493,156914
72.32151436805725,156914
72.32234787940979,156914
72.32317399978638,156914
72.32402276992798,156914
72.32561802864075,156914
72.32644701004028,156914
72.3272774219513,156914
72.32810258865356,156914
72.32969808578491,156914
72.33052778244019,156914
72.33135724067688,156914
72.33218932151794,156914
72.3330147266388,156914
72.33462119102478,156914
72.335453748703,156914
72.33627796173096,156914
72.33711075782776,156914
72.3387041091919,156914
72.33953309059143,156914
72.3403627872467,156914
72.34119129180908,156914
72.34202361106873,156914
72.34361577033997,156914
72.34445786476135,156914
72.34529089927673,156914
72.34611582756042,156914
72.34771299362183,156914
72.34854340553284,156914
72.3493754863739,156914
72.35020160675049,156914
72.35103130340576,156914
72.35262799263,156914
72.3534574508667,156914
72.35430121421814,156914
72.35512828826904,156914
72.35672211647034,156914
72.35754919052124,156914
72.35839223861694,156914
72.35923075675964,156914
72.36006760597229,156914
72.36165952682495,156914
72.36248803138733,156914
72.36331462860107,156914
72.36415600776672,156914
72.36574792861938,156914
72.36657691001892,156914
72.36740851402283,156914
72.36823916435242,156914
72.36906909942627,156914
72.37065958976746,156914
72.3714952468872,156914
72.37232208251953,156914
72.37315034866333,156914
72.37475299835205,156914
72.37558031082153,156914
72.37641406059265,156914
72.37724161148071,156914
72.37806844711304,156914
72.37966299057007,156914
72.38049411773682,156914
72.38132357597351,156914
72.38214898109436,156914
72.3837456703186,156914
72.38457751274109,156914
72.38540887832642,156914
72.38624429702759,156914
72.3870759010315,156914
72.38866877555847,156914
72.38949656486511,156914
72.39032626152039,156914
72.39115762710571,156914
72.39274787902832,156914
72.3935751914978,156914
72.39441537857056,156914
72.39524269104004,156914
72.39607810974121,156914
72.39767050743103,156914
72.3985013961792,156914
72.39932632446289,156914
72.400151014328,156914
72.40174531936646,156914
72.40257024765015,156914
72.40340495109558,156914
72.40424299240112,156914
72.40507316589355,156914
72.40666723251343,156914
72.40749478340149,156914
72.4083297252655,156914
72.40915298461914,156914
72.41074919700623,156914
72.41157221794128,156914
72.41240239143372,156914
72.41323494911194,156914
72.41407775878906,156914
72.41567635536194,156914
72.41650819778442,156914
72.41733622550964,156914
72.41816806793213,156914
72.41975903511047,156914
72.42059278488159,156914
72.42142343521118,156914
72.4222502708435,156914
72.42308211326599,156914
72.42468905448914,156914
72.4255223274231,156914
72.42635297775269,156914
72.42717957496643,156914
72.42801189422607,156914
72.4296007156372,156914
72.43043851852417,156914
72.43126320838928,156914
72.43209433555603,156914
72.43368887901306,156914
72.43452668190002,156914
72.43535923957825,156914
72.43618655204773,156914
72.43701720237732,156914
72.43860816955566,156914
72.4394359588623,156914
72.440265417099,156914
72.44109439849854,156914
72.44269037246704,156914
72.44352006912231,156914
72.44435930252075,156914
72.44518899917603,156914
72.4460198879242,156914
72.4476215839386,156914
72.44845056533813,156914
72.44928240776062,156914
72.45011401176453,156914
72.45170378684998,156914
72.45254039764404,156914
72.45337009429932,156914
72.45420455932617,156914
72.45503807067871,156914
72.45663285255432,156914
72.45746564865112,156914
72.45829343795776,156914
72.45912289619446,156914
72.46071767807007,156914
72.46154356002808,156914
72.46237540245056,156914
72.463205575943,156914
72.46404314041138,156914
72.4656400680542,156914
72.46646928787231,156914
72.46730327606201,156914
72.46813201904297,156914
72.46972823143005,156914
72.4705581665039,156914
72.47138619422913,156914
72.47221350669861,156914
72.4730429649353,156914
72.47464513778687,156914
72.47547650337219,156914
72.4763035774231,156914
72.47713470458984,156914
72.47872924804688,156914
72.47956228256226,156914
72.48039317131042,156914
72.48122000694275,156914
72.48205375671387,156914
72.48364400863647,156914
72.48448705673218,156914
72.48531460762024,156914
72.48614382743835,156914
72.48774218559265,156914
72.48857474327087,156914
72.48940825462341,156914
72.49023628234863,156914
72.49106454849243,156914
72.49265885353088,156914
72.49349164962769,156914
72.49433255195618,156914
72.49515914916992,156914
72.49675512313843,156914
72.49758672714233,156914
72.49841547012329,156914
72.49924755096436,156914
72.50008082389832,156914
72.50167679786682,156914
72.50250816345215,156914
72.50333642959595,156914
72.50417447090149,156914
72.50500631332397,156914
72.50660061836243,156914
72.5074303150177,156914
72.5082585811615,156914
72.50908970832825,156914
72.51067996025085,156914
72.51151084899902,156914
72.51233863830566,156914
72.51316928863525,156914
72.51401257514954,156914
72.51560807228088,156914
72.51644110679626,156914
72.51727080345154,156914
72.51809763908386,156914
72.5196897983551,156914
72.52051734924316,156914
72.52135252952576,156914
72.52218246459961,156914
72.52300953865051,156914
72.5246205329895,156914
72.52545189857483,156914
72.52628135681152,156914
72.52710723876953,156914
72.52870631217957,156914
72.52953505516052,156914
72.53036499023438,156914
72.53119349479675,156914
72.53202319145203,156914
72.53361678123474,156914
72.5344569683075,156914
72.53528499603271,156914
72.53611826896667,156914
72.53771209716797,156914
72.53854465484619,156914
72.53937768936157,156914
72.54020404815674,156914
72.54103708267212,156914
72.54263091087341,156914
72.54346299171448,156914
72.5443012714386,156914
72.54512786865234,156914
72.54672646522522,156914
72.54755520820618,156914
72.5483877658844,156914
72.54921388626099,156914
72.55004334449768,156914
72.55164432525635,156914
72.55247521400452,156914
72.55330848693848,156914
72.55414152145386,156914
72.55573582649231,156914
72.55656266212463,156914
72.55739283561707,156914
72.55822110176086,156914
72.55905437469482,156914
72.56065034866333,156914
72.56147861480713,156914
72.56230449676514,156914
72.56313586235046,156914
72.56473565101624,156914
72.56556963920593,156914
72.56639671325684,156914
72.56722378730774,156914
72.56805729866028,156914
72.56964993476868,156914
72.57047891616821,156914
72.57131004333496,156914
72.57213568687439,156914
72.57373666763306,156914
72.57457613945007,156914
72.57541012763977,156914
72.57623958587646,156914
72.57706785202026,156914
72.57866358757019,156914
72.57949233055115,156914
72.580326795578,156914
72.58115458488464,156914
72.58274936676025,156914
72.58357453346252,156914
72.58441758155823,156914
72.5852484703064,156914
72.58609223365784,156914
72.5876817703247,156914
72.58851552009583,156914
72.58934378623962,156914
72.59017705917358,156914
72.59176683425903,156914
72.59260129928589,156914
72.5934329032898,156914
72.59426808357239,156914
72.59510111808777,156914
72.5966968536377,156914
72.59752941131592,156914
72.59835863113403,156914
72.59918785095215,156914
72.60002207756042,156914
72.60161328315735,156914
72.60244464874268,156914
72.60327363014221,156914
72.60411310195923,156914
72.60571002960205,156914
72.60653758049011,156914
72.60737228393555,156914
72.60820126533508,156914
72.60903477668762,156914
72.61063170433044,156914
72.61145997047424,156914
72.61229109764099,156914
72.61311674118042,156914
72.61471843719482,156914
72.61554503440857,156914
72.61637830734253,156914
72.61720418930054,156914
72.6180329322815,156914
72.61962723731995,156914
72.62045741081238,156914
72.6212887763977,156914
72.62211537361145,156914
72.62370705604553,156914
72.6245470046997,156914
72.62537741661072,156914
72.62620687484741,156914
72.62703680992126,156914
72.62862634658813,156914
72.6294584274292,156914
72.63029217720032,156914
72.63112092018127,156914
72.63271951675415,156914
72.63354992866516,156914
72.63438940048218,156914
72.63521814346313,156914
72.6360490322113,156914
72.63764667510986,156914
72.6384768486023,156914
72.63931155204773,156914
72.64013981819153,156914
72.64173531532288,156914
72.64256477355957,156914
72.64339423179626,156914
72.64423394203186,156914
72.64506411552429,156914
72.6466612815857,156914
72.64749097824097,156914
72.64831948280334,156914
72.64915013313293,156914
72.65074300765991,156914
72.65157127380371,156914
72.65240526199341,156914
72.65323233604431,156914
72.65407538414001,156914
72.65567135810852,156914
72.6565043926239,156914
72.65733337402344,156914
72.6581563949585,156914
72.65975499153137,156914
72.66058111190796,156914
72.6614146232605,156914
72.66224455833435,156914
72.66307497024536,156914
72.66467881202698,156914
72.66550898551941,156914
72.6663408279419,156914
72.66717290878296,156914
72.6687662601471,156914
72.66959118843079,156914
72.67041993141174,156914
72.67124891281128,156914
72.6720781326294,156914
72.67367243766785,156914
72.67451429367065,156914
72.67534494400024,156914
72.67617845535278,156914
72.67700958251953,156914
72.67860245704651,156914
72.67943143844604,156914
72.6802613735199,156914
72.68109345436096,156914
72.68268537521362,156914
72.68351793289185,156914
72.68435907363892,156914
72.68518733978271,156914
72.68601894378662,156914
72.68761396408081,156914
72.68845057487488,156914
72.68928337097168,156914
72.69011354446411,156914
72.69171023368835,156914
72.69253921508789,156914
72.69337129592896,156914
72.69420456886292,156914
72.69503617286682,156914
72.6966335773468,156914
72.69746375083923,156914
72.69828939437866,156914
72.69911980628967,156914
72.7007167339325,156914
72.70154619216919,156914
72.70237994194031,156914
72.70321011543274,156914
72.70405197143555,156914
72.70564603805542,156914
72.70647692680359,156914
72.70730400085449,156914
72.70813488960266,156914
72.70973253250122,156914
72.71056795120239,156914
72.71140384674072,156914
72.71222567558289,156914
72.71305894851685,156914
72.71466398239136,156914
72.71549391746521,156914
72.71632432937622,156914
72.71715092658997,156914
72.71874642372131,156914
72.71957182884216,156914
72.72040581703186,156914
72.72123408317566,156914
72.72206211090088,156914
72.72365665435791,156914
72.72449564933777,156914
72.72532916069031,156914
72.72615647315979,156914
72.72774958610535,156914
72.72857904434204,156914
72.72941040992737,156914
72.73025178909302,156914
72.73108005523682,156914
72.732675075531,156914
72.73350644111633,156914
72.73435091972351,156914
72.73518085479736,156914
72.7360098361969,156914
72.73761653900146,156914
72.73843955993652,156914
72.73926877975464,156914
72.7401020526886,156914
72.74169754981995,156914
72.74252653121948,156914
72.74335622787476,156914
72.74419140815735,156914
72.74502611160278,156914
72.74662208557129,156914
72.74745345115662,156914
72.74828386306763,156914
72.74911260604858,156914
72.75070929527283,156914
72.7515389919281,156914
72.75236964225769,156914
72.7531967163086,156914
72.7540431022644,156914
72.75564289093018,156914
72.75647282600403,156914
72.75730419158936,156914
72.75813293457031,156914
72.75973320007324,156914
72.76056933403015,156914
72.76139831542969,156914
72.76223063468933,156914
72.76305294036865,156914
72.76465821266174,156914
72.76548600196838,156914
72.76632404327393,156914
72.76715588569641,156914
72.7687475681305,156914
72.76957702636719,156914
72.77040791511536,156914
72.77123475074768,156914
72.77206540107727,156914
72.77366042137146,156914
72.77450346946716,156914
72.77532982826233,156914
72.77615690231323,156914
72.77775526046753,156914
72.77858424186707,156914
72.7794177532196,156914
72.78024792671204,156914
72.78107690811157,156914
72.78267693519592,156914
72.78350782394409,156914
72.78435015678406,156914
72.78517651557922,156914
72.78600645065308,156914
72.78760647773743,156914
72.78843593597412,156914
72.78926467895508,156914
72.79009771347046,156914
72.79169297218323,156914
72.79251956939697,156914
72.79334759712219,156914
72.79419207572937,156914
72.79502511024475,156914
72.79662299156189,156914
72.79745244979858,156914
72.79828071594238,156914
72.79911160469055,156914
72.80070304870605,156914
72.80153346061707,156914
72.80236625671387,156914
72.80319595336914,156914
72.80403566360474,156914
72.8056333065033,156914
72.80646657943726,156914
72.80729913711548,156914
72.80812740325928,156914
72.8097243309021,156914
72.81055426597595,156914
72.81138896942139,156914
72.8122148513794,156914
72.8130464553833,156914
72.81465029716492,156914
72.81547832489014,156914
72.81631016731262,156914
72.81713604927063,156914
72.81873607635498,156914
72.81956362724304,156914
72.82039403915405,156914
72.82122421264648,156914
72.82205414772034,156914
72.8236472606659,156914
72.82448291778564,156914
72.82530879974365,156914
72.82614135742188,156914
72.82773089408875,156914
72.82856345176697,156914
72.8293936252594,156914
72.83021759986877,156914
72.83105087280273,156914
72.83264374732971,156914
72.83347654342651,156914
72.83431649208069,156914
72.8351423740387,156914
72.83673572540283,156914
72.83755779266357,156914
72.83839154243469,156914
72.83921504020691,156914
72.84004640579224,156914
72.84163355827332,156914
72.8424654006958,156914
72.84329915046692,156914
72.84413146972656,156914
72.84572839736938,156914
72.84655928611755,156914
72.84738969802856,156914
72.84822106361389,156914
72.84905076026917,156914
72.85064959526062,156914
72.85147905349731,156914
72.85230875015259,156914
72.85313725471497,156914
72.85473966598511,156914
72.85556936264038,156914
72.85640335083008,156914
72.8572325706482,156914
72.8580687046051,156914
72.85966110229492,156914
72.8604941368103,156914
72.86132478713989,156914
72.8621518611908,156914
72.86375093460083,156914
72.86458420753479,156914
72.86541318893433,156914
72.8662428855896,156914
72.86707258224487,156914
72.86866807937622,156914
72.86949729919434,156914
72.8703281879425,156914
72.87115669250488,156914
72.87275195121765,156914
72.87357950210571,156914
72.8744170665741,156914
72.87524795532227,156914
72.87607598304749,156914
72.87767744064331,156914
72.87850785255432,156914
72.87933373451233,156914
72.88016557693481,156914
72.88175797462463,156914
72.88258838653564,156914
72.88341856002808,156914
72.88425517082214,156914
72.88508749008179,156914
72.88668632507324,156914
72.88752031326294,156914
72.88834929466248,156914
72.88917636871338,156914
72.89000940322876,156914
72.89160346984863,156914
72.89243865013123,156914
72.89326286315918,156914
72.89410448074341,156914
72.89569902420044,156914
72.8965265750885,156914
72.89735698699951,156914
72.89818620681763,156914
72.89901566505432,156914
72.90061020851135,156914
72.9014401435852,156914
72.90227508544922,156914
72.90310454368591,156914
72.90470910072327,156914
72.90553832054138,156914
72.90636944770813,156914
72.90719723701477,156914
72.90802836418152,156914
72.9096245765686,156914
72.91045331954956,156914
72.91128301620483,156914
72.91211104393005,156914
72.91370368003845,156914
72.91454529762268,156914
72.9153790473938,156914
72.91620826721191,156914
72.91703796386719,156914
72.91863131523132,156914
72.91946506500244,156914
72.92029166221619,156914
72.92112445831299,156914
72.9227192401886,156914
72.92354655265808,156914
72.92438817024231,156914
72.92521548271179,156914
72.92604541778564,156914
72.92764186859131,156914
72.92877006530762,156914
72.92960715293884,156914
72.93043112754822,156914
72.93126010894775,156914
72.93209314346313,156914
72.93369126319885,156914
72.9345338344574,156914
72.93535900115967,156914
72.93618822097778,156914
72.93702006340027,156914
72.93861651420593,156914
72.939448595047,156914
72.94027853012085,156914
72.94110679626465,156914
72.9427080154419,156914
72.9435338973999,156914
72.94437313079834,156914
72.9452018737793,156914
72.94603204727173,156914
72.9476306438446,156914
72.94845914840698,156914
72.94929099082947,156914
72.95011806488037,156914
72.95171666145325,156914
72.95254421234131,156914
72.953373670578,156914
72.95421504974365,156914
72.95504713058472,156914
72.95664381980896,156914
72.95747065544128,156914
72.95830011367798,156914
72.95912909507751,156914
72.96072578430176,156914
72.9615569114685,156914
72.96238589286804,156914
72.9632134437561,156914
72.96405267715454,156914
72.96565127372742,156914
72.966481924057,156914
72.9673080444336,156914
72.96813416481018,156914
72.96973514556885,156914
72.97056078910828,156914
72.97139406204224,156914
72.97221851348877,156914
72.97304654121399,156914
72.97465372085571,156914
72.97548508644104,156914
72.97631406784058,156914
72.97714424133301,156914
72.9787437915802,156914
72.97957229614258,156914
72.98040461540222,156914
72.98123288154602,156914
72.98206210136414,156914
72.9836630821228,156914
72.98449945449829,156914
72.98532819747925,156914
72.986159324646,156914
72.98775601387024,156914
72.98858571052551,156914
72.989413022995,156914
72.99024152755737,156914
72.99107599258423,156914
72.99267220497131,156914
72.99351143836975,156914
72.99433875083923,156914
72.99516677856445,156914
72.9967691898346,156914
72.99759697914124,156914
72.9984278678894,156914
72.99925470352173,156914
73.00008392333984,156914
73.00168323516846,156914
73.00251150131226,156914
73.0033450126648,156914
73.00418376922607,156914
73.00501465797424,156914
73.00661540031433,156914
73.00744223594666,156914
73.00827693939209,156914
73.00910758972168,156914
73.01070809364319,156914
73.01153802871704,156914
73.01236820220947,156914
73.01319813728333,156914
73.0140368938446,156914
73.01563668251038,156914
73.01646280288696,156914
73.01728987693787,156914
73.01812219619751,156914
73.01972246170044,156914
73.02055335044861,156914
73.02138090133667,156914
73.02221012115479,156914
73.02304100990295,156914
73.02464866638184,156914
73.02548217773438,156914
73.0263102054596,156914
73.02713990211487,156914
73.028737783432,156914
73.02956581115723,156914
73.0303966999054,156914
73.03122735023499,156914
73.03205823898315,156914
73.03365707397461,156914
73.03449487686157,156914
73.03532600402832,156914
73.03615546226501,156914
73.03775477409363,156914
73.03858399391174,156914
73.03941416740417,156914
73.04024171829224,156914
73.04107069969177,156914
73.04267144203186,156914
73.04349946975708,156914
73.04434156417847,156914
73.04517340660095,156914
73.04677081108093,156914
73.04760384559631,156914
73.04843306541443,156914
73.0492594242096,156914
73.05009388923645,156914
73.05168795585632,156914
73.05251908302307,156914
73.05335021018982,156914
73.05418539047241,156914
73.05501747131348,156914
73.05661392211914,156914
73.05744886398315,156914
73.05827760696411,156914
73.0591049194336,156914
73.06070685386658,156914
73.06153392791748,156914
73.06236577033997,156914
73.0631947517395,156914
73.06403493881226,156914
73.0656349658966,156914
73.06646370887756,156914
73.06729459762573,156914
73.06812381744385,156914
73.06972432136536,156914
73.0705497264862,156914
73.07137608528137,156914
73.07220458984375,156914
73.07303667068481,156914
73.07464694976807,156914
73.0754771232605,156914
73.0763041973114,156914
73.07713341712952,156914
73.07873129844666,156914
73.07956409454346,156914
73.08039116859436,156914
73.08122229576111,156914
73.08205366134644,156914
73.08365297317505,156914
73.08448958396912,156914
73.0853180885315,156914
73.08615064620972,156914
73.08774709701538,156914
73.08858108520508,156914
73.08940982818604,156914
73.09023833274841,156914
73.09106826782227,156914
73.0926673412323,156914
73.09349632263184,156914
73.09433627128601,156914
73.09516787528992,156914
73.0967698097229,156914
73.09759759902954,156914
73.09842896461487,156914
73.09926247596741,156914
73.10009264945984,156914
73.10168814659119,156914
73.10251474380493,156914
73.10334086418152,156914
73.10418224334717,156914
73.1050124168396,156914
73.10661387443542,156914
73.10743951797485,156914
73.1082673072815,156914
73.10910201072693,156914
73.1106960773468,156914
73.11152601242065,156914
73.11235475540161,156914
73.11318111419678,156914
73.1140205860138,156914
73.1156177520752,156914
73.116446018219,156914
73.11728167533875,156914
73.11811637878418,156914
73.11971426010132,156914
73.12054419517517,156914
73.1213743686676,156914
73.12220215797424,156914
73.1230320930481,156914
73.12463927268982,156914
73.12546730041504,156914
73.12629890441895,156914
73.12712597846985,156914
73.1287260055542,156914
73.129558801651,156914
73.13038301467896,156914
73.13121509552002,156914
73.13204526901245,156914
73.13364124298096,156914
73.13447666168213,156914
73.13530993461609,156914
73.13613939285278,156914
73.13773369789124,156914
73.13856816291809,156914
73.13939499855042,156914
73.14022040367126,156914
73.14105439186096,156914
73.14265155792236,156914
73.14348196983337,156914
73.14432311058044,156914
73.14515042304993,156914
73.14680051803589,156914
73.14766120910645,156914
73.14851784706116,156914
73.14937162399292,156914
73.15022826194763,156914
73.15108466148376,156914
73.15274119377136,156914
73.15359997749329,156914
73.15446734428406,156914
73.15532279014587,156914
73.15617752075195,156914
73.15702986717224,156914
73.15868186950684,156914
73.15954089164734,156914
73.16039943695068,156914
73.16125559806824,156914
73.16211247444153,156914
73.16376209259033,156914
73.1646237373352,156914
73.16548347473145,156914
73.16633772850037,156914
73.16719245910645,156914
73.16805100440979,156914
73.16970038414001,156914
73.17055463790894,156914
73.17141389846802,156914
73.17226886749268,156914
73.17312502861023,156914
73.17478680610657,156914
73.17564058303833,156914
73.17649841308594,156914
73.17735481262207,156914
73.17821335792542,156914
73.17907500267029,156914
73.18072557449341,156914
73.18158173561096,156914
73.18243861198425,156914
73.18329548835754,156914
73.18415880203247,156914
73.1850175857544,156914
73.18666982650757,156914
73.1875250339508,156914
73.18838047981262,156914
73.18923735618591,156914
73.19009828567505,156914
73.19175028800964,156914
73.19260692596436,156914
73.19346141815186,156914
73.19432806968689,156914
73.1951835155487,156914
73.19604444503784,156914
73.19769644737244,156914
73.19854927062988,156914
73.19940710067749,156914
73.20026445388794,156914
73.20112133026123,156914
73.20277285575867,156914
73.20362687110901,156914
73.20449090003967,156914
73.2053472995758,156914
73.20620536804199,156914
73.20706486701965,156914
73.20871472358704,156914
73.2095718383789,156914
73.21042680740356,156914
73.21128416061401,156914
73.21214079856873,156914
73.21379351615906,156914
73.21466541290283,156914
73.21551203727722,156914
73.21637177467346,156914
73.21722745895386,156914
73.2180826663971,156914
73.21974062919617,156914
73.2205924987793,156914
73.22145080566406,156914
73.22230410575867,156914
73.2231605052948,156914
73.22403407096863,156914
73.22567844390869,156914
73.22653317451477,156914
73.22738814353943,156914
73.22824692726135,156914
73.22910523414612,156914
73.2307562828064,156914
73.23160982131958,156914
73.23246932029724,156914
73.23332285881042,156914
73.23419189453125,156914
73.23505163192749,156914
73.23670268058777,156914
73.23755669593811,156914
73.23841071128845,156914
73.23927307128906,156914
73.24012684822083,156914
73.241774559021,156914
73.24262976646423,156914
73.24348616600037,156914
73.24435329437256,156914
73.2452085018158,156914
73.24606108665466,156914
73.24771165847778,156914
73.24856543540955,156914
73.24942255020142,156914
73.25028014183044,156914
73.25113439559937,156914
73.25278902053833,156914
73.2536473274231,156914
73.25451564788818,156914
73.25537371635437,156914
73.25622940063477,156914
73.25708627700806,156914
73.25873804092407,156914
73.2595944404602,156914
73.26045250892639,156914
73.26130270957947,156914
73.2621603012085,156914
73.26302123069763,156914
73.26468420028687,156914
73.26553845405579,156914
73.26639080047607,156914
73.26724815368652,156914
73.26810503005981,156914
73.2697582244873,156914
73.27061057090759,156914
73.27146315574646,156914
73.27232074737549,156914
73.2731761932373,156914
73.27404403686523,156914
73.27569913864136,156914
73.27655601501465,156914
73.2774121761322,156914
73.27826881408691,156914
73.27912640571594,156914
73.28078770637512,156914
73.28164267539978,156914
73.28249764442444,156914
73.2833514213562,156914
73.28421354293823,156914
73.28507614135742,156914
73.28672504425049,156914
73.28757691383362,156914
73.2884349822998,156914
73.28928637504578,156914
73.29014182090759,156914
73.29179906845093,156914
73.29265928268433,156914
73.29351377487183,156914
73.2943787574768,156914
73.29523253440857,156914
73.29609155654907,156914
73.29774641990662,156914
73.29860663414001,156914
73.29946112632751,156914
73.30031704902649,156914
73.30117678642273,156914
73.30203223228455,156914
73.30368208885193,156914
73.30454707145691,156914
73.30540418624878,156914
73.30626273155212,156914
73.30711603164673,156914
73.30877447128296,156914
73.30962872505188,156914
73.31048655509949,156914
73.31134676933289,156914
73.31219744682312,156914
73.31305861473083,156914
73.31471490859985,156914
73.31557106971741,156914
73.31642603874207,156914
73.31727981567383,156914
73.31813788414001,156914
73.31979322433472,156914
73.32064819335938,156914
73.32150530815125,156914
73.32235860824585,156914
73.32321739196777,156914
73.32408332824707,156914
73.32573199272156,156914
73.32659006118774,156914
73.32744693756104,156914
73.32830381393433,156914
73.32915711402893,156914
73.33001208305359,156914
73.33166432380676,156914
73.33252024650574,156914
73.33337879180908,156914
73.33424067497253,156914
73.33510041236877,156914
73.33675384521484,156914
73.33760833740234,156914
73.33846592903137,156914
73.33932137489319,156914
73.34017729759216,156914
73.34103322029114,156914
73.34268379211426,156914
73.34353947639465,156914
73.34440517425537,156914
73.34526109695435,156914
73.34611392021179,156914
73.34776258468628,156914
73.34861540794373,156914
73.34947395324707,156914
73.35032653808594,156914
73.35118389129639,156914
73.35204243659973,156914
73.35369086265564,156914
73.35455679893494,156914
73.35541415214539,156914
73.35627055168152,156914
73.35712361335754,156914
73.35877752304077,156914
73.35963225364685,156914
73.3604896068573,156914
73.3613452911377,156914
73.36219930648804,156914
73.36305594444275,156914
73.36472010612488,156914
73.36557722091675,156914
73.36643433570862,156914
73.36729001998901,156914
73.36814212799072,156914
73.36979150772095,156914
73.3706476688385,156914
73.37150001525879,156914
73.37235832214355,156914
73.37320923805237,156914
73.3740770816803,156914
73.37572932243347,156914
73.37658357620239,156914
73.37744069099426,156914
73.37829995155334,156914
73.37915396690369,156914
73.3800117969513,156914
73.38165926933289,156914
73.38253259658813,156914
73.38338994979858,156914
73.38425636291504,156914
73.38511276245117,156914
73.38676929473877,156914
73.3876302242279,156914
73.38848567008972,156914
73.38934898376465,156914
73.39020895957947,156914
73.3910665512085,156914
73.39271879196167,156914
73.3935706615448,156914
73.3944365978241,156914
73.39529323577881,156914
73.3961808681488,156914
73.39704060554504,156914
73.39869213104248,156914
73.39954781532288,156914
73.40040564537048,156914
73.40126538276672,156914
73.40212416648865,156914
73.40377831459045,156914
73.40464186668396,156914
73.40549540519714,156914
73.40635442733765,156914
73.40721225738525,156914
73.40806555747986,156914
73.40971684455872,156914
73.4105715751648,156914
73.4114248752594,156914
73.41228461265564,156914
73.41314029693604,156914
73.41400718688965,156914
73.41565036773682,156914
73.41650700569153,156914
73.41736602783203,156914
73.41822004318237,156914
73.41907596588135,156914
73.4207284450531,156914
73.42158389091492,156914
73.42243981361389,156914
73.42329359054565,156914
73.42415165901184,156914
73.42501091957092,156914
73.42666435241699,156914
73.4275209903717,156914
73.42838191986084,156914
73.4292311668396,156914
73.43009066581726,156914
73.43174195289612,156914
73.43259525299072,156914
73.43345046043396,156914
73.43431806564331,156914
73.43517780303955,156914
73.43603801727295,156914
73.43769216537476,156914
73.43854713439941,156914
73.4394018650055,156914
73.44025826454163,156914
73.44111466407776,156914
73.44277429580688,156914
73.4436285495758,156914
73.44449543952942,156914
73.4453513622284,156914
73.4462058544159,156914
73.44706463813782,156914
73.44871854782104,156914
73.44957089424133,156914
73.45042562484741,156914
73.45128417015076,156914
73.45213890075684,156914
73.45379710197449,156914
73.4546594619751,156914
73.45551705360413,156914
73.45637392997742,156914
73.45722341537476,156914
73.45808362960815,156914
73.45973610877991,156914
73.46059060096741,156914
73.4614474773407,156914
73.46230268478394,156914
73.46315908432007,156914
73.46402740478516,156914
73.46567606925964,156914
73.46653604507446,156914
73.46738767623901,156914
73.4682469367981,156914
73.46910333633423,156914
73.47075319290161,156914
73.47160840034485,156914
73.47246074676514,156914
73.47332048416138,156914
73.47418236732483,156914
73.47503924369812,156914
73.47669219970703,156914
73.4775459766388,156914
73.47840619087219,156914
73.47926378250122,156914
73.48011636734009,156914
73.48177313804626,156914
73.48262929916382,156914
73.48348617553711,156914
73.48435378074646,156914
73.48520684242249,156914
73.48606443405151,156914
73.48771786689758,156914
73.48857355117798,156914
73.48942804336548,156914
73.4902834892273,156914
73.49114322662354,156914
73.49279046058655,156914
73.49365019798279,156914
73.4945158958435,156914
73.49537539482117,156914
73.49623346328735,156914
73.4970932006836,156914
73.49875116348267,156914
73.49960494041443,156914
73.50046586990356,156914
73.50132632255554,156914
73.50218343734741,156914
73.50303745269775,156914
73.50470089912415,156914
73.50555348396301,156914
73.5064103603363,156914
73.50726580619812,156914
73.50811791419983,156914
73.50977945327759,156914
73.51063275337219,156914
73.51149153709412,156914
73.51235318183899,156914
73.51320767402649,156914
73.51407313346863,156914
73.5157241821289,156914
73.51658225059509,156914
73.51743817329407,156914
73.51829147338867,156914
73.51914596557617,156914
73.52000594139099,156914
73.52165484428406,156914
73.5225076675415,156914
73.52336716651917,156914
73.52423238754272,156914
73.52509045600891,156914
73.52674841880798,156914
73.52760243415833,156914
73.52845358848572,156914
73.52931714057922,156914
73.53017687797546,156914
73.53103065490723,156914
73.53267765045166,156914
73.53353214263916,156914
73.53440022468567,156914
73.53525447845459,156914
73.53611159324646,156914
73.53776121139526,156914
73.53861784934998,156914
73.53947567939758,156914
73.5403311252594,156914
73.54118371009827,156914
73.54204559326172,156914
73.54369735717773,156914
73.54456043243408,156914
73.54541778564453,156914
73.5462703704834,156914
73.54712462425232,156914
73.54877853393555,156914
73.54963397979736,156914
73.55049014091492,156914
73.55134415626526,156914
73.55220365524292,156914
73.5530595779419,156914
73.55472207069397,156914
73.5555772781372,156914
73.55643081665039,156914
73.55729103088379,156914
73.55814790725708,156914
73.55900645256042,156914
73.56065797805786,156914
73.56151533126831,156914
73.56237721443176,156914
73.56323194503784,156914
73.56410145759583,156914
73.56575608253479,156914
73.5666127204895,156914
73.56747055053711,156914
73.56832718849182,156914
73.56918096542358,156914
73.57003998756409,156914
73.5716917514801,156914
73.57254648208618,156914
73.57340383529663,156914
73.57426357269287,156914
73.57512378692627,156914
73.5767765045166,156914
73.57763361930847,156914
73.57849025726318,156914
73.57934427261353,156914
73.58020305633545,156914
73.58106017112732,156914
73.58270907402039,156914
73.58356475830078,156914
73.58442997932434,156914
73.58528590202332,156914
73.58614015579224,156914
73.58779191970825,156914
73.58865475654602,156914
73.58951091766357,156914
73.59036779403687,156914
73.59122323989868,156914
73.59208250045776,156914
73.59373831748962,156914
73.59460139274597,156914
73.595458984375,156914
73.59631657600403,156914
73.59717178344727,156914
73.59802985191345,156914
73.59967875480652,156914
73.60053300857544,156914
73.60139107704163,156914
73.60224771499634,156914
73.60310316085815,156914
73.60476350784302,156914
73.60561871528625,156914
73.60647511482239,156914
73.60732841491699,156914
73.60818290710449,156914
73.60903835296631,156914
73.61069798469543,156914
73.61154961585999,156914
73.61240768432617,156914
73.61326432228088,156914
73.61412930488586,156914
73.61578297615051,156914
73.61663341522217,156914
73.61749219894409,156914
73.61834859848022,156914
73.61920380592346,156914
73.62006449699402,156914
73.62171936035156,156914
73.62257122993469,156914
73.6234302520752,156914
73.62429618835449,156914
73.6251528263092,156914
73.62601041793823,156914
73.62766170501709,156914
73.62852072715759,156914
73.62937951087952,156914
73.6302399635315,156914
73.63109850883484,156914
73.63274621963501,156914
73.63360166549683,156914
73.63446807861328,156914
73.63532185554504,156914
73.63618087768555,156914
73.63703656196594,156914
73.63868975639343,156914
73.6395435333252,156914
73.64040184020996,156914
73.64126253128052,156914
73.64211678504944,156914
73.64376735687256,156914
73.64463305473328,156914
73.64548945426941,156914
73.64634919166565,156914
73.64720392227173,156914
73.6480598449707,156914
73.6497118473053,156914
73.65056538581848,156914
73.65142440795898,156914
73.65227961540222,156914
73.65313529968262,156914
73.65400767326355,156914
73.65565633773804,156914
73.65651440620422,156914
73.65736722946167,156914
73.65822339057922,156914
73.65908336639404,156914
73.66073203086853,156914
73.66158366203308,156914
73.66244101524353,156914
73.66329717636108,156914
73.66416049003601,156914
73.6650230884552,156914
73.66667485237122,156914
73.66753053665161,156914
73.66838479042053,156914
73.6692419052124,156914
73.67009997367859,156914
73.67175340652466,156914
73.67260766029358,156914
73.67346024513245,156914
73.67432427406311,156914
73.67518496513367,156914
73.67604351043701,156914
73.67769360542297,156914
73.6785454750061,156914
73.6794023513794,156914
73.68025755882263,156914
73.68111157417297,156914
73.68276786804199,156914
73.68362164497375,156914
73.68448567390442,156914
73.68533945083618,156914
73.68619871139526,156914
73.68705892562866,156914
73.68870973587036,156914
73.68956470489502,156914
73.69042110443115,156914
73.69128274917603,156914
73.69214177131653,156914
73.69378900527954,156914
73.69465041160583,156914
73.69551014900208,156914
73.69636583328247,156914
73.69722414016724,156914
73.69808268547058,156914
73.69972968101501,156914
73.70058488845825,156914
73.70143985748291,156914
73.70229601860046,156914
73.70315289497375,156914
73.70402193069458,156914
73.70567393302917,156914
73.70652747154236,156914
73.70738506317139,156914
73.70824122428894,156914
73.70909810066223,156914
73.71075391769409,156914
73.71161198616028,156914
73.71247148513794,156914
73.71332359313965,156914
73.71419167518616,156914
73.71505165100098,156914
73.71670484542847,156914
73.7175600528717,156914
73.71841335296631,156914
73.7192759513855,156914
73.7201292514801,156914
73.72178101539612,156914
73.72264218330383,156914
73.72350001335144,156914
73.72437071800232,156914
73.7252242565155,156914
73.72608375549316,156914
73.72773313522339,156914
73.7285885810852,156914
73.72944164276123,156914
73.73030376434326,156914
73.73116207122803,156914
73.7320237159729,156914
73.73367929458618,156914
73.73454189300537,156914
73.73540163040161,156914
73.73626232147217,156914
73.73711895942688,156914
73.73877596855164,156914
73.73962926864624,156914
73.74048519134521,156914
73.74134254455566,156914
73.74219489097595,156914
73.74305176734924,156914
73.74470925331116,156914
73.74556565284729,156914
73.74641799926758,156914
73.74727416038513,156914
73.74813342094421,156914
73.74978494644165,156914
73.75063800811768,156914
73.75149869918823,156914
73.75235390663147,156914
73.7532103061676,156914
73.75407862663269,156914
73.75573325157166,156914
73.75658822059631,156914
73.75744295120239,156914
73.75830030441284,156914
73.75915431976318,156914
73.76001524925232,156914
73.76166677474976,156914
73.76252031326294,156914
73.76337695121765,156914
73.76423907279968,156914
73.76509737968445,156914
73.76675248146057,156914
73.76760816574097,156914
73.76846528053284,156914
73.76932311058044,156914
73.770179271698,156914
73.77103328704834,156914
73.7726833820343,156914
73.77354049682617,156914
73.77441024780273,156914
73.7752673625946,156914
73.776118516922,156914
73.77777528762817,156914
73.77863097190857,156914
73.7794861793518,156914
73.78033971786499,156914
73.78119802474976,156914
73.78205299377441,156914
73.78371143341064,156914
73.78457593917847,156914
73.78543400764465,156914
73.786292552948,156914
73.78714752197266,156914
73.7888035774231,156914
73.7896614074707,156914
73.79051685333252,156914
73.79137349128723,156914
73.79223036766052,156914
73.79308867454529,156914
73.79475378990173,156914
73.79561161994934,156914
73.79646849632263,156914
73.79732418060303,156914
73.79817724227905,156914
73.79903364181519,156914
73.8006911277771,156914
73.8015489578247,156914
73.80240273475647,156914
73.80325984954834,156914
73.80412483215332,156914
73.80577898025513,156914
73.80663204193115,156914
73.80748915672302,156914
73.80834698677063,156914
73.80919909477234,156914
73.81005907058716,156914
73.81171035766602,156914
73.81256413459778,156914
73.81342077255249,156914
73.81428980827332,156914
73.81514477729797,156914
73.81600594520569,156914
73.8176600933075,156914
73.81851148605347,156914
73.81936883926392,156914
73.82022428512573,156914
73.82108283042908,156914
73.82274150848389,156914
73.82359910011292,156914
73.82446455955505,156914
73.82531571388245,156914
73.82617259025574,156914
73.82703065872192,156914
73.82868075370789,156914
73.8295350074768,156914
73.83039283752441,156914
73.83125066757202,156914
73.83210849761963,156914
73.83376002311707,156914
73.83462500572205,156914
73.83547735214233,156914
73.83633542060852,156914
73.83719205856323,156914
73.83805084228516,156914
73.83969950675964,156914
73.84055495262146,156914
73.84141302108765,156914
73.84226894378662,156914
73.84312677383423,156914
73.84478712081909,156914
73.84564208984375,156914
73.8464994430542,156914
73.84735798835754,156914
73.84821581840515,156914
73.84907078742981,156914
73.85072374343872,156914
73.85157823562622,156914
73.85243630409241,156914
73.85329556465149,156914
73.85416293144226,156914
73.85502219200134,156914
73.85667395591736,156914
73.85752868652344,156914
73.8583881855011,156914
73.85924243927002,156914
73.86009764671326,156914
73.86175680160522,156914
73.8626081943512,156914
73.86346483230591,156914
73.86432933807373,156914
73.8651852607727,156914
73.86604905128479,156914
73.86769938468933,156914
73.86855268478394,156914
73.86941289901733,156914
73.8702642917633,156914
73.87112212181091,156914
73.87277483940125,156914
73.87362861633301,156914
73.87449669837952,156914
73.87535667419434,156914
73.87621235847473,156914
73.87706756591797,156914
73.87872862815857,156914
73.87957882881165,156914
73.88043713569641,156914
73.88129234313965,156914
73.88214707374573,156914
73.88300585746765,156914
73.88466691970825,156914
73.88552165031433,156914
73.88637518882751,156914
73.8872275352478,156914
73.88808631896973,156914
73.88973712921143,156914
73.89059352874756,156914
73.89145064353943,156914
73.89230465888977,156914
73.89316368103027,156914
73.89403200149536,156914
73.89567995071411,156914
73.89653372764587,156914
73.89739036560059,156914
73.89824962615967,156914
73.8991048336029,156914
73.9007625579834,156914
73.90161943435669,156914
73.90247511863708,156914
73.90333151817322,156914
73.90419745445251,156914
73.9050543308258,156914
73.90670680999756,156914
73.90756297111511,156914
73.90842175483704,156914
73.90927696228027,156914
73.91013145446777,156914
73.91178464889526,156914
73.91263794898987,156914
73.91348958015442,156914
73.9143557548523,156914
73.91521120071411,156914
73.91606879234314,156914
73.91772198677063,156914
73.91857814788818,156914
73.91943764686584,156914
73.92028999328613,156914
73.92115187644958,156914
73.92200660705566,156914
73.92366027832031,156914
73.92453122138977,156914
73.92538785934448,156914
73.92624568939209,156914
73.92710208892822,156914
73.92875456809998,156914
73.92961239814758,156914
73.93046736717224,156914
73.93132328987122,156914
73.9321801662445,156914
73.9330370426178,156914
73.93469882011414,156914
73.9355571269989,156914
73.93641495704651,156914
73.93727540969849,156914
73.93812656402588,156914
73.93978524208069,156914
73.94064140319824,156914
73.9414975643158,156914
73.94235610961914,156914
73.94321608543396,156914
73.94408321380615,156914
73.94573593139648,156914
73.9465925693512,156914
73.94745016098022,156914
73.9483015537262,156914
73.94915723800659,156914
73.95001673698425,156914
73.95167112350464,156914
73.95252966880798,156914
73.95338463783264,156914
73.95425224304199,156914
73.95511031150818,156914
73.95676326751709,156914
73.95761704444885,156914
73.95847368240356,156914
73.95933127403259,156914
73.96018695831299,156914
73.96104645729065,156914
73.96269726753235,156914
73.96355295181274,156914
73.96442079544067,156914
73.96527814865112,156914
73.9661328792572,156914
73.96778726577759,156914
73.96864295005798,156914
73.96949815750122,156914
73.97035717964172,156914
73.97121024131775,156914
73.97206807136536,156914
73.97371411323547,156914
73.97458052635193,156914
73.97543787956238,156914
73.9762909412384,156914
73.97714948654175,156914
73.97800755500793,156914
73.97966027259827,156914
73.98051333427429,156914
73.98136615753174,156914
73.9822187423706,156914
73.98307585716248,156914
73.98473811149597,156914
73.98558902740479,156914
73.98644614219666,156914
73.98730063438416,156914
73.98816108703613,156914
73.98901796340942,156914
73.99067521095276,156914
73.99153280258179,156914
73.99238634109497,156914
73.9932427406311,156914
73.99410843849182,156914
73.99576258659363,156914
73.99661874771118,156914
73.99747681617737,156914
73.99833059310913,156914
73.99918270111084,156914
74.00004243850708,156914
74.0016884803772,156914
74.0025463104248,156914
74.00339961051941,156914
74.00427055358887,156914
74.00512266159058,156914
74.00678038597107,156914
74.00763773918152,156914
74.00849604606628,156914
74.00934982299805,156914
74.01020550727844,156914
74.01106071472168,156914
74.01271176338196,156914
74.0135669708252,156914
74.01443409919739,156914
74.01529049873352,156914
74.01614713668823,156914
74.0170066356659,156914
74.01865434646606,156914
74.01950883865356,156914
74.02036476135254,156914
74.0212197303772,156914
74.02208185195923,156914
74.02373552322388,156914
74.02460265159607,156914
74.02545738220215,156914
74.02631211280823,156914
74.02716565132141,156914
74.02802681922913,156914
74.02967977523804,156914
74.03053665161133,156914
74.03139400482178,156914
74.03224992752075,156914
74.03310942649841,156914
74.03477072715759,156914
74.03562545776367,156914
74.03648233413696,156914
74.03733730316162,156914
74.03819370269775,156914
74.0390555858612,156914
74.0407030582428,156914
74.04155659675598,156914
74.0424120426178,156914
74.04326891899109,156914
74.04413151741028,156914
74.0457820892334,156914
74.04663944244385,156914
74.04749846458435,156914
74.04835534095764,156914
74.04921102523804,156914
74.05006861686707,156914
74.05172109603882,156914
74.05257439613342,156914
74.05343079566956,156914
74.05429887771606,156914
74.05515575408936,156914
74.05601358413696,156914
74.05766415596008,156914
74.05851817131042,156914
74.05938053131104,156914
74.06023621559143,156914
74.0610921382904,156914
74.06274366378784,156914
74.06359910964966,156914
74.06446385383606,156914
74.06532287597656,156914
74.06618022918701,156914
74.06703996658325,156914
74.06869506835938,156914
74.06955409049988,156914
74.07040977478027,156914
74.07126331329346,156914
74.07211899757385,156914
74.0737771987915,156914
74.07464003562927,156914
74.07549524307251,156914
74.0763578414917,156914
74.07720899581909,156914
74.07806897163391,156914
74.07972264289856,156914
74.08057808876038,156914
74.08143782615662,156914
74.08229613304138,156914
74.0831527709961,156914
74.0840220451355,156914
74.08567142486572,156914
74.08652877807617,156914
74.08738493919373,156914
74.0882396697998,156914
74.08909463882446,156914
74.09074878692627,156914
74.09160375595093,156914
74.09245872497559,156914
74.0933165550232,156914
74.09418201446533,156914
74.0950391292572,156914
74.09669399261475,156914
74.0975456237793,156914
74.09839916229248,156914
74.09925746917725,156914
74.10011386871338,156914
74.10176825523376,156914
74.10262608528137,156914
74.10347867012024,156914
74.10434865951538,156914
74.10520339012146,156914
74.10605669021606,156914
74.10771012306213,156914
74.10856246948242,156914
74.10941863059998,156914
74.11027264595032,156914
74.11113166809082,156914
74.11278462409973,156914
74.11363768577576,156914
74.11450958251953,156914
74.1153633594513,156914
74.11621832847595,156914
74.11707592010498,156914
74.11873865127563,156914
74.11959314346313,156914
74.12045311927795,156914
74.12130951881409,156914
74.12216305732727,156914
74.12302136421204,156914
74.12468910217285,156914
74.12554597854614,156914
74.12640333175659,156914
74.12725782394409,156914
74.12811255455017,156914
74.12977027893066,156914
74.13062834739685,156914
74.13148498535156,156914
74.13234090805054,156914
74.13319444656372,156914
74.13406491279602,156914
74.13571405410767,156914
74.13656878471375,156914
74.13741970062256,156914
74.1382782459259,156914
74.13913345336914,156914
74.14078450202942,156914
74.1416449546814,156914
74.14250040054321,156914
74.14335703849792,156914
74.14421892166138,156914
74.14507460594177,156914
74.14673018455505,156914
74.14758157730103,156914
74.14843678474426,156914
74.14929270744324,156914
74.15014886856079,156914
74.1510055065155,156914
74.15265989303589,156914
74.15351557731628,156914
74.15437912940979,156914
74.15523409843445,156914
74.1560914516449,156914
74.15774202346802,156914
74.15859866142273,156914
74.15944862365723,156914
74.16030883789062,156914
74.16116428375244,156914
74.1620225906372,156914
74.16367554664612,156914
74.16453576087952,156914
74.16539192199707,156914
74.16624975204468,156914
74.16710829734802,156914
74.16875743865967,156914
74.16961026191711,156914
74.17046856880188,156914
74.17132377624512,156914
74.17217707633972,156914
74.17303538322449,156914
74.17469501495361,156914
74.17555022239685,156914
74.17640495300293,156914
74.17725849151611,156914
74.17811512947083,156914
74.17976880073547,156914
74.18062591552734,156914
74.18148064613342,156914
74.18233752250671,156914
74.1831922531128,156914
74.18405938148499,156914
74.1857123374939,156914
74.18656945228577,156914
74.18742442131042,156914
74.18828201293945,156914
74.189138174057,156914
74.19079232215881,156914
74.19165110588074,156914
74.19250750541687,156914
74.19336366653442,156914
74.19422936439514,156914
74.19508528709412,156914
74.19674396514893,156914
74.19759583473206,156914
74.19845128059387,156914
74.19930577278137,156914
74.2001633644104,156914
74.20102620124817,156914
74.20267987251282,156914
74.20354223251343,156914
74.20440888404846,156914
74.20526432991028,156914
74.20612287521362,156914
74.20777368545532,156914
74.20863103866577,156914
74.20948481559753,156914
74.21034002304077,156914
74.21119093894958,156914
74.21205306053162,156914
74.21369886398315,156914
74.21456122398376,156914
74.21541547775269,156914
74.21627640724182,156914
74.2171323299408,156914
74.21877980232239,156914
74.21963667869568,156914
74.2204954624176,156914
74.22135472297668,156914
74.2222089767456,156914
74.2230613231659,156914
74.22472906112671,156914
74.22558379173279,156914
74.2264404296875,156914
74.22729873657227,156914
74.22815275192261,156914
74.22901439666748,156914
74.23066473007202,156914
74.23152327537537,156914
74.23238062858582,156914
74.23323774337769,156914
74.2341046333313,156914
74.23575592041016,156914
74.23661661148071,156914
74.237473487854,156914
74.23833179473877,156914
74.23918986320496,156914
74.24004340171814,156914
74.24169492721558,156914
74.24255156517029,156914
74.24340772628784,156914
74.24427509307861,156914
74.2451286315918,156914
74.24678063392639,156914
74.24763679504395,156914
74.24848985671997,156914
74.2493462562561,156914
74.25020098686218,156914
74.25105738639832,156914
74.25270986557007,156914
74.25356602668762,156914
74.2544322013855,156914
74.25529360771179,156914
74.25614762306213,156914
74.25700736045837,156914
74.25865840911865,156914
74.25951552391052,156914
74.26037621498108,156914
74.26122736930847,156914
74.26208519935608,156914
74.26373338699341,156914
74.26459789276123,156914
74.26545834541321,156914
74.26631236076355,156914
74.26716589927673,156914
74.26802229881287,156914
74.26967144012451,156914
74.27052617073059,156914
74.2713840007782,156914
74.27224159240723,156914
74.27309799194336,156914
74.27475476264954,156914
74.2756130695343,156914
74.27646946907043,156914
74.27732276916504,156914
74.27818083763123,156914
74.27903509140015,156914
74.28068614006042,156914
74.28154015541077,156914
74.28240084648132,156914
74.28325629234314,156914
74.28412008285522,156914
74.28577542304993,156914
74.28663301467896,156914
74.28748774528503,156914
74.28834533691406,156914
74.28919577598572,156914
74.29005432128906,156914
74.2917046546936,156914
74.29255771636963,156914
74.29341387748718,156914
74.29427766799927,156914
74.29513454437256,156914
74.2967894077301,156914
74.29764461517334,156914
74.29850125312805,156914
74.29936075210571,156914
74.30021405220032,156914
74.30106854438782,156914
74.30272150039673,156914
74.30357694625854,156914
74.30443906784058,156914
74.30529499053955,156914
74.30615210533142,156914
74.30700755119324,156914
74.30866003036499,156914
74.30951690673828,156914
74.3103699684143,156914
74.31122946739197,156914
74.31208395957947,156914
74.3137366771698,156914
74.31460237503052,156914
74.31545972824097,156914
74.31631708145142,156914
74.31716752052307,156914
74.31802415847778,156914
74.31967782974243,156914
74.32053256034851,156914
74.32139158248901,156914
74.32224869728088,156914
74.32310748100281,156914
74.32476830482483,156914
74.32562971115112,156914
74.32648372650146,156914
74.32734274864197,156914
74.32820010185242,156914
74.32905960083008,156914
74.33071327209473,156914
74.33156943321228,156914
74.33242726325989,156914
74.3332827091217,156914
74.33414578437805,156914
74.33500838279724,156914
74.33665704727173,156914
74.33751130104065,156914
74.33837342262268,156914
74.33922958374023,156914
74.34008383750916,156914
74.34173798561096,156914
74.34259247779846,156914
74.3434476852417,156914
74.34431529045105,156914
74.34517288208008,156914
74.34602880477905,156914
74.34768199920654,156914
74.34853625297546,156914
74.34939169883728,156914
74.35024642944336,156914
74.35110116004944,156914
74.3527581691742,156914
74.35361361503601,156914
74.35448169708252,156914
74.35533571243286,156914
74.3561909198761,156914
74.35705089569092,156914
74.35870027542114,156914
74.35955882072449,156914
74.36041688919067,156914
74.3612790107727,156914
74.3621289730072,156914
74.36378264427185,156914
74.36465048789978,156914
74.36550569534302,156914
74.36636137962341,156914
74.36721754074097,156914
74.36807775497437,156914
74.36973428726196,156914
74.37058568000793,156914
74.37144422531128,156914
74.37230324745178,156914
74.37315487861633,156914
74.37402534484863,156914
74.37567281723022,156914
74.37653088569641,156914
74.37738847732544,156914
74.37824296951294,156914
74.37910318374634,156914
74.38075232505798,156914
74.38160967826843,156914
74.38246393203735,156914
74.38332223892212,156914
74.38418960571289,156914
74.38505005836487,156914
74.38669633865356,156914
74.38755202293396,156914
74.38840675354004,156914
74.38926386833191,156914
74.3901195526123,156914
74.39177060127258,156914
74.39262390136719,156914
74.39347910881042,156914
74.39434242248535,156914
74.39520311355591,156914
74.39606046676636,156914
74.3977153301239,156914
74.3985710144043,156914
74.39942669868469,156914
74.40028214454651,156914
74.40113639831543,156914
74.40278911590576,156914
74.40364646911621,156914
74.40451264381409,156914
74.40536952018738,156914
74.40622019767761,156914
74.40707969665527,156914
74.40873098373413,156914
74.40958309173584,156914
74.41044354438782,156914
74.41129732131958,156914
74.41215205192566,156914
74.41301584243774,156914
74.41466903686523,156914
74.41552543640137,156914
74.41638040542603,156914
74.41724276542664,156914
74.41809892654419,156914
74.41975355148315,156914
74.42060875892639,156914
74.42146110534668,156914
74.42232036590576,156914
74.42317700386047,156914
74.4240448474884,156914
74.42569780349731,156914
74.42655563354492,156914
74.427410364151,156914
74.4282660484314,156914
74.4291205406189,156914
74.43077802658081,156914
74.43162989616394,156914
74.43248867988586,156914
74.43334817886353,156914
74.43421268463135,156914
74.43506956100464,156914
74.43672323226929,156914
74.43758177757263,156914
74.4384388923645,156914
74.43929386138916,156914
74.44015336036682,156914
74.44101428985596,156914
74.44265794754028,156914
74.44351863861084,156914
74.44438219070435,156914
74.44524049758911,156914
74.44610166549683,156914
74.44775605201721,156914
74.4486129283905,156914
74.44947028160095,156914
74.4503264427185,156914
74.45118188858032,156914
74.45203971862793,156914
74.45369267463684,156914
74.45455384254456,156914
74.45541143417358,156914
74.45627117156982,156914
74.45712471008301,156914
74.45878386497498,156914
74.45964217185974,156914
74.46050000190735,156914
74.46136093139648,156914
74.46221208572388,156914
74.46306729316711,156914
74.46472978591919,156914
74.4655876159668,156914
74.46644520759583,156914
74.4673056602478,156914
74.46815848350525,156914
74.46901631355286,156914
74.47066950798035,156914
74.47152805328369,156914
74.47238159179688,156914
74.47323846817017,156914
74.47410488128662,156914
74.47576212882996,156914
74.47661900520325,156914
74.47747611999512,156914
74.47832870483398,156914
74.47918796539307,156914
74.48004794120789,156914
74.48169803619385,156914
74.48255515098572,156914
74.48341131210327,156914
74.48427534103394,156914
74.48513102531433,156914
74.4867856502533,156914
74.48763918876648,156914
74.48849368095398,156914
74.48935222625732,156914
74.49020576477051,156914
74.49106431007385,156914
74.49271559715271,156914
74.49357104301453,156914
74.49444103240967,156914
74.49529385566711,156914
74.49615049362183,156914
74.4970121383667,156914
74.49866652488708,156914
74.49952244758606,156914
74.50038123130798,156914
74.50123476982117,156914
74.50209641456604,156914
74.50374174118042,156914
74.50460958480835,156914
74.50546383857727,156914
74.50632810592651,156914
74.50718069076538,156914
74.50804281234741,156914
74.50969862937927,156914
74.51055479049683,156914
74.51140856742859,156914
74.51226854324341,156914
74.51312446594238,156914
74.51478672027588,156914
74.51564526557922,156914
74.51650166511536,156914
74.51735615730286,156914
74.51821660995483,156914
74.51907420158386,156914
74.52072477340698,156914
74.52157759666443,156914
74.52243518829346,156914
74.52329111099243,156914
74.52415561676025,156914
74.52501440048218,156914
74.52666401863098,156914
74.52752089500427,156914
74.52837562561035,156914
74.52923107147217,156914
74.53008794784546,156914
74.53173851966858,156914
74.53259825706482,156914
74.53345203399658,156914
74.53431582450867,156914
74.53517651557922,156914
74.53603076934814,156914
74.5376889705658,156914
74.5385479927063,156914
74.53940653800964,156914
74.5402615070343,156914
74.54111671447754,156914
74.54277086257935,156914
74.5436270236969,156914
74.54449319839478,156914
74.54535055160522,156914
74.54620432853699,156914
74.54706025123596,156914
74.54870986938477,156914
74.54956555366516,156914
74.5504219532013,156914
74.55127763748169,156914
74.55213260650635,156914
74.55378556251526,156914
74.55465197563171,156914
74.55550861358643,156914
74.55636596679688,156914
74.55722141265869,156914
74.55808138847351,156914
74.5597333908081,156914
74.56058931350708,156914
74.56144165992737,156914
74.56229853630066,156914
74.56315803527832,156914
74.5640275478363,156914
74.56568241119385,156914
74.5665352344513,156914
74.56739497184753,156914
74.56825017929077,156914
74.56910538673401,156914
74.57076215744019,156914
74.57161688804626,156914
74.57247710227966,156914
74.57333326339722,156914
74.57419896125793,156914
74.57505679130554,156914
74.57671022415161,156914
74.57756304740906,156914
74.57841920852661,156914
74.57927536964417,156914
74.58013367652893,156914
74.58178067207336,156914
74.58263278007507,156914
74.5834891796112,156914
74.58435297012329,156914
74.58520746231079,156914
74.58606362342834,156914
74.58771514892578,156914
74.58857321739197,156914
74.58942890167236,156914
74.5902853012085,156914
74.59114027023315,156914
74.59278535842896,156914
74.59363985061646,156914
74.59450793266296,156914
74.59536528587341,156914
74.59622097015381,156914
74.59707736968994,156914
74.5987331867218,156914
74.59958505630493,156914
74.60044074058533,156914
74.60129714012146,156914
74.60215640068054,156914
74.60301160812378,156914
74.60467576980591,156914
74.60552787780762,156914
74.60638380050659,156914
74.6072404384613,156914
74.60810017585754,156914
74.60974860191345,156914
74.61060285568237,156914
74.61146068572998,156914
74.61231827735901,156914
74.61317563056946,156914
74.6140410900116,156914
74.6156919002533,156914
74.61655020713806,156914
74.61740779876709,156914
74.61826300621033,156914
74.61911845207214,156914
74.620769739151,156914
74.6216254234314,156914
74.62247943878174,156914
74.62333464622498,156914
74.6241991519928,156914
74.62505412101746,156914
74.62671041488647,156914
74.6275634765625,156914
74.62842106819153,156914
74.62927603721619,156914
74.63013195991516,156914
74.6317868232727,156914
74.63264489173889,156914
74.63349723815918,156914
74.63437080383301,156914
74.6352231502533,156914
74.63608145713806,156914
74.63773655891418,156914
74.638596534729,156914
74.63945007324219,156914
74.64030957221985,156914
74.64116382598877,156914
74.64202547073364,156914
74.64367508888245,156914
74.64453840255737,156914
74.64539408683777,156914
74.64625072479248,156914
74.6471037864685,156914
74.64875984191895,156914
74.64961218833923,156914
74.65046834945679,156914
74.65132546424866,156914
74.65218353271484,156914
74.65304398536682,156914
74.65470695495605,156914
74.65555739402771,156914
74.65641355514526,156914
74.65726923942566,156914
74.65812468528748,156914
74.6597843170166,156914
74.66063714027405,156914
74.66149568557739,156914
74.66235303878784,156914
74.66320633888245,156914
74.66407465934753,156914
74.66573333740234,156914
74.66658997535706,156914
74.66744637489319,156914
74.66830372810364,156914
74.66915726661682,156914
74.67002177238464,156914
74.67167282104492,156914
74.67252993583679,156914
74.67338705062866,156914
74.67425537109375,156914
74.67511224746704,156914
74.67676162719727,156914
74.67761492729187,156914
74.67847156524658,156914
74.67932677268982,156914
74.6801815032959,156914
74.68103694915771,156914
74.68269205093384,156914
74.68354988098145,156914
74.6844174861908,156914
74.6852719783783,156914
74.68612837791443,156914
74.68777656555176,156914
74.68863320350647,156914
74.6894896030426,156914
74.6903440952301,156914
74.69120144844055,156914
74.69205927848816,156914
74.69371151924133,156914
74.69457697868347,156914
74.69543647766113,156914
74.69629001617432,156914
74.69714689254761,156914
74.69800662994385,156914
74.69965410232544,156914
74.7005124092102,156914
74.7013647556305,156914
74.7022180557251,156914
74.70307922363281,156914
74.70474362373352,156914
74.70560312271118,156914
74.70645713806152,156914
74.7073142528534,156914
74.70817136764526,156914
74.70903158187866,156914
74.71068286895752,156914
74.7115364074707,156914
74.71239733695984,156914
74.71325087547302,156914
74.71411538124084,156914
74.71577143669128,156914
74.71663117408752,156914
74.71748733520508,156914
74.71834135055542,156914
74.71919703483582,156914
74.72005724906921,156914
74.72171258926392,156914
74.72256970405579,156914
74.72342944145203,156914
74.72429370880127,156914
74.72514963150024,156914
74.7260069847107,156914
74.72766065597534,156914
74.72851896286011,156914
74.72937488555908,156914
74.73011493682861,156914
74.7310483455658,156914
74.73240733146667,156914
74.73332738876343,156914
74.73425602912903,156914
74.73518824577332,156914
74.73610591888428,156914
74.73702239990234,156914
74.73847317695618,156914
74.73940539360046,156914
74.74032473564148,156914
74.74124026298523,156914
74.74217128753662,156914
74.743093252182,156914
74.74401926994324,156914
74.74537563323975,156914
74.74629426002502,156914
74.74721431732178,156914
74.74813318252563,156914
74.74904823303223,156914
74.75040745735168,156914
74.7513279914856,156914
74.7522463798523,156914
74.75319314002991,156914
74.75412392616272,156914
74.75504541397095,156914
74.75640034675598,156914
74.75733184814453,156914
74.75826382637024,156914
74.75918292999268,156914
74.76010322570801,156914
74.76102089881897,156914
74.76237297058105,156914
74.76329016685486,156914
74.76422071456909,156914
74.76513862609863,156914
74.76605033874512,156914
74.76740407943726,156914
74.76831936836243,156914
74.76923894882202,156914
74.77015471458435,156914
74.77106976509094,156914
74.77242255210876,156914
74.77333879470825,156914
74.77426767349243,156914
74.77518916130066,156914
74.77611517906189,156914
74.77702641487122,156914
74.77838110923767,156914
74.77929854393005,156914
74.78021574020386,156914
74.78113269805908,156914
74.78204917907715,156914
74.78340530395508,156914
74.78432846069336,156914
74.78524446487427,156914
74.78616189956665,156914
74.78707838058472,156914
74.7884292602539,156914
74.78934168815613,156914
74.79025912284851,156914
74.79117941856384,156914
74.79209494590759,156914
74.79301142692566,156914
74.79437804222107,156914
74.79529619216919,156914
74.79621315002441,156914
74.79712915420532,156914
74.79804539680481,156914
74.79939794540405,156914
74.80031371116638,156914
74.80123209953308,156914
74.80215239524841,156914
74.80306649208069,156914
74.80443620681763,156914
74.80535316467285,156914
74.80627250671387,156914
74.80719017982483,156914
74.80811071395874,156914
74.80902576446533,156914
74.81037950515747,156914
74.8112964630127,156914
74.81221508979797,156914
74.81313180923462,156914
74.81405282020569,156914
74.81540966033936,156914
74.81632733345032,156914
74.8172435760498,156914
74.81815814971924,156914
74.81907248497009,156914
74.82042360305786,156914
74.82133674621582,156914
74.82225465774536,156914
74.8231725692749,156914
74.82410264015198,156914
74.82502055168152,156914
74.82637238502502,156914
74.82729005813599,156914
74.82822012901306,156914
74.82914018630981,156914
74.8300552368164,156914
74.83141088485718,156914
74.83232951164246,156914
74.83324646949768,156914
74.83417701721191,156914
74.83509421348572,156914
74.83600902557373,156914
74.83736228942871,156914
74.83828115463257,156914
74.83920073509216,156914
74.84012079238892,156914
74.84103608131409,156914
74.84238910675049,156914
74.84330320358276,156914
74.84422969818115,156914
74.84514689445496,156914
74.84606218338013,156914
74.84740996360779,156914
74.84832334518433,156914
74.8492386341095,156914
74.8501570224762,156914
74.85107159614563,156914
74.85242080688477,156914
74.85333704948425,156914
74.85428142547607,156914
74.85520076751709,156914
74.85612177848816,156914
74.85703659057617,156914
74.85839200019836,156914
74.8593077659607,156914
74.86022686958313,156914
74.86114859580994,156914
74.86206245422363,156914
74.86342191696167,156914
74.86434864997864,156914
74.86526584625244,156914
74.86618065834045,156914
74.86709976196289,156914
74.86801624298096,156914
74.86936902999878,156914
74.87028288841248,156914
74.8711998462677,156914
74.87212061882019,156914
74.873037815094,156914
74.87440156936646,156914
74.87532019615173,156914
74.87623834609985,156914
74.87715744972229,156914
74.87807559967041,156914
74.87942814826965,156914
74.8803436756134,156914
74.88125872612,156914
74.88217520713806,156914
74.88309097290039,156914
74.88401246070862,156914
74.88536238670349,156914
74.88628029823303,156914
74.88719868659973,156914
74.8881139755249,156914
74.8890266418457,156914
74.89037823677063,156914
74.89129638671875,156914
74.89221286773682,156914
74.89312767982483,156914
74.89405155181885,156914
74.89540672302246,156914
74.89632105827332,156914
74.89724159240723,156914
74.89815926551819,156914
74.89907431602478,156914
74.90042996406555,156914
74.90134596824646,156914
74.90226078033447,156914
74.90317893028259,156914
74.90411520004272,156914
74.90503072738647,156914
74.9063835144043,156914
74.90729856491089,156914
74.90821766853333,156914
74.9091386795044,156914
74.91004991531372,156914
74.91140866279602,156914
74.91232490539551,156914
74.91324281692505,156914
74.91417241096497,156914
74.91509056091309,156914
74.9160087108612,156914
74.91735625267029,156914
74.91827082633972,156914
74.91919231414795,156914
74.92010951042175,156914
74.9210216999054,156914
74.92237663269043,156914
74.92329502105713,156914
74.92422652244568,156914
74.92514300346375,156914
74.92606043815613,156914
74.92741465568542,156914
74.92832946777344,156914
74.92924571037292,156914
74.93016171455383,156914
74.93107485771179,156914
74.93242835998535,156914
74.93334245681763,156914
74.93427324295044,156914
74.93519234657288,156914
74.93611097335815,156914
74.93702483177185,156914
74.9383795261383,156914
74.93929624557495,156914
74.94021415710449,156914
74.94113659858704,156914
74.94204878807068,156914
74.9434061050415,156914
74.94433832168579,156914
74.94525742530823,156914
74.94617700576782,156914
74.94709491729736,156914
74.94800972938538,156914
74.94936275482178,156914
74.95028066635132,156914
74.95119976997375,156914
74.95211935043335,156914
74.95303583145142,156914
74.9544005393982,156914
74.95531630516052,156914
74.95623517036438,156914
74.95715498924255,156914
74.95807003974915,156914
74.95942544937134,156914
74.9603443145752,156914
74.96125864982605,156914
74.96217274665833,156914
74.96308922767639,156914
74.96401500701904,156914
74.9653708934784,156914
74.9662868976593,156914
74.96720552444458,156914
74.96812057495117,156914
74.96903562545776,156914
74.9703905582428,156914
74.97130537033081,156914
74.97222089767456,156914
74.97313785552979,156914
74.97406435012817,156914
74.97541809082031,156914
74.97633481025696,156914
74.97724843025208,156914
74.97816777229309,156914
74.979083776474,156914
74.98044228553772,156914
74.98135685920715,156914
74.98227667808533,156914
74.98319220542908,156914
74.98411750793457,156914
74.98503351211548,156914
74.98638796806335,156914
74.98730516433716,156914
74.98822474479675,156914
74.98914289474487,156914
74.99006009101868,156914
74.9914174079895,156914
74.99233627319336,156914
74.99325895309448,156914
74.99418616294861,156914
74.99510216712952,156914
74.99601650238037,156914
74.99737095832825,156914
74.99828743934631,156914
74.99920415878296,156914
75.00012135505676,156914
75.0010359287262,156914
75.0023889541626,156914
75.00330328941345,156914
75.00423383712769,156914
75.00515007972717,156914
75.00606179237366,156914
75.00741505622864,156914
75.00833034515381,156914
75.00924849510193,156914
75.01016521453857,156914
75.01108384132385,156914
75.01243329048157,156914
75.01335263252258,156914
75.01427817344666,156914
75.01519894599915,156914
75.01611638069153,156914
75.01703190803528,156914
75.0183846950531,156914
75.01929903030396,156914
75.02021598815918,156914
75.0211329460144,156914
75.02204704284668,156914
75.02340126037598,156914
75.02432489395142,156914
75.02523827552795,156914
75.02615427970886,156914
75.02707099914551,156914
75.02842354774475,156914
75.0293390750885,156914
75.03025722503662,156914
75.03117609024048,156914
75.03208947181702,156914
75.03300356864929,156914
75.03436350822449,156914
75.03528165817261,156914
75.03619694709778,156914
75.03711605072021,156914
75.03803133964539,156914
75.03938484191895,156914
75.04029631614685,156914
75.0412130355835,156914
75.04212927818298,156914
75.04304027557373,156914
75.04440402984619,156914
75.04531717300415,156914
75.04623055458069,156914
75.04714703559875,156914
75.04806351661682,156914
75.04941725730896,156914
75.05033016204834,156914
75.05124354362488,156914
75.05215978622437,156914
75.05307650566101,156914
75.05444049835205,156914
75.05535554885864,156914
75.05627512931824,156914
75.05719351768494,156914
75.05810832977295,156914
75.05902647972107,156914
75.06037926673889,156914
75.0612964630127,156914
75.06221127510071,156914
75.06312847137451,156914
75.06405401229858,156914
75.06541180610657,156914
75.066330909729,156914
75.06724691390991,156914
75.06816387176514,156914
75.06907892227173,156914
75.07043170928955,156914
75.07134771347046,156914
75.07226490974426,156914
75.07318353652954,156914
75.0741126537323,156914
75.07503008842468,156914
75.07638669013977,156914
75.07730007171631,156914
75.07821583747864,156914
75.07913303375244,156914
75.08004593849182,156914
75.0813992023468,156914
75.08231592178345,156914
75.08323454856873,156914
75.08416509628296,156914
75.08508110046387,156914
75.08643436431885,156914
75.08734917640686,156914
75.08826327323914,156914
75.08918380737305,156914
75.09010219573975,156914
75.0910177230835,156914
75.09237098693848,156914
75.09330725669861,156914
75.09423732757568,156914
75.09516048431396,156914
75.09607672691345,156914
75.0974338054657,156914
75.09835028648376,156914
75.09926724433899,156914
75.10018587112427,156914
75.10110402107239,156914
75.10201907157898,156914
75.1033730506897,156914
75.10431098937988,156914
75.10522675514221,156914
75.10614442825317,156914
75.10706424713135,156914
75.10841608047485,156914
75.10933470726013,156914
75.11025142669678,156914
75.11116981506348,156914
75.11209154129028,156914
75.11300706863403,156914
75.11436867713928,156914
75.11528587341309,156914
75.11620354652405,156914
75.11711740493774,156914
75.11803436279297,156914
75.11939883232117,156914
75.12031698226929,156914
75.12123918533325,156914
75.1221604347229,156914
75.12307500839233,156914
75.12401127815247,156914
75.12537550926208,156914
75.12629437446594,156914
75.12721276283264,156914
75.12813973426819,156914
75.12905740737915,156914
75.13041996955872,156914
75.1313374042511,156914
75.13225364685059,156914
75.13317966461182,156914
75.13410758972168,156914
75.13502049446106,156914
75.13637328147888,156914
75.13728952407837,156914
75.13820838928223,156914
75.13912558555603,156914
75.14003896713257,156914
75.14139723777771,156914
75.14231562614441,156914
75.14323210716248,156914
75.14415907859802,156914
75.14507603645325,156914
75.14643263816833,156914
75.14734554290771,156914
75.14826369285583,156914
75.14917969703674,156914
75.15009665489197,156914
75.15101146697998,156914
75.15236639976501,156914
75.1532838344574,156914
75.1542100906372,156914
75.15512728691101,156914
75.15604376792908,156914
75.15739965438843,156914
75.15831184387207,156914
75.15922999382019,156914
75.16014695167542,156914
75.16106271743774,156914
75.16241884231567,156914
75.16333603858948,156914
75.16426420211792,156914
75.16518497467041,156914
75.16610479354858,156914
75.16702055931091,156914
75.16837406158447,156914
75.16929054260254,156914
75.17020845413208,156914
75.17112255096436,156914
75.17203545570374,156914
75.17338967323303,156914
75.17431354522705,156914
75.17522835731506,156914
75.17614483833313,156914
75.1770613193512,156914
75.17841577529907,156914
75.17933201789856,156914
75.18025159835815,156914
75.18117117881775,156914
75.1820900440216,156914
75.18300366401672,156914
75.18436622619629,156914
75.18528175354004,156914
75.18620276451111,156914
75.18711948394775,156914
75.1880350112915,156914
75.1893858909607,156914
75.19030261039734,156914
75.19121837615967,156914
75.19213533401489,156914
75.19305205345154,156914
75.19442081451416,156914
75.1953341960907,156914
75.19625568389893,156914
75.19717645645142,156914
75.19809556007385,156914
75.19901251792908,156914
75.20036435127258,156914
75.20128083229065,156914
75.20219779014587,156914
75.20311570167542,156914
75.20404171943665,156914
75.20539331436157,156914
75.20630669593811,156914
75.20722675323486,156914
75.20814490318298,156914
75.20906162261963,156914
75.21041965484619,156914
75.21133685112,156914
75.2122552394867,156914
75.21317172050476,156914
75.21409869194031,156914
75.21501541137695,156914
75.21636462211609,156914
75.21727919578552,156914
75.21819877624512,156914
75.21911406517029,156914
75.22002577781677,156914
75.22137665748596,156914
75.22229290008545,156914
75.2232117652893,156914
75.22414135932922,156914
75.2250587940216,156914
75.2264142036438,156914
75.22732949256897,156914
75.22824358940125,156914
75.22916078567505,156914
75.2300751209259,156914
75.23143124580383,156914
75.23234605789185,156914
75.23326253890991,156914
75.23418998718262,156914
75.23510503768921,156914
75.23602080345154,156914
75.23737120628357,156914
75.238290309906,156914
75.23920631408691,156914
75.24012541770935,156914
75.24103999137878,156914
75.24239683151245,156914
75.24331021308899,156914
75.2442398071289,156914
75.24515676498413,156914
75.24607133865356,156914
75.24742364883423,156914
75.24833941459656,156914
75.24925446510315,156914
75.25017094612122,156914
75.25108551979065,156914
75.25243854522705,156914
75.25335717201233,156914
75.2542815208435,156914
75.25519680976868,156914
75.25611305236816,156914
75.25702571868896,156914
75.25837969779968,156914
75.25929570198059,156914
75.26021480560303,156914
75.26113152503967,156914
75.26205229759216,156914
75.26341319084167,156914
75.26433849334717,156914
75.26525664329529,156914
75.26617431640625,156914
75.26709485054016,156914
75.26800966262817,156914
75.2693612575531,156914
75.2702796459198,156914
75.27119827270508,156914
75.27211475372314,156914
75.27303218841553,156914
75.27440237998962,156914
75.2753164768219,156914
75.27622985839844,156914
75.27714586257935,156914
75.2780590057373,156914
75.27941465377808,156914
75.28033757209778,156914
75.28125596046448,156914
75.2821717262268,156914
75.28308486938477,156914
75.28401112556458,156914
75.2853639125824,156914
75.28628158569336,156914
75.28719472885132,156914
75.28811120986938,156914
75.28902411460876,156914
75.29037547111511,156914
75.2912917137146,156914
75.29220843315125,156914
75.29312467575073,156914
75.29404807090759,156914
75.29540085792542,156914
75.29631686210632,156914
75.29723167419434,156914
75.29814982414246,156914
75.29906606674194,156914
75.30042028427124,156914
75.30133581161499,156914
75.30225229263306,156914
75.30317044258118,156914
75.30410242080688,156914
75.30501890182495,156914
75.30637121200562,156914
75.307288646698,156914
75.30820393562317,156914
75.30912065505981,156914
75.31003451347351,156914
75.31138706207275,156914
75.31229901313782,156914
75.31321382522583,156914
75.31414031982422,156914
75.3150544166565,156914
75.31640768051147,156914
75.31732559204102,156914
75.31824374198914,156914
75.31916189193726,156914
75.32007646560669,156914
75.32143068313599,156914
75.32234692573547,156914
75.3232638835907,156914
75.32419109344482,156914
75.32511115074158,156914
75.32602572441101,156914
75.32737946510315,156914
75.32829546928406,156914
75.32921290397644,156914
75.33012747764587,156914
75.33103966712952,156914
75.33239269256592,156914
75.33330821990967,156914
75.33424067497253,156914
75.33515977859497,156914
75.33607602119446,156914
75.33743071556091,156914
75.33834600448608,156914
75.3392608165741,156914
75.34017848968506,156914
75.34109544754028,156914
75.34200859069824,156914
75.34336161613464,156914
75.34429049491882,156914
75.345205783844,156914
75.34611773490906,156914
75.34703350067139,156914
75.3483898639679,156914
75.34930872917175,156914
75.35022640228271,156914
75.35114645957947,156914
75.35206508636475,156914
75.35341954231262,156914
75.35434293746948,156914
75.3552610874176,156914
75.35617685317993,156914
75.35708975791931,156914
75.35800337791443,156914
75.35935258865356,156914
75.36026906967163,156914
75.36118221282959,156914
75.36209988594055,156914
75.36301445960999,156914
75.36437511444092,156914
75.36528825759888,156914
75.36620688438416,156914
75.36712527275085,156914
75.36803913116455,156914
75.36939096450806,156914
75.37030625343323,156914
75.37122511863708,156914
75.37214398384094,156914
75.37306046485901,156914
75.37442421913147,156914
75.37533736228943,156914
75.37625169754028,156914
75.37716960906982,156914
75.37808585166931,156914
75.37943887710571,156914
75.38034868240356,156914
75.38126730918884,156914
75.3821849822998,156914
75.38309955596924,156914
75.38402581214905,156914
75.38537859916687,156914
75.38629508018494,156914
75.38720798492432,156914
75.3881242275238,156914
75.38904070854187,156914
75.39039587974548,156914
75.39131116867065,156914
75.39222931861877,156914
75.39314889907837,156914
75.39407253265381,156914
75.39542627334595,156914
75.39633917808533,156914
75.39725637435913,156914
75.39817214012146,156914
75.39908981323242,156914
75.4004397392273,156914
75.40135717391968,156914
75.40227365493774,156914
75.40319013595581,156914
75.40411829948425,156914
75.40503263473511,156914
75.40638542175293,156914
75.40729928016663,156914
75.40821862220764,156914
75.40913796424866,156914
75.41005873680115,156914
75.41141557693481,156914
75.4123306274414,156914
75.41324591636658,156914
75.41417264938354,156914
75.41508960723877,156914
75.41600346565247,156914
75.41735506057739,156914
75.41827297210693,156914
75.4191882610321,156914
75.42010259628296,156914
75.42101788520813,156914
75.42236828804016,156914
75.42328453063965,156914
75.42421197891235,156914
75.42512798309326,156914
75.42604398727417,156914
75.42740082740784,156914
75.42831206321716,156914
75.42923212051392,156914
75.43018794059753,156914
75.43110942840576,156914
75.43202495574951,156914
75.43338394165039,156914
75.4343101978302,156914
75.4352343082428,156914
75.4361526966095,156914
75.43713450431824,156914
75.43806219100952,156914
75.43942379951477,156914
75.44034218788147,156914
75.4412591457367,156914
75.4421775341034,156914
75.44309496879578,156914
75.44402265548706,156914
75.44540572166443,156914
75.44632053375244,156914
75.44724011421204,156914
75.44816732406616,156914
75.44908404350281,156914
75.45000433921814,156914
75.45136046409607,156914
75.45227789878845,156914
75.45319390296936,156914
75.45412421226501,156914
75.45504140853882,156914
75.45639657974243,156914
75.4573130607605,156914
75.45823097229004,156914
75.45915031433105,156914
75.46006464958191,156914
75.46141958236694,156914
75.46233773231506,156914
75.46325492858887,156914
75.4641842842102,156914
75.46510362625122,156914
75.46602058410645,156914
75.46737241744995,156914
75.46828889846802,156914
75.46920776367188,156914
75.47012853622437,156914
75.4710443019867,156914
75.4723973274231,156914
75.47331500053406,156914
75.47424411773682,156914
75.47516345977783,156914
75.47608208656311,156914
75.47743940353394,156914
75.47835659980774,156914
75.4792709350586,156914
75.48019218444824,156914
75.48110866546631,156914
75.48202109336853,156914
75.48337459564209,156914
75.48430132865906,156914
75.4852180480957,156914
75.4861352443695,156914
75.4870502948761,156914
75.48840498924255,156914
75.48931908607483,156914
75.49023580551147,156914
75.49115490913391,156914
75.49207019805908,156914
75.4934241771698,156914
75.49434781074524,156914
75.49526858329773,156914
75.49618458747864,156914
75.49709796905518,156914
75.49801349639893,156914
75.49937081336975,156914
75.50028848648071,156914
75.50120759010315,156914
75.50212717056274,156914
75.50304555892944,156914
75.50442552566528,156914
75.50534296035767,156914
75.50626158714294,156914
75.50718212127686,156914
75.50809621810913,156914
75.50901126861572,156914
75.51036500930786,156914
75.51128196716309,156914
75.51219701766968,156914
75.51311612129211,156914
75.51404094696045,156914
75.51539325714111,156914
75.51630973815918,156914
75.51722764968872,156914
75.51814794540405,156914
75.5190634727478,156914
75.52041840553284,156914
75.52133631706238,156914
75.52225589752197,156914
75.52317380905151,156914
75.5241003036499,156914
75.52501654624939,156914
75.52636790275574,156914
75.52728629112244,156914
75.52820324897766,156914
75.52912092208862,156914
75.53003263473511,156914
75.53139042854309,156914
75.53230571746826,156914
75.53322339057922,156914
75.53415036201477,156914
75.53506684303284,156914
75.53642535209656,156914
75.53734183311462,156914
75.53825879096985,156914
75.53917956352234,156914
75.54009866714478,156914
75.54101467132568,156914
75.54237008094788,156914
75.5432870388031,156914
75.54421472549438,156914
75.54513382911682,156914
75.54604816436768,156914
75.5474042892456,156914
75.54831981658936,156914
75.549236536026,156914
75.55015516281128,156914
75.55107307434082,156914
75.55242848396301,156914
75.55334234237671,156914
75.55426836013794,156914
75.55518889427185,156914
75.55610251426697,156914
75.5570170879364,156914
75.55837440490723,156914
75.55929112434387,156914
75.56020903587341,156914
75.56112384796143,156914
75.56203866004944,156914
75.56339192390442,156914
75.56431484222412,156914
75.56523633003235,156914
75.56615781784058,156914
75.56707072257996,156914
75.56842708587646,156914
75.56934475898743,156914
75.57026243209839,156914
75.57118463516235,156914
75.57210373878479,156914
75.57301998138428,156914
75.57438707351685,156914
75.57530045509338,156914
75.57621884346008,156914
75.57713961601257,156914
75.5780577659607,156914
75.57941627502441,156914
75.58033514022827,156914
75.58125638961792,156914
75.58217453956604,156914
75.58309507369995,156914
75.58402013778687,156914
75.58537459373474,156914
75.58628988265991,156914
75.58720922470093,156914
75.58812761306763,156914
75.58904242515564,156914
75.59039425849915,156914
75.59131193161011,156914
75.59223365783691,156914
75.59315013885498,156914
75.59407758712769,156914
75.59543037414551,156914
75.59634947776794,156914
75.59726476669312,156914
75.59818077087402,156914
75.59910130500793,156914
75.60001564025879,156914
75.6013696193695,156914
75.60228753089905,156914
75.60320711135864,156914
75.6041350364685,156914
75.60505318641663,156914
75.60640835762024,156914
75.60732531547546,156914
75.60824179649353,156914
75.60916113853455,156914
75.61007642745972,156914
75.61143255233765,156914
75.6123468875885,156914
75.61326694488525,156914
75.61420011520386,156914
75.61511659622192,156914
75.61603879928589,156914
75.61739110946655,156914
75.61830949783325,156914
75.61922931671143,156914
75.6201524734497,156914
75.62106966972351,156914
75.62242293357849,156914
75.62333917617798,156914
75.62426781654358,156914
75.62518405914307,156914
75.6260998249054,156914
75.62701535224915,156914
75.62836766242981,156914
75.62928366661072,156914
75.63019967079163,156914
75.63111567497253,156914
75.63203406333923,156914
75.63339066505432,156914
75.63431596755981,156914
75.63523578643799,156914
75.63615489006042,156914
75.63707065582275,156914
75.63842701911926,156914
75.63934206962585,156914
75.64025735855103,156914
75.64117336273193,156914
75.6420910358429,156914
75.6430082321167,156914
75.64436888694763,156914
75.64528703689575,156914
75.64620471000671,156914
75.64712285995483,156914
75.64803552627563,156914
75.64938831329346,156914
75.65030479431152,156914
75.6512246131897,156914
75.65214204788208,156914
75.65305829048157,156914
75.65442204475403,156914
75.65533566474915,156914
75.65625500679016,156914
75.65717458724976,156914
75.65809369087219,156914
75.65901160240173,156914
75.66036939620972,156914
75.66128587722778,156914
75.66220426559448,156914
75.66312384605408,156914
75.66404843330383,156914
75.66540551185608,156914
75.6663224697113,156914
75.66724061965942,156914
75.6681604385376,156914
75.66907405853271,156914
75.67042779922485,156914
75.67134094238281,156914
75.67225980758667,156914
75.67317771911621,156914
75.6741042137146,156914
75.67502093315125,156914
75.67637372016907,156914
75.67729353904724,156914
75.67820954322815,156914
75.67912554740906,156914
75.68003535270691,156914
75.68138670921326,156914
75.68230295181274,156914
75.68322086334229,156914
75.68415117263794,156914
75.68506526947021,156914
75.68643188476562,156914
75.68735194206238,156914
75.68827152252197,156914
75.68919062614441,156914
75.69011068344116,156914
75.69102716445923,156914
75.69238376617432,156914
75.69329881668091,156914
75.69423031806946,156914
75.69514846801758,156914
75.69606280326843,156914
75.69742202758789,156914
75.6983392238617,156914
75.69925880432129,156914
75.7001748085022,156914
75.70109248161316,156914
75.70200705528259,156914
75.70336151123047,156914
75.7042920589447,156914
75.70521688461304,156914
75.70614004135132,156914
75.70705437660217,156914
75.708411693573,156914
75.70933079719543,156914
75.7102518081665,156914
75.71116876602173,156914
75.71208333969116,156914
75.7134382724762,156914
75.71436095237732,156914
75.71527647972107,156914
75.71619582176208,156914
75.71711611747742,156914
75.71803212165833,156914
75.7193877696991,156914
75.72030448913574,156914
75.72122430801392,156914
75.7221429347992,156914
75.723060131073,156914
75.7244279384613,156914
75.72534346580505,156914
75.72625970840454,156914
75.72717785835266,156914
75.728098154068,156914
75.7290153503418,156914
75.73037433624268,156914
75.73129391670227,156914
75.73221588134766,156914
75.73313403129578,156914
75.73405957221985,156914
75.73541355133057,156914
75.73632907867432,156914
75.73724389076233,156914
75.73816156387329,156914
75.73907709121704,156914
75.74043321609497,156914
75.74134969711304,156914
75.74226808547974,156914
75.74318766593933,156914
75.74411463737488,156914
75.74503135681152,156914
75.74638867378235,156914
75.74730467796326,156914
75.74822282791138,156914
75.7491409778595,156914
75.75005865097046,156914
75.75141787528992,156914
75.75233387947083,156914
75.75325202941895,156914
75.7541835308075,156914
75.75509881973267,156914
75.75601577758789,156914
75.75737166404724,156914
75.75828647613525,156914
75.75920176506042,156914
75.76011800765991,156914
75.76103401184082,156914
75.76238489151001,156914
75.76329708099365,156914
75.76422595977783,156914
75.76514315605164,156914
75.76606035232544,156914
75.7674126625061,156914
75.7683277130127,156914
75.76924276351929,156914
75.77015852928162,156914
75.77107214927673,156914
75.77242708206177,156914
75.77334523200989,156914
75.77427530288696,156914
75.7751977443695,156914
75.77611637115479,156914
75.7770299911499,156914
75.77838659286499,156914
75.7793025970459,156914
75.7802197933197,156914
75.78113889694214,156914
75.78205251693726,156914
75.78340768814087,156914
75.78434228897095,156914
75.78525638580322,156914
75.78617477416992,156914
75.78709578514099,156914
75.78801107406616,156914
75.78936219215393,156914
75.79027986526489,156914
75.7911970615387,156914
75.79211354255676,156914
75.79303026199341,156914
75.79440069198608,156914
75.79532051086426,156914
75.79623675346375,156914
75.79715728759766,156914
75.79807209968567,156914
75.79942846298218,156914
75.80034351348877,156914
75.80125951766968,156914
75.80217933654785,156914
75.80309319496155,156914
75.8040223121643,156914
75.80538034439087,156914
75.80629706382751,156914
75.80721497535706,156914
75.80813527107239,156914
75.8090500831604,156914
75.81040334701538,156914
75.81132054328918,156914
75.81223964691162,156914
75.8131582736969,156914
75.81408286094666,156914
75.8150041103363,156914
75.81635761260986,156914
75.81727480888367,156914
75.81819152832031,156914
75.81911015510559,156914
75.82003927230835,156914
75.82140135765076,156914
75.82231616973877,156914
75.82324552536011,156914
75.82417559623718,156914
75.8250892162323,156914
75.82603049278259,156914
75.82738971710205,156914
75.82832026481628,156914
75.82923674583435,156914
75.83015298843384,156914
75.83106708526611,156914
75.83242177963257,156914
75.83333683013916,156914
75.83426785469055,156914
75.83518815040588,156914
75.83610534667969,156914
75.83702182769775,156914
75.83837342262268,156914
75.83929061889648,156914
75.84020829200745,156914
75.84112477302551,156914
75.84203791618347,156914
75.84339213371277,156914
75.84431743621826,156914
75.84523630142212,156914
75.84615015983582,156914
75.84706449508667,156914
75.84842133522034,156914
75.84933710098267,156914
75.85025429725647,156914
75.85117387771606,156914
75.85209202766418,156914
75.85301065444946,156914
75.85437250137329,156914
75.8552873134613,156914
75.85620498657227,156914
75.85712122917175,156914
75.85803461074829,156914
75.85939073562622,156914
75.86030673980713,156914
75.86122488975525,156914
75.86214637756348,156914
75.86306428909302,156914
75.86442947387695,156914
75.86534523963928,156914
75.86626410484314,156914
75.86718082427979,156914
75.86809587478638,156914
75.86900687217712,156914
75.87035727500916,156914
75.87127375602722,156914
75.87219262123108,156914
75.87310791015625,156914
75.87403392791748,156914
75.87539076805115,156914
75.8763074874878,156914
75.87722706794739,156914
75.87814569473267,156914
75.87906265258789,156914
75.8804178237915,156914
75.88133239746094,156914
75.88225173950195,156914
75.8831741809845,156914
75.88409924507141,156914
75.88501715660095,156914
75.88637208938599,156914
75.88729119300842,156914
75.88820743560791,156914
75.8891282081604,156914
75.89004182815552,156914
75.89139890670776,156914
75.89231133460999,156914
75.89323043823242,156914
75.89415669441223,156914
75.89506959915161,156914
75.89642643928528,156914
75.89734506607056,156914
75.8982617855072,156914
75.89917516708374,156914
75.9000883102417,156914
75.90143847465515,156914
75.90235328674316,156914
75.90326952934265,156914
75.9042055606842,156914
75.90512180328369,156914
75.90603518486023,156914
75.90739178657532,156914
75.9083034992218,156914
75.90922379493713,156914
75.9101448059082,156914
75.9110631942749,156914
75.91242289543152,156914
75.91334438323975,156914
75.91427230834961,156914
75.91519284248352,156914
75.9161114692688,156914
75.91702556610107,156914
75.91837811470032,156914
75.91929578781128,156914
75.92021322250366,156914
75.92112827301025,156914
75.92204260826111,156914
75.92339611053467,156914
75.9243175983429,156914
75.92523288726807,156914
75.92615008354187,156914
75.92706418037415,156914
75.92841649055481,156914
75.92932939529419,156914
75.93024849891663,156914
75.93116736412048,156914
75.93208169937134,156914
75.93343448638916,156914
75.93435859680176,156914
75.93527626991272,156914
75.93619394302368,156914
75.93711543083191,156914
75.93802857398987,156914
75.939382314682,156914
75.94029545783997,156914
75.94121384620667,156914
75.94213318824768,156914
75.94304728507996,156914
75.94441246986389,156914
75.94532704353333,156914
75.94625043869019,156914
75.94716620445251,156914
75.9480836391449,156914
75.94943380355835,156914
75.95034742355347,156914
75.95126295089722,156914
75.95218658447266,156914
75.95310616493225,156914
75.95402669906616,156914
75.95538187026978,156914
75.95629572868347,156914
75.95721411705017,156914
75.95812916755676,156914
75.95904445648193,156914
75.96039938926697,156914
75.96131587028503,156914
75.96223664283752,156914
75.96315622329712,156914
75.96407866477966,156914
75.96543192863464,156914
75.96634650230408,156914
75.96726322174072,156914
75.96818280220032,156914
75.96910190582275,156914
75.97001934051514,156914
75.97137188911438,156914
75.97228670120239,156914
75.97320413589478,156914
75.97413182258606,156914
75.97505068778992,156914
75.97640633583069,156914
75.97731947898865,156914
75.97823715209961,156914
75.97915601730347,156914
75.9800705909729,156914
75.98142790794373,156914
75.98234272003174,156914
75.98326086997986,156914
75.98419094085693,156914
75.98511099815369,156914
75.98602533340454,156914
75.98737978935242,156914
75.98829674720764,156914
75.98921394348145,156914
75.99013042449951,156914
75.99104714393616,156914
75.99240207672119,156914
75.99331712722778,156914
75.9942455291748,156914
75.99516224861145,156914
75.99607849121094,156914
75.99743247032166,156914
75.99834704399109,156914
75.99926328659058,156914
76.00018119812012,156914
76.00109791755676,156914
76.00201296806335,156914
76.00336766242981,156914
76.00429487228394,156914
76.00521349906921,156914
76.00613069534302,156914
76.00704550743103,156914
76.00840020179749,156914
76.00931763648987,156914
76.0102334022522,156914
76.01115274429321,156914
76.01206827163696,156914
76.01342511177063,156914
76.01434516906738,156914
76.01526474952698,156914
76.0161828994751,156914
76.01709794998169,156914
76.0180139541626,156914
76.01936912536621,156914
76.02028775215149,156914
76.02120447158813,156914
76.02212047576904,156914
76.02303814888,156914
76.02440333366394,156914
76.02531814575195,156914
76.02623534202576,156914
76.0271577835083,156914
76.02807474136353,156914
76.02942943572998,156914
76.03034567832947,156914
76.0312614440918,156914
76.03217792510986,156914
76.03309559822083,156914
76.03402304649353,156914
76.03538155555725,156914
76.03629851341248,156914
76.03721809387207,156914
76.03813576698303,156914
76.03905081748962,156914
76.04040694236755,156914
76.04132294654846,156914
76.0422432422638,156914
76.04316020011902,156914
76.04408621788025,156914
76.04543924331665,156914
76.04635620117188,156914
76.04727482795715,156914
76.04819202423096,156914
76.04911017417908,156914
76.05002546310425,156914
76.05138421058655,156914
76.05230069160461,156914
76.05322122573853,156914
76.0541512966156,156914
76.05506753921509,156914
76.0564227104187,156914
76.05733919143677,156914
76.05825638771057,156914
76.05917763710022,156914
76.06009483337402,156914
76.06101274490356,156914
76.06236863136292,156914
76.06328654289246,156914
76.06421685218811,156914
76.06513476371765,156914
76.06605124473572,156914
76.0674078464508,156914
76.06832313537598,156914
76.06923747062683,156914
76.07015466690063,156914
76.07106637954712,156914
76.07242155075073,156914
76.07333755493164,156914
76.07426929473877,156914
76.07518792152405,156914
76.0761034488678,156914
76.07701849937439,156914
76.07836699485779,156914
76.07928609848022,156914
76.08020210266113,156914
76.08111786842346,156914
76.08203148841858,156914
76.08338379859924,156914
76.08430886268616,156914
76.08522772789001,156914
76.08614563941956,156914
76.0870611667633,156914
76.08841848373413,156914
76.08933472633362,156914
76.09025502204895,156914
76.09117031097412,156914
76.09208822250366,156914
76.09301352500916,156914
76.09437870979309,156914
76.09529542922974,156914
76.09621381759644,156914
76.09713292121887,156914
76.09804677963257,156914
76.09940075874329,156914
76.10031771659851,156914
76.1012327671051,156914
76.10215210914612,156914
76.10306572914124,156914
76.10400342941284,156914
76.10536289215088,156914
76.10628056526184,156914
76.10720014572144,156914
76.10811805725098,156914
76.10903072357178,156914
76.11038661003113,156914
76.11130023002625,156914
76.11221981048584,156914
76.11313605308533,156914
76.11406135559082,156914
76.11541295051575,156914
76.11633062362671,156914
76.11724734306335,156914
76.1181697845459,156914
76.11908769607544,156914
76.12002301216125,156914
76.12138414382935,156914
76.12230110168457,156914
76.12322878837585,156914
76.12415742874146,156914
76.12507510185242,156914
76.1264398097992,156914
76.12735652923584,156914
76.1282844543457,156914
76.12920594215393,156914
76.13012623786926,156914
76.13104891777039,156914
76.13240313529968,156914
76.13332557678223,156914
76.13425636291504,156914
76.13517189025879,156914
76.13610219955444,156914
76.13702249526978,156914
76.13837790489197,156914
76.13929581642151,156914
76.14021348953247,156914
76.14113569259644,156914
76.14205050468445,156914
76.14340806007385,156914
76.14433646202087,156914
76.14525508880615,156914
76.146169424057,156914
76.14708662033081,156914
76.14800596237183,156914
76.1493592262268,156914
76.15027713775635,156914
76.15119552612305,156914
76.15211415290833,156914
76.15303301811218,156914
76.15439915657043,156914
76.15531635284424,156914
76.15623641014099,156914
76.15715408325195,156914
76.15806913375854,156914
76.15942358970642,156914
76.16034173965454,156914
76.16126036643982,156914
76.16217947006226,156914
76.16309762001038,156914
76.1640191078186,156914
76.16537427902222,156914
76.16629099845886,156914
76.16720843315125,156914
76.16812658309937,156914
76.16904258728027,156914
76.17039585113525,156914
76.17130827903748,156914
76.17222595214844,156914
76.1731424331665,156914
76.17406749725342,156914
76.17541885375977,156914
76.1763322353363,156914
76.17725157737732,156914
76.17816853523254,156914
76.1790840625763,156914
76.18044114112854,156914
76.18135666847229,156914
76.18227648735046,156914
76.18319463729858,156914
76.18412327766418,156914
76.18504285812378,156914
76.18639802932739,156914
76.18731570243835,156914
76.1882381439209,156914
76.18915939331055,156914
76.19007444381714,156914
76.19143223762512,156914
76.19235253334045,156914
76.19327092170715,156914
76.19420170783997,156914
76.19512248039246,156914
76.19603872299194,156914
76.19738984107971,156914
76.19830393791199,156914
76.1992244720459,156914
76.20014452934265,156914
76.20106220245361,156914
76.2024154663086,156914
76.20333337783813,156914
76.20426487922668,156914
76.20518398284912,156914
76.20610475540161,156914
76.20702052116394,156914
76.20837426185608,156914
76.20929193496704,156914
76.21020603179932,156914
76.21111989021301,156914
76.21203398704529,156914
76.21338891983032,156914
76.21431589126587,156914
76.21523523330688,156914
76.216153383255,156914
76.21707105636597,156914
76.21842837333679,156914
76.21934509277344,156914
76.22026062011719,156914
76.22117829322815,156914
76.22209477424622,156914
76.22300958633423,156914
76.22437381744385,156914
76.2252926826477,156914
76.22620892524719,156914
76.22712564468384,156914
76.2280433177948,156914
76.22939920425415,156914
76.23031401634216,156914
76.23123288154602,156914
76.23215365409851,156914
76.23306894302368,156914
76.23443555831909,156914
76.23535013198853,156914
76.23626947402954,156914
76.23719000816345,156914
76.238107919693,156914
76.23902249336243,156914
76.24037551879883,156914
76.24129295349121,156914
76.24220991134644,156914
76.24312567710876,156914
76.24405121803284,156914
76.24540638923645,156914
76.24632334709167,156914
76.24724245071411,156914
76.24816155433655,156914
76.24907732009888,156914
76.25043416023254,156914
76.25134992599487,156914
76.25226831436157,156914
76.25318670272827,156914
76.25411534309387,156914
76.2550311088562,156914
76.25638890266418,156914
76.25730633735657,156914
76.2582278251648,156914
76.25914478302002,156914
76.26005911827087,156914
76.26141929626465,156914
76.26233696937561,156914
76.26325511932373,156914
76.26418614387512,156914
76.26510667800903,156914
76.26602268218994,156914
76.26738095283508,156914
76.26829552650452,156914
76.26921534538269,156914
76.27013373374939,156914
76.27104830741882,156914
76.27240467071533,156914
76.27332019805908,156914
76.27424669265747,156914
76.27516531944275,156914
76.27607917785645,156914
76.27743363380432,156914
76.27835297584534,156914
76.27926802635193,156914
76.28018641471863,156914
76.2811028957367,156914
76.28201603889465,156914
76.28337073326111,156914
76.28429818153381,156914
76.28521633148193,156914
76.28613710403442,156914
76.28705930709839,156914
76.28841996192932,156914
76.2893397808075,156914
76.29025912284851,156914
76.2911741733551,156914
76.29209184646606,156914
76.29300594329834,156914
76.29436588287354,156914
76.29528284072876,156914
76.2962019443512,156914
76.2971203327179,156914
76.29803538322449,156914
76.29938888549805,156914
76.30030417442322,156914
76.30122303962708,156914
76.30214071273804,156914
76.30305743217468,156914
76.30442953109741,156914
76.30534744262695,156914
76.30626368522644,156914
76.3071837425232,156914
76.3080997467041,156914
76.3090169429779,156914
76.3103699684143,156914
76.3112850189209,156914
76.31220197677612,156914
76.31311893463135,156914
76.3140389919281,156914
76.31539607048035,156914
76.31630992889404,156914
76.31722617149353,156914
76.31814527511597,156914
76.31906199455261,156914
76.32042288780212,156914
76.32134175300598,156914
76.32226037979126,156914
76.32317876815796,156914
76.32411217689514,156914
76.32502937316895,156914
76.32638478279114,156914
76.32729935646057,156914
76.3282163143158,156914
76.3291323184967,156914
76.3300473690033,156914
76.33140349388123,156914
76.33232092857361,156914
76.33323812484741,156914
76.33416509628296,156914
76.3350830078125,156914
76.33643436431885,156914
76.33735036849976,156914
76.33826446533203,156914
76.33917951583862,156914
76.34009599685669,156914
76.34101343154907,156914
76.34236454963684,156914
76.34328269958496,156914
76.34420943260193,156914
76.34512686729431,156914
76.34604239463806,156914
76.34739637374878,156914
76.34831166267395,156914
76.3492271900177,156914
76.35014605522156,156914
76.35106420516968,156914
76.35241842269897,156914
76.35333704948425,156914
76.3542697429657,156914
76.35518527030945,156914
76.35610270500183,156914
76.35701823234558,156914
76.35837030410767,156914
76.35928750038147,156914
76.36020731925964,156914
76.36112523078918,156914
76.36204028129578,156914
76.36339259147644,156914
76.36431908607483,156914
76.36523628234863,156914
76.36615514755249,156914
76.3670711517334,156914
76.36842489242554,156914
76.36933946609497,156914
76.37025833129883,156914
76.37117385864258,156914
76.37208890914917,156914
76.37343764305115,156914
76.37435984611511,156914
76.37527751922607,156914
76.37619614601135,156914
76.3771116733551,156914
76.37802529335022,156914
76.37937951087952,156914
76.38029623031616,156914
76.3812108039856,156914
76.38212704658508,156914
76.38304376602173,156914
76.38441228866577,156914
76.38533020019531,156914
76.3862476348877,156914
76.38716435432434,156914
76.38807940483093,156914
76.38943409919739,156914
76.39034938812256,156914
76.39126396179199,156914
76.39218044281006,156914
76.39309787750244,156914
76.39402389526367,156914
76.3953754901886,156914
76.39629292488098,156914
76.39721179008484,156914
76.3981294631958,156914
76.39904880523682,156914
76.40040111541748,156914
76.40131521224976,156914
76.40223360061646,156914
76.40315294265747,156914
76.40407657623291,156914
76.40543055534363,156914
76.40634560585022,156914
76.40726137161255,156914
76.40817975997925,156914
76.40909719467163,156914
76.41001272201538,156914
76.41136384010315,156914
76.41227889060974,156914
76.41320013999939,156914
76.41415333747864,156914
76.41506719589233,156914
76.41600465774536,156914
76.41736221313477,156914
76.41827869415283,156914
76.41919755935669,156914
76.42011499404907,156914
76.42103219032288,156914
76.4223906993866,156914
76.42330718040466,156914
76.42423987388611,156914
76.42515826225281,156914
76.42607259750366,156914
76.4274308681488,156914
76.42834663391113,156914
76.42926263809204,156914
76.43017816543579,156914
76.43109440803528,156914
76.43201208114624,156914
76.43336915969849,156914
76.43429470062256,156914
76.43521642684937,156914
76.43613648414612,156914
76.43705201148987,156914
76.4384081363678,156914
76.43932628631592,156914
76.44024515151978,156914
76.44116568565369,156914
76.44208288192749,156914
76.44343900680542,156914
76.44436287879944,156914
76.44528007507324,156914
76.4461977481842,156914
76.44711923599243,156914
76.44803261756897,156914
76.44939184188843,156914
76.45030951499939,156914
76.45122981071472,156914
76.45214629173279,156914
76.45306468009949,156914
76.45443177223206,156914
76.45534801483154,156914
76.45626854896545,156914
76.4571897983551,156914
76.45810675621033,156914
76.4590220451355,156914
76.4603750705719,156914
76.46129488945007,156914
76.46221494674683,156914
76.46313214302063,156914
76.46405839920044,156914
76.46541285514832,156914
76.46632885932922,156914
76.46724891662598,156914
76.46817064285278,156914
76.46908664703369,156914
76.47044253349304,156914
76.47136092185974,156914
76.47227740287781,156914
76.47319674491882,156914
76.47412610054016,156914
76.47504472732544,156914
76.47640061378479,156914
76.47731709480286,156914
76.47823309898376,156914
76.47915434837341,156914
76.48006916046143,156914
76.48142552375793,156914
76.48234391212463,156914
76.48326396942139,156914
76.48419213294983,156914
76.48510885238647,156914
76.48602819442749,156914
76.4873857498169,156914
76.48830461502075,156914
76.48922204971313,156914
76.49013805389404,156914
76.49105310440063,156914
76.49240946769714,156914
76.49332785606384,156914
76.49425888061523,156914
76.49517941474915,156914
76.496098279953,156914
76.49701714515686,156914
76.49837160110474,156914
76.49928879737854,156914
76.50020480155945,156914
76.50112557411194,156914
76.50204253196716,156914
76.50339865684509,156914
76.50433087348938,156914
76.50525188446045,156914
76.50617027282715,156914
76.50708603858948,156914
76.50843787193298,156914
76.50935554504395,156914
76.5102756023407,156914
76.51119208335876,156914
76.51211142539978,156914
76.51302719116211,156914
76.51439237594604,156914
76.51530718803406,156914
76.51622748374939,156914
76.51714968681335,156914
76.5180652141571,156914
76.51942443847656,156914
76.520343542099,156914
76.52126479148865,156914
76.52218079566956,156914
76.52310132980347,156914
76.5240318775177,156914
76.52538871765137,156914
76.52630424499512,156914
76.52722477912903,156914
76.52814555168152,156914
76.52906322479248,156914
76.53042125701904,156914
76.53134298324585,156914
76.5322654247284,156914
76.5331826210022,156914
76.53411269187927,156914
76.53503084182739,156914
76.5363883972168,156914
76.53730702400208,156914
76.5382297039032,156914
76.53915023803711,156914
76.54006624221802,156914
76.54142570495605,156914
76.54234027862549,156914
76.5432608127594,156914
76.54419302940369,156914
76.5451135635376,156914
76.5460295677185,156914
76.5473837852478,156914
76.54829931259155,156914
76.54921817779541,156914
76.55013465881348,156914
76.55104875564575,156914
76.55240368843079,156914
76.55331873893738,156914
76.5542471408844,156914
76.55516505241394,156914
76.55608177185059,156914
76.55744576454163,156914
76.55836129188538,156914
76.55927753448486,156914
76.56019520759583,156914
76.56111431121826,156914
76.56202816963196,156914
76.56338095664978,156914
76.56430888175964,156914
76.56522846221924,156914
76.56614589691162,156914
76.56706309318542,156914
76.56841707229614,156914
76.56933212280273,156914
76.57025003433228,156914
76.57116508483887,156914
76.57208156585693,156914
76.5734338760376,156914
76.57436084747314,156914
76.57527947425842,156914
76.57619905471802,156914
76.57711815834045,156914
76.57803440093994,156914
76.57939028739929,156914
76.58030867576599,156914
76.58122491836548,156914
76.58214616775513,156914
76.5830626487732,156914
76.58442974090576,156914
76.58534264564514,156914
76.58626127243042,156914
76.58717799186707,156914
76.58809041976929,156914
76.58900833129883,156914
76.59036612510681,156914
76.59128522872925,156914
76.59220242500305,156914
76.59312129020691,156914
76.59404420852661,156914
76.59539866447449,156914
76.59631443023682,156914
76.59723615646362,156914
76.59815335273743,156914
76.59907007217407,156914
76.60042524337769,156914
76.60134363174438,156914
76.60226225852966,156914
76.60317873954773,156914
76.60410642623901,156914
76.60502123832703,156914
76.60637855529785,156914
76.6072907447815,156914
76.60820698738098,156914
76.60912466049194,156914
76.61004114151001,156914
76.61139225959778,156914
76.61230611801147,156914
76.61322331428528,156914
76.6141505241394,156914
76.61506676673889,156914
76.61642098426819,156914
76.61733722686768,156914
76.61825346946716,156914
76.61917161941528,156914
76.6200864315033,156914
76.62143802642822,156914
76.6223533153534,156914
76.62327337265015,156914
76.62420964241028,156914
76.62512683868408,156914
76.62604284286499,156914
76.62739706039429,156914
76.62831449508667,156914
76.62923216819763,156914
76.63015246391296,156914
76.6310670375824,156914
76.63242292404175,156914
76.63333940505981,156914
76.63426804542542,156914
76.63518381118774,156914
76.63609862327576,156914
76.63701367378235,156914
76.63836693763733,156914
76.63928627967834,156914
76.64020371437073,156914
76.64112591743469,156914
76.64203691482544,156914
76.64338898658752,156914
76.64431357383728,156914
76.64523363113403,156914
76.64615225791931,156914
76.64707159996033,156914
76.64842700958252,156914
76.64934158325195,156914
76.65025782585144,156914
76.65117287635803,156914
76.65209031105042,156914
76.65300583839417,156914
76.65436792373657,156914
76.65528535842896,156914
76.65619969367981,156914
76.65711450576782,156914
76.65802550315857,156914
76.65938329696655,156914
76.66029953956604,156914
76.66122007369995,156914
76.6621367931366,156914
76.66305375099182,156914
76.66442131996155,156914
76.6653368473053,156914
76.66625356674194,156914
76.66717171669006,156914
76.66809034347534,156914
76.66900777816772,156914
76.67036008834839,156914
76.67127823829651,156914
76.6721978187561,156914
76.67311382293701,156914
76.67403769493103,156914
76.67539548873901,156914
76.67631506919861,156914
76.67723250389099,156914
76.6781542301178,156914
76.67907071113586,156914
76.6804256439209,156914
76.68134069442749,156914
76.68225765228271,156914
76.6831738948822,156914
76.6840991973877,156914
76.6850163936615,156914
76.68637800216675,156914
76.68729782104492,156914
76.68821501731873,156914
76.68913531303406,156914
76.69005250930786,156914
76.69141006469727,156914
76.69232630729675,156914
76.69324588775635,156914
76.69417309761047,156914
76.69508790969849,156914
76.69600510597229,156914
76.6973614692688,156914
76.69827795028687,156914
76.69919347763062,156914
76.70011353492737,156914
76.70103573799133,156914
76.70238971710205,156914
76.7033040523529,156914
76.70424318313599,156914
76.70516705513,156914
76.70608377456665,156914
76.7074384689331,156914
76.70835399627686,156914
76.70927166938782,156914
76.71018934249878,156914
76.711106300354,156914
76.71202111244202,156914
76.71337699890137,156914
76.7143030166626,156914
76.7152214050293,156914
76.71614003181458,156914
76.71705317497253,156914
76.71840643882751,156914
76.7193214893341,156914
76.72024035453796,156914
76.7211582660675,156914
76.72207713127136,156914
76.72343230247498,156914
76.7243549823761,156914
76.72527170181274,156914
76.72618985176086,156914
76.72710633277893,156914
76.72802114486694,156914
76.72937417030334,156914
76.7302918434143,156914
76.73121285438538,156914
76.73212766647339,156914
76.73304200172424,156914
76.73440504074097,156914
76.73532176017761,156914
76.73623847961426,156914
76.73715734481812,156914
76.73817563056946,156914
76.7390968799591,156914
76.74001502990723,156914
76.74136805534363,156914
76.74228525161743,156914
76.7432017326355,156914
76.744131565094,156914
76.74504971504211,156914
76.74640369415283,156914
76.74731874465942,156914
76.7482373714447,156914
76.74915814399719,156914
76.750070810318,156914
76.75142788887024,156914
76.75234341621399,156914
76.75326204299927,156914
76.75419163703918,156914
76.75510859489441,156914
76.75602269172668,156914
76.75737857818604,156914
76.75829458236694,156914
76.75921559333801,156914
76.76013278961182,156914
76.7610445022583,156914
76.76240110397339,156914
76.76331639289856,156914
76.76424241065979,156914
76.76516270637512,156914
76.76607751846313,156914
76.76742887496948,156914
76.7683424949646,156914
76.76925849914551,156914
76.770174741745,156914
76.77109408378601,156914
76.77200984954834,156914
76.77336239814758,156914
76.7742874622345,156914
76.77520442008972,156914
76.77611780166626,156914
76.7770345211029,156914
76.77838706970215,156914
76.77930164337158,156914
76.7802186012268,156914
76.78113722801208,156914
76.7820553779602,156914
76.78340721130371,156914
76.78433465957642,156914
76.78525137901306,156914
76.78616905212402,156914
76.78708338737488,156914
76.78843832015991,156914
76.78935384750366,156914
76.79027390480042,156914
76.79119324684143,156914
76.79211664199829,156914
76.79303550720215,156914
76.79440355300903,156914
76.79531574249268,156914
76.79623508453369,156914
76.79714965820312,156914
76.79806590080261,156914
76.79942464828491,156914
76.8003420829773,156914
76.80126070976257,156914
76.80217957496643,156914
76.80309677124023,156914
76.80402421951294,156914
76.80538392066956,156914
76.80629968643188,156914
76.80721998214722,156914
76.80814051628113,156914
76.80905485153198,156914
76.8104088306427,156914
76.81132411956787,156914
76.8122410774231,156914
76.81315779685974,156914
76.81408166885376,156914
76.81544160842896,156914
76.81635808944702,156914
76.81727623939514,156914
76.8181962966919,156914
76.81911396980286,156914
76.82002973556519,156914
76.82138442993164,156914
76.8223009109497,156914
76.82322096824646,156914
76.82414841651917,156914
76.82506537437439,156914
76.82641911506653,156914
76.8273377418518,156914
76.82826542854309,156914
76.82918524742126,156914
76.83010149002075,156914
76.83101511001587,156914
76.83236980438232,156914
76.83329200744629,156914
76.83421850204468,156914
76.83513236045837,156914
76.83605074882507,156914
76.83740448951721,156914
76.83832097053528,156914
76.83923745155334,156914
76.84015464782715,156914
76.84107303619385,156914
76.84242725372314,156914
76.84334230422974,156914
76.8442735671997,156914
76.84519243240356,156914
76.8461081981659,156914
76.84702348709106,156914
76.84838056564331,156914
76.84929633140564,156914
76.8502151966095,156914
76.85113310813904,156914
76.85205101966858,156914
76.8534049987793,156914
76.85433006286621,156914
76.85525059700012,156914
76.85616874694824,156914
76.8570864200592,156914
76.85800337791443,156914
76.85935711860657,156914
76.86027312278748,156914
76.86119103431702,156914
76.86210989952087,156914
76.86302590370178,156914
76.86438989639282,156914
76.8653039932251,156914
76.86622309684753,156914
76.86714434623718,156914
76.86805868148804,156914
76.86941123008728,156914
76.87032914161682,156914
76.87124991416931,156914
76.87216663360596,156914
76.87308526039124,156914
76.8740131855011,156914
76.87536907196045,156914
76.87628555297852,156914
76.87720561027527,156914
76.8781259059906,156914
76.87904071807861,156914
76.88039755821228,156914
76.88131499290466,156914
76.88223385810852,156914
76.88315224647522,156914
76.88407516479492,156914
76.88542938232422,156914
76.88634395599365,156914
76.88726043701172,156914
76.88817811012268,156914
76.88909482955933,156914
76.89001321792603,156914
76.89136719703674,156914
76.89228868484497,156914
76.89320707321167,156914
76.89413571357727,156914
76.89505243301392,156914
76.89640426635742,156914
76.89732027053833,156914
76.89823508262634,156914
76.8991551399231,156914
76.90007448196411,156914
76.90143299102783,156914
76.90235114097595,156914
76.9032711982727,156914
76.90420985221863,156914
76.90512681007385,156914
76.9060447216034,156914
76.90740442276001,156914
76.90832328796387,156914
76.90924119949341,156914
76.910160779953,156914
76.91107559204102,156914
76.91243386268616,156914
76.91335034370422,156914
76.91428017616272,156914
76.91519570350647,156914
76.9161114692688,156914
76.91702628135681,156914
76.91837882995605,156914
76.91929459571838,156914
76.92021107673645,156914
76.92113018035889,156914
76.92204594612122,156914
76.9234025478363,156914
76.92432641983032,156914
76.92524361610413,156914
76.92616057395935,156914
76.92707562446594,156914
76.9284348487854,156914
76.92935132980347,156914
76.93026614189148,156914
76.93118238449097,156914
76.93210101127625,156914
76.93301630020142,156914
76.93438339233398,156914
76.93529987335205,156914
76.93621850013733,156914
76.93713593482971,156914
76.93804979324341,156914
76.93940567970276,156914
76.9403247833252,156914
76.94124412536621,156914
76.9421637058258,156914
76.94308090209961,156914
76.94400811195374,156914
76.94536805152893,156914
76.94628643989563,156914
76.94720768928528,156914
76.94812774658203,156914
76.9490442276001,156914
76.95040106773376,156914
76.95131707191467,156914
76.95223355293274,156914
76.95315074920654,156914
76.95407438278198,156914
76.95543098449707,156914
76.95634651184082,156914
76.95726227760315,156914
76.95818042755127,156914
76.95910000801086,156914
76.96002101898193,156914
76.96137619018555,156914
76.96229362487793,156914
76.96321320533752,156914
76.96414065361023,156914
76.96505856513977,156914
76.96641564369202,156914
76.96733236312866,156914
76.96825242042542,156914
76.96916937828064,156914
76.97008657455444,156914
76.97144174575806,156914
76.97235441207886,156914
76.97327184677124,156914
76.97420120239258,156914
76.97511720657349,156914
76.97603297233582,156914
76.97738909721375,156914
76.97830724716187,156914
76.97922682762146,156914
76.98014402389526,156914
76.98105931282043,156914
76.98241567611694,156914
76.98332905769348,156914
76.98425841331482,156914
76.98517751693726,156914
76.98609447479248,156914
76.9870126247406,156914
76.9883668422699,156914
76.98928236961365,156914
76.99019932746887,156914
76.99111771583557,156914
76.99203395843506,156914
76.99339199066162,156914
76.99432182312012,156914
76.99523830413818,156914
76.99615979194641,156914
76.99707627296448,156914
76.99843215942383,156914
76.9993507862091,156914
77.00027108192444,156914
77.00119042396545,156914
77.00210809707642,156914
77.00302267074585,156914
77.00438618659973,156914
77.00530195236206,156914
77.0062186717987,156914
77.0071370601654,156914
77.008047580719,156914
77.00940442085266,156914
77.01032161712646,156914
77.01124000549316,156914
77.01215529441833,156914
77.0130705833435,156914
77.01443552970886,156914
77.01535034179688,156914
77.0162661075592,156914
77.01718354225159,156914
77.01809906959534,156914
77.01901483535767,156914
77.02036738395691,156914
77.02128338813782,156914
77.0222020149231,156914
77.02312016487122,156914
77.02404832839966,156914
77.02540302276611,156914
77.02631950378418,156914
77.02723813056946,156914
77.02815771102905,156914
77.02907276153564,156914
77.03042554855347,156914
77.03134322166443,156914
77.03226041793823,156914
77.03317785263062,156914
77.03410577774048,156914
77.03502154350281,156914
77.03637337684631,156914
77.03729367256165,156914
77.03821158409119,156914
77.03913068771362,156914
77.04004526138306,156914
77.0413978099823,156914
77.04231095314026,156914
77.04322838783264,156914
77.04415774345398,156914
77.04507398605347,156914
77.04642724990845,156914
77.04734444618225,156914
77.04826188087463,156914
77.04917669296265,156914
77.05009412765503,156914
77.0510094165802,156914
77.0523612499237,156914
77.05327725410461,156914
77.05420756340027,156914
77.0551266670227,156914
77.05603909492493,156914
77.05739498138428,156914
77.05831122398376,156914
77.05923295021057,156914
77.06015229225159,156914
77.06106901168823,156914
77.06242966651917,156914
77.06334614753723,156914
77.06427073478699,156914
77.06518959999084,156914
77.06610679626465,156914
77.06701970100403,156914
77.06837558746338,156914
77.0692925453186,156914
77.07021570205688,156914
77.07113409042358,156914
77.07205295562744,156914
77.07340717315674,156914
77.07433271408081,156914
77.07524752616882,156914
77.07616662979126,156914
77.07708477973938,156914
77.07843828201294,156914
77.07935452461243,156914
77.0802710056305,156914
77.08118963241577,156914
77.08210396766663,156914
77.0830328464508,156914
77.08440375328064,156914
77.08532190322876,156914
77.08623504638672,156914
77.08715653419495,156914
77.08807182312012,156914
77.08942413330078,156914
77.09033846855164,156914
77.09125900268555,156914
77.09218072891235,156914
77.09310507774353,156914
77.0940294265747,156914
77.09538388252258,156914
77.09630942344666,156914
77.09722685813904,156914
77.09814476966858,156914
77.09905982017517,156914
77.10041213035583,156914
77.101322889328,156914
77.10223937034607,156914
77.10315823554993,156914
77.1040894985199,156914
77.10500860214233,156914
77.10636591911316,156914
77.10728287696838,156914
77.1084349155426,156914
77.10927605628967,156914
77.1101188659668,156914
77.11174368858337,156914
77.11258435249329,156914
77.11343050003052,156914
77.11429047584534,156914
77.11513185501099,156914
77.11676335334778,156914
77.11760258674622,156914
77.11844301223755,156914
77.11929321289062,156914
77.12014436721802,156914
77.12177038192749,156914
77.12261748313904,156914
77.12345886230469,156914
77.12432074546814,156914
77.12516665458679,156914
77.12601137161255,156914
77.12763667106628,156914
77.12848472595215,156914
77.12933468818665,156914
77.13017702102661,156914
77.13102054595947,156914
77.13265371322632,156914
77.1334924697876,156914
77.13435339927673,156914
77.13519883155823,156914
77.13604760169983,156914
77.1376748085022,156914
77.13851284980774,156914
77.13936018943787,156914
77.14020490646362,156914
77.14105248451233,156914
77.14267635345459,156914
77.14351868629456,156914
77.144376039505,156914
77.14521980285645,156914
77.14606547355652,156914
77.14768648147583,156914
77.14852595329285,156914
77.14937615394592,156914
77.1502194404602,156914
77.15106678009033,156914
77.1526939868927,156914
77.15353560447693,156914
77.15439558029175,156914
77.15524220466614,156914
77.15608620643616,156914
77.15771341323853,156914
77.1585590839386,156914
77.15940952301025,156914
77.16025614738464,156914
77.16110420227051,156914
77.16272497177124,156914
77.16357040405273,156914
77.16442608833313,156914
77.165274143219,156914
77.16611814498901,156914
77.16775035858154,156914
77.16858768463135,156914
77.16942930221558,156914
77.17027544975281,156914
77.17111825942993,156914
77.17274618148804,156914
77.17358660697937,156914
77.17444610595703,156914
77.17529153823853,156914
77.17613172531128,156914
77.17775988578796,156914
77.17860460281372,156914
77.17944717407227,156914
77.18029284477234,156914
77.18114042282104,156914
77.18276453018188,156914
77.18360114097595,156914
77.18445777893066,156914
77.18530440330505,156914
77.18614959716797,156914
77.18777561187744,156914
77.18861484527588,156914
77.18945789337158,156914
77.19030499458313,156914
77.19114828109741,156914
77.19277715682983,156914
77.19361615180969,156914
77.19447469711304,156914
77.19532346725464,156914
77.19616651535034,156914
77.19701504707336,156914
77.19863772392273,156914
77.19947695732117,156914
77.20032811164856,156914
77.2011730670929,156914
77.20201778411865,156914
77.20363640785217,156914
77.20448446273804,156914
77.20533084869385,156914
77.20618009567261,156914
77.20702838897705,156914
77.20865392684937,156914
77.2094955444336,156914
77.21034073829651,156914
77.21118497848511,156914
77.21203517913818,156914
77.21366143226624,156914
77.21451377868652,156914
77.21536231040955,156914
77.2162094116211,156914
77.21705317497253,156914
77.21867418289185,156914
77.21951675415039,156914
77.22036528587341,156914
77.22121000289917,156914
77.22205567359924,156914
77.2236807346344,156914
77.22453260421753,156914
77.22538137435913,156914
77.22622394561768,156914
77.22707390785217,156914
77.22868967056274,156914
77.22953844070435,156914
77.23038578033447,156914
77.23123073577881,156914
77.23207783699036,156914
77.23369908332825,156914
77.23455023765564,156914
77.2353982925415,156914
77.23624396324158,156914
77.23708724975586,156914
77.23870825767517,156914
77.23955273628235,156914
77.24039793014526,156914
77.24124336242676,156914
77.24209427833557,156914
77.24371671676636,156914
77.24456882476807,156914
77.24541592597961,156914
77.24626111984253,156914
77.24711036682129,156914
77.24873900413513,156914
77.24957847595215,156914
77.2504186630249,156914
77.25126481056213,156914
77.25210928916931,156914
77.2537293434143,156914
77.25458812713623,156914
77.25542736053467,156914
77.2562780380249,156914
77.2571210861206,156914
77.25874924659729,156914
77.25959205627441,156914
77.26044082641602,156914
77.26129031181335,156914
77.26213645935059,156914
77.26376104354858,156914
77.26461839675903,156914
77.26546359062195,156914
77.26631498336792,156914
77.26716136932373,156914
77.26878499984741,156914
77.26962971687317,156914
77.27047276496887,156914
77.2713258266449,156914
77.2721700668335,156914
77.27301669120789,156914
77.274653673172,156914
77.27549266815186,156914
77.27633905410767,156914
77.27718687057495,156914
77.27802920341492,156914
77.27965903282166,156914
77.28049778938293,156914
77.28134322166443,156914
77.28218865394592,156914
77.28303480148315,156914
77.28467059135437,156914
77.28550696372986,156914
77.28634929656982,156914
77.28719592094421,156914
77.28804183006287,156914
77.28967118263245,156914
77.29051113128662,156914
77.29135632514954,156914
77.29220247268677,156914
77.29304695129395,156914
77.294682264328,156914
77.29552340507507,156914
77.29637885093689,156914
77.29722237586975,156914
77.29806995391846,156914
77.29969668388367,156914
77.30053639411926,156914
77.30138540267944,156914
77.30223155021667,156914
77.30307602882385,156914
77.3047080039978,156914
77.3055510520935,156914
77.30639934539795,156914
77.30724573135376,156914
77.30809116363525,156914
77.30971717834473,156914
77.31056380271912,156914
77.31141567230225,156914
77.31226420402527,156914
77.31310963630676,156914
77.3147406578064,156914
77.31558346748352,156914
77.31642842292786,156914
77.31727695465088,156914
77.31812000274658,156914
77.31974697113037,156914
77.3205873966217,156914
77.32142877578735,156914
77.32228112220764,156914
77.32312369346619,156914
77.32476139068604,156914
77.32559704780579,156914
77.3264422416687,156914
77.32729434967041,156914
77.3281364440918,156914
77.32976818084717,156914
77.33060765266418,156914
77.33144688606262,156914
77.33229660987854,156914
77.33313822746277,156914
77.33477592468262,156914
77.33561754226685,156914
77.33646416664124,156914
77.33731198310852,156914
77.33815360069275,156914
77.33978343009949,156914
77.34062051773071,156914
77.34146356582642,156914
77.34231448173523,156914
77.34316325187683,156914
77.34401941299438,156914
77.34564280509949,156914
77.34648394584656,156914
77.34733128547668,156914
77.34817433357239,156914
77.34901857376099,156914
77.35063767433167,156914
77.35148525238037,156914
77.35233116149902,156914
77.35317707061768,156914
77.35403323173523,156914
77.35566282272339,156914
77.35650753974915,156914
77.35735988616943,156914
77.35820150375366,156914
77.3590497970581,156914
77.36067247390747,156914
77.36151337623596,156914
77.36236262321472,156914
77.36320757865906,156914
77.36406660079956,156914
77.36569237709045,156914
77.36653327941895,156914
77.36738014221191,156914
77.36822700500488,156914
77.36907505989075,156914
77.37069797515869,156914
77.37154150009155,156914
77.37238574028015,156914
77.37323355674744,156914
77.37409019470215,156914
77.37571954727173,156914
77.37656307220459,156914
77.37740397453308,156914
77.3782479763031,156914
77.3790910243988,156914
77.3807168006897,156914
77.3815565109253,156914
77.38240504264832,156914
77.38324999809265,156914
77.38410711288452,156914
77.3857262134552,156914
77.38657522201538,156914
77.38741731643677,156914
77.3882646560669,156914
77.38911509513855,156914
77.39073395729065,156914
77.39157843589783,156914
77.39242720603943,156914
77.39327311515808,156914
77.39412546157837,156914
77.39574837684631,156914
77.3965904712677,156914
77.39743876457214,156914
77.39828491210938,156914
77.39913153648376,156914
77.40076351165771,156914
77.40160083770752,156914
77.40243887901306,156914
77.40328669548035,156914
77.40413928031921,156914
77.40577125549316,156914
77.40661454200745,156914
77.40746021270752,156914
77.40830826759338,156914
77.4091522693634,156914
77.41077709197998,156914
77.41161775588989,156914
77.41246581077576,156914
77.41331124305725,156914
77.41416525840759,156914
77.41501235961914,156914
77.41663908958435,156914
77.41748356819153,156914
77.41832876205444,156914
77.41917419433594,156914
77.42002177238464,156914
77.42164421081543,156914
77.42248392105103,156914
77.42332792282104,156914
77.42417979240417,156914
77.42502856254578,156914
77.4266562461853,156914
77.42749786376953,156914
77.42834115028381,156914
77.42919063568115,156914
77.43003821372986,156914
77.4316611289978,156914
77.4325041770935,156914
77.43334674835205,156914
77.43420243263245,156914
77.43505120277405,156914
77.43667650222778,156914
77.43751931190491,156914
77.43835949897766,156914
77.439208984375,156914
77.4400577545166,156914
77.4416778087616,156914
77.44252490997314,156914
77.44336533546448,156914
77.44421935081482,156914
77.44506692886353,156914
77.44668889045715,156914
77.44752955436707,156914
77.44837355613708,156914
77.44921708106995,156914
77.45006847381592,156914
77.45169234275818,156914
77.45253682136536,156914
77.45338225364685,156914
77.45423603057861,156914
77.4550850391388,156914
77.45670700073242,156914
77.45755290985107,156914
77.45839929580688,156914
77.45924353599548,156914
77.46009159088135,156914
77.46171545982361,156914
77.4625597000122,156914
77.46341037750244,156914
77.46426653862,156914
77.46511268615723,156914
77.46674013137817,156914
77.46758079528809,156914
77.46842432022095,156914
77.46927618980408,156914
77.47012424468994,156914
77.47174668312073,156914
77.4725935459137,156914
77.47343182563782,156914
77.47428798675537,156914
77.4751341342926,156914
77.4767599105835,156914
77.47759962081909,156914
77.47845196723938,156914
77.47929096221924,156914
77.48013114929199,156914
77.48176336288452,156914
77.48261189460754,156914
77.4834611415863,156914
77.48432087898254,156914
77.48516917228699,156914
77.4860143661499,156914
77.48765182495117,156914
77.4885048866272,156914
77.4893569946289,156914
77.49021100997925,156914
77.49105381965637,156914
77.4926962852478,156914
77.49354839324951,156914
77.49441051483154,156914
77.4952621459961,156914
77.49610924720764,156914
77.49775171279907,156914
77.498605966568,156914
77.49946570396423,156914
77.5003137588501,156914
77.50116395950317,156914
77.50201511383057,156914
77.50365328788757,156914
77.50451970100403,156914
77.50537085533142,156914
77.50622010231018,156914
77.50707530975342,156914
77.50871539115906,156914
77.50956892967224,156914
77.51041865348816,156914
77.51126646995544,156914
77.51211285591125,156914
77.51375102996826,156914
77.51461100578308,156914
77.51546883583069,156914
77.51631927490234,156914
77.51716899871826,156914
77.51802229881287,156914
77.51966404914856,156914
77.52051734924316,156914
77.52137231826782,156914
77.52221941947937,156914
77.5230643749237,156914
77.52471256256104,156914
77.52556824684143,156914
77.5264163017273,156914
77.5272626876831,156914
77.52811288833618,156914
77.52974891662598,156914
77.53060531616211,156914
77.53146004676819,156914
77.53230786323547,156914
77.53315854072571,156914
77.53401613235474,156914
77.53565955162048,156914
77.53651404380798,156914
77.53736782073975,156914
77.5382170677185,156914
77.53906488418579,156914
77.54071021080017,156914
77.54156637191772,156914
77.54241561889648,156914
77.5432653427124,156914
77.54412198066711,156914
77.54576468467712,156914
77.54661917686462,156914
77.54747557640076,156914
77.5483250617981,156914
77.5491726398468,156914
77.55001926422119,156914
77.55166053771973,156914
77.55251455307007,156914
77.55336809158325,156914
77.55422163009644,156914
77.5550684928894,156914
77.55671191215515,156914
77.55756497383118,156914
77.5584146976471,156914
77.55926275253296,156914
77.56010937690735,156914
77.56174945831299,156914
77.56260538101196,156914
77.5634617805481,156914
77.56432247161865,156914
77.56516885757446,156914
77.56601786613464,156914
77.56765866279602,156914
77.56851243972778,156914
77.56936311721802,156914
77.57020926475525,156914
77.57105875015259,156914
77.57269859313965,156914
77.57355499267578,156914
77.5744116306305,156914
77.5752592086792,156914
77.57610988616943,156914
77.57774639129639,156914
77.5786018371582,156914
77.57945108413696,156914
77.58029985427856,156914
77.58115291595459,156914
77.58279538154602,156914
77.58365154266357,156914
77.58451557159424,156914
77.5853660106659,156914
77.58621263504028,156914
77.5870611667633,156914
77.58870577812195,156914
77.58955907821655,156914
77.59040999412537,156914
77.59126091003418,156914
77.59211111068726,156914
77.59374737739563,156914
77.59460830688477,156914
77.59545969963074,156914
77.59631729125977,156914
77.59716606140137,156914
77.5980155467987,156914
77.5996584892273,156914
77.60051226615906,156914
77.60136365890503,156914
77.60221147537231,156914
77.60305857658386,156914
77.60470581054688,156914
77.60556101799011,156914
77.6064121723175,156914
77.60726237297058,156914
77.60811018943787,156914
77.60974454879761,156914
77.61060070991516,156914
77.61145567893982,156914
77.61230659484863,156914
77.61315417289734,156914
77.61401319503784,156914
77.61565589904785,156914
77.61651277542114,156914
77.61736416816711,156914
77.61821103096008,156914
77.61906504631042,156914
77.6207025051117,156914
77.62155842781067,156914
77.62240839004517,156914
77.62325668334961,156914
77.62411332130432,156914
77.62574815750122,156914
77.62660503387451,156914
77.62745904922485,156914
77.62830710411072,156914
77.629154920578,156914
77.63079810142517,156914
77.63165044784546,156914
77.63250970840454,156914
77.63335704803467,156914
77.6342146396637,156914
77.63505935668945,156914
77.63669896125793,156914
77.63755226135254,156914
77.63840293884277,156914
77.63924932479858,156914
77.64010047912598,156914
77.64174318313599,156914
77.64259910583496,156914
77.64345407485962,156914
77.64431738853455,156914
77.64516282081604,156914
77.6460132598877,156914
77.64765572547913,156914
77.6485116481781,156914
77.64936184883118,156914
77.65021061897278,156914
77.65105628967285,156914
77.65269708633423,156914
77.65355110168457,156914
77.65440917015076,156914
77.6552562713623,156914
77.65610408782959,156914
77.65773892402649,156914
77.65859508514404,156914
77.65944838523865,156914
77.66029453277588,156914
77.661141872406,156914
77.66278052330017,156914
77.66363430023193,156914
77.66449928283691,156914
77.66534996032715,156914
77.66619825363159,156914
77.66704773902893,156914
77.66868734359741,156914
77.66953945159912,156914
77.67038774490356,156914
77.67123651504517,156914
77.67208623886108,156914
77.67372465133667,156914
77.67459058761597,156914
77.6754367351532,156914
77.67628383636475,156914
77.67713332176208,156914
77.67877507209778,156914
77.67962908744812,156914
77.68048310279846,156914
77.68133115768433,156914
77.68218207359314,156914
77.68303227424622,156914
77.68467664718628,156914
77.68552589416504,156914
77.68637895584106,156914
77.6872284412384,156914
77.68808221817017,156914
77.68971872329712,156914
77.69057178497314,156914
77.69142317771912,156914
77.69227242469788,156914
77.69312024116516,156914
77.69476914405823,156914
77.69562363624573,156914
77.69647669792175,156914
77.69732999801636,156914
77.6981782913208,156914
77.69902920722961,156914
77.7006688117981,156914
77.70152020454407,156914
77.70237255096436,156914
77.70322036743164,156914
77.70408272743225,156914
77.70572185516357,156914
77.70657777786255,156914
77.70742797851562,156914
77.70827627182007,156914
77.70912075042725,156914
77.71076107025146,156914
77.71161389350891,156914
77.71247029304504,156914
77.71332097053528,156914
77.71417427062988,156914
77.71502876281738,156914
77.71666264533997,156914
77.71751809120178,156914
77.71836733818054,156914
77.7192120552063,156914
77.7200653553009,156914
77.72170662879944,156914
77.72256278991699,156914
77.7234091758728,156914
77.7242648601532,156914
77.72511744499207,156914
77.72675681114197,156914
77.72761106491089,156914
77.72846674919128,156914
77.72931718826294,156914
77.73016858100891,156914
77.73101162910461,156914
77.7326512336731,156914
77.73350620269775,156914
77.73436641693115,156914
77.73521208763123,156914
77.73606038093567,156914
77.73769903182983,156914
77.73855495452881,156914
77.73940205574036,156914
77.74024939537048,156914
77.74109840393066,156914
77.74273610115051,156914
77.7435929775238,156914
77.7444519996643,156914
77.74530100822449,156914
77.74614906311035,156914
77.74778866767883,156914
77.74864387512207,156914
77.7495014667511,156914
77.75035405158997,156914
77.75120091438293,156914
77.75204944610596,156914
77.7536895275116,156914
77.75455212593079,156914
77.75540542602539,156914
77.75625562667847,156914
77.7571029663086,156914
77.75874161720276,156914
77.75959706306458,156914
77.76045083999634,156914
77.76129651069641,156914
77.76214289665222,156914
77.7637882232666,156914
77.76465129852295,156914
77.76550674438477,156914
77.7663562297821,156914
77.76720643043518,156914
77.76805543899536,156914
77.76969599723816,156914
77.77055311203003,156914
77.77139973640442,156914
77.77224612236023,156914
77.7730963230133,156914
77.77474451065063,156914
77.7755994796753,156914
77.77645921707153,156914
77.77731227874756,156914
77.7781593799591,156914
77.77900767326355,156914
77.78064703941345,156914
77.7815010547638,156914
77.78235459327698,156914
77.78320622444153,156914
77.7840645313263,156914
77.78570127487183,156914
77.78655481338501,156914
77.78740334510803,156914
77.78825163841248,156914
77.78909993171692,156914
77.79074192047119,156914
77.79159545898438,156914
77.79244804382324,156914
77.79329824447632,156914
77.79414963722229,156914
77.79578852653503,156914
77.79664015769958,156914
77.79749536514282,156914
77.79834723472595,156914
77.79919219017029,156914
77.80004572868347,156914
77.80168557167053,156914
77.80254197120667,156914
77.8033926486969,156914
77.80424904823303,156914
77.80509996414185,156914
77.80674076080322,156914
77.80759620666504,156914
77.80844902992249,156914
77.80929899215698,156914
77.81014466285706,156914
77.81178259849548,156914
77.81263661384583,156914
77.8134937286377,156914
77.81435632705688,156914
77.81520438194275,156914
77.81605529785156,156914
77.81769490242004,156914
77.8185465335846,156914
77.8193986415863,156914
77.82025146484375,156914
77.82109498977661,156914
77.82273817062378,156914
77.82359480857849,156914
77.82445812225342,156914
77.82531070709229,156914
77.82615852355957,156914
77.82700610160828,156914
77.82864379882812,156914
77.82949733734131,156914
77.8303472995758,156914
77.83119130134583,156914
77.83203935623169,156914
77.8336751461029,156914
77.83451819419861,156914
77.83537769317627,156914
77.83623099327087,156914
77.83708715438843,156914
77.8387360572815,156914
77.83959436416626,156914
77.84045171737671,156914
77.84131145477295,156914
77.84216403961182,156914
77.843017578125,156914
77.84468197822571,156914
77.8455421924591,156914
77.84640145301819,156914
77.84725522994995,156914
77.84810829162598,156914
77.8497543334961,156914
77.8506133556366,156914
77.85147047042847,156914
77.85232973098755,156914
77.85318350791931,156914
77.85404944419861,156914
77.85569739341736,156914
77.85655546188354,156914
77.85741639137268,156914
77.85827350616455,156914
77.85912919044495,156914
77.8607850074768,156914
77.86164498329163,156914
77.86250472068787,156914
77.86336588859558,156914
77.86422967910767,156914
77.86508321762085,156914
77.86673665046692,156914
77.86759448051453,156914
77.86845374107361,156914
77.86931276321411,156914
77.87016749382019,156914
77.87101888656616,156914
77.87266683578491,156914
77.87352466583252,156914
77.87439346313477,156914
77.87524557113647,156914
77.8760974407196,156914
77.87774848937988,156914
77.87860679626465,156914
77.87946486473083,156914
77.88032221794128,156914
77.88117742538452,156914
77.88203573226929,156914
77.8836886882782,156914
77.88455653190613,156914
77.88541555404663,156914
77.88627648353577,156914
77.88712954521179,156914
77.88878083229065,156914
77.88963961601257,156914
77.89050102233887,156914
77.89136052131653,156914
77.89221239089966,156914
77.89306473731995,156914
77.89472532272339,156914
77.89558410644531,156914
77.89644050598145,156914
77.89729905128479,156914
77.89815282821655,156914
77.89900827407837,156914
77.90066146850586,156914
77.90151810646057,156914
77.90237855911255,156914
77.90322828292847,156914
77.90409016609192,156914
77.90574026107788,156914
77.90659761428833,156914
77.90745615959167,156914
77.90831518173218,156914
77.909170627594,156914
77.91002559661865,156914
77.91167902946472,156914
77.91253685951233,156914
77.91339492797852,156914
77.91425466537476,156914
77.91511011123657,156914
77.9167628288269,156914
77.91761994361877,156914
77.91847825050354,156914
77.91933560371399,156914
77.92019176483154,156914
77.9210467338562,156914
77.92269778251648,156914
77.92355489730835,156914
77.9244236946106,156914
77.9252827167511,156914
77.92613506317139,156914
77.9277868270874,156914
77.92864513397217,156914
77.92950344085693,156914
77.93036317825317,156914
77.93121600151062,156914
77.93207240104675,156914
77.93372464179993,156914
77.9345932006836,156914
77.93545031547546,156914
77.93630886077881,156914
77.93716311454773,156914
77.9380190372467,156914
77.93967270851135,156914
77.94053244590759,156914
77.94139075279236,156914
77.94224309921265,156914
77.9430947303772,156914
77.9447546005249,156914
77.9456136226654,156914
77.94647264480591,156914
77.94732928276062,156914
77.94818496704102,156914
77.9490373134613,156914
77.95068621635437,156914
77.95154666900635,156914
77.95240759849548,156914
77.95326399803162,156914
77.95412349700928,156914
77.95577621459961,156914
77.9566342830658,156914
77.95749235153198,156914
77.9583535194397,156914
77.95920658111572,156914
77.96006059646606,156914
77.96171474456787,156914
77.96257305145264,156914
77.96343231201172,156914
77.96430277824402,156914
77.96515703201294,156914
77.96601366996765,156914
77.96766328811646,156914
77.96852111816406,156914
77.96938276290894,156914
77.9702353477478,156914
77.97109007835388,156914
77.97273278236389,156914
77.9735918045044,156914
77.97445702552795,156914
77.97531771659851,156914
77.97617292404175,156914
77.97702956199646,156914
77.97868537902832,156914
77.97954368591309,156914
77.98040461540222,156914
77.98126649856567,156914
77.98211598396301,156914
77.98376870155334,156914
77.98463439941406,156914
77.98548984527588,156914
77.98635244369507,156914
77.98720145225525,156914
77.98805618286133,156914
77.98970699310303,156914
77.99056434631348,156914
77.99142360687256,156914
77.99228167533875,156914
77.9931321144104,156914
77.99479651451111,156914
77.99565315246582,156914
77.99651288986206,156914
77.99737358093262,156914
77.99822783470154,156914
77.99908590316772,156914
78.00073671340942,156914
78.00159502029419,156914
78.00245380401611,156914
78.00331163406372,156914
78.00417518615723,156914
78.00503039360046,156914
78.00667977333069,156914
78.0075352191925,156914
78.00838732719421,156914
78.00923919677734,156914
78.01009488105774,156914
78.01174688339233,156914
78.0126051902771,156914
78.01346230506897,156914
78.0143301486969,156914
78.01518440246582,156914
78.0160391330719,156914
78.01769304275513,156914
78.01855397224426,156914
78.01941251754761,156914
78.02027177810669,156914
78.02112412452698,156914
78.02278089523315,156914
78.02363872528076,156914
78.02450847625732,156914
78.0253677368164,156914
78.02621936798096,156914
78.02707624435425,156914
78.02872347831726,156914
78.0295820236206,156914
78.03044080734253,156914
78.03130078315735,156914
78.03215408325195,156914
78.03301048278809,156914
78.03466963768005,156914
78.03552651405334,156914
78.03638577461243,156914
78.03723669052124,156914
78.03809189796448,156914
78.03974318504333,156914
78.0406014919281,156914
78.04146218299866,156914
78.04232144355774,156914
78.04317593574524,156914
78.04404044151306,156914
78.04569244384766,156914
78.04655265808105,156914
78.04741024971008,156914
78.04826784133911,156914
78.04912042617798,156914
78.05077242851257,156914
78.05163383483887,156914
78.05249285697937,156914
78.05334901809692,156914
78.05420756340027,156914
78.05506253242493,156914
78.05671453475952,156914
78.05757188796997,156914
78.05842900276184,156914
78.05928897857666,156914
78.060142993927,156914
78.06179404258728,156914
78.0626540184021,156914
78.06351637840271,156914
78.06438302993774,156914
78.06523537635803,156914
78.06609082221985,156914
78.06773853302002,156914
78.0685966014862,156914
78.06944990158081,156914
78.07030940055847,156914
78.07116365432739,156914
78.07201600074768,156914
78.0736632347107,156914
78.07452821731567,156914
78.0753870010376,156914
78.07624077796936,156914
78.07709383964539,156914
78.07874464988708,156914
78.07960247993469,156914
78.08046078681946,156914
78.08131980895996,156914
78.08216977119446,156914
78.0830249786377,156914
78.08468198776245,156914
78.08554363250732,156914
78.0864007472992,156914
78.0872552394867,156914
78.08810830116272,156914
78.0897581577301,156914
78.09061551094055,156914
78.09147262573242,156914
78.09233117103577,156914
78.09318494796753,156914
78.0940511226654,156914
78.095707654953,156914
78.09656763076782,156914
78.0974268913269,156914
78.09828352928162,156914
78.09913611412048,156914
78.10079073905945,156914
78.1016492843628,156914
78.10250949859619,156914
78.10336971282959,156914
78.10422897338867,156914
78.10508346557617,156914
78.10673594474792,156914
78.10759472846985,156914
78.10845041275024,156914
78.1093099117279,156914
78.11016273498535,156914
78.11101984977722,156914
78.11267352104187,156914
78.11353135108948,156914
78.11439967155457,156914
78.11525464057922,156914
78.1161093711853,156914
78.11775660514832,156914
78.11861562728882,156914
78.11947274208069,156914
78.12032985687256,156914
78.1211805343628,156914
78.12203431129456,156914
78.12369060516357,156914
78.12455940246582,156914
78.12541913986206,156914
78.12627983093262,156914
78.12713408470154,156914
78.12878918647766,156914
78.12964987754822,156914
78.1305091381073,156914
78.13136959075928,156914
78.13221764564514,156914
78.13306927680969,156914
78.1347336769104,156914
78.13559293746948,156914
78.13645219802856,156914
78.13731098175049,156914
78.1381664276123,156914
78.13902068138123,156914
78.14066743850708,156914
78.14152908325195,156914
78.14238715171814,156914
78.14324069023132,156914
78.14410257339478,156914
78.14575576782227,156914
78.14661383628845,156914
78.14747548103333,156914
78.14833354949951,156914
78.14918875694275,156914
78.15004396438599,156914
78.1516923904419,156914
78.15255165100098,156914
78.1534104347229,156914
78.15427660942078,156914
78.15512728691101,156914
78.15677618980408,156914
78.157634973526,156914
78.15849471092224,156914
78.15935230255127,156914
78.16020083427429,156914
78.16105628013611,156914
78.16270637512207,156914
78.16356563568115,156914
78.1644344329834,156914
78.16529440879822,156914
78.16614699363708,156914
78.16779804229736,156914
78.16865611076355,156914
78.1695168018341,156914
78.1703748703003,156914
78.1712257862091,156914
78.17207980155945,156914
78.17372941970825,156914
78.17459893226624,156914
78.17545676231384,156914
78.17631697654724,156914
78.17717146873474,156914
78.17802309989929,156914
78.1796772480011,156914
78.18053126335144,156914
78.18138766288757,156914
78.1822407245636,156914
78.18309450149536,156914
78.18475341796875,156914
78.18561434745789,156914
78.18647170066833,156914
78.18733263015747,156914
78.18818712234497,156914
78.18904137611389,156914
78.19069194793701,156914
78.19155168533325,156914
78.1924078464508,156914
78.19326853752136,156914
78.19413137435913,156914
78.19578170776367,156914
78.19663882255554,156914
78.19749879837036,156914
78.19835948944092,156914
78.19921112060547,156914
78.20006799697876,156914
78.20171356201172,156914
78.20257258415222,156914
78.20342969894409,156914
78.20429635047913,156914
78.20515012741089,156914
78.20600628852844,156914
78.20765566825867,156914
78.20851349830627,156914
78.20937132835388,156914
78.21022343635559,156914
78.21107649803162,156914
78.2127275466919,156914
78.21359038352966,156914
78.21445870399475,156914
78.21531701087952,156914
78.21617221832275,156914
78.21702718734741,156914
78.21867513656616,156914
78.21953535079956,156914
78.22039580345154,156914
78.2212462425232,156914
78.22210025787354,156914
78.22374439239502,156914
78.22461104393005,156914
78.22547245025635,156914
78.22633337974548,156914
78.22718715667725,156914
78.22804403305054,156914
78.22969794273376,156914
78.23055577278137,156914
78.23141193389893,156914
78.23227143287659,156914
78.23312497138977,156914
78.23478436470032,156914
78.23564338684082,156914
78.23650217056274,156914
78.23736810684204,156914
78.23821973800659,156914
78.23907327651978,156914
78.24072647094727,156914
78.2415828704834,156914
78.24244141578674,156914
78.24330019950867,156914
78.24416399002075,156914
78.24501633644104,156914
78.24666738510132,156914
78.24752449989319,156914
78.24838447570801,156914
78.24923586845398,156914
78.25009036064148,156914
78.25173878669739,156914
78.25260043144226,156914
78.25346064567566,156914
78.25432872772217,156914
78.25518083572388,156914
78.25603675842285,156914
78.25768947601318,156914
78.2585461139679,156914
78.25940608978271,156914
78.26026391983032,156914
78.26111769676208,156914
78.26276874542236,156914
78.26362872123718,156914
78.26449680328369,156914
78.2653546333313,156914
78.26620745658875,156914
78.2670590877533,156914
78.26871180534363,156914
78.26957035064697,156914
78.27043128013611,156914
78.27128601074219,156914
78.2721381187439,156914
78.27378869056702,156914
78.27465724945068,156914
78.27551507949829,156914
78.27637076377869,156914
78.27722382545471,156914
78.27807879447937,156914
78.27972888946533,156914
78.28058743476868,156914
78.28144788742065,156914
78.28230571746826,156914
78.28315949440002,156914
78.28402280807495,156914
78.28567695617676,156914
78.28653573989868,156914
78.28739595413208,156914
78.28825116157532,156914
78.28910708427429,156914
78.29075860977173,156914
78.29161548614502,156914
78.2924747467041,156914
78.29333543777466,156914
78.29419803619385,156914
78.2950530052185,156914
78.29670405387878,156914
78.29756045341492,156914
78.29841423034668,156914
78.29927325248718,156914
78.300128698349,156914
78.30178189277649,156914
78.30264282226562,156914
78.30350041389465,156914
78.30437302589417,156914
78.3052294254303,156914
78.306081533432,156914
78.30773067474365,156914
78.30859112739563,156914
78.30945038795471,156914
78.31030917167664,156914
78.31116342544556,156914
78.3120186328888,156914
78.3136682510376,156914
78.31453800201416,156914
78.31539750099182,156914
78.31624913215637,156914
78.31710410118103,156914
78.31875467300415,156914
78.31961488723755,156914
78.32047295570374,156914
78.32133483886719,156914
78.32218647003174,156914
78.32304120063782,156914
78.32470154762268,156914
78.32556056976318,156914
78.32642030715942,156914
78.32727837562561,156914
78.32813358306885,156914
78.32978868484497,156914
78.33064556121826,156914
78.33150458335876,156914
78.3323609828949,156914
78.33321619033813,156914
78.33408427238464,156914
78.33573460578918,156914
78.33659172058105,156914
78.33745121955872,156914
78.33831119537354,156914
78.33916592597961,156914
78.34002017974854,156914
78.34167194366455,156914
78.34253096580505,156914
78.34339046478271,156914
78.34425258636475,156914
78.34510970115662,156914
78.34676122665405,156914
78.34762120246887,156914
78.34847903251648,156914
78.3493402004242,156914
78.35019040107727,156914
78.35104513168335,156914
78.35269403457642,156914
78.35355544090271,156914
78.35442280769348,156914
78.35528111457825,156914
78.35613203048706,156914
78.35778617858887,156914
78.35864424705505,156914
78.3595027923584,156914
78.36036086082458,156914
78.36121201515198,156914
78.3620674610138,156914
78.36371779441833,156914
78.36458492279053,156914
78.3654432296753,156914
78.3663022518158,156914
78.36715722084045,156914
78.36801409721375,156914
78.36966490745544,156914
78.37052464485168,156914
78.37138485908508,156914
78.37223887443542,156914
78.3730936050415,156914
78.37475204467773,156914
78.3756103515625,156914
78.37647247314453,156914
78.37733006477356,156914
78.37818193435669,156914
78.37903809547424,156914
78.380690574646,156914
78.38154935836792,156914
78.38240933418274,156914
78.3832654953003,156914
78.3841302394867,156914
78.38578486442566,156914
78.38664531707764,156914
78.38750219345093,156914
78.38836431503296,156914
78.38921761512756,156914
78.39006996154785,156914
78.39172410964966,156914
78.39258360862732,156914
78.3934440612793,156914
78.39431428909302,156914
78.39516615867615,156914
78.39602088928223,156914
78.39766836166382,156914
78.39852857589722,156914
78.39938855171204,156914
78.4002435207367,156914
78.40109848976135,156914
78.402747631073,156914
78.4036078453064,156914
78.40447735786438,156914
78.40533661842346,156914
78.40618824958801,156914
78.40704154968262,156914
78.40869331359863,156914
78.40955328941345,156914
78.41041421890259,156914
78.41127467155457,156914
78.41212487220764,156914
78.4137773513794,156914
78.41464471817017,156914
78.41550159454346,156914
78.41636085510254,156914
78.41721034049988,156914
78.41806554794312,156914
78.41971397399902,156914
78.42057299613953,156914
78.42142987251282,156914
78.42228627204895,156914
78.42313981056213,156914
78.42400789260864,156914
78.42565703392029,156914
78.42651629447937,156914
78.42737221717834,156914
78.42822551727295,156914
78.42908191680908,156914
78.43073320388794,156914
78.43159222602844,156914
78.43245005607605,156914
78.43331050872803,156914
78.43417048454285,156914
78.43502616882324,156914
78.43667459487915,156914
78.43753361701965,156914
78.43839287757874,156914
78.43924689292908,156914
78.44009947776794,156914
78.44174838066101,156914
78.44260954856873,156914
78.4434700012207,156914
78.44433856010437,156914
78.44518852233887,156914
78.44604420661926,156914
78.44769382476807,156914
78.44855523109436,156914
78.44941473007202,156914
78.45027589797974,156914
78.45113110542297,156914
78.4527804851532,156914
78.45363759994507,156914
78.4545066356659,156914
78.45536756515503,156914
78.45621705055237,156914
78.45707249641418,156914
78.45872092247009,156914
78.45957899093628,156914
78.46043825149536,156914
78.46129536628723,156914
78.4621479511261,156914
78.46379661560059,156914
78.4646668434143,156914
78.4655270576477,156914
78.46638536453247,156914
78.46723771095276,156914
78.46809029579163,156914
78.46973967552185,156914
78.47059869766235,156914
78.47145771980286,156914
78.47231841087341,156914
78.47317266464233,156914
78.47403740882874,156914
78.47568964958191,156914
78.47654747962952,156914
78.4774055480957,156914
78.47826361656189,156914
78.47911739349365,156914
78.4807710647583,156914
78.48162817955017,156914
78.48248529434204,156914
78.48334312438965,156914
78.48420286178589,156914
78.48505973815918,156914
78.48671197891235,156914
78.48756980895996,156914
78.48842859268188,156914
78.48928594589233,156914
78.49013900756836,156914
78.49179434776306,156914
78.49265241622925,156914
78.49351024627686,156914
78.49437761306763,156914
78.49522709846497,156914
78.49608135223389,156914
78.49773001670837,156914
78.49858975410461,156914
78.49944734573364,156914
78.50030851364136,156914
78.50116300582886,156914
78.50201797485352,156914
78.50366854667664,156914
78.50453543663025,156914
78.50539445877075,156914
78.5062484741211,156914
78.50710201263428,156914
78.50875616073608,156914
78.50961446762085,156914
78.51047110557556,156914
78.51133131980896,156914
78.5121841430664,156914
78.51303744316101,156914
78.5147020816803,156914
78.51556134223938,156914
78.51641869544983,156914
78.51727628707886,156914
78.5181314945221,156914
78.51978015899658,156914
78.52063965797424,156914
78.5214958190918,156914
78.52235794067383,156914
78.52321267127991,156914
78.52407479286194,156914
78.52572417259216,156914
78.52658462524414,156914
78.52744102478027,156914
78.52830147743225,156914
78.52915620803833,156914
78.53001189231873,156914
78.53166389465332,156914
78.5325243473053,156914
78.5333821773529,156914
78.53424382209778,156914
78.53510093688965,156914
78.53674960136414,156914
78.53760743141174,156914
78.53846979141235,156914
78.53932929039001,156914
78.54017996788025,156914
78.54103446006775,156914
78.54268431663513,156914
78.5435402393341,156914
78.54440903663635,156914
78.5452709197998,156914
78.54612469673157,156914
78.54777884483337,156914
78.54863977432251,156914
78.54949831962585,156914
78.55035901069641,156914
78.55120801925659,156914
78.55206108093262,156914
78.55371356010437,156914
78.55458045005798,156914
78.55543780326843,156914
78.55629467964172,156914
78.55714821815491,156914
78.55880093574524,156914
78.55965828895569,156914
78.56051826477051,156914
78.5613763332367,156914
78.56223249435425,156914
78.56308364868164,156914
78.56474661827087,156914
78.5656054019928,156914
78.56646060943604,156914
78.56732130050659,156914
78.56817555427551,156914
78.56902956962585,156914
78.57068228721619,156914
78.57153916358948,156914
78.57239603996277,156914
78.5732491016388,156914
78.57411217689514,156914
78.57576489448547,156914
78.5766236782074,156914
78.57748556137085,156914
78.57834243774414,156914
78.57919454574585,156914
78.58004832267761,156914
78.58169746398926,156914
78.58255791664124,156914
78.58341813087463,156914
78.58428382873535,156914
78.58513569831848,156914
78.58679056167603,156914
78.58764719963074,156914
78.5885066986084,156914
78.589364528656,156914
78.5902168750763,156914
78.59106922149658,156914
78.59272170066833,156914
78.59357738494873,156914
78.59444785118103,156914
78.59530878067017,156914
78.59616231918335,156914
78.59701776504517,156914
78.59867095947266,156914
78.59953117370605,156914
78.60039067268372,156914
78.601243019104,156914
78.60209822654724,156914
78.60374903678894,156914
78.60461473464966,156914
78.60547399520874,156914
78.60633277893066,156914
78.60718607902527,156914
78.60804200172424,156914
78.60969424247742,156914
78.61055278778076,156914
78.61141276359558,156914
78.61226654052734,156914
78.61311841011047,156914
78.61478328704834,156914
78.61564135551453,156914
78.61649656295776,156914
78.61735558509827,156914
78.61820960044861,156914
78.61906218528748,156914
78.62071657180786,156914
78.62157559394836,156914
78.6224365234375,156914
78.62329268455505,156914
78.6241569519043,156914
78.62501215934753,156914
78.62666153907776,156914
78.62751984596252,156914
78.62838196754456,156914
78.62923526763916,156914
78.6300892829895,156914
78.63173866271973,156914
78.63259768486023,156914
78.633460521698,156914
78.63432621955872,156914
78.63518381118774,156914
78.6360399723053,156914
78.6376895904541,156914
78.63854694366455,156914
78.63940644264221,156914
78.64026665687561,156914
78.64112067222595,156914
78.64277768135071,156914
78.64363265037537,156914
78.64450478553772,156914
78.6453652381897,156914
78.64622092247009,156914
78.64706897735596,156914
78.64872145652771,156914
78.64957928657532,156914
78.65043950080872,156914
78.65130090713501,156914
78.65215373039246,156914
78.65300941467285,156914
78.65466904640198,156914
78.65552759170532,156914
78.65638709068298,156914
78.65724062919617,156914
78.65809559822083,156914
78.65974593162537,156914
78.66060543060303,156914
78.66146540641785,156914
78.66232395172119,156914
78.66318035125732,156914
78.66404342651367,156914
78.66569256782532,156914
78.6665506362915,156914
78.667409658432,156914
78.66826868057251,156914
78.66912198066711,156914
78.67077207565308,156914
78.67163157463074,156914
78.67248868942261,156914
78.67334961891174,156914
78.67420554161072,156914
78.67505860328674,156914
78.67671084403992,156914
78.677570104599,156914
78.67842984199524,156914
78.67928767204285,156914
78.68013763427734,156914
78.6817901134491,156914
78.6826503276825,156914
78.68351125717163,156914
78.68438124656677,156914
78.68523573875427,156914
78.6860933303833,156914
78.68774223327637,156914
78.68860006332397,156914
78.6894588470459,156914
78.69031739234924,156914
78.69117331504822,156914
78.69202756881714,156914
78.693678855896,156914
78.69454646110535,156914
78.69540238380432,156914
78.69626140594482,156914
78.69711208343506,156914
78.69876408576965,156914
78.6996238231659,156914
78.7004804611206,156914
78.70134139060974,156914
78.70219397544861,156914
78.70305180549622,156914
78.70471239089966,156914
78.70557045936584,156914
78.70642709732056,156914
78.70728707313538,156914
78.70813846588135,156914
78.70979261398315,156914
78.7106523513794,156914
78.71150946617126,156914
78.71236777305603,156914
78.71321749687195,156914
78.71408247947693,156914
78.71573519706726,156914
78.71659445762634,156914
78.71745300292969,156914
78.71831226348877,156914
78.71916723251343,156914
78.7200198173523,156914
78.72167563438416,156914
78.72253370285034,156914
78.72339367866516,156914
78.72425818443298,156914
78.72511219978333,156914
78.72676420211792,156914
78.727623462677,156914
78.72848439216614,156914
78.72933840751648,156914
78.73019194602966,156914
78.73103761672974,156914
78.73268866539001,156914
78.73354840278625,156914
78.7344172000885,156914
78.73527908325195,156914
78.73612999916077,156914
78.7377872467041,156914
78.73863554000854,156914
78.73949670791626,156914
78.74035215377808,156914
78.74120569229126,156914
78.74205994606018,156914
78.74371099472046,156914
78.74457597732544,156914
78.74543690681458,156914
78.74629592895508,156914
78.74715232849121,156914
78.74800562858582,156914
78.74965739250183,156914
78.75051522254944,156914
78.75137424468994,156914
78.7522304058075,156914
78.75309038162231,156914
78.7547516822815,156914
78.75560879707336,156914
78.7564685344696,156914
78.75732612609863,156914
78.75818252563477,156914
78.75903630256653,156914
78.76068425178528,156914
78.76154279708862,156914
78.76240229606628,156914
78.76326036453247,156914
78.76413106918335,156914
78.7657790184021,156914
78.76663661003113,156914
78.76749515533447,156914
78.76835250854492,156914
78.769207239151,156914
78.77006101608276,156914
78.77171540260315,156914
78.77257347106934,156914
78.77343130111694,156914
78.77429628372192,156914
78.77515172958374,156914
78.7768030166626,156914
78.777663230896,156914
78.77852177619934,156914
78.77938079833984,156914
78.78023314476013,156914
78.78109216690063,156914
78.78274703025818,156914
78.78360509872437,156914
78.78447413444519,156914
78.78532886505127,156914
78.78618574142456,156914
78.7870442867279,156914
78.78869318962097,156914
78.78955268859863,156914
78.79041004180908,156914
78.79126310348511,156914
78.79212069511414,156914
78.79377293586731,156914
78.79464054107666,156914
78.79550004005432,156914
78.79636120796204,156914
78.79722213745117,156914
78.79807877540588,156914
78.79973292350769,156914
78.8005862236023,156914
78.80143976211548,156914
78.80229902267456,156914
78.80315589904785,156914
78.80401945114136,156914
78.80566930770874,156914
78.80653262138367,156914
78.80739498138428,156914
78.80825591087341,156914
78.80911540985107,156914
78.81076884269714,156914
78.81161785125732,156914
78.81247973442078,156914
78.81333613395691,156914
78.81420254707336,156914
78.81505823135376,156914
78.81671261787415,156914
78.81756520271301,156914
78.81842088699341,156914
78.8192720413208,156914
78.8201277256012,156914
78.82177925109863,156914
78.82263112068176,156914
78.82348895072937,156914
78.82435274124146,156914
78.8252055644989,156914
78.82606315612793,156914
78.82770895957947,156914
78.82856845855713,156914
78.82942605018616,156914
78.83028268814087,156914
78.83114123344421,156914
78.83279204368591,156914
78.83364915847778,156914
78.83451676368713,156914
78.83537101745605,156914
78.83622717857361,156914
78.83708572387695,156914
78.83873438835144,156914
78.83959245681763,156914
78.84045147895813,156914
78.84130692481995,156914
78.84216332435608,156914
78.843017578125,156914
78.84467458724976,156914
78.84553003311157,156914
78.84639406204224,156914
78.8472592830658,156914
78.84811854362488,156914
78.84977579116821,156914
78.85062980651855,156914
78.85148668289185,156914
78.8523485660553,156914
78.85320806503296,156914
78.85407185554504,156914
78.85572171211243,156914
78.85657572746277,156914
78.85743451118469,156914
78.85829281806946,156914
78.85915160179138,156914
78.86080408096313,156914
78.86166334152222,156914
78.86252069473267,156914
78.86337947845459,156914
78.86424660682678,156914
78.86510682106018,156914
78.8667585849762,156914
78.8676118850708,156914
78.86847281455994,156914
78.8693311214447,156914
78.87018871307373,156914
78.87104153633118,156914
78.87269568443298,156914
78.8735568523407,156914
78.8744261264801,156914
78.87528395652771,156914
78.87614250183105,156914
78.8777973651886,156914
78.87865662574768,156914
78.87951350212097,156914
78.88036799430847,156914
78.8812243938446,156914
78.88208174705505,156914
78.88373351097107,156914
78.88460040092468,156914
78.88545727729797,156914
78.88631439208984,156914
78.8871705532074,156914
78.88802433013916,156914
78.88967704772949,156914
78.89053463935852,156914
78.8913927078247,156914
78.89224910736084,156914
78.89310789108276,156914
78.89476561546326,156914
78.89562320709229,156914
78.89648008346558,156914
78.89733600616455,156914
78.89819002151489,156914
78.8990421295166,156914
78.90069508552551,156914
78.90154981613159,156914
78.90240788459778,156914
78.90326285362244,156914
78.90413165092468,156914
78.90578055381775,156914
78.90663599967957,156914
78.9074935913086,156914
78.90835309028625,156914
78.90920829772949,156914
78.91005635261536,156914
78.91170263290405,156914
78.91255807876587,156914
78.91341066360474,156914
78.91427540779114,156914
78.91513419151306,156914
78.91678977012634,156914
78.917649269104,156914
78.91850447654724,156914
78.91936373710632,156914
78.92022037506104,156914
78.92107105255127,156914
78.92271852493286,156914
78.92357754707336,156914
78.92444324493408,156914
78.92529797554016,156914
78.92615556716919,156914
78.92701506614685,156914
78.92866444587708,156914
78.9295244216919,156914
78.9303822517395,156914
78.931236743927,156914
78.93209505081177,156914
78.93374705314636,156914
78.93461346626282,156914
78.93547177314758,156914
78.93633079528809,156914
78.93718552589417,156914
78.93804216384888,156914
78.939688205719,156914
78.94054436683655,156914
78.94140028953552,156914
78.94225645065308,156914
78.94311308860779,156914
78.94477081298828,156914
78.94563341140747,156914
78.94649267196655,156914
78.94735074043274,156914
78.94821047782898,156914
78.94906401634216,156914
78.95071339607239,156914
78.95157194137573,156914
78.95242857933044,156914
78.95328259468079,156914
78.95415115356445,156914
78.95500659942627,156914
78.9566547870636,156914
78.957510471344,156914
78.9583683013916,156914
78.95922756195068,156914
78.9600830078125,156914
78.9617338180542,156914
78.96258854866028,156914
78.96344947814941,156914
78.96431398391724,156914
78.96517062187195,156914
78.96602392196655,156914
78.96767354011536,156914
78.96853065490723,156914
78.96938753128052,156914
78.97024345397949,156914
78.97110247612,156914
78.97274971008301,156914
78.97360301017761,156914
78.97446918487549,156914
78.97532749176025,156914
78.97619795799255,156914
78.97705698013306,156914
78.97870111465454,156914
78.97955560684204,156914
78.98041248321533,156914
78.9812707901001,156914
78.98212814331055,156914
78.98377823829651,156914
78.98464560508728,156914
78.98550271987915,156914
78.98636150360107,156914
78.98721837997437,156914
78.98807144165039,156914
78.98972201347351,156914
78.99058055877686,156914
78.99143862724304,156914
78.99229216575623,156914
78.99314832687378,156914
78.99401593208313,156914
78.99566578865051,156914
78.99652433395386,156914
78.9973783493042,156914
78.99823212623596,156914
78.99908804893494,156914
79.00073766708374,156914
79.00159406661987,156914
79.00245022773743,156914
79.00331020355225,156914
79.00417590141296,156914
79.00502872467041,156914
79.00667953491211,156914
79.00753664970398,156914
79.00839734077454,156914
79.00925350189209,156914
79.01011085510254,156914
79.01175928115845,156914
79.01261639595032,156914
79.0134756565094,156914
79.01434087753296,156914
79.01519751548767,156914
79.01605176925659,156914
79.01769924163818,156914
79.01855540275574,156914
79.01941347122192,156914
79.02026963233948,156914
79.02112650871277,156914
79.02277946472168,156914
79.0236349105835,156914
79.02450346946716,156914
79.02536082267761,156914
79.0262176990509,156914
79.02707242965698,156914
79.02871918678284,156914
79.02957558631897,156914
79.03043270111084,156914
79.03129172325134,156914
79.03214883804321,156914
79.0330069065094,156914
79.03466987609863,156914
79.0355293750763,156914
79.03638815879822,156914
79.03724431991577,156914
79.03810334205627,156914
79.03975772857666,156914
79.04061794281006,156914
79.04147553443909,156914
79.04233717918396,156914
79.04319453239441,156914
79.0440526008606,156914
79.04570865631104,156914
79.04656672477722,156914
79.04742622375488,156914
79.04828333854675,156914
79.04914116859436,156914
79.05079054832458,156914
79.05164623260498,156914
79.05250120162964,156914
79.05336046218872,156914
79.05422878265381,156914
79.05508089065552,156914
79.05672693252563,156914
79.05758380889893,156914
79.05843997001648,156914
79.05929827690125,156914
79.06015396118164,156914
79.06100654602051,156914
79.062655210495,156914
79.06350898742676,156914
79.064373254776,156914
79.06523108482361,156914
79.0660936832428,156914
79.06773900985718,156914
79.06860089302063,156914
79.0694568157196,156914
79.0703136920929,156914
79.07116913795471,156914
79.07202434539795,156914
79.07367324829102,156914
79.07454109191895,156914
79.0753984451294,156914
79.07625317573547,156914
79.07711100578308,156914
79.07876420021057,156914
79.07962560653687,156914
79.08048820495605,156914
79.08134436607361,156914
79.08220267295837,156914
79.08305811882019,156914
79.08471441268921,156914
79.0855712890625,156914
79.08642935752869,156914
79.0872893333435,156914
79.08814692497253,156914
79.08980178833008,156914
79.09065651893616,156914
79.09150958061218,156914
79.09237003326416,156914
79.0932297706604,156914
79.09409785270691,156914
79.09574484825134,156914
79.09659934043884,156914
79.0974600315094,156914
79.0983145236969,156914
79.09917068481445,156914
79.10002303123474,156914
79.1016755104065,156914
79.10253286361694,156914
79.10339212417603,156914
79.10425782203674,156914
79.10511636734009,156914
79.10676789283752,156914
79.10762476921082,156914
79.10847902297974,156914
79.10933566093445,156914
79.11019229888916,156914
79.11105179786682,156914
79.11270093917847,156914
79.11355829238892,156914
79.11442852020264,156914
79.11528325080872,156914
79.11614322662354,156914
79.11779451370239,156914
79.11864972114563,156914
79.11950612068176,156914
79.12036371231079,156914
79.12121987342834,156914
79.12207269668579,156914
79.12372493743896,156914
79.124596118927,156914
79.12545537948608,156914
79.12631320953369,156914
79.12716746330261,156914
79.12801861763,156914
79.1296751499176,156914
79.13053488731384,156914
79.13139295578003,156914
79.13224792480469,156914
79.13310933113098,156914
79.1347758769989,156914
79.13563680648804,156914
79.13649439811707,156914
79.13735342025757,156914
79.13820815086365,156914
79.13906240463257,156914
79.1407163143158,156914
79.14157032966614,156914
79.14242219924927,156914
79.14327669143677,156914
79.14415287971497,156914
79.14580345153809,156914
79.14666104316711,156914
79.1475203037262,156914
79.14837622642517,156914
79.14923906326294,156914
79.1500952243805,156914
79.1517424583435,156914
79.15259718894958,156914
79.15345430374146,156914
79.15432071685791,156914
79.15517544746399,156914
79.15602827072144,156914
79.15767884254456,156914
79.15853476524353,156914
79.15938925743103,156914
79.16024255752563,156914
79.16109848022461,156914
79.1627550125122,156914
79.1636106967926,156914
79.16447758674622,156914
79.1653356552124,156914
79.16619300842285,156914
79.16704511642456,156914
79.16869568824768,156914
79.1695556640625,156914
79.17041039466858,156914
79.17127013206482,156914
79.17212724685669,156914
79.17377758026123,156914
79.17464137077332,156914
79.17549657821655,156914
79.17635536193848,156914
79.17721056938171,156914
79.17805576324463,156914
79.17970943450928,156914
79.18057036399841,156914
79.18142580986023,156914
79.18228006362915,156914
79.18313932418823,156914
79.1848042011261,156914
79.1856632232666,156914
79.1865234375,156914
79.1873824596405,156914
79.18823862075806,156914
79.18909549713135,156914
79.19074749946594,156914
79.19160461425781,156914
79.19246292114258,156914
79.19331884384155,156914
79.19418263435364,156914
79.19503974914551,156914
79.19668507575989,156914
79.19754362106323,156914
79.19840431213379,156914
79.19925904273987,156914
79.20011711120605,156914
79.20177364349365,156914
79.20263314247131,156914
79.2034900188446,156914
79.20435571670532,156914
79.20521235466003,156914
79.20606684684753,156914
79.20771312713623,156914
79.208571434021,156914
79.2094292640686,156914
79.21028470993042,156914
79.21113348007202,156914
79.21278810501099,156914
79.2136447429657,156914
79.21451163291931,156914
79.21537065505981,156914
79.21623063087463,156914
79.21708917617798,156914
79.21874022483826,156914
79.21960234642029,156914
79.22046184539795,156914
79.22131586074829,156914
79.22217202186584,156914
79.2230224609375,156914
79.22468280792236,156914
79.22553896903992,156914
79.22639513015747,156914
79.2272481918335,156914
79.22810745239258,156914
79.22975873947144,156914
79.2306158542633,156914
79.23147654533386,156914
79.23233079910278,156914
79.23318386077881,156914
79.234050989151,156914
79.2357017993927,156914
79.23656105995178,156914
79.23741698265076,156914
79.23827266693115,156914
79.2391300201416,156914
79.2407774925232,156914
79.24163889884949,156914
79.24249696731567,156914
79.24335765838623,156914
79.24422478675842,156914
79.24508237838745,156914
79.2467348575592,156914
79.24759411811829,156914
79.24844932556152,156914
79.24930357933044,156914
79.25015878677368,156914
79.2510154247284,156914
79.25266575813293,156914
79.25352382659912,156914
79.2543933391571,156914
79.25524854660034,156914
79.25611066818237,156914
79.25776529312134,156914
79.25862312316895,156914
79.25947976112366,156914
79.2603371143341,156914
79.26120281219482,156914
79.2620575428009,156914
79.26370811462402,156914
79.2645742893219,156914
79.2654321193695,156914
79.26629114151001,156914
79.26714944839478,156914
79.26880383491516,156914
79.26966047286987,156914
79.27051544189453,156914
79.2713725566864,156914
79.2722282409668,156914
79.27309036254883,156914
79.27474975585938,156914
79.27560544013977,156914
79.27646112442017,156914
79.27731800079346,156914
79.27816915512085,156914
79.27902150154114,156914
79.28067278862,156914
79.28153347969055,156914
79.28238940238953,156914
79.28324174880981,156914
79.28410816192627,156914
79.2857575416565,156914
79.28661489486694,156914
79.2874710559845,156914
79.28832817077637,156914
79.2891845703125,156914
79.2900402545929,156914
79.29169154167175,156914
79.2925455570221,156914
79.29340362548828,156914
79.29427242279053,156914
79.2951328754425,156914
79.29678320884705,156914
79.2976405620575,156914
79.29849886894226,156914
79.29935455322266,156914
79.30020785331726,156914
79.30105590820312,156914
79.30270624160767,156914
79.30356311798096,156914
79.30442929267883,156914
79.30528783798218,156914
79.30614590644836,156914
79.30780243873596,156914
79.30865836143494,156914
79.30951690673828,156914
79.31037187576294,156914
79.31123232841492,156914
79.3120985031128,156914
79.31375193595886,156914
79.31462097167969,156914
79.31547808647156,156914
79.316335439682,156914
79.3171923160553,156914
79.31804990768433,156914
79.31969738006592,156914
79.32055616378784,156914
79.32141017913818,156914
79.32226610183716,156914
79.32311367988586,156914
79.32477307319641,156914
79.32562971115112,156914
79.32648658752441,156914
79.32734251022339,156914
79.32819604873657,156914
79.32904887199402,156914
79.33069801330566,156914
79.33155536651611,156914
79.33241319656372,156914
79.33326697349548,156914
79.33413791656494,156914
79.3357903957367,156914
79.33664608001709,156914
79.33750128746033,156914
79.33836030960083,156914
79.33921790122986,156914
79.3400707244873,156914
79.34171605110168,156914
79.34257221221924,156914
79.34342765808105,156914
79.34429097175598,156914
79.34514832496643,156914
79.34680199623108,156914
79.34765625,156914
79.3485095500946,156914
79.34936714172363,156914
79.35022521018982,156914
79.35108208656311,156914
79.35272669792175,156914
79.35358715057373,156914
79.35445070266724,156914
79.35530757904053,156914
79.35616707801819,156914
79.35702300071716,156914
79.35867667198181,156914
79.35953760147095,156914
79.36039781570435,156914
79.36125349998474,156914
79.36211085319519,156914
79.36376237869263,156914
79.36462950706482,156914
79.3654854297638,156914
79.36634707450867,156914
79.36720323562622,156914
79.36805963516235,156914
79.369708776474,156914
79.37056636810303,156914
79.37142372131348,156914
79.37227845191956,156914
79.3731369972229,156914
79.37479901313782,156914
79.37565970420837,156914
79.37651586532593,156914
79.37737202644348,156914
79.37823033332825,156914
79.37908816337585,156914
79.38074016571045,156914
79.38159990310669,156914
79.3824565410614,156914
79.38331484794617,156914
79.38418197631836,156914
79.38503313064575,156914
79.38668465614319,156914
79.387540102005,156914
79.38839888572693,156914
79.38925385475159,156914
79.3901104927063,156914
79.39176177978516,156914
79.3926203250885,156914
79.39347672462463,156914
79.39434123039246,156914
79.39519882202148,156914
79.3960554599762,156914
79.39770269393921,156914
79.39856386184692,156914
79.39942216873169,156914
79.40028023719788,156914
79.40113949775696,156914
79.40278887748718,156914
79.40364480018616,156914
79.40451383590698,156914
79.40536999702454,156914
79.40623068809509,156914
79.40709018707275,156914
79.40874290466309,156914
79.40959930419922,156914
79.41045689582825,156914
79.41131615638733,156914
79.41217613220215,156914
79.41303277015686,156914
79.41469240188599,156914
79.41554737091064,156914
79.41640543937683,156914
79.41726064682007,156914
79.41811776161194,156914
79.41977405548096,156914
79.42063307762146,156914
79.42149209976196,156914
79.42234706878662,156914
79.4232029914856,156914
79.42406988143921,156914
79.42572259902954,156914
79.4265820980072,156914
79.42743849754333,156914
79.42829704284668,156914
79.42915678024292,156914
79.43001079559326,156914
79.43165636062622,156914
79.43251204490662,156914
79.43336844444275,156914
79.43423342704773,156914
79.43509101867676,156914
79.43674373626709,156914
79.43759894371033,156914
79.43845915794373,156914
79.43931841850281,156914
79.44017148017883,156914
79.44102501869202,156914
79.44268012046814,156914
79.4435384273529,156914
79.44440722465515,156914
79.4452633857727,156914
79.4461178779602,156914
79.44777393341064,156914
79.44862484931946,156914
79.44948244094849,156914
79.45034050941467,156914
79.45120048522949,156914
79.45205736160278,156914
79.45370697975159,156914
79.45457339286804,156914
79.45542931556702,156914
79.45628905296326,156914
79.45714712142944,156914
79.45879602432251,156914
79.45965123176575,156914
79.46050763130188,156914
79.46136474609375,156914
79.46221804618835,156914
79.46307015419006,156914
79.46473002433777,156914
79.46558904647827,156914
79.46644520759583,156914
79.46730208396912,156914
79.46815967559814,156914
79.4690146446228,156914
79.47066378593445,156914
79.47152352333069,156914
79.47237944602966,156914
79.47323679924011,156914
79.4741051197052,156914
79.47575998306274,156914
79.47661828994751,156914
79.47747278213501,156914
79.47833108901978,156914
79.47919487953186,156914
79.48005414009094,156914
79.48170113563538,156914
79.48255634307861,156914
79.48341226577759,156914
79.48427629470825,156914
79.48513460159302,156914
79.48678684234619,156914
79.48764491081238,156914
79.48849892616272,156914
79.48935437202454,156914
79.49021172523499,156914
79.49105978012085,156914
79.49270939826965,156914
79.49356961250305,156914
79.49439716339111,156914
79.49528479576111,156914
79.49617195129395,156914
79.49703192710876,156914
79.49871253967285,156914
79.49959874153137,156914
79.5004894733429,156914
79.50137567520142,156914
79.50226259231567,156914
79.50315046310425,156914
79.5040180683136,156914
79.50569868087769,156914
79.50658559799194,156914
79.5074737071991,156914
79.50836133956909,156914
79.50924682617188,156914
79.51013278961182,156914
79.51181364059448,156914
79.51269936561584,156914
79.51359105110168,156914
79.51448178291321,156914
79.51536917686462,156914
79.51625680923462,156914
79.51714277267456,156914
79.51882529258728,156914
79.51971077919006,156914
79.5205979347229,156914
79.52148699760437,156914
79.5223741531372,156914
79.5232605934143,156914
79.52415776252747,156914
79.52501678466797,156914
79.5266764163971,156914
79.52756595611572,156914
79.5284571647644,156914
79.52934169769287,156914
79.53023028373718,156914
79.53111743927002,156914
79.53279542922974,156914
79.53367233276367,156914
79.53452229499817,156914
79.53540372848511,156914
79.53629088401794,156914
79.53717803955078,156914
79.53803777694702,156914
79.53972148895264,156914
79.54060864448547,156914
79.5414969921112,156914
79.54238605499268,156914
79.54327321052551,156914
79.54416584968567,156914
79.54502463340759,156914
79.54670357704163,156914
79.54759907722473,156914
79.54848670959473,156914
79.54937314987183,156914
79.55026125907898,156914
79.55114507675171,156914
79.55200719833374,156914
79.5536859035492,156914
79.55458283424377,156914
79.55547046661377,156914
79.55635786056519,156914
79.55724883079529,156914
79.55813384056091,156914
79.55981683731079,156914
79.56070518493652,156914
79.56159400939941,156914
79.56248450279236,156914
79.56337213516235,156914
79.56426906585693,156914
79.56515645980835,156914
79.56601357460022,156914
79.56769013404846,156914
79.56857800483704,156914
79.56946229934692,156914
79.57035088539124,156914
79.57123589515686,156914
79.57212209701538,156914
79.57380747795105,156914
79.57470536231995,156914
79.57559037208557,156914
79.57647681236267,156914
79.57736420631409,156914
79.57825255393982,156914
79.5791392326355,156914
79.58081483840942,156914
79.581702709198,156914
79.58258962631226,156914
79.58347773551941,156914
79.58437371253967,156914
79.58526158332825,156914
79.58614897727966,156914
79.58700847625732,156914
79.58868622779846,156914
79.58957695960999,156914
79.59046387672424,156914
79.59135031700134,156914
79.5922372341156,156914
79.59312319755554,156914
79.59481692314148,156914
79.59570527076721,156914
79.59659266471863,156914
79.59748077392578,156914
79.59836935997009,156914
79.59925580024719,156914
79.60014343261719,156914
79.60182213783264,156914
79.6027090549469,156914
79.60359358787537,156914
79.60448837280273,156914
79.60537767410278,156914
79.60626339912415,156914
79.60714817047119,156914
79.60800552368164,156914
79.60968780517578,156914
79.61057376861572,156914
79.61146330833435,156914
79.61235213279724,156914
79.61324119567871,156914
79.61413836479187,156914
79.61581945419312,156914
79.61670637130737,156914
79.61759376525879,156914
79.61848378181458,156914
79.6193699836731,156914
79.62025618553162,156914
79.62114429473877,156914
79.62282848358154,156914
79.62371444702148,156914
79.62461137771606,156914
79.62549877166748,156914
79.62638854980469,156914
79.62727451324463,156914
79.62816381454468,156914
79.62902283668518,156914
79.63069939613342,156914
79.63158845901489,156914
79.63247656822205,156914
79.63336420059204,156914
79.63426089286804,156914
79.63514757156372,156914
79.63600659370422,156914
79.63768911361694,156914
79.63857626914978,156914
79.63946509361267,156914
79.64035296440125,156914
79.64123725891113,156914
79.64212608337402,156914
79.64380693435669,156914
79.64470481872559,156914
79.64559268951416,156914
79.64648103713989,156914
79.64736914634705,156914
79.64825677871704,156914
79.6491436958313,156914
79.65082740783691,156914
79.65171194076538,156914
79.65259766578674,156914
79.6534857749939,156914
79.65438318252563,156914
79.65527153015137,156914
79.65615677833557,156914
79.65701818466187,156914
79.65870022773743,156914
79.65959072113037,156914
79.6604733467102,156914
79.66135716438293,156914
79.66224527359009,156914
79.66313171386719,156914
79.66481971740723,156914
79.66570544242859,156914
79.66659379005432,156914
79.66747856140137,156914
79.66836380958557,156914
79.6692476272583,156914
79.67013573646545,156914
79.6718168258667,156914
79.67270469665527,156914
79.67359256744385,156914
79.67449259757996,156914
79.67538189888,156914
79.67627000808716,156914
79.6771559715271,156914
79.67801666259766,156914
79.679692029953,156914
79.68057680130005,156914
79.68146252632141,156914
79.68234920501709,156914
79.68323922157288,156914
79.68413543701172,156914
79.68581819534302,156914
79.68670439720154,156914
79.68759179115295,156914
79.68847942352295,156914
79.6893663406372,156914
79.69025492668152,156914
79.69114398956299,156914
79.69282746315002,156914
79.69371461868286,156914
79.6946108341217,156914
79.69549918174744,156914
79.69638800621033,156914
79.69727563858032,156914
79.69816327095032,156914
79.69902181625366,156914
79.70070147514343,156914
79.70158886909485,156914
79.70247602462769,156914
79.70336270332336,156914
79.7042589187622,156914
79.70514631271362,156914
79.70682787895203,156914
79.70771718025208,156914
79.70860409736633,156914
79.70949149131775,156914
79.71038174629211,156914
79.71126651763916,156914
79.71215033531189,156914
79.7130069732666,156914
79.71469902992249,156914
79.7155876159668,156914
79.71647500991821,156914
79.71736192703247,156914
79.71824908256531,156914
79.71913862228394,156914
79.72082471847534,156914
79.72171187400818,156914
79.72259640693665,156914
79.72348165512085,156914
79.72437858581543,156914
79.72526931762695,156914
79.72615504264832,156914
79.72701501846313,156914
79.72870111465454,156914
79.72958874702454,156914
79.73047471046448,156914
79.73136043548584,156914
79.73224806785583,156914
79.73313641548157,156914
79.7348256111145,156914
79.73571395874023,156914
79.73660182952881,156914
79.7374918460846,156914
79.73837852478027,156914
79.73926711082458,156914
79.74015378952026,156914
79.74101209640503,156914
79.74269223213196,156914
79.74357652664185,156914
79.74447298049927,156914
79.74536085128784,156914
79.74624943733215,156914
79.74713397026062,156914
79.74881434440613,156914
79.74970149993896,156914
79.7505886554718,156914
79.75147557258606,156914
79.75236487388611,156914
79.75325012207031,156914
79.75414514541626,156914
79.7558262348175,156914
79.75671052932739,156914
79.75759816169739,156914
79.75848531723022,156914
79.75937223434448,156914
79.7602596282959,156914
79.76114583015442,156914
79.76282620429993,156914
79.7637140750885,156914
79.7646119594574,156914
79.76550006866455,156914
79.76639008522034,156914
79.76728010177612,156914
79.76816916465759,156914
79.76902866363525,156914
79.7707130908966,156914
79.77159905433655,156914
79.77248859405518,156914
79.77337741851807,156914
79.7742760181427,156914
79.77516269683838,156914
79.77602100372314,156914
79.77769947052002,156914
79.77858567237854,156914
79.77947425842285,156914
79.78036403656006,156914
79.78125071525574,156914
79.78213930130005,156914
79.7838225364685,156914
79.78471994400024,156914
79.78560662269592,156914
79.78649401664734,156914
79.78738188743591,156914
79.7882673740387,156914
79.78915309906006,156914
79.7900083065033,156914
79.79168653488159,156914
79.79257464408875,156914
79.7934627532959,156914
79.79435849189758,156914
79.79524731636047,156914
79.79613447189331,156914
79.79781365394592,156914
79.79870009422302,156914
79.79958820343018,156914
79.80047464370728,156914
79.80136036872864,156914
79.80224800109863,156914
79.80313372612,156914
79.80482387542725,156914
79.80571007728577,156914
79.8065972328186,156914
79.80748653411865,156914
79.80837178230286,156914
79.80925917625427,156914
79.81014657020569,156914
79.81182527542114,156914
79.81271529197693,156914
79.81360244750977,156914
79.81450057029724,156914
79.81539058685303,156914
79.81627941131592,156914
79.81716823577881,156914
79.81802654266357,156914
79.81970739364624,156914
79.82059454917908,156914
79.82148146629333,156914
79.82236790657043,156914
79.82325625419617,156914
79.82415223121643,156914
79.82501101493835,156914
79.82669377326965,156914
79.82758331298828,156914
79.82847166061401,156914
79.82935905456543,156914
79.830246925354,156914
79.83113265037537,156914
79.83281540870667,156914
79.83370113372803,156914
79.83459711074829,156914
79.83548521995544,156914
79.83637285232544,156914
79.83725714683533,156914
79.83814430236816,156914
79.83982491493225,156914
79.84071040153503,156914
79.84159898757935,156914
79.8424825668335,156914
79.84336924552917,156914
79.84426426887512,156914
79.84514856338501,156914
79.84600639343262,156914
79.8476893901825,156914
79.84857964515686,156914
79.84946727752686,156914
79.85035252571106,156914
79.85123705863953,156914
79.85212445259094,156914
79.85380220413208,156914
79.85469937324524,156914
79.85558533668518,156914
79.85647177696228,156914
79.85735964775085,156914
79.85824584960938,156914
79.85913372039795,156914
79.86081290245056,156914
79.86169981956482,156914
79.86258506774902,156914
79.8634717464447,156914
79.86436986923218,156914
79.86525797843933,156914
79.86614418029785,156914
79.8678252696991,156914
79.8687093257904,156914
79.8695981502533,156914
79.87049198150635,156914
79.87137770652771,156914
79.87226438522339,156914
79.87315154075623,156914
79.87402033805847,156914
79.87570476531982,156914
79.87659049034119,156914
79.87747693061829,156914
79.87836480140686,156914
79.87925291061401,156914
79.88013744354248,156914
79.88181591033936,156914
79.8827052116394,156914
79.88359212875366,156914
79.88448810577393,156914
79.8853771686554,156914
79.88626384735107,156914
79.8871488571167,156914
79.88800525665283,156914
79.88968563079834,156914
79.89057517051697,156914
79.89146447181702,156914
79.89235067367554,156914
79.893239736557,156914
79.89413738250732,156914
79.89581537246704,156914
79.89670252799988,156914
79.89758682250977,156914
79.89847683906555,156914
79.89936327934265,156914
79.90024852752686,156914
79.90113687515259,156914
79.90281748771667,156914
79.90370464324951,156914
79.90460133552551,156914
79.90548801422119,156914
79.90637421607971,156914
79.90726161003113,156914
79.90814733505249,156914
79.90982866287231,156914
79.91071605682373,156914
79.91160655021667,156914
79.91249370574951,156914
79.91338419914246,156914
79.91428184509277,156914
79.91516637802124,156914
79.91602396965027,156914
79.91770458221436,156914
79.91859412193298,156914
79.91948056221008,156914
79.92036890983582,156914
79.92125487327576,156914
79.92214250564575,156914
79.92382621765137,156914
79.92472743988037,156914
79.92561531066895,156914
79.92650198936462,156914
79.92738842964172,156914
79.92827796936035,156914
79.92916774749756,156914
79.93002891540527,156914
79.9317045211792,156914
79.93259239196777,156914
79.93348121643066,156914
79.93438005447388,156914
79.93526697158813,156914
79.93615341186523,156914
79.9370129108429,156914
79.93869471549988,156914
79.93958187103271,156914
79.94046664237976,156914
79.94135332107544,156914
79.9422390460968,156914
79.94312596321106,156914
79.94481754302979,156914
79.94570231437683,156914
79.94659090042114,156914
79.9474766254425,156914
79.94836854934692,156914
79.94925665855408,156914
79.95014262199402,156914
79.95182514190674,156914
79.95271325111389,156914
79.95359969139099,156914
79.95449709892273,156914
79.95538473129272,156914
79.95627284049988,156914
79.95716214179993,156914
79.95801830291748,156914
79.95969700813293,156914
79.96058392524719,156914
79.96147084236145,156914
79.96235704421997,156914
79.96324467658997,156914
79.96413946151733,156914
79.96582341194153,156914
79.96670937538147,156914
79.9675989151001,156914
79.96848797798157,156914
79.96937870979309,156914
79.97026515007019,156914
79.97115230560303,156914
79.9720094203949,156914
79.97368907928467,156914
79.97458457946777,156914
79.9754729270935,156914
79.97636032104492,156914
79.97724556922913,156914
79.97813630104065,156914
79.97981810569763,156914
79.98070335388184,156914
79.98159313201904,156914
79.98247838020325,156914
79.9833676815033,156914
79.98426389694214,156914
79.9851496219635,156914
79.98600912094116,156914
79.98768663406372,156914
79.98857235908508,156914
79.98945951461792,156914
79.99034905433655,156914
79.99123358726501,156914
79.99212288856506,156914
79.99380564689636,156914
79.99470520019531,156914
79.99558997154236,156914
79.99647831916809,156914
79.9973657131195,156914
79.99825239181519,156914
79.99914026260376,156914
80.00081968307495,156914
80.00170660018921,156914
80.00259327888489,156914
80.00348043441772,156914
80.00437784194946,156914
80.00526809692383,156914
80.0061547756195,156914
80.00701260566711,156914
80.00869631767273,156914
80.00958395004272,156914
80.01046800613403,156914
80.01136016845703,156914
80.01224684715271,156914
80.0131299495697,156914
80.01482081413269,156914
80.01570653915405,156914
80.01659417152405,156914
80.0174822807312,156914
80.01837110519409,156914
80.01926136016846,156914
80.02014756202698,156914
80.02100563049316,156914
80.0226845741272,156914
80.02357339859009,156914
80.0244710445404,156914
80.0253598690033,156914
80.02624869346619,156914
80.02713537216187,156914
80.02881360054016,156914
80.02970242500305,156914
80.03059005737305,156914
80.03147673606873,156914
80.03236603736877,156914
80.0332510471344,156914
80.03414750099182,156914
80.03500843048096,156914
80.03669166564941,156914
80.03757786750793,156914
80.03846549987793,156914
80.03935265541077,156914
80.04024028778076,156914
80.04112553596497,156914
80.0428078174591,156914
80.04369568824768,156914
80.04459238052368,156914
80.04548001289368,156914
80.04636907577515,156914
80.04725575447083,156914
80.04813838005066,156914
80.04981899261475,156914
80.05070352554321,156914
80.05159139633179,156914
80.05248069763184,156914
80.0533676147461,156914
80.0542643070221,156914
80.05515146255493,156914
80.05601072311401,156914
80.05768895149231,156914
80.05857706069946,156914
80.05946516990662,156914
80.06035089492798,156914
80.06123900413513,156914
80.0621268749237,156914
80.06380939483643,156914
80.06470584869385,156914
80.06559181213379,156914
80.0664792060852,156914
80.06736636161804,156914
80.06825590133667,156914
80.06914281845093,156914
80.07082986831665,156914
80.07171559333801,156914
80.07259893417358,156914
80.07348799705505,156914
80.07438468933105,156914
80.07527184486389,156914
80.07615923881531,156914
80.07702016830444,156914
80.0787000656128,156914
80.0795886516571,156914
80.08047699928284,156914
80.08136653900146,156914
80.08225107192993,156914
80.08313822746277,156914
80.08482575416565,156914
80.08571577072144,156914
80.0866014957428,156914
80.0874891281128,156914
80.08837890625,156914
80.08926630020142,156914
80.09015345573425,156914
80.09101486206055,156914
80.09269738197327,156914
80.09358739852905,156914
80.09448671340942,156914
80.095374584198,156914
80.09626340866089,156914
80.09714818000793,156914
80.09800601005554,156914
80.09968876838684,156914
80.1005756855011,156914
80.10146379470825,156914
80.10235357284546,156914
80.10323905944824,156914
80.10413575172424,156914
80.10581851005554,156914
80.1067042350769,156914
80.10759329795837,156914
80.10848236083984,156914
80.10937094688416,156914
80.11025762557983,156914
80.11114549636841,156914
80.1120069026947,156914
80.11368870735168,156914
80.11458468437195,156914
80.11547422409058,156914
80.11636209487915,156914
80.11724948883057,156914
80.11813473701477,156914
80.11981129646301,156914
80.12069725990295,156914
80.12158608436584,156914
80.12247276306152,156914
80.12336134910583,156914
80.12425470352173,156914
80.12514662742615,156914
80.12600684165955,156914
80.12769222259521,156914
80.12858200073242,156914
80.12946963310242,156914
80.13035988807678,156914
80.1312472820282,156914
80.13213610649109,156914
80.1338164806366,156914
80.1347143650055,156914
80.13560652732849,156914
80.13649559020996,156914
80.13738465309143,156914
80.13827085494995,156914
80.1391544342041,156914
80.14001393318176,156914
80.14169311523438,156914
80.14258289337158,156914
80.14347338676453,156914
80.14436769485474,156914
80.14525508880615,156914
80.14614033699036,156914
80.1478214263916,156914
80.14870715141296,156914
80.14959645271301,156914
80.15048336982727,156914
80.15137147903442,156914
80.15225958824158,156914
80.15314388275146,156914
80.15401220321655,156914
80.15569424629211,156914
80.15658116340637,156914
80.15746760368347,156914
80.1583559513092,156914
80.15924143791199,156914
80.16012668609619,156914
80.1618082523346,156914
80.16269874572754,156914
80.16358804702759,156914
80.16448211669922,156914
80.16537141799927,156914
80.16625881195068,156914
80.1671450138092,156914
80.16800570487976,156914
80.16968369483948,156914
80.1705756187439,156914
80.17146277427673,156914
80.17234921455383,156914
80.17323541641235,156914
80.17413330078125,156914
80.17581057548523,156914
80.17669606208801,156914
80.17758560180664,156914
80.178475856781,156914
80.17936372756958,156914
80.18025064468384,156914
80.18113780021667,156914
80.18281936645508,156914
80.1837055683136,156914
80.18460154533386,156914
80.18548917770386,156914
80.18637752532959,156914
80.18726587295532,156914
80.18815064430237,156914
80.18900799751282,156914
80.19068884849548,156914
80.19157576560974,156914
80.19246506690979,156914
80.19335150718689,156914
80.19424748420715,156914
80.1951334476471,156914
80.19681143760681,156914
80.19769501686096,156914
80.19858145713806,156914
80.19946789741516,156914
80.20035529136658,156914
80.201242685318,156914
80.20212888717651,156914
80.20380878448486,156914
80.20470643043518,156914
80.20559430122375,156914
80.20648264884949,156914
80.20736932754517,156914
80.20825695991516,156914
80.2091429233551,156914
80.21000552177429,156914
80.21168684959412,156914
80.21257400512695,156914
80.21346139907837,156914
80.21435761451721,156914
80.21524262428284,156914
80.21612930297852,156914
80.21780896186829,156914
80.21869707107544,156914
80.21958470344543,156914
80.22047257423401,156914
80.22135925292969,156914
80.22224688529968,156914
80.22313642501831,156914
80.22400665283203,156914
80.22568941116333,156914
80.22657680511475,156914
80.22746396064758,156914
80.22835350036621,156914
80.22924065589905,156914
80.23012828826904,156914
80.23180890083313,156914
80.23269701004028,156914
80.23358368873596,156914
80.23447871208191,156914
80.23536610603333,156914
80.23625254631042,156914
80.23713898658752,156914
80.23881649971008,156914
80.23970413208008,156914
80.24059128761292,156914
80.24148082733154,156914
80.24237012863159,156914
80.24325799942017,156914
80.24415063858032,156914
80.24501013755798,156914
80.24668550491333,156914
80.24757266044617,156914
80.2484622001648,156914
80.24934720993042,156914
80.25023603439331,156914
80.25112128257751,156914
80.25280117988586,156914
80.25368785858154,156914
80.2545816898346,156914
80.25547122955322,156914
80.25635981559753,156914
80.25724864006042,156914
80.25813341140747,156914
80.25981426239014,156914
80.26069951057434,156914
80.26159024238586,156914
80.26247668266296,156914
80.2633638381958,156914
80.26426029205322,156914
80.26514410972595,156914
80.26682877540588,156914
80.26771545410156,156914
80.2686038017273,156914
80.26949095726013,156914
80.27038168907166,156914
80.27126836776733,156914
80.27215886116028,156914
80.27301931381226,156914
80.27471160888672,156914
80.27559900283813,156914
80.27648639678955,156914
80.27737426757812,156914
80.27826285362244,156914
80.2791485786438,156914
80.2800076007843,156914
80.28168797492981,156914
80.28257703781128,156914
80.2834632396698,156914
80.28436279296875,156914
80.28525114059448,156914
80.28613901138306,156914
80.28782367706299,156914
80.28871250152588,156914
80.28960299491882,156914
80.2904920578003,156914
80.2913773059845,156914
80.29226541519165,156914
80.29315161705017,156914
80.29402327537537,156914
80.29570817947388,156914
80.2965955734253,156914
80.29748201370239,156914
80.2983729839325,156914
80.29925966262817,156914
80.3001458644867,156914
80.30182981491089,156914
80.30271863937378,156914
80.3036048412323,156914
80.30450296401978,156914
80.30539107322693,156914
80.30627942085266,156914
80.30716609954834,156914
80.30802297592163,156914
80.30970478057861,156914
80.31059193611145,156914
80.3114800453186,156914
80.31236600875854,156914
80.31325387954712,156914
80.31415057182312,156914
80.31500697135925,156914
80.31668972969055,156914
80.31757998466492,156914
80.31846618652344,156914
80.3193531036377,156914
80.32023787498474,156914
80.32112216949463,156914
80.32280349731445,156914
80.32369065284729,156914
80.32459020614624,156914
80.32547616958618,156914
80.32636189460754,156914
80.32724952697754,156914
80.32813930511475,156914
80.3298192024231,156914
80.33070516586304,156914
80.3315908908844,156914
80.33247971534729,156914
80.3333694934845,156914
80.33426761627197,156914
80.33515334129333,156914
80.33601355552673,156914
80.33769965171814,156914
80.33858680725098,156914
80.33947658538818,156914
80.34036135673523,156914
80.3412492275238,156914
80.34213638305664,156914
80.34381198883057,156914
80.34470772743225,156914
80.34559607505798,156914
80.34648299217224,156914
80.34737515449524,156914
80.34826183319092,156914
80.34914755821228,156914
80.35000538825989,156914
80.35168600082397,156914
80.3525743484497,156914
80.35346341133118,156914
80.3543610572815,156914
80.35524678230286,156914
80.35613441467285,156914
80.3578143119812,156914
80.3587019443512,156914
80.3595883846283,156914
80.36047220230103,156914
80.36135792732239,156914
80.3622453212738,156914
80.36313223838806,156914
80.36482429504395,156914
80.36570954322815,156914
80.36659693717957,156914
80.36748504638672,156914
80.36837244033813,156914
80.36925792694092,156914
80.37014245986938,156914
80.37182259559631,156914
80.37270998954773,156914
80.37359571456909,156914
80.37449145317078,156914
80.37538051605225,156914
80.37626528739929,156914
80.37715291976929,156914
80.37800979614258,156914
80.37969017028809,156914
80.38057947158813,156914
80.38146686553955,156914
80.38235998153687,156914
80.38324332237244,156914
80.38413977622986,156914
80.38582062721252,156914
80.38670992851257,156914
80.38759779930115,156914
80.38848400115967,156914
80.38937377929688,156914
80.39026141166687,156914
80.39114832878113,156914
80.39200639724731,156914
80.39367961883545,156914
80.39457535743713,156914
80.39546084403992,156914
80.39634943008423,156914
80.39723539352417,156914
80.39812159538269,156914
80.39980030059814,156914
80.40068817138672,156914
80.40157508850098,156914
80.40246248245239,156914
80.40334892272949,156914
80.40424180030823,156914
80.4051263332367,156914
80.40680718421936,156914
80.40769720077515,156914
80.40858483314514,156914
80.4094750881195,156914
80.41036200523376,156914
80.41124987602234,156914
80.41213655471802,156914
80.413818359375,156914
80.41471648216248,156914
80.41560292243958,156914
80.41649150848389,156914
80.41737866401672,156914
80.41826725006104,156914
80.41915702819824,156914
80.42001342773438,156914
80.42169117927551,156914
80.42258048057556,156914
80.42346477508545,156914
80.42436456680298,156914
80.42525291442871,156914
80.42614030838013,156914
80.4278244972229,156914
80.42871475219727,156914
80.42960119247437,156914
80.43048977851868,156914
80.43137574195862,156914
80.43226313591003,156914
80.43315124511719,156914
80.43401885032654,156914
80.43569946289062,156914
80.43658638000488,156914
80.43747735023499,156914
80.4383647441864,156914
80.43925166130066,156914
80.44013547897339,156914
80.44181418418884,156914
80.44270086288452,156914
80.44358611106873,156914
80.4444830417633,156914
80.44537138938904,156914
80.44625496864319,156914
80.44714307785034,156914
80.44882464408875,156914
80.44971585273743,156914
80.45060086250305,156914
80.45148730278015,156914
80.45237469673157,156914
80.45326018333435,156914
80.45415544509888,156914
80.45501708984375,156914
80.4566969871521,156914
80.45758724212646,156914
80.45847654342651,156914
80.45936489105225,156914
80.46025204658508,156914
80.46113777160645,156914
80.46281743049622,156914
80.46370434761047,156914
80.46460056304932,156914
80.46548867225647,156914
80.46637463569641,156914
80.4672622680664,156914
80.46815156936646,156914
80.46901273727417,156914
80.47068643569946,156914
80.47157311439514,156914
80.47246026992798,156914
80.47334837913513,156914
80.47424626350403,156914
80.47513270378113,156914
80.47681593894958,156914
80.4777045249939,156914
80.47859358787537,156914
80.47948241233826,156914
80.4803695678711,156914
80.48125648498535,156914
80.48214340209961,156914
80.48382520675659,156914
80.48472213745117,156914
80.48560857772827,156914
80.48649597167969,156914
80.48738384246826,156914
80.48827624320984,156914
80.48916554450989,156914
80.49002289772034,156914
80.49170231819153,156914
80.49259114265442,156914
80.49347686767578,156914
80.4943745136261,156914
80.49526500701904,156914
80.49615359306335,156914
80.49701428413391,156914
80.49869275093079,156914
80.4995813369751,156914
80.5004723072052,156914
80.50136089324951,156914
80.50224876403809,156914
80.50313663482666,156914
80.50400733947754,156914
80.5056893825531,156914
80.50657892227173,156914
80.5074679851532,156914
80.50835704803467,156914
80.50924134254456,156914
80.51012825965881,156914
80.51180481910706,156914
80.51269245147705,156914
80.5135772228241,156914
80.51447415351868,156914
80.51536154747009,156914
80.51624631881714,156914
80.51713275909424,156914
80.51881098747253,156914
80.51969861984253,156914
80.52058482170105,156914
80.52147316932678,156914
80.52236127853394,156914
80.52324771881104,156914
80.5241425037384,156914
80.5258195400238,156914
80.52670669555664,156914
80.5275948047638,156914
80.52848672866821,156914
80.52937412261963,156914
80.53026342391968,156914
80.53115010261536,156914
80.53201103210449,156914
80.53368663787842,156914
80.53458571434021,156914
80.535475730896,156914
80.53636169433594,156914
80.53725099563599,156914
80.53813529014587,156914
80.53982186317444,156914
80.5407075881958,156914
80.54159784317017,156914
80.54248332977295,156914
80.54337048530579,156914
80.54426765441895,156914
80.54515385627747,156914
80.54601383209229,156914
80.5476930141449,156914
80.54857921600342,156914
80.54946732521057,156914
80.55035614967346,156914
80.5512433052063,156914
80.55213046073914,156914
80.55381464958191,156914
80.55471110343933,156914
80.55559802055359,156914
80.55648827552795,156914
80.55737590789795,156914
80.55826354026794,156914
80.55914950370789,156914
80.56000900268555,156914
80.56168675422668,156914
80.56257367134094,156914
80.56346440315247,156914
80.56436109542847,156914
80.5652482509613,156914
80.56613636016846,156914
80.56781458854675,156914
80.56870341300964,156914
80.56959128379822,156914
80.57047772407532,156914
80.57136583328247,156914
80.57225370407104,156914
80.5731406211853,156914
80.57400727272034,156914
80.57568573951721,156914
80.57657504081726,156914
80.57745957374573,156914
80.57834696769714,156914
80.57923102378845,156914
80.58011722564697,156914
80.58179807662964,156914
80.58268475532532,156914
80.58357214927673,156914
80.58447098731995,156914
80.58535861968994,156914
80.58624482154846,156914
80.58713412284851,156914
80.58876442909241,156914
80.5896487236023,156914
80.5905351638794,156914
80.5914249420166,156914
80.59231448173523,156914
80.59319925308228,156914
80.59409761428833,156914
80.59577441215515,156914
80.59666132926941,156914
80.59754967689514,156914
80.59844040870667,156914
80.59932827949524,156914
80.60021090507507,156914
80.60109877586365,156914
80.60241174697876,156914
80.60333037376404,156914
80.60426449775696,156914
80.60518336296082,156914
80.60609912872314,156914
80.60701608657837,156914
80.60837054252625,156914
80.6092882156372,156914
80.61020612716675,156914
80.61112642288208,156914
80.61204242706299,156914
80.61340427398682,156914
80.6143262386322,156914
80.61524677276611,156914
80.61616826057434,156914
80.61708498001099,156914
80.61843919754028,156914
80.61935496330261,156914
80.62027359008789,156914
80.62119174003601,156914
80.62211060523987,156914
80.62302875518799,156914
80.62439107894897,156914
80.62530469894409,156914
80.62622570991516,156914
80.62714672088623,156914
80.62806391716003,156914
80.62942099571228,156914
80.63034105300903,156914
80.63126134872437,156914
80.63218688964844,156914
80.63310432434082,156914
80.63402962684631,156914
80.63538575172424,156914
80.636301279068,156914
80.63722157478333,156914
80.63814234733582,156914
80.63905835151672,156914
80.64041590690613,156914
80.6413345336914,156914
80.64224934577942,156914
80.64316606521606,156914
80.64409399032593,156914
80.64501309394836,156914
80.64636397361755,156914
80.64728498458862,156914
80.64820456504822,156914
80.64912271499634,156914
80.65003705024719,156914
80.65139198303223,156914
80.65230631828308,156914
80.65322303771973,156914
80.65415120124817,156914
80.65507173538208,156914
80.65643405914307,156914
80.65735244750977,156914
80.65827083587646,156914
80.6591899394989,156914
80.66010546684265,156914
80.66102123260498,156914
80.66237282752991,156914
80.6632912158966,156914
80.66422176361084,156914
80.66514086723328,156914
80.66605353355408,156914
80.66741371154785,156914
80.66833114624023,156914
80.66924905776978,156914
80.67016839981079,156914
80.67108654975891,156914
80.67244029045105,156914
80.67335557937622,156914
80.67428398132324,156914
80.67520093917847,156914
80.67611598968506,156914
80.67703294754028,156914
80.67838978767395,156914
80.67930507659912,156914
80.68022060394287,156914
80.68113923072815,156914
80.68205523490906,156914
80.68340682983398,156914
80.68433022499084,156914
80.68525004386902,156914
80.68616724014282,156914
80.68709182739258,156914
80.6880099773407,156914
80.68936395645142,156914
80.6902813911438,156914
80.69119787216187,156914
80.6921157836914,156914
80.69303274154663,156914
80.69440269470215,156914
80.6953194141388,156914
80.69623708724976,156914
80.69715666770935,156914
80.69807434082031,156914
80.69943618774414,156914
80.70035195350647,156914
80.70127248764038,156914
80.70219445228577,156914
80.70311331748962,156914
80.70404767990112,156914
80.7054054737091,156914
80.70631957054138,156914
80.7072389125824,156914
80.70815706253052,156914
80.70907282829285,156914
80.71042823791504,156914
80.71134638786316,156914
80.71226286888123,156914
80.71317625045776,156914
80.71410369873047,156914
80.71502113342285,156914
80.71637463569641,156914
80.71728754043579,156914
80.71820712089539,156914
80.71912717819214,156914
80.72004127502441,156914
80.72138977050781,156914
80.72230529785156,156914
80.72322368621826,156914
80.72415399551392,156914
80.72507071495056,156914
80.72642612457275,156914
80.7273440361023,156914
80.72825884819031,156914
80.72917652130127,156914
80.73009371757507,156914
80.73101210594177,156914
80.73236632347107,156914
80.73328566551208,156914
80.73421788215637,156914
80.73513841629028,156914
80.73605418205261,156914
80.73740983009338,156914
80.73842525482178,156914
80.73934435844421,156914
80.74026250839233,156914
80.74118375778198,156914
80.74210000038147,156914
80.74301671981812,156914
80.74438309669495,156914
80.74530386924744,156914
80.7462248802185,156914
80.74714493751526,156914
80.74806594848633,156914
80.74942564964294,156914
80.75034260749817,156914
80.75126242637634,156914
80.7521812915802,156914
80.75309920310974,156914
80.75402545928955,156914
80.75539016723633,156914
80.75630688667297,156914
80.75722694396973,156914
80.75814580917358,156914
80.75906014442444,156914
80.76041340827942,156914
80.76132845878601,156914
80.76225090026855,156914
80.76317262649536,156914
80.76409721374512,156914
80.76501393318176,156914
80.76636862754822,156914
80.76728749275208,156914
80.76820707321167,156914
80.76912760734558,156914
80.77004480361938,156914
80.77140069007874,156914
80.77231621742249,156914
80.7732367515564,156914
80.774169921875,156914
80.77508783340454,156914
80.77600836753845,156914
80.77736067771912,156914
80.7782781124115,156914
80.7791953086853,156914
80.78011322021484,156914
80.78103184700012,156914
80.78239154815674,156914
80.7833092212677,156914
80.78424024581909,156914
80.78516435623169,156914
80.78608250617981,156914
80.78744173049927,156914
80.78835892677307,156914
80.78927803039551,156914
80.79019927978516,156914
80.7911217212677,156914
80.79203653335571,156914
80.79339265823364,156914
80.79431629180908,156914
80.79523634910583,156914
80.79615449905396,156914
80.79707407951355,156914
80.79843211174011,156914
80.79934906959534,156914
80.80026626586914,156914
80.80118346214294,156914
80.80210065841675,156914
80.80301880836487,156914
80.80438232421875,156914
80.80529689788818,156914
80.80621695518494,156914
80.80713748931885,156914
80.80805325508118,156914
80.80940699577332,156914
80.81032299995422,156914
80.8112428188324,156914
80.81216263771057,156914
80.81308150291443,156914
80.8140115737915,156914
80.81536746025085,156914
80.81628704071045,156914
80.81720733642578,156914
80.8181254863739,156914
80.81904006004333,156914
80.82039642333984,156914
80.82131218910217,156914
80.82222986221313,156914
80.82314968109131,156914
80.82408165931702,156914
80.82543563842773,156914
80.82635545730591,156914
80.82727003097534,156914
80.82818865776062,156914
80.82912182807922,156914
80.83003640174866,156914
80.83139300346375,156914
80.83230924606323,156914
80.83322811126709,156914
80.83415675163269,156914
80.83507537841797,156914
80.83643174171448,156914
80.83734703063965,156914
80.83826184272766,156914
80.83918070793152,156914
80.84009861946106,156914
80.84101390838623,156914
80.84236741065979,156914
80.8432846069336,156914
80.84421443939209,156914
80.8451292514801,156914
80.84604620933533,156914
80.84740161895752,156914
80.84831857681274,156914
80.84923648834229,156914
80.8501570224762,156914
80.85107469558716,156914
80.85243010520935,156914
80.85334539413452,156914
80.85427832603455,156914
80.85519695281982,156914
80.85611653327942,156914
80.85703229904175,156914
80.858389377594,156914
80.85930395126343,156914
80.8602237701416,156914
80.86114358901978,156914
80.86205983161926,156914
80.86341834068298,156914
80.86434054374695,156914
80.8652617931366,156914
80.86617803573608,156914
80.86709403991699,156914
80.8680100440979,156914
80.86936211585999,156914
80.87028384208679,156914
80.87120175361633,156914
80.87212109565735,156914
80.87303519248962,156914
80.87440371513367,156914
80.87531685829163,156914
80.87623643875122,156914
80.87715792655945,156914
80.87807416915894,156914
80.8794298171997,156914
80.88034701347351,156914
80.88126730918884,156914
80.88218641281128,156914
80.88310527801514,156914
80.88403606414795,156914
80.88539123535156,156914
80.886305809021,156914
80.88722515106201,156914
80.8881459236145,156914
80.88905882835388,156914
80.89041781425476,156914
80.89133715629578,156914
80.89225769042969,156914
80.89317870140076,156914
80.89411425590515,156914
80.89503192901611,156914
80.89639091491699,156914
80.89730477333069,156914
80.89822030067444,156914
80.89913702011108,156914
80.90005373954773,156914
80.90140676498413,156914
80.90232348442078,156914
80.90324115753174,156914
80.90417790412903,156914
80.90509700775146,156914
80.90601348876953,156914
80.90736746788025,156914
80.9082818031311,156914
80.90920114517212,156914
80.91011929512024,156914
80.91103219985962,156914
80.91238451004028,156914
80.91330051422119,156914
80.91423177719116,156914
80.91515064239502,156914
80.91606616973877,156914
80.91742014884949,156914
80.91833662986755,156914
80.91925287246704,156914
80.9201717376709,156914
80.92108941078186,156914
80.92244172096252,156914
80.92335748672485,156914
80.92428541183472,156914
80.92520213127136,156914
80.92611718177795,156914
80.92703461647034,156914
80.92838883399963,156914
80.92930555343628,156914
80.93022298812866,156914
80.93114066123962,156914
80.93205285072327,156914
80.93340826034546,156914
80.93433260917664,156914
80.9352514743805,156914
80.93616724014282,156914
80.93708109855652,156914
80.93843841552734,156914
80.93935799598694,156914
80.94027495384216,156914
80.94119334220886,156914
80.9421124458313,156914
80.94302558898926,156914
80.94438934326172,156914
80.94530463218689,156914
80.94622135162354,156914
80.94713544845581,156914
80.94804644584656,156914
80.9494001865387,156914
80.95031523704529,156914
80.95123267173767,156914
80.95215153694153,156914
80.95306706428528,156914
80.95443868637085,156914
80.95535326004028,156914
80.95627307891846,156914
80.95719289779663,156914
80.95811200141907,156914
80.95902490615845,156914
80.96038007736206,156914
80.96129822731018,156914
80.96221733093262,156914
80.96313500404358,156914
80.96406292915344,156914
80.96542000770569,156914
80.96633887290955,156914
80.96725726127625,156914
80.96817469596863,156914
80.96909236907959,156914
80.97000694274902,156914
80.97136211395264,156914
80.97227883338928,156914
80.97319388389587,156914
80.97412300109863,156914
80.97503852844238,156914
80.97639226913452,156914
80.97730875015259,156914
80.97823429107666,156914
80.97915530204773,156914
80.98007321357727,156914
80.98143148422241,156914
80.98235034942627,156914
80.98326802253723,156914
80.98419904708862,156914
80.98511695861816,156914
80.9860315322876,156914
80.98738384246826,156914
80.98829984664917,156914
80.9892213344574,156914
80.99014234542847,156914
80.9910569190979,156914
80.99242115020752,156914
80.99333596229553,156914
80.99426555633545,156914
80.99518537521362,156914
80.99609994888306,156914
80.9970178604126,156914
80.99836874008179,156914
80.99928498268127,156914
81.00020098686218,156914
81.00111722946167,156914
81.00203323364258,156914
81.00339007377625,156914
81.0043134689331,156914
81.00523281097412,156914
81.00614905357361,156914
81.00706481933594,156914
81.00842213630676,156914
81.00934267044067,156914
81.01026058197021,156914
81.01117610931396,156914
81.0120918750763,156914
81.01300621032715,156914
81.01436924934387,156914
81.01528358459473,156914
81.01620244979858,156914
81.01711773872375,156914
81.01803159713745,156914
81.01938676834106,156914
81.02030229568481,156914
81.02122068405151,156914
81.02213454246521,156914
81.02305030822754,156914
81.02441263198853,156914
81.02532601356506,156914
81.02624320983887,156914
81.0271635055542,156914
81.02808403968811,156914
81.0294394493103,156914
81.0303544998169,156914
81.03127241134644,156914
81.03219175338745,156914
81.03311157226562,156914
81.03403687477112,156914
81.03539180755615,156914
81.03630709648132,156914
81.03722667694092,156914
81.03814649581909,156914
81.03906345367432,156914
81.04042148590088,156914
81.04133701324463,156914
81.04225659370422,156914
81.04317665100098,156914
81.0441083908081,156914
81.04502439498901,156914
81.046377658844,156914
81.04729390144348,156914
81.04821133613586,156914
81.04912781715393,156914
81.05004262924194,156914
81.05139565467834,156914
81.05230975151062,156914
81.0532295703888,156914
81.05415797233582,156914
81.05507159233093,156914
81.0564227104187,156914
81.0573410987854,156914
81.05826163291931,156914
81.0591812133789,156914
81.06009602546692,156914
81.06101322174072,156914
81.06236720085144,156914
81.06328320503235,156914
81.06420993804932,156914
81.06512999534607,156914
81.06604552268982,156914
81.0673975944519,156914
81.06831336021423,156914
81.06923127174377,156914
81.07014727592468,156914
81.07106471061707,156914
81.07242321968079,156914
81.07334065437317,156914
81.07426857948303,156914
81.07519030570984,156914
81.07610654830933,156914
81.07702040672302,156914
81.07837271690369,156914
81.0792908668518,156914
81.08020853996277,156914
81.08112335205078,156914
81.0820415019989,156914
81.083416223526,156914
81.0843448638916,156914
81.08526134490967,156914
81.08617877960205,156914
81.08709859848022,156914
81.08801531791687,156914
81.08936476707458,156914
81.09028220176697,156914
81.09119987487793,156914
81.09211754798889,156914
81.09303522109985,156914
81.09441900253296,156914
81.09533667564392,156914
81.09626722335815,156914
81.09718728065491,156914
81.0981023311615,156914
81.09901762008667,156914
81.10037302970886,156914
81.10129046440125,156914
81.10220718383789,156914
81.10312414169312,156914
81.10405731201172,156914
81.1054151058197,156914
81.10633277893066,156914
81.10724997520447,156914
81.10818028450012,156914
81.10910153388977,156914
81.11002159118652,156914
81.11137890815735,156914
81.1122989654541,156914
81.11321544647217,156914
81.11414337158203,156914
81.11506152153015,156914
81.11641931533813,156914
81.11733651161194,156914
81.11825370788574,156914
81.11917304992676,156914
81.12010717391968,156914
81.12102246284485,156914
81.12237930297852,156914
81.12329578399658,156914
81.1242265701294,156914
81.12514591217041,156914
81.12607765197754,156914
81.12743616104126,156914
81.12836575508118,156914
81.12928485870361,156914
81.13020157814026,156914
81.13112711906433,156914
81.13204860687256,156914
81.1334159374237,156914
81.13434529304504,156914
81.13527178764343,156914
81.13620185852051,156914
81.1371202468872,156914
81.13803362846375,156914
81.13940024375916,156914
81.14031744003296,156914
81.14123725891113,156914
81.14215445518494,156914
81.14307403564453,156914
81.14444184303284,156914
81.14536142349243,156914
81.1465744972229,156914
81.14741230010986,156914
81.14825963973999,156914
81.14911079406738,156914
81.15073680877686,156914
81.15157890319824,156914
81.15242099761963,156914
81.15326595306396,156914
81.15412068367004,156914
81.15574908256531,156914
81.15658903121948,156914
81.15743708610535,156914
81.15828442573547,156914
81.15912938117981,156914
81.16076159477234,156914
81.16160202026367,156914
81.1624481678009,156914
81.16329765319824,156914
81.16415309906006,156914
81.16578078269958,156914
81.16662359237671,156914
81.16746497154236,156914
81.16831231117249,156914
81.16916298866272,156914
81.17001056671143,156914
81.17163848876953,156914
81.17247557640076,156914
81.1733226776123,156914
81.1741783618927,156914
81.17502617835999,156914
81.17665266990662,156914
81.17749452590942,156914
81.17834234237671,156914
81.17918801307678,156914
81.18003249168396,156914
81.18165850639343,156914
81.1825008392334,156914
81.18334913253784,156914
81.18420243263245,156914
81.18505144119263,156914
81.18667769432068,156914
81.18751454353333,156914
81.18836379051208,156914
81.18921613693237,156914
81.1900634765625,156914
81.19168782234192,156914
81.19253301620483,156914
81.1933810710907,156914
81.19423460960388,156914
81.19507908821106,156914
81.19670248031616,156914
81.19754719734192,156914
81.19839525222778,156914
81.19923877716064,156914
81.20008420944214,156914
81.2017068862915,156914
81.20255088806152,156914
81.20340323448181,156914
81.20425486564636,156914
81.20510149002075,156914
81.20672941207886,156914
81.20756840705872,156914
81.20841598510742,156914
81.20926403999329,156914
81.21011447906494,156914
81.21174168586731,156914
81.21257996559143,156914
81.21342182159424,156914
81.21428036689758,156914
81.21512842178345,156914
81.21675515174866,156914
81.21759533882141,156914
81.2184374332428,156914
81.21928691864014,156914
81.2201337814331,156914
81.22176146507263,156914
81.22259902954102,156914
81.22344255447388,156914
81.22430205345154,156914
81.22514367103577,156914
81.22676539421082,156914
81.2276041507721,156914
81.22845220565796,156914
81.2293050289154,156914
81.23014831542969,156914
81.23177766799927,156914
81.2326135635376,156914
81.2334623336792,156914
81.23432230949402,156914
81.23516917228699,156914
81.23601508140564,156914
81.23763751983643,156914
81.23847651481628,156914
81.23932361602783,156914
81.24016571044922,156914
81.24101161956787,156914
81.24263525009155,156914
81.24347710609436,156914
81.24433732032776,156914
81.24518251419067,156914
81.24603033065796,156914
81.24765467643738,156914
81.2484917640686,156914
81.24934124946594,156914
81.25018692016602,156914
81.25103116035461,156914
81.25265860557556,156914
81.25349521636963,156914
81.25435709953308,156914
81.25519895553589,156914
81.25604891777039,156914
81.25766944885254,156914
81.2585186958313,156914
81.25936603546143,156914
81.26020956039429,156914
81.26105785369873,156914
81.26268339157104,156914
81.26352643966675,156914
81.26438522338867,156914
81.26522827148438,156914
81.26607823371887,156914
81.26769757270813,156914
81.26854062080383,156914
81.2693920135498,156914
81.27023720741272,156914
81.27108526229858,156914
81.27270650863647,156914
81.27354550361633,156914
81.27439975738525,156914
81.27524876594543,156914
81.27609467506409,156914
81.27771663665771,156914
81.27856016159058,156914
81.27941536903381,156914
81.28025889396667,156914
81.28110694885254,156914
81.28273224830627,156914
81.28357338905334,156914
81.28442978858948,156914
81.28527879714966,156914
81.28612041473389,156914
81.28775095939636,156914
81.28859114646912,156914
81.2894389629364,156914
81.29028606414795,156914
81.29113006591797,156914
81.29275274276733,156914
81.29359555244446,156914
81.2944507598877,156914
81.29529929161072,156914
81.29614281654358,156914
81.29776763916016,156914
81.29860854148865,156914
81.2994544506073,156914
81.30030179023743,156914
81.30114507675171,156914
81.30277395248413,156914
81.30360698699951,156914
81.30446457862854,156914
81.30531120300293,156914
81.30615401268005,156914
81.30777907371521,156914
81.30862355232239,156914
81.30947160720825,156914
81.31032371520996,156914
81.3111686706543,156914
81.31201648712158,156914
81.31363892555237,156914
81.31449103355408,156914
81.31533598899841,156914
81.31618070602417,156914
81.31702470779419,156914
81.31865239143372,156914
81.3194932937622,156914
81.32033729553223,156914
81.3211829662323,156914
81.32203269004822,156914
81.32365393638611,156914
81.32450580596924,156914
81.32535696029663,156914
81.32620120048523,156914
81.3270525932312,156914
81.32868313789368,156914
81.3295226097107,156914
81.33036518096924,156914
81.33120584487915,156914
81.3320562839508,156914
81.33367896080017,156914
81.33452796936035,156914
81.33537316322327,156914
81.33622074127197,156914
81.33706951141357,156914
81.33869290351868,156914
81.33953285217285,156914
81.34037661552429,156914
81.34122061729431,156914
81.34206867218018,156914
81.3436849117279,156914
81.34454321861267,156914
81.34539031982422,156914
81.34623408317566,156914
81.34708571434021,156914
81.34870624542236,156914
81.34954953193665,156914
81.35039520263672,156914
81.35124087333679,156914
81.35208797454834,156914
81.3537106513977,156914
81.35456442832947,156914
81.35541152954102,156914
81.35625791549683,156914
81.35710525512695,156914
81.35872888565063,156914
81.35957050323486,156914
81.36042141914368,156914
81.36126732826233,156914
81.36210918426514,156914
81.36373496055603,156914
81.36458492279053,156914
81.36543035507202,156914
81.3662760257721,156914
81.36712312698364,156914
81.3687493801117,156914
81.36958837509155,156914
81.37043333053589,156914
81.3712809085846,156914
81.37213397026062,156914
81.37375521659851,156914
81.37460947036743,156914
81.37544894218445,156914
81.37629771232605,156914
81.37714552879333,156914
81.37876582145691,156914
81.37960934638977,156914
81.38045048713684,156914
81.38129615783691,156914
81.3821451663971,156914
81.3837640285492,156914
81.38461637496948,156914
81.38545989990234,156914
81.38630986213684,156914
81.3871545791626,156914
81.38878059387207,156914
81.38962173461914,156914
81.39046573638916,156914
81.39131546020508,156914
81.39215850830078,156914
81.39300584793091,156914
81.39464068412781,156914
81.39548087120056,156914
81.3963315486908,156914
81.39717698097229,156914
81.39802026748657,156914
81.3996410369873,156914
81.40048217773438,156914
81.40132784843445,156914
81.40217447280884,156914
81.40302348136902,156914
81.40466022491455,156914
81.40550541877747,156914
81.40634989738464,156914
81.4071946144104,156914
81.4080400466919,156914
81.40966200828552,156914
81.41050887107849,156914
81.41136145591736,156914
81.41237497329712,156914
81.41322731971741,156914
81.41409611701965,156914
81.41572952270508,156914
81.41658139228821,156914
81.41743874549866,156914
81.41829347610474,156914
81.41914677619934,156914
81.42078590393066,156914
81.42163562774658,156914
81.42248868942261,156914
81.42334222793579,156914
81.42419767379761,156914
81.42506170272827,156914
81.42670011520386,156914
81.42754983901978,156914
81.42840671539307,156914
81.4292562007904,156914
81.43011283874512,156914
81.43175411224365,156914
81.4326069355011,156914
81.43346214294434,156914
81.43432307243347,156914
81.43517899513245,156914
81.43603205680847,156914
81.4376769065857,156914
81.43853068351746,156914
81.43939089775085,156914
81.44024181365967,156914
81.44109749794006,156914
81.44273281097412,156914
81.44358348846436,156914
81.44444012641907,156914
81.44529795646667,156914
81.44615244865417,156914
81.4470100402832,156914
81.44865036010742,156914
81.4495017528534,156914
81.45035743713379,156914
81.4512107372284,156914
81.45206546783447,156914
81.45370244979858,156914
81.45456218719482,156914
81.45541644096375,156914
81.45626878738403,156914
81.4571225643158,156914
81.45876264572144,156914
81.45961236953735,156914
81.4604697227478,156914
81.46132707595825,156914
81.46218371391296,156914
81.46303868293762,156914
81.464684009552,156914
81.46554017066956,156914
81.46639204025269,156914
81.46724724769592,156914
81.46810102462769,156914
81.46973586082458,156914
81.47058701515198,156914
81.47143864631653,156914
81.47229409217834,156914
81.4731457233429,156914
81.47401428222656,156914
81.47565388679504,156914
81.47650861740112,156914
81.47736096382141,156914
81.4782133102417,156914
81.47907066345215,156914
81.48071122169495,156914
81.48156023025513,156914
81.48241353034973,156914
81.48326349258423,156914
81.48412656784058,156914
81.48576736450195,156914
81.48661303520203,156914
81.48747205734253,156914
81.48832559585571,156914
81.48917937278748,156914
81.4900324344635,156914
81.4916741847992,156914
81.49252390861511,156914
81.49338150024414,156914
81.49423885345459,156914
81.49509453773499,156914
81.49673342704773,156914
81.49758577346802,156914
81.49844241142273,156914
81.49929618835449,156914
81.50014591217041,156914
81.50178551673889,156914
81.50264024734497,156914
81.50349736213684,156914
81.50436067581177,156914
81.5052137374878,156914
81.50606989860535,156914
81.50770950317383,156914
81.50856256484985,156914
81.50941300392151,156914
81.51026821136475,156914
81.51112389564514,156914
81.51277041435242,156914
81.51361966133118,156914
81.51448106765747,156914
81.51533794403076,156914
81.51619219779968,156914
81.51704716682434,156914
81.51868891716003,156914
81.51954698562622,156914
81.52039909362793,156914
81.5212504863739,156914
81.52210354804993,156914
81.52374410629272,156914
81.52460217475891,156914
81.52545642852783,156914
81.52631425857544,156914
81.52716660499573,156914
81.52802681922913,156914
81.52966809272766,156914
81.530526638031,156914
81.53137922286987,156914
81.53222918510437,156914
81.53308939933777,156914
81.53473424911499,156914
81.53558492660522,156914
81.53644013404846,156914
81.53728985786438,156914
81.53814125061035,156914
81.5397801399231,156914
81.54063248634338,156914
81.54148483276367,156914
81.54234170913696,156914
81.54319071769714,156914
81.5440604686737,156914
81.5456931591034,156914
81.54654884338379,156914
81.54740452766418,156914
81.54825687408447,156914
81.54911255836487,156914
81.55075240135193,156914
81.55160856246948,156914
81.55245542526245,156914
81.55331015586853,156914
81.55417442321777,156914
81.55502247810364,156914
81.55666971206665,156914
81.55751895904541,156914
81.5583724975586,156914
81.55923223495483,156914
81.56008219718933,156914
81.56172275543213,156914
81.56257700920105,156914
81.56343054771423,156914
81.56429433822632,156914
81.56514358520508,156914
81.56678605079651,156914
81.56763625144958,156914
81.56849145889282,156914
81.56934261322021,156914
81.5701961517334,156914
81.57104897499084,156914
81.57269144058228,156914
81.57354760169983,156914
81.57441425323486,156914
81.57527112960815,156914
81.57612538337708,156914
81.57777094841003,156914
81.57862854003906,156914
81.5794780254364,156914
81.58033633232117,156914
81.58119297027588,156914
81.58203840255737,156914
81.58367133140564,156914
81.5845308303833,156914
81.58537459373474,156914
81.58622288703918,156914
81.58707046508789,156914
81.58870244026184,156914
81.58955073356628,156914
81.59040594100952,156914
81.59125328063965,156914
81.59210085868835,156914
81.59373354911804,156914
81.59459257125854,156914
81.59543704986572,156914
81.59628796577454,156914
81.59713530540466,156914
81.59876894950867,156914
81.59962034225464,156914
81.60046672821045,156914
81.60131478309631,156914
81.60216331481934,156914
81.60301208496094,156914
81.604656457901,156914
81.60550165176392,156914
81.60634899139404,156914
81.60719704627991,156914
81.60804891586304,156914
81.60967516899109,156914
81.61051988601685,156914
81.61136603355408,156914
81.61221313476562,156914
81.61306381225586,156914
81.61470699310303,156914
81.61555075645447,156914
81.61639857292175,156914
81.61724495887756,156914
81.61809229850769,156914
81.61972427368164,156914
81.62057209014893,156914
81.621417760849,156914
81.62226700782776,156914
81.62311673164368,156914
81.62475991249084,156914
81.6256058216095,156914
81.62645816802979,156914
81.6273078918457,156914
81.62815713882446,156914
81.62978649139404,156914
81.63063192367554,156914
81.63148260116577,156914
81.6323299407959,156914
81.63317060470581,156914
81.63403463363647,156914
81.63566207885742,156914
81.6365077495575,156914
81.6373541355133,156914
81.63819789886475,156914
81.63904762268066,156914
81.64067697525024,156914
81.64151883125305,156914
81.64236688613892,156914
81.64321374893188,156914
81.64407348632812,156914
81.64570736885071,156914
81.64655876159668,156914
81.64740300178528,156914
81.64824724197388,156914
81.649099111557,156914
81.65072798728943,156914
81.65157961845398,156914
81.65243101119995,156914
81.65327596664429,156914
81.65413522720337,156914
81.65576601028442,156914
81.65661716461182,156914
81.6574637889862,156914
81.65831160545349,156914
81.65915775299072,156914
81.66078972816467,156914
81.66163539886475,156914
81.66248631477356,156914
81.66333389282227,156914
81.66419172286987,156914
81.66504144668579,156914
81.66667366027832,156914
81.6675238609314,156914
81.66836786270142,156914
81.66921663284302,156914
81.67006301879883,156914
81.6716959476471,156914
81.67254900932312,156914
81.67339372634888,156914
81.6742537021637,156914
81.67510676383972,156914
81.67673349380493,156914
81.67758202552795,156914
81.67842960357666,156914
81.67927670478821,156914
81.68012571334839,156914
81.68175768852234,156914
81.68260407447815,156914
81.68345212936401,156914
81.68430733680725,156914
81.68515634536743,156914
81.6867892742157,156914
81.68763542175293,156914
81.68848633766174,156914
81.68933439254761,156914
81.69018697738647,156914
81.69103479385376,156914
81.69266605377197,156914
81.6935133934021,156914
81.69436764717102,156914
81.69522190093994,156914
81.69606757164001,156914
81.6977002620697,156914
81.69854760169983,156914
81.69939351081848,156914
81.70024299621582,156914
81.70109438896179,156914
81.70272088050842,156914
81.70356583595276,156914
81.70442485809326,156914
81.70527172088623,156914
81.70611691474915,156914
81.70774841308594,156914
81.70859813690186,156914
81.70944404602051,156914
81.71029782295227,156914
81.7111427783966,156914
81.7127776145935,156914
81.71362447738647,156914
81.71448016166687,156914
81.71532821655273,156914
81.71617269515991,156914
81.71702265739441,156914
81.7186496257782,156914
81.71949625015259,156914
81.72034406661987,156914
81.72119140625,156914
81.72204685211182,156914
81.72367453575134,156914
81.72453689575195,156914
81.72538948059082,156914
81.7262315750122,156914
81.7270781993866,156914
81.72871613502502,156914
81.72956490516663,156914
81.7304174900055,156914
81.73126149177551,156914
81.73210835456848,156914
81.73374271392822,156914
81.73460388183594,156914
81.73545503616333,156914
81.73630023002625,156914
81.73715114593506,156914
81.73878169059753,156914
81.73963499069214,156914
81.74047923088074,156914
81.74132490158081,156914
81.74217438697815,156914
81.74302244186401,156914
81.74466180801392,156914
81.74551391601562,156914
81.74635767936707,156914
81.74720525741577,156914
81.74805402755737,156914
81.74968481063843,156914
81.75053477287292,156914
81.75138545036316,156914
81.75223231315613,156914
81.75308012962341,156914
81.75471949577332,156914
81.75556969642639,156914
81.75641798973083,156914
81.75726819038391,156914
81.75811457633972,156914
81.75974035263062,156914
81.76059079170227,156914
81.76143717765808,156914
81.76228547096252,156914
81.76313209533691,156914
81.76477670669556,156914
81.76562571525574,156914
81.76647472381592,156914
81.76731777191162,156914
81.7681667804718,156914
81.76901626586914,156914
81.77064871788025,156914
81.7714958190918,156914
81.77234649658203,156914
81.77319669723511,156914
81.77405405044556,156914
81.77568340301514,156914
81.77653002738953,156914
81.7773814201355,156914
81.77822875976562,156914
81.77907919883728,156914
81.78071093559265,156914
81.78155779838562,156914
81.78240156173706,156914
81.78325319290161,156914
81.78410959243774,156914
81.78573942184448,156914
81.78658843040466,156914
81.78743267059326,156914
81.78827929496765,156914
81.78912734985352,156914
81.7907612323761,156914
81.79160809516907,156914
81.79245328903198,156914
81.79330110549927,156914
81.79415678977966,156914
81.79500579833984,156914
81.79664278030396,156914
81.79749321937561,156914
81.79834032058716,156914
81.79918622970581,156914
81.80003452301025,156914
81.80166530609131,156914
81.80250668525696,156914
81.80335927009583,156914
81.80421209335327,156914
81.80506086349487,156914
81.80669641494751,156914
81.80754542350769,156914
81.80838918685913,156914
81.80923557281494,156914
81.81008434295654,156914
81.81172013282776,156914
81.81257176399231,156914
81.81341433525085,156914
81.81427145004272,156914
81.81511855125427,156914
81.81675243377686,156914
81.81760120391846,156914
81.81845021247864,156914
81.81929779052734,156914
81.82013940811157,156914
81.82177209854126,156914
81.8226215839386,156914
81.82347083091736,156914
81.82432794570923,156914
81.82517504692078,156914
81.82602167129517,156914
81.82765340805054,156914
81.8285026550293,156914
81.82935070991516,156914
81.83019757270813,156914
81.83104848861694,156914
81.83268189430237,156914
81.83353209495544,156914
81.83438873291016,156914
81.83523344993591,156914
81.8360812664032,156914
81.83771777153015,156914
81.83856582641602,156914
81.83941054344177,156914
81.84025955200195,156914
81.84111261367798,156914
81.84274125099182,156914
81.84359431266785,156914
81.84444975852966,156914
81.84529757499695,156914
81.8461434841156,156914
81.84777474403381,156914
81.8486213684082,156914
81.84947037696838,156914
81.85031962394714,156914
81.85116982460022,156914
81.85201501846313,156914
81.85364365577698,156914
81.85450077056885,156914
81.85534906387329,156914
81.85620188713074,156914
81.85705304145813,156914
81.85868978500366,156914
81.85953736305237,156914
81.86038208007812,156914
81.86123156547546,156914
81.86207795143127,156914
81.8637113571167,156914
81.86456775665283,156914
81.86541724205017,156914
81.8662657737732,156914
81.86711263656616,156914
81.86874628067017,156914
81.86959481239319,156914
81.87044048309326,156914
81.87129068374634,156914
81.87213897705078,156914
81.87377166748047,156914
81.87462663650513,156914
81.8754780292511,156914
81.8763267993927,156914
81.87717080116272,156914
81.87802124023438,156914
81.87964963912964,156914
81.8805000782013,156914
81.88134908676147,156914
81.88219666481018,156914
81.88304829597473,156914
81.88468599319458,156914
81.88553524017334,156914
81.88638162612915,156914
81.8872287273407,156914
81.88807678222656,156914
81.88970708847046,156914
81.89055228233337,156914
81.89140295982361,156914
81.8922483921051,156914
81.89309620857239,156914
81.89473509788513,156914
81.89558005332947,156914
81.8964273929596,156914
81.89727878570557,156914
81.8981282711029,156914
81.89976143836975,156914
81.90060925483704,156914
81.90145516395569,156914
81.90230464935303,156914
81.90315175056458,156914
81.90401339530945,156914
81.90563988685608,156914
81.90649151802063,156914
81.90733790397644,156914
81.90818309783936,156914
81.90903401374817,156914
81.91065859794617,156914
81.91150641441345,156914
81.91235160827637,156914
81.91320157051086,156914
81.91406083106995,156914
81.91568660736084,156914
81.9165358543396,156914
81.91738104820251,156914
81.91823029518127,156914
81.91907835006714,156914
81.92071008682251,156914
81.92155623435974,156914
81.92240500450134,156914
81.92325353622437,156914
81.92410564422607,156914
81.92573261260986,156914
81.92657971382141,156914
81.92742490768433,156914
81.92827296257019,156914
81.92912268638611,156914
81.93075561523438,156914
81.93160653114319,156914
81.93245148658752,156914
81.93329906463623,156914
81.93415832519531,156914
81.93500709533691,156914
81.93663787841797,156914
81.93748331069946,156914
81.9383294582367,156914
81.93917870521545,156914
81.9400246143341,156914
81.94165110588074,156914
81.94249415397644,156914
81.94334363937378,156914
81.94419884681702,156914
81.94504952430725,156914
81.94667649269104,156914
81.94752550125122,156914
81.94836926460266,156914
81.9492175579071,156914
81.95006656646729,156914
81.95170187950134,156914
81.95255017280579,156914
81.95339512825012,156914
81.95425295829773,156914
81.95509958267212,156914
81.95673561096191,156914
81.95758557319641,156914
81.95843172073364,156914
81.95928001403809,156914
81.96012663841248,156914
81.96175813674927,156914
81.96260333061218,156914
81.96345138549805,156914
81.96431159973145,156914
81.96515774726868,156914
81.96600914001465,156914
81.96763610839844,156914
81.96848630905151,156914
81.96933603286743,156914
81.97018051147461,156914
81.9710283279419,156914
81.97265934944153,156914
81.97350978851318,156914
81.97436785697937,156914
81.97521257400513,156914
81.976065158844,156914
81.97769808769226,156914
81.97854804992676,156914
81.97939038276672,156914
81.98024082183838,156914
81.98108696937561,156914
81.9827127456665,156914
81.98356127738953,156914
81.98441171646118,156914
81.98526239395142,156914
81.98610877990723,156914
81.98773264884949,156914
81.98857975006104,156914
81.98942852020264,156914
81.99026989936829,156914
81.99112176895142,156914
81.99275398254395,156914
81.99360203742981,156914
81.99445652961731,156914
81.99530363082886,156914
81.99614787101746,156914
81.99777960777283,156914
81.99862909317017,156914
81.99948048591614,156914
82.0003309249878,156914
82.00118136405945,156914
82.00203323364258,156914
82.00365591049194,156914
82.00451636314392,156914
82.00536346435547,156914
82.00620770454407,156914
82.00706171989441,156914
82.00869226455688,156914
82.00954294204712,156914
82.01038551330566,156914
82.01123332977295,156914
82.01208233833313,156914
82.01371622085571,156914
82.01457524299622,156914
82.01541686058044,156914
82.01626563072205,156914
82.01711821556091,156914
82.01874470710754,156914
82.0195951461792,156914
82.02044486999512,156914
82.02128911018372,156914
82.02213454246521,156914
82.02376532554626,156914
82.02462553977966,156914
82.02547121047974,156914
82.02631878852844,156914
82.02717018127441,156914
82.02801966667175,156914
82.02964687347412,156914
82.03049111366272,156914
82.03134083747864,156914
82.03218507766724,156914
82.03303647041321,156914
82.03468060493469,156914
82.03553080558777,156914
82.03638172149658,156914
82.03722810745239,156914
82.038076877594,156914
82.0397047996521,156914
82.04055309295654,156914
82.04139924049377,156914
82.04224681854248,156914
82.04309034347534,156914
82.04473304748535,156914
82.04558157920837,156914
82.04643154144287,156914
82.0472800731659,156914
82.04812264442444,156914
82.04975461959839,156914
82.05060291290283,156914
82.05144882202148,156914
82.0522985458374,156914
82.05314421653748,156914
82.0547845363617,156914
82.05563259124756,156914
82.05648231506348,156914
82.0573296546936,156914
82.05817079544067,156914
82.05902457237244,156914
82.06065273284912,156914
82.06149744987488,156914
82.0623471736908,156914
82.06319212913513,156914
82.06404948234558,156914
82.06568026542664,156914
82.0665283203125,156914
82.06737875938416,156914
82.06822490692139,156914
82.06907439231873,156914
82.07070899009705,156914
82.07155966758728,156914
82.07240700721741,156914
82.0732569694519,156914
82.07411456108093,156914
82.07574510574341,156914
82.07659316062927,156914
82.07744216918945,156914
82.07828879356384,156914
82.07914137840271,156914
82.08076882362366,156914
82.08161425590515,156914
82.08245992660522,156914
82.08330392837524,156914
82.08415818214417,156914
82.0850121974945,156914
82.08664345741272,156914
82.08749032020569,156914
82.0883355140686,156914
82.0891842842102,156914
82.09003114700317,156914
82.09166097640991,156914
82.09251308441162,156914
82.09335780143738,156914
82.09421682357788,156914
82.09506392478943,156914
82.09669542312622,156914
82.09754681587219,156914
82.098384141922,156914
82.0992317199707,156914
82.10008549690247,156914
82.10171508789062,156914
82.10256171226501,156914
82.10340881347656,156914
82.10426545143127,156914
82.10511422157288,156914
82.10674214363098,156914
82.10759329795837,156914
82.10843706130981,156914
82.1092848777771,156914
82.1101324558258,156914
82.11176133155823,156914
82.1126127243042,156914
82.1134569644928,156914
82.11431336402893,156914
82.115163564682,156914
82.11601185798645,156914
82.11764597892761,156914
82.11849188804626,156914
82.11934041976929,156914
82.12018585205078,156914
82.12103390693665,156914
82.12266826629639,156914
82.12351584434509,156914
82.12437081336975,156914
82.12522077560425,156914
82.12607216835022,156914
82.12771415710449,156914
82.12855982780457,156914
82.1294116973877,156914
82.13026237487793,156914
82.13111090660095,156914
82.13274693489075,156914
82.13359642028809,156914
82.13445115089417,156914
82.13530349731445,156914
82.13615155220032,156914
82.1377911567688,156914
82.13863182067871,156914
82.13947749137878,156914
82.1403295993805,156914
82.14117980003357,156914
82.14202618598938,156914
82.14366030693054,156914
82.14451885223389,156914
82.14537048339844,156914
82.14621257781982,156914
82.14706182479858,156914
82.1486873626709,156914
82.14953780174255,156914
82.15038228034973,156914
82.15123057365417,156914
82.15207934379578,156914
82.15370273590088,156914
82.15456318855286,156914
82.1554069519043,156914
82.15625381469727,156914
82.15710163116455,156914
82.15872979164124,156914
82.15957832336426,156914
82.16042733192444,156914
82.16127467155457,156914
82.16212391853333,156914
82.16375303268433,156914
82.16461110115051,156914
82.16545701026917,156914
82.16630554199219,156914
82.16715502738953,156914
82.16878819465637,156914
82.1696343421936,156914
82.17048597335815,156914
82.17133569717407,156914
82.1721842288971,156914
82.17303156852722,156914
82.17467069625854,156914
82.17552280426025,156914
82.17636799812317,156914
82.17721724510193,156914
82.17806649208069,156914
82.17969584465027,156914
82.18054389953613,156914
82.1813895702362,156914
82.18223905563354,156914
82.18309092521667,156914
82.18472909927368,156914
82.1855788230896,156914
82.18642449378967,156914
82.18727564811707,156914
82.18812227249146,156914
82.18975257873535,156914
82.19060587882996,156914
82.1914496421814,156914
82.19229674339294,156914
82.19314503669739,156914
82.19400668144226,156914
82.19564032554626,156914
82.1964864730835,156914
82.1973352432251,156914
82.19818210601807,156914
82.19903111457825,156914
82.20066356658936,156914
82.20151162147522,156914
82.20235919952393,156914
82.20320463180542,156914
82.20406794548035,156914
82.2056953907013,156914
82.20654463768005,156914
82.20739245414734,156914
82.20823788642883,156914
82.20908498764038,156914
82.21071791648865,156914
82.21156764030457,156914
82.21241354942322,156914
82.21326494216919,156914
82.21412134170532,156914
82.21575832366943,156914
82.21660375595093,156914
82.21745204925537,156914
82.21829867362976,156914
82.21914577484131,156914
82.220778465271,156914
82.2216260433197,156914
82.22247266769409,156914
82.22331833839417,156914
82.22416973114014,156914
82.22502040863037,156914
82.22665286064148,156914
82.22750043869019,156914
82.2283546924591,156914
82.22919917106628,156914
82.23005032539368,156914
82.23167729377747,156914
82.23252367973328,156914
82.23336863517761,156914
82.23422265052795,156914
82.23507189750671,156914
82.23670649528503,156914
82.23755431175232,156914
82.2384021282196,156914
82.23924922943115,156914
82.2400975227356,156914
82.24172735214233,156914
82.24257969856262,156914
82.24342632293701,156914
82.24428224563599,156914
82.24513030052185,156914
82.24676251411438,156914
82.24761462211609,156914
82.2484622001648,156914
82.24930787086487,156914
82.250155210495,156914
82.25100588798523,156914
82.2526330947876,156914
82.2534830570221,156914
82.25433731079102,156914
82.25518608093262,156914
82.25604009628296,156914
82.25767421722412,156914
82.25852012634277,156914
82.25936555862427,156914
82.26021432876587,156914
82.26106595993042,156914
82.26269888877869,156914
82.26354718208313,156914
82.26440525054932,156914
82.26525259017944,156914
82.26610064506531,156914
82.26772904396057,156914
82.26857900619507,156914
82.2694263458252,156914
82.27027702331543,156914
82.27112483978271,156914
82.27275443077087,156914
82.27360248565674,156914
82.27445840835571,156914
82.2753074169159,156914
82.27615666389465,156914
82.27700662612915,156914
82.27863788604736,156914
82.27948760986328,156914
82.28033208847046,156914
82.28118252754211,156914
82.28203320503235,156914
82.28366112709045,156914
82.28451418876648,156914
82.28536081314087,156914
82.2862114906311,156914
82.28706002235413,156914
82.28869032859802,156914
82.28953671455383,156914
82.29038143157959,156914
82.29123091697693,156914
82.29207277297974,156914
82.2937080860138,156914
82.29456830024719,156914
82.29541277885437,156914
82.29626083374023,156914
82.29710817337036,156914
82.29874229431152,156914
82.29959011077881,156914
82.30044221878052,156914
82.30129337310791,156914
82.30213737487793,156914
82.30377054214478,156914
82.30463171005249,156914
82.3054792881012,156914
82.30632853507996,156914
82.30717396736145,156914
82.30802369117737,156914
82.30965065956116,156914
82.31049346923828,156914
82.31134629249573,156914
82.3121907711029,156914
82.31304001808167,156914
82.31467652320862,156914
82.31552910804749,156914
82.31637406349182,156914
82.31722021102905,156914
82.3180685043335,156914
82.3196952342987,156914
82.32054305076599,156914
82.32138919830322,156914
82.32223534584045,156914
82.32308554649353,156914
82.32472729682922,156914
82.32557845115662,156914
82.3264217376709,156914
82.32727122306824,156914
82.3281180858612,156914
82.32974433898926,156914
82.33059000968933,156914
82.33144164085388,156914
82.33229041099548,156914
82.33314037322998,156914
82.3347852230072,156914
82.33563590049744,156914
82.3364827632904,156914
82.337331533432,156914
82.33817529678345,156914
82.3390281200409,156914
82.34065198898315,156914
82.34150004386902,156914
82.34234690666199,156914
82.34319996833801,156914
82.34406018257141,156914
82.34568786621094,156914
82.34653830528259,156914
82.34738278388977,156914
82.34823107719421,156914
82.34908056259155,156914
82.35071229934692,156914
82.35156178474426,156914
82.35240602493286,156914
82.3532543182373,156914
82.35411381721497,156914
82.35574293136597,156914
82.35659456253052,156914
82.35744094848633,156914
82.35828995704651,156914
82.35913705825806,156914
82.36076855659485,156914
82.36161756515503,156914
82.36246824264526,156914
82.3633165359497,156914
82.3641746044159,156914
82.36502718925476,156914
82.36666083335876,156914
82.3675103187561,156914
82.36835050582886,156914
82.36920118331909,156914
82.37005114555359,156914
82.37168073654175,156914
82.37252163887024,156914
82.37336683273315,156914
82.37422180175781,156914
82.37507224082947,156914
82.37670564651489,156914
82.37755346298218,156914
82.3784008026123,156914
82.37924885749817,156914
82.38010144233704,156914
82.38173222541809,156914
82.382577419281,156914
82.38342452049255,156914
82.3842830657959,156914
82.38512825965881,156914
82.38676118850708,156914
82.38761258125305,156914
82.38845491409302,156914
82.38930654525757,156914
82.39015531539917,156914
82.39178490638733,156914
82.3926329612732,156914
82.39348196983337,156914
82.39434266090393,156914
82.39519095420837,156914
82.39604067802429,156914
82.39766335487366,156914
82.39850783348083,156914
82.39935803413391,156914
82.40020418167114,156914
82.40105724334717,156914
82.40268969535828,156914
82.40353655815125,156914
82.40439534187317,156914
82.4052426815033,156914
82.40609240531921,156914
82.40772104263306,156914
82.40857076644897,156914
82.40941953659058,156914
82.41026496887207,156914
82.41111207008362,156914
82.41274189949036,156914
82.41359615325928,156914
82.41445422172546,156914
82.4152991771698,156914
82.41614866256714,156914
82.41778063774109,156914
82.41862726211548,156914
82.41947841644287,156914
82.4203245639801,156914
82.42117214202881,156914
82.42202138900757,156914
82.4236490726471,156914
82.42451119422913,156914
82.42535901069641,156914
82.42620420455933,156914
82.4270567893982,156914
82.42868685722351,156914
82.42953324317932,156914
82.43038272857666,156914
82.431232213974,156914
82.43208241462708,156914
82.43371438980103,156914
82.43457531929016,156914
82.43542098999023,156914
82.43626880645752,156914
82.4371178150177,156914
82.43875193595886,156914
82.43960571289062,156914
82.44044899940491,156914
82.44129753112793,156914
82.44214987754822,156914
82.44377565383911,156914
82.44463872909546,156914
82.44548273086548,156914
82.44632983207703,156914
82.4471845626831,156914
82.44802951812744,156914
82.44966316223145,156914
82.45050859451294,156914
82.45135688781738,156914
82.45220685005188,156914
82.45305848121643,156914
82.45469737052917,156914
82.45554327964783,156914
82.45639133453369,156914
82.45724105834961,156914
82.45809197425842,156914
82.45972347259521,156914
82.46057271957397,156914
82.46141862869263,156914
82.4622642993927,156914
82.46311235427856,156914
82.46475315093994,156914
82.46560049057007,156914
82.46644902229309,156914
82.46730041503906,156914
82.46814441680908,156914
82.46977829933167,156914
82.4706244468689,156914
82.47147035598755,156914
82.47231936454773,156914
82.47316884994507,156914
82.47402930259705,156914
82.475656747818,156914
82.47650814056396,156914
82.47735524177551,156914
82.47820377349854,156914
82.47905206680298,156914
82.48068404197693,156914
82.48153233528137,156914
82.48238372802734,156914
82.48323225975037,156914
82.48409080505371,156914
82.48572158813477,156914
82.48657178878784,156914
82.48742079734802,156914
82.48827004432678,156914
82.48911833763123,156914
82.4907500743866,156914
82.49160051345825,156914
82.49245047569275,156914
82.49329805374146,156914
82.49415111541748,156914
82.49500679969788,156914
82.49663352966309,156914
82.49748420715332,156914
82.4983298778534,156914
82.49917888641357,156914
82.50003027915955,156914
82.50165605545044,156914
82.50250554084778,156914
82.50335502624512,156914
82.50420951843262,156914
82.50505948066711,156914
82.50668621063232,156914
82.50753498077393,156914
82.50838446617126,156914
82.50923371315002,156914
82.51008486747742,156914
82.5117130279541,156914
82.51255989074707,156914
82.51341032981873,156914
82.51427221298218,156914
82.5151195526123,156914
82.51674175262451,156914
82.51758813858032,156914
82.51843023300171,156914
82.51928377151489,156914
82.52013158798218,156914
82.52175903320312,156914
82.52260780334473,156914
82.52345371246338,156914
82.52431058883667,156914
82.5251567363739,156914
82.52678275108337,156914
82.52763485908508,156914
82.5284833908081,156914
82.52933239936829,156914
82.53017783164978,156914
82.53102850914001,156914
82.53265738487244,156914
82.53350305557251,156914
82.53436136245728,156914
82.53520846366882,156914
82.53606033325195,156914
82.5376889705658,156914
82.53853631019592,156914
82.53937935829163,156914
82.54022860527039,156914
82.54107642173767,156914
82.54270672798157,156914
82.54355573654175,156914
82.54441833496094,156914
82.54526329040527,156914
82.54611039161682,156914
82.54774594306946,156914
82.54859590530396,156914
82.54944396018982,156914
82.55028915405273,156914
82.55113530158997,156914
82.5527675151825,156914
82.55361342430115,156914
82.55447220802307,156914
82.55532312393188,156914
82.55616974830627,156914
82.55702328681946,156914
82.55864977836609,156914
82.55949258804321,156914
82.5603461265564,156914
82.56118679046631,156914
82.56204009056091,156914
82.56367325782776,156914
82.56453204154968,156914
82.56538033485413,156914
82.56622529029846,156914
82.56707811355591,156914
82.56870865821838,156914
82.5695583820343,156914
82.57040452957153,156914
82.57125234603882,156914
82.57210087776184,156914
82.57373118400574,156914
82.57458662986755,156914
82.57543921470642,156914
82.57628607749939,156914
82.57713484764099,156914
82.57876825332642,156914
82.57961559295654,156914
82.58046269416809,156914
82.58130931854248,156914
82.5821602344513,156914
82.58378434181213,156914
82.58464121818542,156914
82.58549237251282,156914
82.58634448051453,156914
82.58719277381897,156914
82.58804225921631,156914
82.58967113494873,156914
82.59052085876465,156914
82.59136509895325,156914
82.59220957756042,156914
82.59306168556213,156914
82.59470462799072,156914
82.59555459022522,156914
82.59640097618103,156914
82.59725022315979,156914
82.59810066223145,156914
82.59972381591797,156914
82.60056900978088,156914
82.60141563415527,156914
82.60226583480835,156914
82.60311460494995,156914
82.60475397109985,156914
82.60560131072998,156914
82.60644721984863,156914
82.60729956626892,156914
82.60814642906189,156914
82.60977792739868,156914
82.61062550544739,156914
82.61147236824036,156914
82.61232113838196,156914
82.61316704750061,156914
82.61402773857117,156914
82.61565518379211,156914
82.61650562286377,156914
82.61734771728516,156914
82.61819958686829,156914
82.61905074119568,156914
82.62068295478821,156914
82.6215307712555,156914
82.62237644195557,156914
82.62321925163269,156914
82.62407994270325,156914
82.62570810317993,156914
82.62655591964722,156914
82.62740206718445,156914
82.62825131416321,156914
82.6290979385376,156914
82.63073015213013,156914
82.63157892227173,156914
82.63242769241333,156914
82.63327503204346,156914
82.63413119316101,156914
82.6357729434967,156914
82.6366195678711,156914
82.6374671459198,156914
82.63831901550293,156914
82.63916516304016,156914
82.64001202583313,156914
82.64163994789124,156914
82.64248752593994,156914
82.64334034919739,156914
82.64419460296631,156914
82.64504384994507,156914
82.64667558670044,156914
82.64752578735352,156914
82.64837074279785,156914
82.64921689033508,156914
82.65006637573242,156914
82.65169644355774,156914
82.6525444984436,156914
82.65339422225952,156914
82.65425300598145,156914
82.65509986877441,156914
82.65673303604126,156914
82.65758395195007,156914
82.65843224525452,156914
82.6592800617218,156914
82.66012620925903,156914
82.6617500782013,156914
82.66259813308716,156914
82.6634430885315,156914
82.66429734230042,156914
82.66514420509338,156914
82.66677808761597,156914
82.66762471199036,156914
82.66847395896912,156914
82.66932082176208,156914
82.67017340660095,156914
82.67102193832397,156914
82.67265748977661,156914
82.67350602149963,156914
82.67435908317566,156914
82.67520689964294,156914
82.67606019973755,156914
82.67768931388855,156914
82.67853498458862,156914
82.67938327789307,156914
82.68022966384888,156914
82.68108057975769,156914
82.68271899223328,156914
82.68356919288635,156914
82.68442106246948,156914
82.68526434898376,156914
82.68611574172974,156914
82.68774747848511,156914
82.6885974407196,156914
82.68944215774536,156914
82.69028782844543,156914
82.69113445281982,156914
82.69276690483093,156914
82.69361591339111,156914
82.69446849822998,156914
82.69532060623169,156914
82.69616913795471,156914
82.69701933860779,156914
82.69864845275879,156914
82.69949722290039,156914
82.70034885406494,156914
82.70119738578796,156914
82.70204639434814,156914
82.7036702632904,156914
82.70452904701233,156914
82.7053759098053,156914
82.70622062683105,156914
82.7070689201355,156914
82.70870184898376,156914
82.70954751968384,156914
82.71039366722107,156914
82.71124505996704,156914
82.71209120750427,156914
82.71372294425964,156914
82.71458196640015,156914
82.71542620658875,156914
82.71627473831177,156914
82.71712064743042,156914
82.7187557220459,156914
82.71960735321045,156914
82.72044920921326,156914
82.72129726409912,156914
82.72214150428772,156914
82.72377157211304,156914
82.72462892532349,156914
82.72547626495361,156914
82.726327419281,156914
82.72717475891113,156914
82.72802233695984,156914
82.72965383529663,156914
82.73050236701965,156914
82.73135614395142,156914
82.73219799995422,156914
82.73304486274719,156914
82.73467946052551,156914
82.73552012443542,156914
82.73637509346008,156914
82.73722052574158,156914
82.73806929588318,156914
82.7397084236145,156914
82.74055981636047,156914
82.7414116859436,156914
82.74226140975952,156914
82.74310684204102,156914
82.74475932121277,156914
82.74561262130737,156914
82.7464702129364,156914
82.7473201751709,156914
82.74817132949829,156914
82.74902248382568,156914
82.75065493583679,156914
82.75150728225708,156914
82.752357006073,156914
82.75320410728455,156914
82.7540636062622,156914
82.75570392608643,156914
82.75655913352966,156914
82.75740838050842,156914
82.75825810432434,156914
82.75910425186157,156914
82.76074409484863,156914
82.76160335540771,156914
82.76245832443237,156914
82.76330924034119,156914
82.76416492462158,156914
82.7650158405304,156914
82.76666021347046,156914
82.76751208305359,156914
82.76836466789246,156914
82.7692186832428,156914
82.77006030082703,156914
82.77169799804688,156914
82.77255296707153,156914
82.77340459823608,156914
82.77426481246948,156914
82.77511143684387,156914
82.77675223350525,156914
82.77760696411133,156914
82.77846026420593,156914
82.77931308746338,156914
82.78016018867493,156914
82.78100824356079,156914
82.78264880180359,156914
82.7835009098053,156914
82.7843668460846,156914
82.78521585464478,156914
82.78606462478638,156914
82.78770422935486,156914
82.78855538368225,156914
82.78940606117249,156914
82.79025483131409,156914
82.791100025177,156914
82.79273962974548,156914
82.79359555244446,156914
82.79445934295654,156914
82.7953109741211,156914
82.7961597442627,156914
82.79700636863708,156914
82.79864382743835,156914
82.79949760437012,156914
82.80034899711609,156914
82.80119466781616,156914
82.80204367637634,156914
82.80367994308472,156914
82.80454182624817,156914
82.80539345741272,156914
82.80624127388,156914
82.80709147453308,156914
82.80872964859009,156914
82.80958533287048,156914
82.81043553352356,156914
82.81128215789795,156914
82.8121325969696,156914
82.81377053260803,156914
82.8146333694458,156914
82.81549000740051,156914
82.81633973121643,156914
82.81718707084656,156914
82.81803512573242,156914
82.81967616081238,156914
82.82053256034851,156914
82.82138395309448,156914
82.8222336769104,156914
82.823082447052,156914
82.82472920417786,156914
82.82558107376099,156914
82.8264331817627,156914
82.82728147506714,156914
82.82812857627869,156914
82.82977080345154,156914
82.83062410354614,156914
82.83147859573364,156914
82.83233094215393,156914
82.83317637443542,156914
82.83403658866882,156914
82.83567905426025,156914
82.83653140068054,156914
82.83738088607788,156914
82.83822870254517,156914
82.83907985687256,156914
82.8407232761383,156914
82.84157967567444,156914
82.84242916107178,156914
82.84327745437622,156914
82.84412717819214,156914
82.84576535224915,156914
82.84662079811096,156914
82.84747576713562,156914
82.8483247756958,156914
82.84917330741882,156914
82.85002374649048,156914
82.85166144371033,156914
82.85251665115356,156914
82.8533673286438,156914
82.85422325134277,156914
82.85507488250732,156914
82.8567099571228,156914
82.85756516456604,156914
82.85841488838196,156914
82.8592619895935,156914
82.86011028289795,156914
82.86174774169922,156914
82.86260414123535,156914
82.86345934867859,156914
82.86432027816772,156914
82.86517190933228,156914
82.86601901054382,156914
82.86766123771667,156914
82.86851477622986,156914
82.86936640739441,156914
82.87021684646606,156914
82.87106204032898,156914
82.87270188331604,156914
82.87355518341064,156914
82.87441229820251,156914
82.87526082992554,156914
82.8761076927185,156914
82.87775158882141,156914
82.87860369682312,156914
82.87945795059204,156914
82.88031077384949,156914
82.88115549087524,156914
82.88279724121094,156914
82.88365149497986,156914
82.88451313972473,156914
82.88536620140076,156914
82.88621068000793,156914
82.8870644569397,156914
82.88870286941528,156914
82.88955664634705,156914
82.89041018486023,156914
82.89125680923462,156914
82.89210557937622,156914
82.89374375343323,156914
82.89460945129395,156914
82.89546704292297,156914
82.89631843566895,156914
82.89716649055481,156914
82.89801454544067,156914
82.8996524810791,156914
82.90050911903381,156914
82.901358127594,156914
82.90220379829407,156914
82.90305376052856,156914
82.90470504760742,156914
82.90556025505066,156914
82.9064109325409,156914
82.90726017951965,156914
82.90810513496399,156914
82.9097466468811,156914
82.91060256958008,156914
82.9114511013031,156914
82.91230010986328,156914
82.91315007209778,156914
82.91400694847107,156914
82.91564559936523,156914
82.91650152206421,156914
82.9173538684845,156914
82.91820406913757,156914
82.91905522346497,156914
82.92068862915039,156914
82.92154216766357,156914
82.92239451408386,156914
82.92324471473694,156914
82.92410492897034,156914
82.9257402420044,156914
82.92659521102905,156914
82.92744660377502,156914
82.92829608917236,156914
82.92914295196533,156914
82.93078827857971,156914
82.93163776397705,156914
82.93249440193176,156914
82.93334579467773,156914
82.93420100212097,156914
82.93505001068115,156914
82.93668675422668,156914
82.93754029273987,156914
82.93839287757874,156914
82.93924188613892,156914
82.94008803367615,156914
82.94172477722168,156914
82.94258618354797,156914
82.94343662261963,156914
82.9442925453186,156914
82.94514036178589,156914
82.9467785358429,156914
82.94763112068176,156914
82.94848680496216,156914
82.94933986663818,156914
82.95019197463989,156914
82.95104146003723,156914
82.95268273353577,156914
82.95353960990906,156914
82.95440149307251,156914
82.95524954795837,156914
82.95609879493713,156914
82.95773506164551,156914
82.95859026908875,156914
82.95944213867188,156914
82.96029019355774,156914
82.96114015579224,156914
82.96277809143066,156914
82.963632106781,156914
82.96449613571167,156914
82.96534943580627,156914
82.96620178222656,156914
82.96704816818237,156914
82.9686963558197,156914
82.96955156326294,156914
82.97040867805481,156914
82.971262216568,156914
82.97210931777954,156914
82.97375535964966,156914
82.97461676597595,156914
82.97547006607056,156914
82.97632360458374,156914
82.97717189788818,156914
82.97801899909973,156914
82.97965264320374,156914
82.9805064201355,156914
82.98136067390442,156914
82.98220682144165,156914
82.98305654525757,156914
82.9847059249878,156914
82.9855568408966,156914
82.9864068031311,156914
82.98725533485413,156914
82.98810195922852,156914
82.98974204063416,156914
82.99059271812439,156914
82.99144220352173,156914
82.99229097366333,156914
82.99313473701477,156914
82.99478244781494,156914
82.99563384056091,156914
82.99648880958557,156914
82.99733686447144,156914
82.99818682670593,156914
82.99903297424316,156914
83.00067520141602,156914
83.0015287399292,156914
83.00238466262817,156914
83.00323462486267,156914
83.00408983230591,156914
83.00573015213013,156914
83.00658559799194,156914
83.0074360370636,156914
83.00828957557678,156914
83.00913524627686,156914
83.0107810497284,156914
83.01163816452026,156914
83.01249122619629,156914
83.01334166526794,156914
83.0142011642456,156914
83.01504945755005,156914
83.01668906211853,156914
83.01754140853882,156914
83.01839137077332,156914
83.01924014091492,156914
83.02009105682373,156914
83.02172803878784,156914
83.02257919311523,156914
83.02342820167542,156914
83.02428460121155,156914
83.02513122558594,156914
83.02676939964294,156914
83.02762413024902,156914
83.0284788608551,156914
83.02933382987976,156914
83.03018093109131,156914
83.03102993965149,156914
83.03266525268555,156914
83.03351879119873,156914
83.03438138961792,156914
83.03522753715515,156914
83.03607678413391,156914
83.03771567344666,156914
83.0385673046112,156914
83.03941893577576,156914
83.04026699066162,156914
83.04111218452454,156914
83.04274940490723,156914
83.04360485076904,156914
83.0444700717926,156914
83.04532194137573,156914
83.0461699962616,156914
83.04701948165894,156914
83.04866147041321,156914
83.04951763153076,156914
83.05036854743958,156914
83.05121541023254,156914
83.05206489562988,156914
83.05370354652405,156914
83.05456733703613,156914
83.05541729927063,156914
83.05626630783081,156914
83.05711436271667,156914
83.058753490448,156914
83.0596113204956,156914
83.06046509742737,156914
83.0613169670105,156914
83.06216430664062,156914
83.06301212310791,156914
83.06466054916382,156914
83.06551456451416,156914
83.06636667251587,156914
83.06721544265747,156914
83.06806206703186,156914
83.06970429420471,156914
83.07055807113647,156914
83.07141017913818,156914
83.0722599029541,156914
83.07310676574707,156914
83.07475185394287,156914
83.07560801506042,156914
83.07646036148071,156914
83.07731342315674,156914
83.0781614780426,156914
83.07901191711426,156914
83.08065056800842,156914
83.08150386810303,156914
83.08235573768616,156914
83.08320379257202,156914
83.08406257629395,156914
83.08569884300232,156914
83.08655142784119,156914
83.0874035358429,156914
83.08825182914734,156914
83.08910393714905,156914
83.09073758125305,156914
83.09158945083618,156914
83.09243893623352,156914
83.09328866004944,156914
83.09414577484131,156914
83.09578728675842,156914
83.09664273262024,156914
83.09749841690063,156914
83.09835004806519,156914
83.0991940498352,156914
83.1000463962555,156914
83.10168242454529,156914
83.10253763198853,156914
83.10339021682739,156914
83.10424709320068,156914
83.10509872436523,156914
83.10673522949219,156914
83.10758876800537,156914
83.10843634605408,156914
83.10928678512573,156914
83.11013293266296,156914
83.11177396774292,156914
83.11263012886047,156914
83.11348271369934,156914
83.11434268951416,156914
83.11519050598145,156914
83.11603903770447,156914
83.11767745018005,156914
83.11853408813477,156914
83.11938309669495,156914
83.12023544311523,156914
83.12108421325684,156914
83.12272453308105,156914
83.12357640266418,156914
83.12443780899048,156914
83.12528681755066,156914
83.12613153457642,156914
83.127774477005,156914
83.12863183021545,156914
83.12948775291443,156914
83.13034391403198,156914
83.13119411468506,156914
83.13204526901245,156914
83.13368582725525,156914
83.13454937934875,156914
83.13540172576904,156914
83.13624787330627,156914
83.1370997428894,156914
83.13873958587646,156914
83.13959908485413,156914
83.14044952392578,156914
83.1412980556488,156914
83.14214396476746,156914
83.14378380775452,156914
83.14464807510376,156914
83.14550232887268,156914
83.14635491371155,156914
83.14720296859741,156914
83.14804911613464,156914
83.1496913433075,156914
83.15054488182068,156914
83.15139579772949,156914
83.15224242210388,156914
83.15309357643127,156914
83.15474009513855,156914
83.15559148788452,156914
83.15644264221191,156914
83.1572904586792,156914
83.15813851356506,156914
83.15977907180786,156914
83.16063475608826,156914
83.16148948669434,156914
83.16233944892883,156914
83.16318941116333,156914
83.16404724121094,156914
83.16568875312805,156914
83.16654086112976,156914
83.16739010810852,156914
83.16824126243591,156914
83.16908478736877,156914
83.1707215309143,156914
83.1715760231018,156914
83.1724259853363,156914
83.1732759475708,156914
83.17413878440857,156914
83.17577934265137,156914
83.17663764953613,156914
83.17749214172363,156914
83.17834520339966,156914
83.17919111251831,156914
83.18003821372986,156914
83.18168187141418,156914
83.18253636360168,156914
83.18338918685913,156914
83.18424606323242,156914
83.18509316444397,156914
83.18673539161682,156914
83.18759274482727,156914
83.18844151496887,156914
83.1892921924591,156914
83.19014143943787,156914
83.19178128242493,156914
83.19263410568237,156914
83.1934928894043,156914
83.19435143470764,156914
83.19520044326782,156914
83.19604754447937,156914
83.19768786430359,156914
83.1985445022583,156914
83.19939589500427,156914
83.20024228096008,156914
83.20109248161316,156914
83.2027325630188,156914
83.20358777046204,156914
83.20444583892822,156914
83.20529770851135,156914
83.2061448097229,156914
83.2077841758728,156914
83.20864033699036,156914
83.20949220657349,156914
83.21034574508667,156914
83.21119141578674,156914
83.21204161643982,156914
83.21368265151978,156914
83.2145483493805,156914
83.21539831161499,156914
83.21624875068665,156914
83.21709632873535,156914
83.21873354911804,156914
83.21958684921265,156914
83.22043919563293,156914
83.2212872505188,156914
83.22213459014893,156914
83.22377252578735,156914
83.2246298789978,156914
83.22548341751099,156914
83.2263343334198,156914
83.22718238830566,156914
83.22802829742432,156914
83.22966718673706,156914
83.2305223941803,156914
83.23137664794922,156914
83.23222303390503,156914
83.23307037353516,156914
83.23471927642822,156914
83.23557472229004,156914
83.23642683029175,156914
83.2372739315033,156914
83.23811888694763,156914
83.23976421356201,156914
83.2406165599823,156914
83.24147534370422,156914
83.24232530593872,156914
83.24317169189453,156914
83.24403262138367,156914
83.24566912651062,156914
83.24652481079102,156914
83.24737477302551,156914
83.2482259273529,156914
83.24908113479614,156914
83.25071811676025,156914
83.25157260894775,156914
83.25242400169373,156914
83.25327157974243,156914
83.25412678718567,156914
83.25577068328857,156914
83.25662684440613,156914
83.25748229026794,156914
83.25833654403687,156914
83.25918316841125,156914
83.26002860069275,156914
83.26167249679565,156914
83.26252794265747,156914
83.26337957382202,156914
83.26424050331116,156914
83.26508259773254,156914
83.26672172546387,156914
83.26758098602295,156914
83.2684314250946,156914
83.26928234100342,156914
83.27012920379639,156914
83.27177000045776,156914
83.27262258529663,156914
83.27347588539124,156914
83.27433919906616,156914
83.27518367767334,156914
83.2760317325592,156914
83.27766942977905,156914
83.27852416038513,156914
83.27937722206116,156914
83.2802221775055,156914
83.28107190132141,156914
83.28270983695984,156914
83.28356599807739,156914
83.28442931175232,156914
83.28527426719666,156914
83.28611993789673,156914
83.28775882720947,156914
83.28860998153687,156914
83.28946542739868,156914
83.2903163433075,156914
83.29116129875183,156914
83.29201459884644,156914
83.2936499118805,156914
83.29451656341553,156914
83.29536581039429,156914
83.296213388443,156914
83.29706239700317,156914
83.29870057106018,156914
83.29955840110779,156914
83.30040884017944,156914
83.30125784873962,156914
83.30210733413696,156914
83.3037462234497,156914
83.30460977554321,156914
83.30546116828918,156914
83.30631256103516,156914
83.30716109275818,156914
83.30801105499268,156914
83.30964732170105,156914
83.31050109863281,156914
83.31135416030884,156914
83.3122045993805,156914
83.31305265426636,156914
83.31470274925232,156914
83.31555604934692,156914
83.31640696525574,156914
83.31725788116455,156914
83.318106174469,156914
83.31974744796753,156914
83.32060122489929,156914
83.32145524024963,156914
83.32230758666992,156914
83.32315468788147,156914
83.32401251792908,156914
83.32565331459045,156914
83.32650637626648,156914
83.32735919952393,156914
83.32820415496826,156914
83.32905435562134,156914
83.33069086074829,156914
83.33154487609863,156914
83.33239674568176,156914
83.33324646949768,156914
83.3341052532196,156914
83.33574080467224,156914
83.33659338951111,156914
83.33744764328003,156914
83.33829522132874,156914
83.33914375305176,156914
83.3407814502716,156914
83.34163475036621,156914
83.34248948097229,156914
83.34334111213684,156914
83.34420442581177,156914
83.345055103302,156914
83.34669184684753,156914
83.34754753112793,156914
83.34839987754822,156914
83.34924650192261,156914
83.35009717941284,156914
83.3517324924469,156914
83.35259056091309,156914
83.35343813896179,156914
83.35429215431213,156914
83.35513830184937,156914
83.35678005218506,156914
83.35763335227966,156914
83.35848593711853,156914
83.3593327999115,156914
83.36018228530884,156914
83.36102747917175,156914
83.36266541481018,156914
83.36352038383484,156914
83.36437821388245,156914
83.36522650718689,156914
83.36607575416565,156914
83.36771607398987,156914
83.36856937408447,156914
83.36942338943481,156914
83.37027192115784,156914
83.37112045288086,156914
83.37276363372803,156914
83.37361693382263,156914
83.3744843006134,156914
83.3753342628479,156914
83.3761818408966,156914
83.37703013420105,156914
83.378671169281,156914
83.37952542304993,156914
83.38037586212158,156914
83.38122177124023,156914
83.38206911087036,156914
83.38370871543884,156914
83.38457345962524,156914
83.38542556762695,156914
83.38627552986145,156914
83.3871214389801,156914
83.3887619972229,156914
83.38961410522461,156914
83.39047384262085,156914
83.39132523536682,156914
83.39217710494995,156914
83.39302515983582,156914
83.39467787742615,156914
83.39553332328796,156914
83.39638471603394,156914
83.39722871780396,156914
83.39807772636414,156914
83.39971804618835,156914
83.40057229995728,156914
83.40142178535461,156914
83.40227127075195,156914
83.40312004089355,156914
83.40476632118225,156914
83.4056191444397,156914
83.40647196769714,156914
83.40732455253601,156914
83.40817499160767,156914
83.40902090072632,156914
83.41066288948059,156914
83.41151857376099,156914
83.41236972808838,156914
83.41321420669556,156914
83.414071559906,156914
83.41570663452148,156914
83.41655802726746,156914
83.41741228103638,156914
83.41826319694519,156914
83.41911053657532,156914
83.42075371742249,156914
83.42160940170288,156914
83.42246508598328,156914
83.42331743240356,156914
83.42417025566101,156914
83.42501926422119,156914
83.4266574382782,156914
83.42751145362854,156914
83.42835974693298,156914
83.42920851707458,156914
83.43005752563477,156914
83.43169665336609,156914
83.4325520992279,156914
83.43340563774109,156914
83.43426299095154,156914
83.43510842323303,156914
83.43674993515015,156914
83.43760251998901,156914
83.43845510482788,156914
83.43930721282959,156914
83.44015192985535,156914
83.44179368019104,156914
83.4426486492157,156914
83.44350075721741,156914
83.44436073303223,156914
83.44520616531372,156914
83.44605779647827,156914
83.44769549369812,156914
83.44855427742004,156914
83.44940781593323,156914
83.45025777816772,156914
83.45111060142517,156914
83.45274543762207,156914
83.45359659194946,156914
83.45446705818176,156914
83.45532584190369,156914
83.45617532730103,156914
83.45702123641968,156914
83.45865750312805,156914
83.45951056480408,156914
83.46035885810852,156914
83.46120810508728,156914
83.4620566368103,156914
83.46369695663452,156914
83.46456027030945,156914
83.46540856361389,156914
83.46625828742981,156914
83.4671049118042,156914
83.46874284744263,156914
83.46959567070007,156914
83.47044372558594,156914
83.47129034996033,156914
83.47213840484619,156914
83.47377610206604,156914
83.47463750839233,156914
83.4754900932312,156914
83.47634291648865,156914
83.47718954086304,156914
83.47803902626038,156914
83.47967720031738,156914
83.48053288459778,156914
83.48138451576233,156914
83.48223185539246,156914
83.48307681083679,156914
83.48472690582275,156914
83.48558163642883,156914
83.48643255233765,156914
83.48727989196777,156914
83.48812699317932,156914
83.4897677898407,156914
83.49062132835388,156914
83.49147891998291,156914
83.49232792854309,156914
83.49317383766174,156914
83.49403548240662,156914
83.49567484855652,156914
83.49653005599976,156914
83.49738240242004,156914
83.49823093414307,156914
83.49907803535461,156914
83.50071334838867,156914
83.50156807899475,156914
83.50242066383362,156914
83.50326728820801,156914
83.50412225723267,156914
83.50576210021973,156914
83.5066168308258,156914
83.50747013092041,156914
83.50832033157349,156914
83.50917172431946,156914
83.51001954078674,156914
83.5116651058197,156914
83.51252222061157,156914
83.51337313652039,156914
83.51422953605652,156914
83.51507830619812,156914
83.51671743392944,156914
83.51757478713989,156914
83.51842427253723,156914
83.51927351951599,156914
83.52012085914612,156914
83.52176070213318,156914
83.52261710166931,156914
83.52347230911255,156914
83.52433466911316,156914
83.5251841545105,156914
83.52603459358215,156914
83.5276689529419,156914
83.52852153778076,156914
83.52937364578247,156914
83.53022193908691,156914
83.5310685634613,156914
83.53270864486694,156914
83.53356385231018,156914
83.534423828125,156914
83.53527164459229,156914
83.53611898422241,156914
83.53775525093079,156914
83.53861021995544,156914
83.53946423530579,156914
83.54031491279602,156914
83.54116582870483,156914
83.5420093536377,156914
83.54364967346191,156914
83.54451513290405,156914
83.54536485671997,156914
83.54621434211731,156914
83.54706382751465,156914
83.54870295524597,156914
83.54956078529358,156914
83.55041003227234,156914
83.55125832557678,156914
83.55210304260254,156914
83.55374121665955,156914
83.55460691452026,156914
83.55546021461487,156914
83.55631279945374,156914
83.55715942382812,156914
83.5580062866211,156914
83.55964803695679,156914
83.56050276756287,156914
83.56135296821594,156914
83.56220602989197,156914
83.56304717063904,156914
83.56469917297363,156914
83.56555390357971,156914
83.56640243530273,156914
83.5672538280487,156914
83.56810092926025,156914
83.569739818573,156914
83.5705943107605,156914
83.5714476108551,156914
83.5722987651825,156914
83.57314372062683,156914
83.57479238510132,156914
83.5756447315216,156914
83.57649731636047,156914
83.57735013961792,156914
83.5781946182251,156914
83.57904362678528,156914
83.58068680763245,156914
83.58154392242432,156914
83.58239674568176,156914
83.58324337005615,156914
83.58410143852234,156914
83.58573794364929,156914
83.58659291267395,156914
83.58744478225708,156914
83.58829188346863,156914
83.58913993835449,156914
83.59077835083008,156914
83.5916314125061,156914
83.59248614311218,156914
83.59333801269531,156914
83.59419536590576,156914
83.59504580497742,156914
83.59668231010437,156914
83.59753823280334,156914
83.59838461875916,156914
83.5992341041565,156914
83.60008192062378,156914
83.6017198562622,156914
83.6025743484497,156914
83.60342526435852,156914
83.60428071022034,156914
83.60513067245483,156914
83.60676646232605,156914
83.60761976242065,156914
83.60847091674805,156914
83.60932302474976,156914
83.61017060279846,156914
83.61101818084717,156914
83.61266303062439,156914
83.61351823806763,156914
83.61437797546387,156914
83.61522912979126,156914
83.61607527732849,156914
83.61771488189697,156914
83.61857175827026,156914
83.61942505836487,156914
83.62027025222778,156914
83.62111353874207,156914
83.62273812294006,156914
83.62359118461609,156914
83.62445735931396,156914
83.62531423568726,156914
83.6261658668518,156914
83.62701940536499,156914
83.62866950035095,156914
83.62953042984009,156914
83.63039040565491,156914
83.63124179840088,156914
83.63209414482117,156914
83.63374400138855,156914
83.63460874557495,156914
83.63546705245972,156914
83.6363251209259,156914
83.6371808052063,156914
83.6380410194397,156914
83.63969492912292,156914
83.640549659729,156914
83.64140582084656,156914
83.64226341247559,156914
83.64312243461609,156914
83.64480876922607,156914
83.6456356048584,156914
83.64646911621094,156914
83.64732480049133,156914
83.64818024635315,156914
83.64904522895813,156914
83.65068173408508,156914
83.65153956413269,156914
83.65239906311035,156914
83.65324926376343,156914
83.65411496162415,156914
83.65576720237732,156914
83.65661382675171,156914
83.65747427940369,156914
83.65832543373108,156914
83.65918135643005,156914
83.66004395484924,156914
83.66169810295105,156914
83.66254210472107,156914
83.66339993476868,156914
83.66427040100098,156914
83.66511797904968,156914
83.66677045822144,156914
83.66761922836304,156914
83.66847038269043,156914
83.66933012008667,156914
83.67018818855286,156914
83.67105078697205,156914
83.67269158363342,156914
83.67354893684387,156914
83.6744155883789,156914
83.67527294158936,156914
83.67612791061401,156914
83.67777705192566,156914
83.67863345146179,156914
83.67948746681213,156914
83.68062996864319,156914
83.68149423599243,156914
83.68234515190125,156914
83.6832013130188,156914
83.68407154083252,156914
83.6857283115387,156914
83.68658423423767,156914
83.68744254112244,156914
83.68830275535583,156914
83.6891598701477,156914
83.690021276474,156914
83.69167065620422,156914
83.6925253868103,156914
83.69338417053223,156914
83.69425868988037,156914
83.69511532783508,156914
83.6967658996582,156914
83.69761967658997,156914
83.69847583770752,156914
83.69933462142944,156914
83.70018744468689,156914
83.70104813575745,156914
83.70270228385925,156914
83.7035584449768,156914
83.70442461967468,156914
83.70528864860535,156914
83.70614743232727,156914
83.70700764656067,156914
83.70865678787231,156914
83.70951437950134,156914
83.71037125587463,156914
83.71122980117798,156914
83.71209001541138,156914
83.71374106407166,156914
83.7146098613739,156914
83.71546602249146,156914
83.71632528305054,156914
83.71718263626099,156914
83.71804237365723,156914
83.71969628334045,156914
83.72055196762085,156914
83.7214081287384,156914
83.72226762771606,156914
83.72312593460083,156914
83.72478747367859,156914
83.72564148902893,156914
83.72649908065796,156914
83.72735571861267,156914
83.72821021080017,156914
83.72906637191772,156914
83.73071551322937,156914
83.73156976699829,156914
83.73242449760437,156914
83.7332854270935,156914
83.73414874076843,156914
83.73501110076904,156914
83.7366623878479,156914
83.73752045631409,156914
83.73837733268738,156914
83.73923540115356,156914
83.7400951385498,156914
83.74174642562866,156914
83.74260210990906,156914
83.74345707893372,156914
83.74432921409607,156914
83.74518871307373,156914
83.74604797363281,156914
83.74770331382751,156914
83.74856233596802,156914
83.74941658973694,156914
83.7502748966217,156914
83.75112962722778,156914
83.75278329849243,156914
83.75363850593567,156914
83.75450396537781,156914
83.75535798072815,156914
83.75621342658997,156914
83.75707221031189,156914
83.75872373580933,156914
83.75957489013672,156914
83.76043128967285,156914
83.76128888130188,156914
83.76214718818665,156914
83.76300692558289,156914
83.7646632194519,156914
83.76552248001099,156914
83.76637768745422,156914
83.76723432540894,156914
83.76809453964233,156914
83.76974534988403,156914
83.77060198783875,156914
83.77145910263062,156914
83.7723159790039,156914
83.77317786216736,156914
83.77404522895813,156914
83.77569890022278,156914
83.77655601501465,156914
83.77741074562073,156914
83.77826857566833,156914
83.77912425994873,156914
83.7807776927948,156914
83.78163242340088,156914
83.78248715400696,156914
83.78334712982178,156914
83.78421139717102,156914
83.78506898880005,156914
83.78672218322754,156914
83.78757810592651,156914
83.78843379020691,156914
83.78928995132446,156914
83.7901451587677,156914
83.7917971611023,156914
83.79265117645264,156914
83.79350709915161,156914
83.79437446594238,156914
83.79523468017578,156914
83.79609394073486,156914
83.79774689674377,156914
83.79860281944275,156914
83.7994613647461,156914
83.80032062530518,156914
83.80117797851562,156914
83.80203413963318,156914
83.80368852615356,156914
83.80455017089844,156914
83.80540585517883,156914
83.80626392364502,156914
83.80711913108826,156914
83.80877232551575,156914
83.80962491035461,156914
83.81047892570496,156914
83.81133985519409,156914
83.81219506263733,156914
83.81305408477783,156914
83.81471180915833,156914
83.81556916236877,156914
83.81642365455627,156914
83.81728339195251,156914
83.8181426525116,156914
83.81979656219482,156914
83.82065224647522,156914
83.82151198387146,156914
83.82236695289612,156914
83.82322573661804,156914
83.82409381866455,156914
83.82574796676636,156914
83.82660603523254,156914
83.82746195793152,156914
83.82831764221191,156914
83.82917785644531,156914
83.83003616333008,156914
83.83169269561768,156914
83.83255076408386,156914
83.83340883255005,156914
83.83427786827087,156914
83.8351321220398,156914
83.83678579330444,156914
83.83764052391052,156914
83.83849763870239,156914
83.83935546875,156914
83.84020733833313,156914
83.84106469154358,156914
83.8427140712738,156914
83.84357142448425,156914
83.84444046020508,156914
83.84529972076416,156914
83.84615993499756,156914
83.84701585769653,156914
83.84867262840271,156914
83.84952855110168,156914
83.85038566589355,156914
83.85124635696411,156914
83.85210514068604,156914
83.85375952720642,156914
83.85462713241577,156914
83.85548329353333,156914
83.85634064674377,156914
83.85719752311707,156914
83.85805702209473,156914
83.85970997810364,156914
83.86056685447693,156914
83.8614251613617,156914
83.86228537559509,156914
83.8631432056427,156914
83.86401224136353,156914
83.86566495895386,156914
83.86652302742004,156914
83.86738228797913,156914
83.86823964118958,156914
83.86909818649292,156914
83.87075018882751,156914
83.87160658836365,156914
83.87246417999268,156914
83.87332057952881,156914
83.87418794631958,156914
83.8750491142273,156914
83.87670183181763,156914
83.87755942344666,156914
83.87841939926147,156914
83.87927865982056,156914
83.88013529777527,156914
83.88179016113281,156914
83.88264298439026,156914
83.88349843025208,156914
83.88436365127563,156914
83.88522267341614,156914
83.88608312606812,156914
83.8877363204956,156914
83.88859415054321,156914
83.8894522190094,156914
83.89031147956848,156914
83.89116787910461,156914
83.89202928543091,156914
83.89367890357971,156914
83.8945460319519,156914
83.89540195465088,156914
83.89626049995422,156914
83.89711785316467,156914
83.89876627922058,156914
83.89962029457092,156914
83.90047693252563,156914
83.90133714675903,156914
83.90219378471375,156914
83.90305209159851,156914
83.90471410751343,156914
83.9055712223053,156914
83.90643048286438,156914
83.90728831291199,156914
83.90814542770386,156914
83.90979719161987,156914
83.91065335273743,156914
83.91151165962219,156914
83.91236853599548,156914
83.91322875022888,156914
83.91409587860107,156914
83.91575384140015,156914
83.91661047935486,156914
83.91746807098389,156914
83.91832947731018,156914
83.91918540000916,156914
83.92004537582397,156914
83.92169547080994,156914
83.92255210876465,156914
83.92340850830078,156914
83.92427182197571,156914
83.92512774467468,156914
83.92677712440491,156914
83.92762923240662,156914
83.9284884929657,156914
83.92934989929199,156914
83.93020749092102,156914
83.93106627464294,156914
83.93271708488464,156914
83.9335720539093,156914
83.93443965911865,156914
83.93530178070068,156914
83.93615865707397,156914
83.93701767921448,156914
83.93867111206055,156914
83.939528465271,156914
83.94038462638855,156914
83.94124746322632,156914
83.94210648536682,156914
83.9437620639801,156914
83.94462823867798,156914
83.94548535346985,156914
83.94634485244751,156914
83.94720578193665,156914
83.9480619430542,156914
83.94971489906311,156914
83.9505684375763,156914
83.95142531394958,156914
83.9522876739502,156914
83.95314383506775,156914
83.95401382446289,156914
83.95566534996033,156914
83.95652341842651,156914
83.95737838745117,156914
83.95823669433594,156914
83.95909547805786,156914
83.96074485778809,156914
83.9616026878357,156914
83.9624605178833,156914
83.96332049369812,156914
83.96418809890747,156914
83.9650456905365,156914
83.96670341491699,156914
83.96756052970886,156914
83.9684190750122,156914
83.96927857398987,156914
83.97013425827026,156914
83.97177910804749,156914
83.97263622283936,156914
83.9734935760498,156914
83.97436046600342,156914
83.97521448135376,156914
83.97607803344727,156914
83.97772550582886,156914
83.97858500480652,156914
83.9794442653656,156914
83.98030352592468,156914
83.9811601638794,156914
83.98201894760132,156914
83.98366832733154,156914
83.98453664779663,156914
83.98539066314697,156914
83.98625040054321,156914
83.98711037635803,156914
83.98875641822815,156914
83.98961234092712,156914
83.99046778678894,156914
83.99132442474365,156914
83.99218225479126,156914
83.99304008483887,156914
83.99470353126526,156914
83.99555993080139,156914
83.9964165687561,156914
83.99727773666382,156914
83.99813389778137,156914
83.99978923797607,156914
84.00064730644226,156914
84.00150036811829,156914
84.00235986709595,156914
84.00322008132935,156914
84.00408959388733,156914
84.00573897361755,156914
84.006591796875,156914
84.00744605064392,156914
84.00830554962158,156914
84.00916314125061,156914
84.01002025604248,156914
84.01167321205139,156914
84.01252865791321,156914
84.0133855342865,156914
84.01425337791443,156914
84.01511144638062,156914
84.01676273345947,156914
84.01761770248413,156914
84.01847219467163,156914
84.01933002471924,156914
84.02019166946411,156914
84.02105188369751,156914
84.02270412445068,156914
84.02355909347534,156914
84.02441954612732,156914
84.02527785301208,156914
84.02613401412964,156914
84.02778935432434,156914
84.02864408493042,156914
84.02949285507202,156914
84.03035140037537,156914
84.0312066078186,156914
84.03206610679626,156914
84.03371667861938,156914
84.03458142280579,156914
84.03543829917908,156914
84.03629803657532,156914
84.03715634346008,156914
84.03801560401917,156914
84.03966951370239,156914
84.04052805900574,156914
84.04138398170471,156914
84.0422420501709,156914
84.0430998802185,156914
84.04476189613342,156914
84.04561734199524,156914
84.04647326469421,156914
84.04733204841614,156914
84.04819011688232,156914
84.04904985427856,156914
84.05070328712463,156914
84.05155897140503,156914
84.05241394042969,156914
84.05327486991882,156914
84.05413961410522,156914
84.0557918548584,156914
84.05664801597595,156914
84.05750346183777,156914
84.05836200714111,156914
84.0592131614685,156914
84.06007170677185,156914
84.0617253780365,156914
84.06258034706116,156914
84.06343626976013,156914
84.0643036365509,156914
84.06516170501709,156914
84.06602168083191,156914
84.06767249107361,156914
84.06853032112122,156914
84.06938982009888,156914
84.07025027275085,156914
84.07110905647278,156914
84.07276201248169,156914
84.07362055778503,156914
84.07448410987854,156914
84.07534551620483,156914
84.07620429992676,156914
84.07706451416016,156914
84.07871508598328,156914
84.07957100868225,156914
84.08042478561401,156914
84.08128523826599,156914
84.0821418762207,156914
84.0837950706482,156914
84.08466172218323,156914
84.085520029068,156914
84.08637619018555,156914
84.08723402023315,156914
84.08809161186218,156914
84.08974409103394,156914
84.09060311317444,156914
84.09145927429199,156914
84.09231734275818,156914
84.09317350387573,156914
84.09404182434082,156914
84.09569692611694,156914
84.09655594825745,156914
84.09741282463074,156914
84.09826922416687,156914
84.09912753105164,156914
84.10077691078186,156914
84.10163497924805,156914
84.10249185562134,156914
84.10334920883179,156914
84.10421299934387,156914
84.10507416725159,156914
84.1067247390747,156914
84.10758185386658,156914
84.10844278335571,156914
84.10930371284485,156914
84.11015820503235,156914
84.11101531982422,156914
84.11267018318176,156914
84.11352586746216,156914
84.11439299583435,156914
84.11525321006775,156914
84.1161093711853,156914
84.11776161193848,156914
84.11861824989319,156914
84.11947560310364,156914
84.12033534049988,156914
84.12119340896606,156914
84.12205243110657,156914
84.1237051486969,156914
84.12456846237183,156914
84.12542462348938,156914
84.12628149986267,156914
84.12714004516602,156914
84.12879133224487,156914
84.12964916229248,156914
84.13050746917725,156914
84.13136148452759,156914
84.13222312927246,156914
84.1330828666687,156914
84.1347405910492,156914
84.13559913635254,156914
84.13645601272583,156914
84.13731741905212,156914
84.13817834854126,156914
84.13903665542603,156914
84.14069032669067,156914
84.14154767990112,156914
84.14240574836731,156914
84.14326453208923,156914
84.14413094520569,156914
84.14578247070312,156914
84.14663815498352,156914
84.1474962234497,156914
84.14835596084595,156914
84.14921474456787,156914
84.15007376670837,156914
84.15172505378723,156914
84.15258049964905,156914
84.15343618392944,156914
84.15430450439453,156914
84.1551616191864,156914
84.15601897239685,156914
84.15766882896423,156914
84.15852284431458,156914
84.15937900543213,156914
84.16023921966553,156914
84.16110134124756,156914
84.16275382041931,156914
84.16361236572266,156914
84.16447758674622,156914
84.1653380393982,156914
84.16619229316711,156914
84.16704940795898,156914
84.16869878768921,156914
84.16955542564392,156914
84.17041325569153,156914
84.17127323150635,156914
84.17212986946106,156914
84.17377781867981,156914
84.17464542388916,156914
84.1755051612854,156914
84.17636203765869,156914
84.17722177505493,156914
84.17808270454407,156914
84.1797308921814,156914
84.18058896064758,156914
84.18144631385803,156914
84.18230676651001,156914
84.18316650390625,156914
84.18403434753418,156914
84.18568801879883,156914
84.18654680252075,156914
84.18740439414978,156914
84.1882643699646,156914
84.18912148475647,156914
84.19077229499817,156914
84.19162964820862,156914
84.19249081611633,156914
84.19335055351257,156914
84.19421768188477,156914
84.19507908821106,156914
84.19672656059265,156914
84.1975793838501,156914
84.19843792915344,156914
84.19929695129395,156914
84.2001543045044,156914
84.20101284980774,156914
84.20266628265381,156914
84.20352363586426,156914
84.20438933372498,156914
84.20524621009827,156914
84.2061038017273,156914
84.20775389671326,156914
84.20861196517944,156914
84.2094657421112,156914
84.2103271484375,156914
84.21118426322937,156914
84.2120475769043,156914
84.21369647979736,156914
84.21456527709961,156914
84.21542286872864,156914
84.21628499031067,156914
84.21714186668396,156914
84.21879982948303,156914
84.21965599060059,156914
84.2205126285553,156914
84.22137022018433,156914
84.2222273349762,156914
84.22308564186096,156914
84.22474694252014,156914
84.22560429573059,156914
84.22646236419678,156914
84.22732043266296,156914
84.22817921638489,156914
84.22903752326965,156914
84.23069334030151,156914
84.23155188560486,156914
84.23240733146667,156914
84.23326706886292,156914
84.23413419723511,156914
84.23578977584839,156914
84.23664999008179,156914
84.2375054359436,156914
84.2383599281311,156914
84.23921871185303,156914
84.24007749557495,156914
84.24173092842102,156914
84.24258637428284,156914
84.24344253540039,156914
84.24431252479553,156914
84.24517273902893,156914
84.24603295326233,156914
84.24768280982971,156914
84.24853825569153,156914
84.24939513206482,156914
84.25025510787964,156914
84.25111293792725,156914
84.25276589393616,156914
84.25362300872803,156914
84.25448894500732,156914
84.25534701347351,156914
84.25620937347412,156914
84.25706768035889,156914
84.25871562957764,156914
84.25957131385803,156914
84.2604284286499,156914
84.26128816604614,156914
84.26214599609375,156914
84.2637984752655,156914
84.26466202735901,156914
84.26551866531372,156914
84.26637363433838,156914
84.26723313331604,156914
84.26809191703796,156914
84.2697446346283,156914
84.27060008049011,156914
84.27145743370056,156914
84.27231812477112,156914
84.2731728553772,156914
84.27404356002808,156914
84.27569770812988,156914
84.27655339241028,156914
84.27741384506226,156914
84.2782711982727,156914
84.27912712097168,156914
84.28077816963196,156914
84.28163385391235,156914
84.28249526023865,156914
84.28334927558899,156914
84.28421473503113,156914
84.28507661819458,156914
84.2867271900177,156914
84.28758311271667,156914
84.2884407043457,156914
84.2893009185791,156914
84.29015922546387,156914
84.29101657867432,156914
84.29266881942749,156914
84.2935242652893,156914
84.29439043998718,156914
84.29525017738342,156914
84.29610681533813,156914
84.29776000976562,156914
84.29861450195312,156914
84.29947257041931,156914
84.30032968521118,156914
84.30118489265442,156914
84.30204582214355,156914
84.30369591712952,156914
84.30455946922302,156914
84.30541729927063,156914
84.30627751350403,156914
84.30713415145874,156914
84.30878734588623,156914
84.30964827537537,156914
84.31050515174866,156914
84.31136083602905,156914
84.31221675872803,156914
84.31308031082153,156914
84.3147361278534,156914
84.31559300422668,156914
84.31644797325134,156914
84.31730484962463,156914
84.3181631565094,156914
84.31902170181274,156914
84.32067441940308,156914
84.32153391838074,156914
84.32239437103271,156914
84.32325387001038,156914
84.3241195678711,156914
84.32577061653137,156914
84.32662796974182,156914
84.32748103141785,156914
84.3283383846283,156914
84.32919692993164,156914
84.33005809783936,156914
84.33170962333679,156914
84.33256387710571,156914
84.3334219455719,156914
84.33428955078125,156914
84.3351469039917,156914
84.33679699897766,156914
84.33765506744385,156914
84.33851075172424,156914
84.33936834335327,156914
84.34022617340088,156914
84.34108710289001,156914
84.3427357673645,156914
84.34358954429626,156914
84.34445691108704,156914
84.3453152179718,156914
84.34617519378662,156914
84.3470356464386,156914
84.3486921787262,156914
84.34955191612244,156914
84.35040926933289,156914
84.35126996040344,156914
84.35212874412537,156914
84.3537814617157,156914
84.3546495437622,156914
84.35550546646118,156914
84.35636305809021,156914
84.35721778869629,156914
84.35807633399963,156914
84.35973048210144,156914
84.36058616638184,156914
84.36144518852234,156914
84.36230397224426,156914
84.36316347122192,156914
84.36403274536133,156914
84.36568570137024,156914
84.36654233932495,156914
84.36739730834961,156914
84.36825728416443,156914
84.36911177635193,156914
84.37076163291931,156914
84.37162160873413,156914
84.37248015403748,156914
84.3733401298523,156914
84.37420797348022,156914
84.37506818771362,156914
84.37671852111816,156914
84.37757277488708,156914
84.37843012809753,156914
84.37929034233093,156914
84.38015055656433,156914
84.38101100921631,156914
84.38266491889954,156914
84.38352274894714,156914
84.38438653945923,156914
84.38524508476257,156914
84.38610649108887,156914
84.38775968551636,156914
84.38861417770386,156914
84.38947319984436,156914
84.39033150672913,156914
84.39118790626526,156914
84.39205002784729,156914
84.39370131492615,156914
84.3945689201355,156914
84.39542055130005,156914
84.39627814292908,156914
84.39713716506958,156914
84.39878964424133,156914
84.39964365959167,156914
84.40050101280212,156914
84.40135478973389,156914
84.40221357345581,156914
84.40307259559631,156914
84.40473127365112,156914
84.40558695793152,156914
84.40644478797913,156914
84.40730357170105,156914
84.40816235542297,156914
84.40902376174927,156914
84.41067147254944,156914
84.41153001785278,156914
84.41238808631897,156914
84.41324472427368,156914
84.41411519050598,156914
84.41576886177063,156914
84.41661977767944,156914
84.41747713088989,156914
84.4183337688446,156914
84.41919255256653,156914
84.42005467414856,156914
84.42171168327332,156914
84.42256951332092,156914
84.42342519760132,156914
84.42429041862488,156914
84.42515063285828,156914
84.42600679397583,156914
84.4276556968689,156914
84.42850542068481,156914
84.42936038970947,156914
84.43021726608276,156914
84.43107390403748,156914
84.4327278137207,156914
84.433584690094,156914
84.43445253372192,156914
84.43530988693237,156914
84.43616890907288,156914
84.4370265007019,156914
84.43868017196655,156914
84.43953657150269,156914
84.44039058685303,156914
84.44125199317932,156914
84.44210934638977,156914
84.44376420974731,156914
84.4446291923523,156914
84.44548439979553,156914
84.44634366035461,156914
84.44720101356506,156914
84.4480631351471,156914
84.44971680641174,156914
84.45057225227356,156914
84.45142722129822,156914
84.45228672027588,156914
84.4531455039978,156914
84.45401334762573,156914
84.45566368103027,156914
84.45652031898499,156914
84.4573757648468,156914
84.45823359489441,156914
84.45909261703491,156914
84.46074986457825,156914
84.46160650253296,156914
84.46246194839478,156914
84.46332097053528,156914
84.46418738365173,156914
84.46504187583923,156914
84.46669626235962,156914
84.46755051612854,156914
84.46840763092041,156914
84.46926426887512,156914
84.47012448310852,156914
84.47177767753601,156914
84.47263431549072,156914
84.4734935760498,156914
84.4743595123291,156914
84.47521781921387,156914
84.47607803344727,156914
84.47772479057312,156914
84.47858476638794,156914
84.47944140434265,156914
84.48030233383179,156914
84.48116040229797,156914
84.4820191860199,156914
84.4836699962616,156914
84.48453831672668,156914
84.4853949546814,156914
84.48625445365906,156914
84.48711085319519,156914
84.48876214027405,156914
84.48961472511292,156914
84.49046850204468,156914
84.49133110046387,156914
84.4921875,156914
84.49304533004761,156914
84.49470639228821,156914
84.49556517601013,156914
84.49642181396484,156914
84.49727845191956,156914
84.49813413619995,156914
84.49978542327881,156914
84.50064325332642,156914
84.50149989128113,156914
84.50235438346863,156914
84.50321412086487,156914
84.5040831565857,156914
84.50573396682739,156914
84.50659203529358,156914
84.50744795799255,156914
84.50830602645874,156914
84.50916409492493,156914
84.51002407073975,156914
84.51167631149292,156914
84.5125322341919,156914
84.51338815689087,156914
84.51425838470459,156914
84.51511669158936,156914
84.516770362854,156914
84.51762628555298,156914
84.5184817314148,156914
84.5193419456482,156914
84.52019834518433,156914
84.52105784416199,156914
84.522709608078,156914
84.52356314659119,156914
84.52443027496338,156914
84.52528667449951,156914
84.52614331245422,156914
84.52779388427734,156914
84.52865099906921,156914
84.52951073646545,156914
84.53036546707153,156914
84.53121829032898,156914
84.53207874298096,156914
84.53373003005981,156914
84.53459739685059,156914
84.5354516506195,156914
84.5363085269928,156914
84.53716564178467,156914
84.53802537918091,156914
84.53967714309692,156914
84.54053473472595,156914
84.5413932800293,156914
84.54225015640259,156914
84.54310989379883,156914
84.54477071762085,156914
84.54562640190125,156914
84.5464837551117,156914
84.54734444618225,156914
84.54820227622986,156914
84.54906129837036,156914
84.55071330070496,156914
84.55156779289246,156914
84.55242252349854,156914
84.55328106880188,156914
84.5541467666626,156914
84.55500793457031,156914
84.55665230751038,156914
84.55750751495361,156914
84.55836248397827,156914
84.55922389030457,156914
84.56008553504944,156914
84.56172847747803,156914
84.56258726119995,156914
84.56344318389893,156914
84.56431174278259,156914
84.56517171859741,156914
84.5660297870636,156914
84.56768226623535,156914
84.5685362815857,156914
84.5693895816803,156914
84.57025051116943,156914
84.57110786437988,156914
84.57276034355164,156914
84.57361054420471,156914
84.5744776725769,156914
84.57534050941467,156914
84.57619953155518,156914
84.57706093788147,156914
84.57871222496033,156914
84.57956337928772,156914
84.58042311668396,156914
84.58128094673157,156914
84.58213877677917,156914
84.5837881565094,156914
84.58465313911438,156914
84.58550882339478,156914
84.58636689186096,156914
84.58722257614136,156914
84.5880811214447,156914
84.58973288536072,156914
84.59059119224548,156914
84.59144639968872,156914
84.59230399131775,156914
84.59316062927246,156914
84.59403157234192,156914
84.59568309783936,156914
84.59654021263123,156914
84.59739851951599,156914
84.59825658798218,156914
84.59911441802979,156914
84.60076928138733,156914
84.60162138938904,156914
84.60247826576233,156914
84.60333895683289,156914
84.60420274734497,156914
84.60505938529968,156914
84.60671472549438,156914
84.60757088661194,156914
84.60842728614807,156914
84.60928344726562,156914
84.61005759239197,156914
84.6114284992218,156914
84.61235117912292,156914
84.61327052116394,156914
84.61420130729675,156914
84.6151213645935,156914
84.61603927612305,156914
84.61739301681519,156914
84.6183066368103,156914
84.61922359466553,156914
84.62014079093933,156914
84.62105751037598,156914
84.62241315841675,156914
84.62332773208618,156914
84.62425899505615,156914
84.62517786026001,156914
84.62609577178955,156914
84.62701272964478,156914
84.62836718559265,156914
84.62928462028503,156914
84.630202293396,156914
84.63111615180969,156914
84.63203001022339,156914
84.633380651474,156914
84.63430595397949,156914
84.63522291183472,156914
84.63613939285278,156914
84.63705396652222,156914
84.6384162902832,156914
84.63933253288269,156914
84.6402473449707,156914
84.6411669254303,156914
84.64208626747131,156914
84.64300298690796,156914
84.64436602592468,156914
84.64528465270996,156914
84.6462049484253,156914
84.64712285995483,156914
84.64804100990295,156914
84.64939737319946,156914
84.650315284729,156914
84.65123295783997,156914
84.65215134620667,156914
84.65306639671326,156914
84.65443229675293,156914
84.65534567832947,156914
84.65626287460327,156914
84.65718150138855,156914
84.65809988975525,156914
84.65901732444763,156914
84.66036868095398,156914
84.66128301620483,156914
84.66220021247864,156914
84.66311883926392,156914
84.6640419960022,156914
84.66539859771729,156914
84.66631150245667,156914
84.66723108291626,156914
84.66814994812012,156914
84.66906380653381,156914
84.67042016983032,156914
84.67133784294128,156914
84.67225527763367,156914
84.67317295074463,156914
84.67409920692444,156914
84.67501616477966,156914
84.67636704444885,156914
84.67728328704834,156914
84.67820262908936,156914
84.679114818573,156914
84.68003010749817,156914
84.68138670921326,156914
84.682302236557,156914
84.68322205543518,156914
84.68415188789368,156914
84.68506860733032,156914
84.6864230632782,156914
84.68735027313232,156914
84.68827199935913,156914
84.68919134140015,156914
84.69011211395264,156914
84.69102168083191,156914
84.69237613677979,156914
84.69329404830933,156914
84.69422459602356,156914
84.69514012336731,156914
84.69605875015259,156914
84.69741153717041,156914
84.69833064079285,156914
84.69924545288086,156914
84.70016312599182,156914
84.70107507705688,156914
84.70242357254028,156914
84.70333623886108,156914
84.70427083969116,156914
84.70518827438354,156914
84.7061083316803,156914
84.70702862739563,156914
84.70838117599487,156914
84.70929670333862,156914
84.71021485328674,156914
84.71113181114197,156914
84.71204662322998,156914
84.71340465545654,156914
84.7143280506134,156914
84.71524548530579,156914
84.71616387367249,156914
84.71707677841187,156914
84.71843409538269,156914
84.7193500995636,156914
84.72026777267456,156914
84.72118544578552,156914
84.72210216522217,156914
84.72301530838013,156914
84.72437882423401,156914
84.7252938747406,156914
84.72621154785156,156914
84.727126121521,156914
84.72803950309753,156914
84.7293918132782,156914
84.730304479599,156914
84.73122549057007,156914
84.73214364051819,156914
84.73306131362915,156914
84.73442673683167,156914
84.73534560203552,156914
84.7362630367279,156914
84.7371838092804,156914
84.73819613456726,156914
84.7391185760498,156914
84.74003529548645,156914
84.74138712882996,156914
84.74231672286987,156914
84.7432336807251,156914
84.74416589736938,156914
84.7450819015503,156914
84.7464382648468,156914
84.74735045433044,156914
84.74826884269714,156914
84.749183177948,156914
84.75009942054749,156914
84.75101375579834,156914
84.75236439704895,156914
84.75328397750854,156914
84.75421094894409,156914
84.75512909889221,156914
84.75604391098022,156914
84.75739979743958,156914
84.75831127166748,156914
84.75923085212708,156914
84.76014828681946,156914
84.76106572151184,156914
84.7624237537384,156914
84.76334023475647,156914
84.76426768302917,156914
84.76518678665161,156914
84.7661063671112,156914
84.76702094078064,156914
84.76837348937988,156914
84.76929068565369,156914
84.7702066898346,156914
84.77112317085266,156914
84.77203822135925,156914
84.77339172363281,156914
84.77431631088257,156914
84.77523255348206,156914
84.77615118026733,156914
84.7770676612854,156914
84.7784206867218,156914
84.77933955192566,156914
84.78025317192078,156914
84.78117108345032,156914
84.78208589553833,156914
84.78344178199768,156914
84.78436160087585,156914
84.78528189659119,156914
84.78619718551636,156914
84.78711438179016,156914
84.78802919387817,156914
84.78938508033752,156914
84.79030251502991,156914
84.79122066497803,156914
84.79214429855347,156914
84.79306221008301,156914
84.79443407058716,156914
84.79534411430359,156914
84.79626441001892,156914
84.79718208312988,156914
84.79809927940369,156914
84.79901647567749,156914
84.80036687850952,156914
84.80128574371338,156914
84.80220460891724,156914
84.80312466621399,156914
84.80404925346375,156914
84.80540800094604,156914
84.80634379386902,156914
84.80726385116577,156914
84.80818033218384,156914
84.80910682678223,156914
84.8100233078003,156914
84.81137490272522,156914
84.81231236457825,156914
84.81322836875916,156914
84.81416130065918,156914
84.81507539749146,156914
84.8164279460907,156914
84.81734156608582,156914
84.81826329231262,156914
84.81918144226074,156914
84.8200945854187,156914
84.82100987434387,156914
84.82236170768738,156914
84.8232786655426,156914
84.82420802116394,156914
84.82512855529785,156914
84.82604360580444,156914
84.82739901542664,156914
84.82831454277039,156914
84.82924509048462,156914
84.83016324043274,156914
84.83107948303223,156914
84.83243536949158,156914
84.83334922790527,156914
84.83428049087524,156914
84.83519649505615,156914
84.83611226081848,156914
84.83702945709229,156914
84.83838224411011,156914
84.83929705619812,156914
84.84021425247192,156914
84.84113311767578,156914
84.842045545578,156914
84.84339714050293,156914
84.84432411193848,156914
84.84524488449097,156914
84.84616255760193,156914
84.84707713127136,156914
84.84842872619629,156914
84.84934496879578,156914
84.85026383399963,156914
84.85117745399475,156914
84.85209274291992,156914
84.8530068397522,156914
84.85436606407166,156914
84.8552839756012,156914
84.85621047019958,156914
84.85712933540344,156914
84.85804414749146,156914
84.85940027236938,156914
84.8603150844574,156914
84.86123156547546,156914
84.86215019226074,156914
84.8630633354187,156914
84.86442732810974,156914
84.8653450012207,156914
84.86626172065735,156914
84.86717820167542,156914
84.86809086799622,156914
84.86900901794434,156914
84.87035965919495,156914
84.8712751865387,156914
84.87219095230103,156914
84.87310981750488,156914
84.87403225898743,156914
84.87538814544678,156914
84.87630653381348,156914
84.87722897529602,156914
84.87815022468567,156914
84.87906289100647,156914
84.88041639328003,156914
84.88133502006531,156914
84.88225293159485,156914
84.8831717967987,156914
84.88409996032715,156914
84.88501620292664,156914
84.88636827468872,156914
84.88728332519531,156914
84.88819932937622,156914
84.88911747932434,156914
84.89003038406372,156914
84.89138126373291,156914
84.89229798316956,156914
84.89321446418762,156914
84.89414143562317,156914
84.89506030082703,156914
84.89641833305359,156914
84.89733600616455,156914
84.89825224876404,156914
84.89917159080505,156914
84.90008330345154,156914
84.90143537521362,156914
84.90234899520874,156914
84.9032654762268,156914
84.90420293807983,156914
84.90512108802795,156914
84.90603685379028,156914
84.90739011764526,156914
84.90830659866333,156914
84.90922927856445,156914
84.910147190094,156914
84.91106128692627,156914
84.91242098808289,156914
84.91333937644958,156914
84.91427111625671,156914
84.91519021987915,156914
84.91610765457153,156914
84.91702365875244,156914
84.918377161026,156914
84.91929388046265,156914
84.92021059989929,156914
84.92113137245178,156914
84.92204713821411,156914
84.92340421676636,156914
84.92433142662048,156914
84.92525053024292,156914
84.9261691570282,156914
84.92708373069763,156914
84.92843770980835,156914
84.92935061454773,156914
84.93026447296143,156914
84.93118286132812,156914
84.93210029602051,156914
84.9330141544342,156914
84.93437433242798,156914
84.93529152870178,156914
84.93621158599854,156914
84.93712830543518,156914
84.93804407119751,156914
84.93940091133118,156914
84.94031715393066,156914
84.94123458862305,156914
84.94215035438538,156914
84.9430639743805,156914
84.94442701339722,156914
84.94534277915955,156914
84.94625997543335,156914
84.94717955589294,156914
84.9480950832367,156914
84.94901204109192,156914
84.950364112854,156914
84.95128107070923,156914
84.9522008895874,156914
84.95311975479126,156914
84.9540445804596,156914
84.95540118217468,156914
84.95631694793701,156914
84.95723366737366,156914
84.95815348625183,156914
84.95906925201416,156914
84.96042847633362,156914
84.961341381073,156914
84.96226143836975,156914
84.96317839622498,156914
84.96410775184631,156914
84.96502232551575,156914
84.96637392044067,156914
84.9672954082489,156914
84.96821212768555,156914
84.96913051605225,156914
84.97004389762878,156914
84.97139763832092,156914
84.97231006622314,156914
84.9732313156128,156914
84.97416186332703,156914
84.9750771522522,156914
84.9764347076416,156914
84.97734999656677,156914
84.97826504707336,156914
84.97917914390564,156914
84.98009705543518,156914
84.98101496696472,156914
84.98236846923828,156914
84.98328804969788,156914
84.98421716690063,156914
84.98513388633728,156914
84.98604679107666,156914
84.98740196228027,156914
84.98831915855408,156914
84.98923468589783,156914
84.99015760421753,156914
84.99107956886292,156914
84.99243235588074,156914
84.99334907531738,156914
84.99427366256714,156914
84.99519515037537,156914
84.99611449241638,156914
84.99702835083008,156914
84.99838137626648,156914
84.99930000305176,156914
85.0002167224884,156914
85.00113201141357,156914
85.0020477771759,156914
85.00340366363525,156914
85.00433015823364,156914
85.00524806976318,156914
85.00616407394409,156914
85.00708174705505,156914
85.00843596458435,156914
85.00935053825378,156914
85.01026725769043,156914
85.01118659973145,156914
85.01210379600525,156914
85.01302123069763,156914
85.01438808441162,156914
85.015305519104,156914
85.01622200012207,156914
85.0171389579773,156914
85.01805067062378,156914
85.01940560340881,156914
85.02031874656677,156914
85.02123808860779,156914
85.02215480804443,156914
85.02307343482971,156914
85.02400827407837,156914
85.02536249160767,156914
85.02628254890442,156914
85.02719974517822,156914
85.02811670303345,156914
85.02903270721436,156914
85.0303885936737,156914
85.03130435943604,156914
85.0322265625,156914
85.03314709663391,156914
85.03407025337219,156914
85.03542494773865,156914
85.03634119033813,156914
85.03726124763489,156914
85.03817868232727,156914
85.03909611701965,156914
85.04001188278198,156914
85.04136681556702,156914
85.04228353500366,156914
85.04320025444031,156914
85.04412531852722,156914
85.04504251480103,156914
85.0464015007019,156914
85.04731798171997,156914
85.0482337474823,156914
85.04915118217468,156914
85.05006790161133,156914
85.05142188072205,156914
85.05233693122864,156914
85.05325293540955,156914
85.0541820526123,156914
85.05509829521179,156914
85.05601453781128,156914
85.05736565589905,156914
85.05828142166138,156914
85.05919766426086,156914
85.06011271476746,156914
85.06102991104126,156914
85.06238150596619,156914
85.0632996559143,156914
85.06422877311707,156914
85.06514835357666,156914
85.06606459617615,156914
85.06742286682129,156914
85.0683388710022,156914
85.06925964355469,156914
85.07017827033997,156914
85.0710916519165,156914
85.07200741767883,156914
85.0733528137207,156914
85.07428073883057,156914
85.07519769668579,156914
85.0761125087738,156914
85.07702612876892,156914
85.07837724685669,156914
85.0792908668518,156914
85.08020830154419,156914
85.081125497818,156914
85.08204054832458,156914
85.08341383934021,156914
85.0843403339386,156914
85.08525657653809,156914
85.08616924285889,156914
85.08708477020264,156914
85.08843636512756,156914
85.08935451507568,156914
85.09027075767517,156914
85.09119057655334,156914
85.09210681915283,156914
85.09302020072937,156914
85.094393491745,156914
85.09530901908875,156914
85.0962405204773,156914
85.09716057777405,156914
85.09807658195496,156914
85.09943222999573,156914
85.10034704208374,156914
85.10126280784607,156914
85.10217905044556,156914
85.10309553146362,156914
85.10402727127075,156914
85.1053876876831,156914
85.1063015460968,156914
85.1072199344635,156914
85.10814762115479,156914
85.10906481742859,156914
85.11041951179504,156914
85.11133670806885,156914
85.11225390434265,156914
85.11317014694214,156914
85.11409091949463,156914
85.1154396533966,156914
85.1163547039032,156914
85.11727142333984,156914
85.11818933486938,156914
85.11910557746887,156914
85.12003540992737,156914
85.12139201164246,156914
85.12231040000916,156914
85.12322640419006,156914
85.1241557598114,156914
85.12506937980652,156914
85.12642025947571,156914
85.12733697891235,156914
85.12825608253479,156914
85.1291720867157,156914
85.1301121711731,156914
85.13103032112122,156914
85.13239550590515,156914
85.13331890106201,156914
85.13424396514893,156914
85.13517093658447,156914
85.13608479499817,156914
85.13744354248047,156914
85.13836717605591,156914
85.13928747177124,156914
85.14020323753357,156914
85.14113235473633,156914
85.14205026626587,156914
85.14341592788696,156914
85.1443419456482,156914
85.14526152610779,156914
85.14619731903076,156914
85.14711737632751,156914
85.14803099632263,156914
85.14938592910767,156914
85.15030312538147,156914
85.15123581886292,156914
85.15215945243835,156914
85.15307712554932,156914
85.15402603149414,156914
85.15538883209229,156914
85.15630602836609,156914
85.15722370147705,156914
85.15814065933228,156914
85.15906310081482,156914
85.16041946411133,156914
85.16133737564087,156914
85.16225528717041,156914
85.16317343711853,156914
85.16410088539124,156914
85.16501522064209,156914
85.16637086868286,156914
85.16729044914246,156914
85.16821122169495,156914
85.1691312789917,156914
85.17004704475403,156914
85.17140483856201,156914
85.17232322692871,156914
85.17323851585388,156914
85.17416644096375,156914
85.17508292198181,156914
85.17643404006958,156914
85.1773521900177,156914
85.17827415466309,156914
85.17919564247131,156914
85.18011498451233,156914
85.18102884292603,156914
85.18238353729248,156914
85.18330001831055,156914
85.18423295021057,156914
85.1851487159729,156914
85.18606233596802,156914
85.187415599823,156914
85.18833351135254,156914
85.18925166130066,156914
85.19017100334167,156914
85.19108772277832,156914
85.19200825691223,156914
85.19336080551147,156914
85.1942880153656,156914
85.19520449638367,156914
85.19612336158752,156914
85.19704103469849,156914
85.19840097427368,156914
85.1993179321289,156914
85.2002329826355,156914
85.20114779472351,156914
85.20206236839294,156914
85.20341777801514,156914
85.20434021949768,156914
85.20526218414307,156914
85.20617985725403,156914
85.20709705352783,156914
85.20804333686829,156914
85.20940470695496,156914
85.21032786369324,156914
85.21124696731567,156914
85.21218228340149,156914
85.2131097316742,156914
85.21403360366821,156914
85.21538853645325,156914
85.216304063797,156914
85.2172257900238,156914
85.2181441783905,156914
85.21906352043152,156914
85.2204201221466,156914
85.22133660316467,156914
85.22225666046143,156914
85.22317790985107,156914
85.22410750389099,156914
85.22502064704895,156914
85.22637629508972,156914
85.22729444503784,156914
85.22821021080017,156914
85.22912836074829,156914
85.23004364967346,156914
85.23139810562134,156914
85.23231410980225,156914
85.23323225975037,156914
85.23415946960449,156914
85.23507523536682,156914
85.23642754554749,156914
85.23733878135681,156914
85.23825359344482,156914
85.23917198181152,156914
85.24008679389954,156914
85.24143981933594,156914
85.24235510826111,156914
85.24327373504639,156914
85.24420404434204,156914
85.24512124061584,156914
85.24603509902954,156914
85.24738812446594,156914
85.24830031394958,156914
85.24922227859497,156914
85.25014114379883,156914
85.2510576248169,156914
85.25241422653198,156914
85.25333333015442,156914
85.25426387786865,156914
85.25518083572388,156914
85.25609850883484,156914
85.25701117515564,156914
85.2583646774292,156914
85.25928092002869,156914
85.2602014541626,156914
85.26111721992493,156914
85.26203179359436,156914
85.26338863372803,156914
85.26431250572205,156914
85.26522922515869,156914
85.26614546775818,156914
85.2670624256134,156914
85.26841878890991,156914
85.2693383693695,156914
85.27025651931763,156914
85.27117490768433,156914
85.2720878124237,156914
85.27300500869751,156914
85.27437138557434,156914
85.27528786659241,156914
85.2762062549591,156914
85.27712535858154,156914
85.27803874015808,156914
85.27939200401306,156914
85.28030800819397,156914
85.2812249660492,156914
85.28214454650879,156914
85.28305840492249,156914
85.28442239761353,156914
85.2853364944458,156914
85.28625464439392,156914
85.28717303276062,156914
85.28809094429016,156914
85.28900647163391,156914
85.29035902023315,156914
85.29127478599548,156914
85.29219245910645,156914
85.29310894012451,156914
85.29403233528137,156914
85.29538893699646,156914
85.29630160331726,156914
85.29721999168396,156914
85.29813981056213,156914
85.2990550994873,156914
85.30041241645813,156914
85.30132699012756,156914
85.30224466323853,156914
85.30316352844238,156914
85.30409812927246,156914
85.3050148487091,156914
85.30637168884277,156914
85.30728578567505,156914
85.30820655822754,156914
85.30912733078003,156914
85.31004309654236,156914
85.31139469146729,156914
85.3123106956482,156914
85.31322693824768,156914
85.31415629386902,156914
85.31507396697998,156914
85.31642603874207,156914
85.31734275817871,156914
85.31825947761536,156914
85.31917786598206,156914
85.32009291648865,156914
85.32100820541382,156914
85.32236337661743,156914
85.32327961921692,156914
85.3242118358612,156914
85.32512760162354,156914
85.32604312896729,156914
85.32739663124084,156914
85.32831501960754,156914
85.32923150062561,156914
85.3301510810852,156914
85.33106541633606,156914
85.33242058753967,156914
85.3333351612091,156914
85.33426117897034,156914
85.33518147468567,156914
85.33609771728516,156914
85.3370156288147,156914
85.33836674690247,156914
85.33928561210632,156914
85.34020113945007,156914
85.34111785888672,156914
85.34203457832336,156914
85.34338426589966,156914
85.34430694580078,156914
85.34522581100464,156914
85.3461434841156,156914
85.34705662727356,156914
85.34841394424438,156914
85.34933137893677,156914
85.3502471446991,156914
85.35116314888,156914
85.35208058357239,156914
85.35343170166016,156914
85.35436367988586,156914
85.35528016090393,156914
85.35620045661926,156914
85.35711812973022,156914
85.35803318023682,156914
85.35939240455627,156914
85.36031246185303,156914
85.36122989654541,156914
85.3621437549591,156914
85.36306118965149,156914
85.36442399024963,156914
85.36534118652344,156914
85.36625957489014,156914
85.3671772480011,156914
85.36809515953064,156914
85.36901211738586,156914
85.37037205696106,156914
85.37129092216492,156914
85.37220764160156,156914
85.37312388420105,156914
85.37404704093933,156914
85.37539935112,156914
85.3763153553009,156914
85.37723159790039,156914
85.3781487941742,156914
85.37906432151794,156914
85.38041925430298,156914
85.38133096694946,156914
85.382248878479,156914
85.38316607475281,156914
85.38409209251404,156914
85.385009765625,156914
85.3863594532013,156914
85.38727807998657,156914
85.38819432258606,156914
85.38911175727844,156914
85.39002513885498,156914
85.39137959480286,156914
85.39229416847229,156914
85.39321565628052,156914
85.3941433429718,156914
85.39505696296692,156914
85.39640855789185,156914
85.39732813835144,156914
85.3982481956482,156914
85.39916396141052,156914
85.40008306503296,156914
85.40143656730652,156914
85.40234971046448,156914
85.40326523780823,156914
85.40420007705688,156914
85.40511679649353,156914
85.40603137016296,156914
85.40738797187805,156914
85.40830564498901,156914
85.40922284126282,156914
85.41014289855957,156914
85.41105651855469,156914
85.41241145133972,156914
85.41332817077637,156914
85.41425609588623,156914
85.41517496109009,156914
85.41608929634094,156914
85.41700482368469,156914
85.41835951805115,156914
85.41928148269653,156914
85.4201991558075,156914
85.42111277580261,156914
85.42202854156494,156914
85.42338013648987,156914
85.4243094921112,156914
85.42522644996643,156914
85.42614388465881,156914
85.42705464363098,156914
85.42840933799744,156914
85.42932391166687,156914
85.43024206161499,156914
85.4311625957489,156914
85.43207359313965,156914
85.43342995643616,156914
85.4343593120575,156914
85.43527674674988,156914
85.43619394302368,156914
85.43711233139038,156914
85.4380292892456,156914
85.43938446044922,156914
85.44029974937439,156914
85.4412190914154,156914
85.4421374797821,156914
85.44305562973022,156914
85.4444272518158,156914
85.44534397125244,156914
85.44626188278198,156914
85.44717979431152,156914
85.44810009002686,156914
85.44901394844055,156914
85.45036840438843,156914
85.45128464698792,156914
85.45220184326172,156914
85.45312094688416,156914
85.45404529571533,156914
85.45540189743042,156914
85.45631694793701,156914
85.45723462104797,156914
85.45814943313599,156914
85.45906853675842,156914
85.46042108535767,156914
85.4613356590271,156914
85.46225428581238,156914
85.46317315101624,156914
85.46410012245178,156914
85.46501541137695,156914
85.46637082099915,156914
85.46728777885437,156914
85.46820545196533,156914
85.46912050247192,156914
85.47003746032715,156914
85.47139263153076,156914
85.4723072052002,156914
85.47322392463684,156914
85.47415447235107,156914
85.47506880760193,156914
85.47642660140991,156914
85.47734117507935,156914
85.4782612323761,156914
85.47917747497559,156914
85.48009157180786,156914
85.48100781440735,156914
85.48236298561096,156914
85.48328232765198,156914
85.48420786857605,156914
85.4851245880127,156914
85.48604154586792,156914
85.48739719390869,156914
85.48831152915955,156914
85.48923301696777,156914
85.49015307426453,156914
85.49107098579407,156914
85.49242210388184,156914
85.49333643913269,156914
85.49426651000977,156914
85.49518132209778,156914
85.49609851837158,156914
85.49701380729675,156914
85.49836802482605,156914
85.4992847442627,156914
85.50020027160645,156914
85.50111603736877,156914
85.50203013420105,156914
85.50338935852051,156914
85.50432467460632,156914
85.50524258613586,156914
85.50615859031677,156914
85.50707173347473,156914
85.50842332839966,156914
85.50933933258057,156914
85.5102550983429,156914
85.51117444038391,156914
85.51209115982056,156914
85.51300811767578,156914
85.51437020301819,156914
85.51528787612915,156914
85.5162034034729,156914
85.5171160697937,156914
85.5180356502533,156914
85.51938700675964,156914
85.52030420303345,156914
85.5212197303772,156914
85.52213478088379,156914
85.52305030822754,156914
85.5244152545929,156914
85.52533006668091,156914
85.52624559402466,156914
85.52716326713562,156914
85.52808833122253,156914
85.52900409698486,156914
85.530357837677,156914
85.53127574920654,156914
85.53219318389893,156914
85.53311109542847,156914
85.53403496742249,156914
85.53538918495178,156914
85.53630423545837,156914
85.53722190856934,156914
85.5381383895874,156914
85.5390522480011,156914
85.54042887687683,156914
85.54134607315063,156914
85.54227614402771,156914
85.54319715499878,156914
85.5441403388977,156914
85.54506421089172,156914
85.54642009735107,156914
85.54733443260193,156914
85.54825258255005,156914
85.54916739463806,156914
85.5500807762146,156914
85.55143618583679,156914
85.55235266685486,156914
85.55327105522156,156914
85.55419850349426,156914
85.55511379241943,156914
85.55603075027466,156914
85.55738091468811,156914
85.55829572677612,156914
85.5592143535614,156914
85.56013131141663,156914
85.56104516983032,156914
85.56240558624268,156914
85.56332063674927,156914
85.56424808502197,156914
85.56516742706299,156914
85.56608414649963,156914
85.56743574142456,156914
85.56835222244263,156914
85.56926584243774,156914
85.5701858997345,156914
85.5711030960083,156914
85.57201480865479,156914
85.57336330413818,156914
85.5742917060852,156914
85.57520866394043,156914
85.57612657546997,156914
85.57704281806946,156914
85.57839822769165,156914
85.5793125629425,156914
85.58023142814636,156914
85.58114814758301,156914
85.58206343650818,156914
85.58341574668884,156914
85.58434009552002,156914
85.58525919914246,156914
85.5861759185791,156914
85.58709383010864,156914
85.58801126480103,156914
85.58936429023743,156914
85.59028339385986,156914
85.59119963645935,156914
85.5921196937561,156914
85.59303379058838,156914
85.59439849853516,156914
85.59531331062317,156914
85.59622979164124,156914
85.59714651107788,156914
85.59806036949158,156914
85.59941697120667,156914
85.60033321380615,156914
85.60124969482422,156914
85.60216927528381,156914
85.6030867099762,156914
85.60401034355164,156914
85.60536289215088,156914
85.60627841949463,156914
85.60719585418701,156914
85.6081109046936,156914
85.60902404785156,156914
85.61037683486938,156914
85.61129593849182,156914
85.61221432685852,156914
85.6131329536438,156914
85.61405801773071,156914
85.61541152000427,156914
85.6163272857666,156914
85.61724209785461,156914
85.61815977096558,156914
85.6190733909607,156914
85.62042665481567,156914
85.62133884429932,156914
85.62225341796875,156914
85.62316989898682,156914
85.62409591674805,156914
85.62501215934753,156914
85.62636351585388,156914
85.62728071212769,156914
85.62819600105286,156914
85.62911248207092,156914
85.63003158569336,156914
85.63138365745544,156914
85.63229823112488,156914
85.63321542739868,156914
85.63414239883423,156914
85.63505983352661,156914
85.63641381263733,156914
85.63733196258545,156914
85.63825011253357,156914
85.63916873931885,156914
85.64008569717407,156914
85.64143800735474,156914
85.64235472679138,156914
85.64327216148376,156914
85.64420223236084,156914
85.64512205123901,156914
85.6460371017456,156914
85.64739418029785,156914
85.64831304550171,156914
85.64922976493835,156914
85.650146484375,156914
85.65106129646301,156914
85.65241265296936,156914
85.65332961082458,156914
85.65425825119019,156914
85.65517926216125,156914
85.65609526634216,156914
85.65700960159302,156914
85.65835976600647,156914
85.65927696228027,156914
85.66019201278687,156914
85.66110610961914,156914
85.66202020645142,156914
85.66337418556213,156914
85.66430306434631,156914
85.66521668434143,156914
85.6661331653595,156914
85.66704845428467,156914
85.66840362548828,156914
85.66931891441345,156914
85.67027139663696,156914
85.67119145393372,156914
85.67210555076599,156914
85.67302060127258,156914
85.67438769340515,156914
85.6753044128418,156914
85.67622208595276,156914
85.67720770835876,156914
85.6781280040741,156914
85.67904615402222,156914
85.68040537834167,156914
85.68132543563843,156914
85.68224501609802,156914
85.68316316604614,156914
85.68411183357239,156914
85.68503022193909,156914
85.68638563156128,156914
85.68731689453125,156914
85.68823528289795,156914
85.68915510177612,156914
85.69007277488708,156914
85.69142532348633,156914
85.6923406124115,156914
85.69325613975525,156914
85.69418478012085,156914
85.69510579109192,156914
85.69602918624878,156914
85.6973865032196,156914
85.69830203056335,156914
85.69922256469727,156914
85.7001428604126,156914
85.70105791091919,156914
85.70241665840149,156914
85.70333504676819,156914
85.70427012443542,156914
85.70518732070923,156914
85.7061038017273,156914
85.70702004432678,156914
85.70837211608887,156914
85.70929145812988,156914
85.71021008491516,156914
85.71112775802612,156914
85.7120451927185,156914
85.71340131759644,156914
85.71432685852051,156914
85.71524596214294,156914
85.71616435050964,156914
85.7170832157135,156914
85.71843385696411,156914
85.71935248374939,156914
85.72026777267456,156914
85.7211844921112,156914
85.7221040725708,156914
85.72302079200745,156914
85.72439098358154,156914
85.72531151771545,156914
85.72623038291931,156914
85.72714900970459,156914
85.72806453704834,156914
85.7294180393219,156914
85.73033356666565,156914
85.7312490940094,156914
85.73216819763184,156914
85.73308658599854,156914
85.73401093482971,156914
85.73536396026611,156914
85.7362859249115,156914
85.73720264434814,156914
85.7381181716919,156914
85.73903346061707,156914
85.7403872013092,156914
85.7413022518158,156914
85.74222087860107,156914
85.74314093589783,156914
85.74406480789185,156914
85.74542284011841,156914
85.74633955955505,156914
85.74726033210754,156914
85.7481803894043,156914
85.74909830093384,156914
85.75001382827759,156914
85.7513678073883,156914
85.75228524208069,156914
85.75320363044739,156914
85.75413537025452,156914
85.75505113601685,156914
85.75640654563904,156914
85.75732469558716,156914
85.75824475288391,156914
85.7591643333435,156914
85.76008105278015,156914
85.76143622398376,156914
85.7623519897461,156914
85.76327061653137,156914
85.76420021057129,156914
85.76511740684509,156914
85.76602983474731,156914
85.76738238334656,156914
85.76830101013184,156914
85.76922106742859,156914
85.77014088630676,156914
85.77105855941772,156914
85.7724142074585,156914
85.77333426475525,156914
85.7742645740509,156914
85.77518105506897,156914
85.77609896659851,156914
85.7770185470581,156914
85.7783715724945,156914
85.77928519248962,156914
85.7802050113678,156914
85.78112292289734,156914
85.78203773498535,156914
85.78339576721191,156914
85.78432130813599,156914
85.78524136543274,156914
85.78615999221802,156914
85.78707766532898,156914
85.7884349822998,156914
85.78935217857361,156914
85.79026579856873,156914
85.79118514060974,156914
85.7921040058136,156914
85.79301714897156,156914
85.79437947273254,156914
85.79529809951782,156914
85.79621577262878,156914
85.79713320732117,156914
85.79805111885071,156914
85.79940748214722,156914
85.80032587051392,156914
85.80124473571777,156914
85.80216693878174,156914
85.80308175086975,156914
85.80400705337524,156914
85.80536437034607,156914
85.80627989768982,156914
85.8071985244751,156914
85.80811476707458,156914
85.80903196334839,156914
85.81038522720337,156914
85.8113021850586,156914
85.81221961975098,156914
85.81314039230347,156914
85.81406331062317,156914
85.81541848182678,156914
85.81633448600769,156914
85.81725263595581,156914
85.81817483901978,156914
85.81909155845642,156914
85.82000946998596,156914
85.82136058807373,156914
85.82228016853333,156914
85.82320046424866,156914
85.82413220405579,156914
85.82504987716675,156914
85.82640743255615,156914
85.82732057571411,156914
85.82823610305786,156914
85.82917189598083,156914
85.83008766174316,156914
85.83100628852844,156914
85.83236169815063,156914
85.8332793712616,156914
85.83420944213867,156914
85.83513069152832,156914
85.83604764938354,156914
85.83740019798279,156914
85.83831357955933,156914
85.83923149108887,156914
85.84014844894409,156914
85.84106302261353,156914
85.84241938591003,156914
85.84333682060242,156914
85.84426522254944,156914
85.84518146514893,156914
85.84610152244568,156914
85.84701800346375,156914
85.84837508201599,156914
85.8492910861969,156914
85.85021162033081,156914
85.85113000869751,156914
85.85204195976257,156914
85.85338997840881,156914
85.85431385040283,156914
85.85523271560669,156914
85.85614585876465,156914
85.85706114768982,156914
85.85841751098633,156914
85.8593327999115,156914
85.86025261878967,156914
85.86117267608643,156914
85.86208987236023,156914
85.86300659179688,156914
85.86437368392944,156914
85.86528849601746,156914
85.86620569229126,156914
85.86712121963501,156914
85.86803889274597,156914
85.86939191818237,156914
85.87030696868896,156914
85.87122654914856,156914
85.87214541435242,156914
85.87306118011475,156914
85.87442660331726,156914
85.8753399848938,156914
85.87626075744629,156914
85.87718057632446,156914
85.87809371948242,156914
85.87901186943054,156914
85.88036227226257,156914
85.88128089904785,156914
85.88219809532166,156914
85.88311505317688,156914
85.88403868675232,156914
85.88539338111877,156914
85.88630771636963,156914
85.8872287273407,156914
85.88814496994019,156914
85.88906168937683,156914
85.89041876792908,156914
85.89133667945862,156914
85.89225625991821,156914
85.89317560195923,156914
85.89410376548767,156914
85.89502024650574,156914
85.89637207984924,156914
85.89728927612305,156914
85.89820909500122,156914
85.89912700653076,156914
85.90003967285156,156914
85.90139317512512,156914
85.90230822563171,156914
85.90322661399841,156914
85.90416193008423,156914
85.90508008003235,156914
85.9064347743988,156914
85.90735173225403,156914
85.90826892852783,156914
85.90918636322021,156914
85.91010427474976,156914
85.91101932525635,156914
85.9123740196228,156914
85.91329073905945,156914
85.91421818733215,156914
85.91513848304749,156914
85.91605520248413,156914
85.917409658432,156914
85.9183292388916,156914
85.91924786567688,156914
85.92016315460205,156914
85.92107915878296,156914
85.92243480682373,156914
85.9233500957489,156914
85.92427897453308,156914
85.92519617080688,156914
85.92611742019653,156914
85.9270327091217,156914
85.92839002609253,156914
85.92931008338928,156914
85.93023014068604,156914
85.93114972114563,156914
85.93206691741943,156914
85.933424949646,156914
85.93434977531433,156914
85.93527030944824,156914
85.93619203567505,156914
85.9371087551117,156914
85.93802332878113,156914
85.93938183784485,156914
85.94029998779297,156914
85.94121599197388,156914
85.94213628768921,156914
85.9430501461029,156914
85.94441246986389,156914
85.94532895088196,156914
85.94625282287598,156914
85.94717049598694,156914
85.94808387756348,156914
85.9494400024414,156914
85.95035862922668,156914
85.95127701759338,156914
85.95219326019287,156914
85.95311188697815,156914
85.95403552055359,156914
85.95539379119873,156914
85.95630836486816,156914
85.95722699165344,156914
85.95814251899719,156914
85.95905423164368,156914
85.96041107177734,156914
85.9613265991211,156914
85.96224427223206,156914
85.96316266059875,156914
85.96408939361572,156914
85.96500778198242,156914
85.9663610458374,156914
85.967276096344,156914
85.96819472312927,156914
85.96911239624023,156914
85.97002601623535,156914
85.9713761806488,156914
85.97229433059692,156914
85.9732117652893,156914
85.97413945198059,156914
85.97505736351013,156914
85.97641038894653,156914
85.9773280620575,156914
85.97824668884277,156914
85.97916555404663,156914
85.98008298873901,156914
85.98143649101257,156914
85.98235154151917,156914
85.98327398300171,156914
85.98420262336731,156914
85.98512148857117,156914
85.98603868484497,156914
85.98739504814148,156914
85.98831105232239,156914
85.98922872543335,156914
85.99014830589294,156914
85.99106526374817,156914
85.992422580719,156914
85.99333834648132,156914
85.99427247047424,156914
85.99519085884094,156914
85.99610495567322,156914
85.99702191352844,156914
85.99837493896484,156914
85.99929165840149,156914
86.00020718574524,156914
86.00112414360046,156914
86.00203919410706,156914
86.0033950805664,156914
86.00431680679321,156914
86.00523781776428,156914
86.00615668296814,156914
86.00707006454468,156914
86.00842475891113,156914
86.00934100151062,156914
86.01025772094727,156914
86.01117444038391,156914
86.01209473609924,156914
86.01300811767578,156914
86.01437163352966,156914
86.01529216766357,156914
86.01620960235596,156914
86.01712656021118,156914
86.01804256439209,156914
86.01939702033997,156914
86.02031064033508,156914
86.02122902870178,156914
86.02214527130127,156914
86.02306532859802,156914
86.02443146705627,156914
86.02535009384155,156914
86.02626609802246,156914
86.02718424797058,156914
86.02810525894165,156914
86.02901983261108,156914
86.03037190437317,156914
86.03129005432129,156914
86.03221201896667,156914
86.03312730789185,156914
86.03405284881592,156914
86.03541111946106,156914
86.0363278388977,156914
86.0372428894043,156914
86.03816294670105,156914
86.03907680511475,156914
86.0404326915741,156914
86.04134774208069,156914
86.04226422309875,156914
86.04318523406982,156914
86.04411315917969,156914
86.04503130912781,156914
86.04638504981995,156914
86.04730367660522,156914
86.04824423789978,156914
86.04916524887085,156914
86.05008816719055,156914
86.0510184764862,156914
86.05237674713135,156914
86.05330300331116,156914
86.05423212051392,156914
86.0551483631134,156914
86.05606484413147,156914
86.05741810798645,156914
86.0583348274231,156914
86.05925345420837,156914
86.06017470359802,156914
86.0610933303833,156914
86.06201243400574,156914
86.06336617469788,156914
86.06429409980774,156914
86.0652129650116,156914
86.06613039970398,156914
86.06704664230347,156914
86.06840181350708,156914
86.06931781768799,156914
86.07023620605469,156914
86.07115769386292,156914
86.07207083702087,156914
86.07342553138733,156914
86.0743510723114,156914
86.07526969909668,156914
86.0761866569519,156914
86.07710456848145,156914
86.07802057266235,156914
86.07937431335449,156914
86.08029198646545,156914
86.08120560646057,156914
86.08212327957153,156914
86.08303594589233,156914
86.08440065383911,156914
86.08531665802002,156914
86.0862352848053,156914
86.08715415000916,156914
86.0880696773529,156914
86.08942365646362,156914
86.09034156799316,156914
86.09125924110413,156914
86.09217715263367,156914
86.09309554100037,156914
86.09402871131897,156914
86.09538340568542,156914
86.09629964828491,156914
86.09721636772156,156914
86.09813451766968,156914
86.09905171394348,156914
86.10040497779846,156914
86.10132098197937,156914
86.10223841667175,156914
86.10315918922424,156914
86.10409283638,156914
86.10500931739807,156914
86.106365442276,156914
86.10728001594543,156914
86.10819816589355,156914
86.10911464691162,156914
86.11002945899963,156914
86.11138701438904,156914
86.11230278015137,156914
86.11322450637817,156914
86.11415410041809,156914
86.11507487297058,156914
86.11642551422119,156914
86.1173403263092,156914
86.1182587146759,156914
86.1191794872284,156914
86.12009716033936,156914
86.12101101875305,156914
86.12236380577087,156914
86.123281955719,156914
86.12420916557312,156914
86.12512445449829,156914
86.12604069709778,156914
86.12739443778992,156914
86.12831091880798,156914
86.12922835350037,156914
86.13014698028564,156914
86.13108468055725,156914
86.13254475593567,156914
86.1330304145813,156914
86.13440322875977,156914
86.1353235244751,156914
86.13624334335327,156914
86.13717079162598,156914
86.13809585571289,156914
86.13901472091675,156914
86.14038133621216,156914
86.14130878448486,156914
86.14222574234009,156914
86.1431565284729,156914
86.14408421516418,156914
86.14543962478638,156914
86.14636135101318,156914
86.14728665351868,156914
86.14822244644165,156914
86.14914202690125,156914
86.15006899833679,156914
86.15143275260925,156914
86.15234851837158,156914
86.15328168869019,156914
86.15422081947327,156914
86.15513849258423,156914
86.1560537815094,156914
86.15741205215454,156914
86.15832877159119,156914
86.15925073623657,156914
86.16016745567322,156914
86.16108560562134,156914
86.16243815422058,156914
86.16335606575012,156914
86.16428542137146,156914
86.16520595550537,156914
86.16612362861633,156914
86.1670401096344,156914
86.16839671134949,156914
86.16931200027466,156914
86.17022943496704,156914
86.17114686965942,156914
86.17206645011902,156914
86.1734209060669,156914
86.17434763908386,156914
86.17526245117188,156914
86.17618203163147,156914
86.17710018157959,156914
86.17801332473755,156914
86.17936754226685,156914
86.18028712272644,156914
86.1812036037445,156914
86.182119846344,156914
86.18303489685059,156914
86.18440389633179,156914
86.18532109260559,156914
86.18623685836792,156914
86.18715500831604,156914
86.18806982040405,156914
86.18942403793335,156914
86.19033885002136,156914
86.19125628471375,156914
86.1921706199646,156914
86.19308567047119,156914
86.19401240348816,156914
86.19536709785461,156914
86.19628739356995,156914
86.19720506668091,156914
86.19812679290771,156914
86.19904065132141,156914
86.20040202140808,156914
86.2013201713562,156914
86.20224022865295,156914
86.20316052436829,156914
86.20408606529236,156914
86.20500493049622,156914
86.20635890960693,156914
86.2072765827179,156914
86.20819282531738,156914
86.20911312103271,156914
86.21002650260925,156914
86.21138048171997,156914
86.21229672431946,156914
86.21321773529053,156914
86.2141444683075,156914
86.21505832672119,156914
86.21641516685486,156914
86.21733283996582,156914
86.21825051307678,156914
86.21916723251343,156914
86.22008657455444,156914
86.22100329399109,156914
86.22235751152039,156914
86.22327518463135,156914
86.22420501708984,156914
86.22512245178223,156914
86.22603344917297,156914
86.22738695144653,156914
86.22830200195312,156914
86.22922325134277,156914
86.2301390171051,156914
86.23105573654175,156914
86.23240900039673,156914
86.23332476615906,156914
86.23425269126892,156914
86.23517227172852,156914
86.23608827590942,156914
86.23700428009033,156914
86.2383553981781,156914
86.23927402496338,156914
86.24019575119019,156914
86.24111199378967,156914
86.242027759552,156914
86.24338269233704,156914
86.24431014060974,156914
86.24522924423218,156914
86.24614834785461,156914
86.24706268310547,156914
86.24841928482056,156914
86.24933648109436,156914
86.25025796890259,156914
86.25117683410645,156914
86.25209641456604,156914
86.25301432609558,156914
86.25437951087952,156914
86.25529742240906,156914
86.25621318817139,156914
86.25713324546814,156914
86.25804924964905,156914
86.2594051361084,156914
86.26031947135925,156914
86.261239528656,156914
86.26215553283691,156914
86.2630717754364,156914
86.26444053649902,156914
86.26535940170288,156914
86.26627588272095,156914
86.26719403266907,156914
86.26811408996582,156914
86.26902937889099,156914
86.27038621902466,156914
86.27130222320557,156914
86.27222466468811,156914
86.27314233779907,156914
86.27406477928162,156914
86.27541661262512,156914
86.2763319015503,156914
86.27725052833557,156914
86.27816772460938,156914
86.27908253669739,156914
86.28043389320374,156914
86.28134799003601,156914
86.28226375579834,156914
86.28318214416504,156914
86.28410792350769,156914
86.28502249717712,156914
86.28637504577637,156914
86.28729319572449,156914
86.28820872306824,156914
86.28912305831909,156914
86.29004001617432,156914
86.29139494895935,156914
86.29231262207031,156914
86.29322743415833,156914
86.29415702819824,156914
86.29507231712341,156914
86.29642748832703,156914
86.2973415851593,156914
86.29826259613037,156914
86.29918098449707,156914
86.30009770393372,156914
86.30101418495178,156914
86.30236268043518,156914
86.30328059196472,156914
86.30421662330627,156914
86.30513787269592,156914
86.30605149269104,156914
86.30740475654602,156914
86.30831718444824,156914
86.30923533439636,156914
86.31015372276306,156914
86.31106638908386,156914
86.31242299079895,156914
86.31334114074707,156914
86.31426858901978,156914
86.31518578529358,156914
86.31610488891602,156914
86.31702136993408,156914
86.31837439537048,156914
86.31929135322571,156914
86.32021021842957,156914
86.32112717628479,156914
86.32204222679138,156914
86.3233995437622,156914
86.32432866096497,156914
86.32524609565735,156914
86.32616448402405,156914
86.32708263397217,156914
86.32843470573425,156914
86.32935237884521,156914
86.33027076721191,156914
86.33118748664856,156914
86.3321144580841,156914
86.33302712440491,156914
86.33439016342163,156914
86.33530592918396,156914
86.33621954917908,156914
86.33713626861572,156914
86.33805656433105,156914
86.33941173553467,156914
86.34033107757568,156914
86.34126925468445,156914
86.34219002723694,156914
86.34310984611511,156914
86.34403586387634,156914
86.34540462493896,156914
86.34632587432861,156914
86.34725213050842,156914
86.34816765785217,156914
86.34908366203308,156914
86.35043859481812,156914
86.35135197639465,156914
86.35226678848267,156914
86.35318493843079,156914
86.35412454605103,156914
86.35504031181335,156914
86.35639429092407,156914
86.35731101036072,156914
86.3582272529602,156914
86.35914778709412,156914
86.36006379127502,156914
86.36141872406006,156914
86.36233735084534,156914
86.3632538318634,156914
86.36418867111206,156914
86.36510372161865,156914
86.36601734161377,156914
86.36737132072449,156914
86.3682951927185,156914
86.36921525001526,156914
86.37013030052185,156914
86.37105107307434,156914
86.37240600585938,156914
86.37332653999329,156914
86.37425875663757,156914
86.37517857551575,156914
86.37609457969666,156914
86.37701034545898,156914
86.3783655166626,156914
86.3792839050293,156914
86.38020300865173,156914
86.38112044334412,156914
86.38203454017639,156914
86.38338732719421,156914
86.38431429862976,156914
86.38522982597351,156914
86.38615012168884,156914
86.38706374168396,156914
86.38841795921326,156914
86.38933372497559,156914
86.39025378227234,156914
86.3911714553833,156914
86.39208769798279,156914
86.39300608634949,156914
86.39437127113342,156914
86.39528799057007,156914
86.39620471000671,156914
86.39712405204773,156914
86.39803814888,156914
86.39939451217651,156914
86.400310754776,156914
86.40123152732849,156914
86.40214943885803,156914
86.40306735038757,156914
86.40443515777588,156914
86.40535593032837,156914
86.40627241134644,156914
86.40719223022461,156914
86.40811038017273,156914
86.40902829170227,156914
86.41038489341736,156914
86.41130113601685,156914
86.41222167015076,156914
86.41314101219177,156914
86.41406440734863,156914
86.41541862487793,156914
86.41633343696594,156914
86.4172523021698,156914
86.41816854476929,156914
86.41908597946167,156914
86.42043972015381,156914
86.42135667800903,156914
86.4222731590271,156914
86.42319297790527,156914
86.42412114143372,156914
86.42503499984741,156914
86.42639183998108,156914
86.42730832099915,156914
86.42822790145874,156914
86.4291443824768,156914
86.43006300926208,156914
86.43141484260559,156914
86.43233323097229,156914
86.43325018882751,156914
86.43418574333191,156914
86.43510365486145,156914
86.43601942062378,156914
86.43737626075745,156914
86.43829488754272,156914
86.43921303749084,156914
86.44012665748596,156914
86.44104170799255,156914
86.4423975944519,156914
86.44331407546997,156914
86.44424104690552,156914
86.44516086578369,156914
86.44607543945312,156914
86.44743180274963,156914
86.44835186004639,156914
86.44927167892456,156914
86.45018887519836,156914
86.45110321044922,156914
86.45202016830444,156914
86.45337319374084,156914
86.45430636405945,156914
86.45522570610046,156914
86.45614385604858,156914
86.45706009864807,156914
86.45841693878174,156914
86.45932984352112,156914
86.46025109291077,156914
86.46116900444031,156914
86.46208119392395,156914
86.46343541145325,156914
86.46436190605164,156914
86.46527886390686,156914
86.46619820594788,156914
86.46711778640747,156914
86.4680347442627,156914
86.46939086914062,156914
86.47030544281006,156914
86.47122621536255,156914
86.47214818000793,156914
86.47306442260742,156914
86.47443008422852,156914
86.47534728050232,156914
86.47626614570618,156914
86.47718644142151,156914
86.47810387611389,156914
86.47901916503906,156914
86.4803717136383,156914
86.481290102005,156914
86.48220992088318,156914
86.4831326007843,156914
86.48405432701111,156914
86.48541235923767,156914
86.48633003234863,156914
86.48724722862244,156914
86.4881649017334,156914
86.4890832901001,156914
86.49043703079224,156914
86.49135637283325,156914
86.49227404594421,156914
86.49319195747375,156914
86.49411964416504,156914
86.49503564834595,156914
86.49639558792114,156914
86.49731040000916,156914
86.49822759628296,156914
86.49914646148682,156914
86.5000627040863,156914
86.50141620635986,156914
86.50233292579651,156914
86.50325131416321,156914
86.5041880607605,156914
86.5051064491272,156914
86.506023645401,156914
86.50737953186035,156914
86.50829815864563,156914
86.50921607017517,156914
86.51013159751892,156914
86.51105189323425,156914
86.51240539550781,156914
86.51332378387451,156914
86.51425457000732,156914
86.5151755809784,156914
86.51609396934509,156914
86.517009973526,156914
86.51837015151978,156914
86.51928853988647,156914
86.52020835876465,156914
86.52113056182861,156914
86.52204871177673,156914
86.52340340614319,156914
86.52432608604431,156914
86.52524471282959,156914
86.52616548538208,156914
86.5270881652832,156914
86.52844071388245,156914
86.52935576438904,156914
86.5302722454071,156914
86.53118991851807,156914
86.53210663795471,156914
86.5330240726471,156914
86.53438782691956,156914
86.5353057384491,156914
86.53623080253601,156914
86.53714990615845,156914
86.53806471824646,156914
86.53941583633423,156914
86.54033088684082,156914
86.54125165939331,156914
86.54217171669006,156914
86.54308223724365,156914
86.5440092086792,156914
86.54536390304565,156914
86.54628252983093,156914
86.54719710350037,156914
86.54811525344849,156914
86.54902839660645,156914
86.55038356781006,156914
86.55129909515381,156914
86.55222201347351,156914
86.55314183235168,156914
86.55406427383423,156914
86.55541825294495,156914
86.55633592605591,156914
86.55725479125977,156914
86.55817317962646,156914
86.559091091156,156914
86.56000804901123,156914
86.56136178970337,156914
86.56227612495422,156914
86.5631959438324,156914
86.5641233921051,156914
86.56504106521606,156914
86.56639456748962,156914
86.5673086643219,156914
86.56822681427002,156914
86.56914234161377,156914
86.57005953788757,156914
86.57141661643982,156914
86.57233190536499,156914
86.5732491016388,156914
86.57418060302734,156914
86.57509803771973,156914
86.57601404190063,156914
86.57736778259277,156914
86.57828855514526,156914
86.57920694351196,156914
86.5801248550415,156914
86.58104157447815,156914
86.58239316940308,156914
86.58331060409546,156914
86.58424067497253,156914
86.5851616859436,156914
86.58607745170593,156914
86.58743357658386,156914
86.58834600448608,156914
86.58926892280579,156914
86.59018898010254,156914
86.59110713005066,156914
86.59202075004578,156914
86.5933747291565,156914
86.59430265426636,156914
86.59522199630737,156914
86.59614086151123,156914
86.59705781936646,156914
86.59841132164001,156914
86.59932589530945,156914
86.60024094581604,156914
86.6011574268341,156914
86.60207414627075,156914
86.60342931747437,156914
86.60435485839844,156914
86.60527014732361,156914
86.60618734359741,156914
86.60710573196411,156914
86.6080219745636,156914
86.60937476158142,156914
86.61028981208801,156914
86.61120843887329,156914
86.61212658882141,156914
86.61304068565369,156914
86.61440849304199,156914
86.6153244972229,156914
86.61624193191528,156914
86.61715769767761,156914
86.61807370185852,156914
86.61942791938782,156914
86.62034296989441,156914
86.62126111984253,156914
86.62218117713928,156914
86.62309789657593,156914
86.62402248382568,156914
86.6253776550293,156914
86.62629652023315,156914
86.62721371650696,156914
86.62813019752502,156914
86.62904763221741,156914
86.63040161132812,156914
86.63131618499756,156914
86.63223195075989,156914
86.63314771652222,156914
86.63407158851624,156914
86.6354284286499,156914
86.63634085655212,156914
86.63725900650024,156914
86.63817405700684,156914
86.63909101486206,156914
86.64000535011292,156914
86.64135670661926,156914
86.64227533340454,156914
86.64319014549255,156914
86.644118309021,156914
86.64503216743469,156914
86.64638924598694,156914
86.64730048179626,156914
86.64822268486023,156914
86.64914107322693,156914
86.6500551700592,156914
86.65141248703003,156914
86.65232992172241,156914
86.65324759483337,156914
86.65417408943176,156914
86.65509223937988,156914
86.65600538253784,156914
86.65735840797424,156914
86.65827322006226,156914
86.65919399261475,156914
86.66011333465576,156914
86.66102719306946,156914
86.66237950325012,156914
86.66329526901245,156914
86.6642234325409,156914
86.66513991355896,156914
86.66605472564697,156914
86.66740846633911,156914
86.66832423210144,156914
86.66923761367798,156914
86.67015647888184,156914
86.67107009887695,156914
86.67242622375488,156914
86.67334079742432,156914
86.6742696762085,156914
86.67518997192383,156914
86.676105260849,156914
86.67701864242554,156914
86.67836856842041,156914
86.6792848110199,156914
86.6802020072937,156914
86.68112397193909,156914
86.68203210830688,156914
86.6833884716034,156914
86.68431401252747,156914
86.68523359298706,156914
86.68615627288818,156914
86.68707942962646,156914
86.68843674659729,156914
86.68935346603394,156914
86.6902711391449,156914
86.69118905067444,156914
86.69210910797119,156914
86.69302201271057,156914
86.69438576698303,156914
86.69530296325684,156914
86.69622540473938,156914
86.69714450836182,156914
86.69805836677551,156914
86.69941139221191,156914
86.70033097267151,156914
86.70125102996826,156914
86.70217227935791,156914
86.70309400558472,156914
86.70403170585632,156914
86.70538640022278,156914
86.70630264282227,156914
86.70722556114197,156914
86.70814323425293,156914
86.70906043052673,156914
86.71041989326477,156914
86.71133875846863,156914
86.71225690841675,156914
86.71317625045776,156914
86.71410989761353,156914
86.71502828598022,156914
86.71638321876526,156914
86.71729898452759,156914
86.71821928024292,156914
86.71914052963257,156914
86.72005581855774,156914
86.72141170501709,156914
86.72232961654663,156914
86.72324800491333,156914
86.72417831420898,156914
86.72509670257568,156914
86.72601056098938,156914
86.72736263275146,156914
86.72827982902527,156914
86.72919797897339,156914
86.73011374473572,156914
86.73103022575378,156914
86.73238253593445,156914
86.73330092430115,156914
86.73423409461975,156914
86.73515200614929,156914
86.73606634140015,156914
86.73741888999939,156914
86.7384307384491,156914
86.73934364318848,156914
86.7402606010437,156914
86.74117803573608,156914
86.74209642410278,156914
86.74301290512085,156914
86.7443745136261,156914
86.74529242515564,156914
86.74620914459229,156914
86.74712753295898,156914
86.74804544448853,156914
86.74942231178284,156914
86.75033664703369,156914
86.75126528739929,156914
86.75220036506653,156914
86.75311779975891,156914
86.75405073165894,156914
86.75540351867676,156914
86.75632119178772,156914
86.7572374343872,156914
86.75815749168396,156914
86.75907182693481,156914
86.76042771339417,156914
86.76134133338928,156914
86.76225876808167,156914
86.76318097114563,156914
86.76410937309265,156914
86.7650215625763,156914
86.76637697219849,156914
86.76729655265808,156914
86.76821446418762,156914
86.76913142204285,156914
86.77004742622375,156914
86.77143383026123,156914
86.77235174179077,156914
86.77327966690063,156914
86.77421259880066,156914
86.77513003349304,156914
86.77606058120728,156914
86.77742004394531,156914
86.77833724021912,156914
86.7792546749115,156914
86.78017473220825,156914
86.78108954429626,156914
86.78244209289551,156914
86.78335690498352,156914
86.78428673744202,156914
86.78520321846008,156914
86.78612041473389,156914
86.78703498840332,156914
86.78839015960693,156914
86.78930759429932,156914
86.79022741317749,156914
86.79114699363708,156914
86.79206132888794,156914
86.79341912269592,156914
86.7943434715271,156914
86.79526162147522,156914
86.79617667198181,156914
86.79708981513977,156914
86.79800629615784,156914
86.7993574142456,156914
86.80027389526367,156914
86.80119037628174,156914
86.8021092414856,156914
86.80302453041077,156914
86.80438733100891,156914
86.80530095100403,156914
86.80621814727783,156914
86.80713701248169,156914
86.80805683135986,156914
86.80941343307495,156914
86.81033039093018,156914
86.81125068664551,156914
86.81217169761658,156914
86.81309151649475,156914
86.81401944160461,156914
86.81537675857544,156914
86.81629276275635,156914
86.81721568107605,156914
86.81813406944275,156914
86.81904792785645,156914
86.82040119171143,156914
86.82131862640381,156914
86.82223463058472,156914
86.82315135002136,156914
86.82407641410828,156914
86.82542943954468,156914
86.82634806632996,156914
86.82726335525513,156914
86.82818150520325,156914
86.82911014556885,156914
86.83002209663391,156914
86.8313729763031,156914
86.83228993415833,156914
86.83320951461792,156914
86.8341383934021,156914
86.83506464958191,156914
86.83642029762268,156914
86.83733868598938,156914
86.83825635910034,156914
86.83917331695557,156914
86.84008955955505,156914
86.84100532531738,156914
86.84236359596252,156914
86.84328317642212,156914
86.84421253204346,156914
86.8451292514801,156914
86.8460419178009,156914
86.84739446640015,156914
86.84830951690674,156914
86.8492271900177,156914
86.85014748573303,156914
86.85106420516968,156914
86.8524215221405,156914
86.85333561897278,156914
86.85454630851746,156914
86.85539031028748,156914
86.85623002052307,156914
86.85707187652588,156914
86.8586974143982,156914
86.85954570770264,156914
86.86039447784424,156914
86.86124467849731,156914
86.86208534240723,156914
86.86371541023254,156914
86.86457300186157,156914
86.8654248714447,156914
86.8662748336792,156914
86.86712050437927,156914
86.86875033378601,156914
86.86960053443909,156914
86.87044954299927,156914
86.87129616737366,156914
86.87214136123657,156914
86.87377452850342,156914
86.87463307380676,156914
86.875483751297,156914
86.87633299827576,156914
86.87717604637146,156914
86.87802147865295,156914
86.87965035438538,156914
86.88049960136414,156914
86.88134860992432,156914
86.88219046592712,156914
86.8830394744873,156914
86.88467836380005,156914
86.88552522659302,156914
86.88637495040894,156914
86.8872230052948,156914
86.88806796073914,156914
86.88969683647156,156914
86.8905417919159,156914
86.89139199256897,156914
86.89223670959473,156914
86.89308619499207,156914
86.89472460746765,156914
86.89557456970215,156914
86.89642477035522,156914
86.8972716331482,156914
86.89811778068542,156914
86.89974737167358,156914
86.90059518814087,156914
86.90144872665405,156914
86.9022970199585,156914
86.90314269065857,156914
86.90477657318115,156914
86.90562462806702,156914
86.90647530555725,156914
86.90732145309448,156914
86.90816807746887,156914
86.90901136398315,156914
86.91064286231995,156914
86.91149497032166,156914
86.9123387336731,156914
86.9131863117218,156914
86.91404867172241,156914
86.91567945480347,156914
86.9165289402008,156914
86.91737675666809,156914
86.91822481155396,156914
86.91907143592834,156914
86.92070198059082,156914
86.92154788970947,156914
86.92239451408386,156914
86.92324423789978,156914
86.92409992218018,156914
86.92573094367981,156914
86.92657899856567,156914
86.92743134498596,156914
86.92827677726746,156914
86.92912006378174,156914
86.93075156211853,156914
86.93160223960876,156914
86.93245220184326,156914
86.9332971572876,156914
86.93415427207947,156914
86.93578219413757,156914
86.93662977218628,156914
86.9374794960022,156914
86.93832921981812,156914
86.9391736984253,156914
86.9400224685669,156914
86.94165062904358,156914
86.94249963760376,156914
86.94334816932678,156914
86.94420385360718,156914
86.94505047798157,156914
86.94668054580688,156914
86.94752669334412,156914
86.9483733177185,156914
86.94921970367432,156914
86.95006775856018,156914
86.95169019699097,156914
86.95253944396973,156914
86.95339226722717,156914
86.95425081253052,156914
86.95509171485901,156914
86.95672607421875,156914
86.95757412910461,156914
86.95842552185059,156914
86.95927596092224,156914
86.96011877059937,156914
86.96175003051758,156914
86.96259713172913,156914
86.96344900131226,156914
86.96430110931396,156914
86.96514678001404,156914
86.96677803993225,156914
86.9676239490509,156914
86.9684727191925,156914
86.96931958198547,156914
86.97016716003418,156914
86.97101187705994,156914
86.97264385223389,156914
86.9734935760498,156914
86.97434997558594,156914
86.9751935005188,156914
86.97604298591614,156914
86.97767233848572,156914
86.97851991653442,156914
86.97937393188477,156914
86.98021841049194,156914
86.9810721874237,156914
86.9827013015747,156914
86.98354911804199,156914
86.98441100120544,156914
86.98525857925415,156914
86.98610424995422,156914
86.98772954940796,156914
86.98857879638672,156914
86.98943090438843,156914
86.99028015136719,156914
86.9911241531372,156914
86.99275732040405,156914
86.9936056137085,156914
86.99446201324463,156914
86.99530386924744,156914
86.99615263938904,156914
86.99778294563293,156914
86.99862289428711,156914
86.99947357177734,156914
87.00032234191895,156914
87.00116848945618,156914
87.00201272964478,156914
87.0036416053772,156914
87.00450038909912,156914
87.00534582138062,156914
87.00618982315063,156914
87.0070412158966,156914
87.00866222381592,156914
87.00951051712036,156914
87.01035904884338,156914
87.01120901107788,156914
87.01205682754517,156914
87.01368999481201,156914
87.01455211639404,156914
87.01539540290833,156914
87.01624488830566,156914
87.01709032058716,156914
87.01871156692505,156914
87.01956009864807,156914
87.0204062461853,156914
87.02125310897827,156914
87.0220992565155,156914
87.02372932434082,156914
87.02458930015564,156914
87.02543950080872,156914
87.02628517150879,156914
87.02712988853455,156914
87.02876329421997,156914
87.02961277961731,156914
87.0304639339447,156914
87.03131079673767,156914
87.03215765953064,156914
87.0337905883789,156914
87.03465032577515,156914
87.03549647331238,156914
87.03634452819824,156914
87.037193775177,156914
87.03804278373718,156914
87.03966999053955,156914
87.04051733016968,156914
87.04136729240417,156914
87.0422158241272,156914
87.04305982589722,156914
87.04470109939575,156914
87.04555082321167,156914
87.04640102386475,156914
87.04724836349487,156914
87.048091173172,156914
87.04971647262573,156914
87.05056500434875,156914
87.05141568183899,156914
87.05226373672485,156914
87.05310654640198,156914
87.05474710464478,156914
87.05559158325195,156914
87.05644035339355,156914
87.05728816986084,156914
87.0581305027008,156914
87.05976057052612,156914
87.06060457229614,156914
87.06145572662354,156914
87.06230473518372,156914
87.06314849853516,156914
87.06400632858276,156914
87.06563425064087,156914
87.06648302078247,156914
87.06733322143555,156914
87.06817388534546,156914
87.06902146339417,156914
87.07065725326538,156914
87.07150745391846,156914
87.07235288619995,156914
87.07319569587708,156914
87.07405710220337,156914
87.07568621635437,156914
87.07653403282166,156914
87.07738518714905,156914
87.0782299041748,156914
87.07907629013062,156914
87.08070516586304,156914
87.08155107498169,156914
87.0824043750763,156914
87.08325338363647,156914
87.08410882949829,156914
87.08574104309082,156914
87.086585521698,156914
87.08743786811829,156914
87.08828520774841,156914
87.08913254737854,156914
87.09075450897217,156914
87.09160256385803,156914
87.09245562553406,156914
87.09330439567566,156914
87.09415912628174,156914
87.0950095653534,156914
87.09663581848145,156914
87.09748554229736,156914
87.0983304977417,156914
87.09917569160461,156914
87.10002398490906,156914
87.1016480922699,156914
87.10249972343445,156914
87.10334420204163,156914
87.10419964790344,156914
87.10504961013794,156914
87.10667705535889,156914
87.10753107070923,156914
87.10837602615356,156914
87.10922646522522,156914
87.11006999015808,156914
87.11170291900635,156914
87.11255168914795,156914
87.11339998245239,156914
87.11425733566284,156914
87.11510396003723,156914
87.11673641204834,156914
87.11758852005005,156914
87.11843514442444,156914
87.11928009986877,156914
87.120126247406,156914
87.12175226211548,156914
87.12260127067566,156914
87.12345004081726,156914
87.12431073188782,156914
87.12515068054199,156914
87.12678146362305,156914
87.1276285648346,156914
87.12847709655762,156914
87.12932324409485,156914
87.13016629219055,156914
87.13101553916931,156914
87.1326515674591,156914
87.13350439071655,156914
87.13436436653137,156914
87.13521337509155,156914
87.13606071472168,156914
87.13769435882568,156914
87.13854503631592,156914
87.13939380645752,156914
87.1402428150177,156914
87.14109015464783,156914
87.14272570610046,156914
87.1435706615448,156914
87.14442896842957,156914
87.1452796459198,156914
87.14612603187561,156914
87.14775013923645,156914
87.14859986305237,156914
87.14945125579834,156914
87.15029835700989,156914
87.1511435508728,156914
87.15277647972107,156914
87.15362238883972,156914
87.15448474884033,156914
87.15533351898193,156914
87.15617895126343,156914
87.15702676773071,156914
87.15865445137024,156914
87.15950441360474,156914
87.16035103797913,156914
87.1611955165863,156914
87.16204237937927,156914
87.16366696357727,156914
87.16452240943909,156914
87.16537141799927,156914
87.16622257232666,156914
87.167072057724,156914
87.16869688034058,156914
87.16954755783081,156914
87.17039346694946,156914
87.17124271392822,156914
87.17209267616272,156914
87.17372250556946,156914
87.17458152770996,156914
87.17543292045593,156914
87.17627716064453,156914
87.17712140083313,156914
87.17875599861145,156914
87.17960500717163,156914
87.1804552078247,156914
87.18129920959473,156914
87.1821436882019,156914
87.18377113342285,156914
87.18463110923767,156914
87.18548321723938,156914
87.18633317947388,156914
87.18717646598816,156914
87.18802332878113,156914
87.18965458869934,156914
87.19050097465515,156914
87.1913480758667,156914
87.19219374656677,156914
87.19303822517395,156914
87.19467782974243,156914
87.19553303718567,156914
87.19637942314148,156914
87.19722414016724,156914
87.19807362556458,156914
87.1997001171112,156914
87.20054936408997,156914
87.20140027999878,156914
87.20224833488464,156914
87.20309782028198,156914
87.20473408699036,156914
87.20558619499207,156914
87.20643544197083,156914
87.20728254318237,156914
87.20812892913818,156914
87.20976257324219,156914
87.21060609817505,156914
87.21145367622375,156914
87.21230220794678,156914
87.21314740180969,156914
87.21478343009949,156914
87.21563410758972,156914
87.2164831161499,156914
87.21733331680298,156914
87.21817827224731,156914
87.21902179718018,156914
87.22065305709839,156914
87.22150111198425,156914
87.22235321998596,156914
87.22319555282593,156914
87.22405195236206,156914
87.22568082809448,156914
87.22653245925903,156914
87.2273781299591,156914
87.22822833061218,156914
87.229074716568,156914
87.23070621490479,156914
87.23155355453491,156914
87.23240256309509,156914
87.2332513332367,156914
87.2341046333313,156914
87.23573517799377,156914
87.23658680915833,156914
87.23743557929993,156914
87.23828411102295,156914
87.23913240432739,156914
87.24076390266418,156914
87.24161005020142,156914
87.24246048927307,156914
87.24330806732178,156914
87.2441565990448,156914
87.24500560760498,156914
87.2466368675232,156914
87.24748826026917,156914
87.24833822250366,156914
87.24917912483215,156914
87.25002455711365,156914
87.25165224075317,156914
87.25250363349915,156914
87.25335311889648,156914
87.25420212745667,156914
87.25505042076111,156914
87.2566831111908,156914
87.25752902030945,156914
87.2583794593811,156914
87.25922751426697,156914
87.26007986068726,156914
87.26170563697815,156914
87.26255655288696,156914
87.26340055465698,156914
87.26425647735596,156914
87.2651002407074,156914
87.26673102378845,156914
87.26757526397705,156914
87.26842784881592,156914
87.26927137374878,156914
87.27011799812317,156914
87.27174830436707,156914
87.27259707450867,156914
87.27344727516174,156914
87.27430582046509,156914
87.27514600753784,156914
87.27677798271179,156914
87.2776267528534,156914
87.27847838401794,156914
87.27932357788086,156914
87.28016781806946,156914
87.28101563453674,156914
87.28264141082764,156914
87.28349542617798,156914
87.2843508720398,156914
87.28519582748413,156914
87.28604507446289,156914
87.28767204284668,156914
87.2885229587555,156914
87.28936839103699,156914
87.2902147769928,156914
87.29106283187866,156914
87.29269313812256,156914
87.293541431427,156914
87.29439806938171,156914
87.2952446937561,156914
87.29608798027039,156914
87.29771399497986,156914
87.2985610961914,156914
87.2994122505188,156914
87.30026006698608,156914
87.30110478401184,156914
87.30273342132568,156914
87.30358219146729,156914
87.30444049835205,156914
87.30529141426086,156914
87.30613446235657,156914
87.30776977539062,156914
87.30861949920654,156914
87.30946946144104,156914
87.31031656265259,156914
87.31116080284119,156914
87.3127875328064,156914
87.31363582611084,156914
87.31449389457703,156914
87.31534147262573,156914
87.31618475914001,156914
87.31703329086304,156914
87.31866240501404,156914
87.31951117515564,156914
87.32036137580872,156914
87.32120990753174,156914
87.32205629348755,156914
87.32368564605713,156914
87.32454347610474,156914
87.3253927230835,156914
87.32624578475952,156914
87.32708430290222,156914
87.32871294021606,156914
87.3295590877533,156914
87.33040809631348,156914
87.33125734329224,156914
87.33210039138794,156914
87.33373165130615,156914
87.33458709716797,156914
87.33543872833252,156914
87.33628535270691,156914
87.33712768554688,156914
87.3387598991394,156914
87.33960485458374,156914
87.34045481681824,156914
87.34130358695984,156914
87.34215068817139,156914
87.3437807559967,156914
87.34463739395142,156914
87.34548807144165,156914
87.34633493423462,156914
87.34718132019043,156914
87.34802889823914,156914
87.34966158866882,156914
87.35051107406616,156914
87.35136008262634,156914
87.35220670700073,156914
87.35305500030518,156914
87.3546884059906,156914
87.35553646087646,156914
87.35638570785522,156914
87.35723400115967,156914
87.358078956604,156914
87.359708070755,156914
87.36055707931519,156914
87.36140823364258,156914
87.36225700378418,156914
87.36309719085693,156914
87.36473035812378,156914
87.3655800819397,156914
87.36643171310425,156914
87.36727786064148,156914
87.36812376976013,156914
87.36974930763245,156914
87.3705952167511,156914
87.37144660949707,156914
87.37229490280151,156914
87.37313795089722,156914
87.37477350234985,156914
87.37562680244446,156914
87.37647533416748,156914
87.37732148170471,156914
87.37817144393921,156914
87.37901568412781,156914
87.38063931465149,156914
87.38149237632751,156914
87.38233757019043,156914
87.38318419456482,156914
87.38404035568237,156914
87.3856635093689,156914
87.38651442527771,156914
87.38736176490784,156914
87.38820910453796,156914
87.38906002044678,156914
87.39068460464478,156914
87.39153790473938,156914
87.39238858222961,156914
87.39323616027832,156914
87.3940978050232,156914
87.39572548866272,156914
87.3965744972229,156914
87.39742398262024,156914
87.3982720375061,156914
87.39911413192749,156914
87.40074443817139,156914
87.40159463882446,156914
87.40244102478027,156914
87.40328574180603,156914
87.40414309501648,156914
87.40577125549316,156914
87.40662002563477,156914
87.40746998786926,156914
87.4083182811737,156914
87.40916538238525,156914
87.41000771522522,156914
87.41163969039917,156914
87.4124870300293,156914
87.4133358001709,156914
87.41418886184692,156914
87.41503691673279,156914
87.41666340827942,156914
87.41750764846802,156914
87.41836142539978,156914
87.41920924186707,156914
87.42005109786987,156914
87.4216878414154,156914
87.42252969741821,156914
87.42337918281555,156914
87.42423987388611,156914
87.4250807762146,156914
87.42670893669128,156914
87.42755651473999,156914
87.42840480804443,156914
87.42925786972046,156914
87.4301016330719,156914
87.43172955513,156914
87.43257594108582,156914
87.43342351913452,156914
87.43427968025208,156914
87.43512105941772,156914
87.43675422668457,156914
87.43760108947754,156914
87.43845272064209,156914
87.43930244445801,156914
87.44014811515808,156914
87.44177389144897,156914
87.44262218475342,156914
87.44347286224365,156914
87.444331407547,156914
87.44517254829407,156914
87.44601678848267,156914
87.4476466178894,156914
87.44849467277527,156914
87.44934320449829,156914
87.45018911361694,156914
87.45103549957275,156914
87.45266675949097,156914
87.45351839065552,156914
87.45437836647034,156914
87.45522570610046,156914
87.45607709884644,156914
87.4577009677887,156914
87.4585485458374,156914
87.45940017700195,156914
87.46025013923645,156914
87.46109366416931,156914
87.46272277832031,156914
87.46357131004333,156914
87.46443319320679,156914
87.4652841091156,156914
87.46612596511841,156914
87.46775794029236,156914
87.46860718727112,156914
87.4694516658783,156914
87.47029876708984,156914
87.47114372253418,156914
87.47277522087097,156914
87.47362542152405,156914
87.47448420524597,156914
87.47533059120178,156914
87.47617220878601,156914
87.47702026367188,156914
87.47864723205566,156914
87.47949433326721,156914
87.4803409576416,156914
87.48118829727173,156914
87.48204016685486,156914
87.4836642742157,156914
87.4845199584961,156914
87.48537182807922,156914
87.48621702194214,156914
87.48706889152527,156914
87.48869371414185,156914
87.48954606056213,156914
87.49039483070374,156914
87.49124097824097,156914
87.49209117889404,156914
87.49371576309204,156914
87.49457573890686,156914
87.49542617797852,156914
87.49627637863159,156914
87.49711608886719,156914
87.49874234199524,156914
87.49958896636963,156914
87.50043559074402,156914
87.50128769874573,156914
87.50213170051575,156914
87.50375699996948,156914
87.50461530685425,156914
87.50546598434448,156914
87.5063145160675,156914
87.50715947151184,156914
87.5087890625,156914
87.50964093208313,156914
87.51049375534058,156914
87.51134133338928,156914
87.51218795776367,156914
87.51303362846375,156914
87.5146758556366,156914
87.51552486419678,156914
87.51636981964111,156914
87.51721572875977,156914
87.51806259155273,156914
87.51969242095947,156914
87.52053833007812,156914
87.5213885307312,156914
87.52223682403564,156914
87.52308201789856,156914
87.52471804618835,156914
87.52556538581848,156914
87.52641797065735,156914
87.52726936340332,156914
87.5281093120575,156914
87.52973771095276,156914
87.53058767318726,156914
87.53143620491028,156914
87.53228521347046,156914
87.53313040733337,156914
87.53477168083191,156914
87.53562092781067,156914
87.5364682674408,156914
87.53731536865234,156914
87.53815793991089,156914
87.53900671005249,156914
87.54063630104065,156914
87.54148697853088,156914
87.54233574867249,156914
87.54318046569824,156914
87.54403424263,156914
87.54566812515259,156914
87.54651713371277,156914
87.54736876487732,156914
87.54821443557739,156914
87.54906153678894,156914
87.5506911277771,156914
87.55153965950012,156914
87.55239272117615,156914
87.55323791503906,156914
87.55409812927246,156914
87.55572199821472,156914
87.55657243728638,156914
87.55742239952087,156914
87.55826878547668,156914
87.5591173171997,156914
87.56074810028076,156914
87.56160259246826,156914
87.56245279312134,156914
87.56329560279846,156914
87.56414723396301,156914
87.56577610969543,156914
87.56663036346436,156914
87.56747889518738,156914
87.56832194328308,156914
87.56916666030884,156914
87.57001638412476,156914
87.57164406776428,156914
87.5724949836731,156914
87.57333850860596,156914
87.57419562339783,156914
87.5750424861908,156914
87.57666897773743,156914
87.5775203704834,156914
87.5783634185791,156914
87.57920932769775,156914
87.58005881309509,156914
87.58168578147888,156914
87.58253502845764,156914
87.58338499069214,156914
87.58424162864685,156914
87.5850887298584,156914
87.5867190361023,156914
87.58756494522095,156914
87.58841729164124,156914
87.58926343917847,156914
87.59010863304138,156914
87.59173226356506,156914
87.59257817268372,156914
87.59342694282532,156914
87.59428215026855,156914
87.59512543678284,156914
87.5967526435852,156914
87.59760093688965,156914
87.59845066070557,156914
87.59929633140564,156914
87.60014843940735,156914
87.60176634788513,156914
87.60261678695679,156914
87.60346627235413,156914
87.6043210029602,156914
87.60516953468323,156914
87.60601091384888,156914
87.6076443195343,156914
87.60849499702454,156914
87.60934257507324,156914
87.61018872261047,156914
87.61103224754333,156914
87.61265897750854,156914
87.61350750923157,156914
87.6143639087677,156914
87.61521029472351,156914
87.61605882644653,156914
87.61768698692322,156914
87.61853313446045,156914
87.61938047409058,156914
87.62023115158081,156914
87.62107372283936,156914
87.62270522117615,156914
87.62355613708496,156914
87.62441420555115,156914
87.62526202201843,156914
87.62610816955566,156914
87.6277368068695,156914
87.62858295440674,156914
87.6294333934784,156914
87.63028192520142,156914
87.63112235069275,156914
87.63275647163391,156914
87.63360333442688,156914
87.63446426391602,156914
87.63531398773193,156914
87.63615560531616,156914
87.63777709007263,156914
87.63862609863281,156914
87.63947582244873,156914
87.64032244682312,156914
87.64116525650024,156914
87.64201092720032,156914
87.64364242553711,156914
87.64450240135193,156914
87.64535236358643,156914
87.6461980342865,156914
87.64704513549805,156914
87.64867115020752,156914
87.64951944351196,156914
87.6503655910492,156914
87.65120959281921,156914
87.65205764770508,156914
87.65368413925171,156914
87.65454173088074,156914
87.65539360046387,156914
87.65623950958252,156914
87.65708613395691,156914
87.65871524810791,156914
87.6595630645752,156914
87.66041398048401,156914
87.66125917434692,156914
87.66210412979126,156914
87.66373348236084,156914
87.66458821296692,156914
87.66543769836426,156914
87.66628408432007,156914
87.6671302318573,156914
87.6687581539154,156914
87.66960597038269,156914
87.67045569419861,156914
87.67130208015442,156914
87.67214822769165,156914
87.67377710342407,156914
87.67463731765747,156914
87.67548966407776,156914
87.67633557319641,156914
87.67718362808228,156914
87.67803239822388,156914
87.6796658039093,156914
87.68051600456238,156914
87.6813611984253,156914
87.68220829963684,156914
87.68305921554565,156914
87.68469977378845,156914
87.68554878234863,156914
87.6864001750946,156914
87.6872489452362,156914
87.68810176849365,156914
87.68972730636597,156914
87.69057607650757,156914
87.69142627716064,156914
87.69227242469788,156914
87.69311618804932,156914
87.69475650787354,156914
87.69560623168945,156914
87.69645166397095,156914
87.6973032951355,156914
87.69814324378967,156914
87.69977235794067,156914
87.70062398910522,156914
87.70147252082825,156914
87.70231795310974,156914
87.70316410064697,156914
87.70402073860168,156914
87.70565533638,156914
87.70650553703308,156914
87.70735597610474,156914
87.70820736885071,156914
87.7090470790863,156914
87.71067523956299,156914
87.71152305603027,156914
87.71237468719482,156914
87.71322178840637,156914
87.71407222747803,156914
87.7157039642334,156914
87.71654915809631,156914
87.71740221977234,156914
87.71825242042542,156914
87.71909070014954,156914
87.7207100391388,156914
87.72156119346619,156914
87.72241759300232,156914
87.72326517105103,156914
87.72411966323853,156914
87.7257649898529,156914
87.72661876678467,156914
87.72747325897217,156914
87.7283251285553,156914
87.72917318344116,156914
87.73002338409424,156914
87.73165988922119,156914
87.73251700401306,156914
87.73337364196777,156914
87.73423337936401,156914
87.73508954048157,156914
87.73674321174622,156914
87.73760104179382,156914
87.73846507072449,156914
87.73932337760925,156914
87.74018025398254,156914
87.7410364151001,156914
87.74268865585327,156914
87.74354600906372,156914
87.74441885948181,156914
87.74527359008789,156914
87.7461256980896,156914
87.74777793884277,156914
87.74863529205322,156914
87.74949312210083,156914
87.75035333633423,156914
87.75120425224304,156914
87.75205826759338,156914
87.75370669364929,156914
87.75457620620728,156914
87.7554337978363,156914
87.7562940120697,156914
87.75714755058289,156914
87.75880312919617,156914
87.75966358184814,156914
87.76052117347717,156914
87.76138114929199,156914
87.76223301887512,156914
87.7630832195282,156914
87.76474833488464,156914
87.76560568809509,156914
87.76646423339844,156914
87.76732110977173,156914
87.76817560195923,156914
87.76903533935547,156914
87.7706868648529,156914
87.77154541015625,156914
87.77240562438965,156914
87.77326440811157,156914
87.77412867546082,156914
87.77577900886536,156914
87.77663946151733,156914
87.77749729156494,156914
87.77835536003113,156914
87.77920365333557,156914
87.78006100654602,156914
87.78171133995056,156914
87.78256583213806,156914
87.78342413902283,156914
87.78429102897644,156914
87.78514647483826,156914
87.78679871559143,156914
87.7876558303833,156914
87.78851771354675,156914
87.78937721252441,156914
87.79022932052612,156914
87.7910840511322,156914
87.79273271560669,156914
87.79359173774719,156914
87.7944586277008,156914
87.79531764984131,156914
87.79617118835449,156914
87.79702949523926,156914
87.79868388175964,156914
87.79954290390015,156914
87.80040311813354,156914
87.80125951766968,156914
87.80211520195007,156914
87.80376839637756,156914
87.80463719367981,156914
87.80549621582031,156914
87.8063554763794,156914
87.80720567703247,156914
87.80806112289429,156914
87.80970883369446,156914
87.8105673789978,156914
87.81142711639404,156914
87.81229138374329,156914
87.81314396858215,156914
87.81400966644287,156914
87.815664768219,156914
87.81652402877808,156914
87.81738448143005,156914
87.8182361125946,156914
87.81909346580505,156914
87.82074666023254,156914
87.821604013443,156914
87.82246279716492,156914
87.82331991195679,156914
87.82418322563171,156914
87.82503819465637,156914
87.82668805122375,156914
87.82754421234131,156914
87.8284044265747,156914
87.8292646408081,156914
87.83011937141418,156914
87.83177256584167,156914
87.83263540267944,156914
87.83349370956421,156914
87.83436298370361,156914
87.83521556854248,156914
87.83607029914856,156914
87.83772420883179,156914
87.83858227729797,156914
87.83944249153137,156914
87.84030270576477,156914
87.84115624427795,156914
87.84201288223267,156914
87.84366655349731,156914
87.8445360660553,156914
87.84539294242859,156914
87.84624791145325,156914
87.84710359573364,156914
87.84875845909119,156914
87.84961414337158,156914
87.85047698020935,156914
87.85133671760559,156914
87.85218739509583,156914
87.85304236412048,156914
87.85470247268677,156914
87.85556125640869,156914
87.85641694068909,156914
87.8572747707367,156914
87.85812616348267,156914
87.85977625846863,156914
87.8606367111206,156914
87.86149406433105,156914
87.86235332489014,156914
87.86320734024048,156914
87.8640685081482,156914
87.86571717262268,156914
87.86657500267029,156914
87.86743521690369,156914
87.86829376220703,156914
87.86914563179016,156914
87.87079668045044,156914
87.871657371521,156914
87.87251281738281,156914
87.87337040901184,156914
87.87423038482666,156914
87.87508535385132,156914
87.87673282623291,156914
87.87758779525757,156914
87.87844896316528,156914
87.87930655479431,156914
87.88015866279602,156914
87.88101291656494,156914
87.88266086578369,156914
87.88352227210999,156914
87.88438868522644,156914
87.8852436542511,156914
87.88609719276428,156914
87.8877432346344,156914
87.88860201835632,156914
87.88945960998535,156914
87.89031958580017,156914
87.89117097854614,156914
87.89202690124512,156914
87.89368200302124,156914
87.89455127716064,156914
87.8954086303711,156914
87.89626574516296,156914
87.89711499214172,156914
87.8987648487091,156914
87.89962244033813,156914
87.90048122406006,156914
87.90134191513062,156914
87.90219616889954,156914
87.90304970741272,156914
87.90470814704895,156914
87.90556693077087,156914
87.9064269065857,156914
87.90728783607483,156914
87.90814065933228,156914
87.90979528427124,156914
87.91065168380737,156914
87.91150975227356,156914
87.91236853599548,156914
87.91321754455566,156914
87.91408228874207,156914
87.9157326221466,156914
87.91659188270569,156914
87.91744947433472,156914
87.9183087348938,156914
87.91915917396545,156914
87.92001152038574,156914
87.92166233062744,156914
87.92252159118652,156914
87.9233808517456,156914
87.92424392700195,156914
87.92509579658508,156914
87.92674326896667,156914
87.92760157585144,156914
87.92846179008484,156914
87.92932271957397,156914
87.93017220497131,156914
87.93102669715881,156914
87.93267869949341,156914
87.93353700637817,156914
87.93440389633179,156914
87.93526458740234,156914
87.93611931800842,156914
87.93777060508728,156914
87.93862986564636,156914
87.93948674201965,156914
87.94034481048584,156914
87.9411973953247,156914
87.94205451011658,156914
87.94370174407959,156914
87.94456791877747,156914
87.94542956352234,156914
87.94628953933716,156914
87.9471423625946,156914
87.94879698753357,156914
87.94965600967407,156914
87.9505136013031,156914
87.95137286186218,156914
87.95222592353821,156914
87.95307922363281,156914
87.95474171638489,156914
87.95560002326965,156914
87.95645809173584,156914
87.95731496810913,156914
87.95816802978516,156914
87.95902180671692,156914
87.96068000793457,156914
87.9615375995636,156914
87.96239614486694,156914
87.96324896812439,156914
87.96411061286926,156914
87.96576189994812,156914
87.96662163734436,156914
87.96748208999634,156914
87.96833968162537,156914
87.96919369697571,156914
87.970050573349,156914
87.9716968536377,156914
87.9725570678711,156914
87.97341394424438,156914
87.97428321838379,156914
87.97513604164124,156914
87.97678995132446,156914
87.9776451587677,156914
87.97850704193115,156914
87.97936630249023,156914
87.98021602630615,156914
87.98106956481934,156914
87.98271989822388,156914
87.98357939720154,156914
87.984445810318,156914
87.98530507087708,156914
87.986154794693,156914
87.98700904846191,156914
87.98866295814514,156914
87.98952269554138,156914
87.99038457870483,156914
87.99123406410217,156914
87.99208545684814,156914
87.99373698234558,156914
87.99460458755493,156914
87.99546551704407,156914
87.99632287025452,156914
87.99717330932617,156914
87.99802994728088,156914
87.999680519104,156914
88.00053787231445,156914
88.00139498710632,156914
88.00225067138672,156914
88.00310397148132,156914
88.00476574897766,156914
88.00562357902527,156914
88.00648212432861,156914
88.00734186172485,156914
88.00819420814514,156914
88.00904679298401,156914
88.01069784164429,156914
88.01155996322632,156914
88.01242065429688,156914
88.01327967643738,156914
88.01414060592651,156914
88.01579737663269,156914
88.01665496826172,156914
88.01751518249512,156914
88.01837301254272,156914
88.01922535896301,156914
88.02008152008057,156914
88.02173233032227,156914
88.0225920677185,156914
88.02345323562622,156914
88.02432084083557,156914
88.02517509460449,156914
88.02603054046631,156914
88.02768087387085,156914
88.02854037284851,156914
88.02940082550049,156914
88.0302529335022,156914
88.03110766410828,156914
88.03275728225708,156914
88.0336172580719,156914
88.03448605537415,156914
88.03534531593323,156914
88.03619623184204,156914
88.0370500087738,156914
88.03870296478271,156914
88.03956031799316,156914
88.04041957855225,156914
88.04127883911133,156914
88.0421290397644,156914
88.04378581047058,156914
88.04465389251709,156914
88.04551196098328,156914
88.04637145996094,156914
88.04722380638123,156914
88.04808640480042,156914
88.04973578453064,156914
88.05059361457825,156914
88.05145001411438,156914
88.05230784416199,156914
88.05315971374512,156914
88.05402731895447,156914
88.0556788444519,156914
88.05653858184814,156914
88.05739641189575,156914
88.05824971199036,156914
88.05910849571228,156914
88.06075644493103,156914
88.06161665916443,156914
88.06248068809509,156914
88.06333184242249,156914
88.06419825553894,156914
88.06505155563354,156914
88.06669974327087,156914
88.0675597190857,156914
88.06841683387756,156914
88.0692765712738,156914
88.0701265335083,156914
88.07177710533142,156914
88.07263493537903,156914
88.07349300384521,156914
88.07435703277588,156914
88.07520508766174,156914
88.07606101036072,156914
88.07771277427673,156914
88.07856893539429,156914
88.07942533493042,156914
88.08028054237366,156914
88.08113217353821,156914
88.08278369903564,156914
88.08363771438599,156914
88.08450651168823,156914
88.0853636264801,156914
88.08621501922607,156914
88.08706951141357,156914
88.0887200832367,156914
88.08957886695862,156914
88.09043407440186,156914
88.0912926197052,156914
88.09214401245117,156914
88.09379124641418,156914
88.09465980529785,156914
88.0955183506012,156914
88.09637832641602,156914
88.09723019599915,156914
88.09808611869812,156914
88.09973669052124,156914
88.10059309005737,156914
88.10145092010498,156914
88.10231065750122,156914
88.10316228866577,156914
88.10402846336365,156914
88.10568475723267,156914
88.10654401779175,156914
88.10740280151367,156914
88.1082592010498,156914
88.10911202430725,156914
88.11076140403748,156914
88.11161828041077,156914
88.11247992515564,156914
88.11333775520325,156914
88.11419796943665,156914
88.11505174636841,156914
88.11670088768005,156914
88.1175606250763,156914
88.11841869354248,156914
88.11927819252014,156914
88.12013483047485,156914
88.12178564071655,156914
88.12264513969421,156914
88.12350249290466,156914
88.12436938285828,156914
88.1252224445343,156914
88.12607836723328,156914
88.12773108482361,156914
88.12858891487122,156914
88.12944602966309,156914
88.13030552864075,156914
88.13115882873535,156914
88.13201594352722,156914
88.13366436958313,156914
88.1345374584198,156914
88.13539910316467,156914
88.13624954223633,156914
88.13710594177246,156914
88.13875818252563,156914
88.1396176815033,156914
88.14048027992249,156914
88.14133858680725,156914
88.1421914100647,156914
88.14304685592651,156914
88.14470529556274,156914
88.14556455612183,156914
88.14642143249512,156914
88.14727878570557,156914
88.14813208580017,156914
88.14978075027466,156914
88.15063691139221,156914
88.15149259567261,156914
88.15235328674316,156914
88.15320158004761,156914
88.15406465530396,156914
88.15571856498718,156914
88.15657806396484,156914
88.15743947029114,156914
88.15830159187317,156914
88.15915107727051,156914
88.16000652313232,156914
88.16165781021118,156914
88.16251468658447,156914
88.16337299346924,156914
88.16422986984253,156914
88.16508531570435,156914
88.16673564910889,156914
88.16759061813354,156914
88.16844892501831,156914
88.16930675506592,156914
88.1701591014862,156914
88.17101502418518,156914
88.17266368865967,156914
88.17352342605591,156914
88.17439222335815,156914
88.17524528503418,156914
88.17610001564026,156914
88.17774796485901,156914
88.1786093711853,156914
88.17946767807007,156914
88.18032836914062,156914
88.18118023872375,156914
88.18203377723694,156914
88.18368530273438,156914
88.18455481529236,156914
88.1854133605957,156914
88.18627190589905,156914
88.18712258338928,156914
88.18877816200256,156914
88.18963432312012,156914
88.19049215316772,156914
88.19135093688965,156914
88.19220352172852,156914
88.1930570602417,156914
88.19471383094788,156914
88.19557476043701,156914
88.19643449783325,156914
88.19729351997375,156914
88.19814825057983,156914
88.19980311393738,156914
88.20065975189209,156914
88.20151686668396,156914
88.20237326622009,156914
88.20322513580322,156914
88.20408987998962,156914
88.20574378967285,156914
88.20660161972046,156914
88.20745897293091,156914
88.2083170413971,156914
88.2091715335846,156914
88.2100260257721,156914
88.21168065071106,156914
88.21253752708435,156914
88.21339440345764,156914
88.21425747871399,156914
88.21511030197144,156914
88.21677136421204,156914
88.21762871742249,156914
88.21848583221436,156914
88.21934533119202,156914
88.22019743919373,156914
88.2210533618927,156914
88.22270631790161,156914
88.2235631942749,156914
88.2244291305542,156914
88.22529125213623,156914
88.22614002227783,156914
88.22779703140259,156914
88.22865533828735,156914
88.22951340675354,156914
88.23037052154541,156914
88.23121976852417,156914
88.23207902908325,156914
88.23372983932495,156914
88.23460078239441,156914
88.23545908927917,156914
88.23632168769836,156914
88.23717713356018,156914
88.23802876472473,156914
88.23968052864075,156914
88.24053835868835,156914
88.24139475822449,156914
88.2422502040863,156914
88.24310398101807,156914
88.24476146697998,156914
88.24561882019043,156914
88.24647617340088,156914
88.24733281135559,156914
88.24818563461304,156914
88.24904203414917,156914
88.25069880485535,156914
88.2515549659729,156914
88.2524139881134,156914
88.25327229499817,156914
88.25413823127747,156914
88.25579380989075,156914
88.25665163993835,156914
88.25750684738159,156914
88.25836777687073,156914
88.2592179775238,156914
88.26007533073425,156914
88.26172828674316,156914
88.26258683204651,156914
88.26344537734985,156914
88.26431322097778,156914
88.26516914367676,156914
88.26602435112,156914
88.26767563819885,156914
88.26853346824646,156914
88.26939296722412,156914
88.27024555206299,156914
88.27109670639038,156914
88.27274799346924,156914
88.27360892295837,156914
88.27447628974915,156914
88.27533745765686,156914
88.27619194984436,156914
88.27704501152039,156914
88.27869844436646,156914
88.27955889701843,156914
88.28041863441467,156914
88.28127837181091,156914
88.28213167190552,156914
88.28378295898438,156914
88.28465104103088,156914
88.28551030158997,156914
88.28636908531189,156914
88.28722143173218,156914
88.28808045387268,156914
88.28972506523132,156914
88.29058527946472,156914
88.2914457321167,156914
88.292307138443,156914
88.29316115379333,156914
88.29403018951416,156914
88.29568219184875,156914
88.29654264450073,156914
88.29740357398987,156914
88.29825210571289,156914
88.29911208152771,156914
88.30075883865356,156914
88.30161762237549,156914
88.30247378349304,156914
88.30333232879639,156914
88.30419445037842,156914
88.30505180358887,156914
88.3067045211792,156914
88.30756330490112,156914
88.308420419693,156914
88.30927777290344,156914
88.31013059616089,156914
88.31178736686707,156914
88.31264758110046,156914
88.31350564956665,156914
88.31437349319458,156914
88.31522631645203,156914
88.31608414649963,156914
88.31773233413696,156914
88.31859111785889,156914
88.31945157051086,156914
88.32030749320984,156914
88.32116365432739,156914
88.32201671600342,156914
88.32366752624512,156914
88.32453560829163,156914
88.32539510726929,156914
88.326247215271,156914
88.32710695266724,156914
88.32875370979309,156914
88.32961130142212,156914
88.33047032356262,156914
88.33132839202881,156914
88.33218216896057,156914
88.33304023742676,156914
88.33470392227173,156914
88.33556127548218,156914
88.33642148971558,156914
88.33727765083313,156914
88.33813047409058,156914
88.33978629112244,156914
88.34064173698425,156914
88.34149885177612,156914
88.34235525131226,156914
88.34320902824402,156914
88.34407186508179,156914
88.34572124481201,156914
88.3465793132782,156914
88.34743857383728,156914
88.34829306602478,156914
88.3491439819336,156914
88.35079264640808,156914
88.35164976119995,156914
88.35250639915466,156914
88.35336589813232,156914
88.35422825813293,156914
88.35508131980896,156914
88.35673260688782,156914
88.35759043693542,156914
88.35844802856445,156914
88.35930728912354,156914
88.36015939712524,156914
88.36101531982422,156914
88.36266303062439,156914
88.36352300643921,156914
88.36439251899719,156914
88.36524486541748,156914
88.36609768867493,156914
88.367755651474,156914
88.36861181259155,156914
88.3694703578949,156914
88.37032985687256,156914
88.37118458747864,156914
88.37204217910767,156914
88.3736937046051,156914
88.37456059455872,156914
88.37541961669922,156914
88.37627482414246,156914
88.37712621688843,156914
88.37878060340881,156914
88.37964248657227,156914
88.38050079345703,156914
88.38136005401611,156914
88.38221335411072,156914
88.38306903839111,156914
88.38473057746887,156914
88.38559079170227,156914
88.38644909858704,156914
88.38730907440186,156914
88.38816094398499,156914
88.3890163898468,156914
88.3906660079956,156914
88.391526222229,156914
88.39238786697388,156914
88.3932421207428,156914
88.39410471916199,156914
88.39575409889221,156914
88.39661169052124,156914
88.39746952056885,156914
88.39832615852356,156914
88.39917850494385,156914
88.40003442764282,156914
88.40168309211731,156914
88.40254402160645,156914
88.40339946746826,156914
88.40426635742188,156914
88.40511965751648,156914
88.40677380561829,156914
88.40763306617737,156914
88.40849328041077,156914
88.40934991836548,156914
88.41020202636719,156914
88.41105842590332,156914
88.41271018981934,156914
88.4135673046112,156914
88.41443395614624,156914
88.41529130935669,156914
88.4161434173584,156914
88.41779732704163,156914
88.41865229606628,156914
88.41950964927673,156914
88.4203667640686,156914
88.4212236404419,156914
88.4220781326294,156914
88.42373085021973,156914
88.42459774017334,156914
88.42545628547668,156914
88.42631411552429,156914
88.4271674156189,156914
88.42802333831787,156914
88.42967367172241,156914
88.43053197860718,156914
88.43139052391052,156914
88.43224477767944,156914
88.43310236930847,156914
88.43475985527039,156914
88.43561911582947,156914
88.4364767074585,156914
88.43733286857605,156914
88.4381856918335,156914
88.43903613090515,156914
88.44068741798401,156914
88.44154477119446,156914
88.44240307807922,156914
88.4432647228241,156914
88.44412660598755,156914
88.4457802772522,156914
88.44663858413696,156914
88.44749712944031,156914
88.44835638999939,156914
88.44921040534973,156914
88.45006656646729,156914
88.45171093940735,156914
88.45256853103638,156914
88.4534285068512,156914
88.45429635047913,156914
88.455148935318,156914
88.45679926872253,156914
88.45765328407288,156914
88.45851445198059,156914
88.45937013626099,156914
88.46022319793701,156914
88.46107721328735,156914
88.46272730827332,156914
88.46358585357666,156914
88.46445393562317,156914
88.46531295776367,156914
88.46616387367249,156914
88.46701741218567,156914
88.46867036819458,156914
88.4695291519165,156914
88.47038555145264,156914
88.4712393283844,156914
88.47209191322327,156914
88.47374391555786,156914
88.4746105670929,156914
88.47546792030334,156914
88.47632908821106,156914
88.47718095779419,156914
88.47803330421448,156914
88.47968482971191,156914
88.48054647445679,156914
88.4814031124115,156914
88.48226070404053,156914
88.48311686515808,156914
88.48477816581726,156914
88.48563981056213,156914
88.486496925354,156914
88.4873559474945,156914
88.48820781707764,156914
88.48906350135803,156914
88.49071264266968,156914
88.49157309532166,156914
88.49242973327637,156914
88.49328780174255,156914
88.49414992332458,156914
88.49580359458923,156914
88.49666142463684,156914
88.49752116203308,156914
88.49837875366211,156914
88.49923610687256,156914
88.50008988380432,156914
88.5017397403717,156914
88.50259804725647,156914
88.50345516204834,156914
88.50432562828064,156914
88.5051794052124,156914
88.50603771209717,156914
88.50768637657166,156914
88.5085437297821,156914
88.50940227508545,156914
88.51026153564453,156914
88.5111153125763,156914
88.51276969909668,156914
88.51362776756287,156914
88.51449775695801,156914
88.5153558254242,156914
88.51621079444885,156914
88.51707148551941,156914
88.51872229576111,156914
88.51957964897156,156914
88.52043867111206,156914
88.52129626274109,156914
88.52215242385864,156914
88.5230073928833,156914
88.52466702461243,156914
88.52552843093872,156914
88.5263843536377,156914
88.52724099159241,156914
88.52809548377991,156914
88.52974343299866,156914
88.53060293197632,156914
88.53146004676819,156914
88.53232049942017,156914
88.53317546844482,156914
88.53403639793396,156914
88.53568387031555,156914
88.53653836250305,156914
88.53739523887634,156914
88.53824806213379,156914
88.53910112380981,156914
88.5407567024231,156914
88.54161620140076,156914
88.54247498512268,156914
88.54333138465881,156914
88.54419326782227,156914
88.54505133628845,156914
88.54670238494873,156914
88.54756021499634,156914
88.54841732978821,156914
88.5492775440216,156914
88.55012965202332,156914
88.55177974700928,156914
88.55264282226562,156914
88.5535020828247,156914
88.55437278747559,156914
88.55522561073303,156914
88.55607485771179,156914
88.55772852897644,156914
88.55858945846558,156914
88.55944633483887,156914
88.560307264328,156914
88.56115937232971,156914
88.56201100349426,156914
88.56366324424744,156914
88.56453251838684,156914
88.56538891792297,156914
88.5662407875061,156914
88.56709241867065,156914
88.56874179840088,156914
88.56959891319275,156914
88.57046055793762,156914
88.57131481170654,156914
88.57216763496399,156914
88.57302236557007,156914
88.57468795776367,156914
88.57554793357849,156914
88.57640647888184,156914
88.57726526260376,156914
88.57812070846558,156914
88.5797700881958,156914
88.58063006401062,156914
88.58148837089539,156914
88.58234810829163,156914
88.58319926261902,156914
88.58406662940979,156914
88.58571434020996,156914
88.58657336235046,156914
88.58743000030518,156914
88.58829045295715,156914
88.58914589881897,156914
88.59079837799072,156914
88.59165644645691,156914
88.59251236915588,156914
88.59337329864502,156914
88.59422469139099,156914
88.59507918357849,156914
88.59673166275024,156914
88.5975890159607,156914
88.59845089912415,156914
88.59930801391602,156914
88.60016441345215,156914
88.6010172367096,156914
88.60266590118408,156914
88.6035225391388,156914
88.60439252853394,156914
88.60524725914001,156914
88.6061053276062,156914
88.60775232315063,156914
88.60861277580261,156914
88.60947012901306,156914
88.6103310585022,156914
88.61118531227112,156914
88.61203861236572,156914
88.61369132995605,156914
88.61455726623535,156914
88.61541414260864,156914
88.61627221107483,156914
88.61712431907654,156914
88.61877107620239,156914
88.6196300983429,156914
88.62049055099487,156914
88.62134861946106,156914
88.62220358848572,156914
88.62305974960327,156914
88.62471985816956,156914
88.6255795955658,156914
88.62643933296204,156914
88.62730050086975,156914
88.62815570831299,156914
88.62901020050049,156914
88.6306574344635,156914
88.63151788711548,156914
88.63237619400024,156914
88.63322806358337,156914
88.63409233093262,156914
88.63574147224426,156914
88.6366012096405,156914
88.63745713233948,156914
88.63831782341003,156914
88.63916993141174,156914
88.64002537727356,156914
88.64167881011963,156914
88.64253616333008,156914
88.64339327812195,156914
88.64425325393677,156914
88.64510774612427,156914
88.6467592716217,156914
88.64761638641357,156914
88.6484763622284,156914
88.649334192276,156914
88.6501853466034,156914
88.65103960037231,156914
88.65269136428833,156914
88.65354871749878,156914
88.65441513061523,156914
88.65527677536011,156914
88.65612864494324,156914
88.6577787399292,156914
88.6586377620697,156914
88.65949845314026,156914
88.66035580635071,156914
88.66120958328247,156914
88.66206407546997,156914
88.66371035575867,156914
88.66458129882812,156914
88.66543912887573,156914
88.66629791259766,156914
88.66715097427368,156914
88.6680076122284,156914
88.66965913772583,156914
88.67051839828491,156914
88.67137813568115,156914
88.67223119735718,156914
88.67308497428894,156914
88.67474842071533,156914
88.67560648918152,156914
88.67646431922913,156914
88.67732453346252,156914
88.6781747341156,156914
88.67902827262878,156914
88.68068027496338,156914
88.68153882026672,156914
88.68239903450012,156914
88.68325424194336,156914
88.68412065505981,156914
88.68577122688293,156914
88.68663215637207,156914
88.68749070167542,156914
88.68834924697876,156914
88.68919777870178,156914
88.6900520324707,156914
88.69169998168945,156914
88.69255495071411,156914
88.69341492652893,156914
88.69428300857544,156914
88.69513940811157,156914
88.69678950309753,156914
88.69764876365662,156914
88.69850516319275,156914
88.69936227798462,156914
88.70021224021912,156914
88.70106816291809,156914
88.70272135734558,156914
88.70357918739319,156914
88.70444583892822,156914
88.70530605316162,156914
88.70615768432617,156914
88.70701169967651,156914
88.70865941047668,156914
88.70951724052429,156914
88.71037793159485,156914
88.71122860908508,156914
88.71208310127258,156914
88.71373152732849,156914
88.71459770202637,156914
88.71545743942261,156914
88.71631479263306,156914
88.71716737747192,156914
88.7180244922638,156914
88.71968007087708,156914
88.72054266929626,156914
88.72139978408813,156914
88.72225165367126,156914
88.7231080532074,156914
88.72476840019226,156914
88.72562861442566,156914
88.72648477554321,156914
88.72734332084656,156914
88.72819757461548,156914
88.72905468940735,156914
88.73069977760315,156914
88.73155665397644,156914
88.73241543769836,156914
88.73327302932739,156914
88.73413372039795,156914
88.7357885837555,156914
88.73664855957031,156914
88.73750829696655,156914
88.73836255073547,156914
88.7392189502716,156914
88.74010515213013,156914
88.74178528785706,156914
88.74267363548279,156914
88.74356317520142,156914
88.74445962905884,156914
88.74534702301025,156914
88.74623584747314,156914
88.74712300300598,156914
88.74880790710449,156914
88.74969577789307,156914
88.75058102607727,156914
88.75146794319153,156914
88.75235342979431,156914
88.75323748588562,156914
88.75413274765015,156914
88.7558159828186,156914
88.75670790672302,156914
88.7575945854187,156914
88.75848126411438,156914
88.75936985015869,156914
88.76025986671448,156914
88.76114439964294,156914
88.76282477378845,156914
88.76370906829834,156914
88.76460599899292,156914
88.76549458503723,156914
88.76638221740723,156914
88.76727032661438,156914
88.76815700531006,156914
88.76901316642761,156914
88.7706971168518,156914
88.77158451080322,156914
88.77247071266174,156914
88.77335786819458,156914
88.7742531299591,156914
88.77513766288757,156914
88.77682161331177,156914
88.77770757675171,156914
88.77859139442444,156914
88.77947783470154,156914
88.78036403656006,156914
88.7812488079071,156914
88.78213477134705,156914
88.78381633758545,156914
88.78471660614014,156914
88.78560614585876,156914
88.78649139404297,156914
88.78737759590149,156914
88.78826546669006,156914
88.78915119171143,156914
88.79000854492188,156914
88.79169487953186,156914
88.79258179664612,156914
88.79347205162048,156914
88.79436945915222,156914
88.79525661468506,156914
88.79613995552063,156914
88.79782438278198,156914
88.79870891571045,156914
88.79959654808044,156914
88.80048656463623,156914
88.80137705802917,156914
88.80226230621338,156914
88.80314660072327,156914
88.80401730537415,156914
88.80569052696228,156914
88.80658149719238,156914
88.80746674537659,156914
88.80835342407227,156914
88.80923986434937,156914
88.81012725830078,156914
88.81180953979492,156914
88.81269693374634,156914
88.81358289718628,156914
88.81448101997375,156914
88.81536960601807,156914
88.81625771522522,156914
88.81714391708374,156914
88.8188247680664,156914
88.81971144676208,156914
88.82059645652771,156914
88.82148146629333,156914
88.82236766815186,156914
88.82325458526611,156914
88.82414960861206,156914
88.82582497596741,156914
88.82671332359314,156914
88.82760310173035,156914
88.82849025726318,156914
88.82937622070312,156914
88.83026456832886,156914
88.83115005493164,156914
88.83201003074646,156914
88.83368682861328,156914
88.83458280563354,156914
88.83546805381775,156914
88.8363561630249,156914
88.83724236488342,156914
88.83812880516052,156914
88.83980798721313,156914
88.8406970500946,156914
88.84158301353455,156914
88.8424711227417,156914
88.84336042404175,156914
88.84425520896912,156914
88.84514546394348,156914
88.84682750701904,156914
88.84771203994751,156914
88.8485996723175,156914
88.8494884967804,156914
88.8503749370575,156914
88.85126447677612,156914
88.85214924812317,156914
88.85300850868225,156914
88.85469937324524,156914
88.85558557510376,156914
88.85647201538086,156914
88.85735702514648,156914
88.85824370384216,156914
88.85913109779358,156914
88.86080861091614,156914
88.86169672012329,156914
88.86258339881897,156914
88.86346936225891,156914
88.86436605453491,156914
88.86525225639343,156914
88.86613702774048,156914
88.86782145500183,156914
88.8687071800232,156914
88.86959314346313,156914
88.87048149108887,156914
88.87136721611023,156914
88.87225413322449,156914
88.87313890457153,156914
88.8740086555481,156914
88.87568926811218,156914
88.87657618522644,156914
88.87746453285217,156914
88.87835264205933,156914
88.8792405128479,156914
88.88012838363647,156914
88.88180756568909,156914
88.88269662857056,156914
88.88358521461487,156914
88.88448071479797,156914
88.88537001609802,156914
88.88625431060791,156914
88.88714385032654,156914
88.88800859451294,156914
88.8896894454956,156914
88.89057850837708,156914
88.89146256446838,156914
88.89234972000122,156914
88.8932363986969,156914
88.89413022994995,156914
88.89581179618835,156914
88.8966977596283,156914
88.89758610725403,156914
88.89847445487976,156914
88.89935898780823,156914
88.90024733543396,156914
88.90113353729248,156914
88.90281128883362,156914
88.90369868278503,156914
88.90459489822388,156914
88.90548086166382,156914
88.90636563301086,156914
88.90725421905518,156914
88.90814018249512,156914
88.90981936454773,156914
88.91070747375488,156914
88.91159582138062,156914
88.91248154640198,156914
88.91336965560913,156914
88.91426515579224,156914
88.91515302658081,156914
88.91601014137268,156914
88.91768479347229,156914
88.91857123374939,156914
88.91946077346802,156914
88.9203429222107,156914
88.92122650146484,156914
88.92211079597473,156914
88.92379522323608,156914
88.92469239234924,156914
88.92558026313782,156914
88.92646622657776,156914
88.9273533821106,156914
88.92823958396912,156914
88.92912673950195,156914
88.93080735206604,156914
88.93169593811035,156914
88.9325840473175,156914
88.93346905708313,156914
88.93436670303345,156914
88.93525218963623,156914
88.93613958358765,156914
88.93781995773315,156914
88.93870306015015,156914
88.93959164619446,156914
88.94048070907593,156914
88.94136762619019,156914
88.94225358963013,156914
88.94314074516296,156914
88.944011926651,156914
88.94568967819214,156914
88.94657635688782,156914
88.94746470451355,156914
88.94835114479065,156914
88.94923830032349,156914
88.95012426376343,156914
88.95180177688599,156914
88.95268702507019,156914
88.9535710811615,156914
88.95446825027466,156914
88.9553554058075,156914
88.95624113082886,156914
88.95712423324585,156914
88.95880579948425,156914
88.95969438552856,156914
88.96057891845703,156914
88.96146559715271,156914
88.96235156059265,156914
88.96323847770691,156914
88.96413445472717,156914
88.96581649780273,156914
88.96670508384705,156914
88.96759104728699,156914
88.96848106384277,156914
88.96936821937561,156914
88.97025346755981,156914
88.97113823890686,156914
88.9728147983551,156914
88.97369861602783,156914
88.97459888458252,156914
88.97548651695251,156914
88.97637343406677,156914
88.97725939750671,156914
88.97814393043518,156914
88.97982668876648,156914
88.980712890625,156914
88.98159909248352,156914
88.98248648643494,156914
88.98337316513062,156914
88.9842689037323,156914
88.9851586818695,156914
88.98601460456848,156914
88.9876959323883,156914
88.98858165740967,156914
88.98946976661682,156914
88.99035620689392,156914
88.99124217033386,156914
88.99212884902954,156914
88.99380874633789,156914
88.99470543861389,156914
88.99559283256531,156914
88.99647784233093,156914
88.99736213684082,156914
88.99825024604797,156914
88.99913454055786,156914
89.00081944465637,156914
89.00170493125916,156914
89.00258994102478,156914
89.00347566604614,156914
89.00437331199646,156914
89.00526213645935,156914
89.00614833831787,156914
89.00700902938843,156914
89.00868892669678,156914
89.0095751285553,156914
89.01046657562256,156914
89.01135492324829,156914
89.01223659515381,156914
89.01312184333801,156914
89.01481437683105,156914
89.0157036781311,156914
89.01659345626831,156914
89.01748132705688,156914
89.01836919784546,156914
89.01925659179688,156914
89.02014183998108,156914
89.02182197570801,156914
89.02270555496216,156914
89.02358961105347,156914
89.02448749542236,156914
89.02537560462952,156914
89.02626156806946,156914
89.0271508693695,156914
89.02800941467285,156914
89.02968621253967,156914
89.03057265281677,156914
89.03146004676819,156914
89.03234815597534,156914
89.03323316574097,156914
89.03412890434265,156914
89.03581309318542,156914
89.03670191764832,156914
89.03759002685547,156914
89.03847813606262,156914
89.03936457633972,156914
89.04025340080261,156914
89.04114103317261,156914
89.04282450675964,156914
89.0437114238739,156914
89.04460740089417,156914
89.04549384117126,156914
89.04638075828552,156914
89.04726648330688,156914
89.04815483093262,156914
89.04901504516602,156914
89.05069947242737,156914
89.05158734321594,156914
89.05247616767883,156914
89.05336308479309,156914
89.05425834655762,156914
89.0551450252533,156914
89.05600953102112,156914
89.05768489837646,156914
89.05857300758362,156914
89.05945897102356,156914
89.0603494644165,156914
89.06124091148376,156914
89.06212711334229,156914
89.06380772590637,156914
89.06470346450806,156914
89.06559109687805,156914
89.06647968292236,156914
89.06736540794373,156914
89.06825184822083,156914
89.06913709640503,156914
89.07082295417786,156914
89.07170987129211,156914
89.0725953578949,156914
89.07348299026489,156914
89.07437920570374,156914
89.07526397705078,156914
89.07614994049072,156914
89.07700991630554,156914
89.07868790626526,156914
89.07957816123962,156914
89.08046507835388,156914
89.0813524723053,156914
89.0822389125824,156914
89.08304190635681,156914
89.08442401885986,156914
89.08534216880798,156914
89.08626317977905,156914
89.0871889591217,156914
89.08810806274414,156914
89.08902192115784,156914
89.09037685394287,156914
89.09129309654236,156914
89.09221267700195,156914
89.0931293964386,156914
89.09406542778015,156914
89.0954201221466,156914
89.09635138511658,156914
89.09726977348328,156914
89.09819173812866,156914
89.09910893440247,156914
89.10002613067627,156914
89.10138082504272,156914
89.10230040550232,156914
89.10321736335754,156914
89.10415434837341,156914
89.10507249832153,156914
89.10642766952515,156914
89.10734581947327,156914
89.10827374458313,156914
89.10919380187988,156914
89.11011171340942,156914
89.11102867126465,156914
89.11238431930542,156914
89.11330246925354,156914
89.11423230171204,156914
89.11514830589294,156914
89.11606669425964,156914
89.11742162704468,156914
89.11833834648132,156914
89.1192524433136,156914
89.1201913356781,156914
89.12111163139343,156914
89.12202286720276,156914
89.12337756156921,156914
89.12430429458618,156914
89.1252224445343,156914
89.12613940238953,156914
89.1270580291748,156914
89.12843322753906,156914
89.1293535232544,156914
89.13027024269104,156914
89.13120079040527,156914
89.13213729858398,156914
89.13306140899658,156914
89.13443398475647,156914
89.13536667823792,156914
89.13628959655762,156914
89.13721585273743,156914
89.13813424110413,156914
89.13905191421509,156914
89.1404173374176,156914
89.1413345336914,156914
89.14226341247559,156914
89.14318752288818,156914
89.14411783218384,156914
89.14504289627075,156914
89.14641451835632,156914
89.14734196662903,156914
89.14826226234436,156914
89.14918351173401,156914
89.1501317024231,156914
89.15104794502258,156914
89.1524109840393,156914
89.15333890914917,156914
89.15426731109619,156914
89.15519428253174,156914
89.1561107635498,156914
89.15702700614929,156914
89.1583776473999,156914
89.15930318832397,156914
89.16022419929504,156914
89.16114497184753,156914
89.16205930709839,156914
89.16341400146484,156914
89.16434144973755,156914
89.1652581691742,156914
89.16617512702942,156914
89.16709327697754,156914
89.16801261901855,156914
89.1693651676178,156914
89.17027950286865,156914
89.17120146751404,156914
89.1721179485321,156914
89.17303037643433,156914
89.17439913749695,156914
89.17531633377075,156914
89.17623567581177,156914
89.17715358734131,156914
89.17807173728943,156914
89.1794285774231,156914
89.18034625053406,156914
89.18126368522644,156914
89.18218350410461,156914
89.18310236930847,156914
89.18402886390686,156914
89.18538618087769,156914
89.18630290031433,156914
89.18722128868103,156914
89.18814182281494,156914
89.18906140327454,156914
89.19042015075684,156914
89.19133949279785,156914
89.1922619342804,156914
89.19318413734436,156914
89.19411373138428,156914
89.1950294971466,156914
89.19638705253601,156914
89.19730615615845,156914
89.1982262134552,156914
89.19914555549622,156914
89.2000617980957,156914
89.20141816139221,156914
89.2023355960846,156914
89.20325565338135,156914
89.20418667793274,156914
89.20510649681091,156914
89.20602011680603,156914
89.20737433433533,156914
89.20829176902771,156914
89.20920729637146,156914
89.21012783050537,156914
89.21104335784912,156914
89.21239852905273,156914
89.21331667900085,156914
89.21424436569214,156914
89.21516442298889,156914
89.21608376502991,156914
89.21744108200073,156914
89.21835541725159,156914
89.2192747592926,156914
89.22019219398499,156914
89.22111129760742,156914
89.22202491760254,156914
89.22337770462036,156914
89.2243115901947,156914
89.22522687911987,156914
89.22614455223083,156914
89.2270576953888,156914
89.22841501235962,156914
89.22932934761047,156914
89.23024797439575,156914
89.23116493225098,156914
89.23208165168762,156914
89.23343634605408,156914
89.23436045646667,156914
89.2352786064148,156914
89.2361946105957,156914
89.23711371421814,156914
89.238028049469,156914
89.23938298225403,156914
89.24030113220215,156914
89.24122023582458,156914
89.24213790893555,156914
89.24305438995361,156914
89.2444200515747,156914
89.2453351020813,156914
89.24625515937805,156914
89.24717450141907,156914
89.24809336662292,156914
89.24901008605957,156914
89.25036382675171,156914
89.25128102302551,156914
89.25220227241516,156914
89.25312066078186,156914
89.25408458709717,156914
89.25503301620483,156914
89.2563829421997,156914
89.25730776786804,156914
89.25822973251343,156914
89.25915169715881,156914
89.26007652282715,156914
89.2614414691925,156914
89.2623565196991,156914
89.26327681541443,156914
89.26420831680298,156914
89.26512384414673,156914
89.26603865623474,156914
89.26739430427551,156914
89.26830887794495,156914
89.26922845840454,156914
89.27015209197998,156914
89.27107262611389,156914
89.27242994308472,156914
89.27334809303284,156914
89.27427911758423,156914
89.27519989013672,156914
89.27611756324768,156914
89.27703285217285,156914
89.27838778495789,156914
89.279305934906,156914
89.28022527694702,156914
89.28114461898804,156914
89.28206062316895,156914
89.28341627120972,156914
89.28434085845947,156914
89.28526163101196,156914
89.28617739677429,156914
89.28709387779236,156914
89.28801369667053,156914
89.2893693447113,156914
89.29028677940369,156914
89.29120659828186,156914
89.29212498664856,156914
89.29304075241089,156914
89.29440307617188,156914
89.29531717300415,156914
89.29623675346375,156914
89.29715371131897,156914
89.29806852340698,156914
89.29942464828491,156914
89.30034327507019,156914
89.3012626171112,156914
89.30218291282654,156914
89.30309867858887,156914
89.30403017997742,156914
89.30539155006409,156914
89.30630564689636,156914
89.30722784996033,156914
89.30814671516418,156914
89.30906343460083,156914
89.31042337417603,156914
89.31134104728699,156914
89.31225943565369,156914
89.31318068504333,156914
89.3141098022461,156914
89.31502604484558,156914
89.31638097763062,156914
89.31729364395142,156914
89.3182122707367,156914
89.31912851333618,156914
89.3200421333313,156914
89.32139921188354,156914
89.32231831550598,156914
89.32323551177979,156914
89.32416200637817,156914
89.3250789642334,156914
89.32643342018127,156914
89.32735252380371,156914
89.3282699584961,156914
89.32918882369995,156914
89.33010578155518,156914
89.33102130889893,156914
89.33237433433533,156914
89.33328914642334,156914
89.33421754837036,156914
89.33513331413269,156914
89.33605074882507,156914
89.33740282058716,156914
89.33831810951233,156914
89.33923435211182,156914
89.34015345573425,156914
89.34106826782227,156914
89.34242534637451,156914
89.34333848953247,156914
89.34426879882812,156914
89.34518623352051,156914
89.34610414505005,156914
89.3470208644867,156914
89.3483738899231,156914
89.34929013252258,156914
89.35020852088928,156914
89.3511254787445,156914
89.35204148292542,156914
89.35339498519897,156914
89.35432720184326,156914
89.35524916648865,156914
89.35616970062256,156914
89.35708212852478,156914
89.35843777656555,156914
89.3593544960022,156914
89.36027264595032,156914
89.36118912696838,156914
89.36210918426514,156914
89.3630223274231,156914
89.36438369750977,156914
89.3652994632721,156914
89.36621928215027,156914
89.3671383857727,156914
89.36805367469788,156914
89.36941075325012,156914
89.37032961845398,156914
89.37125062942505,156914
89.37216567993164,156914
89.37307906150818,156914
89.37400650978088,156914
89.37536144256592,156914
89.37627625465393,156914
89.37719440460205,156914
89.37811064720154,156914
89.37902235984802,156914
89.38038301467896,156914
89.38130259513855,156914
89.38222074508667,156914
89.38314008712769,156914
89.38406705856323,156914
89.38542008399963,156914
89.38633799552917,156914
89.38725399971008,156914
89.38817048072815,156914
89.3890872001648,156914
89.39043998718262,156914
89.39135694503784,156914
89.39228439331055,156914
89.39320373535156,156914
89.39413142204285,156914
89.39504909515381,156914
89.39640855789185,156914
89.39732313156128,156914
89.39824414253235,156914
89.3991641998291,156914
89.40008068084717,156914
89.40143847465515,156914
89.40235757827759,156914
89.40327525138855,156914
89.40420317649841,156914
89.40512156486511,156914
89.4060366153717,156914
89.40738844871521,156914
89.4083046913147,156914
89.40922212600708,156914
89.41014075279236,156914
89.41105651855469,156914
89.41241240501404,156914
89.41332912445068,156914
89.41426348686218,156914
89.41518378257751,156914
89.41610026359558,156914
89.41701745986938,156914
89.41836953163147,156914
89.4192852973938,156914
89.42020082473755,156914
89.42114067077637,156914
89.42205762863159,156914
89.42341041564941,156914
89.42434453964233,156914
89.42527532577515,156914
89.42619395256042,156914
89.42712020874023,156914
89.42803907394409,156914
89.42938995361328,156914
89.43030548095703,156914
89.43122267723083,156914
89.43214273452759,156914
89.43305850028992,156914
89.43442606925964,156914
89.43533945083618,156914
89.43625855445862,156914
89.43717670440674,156914
89.43809270858765,156914
89.43901181221008,156914
89.44036507606506,156914
89.44128203392029,156914
89.44219827651978,156914
89.44311738014221,156914
89.44404172897339,156914
89.44539427757263,156914
89.44630980491638,156914
89.44722819328308,156914
89.44814944267273,156914
89.44906497001648,156914
89.45042657852173,156914
89.45134329795837,156914
89.4522647857666,156914
89.45318508148193,156914
89.45411443710327,156914
89.45504593849182,156914
89.4564049243927,156914
89.45732092857361,156914
89.4582405090332,156914
89.45915722846985,156914
89.46006989479065,156914
89.46142864227295,156914
89.46234512329102,156914
89.46326470375061,156914
89.46419620513916,156914
89.46511435508728,156914
89.46602702140808,156914
89.46738243103027,156914
89.46829867362976,156914
89.4692177772522,156914
89.47013592720032,156914
89.47105050086975,156914
89.47240424156189,156914
89.47332382202148,156914
89.47425389289856,156914
89.47517323493958,156914
89.4760913848877,156914
89.47700881958008,156914
89.47836494445801,156914
89.47928214073181,156914
89.4802017211914,156914
89.48112440109253,156914
89.48204016685486,156914
89.48340153694153,156914
89.48432922363281,156914
89.48525023460388,156914
89.48616766929626,156914
89.48708534240723,156914
89.48843908309937,156914
89.48935437202454,156914
89.49026894569397,156914
89.49118757247925,156914
89.49210667610168,156914
89.49302172660828,156914
89.49438738822937,156914
89.49530124664307,156914
89.4962203502655,156914
89.4971387386322,156914
89.4980571269989,156914
89.49941515922546,156914
89.500333070755,156914
89.50125241279602,156914
89.50217413902283,156914
89.50309133529663,156914
89.50402498245239,156914
89.50538468360901,156914
89.50630378723145,156914
89.50722408294678,156914
89.50814056396484,156914
89.50905895233154,156914
89.51041412353516,156914
89.51133060455322,156914
89.51224613189697,156914
89.51316404342651,156914
89.51408672332764,156914
89.51500463485718,156914
89.51635909080505,156914
89.51727485656738,156914
89.51819586753845,156914
89.51911354064941,156914
89.52002906799316,156914
89.52138543128967,156914
89.52230310440063,156914
89.52322340011597,156914
89.52415633201599,156914
89.52507138252258,156914
89.52642798423767,156914
89.52734279632568,156914
89.52826142311096,156914
89.52918028831482,156914
89.53009819984436,156914
89.53101420402527,156914
89.53236484527588,156914
89.53328442573547,156914
89.53421258926392,156914
89.53512978553772,156914
89.53604364395142,156914
89.53739523887634,156914
89.53831052780151,156914
89.5392324924469,156914
89.54015517234802,156914
89.5410726070404,156914
89.54242944717407,156914
89.54334735870361,156914
89.54427361488342,156914
89.5451910495758,156914
89.54610919952393,156914
89.54702234268188,156914
89.54837918281555,156914
89.54929709434509,156914
89.550213098526,156914
89.55113339424133,156914
89.55204892158508,156914
89.55340456962585,156914
89.55433106422424,156914
89.55524706840515,156914
89.55616211891174,156914
89.55708026885986,156914
89.55843353271484,156914
89.55934834480286,156914
89.56027340888977,156914
89.5611925125122,156914
89.5621087551117,156914
89.56302213668823,156914
89.56438899040222,156914
89.5653030872345,156914
89.56622052192688,156914
89.56713652610779,156914
89.56805300712585,156914
89.56940793991089,156914
89.57032513618469,156914
89.57123947143555,156914
89.57215690612793,156914
89.57307243347168,156914
89.57444214820862,156914
89.57535576820374,156914
89.57627201080322,156914
89.57719016075134,156914
89.57810878753662,156914
89.57902145385742,156914
89.58037304878235,156914
89.58129143714905,156914
89.58220791816711,156914
89.58312654495239,156914
89.58405113220215,156914
89.5854058265686,156914
89.5863242149353,156914
89.5872414112091,156914
89.58815717697144,156914
89.58907198905945,156914
89.59042716026306,156914
89.59134078025818,156914
89.59225726127625,156914
89.59317111968994,156914
89.59409737586975,156914
89.59501552581787,156914
89.59637093544006,156914
89.59729027748108,156914
89.59821367263794,156914
89.59913682937622,156914
89.60005187988281,156914
89.60140609741211,156914
89.60232257843018,156914
89.60324168205261,156914
89.60417032241821,156914
89.60508847236633,156914
89.60600423812866,156914
89.60735988616943,156914
89.60827612876892,156914
89.60919833183289,156914
89.61011576652527,156914
89.61103224754333,156914
89.61238765716553,156914
89.61330485343933,156914
89.61423540115356,156914
89.61515378952026,156914
89.61607027053833,156914
89.61742424964905,156914
89.6183409690857,156914
89.61925935745239,156914
89.62017607688904,156914
89.62109422683716,156914
89.6220064163208,156914
89.62335896492004,156914
89.62428855895996,156914
89.62520551681519,156914
89.62612318992615,156914
89.62703824043274,156914
89.62839198112488,156914
89.629310131073,156914
89.63022923469543,156914
89.63115000724792,156914
89.63206458091736,156914
89.6334240436554,156914
89.63434934616089,156914
89.6352698802948,156914
89.6361894607544,156914
89.63710594177246,156914
89.63802170753479,156914
89.63937306404114,156914
89.64029169082642,156914
89.64120674133301,156914
89.64212679862976,156914
89.64303994178772,156914
89.64440536499023,156914
89.64532089233398,156914
89.64624309539795,156914
89.64715647697449,156914
89.64807081222534,156914
89.64942479133606,156914
89.6503393650055,156914
89.65125799179077,156914
89.65217280387878,156914
89.6530921459198,156914
89.6540138721466,156914
89.65536952018738,156914
89.65628457069397,156914
89.65720582008362,156914
89.65812826156616,156914
89.65904307365417,156914
89.66040205955505,156914
89.66131806373596,156914
89.66224002838135,156914
89.66315698623657,156914
89.66408443450928,156914
89.66544032096863,156914
89.66635608673096,156914
89.66727423667908,156914
89.66819214820862,156914
89.66910910606384,156914
89.67002272605896,156914
89.6713707447052,156914
89.67228889465332,156914
89.67320442199707,156914
89.67413067817688,156914
89.6750476360321,156914
89.67639899253845,156914
89.67731714248657,156914
89.67823505401611,156914
89.67915463447571,156914
89.68007111549377,156914
89.68142509460449,156914
89.68234181404114,156914
89.68325805664062,156914
89.68418836593628,156914
89.68510723114014,156914
89.6860249042511,156914
89.68739151954651,156914
89.68830895423889,156914
89.68922543525696,156914
89.6901445388794,156914
89.6910605430603,156914
89.69242024421692,156914
89.69333696365356,156914
89.69426918029785,156914
89.69518828392029,156914
89.69610261917114,156914
89.69701957702637,156914
89.69837307929993,156914
89.69928979873657,156914
89.70020651817322,156914
89.70112705230713,156914
89.70203948020935,156914
89.7033965587616,156914
89.70433259010315,156914
89.70525288581848,156914
89.70617151260376,156914
89.70708703994751,156914
89.70800614356995,156914
89.70936179161072,156914
89.71027851104736,156914
89.71119737625122,156914
89.71211290359497,156914
89.71302437782288,156914
89.71439003944397,156914
89.71530413627625,156914
89.71622252464294,156914
89.7171413898468,156914
89.71805715560913,156914
89.71941542625427,156914
89.72033643722534,156914
89.72125720977783,156914
89.72217416763306,156914
89.72309279441833,156914
89.72402048110962,156914
89.72537302970886,156914
89.72629046440125,156914
89.72721076011658,156914
89.72813749313354,156914
89.72905158996582,156914
89.73040318489075,156914
89.73131823539734,156914
89.73223352432251,156914
89.73314929008484,156914
89.73407316207886,156914
89.73542594909668,156914
89.73634099960327,156914
89.7372555732727,156914
89.7381739616394,156914
89.73908543586731,156914
89.74043846130371,156914
89.7413535118103,156914
89.74227356910706,156914
89.74319219589233,156914
89.74411845207214,156914
89.74503111839294,156914
89.74638247489929,156914
89.74730062484741,156914
89.74821877479553,156914
89.74913668632507,156914
89.7500729560852,156914
89.75143146514893,156914
89.75234293937683,156914
89.75325870513916,156914
89.75418877601624,156914
89.75510478019714,156914
89.75602078437805,156914
89.75737261772156,156914
89.75828909873962,156914
89.75920343399048,156914
89.76011967658997,156914
89.76103639602661,156914
89.76238751411438,156914
89.76330208778381,156914
89.76423215866089,156914
89.76514768600464,156914
89.76609420776367,156914
89.76701402664185,156914
89.76836633682251,156914
89.7692859172821,156914
89.77020525932312,156914
89.77112412452698,156914
89.77203893661499,156914
89.77302098274231,156914
89.77440428733826,156914
89.77532243728638,156914
89.77623653411865,156914
89.77715277671814,156914
89.77806949615479,156914
89.77942395210266,156914
89.78036999702454,156914
89.78128838539124,156914
89.78220701217651,156914
89.78312540054321,156914
89.78404903411865,156914
89.78540778160095,156914
89.78632974624634,156914
89.7872486114502,156914
89.78816938400269,156914
89.78908705711365,156914
89.79000401496887,156914
89.79136872291565,156914
89.79228687286377,156914
89.79320573806763,156914
89.79413557052612,156914
89.7950496673584,156914
89.79640817642212,156914
89.7973256111145,156914
89.7982428073883,156914
89.79916024208069,156914
89.8000795841217,156914
89.80143594741821,156914
89.8023521900177,156914
89.80326676368713,156914
89.804194688797,156914
89.80511331558228,156914
89.80602622032166,156914
89.80737805366516,156914
89.80829548835754,156914
89.80921626091003,156914
89.81013369560242,156914
89.81104969978333,156914
89.81240606307983,156914
89.81332349777222,156914
89.81424760818481,156914
89.81516432762146,156914
89.81607913970947,156914
89.81743359565735,156914
89.81834506988525,156914
89.81926202774048,156914
89.82017874717712,156914
89.82109189033508,156914
89.82200813293457,156914
89.82336044311523,156914
89.82429051399231,156914
89.8252067565918,156914
89.82612705230713,156914
89.82704281806946,156914
89.82839751243591,156914
89.82932305335999,156914
89.83024549484253,156914
89.83116483688354,156914
89.83208203315735,156914
89.83343768119812,156914
89.83436489105225,156914
89.83527874946594,156914
89.83619666099548,156914
89.83711671829224,156914
89.8380331993103,156914
89.83938670158386,156914
89.84030246734619,156914
89.84122204780579,156914
89.84213972091675,156914
89.8430564403534,156914
89.84442782402039,156914
89.84534358978271,156914
89.84626460075378,156914
89.84718132019043,156914
89.84810042381287,156914
89.84901928901672,156914
89.85037183761597,156914
89.85128617286682,156914
89.85220289230347,156914
89.85312056541443,156914
89.85404205322266,156914
89.85539865493774,156914
89.85631680488586,156914
89.85723304748535,156914
89.85815072059631,156914
89.85906720161438,156914
89.86041855812073,156914
89.86133599281311,156914
89.86225318908691,156914
89.86317253112793,156914
89.86409950256348,156914
89.86501502990723,156914
89.86637020111084,156914
89.86729025840759,156914
89.86820936203003,156914
89.86912703514099,156914
89.8700430393219,156914
89.87139964103699,156914
89.87231421470642,156914
89.87322998046875,156914
89.87416052818298,156914
89.87507510185242,156914
89.87643122673035,156914
89.87734651565552,156914
89.87826490402222,156914
89.87918281555176,156914
89.8801019191742,156914
89.8810179233551,156914
89.88237118721008,156914
89.88329076766968,156914
89.88421869277954,156914
89.88514018058777,156914
89.88605523109436,156914
89.88741207122803,156914
89.88832545280457,156914
89.889244556427,156914
89.89016222953796,156914
89.89107322692871,156914
89.89243268966675,156914
89.89334750175476,156914
89.8942756652832,156914
89.8951940536499,156914
89.89611792564392,156914
89.89703297615051,156914
89.8983895778656,156914
89.89930176734924,156914
89.90022134780884,156914
89.90113806724548,156914
89.90205073356628,156914
89.90340518951416,156914
89.90433931350708,156914
89.90525794029236,156914
89.90617394447327,156914
89.90709185600281,156914
89.9080057144165,156914
89.90936088562012,156914
89.91027665138245,156914
89.91119742393494,156914
89.91211438179016,156914
89.91303086280823,156914
89.9144024848938,156914
89.91531729698181,156914
89.91623425483704,156914
89.91715025901794,156914
89.91806745529175,156914
89.91942381858826,156914
89.92033982276917,156914
89.92125487327576,156914
89.92217540740967,156914
89.92309474945068,156914
89.92402362823486,156914
89.9253761768341,156914
89.92629194259644,156914
89.92720937728882,156914
89.92812728881836,156914
89.92904496192932,156914
89.93039298057556,156914
89.93130779266357,156914
89.93222618103027,156914
89.93314504623413,156914
89.93407106399536,156914
89.93542528152466,156914
89.93633818626404,156914
89.93725323677063,156914
89.93817019462585,156914
89.93908452987671,156914
89.94000554084778,156914
89.94135618209839,156914
89.94227528572083,156914
89.94319128990173,156914
89.94412279129028,156914
89.94503736495972,156914
89.94639253616333,156914
89.94730496406555,156914
89.9482262134552,156914
89.94914555549622,156914
89.95006155967712,156914
89.95141816139221,156914
89.95233583450317,156914
89.95325708389282,156914
89.95418429374695,156914
89.95510268211365,156914
89.95601773262024,156914
89.95737314224243,156914
89.95829153060913,156914
89.95921158790588,156914
89.96012568473816,156914
89.96104168891907,156914
89.96239709854126,156914
89.9633138179779,156914
89.96424317359924,156914
89.96516108512878,156914
89.96607613563538,156914
89.96743059158325,156914
89.96834468841553,156914
89.96926379203796,156914
89.9701817035675,156914
89.9710955619812,156914
89.97201204299927,156914
89.97336530685425,156914
89.97429418563843,156914
89.97521233558655,156914
89.9761290550232,156914
89.97704553604126,156914
89.97839951515198,156914
89.9793152809143,156914
89.98023295402527,156914
89.98115110397339,156914
89.98206305503845,156914
89.98341870307922,156914
89.98434090614319,156914
89.98526215553284,156914
89.98617887496948,156914
89.98709726333618,156914
89.98801374435425,156914
89.98936676979065,156914
89.99028444290161,156914
89.99120116233826,156914
89.9921190738678,156914
89.9930350780487,156914
89.99440026283264,156914
89.99531483650208,156914
89.99623489379883,156914
89.99715256690979,156914
89.99806666374207,156914
89.99942350387573,156914
90.00034046173096,156914
90.0012629032135,156914
90.00218033790588,156914
90.00309920310974,156914
90.0040271282196,156914
90.00538468360901,156914
90.00629925727844,156914
90.00721716880798,156914
90.00813865661621,156914
90.00905585289001,156914
90.01041674613953,156914
90.01133441925049,156914
90.01225399971008,156914
90.01317095756531,156914
90.01409578323364,156914
90.01501154899597,156914
90.01636552810669,156914
90.01727795600891,156914
90.01819658279419,156914
90.01911401748657,156914
90.02002716064453,156914
90.02138137817383,156914
90.02229809761047,156914
90.02321648597717,156914
90.0241448879242,156914
90.02506375312805,156914
90.0264163017273,156914
90.02733302116394,156914
90.02824974060059,156914
90.02916741371155,156914
90.03008389472961,156914
90.03143620491028,156914
90.03235220909119,156914
90.03327059745789,156914
90.03419804573059,156914
90.03511548042297,156914
90.03602981567383,156914
90.0373842716217,156914
90.03830146789551,156914
90.03922176361084,156914
90.04014134407043,156914
90.04105615615845,156914
90.04241752624512,156914
90.04333186149597,156914
90.04426002502441,156914
90.0451762676239,156914
90.04609441757202,156914
90.04701256752014,156914
90.0483672618866,156914
90.04928517341614,156914
90.0502016544342,156914
90.05111861228943,156914
90.05203247070312,156914
90.05338549613953,156914
90.05431056022644,156914
90.05523014068604,156914
90.05614972114563,156914
90.0570604801178,156914
90.05841636657715,156914
90.05933785438538,156914
90.06025719642639,156914
90.06117391586304,156914
90.06208968162537,156914
90.06300401687622,156914
90.06437397003174,156914
90.06529188156128,156914
90.06621241569519,156914
90.06712913513184,156914
90.068044424057,156914
90.06939935684204,156914
90.0703194141388,156914
90.07123923301697,156914
90.07215690612793,156914
90.07307457923889,156914
90.07443881034851,156914
90.07535672187805,156914
90.07627367973328,156914
90.07719373703003,156914
90.07811212539673,156914
90.07902646064758,156914
90.08038258552551,156914
90.08129572868347,156914
90.08221292495728,156914
90.08312630653381,156914
90.08405113220215,156914
90.08540916442871,156914
90.08632779121399,156914
90.08724594116211,156914
90.08816647529602,156914
90.08908677101135,156914
90.09044194221497,156914
90.09135913848877,156914
90.09228134155273,156914
90.09319949150085,156914
90.09413719177246,156914
90.09505796432495,156914
90.09641408920288,156914
90.09733247756958,156914
90.09825277328491,156914
90.09917283058167,156914
90.10009050369263,156914
90.10100483894348,156914
90.10235857963562,156914
90.1032772064209,156914
90.10421562194824,156914
90.10513710975647,156914
90.10605478286743,156914
90.1074104309082,156914
90.1083288192749,156914
90.1092460155487,156914
90.11016869544983,156914
90.1110897064209,156914
90.11200523376465,156914
90.11335897445679,156914
90.1142885684967,156914
90.11520576477051,156914
90.1161253452301,156914
90.11704301834106,156914
90.11839270591736,156914
90.11931085586548,156914
90.1202278137207,156914
90.12114977836609,156914
90.12206721305847,156914
90.1234233379364,156914
90.12434649467468,156914
90.12526726722717,156914
90.1261875629425,156914
90.12710428237915,156914
90.12801861763,156914
90.12937712669373,156914
90.13029408454895,156914
90.13121342658997,156914
90.13213157653809,156914
90.13304591178894,156914
90.13441514968872,156914
90.13532829284668,156914
90.1362612247467,156914
90.13724279403687,156914
90.13851356506348,156914
90.1391658782959,156914
90.14016962051392,156914
90.14109683036804,156914
90.14202117919922,156914
90.14338326454163,156914
90.14432120323181,156914
90.14525318145752,156914
90.1461751461029,156914
90.14710402488708,156914
90.1480221748352,156914
90.14937400817871,156914
90.15030097961426,156914
90.1512176990509,156914
90.15213751792908,156914
90.15305852890015,156914
90.15442490577698,156914
90.15535712242126,156914
90.15628409385681,156914
90.15720343589783,156914
90.15812849998474,156914
90.15904664993286,156914
90.16040420532227,156914
90.1613290309906,156914
90.16224813461304,156914
90.16317105293274,156914
90.16409587860107,156914
90.16502380371094,156914
90.16639232635498,156914
90.16730952262878,156914
90.16823053359985,156914
90.1691472530365,156914
90.1700668334961,156914
90.17142415046692,156914
90.17234182357788,156914
90.17326068878174,156914
90.17419052124023,156914
90.1751070022583,156914
90.17602396011353,156914
90.17737364768982,156914
90.17831039428711,156914
90.17922973632812,156914
90.18014812469482,156914
90.18106603622437,156914
90.18241691589355,156914
90.18333458900452,156914
90.18426370620728,156914
90.18518376350403,156914
90.18609762191772,156914
90.18701243400574,156914
90.18836402893066,156914
90.18927836418152,156914
90.19019675254822,156914
90.19111013412476,156914
90.19202494621277,156914
90.19337868690491,156914
90.19430899620056,156914
90.19522762298584,156914
90.19614815711975,156914
90.19706416130066,156914
90.19842052459717,156914
90.19933795928955,156914
90.20025753974915,156914
90.20117568969727,156914
90.2020890712738,156914
90.20300388336182,156914
90.20436835289001,156914
90.20528769493103,156914
90.2062075138092,156914
90.2071270942688,156914
90.2080409526825,156914
90.20939326286316,156914
90.21030640602112,156914
90.21122670173645,156914
90.21214485168457,156914
90.2130606174469,156914
90.21443057060242,156914
90.21534633636475,156914
90.2162652015686,156914
90.21717929840088,156914
90.21809554100037,156914
90.21901273727417,156914
90.22036814689636,156914
90.22128415107727,156914
90.22220587730408,156914
90.2231216430664,156914
90.22404170036316,156914
90.22539854049683,156914
90.22631669044495,156914
90.22723698616028,156914
90.22815465927124,156914
90.22907161712646,156914
90.2304220199585,156914
90.2313392162323,156914
90.23226475715637,156914
90.23318314552307,156914
90.23411011695862,156914
90.23502039909363,156914
90.23637199401855,156914
90.23728704452515,156914
90.23820567131042,156914
90.23912572860718,156914
90.24004197120667,156914
90.24139881134033,156914
90.24231481552124,156914
90.24323058128357,156914
90.24416017532349,156914
90.24507594108582,156914
90.24642777442932,156914
90.24734210968018,156914
90.24826192855835,156914
90.24918031692505,156914
90.2500946521759,156914
90.25100994110107,156914
90.25236368179321,156914
90.25327968597412,156914
90.2542097568512,156914
90.25512766838074,156914
90.25604295730591,156914
90.25739669799805,156914
90.2583122253418,156914
90.25923204421997,156914
90.26015114784241,156914
90.26106643676758,156914
90.26241755485535,156914
90.263338804245,156914
90.26427006721497,156914
90.26518750190735,156914
90.26610326766968,156914
90.26701855659485,156914
90.26837372779846,156914
90.26928949356079,156914
90.27020764350891,156914
90.27112603187561,156914
90.27203893661499,156914
90.2733964920044,156914
90.27432370185852,156914
90.27524423599243,156914
90.27616024017334,156914
90.27707982063293,156914
90.27807450294495,156914
90.27968406677246,156914
90.28053975105286,156914
90.28138303756714,156914
90.2822322845459,156914
90.28308868408203,156914
90.28472518920898,156914
90.2855749130249,156914
90.28642249107361,156914
90.28727316856384,156914
90.28812026977539,156914
90.28975057601929,156914
90.2906014919281,156914
90.29144668579102,156914
90.29229354858398,156914
90.29313802719116,156914
90.29478168487549,156914
90.29563474655151,156914
90.29648065567017,156914
90.2973325252533,156914
90.29818272590637,156914
90.29902863502502,156914
90.30066323280334,156914
90.30151009559631,156914
90.3023591041565,156914
90.30320811271667,156914
90.30407118797302,156914
90.30570244789124,156914
90.30655026435852,156914
90.30739855766296,156914
90.30824279785156,156914
90.30909323692322,156914
90.31072568893433,156914
90.31157302856445,156914
90.31242084503174,156914
90.31327271461487,156914
90.31412959098816,156914
90.315762758255,156914
90.31660985946655,156914
90.31745743751526,156914
90.31830310821533,156914
90.31914854049683,156914
90.32078099250793,156914
90.32162523269653,156914
90.32247614860535,156914
90.32332515716553,156914
90.32417893409729,156914
90.325026512146,156914
90.32666015625,156914
90.3275089263916,156914
90.32835984230042,156914
90.32920718193054,156914
90.33005571365356,156914
90.33168482780457,156914
90.33253574371338,156914
90.33337998390198,156914
90.33423566818237,156914
90.33508896827698,156914
90.33671569824219,156914
90.33756279945374,156914
90.33840847015381,156914
90.33925533294678,156914
90.34010314941406,156914
90.34173083305359,156914
90.34257888793945,156914
90.34342980384827,156914
90.3442862033844,156914
90.34513354301453,156914
90.34676337242126,156914
90.34761333465576,156914
90.34845662117004,156914
90.34930491447449,156914
90.35015106201172,156914
90.35178637504578,156914
90.35263895988464,156914
90.35348534584045,156914
90.35434293746948,156914
90.35518980026245,156914
90.35604405403137,156914
90.3576762676239,156914
90.35852861404419,156914
90.35937142372131,156914
90.36021852493286,156914
90.36107015609741,156914
90.36270141601562,156914
90.36355257034302,156914
90.36441087722778,156914
90.36525774002075,156914
90.36610794067383,156914
90.36773443222046,156914
90.36858201026917,156914
90.36942982673645,156914
90.37027764320374,156914
90.37112331390381,156914
90.37275886535645,156914
90.37361216545105,156914
90.37446188926697,156914
90.3753113746643,156914
90.37616062164307,156914
90.37700867652893,156914
90.3786370754242,156914
90.3794891834259,156914
90.38033485412598,156914
90.38118743896484,156914
90.38203287124634,156914
90.38366413116455,156914
90.38452053070068,156914
90.38536071777344,156914
90.38621234893799,156914
90.38706064224243,156914
90.38869190216064,156914
90.38953948020935,156914
90.39038586616516,156914
90.39123582839966,156914
90.39208722114563,156914
90.39371490478516,156914
90.3945722579956,156914
90.39541530609131,156914
90.39626169204712,156914
90.39711427688599,156914
90.39874291419983,156914
90.39959120750427,156914
90.4004430770874,156914
90.401287317276,156914
90.40213060379028,156914
90.40376448631287,156914
90.40461754798889,156914
90.40546870231628,156914
90.40631794929504,156914
90.40716433525085,156914
90.40801405906677,156914
90.40964269638062,156914
90.41049003601074,156914
90.41134023666382,156914
90.41218757629395,156914
90.41303825378418,156914
90.4146819114685,156914
90.41553139686584,156914
90.41638088226318,156914
90.417227268219,156914
90.41807699203491,156914
90.41970801353455,156914
90.42055487632751,156914
90.42140674591064,156914
90.4222514629364,156914
90.42309904098511,156914
90.4247374534607,156914
90.42558813095093,156914
90.42644047737122,156914
90.42728424072266,156914
90.42813110351562,156914
90.42976832389832,156914
90.4306149482727,156914
90.43146395683289,156914
90.43231272697449,156914
90.43316268920898,156914
90.43402242660522,156914
90.43565201759338,156914
90.43650102615356,156914
90.43734765052795,156914
90.43819808959961,156914
90.43904900550842,156914
90.4406750202179,156914
90.44152426719666,156914
90.44237041473389,156914
90.4432168006897,156914
90.44407725334167,156914
90.44570231437683,156914
90.44654750823975,156914
90.44739270210266,156914
90.44823908805847,156914
90.44909358024597,156914
90.45073318481445,156914
90.45158815383911,156914
90.45243668556213,156914
90.45328497886658,156914
90.45413780212402,156914
90.45577764511108,156914
90.45662641525269,156914
90.45747399330139,156914
90.45832180976868,156914
90.45916700363159,156914
90.4600179195404,156914
90.46164441108704,156914
90.46249341964722,156914
90.46334052085876,156914
90.46419620513916,156914
90.46504807472229,156914
90.4666805267334,156914
90.46753096580505,156914
90.46837759017944,156914
90.46922945976257,156914
90.47007870674133,156914
90.47170948982239,156914
90.47255825996399,156914
90.47340512275696,156914
90.47426581382751,156914
90.47511386871338,156914
90.47674202919006,156914
90.47759246826172,156914
90.47843933105469,156914
90.47928977012634,156914
90.48013734817505,156914
90.48177075386047,156914
90.48261618614197,156914
90.4834623336792,156914
90.48432230949402,156914
90.48516345024109,156914
90.48600888252258,156914
90.48764157295227,156914
90.48848962783813,156914
90.48933720588684,156914
90.49018716812134,156914
90.491037607193,156914
90.4926643371582,156914
90.49351596832275,156914
90.49436831474304,156914
90.49521541595459,156914
90.4960618019104,156914
90.49768877029419,156914
90.49853515625,156914
90.49938535690308,156914
90.5002293586731,156914
90.50107789039612,156914
90.50270962715149,156914
90.50355315208435,156914
90.5044150352478,156914
90.5052649974823,156914
90.50610995292664,156914
90.50774145126343,156914
90.50859236717224,156914
90.50943994522095,156914
90.51028537750244,156914
90.51112794876099,156914
90.51276421546936,156914
90.51361560821533,156914
90.51447081565857,156914
90.51531791687012,156914
90.51616358757019,156914
90.51701092720032,156914
90.51863837242126,156914
90.51948499679565,156914
90.52033233642578,156914
90.5211775302887,156914
90.52202868461609,156914
90.52366352081299,156914
90.5245189666748,156914
90.52536654472351,156914
90.52621388435364,156914
90.52706170082092,156914
90.52869200706482,156914
90.52954030036926,156914
90.53038692474365,156914
90.5312352180481,156914
90.53208541870117,156914
90.53371548652649,156914
90.53457355499268,156914
90.53541779518127,156914
90.5362639427185,156914
90.53711366653442,156914
90.53874444961548,156914
90.53959512710571,156914
90.5404441356659,156914
90.54128932952881,156914
90.54213285446167,156914
90.54376697540283,156914
90.54462504386902,156914
90.54547119140625,156914
90.5463171005249,156914
90.54716730117798,156914
90.54801273345947,156914
90.54964709281921,156914
90.55049157142639,156914
90.55134057998657,156914
90.55218863487244,156914
90.55303907394409,156914
90.55467700958252,156914
90.55552792549133,156914
90.55637240409851,156914
90.55722117424011,156914
90.55806851387024,156914
90.55969619750977,156914
90.56054139137268,156914
90.56139016151428,156914
90.56223773956299,156914
90.56308460235596,156914
90.56472158432007,156914
90.56557202339172,156914
90.5664131641388,156914
90.56726431846619,156914
90.56811285018921,156914
90.56974506378174,156914
90.57059359550476,156914
90.57144165039062,156914
90.57228755950928,156914
90.5731348991394,156914
90.57478189468384,156914
90.57562780380249,156914
90.57647585868835,156914
90.5773274898529,156914
90.57817435264587,156914
90.57902359962463,156914
90.58065223693848,156914
90.58150243759155,156914
90.58235001564026,156914
90.58319759368896,156914
90.58405637741089,156914
90.58569002151489,156914
90.5865364074707,156914
90.58738875389099,156914
90.58823728561401,156914
90.5890884399414,156914
90.59071660041809,156914
90.59156656265259,156914
90.59241271018982,156914
90.59326148033142,156914
90.59412145614624,156914
90.59575462341309,156914
90.59660243988037,156914
90.59745073318481,156914
90.59829807281494,156914
90.59914374351501,156914
90.6007719039917,156914
90.6016206741333,156914
90.60246682167053,156914
90.60331010818481,156914
90.604168176651,156914
90.6050226688385,156914
90.60665082931519,156914
90.60750269889832,156914
90.6083505153656,156914
90.60919618606567,156914
90.61004972457886,156914
90.61168122291565,156914
90.61252951622009,156914
90.61337900161743,156914
90.61422848701477,156914
90.61508059501648,156914
90.61670899391174,156914
90.61755871772766,156914
90.61840534210205,156914
90.61925172805786,156914
90.6201024055481,156914
90.6217257976532,156914
90.62258100509644,156914
90.62342524528503,156914
90.62428283691406,156914
90.62513089179993,156914
90.62676334381104,156914
90.62761616706848,156914
90.62845826148987,156914
90.62930798530579,156914
90.63015627861023,156914
90.63100790977478,156914
90.63263654708862,156914
90.63348364830017,156914
90.63434219360352,156914
90.6351900100708,156914
90.63603949546814,156914
90.63766813278198,156914
90.63851690292358,156914
90.63936400413513,156914
90.64021158218384,156914
90.64106106758118,156914
90.6426944732666,156914
90.64354014396667,156914
90.64439964294434,156914
90.64524435997009,156914
90.64609694480896,156914
90.64772629737854,156914
90.64857649803162,156914
90.64942049980164,156914
90.65027070045471,156914
90.65111637115479,156914
90.65274977684021,156914
90.65359711647034,156914
90.65445375442505,156914
90.65529918670654,156914
90.65614700317383,156914
90.65778255462646,156914
90.65863108634949,156914
90.65947818756104,156914
90.66032648086548,156914
90.66117310523987,156914
90.66201782226562,156914
90.66364908218384,156914
90.66450142860413,156914
90.66535258293152,156914
90.66619777679443,156914
90.66704273223877,156914
90.66867327690125,156914
90.66952157020569,156914
90.6703724861145,156914
90.67121911048889,156914
90.67206573486328,156914
90.67369675636292,156914
90.67455410957336,156914
90.67539739608765,156914
90.6762466430664,156914
90.67709469795227,156914
90.6787269115448,156914
90.67957663536072,156914
90.68042659759521,156914
90.68127489089966,156914
90.68212509155273,156914
90.68375897407532,156914
90.6846170425415,156914
90.68546152114868,156914
90.68630790710449,156914
90.68715572357178,156914
90.68800735473633,156914
90.6896345615387,156914
90.69048571586609,156914
90.69133424758911,156914
90.69218325614929,156914
90.69303274154663,156914
90.69467830657959,156914
90.69552898406982,156914
90.69637632369995,156914
90.69722437858582,156914
90.69807314872742,156914
90.69970679283142,156914
90.70055675506592,156914
90.70140504837036,156914
90.70224928855896,156914
90.70310115814209,156914
90.70473861694336,156914
90.70558619499207,156914
90.70643520355225,156914
90.70728302001953,156914
90.70813417434692,156914
90.70976209640503,156914
90.710613489151,156914
90.7114610671997,156914
90.71230435371399,156914
90.71315550804138,156914
90.71401524543762,156914
90.71564531326294,156914
90.71649146080017,156914
90.71733665466309,156914
90.71818828582764,156914
90.71903610229492,156914
90.72066617012024,156914
90.72151446342468,156914
90.7223572731018,156914
90.72321009635925,156914
90.72406816482544,156914
90.7256977558136,156914
90.72654128074646,156914
90.72739100456238,156914
90.72824263572693,156914
90.72908449172974,156914
90.73072123527527,156914
90.73157119750977,156914
90.73241591453552,156914
90.73326373100281,156914
90.73411917686462,156914
90.73575210571289,156914
90.73660588264465,156914
90.73745155334473,156914
90.73830699920654,156914
90.73915481567383,156914
90.74079751968384,156914
90.74165081977844,156914
90.74250650405884,156914
90.74335861206055,156914
90.74421191215515,156914
90.7450623512268,156914
90.74670267105103,156914
90.74755573272705,156914
90.7484073638916,156914
90.7492561340332,156914
90.75010251998901,156914
90.75173950195312,156914
90.75259494781494,156914
90.75344586372375,156914
90.75430560112,156914
90.75515604019165,156914
90.75600671768188,156914
90.75764322280884,156914
90.75849604606628,156914
90.75934767723083,156914
90.76019549369812,156914
90.76104593276978,156914
90.76268291473389,156914
90.76353693008423,156914
90.76439905166626,156914
90.7652440071106,156914
90.76609349250793,156914
90.76773357391357,156914
90.76858854293823,156914
90.76944160461426,156914
90.77029204368591,156914
90.77114057540894,156914
90.77277660369873,156914
90.77362966537476,156914
90.7744951248169,156914
90.77534532546997,156914
90.77619504928589,156914
90.77704381942749,156914
90.77868366241455,156914
90.77953505516052,156914
90.78038763999939,156914
90.78123474121094,156914
90.7820839881897,156914
90.78372120857239,156914
90.78458738327026,156914
90.78544020652771,156914
90.78628921508789,156914
90.7871344089508,156914
90.78877592086792,156914
90.78963208198547,156914
90.7904863357544,156914
90.79133820533752,156914
90.7921884059906,156914
90.7930383682251,156914
90.79468250274658,156914
90.7955379486084,156914
90.79639077186584,156914
90.79723882675171,156914
90.79808592796326,156914
90.79972648620605,156914
90.80058097839355,156914
90.80143332481384,156914
90.8022825717926,156914
90.80313062667847,156914
90.80477786064148,156914
90.8056275844574,156914
90.80648517608643,156914
90.80733466148376,156914
90.80818104743958,156914
90.80903029441833,156914
90.81067490577698,156914
90.81153321266174,156914
90.81238341331482,156914
90.81323003768921,156914
90.81408834457397,156914
90.81572914123535,156914
90.81658458709717,156914
90.8174364566803,156914
90.8182864189148,156914
90.81913447380066,156914
90.82077383995056,156914
90.82162714004517,156914
90.82247948646545,156914
90.82333064079285,156914
90.82418894767761,156914
90.82503771781921,156914
90.82668280601501,156914
90.82753252983093,156914
90.82838726043701,156914
90.82923698425293,156914
90.83008670806885,156914
90.83172154426575,156914
90.83257365226746,156914
90.83342790603638,156914
90.83428454399109,156914
90.83512902259827,156914
90.83677196502686,156914
90.83762311935425,156914
90.8384759426117,156914
90.83932900428772,156914
90.84017777442932,156914
90.8410255908966,156914
90.84266638755798,156914
90.84352278709412,156914
90.84438371658325,156914
90.84523010253906,156914
90.84607601165771,156914
90.84771609306335,156914
90.84857273101807,156914
90.8494234085083,156914
90.85026741027832,156914
90.85111474990845,156914
90.85275840759277,156914
90.85361576080322,156914
90.85447978973389,156914
90.85532927513123,156914
90.85617899894714,156914
90.85702729225159,156914
90.85866355895996,156914
90.85951924324036,156914
90.86036920547485,156914
90.86121463775635,156914
90.86206603050232,156914
90.8637056350708,156914
90.86456894874573,156914
90.86542129516602,156914
90.86626935005188,156914
90.86711287498474,156914
90.86874842643738,156914
90.86960196495056,156914
90.87045311927795,156914
90.87130451202393,156914
90.8721513748169,156914
90.87379932403564,156914
90.87466526031494,156914
90.87551975250244,156914
90.87637090682983,156914
90.87721753120422,156914
90.87806963920593,156914
90.8797070980072,156914
90.88055801391602,156914
90.88141298294067,156914
90.88226246833801,156914
90.88310718536377,156914
90.88475823402405,156914
90.88561153411865,156914
90.88646388053894,156914
90.88731670379639,156914
90.88816022872925,156914
90.8890073299408,156914
90.89064407348633,156914
90.89150071144104,156914
90.89235472679138,156914
90.89320349693298,156914
90.89406085014343,156914
90.89570093154907,156914
90.8965585231781,156914
90.89740800857544,156914
90.89825558662415,156914
90.89910316467285,156914
90.90073943138123,156914
90.90159583091736,156914
90.90244722366333,156914
90.9032952785492,156914
90.90415811538696,156914
90.90500903129578,156914
90.90664768218994,156914
90.90750408172607,156914
90.90835213661194,156914
90.90919780731201,156914
90.91005086898804,156914
90.91168522834778,156914
90.91253995895386,156914
90.9133927822113,156914
90.91425013542175,156914
90.91510128974915,156914
90.91673469543457,156914
90.91758632659912,156914
90.91843581199646,156914
90.91928243637085,156914
90.92013239860535,156914
90.92176866531372,156914
90.9226233959198,156914
90.9234790802002,156914
90.92433714866638,156914
90.92518377304077,156914
90.92603373527527,156914
90.92767262458801,156914
90.92852759361267,156914
90.92937922477722,156914
90.93022894859314,156914
90.9310736656189,156914
90.93271517753601,156914
90.9335720539093,156914
90.9344334602356,156914
90.93528270721436,156914
90.93612718582153,156914
90.93777012825012,156914
90.93862342834473,156914
90.93947672843933,156914
90.94033169746399,156914
90.94118022918701,156914
90.94202971458435,156914
90.94367146492004,156914
90.94454097747803,156914
90.945387840271,156914
90.94623351097107,156914
90.94708442687988,156914
90.94872093200684,156914
90.94957518577576,156914
90.95042610168457,156914
90.95127153396606,156914
90.95212149620056,156914
90.95376563072205,156914
90.95462775230408,156914
90.95548367500305,156914
90.95633459091187,156914
90.95718002319336,156914
90.9580307006836,156914
90.95966863632202,156914
90.96051979064941,156914
90.96136975288391,156914
90.96221828460693,156914
90.96306490898132,156914
90.9647114276886,156914
90.96556639671326,156914
90.9664192199707,156914
90.96726727485657,156914
90.96811532974243,156914
90.96975302696228,156914
90.97060823440552,156914
90.97146320343018,156914
90.97231674194336,156914
90.97316217422485,156914
90.97402310371399,156914
90.97566032409668,156914
90.97651243209839,156914
90.97736358642578,156914
90.97820973396301,156914
90.97905778884888,156914
90.98069930076599,156914
90.9815502166748,156914
90.9823989868164,156914
90.98324871063232,156914
90.9841034412384,156914
90.98574423789978,156914
90.98659873008728,156914
90.98744773864746,156914
90.98829674720764,156914
90.98914384841919,156914
90.99078702926636,156914
90.99164032936096,156914
90.99249911308289,156914
90.99334979057312,156914
90.99420738220215,156914
90.99505233764648,156914
90.99669528007507,156914
90.99754810333252,156914
90.99839735031128,156914
90.99924564361572,156914
91.00009441375732,156914
91.00173354148865,156914
91.00258708000183,156914
91.00343680381775,156914
91.00429272651672,156914
91.0051417350769,156914
91.0067868232727,156914
91.0076367855072,156914
91.00849294662476,156914
91.00934433937073,156914
91.01019358634949,156914
91.01104426383972,156914
91.01268339157104,156914
91.01353907585144,156914
91.01439619064331,156914
91.01524329185486,156914
91.01609325408936,156914
91.01772952079773,156914
91.01858258247375,156914
91.01943492889404,156914
91.02028059959412,156914
91.02113199234009,156914
91.02276802062988,156914
91.02362298965454,156914
91.02448534965515,156914
91.0253369808197,156914
91.02618670463562,156914
91.02703475952148,156914
91.02867531776428,156914
91.02952313423157,156914
91.03037428855896,156914
91.03122687339783,156914
91.03207349777222,156914
91.03371357917786,156914
91.03457808494568,156914
91.03542900085449,156914
91.03627848625183,156914
91.03712344169617,156914
91.03875946998596,156914
91.03961515426636,156914
91.04047083854675,156914
91.04132413864136,156914
91.04217028617859,156914
91.04301714897156,156914
91.04466533660889,156914
91.04552292823792,156914
91.04637455940247,156914
91.04722118377686,156914
91.04806971549988,156914
91.04970788955688,156914
91.05056166648865,156914
91.05141353607178,156914
91.05226135253906,156914
91.05310940742493,156914
91.05476021766663,156914
91.05561375617981,156914
91.05646967887878,156914
91.0573182106018,156914
91.05816650390625,156914
91.05901741981506,156914
91.06065702438354,156914
91.06151413917542,156914
91.06236433982849,156914
91.06321549415588,156914
91.06407189369202,156914
91.06571531295776,156914
91.0665762424469,156914
91.06742477416992,156914
91.06827330589294,156914
91.06912159919739,156914
91.07076168060303,156914
91.07161688804626,156914
91.0724732875824,156914
91.07332277297974,156914
91.07418036460876,156914
91.07502865791321,156914
91.07667303085327,156914
91.07752823829651,156914
91.07837891578674,156914
91.07922887802124,156914
91.08007335662842,156914
91.08171272277832,156914
91.08256554603577,156914
91.08341526985168,156914
91.08427357673645,156914
91.0851194858551,156914
91.08675980567932,156914
91.0876145362854,156914
91.08846759796143,156914
91.08932113647461,156914
91.09016633033752,156914
91.09101390838623,156914
91.09264898300171,156914
91.09350419044495,156914
91.09436702728271,156914
91.09521770477295,156914
91.09606957435608,156914
91.09770464897156,156914
91.09855842590332,156914
91.09941029548645,156914
91.10026001930237,156914
91.1011061668396,156914
91.10274720191956,156914
91.10360145568848,156914
91.10446500778198,156914
91.10531735420227,156914
91.1061646938324,156914
91.10701441764832,156914
91.10865139961243,156914
91.10950660705566,156914
91.11035752296448,156914
91.11120676994324,156914
91.11205744743347,156914
91.11369442939758,156914
91.11456108093262,156914
91.11541152000427,156914
91.11626029014587,156914
91.117107629776,156914
91.1187469959259,156914
91.1196026802063,156914
91.12045574188232,156914
91.12130761146545,156914
91.12215805053711,156914
91.12300729751587,156914
91.1246600151062,156914
91.12551546096802,156914
91.12636971473694,156914
91.12722086906433,156914
91.12806344032288,156914
91.12970399856567,156914
91.13055729866028,156914
91.13141107559204,156914
91.13226175308228,156914
91.13310980796814,156914
91.13476085662842,156914
91.13561582565308,156914
91.13647222518921,156914
91.13732433319092,156914
91.13816809654236,156914
91.13901829719543,156914
91.14036560058594,156914
91.14132714271545,156914
91.14225649833679,156914
91.1431794166565,156914
91.14410901069641,156914
91.14503073692322,156914
91.14640212059021,156914
91.14732027053833,156914
91.14824104309082,156914
91.14916968345642,156914
91.15008473396301,156914
91.15144038200378,156914
91.15236568450928,156914
91.1532826423645,156914
91.15421175956726,156914
91.1551308631897,156914
91.15604043006897,156914
91.15739417076111,156914
91.15831351280212,156914
91.1592288017273,156914
91.16014528274536,156914
91.161062002182,156914
91.16241550445557,156914
91.16333317756653,156914
91.16426038742065,156914
91.16517925262451,156914
91.16609525680542,156914
91.16700839996338,156914
91.16836619377136,156914
91.16928100585938,156914
91.17019987106323,156914
91.17111611366272,156914
91.17203116416931,156914
91.17338752746582,156914
91.1743094921112,156914
91.17523002624512,156914
91.17614555358887,156914
91.17705845832825,156914
91.1784143447876,156914
91.1793315410614,156914
91.18025040626526,156914
91.1811671257019,156914
91.1820809841156,156914
91.18343448638916,156914
91.18436121940613,156914
91.18527841567993,156914
91.18619418144226,156914
91.18711233139038,156914
91.18802571296692,156914
91.18938040733337,156914
91.19029760360718,156914
91.1912157535553,156914
91.19213390350342,156914
91.19304776191711,156914
91.19441795349121,156914
91.1953387260437,156914
91.1962583065033,156914
91.19717574119568,156914
91.19809293746948,156914
91.19900918006897,156914
91.200364112854,156914
91.2012791633606,156914
91.20219826698303,156914
91.20311522483826,156914
91.20404124259949,156914
91.20539355278015,156914
91.20631003379822,156914
91.20722651481628,156914
91.20814085006714,156914
91.2090573310852,156914
91.21040964126587,156914
91.21132755279541,156914
91.21224665641785,156914
91.21316432952881,156914
91.21408915519714,156914
91.2150046825409,156914
91.21636033058167,156914
91.2172782421112,156914
91.21819758415222,156914
91.21911549568176,156914
91.22002935409546,156914
91.22138142585754,156914
91.22229790687561,156914
91.223215341568,156914
91.22414469718933,156914
91.22505807876587,156914
91.22641062736511,156914
91.2273256778717,156914
91.22824192047119,156914
91.22915768623352,156914
91.23007035255432,156914
91.23142075538635,156914
91.23233580589294,156914
91.23325157165527,156914
91.23418092727661,156914
91.23509764671326,156914
91.23601293563843,156914
91.23736810684204,156914
91.23828268051147,156914
91.23920249938965,156914
91.24012446403503,156914
91.24103498458862,156914
91.24239039421082,156914
91.24330568313599,156914
91.24423551559448,156914
91.24515271186829,156914
91.24606800079346,156914
91.24742007255554,156914
91.24833846092224,156914
91.24925708770752,156914
91.25017786026001,156914
91.25109124183655,156914
91.25200724601746,156914
91.25336050987244,156914
91.2542872428894,156914
91.25521087646484,156914
91.25613069534302,156914
91.25704526901245,156914
91.25840330123901,156914
91.25931930541992,156914
91.26023483276367,156914
91.26115322113037,156914
91.26206827163696,156914
91.26342248916626,156914
91.26434683799744,156914
91.2652645111084,156914
91.26618242263794,156914
91.26710176467896,156914
91.26801991462708,156914
91.2693727016449,156914
91.27028965950012,156914
91.2712070941925,156914
91.27212381362915,156914
91.27303576469421,156914
91.27440142631531,156914
91.27531433105469,156914
91.27623414993286,156914
91.27715420722961,156914
91.27806735038757,156914
91.27942538261414,156914
91.28034520149231,156914
91.28126287460327,156914
91.28217959403992,156914
91.28309679031372,156914
91.284019947052,156914
91.28537631034851,156914
91.286292552948,156914
91.28721308708191,156914
91.28813409805298,156914
91.28904628753662,156914
91.29040193557739,156914
91.29132103919983,156914
91.29224157333374,156914
91.29315757751465,156914
91.2940845489502,156914
91.29543614387512,156914
91.2963502407074,156914
91.29726672172546,156914
91.2981870174408,156914
91.29910492897034,156914
91.30001783370972,156914
91.30137467384338,156914
91.30229306221008,156914
91.30320954322815,156914
91.30414366722107,156914
91.30506110191345,156914
91.30641484260559,156914
91.3073308467865,156914
91.30824899673462,156914
91.30916857719421,156914
91.31008219718933,156914
91.31143760681152,156914
91.3123517036438,156914
91.31327033042908,156914
91.31419849395752,156914
91.315114736557,156914
91.31602954864502,156914
91.31738257408142,156914
91.31829977035522,156914
91.31921911239624,156914
91.32013964653015,156914
91.3210551738739,156914
91.32241177558899,156914
91.32332396507263,156914
91.32425427436829,156914
91.3251724243164,156914
91.32608485221863,156914
91.32744026184082,156914
91.32835602760315,156914
91.32927227020264,156914
91.3301899433136,156914
91.33111095428467,156914
91.33202624320984,156914
91.3333785533905,156914
91.33430337905884,156914
91.33521890640259,156914
91.3361349105835,156914
91.33704948425293,156914
91.33840537071228,156914
91.33932161331177,156914
91.34023761749268,156914
91.34115433692932,156914
91.34206795692444,156914
91.34342432022095,156914
91.34435224533081,156914
91.34526801109314,156914
91.34618830680847,156914
91.34710788726807,156914
91.34802103042603,156914
91.3493766784668,156914
91.35029339790344,156914
91.35120964050293,156914
91.35212850570679,156914
91.35304641723633,156914
91.35441088676453,156914
91.35532474517822,156914
91.35623979568481,156914
91.35715818405151,156914
91.35807204246521,156914
91.35941958427429,156914
91.36033272743225,156914
91.36125183105469,156914
91.36216902732849,156914
91.36308217048645,156914
91.36400985717773,156914
91.36536240577698,156914
91.36628127098083,156914
91.3671989440918,156914
91.36811399459839,156914
91.36902642250061,156914
91.37037992477417,156914
91.37129282951355,156914
91.37221074104309,156914
91.37312746047974,156914
91.37404870986938,156914
91.37540316581726,156914
91.3763198852539,156914
91.37723565101624,156914
91.37815117835999,156914
91.37906908988953,156914
91.38042283058167,156914
91.38133597373962,156914
91.38225102424622,156914
91.38317155838013,156914
91.38409876823425,156914
91.38501358032227,156914
91.38637137413025,156914
91.38728976249695,156914
91.38820505142212,156914
91.38912177085876,156914
91.39003729820251,156914
91.39139199256897,156914
91.39230990409851,156914
91.39322900772095,156914
91.39416217803955,156914
91.39508008956909,156914
91.39643716812134,156914
91.39735460281372,156914
91.39827346801758,156914
91.39918947219849,156914
91.4001076221466,156914
91.4010238647461,156914
91.40237832069397,156914
91.40329647064209,156914
91.40422487258911,156914
91.40514588356018,156914
91.40606427192688,156914
91.4074227809906,156914
91.40834832191467,156914
91.40926694869995,156914
91.41018652915955,156914
91.41110181808472,156914
91.41201949119568,156914
91.41337490081787,156914
91.41430687904358,156914
91.41522359848022,156914
91.41614317893982,156914
91.41705846786499,156914
91.41841554641724,156914
91.41933226585388,156914
91.42025113105774,156914
91.42117023468018,156914
91.42208671569824,156914
91.42300462722778,156914
91.42436242103577,156914
91.42528319358826,156914
91.42620277404785,156914
91.4271228313446,156914
91.42803907394409,156914
91.42939710617065,156914
91.43031144142151,156914
91.43122887611389,156914
91.43214845657349,156914
91.43306088447571,156914
91.43442869186401,156914
91.43534445762634,156914
91.43626022338867,156914
91.43717861175537,156914
91.43809628486633,156914
91.43901181221008,156914
91.44036507606506,156914
91.44128251075745,156914
91.4422025680542,156914
91.4431209564209,156914
91.4440426826477,156914
91.44539880752563,156914
91.44631576538086,156914
91.44723296165466,156914
91.44815015792847,156914
91.44906497001648,156914
91.45041680335999,156914
91.45133256912231,156914
91.45225095748901,156914
91.45316767692566,156914
91.45409345626831,156914
91.45500779151917,156914
91.45636367797852,156914
91.45728039741516,156914
91.45819640159607,156914
91.45911121368408,156914
91.46002650260925,156914
91.46138167381287,156914
91.46230006217957,156914
91.46321868896484,156914
91.46414875984192,156914
91.4650673866272,156914
91.46642327308655,156914
91.46733689308167,156914
91.46825432777405,156914
91.46917247772217,156914
91.47008752822876,156914
91.47100329399109,156914
91.47235298156738,156914
91.4732723236084,156914
91.4741997718811,156914
91.47511672973633,156914
91.47603368759155,156914
91.47738695144653,156914
91.47830295562744,156914
91.47922158241272,156914
91.480140209198,156914
91.48105525970459,156914
91.48240804672241,156914
91.4833242893219,156914
91.48425626754761,156914
91.48517274856567,156914
91.48609018325806,156914
91.48743987083435,156914
91.48835611343384,156914
91.48926854133606,156914
91.49018406867981,156914
91.49109983444214,156914
91.49201583862305,156914
91.49337100982666,156914
91.49429750442505,156914
91.49521517753601,156914
91.4961326122284,156914
91.49705076217651,156914
91.4984073638916,156914
91.49932622909546,156914
91.50024223327637,156914
91.50116014480591,156914
91.50207281112671,156914
91.50342631340027,156914
91.5043568611145,156914
91.50527501106262,156914
91.50619220733643,156914
91.50710797309875,156914
91.5080235004425,156914
91.50937247276306,156914
91.51029062271118,156914
91.51120567321777,156914
91.51212573051453,156914
91.5130398273468,156914
91.51440739631653,156914
91.51532125473022,156914
91.51623821258545,156914
91.51715636253357,156914
91.51807022094727,156914
91.51942706108093,156914
91.52034449577332,156914
91.52126240730286,156914
91.52217936515808,156914
91.52309703826904,156914
91.52402114868164,156914
91.52537274360657,156914
91.52629017829895,156914
91.5272102355957,156914
91.5281286239624,156914
91.52904772758484,156914
91.53040885925293,156914
91.53132700920105,156914
91.53224563598633,156914
91.53316330909729,156914
91.53409051895142,156914
91.53500819206238,156914
91.53636169433594,156914
91.53727531433105,156914
91.53819608688354,156914
91.53911352157593,156914
91.54002809524536,156914
91.54138278961182,156914
91.54229688644409,156914
91.54321575164795,156914
91.54414248466492,156914
91.54505896568298,156914
91.54641199111938,156914
91.54732966423035,156914
91.5482451915741,156914
91.5491635799408,156914
91.55007696151733,156914
91.55143022537231,156914
91.55234360694885,156914
91.5532603263855,156914
91.5541889667511,156914
91.55510520935059,156914
91.55601859092712,156914
91.55737137794495,156914
91.55828928947449,156914
91.55920433998108,156914
91.56012654304504,156914
91.56104183197021,156914
91.56239485740662,156914
91.5633111000061,156914
91.56424260139465,156914
91.56516313552856,156914
91.56607508659363,156914
91.56743001937866,156914
91.56834745407104,156914
91.569265127182,156914
91.57017922401428,156914
91.5710985660553,156914
91.57201480865479,156914
91.57336568832397,156914
91.574294090271,156914
91.57521152496338,156914
91.57613825798035,156914
91.57705068588257,156914
91.57840943336487,156914
91.57932591438293,156914
91.580246925354,156914
91.58116793632507,156914
91.58208560943604,156914
91.5834391117096,156914
91.58436512947083,156914
91.58528232574463,156914
91.58620047569275,156914
91.58712077140808,156914
91.58803462982178,156914
91.5893919467926,156914
91.59030771255493,156914
91.59123015403748,156914
91.5921483039856,156914
91.59306240081787,156914
91.59442925453186,156914
91.59534931182861,156914
91.59626460075378,156914
91.59718632698059,156914
91.59810376167297,156914
91.5990161895752,156914
91.60036993026733,156914
91.60128831863403,156914
91.60220718383789,156914
91.60312366485596,156914
91.60405111312866,156914
91.6054036617279,156914
91.6063187122345,156914
91.60723400115967,156914
91.60815143585205,156914
91.60906529426575,156914
91.61041808128357,156914
91.61133050918579,156914
91.61224722862244,156914
91.61316299438477,156914
91.61408352851868,156914
91.61543726921082,156914
91.61635112762451,156914
91.6172661781311,156914
91.61818408966064,156914
91.61910128593445,156914
91.62001848220825,156914
91.62137269973755,156914
91.62228655815125,156914
91.62320590019226,156914
91.62413048744202,156914
91.62504458427429,156914
91.6263997554779,156914
91.62731695175171,156914
91.62823343276978,156914
91.62915110588074,156914
91.63006615638733,156914
91.63142347335815,156914
91.63233947753906,156914
91.63325667381287,156914
91.63418674468994,156914
91.63510465621948,156914
91.6360194683075,156914
91.63736939430237,156914
91.63828611373901,156914
91.63920474052429,156914
91.64012002944946,156914
91.64103364944458,156914
91.64238548278809,156914
91.64330053329468,156914
91.64422941207886,156914
91.64514589309692,156914
91.64606642723083,156914
91.64742422103882,156914
91.64833974838257,156914
91.64925956726074,156914
91.65017580986023,156914
91.6510877609253,156914
91.65243935585022,156914
91.6533555984497,156914
91.65428400039673,156914
91.65520191192627,156914
91.65612077713013,156914
91.65703439712524,156914
91.65838837623596,156914
91.65930485725403,156914
91.66022300720215,156914
91.66113758087158,156914
91.66205406188965,156914
91.66340970993042,156914
91.66433525085449,156914
91.6652557849884,156914
91.6661741733551,156914
91.6670925617218,156914
91.66800737380981,156914
91.6693606376648,156914
91.67027688026428,156914
91.67119359970093,156914
91.67210817337036,156914
91.67302203178406,156914
91.67438888549805,156914
91.67530465126038,156914
91.6762228012085,156914
91.67713856697083,156914
91.67805480957031,156914
91.67940783500671,156914
91.68032383918762,156914
91.68123865127563,156914
91.68215775489807,156914
91.68307185173035,156914
91.68443608283997,156914
91.68535017967224,156914
91.68626880645752,156914
91.68719863891602,156914
91.6881148815155,156914
91.68903017044067,156914
91.69038105010986,156914
91.6912956237793,156914
91.6922116279602,156914
91.69313073158264,156914
91.69405245780945,156914
91.69540786743164,156914
91.69632387161255,156914
91.69724035263062,156914
91.6981554031372,156914
91.69907402992249,156914
91.70001029968262,156914
91.7013647556305,156914
91.70229434967041,156914
91.703209400177,156914
91.70414519309998,156914
91.7050769329071,156914
91.70643830299377,156914
91.70735383033752,156914
91.70827054977417,156914
91.70918893814087,156914
91.7101035118103,156914
91.71101689338684,156914
91.71236944198608,156914
91.71328568458557,156914
91.71421217918396,156914
91.71513056755066,156914
91.71604037284851,156914
91.71739673614502,156914
91.71831274032593,156914
91.71923089027405,156914
91.72014999389648,156914
91.72106337547302,156914
91.72241759300232,156914
91.7233338356018,156914
91.72426533699036,156914
91.72518372535706,156914
91.72609996795654,156914
91.72701358795166,156914
91.72836446762085,156914
91.72928237915039,156914
91.73020100593567,156914
91.73111915588379,156914
91.73203563690186,156914
91.73339557647705,156914
91.73432087898254,156914
91.73523569107056,156914
91.73615455627441,156914
91.73707032203674,156914
91.73842453956604,156914
91.73934245109558,156914
91.74025559425354,156914
91.74117398262024,156914
91.74209189414978,156914
91.7430100440979,156914
91.74438118934631,156914
91.74529933929443,156914
91.74621939659119,156914
91.7471375465393,156914
91.7480537891388,156914
91.74941086769104,156914
91.7503297328949,156914
91.75124716758728,156914
91.75216889381409,156914
91.75308752059937,156914
91.75401091575623,156914
91.75536131858826,156914
91.75628113746643,156914
91.75719857215881,156914
91.75811457633972,156914
91.75902700424194,156914
91.76037812232971,156914
91.76129412651062,156914
91.76221179962158,156914
91.76313185691833,156914
91.76405572891235,156914
91.76541352272034,156914
91.76633048057556,156914
91.76725149154663,156914
91.76816916465759,156914
91.76908349990845,156914
91.770437002182,156914
91.77135109901428,156914
91.77226686477661,156914
91.77318286895752,156914
91.77411532402039,156914
91.77503085136414,156914
91.77638626098633,156914
91.77730393409729,156914
91.77822494506836,156914
91.77914500236511,156914
91.78006196022034,156914
91.78141736984253,156914
91.78233504295349,156914
91.7832567691803,156914
91.78418779373169,156914
91.78510737419128,156914
91.78602170944214,156914
91.7873752117157,156914
91.7882912158966,156914
91.78920793533325,156914
91.79012656211853,156914
91.79104256629944,156914
91.79239964485168,156914
91.79331660270691,156914
91.79424595832825,156914
91.7951648235321,156914
91.79608035087585,156914
91.79743385314941,156914
91.79835033416748,156914
91.79926586151123,156914
91.80018377304077,156914
91.80110263824463,156914
91.80201625823975,156914
91.80336809158325,156914
91.80429649353027,156914
91.80521392822266,156914
91.80612993240356,156914
91.80704069137573,156914
91.80838823318481,156914
91.80930376052856,156914
91.810222864151,156914
91.81114101409912,156914
91.8120584487915,156914
91.81341052055359,156914
91.81437349319458,156914
91.81529521942139,156914
91.8162112236023,156914
91.81712770462036,156914
91.81804347038269,156914
91.8193998336792,156914
91.82031583786011,156914
91.82129526138306,156914
91.82221984863281,156914
91.82313704490662,156914
91.82405757904053,156914
91.82541370391846,156914
91.82633090019226,156914
91.82724833488464,156914
91.82816934585571,156914
91.82909774780273,156914
91.8300142288208,156914
91.831369638443,156914
91.83228611946106,156914
91.83320832252502,156914
91.83413982391357,156914
91.83506560325623,156914
91.83643174171448,156914
91.83735013008118,156914
91.83826971054077,156914
91.83918929100037,156914
91.84010720252991,156914
91.84102129936218,156914
91.8423752784729,156914
91.84329104423523,156914
91.84422254562378,156914
91.84514117240906,156914
91.84605693817139,156914
91.84741473197937,156914
91.84833478927612,156914
91.84925246238708,156914
91.85016632080078,156914
91.85108351707458,156914
91.85243225097656,156914
91.85334968566895,156914
91.85427355766296,156914
91.85519289970398,156914
91.85610842704773,156914
91.85702061653137,156914
91.85837054252625,156914
91.85928916931152,156914
91.86020827293396,156914
91.86112213134766,156914
91.86203718185425,156914
91.86339092254639,156914
91.86431455612183,156914
91.86522960662842,156914
91.86614727973938,156914
91.8670608997345,156914
91.86841654777527,156914
91.86933016777039,156914
91.8702483177185,156914
91.87116551399231,156914
91.87207961082458,156914
91.87343621253967,156914
91.87436056137085,156914
91.87527894973755,156914
91.87619352340698,156914
91.87711191177368,156914
91.87802481651306,156914
91.87937760353088,156914
91.88029146194458,156914
91.88121056556702,156914
91.88212776184082,156914
91.8830406665802,156914
91.8844051361084,156914
91.88531994819641,156914
91.8862361907959,156914
91.8871521949768,156914
91.88806748390198,156914
91.88942193984985,156914
91.89033770561218,156914
91.89125776290894,156914
91.89217591285706,156914
91.89309310913086,156914
91.89401769638062,156914
91.89537286758423,156914
91.89628982543945,156914
91.89720487594604,156914
91.8981204032898,156914
91.89903545379639,156914
91.90039086341858,156914
91.90130615234375,156914
91.9022216796875,156914
91.90314054489136,156914
91.90406680107117,156914
91.90542316436768,156914
91.90633773803711,156914
91.90725636482239,156914
91.90817379951477,156914
91.90909075737,156914
91.91000533103943,156914
91.91135811805725,156914
91.91228103637695,156914
91.91319632530212,156914
91.91412305831909,156914
91.91504216194153,156914
91.91640043258667,156914
91.91731452941895,156914
91.9182345867157,156914
91.9191541671753,156914
91.92006778717041,156914
91.92142391204834,156914
91.92233991622925,156914
91.92325949668884,156914
91.92418384552002,156914
91.92509865760803,156914
91.9260151386261,156914
91.92736792564392,156914
91.92828392982483,156914
91.92920422554016,156914
91.93012428283691,156914
91.93103766441345,156914
91.93238973617554,156914
91.93330883979797,156914
91.93423771858215,156914
91.93515539169312,156914
91.9360728263855,156914
91.93742752075195,156914
91.93834233283997,156914
91.9392580986023,156914
91.94017457962036,156914
91.94109201431274,156914
91.94201016426086,156914
91.9433650970459,156914
91.94429421424866,156914
91.9452133178711,156914
91.94612979888916,156914
91.94704604148865,156914
91.94840049743652,156914
91.94931602478027,156914
91.95023536682129,156914
91.95115447044373,156914
91.952068567276,156914
91.95342302322388,156914
91.95435070991516,156914
91.95526695251465,156914
91.95618033409119,156914
91.95709776878357,156914
91.95801305770874,156914
91.9593665599823,156914
91.96028232574463,156914
91.96119785308838,156914
91.9621193408966,156914
91.96303367614746,156914
91.96440386772156,156914
91.96532082557678,156914
91.96623969078064,156914
91.9671585559845,156914
91.9680757522583,156914
91.96943259239197,156914
91.97034764289856,156914
91.9712655544281,156914
91.97218298912048,156914
91.97310256958008,156914
91.9740252494812,156914
91.97538495063782,156914
91.97630023956299,156914
91.97721982002258,156914
91.97813773155212,156914
91.97904968261719,156914
91.9804048538208,156914
91.98132467269897,156914
91.98224258422852,156914
91.98316049575806,156914
91.9840898513794,156914
91.98544049263,156914
91.98635363578796,156914
91.98727560043335,156914
91.98819732666016,156914
91.98911452293396,156914
91.99002766609192,156914
91.99138045310974,156914
91.9922993183136,156914
91.99321603775024,156914
91.99414324760437,156914
91.99505805969238,156914
91.99641132354736,156914
91.99732708930969,156914
91.99824070930481,156914
91.9991602897644,156914
92.00007843971252,156914
92.00143361091614,156914
92.00234985351562,156914
92.00326752662659,156914
92.00419902801514,156914
92.00511407852173,156914
92.0060293674469,156914
92.00738596916199,156914
92.00830340385437,156914
92.00921988487244,156914
92.0101375579834,156914
92.01105642318726,156914
92.0124135017395,156914
92.01332712173462,156914
92.01425814628601,156914
92.01517677307129,156914
92.01609325408936,156914
92.01701021194458,156914
92.01836204528809,156914
92.01928067207336,156914
92.02019810676575,156914
92.0211169719696,156914
92.02202916145325,156914
92.02337956428528,156914
92.02430415153503,156914
92.02522253990173,156914
92.02614092826843,156914
92.02705407142639,156914
92.02840948104858,156914
92.02932453155518,156914
92.03024220466614,156914
92.03115820884705,156914
92.03207659721375,156914
92.03342938423157,156914
92.03435778617859,156914
92.03527569770813,156914
92.03619527816772,156914
92.0371162891388,156914
92.03803300857544,156914
92.03938817977905,156914
92.04030442237854,156914
92.0412220954895,156914
92.0421392917633,156914
92.04305386543274,156914
92.04441714286804,156914
92.04533457756042,156914
92.0462498664856,156914
92.04717063903809,156914
92.04808712005615,156914
92.0490038394928,156914
92.05036115646362,156914
92.05127882957458,156914
92.05220007896423,156914
92.05311703681946,156914
92.05404329299927,156914
92.0553994178772,156914
92.05631422996521,156914
92.05723214149475,156914
92.0581521987915,156914
92.05906772613525,156914
92.0604236125946,156914
92.06133985519409,156914
92.06225991249084,156914
92.06317734718323,156914
92.06410598754883,156914
92.06502318382263,156914
92.06638073921204,156914
92.06729650497437,156914
92.06821203231812,156914
92.06912779808044,156914
92.07004237174988,156914
92.07139420509338,156914
92.07231044769287,156914
92.07322955131531,156914
92.07415890693665,156914
92.07507467269897,156914
92.07642912864685,156914
92.07734632492065,156914
92.07826662063599,156914
92.07918500900269,156914
92.08010792732239,156914
92.08102202415466,156914
92.08237624168396,156914
92.0832896232605,156914
92.08422040939331,156914
92.08513689041138,156914
92.08605313301086,156914
92.08740711212158,156914
92.08832669258118,156914
92.08924341201782,156914
92.09016275405884,156914
92.09108114242554,156914
92.09243154525757,156914
92.09334683418274,156914
92.0942747592926,156914
92.09519362449646,156914
92.09611082077026,156914
92.09702277183533,156914
92.09837985038757,156914
92.09929633140564,156914
92.10021471977234,156914
92.10113143920898,156914
92.102046251297,156914
92.10340094566345,156914
92.10433459281921,156914
92.10525417327881,156914
92.10617351531982,156914
92.10708808898926,156914
92.10800385475159,156914
92.10935592651367,156914
92.11027193069458,156914
92.11118721961975,156914
92.11210370063782,156914
92.11301898956299,156914
92.11437797546387,156914
92.11529469490051,156914
92.11621141433716,156914
92.11713171005249,156914
92.11804699897766,156914
92.11940312385559,156914
92.12031698226929,156914
92.12123441696167,156914
92.1221535205841,156914
92.12306475639343,156914
92.12443041801453,156914
92.12534832954407,156914
92.12626624107361,156914
92.12718439102173,156914
92.12810158729553,156914
92.12901663780212,156914
92.13036894798279,156914
92.13128352165222,156914
92.13220047950745,156914
92.13311862945557,156914
92.13404059410095,156914
92.1353976726532,156914
92.13631129264832,156914
92.13723111152649,156914
92.13814902305603,156914
92.13907074928284,156914
92.14042711257935,156914
92.14138388633728,156914
92.14232230186462,156914
92.14324450492859,156914
92.14418530464172,156914
92.14510369300842,156914
92.14602184295654,156914
92.14738273620605,156914
92.14830374717712,156914
92.1492326259613,156914
92.15014863014221,156914
92.15107822418213,156914
92.15244221687317,156914
92.15335607528687,156914
92.15429425239563,156914
92.15521311759949,156914
92.15613150596619,156914
92.15705633163452,156914
92.15842723846436,156914
92.15935158729553,156914
92.16027164459229,156914
92.16120100021362,156914
92.16212153434753,156914
92.1630368232727,156914
92.16440296173096,156914
92.16531682014465,156914
92.16623544692993,156914
92.16715383529663,156914
92.16806817054749,156914
92.16942095756531,156914
92.17033791542053,156914
92.17125391960144,156914
92.1721715927124,156914
92.17308831214905,156914
92.17401266098022,156914
92.17536640167236,156914
92.17628598213196,156914
92.17720127105713,156914
92.17811703681946,156914
92.17903232574463,156914
92.18038773536682,156914
92.18130540847778,156914
92.1822202205658,156914
92.18313956260681,156914
92.18406295776367,156914
92.18541622161865,156914
92.18633127212524,156914
92.18725061416626,156914
92.18816804885864,156914
92.18908381462097,156914
92.19043827056885,156914
92.19135403633118,156914
92.19227075576782,156914
92.19318962097168,156914
92.19412040710449,156914
92.19503593444824,156914
92.19639301300049,156914
92.1973044872284,156914
92.19822120666504,156914
92.19913744926453,156914
92.20005416870117,156914
92.20141196250916,156914
92.2023332118988,156914
92.20325255393982,156914
92.20418357849121,156914
92.20510029792786,156914
92.20601773262024,156914
92.20737266540527,156914
92.20828938484192,156914
92.20920968055725,156914
92.21012568473816,156914
92.21103811264038,156914
92.21239256858826,156914
92.21331071853638,156914
92.21423888206482,156914
92.21515798568726,156914
92.21607208251953,156914
92.21742582321167,156914
92.21834635734558,156914
92.21926426887512,156914
92.22018194198608,156914
92.2210955619812,156914
92.22201085090637,156914
92.22336268424988,156914
92.22429203987122,156914
92.22520852088928,156914
92.22612452507019,156914
92.2270405292511,156914
92.2283923625946,156914
92.2293119430542,156914
92.23025608062744,156914
92.23117876052856,156914
92.23210263252258,156914
92.23303008079529,156914
92.23440289497375,156914
92.23532557487488,156914
92.23624563217163,156914
92.23716235160828,156914
92.23807883262634,156914
92.23943257331848,156914
92.24034762382507,156914
92.2412633895874,156914
92.242182970047,156914
92.24309659004211,156914
92.2440197467804,156914
92.24537205696106,156914
92.2462899684906,156914
92.24720668792725,156914
92.24813032150269,156914
92.24904608726501,156914
92.25039863586426,156914
92.25131320953369,156914
92.25222873687744,156914
92.25314545631409,156914
92.25406503677368,156914
92.25541853904724,156914
92.25633120536804,156914
92.25724864006042,156914
92.25816679000854,156914
92.25908255577087,156914
92.26043152809143,156914
92.26134634017944,156914
92.26226234436035,156914
92.26317930221558,156914
92.26410508155823,156914
92.26501822471619,156914
92.26636743545532,156914
92.26728224754333,156914
92.2681999206543,156914
92.26911735534668,156914
92.27003288269043,156914
92.27138781547546,156914
92.27230477333069,156914
92.27322268486023,156914
92.27414798736572,156914
92.27506422996521,156914
92.27641677856445,156914
92.27733182907104,156914
92.2782461643219,156914
92.27916121482849,156914
92.2800760269165,156914
92.28142619132996,156914
92.28234195709229,156914
92.28325986862183,156914
92.28418588638306,156914
92.28510069847107,156914
92.28601598739624,156914
92.28737020492554,156914
92.28828740119934,156914
92.28920340538025,156914
92.29011845588684,156914
92.2910304069519,156914
92.29238629341125,156914
92.293301820755,156914
92.29422926902771,156914
92.29514527320862,156914
92.29605865478516,156914
92.29741334915161,156914
92.29832863807678,156914
92.29924511909485,156914
92.30015897750854,156914
92.3010745048523,156914
92.30242729187012,156914
92.30334401130676,156914
92.30428075790405,156914
92.30520105361938,156914
92.30611634254456,156914
92.30702710151672,156914
92.30837631225586,156914
92.30929327011108,156914
92.31021046638489,156914
92.31112718582153,156914
92.31204652786255,156914
92.31339645385742,156914
92.31432461738586,156914
92.31524109840393,156914
92.31615972518921,156914
92.31707525253296,156914
92.31842684745789,156914
92.31934094429016,156914
92.3202600479126,156914
92.32117748260498,156914
92.32209157943726,156914
92.323007106781,156914
92.32436466217041,156914
92.3252785205841,156914
92.32619333267212,156914
92.32711219787598,156914
92.32802486419678,156914
92.32937717437744,156914
92.33029079437256,156914
92.33120727539062,156914
92.33212184906006,156914
92.33303475379944,156914
92.3343985080719,156914
92.33531475067139,156914
92.33623504638672,156914
92.33715009689331,156914
92.3380675315857,156914
92.33942174911499,156914
92.34033870697021,156914
92.34125304222107,156914
92.34217190742493,156914
92.34308815002441,156914
92.34401273727417,156914
92.34536981582642,156914
92.34629130363464,156914
92.34720873832703,156914
92.34812355041504,156914
92.34903478622437,156914
92.35038900375366,156914
92.35130524635315,156914
92.35222029685974,156914
92.35313963890076,156914
92.3540620803833,156914
92.35541224479675,156914
92.35632634162903,156914
92.35724234580994,156914
92.358158826828,156914
92.35907220840454,156914
92.36042881011963,156914
92.36134386062622,156914
92.36225843429565,156914
92.36317276954651,156914
92.36409759521484,156914
92.3650131225586,156914
92.36636567115784,156914
92.36727952957153,156914
92.36819744110107,156914
92.36911129951477,156914
92.37002563476562,156914
92.3713767528534,156914
92.3722927570343,156914
92.37320613861084,156914
92.37413668632507,156914
92.37505316734314,156914
92.37640643119812,156914
92.37732148170471,156914
92.37823724746704,156914
92.37915825843811,156914
92.38007164001465,156914
92.38142824172974,156914
92.38233923912048,156914
92.38325595855713,156914
92.38418579101562,156914
92.38510227203369,156914
92.38601899147034,156914
92.38737154006958,156914
92.38829112052917,156914
92.38920378684998,156914
92.39012169837952,156914
92.39103531837463,156914
92.3923921585083,156914
92.39330649375916,156914
92.39423632621765,156914
92.39515614509583,156914
92.3960690498352,156914
92.39742374420166,156914
92.39834022521973,156914
92.39925813674927,156914
92.40017175674438,156914
92.40109038352966,156914
92.40200686454773,156914
92.40335392951965,156914
92.40428352355957,156914
92.40520477294922,156914
92.4061233997345,156914
92.4070360660553,156914
92.40839052200317,156914
92.40930843353271,156914
92.41022801399231,156914
92.41114449501038,156914
92.41206359863281,156914
92.41341829299927,156914
92.41434288024902,156914
92.41525745391846,156914
92.41618418693542,156914
92.41710162162781,156914
92.41801619529724,156914
92.4193696975708,156914
92.42028594017029,156914
92.42120552062988,156914
92.42212295532227,156914
92.42304039001465,156914
92.42440629005432,156914
92.42532467842102,156914
92.42623996734619,156914
92.42715859413147,156914
92.42807197570801,156914
92.42942547798157,156914
92.43034076690674,156914
92.4312596321106,156914
92.43217658996582,156914
92.43309283256531,156914
92.43401956558228,156914
92.43537330627441,156914
92.43629360198975,156914
92.43721127510071,156914
92.43813109397888,156914
92.43904638290405,156914
92.44040107727051,156914
92.4413194656372,156914
92.44223713874817,156914
92.44315671920776,156914
92.44407963752747,156914
92.44543409347534,156914
92.44635105133057,156914
92.44726634025574,156914
92.4481828212738,156914
92.44909954071045,156914
92.45001530647278,156914
92.4513647556305,156914
92.4522795677185,156914
92.453195810318,156914
92.45412254333496,156914
92.45503735542297,156914
92.45639324188232,156914
92.45730757713318,156914
92.4582245349884,156914
92.4591429233551,156914
92.4600601196289,156914
92.4614155292511,156914
92.462331533432,156914
92.46324896812439,156914
92.46417951583862,156914
92.4650948047638,156914
92.46600818634033,156914
92.46736264228821,156914
92.46828007698059,156914
92.46919870376587,156914
92.47011756896973,156914
92.4710340499878,156914
92.47238540649414,156914
92.47330093383789,156914
92.47423434257507,156914
92.47515416145325,156914
92.47606801986694,156914
92.47742366790771,156914
92.47833681106567,156914
92.47925519943237,156914
92.48017191886902,156914
92.48108720779419,156914
92.48200583457947,156914
92.4833562374115,156914
92.48428702354431,156914
92.48520469665527,156914
92.4861216545105,156914
92.48704171180725,156914
92.48839473724365,156914
92.48931002616882,156914
92.49023008346558,156914
92.49114751815796,156914
92.49206185340881,156914
92.49341630935669,156914
92.49434399604797,156914
92.49526071548462,156914
92.49617838859558,156914
92.49709558486938,156914
92.4980103969574,156914
92.49936628341675,156914
92.50028228759766,156914
92.50122809410095,156914
92.50214672088623,156914
92.50306296348572,156914
92.5044379234314,156914
92.50535440444946,156914
92.50627160072327,156914
92.5072124004364,156914
92.50813460350037,156914
92.50905108451843,156914
92.51040601730347,156914
92.51132225990295,156914
92.51224184036255,156914
92.5131585597992,156914
92.51408243179321,156914
92.51543593406677,156914
92.51635313034058,156914
92.51727151870728,156914
92.51818919181824,156914
92.51910614967346,156914
92.52002215385437,156914
92.52137470245361,156914
92.52228999137878,156914
92.5232081413269,156914
92.5241379737854,156914
92.52505159378052,156914
92.52640461921692,156914
92.52732014656067,156914
92.52823805809021,156914
92.52915382385254,156914
92.53006768226624,156914
92.53141975402832,156914
92.53233194351196,156914
92.5332510471344,156914
92.53418111801147,156914
92.53509759902954,156914
92.53601145744324,156914
92.53736352920532,156914
92.53827738761902,156914
92.53919458389282,156914
92.5401120185852,156914
92.54102730751038,156914
92.54238200187683,156914
92.54330134391785,156914
92.54422974586487,156914
92.5451455116272,156914
92.54606056213379,156914
92.5474123954773,156914
92.54832816123962,156914
92.54925107955933,156914
92.55016922950745,156914
92.55108547210693,156914
92.5524423122406,156914
92.55335879325867,156914
92.55428695678711,156914
92.55520129203796,156914
92.55611944198608,156914
92.55703735351562,156914
92.55839014053345,156914
92.55930399894714,156914
92.56022334098816,156914
92.5611412525177,156914
92.56205630302429,156914
92.56341242790222,156914
92.56434106826782,156914
92.56526064872742,156914
92.56617546081543,156914
92.56708931922913,156914
92.5680046081543,156914
92.56935930252075,156914
92.57027626037598,156914
92.57119464874268,156914
92.57211422920227,156914
92.57302761077881,156914
92.57438945770264,156914
92.57530474662781,156914
92.5762255191803,156914
92.57714343070984,156914
92.57805967330933,156914
92.5794141292572,156914
92.58033156394958,156914
92.5812451839447,156914
92.58216261863708,156914
92.58307647705078,156914
92.58400893211365,156914
92.58536338806152,156914
92.58628392219543,156914
92.5872015953064,156914
92.58811473846436,156914
92.58902859687805,156914
92.59038043022156,156914
92.59129881858826,156914
92.59221649169922,156914
92.59313631057739,156914
92.59405970573425,156914
92.59541511535645,156914
92.59632563591003,156914
92.597243309021,156914
92.59816026687622,156914
92.5990719795227,156914
92.6004285812378,156914
92.60134410858154,156914
92.60226392745972,156914
92.60318112373352,156914
92.6041088104248,156914
92.60502505302429,156914
92.6063756942749,156914
92.60728931427002,156914
92.60820937156677,156914
92.60912561416626,156914
92.61003875732422,156914
92.61139512062073,156914
92.61231088638306,156914
92.61322736740112,156914
92.61415553092957,156914
92.61506867408752,156914
92.61642289161682,156914
92.61733961105347,156914
92.61825728416443,156914
92.61917877197266,156914
92.62009453773499,156914
92.62101125717163,156914
92.62236642837524,156914
92.6232852935791,156914
92.62421894073486,156914
92.62513589859009,156914
92.6260495185852,156914
92.62740755081177,156914
92.62832403182983,156914
92.62923908233643,156914
92.6301589012146,156914
92.63107514381409,156914
92.63243246078491,156914
92.63334441184998,156914
92.63427233695984,156914
92.63519144058228,156914
92.63610696792603,156914
92.63702297210693,156914
92.63837480545044,156914
92.63929390907288,156914
92.64021158218384,156914
92.6411292552948,156914
92.64204239845276,156914
92.64339804649353,156914
92.64432048797607,156914
92.64523983001709,156914
92.64618825912476,156914
92.64710354804993,156914
92.64802598953247,156914
92.64938187599182,156914
92.65031409263611,156914
92.65123748779297,156914
92.65215754508972,156914
92.65307259559631,156914
92.6544361114502,156914
92.65535140037537,156914
92.65627241134644,156914
92.65719079971313,156914
92.65810823440552,156914
92.65902519226074,156914
92.66037964820862,156914
92.66129970550537,156914
92.66221714019775,156914
92.6631371974945,156914
92.66406035423279,156914
92.66541361808777,156914
92.6663269996643,156914
92.66724681854248,156914
92.6681637763977,156914
92.66908144950867,156914
92.67044162750244,156914
92.67136073112488,156914
92.67227864265442,156914
92.67319226264954,156914
92.67412424087524,156914
92.67503714561462,156914
92.6763904094696,156914
92.6773042678833,156914
92.67822623252869,156914
92.67914032936096,156914
92.68005466461182,156914
92.68141055107117,156914
92.6823296546936,156914
92.68324589729309,156914
92.68417406082153,156914
92.68509292602539,156914
92.68600749969482,156914
92.68737268447876,156914
92.6882894039154,156914
92.68920922279358,156914
92.6901285648346,156914
92.69103980064392,156914
92.69239401817322,156914
92.6933102607727,156914
92.69424033164978,156914
92.69515538215637,156914
92.69607210159302,156914
92.69742441177368,156914
92.69833970069885,156914
92.6992552280426,156914
92.70017385482788,156914
92.70109176635742,156914
92.70200562477112,156914
92.703360080719,156914
92.70429754257202,156914
92.70521783828735,156914
92.7061333656311,156914
92.7070529460907,156914
92.70840263366699,156914
92.70931839942932,156914
92.71023750305176,156914
92.71115756034851,156914
92.71207523345947,156914
92.71342539787292,156914
92.71434688568115,156914
92.71526646614075,156914
92.7161819934845,156914
92.71710085868835,156914
92.71801900863647,156914
92.71937966346741,156914
92.72029566764832,156914
92.72121381759644,156914
92.72212839126587,156914
92.72304487228394,156914
92.72441363334656,156914
92.72532963752747,156914
92.72624945640564,156914
92.7271683216095,156914
92.72808122634888,156914
92.7294385433197,156914
92.7303581237793,156914
92.73127508163452,156914
92.73219227790833,156914
92.73310875892639,156914
92.73403096199036,156914
92.7353835105896,156914
92.73629999160767,156914
92.73722076416016,156914
92.73823571205139,156914
92.73915815353394,156914
92.74007964134216,156914
92.74143314361572,156914
92.74235224723816,156914
92.74326968193054,156914
92.74420189857483,156914
92.74512147903442,156914
92.7460389137268,156914
92.74739718437195,156914
92.7483127117157,156914
92.74923157691956,156914
92.7501482963562,156914
92.75106549263,156914
92.7524254322052,156914
92.75334167480469,156914
92.75427198410034,156914
92.75519251823425,156914
92.75611090660095,156914
92.7570276260376,156914
92.75838494300842,156914
92.75930142402649,156914
92.76022267341614,156914
92.76113963127136,156914
92.76205587387085,156914
92.76340889930725,156914
92.7643358707428,156914
92.76525354385376,156914
92.76617121696472,156914
92.76708650588989,156914
92.76843762397766,156914
92.76935410499573,156914
92.77027225494385,156914
92.7711911201477,156914
92.77210521697998,156914
92.77302074432373,156914
92.77438426017761,156914
92.77530336380005,156914
92.77622723579407,156914
92.77714776992798,156914
92.77806782722473,156914
92.77942276000977,156914
92.7803373336792,156914
92.78125643730164,156914
92.7821741104126,156914
92.78309082984924,156914
92.78401923179626,156914
92.78537249565125,156914
92.78629040718079,156914
92.78720736503601,156914
92.7881269454956,156914
92.78904032707214,156914
92.79039764404297,156914
92.79131412506104,156914
92.79222965240479,156914
92.7931489944458,156914
92.7940731048584,156914
92.79542922973633,156914
92.79634547233582,156914
92.79725861549377,156914
92.79817724227905,156914
92.79909920692444,156914
92.80001330375671,156914
92.80136442184448,156914
92.80227828025818,156914
92.8031964302063,156914
92.80412268638611,156914
92.80503630638123,156914
92.80638813972473,156914
92.80730295181274,156914
92.8082218170166,156914
92.80913805961609,156914
92.81005263328552,156914
92.81140851974487,156914
92.81232953071594,156914
92.8132483959198,156914
92.81418442726135,156914
92.815101146698,156914
92.81601548194885,156914
92.81736516952515,156914
92.81828188896179,156914
92.81920123100281,156914
92.82011699676514,156914
92.82103300094604,156914
92.82238674163818,156914
92.82330298423767,156914
92.82423329353333,156914
92.82515621185303,156914
92.82607674598694,156914
92.82743406295776,156914
92.82834935188293,156914
92.82928228378296,156914
92.83020091056824,156914
92.8311197757721,156914
92.83203387260437,156914
92.83339023590088,156914
92.83431720733643,156914
92.83523321151733,156914
92.83615159988403,156914
92.83706736564636,156914
92.83842420578003,156914
92.83933806419373,156914
92.84025716781616,156914
92.84117341041565,156914
92.84208750724792,156914
92.84300494194031,156914
92.84436750411987,156914
92.84528422355652,156914
92.84620380401611,156914
92.84712076187134,156914
92.84803748130798,156914
92.84939098358154,156914
92.85030436515808,156914
92.8512237071991,156914
92.85213947296143,156914
92.85305428504944,156914
92.85442328453064,156914
92.85534024238586,156914
92.85625958442688,156914
92.85718107223511,156914
92.85810256004333,156914
92.85901975631714,156914
92.86037302017212,156914
92.86129140853882,156914
92.86221122741699,156914
92.86313033103943,156914
92.86405777931213,156914
92.8654158115387,156914
92.86633062362671,156914
92.86725068092346,156914
92.86816716194153,156914
92.8690836429596,156914
92.87043952941895,156914
92.87135529518127,156914
92.87227010726929,156914
92.87318825721741,156914
92.87411570549011,156914
92.87503004074097,156914
92.87638545036316,156914
92.87730145454407,156914
92.87822103500366,156914
92.87913846969604,156914
92.88005542755127,156914
92.88141083717346,156914
92.88233280181885,156914
92.88325119018555,156914
92.8841826915741,156914
92.88510060310364,156914
92.88601779937744,156914
92.88737201690674,156914
92.88828921318054,156914
92.88920617103577,156914
92.89012408256531,156914
92.89103984832764,156914
92.89239430427551,156914
92.89331436157227,156914
92.89424324035645,156914
92.89516305923462,156914
92.89608144760132,156914
92.89743566513062,156914
92.89835047721863,156914
92.89927244186401,156914
92.90019130706787,156914
92.90110969543457,156914
92.90202903747559,156914
92.9033830165863,156914
92.90432000160217,156914
92.90524196624756,156914
92.90615892410278,156914
92.90707159042358,156914
92.90842819213867,156914
92.90934348106384,156914
92.91026377677917,156914
92.9111840724945,156914
92.91209840774536,156914
92.91301250457764,156914
92.91437411308289,156914
92.91529035568237,156914
92.91621088981628,156914
92.91712832450867,156914
92.91804242134094,156914
92.91939878463745,156914
92.92031836509705,156914
92.92123746871948,156914
92.92215585708618,156914
92.92307424545288,156914
92.92400431632996,156914
92.92535591125488,156914
92.92627501487732,156914
92.92719388008118,156914
92.92811465263367,156914
92.92903017997742,156914
92.9303846359253,156914
92.93130302429199,156914
92.93222260475159,156914
92.93313956260681,156914
92.93406248092651,156914
92.93542218208313,156914
92.93633913993835,156914
92.93725800514221,156914
92.93817782402039,156914
92.93909811973572,156914
92.94001388549805,156914
92.94136619567871,156914
92.94228267669678,156914
92.94320225715637,156914
92.94413089752197,156914
92.9450466632843,156914
92.94639992713928,156914
92.94731450080872,156914
92.9482319355011,156914
92.94915199279785,156914
92.95007109642029,156914
92.95142412185669,156914
92.9523413181305,156914
92.95325827598572,156914
92.95419096946716,156914
92.95510840415955,156914
92.95602226257324,156914
92.95737552642822,156914
92.95829367637634,156914
92.95920872688293,156914
92.96012568473816,156914
92.96104168891907,156914
92.96240258216858,156914
92.96331882476807,156914
92.96424317359924,156914
92.96515941619873,156914
92.96607398986816,156914
92.96742463111877,156914
92.96833896636963,156914
92.96925783157349,156914
92.9701726436615,156914
92.97108864784241,156914
92.9720048904419,156914
92.97335934638977,156914
92.97428846359253,156914
92.9752049446106,156914
92.97612428665161,156914
92.97703838348389,156914
92.97839212417603,156914
92.97930955886841,156914
92.98023247718811,156914
92.98115229606628,156914
92.98206543922424,156914
92.98342609405518,156914
92.98435187339783,156914
92.9852659702301,156914
92.9861855506897,156914
92.98710107803345,156914
92.98801898956299,156914
92.98936891555786,156914
92.99028325080872,156914
92.99120092391968,156914
92.99211978912354,156914
92.99303364753723,156914
92.99440050125122,156914
92.99531698226929,156914
92.99623680114746,156914
92.9971535205841,156914
92.99807095527649,156914
92.99942231178284,156914
93.00033855438232,156914
93.00125622749329,156914
93.00217485427856,156914
93.0030927658081,156914
93.0040135383606,156914
93.00537085533142,156914
93.00628781318665,156914
93.0072090625763,156914
93.00812530517578,156914
93.00904083251953,156914
93.0103931427002,156914
93.01131129264832,156914
93.01222586631775,156914
93.0131425857544,156914
93.01406741142273,156914
93.01542353630066,156914
93.0163402557373,156914
93.01726150512695,156914
93.0181782245636,156914
93.01909375190735,156914
93.02000951766968,156914
93.02135896682739,156914
93.02227687835693,156914
93.0231945514679,156914
93.02412557601929,156914
93.02503848075867,156914
93.02639269828796,156914
93.02730584144592,156914
93.02822637557983,156914
93.02914619445801,156914
93.03006029129028,156914
93.03141379356384,156914
93.03232979774475,156914
93.0332453250885,156914
93.03417682647705,156914
93.03509259223938,156914
93.03600740432739,156914
93.03736114501953,156914
93.03827738761902,156914
93.0391948223114,156914
93.04010891914368,156914
93.0410225391388,156914
93.04238033294678,156914
93.04329633712769,156914
93.04422450065613,156914
93.04514265060425,156914
93.04605722427368,156914
93.04740977287292,156914
93.04832625389099,156914
93.04924583435059,156914
93.05016613006592,156914
93.05108666419983,156914
93.05243611335754,156914
93.05334806442261,156914
93.05427551269531,156914
93.05519342422485,156914
93.05611038208008,156914
93.05702805519104,156914
93.05838346481323,156914
93.05929946899414,156914
93.06021857261658,156914
93.06113886833191,156914
93.06205725669861,156914
93.06341457366943,156914
93.06433916091919,156914
93.06525778770447,156914
93.06617569923401,156914
93.06709337234497,156914
93.06800866127014,156914
93.06936168670654,156914
93.07027888298035,156914
93.07119297981262,156914
93.07211256027222,156914
93.07302570343018,156914
93.07438969612122,156914
93.07530283927917,156914
93.07622289657593,156914
93.07714223861694,156914
93.07805585861206,156914
93.07941246032715,156914
93.0803279876709,156914
93.08124899864197,156914
93.08216595649719,156914
93.08309936523438,156914
93.08402752876282,156914
93.08538246154785,156914
93.0862991809845,156914
93.08722019195557,156914
93.08814597129822,156914
93.08906078338623,156914
93.09042096138,156914
93.09133696556091,156914
93.09225869178772,156914
93.09317779541016,156914
93.0941116809845,156914
93.09502625465393,156914
93.09639596939087,156914
93.09731125831604,156914
93.09822869300842,156914
93.09914350509644,156914
93.1000599861145,156914
93.10141801834106,156914
93.10233426094055,156914
93.10325145721436,156914
93.1041898727417,156914
93.1051082611084,156914
93.10602140426636,156914
93.10737681388855,156914
93.10862040519714,156914
93.10947275161743,156914
93.11032462120056,156914
93.11117815971375,156914
93.1120343208313,156914
93.11370730400085,156914
93.11457014083862,156914
93.11542558670044,156914
93.11628031730652,156914
93.11713194847107,156914
93.11800980567932,156914
93.1196961402893,156914
93.12054657936096,156914
93.1214017868042,156914
93.12225294113159,156914
93.1231062412262,156914
93.1247968673706,156914
93.12564826011658,156914
93.12650084495544,156914
93.12735509872437,156914
93.12821125984192,156914
93.12906789779663,156914
93.13074564933777,156914
93.13159894943237,156914
93.13245058059692,156914
93.13330292701721,156914
93.13416337966919,156914
93.13501477241516,156914
93.13668465614319,156914
93.13753938674927,156914
93.13839054107666,156914
93.13924598693848,156914
93.14010047912598,156914
93.1417784690857,156914
93.14264273643494,156914
93.14349174499512,156914
93.14435172080994,156914
93.14519572257996,156914
93.14605450630188,156914
93.14773797988892,156914
93.14859199523926,156914
93.14944100379944,156914
93.15029311180115,156914
93.15114235877991,156914
93.15279197692871,156914
93.15364599227905,156914
93.15451264381409,156914
93.15536975860596,156914
93.15622162818909,156914
93.15707468986511,156914
93.15875220298767,156914
93.15961337089539,156914
93.16046977043152,156914
93.16132068634033,156914
93.16216993331909,156914
93.16302633285522,156914
93.16471552848816,156914
93.1655695438385,156914
93.16642260551453,156914
93.16727447509766,156914
93.1681296825409,156914
93.16980147361755,156914
93.17065477371216,156914
93.1715075969696,156914
93.17236065864563,156914
93.17321348190308,156914
93.17407751083374,156914
93.17575430870056,156914
93.1766107082367,156914
93.17746782302856,156914
93.17831754684448,156914
93.17917132377625,156914
93.18002247810364,156914
93.18170356750488,156914
93.18256211280823,156914
93.18340420722961,156914
93.18426704406738,156914
93.18512082099915,156914
93.18679428100586,156914
93.1876482963562,156914
93.18849658966064,156914
93.1893482208252,156914
93.19019865989685,156914
93.19105243682861,156914
93.19273233413696,156914
93.19358611106873,156914
93.19445061683655,156914
93.19530272483826,156914
93.19615817070007,156914
93.1970067024231,156914
93.19868540763855,156914
93.19954013824463,156914
93.20039629936218,156914
93.20124554634094,156914
93.20209693908691,156914
93.20377349853516,156914
93.20464420318604,156914
93.20549750328064,156914
93.20635199546814,156914
93.20719909667969,156914
93.20805072784424,156914
93.20972895622253,156914
93.21057868003845,156914
93.211430311203,156914
93.21228647232056,156914
93.21313619613647,156914
93.21479201316833,156914
93.21564030647278,156914
93.21649670600891,156914
93.21734595298767,156914
93.21819758415222,156914
93.21905612945557,156914
93.22074055671692,156914
93.2215929031372,156914
93.2224485874176,156914
93.22329950332642,156914
93.22416353225708,156914
93.22501826286316,156914
93.22669506072998,156914
93.22754788398743,156914
93.22839546203613,156914
93.22925281524658,156914
93.23010611534119,156914
93.23178315162659,156914
93.23263716697693,156914
93.23349118232727,156914
93.23435354232788,156914
93.2352066040039,156914
93.23606085777283,156914
93.2377381324768,156914
93.23859095573425,156914
93.23944878578186,156914
93.24029970169067,156914
93.2411539554596,156914
93.24200749397278,156914
93.24368000030518,156914
93.24454283714294,156914
93.24539804458618,156914
93.24624943733215,156914
93.24710583686829,156914
93.24877762794495,156914
93.24963331222534,156914
93.25048637390137,156914
93.25134015083313,156914
93.25219488143921,156914
93.25304746627808,156914
93.25473356246948,156914
93.25558137893677,156914
93.2564308643341,156914
93.25728106498718,156914
93.258136510849,156914
93.2597861289978,156914
93.26063823699951,156914
93.26149296760559,156914
93.26234984397888,156914
93.26319575309753,156914
93.26406216621399,156914
93.26573991775513,156914
93.26659059524536,156914
93.2674469947815,156914
93.26830077171326,156914
93.26915073394775,156914
93.27079725265503,156914
93.27164602279663,156914
93.2725019454956,156914
93.27335214614868,156914
93.2742121219635,156914
93.27507162094116,156914
93.2767448425293,156914
93.27759742736816,156914
93.27845048904419,156914
93.27930283546448,156914
93.28015422821045,156914
93.28100872039795,156914
93.28269147872925,156914
93.28354811668396,156914
93.28441166877747,156914
93.28526425361633,156914
93.28611469268799,156914
93.28779244422913,156914
93.28864765167236,156914
93.28949880599976,156914
93.29034996032715,156914
93.29119825363159,156914
93.2920548915863,156914
93.2937285900116,156914
93.29458975791931,156914
93.2954466342926,156914
93.29629564285278,156914
93.29714155197144,156914
93.2987973690033,156914
93.29964971542358,156914
93.30050444602966,156914
93.30135464668274,156914
93.30220532417297,156914
93.30305671691895,156914
93.30473780632019,156914
93.3055911064148,156914
93.30644345283508,156914
93.30729722976685,156914
93.30814743041992,156914
93.3097927570343,156914
93.31064796447754,156914
93.31150031089783,156914
93.3123550415039,156914
93.31320142745972,156914
93.31406426429749,156914
93.31574630737305,156914
93.3165967464447,156914
93.31745076179504,156914
93.31830096244812,156914
93.31915211677551,156914
93.32079768180847,156914
93.32165098190308,156914
93.32250547409058,156914
93.32336211204529,156914
93.32421541213989,156914
93.3250687122345,156914
93.3267433643341,156914
93.3275957107544,156914
93.328449010849,156914
93.32929682731628,156914
93.33014965057373,156914
93.33179569244385,156914
93.3326485157013,156914
93.33350038528442,156914
93.33435416221619,156914
93.33520340919495,156914
93.33605599403381,156914
93.33773016929626,156914
93.33857822418213,156914
93.33942437171936,156914
93.34027767181396,156914
93.3411340713501,156914
93.3427803516388,156914
93.34363746643066,156914
93.34449338912964,156914
93.34535145759583,156914
93.3462061882019,156914
93.34705924987793,156914
93.34873700141907,156914
93.34959149360657,156914
93.35044527053833,156914
93.35130214691162,156914
93.3521523475647,156914
93.35300803184509,156914
93.35469484329224,156914
93.355544090271,156914
93.35640025138855,156914
93.35725402832031,156914
93.35810399055481,156914
93.35978674888611,156914
93.36063361167908,156914
93.36148691177368,156914
93.36233282089233,156914
93.36318397521973,156914
93.36404728889465,156914
93.36571955680847,156914
93.36657500267029,156914
93.36742687225342,156914
93.3682792186737,156914
93.36913061141968,156914
93.37080597877502,156914
93.371657371521,156914
93.37250566482544,156914
93.373361825943,156914
93.37422490119934,156914
93.37507796287537,156914
93.37676000595093,156914
93.37761449813843,156914
93.37846183776855,156914
93.379314661026,156914
93.3801622390747,156914
93.381014585495,156914
93.38269114494324,156914
93.38354063034058,156914
93.38440203666687,156914
93.38525533676147,156914
93.3861129283905,156914
93.38779592514038,156914
93.38865280151367,156914
93.38950777053833,156914
93.39036011695862,156914
93.39121150970459,156914
93.39206790924072,156914
93.39374160766602,156914
93.39460110664368,156914
93.39545130729675,156914
93.3962972164154,156914
93.39715051651001,156914
93.39880013465881,156914
93.39965748786926,156914
93.40051078796387,156914
93.40136337280273,156914
93.40221953392029,156914
93.40307092666626,156914
93.40475702285767,156914
93.40560960769653,156914
93.40646147727966,156914
93.40731525421143,156914
93.40816354751587,156914
93.4090166091919,156914
93.41069531440735,156914
93.41154551506042,156914
93.41239500045776,156914
93.41324400901794,156914
93.41410970687866,156914
93.41578650474548,156914
93.41664052009583,156914
93.41749429702759,156914
93.41834783554077,156914
93.41920113563538,156914
93.42005228996277,156914
93.4217267036438,156914
93.42257595062256,156914
93.42342853546143,156914
93.42428636550903,156914
93.42514109611511,156914
93.42678761482239,156914
93.4276397228241,156914
93.42849040031433,156914
93.42934274673462,156914
93.43019342422485,156914
93.43104767799377,156914
93.43272185325623,156914
93.4335732460022,156914
93.4344334602356,156914
93.43528985977173,156914
93.43613934516907,156914
93.43778538703918,156914
93.43863677978516,156914
93.4394907951355,156914
93.44034695625305,156914
93.44119262695312,156914
93.44204640388489,156914
93.44372248649597,156914
93.44457650184631,156914
93.44543170928955,156914
93.44628477096558,156914
93.4471321105957,156914
93.44801092147827,156914
93.44969820976257,156914
93.4505500793457,156914
93.45140886306763,156914
93.45225858688354,156914
93.45311307907104,156914
93.4548020362854,156914
93.45565700531006,156914
93.4565052986145,156914
93.45735716819763,156914
93.45820546150208,156914
93.45906090736389,156914
93.46074199676514,156914
93.46159338951111,156914
93.46244835853577,156914
93.46330118179321,156914
93.46415972709656,156914
93.46501207351685,156914
93.46669340133667,156914
93.4675498008728,156914
93.46840453147888,156914
93.46925377845764,156914
93.47010922431946,156914
93.47178936004639,156914
93.47263765335083,156914
93.47349309921265,156914
93.47435545921326,156914
93.47521591186523,156914
93.47606539726257,156914
93.47774052619934,156914
93.47859621047974,156914
93.47944521903992,156914
93.48030066490173,156914
93.48115372657776,156914
93.4820065498352,156914
93.48368620872498,156914
93.48454880714417,156914
93.48540043830872,156914
93.48625564575195,156914
93.48710465431213,156914
93.48878693580627,156914
93.48963761329651,156914
93.49048829078674,156914
93.49133944511414,156914
93.49218702316284,156914
93.49304461479187,156914
93.49473261833191,156914
93.49559020996094,156914
93.49644207954407,156914
93.49729633331299,156914
93.49814987182617,156914
93.49900603294373,156914
93.50067853927612,156914
93.50153613090515,156914
93.50238990783691,156914
93.50324416160583,156914
93.5041115283966,156914
93.50578808784485,156914
93.50664353370667,156914
93.50749850273132,156914
93.50834965705872,156914
93.50920057296753,156914
93.51005411148071,156914
93.51173090934753,156914
93.5125846862793,156914
93.51343584060669,156914
93.51430082321167,156914
93.51515412330627,156914
93.51600766181946,156914
93.51768445968628,156914
93.51853489875793,156914
93.51939392089844,156914
93.52024459838867,156914
93.52110195159912,156914
93.52277898788452,156914
93.52362847328186,156914
93.52449345588684,156914
93.52534365653992,156914
93.5261926651001,156914
93.52704524993896,156914
93.52871751785278,156914
93.5295717716217,156914
93.53042912483215,156914
93.53128290176392,156914
93.53213381767273,156914
93.53300857543945,156914
93.53470373153687,156914
93.5355715751648,156914
93.53642630577087,156914
93.53727769851685,156914
93.53813099861145,156914
93.53900623321533,156914
93.54069638252258,156914
93.5415472984314,156914
93.54240560531616,156914
93.54325747489929,156914
93.5441210269928,156914
93.54579520225525,156914
93.54664707183838,156914
93.54749846458435,156914
93.54835557937622,156914
93.54920649528503,156914
93.55005836486816,156914
93.55174016952515,156914
93.55259561538696,156914
93.55344820022583,156914
93.5543110370636,156914
93.55516600608826,156914
93.55602693557739,156914
93.55770230293274,156914
93.55855631828308,156914
93.55940461158752,156914
93.56025910377502,156914
93.56111288070679,156914
93.56279063224792,156914
93.56364226341248,156914
93.56450247764587,156914
93.56536102294922,156914
93.56621313095093,156914
93.56706380844116,156914
93.56874370574951,156914
93.56959438323975,156914
93.57044410705566,156914
93.57129669189453,156914
93.57214879989624,156914
93.57379293441772,156914
93.57465291023254,156914
93.57550525665283,156914
93.57635712623596,156914
93.57721161842346,156914
93.57806515693665,156914
93.5797393321991,156914
93.58059573173523,156914
93.58144760131836,156914
93.58230066299438,156914
93.58315396308899,156914
93.58401656150818,156914
93.58568930625916,156914
93.58654189109802,156914
93.58738994598389,156914
93.58824110031128,156914
93.58909201622009,156914
93.59077024459839,156914
93.59162092208862,156914
93.59247779846191,156914
93.59333395957947,156914
93.59419226646423,156914
93.59504127502441,156914
93.5967218875885,156914
93.59757351875305,156914
93.59842658042908,156914
93.59927940368652,156914
93.60013175010681,156914
93.60101437568665,156914
93.60270357131958,156914
93.60355830192566,156914
93.60442614555359,156914
93.60528254508972,156914
93.60613465309143,156914
93.6077835559845,156914
93.60863614082336,156914
93.60949420928955,156914
93.61034369468689,156914
93.6111969947815,156914
93.61205101013184,156914
93.61373138427734,156914
93.61459040641785,156914
93.61544108390808,156914
93.61629843711853,156914
93.61715149879456,156914
93.61879968643188,156914
93.61965227127075,156914
93.62050461769104,156914
93.62135362625122,156914
93.62220454216003,156914
93.62306046485901,156914
93.62474799156189,156914
93.62560486793518,156914
93.62645840644836,156914
93.62731266021729,156914
93.62817025184631,156914
93.62902855873108,156914
93.63070154190063,156914
93.63155627250671,156914
93.63240766525269,156914
93.6332597732544,156914
93.63412380218506,156914
93.63580012321472,156914
93.63664984703064,156914
93.63750052452087,156914
93.638352394104,156914
93.63920378684998,156914
93.64005541801453,156914
93.64173698425293,156914
93.64259195327759,156914
93.64344716072083,156914
93.6443099975586,156914
93.64515542984009,156914
93.64600992202759,156914
93.64768862724304,156914
93.64854216575623,156914
93.6493935585022,156914
93.65024471282959,156914
93.6510968208313,156914
93.65277600288391,156914
93.65363121032715,156914
93.65449690818787,156914
93.65534973144531,156914
93.65620112419128,156914
93.65705871582031,156914
93.65873074531555,156914
93.65959692001343,156914
93.66044759750366,156914
93.6613039970398,156914
93.66215872764587,156914
93.66301274299622,156914
93.66470313072205,156914
93.66556096076965,156914
93.66640949249268,156914
93.66726350784302,156914
93.66811800003052,156914
93.66979598999023,156914
93.6706485748291,156914
93.6715087890625,156914
93.67236113548279,156914
93.67321300506592,156914
93.6740791797638,156914
93.67575645446777,156914
93.67661046981812,156914
93.67746472358704,156914
93.67831993103027,156914
93.67916965484619,156914
93.68002724647522,156914
93.68170046806335,156914
93.68255400657654,156914
93.68340635299683,156914
93.68426465988159,156914
93.68512296676636,156914
93.68679428100586,156914
93.68764543533325,156914
93.68849754333496,156914
93.68934941291809,156914
93.69020223617554,156914
93.69105434417725,156914
93.6927330493927,156914
93.69358611106873,156914
93.69444918632507,156914
93.69529056549072,156914
93.6961715221405,156914
93.69703340530396,156914
93.69871068000793,156914
93.69959950447083,156914
93.70049023628235,156914
93.70137667655945,156914
93.70226263999939,156914
93.70314717292786,156914
93.70401620864868,156914
93.70569849014282,156914
93.70658445358276,156914
93.70747327804565,156914
93.70836019515991,156914
93.70924615859985,156914
93.71013355255127,156914
93.71181392669678,156914
93.71270108222961,156914
93.71359324455261,156914
93.71448564529419,156914
93.71537184715271,156914
93.7162618637085,156914
93.71715116500854,156914
93.718013048172,156914
93.71969938278198,156914
93.72058868408203,156914
93.72147965431213,156914
93.72236776351929,156914
93.7232551574707,156914
93.72415232658386,156914
93.72501134872437,156914
93.72669196128845,156914
93.72758030891418,156914
93.72846865653992,156914
93.72935557365417,156914
93.73023867607117,156914
93.73112678527832,156914
93.73280954360962,156914
93.73369646072388,156914
93.73459267616272,156914
93.73548173904419,156914
93.73636960983276,156914
93.73725843429565,156914
93.73814249038696,156914
93.73982453346252,156914
93.74070739746094,156914
93.74159383773804,156914
93.7424829006195,156914
93.7433693408966,156914
93.74426674842834,156914
93.7451548576355,156914
93.74601292610168,156914
93.74769616127014,156914
93.74858593940735,156914
93.74946880340576,156914
93.75035762786865,156914
93.75124621391296,156914
93.75213479995728,156914
93.7538115978241,156914
93.754709482193,156914
93.75559687614441,156914
93.75648021697998,156914
93.7573676109314,156914
93.75825524330139,156914
93.75914192199707,156914
93.760005235672,156914
93.76168394088745,156914
93.76256990432739,156914
93.76345992088318,156914
93.76435708999634,156914
93.76524376869202,156914
93.76613211631775,156914
93.76781511306763,156914
93.76870441436768,156914
93.76959276199341,156914
93.77047944068909,156914
93.77136874198914,156914
93.77225470542908,156914
93.7731397151947,156914
93.77400875091553,156914
93.77568817138672,156914
93.77657723426819,156914
93.77746725082397,156914
93.77835202217102,156914
93.7792387008667,156914
93.78012228012085,156914
93.78180456161499,156914
93.78268766403198,156914
93.7835738658905,156914
93.78447246551514,156914
93.78535795211792,156914
93.78624439239502,156914
93.78713154792786,156914
93.78880977630615,156914
93.78969836235046,156914
93.79058480262756,156914
93.79147291183472,156914
93.79236173629761,156914
93.79324531555176,156914
93.79414010047913,156914
93.79582500457764,156914
93.79671454429626,156914
93.7976016998291,156914
93.79848575592041,156914
93.79937243461609,156914
93.80026316642761,156914
93.80114674568176,156914
93.80283236503601,156914
93.80371809005737,156914
93.8046133518219,156914
93.80550336837769,156914
93.80638790130615,156914
93.80727505683899,156914
93.8081648349762,156914
93.80902171134949,156914
93.81070280075073,156914
93.81158876419067,156914
93.8124771118164,156914
93.81336426734924,156914
93.81425905227661,156914
93.81514596939087,156914
93.81600689888,156914
93.81768989562988,156914
93.81857872009277,156914
93.8194649219513,156914
93.8203513622284,156914
93.82124090194702,156914
93.82212519645691,156914
93.82381200790405,156914
93.82471060752869,156914
93.82559657096863,156914
93.82648658752441,156914
93.8273720741272,156914
93.82826161384583,156914
93.82915258407593,156914
93.83000874519348,156914
93.83168458938599,156914
93.8325719833374,156914
93.83346009254456,156914
93.83435606956482,156914
93.83524250984192,156914
93.83612871170044,156914
93.83780527114868,156914
93.83869194984436,156914
93.83958268165588,156914
93.84046840667725,156914
93.84135580062866,156914
93.84224581718445,156914
93.84313154220581,156914
93.84482502937317,156914
93.84571099281311,156914
93.84660124778748,156914
93.847491979599,156914
93.84837865829468,156914
93.84926581382751,156914
93.85015392303467,156914
93.85101103782654,156914
93.8526918888092,156914
93.85358238220215,156914
93.85447883605957,156914
93.85536789894104,156914
93.8562524318695,156914
93.85714077949524,156914
93.85882091522217,156914
93.85970664024353,156914
93.86059308052063,156914
93.8614809513092,156914
93.86236715316772,156914
93.86325764656067,156914
93.8641505241394,156914
93.86500811576843,156914
93.86668729782104,156914
93.86757493019104,156914
93.86846613883972,156914
93.8693299293518,156914
93.87018537521362,156914
93.87103939056396,156914
93.8727114200592,156914
93.87356352806091,156914
93.87442803382874,156914
93.87528228759766,156914
93.87612557411194,156914
93.87778353691101,156914
93.87864351272583,156914
93.87949395179749,156914
93.88035011291504,156914
93.88120198249817,156914
93.88205695152283,156914
93.88373112678528,156914
93.88458561897278,156914
93.88543963432312,156914
93.8862955570221,156914
93.88715171813965,156914
93.88879942893982,156914
93.88965034484863,156914
93.89049935340881,156914
93.89135503768921,156914
93.8922119140625,156914
93.89306712150574,156914
93.89475417137146,156914
93.8956069946289,156914
93.89646244049072,156914
93.89731502532959,156914
93.8981716632843,156914
93.89902567863464,156914
93.90070271492004,156914
93.90155673027039,156914
93.90241050720215,156914
93.90326261520386,156914
93.90412306785583,156914
93.90579891204834,156914
93.90664958953857,156914
93.90749835968018,156914
93.9083502292633,156914
93.90920352935791,156914
93.91005659103394,156914
93.91173696517944,156914
93.91259002685547,156914
93.91344475746155,156914
93.91431069374084,156914
93.9151623249054,156914
93.91601729393005,156914
93.91769361495972,156914
93.91854691505432,156914
93.91940355300903,156914
93.92025780677795,156914
93.92111253738403,156914
93.92279124259949,156914
93.92364621162415,156914
93.92450785636902,156914
93.92535877227783,156914
93.92621183395386,156914
93.92707920074463,156914
93.92875385284424,156914
93.92961001396179,156914
93.93046259880066,156914
93.931316614151,156914
93.93217325210571,156914
93.93302917480469,156914
93.93471693992615,156914
93.93556904792786,156914
93.93642401695251,156914
93.93727588653564,156914
93.93812561035156,156914
93.93980264663696,156914
93.94064855575562,156914
93.94150495529175,156914
93.94236159324646,156914
93.9432098865509,156914
93.94406795501709,156914
93.94574689865112,156914
93.94659924507141,156914
93.94745779037476,156914
93.94831371307373,156914
93.94916248321533,156914
93.95001602172852,156914
93.95168995857239,156914
93.9525396823883,156914
93.95338797569275,156914
93.9542510509491,156914
93.95510911941528,156914
93.956787109375,156914
93.95763945579529,156914
93.95849227905273,156914
93.95934581756592,156914
93.96019530296326,156914
93.96104836463928,156914
93.96272134780884,156914
93.96357464790344,156914
93.96443676948547,156914
93.96529150009155,156914
93.96614527702332,156914
93.96780157089233,156914
93.96865606307983,156914
93.96950769424438,156914
93.97036290168762,156914
93.9712119102478,156914
93.97206687927246,156914
93.97374701499939,156914
93.9746081829071,156914
93.97546219825745,156914
93.97631764411926,156914
93.97717213630676,156914
93.97802424430847,156914
93.97969603538513,156914
93.98054671287537,156914
93.98139548301697,156914
93.9822449684143,156914
93.98310112953186,156914
93.98478674888611,156914
93.98564124107361,156914
93.98649001121521,156914
93.98734402656555,156914
93.988196849823,156914
93.98904967308044,156914
93.99073028564453,156914
93.99157905578613,156914
93.99243569374084,156914
93.99329257011414,156914
93.99415040016174,156914
93.99580144882202,156914
93.99665474891663,156914
93.99751377105713,156914
93.99837327003479,156914
93.99922299385071,156914
94.00007605552673,156914
94.00175070762634,156914
94.00260472297668,156914
94.0034646987915,156914
94.00432467460632,156914
94.00517272949219,156914
94.00602746009827,156914
94.00770306587219,156914
94.00855588912964,156914
94.0094141960144,156914
94.01026797294617,156914
94.01112222671509,156914
94.01280426979065,156914
94.01365613937378,156914
94.01451396942139,156914
94.01536345481873,156914
94.01621651649475,156914
94.01706790924072,156914
94.01874327659607,156914
94.0195984840393,156914
94.02045249938965,156914
94.02131009101868,156914
94.02216386795044,156914
94.0230143070221,156914
94.02470111846924,156914
94.02555513381958,156914
94.02640628814697,156914
94.02725577354431,156914
94.02811002731323,156914
94.02978730201721,156914
94.03064012527466,156914
94.03149437904358,156914
94.03234767913818,156914
94.033198595047,156914
94.03406143188477,156914
94.03573608398438,156914
94.0365903377533,156914
94.03744435310364,156914
94.03829669952393,156914
94.0391538143158,156914
94.0408022403717,156914
94.04165482521057,156914
94.04250645637512,156914
94.04335474967957,156914
94.0442144870758,156914
94.0450689792633,156914
94.04674530029297,156914
94.04759955406189,156914
94.0484528541565,156914
94.049307346344,156914
94.05015540122986,156914
94.0518000125885,156914
94.05264949798584,156914
94.05350041389465,156914
94.05436682701111,156914
94.05522227287292,156914
94.05607652664185,156914
94.05775761604309,156914
94.05860829353333,156914
94.05946159362793,156914
94.06032276153564,156914
94.06116890907288,156914
94.06202292442322,156914
94.06369686126709,156914
94.06455850601196,156914
94.06541442871094,156914
94.06626653671265,156914
94.06711626052856,156914
94.06879162788391,156914
94.06964230537415,156914
94.07049489021301,156914
94.07134318351746,156914
94.07219743728638,156914
94.07304811477661,156914
94.07473349571228,156914
94.07558417320251,156914
94.0764377117157,156914
94.0772955417633,156914
94.07814693450928,156914
94.07980036735535,156914
94.08065271377563,156914
94.08150935173035,156914
94.082364320755,156914
94.08321642875671,156914
94.08408570289612,156914
94.08575987815857,156914
94.08661317825317,156914
94.08746647834778,156914
94.0883219242096,156914
94.08917188644409,156914
94.0900285243988,156914
94.09170508384705,156914
94.09256076812744,156914
94.0934100151062,156914
94.0942702293396,156914
94.0951247215271,156914
94.09680509567261,156914
94.09765529632568,156914
94.09850883483887,156914
94.09935975074768,156914
94.1002151966095,156914
94.10106945037842,156914
94.10274648666382,156914
94.10359859466553,156914
94.10446333885193,156914
94.10531163215637,156914
94.10616064071655,156914
94.10701608657837,156914
94.10869431495667,156914
94.10954737663269,156914
94.11040377616882,156914
94.11125659942627,156914
94.11210870742798,156914
94.11378598213196,156914
94.11464881896973,156914
94.11550211906433,156914
94.11635065078735,156914
94.11720752716064,156914
94.11806297302246,156914
94.11973595619202,156914
94.12059020996094,156914
94.12144565582275,156914
94.12228989601135,156914
94.1231427192688,156914
94.12479877471924,156914
94.12565517425537,156914
94.12650203704834,156914
94.12735199928284,156914
94.12820363044739,156914
94.12905812263489,156914
94.13074064254761,156914
94.131591796875,156914
94.13244771957397,156914
94.13329815864563,156914
94.13416123390198,156914
94.13501334190369,156914
94.13668966293335,156914
94.13754439353943,156914
94.13839864730835,156914
94.13924622535706,156914
94.14010405540466,156914
94.14178419113159,156914
94.14263820648193,156914
94.14349555969238,156914
94.14436149597168,156914
94.14521503448486,156914
94.14606738090515,156914
94.14774012565613,156914
94.14859437942505,156914
94.14944744110107,156914
94.15030026435852,156914
94.15115308761597,156914
94.15279054641724,156914
94.15365290641785,156914
94.15451741218567,156914
94.15537285804749,156914
94.15622544288635,156914
94.15708208084106,156914
94.1587541103363,156914
94.15960645675659,156914
94.16046142578125,156914
94.16131448745728,156914
94.16216206550598,156914
94.163010597229,156914
94.16469240188599,156914
94.16554284095764,156914
94.16639399528503,156914
94.16724228858948,156914
94.16809868812561,156914
94.16977429389954,156914
94.17062783241272,156914
94.17149472236633,156914
94.1723461151123,156914
94.17319583892822,156914
94.17406296730042,156914
94.17574620246887,156914
94.17659640312195,156914
94.17744731903076,156914
94.17830467224121,156914
94.17915511131287,156914
94.180011510849,156914
94.18169283866882,156914
94.182541847229,156914
94.18340110778809,156914
94.18425822257996,156914
94.18511199951172,156914
94.18679141998291,156914
94.18764591217041,156914
94.18850088119507,156914
94.18935704231262,156914
94.19020676612854,156914
94.19106435775757,156914
94.19274258613586,156914
94.19359803199768,156914
94.19446349143982,156914
94.19531559944153,156914
94.19616723060608,156914
94.19701981544495,156914
94.19869375228882,156914
94.19954752922058,156914
94.20040130615234,156914
94.20125675201416,156914
94.20210886001587,156914
94.20378160476685,156914
94.20464873313904,156914
94.2054979801178,156914
94.20635294914246,156914
94.2071852684021,156914
94.20805835723877,156914
94.2097396850586,156914
94.2106249332428,156914
94.21151566505432,156914
94.2124035358429,156914
94.21328830718994,156914
94.21418571472168,156914
94.21507477760315,156914
94.21675300598145,156914
94.21764135360718,156914
94.21852850914001,156914
94.21941041946411,156914
94.22029519081116,156914
94.22117900848389,156914
94.22204184532166,156914
94.22372150421143,156914
94.22462129592896,156914
94.22550868988037,156914
94.22639799118042,156914
94.22728514671326,156914
94.2281723022461,156914
94.22902941703796,156914
94.23070812225342,156914
94.23159337043762,156914
94.23248314857483,156914
94.23337268829346,156914
94.23426675796509,156914
94.23515367507935,156914
94.23601078987122,156914
94.23769092559814,156914
94.23857831954956,156914
94.23946356773376,156914
94.2403507232666,156914
94.24123930931091,156914
94.24212574958801,156914
94.24380898475647,156914
94.244704246521,156914
94.24558782577515,156914
94.24647784233093,156914
94.24736642837524,156914
94.24825191497803,156914
94.24914026260376,156914
94.25081872940063,156914
94.25170660018921,156914
94.2525897026062,156914
94.25347781181335,156914
94.2543785572052,156914
94.25526857376099,156914
94.25615358352661,156914
94.25701260566711,156914
94.25869274139404,156914
94.25958466529846,156914
94.26047444343567,156914
94.26136350631714,156914
94.26225066184998,156914
94.26313495635986,156914
94.26401209831238,156914
94.26569080352783,156914
94.26657962799072,156914
94.26746892929077,156914
94.26835346221924,156914
94.26923727989197,156914
94.27012634277344,156914
94.27181029319763,156914
94.27270030975342,156914
94.27358603477478,156914
94.27448153495789,156914
94.27537178993225,156914
94.27625846862793,156914
94.27714514732361,156914
94.27800631523132,156914
94.27968454360962,156914
94.28057265281677,156914
94.28146004676819,156914
94.28234696388245,156914
94.28323554992676,156914
94.28413271903992,156914
94.28581762313843,156914
94.28670573234558,156914
94.28759264945984,156914
94.28848052024841,156914
94.28936338424683,156914
94.29025197029114,156914
94.29114055633545,156914
94.2928192615509,156914
94.29370713233948,156914
94.29460191726685,156914
94.29548907279968,156914
94.296377658844,156914
94.29726123809814,156914
94.29814743995667,156914
94.29900765419006,156914
94.30068635940552,156914
94.3015763759613,156914
94.30246210098267,156914
94.30335116386414,156914
94.30425024032593,156914
94.30513644218445,156914
94.3068208694458,156914
94.30770587921143,156914
94.30859112739563,156914
94.30947804450989,156914
94.31036305427551,156914
94.31125259399414,156914
94.31214022636414,156914
94.31382274627686,156914
94.31472158432007,156914
94.31560826301575,156914
94.31649613380432,156914
94.31738424301147,156914
94.31826972961426,156914
94.31915855407715,156914
94.32001972198486,156914
94.32170057296753,156914
94.32258653640747,156914
94.32347393035889,156914
94.32436943054199,156914
94.3252592086792,156914
94.3261456489563,156914
94.32700562477112,156914
94.328684091568,156914
94.32957196235657,156914
94.33046007156372,156914
94.33134603500366,156914
94.33223176002502,156914
94.33312106132507,156914
94.33481240272522,156914
94.33570003509521,156914
94.33658385276794,156914
94.33747148513794,156914
94.33836317062378,156914
94.33924794197083,156914
94.34013533592224,156914
94.34181451797485,156914
94.342702627182,156914
94.34359002113342,156914
94.34448957443237,156914
94.34537649154663,156914
94.34626793861389,156914
94.3471508026123,156914
94.34801316261292,156914
94.34969425201416,156914
94.35057950019836,156914
94.35146927833557,156914
94.35235381126404,156914
94.35323667526245,156914
94.35413122177124,156914
94.35581183433533,156914
94.35669946670532,156914
94.357586145401,156914
94.35847353935242,156914
94.35936069488525,156914
94.36024808883667,156914
94.36113333702087,156914
94.3628146648407,156914
94.36370420455933,156914
94.36459922790527,156914
94.3654854297638,156914
94.3663718700409,156914
94.36726188659668,156914
94.36814570426941,156914
94.36900544166565,156914
94.3706886768341,156914
94.37157654762268,156914
94.3724672794342,156914
94.3733549118042,156914
94.37425088882446,156914
94.37513947486877,156914
94.37682104110718,156914
94.37770795822144,156914
94.37859225273132,156914
94.37948036193848,156914
94.38036823272705,156914
94.38125157356262,156914
94.38213610649109,156914
94.3838119506836,156914
94.3847074508667,156914
94.38559436798096,156914
94.38648080825806,156914
94.38736820220947,156914
94.38825678825378,156914
94.38914012908936,156914
94.39082312583923,156914
94.39170861244202,156914
94.39259719848633,156914
94.39348697662354,156914
94.39438605308533,156914
94.39527559280396,156914
94.39616465568542,156914
94.39701724052429,156914
94.39866232872009,156914
94.39951801300049,156914
94.40037226676941,156914
94.40122365951538,156914
94.40208339691162,156914
94.40372371673584,156914
94.40458416938782,156914
94.40543937683105,156914
94.40629434585571,156914
94.40714359283447,156914
94.40800738334656,156914
94.40963792800903,156914
94.4104905128479,156914
94.41134643554688,156914
94.41219663619995,156914
94.41305541992188,156914
94.414705991745,156914
94.41555690765381,156914
94.41641330718994,156914
94.41726732254028,156914
94.41811966896057,156914
94.41976070404053,156914
94.42061114311218,156914
94.42146563529968,156914
94.42231965065002,156914
94.42317199707031,156914
94.42403650283813,156914
94.42568159103394,156914
94.42653489112854,156914
94.42739224433899,156914
94.42824530601501,156914
94.4291000366211,156914
94.43073725700378,156914
94.4315881729126,156914
94.43274974822998,156914
94.43363761901855,156914
94.43453598022461,156914
94.43542194366455,156914
94.43630766868591,156914
94.43719625473022,156914
94.4380841255188,156914
94.43976330757141,156914
94.44064998626709,156914
94.44153642654419,156914
94.4424238204956,156914
94.44331121444702,156914
94.4442069530487,156914
94.44509649276733,156914
94.44677495956421,156914
94.44766569137573,156914
94.44855237007141,156914
94.44943976402283,156914
94.45032835006714,156914
94.4512128829956,156914
94.45210123062134,156914
94.45378708839417,156914
94.45468139648438,156914
94.45557141304016,156914
94.45645785331726,156914
94.45734667778015,156914
94.45823311805725,156914
94.45912146568298,156914
94.46080327033997,156914
94.46169018745422,156914
94.46257948875427,156914
94.46346688270569,156914
94.46436500549316,156914
94.46525430679321,156914
94.46614122390747,156914
94.46781849861145,156914
94.46870613098145,156914
94.46959066390991,156914
94.47048091888428,156914
94.47136855125427,156914
94.47225546836853,156914
94.47314023971558,156914
94.47401070594788,156914
94.47568774223328,156914
94.47657704353333,156914
94.47746682167053,156914
94.47835421562195,156914
94.47924447059631,156914
94.48012971878052,156914
94.48181343078613,156914
94.48269891738892,156914
94.4835844039917,156914
94.4844822883606,156914
94.48537111282349,156914
94.48625707626343,156914
94.48714423179626,156914
94.48882174491882,156914
94.4897108078003,156914
94.49059700965881,156914
94.49148464202881,156914
94.49237585067749,156914
94.49326515197754,156914
94.49416160583496,156914
94.49502038955688,156914
94.4966983795166,156914
94.49758768081665,156914
94.49847531318665,156914
94.49936246871948,156914
94.50025081634521,156914
94.501136302948,156914
94.50281739234924,156914
94.50370168685913,156914
94.50459909439087,156914
94.50548958778381,156914
94.5063750743866,156914
94.50726294517517,156914
94.50815176963806,156914
94.50900936126709,156914
94.51068878173828,156914
94.51157474517822,156914
94.51246118545532,156914
94.51334953308105,156914
94.5142433643341,156914
94.51513004302979,156914
94.51681113243103,156914
94.51769757270813,156914
94.51858830451965,156914
94.51947927474976,156914
94.52036571502686,156914
94.52125692367554,156914
94.52214455604553,156914
94.52382588386536,156914
94.52472066879272,156914
94.52560949325562,156914
94.52649855613708,156914
94.52738523483276,156914
94.52827143669128,156914
94.52915716171265,156914
94.53001546859741,156914
94.53169560432434,156914
94.53258180618286,156914
94.53346872329712,156914
94.53436779975891,156914
94.53525495529175,156914
94.53614377975464,156914
94.53700590133667,156914
94.53868365287781,156914
94.53957343101501,156914
94.54046130180359,156914
94.5413465499878,156914
94.54223561286926,156914
94.54312062263489,156914
94.54481744766235,156914
94.54570245742798,156914
94.54658937454224,156914
94.54747676849365,156914
94.54836344718933,156914
94.54924869537354,156914
94.550133228302,156914
94.55181527137756,156914
94.55270481109619,156914
94.55359148979187,156914
94.55448698997498,156914
94.55537438392639,156914
94.55626010894775,156914
94.55714631080627,156914
94.55800747871399,156914
94.55968999862671,156914
94.56058096885681,156914
94.56146693229675,156914
94.56235384941101,156914
94.56324172019958,156914
94.564138174057,156914
94.56581854820251,156914
94.56670546531677,156914
94.56759476661682,156914
94.56848382949829,156914
94.56937265396118,156914
94.57026100158691,156914
94.57114791870117,156914
94.57282090187073,156914
94.57370948791504,156914
94.57460737228394,156914
94.5754964351654,156914
94.57638549804688,156914
94.57727217674255,156914
94.57815670967102,156914
94.5790159702301,156914
94.58069133758545,156914
94.58157968521118,156914
94.5824646949768,156914
94.58334970474243,156914
94.58424592018127,156914
94.58513069152832,156914
94.5868124961853,156914
94.58769726753235,156914
94.58858346939087,156914
94.58947396278381,156914
94.59035992622375,156914
94.59124708175659,156914
94.59213280677795,156914
94.59381198883057,156914
94.5947105884552,156914
94.59559845924377,156914
94.5964879989624,156914
94.59737658500671,156914
94.59826231002808,156914
94.59914755821228,156914
94.60000896453857,156914
94.60168719291687,156914
94.60257530212402,156914
94.60346412658691,156914
94.6043586730957,156914
94.60524797439575,156914
94.60613107681274,156914
94.60781216621399,156914
94.60869836807251,156914
94.60958552360535,156914
94.6104748249054,156914
94.61135864257812,156914
94.61224579811096,156914
94.61313343048096,156914
94.6148202419281,156914
94.61571097373962,156914
94.61659669876099,156914
94.61748504638672,156914
94.61837339401245,156914
94.61926245689392,156914
94.6201503276825,156914
94.62101292610168,156914
94.62269186973572,156914
94.62358379364014,156914
94.62448191642761,156914
94.62536811828613,156914
94.62625813484192,156914
94.62714314460754,156914
94.62882614135742,156914
94.6297128200531,156914
94.63060021400452,156914
94.63148856163025,156914
94.63237190246582,156914
94.63325881958008,156914
94.63415217399597,156914
94.635009765625,156914
94.63669061660767,156914
94.63757872581482,156914
94.63846707344055,156914
94.6393530368805,156914
94.64023852348328,156914
94.64112520217896,156914
94.64280819892883,156914
94.64369654655457,156914
94.64459347724915,156914
94.64547610282898,156914
94.6463623046875,156914
94.64725351333618,156914
94.64813661575317,156914
94.64982080459595,156914
94.6507077217102,156914
94.65159225463867,156914
94.65248227119446,156914
94.65336990356445,156914
94.65426564216614,156914
94.65515303611755,156914
94.65601015090942,156914
94.65769457817078,156914
94.65858221054077,156914
94.6594717502594,156914
94.66035985946655,156914
94.66124677658081,156914
94.66213011741638,156914
94.66380620002747,156914
94.66470313072205,156914
94.66558837890625,156914
94.66647601127625,156914
94.66736555099487,156914
94.6682505607605,156914
94.66913676261902,156914
94.67082047462463,156914
94.67170429229736,156914
94.67258810997009,156914
94.67347502708435,156914
94.6743733882904,156914
94.67525839805603,156914
94.67614483833313,156914
94.67782545089722,156914
94.67871451377869,156914
94.67960095405579,156914
94.6804871559143,156914
94.68137621879578,156914
94.68226480484009,156914
94.68315291404724,156914
94.68402457237244,156914
94.68570494651794,156914
94.68659543991089,156914
94.68748259544373,156914
94.68836879730225,156914
94.68925619125366,156914
94.69014525413513,156914
94.6918261051178,156914
94.69271278381348,156914
94.69359850883484,156914
94.69449782371521,156914
94.6953854560852,156914
94.69627213478088,156914
94.69716024398804,156914
94.69801807403564,156914
94.69970107078552,156914
94.70058822631836,156914
94.70147681236267,156914
94.70236730575562,156914
94.70325040817261,156914
94.70414566993713,156914
94.70500612258911,156914
94.70668506622314,156914
94.70757389068604,156914
94.70845913887024,156914
94.70934629440308,156914
94.71023488044739,156914
94.71112513542175,156914
94.71280479431152,156914
94.71368932723999,156914
94.71458578109741,156914
94.71547484397888,156914
94.71636271476746,156914
94.71725058555603,156914
94.71814012527466,156914
94.71981883049011,156914
94.72070789337158,156914
94.72159242630005,156914
94.72248005867004,156914
94.72337222099304,156914
94.72426867485046,156914
94.72515630722046,156914
94.72601628303528,156914
94.72769498825073,156914
94.72858357429504,156914
94.72946882247925,156914
94.73017835617065,156914
94.73109912872314,156914
94.73201942443848,156914
94.73337125778198,156914
94.73429775238037,156914
94.73521685600281,156914
94.7361364364624,156914
94.73705101013184,156914
94.73804068565369,156914
94.73942923545837,156914
94.7403450012207,156914
94.74126124382019,156914
94.74219489097595,156914
94.74311566352844,156914
94.74403929710388,156914
94.74539828300476,156914
94.74631524085999,156914
94.74723172187805,156914
94.74815392494202,156914
94.74906873703003,156914
94.7504255771637,156914
94.75134253501892,156914
94.7522611618042,156914
94.75317883491516,156914
94.75410485267639,156914
94.75502347946167,156914
94.75637602806091,156914
94.75729513168335,156914
94.75821161270142,156914
94.7591278553009,156914
94.76004910469055,156914
94.76140093803406,156914
94.76231670379639,156914
94.76323676109314,156914
94.76416397094727,156914
94.76507902145386,156914
94.76643514633179,156914
94.76735162734985,156914
94.76827645301819,156914
94.76919364929199,156914
94.77011179924011,156914
94.77102637290955,156914
94.77238130569458,156914
94.77329730987549,156914
94.77422642707825,156914
94.77514624595642,156914
94.77606391906738,156914
94.77741718292236,156914
94.77833938598633,156914
94.77925658226013,156914
94.78017807006836,156914
94.78109955787659,156914
94.78201603889465,156914
94.78337121009827,156914
94.78429675102234,156914
94.78521537780762,156914
94.78613090515137,156914
94.78704881668091,156914
94.78840017318726,156914
94.78931546211243,156914
94.7902364730835,156914
94.79115295410156,156914
94.79207015037537,156914
94.79342889785767,156914
94.79435563087463,156914
94.79527378082275,156914
94.79619073867798,156914
94.79711198806763,156914
94.79802870750427,156914
94.79938268661499,156914
94.80029630661011,156914
94.8012170791626,156914
94.8021354675293,156914
94.80304741859436,156914
94.80441308021545,156914
94.80533289909363,156914
94.80625247955322,156914
94.80717277526855,156914
94.8080906867981,156914
94.8090090751648,156914
94.81036400794983,156914
94.81128001213074,156914
94.81219911575317,156914
94.8131172657013,156914
94.81404423713684,156914
94.81540203094482,156914
94.81631875038147,156914
94.81723809242249,156914
94.81815838813782,156914
94.81907629966736,156914
94.82043194770813,156914
94.82134628295898,156914
94.82226085662842,156914
94.8231828212738,156914
94.82411026954651,156914
94.825026512146,156914
94.82638335227966,156914
94.82730054855347,156914
94.82822227478027,156914
94.82914090156555,156914
94.83007097244263,156914
94.83142590522766,156914
94.83233976364136,156914
94.83325719833374,156914
94.8341863155365,156914
94.8351047039032,156914
94.83601999282837,156914
94.83737015724182,156914
94.83828926086426,156914
94.83920884132385,156914
94.84012651443481,156914
94.84104490280151,156914
94.8424015045166,156914
94.84331917762756,156914
94.84424591064453,156914
94.84516644477844,156914
94.84608364105225,156914
94.84743976593018,156914
94.84835433959961,156914
94.84927105903625,156914
94.85018563270569,156914
94.85110139846802,156914
94.85201740264893,156914
94.85337138175964,156914
94.85431599617004,156914
94.85523319244385,156914
94.85615372657776,156914
94.85706996917725,156914
94.85842490196228,156914
94.8593397140503,156914
94.86025881767273,156914
94.86117815971375,156914
94.86209487915039,156914
94.86301255226135,156914
94.86437106132507,156914
94.86528992652893,156914
94.86620616912842,156914
94.86712336540222,156914
94.86804008483887,156914
94.86939525604248,156914
94.87030744552612,156914
94.87122869491577,156914
94.87214875221252,156914
94.87306380271912,156914
94.87442994117737,156914
94.87534594535828,156914
94.8762640953064,156914
94.87718033790588,156914
94.87809705734253,156914
94.87900900840759,156914
94.8803641796112,156914
94.88128161430359,156914
94.88220238685608,156914
94.88312029838562,156914
94.88404655456543,156914
94.88540649414062,156914
94.88632321357727,156914
94.88724136352539,156914
94.88815951347351,156914
94.8890733718872,156914
94.89042830467224,156914
94.89134621620178,156914
94.89226174354553,156914
94.89318251609802,156914
94.89411067962646,156914
94.89502692222595,156914
94.89638161659241,156914
94.8972978591919,156914
94.89821553230286,156914
94.89913296699524,156914
94.90004849433899,156914
94.90140295028687,156914
94.9023220539093,156914
94.90323662757874,156914
94.9041759967804,156914
94.9050943851471,156914
94.90601062774658,156914
94.9073646068573,156914
94.90828084945679,156914
94.90919733047485,156914
94.91011214256287,156914
94.91102814674377,156914
94.9123809337616,156914
94.91329598426819,156914
94.91422176361084,156914
94.91513848304749,156914
94.91605925559998,156914
94.91740942001343,156914
94.91832399368286,156914
94.91923975944519,156914
94.92015409469604,156914
94.92107081413269,156914
94.92242193222046,156914
94.92333889007568,156914
94.9242651462555,156914
94.92518258094788,156914
94.92609906196594,156914
94.92701315879822,156914
94.92836833000183,156914
94.92928767204285,156914
94.93020939826965,156914
94.93112540245056,156914
94.93203783035278,156914
94.93339037895203,156914
94.93431520462036,156914
94.93523406982422,156914
94.93615818023682,156914
94.9370744228363,156914
94.93842816352844,156914
94.93934631347656,156914
94.94026398658752,156914
94.94118165969849,156914
94.94209694862366,156914
94.94301223754883,156914
94.94437527656555,156914
94.94529414176941,156914
94.94621181488037,156914
94.94712948799133,156914
94.94804692268372,156914
94.94940280914307,156914
94.9503219127655,156914
94.95124077796936,156914
94.952157497406,156914
94.95307397842407,156914
94.9544415473938,156914
94.95535802841187,156914
94.95627808570862,156914
94.95719313621521,156914
94.9581127166748,156914
94.9590265750885,156914
94.960378408432,156914
94.96129369735718,156914
94.96221232414246,156914
94.9631278514862,156914
94.96404767036438,156914
94.96540069580078,156914
94.96631455421448,156914
94.96723198890686,156914
94.96814846992493,156914
94.96906304359436,156914
94.97041654586792,156914
94.97132968902588,156914
94.97224640846252,156914
94.97316122055054,156914
94.97408366203308,156914
94.97543454170227,156914
94.97634935379028,156914
94.97726535797119,156914
94.97818565368652,156914
94.9791030883789,156914
94.98002052307129,156914
94.98137760162354,156914
94.9822928905487,156914
94.98320865631104,156914
94.98413610458374,156914
94.98505234718323,156914
94.98640608787537,156914
94.98732352256775,156914
94.98824191093445,156914
94.98915839195251,156914
94.99007391929626,156914
94.9914333820343,156914
94.99234890937805,156914
94.99326753616333,156914
94.99419617652893,156914
94.99511623382568,156914
94.99603581428528,156914
94.99739050865173,156914
94.9983069896698,156914
94.99922442436218,156914
95.00014591217041,156914
95.00106382369995,156914
95.00241994857788,156914
95.00333452224731,156914
95.0042634010315,156914
95.00518083572388,156914
95.00609683990479,156914
95.0070128440857,156914
95.0083646774292,156914
95.00928354263306,156914
95.01020097732544,156914
95.01112008094788,156914
95.01203560829163,156914
95.01339030265808,156914
95.01431155204773,156914
95.01523041725159,156914
95.01614618301392,156914
95.01705956459045,156914
95.01841568946838,156914
95.01933240890503,156914
95.02025032043457,156914
95.02116584777832,156914
95.02208065986633,156914
95.02343511581421,156914
95.02436089515686,156914
95.02527689933777,156914
95.02619457244873,156914
95.02711033821106,156914
95.02802181243896,156914
95.02937626838684,156914
95.03029203414917,156914
95.03120946884155,156914
95.0321261882782,156914
95.03304171562195,156914
95.03440761566162,156914
95.03532266616821,156914
95.03624033927917,156914
95.03715920448303,156914
95.0380711555481,156914
95.03942275047302,156914
95.04033660888672,156914
95.04125618934631,156914
95.0421712398529,156914
95.04308462142944,156914
95.04400968551636,156914
95.04536008834839,156914
95.04627418518066,156914
95.04719257354736,156914
95.04811143875122,156914
95.0490231513977,156914
95.05037593841553,156914
95.0512900352478,156914
95.05220746994019,156914
95.05312299728394,156914
95.05404615402222,156914
95.05540084838867,156914
95.05631566047668,156914
95.05723285675049,156914
95.05814576148987,156914
95.05906009674072,156914
95.06041121482849,156914
95.06132531166077,156914
95.06224203109741,156914
95.06316184997559,156914
95.06408381462097,156914
95.06543707847595,156914
95.06635046005249,156914
95.06727027893066,156914
95.0681881904602,156914
95.06910252571106,156914
95.07001829147339,156914
95.07136988639832,156914
95.07228779792786,156914
95.07320666313171,156914
95.07413578033447,156914
95.07505297660828,156914
95.07640600204468,156914
95.07732129096985,156914
95.07823777198792,156914
95.0791552066803,156914
95.08006548881531,156914
95.08141779899597,156914
95.08233380317688,156914
95.08325099945068,156914
95.0841760635376,156914
95.08509302139282,156914
95.086008310318,156914
95.08735942840576,156914
95.08827447891235,156914
95.08919429779053,156914
95.09011054039001,156914
95.09102201461792,156914
95.09237265586853,156914
95.09329199790955,156914
95.09421968460083,156914
95.09513854980469,156914
95.09605622291565,156914
95.0974133014679,156914
95.09833025932312,156914
95.09924721717834,156914
95.10016536712646,156914
95.10108256340027,156914
95.10243725776672,156914
95.10335302352905,156914
95.10429453849792,156914
95.10521292686462,156914
95.10612869262695,156914
95.10704565048218,156914
95.10839653015137,156914
95.10931277275085,156914
95.11022925376892,156914
95.11114740371704,156914
95.11206412315369,156914
95.1134192943573,156914
95.1143434047699,156914
95.11526346206665,156914
95.11618208885193,156914
95.11709594726562,156914
95.1180145740509,156914
95.11936712265015,156914
95.12028193473816,156914
95.12119793891907,156914
95.12211632728577,156914
95.12302875518799,156914
95.12439227104187,156914
95.12530755996704,156914
95.12622737884521,156914
95.12714433670044,156914
95.12806272506714,156914
95.12942171096802,156914
95.13033556938171,156914
95.1312563419342,156914
95.13217568397522,156914
95.13310050964355,156914
95.13402438163757,156914
95.13538026809692,156914
95.13629460334778,156914
95.13721108436584,156914
95.13812851905823,156914
95.13904118537903,156914
95.14040517807007,156914
95.14132404327393,156914
95.14224123954773,156914
95.1431577205658,156914
95.14408373832703,156914
95.1450138092041,156914
95.14637017250061,156914
95.14729738235474,156914
95.14821648597717,156914
95.14913320541382,156914
95.15005493164062,156914
95.15141010284424,156914
95.15232920646667,156914
95.15325617790222,156914
95.15418457984924,156914
95.15510416030884,156914
95.15602540969849,156914
95.15738844871521,156914
95.15830540657043,156914
95.15922737121582,156914
95.16015481948853,156914
95.16107130050659,156914
95.1624264717102,156914
95.16334199905396,156914
95.16426634788513,156914
95.16518568992615,156914
95.16610264778137,156914
95.1670172214508,156914
95.1683657169342,156914
95.16928315162659,156914
95.1701991558075,156914
95.17111563682556,156914
95.17203211784363,156914
95.1733865737915,156914
95.17431020736694,156914
95.17522478103638,156914
95.17614006996155,156914
95.1770555973053,156914
95.1784074306488,156914
95.17932152748108,156914
95.18023657798767,156914
95.18115758895874,156914
95.18207168579102,156914
95.18342542648315,156914
95.18434715270996,156914
95.18526315689087,156914
95.18617844581604,156914
95.18709468841553,156914
95.1880111694336,156914
95.18936014175415,156914
95.19027709960938,156914
95.19119167327881,156914
95.19210982322693,156914
95.19302105903625,156914
95.19438290596008,156914
95.19530034065247,156914
95.19622135162354,156914
95.19713687896729,156914
95.19804978370667,156914
95.19940257072449,156914
95.20031929016113,156914
95.20123600959778,156914
95.20215249061584,156914
95.20306992530823,156914
95.20443081855774,156914
95.20534658432007,156914
95.20626425743103,156914
95.20718312263489,156914
95.2080991268158,156914
95.20901465415955,156914
95.21036624908447,156914
95.21128535270691,156914
95.2122015953064,156914
95.21311688423157,156914
95.2140429019928,156914
95.2153947353363,156914
95.21631217002869,156914
95.21722865104675,156914
95.2181465625763,156914
95.2190592288971,156914
95.22041392326355,156914
95.22133040428162,156914
95.22224855422974,156914
95.22316837310791,156914
95.22409343719482,156914
95.22501134872437,156914
95.2263617515564,156914
95.22728180885315,156914
95.22819924354553,156914
95.2291202545166,156914
95.23003268241882,156914
95.23139429092407,156914
95.23230767250061,156914
95.23322629928589,156914
95.23415517807007,156914
95.23507070541382,156914
95.23642349243164,156914
95.23733949661255,156914
95.23825812339783,156914
95.23917412757874,156914
95.24009370803833,156914
95.24100947380066,156914
95.24236464500427,156914
95.24328017234802,156914
95.24420666694641,156914
95.24512672424316,156914
95.24603915214539,156914
95.24739408493042,156914
95.24831008911133,156914
95.2492311000824,156914
95.25015068054199,156914
95.25106739997864,156914
95.25242304801941,156914
95.25334191322327,156914
95.25427174568176,156914
95.25519132614136,156914
95.25610947608948,156914
95.25702667236328,156914
95.25838255882263,156914
95.25930309295654,156914
95.26022171974182,156914
95.2611403465271,156914
95.26205587387085,156914
95.26341128349304,156914
95.26433777809143,156914
95.26525378227234,156914
95.26617074012756,156914
95.26708507537842,156914
95.26843500137329,156914
95.26934909820557,156914
95.27026295661926,156914
95.27118039131165,156914
95.27210354804993,156914
95.27301931381226,156914
95.2743821144104,156914
95.27530002593994,156914
95.27622056007385,156914
95.27713799476624,156914
95.27805089950562,156914
95.27940320968628,156914
95.28031635284424,156914
95.28123092651367,156914
95.28214859962463,156914
95.28306436538696,156914
95.28442645072937,156914
95.28534173965454,156914
95.28625845909119,156914
95.28717637062073,156914
95.28809428215027,156914
95.28901195526123,156914
95.2903699874878,156914
95.29128885269165,156914
95.29220533370972,156914
95.29312252998352,156914
95.29404640197754,156914
95.29540133476257,156914
95.29631638526917,156914
95.29723405838013,156914
95.29815077781677,156914
95.29906606674194,156914
95.3004207611084,156914
95.30133628845215,156914
95.30225491523743,156914
95.30317640304565,156914
95.30410885810852,156914
95.30502414703369,156914
95.30638265609741,156914
95.30730080604553,156914
95.30821800231934,156914
95.30913710594177,156914
95.31008386611938,156914
95.31143712997437,156914
95.31236171722412,156914
95.31328010559082,156914
95.31422305107117,156914
95.3151490688324,156914
95.31606435775757,156914
95.31741905212402,156914
95.31833171844482,156914
95.31925249099731,156914
95.32017064094543,156914
95.32109069824219,156914
95.32200407981873,156914
95.32335996627808,156914
95.3242859840393,156914
95.32520484924316,156914
95.32612204551697,156914
95.32703733444214,156914
95.32839393615723,156914
95.32931327819824,156914
95.33023047447205,156914
95.3311493396759,156914
95.33206725120544,156914
95.33342289924622,156914
95.33434772491455,156914
95.33526730537415,156914
95.33618211746216,156914
95.33709859848022,156914
95.33801460266113,156914
95.33936977386475,156914
95.34029054641724,156914
95.34120726585388,156914
95.34212112426758,156914
95.34303832054138,156914
95.34440493583679,156914
95.34532117843628,156914
95.3462347984314,156914
95.3471508026123,156914
95.34806418418884,156914
95.34942078590393,156914
95.35033631324768,156914
95.3512556552887,156914
95.35217356681824,156914
95.35308599472046,156914
95.35401010513306,156914
95.35536313056946,156914
95.356281042099,156914
95.35719537734985,156914
95.35811161994934,156914
95.35902667045593,156914
95.36038041114807,156914
95.36129760742188,156914
95.36221313476562,156914
95.36312985420227,156914
95.36405372619629,156914
95.36541175842285,156914
95.36632966995239,156914
95.3672444820404,156914
95.36816263198853,156914
95.36907863616943,156914
95.37043142318726,156914
95.37134528160095,156914
95.37226247787476,156914
95.37318134307861,156914
95.3741090297699,156914
95.37502264976501,156914
95.37637543678284,156914
95.37729072570801,156914
95.37820887565613,156914
95.37912702560425,156914
95.38004326820374,156914
95.38139486312866,156914
95.38230800628662,156914
95.38322353363037,156914
95.38415026664734,156914
95.3850646018982,156914
95.3864197731018,156914
95.38733434677124,156914
95.3882532119751,156914
95.38916826248169,156914
95.39008283615112,156914
95.39143776893616,156914
95.39235305786133,156914
95.39327001571655,156914
95.39420056343079,156914
95.3951199054718,156914
95.39603400230408,156914
95.39739084243774,156914
95.3983039855957,156914
95.39922189712524,156914
95.40013933181763,156914
95.40105509757996,156914
95.40241169929504,156914
95.40332794189453,156914
95.40425443649292,156914
95.40517163276672,156914
95.40608716011047,156914
95.40743803977966,156914
95.40835475921631,156914
95.40927243232727,156914
95.41019034385681,156914
95.41110277175903,156914
95.4120192527771,156914
95.41337442398071,156914
95.41430401802063,156914
95.41521835327148,156914
95.41613531112671,156914
95.41705083847046,156914
95.41840267181396,156914
95.41931867599487,156914
95.42023539543152,156914
95.42115211486816,156914
95.42206740379333,156914
95.42342162132263,156914
95.42435026168823,156914
95.42526888847351,156914
95.42618775367737,156914
95.42710471153259,156914
95.42802023887634,156914
95.42938232421875,156914
95.43029928207397,156914
95.43121600151062,156914
95.43213701248169,156914
95.43305015563965,156914
95.43441796302795,156914
95.43533563613892,156914
95.43625545501709,156914
95.43717408180237,156914
95.4380898475647,156914
95.43900609016418,156914
95.44036650657654,156914
95.44128704071045,156914
95.4422025680542,156914
95.44311761856079,156914
95.44403886795044,156914
95.44539165496826,156914
95.4463095664978,156914
95.44722962379456,156914
95.44814825057983,156914
95.44906616210938,156914
95.45042300224304,156914
95.45133948326111,156914
95.45226001739502,156914
95.4531774520874,156914
95.45410418510437,156914
95.45502090454102,156914
95.45637607574463,156914
95.45729207992554,156914
95.45821022987366,156914
95.45912575721741,156914
95.46004056930542,156914
95.46139526367188,156914
95.46231174468994,156914
95.46323204040527,156914
95.46416187286377,156914
95.46507859230042,156914
95.46643304824829,156914
95.46735143661499,156914
95.46827173233032,156914
95.46919131278992,156914
95.47010636329651,156914
95.47102189064026,156914
95.47237133979797,156914
95.47329044342041,156914
95.47422003746033,156914
95.47513771057129,156914
95.47605347633362,156914
95.47740960121155,156914
95.4783263206482,156914
95.47924447059631,156914
95.4801607131958,156914
95.48107242584229,156914
95.4824275970459,156914
95.48334169387817,156914
95.48427128791809,156914
95.48518991470337,156914
95.48610663414001,156914
95.48702144622803,156914
95.48837423324585,156914
95.48929262161255,156914
95.49020862579346,156914
95.49112844467163,156914
95.49204397201538,156914
95.4934024810791,156914
95.4943277835846,156914
95.49524712562561,156914
95.4961678981781,156914
95.49708127975464,156914
95.49843740463257,156914
95.49935555458069,156914
95.50027108192444,156914
95.50118803977966,156914
95.50210618972778,156914
95.50302338600159,156914
95.50439882278442,156914
95.50531196594238,156914
95.50622963905334,156914
95.50714707374573,156914
95.5080635547638,156914
95.50941801071167,156914
95.51033568382263,156914
95.51125431060791,156914
95.51217198371887,156914
95.51308870315552,156914
95.51401233673096,156914
95.51536536216736,156914
95.51627922058105,156914
95.51719808578491,156914
95.51811718940735,156914
95.51903533935547,156914
95.52039098739624,156914
95.52130365371704,156914
95.52222275733948,156914
95.52313828468323,156914
95.52406406402588,156914
95.52541494369507,156914
95.52633213996887,156914
95.5272467136383,156914
95.52816486358643,156914
95.52908325195312,156914
95.53043913841248,156914
95.53135275840759,156914
95.53227210044861,156914
95.53318786621094,156914
95.53411436080933,156914
95.53503251075745,156914
95.53638863563538,156914
95.53730654716492,156914
95.53822541236877,156914
95.53914594650269,156914
95.5400619506836,156914
95.54141569137573,156914
95.54233121871948,156914
95.54325151443481,156914
95.5441825389862,156914
95.54509925842285,156914
95.5460193157196,156914
95.5473701953888,156914
95.54828572273254,156914
95.54920148849487,156914
95.55011677742004,156914
95.5510323047638,156914
95.55238342285156,156914
95.55329918861389,156914
95.55422735214233,156914
95.55514669418335,156914
95.55605983734131,156914
95.55741429328918,156914
95.55832886695862,156914
95.55924534797668,156914
95.56016182899475,156914
95.56107974052429,156914
95.56243085861206,156914
95.56334662437439,156914
95.56427311897278,156914
95.56519198417664,156914
95.56610655784607,156914
95.56702256202698,156914
95.56837773323059,156914
95.56929326057434,156914
95.57021069526672,156914
95.5711281299591,156914
95.57204508781433,156914
95.57340002059937,156914
95.57432413101196,156914
95.57524061203003,156914
95.57616090774536,156914
95.5770788192749,156914
95.57843518257141,156914
95.57934713363647,156914
95.5802640914917,156914
95.58117938041687,156914
95.58209490776062,156914
95.5830090045929,156914
95.58437395095825,156914
95.58529043197632,156914
95.58620953559875,156914
95.58712911605835,156914
95.58804202079773,156914
95.58939599990845,156914
95.59030938148499,156914
95.59123063087463,156914
95.59215044975281,156914
95.59306907653809,156914
95.59443664550781,156914
95.59535217285156,156914
95.59626770019531,156914
95.59718370437622,156914
95.5981011390686,156914
95.59901595115662,156914
95.60037064552307,156914
95.60128664970398,156914
95.6022036075592,156914
95.60312056541443,156914
95.60404300689697,156914
95.60540056228638,156914
95.60631680488586,156914
95.60723519325256,156914
95.60816264152527,156914
95.60907649993896,156914
95.61042881011963,156914
95.61134719848633,156914
95.61226296424866,156914
95.61317920684814,156914
95.61410355567932,156914
95.61502146720886,156914
95.61637473106384,156914
95.61729168891907,156914
95.61821031570435,156914
95.61912417411804,156914
95.62003803253174,156914
95.62139439582825,156914
95.62230944633484,156914
95.6232259273529,156914
95.62415504455566,156914
95.62507104873657,156914
95.62642478942871,156914
95.62734007835388,156914
95.628258228302,156914
95.62917280197144,156914
95.63008761405945,156914
95.63100361824036,156914
95.63235449790955,156914
95.63327145576477,156914
95.63419890403748,156914
95.63511848449707,156914
95.63603401184082,156914
95.63738703727722,156914
95.63830399513245,156914
95.63922095298767,156914
95.64013957977295,156914
95.64105582237244,156914
95.64241123199463,156914
95.64333033561707,156914
95.64425730705261,156914
95.645174741745,156914
95.64609408378601,156914
95.64701199531555,156914
95.64837288856506,156914
95.64929223060608,156914
95.6502115726471,156914
95.65112853050232,156914
95.65204215049744,156914
95.65339756011963,156914
95.65432143211365,156914
95.65523743629456,156914
95.65615272521973,156914
95.65707182884216,156914
95.65842318534851,156914
95.65934133529663,156914
95.66025829315186,156914
95.66117763519287,156914
95.66209268569946,156914
95.66300463676453,156914
95.66437005996704,156914
95.66528916358948,156914
95.66620779037476,156914
95.66712379455566,156914
95.66803908348083,156914
95.66938877105713,156914
95.67030668258667,156914
95.67122554779053,156914
95.6721465587616,156914
95.6730637550354,156914
95.6744294166565,156914
95.67534399032593,156914
95.67626142501831,156914
95.67717599868774,156914
95.67809081077576,156914
95.67900466918945,156914
95.68035650253296,156914
95.68127536773682,156914
95.6821916103363,156914
95.683109998703,156914
95.6840307712555,156914
95.68538856506348,156914
95.68630027770996,156914
95.68722224235535,156914
95.68814826011658,156914
95.68906283378601,156914
95.6904182434082,156914
95.69133615493774,156914
95.69225239753723,156914
95.69317173957825,156914
95.69409990310669,156914
95.6950170993805,156914
95.69636964797974,156914
95.69729018211365,156914
95.69820785522461,156914
95.69912624359131,156914
95.70003962516785,156914
95.70139646530151,156914
95.702312707901,156914
95.7032299041748,156914
95.70416307449341,156914
95.70507764816284,156914
95.70643305778503,156914
95.70735239982605,156914
95.7082691192627,156914
95.70918703079224,156914
95.71010303497314,156914
95.71101665496826,156914
95.71236801147461,156914
95.71328449249268,156914
95.71421456336975,156914
95.71513152122498,156914
95.71604490280151,156914
95.71739864349365,156914
95.71831750869751,156914
95.71923327445984,156914
95.72014927864075,156914
95.72106647491455,156914
95.72242093086243,156914
95.72333645820618,156914
95.72426629066467,156914
95.72520971298218,156914
95.72612953186035,156914
95.72706508636475,156914
95.72842574119568,156914
95.72934436798096,156914
95.73026537895203,156914
95.73118710517883,156914
95.73210573196411,156914
95.73302221298218,156914
95.73438668251038,156914
95.73530602455139,156914
95.73622417449951,156914
95.73714423179626,156914
95.7380645275116,156914
95.7394187450409,156914
95.7403404712677,156914
95.74125671386719,156914
95.74217772483826,156914
95.74309730529785,156914
95.74402451515198,156914
95.74538278579712,156914
95.7462968826294,156914
95.74721837043762,156914
95.74813890457153,156914
95.74905776977539,156914
95.75041437149048,156914
95.75133299827576,156914
95.75225377082825,156914
95.75317454338074,156914
95.7541036605835,156914
95.75502157211304,156914
95.75637650489807,156914
95.75729513168335,156914
95.75821089744568,156914
95.75912761688232,156914
95.76004242897034,156914
95.761399269104,156914
95.76231932640076,156914
95.7632372379303,156914
95.764169216156,156914
95.76508808135986,156914
95.76600623130798,156914
95.76736116409302,156914
95.76827812194824,156914
95.76919436454773,156914
95.77011251449585,156914
95.77102828025818,156914
95.7723879814148,156914
95.7733063697815,156914
95.77423524856567,156914
95.77515459060669,156914
95.77607941627502,156914
95.77743530273438,156914
95.77835059165955,156914
95.77926683425903,156914
95.78018426895142,156914
95.78110194206238,156914
95.78201746940613,156914
95.78337025642395,156914
95.78429889678955,156914
95.78521680831909,156914
95.78613710403442,156914
95.7870545387268,156914
95.78841185569763,156914
95.78932619094849,156914
95.79024577140808,156914
95.79116368293762,156914
95.79207682609558,156914
95.79343223571777,156914
95.794353723526,156914
95.79527115821838,156914
95.7961893081665,156914
95.79710841178894,156914
95.79802250862122,156914
95.79937219619751,156914
95.80028796195984,156914
95.80120921134949,156914
95.80212998390198,156914
95.80304718017578,156914
95.80441308021545,156914
95.8053286075592,156914
95.80624556541443,156914
95.80716252326965,156914
95.8080804347992,156914
95.80943632125854,156914
95.81035494804382,156914
95.81127142906189,156914
95.81218981742859,156914
95.81310749053955,156914
95.81403136253357,156914
95.81538891792297,156914
95.81630444526672,156914
95.81722164154053,156914
95.81814002990723,156914
95.81905913352966,156914
95.82041811943054,156914
95.82133722305298,156914
95.82225275039673,156914
95.82317304611206,156914
95.82410073280334,156914
95.82501864433289,156914
95.82637572288513,156914
95.82729172706604,156914
95.82821011543274,156914
95.82912564277649,156914
95.83005571365356,156914
95.83140921592712,156914
95.83232831954956,156914
95.83324575424194,156914
95.8341748714447,156914
95.83509469032288,156914
95.83601140975952,156914
95.83736562728882,156914
95.83828473091125,156914
95.83920288085938,156914
95.84011816978455,156914
95.84103345870972,156914
95.84238886833191,156914
95.84330606460571,156914
95.84423303604126,156914
95.84515309333801,156914
95.84607195854187,156914
95.84743070602417,156914
95.84834456443787,156914
95.84926223754883,156914
95.8501787185669,156914
95.85109901428223,156914
95.85201478004456,156914
95.8533673286438,156914
95.85429763793945,156914
95.85521936416626,156914
95.85613894462585,156914
95.85705280303955,156914
95.85840392112732,156914
95.85931634902954,156914
95.86023449897766,156914
95.86115288734436,156914
95.86207056045532,156914
95.86342406272888,156914
95.86434745788574,156914
95.86526417732239,156914
95.86617970466614,156914
95.86709809303284,156914
95.86801528930664,156914
95.8693675994873,156914
95.87028098106384,156914
95.87119936943054,156914
95.87211418151855,156914
95.87302994728088,156914
95.87439489364624,156914
95.87531304359436,156914
95.87623000144958,156914
95.87714958190918,156914
95.87806820869446,156914
95.8794252872467,156914
95.88034105300903,156914
95.88125777244568,156914
95.88217401504517,156914
95.88309335708618,156914
95.88401985168457,156914
95.8853759765625,156914
95.88629722595215,156914
95.8872172832489,156914
95.88813710212708,156914
95.88905215263367,156914
95.8904070854187,156914
95.89132404327393,156914
95.89224171638489,156914
95.89316058158875,156914
95.89408588409424,156914
95.89544248580933,156914
95.89635872840881,156914
95.89727687835693,156914
95.898193359375,156914
95.89910984039307,156914
95.90002465248108,156914
95.90137767791748,156914
95.90229415893555,156914
95.90321230888367,156914
95.90415120124817,156914
95.90506792068481,156914
95.906423330307,156914
95.90733933448792,156914
95.90825939178467,156914
95.90917801856995,156914
95.91012263298035,156914
95.91104459762573,156914
95.91240215301514,156914
95.91331839561462,156914
95.91424894332886,156914
95.91517162322998,156914
95.91608762741089,156914
95.91706657409668,156914
95.91843390464783,156914
95.919353723526,156914
95.92027306556702,156914
95.9211950302124,156914
95.92211365699768,156914
95.92303228378296,156914
95.92442631721497,156914
95.92534017562866,156914
95.92626166343689,156914
95.92717981338501,156914
95.92809724807739,156914
95.92901587486267,156914
95.93037438392639,156914
95.93129324913025,156914
95.932213306427,156914
95.93313312530518,156914
95.93405890464783,156914
95.93541646003723,156914
95.9363305568695,156914
95.93725204467773,156914
95.93817234039307,156914
95.93909311294556,156914
95.94001269340515,156914
95.9413628578186,156914
95.94228410720825,156914
95.9432020187378,156914
95.94413733482361,156914
95.94505548477173,156914
95.94641089439392,156914
95.9473295211792,156914
95.94824957847595,156914
95.94916677474976,156914
95.9500834941864,156914
95.95143699645996,156914
95.95235443115234,156914
95.95327043533325,156914
95.95419669151306,156914
95.9551146030426,156914
95.95603156089783,156914
95.95738554000854,156914
95.95830059051514,156914
95.959219455719,156914
95.96014022827148,156914
95.96105408668518,156914
95.9624092578888,156914
95.96332836151123,156914
95.96425867080688,156914
95.965176820755,156914
95.9660964012146,156914
95.96701049804688,156914
95.96836566925049,156914
95.96928119659424,156914
95.97020030021667,156914
95.97111964225769,156914
95.97203373908997,156914
95.97338843345642,156914
95.97431683540344,156914
95.9752368927002,156914
95.97615671157837,156914
95.9770758152008,156914
95.97843194007874,156914
95.97935223579407,156914
95.98027157783508,156914
95.98119115829468,156914
95.98210906982422,156914
95.98302459716797,156914
95.98439073562622,156914
95.98530793190002,156914
95.98622560501099,156914
95.9871416091919,156914
95.98806071281433,156914
95.9894106388092,156914
95.99033117294312,156914
95.99125099182129,156914
95.99217081069946,156914
95.99308657646179,156914
95.99401473999023,156914
95.99537372589111,156914
95.99629211425781,156914
95.99721074104309,156914
95.99812722206116,156914
95.99904203414917,156914
96.00039672851562,156914
96.0013120174408,156914
96.0022292137146,156914
96.00315165519714,156914
96.00407361984253,156914
96.00543069839478,156914
96.00634551048279,156914
96.00726366043091,156914
96.00818252563477,156914
96.00909948348999,156914
96.01001691818237,156914
96.01137137413025,156914
96.0122902393341,156914
96.01321029663086,156914
96.01413750648499,156914
96.0150556564331,156914
96.01640939712524,156914
96.01732397079468,156914
96.01824402809143,156914
96.01916408538818,156914
96.02007699012756,156914
96.02143502235413,156914
96.02235054969788,156914
96.02327084541321,156914
96.02419948577881,156914
96.02511596679688,156914
96.02602982521057,156914
96.02738642692566,156914
96.02830362319946,156914
96.02922415733337,156914
96.03014898300171,156914
96.03106689453125,156914
96.03242540359497,156914
96.0333423614502,156914
96.03427481651306,156914
96.0351915359497,156914
96.03611087799072,156914
96.037024974823,156914
96.03838014602661,156914
96.03929781913757,156914
96.04021716117859,156914
96.04113388061523,156914
96.04204821586609,156914
96.04340243339539,156914
96.04433083534241,156914
96.04524946212769,156914
96.04616808891296,156914
96.04708456993103,156914
96.04800415039062,156914
96.04936003684998,156914
96.05027627944946,156914
96.0511953830719,156914
96.05211520195007,156914
96.05303001403809,156914
96.05439853668213,156914
96.05531597137451,156914
96.056236743927,156914
96.0571551322937,156914
96.05807328224182,156914
96.05942988395691,156914
96.06034588813782,156914
96.0612633228302,156914
96.06218361854553,156914
96.06310176849365,156914
96.06402611732483,156914
96.06538105010986,156914
96.06630063056946,156914
96.0672218799591,156914
96.06814122200012,156914
96.06905937194824,156914
96.07041072845459,156914
96.0713267326355,156914
96.07224440574646,156914
96.07316470146179,156914
96.0740921497345,156914
96.07501029968262,156914
96.07636427879333,156914
96.0772852897644,156914
96.0782060623169,156914
96.0791220664978,156914
96.08003687858582,156914
96.08139491081238,156914
96.0823106765747,156914
96.0832290649414,156914
96.08416056632996,156914
96.08507561683655,156914
96.08643245697021,156914
96.08734941482544,156914
96.08826637268066,156914
96.08918762207031,156914
96.0901026725769,156914
96.09101796150208,156914
96.09237217903137,156914
96.09328603744507,156914
96.09421396255493,156914
96.09513235092163,156914
96.0960488319397,156914
96.09740209579468,156914
96.0983157157898,156914
96.09923434257507,156914
96.10014867782593,156914
96.10106158256531,156914
96.10242009162903,156914
96.10334181785583,156914
96.10427904129028,156914
96.10519671440125,156914
96.10611534118652,156914
96.10703253746033,156914
96.10838770866394,156914
96.10930323600769,156914
96.11022090911865,156914
96.11113810539246,156914
96.112056016922,156914
96.11341166496277,156914
96.11433911323547,156914
96.11525774002075,156914
96.1161756515503,156914
96.11709403991699,156914
96.11801147460938,156914
96.1193642616272,156914
96.12028288841248,156914
96.12120008468628,156914
96.12211632728577,156914
96.12303352355957,156914
96.12440133094788,156914
96.12531852722168,156914
96.12623405456543,156914
96.12715125083923,156914
96.12806749343872,156914
96.12942171096802,156914
96.13033962249756,156914
96.13125991821289,156914
96.13217830657959,156914
96.13309645652771,156914
96.1340184211731,156914
96.13537812232971,156914
96.13629674911499,156914
96.13721537590027,156914
96.1381311416626,156914
96.13905000686646,156914
96.14041590690613,156914
96.14133405685425,156914
96.14225244522095,156914
96.14317107200623,156914
96.14409804344177,156914
96.14501404762268,156914
96.1463873386383,156914
96.14730477333069,156914
96.14823412895203,156914
96.14915227890015,156914
96.15006566047668,156914
96.15143179893494,156914
96.15235114097595,156914
96.15327644348145,156914
96.15420532226562,156914
96.15512657165527,156914
96.15604567527771,156914
96.15740394592285,156914
96.15832901000977,156914
96.159250497818,156914
96.16016721725464,156914
96.16109132766724,156914
96.16201090812683,156914
96.1633620262146,156914
96.16429042816162,156914
96.1652102470398,156914
96.16612648963928,156914
96.16704082489014,156914
96.16839361190796,156914
96.16930937767029,156914
96.17022752761841,156914
96.17114591598511,156914
96.17206406593323,156914
96.17341923713684,156914
96.17434787750244,156914
96.17526435852051,156914
96.17618227005005,156914
96.17709970474243,156914
96.17801690101624,156914
96.17937517166138,156914
96.18029165267944,156914
96.18121004104614,156914
96.18212914466858,156914
96.18304467201233,156914
96.18441104888916,156914
96.18532729148865,156914
96.18624901771545,156914
96.18716621398926,156914
96.18808174133301,156914
96.18943428993225,156914
96.19034934043884,156914
96.19126915931702,156914
96.19218921661377,156914
96.193106174469,156914
96.19403123855591,156914
96.1953854560852,156914
96.19630551338196,156914
96.19722318649292,156914
96.19814348220825,156914
96.199059009552,156914
96.2004120349884,156914
96.20132780075073,156914
96.20224523544312,156914
96.20316433906555,156914
96.20408987998962,156914
96.20500707626343,156914
96.20635962486267,156914
96.20727682113647,156914
96.20819544792175,156914
96.20911431312561,156914
96.21002840995789,156914
96.21137857437134,156914
96.21229338645935,156914
96.21321392059326,156914
96.21414422988892,156914
96.21506142616272,156914
96.21641755104065,156914
96.21733331680298,156914
96.21825003623962,156914
96.2191710472107,156914
96.22008991241455,156914
96.22100520133972,156914
96.22235941886902,156914
96.22327733039856,156914
96.22420382499695,156914
96.22512125968933,156914
96.22603392601013,156914
96.22738718986511,156914
96.22830629348755,156914
96.22922492027283,156914
96.23014116287231,156914
96.23106026649475,156914
96.23241758346558,156914
96.23333477973938,156914
96.23426485061646,156914
96.23518705368042,156914
96.23610544204712,156914
96.23702096939087,156914
96.2383770942688,156914
96.23929452896118,156914
96.24021077156067,156914
96.24112963676453,156914
96.24204993247986,156914
96.24340009689331,156914
96.2443253993988,156914
96.24524545669556,156914
96.2461633682251,156914
96.24707770347595,156914
96.24843239784241,156914
96.24934935569763,156914
96.2502691745758,156914
96.2511887550354,156914
96.25210547447205,156914
96.25302290916443,156914
96.25439453125,156914
96.25531578063965,156914
96.25623273849487,156914
96.25715565681458,156914
96.25806879997253,156914
96.25942420959473,156914
96.26034283638,156914
96.26126170158386,156914
96.26217889785767,156914
96.26309394836426,156914
96.26401996612549,156914
96.26537370681763,156914
96.26629090309143,156914
96.2672119140625,156914
96.26813411712646,156914
96.26904606819153,156914
96.27040219306946,156914
96.271315574646,156914
96.27223658561707,156914
96.27315402030945,156914
96.27408051490784,156914
96.27543640136719,156914
96.27635478973389,156914
96.27727031707764,156914
96.27819013595581,156914
96.27910852432251,156914
96.280029296875,156914
96.28138303756714,156914
96.28229522705078,156914
96.28321719169617,156914
96.28414726257324,156914
96.28506374359131,156914
96.2864191532135,156914
96.28733682632446,156914
96.288254737854,156914
96.2891743183136,156914
96.29009199142456,156914
96.29100894927979,156914
96.29236483573914,156914
96.29328155517578,156914
96.29421162605286,156914
96.29513216018677,156914
96.29604196548462,156914
96.29739928245544,156914
96.29831576347351,156914
96.29923558235168,156914
96.30015063285828,156914
96.30106616020203,156914
96.3024172782898,156914
96.3033332824707,156914
96.30426836013794,156914
96.30518960952759,156914
96.30610656738281,156914
96.30702090263367,156914
96.30837655067444,156914
96.30929446220398,156914
96.31021094322205,156914
96.31112813949585,156914
96.31204533576965,156914
96.31339883804321,156914
96.31432747840881,156914
96.31524682044983,156914
96.31616735458374,156914
96.31708598136902,156914
96.3184404373169,156914
96.31935667991638,156914
96.3202760219574,156914
96.32119345664978,156914
96.32210898399353,156914
96.32302761077881,156914
96.32439064979553,156914
96.32530641555786,156914
96.32622361183167,156914
96.32714295387268,156914
96.32806038856506,156914
96.32941460609436,156914
96.33032870292664,156914
96.33124899864197,156914
96.33216500282288,156914
96.33308124542236,156914
96.33401083946228,156914
96.33536314964294,156914
96.3362820148468,156914
96.33719873428345,156914
96.33811545372009,156914
96.33902907371521,156914
96.3403787612915,156914
96.34129405021667,156914
96.34221363067627,156914
96.34313035011292,156914
96.34405374526978,156914
96.34540486335754,156914
96.34632229804993,156914
96.34724068641663,156914
96.34815669059753,156914
96.34907579421997,156914
96.35043215751648,156914
96.35135006904602,156914
96.35226893424988,156914
96.35318970680237,156914
96.3541190624237,156914
96.35503387451172,156914
96.35638904571533,156914
96.35730814933777,156914
96.35822486877441,156914
96.35914087295532,156914
96.3600594997406,156914
96.36141633987427,156914
96.36233425140381,156914
96.36325097084045,156914
96.36418080329895,156914
96.36509776115417,156914
96.36601734161377,156914
96.36736845970154,156914
96.36828565597534,156914
96.36920070648193,156914
96.3701183795929,156914
96.37103605270386,156914
96.37238883972168,156914
96.37330627441406,156914
96.37423491477966,156914
96.37515425682068,156914
96.37606954574585,156914
96.37742757797241,156914
96.37834167480469,156914
96.37926197052002,156914
96.38018655776978,156914
96.38110136985779,156914
96.3820149898529,156914
96.38336968421936,156914
96.38429856300354,156914
96.38521718978882,156914
96.38613653182983,156914
96.38705253601074,156914
96.38841128349304,156914
96.38932871818542,156914
96.39024424552917,156914
96.39116287231445,156914
96.39208006858826,156914
96.39343690872192,156914
96.39436340332031,156914
96.39528059959412,156914
96.39619851112366,156914
96.39711689949036,156914
96.39803457260132,156914
96.39939308166504,156914
96.40030837059021,156914
96.40122818946838,156914
96.40214514732361,156914
96.4030613899231,156914
96.40442776679993,156914
96.40534591674805,156914
96.4062647819519,156914
96.4071798324585,156914
96.40809893608093,156914
96.40901684761047,156914
96.41037344932556,156914
96.41128778457642,156914
96.41220688819885,156914
96.41312289237976,156914
96.41404485702515,156914
96.41539883613586,156914
96.41631412506104,156914
96.41723370552063,156914
96.41815495491028,156914
96.41907238960266,156914
96.42042589187622,156914
96.42133951187134,156914
96.42225790023804,156914
96.42317867279053,156914
96.42411184310913,156914
96.42502689361572,156914
96.42638349533081,156914
96.42729640007019,156914
96.42821335792542,156914
96.4291296005249,156914
96.43004608154297,156914
96.43139982223511,156914
96.43231582641602,156914
96.4332344532013,156914
96.4341676235199,156914
96.43508338928223,156914
96.43643856048584,156914
96.4373562335968,156914
96.43827629089355,156914
96.43919157981873,156914
96.44010853767395,156914
96.44102668762207,156914
96.44238638877869,156914
96.44330191612244,156914
96.44423532485962,156914
96.44515562057495,156914
96.44606947898865,156914
96.44742321968079,156914
96.44834232330322,156914
96.44926118850708,156914
96.45017910003662,156914
96.45109510421753,156914
96.45201444625854,156914
96.4533634185791,156914
96.45428824424744,156914
96.4552013874054,156914
96.4561197757721,156914
96.45703339576721,156914
96.45838356018066,156914
96.45929908752441,156914
96.46021699905396,156914
96.46113514900208,156914
96.46204900741577,156914
96.46340084075928,156914
96.46432781219482,156914
96.4652452468872,156914
96.46616196632385,156914
96.46708154678345,156914
96.46843719482422,156914
96.46935319900513,156914
96.4702718257904,156914
96.47119188308716,156914
96.47211003303528,156914
96.47302484512329,156914
96.47438859939575,156914
96.47530317306519,156914
96.47622156143188,156914
96.47714042663574,156914
96.47805762290955,156914
96.4794111251831,156914
96.48032903671265,156914
96.48124647140503,156914
96.48216700553894,156914
96.48307919502258,156914
96.48400640487671,156914
96.48536109924316,156914
96.48627948760986,156914
96.48719716072083,156914
96.48811507225037,156914
96.48903322219849,156914
96.49038910865784,156914
96.4913067817688,156914
96.4922239780426,156914
96.49314165115356,156914
96.4940664768219,156914
96.49541902542114,156914
96.49633693695068,156914
96.49725699424744,156914
96.49817514419556,156914
96.49909353256226,156914
96.50001239776611,156914
96.50136494636536,156914
96.50228238105774,156914
96.5031988620758,156914
96.50413846969604,156914
96.50505495071411,156914
96.50640916824341,156914
96.50732207298279,156914
96.50823926925659,156914
96.50915479660034,156914
96.5100691318512,156914
96.51142001152039,156914
96.51233720779419,156914
96.51325392723083,156914
96.51418232917786,156914
96.5150978565216,156914
96.51601362228394,156914
96.51736378669739,156914
96.51827836036682,156914
96.51919865608215,156914
96.52011466026306,156914
96.52102899551392,156914
96.5223777294159,156914
96.5232949256897,156914
96.52422308921814,156914
96.52514219284058,156914
96.52605676651001,156914
96.52741408348083,156914
96.52832913398743,156914
96.52924489974976,156914
96.53016257286072,156914
96.53108143806458,156914
96.5324387550354,156914
96.53335380554199,156914
96.5342812538147,156914
96.53519654273987,156914
96.53611445426941,156914
96.53703212738037,156914
96.53839039802551,156914
96.53930807113647,156914
96.5402295589447,156914
96.54114747047424,156914
96.54206132888794,156914
96.5434193611145,156914
96.54434776306152,156914
96.54526400566101,156914
96.54618501663208,156914
96.54710531234741,156914
96.54802203178406,156914
96.54937672615051,156914
96.55029249191284,156914
96.55120921134949,156914
96.55212616920471,156914
96.55304312705994,156914
96.55441164970398,156914
96.55532956123352,156914
96.55624675750732,156914
96.55716443061829,156914
96.55808186531067,156914
96.55943632125854,156914
96.56034898757935,156914
96.56126976013184,156914
96.56218600273132,156914
96.56310415267944,156914
96.56402683258057,156914
96.56538367271423,156914
96.5663001537323,156914
96.56722402572632,156914
96.56813979148865,156914
96.5690565109253,156914
96.57041692733765,156914
96.5713312625885,156914
96.5722496509552,156914
96.57316708564758,156914
96.57409453392029,156914
96.5750105381012,156914
96.57636404037476,156914
96.57728314399719,156914
96.57820153236389,156914
96.57912063598633,156914
96.58003664016724,156914
96.58139252662659,156914
96.58231115341187,156914
96.58323192596436,156914
96.58415913581848,156914
96.58507227897644,156914
96.58643007278442,156914
96.58734488487244,156914
96.58826041221619,156914
96.5891785621643,156914
96.59009575843811,156914
96.59101104736328,156914
96.59236240386963,156914
96.59327816963196,156914
96.59420967102051,156914
96.59512639045715,156914
96.59604406356812,156914
96.59739637374878,156914
96.59831213951111,156914
96.59923100471497,156914
96.60015201568604,156914
96.60106945037842,156914
96.60242652893066,156914
96.603342294693,156914
96.60427236557007,156914
96.60519051551819,156914
96.60610556602478,156914
96.60702323913574,156914
96.60838174819946,156914
96.60929656028748,156914
96.61021661758423,156914
96.61113452911377,156914
96.6120491027832,156914
96.61340427398682,156914
96.61432981491089,156914
96.6152708530426,156914
96.61620235443115,156914
96.6171236038208,156914
96.61804676055908,156914
96.6194064617157,156914
96.62032556533813,156914
96.62126445770264,156914
96.62218570709229,156914
96.62310743331909,156914
96.62403178215027,156914
96.62539029121399,156914
96.6263062953949,156914
96.62724614143372,156914
96.62816977500916,156914
96.6290910243988,156914
96.63001656532288,156914
96.63137292861938,156914
96.63230395317078,156914
96.63323521614075,156914
96.63416528701782,156914
96.63508176803589,156914
96.6364336013794,156914
96.63735342025757,156914
96.6382703781128,156914
96.63918876647949,156914
96.6401047706604,156914
96.64101982116699,156914
96.64237260818481,156914
96.64328908920288,156914
96.6442220211029,156914
96.64514136314392,156914
96.64605569839478,156914
96.64741086959839,156914
96.64832782745361,156914
96.64924550056458,156914
96.65016198158264,156914
96.65108060836792,156914
96.65243864059448,156914
96.65335631370544,156914
96.65428614616394,156914
96.65520763397217,156914
96.65612864494324,156914
96.65704607963562,156914
96.65840554237366,156914
96.65932273864746,156914
96.6602418422699,156914
96.66115856170654,156914
96.66208148002625,156914
96.6634304523468,156914
96.66435718536377,156914
96.66527390480042,156914
96.6661913394928,156914
96.66710829734802,156914
96.66802191734314,156914
96.66937637329102,156914
96.67029476165771,156914
96.67121362686157,156914
96.67213082313538,156914
96.67304825782776,156914
96.67441463470459,156914
96.67533254623413,156914
96.6762490272522,156914
96.67716979980469,156914
96.67808794975281,156914
96.67900395393372,156914
96.68035888671875,156914
96.68127679824829,156914
96.68219518661499,156914
96.6831123828888,156914
96.68403625488281,156914
96.68539047241211,156914
96.68630838394165,156914
96.68722534179688,156914
96.68815565109253,156914
96.68907737731934,156914
96.690434217453,156914
96.69134902954102,156914
96.69226694107056,156914
96.69318389892578,156914
96.6941123008728,156914
96.6950306892395,156914
96.69638800621033,156914
96.69730591773987,156914
96.69822859764099,156914
96.6991457939148,156914
96.70006275177002,156914
96.70141625404358,156914
96.70233178138733,156914
96.70324754714966,156914
96.70418381690979,156914
96.70510292053223,156914
96.70602083206177,156914
96.70737957954407,156914
96.70829916000366,156914
96.70921850204468,156914
96.71013879776001,156914
96.71105766296387,156914
96.71241211891174,156914
96.71332931518555,156914
96.71425867080688,156914
96.715176820755,156914
96.71609282493591,156914
96.71701145172119,156914
96.71836590766907,156914
96.71928262710571,156914
96.7202000617981,156914
96.72111940383911,156914
96.72203397750854,156914
96.72338724136353,156914
96.72431230545044,156914
96.72523212432861,156914
96.72615098953247,156914
96.7270622253418,156914
96.7284185886383,156914
96.72933626174927,156914
96.73025441169739,156914
96.73116898536682,156914
96.73208284378052,156914
96.73343992233276,156914
96.73436331748962,156914
96.7352819442749,156914
96.7361991405487,156914
96.73711466789246,156914
96.73811650276184,156914
96.73904800415039,156914
96.74040794372559,156914
96.74132561683655,156914
96.74224352836609,156914
96.74315977096558,156914
96.7440881729126,156914
96.74500465393066,156914
96.74635624885559,156914
96.74727892875671,156914
96.74819898605347,156914
96.74911594390869,156914
96.75003504753113,156914
96.75139021873474,156914
96.75230836868286,156914
96.7532262802124,156914
96.75415372848511,156914
96.75507116317749,156914
96.75642514228821,156914
96.75734043121338,156914
96.75826144218445,156914
96.75917887687683,156914
96.7600953578949,156914
96.76101517677307,156914
96.76236605644226,156914
96.76328086853027,156914
96.76420855522156,156914
96.76512908935547,156914
96.76604771614075,156914
96.76740741729736,156914
96.76832246780396,156914
96.76924276351929,156914
96.77016186714172,156914
96.77107834815979,156914
96.77243828773499,156914
96.77335596084595,156914
96.77428555488586,156914
96.77520298957825,156914
96.7761218547821,156914
96.77703428268433,156914
96.77838635444641,156914
96.77930283546448,156914
96.78022122383118,156914
96.78113746643066,156914
96.78205585479736,156914
96.78341245651245,156914
96.7843451499939,156914
96.78526639938354,156914
96.78618311882019,156914
96.78709888458252,156914
96.7880175113678,156914
96.78936958312988,156914
96.79028654098511,156914
96.7912061214447,156914
96.79212236404419,156914
96.79303741455078,156914
96.79440832138062,156914
96.79532766342163,156914
96.79624509811401,156914
96.79716038703918,156914
96.79807567596436,156914
96.79943060874939,156914
96.80034637451172,156914
96.80126452445984,156914
96.80218315124512,156914
96.80309987068176,156914
96.80402541160583,156914
96.80537676811218,156914
96.8062949180603,156914
96.80721378326416,156914
96.80813241004944,156914
96.80905032157898,156914
96.8104019165039,156914
96.81131768226624,156914
96.81223559379578,156914
96.81315279006958,156914
96.81407737731934,156914
96.81542992591858,156914
96.81634545326233,156914
96.81726336479187,156914
96.81817936897278,156914
96.8190975189209,156914
96.82001376152039,156914
96.82136702537537,156914
96.82228398323059,156914
96.82320070266724,156914
96.8241286277771,156914
96.82504415512085,156914
96.82640242576599,156914
96.82731747627258,156914
96.82823753356934,156914
96.8291563987732,156914
96.83008766174316,156914
96.83100438117981,156914
96.83235621452332,156914
96.83327555656433,156914
96.83420491218567,156914
96.8351240158081,156914
96.83603549003601,156914
96.83739161491394,156914
96.83830571174622,156914
96.83922362327576,156914
96.84013867378235,156914
96.841055393219,156914
96.84240865707397,156914
96.84332466125488,156914
96.84425282478333,156914
96.84517073631287,156914
96.84608578681946,156914
96.84743785858154,156914
96.8483521938324,156914
96.84926843643188,156914
96.85018754005432,156914
96.85110521316528,156914
96.85202097892761,156914
96.85338020324707,156914
96.85431122779846,156914
96.85522985458374,156914
96.85614943504333,156914
96.85706663131714,156914
96.85842609405518,156914
96.85934090614319,156914
96.86025905609131,156914
96.86118149757385,156914
96.8621015548706,156914
96.86301231384277,156914
96.86437463760376,156914
96.86529564857483,156914
96.86621379852295,156914
96.86713147163391,156914
96.8680489063263,156914
96.86940360069275,156914
96.87032008171082,156914
96.87124276161194,156914
96.87216305732727,156914
96.8730776309967,156914
96.87400770187378,156914
96.87536311149597,156914
96.87628149986267,156914
96.87719774246216,156914
96.87811231613159,156914
96.87902903556824,156914
96.88038110733032,156914
96.8812997341156,156914
96.88221716880798,156914
96.883136510849,156914
96.88406085968018,156914
96.88541722297668,156914
96.88633060455322,156914
96.88724994659424,156914
96.88816595077515,156914
96.88907980918884,156914
96.89043188095093,156914
96.8913505077362,156914
96.89226722717285,156914
96.89318442344666,156914
96.89411282539368,156914
96.89502716064453,156914
96.89637994766235,156914
96.8972954750061,156914
96.89821267127991,156914
96.89913010597229,156914
96.90004301071167,156914
96.90139818191528,156914
96.90231513977051,156914
96.90323042869568,156914
96.90416502952576,156914
96.90508198738098,156914
96.90643501281738,156914
96.90735244750977,156914
96.90826916694641,156914
96.90918636322021,156914
96.91010451316833,156914
96.9110209941864,156914
96.91237115859985,156914
96.91329073905945,156914
96.91422271728516,156914
96.91513991355896,156914
96.91605496406555,156914
96.91740345954895,156914
96.9183189868927,156914
96.91923689842224,156914
96.92015480995178,156914
96.92107081413269,156914
96.92242240905762,156914
96.92333936691284,156914
96.92426896095276,156914
96.92518711090088,156914
96.92610335350037,156914
96.9270167350769,156914
96.92836809158325,156914
96.92928671836853,156914
96.93020462989807,156914
96.93112349510193,156914
96.9320387840271,156914
96.9333918094635,156914
96.934317111969,156914
96.93523526191711,156914
96.93615102767944,156914
96.93706488609314,156914
96.93842124938965,156914
96.93933749198914,156914
96.94025468826294,156914
96.94117093086243,156914
96.94208526611328,156914
96.94343852996826,156914
96.94436049461365,156914
96.94527459144592,156914
96.94619131088257,156914
96.94710755348206,156914
96.94802141189575,156914
96.94937229156494,156914
96.95028758049011,156914
96.95120167732239,156914
96.95212244987488,156914
96.95303750038147,156914
96.95440173149109,156914
96.95532011985779,156914
96.95623588562012,156914
96.95715522766113,156914
96.95806980133057,156914
96.95942211151123,156914
96.96033477783203,156914
96.96125340461731,156914
96.96217274665833,156914
96.9630868434906,156914
96.96401381492615,156914
96.96536612510681,156914
96.96628451347351,156914
96.96720051765442,156914
96.96811962127686,156914
96.96903347969055,156914
96.97038674354553,156914
96.97129940986633,156914
96.97221636772156,156914
96.97313690185547,156914
96.97406339645386,156914
96.97541761398315,156914
96.97633457183838,156914
96.97725367546082,156914
96.97816967964172,156914
96.97908806800842,156914
96.98043727874756,156914
96.98135375976562,156914
96.98227071762085,156914
96.98319029808044,156914
96.98411679267883,156914
96.985027551651,156914
96.98637747764587,156914
96.98729515075684,156914
96.98821425437927,156914
96.98912978172302,156914
96.99004626274109,156914
96.99140000343323,156914
96.99231767654419,156914
96.99323415756226,156914
96.99416494369507,156914
96.99508142471313,156914
96.99643540382385,156914
96.99735188484192,156914
96.99827170372009,156914
96.99918580055237,156914
97.00010085105896,156914
97.0010154247284,156914
97.0023627281189,156914
97.00327897071838,156914
97.00420713424683,156914
97.00512647628784,156914
97.0060396194458,156914
97.00739049911499,156914
97.00830411911011,156914
97.00922346115112,156914
97.01014280319214,156914
97.01105833053589,156914
97.01241755485535,156914
97.01333355903625,156914
97.01426434516907,156914
97.01518273353577,156914
97.01610016822815,156914
97.01701235771179,156914
97.01836133003235,156914
97.01927828788757,156914
97.02019739151001,156914
97.02111315727234,156914
97.0220296382904,156914
97.02338123321533,156914
97.0243079662323,156914
97.025226354599,156914
97.02614426612854,156914
97.02706146240234,156914
97.02841520309448,156914
97.0293321609497,156914
97.03024768829346,156914
97.03116464614868,156914
97.03208327293396,156914
97.03343772888184,156914
97.03436207771301,156914
97.03527808189392,156914
97.0361921787262,156914
97.03711032867432,156914
97.03802680969238,156914
97.03937792778015,156914
97.040292263031,156914
97.04121136665344,156914
97.04212880134583,156914
97.04304361343384,156914
97.04440784454346,156914
97.04532432556152,156914
97.04624271392822,156914
97.04715752601624,156914
97.04807376861572,156914
97.04942750930786,156914
97.05034470558167,156914
97.05126190185547,156914
97.05217695236206,156914
97.05309391021729,156914
97.05401587486267,156914
97.05536937713623,156914
97.05628371238708,156914
97.05720448493958,156914
97.05812001228333,156914
97.05903697013855,156914
97.06039118766785,156914
97.06130456924438,156914
97.06222367286682,156914
97.0631411075592,156914
97.06406426429749,156914
97.06541752815247,156914
97.06633496284485,156914
97.06725287437439,156914
97.06817317008972,156914
97.069087266922,156914
97.07000374794006,156914
97.0713586807251,156914
97.07227730751038,156914
97.07319712638855,156914
97.07412338256836,156914
97.07503819465637,156914
97.0763897895813,156914
97.07730770111084,156914
97.07822394371033,156914
97.07914280891418,156914
97.08005833625793,156914
97.08141350746155,156914
97.08232975006104,156914
97.08326625823975,156914
97.08419704437256,156914
97.08511352539062,156914
97.08602929115295,156914
97.0873818397522,156914
97.08829617500305,156914
97.08921384811401,156914
97.09013223648071,156914
97.09104514122009,156914
97.09240174293518,156914
97.09331774711609,156914
97.09425067901611,156914
97.09517049789429,156914
97.09609341621399,156914
97.09701132774353,156914
97.09836769104004,156914
97.09928393363953,156914
97.10020136833191,156914
97.10112023353577,156914
97.10203433036804,156914
97.10338711738586,156914
97.10431909561157,156914
97.10523653030396,156914
97.10615730285645,156914
97.10707569122314,156914
97.10800409317017,156914
97.10935807228088,156914
97.1102786064148,156914
97.11119723320007,156914
97.11212205886841,156914
97.11303901672363,156914
97.11440372467041,156914
97.11532139778137,156914
97.11623930931091,156914
97.11715936660767,156914
97.11807489395142,156914
97.11942839622498,156914
97.1207115650177,156914
97.12156343460083,156914
97.12241911888123,156914
97.12326240539551,156914
97.12411999702454,156914
97.12575268745422,156914
97.12660098075867,156914
97.12744951248169,156914
97.12829732894897,156914
97.1291389465332,156914
97.13077068328857,156914
97.13161945343018,156914
97.13247203826904,156914
97.1333155632019,156914
97.13416910171509,156914
97.13502144813538,156914
97.1366457939148,156914
97.13749599456787,156914
97.13834023475647,156914
97.13918733596802,156914
97.14003944396973,156914
97.14167189598083,156914
97.14252209663391,156914
97.14337301254272,156914
97.14422702789307,156914
97.14507937431335,156914
97.14670777320862,156914
97.14756464958191,156914
97.14841723442078,156914
97.14926743507385,156914
97.15011692047119,156914
97.15174913406372,156914
97.15260100364685,156914
97.15344595909119,156914
97.154301404953,156914
97.15515303611755,156914
97.15678405761719,156914
97.15763306617737,156914
97.15848517417908,156914
97.1593325138092,156914
97.16018009185791,156914
97.16102528572083,156914
97.16265630722046,156914
97.16350436210632,156914
97.16436004638672,156914
97.16520810127258,156914
97.16605401039124,156914
97.16768503189087,156914
97.1685357093811,156914
97.16938352584839,156914
97.17022967338562,156914
97.17107462882996,156914
97.17270541191101,156914
97.1735520362854,156914
97.17441201210022,156914
97.17526054382324,156914
97.17610597610474,156914
97.17773580551147,156914
97.17858099937439,156914
97.17943215370178,156914
97.18027973175049,156914
97.1811249256134,156914
97.18275594711304,156914
97.1836051940918,156914
97.18446660041809,156914
97.18532013893127,156914
97.18616032600403,156914
97.18700957298279,156914
97.18864178657532,156914
97.18949294090271,156914
97.19033861160278,156914
97.19118237495422,156914
97.19203042984009,156914
97.19366121292114,156914
97.19451880455017,156914
97.19537496566772,156914
97.19622087478638,156914
97.19706726074219,156914
97.19870090484619,156914
97.19955253601074,156914
97.20039892196655,156914
97.2012448310852,156914
97.20209455490112,156914
97.20371866226196,156914
97.20457887649536,156914
97.20542621612549,156914
97.20627188682556,156914
97.20711708068848,156914
97.20874977111816,156914
97.20959806442261,156914
97.2104504108429,156914
97.21129417419434,156914
97.2121365070343,156914
97.21376633644104,156914
97.2146224975586,156914
97.21547317504883,156914
97.21632409095764,156914
97.2171676158905,156914
97.21801590919495,156914
97.21964716911316,156914
97.2205011844635,156914
97.22134780883789,156914
97.22219491004944,156914
97.22304344177246,156914
97.22468185424805,156914
97.22553014755249,156914
97.2263777256012,156914
97.22722744941711,156914
97.22807455062866,156914
97.22970056533813,156914
97.2305498123169,156914
97.2313985824585,156914
97.2322449684143,156914
97.2330892086029,156914
97.23472332954407,156914
97.23557162284851,156914
97.23642301559448,156914
97.23727178573608,156914
97.23811769485474,156914
97.23973679542542,156914
97.24058842658997,156914
97.24143552780151,156914
97.2422821521759,156914
97.24312925338745,156914
97.2447657585144,156914
97.24561619758606,156914
97.24646520614624,156914
97.24730968475342,156914
97.24815845489502,156914
97.24978709220886,156914
97.2506353855133,156914
97.25148487091064,156914
97.25233173370361,156914
97.25318169593811,156914
97.25403642654419,156914
97.25566339492798,156914
97.25651097297668,156914
97.25736236572266,156914
97.2582094669342,156914
97.25905513763428,156914
97.26068353652954,156914
97.26153182983398,156914
97.26238203048706,156914
97.26322913169861,156914
97.26408410072327,156914
97.26571559906006,156914
97.26656222343445,156914
97.26741194725037,156914
97.26825761795044,156914
97.26910281181335,156914
97.27073335647583,156914
97.27158427238464,156914
97.2724347114563,156914
97.27328038215637,156914
97.2741310596466,156914
97.27575993537903,156914
97.27660894393921,156914
97.27745699882507,156914
97.27830719947815,156914
97.2791497707367,156914
97.28078126907349,156914
97.28162670135498,156914
97.28247499465942,156914
97.28332376480103,156914
97.28417634963989,156914
97.28502321243286,156914
97.28665161132812,156914
97.28750205039978,156914
97.2883505821228,156914
97.28919243812561,156914
97.29003858566284,156914
97.29166555404663,156914
97.29251098632812,156914
97.29336071014404,156914
97.29421806335449,156914
97.29506134986877,156914
97.29668998718262,156914
97.29753732681274,156914
97.2983889579773,156914
97.29923701286316,156914
97.30008339881897,156914
97.30171346664429,156914
97.30255961418152,156914
97.30341243743896,156914
97.30426692962646,156914
97.30511140823364,156914
97.30673837661743,156914
97.30758619308472,156914
97.30843448638916,156914
97.30928182601929,156914
97.31012797355652,156914
97.31175923347473,156914
97.31260848045349,156914
97.31346106529236,156914
97.31431269645691,156914
97.31515979766846,156914
97.31600642204285,156914
97.31763195991516,156914
97.31848478317261,156914
97.31933522224426,156914
97.32017803192139,156914
97.32102227210999,156914
97.32265210151672,156914
97.32350611686707,156914
97.32436323165894,156914
97.32521080970764,156914
97.32606244087219,156914
97.3276891708374,156914
97.3285391330719,156914
97.3293890953064,156914
97.3302366733551,156914
97.3310821056366,156914
97.33271336555481,156914
97.33356070518494,156914
97.3344213962555,156914
97.33527088165283,156914
97.33611392974854,156914
97.33774590492249,156914
97.33859658241272,156914
97.33944606781006,156914
97.34029245376587,156914
97.34114217758179,156914
97.3427665233612,156914
97.34361791610718,156914
97.34447765350342,156914
97.34532809257507,156914
97.34617114067078,156914
97.34701657295227,156914
97.34865188598633,156914
97.34950160980225,156914
97.35034537315369,156914
97.35119390487671,156914
97.3520336151123,156914
97.35366296768188,156914
97.35451865196228,156914
97.35537075996399,156914
97.35621809959412,156914
97.35706400871277,156914
97.35869908332825,156914
97.35954737663269,156914
97.36039447784424,156914
97.36124753952026,156914
97.36209082603455,156914
97.36371803283691,156914
97.36457514762878,156914
97.36542296409607,156914
97.36627316474915,156914
97.36711120605469,156914
97.36874580383301,156914
97.36959028244019,156914
97.37043952941895,156914
97.37129139900208,156914
97.37212872505188,156914
97.37376475334167,156914
97.37461829185486,156914
97.37546825408936,156914
97.37631797790527,156914
97.37716341018677,156914
97.37801098823547,156914
97.37963891029358,156914
97.38048887252808,156914
97.381343126297,156914
97.38218665122986,156914
97.38303232192993,156914
97.38466835021973,156914
97.38551712036133,156914
97.38637042045593,156914
97.38721513748169,156914
97.38806223869324,156914
97.38969087600708,156914
97.39053726196289,156914
97.39138793945312,156914
97.39223575592041,156914
97.3930823802948,156914
97.39472126960754,156914
97.3955717086792,156914
97.39642572402954,156914
97.39727067947388,156914
97.39811539649963,156914
97.39974546432495,156914
97.40059399604797,156914
97.40144538879395,156914
97.40229272842407,156914
97.40313744544983,156914
97.40477681159973,156914
97.40562200546265,156914
97.40647435188293,156914
97.40732049942017,156914
97.40816354751587,156914
97.40901374816895,156914
97.41064262390137,156914
97.41149544715881,156914
97.41234040260315,156914
97.41318488121033,156914
97.41404700279236,156914
97.41567516326904,156914
97.41652584075928,156914
97.41737675666809,156914
97.4182198047638,156914
97.41906833648682,156914
97.4207055568695,156914
97.42155194282532,156914
97.42239952087402,156914
97.42324805259705,156914
97.4241042137146,156914
97.42573523521423,156914
97.42658853530884,156914
97.42743420600891,156914
97.42827916145325,156914
97.42912769317627,156914
97.43075799942017,156914
97.43160629272461,156914
97.43245553970337,156914
97.43330097198486,156914
97.43415451049805,156914
97.4357852935791,156914
97.43663811683655,156914
97.43748736381531,156914
97.43833494186401,156914
97.43917727470398,156914
97.44002223014832,156914
97.44165349006653,156914
97.44249987602234,156914
97.4433491230011,156914
97.44419980049133,156914
97.44504833221436,156914
97.44667649269104,156914
97.44752335548401,156914
97.4483745098114,156914
97.44922637939453,156914
97.45006775856018,156914
97.45170140266418,156914
97.45254802703857,156914
97.45339965820312,156914
97.45425748825073,156914
97.45510339736938,156914
97.45673108100891,156914
97.45758080482483,156914
97.45843124389648,156914
97.4592797756195,156914
97.460120677948,156914
97.46175503730774,156914
97.46260094642639,156914
97.46345210075378,156914
97.46430850028992,156914
97.46514797210693,156914
97.46677541732788,156914
97.46762418746948,156914
97.46847462654114,156914
97.4693250656128,156914
97.47016596794128,156914
97.47101259231567,156914
97.47264170646667,156914
97.47349119186401,156914
97.47434592247009,156914
97.47519063949585,156914
97.47603821754456,156914
97.47766518592834,156914
97.47851514816284,156914
97.4793643951416,156914
97.48021030426025,156914
97.48106002807617,156914
97.4826877117157,156914
97.48353600502014,156914
97.48439645767212,156914
97.48524045944214,156914
97.4860897064209,156914
97.48771667480469,156914
97.48856568336487,156914
97.48941326141357,156914
97.49025821685791,156914
97.49110341072083,156914
97.49273228645325,156914
97.4935781955719,156914
97.4944384098053,156914
97.49528646469116,156914
97.49613308906555,156914
97.49776077270508,156914
97.49861121177673,156914
97.49946284294128,156914
97.50030875205994,156914
97.50115203857422,156914
97.50278329849243,156914
97.50363111495972,156914
97.50448822975159,156914
97.50533628463745,156914
97.50617980957031,156914
97.50703001022339,156914
97.50866079330444,156914
97.50950980186462,156914
97.51035833358765,156914
97.51120352745056,156914
97.51205086708069,156914
97.51367497444153,156914
97.51453614234924,156914
97.51538491249084,156914
97.51623034477234,156914
97.51707720756531,156914
97.51870059967041,156914
97.51955127716064,156914
97.52040433883667,156914
97.52124810218811,156914
97.5221004486084,156914
97.52372455596924,156914
97.5245840549469,156914
97.52543306350708,156914
97.52627968788147,156914
97.52712392807007,156914
97.52875208854675,156914
97.52960181236267,156914
97.53044724464417,156914
97.53129386901855,156914
97.53213787078857,156914
97.53376388549805,156914
97.5346200466156,156914
97.53547143936157,156914
97.53631806373596,156914
97.53716444969177,156914
97.53800797462463,156914
97.53963994979858,156914
97.54048824310303,156914
97.54133677482605,156914
97.54218125343323,156914
97.54302501678467,156914
97.54466223716736,156914
97.54551148414612,156914
97.54636025428772,156914
97.54720759391785,156914
97.5480535030365,156914
97.54968333244324,156914
97.55053329467773,156914
97.5513813495636,156914
97.55223178863525,156914
97.55307292938232,156914
97.55471158027649,156914
97.55556178092957,156914
97.55640745162964,156914
97.55725955963135,156914
97.55810523033142,156914
97.55973982810974,156914
97.56059074401855,156914
97.56143951416016,156914
97.56228494644165,156914
97.56313037872314,156914
97.56476759910583,156914
97.56561326980591,156914
97.56646585464478,156914
97.56731271743774,156914
97.56815814971924,156914
97.56978797912598,156914
97.57063460350037,156914
97.57148742675781,156914
97.57233715057373,156914
97.57317638397217,156914
97.57403063774109,156914
97.57565951347351,156914
97.57650923728943,156914
97.57736158370972,156914
97.5782082080841,156914
97.57905721664429,156914
97.58068227767944,156914
97.58153128623962,156914
97.5823814868927,156914
97.58323001861572,156914
97.58408331871033,156914
97.58572030067444,156914
97.58656740188599,156914
97.58741664886475,156914
97.58826470375061,156914
97.58910942077637,156914
97.590735912323,156914
97.5915858745575,156914
97.59243512153625,156914
97.59328246116638,156914
97.59413170814514,156914
97.59576487541199,156914
97.59661078453064,156914
97.5974612236023,156914
97.59831094741821,156914
97.59915280342102,156914
97.60078620910645,156914
97.60163378715515,156914
97.6024854183197,156914
97.6033308506012,156914
97.60418677330017,156914
97.60503578186035,156914
97.60666298866272,156914
97.60751628875732,156914
97.60836672782898,156914
97.60921335220337,156914
97.61006259918213,156914
97.61168837547302,156914
97.6125373840332,156914
97.61338877677917,156914
97.61424970626831,156914
97.61509132385254,156914
97.61672019958496,156914
97.61756730079651,156914
97.61841678619385,156914
97.61926603317261,156914
97.62010931968689,156914
97.62174034118652,156914
97.62258982658386,156914
97.62343645095825,156914
97.62429714202881,156914
97.62514042854309,156914
97.62676978111267,156914
97.62761688232422,156914
97.6284716129303,156914
97.62931847572327,156914
97.6301646232605,156914
97.63100957870483,156914
97.63264083862305,156914
97.63348960876465,156914
97.6343457698822,156914
97.63519144058228,156914
97.6360387802124,156914
97.63766479492188,156914
97.63851499557495,156914
97.63936376571655,156914
97.64021110534668,156914
97.64105319976807,156914
97.64268398284912,156914
97.64353346824646,156914
97.64439296722412,156914
97.64524412155151,156914
97.64608907699585,156914
97.64772248268127,156914
97.6485686302185,156914
97.64941668510437,156914
97.65026473999023,156914
97.6511116027832,156914
97.65274548530579,156914
97.65359163284302,156914
97.65444779396057,156914
97.65529656410217,156914
97.65613722801208,156914
97.6577684879303,156914
97.6586103439331,156914
97.65945720672607,156914
97.66030836105347,156914
97.66114950180054,156914
97.66277742385864,156914
97.66362571716309,156914
97.66448545455933,156914
97.66533541679382,156914
97.66617393493652,156914
97.66702342033386,156914
97.66865372657776,156914
97.66950106620789,156914
97.67034721374512,156914
97.67118978500366,156914
97.67203664779663,156914
97.67366337776184,156914
97.6745228767395,156914
97.67537665367126,156914
97.67622232437134,156914
97.67706894874573,156914
97.67869758605957,156914
97.67954421043396,156914
97.68039512634277,156914
97.68124222755432,156914
97.6820867061615,156914
97.68371915817261,156914
97.68457460403442,156914
97.68542551994324,156914
97.68627142906189,156914
97.68711853027344,156914
97.68875193595886,156914
97.68959879875183,156914
97.69045186042786,156914
97.69129800796509,156914
97.69214463233948,156914
97.69377326965332,156914
97.69463181495667,156914
97.69548439979553,156914
97.69632983207703,156914
97.69717407226562,156914
97.69802260398865,156914
97.6996500492096,156914
97.70049810409546,156914
97.7013418674469,156914
97.70219087600708,156914
97.70303726196289,156914
97.70467758178711,156914
97.70552802085876,156914
97.70637536048889,156914
97.70722079277039,156914
97.70807003974915,156914
97.70969700813293,156914
97.71054816246033,156914
97.71139168739319,156914
97.71223974227905,156914
97.71309161186218,156914
97.71473217010498,156914
97.71558356285095,156914
97.71643137931824,156914
97.71727681159973,156914
97.7181282043457,156914
97.7197539806366,156914
97.72060132026672,156914
97.72144842147827,156914
97.72229886054993,156914
97.72314500808716,156914
97.72478199005127,156914
97.72563338279724,156914
97.72648429870605,156914
97.72733092308044,156914
97.72817635536194,156914
97.7290198802948,156914
97.73065447807312,156914
97.73150372505188,156914
97.7323534488678,156914
97.73320269584656,156914
97.73405742645264,156914
97.73568749427795,156914
97.73653793334961,156914
97.73738861083984,156914
97.73823714256287,156914
97.73907923698425,156914
97.74070692062378,156914
97.74155282974243,156914
97.74240493774414,156914
97.74325323104858,156914
97.74410820007324,156914
97.74573850631714,156914
97.74658679962158,156914
97.74743366241455,156914
97.74828124046326,156914
97.74912452697754,156914
97.75075697898865,156914
97.75160312652588,156914
97.75245475769043,156914
97.75330424308777,156914
97.75415825843811,156914
97.7557921409607,156914
97.75663948059082,156914
97.75749230384827,156914
97.75834107398987,156914
97.75918745994568,156914
97.76003193855286,156914
97.76166462898254,156914
97.76250982284546,156914
97.76336097717285,156914
97.76421284675598,156914
97.76505899429321,156914
97.76669096946716,156914
97.7675404548645,156914
97.76839232444763,156914
97.76923608779907,156914
97.77008557319641,156914
97.7717182636261,156914
97.7725670337677,156914
97.77341890335083,156914
97.7742760181427,156914
97.77512240409851,156914
97.77675271034241,156914
97.7775993347168,156914
97.77845120429993,156914
97.779296875,156914
97.78014254570007,156914
97.78176665306091,156914
97.7826144695282,156914
97.7834644317627,156914
97.78431820869446,156914
97.78516101837158,156914
97.78601241111755,156914
97.7876365184784,156914
97.78848576545715,156914
97.78933119773865,156914
97.79018115997314,156914
97.79103136062622,156914
97.79265689849854,156914
97.79350519180298,156914
97.7943639755249,156914
97.79520606994629,156914
97.79605627059937,156914
97.79768204689026,156914
97.79853415489197,156914
97.79938197135925,156914
97.80023002624512,156914
97.80107617378235,156914
97.80270910263062,156914
97.80355858802795,156914
97.80441904067993,156914
97.8052659034729,156914
97.80611395835876,156914
97.8077461719513,156914
97.80859351158142,156914
97.80944514274597,156914
97.81029105186462,156914
97.8111400604248,156914
97.81276869773865,156914
97.8136203289032,156914
97.81448006629944,156914
97.81532764434814,156914
97.81617164611816,156914
97.81701683998108,156914
97.81864929199219,156914
97.81949615478516,156914
97.82034301757812,156914
97.82119417190552,156914
97.82203769683838,156914
97.82367491722107,156914
97.82453060150146,156914
97.8253743648529,156914
97.82622170448303,156914
97.82706570625305,156914
97.82869815826416,156914
97.82954549789429,156914
97.83039593696594,156914
97.83123970031738,156914
97.8320848941803,156914
97.83371996879578,156914
97.83457350730896,156914
97.83542227745056,156914
97.83626985549927,156914
97.83711338043213,156914
97.83874702453613,156914
97.83959341049194,156914
97.84044170379639,156914
97.84129190444946,156914
97.84213280677795,156914
97.84376931190491,156914
97.84462022781372,156914
97.84546899795532,156914
97.84631824493408,156914
97.84715914726257,156914
97.84800910949707,156914
97.84963655471802,156914
97.85049319267273,156914
97.85134029388428,156914
97.85218572616577,156914
97.85303735733032,156914
97.85467052459717,156914
97.85551929473877,156914
97.85636639595032,156914
97.85720825195312,156914
97.85805225372314,156914
97.85968518257141,156914
97.86053204536438,156914
97.8613805770874,156914
97.86222672462463,156914
97.8630747795105,156914
97.86470913887024,156914
97.86555814743042,156914
97.86640882492065,156914
97.867258310318,156914
97.86810064315796,156914
97.86972427368164,156914
97.8705723285675,156914
97.87142038345337,156914
97.87227320671082,156914
97.87311124801636,156914
97.87475419044495,156914
97.87560081481934,156914
97.87645053863525,156914
97.87729930877686,156914
97.87814211845398,156914
97.8797721862793,156914
97.88061928749084,156914
97.88147115707397,156914
97.88231897354126,156914
97.88316011428833,156914
97.88402271270752,156914
97.88565015792847,156914
97.88650178909302,156914
97.88734889030457,156914
97.88819718360901,156914
97.88904762268066,156914
97.89067316055298,156914
97.89152312278748,156914
97.89237093925476,156914
97.89321994781494,156914
97.89407896995544,156914
97.89570641517639,156914
97.89655447006226,156914
97.89740633964539,156914
97.89825534820557,156914
97.8991060256958,156914
97.9007339477539,156914
97.90158605575562,156914
97.90243697166443,156914
97.90328216552734,156914
97.90413975715637,156914
97.90576958656311,156914
97.90662264823914,156914
97.90747356414795,156914
97.90832042694092,156914
97.90916705131531,156914
97.91000938415527,156914
97.91164183616638,156914
97.91249012947083,156914
97.91333603858948,156914
97.91418933868408,156914
97.91503691673279,156914
97.91667175292969,156914
97.91751885414124,156914
97.91836833953857,156914
97.9192144870758,156914
97.9200599193573,156914
97.92169499397278,156914
97.92254328727722,156914
97.92339062690735,156914
97.92425107955933,156914
97.92509508132935,156914
97.92672395706177,156914
97.92757296562195,156914
97.92842292785645,156914
97.929270029068,156914
97.93011379241943,156914
97.93174624443054,156914
97.93259334564209,156914
97.93344378471375,156914
97.93430185317993,156914
97.93514323234558,156914
97.93677401542664,156914
97.93761849403381,156914
97.93846797943115,156914
97.9393162727356,156914
97.94015789031982,156914
97.9417884349823,156914
97.94263553619385,156914
97.94348621368408,156914
97.94434332847595,156914
97.94518685340881,156914
97.94603133201599,156914
97.94766235351562,156914
97.94851112365723,156914
97.94936084747314,156914
97.95020914077759,156914
97.95105457305908,156914
97.95267820358276,156914
97.95352745056152,156914
97.9543890953064,156914
97.95523571968079,156914
97.95608496665955,156914
97.95771312713623,156914
97.95856499671936,156914
97.9594030380249,156914
97.96024203300476,156914
97.96109080314636,156914
97.96273159980774,156914
97.96358513832092,156914
97.96444463729858,156914
97.96529769897461,156914
97.96614575386047,156914
97.96779251098633,156914
97.96864771842957,156914
97.96950650215149,156914
97.97036457061768,156914
97.9712164402008,156914
97.97207355499268,156914
97.97372460365295,156914
97.97459506988525,156914
97.9754536151886,156914
97.976309299469,156914
97.97716236114502,156914
97.97801971435547,156914
97.9796736240387,156914
97.98053073883057,156914
97.9813928604126,156914
97.98225021362305,156914
97.98310375213623,156914
97.98476457595825,156914
97.98562216758728,156914
97.98648071289062,156914
97.98734021186829,156914
97.98819088935852,156914
97.98904657363892,156914
97.99069905281067,156914
97.99155640602112,156914
97.99241352081299,156914
97.99327397346497,156914
97.99413394927979,156914
97.99578666687012,156914
97.99664258956909,156914
97.99750351905823,156914
97.99836134910583,156914
97.9992139339447,156914
98.00006532669067,156914
98.00171422958374,156914
98.00257396697998,156914
98.0034327507019,156914
98.00430130958557,156914
98.00515842437744,156914
98.00600910186768,156914
98.00766515731812,156914
98.00852417945862,156914
98.00938367843628,156914
98.01023840904236,156914
98.01109194755554,156914
98.01274371147156,156914
98.01359987258911,156914
98.01446890830994,156914
98.01533031463623,156914
98.01618242263794,156914
98.01703691482544,156914
98.01869034767151,156914
98.01955008506775,156914
98.02041172981262,156914
98.02127003669739,156914
98.02212429046631,156914
98.02377414703369,156914
98.02464056015015,156914
98.02549862861633,156914
98.0263569355011,156914
98.02721118927002,156914
98.02806806564331,156914
98.02971625328064,156914
98.03057384490967,156914
98.0314347743988,156914
98.03229212760925,156914
98.03314805030823,156914
98.03400897979736,156914
98.03566265106201,156914
98.03652048110962,156914
98.0373785495758,156914
98.03823256492615,156914
98.03908443450928,156914
98.04073739051819,156914
98.04159593582153,156914
98.04245352745056,156914
98.04331398010254,156914
98.04417610168457,156914
98.04503321647644,156914
98.04668521881104,156914
98.04754137992859,156914
98.04839992523193,156914
98.04925489425659,156914
98.05010604858398,156914
98.05175471305847,156914
98.0526123046875,156914
98.05347228050232,156914
98.05433821678162,156914
98.05519080162048,156914
98.05604815483093,156914
98.05770349502563,156914
98.05856323242188,156914
98.05942034721375,156914
98.06027698516846,156914
98.0611310005188,156914
98.0627818107605,156914
98.06364274024963,156914
98.06451272964478,156914
98.06537079811096,156914
98.06622529029846,156914
98.0670759677887,156914
98.06872248649597,156914
98.06958222389221,156914
98.07044172286987,156914
98.07130217552185,156914
98.07215356826782,156914
98.07301068305969,156914
98.07467317581177,156914
98.07553100585938,156914
98.07638812065125,156914
98.07723927497864,156914
98.07809638977051,156914
98.07974600791931,156914
98.08060336112976,156914
98.08146119117737,156914
98.08232069015503,156914
98.083172082901,156914
98.08403825759888,156914
98.08569169044495,156914
98.08654832839966,156914
98.08740496635437,156914
98.08826565742493,156914
98.08911991119385,156914
98.09076714515686,156914
98.09162950515747,156914
98.09249377250671,156914
98.09335017204285,156914
98.0942132472992,156914
98.09506845474243,156914
98.0967206954956,156914
98.09758138656616,156914
98.09843730926514,156914
98.09929990768433,156914
98.1001513004303,156914
98.1018009185791,156914
98.10265779495239,156914
98.10351729393005,156914
98.10439038276672,156914
98.10524535179138,156914
98.10609936714172,156914
98.1077492237091,156914
98.10860919952393,156914
98.10946941375732,156914
98.11032724380493,156914
98.11118149757385,156914
98.11203742027283,156914
98.1136863231659,156914
98.11455607414246,156914
98.11541557312012,156914
98.11627507209778,156914
98.11712503433228,156914
98.1187732219696,156914
98.11963367462158,156914
98.1204891204834,156914
98.12134599685669,156914
98.12219738960266,156914
98.12305283546448,156914
98.12471389770508,156914
98.12557339668274,156914
98.12643146514893,156914
98.12728786468506,156914
98.12814354896545,156914
98.12979674339294,156914
98.13065719604492,156914
98.13151454925537,156914
98.13237452507019,156914
98.13322520256042,156914
98.13409113883972,156914
98.13574361801147,156914
98.13660025596619,156914
98.1374614238739,156914
98.13832116127014,156914
98.13917303085327,156914
98.14003205299377,156914
98.141685962677,156914
98.14254713058472,156914
98.14340734481812,156914
98.1442711353302,156914
98.1451268196106,156914
98.14677858352661,156914
98.14763712882996,156914
98.14849781990051,156914
98.14935898780823,156914
98.15020847320557,156914
98.15106248855591,156914
98.15271496772766,156914
98.15357446670532,156914
98.15444469451904,156914
98.1553041934967,156914
98.15616154670715,156914
98.15701627731323,156914
98.15866732597351,156914
98.15952730178833,156914
98.16038775444031,156914
98.16124129295349,156914
98.16209435462952,156914
98.16374707221985,156914
98.1646146774292,156914
98.1654748916626,156914
98.16633176803589,156914
98.16718697547913,156914
98.1680428981781,156914
98.16969275474548,156914
98.17055106163025,156914
98.1714072227478,156914
98.17226767539978,156914
98.17312121391296,156914
98.17478084564209,156914
98.17563891410828,156914
98.1764988899231,156914
98.17735648155212,156914
98.17820930480957,156914
98.17906451225281,156914
98.18071722984314,156914
98.18157267570496,156914
98.1824312210083,156914
98.18329000473022,156914
98.18415117263794,156914
98.18500542640686,156914
98.1866545677185,156914
98.18751358985901,156914
98.1883716583252,156914
98.18921971321106,156914
98.19007396697998,156914
98.19172239303589,156914
98.19257831573486,156914
98.19343757629395,156914
98.19430017471313,156914
98.1951515674591,156914
98.19600987434387,156914
98.19766044616699,156914
98.19851803779602,156914
98.19937753677368,156914
98.20022869110107,156914
98.20108461380005,156914
98.20273399353027,156914
98.2035927772522,156914
98.20445680618286,156914
98.20531463623047,156914
98.20616745948792,156914
98.20702385902405,156914
98.20867824554443,156914
98.2095353603363,156914
98.21039628982544,156914
98.21124792098999,156914
98.21210074424744,156914
98.21375060081482,156914
98.21462106704712,156914
98.21547818183899,156914
98.2163360118866,156914
98.21719002723694,156914
98.21804332733154,156914
98.21969747543335,156914
98.22055506706238,156914
98.22141194343567,156914
98.22226977348328,156914
98.22312426567078,156914
98.22478485107422,156914
98.22564506530762,156914
98.22650194168091,156914
98.22735786437988,156914
98.22821474075317,156914
98.22907137870789,156914
98.23072266578674,156914
98.23158240318298,156914
98.23244309425354,156914
98.23330163955688,156914
98.23416447639465,156914
98.23501992225647,156914
98.23666787147522,156914
98.23752403259277,156914
98.23838305473328,156914
98.23923754692078,156914
98.24009299278259,156914
98.24174571037292,156914
98.24260306358337,156914
98.24345970153809,156914
98.24432897567749,156914
98.2451844215393,156914
98.24603915214539,156914
98.24768805503845,156914
98.24854636192322,156914
98.2494044303894,156914
98.25025796890259,156914
98.25111222267151,156914
98.25276589393616,156914
98.25362372398376,156914
98.2544949054718,156914
98.25535154342651,156914
98.25620245933533,156914
98.25705409049988,156914
98.25870060920715,156914
98.25956416130066,156914
98.26042318344116,156914
98.26128435134888,156914
98.26213550567627,156914
98.26378726959229,156914
98.26465630531311,156914
98.26551389694214,156914
98.26637363433838,156914
98.26722478866577,156914
98.26807713508606,156914
98.26972889900208,156914
98.27058601379395,156914
98.27144360542297,156914
98.27230024337769,156914
98.27315402030945,156914
98.27402186393738,156914
98.27567172050476,156914
98.27653050422668,156914
98.27738881111145,156914
98.27824068069458,156914
98.27909207344055,156914
98.28074097633362,156914
98.28159618377686,156914
98.28245568275452,156914
98.28331398963928,156914
98.28417205810547,156914
98.28502535820007,156914
98.28667736053467,156914
98.28753399848938,156914
98.28839159011841,156914
98.28924250602722,156914
98.29009652137756,156914
98.29174447059631,156914
98.29260420799255,156914
98.29346489906311,156914
98.29433035850525,156914
98.29518723487854,156914
98.29604506492615,156914
98.29769587516785,156914
98.29855442047119,156914
98.29941201210022,156914
98.30027174949646,156914
98.3011224269867,156914
98.30278062820435,156914
98.30363583564758,156914
98.3045027256012,156914
98.30536270141602,156914
98.30621409416199,156914
98.30706548690796,156914
98.30871272087097,156914
98.30957293510437,156914
98.31042861938477,156914
98.31128191947937,156914
98.31213331222534,156914
98.31379342079163,156914
98.31466245651245,156914
98.31552052497864,156914
98.3163800239563,156914
98.31723237037659,156914
98.31808757781982,156914
98.31973695755005,156914
98.32059788703918,156914
98.32145714759827,156914
98.32231736183167,156914
98.32316970825195,156914
98.32403326034546,156914
98.32568597793579,156914
98.32654595375061,156914
98.3274040222168,156914
98.32826209068298,156914
98.32911157608032,156914
98.33076333999634,156914
98.33162188529968,156914
98.33247995376587,156914
98.33333921432495,156914
98.3342010974884,156914
98.33505582809448,156914
98.33670783042908,156914
98.3375678062439,156914
98.33842968940735,156914
98.33928608894348,156914
98.34013652801514,156914
98.34178709983826,156914
98.34264707565308,156914
98.34350895881653,156914
98.34437608718872,156914
98.3452308177948,156914
98.34608769416809,156914
98.34772896766663,156914
98.3485894203186,156914
98.34944677352905,156914
98.35030603408813,156914
98.35116171836853,156914
98.35201501846313,156914
98.35367012023926,156914
98.35453963279724,156914
98.35539722442627,156914
98.35625290870667,156914
98.35710334777832,156914
98.35875225067139,156914
98.35961151123047,156914
98.36046814918518,156914
98.36132884025574,156914
98.36218214035034,156914
98.36303639411926,156914
98.36469578742981,156914
98.36555504798889,156914
98.36641526222229,156914
98.36727523803711,156914
98.36812543869019,156914
98.36978030204773,156914
98.37063884735107,156914
98.37149930000305,156914
98.37235736846924,156914
98.37321734428406,156914
98.37408256530762,156914
98.37573432922363,156914
98.37659335136414,156914
98.37745094299316,156914
98.37831425666809,156914
98.37916803359985,156914
98.3800208568573,156914
98.3816728591919,156914
98.38253021240234,156914
98.38338923454285,156914
98.38425278663635,156914
98.38510513305664,156914
98.38675546646118,156914
98.38761448860168,156914
98.38847374916077,156914
98.38933110237122,156914
98.39018106460571,156914
98.39103674888611,156914
98.39269042015076,156914
98.3935477733612,156914
98.39441704750061,156914
98.39527344703674,156914
98.39612531661987,156914
98.39777779579163,156914
98.39863634109497,156914
98.3994927406311,156914
98.40035343170166,156914
98.40120506286621,156914
98.40206146240234,156914
98.40371060371399,156914
98.40458130836487,156914
98.40543866157532,156914
98.40629887580872,156914
98.4071524143219,156914
98.40880227088928,156914
98.409658908844,156914
98.41051769256592,156914
98.41137838363647,156914
98.41222977638245,156914
98.41308164596558,156914
98.41474103927612,156914
98.41560006141663,156914
98.41645431518555,156914
98.41731476783752,156914
98.41816663742065,156914
98.41902232170105,156914
98.42067551612854,156914
98.42153263092041,156914
98.4223940372467,156914
98.4232485294342,156914
98.42411303520203,156914
98.42576360702515,156914
98.42662310600281,156914
98.4274833202362,156914
98.42834281921387,156914
98.4291934967041,156914
98.43004894256592,156914
98.43169951438904,156914
98.4325590133667,156914
98.43341827392578,156914
98.43428945541382,156914
98.43514370918274,156914
98.43680143356323,156914
98.43765830993652,156914
98.43851780891418,156914
98.43937754631042,156914
98.44023156166077,156914
98.44108819961548,156914
98.44273972511292,156914
98.44359755516052,156914
98.44446134567261,156914
98.44531917572021,156914
98.4461727142334,156914
98.44702816009521,156914
98.44868183135986,156914
98.44954061508179,156914
98.45040202140808,156914
98.45125484466553,156914
98.45211005210876,156914
98.45376181602478,156914
98.45462894439697,156914
98.45548748970032,156914
98.45634508132935,156914
98.45719575881958,156914
98.45805072784424,156914
98.45970058441162,156914
98.46056079864502,156914
98.46141695976257,156914
98.46227717399597,156914
98.46313142776489,156914
98.46479487419128,156914
98.46565318107605,156914
98.46651148796082,156914
98.46736860275269,156914
98.46821761131287,156914
98.46907210350037,156914
98.4707202911377,156914
98.47157859802246,156914
98.47243666648865,156914
98.47329783439636,156914
98.47416067123413,156914
98.47501516342163,156914
98.47666549682617,156914
98.47752833366394,156914
98.47838997840881,156914
98.47924065589905,156914
98.4800956249237,156914
98.4817476272583,156914
98.48260521888733,156914
98.48346304893494,156914
98.48433423042297,156914
98.48518967628479,156914
98.4860451221466,156914
98.48769736289978,156914
98.4885561466217,156914
98.48941278457642,156914
98.49027347564697,156914
98.49112486839294,156914
98.49277687072754,156914
98.49363565444946,156914
98.49450421333313,156914
98.49536561965942,156914
98.49621748924255,156914
98.4970691204071,156914
98.4987244606018,156914
98.49958086013794,156914
98.50044083595276,156914
98.50130128860474,156914
98.50215411186218,156914
98.50300908088684,156914
98.50466728210449,156914
98.505526304245,156914
98.50638699531555,156914
98.50723719596863,156914
98.50809144973755,156914
98.50973916053772,156914
98.51059651374817,156914
98.5114586353302,156914
98.5123200416565,156914
98.51317429542542,156914
98.51404237747192,156914
98.5156934261322,156914
98.51655507087708,156914
98.51741290092468,156914
98.51827597618103,156914
98.51913022994995,156914
98.5207827091217,156914
98.52164268493652,156914
98.5224974155426,156914
98.52335524559021,156914
98.52421712875366,156914
98.52507138252258,156914
98.52672338485718,156914
98.5275809764862,156914
98.52844333648682,156914
98.5293025970459,156914
98.53015470504761,156914
98.53100967407227,156914
98.5326611995697,156914
98.53351926803589,156914
98.53438687324524,156914
98.53524160385132,156914
98.53609895706177,156914
98.53775358200073,156914
98.5386152267456,156914
98.53947329521179,156914
98.54033350944519,156914
98.54118728637695,156914
98.5420434474945,156914
98.54369163513184,156914
98.54456090927124,156914
98.54542016983032,156914
98.54627895355225,156914
98.54713439941406,156914
98.54878425598145,156914
98.54964351654053,156914
98.55050301551819,156914
98.55136156082153,156914
98.55221486091614,156914
98.55306911468506,156914
98.55472826957703,156914
98.55558705329895,156914
98.55644702911377,156914
98.55730557441711,156914
98.55816221237183,156914
98.55901336669922,156914
98.56066274642944,156914
98.56152081489563,156914
98.56238222122192,156914
98.56323528289795,156914
98.5640971660614,156914
98.56574940681458,156914
98.5666069984436,156914
98.56746792793274,156914
98.56832885742188,156914
98.56918120384216,156914
98.57003927230835,156914
98.5716872215271,156914
98.57254886627197,156914
98.57340693473816,156914
98.5742723941803,156914
98.57512426376343,156914
98.57678127288818,156914
98.57763838768005,156914
98.5784981250763,156914
98.57935667037964,156914
98.58020830154419,156914
98.58106184005737,156914
98.58271718025208,156914
98.583575963974,156914
98.58444452285767,156914
98.58530592918396,156914
98.58615827560425,156914
98.58701252937317,156914
98.58866786956787,156914
98.5895266532898,156914
98.59038519859314,156914
98.59123969078064,156914
98.59209203720093,156914
98.59373879432678,156914
98.59460783004761,156914
98.59546828269958,156914
98.59632849693298,156914
98.59718775749207,156914
98.59804511070251,156914
98.59969592094421,156914
98.60055470466614,156914
98.60141324996948,156914
98.60227060317993,156914
98.60312843322754,156914
98.60479211807251,156914
98.60565185546875,156914
98.60650777816772,156914
98.60736680030823,156914
98.60822105407715,156914
98.60907697677612,156914
98.61072587966919,156914
98.61158108711243,156914
98.6124382019043,156914
98.61329793930054,156914
98.61415886878967,156914
98.61501574516296,156914
98.6166672706604,156914
98.61752605438232,156914
98.61838579177856,156914
98.61924362182617,156914
98.62009954452515,156914
98.62175178527832,156914
98.6226122379303,156914
98.62347149848938,156914
98.624338388443,156914
98.62519192695618,156914
98.62604665756226,156914
98.62769842147827,156914
98.62856078147888,156914
98.62942028045654,156914
98.63028120994568,156914
98.6311342716217,156914
98.63279104232788,156914
98.63364815711975,156914
98.63451814651489,156914
98.63537788391113,156914
98.63623094558716,156914
98.63708400726318,156914
98.63872528076172,156914
98.63958549499512,156914
98.64044332504272,156914
98.64130544662476,156914
98.64215898513794,156914
98.64301490783691,156914
98.64468145370483,156914
98.64554023742676,156914
98.64640069007874,156914
98.64725041389465,156914
98.6481020450592,156914
98.64975142478943,156914
98.65060901641846,156914
98.6514687538147,156914
98.65232467651367,156914
98.65317797660828,156914
98.6540470123291,156914
98.65569472312927,156914
98.65655541419983,156914
98.65741467475891,156914
98.65826916694641,156914
98.65912413597107,156914
98.66077852249146,156914
98.66163945198059,156914
98.6625006198883,156914
98.66336178779602,156914
98.66422247886658,156914
98.6650767326355,156914
98.66672945022583,156914
98.66758561134338,156914
98.66844391822815,156914
98.6693046092987,156914
98.67015671730042,156914
98.6710102558136,156914
98.67266368865967,156914
98.67352247238159,156914
98.67438912391663,156914
98.67524433135986,156914
98.6760950088501,156914
98.67774796485901,156914
98.67860698699951,156914
98.67946481704712,156914
98.6803252696991,156914
98.68117904663086,156914
98.68203330039978,156914
98.6836838722229,156914
98.68455410003662,156914
98.68541121482849,156914
98.68626737594604,156914
98.68712258338928,156914
98.68877625465393,156914
98.6896378993988,156914
98.69049596786499,156914
98.69135451316833,156914
98.69220995903015,156914
98.69306468963623,156914
98.69472241401672,156914
98.6955795288086,156914
98.69643878936768,156914
98.69729804992676,156914
98.69815325737,156914
98.69900679588318,156914
98.70065689086914,156914
98.7015175819397,156914
98.70237565040588,156914
98.70322871208191,156914
98.70409488677979,156914
98.70574808120728,156914
98.70660543441772,156914
98.7074646949768,156914
98.70832347869873,156914
98.7091794013977,156914
98.71003675460815,156914
98.71169233322144,156914
98.71255207061768,156914
98.71341156959534,156914
98.71427702903748,156914
98.71513152122498,156914
98.71678280830383,156914
98.71764397621155,156914
98.7185001373291,156914
98.71936225891113,156914
98.72021412849426,156914
98.72106885910034,156914
98.72272062301636,156914
98.7235791683197,156914
98.72444725036621,156914
98.72530603408813,156914
98.72615814208984,156914
98.7270131111145,156914
98.72866725921631,156914
98.72952556610107,156914
98.73038506507874,156914
98.73124551773071,156914
98.73209953308105,156914
98.73375296592712,156914
98.73462224006653,156914
98.7354781627655,156914
98.73633527755737,156914
98.73718810081482,156914
98.73805212974548,156914
98.7396719455719,156914
98.74052906036377,156914
98.74138593673706,156914
98.74224066734314,156914
98.74310278892517,156914
98.74476170539856,156914
98.74561810493469,156914
98.74647569656372,156914
98.74732875823975,156914
98.74818539619446,156914
98.74903559684753,156914
98.75068402290344,156914
98.75154399871826,156914
98.75239825248718,156914
98.75325465202332,156914
98.75412058830261,156914
98.75577139854431,156914
98.75663137435913,156914
98.75748538970947,156914
98.75834703445435,156914
98.75920176506042,156914
98.76005578041077,156914
98.76170539855957,156914
98.7625629901886,156914
98.76342105865479,156914
98.76428318023682,156914
98.76514148712158,156914
98.76679730415344,156914
98.76765251159668,156914
98.76851010322571,156914
98.76936078071594,156914
98.77021646499634,156914
98.77106928825378,156914
98.77271747589111,156914
98.77357316017151,156914
98.77444243431091,156914
98.77529978752136,156914
98.77615809440613,156914
98.77701187133789,156914
98.77866077423096,156914
98.77950382232666,156914
98.78036332130432,156914
98.7812249660492,156914
98.78207659721375,156914
98.78372526168823,156914
98.78459334373474,156914
98.78544998168945,156914
98.78630495071411,156914
98.78716111183167,156914
98.78801679611206,156914
98.7896659374237,156914
98.7905204296112,156914
98.79137897491455,156914
98.792236328125,156914
98.7930953502655,156914
98.79475617408752,156914
98.79561519622803,156914
98.79647421836853,156914
98.79732751846313,156914
98.79818487167358,156914
98.79904198646545,156914
98.8006911277771,156914
98.8015489578247,156914
98.80240654945374,156914
98.80326390266418,156914
98.80413317680359,156914
98.80576300621033,156914
98.80662202835083,156914
98.80747818946838,156914
98.80833840370178,156914
98.80919909477234,156914
98.81005215644836,156914
98.81170392036438,156914
98.81256151199341,156914
98.81342458724976,156914
98.81429505348206,156914
98.81515979766846,156914
98.81601119041443,156914
98.81766104698181,156914
98.8185179233551,156914
98.81937313079834,156914
98.82022762298584,156914
98.82108640670776,156914
98.8227379322052,156914
98.82359504699707,156914
98.82446026802063,156914
98.82531666755676,156914
98.82617259025574,156914
98.82702946662903,156914
98.82868480682373,156914
98.82954049110413,156914
98.8303894996643,156914
98.83124375343323,156914
98.83210611343384,156914
98.83375763893127,156914
98.83462190628052,156914
98.8354811668396,156914
98.83633923530579,156914
98.83720064163208,156914
98.83805751800537,156914
98.83970975875854,156914
98.8405659198761,156914
98.8414204120636,156914
98.84228134155273,156914
98.84313821792603,156914
98.84480023384094,156914
98.84565806388855,156914
98.84651851654053,156914
98.84737634658813,156914
98.8482313156128,156914
98.84909152984619,156914
98.85074019432068,156914
98.85159635543823,156914
98.85245680809021,156914
98.85331010818481,156914
98.85417580604553,156914
98.85503005981445,156914
98.8566780090332,156914
98.8575336933136,156914
98.85838866233826,156914
98.85924792289734,156914
98.86010694503784,156914
98.86175322532654,156914
98.86260724067688,156914
98.86346435546875,156914
98.8643307685852,156914
98.8651876449585,156914
98.86603903770447,156914
98.86769008636475,156914
98.86854887008667,156914
98.8694076538086,156914
98.87026596069336,156914
98.87112522125244,156914
98.87277507781982,156914
98.87363243103027,156914
98.87449955940247,156914
98.87535786628723,156914
98.87621712684631,156914
98.87706804275513,156914
98.87871646881104,156914
98.87957119941711,156914
98.88043069839478,156914
98.88128304481506,156914
98.88214087486267,156914
98.88379621505737,156914
98.8846652507782,156914
98.88552331924438,156914
98.88638019561768,156914
98.8872389793396,156914
98.8880968093872,156914
98.88974285125732,156914
98.89059853553772,156914
98.89145684242249,156914
98.89231610298157,156914
98.89316987991333,156914
98.89403510093689,156914
98.89568305015564,156914
98.89654016494751,156914
98.8973970413208,156914
98.89825177192688,156914
98.89910936355591,156914
98.9007580280304,156914
98.90161275863647,156914
98.90247201919556,156914
98.90333032608032,156914
98.90419554710388,156914
98.90504860877991,156914
98.9066960811615,156914
98.90755224227905,156914
98.90841150283813,156914
98.90926384925842,156914
98.91012287139893,156914
98.91177177429199,156914
98.91263055801392,156914
98.91348671913147,156914
98.9143533706665,156914
98.91520881652832,156914
98.91605877876282,156914
98.91770911216736,156914
98.91856551170349,156914
98.91942143440247,156914
98.92028188705444,156914
98.92113947868347,156914
98.9227888584137,156914
98.92364406585693,156914
98.92450785636902,156914
98.92536520957947,156914
98.92622542381287,156914
98.92707824707031,156914
98.92872643470764,156914
98.92958402633667,156914
98.93044328689575,156914
98.9313006401062,156914
98.9321563243866,156914
98.93301200866699,156914
98.93467569351196,156914
98.93553137779236,156914
98.93638372421265,156914
98.93723559379578,156914
98.93809199333191,156914
98.93974661827087,156914
98.94060492515564,156914
98.94146680831909,156914
98.94232678413391,156914
98.94318103790283,156914
98.94404697418213,156914
98.94569659233093,156914
98.94655513763428,156914
98.94741010665894,156914
98.94826459884644,156914
98.94912147521973,156914
98.95077323913574,156914
98.95163345336914,156914
98.9524884223938,156914
98.95334911346436,156914
98.95421743392944,156914
98.95507097244263,156914
98.95672130584717,156914
98.95757746696472,156914
98.95843434333801,156914
98.95929050445557,156914
98.96014833450317,156914
98.96179366111755,156914
98.96265125274658,156914
98.96350598335266,156914
98.96437430381775,156914
98.96522784233093,156914
98.96608805656433,156914
98.96774649620056,156914
98.96861147880554,156914
98.96946954727173,156914
98.97032523155212,156914
98.97117924690247,156914
98.97203302383423,156914
98.9736852645874,156914
98.9745557308197,156914
98.97541570663452,156914
98.97626805305481,156914
98.97712540626526,156914
98.97877430915833,156914
98.97963213920593,156914
98.98048543930054,156914
98.98134160041809,156914
98.98219966888428,156914
98.98305702209473,156914
98.98471093177795,156914
98.98556900024414,156914
98.98642563819885,156914
98.98727989196777,156914
98.98813796043396,156914
98.9897837638855,156914
98.99063920974731,156914
98.9914984703064,156914
98.99235606193542,156914
98.99321579933167,156914
98.99407696723938,156914
98.99573040008545,156914
98.99658703804016,156914
98.99744248390198,156914
98.99830150604248,156914
98.99916315078735,156914
99.00001931190491,156914
99.0016655921936,156914
99.002521276474,156914
99.00338315963745,156914
99.00424885749817,156914
99.00511312484741,156914
99.0067663192749,156914
99.00762820243835,156914
99.00848245620728,156914
99.00933957099915,156914
99.01019310951233,156914
99.01104855537415,156914
99.01269602775574,156914
99.01355195045471,156914
99.01441812515259,156914
99.01527523994446,156914
99.01613330841064,156914
99.01778674125671,156914
99.01864218711853,156914
99.0194981098175,156914
99.02035784721375,156914
99.02121210098267,156914
99.02206254005432,156914
99.0237147808075,156914
99.02458214759827,156914
99.02543997764587,156914
99.02629685401917,156914
99.02715420722961,156914
99.02801203727722,156914
99.02966642379761,156914
99.03052115440369,156914
99.0313732624054,156914
99.03222727775574,156914
99.03308653831482,156914
99.03474521636963,156914
99.0356011390686,156914
99.03645467758179,156914
99.03731346130371,156914
99.03816771507263,156914
99.03902316093445,156914
99.04067254066467,156914
99.04153084754944,156914
99.04238939285278,156914
99.04324173927307,156914
99.04410767555237,156914
99.04575729370117,156914
99.04661321640015,156914
99.04747104644775,156914
99.04833054542542,156914
99.04918670654297,156914
99.05004239082336,156914
99.05169367790222,156914
99.05254817008972,156914
99.05340957641602,156914
99.05427408218384,156914
99.05512881278992,156914
99.05678009986877,156914
99.05763459205627,156914
99.05849575996399,156914
99.0593512058258,156914
99.06020593643188,156914
99.06106448173523,156914
99.06271147727966,156914
99.06356906890869,156914
99.06443619728088,156914
99.06529331207275,156914
99.06615090370178,156914
99.0677969455719,156914
99.06865406036377,156914
99.0695128440857,156914
99.0703718662262,156914
99.07123470306396,156914
99.0720887184143,156914
99.07373332977295,156914
99.07460021972656,156914
99.07545733451843,156914
99.07631325721741,156914
99.07716727256775,156914
99.07802295684814,156914
99.07967400550842,156914
99.08052825927734,156914
99.08138489723206,156914
99.08223915100098,156914
99.08309626579285,156914
99.08475661277771,156914
99.08561325073242,156914
99.08647584915161,156914
99.08733081817627,156914
99.08818292617798,156914
99.089040517807,156914
99.09068703651428,156914
99.09154510498047,156914
99.09239935874939,156914
99.09325361251831,156914
99.09411859512329,156914
99.09577369689941,156914
99.0966329574585,156914
99.09749054908752,156914
99.09834909439087,156914
99.09920597076416,156914
99.10005927085876,156914
99.10171031951904,156914
99.1025710105896,156914
99.10342955589294,156914
99.10429430007935,156914
99.10514831542969,156914
99.1067967414856,156914
99.10765027999878,156914
99.10850811004639,156914
99.10936880111694,156914
99.11022543907166,156914
99.11107873916626,156914
99.11272883415222,156914
99.11358451843262,156914
99.11445164680481,156914
99.11531209945679,156914
99.1161699295044,156914
99.11702585220337,156914
99.11867880821228,156914
99.11953926086426,156914
99.12039303779602,156914
99.12124991416931,156914
99.12211060523987,156914
99.12376165390015,156914
99.12462735176086,156914
99.12548995018005,156914
99.1263473033905,156914
99.12720274925232,156914
99.12805843353271,156914
99.12971138954163,156914
99.13056707382202,156914
99.131422996521,156914
99.13227915763855,156914
99.13314008712769,156914
99.13479924201965,156914
99.13565444946289,156914
99.13651752471924,156914
99.13738012313843,156914
99.13823342323303,156914
99.13909435272217,156914
99.14073944091797,156914
99.14159965515137,156914
99.14245581626892,156914
99.143315076828,156914
99.14418148994446,156914
99.14503788948059,156914
99.14668321609497,156914
99.1475419998169,156914
99.14839839935303,156914
99.14925599098206,156914
99.15011596679688,156914
99.15176224708557,156914
99.15262150764465,156914
99.15347599983215,156914
99.15434098243713,156914
99.15520119667053,156914
99.15605473518372,156914
99.15770626068115,156914
99.15856409072876,156914
99.15942192077637,156914
99.16028022766113,156914
99.16114234924316,156914
99.16279292106628,156914
99.163649559021,156914
99.1645176410675,156914
99.16537475585938,156914
99.16622996330261,156914
99.16708970069885,156914
99.16874194145203,156914
99.16960096359253,156914
99.17045617103577,156914
99.17130970954895,156914
99.17216515541077,156914
99.1730227470398,156914
99.1746814250946,156914
99.17553687095642,156914
99.17639017105103,156914
99.17724370956421,156914
99.17810249328613,156914
99.17975234985352,156914
99.18060851097107,156914
99.18146514892578,156914
99.1823148727417,156914
99.18317246437073,156914
99.18403792381287,156914
99.18568396568298,156914
99.18654251098633,156914
99.18739795684814,156914
99.18825316429138,156914
99.1891098022461,156914
99.19075798988342,156914
99.19161295890808,156914
99.1924684047699,156914
99.19332981109619,156914
99.19419288635254,156914
99.19505000114441,156914
99.19670557975769,156914
99.19756388664246,156914
99.19842481613159,156914
99.19928121566772,156914
99.20013856887817,156914
99.20178985595703,156914
99.20264530181885,156914
99.20349860191345,156914
99.20436882972717,156914
99.20522689819336,156914
99.20607948303223,156914
99.2077283859253,156914
99.20858335494995,156914
99.20944428443909,156914
99.21030569076538,156914
99.21115946769714,156914
99.21201252937317,156914
99.21366167068481,156914
99.2145266532898,156914
99.21538305282593,156914
99.21624159812927,156914
99.21710014343262,156914
99.21875143051147,156914
99.21960210800171,156914
99.22045922279358,156914
99.22131633758545,156914
99.22217082977295,156914
99.22302341461182,156914
99.22468614578247,156914
99.22554349899292,156914
99.22640371322632,156914
99.2272584438324,156914
99.22811770439148,156914
99.22977042198181,156914
99.23062467575073,156914
99.23148155212402,156914
99.23233985900879,156914
99.23319578170776,156914
99.23405742645264,156914
99.23570561408997,156914
99.23656439781189,156914
99.23742175102234,156914
99.23827886581421,156914
99.23913884162903,156914
99.24079060554504,156914
99.24164962768555,156914
99.2425057888031,156914
99.24336314201355,156914
99.24422907829285,156914
99.24508762359619,156914
99.24673461914062,156914
99.24759030342102,156914
99.24844765663147,156914
99.24930739402771,156914
99.25016570091248,156914
99.25101828575134,156914
99.25266933441162,156914
99.25352740287781,156914
99.25439500808716,156914
99.2552502155304,156914
99.25610876083374,156914
99.25775980949402,156914
99.25862073898315,156914
99.25947880744934,156914
99.26033425331116,156914
99.26118993759155,156914
99.26204705238342,156914
99.26369333267212,156914
99.26455950737,156914
99.2654173374176,156914
99.26627230644226,156914
99.26713109016418,156914
99.26878595352173,156914
99.26964235305786,156914
99.27050065994263,156914
99.27135729789734,156914
99.27221202850342,156914
99.27306604385376,156914
99.2747266292572,156914
99.27558302879333,156914
99.27644085884094,156914
99.27729630470276,156914
99.2781503200531,156914
99.27979850769043,156914
99.2806556224823,156914
99.28151178359985,156914
99.28237056732178,156914
99.28322839736938,156914
99.28409171104431,156914
99.28574514389038,156914
99.28660368919373,156914
99.28746151924133,156914
99.28831815719604,156914
99.2891731262207,156914
99.29002833366394,156914
99.29168033599854,156914
99.29253840446472,156914
99.2933931350708,156914
99.29426145553589,156914
99.29512119293213,156914
99.29677414894104,156914
99.2976324558258,156914
99.29848718643188,156914
99.29934310913086,156914
99.30020141601562,156914
99.30105423927307,156914
99.30270600318909,156914
99.3035614490509,156914
99.30443620681763,156914
99.30529642105103,156914
99.30615401268005,156914
99.30700778961182,156914
99.3086621761322,156914
99.30951881408691,156914
99.31037521362305,156914
99.31123232841492,156914
99.31208801269531,156914
99.31373596191406,156914
99.31460380554199,156914
99.31545877456665,156914
99.31631684303284,156914
99.31717276573181,156914
99.31802797317505,156914
99.3196816444397,156914
99.32053828239441,156914
99.32139468193054,156914
99.32224798202515,156914
99.32311272621155,156914
99.32477235794067,156914
99.32562804222107,156914
99.3264889717102,156914
99.32735276222229,156914
99.32821106910706,156914
99.32906723022461,156914
99.33071303367615,156914
99.33157134056091,156914
99.33243107795715,156914
99.33329153060913,156914
99.33415818214417,156914
99.33501029014587,156914
99.33666253089905,156914
99.33752083778381,156914
99.33837842941284,156914
99.33923411369324,156914
99.34009313583374,156914
99.34174466133118,156914
99.34260034561157,156914
99.34346032142639,156914
99.34432673454285,156914
99.34518694877625,156914
99.34604048728943,156914
99.34769082069397,156914
99.34855031967163,156914
99.3494062423706,156914
99.35026001930237,156914
99.3511233329773,156914
99.35277462005615,156914
99.35363268852234,156914
99.35449552536011,156914
99.35535097122192,156914
99.35620903968811,156914
99.35705924034119,156914
99.35870742797852,156914
99.35956740379333,156914
99.36042547225952,156914
99.3612790107727,156914
99.36213731765747,156914
99.3637924194336,156914
99.36465334892273,156914
99.36551141738892,156914
99.36636638641357,156914
99.36722445487976,156914
99.36807465553284,156914
99.3697259426117,156914
99.37058353424072,156914
99.37144112586975,156914
99.37229895591736,156914
99.37315726280212,156914
99.37402296066284,156914
99.37567520141602,156914
99.3765344619751,156914
99.3773934841156,156914
99.3782479763031,156914
99.37910652160645,156914
99.38075470924377,156914
99.38161373138428,156914
99.3824691772461,156914
99.38332486152649,156914
99.38419151306152,156914
99.38504981994629,156914
99.38670301437378,156914
99.38755989074707,156914
99.38841509819031,156914
99.38927245140076,156914
99.39013123512268,156914
99.39178228378296,156914
99.39263653755188,156914
99.39349126815796,156914
99.39435839653015,156914
99.3952145576477,156914
99.39606428146362,156914
99.39771485328674,156914
99.39857220649719,156914
99.39942860603333,156914
99.40028405189514,156914
99.40114259719849,156914
99.40279078483582,156914
99.40364408493042,156914
99.40451097488403,156914
99.40536546707153,156914
99.4062192440033,156914
99.40707230567932,156914
99.40872883796692,156914
99.40958404541016,156914
99.41044282913208,156914
99.41130256652832,156914
99.4121618270874,156914
99.41301417350769,156914
99.4146740436554,156914
99.41552805900574,156914
99.41639018058777,156914
99.41724920272827,156914
99.41810631752014,156914
99.41975903511047,156914
99.42061400413513,156914
99.42147374153137,156914
99.42233347892761,156914
99.42318844795227,156914
99.42405414581299,156914
99.42570161819458,156914
99.42655825614929,156914
99.42741703987122,156914
99.42827296257019,156914
99.42912888526917,156914
99.43078207969666,156914
99.43163871765137,156914
99.43249678611755,156914
99.43335700035095,156914
99.43422341346741,156914
99.4350790977478,156914
99.43672895431519,156914
99.43758511543274,156914
99.43843960762024,156914
99.43929505348206,156914
99.44015407562256,156914
99.44100904464722,156914
99.44266271591187,156914
99.44352006912231,156914
99.44439005851746,156914
99.4452428817749,156914
99.44610285758972,156914
99.44775605201721,156914
99.44861054420471,156914
99.44946837425232,156914
99.45032548904419,156914
99.45117712020874,156914
99.45203042030334,156914
99.45368432998657,156914
99.45454931259155,156914
99.45540690422058,156914
99.45626187324524,156914
99.45712113380432,156914
99.45877146720886,156914
99.45962500572205,156914
99.46048092842102,156914
99.4613401889801,156914
99.46220088005066,156914
99.46305465698242,156914
99.46471571922302,156914
99.46557092666626,156914
99.46642804145813,156914
99.4672839641571,156914
99.46814203262329,156914
99.46979808807373,156914
99.47065687179565,156914
99.47151041030884,156914
99.47237634658813,156914
99.47323250770569,156914
99.47410273551941,156914
99.47574710845947,156914
99.4765989780426,156914
99.47745704650879,156914
99.4783136844635,156914
99.47916960716248,156914
99.48002290725708,156914
99.48166799545288,156914
99.48252940177917,156914
99.48338747024536,156914
99.48424959182739,156914
99.48510766029358,156914
99.48676061630249,156914
99.48761796951294,156914
99.48847460746765,156914
99.48933029174805,156914
99.49018955230713,156914
99.491046667099,156914
99.49270176887512,156914
99.49355673789978,156914
99.49442434310913,156914
99.49528217315674,156914
99.49613952636719,156914
99.49778914451599,156914
99.49864459037781,156914
99.49950218200684,156914
99.50036120414734,156914
99.50122165679932,156914
99.50207614898682,156914
99.50372505187988,156914
99.50459218025208,156914
99.50544953346252,156914
99.50630497932434,156914
99.50715923309326,156914
99.50801086425781,156914
99.50966095924377,156914
99.51052212715149,156914
99.51138305664062,156914
99.51223492622375,156914
99.51309490203857,156914
99.51475596427917,156914
99.51561164855957,156914
99.51647114753723,156914
99.51732730865479,156914
99.51818370819092,156914
99.51904535293579,156914
99.52069067955017,156914
99.52154755592346,156914
99.52240657806396,156914
99.52326250076294,156914
99.5241334438324,156914
99.52578282356262,156914
99.52664113044739,156914
99.527498960495,156914
99.52835416793823,156914
99.52921509742737,156914
99.53007197380066,156914
99.53172039985657,156914
99.53257656097412,156914
99.53343224525452,156914
99.53429746627808,156914
99.53515362739563,156914
99.53600907325745,156914
99.5376615524292,156914
99.53851771354675,156914
99.53937482833862,156914
99.54022860527039,156914
99.54108619689941,156914
99.54273653030396,156914
99.54359579086304,156914
99.54446291923523,156914
99.54531741142273,156914
99.54617428779602,156914
99.54702973365784,156914
99.54867649078369,156914
99.54953193664551,156914
99.55039405822754,156914
99.55125260353088,156914
99.55211424827576,156914
99.55376696586609,156914
99.5546362400055,156914
99.55549454689026,156914
99.55634951591492,156914
99.55720734596252,156914
99.55806112289429,156914
99.55971002578735,156914
99.56056547164917,156914
99.56142401695251,156914
99.56227803230286,156914
99.56313490867615,156914
99.56479406356812,156914
99.56565165519714,156914
99.56651091575623,156914
99.56737017631531,156914
99.5682270526886,156914
99.56908202171326,156914
99.57073497772217,156914
99.57159781455994,156914
99.5724606513977,156914
99.57331919670105,156914
99.57418584823608,156914
99.57504105567932,156914
99.57668733596802,156914
99.57754039764404,156914
99.57839345932007,156914
99.57925033569336,156914
99.58011174201965,156914
99.58175921440125,156914
99.58261394500732,156914
99.58346748352051,156914
99.58433651924133,156914
99.58519434928894,156914
99.5860481262207,156914
99.5876977443695,156914
99.58855867385864,156914
99.58941411972046,156914
99.59027171134949,156914
99.59113001823425,156914
99.59278154373169,156914
99.5936381816864,156914
99.5945074558258,156914
99.59536457061768,156914
99.59622168540955,156914
99.59707713127136,156914
99.59872889518738,156914
99.59958600997925,156914
99.60044288635254,156914
99.60130190849304,156914
99.6021580696106,156914
99.60301327705383,156914
99.60467600822449,156914
99.60553359985352,156914
99.60638999938965,156914
99.6072449684143,156914
99.60810661315918,156914
99.60976028442383,156914
99.61061954498291,156914
99.61147999763489,156914
99.61233925819397,156914
99.61319518089294,156914
99.61405920982361,156914
99.61570930480957,156914
99.61656355857849,156914
99.6174201965332,156914
99.61827373504639,156914
99.61913514137268,156914
99.62078595161438,156914
99.62164568901062,156914
99.62250137329102,156914
99.62335681915283,156914
99.62422299385071,156914
99.62507820129395,156914
99.62672781944275,156914
99.62758469581604,156914
99.6284396648407,156914
99.62929558753967,156914
99.63015127182007,156914
99.63100814819336,156914
99.63266181945801,156914
99.63351917266846,156914
99.63438630104065,156914
99.63524627685547,156914
99.63610672950745,156914
99.63776135444641,156914
99.63861799240112,156914
99.63947653770447,156914
99.64034414291382,156914
99.64120650291443,156914
99.64206337928772,156914
99.64370846748352,156914
99.64457321166992,156914
99.64543390274048,156914
99.64629340171814,156914
99.64714980125427,156914
99.64880228042603,156914
99.64965844154358,156914
99.65051507949829,156914
99.65137505531311,156914
99.65223479270935,156914
99.6530921459198,156914
99.65475177764893,156914
99.65561008453369,156914
99.65646624565125,156914
99.65732479095459,156914
99.65818524360657,156914
99.6590359210968,156914
99.66068315505981,156914
99.66153860092163,156914
99.66239428520203,156914
99.66324758529663,156914
99.66411471366882,156914
99.66576671600342,156914
99.66662168502808,156914
99.66747832298279,156914
99.66833591461182,156914
99.66919493675232,156914
99.67004632949829,156914
99.67169857025146,156914
99.67255306243896,156914
99.67341184616089,156914
99.67427563667297,156914
99.67513346672058,156914
99.67678356170654,156914
99.6776385307312,156914
99.67849683761597,156914
99.67935681343079,156914
99.68021392822266,156914
99.68106985092163,156914
99.68271923065186,156914
99.68357872962952,156914
99.68444585800171,156914
99.68529963493347,156914
99.68615579605103,156914
99.6870105266571,156914
99.6886568069458,156914
99.68951272964478,156914
99.69036746025085,156914
99.69122505187988,156914
99.69208240509033,156914
99.69372868537903,156914
99.69459581375122,156914
99.69545459747314,156914
99.69630026817322,156914
99.69718933105469,156914
99.69807553291321,156914
99.6997561454773,156914
99.70064377784729,156914
99.70152831077576,156914
99.70241403579712,156914
99.70330047607422,156914
99.70419526100159,156914
99.70508551597595,156914
99.70676445960999,156914
99.70765399932861,156914
99.70854330062866,156914
99.70943212509155,156914
99.7103202342987,156914
99.7112066745758,156914
99.71209502220154,156914
99.71377754211426,156914
99.714674949646,156914
99.71556401252747,156914
99.71645212173462,156914
99.71733856201172,156914
99.7182264328003,156914
99.71911287307739,156914
99.72079467773438,156914
99.72168135643005,156914
99.72257041931152,156914
99.7234570980072,156914
99.72435331344604,156914
99.72523951530457,156914
99.72612595558167,156914
99.72781205177307,156914
99.72869944572449,156914
99.72958564758301,156914
99.73047351837158,156914
99.73136186599731,156914
99.7322473526001,156914
99.73313426971436,156914
99.73482298851013,156914
99.7357120513916,156914
99.73659920692444,156914
99.73748755455017,156914
99.73837327957153,156914
99.73926210403442,156914
99.74014639854431,156914
99.74100708961487,156914
99.74268746376038,156914
99.74357509613037,156914
99.74447417259216,156914
99.74536204338074,156914
99.74624800682068,156914
99.74713611602783,156914
99.7488214969635,156914
99.74970817565918,156914
99.7505943775177,156914
99.75148153305054,156914
99.75236988067627,156914
99.75325727462769,156914
99.75415134429932,156914
99.75500845909119,156914
99.75668931007385,156914
99.75757908821106,156914
99.75846719741821,156914
99.75935387611389,156914
99.76024174690247,156914
99.76112771034241,156914
99.76281213760376,156914
99.76370000839233,156914
99.76459789276123,156914
99.76548743247986,156914
99.76637268066406,156914
99.76726007461548,156914
99.76814913749695,156914
99.76900696754456,156914
99.77069091796875,156914
99.77157855033875,156914
99.77246809005737,156914
99.77335548400879,156914
99.77424812316895,156914
99.77513480186462,156914
99.77681517601013,156914
99.77770042419434,156914
99.7785849571228,156914
99.77947235107422,156914
99.780357837677,156914
99.78124690055847,156914
99.78213310241699,156914
99.78381562232971,156914
99.78471231460571,156914
99.7855978012085,156914
99.78648376464844,156914
99.78737115859985,156914
99.7882559299469,156914
99.78914260864258,156914
99.7908239364624,156914
99.79171180725098,156914
99.7925968170166,156914
99.79348421096802,156914
99.79438185691833,156914
99.79526734352112,156914
99.79615187644958,156914
99.79701018333435,156914
99.79869437217712,156914
99.79958391189575,156914
99.80047130584717,156914
99.80135822296143,156914
99.80224776268005,156914
99.80313158035278,156914
99.80482411384583,156914
99.80570912361145,156914
99.8065938949585,156914
99.80748081207275,156914
99.8083724975586,156914
99.80925798416138,156914
99.81014466285706,156914
99.81182289123535,156914
99.81271004676819,156914
99.81359672546387,156914
99.81449604034424,156914
99.81538510322571,156914
99.81627178192139,156914
99.81715893745422,156914
99.81801652908325,156914
99.81969618797302,156914
99.82058382034302,156914
99.82147240638733,156914
99.82236075401306,156914
99.82324695587158,156914
99.82414150238037,156914
99.82582211494446,156914
99.8267080783844,156914
99.82759523391724,156914
99.82848262786865,156914
99.82936835289001,156914
99.83025479316711,156914
99.83114218711853,156914
99.83282208442688,156914
99.83370852470398,156914
99.8346037864685,156914
99.83549308776855,156914
99.8363823890686,156914
99.83726716041565,156914
99.83815884590149,156914
99.83902072906494,156914
99.84069633483887,156914
99.84158515930176,156914
99.84247088432312,156914
99.84335923194885,156914
99.84425401687622,156914
99.84513974189758,156914
99.84682655334473,156914
99.84771466255188,156914
99.84860157966614,156914
99.8494884967804,156914
99.85037279129028,156914
99.8512601852417,156914
99.85214710235596,156914
99.85382604598999,156914
99.85437560081482,156914
99.8552942276001,156914
99.8562126159668,156914
99.85713219642639,156914
99.85804748535156,156914
99.85940146446228,156914
99.86032032966614,156914
99.86123943328857,156914
99.8621597290039,156914
99.86307859420776,156914
99.86400961875916,156914
99.86536598205566,156914
99.86628222465515,156914
99.86720180511475,156914
99.86812114715576,156914
99.86903619766235,156914
99.87039184570312,156914
99.87131309509277,156914
99.8722288608551,156914
99.8731460571289,156914
99.87407040596008,156914
99.87543201446533,156914
99.8763473033905,156914
99.87726354598999,156914
99.87818670272827,156914
99.8791024684906,156914
99.88001847267151,156914
99.88137102127075,156914
99.88229084014893,156914
99.88320994377136,156914
99.88414025306702,156914
99.88505864143372,156914
99.8864164352417,156914
99.88733696937561,156914
99.88825464248657,156914
99.88917446136475,156914
99.89008903503418,156914
99.89100575447083,156914
99.89235854148865,156914
99.89327788352966,156914
99.89420676231384,156914
99.89512395858765,156914
99.89604163169861,156914
99.89739179611206,156914
99.89831042289734,156914
99.89922738075256,156914
99.9001452922821,156914
99.90106105804443,156914
99.90242004394531,156914
99.90333724021912,156914
99.90427494049072,156914
99.90519189834595,156914
99.90610885620117,156914
99.90702223777771,156914
99.90838265419006,156914
99.90930008888245,156914
99.91021609306335,156914
99.91113424301147,156914
99.91205167770386,156914
99.91340517997742,156914
99.91433358192444,156914
99.91525673866272,156914
99.91617488861084,156914
99.91708946228027,156914
99.91800808906555,156914
99.91935849189758,156914
99.92027449607849,156914
99.92119216918945,156914
99.92211127281189,156914
99.92302751541138,156914
99.92439246177673,156914
99.92531180381775,156914
99.92623209953308,156914
99.92715287208557,156914
99.928067445755,156914
99.92942380905151,156914
99.93033981323242,156914
99.93126201629639,156914
99.93217825889587,156914
99.93309831619263,156914
99.93402552604675,156914
99.93538022041321,156914
99.93629455566406,156914
99.93721389770508,156914
99.9381332397461,156914
99.93904900550842,156914
99.9404034614563,156914
99.94132542610168,156914
99.94224381446838,156914
99.94315934181213,156914
99.94408416748047,156914
99.94543766975403,156914
99.94635367393494,156914
99.94727182388306,156914
99.9481930732727,156914
99.94911193847656,156914
99.95002341270447,156914
99.95138001441956,156914
99.95229411125183,156914
99.9532117843628,156914
99.95414018630981,156914
99.95505690574646,156914
99.95641088485718,156914
99.95732641220093,156914
99.95824480056763,156914
99.9591646194458,156914
99.96008372306824,156914
99.96144199371338,156914
99.96235585212708,156914
99.9632773399353,156914
99.9642059803009,156914
99.96512222290039,156914
99.96603560447693,156914
99.96738886833191,156914
99.96830487251282,156914
99.96921896934509,156914
99.97013449668884,156914
99.97104859352112,156914
99.97239995002747,156914
99.9733145236969,156914
99.97424387931824,156914
99.97516226768494,156914
99.97608256340027,156914
99.97743248939514,156914
99.97834801673889,156914
99.9792640209198,156914
99.98017907142639,156914
99.98109483718872,156914
99.98200631141663,156914
99.98336100578308,156914
99.98428320884705,156914
99.98519968986511,156914
99.98611116409302,156914
99.98702239990234,156914
99.98837304115295,156914
99.98928880691528,156914
99.99020457267761,156914
99.99111890792847,156914
99.99203443527222,156914
99.99338269233704,156914
99.99430465698242,156914
99.9952187538147,156914
99.99613404273987,156914
99.99704337120056,156914
99.99839520454407,156914
99.99930262565613,156914
100.00021934509277,156914
100.00025653839111,156914
